strategy,metric,sample_index,mission_minutes,rmse
transect,wind,1,0.0,1.720421173780938
transect,wind,2,0.08333333333337123,1.6950341611367068
transect,wind,3,0.16666666666662877,1.6899613544864431
transect,wind,4,0.25,1.6878443033508916
transect,wind,5,0.33333333333337123,1.6889617878091754
transect,wind,6,0.41666666666662877,1.690907142883741
transect,wind,7,0.5,1.6900561793328754
transect,wind,8,0.5833333333333712,1.6920002945315784
transect,wind,9,0.6666666666666288,1.6966399883831857
transect,wind,10,0.75,1.6974429457008824
transect,wind,11,0.8333333333333712,1.6968465673369284
transect,wind,12,0.9166666666666288,1.7019761958465394
transect,wind,13,1.0,1.6985008448376178
transect,wind,14,1.0833333333333712,1.6953914942783126
transect,wind,15,1.1666666666666288,1.702434233151241
transect,wind,16,1.25,1.7037536659393766
transect,wind,17,1.3333333333333712,1.703895877005026
transect,wind,18,1.4166666666666288,1.6943107994785178
transect,wind,19,1.5,1.6900461831560267
transect,wind,20,1.5833333333333712,1.6963839786652781
transect,wind,21,1.6666666666666288,1.7038232994076012
transect,wind,22,1.75,1.7037806863561162
transect,wind,23,1.8333333333333712,1.7009973439859516
transect,wind,24,1.9166666666666288,1.6863038402468067
transect,wind,25,2.0,1.683429018373072
transect,wind,26,2.0833333333333712,1.6869468615994117
transect,wind,27,2.1666666666666288,1.6886659936554826
transect,wind,28,2.25,1.685201851018382
transect,wind,29,2.3333333333333712,1.6831029091177456
transect,wind,30,2.4166666666666288,1.683155248813849
transect,wind,31,2.5,1.6890932080453682
transect,wind,32,2.5833333333333712,1.685624303252466
transect,wind,33,2.6666666666666288,1.686499364504383
transect,wind,34,2.75,1.6880348312217501
transect,wind,35,2.8333333333333712,1.687512794406178
transect,wind,36,2.9166666666666288,1.6822874916387156
transect,wind,37,3.0,1.6874979374198238
transect,wind,38,3.0833333333333712,1.7018863522435126
transect,wind,39,3.1666666666666288,1.6908686827710628
transect,wind,40,3.25,1.692457133564913
transect,wind,41,3.3333333333333712,1.6856030259846104
transect,wind,42,3.4166666666666288,1.6748102372475846
transect,wind,43,3.5,1.6763362382975233
transect,wind,44,3.5833333333333712,1.660359777226467
transect,wind,45,3.6666666666666288,1.6689482746036948
transect,wind,46,3.75,1.670398440806863
transect,wind,47,3.8333333333333712,1.6739309762669545
transect,wind,48,3.9166666666666288,1.6672230588187085
transect,wind,49,4.0,1.6736625698793126
transect,wind,50,4.083333333333371,1.6647406647672165
transect,wind,51,4.166666666666629,1.6604430223943871
transect,wind,52,4.25,1.6509266362674986
transect,wind,53,4.333333333333371,1.6471825980872108
transect,wind,54,4.416666666666629,1.652985947490592
transect,wind,55,4.5,1.6546457525268703
transect,wind,56,4.583333333333371,1.650324064460205
transect,wind,57,4.666666666666629,1.6565478239132125
transect,wind,58,4.75,1.6455238211453758
transect,wind,59,4.833333333333371,1.6440917429664874
transect,wind,60,4.916666666666629,1.6350469031306947
transect,wind,61,5.0,1.6299277182495393
transect,wind,62,5.083333333333371,1.6258745518156605
transect,wind,63,5.166666666666629,1.6220093002420544
transect,wind,64,5.25,1.6251198393378625
transect,wind,65,5.333333333333371,1.6217723708868084
transect,wind,66,5.416666666666629,1.628735273028141
transect,wind,67,5.5,1.6270354102229385
transect,wind,68,5.583333333333371,1.6206769043992786
transect,wind,69,5.666666666666629,1.6219463324808696
transect,wind,70,5.75,1.6268607387070706
transect,wind,71,5.833333333333371,1.620929042376911
transect,wind,72,5.916666666666629,1.6158640636574249
transect,wind,73,6.0,1.6119305131784905
transect,wind,74,6.083333333333371,1.6108807916373917
transect,wind,75,6.166666666666629,1.611929953040819
transect,wind,76,6.25,1.6132952364807316
transect,wind,77,6.333333333333371,1.6143020431068758
transect,wind,78,6.416666666666629,1.6157271731754488
transect,wind,79,6.5,1.6148335490146908
transect,wind,80,6.583333333333371,1.6127426697527738
transect,wind,81,6.666666666666629,1.611750621144458
transect,wind,82,6.75,1.6108994288182115
transect,wind,83,6.833333333333371,1.6111271268264982
transect,wind,84,6.916666666666629,1.6124029923221492
transect,wind,85,7.0,1.611348760539429
transect,wind,86,7.083333333333371,1.6088451093485785
transect,wind,87,7.166666666666629,1.6091260075595557
transect,wind,88,7.25,1.6090658545060084
transect,wind,89,7.333333333333371,1.6080722244224037
transect,wind,90,7.416666666666629,1.6086196908451826
transect,wind,91,7.5,1.608339672951582
transect,wind,92,7.583333333333371,1.6077619903184732
transect,wind,93,7.666666666666629,1.6079563787203754
transect,wind,94,7.75,1.6087599613641541
transect,wind,95,7.833333333333371,1.6128988812849818
transect,wind,96,7.916666666666629,1.6121750046529695
transect,wind,97,8.0,1.6102804309503689
transect,wind,98,8.083333333333371,1.6087678777437762
transect,wind,99,8.166666666666629,1.6103404028009793
transect,wind,100,8.25,1.6118918630984944
transect,wind,101,8.333333333333371,1.6122718213073899
transect,wind,102,8.416666666666629,1.609501059160754
transect,wind,103,8.5,1.6087259397533482
transect,wind,104,8.583333333333371,1.6079042566007438
transect,wind,105,8.666666666666629,1.608537297747956
transect,wind,106,8.75,1.6082172333403628
transect,wind,107,8.833333333333371,1.6079946062155066
transect,wind,108,8.916666666666629,1.6079019478511278
transect,wind,109,9.0,1.6080975937808546
transect,wind,110,9.083333333333371,1.608132580171269
transect,wind,111,9.166666666666629,1.607779707175158
transect,wind,112,9.25,1.6075365294131083
transect,wind,113,9.333333333333371,1.608391756085613
transect,wind,114,9.416666666666629,1.608121336800764
transect,wind,115,9.5,1.6076371936655354
transect,wind,116,9.583333333333371,1.6074550285594302
transect,wind,117,9.666666666666629,1.607373803333687
transect,wind,118,9.75,1.6073507103751978
transect,wind,119,9.833333333333371,1.6067998618965667
transect,wind,120,9.916666666666629,1.606445706295388
transect,wind,121,10.0,1.6069331720630893
transect,wind,122,10.083333333333371,1.6079716780059563
transect,wind,123,10.166666666666629,1.6093838331501689
transect,wind,124,10.25,1.608504001874059
transect,wind,125,10.333333333333371,1.6121685383491273
transect,wind,126,10.416666666666629,1.6065424547677254
transect,wind,127,10.5,1.6048332796262121
transect,wind,128,10.583333333333371,1.6059020783325646
transect,wind,129,10.666666666666629,1.6064130087886772
transect,wind,130,10.75,1.6030967706757548
transect,wind,131,10.833333333333371,1.6002831852317527
transect,wind,132,10.916666666666629,1.6013192112107666
transect,wind,133,11.0,1.5995232607541243
transect,wind,134,11.083333333333371,1.5974218614641622
transect,wind,135,11.166666666666629,1.5971105606723135
transect,wind,136,11.25,1.596343847701386
transect,wind,137,11.333333333333371,1.595408818848948
transect,wind,138,11.416666666666629,1.5948470389355942
transect,wind,139,11.5,1.5946313845996196
transect,wind,140,11.583333333333371,1.5944012662749345
transect,wind,141,11.666666666666629,1.5942042325276948
transect,wind,142,11.75,1.5942729564394351
transect,wind,143,11.833333333333371,1.5939292870298305
transect,wind,144,11.916666666666629,1.593728559687836
transect,wind,145,12.0,1.5940965061726629
transect,wind,146,12.083333333333371,1.592391247585275
transect,wind,147,12.166666666666629,1.5923452561149516
transect,wind,148,12.25,1.59184766227872
transect,wind,149,12.333333333333371,1.591752978747051
transect,wind,150,12.416666666666629,1.5917998358047638
transect,wind,151,12.5,1.5920016263261154
transect,wind,152,12.583333333333371,1.589967261104339
transect,wind,153,12.666666666666629,1.5893401443625534
transect,wind,154,12.75,1.5890462219398198
transect,wind,155,12.833333333333371,1.5888796065369244
transect,wind,156,12.916666666666629,1.5884494752824918
transect,wind,157,13.0,1.5881888493721257
transect,wind,158,13.083333333333371,1.5876209890600521
transect,wind,159,13.166666666666629,1.5884603039122283
transect,wind,160,13.25,1.5922780829335834
transect,wind,161,13.333333333333371,1.5904761538928358
transect,wind,162,13.416666666666629,1.591097099097885
transect,wind,163,13.5,1.5910801759730437
transect,wind,164,13.583333333333371,1.5900747345892459
transect,wind,165,13.666666666666629,1.5972948156897402
transect,wind,166,13.75,1.5952420976582833
transect,wind,167,13.833333333333371,1.5927308060664251
transect,wind,168,13.916666666666629,1.5906254568708942
transect,wind,169,14.0,1.587367552238151
transect,wind,170,14.083333333333371,1.5872644185423932
transect,wind,171,14.166666666666629,1.594712407637513
transect,wind,172,14.25,1.5920653573969343
transect,wind,173,14.333333333333371,1.5968463521938203
transect,wind,174,14.416666666666629,1.5964026350487381
transect,wind,175,14.5,1.5909431952001472
transect,wind,176,14.583333333333371,1.5914184956686206
transect,wind,177,14.666666666666629,1.590671757326015
transect,wind,178,14.75,1.5891434544062746
transect,wind,179,14.833333333333371,1.586558916162751
transect,wind,180,14.916666666666629,1.588834137376517
transect,wind,181,15.0,1.5895086039034247
transect,wind,182,15.083333333333371,1.5906264959360619
transect,wind,183,15.166666666666629,1.5888723521201227
transect,wind,184,15.25,1.5921214472551977
transect,wind,185,15.333333333333371,1.5889424631801732
transect,wind,186,15.416666666666629,1.594985477145428
transect,wind,187,15.5,1.5879182582450946
transect,wind,188,15.583333333333371,1.5769585020302934
transect,wind,189,15.666666666666629,1.579806079488255
transect,wind,190,15.75,1.576704652459476
transect,wind,191,15.833333333333371,1.5604673208246487
transect,wind,192,15.916666666666629,1.5625979657606455
transect,wind,193,16.0,1.5535625297526923
transect,wind,194,16.08333333333337,1.552140919755642
transect,wind,195,16.16666666666663,1.5456016886921675
transect,wind,196,16.25,1.5407127320898333
transect,wind,197,16.33333333333337,1.5345226304594115
transect,wind,198,16.41666666666663,1.5310922082944245
transect,wind,199,16.5,1.5283245326486632
transect,wind,200,16.58333333333337,1.52844142243555
transect,wind,201,16.66666666666663,1.5284303054625132
transect,wind,202,16.75,1.5302931302033929
transect,wind,203,16.83333333333337,1.5316120644072124
transect,wind,204,16.91666666666663,1.5325660763321993
transect,wind,205,17.0,1.5371676107520196
transect,wind,206,17.08333333333337,1.5444129551940824
transect,wind,207,17.16666666666663,1.5469871867522997
transect,wind,208,17.25,1.562853917035661
transect,wind,209,17.33333333333337,1.575141772888599
transect,wind,210,17.41666666666663,1.586864620660177
transect,wind,211,17.5,1.6095528682694937
transect,wind,212,17.58333333333337,1.625876769816517
transect,wind,213,17.66666666666663,1.6281186145731321
transect,wind,214,17.75,1.6452770244754418
transect,wind,215,17.83333333333337,1.658899463676075
transect,wind,216,17.91666666666663,1.681870481017643
transect,wind,217,18.0,1.7097611858843278
transect,wind,218,18.08333333333337,1.7066909261645073
transect,wind,219,18.16666666666663,1.713269168160191
transect,wind,220,18.25,1.731777679953536
transect,wind,221,18.33333333333337,1.7422462112780563
transect,wind,222,18.41666666666663,1.7371857797257102
transect,wind,223,18.5,1.757341536051147
transect,wind,224,18.58333333333337,1.793085381771172
transect,wind,225,18.66666666666663,1.8119200845530599
transect,wind,226,18.75,1.7557134485357153
transect,wind,227,18.83333333333337,1.7573017549862713
transect,wind,228,18.91666666666663,1.7670018740400104
transect,wind,229,19.0,1.7855203370559725
transect,wind,230,19.08333333333337,1.7380439390977882
transect,wind,231,19.16666666666663,1.7195901953734374
transect,wind,232,19.25,1.7146847043181634
transect,wind,233,19.33333333333337,1.7322692941024425
transect,wind,234,19.41666666666663,1.695576400998324
transect,wind,235,19.5,1.6952705549711176
transect,wind,236,19.58333333333337,1.6810088573651985
transect,wind,237,19.66666666666663,1.6588613492286528
transect,wind,238,19.75,1.6552497165153777
transect,wind,239,19.83333333333337,1.646768884679832
transect,wind,240,19.91666666666663,1.626813923447344
transect,wind,241,20.0,1.623609294661943
transect,wind,242,20.08333333333337,1.5770802890889133
transect,wind,243,20.16666666666663,1.588892311512711
transect,wind,244,20.25,1.5885578462528824
transect,wind,245,20.33333333333337,1.5908353290752193
transect,wind,246,20.41666666666663,1.6024197053542415
transect,wind,247,20.5,1.5543149493340855
transect,wind,248,20.58333333333337,1.536343694274896
transect,wind,249,20.66666666666663,1.5310109409223283
transect,wind,250,20.75,1.5259983533246595
transect,wind,251,20.83333333333337,1.5198328336572036
transect,wind,252,20.91666666666663,1.5140887843022925
transect,wind,253,21.0,1.5117260888631405
transect,wind,254,21.08333333333337,1.5161687377583697
transect,wind,255,21.16666666666663,1.5083166648154864
transect,wind,256,21.25,1.5082927767399095
transect,wind,257,21.33333333333337,1.5040912115279952
transect,wind,258,21.41666666666663,1.5069769204127381
transect,wind,259,21.5,1.5056059257613263
transect,wind,260,21.58333333333337,1.5039194937355287
transect,wind,261,21.66666666666663,1.5056199100809808
transect,wind,262,21.75,1.505881394708653
transect,wind,263,21.83333333333337,1.505132795775443
transect,wind,264,21.91666666666663,1.5068032901523605
transect,wind,265,22.0,1.5059287627952342
transect,wind,266,22.08333333333337,1.5063661928291578
transect,wind,267,22.16666666666663,1.5075538553642314
transect,wind,268,22.25,1.5065741720391133
transect,wind,269,22.33333333333337,1.5069230991916047
transect,wind,270,22.41666666666663,1.5069149681867104
transect,wind,271,22.5,1.5071732086775993
transect,wind,272,22.58333333333337,1.507458563291172
transect,wind,273,22.66666666666663,1.507752588481304
transect,wind,274,22.75,1.508233102103219
transect,wind,275,22.83333333333337,1.5113263767511518
transect,wind,276,22.91666666666663,1.5095686144380314
transect,wind,277,23.0,1.50911398499788
transect,wind,278,23.08333333333337,1.5085490531715484
transect,wind,279,23.16666666666663,1.5106748619429209
transect,wind,280,23.25,1.5129414180421914
transect,wind,281,23.33333333333337,1.5120120170896634
transect,wind,282,23.41666666666663,1.5162451427058297
transect,wind,283,23.5,1.5232710038796247
transect,wind,284,23.58333333333337,1.513869853273763
transect,wind,285,23.66666666666663,1.5136436296990112
transect,wind,286,23.75,1.513851501710659
transect,wind,287,23.83333333333337,1.5153594144668099
transect,wind,288,23.91666666666663,1.5146466232445097
transect,wind,289,24.0,1.5099858664420318
transect,wind,290,24.08333333333337,1.5108098124740024
transect,wind,291,24.16666666666663,1.5062264897463395
transect,wind,292,24.25,1.509203534343528
transect,wind,293,24.33333333333337,1.5121918745332417
transect,wind,294,24.41666666666663,1.5090100005662672
transect,wind,295,24.5,1.5092926115635392
transect,wind,296,24.58333333333337,1.5045738323309172
transect,wind,297,24.66666666666663,1.5016883471324847
transect,wind,298,24.75,1.5026490689280994
transect,wind,299,24.83333333333337,1.5068054418369983
transect,wind,300,24.91666666666663,1.5019779398679511
transect,wind,301,25.0,1.4960074116094642
transect,wind,302,25.08333333333337,1.49691161083471
transect,wind,303,25.16666666666663,1.4938791916902852
transect,wind,304,25.25,1.5039128840141216
transect,wind,305,25.33333333333337,1.5005141795687902
transect,wind,306,25.41666666666663,1.4995947243408798
transect,wind,307,25.5,1.5056631045472704
transect,wind,308,25.58333333333337,1.5043429111387772
transect,wind,309,25.66666666666663,1.4964038578488763
transect,wind,310,25.75,1.4940962220068703
transect,wind,311,25.83333333333337,1.4916340635903558
transect,wind,312,25.91666666666663,1.4981033636096983
transect,wind,313,26.0,1.5148651781934221
transect,wind,314,26.08333333333337,1.5195228080450782
transect,wind,315,26.16666666666663,1.5096464275359485
transect,wind,316,26.25,1.5161701401555072
transect,wind,317,26.33333333333337,1.5175170230450141
transect,wind,318,26.41666666666663,1.5085718856732597
transect,wind,319,26.5,1.5230122749127901
transect,wind,320,26.58333333333337,1.5303040374440933
transect,wind,321,26.66666666666663,1.5286089560207672
transect,wind,322,26.75,1.5373434312815715
transect,wind,323,26.83333333333337,1.5387491941293963
transect,wind,324,26.91666666666663,1.531940809268103
transect,wind,325,27.0,1.5320802835902758
transect,wind,326,27.08333333333337,1.5247748835562163
transect,wind,327,27.16666666666663,1.5241836014824042
transect,wind,328,27.25,1.5471035325046572
transect,wind,329,27.33333333333337,1.5442542722120978
transect,wind,330,27.41666666666663,1.54062641062575
transect,wind,331,27.5,1.5362992963742772
transect,wind,332,27.58333333333337,1.5587934273278654
transect,wind,333,27.66666666666663,1.5616387804215472
transect,wind,334,27.75,1.5565167083889204
transect,wind,335,27.83333333333337,1.5325227575177158
transect,wind,336,27.91666666666663,1.5379093506333412
transect,wind,337,28.0,1.5255693489148254
transect,wind,338,28.08333333333337,1.5034427721664154
transect,wind,339,28.16666666666663,1.5105487813337712
transect,wind,340,28.25,1.4938051275409667
transect,wind,341,28.33333333333337,1.4755323268379525
transect,wind,342,28.41666666666663,1.4840210055581828
transect,wind,343,28.5,1.4688092753190298
transect,wind,344,28.58333333333337,1.462726533680502
transect,wind,345,28.66666666666663,1.462498152554922
transect,wind,346,28.75,1.467968793746042
transect,wind,347,28.83333333333337,1.456476449145558
transect,wind,348,28.91666666666663,1.4586521657758447
transect,wind,349,29.0,1.4644154784338932
transect,wind,350,29.08333333333337,1.455809677402872
transect,wind,351,29.16666666666663,1.44242385470276
transect,wind,352,29.25,1.455869008352525
transect,wind,353,29.33333333333337,1.4501468216390738
transect,wind,354,29.41666666666663,1.4359660680702833
transect,wind,355,29.5,1.433773471472851
transect,wind,356,29.58333333333337,1.4337908377293365
transect,wind,357,29.66666666666663,1.4246882285600213
transect,wind,358,29.75,1.42529460145662
transect,wind,359,29.83333333333337,1.4274500905792125
transect,wind,360,29.91666666666663,1.4247460488041381
transect,wind,361,30.0,1.4184738573952806
transect,wind,362,30.08333333333337,1.4215629882862695
transect,wind,363,30.16666666666663,1.425998052258103
transect,wind,364,30.25,1.4221010147519497
transect,wind,365,30.33333333333337,1.4221810608006245
transect,wind,366,30.41666666666663,1.4194624116220635
transect,wind,367,30.5,1.4231745779990779
transect,wind,368,30.58333333333337,1.4185480947874358
transect,wind,369,30.66666666666663,1.4165783073234717
transect,wind,370,30.75,1.4203913417872422
transect,wind,371,30.83333333333337,1.4145207947462815
transect,wind,372,30.91666666666663,1.4120465108207225
transect,wind,373,31.0,1.4101633183236282
transect,wind,374,31.08333333333337,1.4093976387638185
transect,wind,375,31.16666666666663,1.4095944546942127
transect,wind,376,31.25,1.4101438823970303
transect,wind,377,31.33333333333337,1.4125623623649368
transect,wind,378,31.41666666666663,1.4123168695461554
transect,wind,379,31.5,1.4106315083876098
transect,wind,380,31.58333333333337,1.4109825367712572
transect,wind,381,31.66666666666663,1.4114811373530751
transect,wind,382,31.75,1.41105783065368
transect,wind,383,31.83333333333337,1.411461440049689
transect,wind,384,31.91666666666663,1.4128118613114684
transect,wind,385,32.0,1.4125042466036621
transect,wind,386,32.08333333333337,1.412409013524726
transect,wind,387,32.16666666666663,1.4134228814287308
transect,wind,388,32.25,1.4171264187990957
transect,wind,389,32.33333333333337,1.419260270526624
transect,wind,390,32.41666666666663,1.4182332501884891
transect,wind,391,32.5,1.4115201559207242
transect,wind,392,32.58333333333337,1.4138289570416955
transect,wind,393,32.66666666666663,1.41381294714488
transect,wind,394,32.75,1.4139640280748966
transect,wind,395,32.83333333333337,1.42201843270563
transect,wind,396,32.91666666666663,1.4249262769140048
transect,wind,397,33.0,1.4217004077143562
transect,wind,398,33.08333333333337,1.4249931587973284
transect,wind,399,33.16666666666663,1.423741619983669
transect,wind,400,33.25,1.432797612056224
transect,wind,401,33.33333333333337,1.4272561328526017
transect,wind,402,33.41666666666663,1.4371085170634221
transect,wind,403,33.5,1.442516522737821
transect,wind,404,33.58333333333337,1.449792473882116
transect,wind,405,33.66666666666663,1.44660117740425
transect,wind,406,33.75,1.4560732438187207
transect,wind,407,33.83333333333337,1.4588043910238155
transect,wind,408,33.91666666666663,1.4528669178271596
transect,wind,409,34.0,1.453073502800976
transect,wind,410,34.08333333333337,1.462959004206226
transect,wind,411,34.16666666666663,1.4645303275836326
transect,wind,412,34.25,1.4592172620720378
transect,wind,413,34.33333333333337,1.4772086152789874
transect,wind,414,34.41666666666663,1.4678086127748202
transect,wind,415,34.5,1.4777809798877828
transect,wind,416,34.58333333333337,1.477728524456279
transect,wind,417,34.66666666666663,1.4718536358593575
transect,wind,418,34.75,1.4798578619847633
transect,wind,419,34.83333333333337,1.4869820766194355
transect,wind,420,34.91666666666663,1.4881229280773396
transect,wind,421,35.0,1.4751834367315266
transect,wind,422,35.08333333333337,1.4762126373072904
transect,wind,423,35.16666666666663,1.4767312528978616
transect,wind,424,35.25,1.4852183374383003
transect,wind,425,35.33333333333337,1.4726259091233658
transect,wind,426,35.41666666666663,1.47037751438002
transect,wind,427,35.5,1.477707352434366
transect,wind,428,35.58333333333337,1.4967407179662935
transect,wind,429,35.66666666666663,1.5035769383930533
transect,wind,430,35.75,1.519814900504991
transect,wind,431,35.83333333333337,1.5037281511128646
transect,wind,432,35.91666666666663,1.4992117592140113
transect,wind,433,36.0,1.5136756290271765
transect,wind,434,36.08333333333337,1.4913883091445463
transect,wind,435,36.16666666666663,1.5035761823082847
transect,wind,436,36.25,1.5094750584304024
transect,wind,437,36.33333333333337,1.5133671236127317
transect,wind,438,36.41666666666663,1.507514006714348
transect,wind,439,36.5,1.5162915273087265
transect,wind,440,36.58333333333337,1.494154859461211
transect,wind,441,36.66666666666663,1.5048624163213202
transect,wind,442,36.75,1.5139292211536537
transect,wind,443,36.83333333333337,1.5237745872417605
transect,wind,444,36.91666666666663,1.5080992890645937
transect,wind,445,37.0,1.5184141424553739
transect,wind,446,37.08333333333337,1.4652851466612287
transect,wind,447,37.16666666666663,1.4601805821309186
transect,wind,448,37.25,1.459554651066618
transect,wind,449,37.33333333333337,1.46963135396967
transect,wind,450,37.41666666666663,1.465830961825752
transect,wind,451,37.5,1.4667372810018482
transect,wind,452,37.58333333333337,1.4667733749417784
transect,wind,453,37.66666666666663,1.448741416680533
transect,wind,454,37.75,1.4494733615343982
transect,wind,455,37.83333333333337,1.4387419570354325
transect,wind,456,37.91666666666663,1.4356826876079878
transect,wind,457,38.0,1.4318430347582474
transect,wind,458,38.08333333333337,1.4291709910848518
transect,wind,459,38.16666666666663,1.4187356432531453
transect,wind,460,38.25,1.4217100314662774
transect,wind,461,38.33333333333337,1.413456313264852
transect,wind,462,38.41666666666663,1.4039773544682088
transect,wind,463,38.5,1.3987761212044167
transect,wind,464,38.58333333333337,1.3989769777974828
transect,wind,465,38.66666666666663,1.3976825146821832
transect,wind,466,38.75,1.3975918716666516
transect,wind,467,38.83333333333337,1.3981315849670117
transect,wind,468,38.91666666666663,1.398440568555324
transect,wind,469,39.0,1.3992760518239613
transect,wind,470,39.08333333333337,1.4036270080540003
transect,wind,471,39.16666666666663,1.4178040329861699
transect,wind,472,39.25,1.4332846847326375
transect,wind,473,39.33333333333337,1.455005416643651
transect,wind,474,39.41666666666663,1.4483508785766916
transect,wind,475,39.5,1.4708008018746335
transect,wind,476,39.58333333333337,1.468494551900124
transect,wind,477,39.66666666666663,1.4943150704319703
transect,wind,478,39.75,1.509766147197921
transect,wind,479,39.83333333333337,1.5320122197479746
transect,wind,480,39.91666666666663,1.5588082145144573
transect,wind,481,40.0,1.5855682582157153
transect,wind,482,40.08333333333337,1.5773989172110316
transect,wind,483,40.16666666666663,1.5604803239603713
transect,wind,484,40.25,1.5639798780512597
transect,wind,485,40.33333333333337,1.5811730421483041
transect,wind,486,40.41666666666663,1.63649189147254
transect,wind,487,40.5,1.6354602448272357
transect,wind,488,40.58333333333337,1.6263562318870106
transect,wind,489,40.66666666666663,1.6241203155908934
transect,wind,490,40.75,1.6384102681119186
transect,wind,491,40.83333333333337,1.638009960645498
transect,wind,492,40.91666666666663,1.6174428486365098
transect,wind,493,41.0,1.66280031383818
transect,wind,494,41.08333333333337,1.6281684812612476
transect,wind,495,41.16666666666663,1.6234731659647066
transect,wind,496,41.25,1.6311006375070325
transect,wind,497,41.33333333333337,1.6213012379219798
transect,wind,498,41.41666666666663,1.606507732623615
transect,wind,499,41.5,1.6117554058317374
transect,wind,500,41.58333333333337,1.6073485206673215
transect,wind,501,41.66666666666663,1.5856306499358268
transect,wind,502,41.75,1.6006683238879988
transect,wind,503,41.83333333333337,1.5991346280611942
transect,wind,504,41.91666666666663,1.5884801568337406
transect,wind,505,42.0,1.5615512838205658
transect,wind,506,42.08333333333337,1.569270526104686
transect,wind,507,42.16666666666663,1.5673686883299394
transect,wind,508,42.25,1.5700081245309312
transect,wind,509,42.33333333333337,1.5526049783408684
transect,wind,510,42.41666666666663,1.5458150587634114
transect,wind,511,42.5,1.5505097400654146
transect,wind,512,42.58333333333337,1.5401844618169582
transect,wind,513,42.66666666666663,1.555018265518005
transect,wind,514,42.75,1.5407644559033318
transect,wind,515,42.83333333333337,1.5455471662687972
transect,wind,516,42.91666666666663,1.5360370371984815
transect,wind,517,43.0,1.5349126745899562
transect,wind,518,43.08333333333337,1.5344355860561343
transect,wind,519,43.16666666666663,1.5278883219114943
transect,wind,520,43.25,1.5276881707847239
transect,wind,521,43.33333333333337,1.5194202365608207
transect,wind,522,43.41666666666663,1.5152354421343688
transect,wind,523,43.5,1.5120197253466432
transect,wind,524,43.58333333333337,1.5162704791955115
transect,wind,525,43.66666666666663,1.5144624486375307
transect,wind,526,43.75,1.5123786555656893
transect,wind,527,43.83333333333337,1.511551425153152
transect,wind,528,43.91666666666663,1.5128309782414504
transect,wind,529,44.0,1.5129972052732465
transect,wind,530,44.08333333333337,1.5125219246721116
transect,wind,531,44.16666666666663,1.513109494188756
transect,wind,532,44.25,1.5128340071164603
transect,wind,533,44.33333333333337,1.5131390948822043
transect,wind,534,44.41666666666663,1.5134438033671007
transect,wind,535,44.5,1.513782842619063
transect,wind,536,44.58333333333337,1.5180634615551312
transect,wind,537,44.66666666666663,1.5176712095850917
transect,wind,538,44.75,1.5221283316329373
transect,wind,539,44.83333333333337,1.5205897828244523
transect,wind,540,44.91666666666663,1.5233563042437903
transect,wind,541,45.0,1.5221313099663798
transect,wind,542,45.08333333333337,1.5266763462635526
transect,wind,543,45.16666666666663,1.527337516987488
transect,wind,544,45.25,1.5277549787437306
transect,wind,545,45.33333333333337,1.5270425101058231
transect,wind,546,45.41666666666663,1.528577100049829
transect,wind,547,45.5,1.544198667359569
transect,wind,548,45.58333333333337,1.5476739174787995
transect,wind,549,45.66666666666663,1.5598964416443106
transect,wind,550,45.75,1.5666045493111211
transect,wind,551,45.83333333333337,1.5767201867661575
transect,wind,552,45.91666666666663,1.5800681469805675
transect,wind,553,46.0,1.598622415132319
transect,wind,554,46.08333333333337,1.598487065449509
transect,wind,555,46.16666666666663,1.6228453102187677
transect,wind,556,46.25,1.6457931306577833
transect,wind,557,46.33333333333337,1.649565908017631
transect,wind,558,46.41666666666663,1.6552302738338995
transect,wind,559,46.5,1.6539507867766805
transect,wind,560,46.58333333333337,1.640837874410146
transect,wind,561,46.66666666666663,1.6565066634287755
transect,wind,562,46.75,1.6492737712783108
transect,wind,563,46.83333333333337,1.6762613976840721
transect,wind,564,46.91666666666663,1.7047581425014269
transect,wind,565,47.0,1.6899025737032587
transect,wind,566,47.08333333333337,1.7271247682895354
transect,wind,567,47.16666666666663,1.717526495793684
transect,wind,568,47.25,1.7233745739560367
transect,wind,569,47.33333333333337,1.7211680347818306
transect,wind,570,47.41666666666663,1.71922161024493
transect,wind,571,47.5,1.7100616281637737
transect,wind,572,47.58333333333337,1.7001453743280321
transect,wind,573,47.66666666666663,1.7105594324304652
transect,wind,574,47.75,1.6785623014141529
transect,wind,575,47.83333333333337,1.6635575210831444
transect,wind,576,47.91666666666663,1.6602225539516826
transect,wind,577,48.0,1.6706486863932573
transect,wind,578,48.08333333333337,1.6538312152960453
transect,wind,579,48.16666666666663,1.627523802214689
transect,wind,580,48.25,1.6181703400640148
transect,wind,581,48.33333333333337,1.6281775326771917
transect,wind,582,48.41666666666663,1.6427088046341498
transect,wind,583,48.5,1.6241568272180642
transect,wind,584,48.58333333333337,1.6197328215579252
transect,wind,585,48.66666666666663,1.5910482196671074
transect,wind,586,48.75,1.5683969196610532
transect,wind,587,48.83333333333337,1.5847911575970381
transect,wind,588,48.91666666666663,1.5862430220892374
transect,wind,589,49.0,1.5709922962001415
transect,wind,590,49.08333333333337,1.5609558130038772
transect,wind,591,49.16666666666663,1.5553754705113985
transect,wind,592,49.25,1.540052603941727
transect,wind,593,49.33333333333337,1.549897197410592
transect,wind,594,49.41666666666663,1.5472986057395497
transect,wind,595,49.5,1.5485615232595975
transect,wind,596,49.58333333333337,1.5299002635378016
transect,wind,597,49.66666666666663,1.5241872651145891
transect,wind,598,49.75,1.5197867386283086
transect,wind,599,49.83333333333337,1.5293861148228045
transect,wind,600,49.91666666666663,1.5264405535949535
transect,wind,601,50.0,1.5265883444097315
transect,wind,602,50.08333333333337,1.5172059523743593
transect,wind,603,50.16666666666663,1.5204450768509725
transect,wind,604,50.25,1.5115778477597537
transect,wind,605,50.33333333333337,1.504954243968243
transect,wind,606,50.41666666666663,1.5018317248760624
transect,wind,607,50.5,1.4932573958169344
transect,wind,608,50.58333333333337,1.4951898418419103
transect,wind,609,50.66666666666663,1.5010988231364135
transect,wind,610,50.75,1.4999100178230813
transect,wind,611,50.83333333333337,1.5025877484476065
transect,wind,612,50.91666666666663,1.5044607752413686
transect,wind,613,51.0,1.5009691047314346
transect,wind,614,51.08333333333337,1.5126369387734617
transect,wind,615,51.16666666666663,1.4997999603549768
transect,wind,616,51.25,1.500472597856249
transect,wind,617,51.33333333333337,1.5042904273974083
transect,wind,618,51.41666666666663,1.501101907316919
transect,wind,619,51.5,1.4976278341888125
transect,wind,620,51.58333333333337,1.5018948950416495
transect,wind,621,51.66666666666663,1.4908515212085556
transect,wind,622,51.75,1.4989096829584412
transect,wind,623,51.83333333333337,1.5106009079438831
transect,wind,624,51.91666666666663,1.520403217596778
transect,wind,625,52.0,1.5305880621028467
transect,wind,626,52.08333333333337,1.520978281091317
transect,wind,627,52.16666666666663,1.519931082578882
transect,wind,628,52.25,1.5214460767826647
transect,wind,629,52.33333333333337,1.5411050122585312
transect,wind,630,52.41666666666663,1.5766335905054596
transect,wind,631,52.5,1.594418162546807
transect,wind,632,52.58333333333337,1.5893049917485051
transect,wind,633,52.66666666666663,1.5996635846459333
transect,wind,634,52.75,1.5851385142299395
transect,wind,635,52.83333333333337,1.59788842283381
transect,wind,636,52.91666666666663,1.611334176614738
transect,wind,637,53.0,1.622608439847736
transect,wind,638,53.08333333333337,1.655398324973333
transect,wind,639,53.16666666666663,1.6784592161741938
transect,wind,640,53.25,1.6920132632829448
transect,wind,641,53.33333333333337,1.7126300339945475
transect,wind,642,53.41666666666663,1.728111821521616
transect,wind,643,53.5,1.729295228955612
transect,wind,644,53.58333333333337,1.7861337028732467
transect,wind,645,53.66666666666663,1.833437684884586
transect,wind,646,53.75,1.8336142404923714
transect,wind,647,53.83333333333337,1.8384063713641772
transect,wind,648,53.91666666666663,1.8322732444576153
transect,wind,649,54.0,1.8588540246239673
transect,wind,650,54.08333333333337,1.8601167761960655
transect,wind,651,54.16666666666663,1.8544734303948243
transect,wind,652,54.25,1.8222143554005026
transect,wind,653,54.33333333333337,1.8064898553994682
transect,wind,654,54.41666666666663,1.8212237892660283
transect,wind,655,54.5,1.8786913661739448
transect,wind,656,54.58333333333337,1.8999317563389624
transect,wind,657,54.66666666666663,1.8694305772091913
transect,wind,658,54.75,1.866149645136602
transect,wind,659,54.83333333333337,1.8120071772367725
transect,wind,660,54.91666666666663,1.8023317773335945
transect,wind,661,55.0,1.8066178837305027
transect,wind,662,55.08333333333337,1.771933186761688
transect,wind,663,55.16666666666663,1.7554522406526363
transect,wind,664,55.25,1.7528145075363226
transect,wind,665,55.33333333333337,1.744943005334987
transect,wind,666,55.41666666666663,1.7428443116935375
transect,wind,667,55.5,1.7277574943425167
transect,wind,668,55.58333333333337,1.7135390429504849
transect,wind,669,55.66666666666663,1.7230111327125353
transect,wind,670,55.75,1.67783572663758
transect,wind,671,55.83333333333337,1.6463076491584683
transect,wind,672,55.91666666666663,1.6585189424419688
transect,wind,673,56.0,1.626788088883878
transect,wind,674,56.08333333333337,1.5955496814214187
transect,wind,675,56.16666666666663,1.5999001542847717
transect,wind,676,56.25,1.5563234409540272
transect,wind,677,56.33333333333337,1.5386863618570066
transect,wind,678,56.41666666666663,1.5426348454461893
transect,wind,679,56.5,1.5313869890020773
transect,wind,680,56.58333333333337,1.5210164180401191
transect,wind,681,56.66666666666663,1.4788230933819595
transect,wind,682,56.75,1.4667818005646112
transect,wind,683,56.83333333333337,1.4606601036643032
transect,wind,684,56.91666666666663,1.4791102817898187
transect,wind,685,57.0,1.4325046439749507
transect,wind,686,57.08333333333337,1.436890807523572
transect,wind,687,57.16666666666663,1.4338643436114649
transect,wind,688,57.25,1.4225686571766083
transect,wind,689,57.33333333333337,1.4274514601357098
transect,wind,690,57.41666666666663,1.4170795334961754
transect,wind,691,57.5,1.4053627263524893
transect,wind,692,57.58333333333337,1.4086221428263817
transect,wind,693,57.66666666666663,1.3971529398783475
transect,wind,694,57.75,1.3800682395914678
transect,wind,695,57.83333333333337,1.367319522662116
transect,wind,696,57.91666666666663,1.389861268816608
transect,wind,697,58.0,1.384208973673075
transect,wind,698,58.08333333333337,1.381575831981379
transect,wind,699,58.16666666666663,1.3746952993624393
transect,wind,700,58.25,1.3655572943265701
transect,wind,701,58.33333333333337,1.3654302705015202
transect,wind,702,58.41666666666663,1.3574157451341502
transect,wind,703,58.5,1.3551625980006115
transect,wind,704,58.58333333333337,1.3559048802417546
transect,wind,705,58.66666666666663,1.3636021637176772
transect,wind,706,58.75,1.3570246512070998
transect,wind,707,58.83333333333337,1.3548801992619026
transect,wind,708,58.91666666666663,1.343258867668971
transect,wind,709,59.0,1.3384664193729343
transect,wind,710,59.08333333333337,1.3530494892906308
transect,wind,711,59.16666666666663,1.3547145934494091
transect,wind,712,59.25,1.357803015547474
transect,wind,713,59.33333333333337,1.3436296839630852
transect,wind,714,59.41666666666663,1.346406844949771
transect,wind,715,59.5,1.3555461994460742
transect,wind,716,59.58333333333337,1.3547422598624261
transect,wind,717,59.66666666666663,1.3518926634802815
transect,wind,718,59.75,1.3543268772260293
transect,wind,719,59.83333333333337,1.3530951949645438
transect,wind,720,59.91666666666663,1.3553489008850874
transect,wind,721,60.0,1.3541722794136002
transect,wind,722,60.08333333333337,1.354606036025666
transect,wind,723,60.16666666666663,1.3606252797355205
transect,wind,724,60.25,1.3671089202599926
transect,wind,725,60.33333333333337,1.3771341280787353
transect,wind,726,60.41666666666663,1.3834396559698752
transect,wind,727,60.5,1.3777570227179878
transect,wind,728,60.58333333333337,1.3802663385780054
transect,wind,729,60.66666666666663,1.394060370535603
transect,wind,730,60.75,1.4056025902642546
transect,wind,731,60.83333333333337,1.4109241590167518
transect,wind,732,60.91666666666663,1.436005200701276
transect,wind,733,61.0,1.4406141948914983
transect,wind,734,61.08333333333337,1.4562302988209859
transect,wind,735,61.16666666666663,1.474680187270927
transect,wind,736,61.25,1.5181849039254867
transect,wind,737,61.33333333333337,1.5198504634540286
transect,wind,738,61.41666666666663,1.5195527365526447
transect,wind,739,61.5,1.5137533195746706
transect,wind,740,61.58333333333337,1.545924616905471
transect,wind,741,61.66666666666663,1.5412544653010174
transect,wind,742,61.75,1.5665840083429916
transect,wind,743,61.83333333333337,1.5916346916039623
transect,wind,744,61.91666666666663,1.5830730777678232
transect,wind,745,62.0,1.6239659911878226
transect,wind,746,62.08333333333337,1.6442781511876365
transect,wind,747,62.16666666666663,1.6416700689616492
transect,wind,748,62.25,1.6621409493216668
transect,wind,749,62.33333333333337,1.637959735613236
transect,wind,750,62.41666666666663,1.6512304970591882
transect,wind,751,62.5,1.6979066204268922
transect,wind,752,62.58333333333337,1.7202052200795301
transect,wind,753,62.66666666666663,1.742896409334741
transect,wind,754,62.75,1.740976840964446
transect,wind,755,62.83333333333337,1.7615648423404773
transect,wind,756,62.91666666666663,1.7357083985705417
transect,wind,757,63.0,1.712013290060157
transect,wind,758,63.08333333333337,1.7393390826461277
transect,wind,759,63.16666666666663,1.7489804569449539
transect,wind,760,63.25,1.844230088341586
transect,wind,761,63.33333333333337,1.8827218888997954
transect,wind,762,63.41666666666663,1.8818078327737984
transect,wind,763,63.5,1.8588635323976943
transect,wind,764,63.58333333333337,1.8512486491196491
transect,wind,765,63.66666666666663,1.7728358351434235
transect,wind,766,63.75,1.7827615838809838
transect,wind,767,63.83333333333337,1.778734164197735
transect,wind,768,63.91666666666663,1.790370599613195
transect,wind,769,64.0,1.7809921621118063
transect,wind,770,64.08333333333337,1.7649233144817298
transect,wind,771,64.16666666666663,1.7309426406194333
transect,wind,772,64.25,1.7345609855525925
transect,wind,773,64.33333333333337,1.6761394206605926
transect,wind,774,64.41666666666663,1.705859056772418
transect,wind,775,64.5,1.7186710389196413
transect,wind,776,64.58333333333337,1.6258270282577032
transect,wind,777,64.66666666666663,1.5960750084029505
transect,wind,778,64.75,1.5997201191634522
transect,wind,779,64.83333333333337,1.6083403449109501
transect,wind,780,64.91666666666663,1.569471949129322
transect,wind,781,65.0,1.5255553066621346
transect,wind,782,65.08333333333337,1.5071838316708857
transect,wind,783,65.16666666666663,1.4904151592261854
transect,wind,784,65.25,1.4627373378549524
transect,wind,785,65.33333333333337,1.4661952804371938
transect,wind,786,65.41666666666663,1.4855395820306083
transect,wind,787,65.5,1.4281252522162557
transect,wind,788,65.58333333333337,1.4197074007131019
transect,wind,789,65.66666666666663,1.40785132715801
transect,wind,790,65.75,1.3612412667245508
transect,wind,791,65.83333333333337,1.3308694671401393
transect,wind,792,65.91666666666663,1.3198260382173157
transect,wind,793,66.0,1.3188094424583667
transect,wind,794,66.08333333333337,1.3012926881606999
transect,wind,795,66.16666666666663,1.2921563248026877
transect,wind,796,66.25,1.2795522250974385
transect,wind,797,66.33333333333337,1.2757817625164083
transect,wind,798,66.41666666666663,1.2951005377082665
transect,wind,799,66.5,1.2785047525433026
transect,wind,800,66.58333333333337,1.3125632116579
transect,wind,801,66.66666666666663,1.2826895284287594
transect,wind,802,66.75,1.2702858820156955
transect,wind,803,66.83333333333337,1.2361358687171518
transect,wind,804,66.91666666666663,1.234790811428498
transect,wind,805,67.0,1.2459036092104
transect,wind,806,67.08333333333337,1.2067681534574364
transect,wind,807,67.16666666666663,1.2037485168848823
transect,wind,808,67.25,1.2087188000371996
transect,wind,809,67.33333333333337,1.216814665341261
transect,wind,810,67.41666666666663,1.2241194777989017
transect,wind,811,67.5,1.2216054745720841
transect,wind,812,67.58333333333337,1.2118824027165906
transect,wind,813,67.66666666666663,1.228671894377073
transect,wind,814,67.75,1.2327868276120248
transect,wind,815,67.83333333333337,1.212195827321695
transect,wind,816,67.91666666666663,1.1998114685377146
transect,wind,817,68.0,1.2104973772648517
transect,wind,818,68.08333333333337,1.2094374540056154
transect,wind,819,68.16666666666663,1.2088451166825551
transect,wind,820,68.25,1.2166466745749758
transect,wind,821,68.33333333333337,1.2099924022805875
transect,wind,822,68.41666666666663,1.2125232135402693
transect,wind,823,68.5,1.2079031258189814
transect,wind,824,68.58333333333337,1.2030649469028425
transect,wind,825,68.66666666666663,1.208050377761531
transect,wind,826,68.75,1.2145077517606115
transect,wind,827,68.83333333333337,1.2187220677170154
transect,wind,828,68.91666666666663,1.200009051289852
transect,wind,829,69.0,1.200768309755628
transect,wind,830,69.08333333333337,1.1960831575968869
transect,wind,831,69.16666666666663,1.18635956949537
transect,wind,832,69.25,1.190543459006824
transect,wind,833,69.33333333333337,1.2056021320634165
transect,wind,834,69.41666666666663,1.2113942741936443
transect,wind,835,69.5,1.200178258259264
transect,wind,836,69.58333333333337,1.198639595317168
transect,wind,837,69.66666666666663,1.1965855026679075
transect,wind,838,69.75,1.1952745569619718
transect,wind,839,69.83333333333337,1.1962393618377463
transect,wind,840,69.91666666666663,1.1953569226703822
transect,wind,841,70.0,1.1992758657144185
transect,wind,842,70.08333333333337,1.1931360148030707
transect,wind,843,70.16666666666663,1.1929758494110339
transect,wind,844,70.25,1.1944608574085858
transect,wind,845,70.33333333333337,1.2000353188149309
transect,wind,846,70.41666666666663,1.2005543022876217
transect,wind,847,70.5,1.2031416220352869
transect,wind,848,70.58333333333337,1.201089429012584
transect,wind,849,70.66666666666663,1.2034768285562896
transect,wind,850,70.75,1.2068177177761428
transect,wind,851,70.83333333333337,1.2021404126392379
transect,wind,852,70.91666666666663,1.202962695502737
transect,wind,853,71.0,1.202280321703691
transect,wind,854,71.08333333333337,1.2032748839767529
transect,wind,855,71.16666666666663,1.204002042449396
transect,wind,856,71.25,1.204348985949194
transect,wind,857,71.33333333333337,1.2051727593913832
transect,wind,858,71.41666666666663,1.2059447659121927
transect,wind,859,71.5,1.20706217968058
transect,wind,860,71.58333333333337,1.2075500128276526
transect,wind,861,71.66666666666663,1.2083418028607507
transect,wind,862,71.75,1.2091565769046162
transect,wind,863,71.83333333333337,1.2102845071353114
transect,wind,864,71.91666666666663,1.2121795385622745
transect,wind,865,72.0,1.2120086416343299
transect,wind,866,72.08333333333337,1.212530245934864
transect,wind,867,72.16666666666663,1.2164908410507445
transect,wind,868,72.25,1.21475088454517
transect,wind,869,72.33333333333337,1.215110344847097
transect,wind,870,72.41666666666663,1.21765504377504
transect,wind,871,72.5,1.2173733552371728
transect,wind,872,72.58333333333337,1.2210706302516499
transect,wind,873,72.66666666666663,1.2239921655847876
transect,wind,874,72.75,1.2290047314237034
transect,wind,875,72.83333333333337,1.2234061825181668
transect,wind,876,72.91666666666663,1.2237250989149318
transect,wind,877,73.0,1.2252099258061306
transect,wind,878,73.08333333333337,1.2280535977239384
transect,wind,879,73.16666666666663,1.2297156364461164
transect,wind,880,73.25,1.2291676951088815
transect,wind,881,73.33333333333337,1.231117395780705
transect,wind,882,73.41666666666663,1.2326825140837556
transect,wind,883,73.5,1.236741673161542
transect,wind,884,73.58333333333337,1.239324374264969
transect,wind,885,73.66666666666663,1.2427917144208576
transect,wind,886,73.75,1.2394950043888768
transect,wind,887,73.83333333333337,1.2516645381916134
transect,wind,888,73.91666666666663,1.2502229938469038
transect,wind,889,74.0,1.2553051612035973
transect,wind,890,74.08333333333337,1.2549433401890069
transect,wind,891,74.16666666666663,1.248530294289406
transect,wind,892,74.25,1.2455149487340818
transect,wind,893,74.33333333333337,1.2448058457824764
transect,wind,894,74.41666666666663,1.2480303109449309
transect,wind,895,74.5,1.250107197131219
transect,wind,896,74.58333333333337,1.2534922930668928
transect,wind,897,74.66666666666663,1.2549462396416458
transect,wind,898,74.75,1.2538184733230306
transect,wind,899,74.83333333333337,1.2565851207866983
transect,wind,900,74.91666666666663,1.2551945754849778
transect,wind,901,75.0,1.256442179792159
transect,wind,902,75.08333333333337,1.2563315418747514
transect,wind,903,75.16666666666663,1.2581215812868904
transect,wind,904,75.25,1.2599996114830752
transect,wind,905,75.33333333333337,1.260883730260959
transect,wind,906,75.41666666666663,1.260030574003929
transect,wind,907,75.5,1.2593458503986077
transect,wind,908,75.58333333333337,1.2614485670296693
transect,wind,909,75.66666666666663,1.2622401344867888
transect,wind,910,75.75,1.264248890166349
transect,wind,911,75.83333333333337,1.2663128973400652
transect,wind,912,75.91666666666663,1.2660420866017106
transect,wind,913,76.0,1.2673010672649285
transect,wind,914,76.08333333333337,1.2673182014387019
transect,wind,915,76.16666666666663,1.26928841733623
transect,wind,916,76.25,1.2714357090539206
transect,wind,917,76.33333333333337,1.2718974100498384
transect,wind,918,76.41666666666663,1.2717877465395702
transect,wind,919,76.5,1.2721470827148673
transect,wind,920,76.58333333333337,1.2731869806342788
transect,wind,921,76.66666666666663,1.2736914532840369
transect,wind,922,76.75,1.27653760659591
transect,wind,923,76.83333333333337,1.276847945807288
transect,wind,924,76.91666666666663,1.275067343539065
transect,wind,925,77.0,1.2726924892298614
transect,wind,926,77.08333333333337,1.275990053721659
transect,wind,927,77.16666666666663,1.2754772338424412
transect,wind,928,77.25,1.2801900797995207
transect,wind,929,77.33333333333337,1.287561030657861
transect,wind,930,77.41666666666663,1.2824003406380784
transect,wind,931,77.5,1.2837115578460012
transect,wind,932,77.58333333333337,1.2867159415285654
transect,wind,933,77.66666666666663,1.2909891984256476
transect,wind,934,77.75,1.287258515633408
transect,wind,935,77.83333333333337,1.2850665319740096
transect,wind,936,77.91666666666663,1.2922056223940006
transect,wind,937,78.0,1.2896548477523933
transect,wind,938,78.08333333333337,1.282222611289186
transect,wind,939,78.16666666666663,1.2810540051387378
transect,wind,940,78.25,1.2791378766084684
transect,wind,941,78.33333333333337,1.2832019500467204
transect,wind,942,78.41666666666663,1.286196295853213
transect,wind,943,78.5,1.2894294914780577
transect,wind,944,78.58333333333337,1.2912764379905832
transect,wind,945,78.66666666666663,1.2870281225231133
transect,wind,946,78.75,1.2849728374194673
transect,wind,947,78.83333333333337,1.2866824971163462
transect,wind,948,78.91666666666663,1.2837651872229154
transect,wind,949,79.0,1.2844254340644972
transect,wind,950,79.08333333333337,1.2836496843003449
transect,wind,951,79.16666666666663,1.2822579615812197
transect,wind,952,79.25,1.282183884251178
transect,wind,953,79.33333333333337,1.2832977951897337
transect,wind,954,79.41666666666663,1.2872206552257721
transect,wind,955,79.5,1.2921525506954066
transect,wind,956,79.58333333333337,1.2926811771056295
transect,wind,957,79.66666666666663,1.294055501264054
transect,wind,958,79.75,1.3028381787974734
transect,wind,959,79.83333333333337,1.3119011529625144
transect,wind,960,79.91666666666663,1.3233507701325304
transect,wind,961,80.0,1.3426912755605764
transect,wind,962,80.08333333333337,1.3607275004289232
transect,wind,963,80.16666666666663,1.3801039910571882
transect,wind,964,80.25,1.364885964540271
transect,wind,965,80.33333333333337,1.3915674097866697
transect,wind,966,80.41666666666663,1.4142413504946845
transect,wind,967,80.5,1.4360412855315445
transect,wind,968,80.58333333333337,1.4811958959729743
transect,wind,969,80.66666666666663,1.479334711522267
transect,wind,970,80.75,1.5184741744354109
transect,wind,971,80.83333333333337,1.5162254563494724
transect,wind,972,80.91666666666663,1.531460319021321
transect,wind,973,81.0,1.555169170651739
transect,wind,974,81.08333333333337,1.5089821681002675
transect,wind,975,81.16666666666663,1.5319396888766
transect,wind,976,81.25,1.5245749642891164
transect,wind,977,81.33333333333337,1.5122007974461644
transect,wind,978,81.41666666666663,1.4982500848647529
transect,wind,979,81.5,1.539941129951625
transect,wind,980,81.58333333333337,1.5186672834354438
transect,wind,981,81.66666666666663,1.5072444501152866
transect,wind,982,81.75,1.5124132309637024
transect,wind,983,81.83333333333337,1.5086020598561187
transect,wind,984,81.91666666666663,1.4966933870700152
transect,wind,985,82.0,1.4722003342695806
transect,wind,986,82.08333333333337,1.4541517730245879
transect,wind,987,82.16666666666663,1.4224442155131956
transect,wind,988,82.25,1.4058728861792142
transect,wind,989,82.33333333333337,1.426325763719368
transect,wind,990,82.41666666666663,1.3991453804188538
transect,wind,991,82.5,1.4078251486248456
transect,wind,992,82.58333333333337,1.3753725212926973
transect,wind,993,82.66666666666663,1.3537758148090002
transect,wind,994,82.75,1.3730976412778257
transect,wind,995,82.83333333333337,1.358770833915878
transect,wind,996,82.91666666666663,1.3567462077632173
transect,wind,997,83.0,1.3515750466112448
transect,wind,998,83.08333333333337,1.3344631913666545
transect,wind,999,83.16666666666663,1.3454315903307026
transect,wind,1000,83.25,1.325570132650368
transect,wind,1001,83.33333333333337,1.3425376319774842
transect,wind,1002,83.41666666666663,1.332490812173957
transect,wind,1003,83.5,1.3106426443494996
transect,wind,1004,83.58333333333337,1.2894679979723824
transect,wind,1005,83.66666666666663,1.283391105689157
transect,wind,1006,83.75,1.2799378870006646
transect,wind,1007,83.83333333333337,1.2886517944149691
transect,wind,1008,83.91666666666663,1.2687943814951537
transect,wind,1009,84.0,1.2765766093026396
transect,wind,1010,84.08333333333337,1.2955168449987406
transect,wind,1011,84.16666666666663,1.2768101867299733
transect,wind,1012,84.25,1.2691864375924844
transect,wind,1013,84.33333333333337,1.267338209858697
transect,wind,1014,84.41666666666663,1.2734684368588927
transect,wind,1015,84.5,1.2746608248602043
transect,wind,1016,84.58333333333337,1.2808770360173307
transect,wind,1017,84.66666666666663,1.2879973891436642
transect,wind,1018,84.75,1.2904224180311374
transect,wind,1019,84.83333333333337,1.2850676207994662
transect,wind,1020,84.91666666666663,1.2907695149249139
transect,wind,1021,85.0,1.2868712504182152
transect,wind,1022,85.08333333333337,1.2957633246828888
transect,wind,1023,85.16666666666663,1.3128427136170304
transect,wind,1024,85.25,1.2840354304819006
transect,wind,1025,85.33333333333337,1.2798229326904893
transect,wind,1026,85.41666666666663,1.2806533422892663
transect,wind,1027,85.5,1.2834449472407052
transect,wind,1028,85.58333333333337,1.275969678407407
transect,wind,1029,85.66666666666663,1.276635184737035
transect,wind,1030,85.75,1.2920035630996523
transect,wind,1031,85.83333333333337,1.2817448858311393
transect,wind,1032,85.91666666666663,1.277918008728074
transect,wind,1033,86.0,1.2774114714722233
transect,wind,1034,86.08333333333337,1.2612806016945888
transect,wind,1035,86.16666666666663,1.2621384394637976
transect,wind,1036,86.25,1.2679164246271428
transect,wind,1037,86.33333333333337,1.2754405672815987
transect,wind,1038,86.41666666666663,1.2842672061539544
transect,wind,1039,86.5,1.2795806944508519
transect,wind,1040,86.58333333333337,1.27299166344613
transect,wind,1041,86.66666666666663,1.2836485177206713
transect,wind,1042,86.75,1.2903754236965437
transect,wind,1043,86.83333333333337,1.2893125277952957
transect,wind,1044,86.91666666666663,1.2886237195950183
transect,wind,1045,87.0,1.288475969779445
transect,wind,1046,87.08333333333337,1.2884484693909504
transect,wind,1047,87.16666666666663,1.2912572985099078
transect,wind,1048,87.25,1.278073756386066
transect,wind,1049,87.33333333333337,1.2780135018061085
transect,wind,1050,87.41666666666663,1.2770465134778497
transect,wind,1051,87.5,1.2812660415649488
transect,wind,1052,87.58333333333337,1.273571773083273
transect,wind,1053,87.66666666666663,1.2674307134886376
transect,wind,1054,87.75,1.2671577557173745
transect,wind,1055,87.83333333333337,1.283306004426331
transect,wind,1056,87.91666666666663,1.2773329618195826
transect,wind,1057,88.0,1.2730266009472906
transect,wind,1058,88.08333333333337,1.2749728516171626
transect,wind,1059,88.16666666666663,1.2737891621935629
transect,wind,1060,88.25,1.2713392441501938
transect,wind,1061,88.33333333333337,1.2714163098875475
transect,wind,1062,88.41666666666663,1.268748520469038
transect,wind,1063,88.5,1.2688323645708504
transect,wind,1064,88.58333333333337,1.2703934552909077
transect,wind,1065,88.66666666666663,1.2644757057516092
transect,wind,1066,88.75,1.2619508905765442
transect,wind,1067,88.83333333333337,1.2657474276728058
transect,wind,1068,88.91666666666663,1.2706863121167664
transect,wind,1069,89.0,1.262879876486357
transect,wind,1070,89.08333333333337,1.262976725575456
transect,wind,1071,89.16666666666663,1.265563191301636
transect,wind,1072,89.25,1.2714590191316837
transect,wind,1073,89.33333333333337,1.2721143520283997
transect,wind,1074,89.41666666666663,1.2705478839196185
transect,wind,1075,89.5,1.2717828814812517
transect,wind,1076,89.58333333333337,1.2686992639235861
transect,wind,1077,89.66666666666663,1.269131708094672
transect,wind,1078,89.75,1.275428291011637
transect,wind,1079,89.83333333333337,1.2718080045191993
transect,wind,1080,89.91666666666663,1.2712429445842899
transect,wind,1081,90.0,1.2775332346712147
transect,wind,1082,90.08333333333337,1.2908653799209069
transect,wind,1083,90.16666666666663,1.2933612844268916
transect,wind,1084,90.25,1.29326252345016
transect,wind,1085,90.33333333333337,1.2930032711675785
transect,wind,1086,90.41666666666663,1.2878858601741223
transect,wind,1087,90.5,1.2891547081568528
transect,wind,1088,90.58333333333337,1.2937795460358061
transect,wind,1089,90.66666666666663,1.2908659537448657
transect,wind,1090,90.75,1.294827096916737
transect,wind,1091,90.83333333333337,1.2891524046220868
transect,wind,1092,90.91666666666663,1.3032765654099847
transect,wind,1093,91.0,1.3151233314268826
transect,wind,1094,91.08333333333337,1.322146894214129
transect,wind,1095,91.16666666666663,1.3360542392644945
transect,wind,1096,91.25,1.3748114261393458
transect,wind,1097,91.33333333333337,1.3700995221169938
transect,wind,1098,91.41666666666663,1.3672495293247948
transect,wind,1099,91.5,1.390453903444351
transect,wind,1100,91.58333333333337,1.4130835556563681
transect,wind,1101,91.66666666666663,1.3962837539704946
transect,wind,1102,91.75,1.3882379161136833
transect,wind,1103,91.83333333333337,1.3922719126835097
transect,wind,1104,91.91666666666663,1.401092011560151
transect,wind,1105,92.0,1.4037304653887874
transect,wind,1106,92.08333333333337,1.4158968895364807
transect,wind,1107,92.16666666666663,1.4136436840845867
transect,wind,1108,92.25,1.4244751922361465
transect,wind,1109,92.33333333333337,1.4024050310858862
transect,wind,1110,92.41666666666663,1.4028841003085446
transect,wind,1111,92.5,1.4245879696355523
transect,wind,1112,92.58333333333337,1.4213795225945114
transect,wind,1113,92.66666666666663,1.4010737033229577
transect,wind,1114,92.75,1.3747058956137297
transect,wind,1115,92.83333333333337,1.3619000405179973
transect,wind,1116,92.91666666666663,1.3641919963223499
transect,wind,1117,93.0,1.3492621054287848
transect,wind,1118,93.08333333333337,1.3548440325061306
transect,wind,1119,93.16666666666663,1.3448594319832092
transect,wind,1120,93.25,1.3237021012010441
transect,wind,1121,93.33333333333337,1.3266757393627275
transect,wind,1122,93.41666666666663,1.326144021890235
transect,wind,1123,93.5,1.3215391138070005
transect,wind,1124,93.58333333333337,1.3245542846098237
transect,wind,1125,93.66666666666663,1.3139845115652822
transect,wind,1126,93.75,1.301505112438034
transect,wind,1127,93.83333333333337,1.3087117188394528
transect,wind,1128,93.91666666666663,1.304179194708114
transect,wind,1129,94.0,1.306707560022911
transect,wind,1130,94.08333333333337,1.296380711839677
transect,wind,1131,94.16666666666663,1.2868037540612574
transect,wind,1132,94.25,1.2783020493294137
transect,wind,1133,94.33333333333337,1.282874468472123
transect,wind,1134,94.41666666666663,1.2911883876575454
transect,wind,1135,94.5,1.270121247848805
transect,wind,1136,94.58333333333337,1.2665393054774812
transect,wind,1137,94.66666666666663,1.2551666513969866
transect,wind,1138,94.75,1.2611997131880095
transect,wind,1139,94.83333333333337,1.2501537364506083
transect,wind,1140,94.91666666666663,1.23683966278187
transect,wind,1141,95.0,1.244978883951073
transect,wind,1142,95.08333333333337,1.235919640841453
transect,wind,1143,95.16666666666663,1.2310564760539868
transect,wind,1144,95.25,1.2388710237150475
transect,wind,1145,95.33333333333337,1.2353384393617795
transect,wind,1146,95.41666666666663,1.2389029701360348
transect,wind,1147,95.5,1.2320716226585702
transect,wind,1148,95.58333333333337,1.22638658092169
transect,wind,1149,95.66666666666663,1.2270104162939375
transect,wind,1150,95.75,1.2268673026708614
transect,wind,1151,95.83333333333337,1.2287711024747523
transect,wind,1152,95.91666666666663,1.2273313688865302
transect,wind,1153,96.0,1.2284555381154174
transect,wind,1154,96.08333333333337,1.2296547641959203
transect,wind,1155,96.16666666666663,1.2308935324183383
transect,wind,1156,96.25,1.232143271703096
transect,wind,1157,96.33333333333337,1.2339836896210272
transect,wind,1158,96.41666666666663,1.2343837710861603
transect,wind,1159,96.5,1.2375164812954085
transect,wind,1160,96.58333333333337,1.236905621671556
transect,wind,1161,96.66666666666663,1.239238037446182
transect,wind,1162,96.75,1.2433533381975084
transect,wind,1163,96.83333333333337,1.2430335538212336
transect,wind,1164,96.91666666666663,1.246169956851413
transect,wind,1165,97.0,1.245234887993917
transect,wind,1166,97.08333333333337,1.2478791807462628
transect,wind,1167,97.16666666666663,1.2543132646837567
transect,wind,1168,97.25,1.2577464815820891
transect,wind,1169,97.33333333333337,1.2630221096195597
transect,wind,1170,97.41666666666663,1.2592481859082232
transect,wind,1171,97.5,1.256545399414967
transect,wind,1172,97.58333333333337,1.2622987334674078
transect,wind,1173,97.66666666666663,1.2648659487138634
transect,wind,1174,97.75,1.2651955601587948
transect,wind,1175,97.83333333333337,1.2613895367022008
transect,wind,1176,97.91666666666663,1.2599248643592695
transect,wind,1177,98.0,1.2680184154889702
transect,wind,1178,98.08333333333337,1.2760637720681043
transect,wind,1179,98.16666666666663,1.2826130200898838
transect,wind,1180,98.25,1.276128025089446
transect,wind,1181,98.33333333333337,1.2845154937315055
transect,wind,1182,98.41666666666663,1.2825639610353532
transect,wind,1183,98.5,1.2863630588797865
transect,wind,1184,98.58333333333337,1.2792881417605702
transect,wind,1185,98.66666666666663,1.2800126283988162
transect,wind,1186,98.75,1.2767302323649439
transect,wind,1187,98.83333333333337,1.2794934644029174
transect,wind,1188,98.91666666666663,1.2869485744513296
transect,wind,1189,99.0,1.2970687454135916
transect,wind,1190,99.08333333333337,1.2993464568577187
transect,wind,1191,99.16666666666663,1.2915044343684694
transect,wind,1192,99.25,1.2755005363012866
transect,wind,1193,99.33333333333337,1.283796105607292
transect,wind,1194,99.41666666666663,1.2844288417598098
transect,wind,1195,99.5,1.2769558895099629
transect,wind,1196,99.58333333333337,1.2812126829032473
transect,wind,1197,99.66666666666663,1.2964825411798222
transect,wind,1198,99.75,1.292316852061589
transect,wind,1199,99.83333333333337,1.2889403177623504
transect,wind,1200,99.91666666666663,1.2853789151784338
transect,wind,1201,100.0,1.2802040027439585
transect,wind,1202,100.08333333333337,1.2807333390543518
transect,wind,1203,100.16666666666663,1.2828911751998162
transect,wind,1204,100.25,1.2811992134552839
transect,wind,1205,100.33333333333337,1.2829558614878962
transect,wind,1206,100.41666666666663,1.2833083622102737
transect,wind,1207,100.5,1.2843272793384826
transect,wind,1208,100.58333333333337,1.2859230983198684
transect,wind,1209,100.66666666666663,1.2910216952622184
transect,wind,1210,100.75,1.302663462669796
transect,wind,1211,100.83333333333337,1.3044455116545017
transect,wind,1212,100.91666666666663,1.309291503565215
transect,wind,1213,101.0,1.2980127512153623
transect,wind,1214,101.08333333333337,1.2977939333573696
transect,wind,1215,101.16666666666663,1.3081285198854287
transect,wind,1216,101.25,1.30901421387192
transect,wind,1217,101.33333333333337,1.3265890469708446
transect,wind,1218,101.41666666666663,1.3360980053529128
transect,wind,1219,101.5,1.3486051325717732
transect,wind,1220,101.58333333333337,1.382137600369021
transect,wind,1221,101.66666666666663,1.3849418160010096
transect,wind,1222,101.75,1.390715475290833
transect,wind,1223,101.83333333333337,1.394174412514218
transect,wind,1224,101.91666666666663,1.3682209898919833
transect,wind,1225,102.0,1.387431737477502
transect,wind,1226,102.08333333333337,1.3998182661991265
transect,wind,1227,102.16666666666663,1.4090062627830906
transect,wind,1228,102.25,1.4689670076266128
transect,wind,1229,102.33333333333337,1.496826558938178
transect,wind,1230,102.41666666666663,1.5415792433166333
transect,wind,1231,102.5,1.6097365351898802
transect,wind,1232,102.58333333333337,1.5936209722502064
transect,wind,1233,102.66666666666663,1.5906421455468789
transect,wind,1234,102.75,1.6036642587480754
transect,wind,1235,102.83333333333337,1.5859452017100921
transect,wind,1236,102.91666666666663,1.600952301645038
transect,wind,1237,103.0,1.6285010158558164
transect,wind,1238,103.08333333333337,1.6576034472052146
transect,wind,1239,103.16666666666663,1.6880191811802003
transect,wind,1240,103.25,1.7190710209755788
transect,wind,1241,103.33333333333337,1.721458071212443
transect,wind,1242,103.41666666666663,1.7139649515889555
transect,wind,1243,103.5,1.6903037524827755
transect,wind,1244,103.58333333333337,1.6606215477280593
transect,wind,1245,103.66666666666663,1.6633900514529343
transect,wind,1246,103.75,1.6757070568171257
transect,wind,1247,103.83333333333337,1.7182414466092526
transect,wind,1248,103.91666666666663,1.6851805903806103
transect,wind,1249,104.0,1.6521303881701563
transect,wind,1250,104.08333333333337,1.6695882603713401
transect,wind,1251,104.16666666666663,1.6660475731053044
transect,wind,1252,104.25,1.658127690814892
transect,wind,1253,104.33333333333337,1.6844513305808517
transect,wind,1254,104.41666666666663,1.693848548077194
transect,wind,1255,104.5,1.7214269959760102
transect,wind,1256,104.58333333333337,1.679600859026055
transect,wind,1257,104.66666666666663,1.663580819203355
transect,wind,1258,104.75,1.6417855293339796
transect,wind,1259,104.83333333333337,1.6254995329400501
transect,wind,1260,104.91666666666663,1.5490510185771573
transect,wind,1261,105.0,1.543255857332444
transect,wind,1262,105.08333333333337,1.519923625078747
transect,wind,1263,105.16666666666663,1.47391663204865
transect,wind,1264,105.25,1.5183093720980068
transect,wind,1265,105.33333333333337,1.5521384369650209
transect,wind,1266,105.41666666666663,1.5461278530716804
transect,wind,1267,105.5,1.5522318408425695
transect,wind,1268,105.58333333333337,1.5513173026117149
transect,wind,1269,105.66666666666663,1.5466685117236212
transect,wind,1270,105.75,1.5617715145172455
transect,wind,1271,105.83333333333337,1.5540869340516754
transect,wind,1272,105.91666666666663,1.5463102346474096
transect,wind,1273,106.0,1.5491569078358405
transect,wind,1274,106.08333333333337,1.5649093170370159
transect,wind,1275,106.16666666666663,1.5769260778697505
transect,wind,1276,106.25,1.5684702942506414
transect,wind,1277,106.33333333333337,1.5813189913921242
transect,wind,1278,106.41666666666663,1.5945853260594995
transect,wind,1279,106.5,1.6118337233178408
transect,wind,1280,106.58333333333337,1.5966390366166965
transect,wind,1281,106.66666666666663,1.6083837943596302
transect,wind,1282,106.75,1.5948948683231268
transect,wind,1283,106.83333333333337,1.58114635260481
transect,wind,1284,106.91666666666663,1.5905155485083078
transect,wind,1285,107.0,1.593070067912414
transect,wind,1286,107.08333333333337,1.6017965148496838
transect,wind,1287,107.16666666666663,1.611399396182053
transect,wind,1288,107.25,1.5933996787922315
transect,wind,1289,107.33333333333337,1.5817332669073967
transect,wind,1290,107.41666666666663,1.6073669602923
transect,wind,1291,107.5,1.595829247067683
transect,wind,1292,107.58333333333337,1.5986339900601194
transect,wind,1293,107.66666666666663,1.6011321459094359
transect,wind,1294,107.75,1.6109155947638567
transect,wind,1295,107.83333333333337,1.6070067058837336
transect,wind,1296,107.91666666666663,1.6039095555940757
transect,wind,1297,108.0,1.6165712464995932
transect,wind,1298,108.08333333333337,1.6096960695400622
transect,wind,1299,108.16666666666663,1.6172361560989235
transect,wind,1300,108.25,1.6355834252337074
transect,wind,1301,108.33333333333337,1.6394220495570255
transect,wind,1302,108.41666666666663,1.663634218989699
transect,wind,1303,108.5,1.6568083753027205
transect,wind,1304,108.58333333333337,1.6516213170295642
transect,wind,1305,108.66666666666663,1.6653241382198358
transect,wind,1306,108.75,1.6744271110010218
transect,wind,1307,108.83333333333337,1.7089252821037948
transect,wind,1308,108.91666666666663,1.6909117518391583
transect,wind,1309,109.0,1.7005678828249444
transect,wind,1310,109.08333333333337,1.7554767772270257
transect,wind,1311,109.16666666666663,1.77308964084188
transect,wind,1312,109.25,1.7737297902513602
transect,wind,1313,109.33333333333337,1.7910800538904343
transect,wind,1314,109.41666666666663,1.8188381809903182
transect,wind,1315,109.5,1.8177139128888304
transect,wind,1316,109.58333333333337,1.8136640469883998
transect,wind,1317,109.66666666666663,1.8229518818793933
transect,wind,1318,109.75,1.8288695311717982
transect,wind,1319,109.83333333333337,1.8213683590270522
transect,wind,1320,109.91666666666663,1.8553942346283692
transect,wind,1321,110.0,1.861303636585216
transect,wind,1322,110.08333333333337,1.9083654343823204
transect,wind,1323,110.16666666666663,1.909749105953699
transect,wind,1324,110.25,1.9185824183046691
transect,wind,1325,110.33333333333337,1.9315710371187929
transect,wind,1326,110.41666666666663,1.9735582061614825
transect,wind,1327,110.5,1.9837028586399958
transect,wind,1328,110.58333333333337,2.0213846788730625
transect,wind,1329,110.66666666666663,2.0213623289464513
transect,wind,1330,110.75,2.009073845994455
transect,wind,1331,110.83333333333337,1.9788998762852865
transect,wind,1332,110.91666666666663,1.9950718934603984
transect,wind,1333,111.0,1.9643557783500993
transect,wind,1334,111.08333333333337,1.9882856630500605
transect,wind,1335,111.16666666666663,1.9870014007207468
transect,wind,1336,111.25,1.9763402166365664
transect,wind,1337,111.33333333333337,1.9542357937813255
transect,wind,1338,111.41666666666663,1.94389365731017
transect,wind,1339,111.5,1.9301635131563717
transect,wind,1340,111.58333333333337,1.928164560229567
transect,wind,1341,111.66666666666663,1.9149527720799024
transect,wind,1342,111.75,1.9085866952381654
transect,wind,1343,111.83333333333337,1.8944468916613642
transect,wind,1344,111.91666666666663,1.874383783372549
transect,wind,1345,112.0,1.834144522363318
transect,wind,1346,112.08333333333337,1.8134957478749987
transect,wind,1347,112.16666666666663,1.8144188084383808
transect,wind,1348,112.25,1.7907673747927164
transect,wind,1349,112.33333333333337,1.777544979728054
transect,wind,1350,112.41666666666663,1.770240840339445
transect,wind,1351,112.5,1.7646028391978519
transect,wind,1352,112.58333333333337,1.756996052909125
transect,wind,1353,112.66666666666663,1.7313067259851398
transect,wind,1354,112.75,1.7357253149635943
transect,wind,1355,112.83333333333337,1.7386596147136695
transect,wind,1356,112.91666666666663,1.7303545411547951
transect,wind,1357,113.0,1.729479868471988
transect,wind,1358,113.08333333333337,1.7093252798022882
transect,wind,1359,113.16666666666663,1.7035313309094542
transect,wind,1360,113.25,1.7106550452272389
transect,wind,1361,113.33333333333337,1.6981971278096422
transect,wind,1362,113.41666666666663,1.7068098293819771
transect,wind,1363,113.5,1.7008323364701474
transect,wind,1364,113.58333333333337,1.6866997633341345
transect,wind,1365,113.66666666666663,1.6742241604518657
transect,wind,1366,113.75,1.6669945566350939
transect,wind,1367,113.83333333333337,1.6703891248710212
transect,wind,1368,113.91666666666663,1.6763857101834827
transect,wind,1369,114.0,1.683529642564389
transect,wind,1370,114.08333333333337,1.6765469649285756
transect,wind,1371,114.16666666666663,1.6842419498065766
transect,wind,1372,114.25,1.67771243314869
transect,wind,1373,114.33333333333337,1.6749309244198871
transect,wind,1374,114.41666666666663,1.684454382586224
transect,wind,1375,114.5,1.6622812136606124
transect,wind,1376,114.58333333333337,1.6770927240485336
transect,wind,1377,114.66666666666663,1.679310718456134
transect,wind,1378,114.75,1.6738238279368896
transect,wind,1379,114.83333333333337,1.6738879233244177
transect,wind,1380,114.91666666666663,1.6550009740364826
transect,wind,1381,115.0,1.6836973796029508
transect,wind,1382,115.08333333333337,1.6620376589784311
transect,wind,1383,115.16666666666663,1.6392409075965422
transect,wind,1384,115.25,1.6594213249605847
transect,wind,1385,115.33333333333337,1.6550960054740387
transect,wind,1386,115.41666666666663,1.6623586974382905
transect,wind,1387,115.5,1.6511534202895493
transect,wind,1388,115.58333333333337,1.6397443493406125
transect,wind,1389,115.66666666666663,1.6112400029189142
transect,wind,1390,115.75,1.6273228245478686
transect,wind,1391,115.83333333333337,1.6085787324293095
transect,wind,1392,115.91666666666663,1.6347007789700778
transect,wind,1393,116.0,1.6292508775805996
transect,wind,1394,116.08333333333337,1.6209288768510863
transect,wind,1395,116.16666666666663,1.6375604152035366
transect,wind,1396,116.25,1.6502836019569547
transect,wind,1397,116.33333333333337,1.6386538388200558
transect,wind,1398,116.41666666666663,1.647653122806049
transect,wind,1399,116.5,1.6548764486041532
transect,wind,1400,116.58333333333337,1.688318825420212
transect,wind,1401,116.66666666666663,1.6712315332857264
transect,wind,1402,116.75,1.6925665889760182
transect,wind,1403,116.83333333333337,1.688276774148887
transect,wind,1404,116.91666666666663,1.692255378791071
transect,wind,1405,117.0,1.6690479192149792
transect,wind,1406,117.08333333333337,1.6785744178913504
transect,wind,1407,117.16666666666663,1.6755579936378688
transect,wind,1408,117.25,1.6871946332764143
transect,wind,1409,117.33333333333337,1.6585912057301662
transect,wind,1410,117.41666666666663,1.6488419567830706
transect,wind,1411,117.5,1.6478725671629604
transect,wind,1412,117.58333333333337,1.625808811392058
transect,wind,1413,117.66666666666663,1.6340727833907769
transect,wind,1414,117.75,1.622939179092807
transect,wind,1415,117.83333333333337,1.6510030108132785
transect,wind,1416,117.91666666666663,1.6415901188888735
transect,wind,1417,118.0,1.6254378228455946
transect,wind,1418,118.08333333333337,1.6191617746052271
transect,wind,1419,118.16666666666663,1.6033771156582097
transect,wind,1420,118.25,1.567247226883299
transect,wind,1421,118.33333333333337,1.5715050886420914
transect,wind,1422,118.41666666666663,1.5541349499172257
transect,wind,1423,118.5,1.5440103023317786
transect,wind,1424,118.58333333333337,1.5694091152910334
transect,wind,1425,118.66666666666663,1.559130228905229
transect,wind,1426,118.75,1.5401685825913696
transect,wind,1427,118.83333333333337,1.5336921273939166
transect,wind,1428,118.91666666666663,1.5038297889007777
transect,wind,1429,119.0,1.5139415147772601
transect,wind,1430,119.08333333333337,1.5087361479858452
transect,wind,1431,119.16666666666663,1.4958706140242772
transect,wind,1432,119.25,1.4869518888621385
transect,wind,1433,119.33333333333337,1.4637318806599797
transect,wind,1434,119.41666666666663,1.4757265175817
transect,wind,1435,119.5,1.4758626512457296
transect,wind,1436,119.58333333333337,1.4569051366288415
transect,wind,1437,119.66666666666663,1.4459424154359866
transect,wind,1438,119.75,1.434638776322156
transect,wind,1439,119.83333333333337,1.4312123103476233
transect,wind,1440,119.91666666666663,1.4218053073913153
transect,wind,1441,120.0,1.4309245574273444
transect,wind,1442,120.08333333333337,1.433036553093911
transect,wind,1443,120.16666666666663,1.4037027807126838
transect,wind,1444,120.25,1.4063939438005704
transect,wind,1445,120.33333333333337,1.4101263105543425
transect,wind,1446,120.41666666666663,1.4127695325302179
transect,wind,1447,120.5,1.414511331950936
transect,wind,1448,120.58333333333337,1.406368382428423
transect,wind,1449,120.66666666666663,1.3832846860687984
transect,wind,1450,120.75,1.3761104753145486
transect,wind,1451,120.83333333333337,1.3933590412112276
transect,wind,1452,120.91666666666663,1.3644224918393264
transect,wind,1453,121.0,1.3699585922412667
transect,wind,1454,121.08333333333337,1.374331073025649
transect,wind,1455,121.16666666666663,1.3883881943935747
transect,wind,1456,121.25,1.3723368250811743
transect,wind,1457,121.33333333333337,1.370994029715421
transect,wind,1458,121.41666666666663,1.366028775859302
transect,wind,1459,121.5,1.3678384935701917
transect,wind,1460,121.58333333333337,1.3373258965980406
transect,wind,1461,121.66666666666663,1.3330933422201878
transect,wind,1462,121.75,1.350825107228201
transect,wind,1463,121.83333333333337,1.3428042451019806
transect,wind,1464,121.91666666666663,1.3489394424557555
transect,wind,1465,122.0,1.361429891412192
transect,wind,1466,122.08333333333337,1.3393901638835302
transect,wind,1467,122.16666666666663,1.3434688155644536
transect,wind,1468,122.25,1.3421092539511472
transect,wind,1469,122.33333333333337,1.33027904746499
transect,wind,1470,122.41666666666663,1.3195527657675366
transect,wind,1471,122.5,1.3267692029906606
transect,wind,1472,122.58333333333337,1.3219239600399448
transect,wind,1473,122.66666666666663,1.315983164353788
transect,wind,1474,122.75,1.2982582268756535
transect,wind,1475,122.83333333333337,1.297848209790266
transect,wind,1476,122.91666666666663,1.314619377270852
transect,wind,1477,123.0,1.3116138264467894
transect,wind,1478,123.08333333333337,1.319582418397079
transect,wind,1479,123.16666666666663,1.3255516157902458
transect,wind,1480,123.25,1.3186042640949016
transect,wind,1481,123.33333333333337,1.3121546266541875
transect,wind,1482,123.41666666666663,1.3102515009882547
transect,wind,1483,123.5,1.309617396696135
transect,wind,1484,123.58333333333337,1.3141810102313902
transect,wind,1485,123.66666666666663,1.3215949140360421
transect,wind,1486,123.75,1.3303642283676647
transect,wind,1487,123.83333333333337,1.3298113708036345
transect,wind,1488,123.91666666666663,1.3225455028718556
transect,wind,1489,124.0,1.3195799557706709
transect,wind,1490,124.08333333333337,1.3174110602365074
transect,wind,1491,124.16666666666663,1.3290889284587215
transect,wind,1492,124.25,1.3334742193472444
transect,wind,1493,124.33333333333337,1.3438369897181959
transect,wind,1494,124.41666666666663,1.3419659384674727
transect,wind,1495,124.5,1.3437988425736385
transect,wind,1496,124.58333333333337,1.3576312651813238
transect,wind,1497,124.66666666666663,1.3636206161367945
transect,wind,1498,124.75,1.375488717256645
transect,wind,1499,124.83333333333337,1.3855179454088666
transect,wind,1500,124.91666666666663,1.4003225477890062
transect,wind,1501,125.0,1.416964354454187
transect,wind,1502,125.08333333333337,1.4272537748933514
transect,wind,1503,125.16666666666663,1.446652817194245
transect,wind,1504,125.25,1.4339195260813509
transect,wind,1505,125.33333333333337,1.4493735436951227
transect,wind,1506,125.41666666666663,1.4484589902156029
transect,wind,1507,125.5,1.448128592015509
transect,wind,1508,125.58333333333337,1.4683233077033322
transect,wind,1509,125.66666666666663,1.4593287912696156
transect,wind,1510,125.75,1.4748249172380359
transect,wind,1511,125.83333333333337,1.479313356839677
transect,wind,1512,125.91666666666663,1.5148567419617625
transect,wind,1513,126.0,1.496764490127599
transect,wind,1514,126.08333333333337,1.5020642380949094
transect,wind,1515,126.16666666666663,1.5164331465590581
transect,wind,1516,126.25,1.530736679024462
transect,wind,1517,126.33333333333337,1.581553939222663
transect,wind,1518,126.41666666666663,1.6046123137656658
transect,wind,1519,126.5,1.6007903160797425
transect,wind,1520,126.58333333333337,1.5826521453784594
transect,wind,1521,126.66666666666663,1.5904602756319313
transect,wind,1522,126.75,1.561789831970394
transect,wind,1523,126.83333333333337,1.5974182378298734
transect,wind,1524,126.91666666666663,1.581082478319696
transect,wind,1525,127.0,1.5982628093068727
transect,wind,1526,127.08333333333337,1.5946242513444182
transect,wind,1527,127.16666666666663,1.5922420472689642
transect,wind,1528,127.25,1.6162597126676501
transect,wind,1529,127.33333333333337,1.6002490212819587
transect,wind,1530,127.41666666666663,1.5593118188075918
transect,wind,1531,127.5,1.5407931623067903
transect,wind,1532,127.58333333333337,1.6002859670268894
transect,wind,1533,127.66666666666663,1.5811780772345232
transect,wind,1534,127.75,1.5770908385282851
transect,wind,1535,127.83333333333337,1.5091032527919517
transect,wind,1536,127.91666666666663,1.5445915335487386
transect,wind,1537,128.0,1.5421210973369361
transect,wind,1538,128.08333333333337,1.5358813905687365
transect,wind,1539,128.16666666666663,1.5189631151992982
transect,wind,1540,128.25,1.5134880649298583
transect,wind,1541,128.33333333333337,1.5111756681095954
transect,wind,1542,128.41666666666663,1.4753908184814086
transect,wind,1543,128.5,1.4463993416440715
transect,wind,1544,128.58333333333337,1.4444393163236626
transect,wind,1545,128.66666666666663,1.4095508119448197
transect,wind,1546,128.75,1.459128121719754
transect,wind,1547,128.83333333333337,1.4376268043229634
transect,wind,1548,128.91666666666663,1.448937886081226
transect,wind,1549,129.0,1.3780428311767952
transect,wind,1550,129.08333333333337,1.3262253956043175
transect,wind,1551,129.16666666666663,1.3471976787237843
transect,wind,1552,129.25,1.3500769374438155
transect,wind,1553,129.33333333333337,1.3332205700431812
transect,wind,1554,129.41666666666663,1.328942262235008
transect,wind,1555,129.5,1.352399419929025
transect,wind,1556,129.58333333333337,1.3487958040830144
transect,wind,1557,129.66666666666663,1.3396490368420173
transect,wind,1558,129.75,1.3000117851718367
transect,wind,1559,129.83333333333337,1.2950039267375342
transect,wind,1560,129.91666666666663,1.2901156497253654
transect,wind,1561,130.0,1.2738243302963155
transect,wind,1562,130.08333333333337,1.2746715037489995
transect,wind,1563,130.16666666666663,1.2797419198973232
transect,wind,1564,130.25,1.261191283244727
transect,wind,1565,130.33333333333337,1.2502167118981489
transect,wind,1566,130.41666666666663,1.226856842923007
transect,wind,1567,130.5,1.2243083947516444
transect,wind,1568,130.58333333333337,1.2491097180112438
transect,wind,1569,130.66666666666663,1.2397341971519307
transect,wind,1570,130.75,1.2329795006300655
transect,wind,1571,130.83333333333337,1.2268243150256477
transect,wind,1572,130.91666666666663,1.206032645761429
transect,wind,1573,131.0,1.2187559815558648
transect,wind,1574,131.08333333333337,1.1993027620772465
transect,wind,1575,131.16666666666663,1.2040762443053785
transect,wind,1576,131.25,1.2018483223847218
transect,wind,1577,131.33333333333337,1.2147663926247698
transect,wind,1578,131.41666666666663,1.1973649605146033
transect,wind,1579,131.5,1.178844401469411
transect,wind,1580,131.58333333333337,1.1830140662139814
transect,wind,1581,131.66666666666663,1.1981594469339403
transect,wind,1582,131.75,1.2010605752364114
transect,wind,1583,131.83333333333337,1.2053809436897007
transect,wind,1584,131.91666666666663,1.1942564647104217
transect,wind,1585,132.0,1.1979773916474914
transect,wind,1586,132.08333333333337,1.1929025679571672
transect,wind,1587,132.16666666666663,1.1999445443584968
transect,wind,1588,132.25,1.202569610156068
transect,wind,1589,132.33333333333337,1.1949675333945555
transect,wind,1590,132.41666666666663,1.1865996902147211
transect,wind,1591,132.5,1.1887200854760318
transect,wind,1592,132.58333333333337,1.1846274233743188
transect,wind,1593,132.66666666666663,1.186390380563414
transect,wind,1594,132.75,1.18531390041191
transect,wind,1595,132.83333333333337,1.1920282866197234
transect,wind,1596,132.91666666666663,1.1932330343091815
transect,wind,1597,133.0,1.195585455100069
transect,wind,1598,133.08333333333337,1.1918519001442724
transect,wind,1599,133.16666666666663,1.1908927928361168
transect,wind,1600,133.25,1.1876328954361604
transect,wind,1601,133.33333333333337,1.1960945743380955
transect,wind,1602,133.41666666666663,1.1958581012929876
transect,wind,1603,133.5,1.19557981794288
transect,wind,1604,133.58333333333337,1.197398000099112
transect,wind,1605,133.66666666666663,1.196372246464494
transect,wind,1606,133.75,1.1953193410404557
transect,wind,1607,133.83333333333337,1.1887035534464125
transect,wind,1608,133.91666666666663,1.1893409703835476
transect,wind,1609,134.0,1.1905495455599386
transect,wind,1610,134.08333333333337,1.1924650191322441
transect,wind,1611,134.16666666666663,1.1925606060266247
transect,wind,1612,134.25,1.1956216556983439
transect,wind,1613,134.33333333333337,1.2047946683273996
transect,wind,1614,134.41666666666663,1.2013481014365623
transect,wind,1615,134.5,1.2057530855261414
transect,wind,1616,134.58333333333337,1.2001823740284772
transect,wind,1617,134.66666666666663,1.20064744654715
transect,wind,1618,134.75,1.2008030727885572
transect,wind,1619,134.83333333333337,1.2024476821064876
transect,wind,1620,134.91666666666663,1.206584971482557
transect,wind,1621,135.0,1.2077798284807273
transect,wind,1622,135.08333333333337,1.2083918548563823
transect,wind,1623,135.16666666666663,1.2078188038130295
transect,wind,1624,135.25,1.207411252259913
transect,wind,1625,135.33333333333337,1.209582624110821
transect,wind,1626,135.41666666666663,1.2182046367173713
transect,wind,1627,135.5,1.2187303866737171
transect,wind,1628,135.58333333333337,1.2183762070990087
transect,wind,1629,135.66666666666663,1.223429592102638
transect,wind,1630,135.75,1.227040143693053
transect,wind,1631,135.83333333333337,1.217284483804318
transect,wind,1632,135.91666666666663,1.2183544470287822
transect,wind,1633,136.0,1.2243791348332569
transect,wind,1634,136.08333333333337,1.2300084532026905
transect,wind,1635,136.16666666666663,1.2280304284336705
transect,wind,1636,136.25,1.2294823042385035
transect,wind,1637,136.33333333333337,1.2304392387939966
transect,wind,1638,136.41666666666663,1.2355364674257383
transect,wind,1639,136.5,1.2339435421600418
transect,wind,1640,136.58333333333337,1.2314053212991538
transect,wind,1641,136.66666666666663,1.2357528208005186
transect,wind,1642,136.75,1.2400719615316922
transect,wind,1643,136.83333333333337,1.2380387685008902
transect,wind,1644,136.91666666666663,1.2474795121367748
transect,wind,1645,137.0,1.2578596654328733
transect,wind,1646,137.08333333333337,1.2529888147444095
transect,wind,1647,137.16666666666663,1.2551364177783173
transect,wind,1648,137.25,1.2469203095312098
transect,wind,1649,137.33333333333337,1.2543104726284957
transect,wind,1650,137.41666666666663,1.2563122447484125
transect,wind,1651,137.5,1.260396908945356
transect,wind,1652,137.58333333333337,1.2549650603493931
transect,wind,1653,137.66666666666663,1.2587798919931725
transect,wind,1654,137.75,1.2526434374194124
transect,wind,1655,137.83333333333337,1.2571695016090858
transect,wind,1656,137.91666666666663,1.2573771160619642
transect,wind,1657,138.0,1.261286926332989
transect,wind,1658,138.08333333333337,1.2587967569260405
transect,wind,1659,138.16666666666663,1.2557479308832404
transect,wind,1660,138.25,1.2571642930368085
transect,wind,1661,138.33333333333337,1.2556723911555148
transect,wind,1662,138.41666666666663,1.2640325132976507
transect,wind,1663,138.5,1.269209731062592
transect,wind,1664,138.58333333333337,1.2786155476052032
transect,wind,1665,138.66666666666663,1.2760619111692484
transect,wind,1666,138.75,1.283319473134492
transect,wind,1667,138.83333333333337,1.283923064740061
transect,wind,1668,138.91666666666663,1.2807195539581788
transect,wind,1669,139.0,1.2790303313890028
transect,wind,1670,139.08333333333337,1.2791902513607691
transect,wind,1671,139.16666666666663,1.277184451181161
transect,wind,1672,139.25,1.2806372729142594
transect,wind,1673,139.33333333333337,1.2794536147254136
transect,wind,1674,139.41666666666663,1.2802255588452456
transect,wind,1675,139.5,1.278647146041823
transect,wind,1676,139.58333333333337,1.27981618550272
transect,wind,1677,139.66666666666663,1.2803616967463478
transect,wind,1678,139.75,1.2853143772651243
transect,wind,1679,139.83333333333337,1.2846371271799508
transect,wind,1680,139.91666666666663,1.2871618848429185
transect,wind,1681,140.0,1.290551257444343
transect,wind,1682,140.08333333333337,1.2877736089389016
transect,wind,1683,140.16666666666663,1.2907429138904878
transect,wind,1684,140.25,1.2936401881488624
transect,wind,1685,140.33333333333337,1.2918958988809954
transect,wind,1686,140.41666666666663,1.293428321793536
transect,wind,1687,140.5,1.2972158597023942
transect,wind,1688,140.58333333333337,1.2929608042814629
transect,wind,1689,140.66666666666663,1.2937424210843964
transect,wind,1690,140.75,1.2952610500284316
transect,wind,1691,140.83333333333337,1.2986821811593119
transect,wind,1692,140.91666666666663,1.2940802060083914
transect,wind,1693,141.0,1.2915444268057625
transect,wind,1694,141.08333333333337,1.293947715288749
transect,wind,1695,141.16666666666663,1.2959109321897009
transect,wind,1696,141.25,1.2906783745043122
transect,wind,1697,141.33333333333337,1.2872512141885628
transect,wind,1698,141.41666666666663,1.2917880844757859
transect,wind,1699,141.5,1.2921926076438635
transect,wind,1700,141.58333333333337,1.2914794478173575
transect,wind,1701,141.66666666666663,1.2891263690964858
transect,wind,1702,141.75,1.288856805411029
transect,wind,1703,141.83333333333337,1.289864016121786
transect,wind,1704,141.91666666666663,1.2918422649209553
transect,wind,1705,142.0,1.2945081333824604
transect,wind,1706,142.08333333333337,1.2995694034291314
transect,wind,1707,142.16666666666663,1.3017388882760588
transect,wind,1708,142.25,1.3017594818295035
transect,wind,1709,142.33333333333337,1.3033630478561045
transect,wind,1710,142.41666666666663,1.3012311352046941
transect,wind,1711,142.5,1.309457086004749
transect,wind,1712,142.58333333333337,1.3118637636267803
transect,wind,1713,142.66666666666663,1.3179135883729334
transect,wind,1714,142.75,1.3267871363780241
transect,wind,1715,142.83333333333337,1.3359947922414042
transect,wind,1716,142.91666666666663,1.3469081164275767
transect,wind,1717,143.0,1.3644043585894738
transect,wind,1718,143.08333333333337,1.3725811494979945
transect,wind,1719,143.16666666666663,1.4025751917156193
transect,wind,1720,143.25,1.4297889044932262
transect,wind,1721,143.33333333333337,1.4397407117403338
transect,wind,1722,143.41666666666663,1.4629758547339127
transect,wind,1723,143.5,1.4493986083939692
transect,wind,1724,143.58333333333337,1.4892826877473446
transect,wind,1725,143.66666666666663,1.5371384352941038
transect,wind,1726,143.75,1.5446260465055703
transect,wind,1727,143.83333333333337,1.535894180858143
transect,wind,1728,143.91666666666663,1.5473551431211874
transect,wind,1729,144.0,1.558831970568234
transect,wind,1730,144.08333333333337,1.60401483199441
transect,wind,1731,144.16666666666663,1.5975904539125956
transect,wind,1732,144.25,1.5958255681862548
transect,wind,1733,144.33333333333337,1.5683804533748296
transect,wind,1734,144.41666666666663,1.570051726626721
transect,wind,1735,144.5,1.5956419988958823
transect,wind,1736,144.58333333333337,1.6069886535986695
transect,wind,1737,144.66666666666663,1.5941310820800871
transect,wind,1738,144.75,1.580598207875664
transect,wind,1739,144.83333333333337,1.5514079180879388
transect,wind,1740,144.91666666666663,1.529294204056383
transect,wind,1741,145.0,1.532434445518433
transect,wind,1742,145.08333333333337,1.538987101197755
transect,wind,1743,145.16666666666663,1.539666823467898
transect,wind,1744,145.25,1.5559963396819534
transect,wind,1745,145.33333333333337,1.53449878494586
transect,wind,1746,145.41666666666663,1.5287276039687496
transect,wind,1747,145.5,1.5273481335217827
transect,wind,1748,145.58333333333337,1.4888220167562487
transect,wind,1749,145.66666666666663,1.4819043551372002
transect,wind,1750,145.75,1.4745212936750027
transect,wind,1751,145.83333333333337,1.477465967081398
transect,wind,1752,145.91666666666663,1.4462661831187074
transect,wind,1753,146.0,1.4221713053106226
transect,wind,1754,146.08333333333337,1.3957583733608214
transect,wind,1755,146.16666666666663,1.4158752958745229
transect,wind,1756,146.25,1.408313521292446
transect,wind,1757,146.33333333333337,1.3853420283750786
transect,wind,1758,146.41666666666663,1.4030604269167348
transect,wind,1759,146.5,1.3902211254954218
transect,wind,1760,146.58333333333337,1.3830375469181437
transect,wind,1761,146.66666666666663,1.3754726206776025
transect,wind,1762,146.75,1.3694136564406083
transect,wind,1763,146.83333333333337,1.3724041563862308
transect,wind,1764,146.91666666666663,1.3639593890377217
transect,wind,1765,147.0,1.3481812239680486
transect,wind,1766,147.08333333333337,1.3560962183918703
transect,wind,1767,147.16666666666663,1.3569593973698952
transect,wind,1768,147.25,1.3527293058968701
transect,wind,1769,147.33333333333337,1.3434774912620793
transect,wind,1770,147.41666666666663,1.3502158912301148
transect,wind,1771,147.5,1.3260898781566475
transect,wind,1772,147.58333333333337,1.3276807086961286
transect,wind,1773,147.66666666666663,1.3351016896268504
transect,wind,1774,147.75,1.3202268715253356
transect,wind,1775,147.83333333333337,1.3298261617945641
transect,wind,1776,147.91666666666663,1.345242565747835
transect,wind,1777,148.0,1.349633278410972
transect,wind,1778,148.08333333333337,1.3318234000996052
transect,wind,1779,148.16666666666663,1.3335978328091793
transect,wind,1780,148.25,1.3278626106798905
transect,wind,1781,148.33333333333337,1.314541302342426
transect,wind,1782,148.41666666666663,1.316245100871407
transect,wind,1783,148.5,1.32761636053078
transect,wind,1784,148.58333333333337,1.3080445244725627
transect,wind,1785,148.66666666666663,1.3263103104282883
transect,wind,1786,148.75,1.3579224940839867
transect,wind,1787,148.83333333333337,1.3677483134616395
transect,wind,1788,148.91666666666663,1.3754303176042764
transect,wind,1789,149.0,1.364831260710569
transect,wind,1790,149.08333333333337,1.3633717332623279
transect,wind,1791,149.16666666666663,1.365907915389376
transect,wind,1792,149.25,1.3594816669990506
transect,wind,1793,149.33333333333337,1.3488775405812803
transect,wind,1794,149.41666666666663,1.346875525290373
transect,wind,1795,149.5,1.3402432011301628
transect,wind,1796,149.58333333333337,1.3480943399964862
transect,wind,1797,149.66666666666663,1.3569697224726265
transect,wind,1798,149.75,1.362379545304478
transect,wind,1799,149.83333333333337,1.3622053559326994
transect,wind,1800,149.91666666666663,1.3615012398253474
transect,wind,1801,150.0,1.3559834382025444
transect,wind,1802,150.08333333333337,1.3558594689300278
transect,wind,1803,150.16666666666663,1.3613103018244896
transect,wind,1804,150.25,1.365071459885359
transect,wind,1805,150.33333333333337,1.3569341691822359
transect,wind,1806,150.41666666666663,1.3590036482350993
transect,wind,1807,150.5,1.3796150509407343
transect,wind,1808,150.58333333333337,1.3738213206028054
transect,wind,1809,150.66666666666663,1.3733747887064096
transect,wind,1810,150.75,1.3810545087401107
transect,wind,1811,150.83333333333337,1.3854298011123753
transect,wind,1812,150.91666666666663,1.409499193803875
transect,wind,1813,151.0,1.4059636600478322
transect,wind,1814,151.08333333333337,1.3980280364780646
transect,wind,1815,151.16666666666663,1.401790318043968
transect,wind,1816,151.25,1.4127960780937743
transect,wind,1817,151.33333333333337,1.3984288919772985
transect,wind,1818,151.41666666666663,1.4052372467467351
transect,wind,1819,151.5,1.3933638977266702
transect,wind,1820,151.58333333333337,1.3951887620322105
transect,wind,1821,151.66666666666663,1.3947391259536648
transect,wind,1822,151.75,1.4164788387051135
transect,wind,1823,151.83333333333337,1.4305499283574228
transect,wind,1824,151.91666666666663,1.426091095287829
transect,wind,1825,152.0,1.418825910975805
transect,wind,1826,152.08333333333337,1.4177568566199532
transect,wind,1827,152.16666666666663,1.419837922045955
transect,wind,1828,152.25,1.4037574576155254
transect,wind,1829,152.33333333333337,1.4077557377758732
transect,wind,1830,152.41666666666663,1.4020906775176052
transect,wind,1831,152.5,1.387646388765706
transect,wind,1832,152.58333333333337,1.3831728927608322
transect,wind,1833,152.66666666666663,1.3748811706238737
transect,wind,1834,152.75,1.3757490796544005
transect,wind,1835,152.83333333333337,1.370757787807182
transect,wind,1836,152.91666666666663,1.3677341272564993
transect,wind,1837,153.0,1.3494127159420999
transect,wind,1838,153.08333333333337,1.3446968861713333
transect,wind,1839,153.16666666666663,1.3497233308971632
transect,wind,1840,153.25,1.3541280701412
transect,wind,1841,153.33333333333337,1.3442589341466151
transect,wind,1842,153.41666666666663,1.3410090276385755
transect,wind,1843,153.5,1.34292755196576
transect,wind,1844,153.58333333333337,1.3381330425253748
transect,wind,1845,153.66666666666663,1.346202213355003
transect,wind,1846,153.75,1.343086327869373
transect,wind,1847,153.83333333333337,1.340319031534541
transect,wind,1848,153.91666666666663,1.3441306433629916
transect,wind,1849,154.0,1.3376647278311575
transect,wind,1850,154.08333333333337,1.3359677883334329
transect,wind,1851,154.16666666666663,1.33429388833192
transect,wind,1852,154.25,1.331850893167386
transect,wind,1853,154.33333333333337,1.3356586804445902
transect,wind,1854,154.41666666666663,1.3304903056665365
transect,wind,1855,154.5,1.332981581381638
transect,wind,1856,154.58333333333337,1.333507045325317
transect,wind,1857,154.66666666666663,1.3300775418684048
transect,wind,1858,154.75,1.3287155099859596
transect,wind,1859,154.83333333333337,1.332292941310094
transect,wind,1860,154.91666666666663,1.329189962019257
transect,wind,1861,155.0,1.331956224486066
transect,wind,1862,155.08333333333337,1.331639141921265
transect,wind,1863,155.16666666666663,1.343275369810388
transect,wind,1864,155.25,1.3371106229754264
transect,wind,1865,155.33333333333337,1.3353985053313642
transect,wind,1866,155.41666666666663,1.3468924214604563
transect,wind,1867,155.5,1.3467012299541958
transect,wind,1868,155.58333333333337,1.337716298678398
transect,wind,1869,155.66666666666663,1.3382718347545832
transect,wind,1870,155.75,1.3425290415809314
transect,wind,1871,155.83333333333337,1.3425146052496053
transect,wind,1872,155.91666666666663,1.3376428313765283
transect,wind,1873,156.0,1.3385266500627533
transect,wind,1874,156.08333333333337,1.3356077136627271
transect,wind,1875,156.16666666666663,1.3378424550091832
transect,wind,1876,156.25,1.3438085791340626
transect,wind,1877,156.33333333333337,1.3444809559006647
transect,wind,1878,156.41666666666663,1.3379495272065156
transect,wind,1879,156.5,1.334792695178872
transect,wind,1880,156.58333333333337,1.3329715488268203
transect,wind,1881,156.66666666666663,1.334998218500621
transect,wind,1882,156.75,1.3389371390350757
transect,wind,1883,156.83333333333337,1.3359640044480354
transect,wind,1884,156.91666666666663,1.3356042060369626
transect,wind,1885,157.0,1.3341465699841009
transect,wind,1886,157.08333333333337,1.3347686404657029
transect,wind,1887,157.16666666666663,1.3369334888216318
transect,wind,1888,157.25,1.3377695259337372
transect,wind,1889,157.33333333333337,1.3356695320608065
transect,wind,1890,157.41666666666663,1.333691329245796
transect,wind,1891,157.5,1.335478619762365
transect,wind,1892,157.58333333333337,1.3354014222545447
transect,wind,1893,157.66666666666663,1.335120692914443
transect,wind,1894,157.75,1.3365923293315702
transect,wind,1895,157.83333333333337,1.3388219310061813
transect,wind,1896,157.91666666666663,1.3362495089779731
transect,wind,1897,158.0,1.3355829338310556
transect,wind,1898,158.08333333333337,1.3355935460368762
transect,wind,1899,158.16666666666663,1.3364053617661102
transect,wind,1900,158.25,1.3370825575653615
transect,wind,1901,158.33333333333337,1.3385423972562966
transect,wind,1902,158.41666666666663,1.3393014422531573
transect,wind,1903,158.5,1.3399770872702728
transect,wind,1904,158.58333333333337,1.3410474603969342
transect,wind,1905,158.66666666666663,1.340665650029563
transect,wind,1906,158.75,1.3424560943857449
transect,wind,1907,158.83333333333337,1.3429306789294506
transect,wind,1908,158.91666666666663,1.3434213928745842
transect,wind,1909,159.0,1.3442198684904447
transect,wind,1910,159.08333333333337,1.3453680358643816
transect,wind,1911,159.16666666666663,1.3466148454220768
transect,wind,1912,159.25,1.3466634574296008
transect,wind,1913,159.33333333333337,1.348177952919937
transect,wind,1914,159.41666666666663,1.3491499108563434
transect,wind,1915,159.5,1.3519999943067362
transect,wind,1916,159.58333333333337,1.3541534956046388
transect,wind,1917,159.66666666666663,1.350666999687174
transect,wind,1918,159.75,1.3436695670091992
transect,wind,1919,159.83333333333337,1.3496768802808532
transect,wind,1920,159.91666666666663,1.3488471520458925
transect,wind,1921,160.0,1.3546406485109246
transect,wind,1922,160.08333333333337,1.3511013066708455
transect,wind,1923,160.16666666666663,1.3502522875471368
transect,wind,1924,160.25,1.3554732323425918
transect,wind,1925,160.33333333333337,1.3526432267733954
transect,wind,1926,160.41666666666663,1.3532390522366586
transect,wind,1927,160.5,1.3522902395180554
transect,wind,1928,160.58333333333337,1.3488845650391807
transect,wind,1929,160.66666666666663,1.347744608387245
transect,wind,1930,160.75,1.3497205221221957
transect,wind,1931,160.83333333333337,1.3546660923864748
transect,wind,1932,160.91666666666663,1.3484505007152896
transect,wind,1933,161.0,1.355930591642545
transect,wind,1934,161.08333333333337,1.354740454529586
transect,wind,1935,161.16666666666663,1.3651714959950487
transect,wind,1936,161.25,1.3640693003760975
transect,wind,1937,161.33333333333337,1.3617354949803904
transect,wind,1938,161.41666666666663,1.3647645813705511
transect,wind,1939,161.5,1.3548190814748697
transect,wind,1940,161.58333333333337,1.359588058064573
transect,wind,1941,161.66666666666663,1.3546022317016477
transect,wind,1942,161.75,1.350450293481349
transect,wind,1943,161.83333333333337,1.3494599439539086
transect,wind,1944,161.91666666666663,1.3466772447487978
transect,wind,1945,162.0,1.347763927867513
transect,wind,1946,162.08333333333337,1.3486796666810275
transect,wind,1947,162.16666666666663,1.34826344549226
transect,wind,1948,162.25,1.349267019318832
transect,wind,1949,162.33333333333337,1.35003168808433
transect,wind,1950,162.41666666666663,1.3512629636906481
transect,wind,1951,162.5,1.3535415763578231
transect,wind,1952,162.58333333333337,1.354484105372222
transect,wind,1953,162.66666666666663,1.3564564739302298
transect,wind,1954,162.75,1.3579342663872036
transect,wind,1955,162.83333333333337,1.3631883543204038
transect,wind,1956,162.91666666666663,1.3688248844874114
transect,wind,1957,163.0,1.3736604012814073
transect,wind,1958,163.08333333333337,1.3748823241826649
transect,wind,1959,163.16666666666663,1.3727527730296785
transect,wind,1960,163.25,1.374829953151553
transect,wind,1961,163.33333333333337,1.3811383174015943
transect,wind,1962,163.41666666666663,1.3841120757157575
transect,wind,1963,163.5,1.3888622338968275
transect,wind,1964,163.58333333333337,1.4166684327748493
transect,wind,1965,163.66666666666663,1.4101672911298757
transect,wind,1966,163.75,1.4047379558307773
transect,wind,1967,163.83333333333337,1.4074989132421514
transect,wind,1968,163.91666666666663,1.428012315375876
transect,wind,1969,164.0,1.4521194690576058
transect,wind,1970,164.08333333333337,1.466204360973432
transect,wind,1971,164.16666666666663,1.4686444189835026
transect,wind,1972,164.25,1.460048720309683
transect,wind,1973,164.33333333333337,1.44895127780242
transect,wind,1974,164.41666666666663,1.466427896099942
transect,wind,1975,164.5,1.4764811338915889
transect,wind,1976,164.58333333333337,1.503739929220019
transect,wind,1977,164.66666666666663,1.5146813738376284
transect,wind,1978,164.75,1.5548177663585458
transect,wind,1979,164.83333333333337,1.5558550169777348
transect,wind,1980,164.91666666666663,1.5650271317919888
transect,wind,1981,165.0,1.5924766174194285
transect,wind,1982,165.08333333333337,1.6393302572413146
transect,wind,1983,165.16666666666663,1.6445645595082226
transect,wind,1984,165.25,1.6568796717607004
transect,wind,1985,165.33333333333337,1.6629649842352399
transect,wind,1986,165.41666666666663,1.7143253116042831
transect,wind,1987,165.5,1.7395821919652785
transect,wind,1988,165.58333333333337,1.6939777770776452
transect,wind,1989,165.66666666666663,1.7406590602516145
transect,wind,1990,165.75,1.7916672445631159
transect,wind,1991,165.83333333333337,1.8054077136256221
transect,wind,1992,165.91666666666663,1.793532527007451
transect,wind,1993,166.0,1.833247438059073
transect,wind,1994,166.08333333333337,1.8139795860189603
transect,wind,1995,166.16666666666663,1.8156537322582815
transect,wind,1996,166.25,1.7969977433379265
transect,wind,1997,166.33333333333337,1.8148995397049164
transect,wind,1998,166.41666666666663,1.8227540668187838
transect,wind,1999,166.5,1.8487447290328929
transect,wind,2000,166.58333333333337,1.824908271521019
transect,wind,2001,166.66666666666663,1.8362545242988235
transect,wind,2002,166.75,1.847827786677112
transect,wind,2003,166.83333333333337,1.8032488849350934
transect,wind,2004,166.91666666666663,1.8231846199295523
transect,wind,2005,167.0,1.8151487190496873
transect,wind,2006,167.08333333333337,1.81387210380524
transect,wind,2007,167.16666666666663,1.758282054715741
transect,wind,2008,167.25,1.72040998080663
transect,wind,2009,167.33333333333337,1.6597273117316065
transect,wind,2010,167.41666666666663,1.6468430757348782
transect,wind,2011,167.5,1.631828126009583
transect,wind,2012,167.58333333333337,1.656274025211225
transect,wind,2013,167.66666666666663,1.618050235192187
transect,wind,2014,167.75,1.6236262786095148
transect,wind,2015,167.83333333333337,1.6614369901855235
transect,wind,2016,167.91666666666663,1.610537424855021
transect,wind,2017,168.0,1.6196273692983663
transect,wind,2018,168.08333333333337,1.575925906940306
transect,wind,2019,168.16666666666663,1.5236395975758885
transect,wind,2020,168.25,1.4947387542930197
transect,wind,2021,168.33333333333337,1.4568827545997203
transect,wind,2022,168.41666666666663,1.4464656508821694
transect,wind,2023,168.5,1.434696783627888
transect,wind,2024,168.58333333333337,1.4552488710492693
transect,wind,2025,168.66666666666663,1.4072729376366693
transect,wind,2026,168.75,1.4067963149481149
transect,wind,2027,168.83333333333337,1.391053583937455
transect,wind,2028,168.91666666666663,1.3622757097691407
transect,wind,2029,169.0,1.3786193567584868
transect,wind,2030,169.08333333333337,1.3768196220397193
transect,wind,2031,169.16666666666663,1.3569674720316212
transect,wind,2032,169.25,1.3585926619064037
transect,wind,2033,169.33333333333337,1.3665608193650447
transect,wind,2034,169.41666666666663,1.3636422225188076
transect,wind,2035,169.5,1.3817063993897858
transect,wind,2036,169.58333333333337,1.3838039677013836
transect,wind,2037,169.66666666666663,1.3892235253578338
transect,wind,2038,169.75,1.3700402204876554
transect,wind,2039,169.83333333333337,1.385715282923161
transect,wind,2040,169.91666666666663,1.3985648002804172
transect,wind,2041,170.0,1.3890994362593805
transect,wind,2042,170.08333333333337,1.3958438578011638
transect,wind,2043,170.16666666666663,1.3965839295684304
transect,wind,2044,170.25,1.4137560408901648
transect,wind,2045,170.33333333333337,1.404269449024019
transect,wind,2046,170.41666666666663,1.4100776848583456
transect,wind,2047,170.5,1.3896584632050515
transect,wind,2048,170.58333333333337,1.4139325133896716
transect,wind,2049,170.66666666666663,1.4105373496039662
transect,wind,2050,170.75,1.4123993428814405
transect,wind,2051,170.83333333333337,1.409035776706757
transect,wind,2052,170.91666666666663,1.4202258075861667
transect,wind,2053,171.0,1.4177574787399279
transect,wind,2054,171.08333333333337,1.4192418274071923
transect,wind,2055,171.16666666666663,1.4110933410830688
transect,wind,2056,171.25,1.4018446700847411
transect,wind,2057,171.33333333333337,1.4048476433927881
transect,wind,2058,171.41666666666663,1.4266985250231796
transect,wind,2059,171.5,1.4150514918576265
transect,wind,2060,171.58333333333337,1.428524437707546
transect,wind,2061,171.66666666666663,1.4127086838123653
transect,wind,2062,171.75,1.4218374602382091
transect,wind,2063,171.83333333333337,1.4151478883765858
transect,wind,2064,171.91666666666663,1.431984797995878
transect,wind,2065,172.0,1.4309835658508443
transect,wind,2066,172.08333333333337,1.4416508583272354
transect,wind,2067,172.16666666666663,1.4513703258027373
transect,wind,2068,172.25,1.4574066747246575
transect,wind,2069,172.33333333333337,1.4815183362981676
transect,wind,2070,172.41666666666663,1.4854359579086236
transect,wind,2071,172.5,1.4705040566313337
transect,wind,2072,172.58333333333337,1.495753786623515
transect,wind,2073,172.66666666666663,1.4739136470170506
transect,wind,2074,172.75,1.5056623277966301
transect,wind,2075,172.83333333333337,1.5416822878344303
transect,wind,2076,172.91666666666663,1.536155384673615
transect,wind,2077,173.0,1.5270268218571572
transect,wind,2078,173.08333333333337,1.548055801265382
transect,wind,2079,173.16666666666663,1.5632180367773214
transect,wind,2080,173.25,1.613871347162742
transect,wind,2081,173.33333333333337,1.6190518490822954
transect,wind,2082,173.41666666666663,1.6200203469092076
transect,wind,2083,173.5,1.6248694060996676
transect,wind,2084,173.58333333333337,1.6596182936295027
transect,wind,2085,173.66666666666663,1.6789773205238405
transect,wind,2086,173.75,1.6604460447588216
transect,wind,2087,173.83333333333337,1.7211504646096145
transect,wind,2088,173.91666666666663,1.7352948640533359
transect,wind,2089,174.0,1.7653624144693911
transect,wind,2090,174.08333333333337,1.7856015633900035
transect,wind,2091,174.16666666666663,1.7599024251704751
transect,wind,2092,174.25,1.76052118319516
transect,wind,2093,174.33333333333337,1.7503335774191642
transect,wind,2094,174.41666666666663,1.7933113277856887
transect,wind,2095,174.5,1.808032197124224
transect,wind,2096,174.58333333333337,1.79280737533195
transect,wind,2097,174.66666666666663,1.8168539509606605
transect,wind,2098,174.75,1.8269007740341234
transect,wind,2099,174.83333333333337,1.803418167923891
transect,wind,2100,174.91666666666663,1.8074540130566699
transect,wind,2101,175.0,1.8188740650378792
transect,wind,2102,175.08333333333337,1.797600712876918
transect,wind,2103,175.16666666666663,1.7864445419701942
transect,wind,2104,175.25,1.8173014630080804
transect,wind,2105,175.33333333333337,1.784161477039062
transect,wind,2106,175.41666666666663,1.7702368729554887
transect,wind,2107,175.5,1.7569246241028218
transect,wind,2108,175.58333333333337,1.7382779618173487
transect,wind,2109,175.66666666666663,1.6896078595527602
transect,wind,2110,175.75,1.6914681094313782
transect,wind,2111,175.83333333333337,1.700100465100623
transect,wind,2112,175.91666666666663,1.6685029900207597
transect,wind,2113,176.0,1.6460479456614556
transect,wind,2114,176.08333333333337,1.6632364493713878
transect,wind,2115,176.16666666666663,1.6467267644173298
transect,wind,2116,176.25,1.663111931553368
transect,wind,2117,176.33333333333337,1.6373269275499358
transect,wind,2118,176.41666666666663,1.6033657603295421
transect,wind,2119,176.5,1.583771744554264
transect,wind,2120,176.58333333333337,1.557983562896267
transect,wind,2121,176.66666666666663,1.5870298490729833
transect,wind,2122,176.75,1.5725259091192165
transect,wind,2123,176.83333333333337,1.5806210392895832
transect,wind,2124,176.91666666666663,1.5660608007248837
transect,wind,2125,177.0,1.5520523480522888
transect,wind,2126,177.08333333333337,1.5519914072131178
transect,wind,2127,177.16666666666663,1.5387060259547487
transect,wind,2128,177.25,1.553212900864568
transect,wind,2129,177.33333333333337,1.5373898021570125
transect,wind,2130,177.41666666666663,1.5199064739890802
transect,wind,2131,177.5,1.5147003133821826
transect,wind,2132,177.58333333333337,1.5093071000522216
transect,wind,2133,177.66666666666663,1.497165756134878
transect,wind,2134,177.75,1.4991632371713266
transect,wind,2135,177.83333333333337,1.495303217264953
transect,wind,2136,177.91666666666663,1.4958545475495144
transect,wind,2137,178.0,1.5035762612262233
transect,wind,2138,178.08333333333337,1.500322433528107
transect,wind,2139,178.16666666666663,1.4885065100917578
transect,wind,2140,178.25,1.4715390061080562
transect,wind,2141,178.33333333333337,1.4561885813697673
transect,wind,2142,178.41666666666663,1.4501331371510076
transect,wind,2143,178.5,1.445154855596629
transect,wind,2144,178.58333333333337,1.450240703237113
transect,wind,2145,178.66666666666663,1.455004387161098
transect,wind,2146,178.75,1.4683278061309428
transect,wind,2147,178.83333333333337,1.4706325189238771
transect,wind,2148,178.91666666666663,1.4568851729420227
transect,wind,2149,179.0,1.4590951769284106
transect,wind,2150,179.08333333333337,1.4557468665808269
transect,wind,2151,179.16666666666663,1.4611071695350013
transect,wind,2152,179.25,1.4605258881699228
transect,wind,2153,179.33333333333337,1.4410805200747243
transect,wind,2154,179.41666666666663,1.4389929898312634
transect,wind,2155,179.5,1.4623358441431729
transect,wind,2156,179.58333333333337,1.4830726216464765
transect,wind,2157,179.66666666666663,1.4624989754054212
transect,wind,2158,179.75,1.438427996833335
transect,wind,2159,179.83333333333337,1.414946364940361
transect,wind,2160,179.91666666666663,1.4339625123170872
transect,wind,2161,180.0,1.4309066390239225
transect,wind,2162,180.08333333333337,1.4120562187629024
transect,wind,2163,180.16666666666663,1.3932662903640913
transect,wind,2164,180.25,1.3890666966590188
transect,wind,2165,180.33333333333337,1.3957401169514154
transect,wind,2166,180.41666666666663,1.3907724424315295
transect,wind,2167,180.5,1.3809598124449407
transect,wind,2168,180.58333333333337,1.383424180003899
transect,wind,2169,180.66666666666663,1.395413477291327
transect,wind,2170,180.75,1.4114768380729406
transect,wind,2171,180.83333333333337,1.3834912220581799
transect,wind,2172,180.91666666666663,1.3468762175657258
transect,wind,2173,181.0,1.3343560789501752
transect,wind,2174,181.08333333333337,1.3385591575739635
transect,wind,2175,181.16666666666663,1.3423493768967838
transect,wind,2176,181.25,1.3347302353062422
transect,wind,2177,181.33333333333337,1.3331759123812175
transect,wind,2178,181.41666666666663,1.3289183236553432
transect,wind,2179,181.5,1.3003998632441345
transect,wind,2180,181.58333333333337,1.309989889780919
transect,wind,2181,181.66666666666663,1.2912529778921067
transect,wind,2182,181.75,1.3010081846741752
transect,wind,2183,181.83333333333337,1.268722574539361
transect,wind,2184,181.91666666666663,1.2613044680813499
transect,wind,2185,182.0,1.2575564102486312
transect,wind,2186,182.08333333333337,1.2515748428404851
transect,wind,2187,182.16666666666663,1.240879614740696
transect,wind,2188,182.25,1.2180688534149298
transect,wind,2189,182.33333333333337,1.2352759889489124
transect,wind,2190,182.41666666666663,1.2257667493306976
transect,wind,2191,182.5,1.210085174440559
transect,wind,2192,182.58333333333337,1.2247902492715048
transect,wind,2193,182.66666666666663,1.2269305244675788
transect,wind,2194,182.75,1.2065352004482086
transect,wind,2195,182.83333333333337,1.2088496609141877
transect,wind,2196,182.91666666666663,1.211057828210394
transect,wind,2197,183.0,1.2167680402104322
transect,wind,2198,183.08333333333337,1.2190144034967032
transect,wind,2199,183.16666666666663,1.206757032183108
transect,wind,2200,183.25,1.2157233758371573
transect,wind,2201,183.33333333333337,1.1989060163669563
transect,wind,2202,183.41666666666663,1.192724590458406
transect,wind,2203,183.5,1.200834691159106
transect,wind,2204,183.58333333333337,1.2028386524893848
transect,wind,2205,183.66666666666663,1.1797276313674745
transect,wind,2206,183.75,1.1815152739129644
transect,wind,2207,183.83333333333337,1.1815882755453946
transect,wind,2208,183.91666666666663,1.1855462486240471
transect,wind,2209,184.0,1.1734936512492382
transect,wind,2210,184.08333333333337,1.1765149975836695
transect,wind,2211,184.16666666666663,1.1832758961767291
transect,wind,2212,184.25,1.17605259752601
transect,wind,2213,184.33333333333337,1.176474333549436
transect,wind,2214,184.41666666666663,1.1753480443311128
transect,wind,2215,184.5,1.1705894125361895
transect,wind,2216,184.58333333333337,1.1905756521590032
transect,wind,2217,184.66666666666663,1.1791424244514879
transect,wind,2218,184.75,1.1774942465365863
transect,wind,2219,184.83333333333337,1.1722863623272595
transect,wind,2220,184.91666666666663,1.1953806477607427
transect,wind,2221,185.0,1.179693703847834
transect,wind,2222,185.08333333333337,1.1896609939760716
transect,wind,2223,185.16666666666663,1.1843624121029523
transect,wind,2224,185.25,1.1779712609743944
transect,wind,2225,185.33333333333337,1.1788874243722356
transect,wind,2226,185.41666666666663,1.187700765049692
transect,wind,2227,185.5,1.1885778809844698
transect,wind,2228,185.58333333333337,1.1873581931241808
transect,wind,2229,185.66666666666663,1.1746612334109123
transect,wind,2230,185.75,1.1739514887520506
transect,wind,2231,185.83333333333337,1.1683445794690912
transect,wind,2232,185.91666666666663,1.1698186867328115
transect,wind,2233,186.0,1.163867046414249
transect,wind,2234,186.08333333333337,1.1590905135564664
transect,wind,2235,186.16666666666663,1.1685191920796398
transect,wind,2236,186.25,1.1604691255686095
transect,wind,2237,186.33333333333337,1.1774346694223603
transect,wind,2238,186.41666666666663,1.1834199511483632
transect,wind,2239,186.5,1.1806251029352655
transect,wind,2240,186.58333333333337,1.1838493235627707
transect,wind,2241,186.66666666666663,1.1836408516711305
transect,wind,2242,186.75,1.1969639712387319
transect,wind,2243,186.83333333333337,1.1944579051566109
transect,wind,2244,186.91666666666663,1.1880986689215227
transect,wind,2245,187.0,1.1821370127635153
transect,wind,2246,187.08333333333337,1.1789256121717815
transect,wind,2247,187.16666666666663,1.1809963072341159
transect,wind,2248,187.25,1.1823156859368378
transect,wind,2249,187.33333333333337,1.1918287764637905
transect,wind,2250,187.41666666666663,1.1981287103938598
transect,wind,2251,187.5,1.2023471473509875
transect,wind,2252,187.58333333333337,1.1993488386113798
transect,wind,2253,187.66666666666663,1.1958542427900953
transect,wind,2254,187.75,1.1915087766560395
transect,wind,2255,187.83333333333337,1.1938387028879867
transect,wind,2256,187.91666666666663,1.1977564185185217
transect,wind,2257,188.0,1.1951684803620912
transect,wind,2258,188.08333333333337,1.2030558190868899
transect,wind,2259,188.16666666666663,1.202036714137256
transect,wind,2260,188.25,1.2010675509936042
transect,wind,2261,188.33333333333337,1.19899265046916
transect,wind,2262,188.41666666666663,1.201775111172641
transect,wind,2263,188.5,1.2110359797642916
transect,wind,2264,188.58333333333337,1.2230446722215111
transect,wind,2265,188.66666666666663,1.2142427606915738
transect,wind,2266,188.75,1.228984327429497
transect,wind,2267,188.83333333333337,1.250778742722279
transect,wind,2268,188.91666666666663,1.2334994688334158
transect,wind,2269,189.0,1.2375170062145677
transect,wind,2270,189.08333333333337,1.2413024976356746
transect,wind,2271,189.16666666666663,1.240910081594758
transect,wind,2272,189.25,1.253179456389945
transect,wind,2273,189.33333333333337,1.2707817346855261
transect,wind,2274,189.41666666666663,1.2565041292147527
transect,wind,2275,189.5,1.2876266585673175
transect,wind,2276,189.58333333333337,1.289360442707346
transect,wind,2277,189.66666666666663,1.3098609543690076
transect,wind,2278,189.75,1.2955792828527115
transect,wind,2279,189.83333333333337,1.3159290822813174
transect,wind,2280,189.91666666666663,1.2989322694056793
transect,wind,2281,190.0,1.3000390796180834
transect,wind,2282,190.08333333333337,1.296655713336265
transect,wind,2283,190.16666666666663,1.2976454655816863
transect,wind,2284,190.25,1.2918389430760868
transect,wind,2285,190.33333333333337,1.3192538295891285
transect,wind,2286,190.41666666666663,1.3830699407387175
transect,wind,2287,190.5,1.3981981480393564
transect,wind,2288,190.58333333333337,1.3647238383249927
transect,wind,2289,190.66666666666663,1.3765282836019226
transect,wind,2290,190.75,1.4116025753897232
transect,wind,2291,190.83333333333337,1.4436385161920327
transect,wind,2292,190.91666666666663,1.4390721537340756
transect,wind,2293,191.0,1.4794422080210414
transect,wind,2294,191.08333333333337,1.4509722868131507
transect,wind,2295,191.16666666666663,1.4611191027355896
transect,wind,2296,191.25,1.4780824325878532
transect,wind,2297,191.33333333333337,1.4445170517714556
transect,wind,2298,191.41666666666663,1.4449202976205384
transect,wind,2299,191.5,1.464332710954766
transect,wind,2300,191.58333333333337,1.482600887510555
transect,wind,2301,191.66666666666663,1.5314676213626108
transect,wind,2302,191.75,1.516568788855476
transect,wind,2303,191.83333333333337,1.486504915847499
transect,wind,2304,191.91666666666663,1.4526229734882274
transect,wind,2305,192.0,1.4662277901622711
transect,wind,2306,192.08333333333337,1.4395498185947508
transect,wind,2307,192.16666666666663,1.4426772484161399
transect,wind,2308,192.25,1.4098131020160065
transect,wind,2309,192.33333333333337,1.3930457972007144
transect,wind,2310,192.41666666666663,1.3941234770798359
transect,wind,2311,192.5,1.378998488130359
transect,wind,2312,192.58333333333337,1.4106241459712459
transect,wind,2313,192.66666666666663,1.393228996668811
transect,wind,2314,192.75,1.4002397873182375
transect,wind,2315,192.83333333333337,1.3992507636605838
transect,wind,2316,192.91666666666663,1.3630829184837576
transect,wind,2317,193.0,1.3411035342822069
transect,wind,2318,193.08333333333337,1.315421845753874
transect,wind,2319,193.16666666666663,1.2716821391986692
transect,wind,2320,193.25,1.289076205316358
transect,wind,2321,193.33333333333337,1.278845473187213
transect,wind,2322,193.41666666666663,1.2863804289021206
transect,wind,2323,193.5,1.2721572551706812
transect,wind,2324,193.58333333333337,1.2733923989212794
transect,wind,2325,193.66666666666663,1.2427314818434883
transect,wind,2326,193.75,1.2566680911028845
transect,wind,2327,193.83333333333337,1.2186851310618425
transect,wind,2328,193.91666666666663,1.193938241699115
transect,wind,2329,194.0,1.1971232602296544
transect,wind,2330,194.08333333333337,1.1875363374977552
transect,wind,2331,194.16666666666663,1.1895467023979445
transect,wind,2332,194.25,1.1818498043788788
transect,wind,2333,194.33333333333337,1.1883309758935856
transect,wind,2334,194.41666666666663,1.1548192829222488
transect,wind,2335,194.5,1.1479912960090692
transect,wind,2336,194.58333333333337,1.157199950757504
transect,wind,2337,194.66666666666663,1.1499280664085354
transect,wind,2338,194.75,1.141266066401159
transect,wind,2339,194.83333333333337,1.1307852407013699
transect,wind,2340,194.91666666666663,1.1458416331946446
transect,wind,2341,195.0,1.1387240600068311
transect,wind,2342,195.08333333333337,1.1264394449649682
transect,wind,2343,195.16666666666663,1.1349628300303427
transect,wind,2344,195.25,1.1371592646929343
transect,wind,2345,195.33333333333337,1.1341833494944964
transect,wind,2346,195.41666666666663,1.1164798450547453
transect,wind,2347,195.5,1.122588754757095
transect,wind,2348,195.58333333333337,1.1161710938463083
transect,wind,2349,195.66666666666663,1.1222753940513797
transect,wind,2350,195.75,1.1198401555392197
transect,wind,2351,195.83333333333337,1.1196535013693354
transect,wind,2352,195.91666666666663,1.114704604244094
transect,wind,2353,196.0,1.11914516379223
transect,wind,2354,196.08333333333337,1.1268861318142838
transect,wind,2355,196.16666666666663,1.1269907149374414
transect,wind,2356,196.25,1.1193669045571955
transect,wind,2357,196.33333333333337,1.1174239170749836
transect,wind,2358,196.41666666666663,1.1190930665093906
transect,wind,2359,196.5,1.118890555695293
transect,wind,2360,196.58333333333337,1.119308210990198
transect,wind,2361,196.66666666666663,1.1189784300107746
transect,wind,2362,196.75,1.1243383581132316
transect,wind,2363,196.83333333333337,1.1208416046184562
transect,wind,2364,196.91666666666663,1.1218745140886868
transect,wind,2365,197.0,1.1255606025306266
transect,wind,2366,197.08333333333337,1.1256807494027157
transect,wind,2367,197.16666666666663,1.1259719689599756
transect,wind,2368,197.25,1.128388767865443
transect,wind,2369,197.33333333333337,1.1303451941236942
transect,wind,2370,197.41666666666663,1.1310500582300722
transect,wind,2371,197.5,1.1317702488963175
transect,wind,2372,197.58333333333337,1.13326539118121
transect,wind,2373,197.66666666666663,1.1327504806220832
transect,wind,2374,197.75,1.1386481041722085
transect,wind,2375,197.83333333333337,1.1376616631928145
transect,wind,2376,197.91666666666663,1.1378891293971543
transect,wind,2377,198.0,1.1383177794476278
transect,wind,2378,198.08333333333337,1.1438624312471424
transect,wind,2379,198.16666666666663,1.1438686911356615
transect,wind,2380,198.25,1.1496865874011035
transect,wind,2381,198.33333333333337,1.1615613124251831
transect,wind,2382,198.41666666666663,1.1596825947501563
transect,wind,2383,198.5,1.1574523404905455
transect,wind,2384,198.58333333333337,1.1559895330744892
transect,wind,2385,198.66666666666663,1.1554867772501962
transect,wind,2386,198.75,1.170654705103059
transect,wind,2387,198.83333333333337,1.1682153570437073
transect,wind,2388,198.91666666666663,1.1610342837938188
transect,wind,2389,199.0,1.1590273739906176
transect,wind,2390,199.08333333333337,1.1722094929457703
transect,wind,2391,199.16666666666663,1.1750049614668858
transect,wind,2392,199.25,1.1682230093666817
transect,wind,2393,199.33333333333337,1.1719529995270046
transect,wind,2394,199.41666666666663,1.178545996434089
transect,wind,2395,199.5,1.1911383438542207
transect,wind,2396,199.58333333333337,1.1839177136476662
transect,wind,2397,199.66666666666663,1.1796299669526435
transect,wind,2398,199.75,1.1705807101713377
transect,wind,2399,199.83333333333337,1.1711693683693292
transect,wind,2400,199.91666666666663,1.1701009313230677
transect,wind,2401,200.0,1.1762029606347308
transect,wind,2402,200.08333333333337,1.1923615363426865
transect,wind,2403,200.16666666666663,1.1849682511030117
transect,wind,2404,200.25,1.1814954970767715
transect,wind,2405,200.33333333333337,1.1830708881633116
transect,wind,2406,200.41666666666663,1.2011026474381186
transect,wind,2407,200.5,1.1792708553308282
transect,wind,2408,200.58333333333337,1.1835822743654847
transect,wind,2409,200.66666666666663,1.176031961136163
transect,wind,2410,200.75,1.1766348240875002
transect,wind,2411,200.83333333333337,1.1716675941476744
transect,wind,2412,200.91666666666663,1.1754574822810349
transect,wind,2413,201.0,1.1744885728833663
transect,wind,2414,201.08333333333337,1.1738528079886636
transect,wind,2415,201.16666666666663,1.1733201909492241
transect,wind,2416,201.25,1.1737582309636825
transect,wind,2417,201.33333333333337,1.1766049180708038
transect,wind,2418,201.41666666666663,1.1771563910767864
transect,wind,2419,201.5,1.1780672732809212
transect,wind,2420,201.58333333333337,1.178486639345637
transect,wind,2421,201.66666666666663,1.1810424093928702
transect,wind,2422,201.75,1.1812047378951531
transect,wind,2423,201.83333333333337,1.1829228269774241
transect,wind,2424,201.91666666666663,1.1853034465863397
transect,wind,2425,202.0,1.1871758635123704
transect,wind,2426,202.08333333333337,1.1880201412158797
transect,wind,2427,202.16666666666663,1.1930117997054404
transect,wind,2428,202.25,1.1918812747068779
transect,wind,2429,202.33333333333337,1.1898333781093668
transect,wind,2430,202.41666666666663,1.1888906520692808
transect,wind,2431,202.5,1.186785651220267
transect,wind,2432,202.58333333333337,1.1867211872284895
transect,wind,2433,202.66666666666663,1.1876574070253874
transect,wind,2434,202.75,1.1897954848032581
transect,wind,2435,202.83333333333337,1.1893389577726754
transect,wind,2436,202.91666666666663,1.1906639216444386
transect,wind,2437,203.0,1.1905632925829805
transect,wind,2438,203.08333333333337,1.1901259259182715
transect,wind,2439,203.16666666666663,1.1904032493408925
transect,wind,2440,203.25,1.1918973573145109
transect,wind,2441,203.33333333333337,1.1931125683168433
transect,wind,2442,203.41666666666663,1.1934019232445603
transect,wind,2443,203.5,1.194163815133808
transect,wind,2444,203.58333333333337,1.1959187676905743
transect,wind,2445,203.66666666666663,1.1960550739230167
transect,wind,2446,203.75,1.1964131266211198
transect,wind,2447,203.83333333333337,1.1957787355441516
transect,wind,2448,203.91666666666663,1.1967477481921727
transect,wind,2449,204.0,1.1976238708575617
transect,wind,2450,204.08333333333337,1.1997609879379776
transect,wind,2451,204.16666666666663,1.2000041890399942
transect,wind,2452,204.25,1.2029296821336248
transect,wind,2453,204.33333333333337,1.2035300939275448
transect,wind,2454,204.41666666666663,1.2057307220903846
transect,wind,2455,204.5,1.2031184949481493
transect,wind,2456,204.58333333333337,1.203152188905697
transect,wind,2457,204.66666666666663,1.2031280490092584
transect,wind,2458,204.75,1.203667773634904
transect,wind,2459,204.83333333333337,1.205278307810125
transect,wind,2460,204.91666666666663,1.2059215388926796
transect,wind,2461,205.0,1.2068208506010814
transect,wind,2462,205.08333333333337,1.2079069771093092
transect,wind,2463,205.16666666666663,1.2089353688986482
transect,wind,2464,205.25,1.212775052753571
transect,wind,2465,205.33333333333337,1.210726913173948
transect,wind,2466,205.41666666666663,1.2121586026939974
transect,wind,2467,205.5,1.212109512366646
transect,wind,2468,205.58333333333337,1.2159045169214087
transect,wind,2469,205.66666666666663,1.2139259695631341
transect,wind,2470,205.75,1.2164931963267784
transect,wind,2471,205.83333333333337,1.2177447799833787
transect,wind,2472,205.91666666666663,1.2235046115120938
transect,wind,2473,206.0,1.2240383749212895
transect,wind,2474,206.08333333333337,1.2245861713504058
transect,wind,2475,206.16666666666663,1.2256781770261014
transect,wind,2476,206.25,1.2270121475920914
transect,wind,2477,206.33333333333337,1.2280228090363174
transect,wind,2478,206.41666666666663,1.231927256392147
transect,wind,2479,206.5,1.238507549392022
transect,wind,2480,206.58333333333337,1.2402113972318964
transect,wind,2481,206.66666666666663,1.243212971032461
transect,wind,2482,206.75,1.2565445885419129
transect,wind,2483,206.83333333333337,1.255707188449109
transect,wind,2484,206.91666666666663,1.2639013001234352
transect,wind,2485,207.0,1.2701037720696298
transect,wind,2486,207.08333333333337,1.2701557336378546
transect,wind,2487,207.16666666666663,1.2900469388848628
transect,wind,2488,207.25,1.299151369953598
transect,wind,2489,207.33333333333337,1.3125836255305365
transect,wind,2490,207.41666666666663,1.3396421427390066
transect,wind,2491,207.5,1.3391728633181574
transect,wind,2492,207.58333333333337,1.356086492219207
transect,wind,2493,207.66666666666663,1.3764184400512463
transect,wind,2494,207.75,1.3941622361714128
transect,wind,2495,207.83333333333337,1.4334524876308252
transect,wind,2496,207.91666666666663,1.46214180851001
transect,wind,2497,208.0,1.481584815151451
transect,wind,2498,208.08333333333337,1.4443814175371632
transect,wind,2499,208.16666666666663,1.4836638044693926
transect,wind,2500,208.25,1.4950366174252512
transect,wind,2501,208.33333333333337,1.5039526938870833
transect,wind,2502,208.41666666666663,1.4905430914113589
transect,wind,2503,208.5,1.5258388123209636
transect,wind,2504,208.58333333333337,1.5053624255608882
transect,wind,2505,208.66666666666663,1.523583381945603
transect,wind,2506,208.75,1.5267071745064345
transect,wind,2507,208.83333333333337,1.54792269185879
transect,wind,2508,208.91666666666663,1.550617522960034
transect,wind,2509,209.0,1.5446652334460085
transect,wind,2510,209.08333333333337,1.5852295515546349
transect,wind,2511,209.16666666666663,1.5564313518640795
transect,wind,2512,209.25,1.5329112384197818
transect,wind,2513,209.33333333333337,1.4850068254626851
transect,wind,2514,209.41666666666663,1.5021531053862371
transect,wind,2515,209.5,1.4680745731832345
transect,wind,2516,209.58333333333337,1.4618069358065648
transect,wind,2517,209.66666666666663,1.4638432005696187
transect,wind,2518,209.75,1.4676844634960966
transect,wind,2519,209.83333333333337,1.4215899895979938
transect,wind,2520,209.91666666666663,1.4233897690960513
transect,wind,2521,210.0,1.405932064561979
transect,wind,2522,210.08333333333337,1.4001428071584396
transect,wind,2523,210.16666666666663,1.3920222019488466
transect,wind,2524,210.25,1.37758843491088
transect,wind,2525,210.33333333333337,1.3596784628110468
transect,wind,2526,210.41666666666663,1.384852058981151
transect,wind,2527,210.5,1.381527574360741
transect,wind,2528,210.58333333333337,1.3554536938376396
transect,wind,2529,210.66666666666663,1.3341859669585923
transect,wind,2530,210.75,1.3317658106142753
transect,wind,2531,210.83333333333337,1.3256763225215753
transect,wind,2532,210.91666666666663,1.328557933305659
transect,wind,2533,211.0,1.322249709566931
transect,wind,2534,211.08333333333337,1.3214378297292473
transect,wind,2535,211.16666666666663,1.3226409942079325
transect,wind,2536,211.25,1.3208766443607936
transect,wind,2537,211.33333333333337,1.31780707378802
transect,wind,2538,211.41666666666663,1.305141164430415
transect,wind,2539,211.5,1.315562426906415
transect,wind,2540,211.58333333333337,1.325481948222307
transect,wind,2541,211.66666666666663,1.3374339371097872
transect,wind,2542,211.75,1.330199683454176
transect,wind,2543,211.83333333333337,1.3320696191340498
transect,wind,2544,211.91666666666663,1.3110987689555347
transect,wind,2545,212.0,1.3079827544317422
transect,wind,2546,212.08333333333337,1.3068328084261442
transect,wind,2547,212.16666666666663,1.3020722215988032
transect,wind,2548,212.25,1.2979986430946908
transect,wind,2549,212.33333333333337,1.3122618398207215
transect,wind,2550,212.41666666666663,1.2981726922677306
transect,wind,2551,212.5,1.3145691000553221
transect,wind,2552,212.58333333333337,1.3047853812738022
transect,wind,2553,212.66666666666663,1.315895924831096
transect,wind,2554,212.75,1.3207078718709875
transect,wind,2555,212.83333333333337,1.31148421451041
transect,wind,2556,212.91666666666663,1.3101590127229112
transect,wind,2557,213.0,1.3085977376280753
transect,wind,2558,213.08333333333337,1.3135992194612367
transect,wind,2559,213.16666666666663,1.3061466401586694
transect,wind,2560,213.25,1.304831615321371
transect,wind,2561,213.33333333333337,1.3116773861303899
transect,wind,2562,213.41666666666663,1.3064927651816762
transect,wind,2563,213.5,1.3265505937228745
transect,wind,2564,213.58333333333337,1.3202125621935668
transect,wind,2565,213.66666666666663,1.3184560676346968
transect,wind,2566,213.75,1.3138705242126048
transect,wind,2567,213.83333333333337,1.3309875323195968
transect,wind,2568,213.91666666666663,1.3566115613508898
transect,wind,2569,214.0,1.3747315661750819
transect,wind,2570,214.08333333333337,1.378047609064159
transect,wind,2571,214.16666666666663,1.4073447946833266
transect,wind,2572,214.25,1.4063636594390518
transect,wind,2573,214.33333333333337,1.4136663607286621
transect,wind,2574,214.41666666666663,1.38481205892426
transect,wind,2575,214.5,1.3954328049573212
transect,wind,2576,214.58333333333337,1.4171724764612343
transect,wind,2577,214.66666666666663,1.4095429333243357
transect,wind,2578,214.75,1.4191056847477153
transect,wind,2579,214.83333333333337,1.4376192784965052
transect,wind,2580,214.91666666666663,1.412995078076622
transect,wind,2581,215.0,1.4310059431911766
transect,wind,2582,215.08333333333337,1.4296363621416335
transect,wind,2583,215.16666666666663,1.4218567217265974
transect,wind,2584,215.25,1.4254857746454284
transect,wind,2585,215.33333333333337,1.4044002903844017
transect,wind,2586,215.41666666666663,1.4012706750749153
transect,wind,2587,215.5,1.3878250340695168
transect,wind,2588,215.58333333333337,1.3880217578190353
transect,wind,2589,215.66666666666663,1.3901779634897302
transect,wind,2590,215.75,1.3824867995128651
transect,wind,2591,215.83333333333337,1.3841248397398447
transect,wind,2592,215.91666666666663,1.3769895790858042
transect,wind,2593,216.0,1.3608842047087046
transect,wind,2594,216.08333333333337,1.3437263367799237
transect,wind,2595,216.16666666666663,1.339062746843498
transect,wind,2596,216.25,1.3491981439689675
transect,wind,2597,216.33333333333337,1.3542554232677662
transect,wind,2598,216.41666666666663,1.3297229940087723
transect,wind,2599,216.5,1.3118232270804357
transect,wind,2600,216.58333333333337,1.3023605346770422
transect,wind,2601,216.66666666666663,1.2985385647352958
transect,wind,2602,216.75,1.3092416374776072
transect,wind,2603,216.83333333333337,1.3199931081582914
transect,wind,2604,216.91666666666663,1.3173942491480608
transect,wind,2605,217.0,1.3082112696134227
transect,wind,2606,217.08333333333337,1.3068463270500639
transect,wind,2607,217.16666666666663,1.2947768281656862
transect,wind,2608,217.25,1.2889864503599093
transect,wind,2609,217.33333333333337,1.2653160637889396
transect,wind,2610,217.41666666666663,1.2544473471418853
transect,wind,2611,217.5,1.261634372644303
transect,wind,2612,217.58333333333337,1.269669763969192
transect,wind,2613,217.66666666666663,1.2672806862038068
transect,wind,2614,217.75,1.2594155649816394
transect,wind,2615,217.83333333333337,1.2518111331675963
transect,wind,2616,217.91666666666663,1.253003421735614
transect,wind,2617,218.0,1.241536921731657
transect,wind,2618,218.08333333333337,1.2461672201663543
transect,wind,2619,218.16666666666663,1.244207459153347
transect,wind,2620,218.25,1.247101675526608
transect,wind,2621,218.33333333333337,1.2483892284228604
transect,wind,2622,218.41666666666663,1.24612833988864
transect,wind,2623,218.5,1.2410679474195074
transect,wind,2624,218.58333333333337,1.2353796499615544
transect,wind,2625,218.66666666666663,1.2382066114217447
transect,wind,2626,218.75,1.2432416941462012
transect,wind,2627,218.83333333333337,1.2347098839228174
transect,wind,2628,218.91666666666663,1.2405619354577766
transect,wind,2629,219.0,1.237197780095718
transect,wind,2630,219.08333333333337,1.2409391647101564
transect,wind,2631,219.16666666666663,1.2403239069127867
transect,wind,2632,219.25,1.2390824122142263
transect,wind,2633,219.33333333333337,1.2360271836751857
transect,wind,2634,219.41666666666663,1.2350030506058365
transect,wind,2635,219.5,1.2349578684496403
transect,wind,2636,219.58333333333337,1.2344439743006521
transect,wind,2637,219.66666666666663,1.2348377170521352
transect,wind,2638,219.75,1.2368000107065127
transect,wind,2639,219.83333333333337,1.2359385392623277
transect,wind,2640,219.91666666666663,1.2362685493590269
transect,wind,2641,220.0,1.2369603461862686
transect,wind,2642,220.08333333333337,1.2379744810129296
transect,wind,2643,220.16666666666663,1.2417480313798093
transect,wind,2644,220.25,1.2441414411779403
transect,wind,2645,220.33333333333337,1.2421754041485968
transect,wind,2646,220.41666666666663,1.2410209197438773
transect,wind,2647,220.5,1.2397444678208285
transect,wind,2648,220.58333333333337,1.2404453864338612
transect,wind,2649,220.66666666666663,1.2411468266898853
transect,wind,2650,220.75,1.2420287598089186
transect,wind,2651,220.83333333333337,1.2436031210335112
transect,wind,2652,220.91666666666663,1.2448260280129346
transect,wind,2653,221.0,1.2442997455581053
transect,wind,2654,221.08333333333337,1.2455135642309034
transect,wind,2655,221.16666666666663,1.246612374969384
transect,wind,2656,221.25,1.2470657811413972
transect,wind,2657,221.33333333333337,1.2495426968625771
transect,wind,2658,221.41666666666663,1.2499739198616864
transect,wind,2659,221.5,1.249299104285963
transect,wind,2660,221.58333333333337,1.2491601013110347
transect,wind,2661,221.66666666666663,1.250244100230918
transect,wind,2662,221.75,1.2518402593279272
transect,wind,2663,221.83333333333337,1.2533659058573474
transect,wind,2664,221.91666666666663,1.251412770476388
transect,wind,2665,222.0,1.2521639459080367
transect,wind,2666,222.08333333333337,1.252717094290146
transect,wind,2667,222.16666666666663,1.2554340153270545
transect,wind,2668,222.25,1.2566622326861945
transect,wind,2669,222.33333333333337,1.2556514214453423
transect,wind,2670,222.41666666666663,1.2555201937143134
transect,wind,2671,222.5,1.2627789817200827
transect,wind,2672,222.58333333333337,1.2644395782798872
transect,wind,2673,222.66666666666663,1.2710462779473908
transect,wind,2674,222.75,1.2691032354135507
transect,wind,2675,222.83333333333337,1.2681009835848365
transect,wind,2676,222.91666666666663,1.2670345051456589
transect,wind,2677,223.0,1.2635619518497105
transect,wind,2678,223.08333333333337,1.2664337753981803
transect,wind,2679,223.16666666666663,1.266007172447992
transect,wind,2680,223.25,1.2622444638397874
transect,wind,2681,223.33333333333337,1.2647608972249271
transect,wind,2682,223.41666666666663,1.267234565072943
transect,wind,2683,223.5,1.2607455989358396
transect,wind,2684,223.58333333333337,1.260141203306987
transect,wind,2685,223.66666666666663,1.2613429886143537
transect,wind,2686,223.75,1.2567656229910187
transect,wind,2687,223.83333333333337,1.257775682897983
transect,wind,2688,223.91666666666663,1.2633287579015717
transect,wind,2689,224.0,1.2627833975101066
transect,wind,2690,224.08333333333337,1.263434720064035
transect,wind,2691,224.16666666666663,1.2630594240780306
transect,wind,2692,224.25,1.2588124967697316
transect,wind,2693,224.33333333333337,1.2593756629364738
transect,wind,2694,224.41666666666663,1.2631498378769979
transect,wind,2695,224.5,1.2612544707976834
transect,wind,2696,224.58333333333337,1.2607839526942686
transect,wind,2697,224.66666666666663,1.2601731952865676
transect,wind,2698,224.75,1.2621872285945956
transect,wind,2699,224.83333333333337,1.2618463813800573
transect,wind,2700,224.91666666666663,1.2625145615669124
transect,wind,2701,225.0,1.2635258920376449
transect,wind,2702,225.08333333333337,1.26479465365317
transect,wind,2703,225.16666666666663,1.266591268984097
transect,wind,2704,225.25,1.267718019247057
transect,wind,2705,225.33333333333337,1.2696639694350715
transect,wind,2706,225.41666666666663,1.2704531444369225
transect,wind,2707,225.5,1.2709193666246268
transect,wind,2708,225.58333333333337,1.2733382001074198
transect,wind,2709,225.66666666666663,1.2721056172091953
transect,wind,2710,225.75,1.2735268540531675
transect,wind,2711,225.83333333333337,1.2798957315159334
transect,wind,2712,225.91666666666663,1.2868815582736104
transect,wind,2713,226.0,1.2885433282440981
transect,wind,2714,226.08333333333337,1.2919257328633265
transect,wind,2715,226.16666666666663,1.3115286413371237
transect,wind,2716,226.25,1.3268381544835368
transect,wind,2717,226.33333333333337,1.3303081128477439
transect,wind,2718,226.41666666666663,1.3179658435874562
transect,wind,2719,226.5,1.2974842513340676
transect,wind,2720,226.58333333333337,1.2963866299587619
transect,wind,2721,226.66666666666663,1.3006739326526071
transect,wind,2722,226.75,1.3094259751920154
transect,wind,2723,226.83333333333337,1.3131204445185978
transect,wind,2724,226.91666666666663,1.3125757455852387
transect,wind,2725,227.0,1.3053617882406632
transect,wind,2726,227.08333333333337,1.2994492708914225
transect,wind,2727,227.16666666666663,1.3027070669697332
transect,wind,2728,227.25,1.29813616548597
transect,wind,2729,227.33333333333337,1.3122797023577202
transect,wind,2730,227.41666666666663,1.3099568632165999
transect,wind,2731,227.5,1.3036901460864636
transect,wind,2732,227.58333333333337,1.318326429853995
transect,wind,2733,227.66666666666663,1.3323541334174793
transect,wind,2734,227.75,1.3261885429210045
transect,wind,2735,227.83333333333337,1.3364998620662456
transect,wind,2736,227.91666666666663,1.349535751671063
transect,wind,2737,228.0,1.3360373087236368
transect,wind,2738,228.08333333333337,1.3573750271914282
transect,wind,2739,228.16666666666663,1.3609306154325544
transect,wind,2740,228.25,1.3704190599486326
transect,wind,2741,228.33333333333337,1.3905771080424425
transect,wind,2742,228.41666666666663,1.3805697463137714
transect,wind,2743,228.5,1.3799620798699768
transect,wind,2744,228.58333333333337,1.38946739448261
transect,wind,2745,228.66666666666663,1.4296531274987647
transect,wind,2746,228.75,1.4480220551138387
transect,wind,2747,228.83333333333337,1.4855597620726686
transect,wind,2748,228.91666666666663,1.5125326146563867
transect,wind,2749,229.0,1.4610121360931188
transect,wind,2750,229.08333333333337,1.4857810406020207
transect,wind,2751,229.16666666666663,1.52637017172583
transect,wind,2752,229.25,1.5319822962580398
transect,wind,2753,229.33333333333337,1.5206002751363403
transect,wind,2754,229.41666666666663,1.5835985515432562
transect,wind,2755,229.5,1.6327244228389763
transect,wind,2756,229.58333333333337,1.6375197259596694
transect,wind,2757,229.66666666666663,1.6313249449721758
transect,wind,2758,229.75,1.6090542172383555
transect,wind,2759,229.83333333333337,1.6002331351205634
transect,wind,2760,229.91666666666663,1.574787034569513
transect,wind,2761,230.0,1.638824401148227
transect,wind,2762,230.08333333333337,1.678118721710055
transect,wind,2763,230.16666666666663,1.6338243480438486
transect,wind,2764,230.25,1.6789277005259367
transect,wind,2765,230.33333333333337,1.665252437028836
transect,wind,2766,230.41666666666663,1.6343052665039437
transect,wind,2767,230.5,1.5871432282678963
transect,wind,2768,230.58333333333337,1.563609303322634
transect,wind,2769,230.66666666666663,1.5955654483205628
transect,wind,2770,230.75,1.63882354086086
transect,wind,2771,230.83333333333337,1.5752594332678662
transect,wind,2772,230.91666666666663,1.559318848289041
transect,wind,2773,231.0,1.5335286523845753
transect,wind,2774,231.08333333333337,1.5240806573127899
transect,wind,2775,231.16666666666663,1.5396334908326097
transect,wind,2776,231.25,1.5289579126027926
transect,wind,2777,231.33333333333337,1.5052695118610315
transect,wind,2778,231.41666666666663,1.4511704905506457
transect,wind,2779,231.5,1.4228640362696632
transect,wind,2780,231.58333333333337,1.4270927184345676
transect,wind,2781,231.66666666666663,1.3803384918163848
transect,wind,2782,231.75,1.3577395357141817
transect,wind,2783,231.83333333333337,1.3182093915467787
transect,wind,2784,231.91666666666663,1.325269856774846
transect,wind,2785,232.0,1.3202595828158505
transect,wind,2786,232.08333333333337,1.3193346342905676
transect,wind,2787,232.16666666666663,1.309933415873829
transect,wind,2788,232.25,1.3003553566624195
transect,wind,2789,232.33333333333337,1.282445177854862
transect,wind,2790,232.41666666666663,1.2503905195575147
transect,wind,2791,232.5,1.242575948255249
transect,wind,2792,232.58333333333337,1.2451080904137808
transect,wind,2793,232.66666666666663,1.2529138047434811
transect,wind,2794,232.75,1.2576293274129917
transect,wind,2795,232.83333333333337,1.2463474472311329
transect,wind,2796,232.91666666666663,1.2394177035734364
transect,wind,2797,233.0,1.2524258101108183
transect,wind,2798,233.08333333333337,1.2557334862809362
transect,wind,2799,233.16666666666663,1.2503239868466398
transect,wind,2800,233.25,1.245156637838114
transect,wind,2801,233.33333333333337,1.2474095018466818
transect,wind,2802,233.41666666666663,1.2568573922294957
transect,wind,2803,233.5,1.234174932549387
transect,wind,2804,233.58333333333337,1.239377419151047
transect,wind,2805,233.66666666666663,1.2253879838694133
transect,wind,2806,233.75,1.2232525157707412
transect,wind,2807,233.83333333333337,1.2180353052243786
transect,wind,2808,233.91666666666663,1.2167467635077496
transect,wind,2809,234.0,1.2171761082655435
transect,wind,2810,234.08333333333337,1.217527964651347
transect,wind,2811,234.16666666666663,1.199449235555684
transect,wind,2812,234.25,1.2033309134234778
transect,wind,2813,234.33333333333337,1.2041584581384273
transect,wind,2814,234.41666666666663,1.2104158861632075
transect,wind,2815,234.5,1.2207432213556193
transect,wind,2816,234.58333333333337,1.2173361040747797
transect,wind,2817,234.66666666666663,1.2217283601879025
transect,wind,2818,234.75,1.2223832156249215
transect,wind,2819,234.83333333333337,1.2101100065704407
transect,wind,2820,234.91666666666663,1.2071357141576537
transect,wind,2821,235.0,1.211203297847407
transect,wind,2822,235.08333333333337,1.2093883432480528
transect,wind,2823,235.16666666666663,1.2070962334024096
transect,wind,2824,235.25,1.2086369855021757
transect,wind,2825,235.33333333333337,1.2106005825602935
transect,wind,2826,235.41666666666663,1.2077115474512912
transect,wind,2827,235.5,1.2061186840718623
transect,wind,2828,235.58333333333337,1.2068445368780905
transect,wind,2829,235.66666666666663,1.2059647252544283
transect,wind,2830,235.75,1.2126029610291038
transect,wind,2831,235.83333333333337,1.2165209927061147
transect,wind,2832,235.91666666666663,1.221085863315219
transect,wind,2833,236.0,1.2222026844376597
transect,wind,2834,236.08333333333337,1.2194246421569586
transect,wind,2835,236.16666666666663,1.2305364352986012
transect,wind,2836,236.25,1.237076327313275
transect,wind,2837,236.33333333333337,1.2326630010279982
transect,wind,2838,236.41666666666663,1.2337203169440745
transect,wind,2839,236.5,1.246814722602164
transect,wind,2840,236.58333333333337,1.2637306073578845
transect,wind,2841,236.66666666666663,1.2634240317200538
transect,wind,2842,236.75,1.2693180819087149
transect,wind,2843,236.83333333333337,1.284133068763117
transect,wind,2844,236.91666666666663,1.292907387785749
transect,wind,2845,237.0,1.3139751623552967
transect,wind,2846,237.08333333333337,1.3341139129032804
transect,wind,2847,237.16666666666663,1.3454072830577686
transect,wind,2848,237.25,1.3691664694273302
transect,wind,2849,237.33333333333337,1.3714280877283245
transect,wind,2850,237.41666666666663,1.4056962033571272
transect,wind,2851,237.5,1.405443127727251
transect,wind,2852,237.58333333333337,1.4419581742563425
transect,wind,2853,237.66666666666663,1.4618611598349287
transect,wind,2854,237.75,1.4956441768910707
transect,wind,2855,237.83333333333337,1.5353699797688178
transect,wind,2856,237.91666666666663,1.543720509482196
transect,wind,2857,238.0,1.5538984612206828
transect,wind,2858,238.08333333333337,1.594328980540511
transect,wind,2859,238.16666666666663,1.6160421816876924
transect,wind,2860,238.25,1.6292336421846803
transect,wind,2861,238.33333333333337,1.630695331024425
transect,wind,2862,238.41666666666663,1.6488759451691908
transect,wind,2863,238.5,1.6804232219903754
transect,wind,2864,238.58333333333337,1.6856606397599632
transect,wind,2865,238.66666666666663,1.6635966709319676
transect,wind,2866,238.75,1.7044487665937296
transect,wind,2867,238.83333333333337,1.6815404692003721
transect,wind,2868,238.91666666666663,1.6712516130469206
transect,wind,2869,239.0,1.6565948901552205
transect,wind,2870,239.08333333333337,1.649284682311237
transect,wind,2871,239.16666666666663,1.6431770094310003
transect,wind,2872,239.25,1.6385003182458848
transect,wind,2873,239.33333333333337,1.599300080359627
transect,wind,2874,239.41666666666663,1.5643493479491961
transect,wind,2875,239.5,1.5408786898835356
transect,wind,2876,239.58333333333337,1.5202775281635144
transect,wind,2877,239.66666666666663,1.5300328578061528
transect,wind,2878,239.75,1.5557271774274941
transect,wind,2879,239.83333333333337,1.5413218348779156
transect,wind,2880,239.91666666666663,1.5127443463911587
transect,wind,2881,240.0,1.4875475421320887
transect,wind,2882,240.08333333333337,1.487928697100815
transect,wind,2883,240.16666666666663,1.4839213458770113
transect,wind,2884,240.25,1.4928740057617316
transect,wind,2885,240.33333333333337,1.4699006867139934
transect,wind,2886,240.41666666666663,1.4629521895968476
transect,wind,2887,240.5,1.4655131056022561
transect,wind,2888,240.58333333333337,1.4479986131735585
transect,wind,2889,240.66666666666663,1.4390504739386616
transect,wind,2890,240.75,1.4367904620012835
transect,wind,2891,240.83333333333337,1.4181093403825713
transect,wind,2892,240.91666666666663,1.4096411735875427
transect,wind,2893,241.0,1.4192559999029801
transect,wind,2894,241.08333333333337,1.3955946168714919
transect,wind,2895,241.16666666666663,1.3803344626946006
transect,wind,2896,241.25,1.360142479205297
transect,wind,2897,241.33333333333337,1.366719681789845
transect,wind,2898,241.41666666666663,1.3485658300817984
transect,wind,2899,241.5,1.3396217805392876
transect,wind,2900,241.58333333333337,1.3311583044542203
transect,wind,2901,241.66666666666663,1.3129368552002842
transect,wind,2902,241.75,1.3159188614514823
transect,wind,2903,241.83333333333337,1.3157267506367796
transect,wind,2904,241.91666666666663,1.3041096141727047
transect,wind,2905,242.0,1.2800759417701388
transect,wind,2906,242.08333333333337,1.2985328570847827
transect,wind,2907,242.16666666666663,1.3114287967416416
transect,wind,2908,242.25,1.3137651785985511
transect,wind,2909,242.33333333333337,1.3352361000987414
transect,wind,2910,242.41666666666663,1.335235936059203
transect,wind,2911,242.5,1.348187954398204
transect,wind,2912,242.58333333333337,1.3604046845669253
transect,wind,2913,242.66666666666663,1.3448163325492561
transect,wind,2914,242.75,1.3318740891485743
transect,wind,2915,242.83333333333337,1.3412342672867592
transect,wind,2916,242.91666666666663,1.3560164424320502
transect,wind,2917,243.0,1.3494959476329984
transect,wind,2918,243.08333333333337,1.3378939173645727
transect,wind,2919,243.16666666666663,1.3246403701678733
transect,wind,2920,243.25,1.3334359962095892
transect,wind,2921,243.33333333333337,1.3153131891081202
transect,wind,2922,243.41666666666663,1.3258619593977734
transect,wind,2923,243.5,1.3283146408594446
transect,wind,2924,243.58333333333337,1.3043576274116686
transect,wind,2925,243.66666666666663,1.290567364850842
transect,wind,2926,243.75,1.3034950069250746
transect,wind,2927,243.83333333333337,1.3166942880592651
transect,wind,2928,243.91666666666663,1.3215616982842124
transect,wind,2929,244.0,1.2820839678229003
transect,wind,2930,244.08333333333337,1.2729242469451492
transect,wind,2931,244.16666666666663,1.2617212132705815
transect,wind,2932,244.25,1.2689476168653004
transect,wind,2933,244.33333333333337,1.2711631443271567
transect,wind,2934,244.41666666666663,1.2771622862836538
transect,wind,2935,244.5,1.3121235137425111
transect,wind,2936,244.58333333333337,1.3414662029085256
transect,wind,2937,244.66666666666663,1.3167254572006408
transect,wind,2938,244.75,1.2702377412070807
transect,wind,2939,244.83333333333337,1.2306420400414737
transect,wind,2940,244.91666666666663,1.2207857970576845
transect,wind,2941,245.0,1.1928504916491331
transect,wind,2942,245.08333333333337,1.1793938014875354
transect,wind,2943,245.16666666666663,1.1790883911687742
transect,wind,2944,245.25,1.1870301456242536
transect,wind,2945,245.33333333333337,1.227697921725918
transect,wind,2946,245.41666666666663,1.2133513565206306
transect,wind,2947,245.5,1.1765884157399162
transect,wind,2948,245.58333333333337,1.164334314884584
transect,wind,2949,245.66666666666663,1.1684594305408937
transect,wind,2950,245.75,1.155841851899653
transect,wind,2951,245.83333333333337,1.1478856099798826
transect,wind,2952,245.91666666666663,1.1599916258753153
transect,wind,2953,246.0,1.143817145589953
transect,wind,2954,246.08333333333337,1.1502943693373264
transect,wind,2955,246.16666666666663,1.148290734330443
transect,wind,2956,246.25,1.1525770863105629
transect,wind,2957,246.33333333333337,1.1354917415252903
transect,wind,2958,246.41666666666663,1.1338615103216458
transect,wind,2959,246.5,1.139131614705464
transect,wind,2960,246.58333333333337,1.1304576320807267
transect,wind,2961,246.66666666666663,1.1339917238510082
transect,wind,2962,246.75,1.1380067965060914
transect,wind,2963,246.83333333333337,1.1437679950158783
transect,wind,2964,246.91666666666663,1.1442031922689406
transect,wind,2965,247.0,1.1355267330773686
transect,wind,2966,247.08333333333337,1.135364130610537
transect,wind,2967,247.16666666666663,1.1407639953530506
transect,wind,2968,247.25,1.1289022103413864
transect,wind,2969,247.33333333333337,1.1326372628332417
transect,wind,2970,247.41666666666663,1.1346759723258795
transect,wind,2971,247.5,1.1326928758009172
transect,wind,2972,247.58333333333337,1.136667114726477
transect,wind,2973,247.66666666666663,1.1446075685196393
transect,wind,2974,247.75,1.1389064699471525
transect,wind,2975,247.83333333333337,1.1282959740422045
transect,wind,2976,247.91666666666663,1.1363654051118737
transect,wind,2977,248.0,1.1293754680304207
transect,wind,2978,248.08333333333337,1.1276809151036382
transect,wind,2979,248.16666666666663,1.12424733174692
transect,wind,2980,248.25,1.122237777634593
transect,wind,2981,248.33333333333337,1.125645458414557
transect,wind,2982,248.41666666666663,1.132440782283323
transect,wind,2983,248.5,1.1268236228553032
transect,wind,2984,248.58333333333337,1.13490368720524
transect,wind,2985,248.66666666666663,1.141763303266199
transect,wind,2986,248.75,1.1323829878185105
transect,wind,2987,248.83333333333337,1.126016856978665
transect,wind,2988,248.91666666666663,1.130284118107755
transect,wind,2989,249.0,1.1297780178588543
transect,wind,2990,249.08333333333337,1.1207546275919005
transect,wind,2991,249.16666666666663,1.1201626384091656
transect,wind,2992,249.25,1.129181378423054
transect,wind,2993,249.33333333333337,1.1339014555930929
transect,wind,2994,249.41666666666663,1.13017433942515
transect,wind,2995,249.5,1.131899014389362
transect,wind,2996,249.58333333333337,1.1305456349264202
transect,wind,2997,249.66666666666663,1.1276410766779301
transect,wind,2998,249.75,1.1357815117340653
transect,wind,2999,249.83333333333337,1.1329268958613743
transect,wind,3000,249.91666666666663,1.1404286052219554
transect,wind,3001,250.0,1.1323141831314294
transect,wind,3002,250.08333333333337,1.1306816625899676
transect,wind,3003,250.16666666666663,1.128644910841037
transect,wind,3004,250.25,1.1267745592085898
transect,wind,3005,250.33333333333337,1.1279982664652914
transect,wind,3006,250.41666666666663,1.1305143489844656
transect,wind,3007,250.5,1.1337654590311284
transect,wind,3008,250.58333333333337,1.138147349035398
transect,wind,3009,250.66666666666663,1.1322082284434318
transect,wind,3010,250.75,1.1343192673098128
transect,wind,3011,250.83333333333337,1.1390428162113433
transect,wind,3012,250.91666666666663,1.138730554109984
transect,wind,3013,251.0,1.1405232336789872
transect,wind,3014,251.08333333333337,1.141357373918339
transect,wind,3015,251.16666666666663,1.1406821371570144
transect,wind,3016,251.25,1.1395540528982948
transect,wind,3017,251.33333333333337,1.1447045730501795
transect,wind,3018,251.41666666666663,1.1505825851365599
transect,wind,3019,251.5,1.1452322510237218
transect,wind,3020,251.58333333333337,1.156725415680336
transect,wind,3021,251.66666666666663,1.1455933226955346
transect,wind,3022,251.75,1.1458317418336823
transect,wind,3023,251.83333333333337,1.1469227843430134
transect,wind,3024,251.91666666666663,1.1504781431697026
transect,wind,3025,252.0,1.1550095302807086
transect,wind,3026,252.08333333333337,1.163282630400529
transect,wind,3027,252.16666666666663,1.1636452637909314
transect,wind,3028,252.25,1.1638211162296543
transect,wind,3029,252.33333333333337,1.167135335377075
transect,wind,3030,252.41666666666663,1.1709169268247603
transect,wind,3031,252.5,1.170355518399798
transect,wind,3032,252.58333333333337,1.1859566817414635
transect,wind,3033,252.66666666666663,1.1932875911380139
transect,wind,3034,252.75,1.2007703997230381
transect,wind,3035,252.83333333333337,1.1979748775475365
transect,wind,3036,252.91666666666663,1.1897396961150866
transect,wind,3037,253.0,1.2031607400352344
transect,wind,3038,253.08333333333337,1.2088638208079012
transect,wind,3039,253.16666666666663,1.2233957035683487
transect,wind,3040,253.25,1.2229259874346516
transect,wind,3041,253.33333333333337,1.2518139464579183
transect,wind,3042,253.41666666666663,1.2618963504725171
transect,wind,3043,253.5,1.2795768303297559
transect,wind,3044,253.58333333333337,1.2911643785113718
transect,wind,3045,253.66666666666663,1.2886861640773686
transect,wind,3046,253.75,1.281616393839573
transect,wind,3047,253.83333333333337,1.294233013331762
transect,wind,3048,253.91666666666663,1.329751468183653
transect,wind,3049,254.0,1.31958400674031
transect,wind,3050,254.08333333333337,1.3482536725588707
transect,wind,3051,254.16666666666663,1.367473075711592
transect,wind,3052,254.25,1.3512461864642635
transect,wind,3053,254.33333333333337,1.4117330927949063
transect,wind,3054,254.41666666666663,1.4241543153420204
transect,wind,3055,254.5,1.4852103732914321
transect,wind,3056,254.58333333333337,1.5071740376676566
transect,wind,3057,254.66666666666663,1.4856608102481004
transect,wind,3058,254.75,1.5064796395352111
transect,wind,3059,254.83333333333337,1.526612742325339
transect,wind,3060,254.91666666666663,1.520489555990519
transect,wind,3061,255.0,1.5373365945167905
transect,wind,3062,255.08333333333337,1.5212218612332675
transect,wind,3063,255.16666666666663,1.568418870444621
transect,wind,3064,255.25,1.5980401765518422
transect,wind,3065,255.33333333333337,1.637235599671505
transect,wind,3066,255.41666666666663,1.5813020873467374
transect,wind,3067,255.5,1.6073282022040793
transect,wind,3068,255.58333333333337,1.6259071666166667
transect,wind,3069,255.66666666666663,1.6461048941733172
transect,wind,3070,255.75,1.639574090774719
transect,wind,3071,255.83333333333337,1.6312258713052952
transect,wind,3072,255.91666666666663,1.6293511373496987
transect,wind,3073,256.0,1.6261905007274748
transect,wind,3074,256.08333333333337,1.6183413010877516
transect,wind,3075,256.16666666666663,1.5949943121578536
transect,wind,3076,256.25,1.6127505914525753
transect,wind,3077,256.33333333333337,1.5523094013169882
transect,wind,3078,256.41666666666663,1.5113707633273976
transect,wind,3079,256.5,1.5197756365610378
transect,wind,3080,256.58333333333337,1.5147481633330457
transect,wind,3081,256.66666666666663,1.4469810585582377
transect,wind,3082,256.75,1.4823585810961408
transect,wind,3083,256.83333333333337,1.4566721950502808
transect,wind,3084,256.91666666666663,1.477121973754966
transect,wind,3085,257.0,1.428553486433054
transect,wind,3086,257.08333333333337,1.4557101606587377
transect,wind,3087,257.16666666666663,1.447908556182061
transect,wind,3088,257.25,1.39806181928058
transect,wind,3089,257.33333333333337,1.3993149092129842
transect,wind,3090,257.41666666666663,1.4348559883529879
transect,wind,3091,257.5,1.3819408119054897
transect,wind,3092,257.58333333333337,1.3667358306995705
transect,wind,3093,257.66666666666663,1.3029891545538808
transect,wind,3094,257.75,1.2648449716844448
transect,wind,3095,257.83333333333337,1.269144859183814
transect,wind,3096,257.91666666666663,1.2643480989718288
transect,wind,3097,258.0,1.2435875392392202
transect,wind,3098,258.08333333333337,1.2445556013187018
transect,wind,3099,258.16666666666663,1.238471947206136
transect,wind,3100,258.25,1.2382022356212488
transect,wind,3101,258.33333333333337,1.1925879485372741
transect,wind,3102,258.41666666666663,1.177636855033176
transect,wind,3103,258.5,1.1725673882192726
transect,wind,3104,258.58333333333337,1.165106242376226
transect,wind,3105,258.66666666666663,1.1889252492836115
transect,wind,3106,258.75,1.1637718138917332
transect,wind,3107,258.83333333333337,1.177884224703896
transect,wind,3108,258.91666666666663,1.1604614374166904
transect,wind,3109,259.0,1.1447173442412777
transect,wind,3110,259.08333333333337,1.134397151550431
transect,wind,3111,259.16666666666663,1.1390675470893095
transect,wind,3112,259.25,1.1283660827810296
transect,wind,3113,259.33333333333337,1.1332264657908988
transect,wind,3114,259.41666666666663,1.140246178262842
transect,wind,3115,259.5,1.1327872744595202
transect,wind,3116,259.58333333333337,1.140714351411144
transect,wind,3117,259.66666666666663,1.1540705904808854
transect,wind,3118,259.75,1.152349855741106
transect,wind,3119,259.83333333333337,1.1287433684934964
transect,wind,3120,259.91666666666663,1.1221756467176274
transect,wind,3121,260.0,1.1266276489937896
transect,wind,3122,260.08333333333337,1.1273100665899398
transect,wind,3123,260.16666666666663,1.1222875698430006
transect,wind,3124,260.25,1.1257907689309534
transect,wind,3125,260.33333333333337,1.1181775984800604
transect,wind,3126,260.41666666666663,1.1233833691222952
transect,wind,3127,260.5,1.1226067313778643
transect,wind,3128,260.58333333333337,1.1179746636615964
transect,wind,3129,260.66666666666663,1.120234501501766
transect,wind,3130,260.75,1.1178874731990625
transect,wind,3131,260.83333333333337,1.1174823767358613
transect,wind,3132,260.91666666666663,1.1194058018241042
transect,wind,3133,261.0,1.1212962821789625
transect,wind,3134,261.08333333333337,1.1220335735082516
transect,wind,3135,261.16666666666663,1.121842820751157
transect,wind,3136,261.25,1.1231922402740344
transect,wind,3137,261.33333333333337,1.124087923144114
transect,wind,3138,261.41666666666663,1.1249445141659407
transect,wind,3139,261.5,1.1258040402594562
transect,wind,3140,261.58333333333337,1.1292666991164722
transect,wind,3141,261.66666666666663,1.1300921752790731
transect,wind,3142,261.75,1.1299717698924616
transect,wind,3143,261.83333333333337,1.13034466780065
transect,wind,3144,261.91666666666663,1.1305477662647818
transect,wind,3145,262.0,1.1315545671558545
transect,wind,3146,262.08333333333337,1.1321922470767087
transect,wind,3147,262.16666666666663,1.1330356263523136
transect,wind,3148,262.25,1.133903079979253
transect,wind,3149,262.33333333333337,1.1347834576956715
transect,wind,3150,262.41666666666663,1.1357337525699482
transect,wind,3151,262.5,1.1365139943412415
transect,wind,3152,262.58333333333337,1.1389494452021476
transect,wind,3153,262.66666666666663,1.1390900793366296
transect,wind,3154,262.75,1.1393912518777323
transect,wind,3155,262.83333333333337,1.1400063813563521
transect,wind,3156,262.91666666666663,1.1408017911713153
transect,wind,3157,263.0,1.1426292101992146
transect,wind,3158,263.08333333333337,1.1434231060289255
transect,wind,3159,263.16666666666663,1.1430757662856814
transect,wind,3160,263.25,1.1444320556837533
transect,wind,3161,263.33333333333337,1.1451896835560518
transect,wind,3162,263.41666666666663,1.1457563342372337
transect,wind,3163,263.5,1.148231362687307
transect,wind,3164,263.58333333333337,1.14774574656678
transect,wind,3165,263.66666666666663,1.1479123425628313
transect,wind,3166,263.75,1.1495192431238725
transect,wind,3167,263.83333333333337,1.1503870993090157
transect,wind,3168,263.91666666666663,1.1512055016593195
transect,wind,3169,264.0,1.1537018491723452
transect,wind,3170,264.08333333333337,1.1572354756246497
transect,wind,3171,264.16666666666663,1.1654721900763396
transect,wind,3172,264.25,1.1693798705886491
transect,wind,3173,264.33333333333337,1.1630724810981934
transect,wind,3174,264.41666666666663,1.1640818022022859
transect,wind,3175,264.5,1.1537585700329949
transect,wind,3176,264.58333333333337,1.154166990512311
transect,wind,3177,264.66666666666663,1.1588492243345077
transect,wind,3178,264.75,1.164907066392365
transect,wind,3179,264.83333333333337,1.1617944021126407
transect,wind,3180,264.91666666666663,1.1630278630387165
transect,wind,3181,265.0,1.1585519710984882
transect,wind,3182,265.08333333333337,1.1549018940014693
transect,wind,3183,265.16666666666663,1.1582432015409196
transect,wind,3184,265.25,1.1711287164929773
transect,wind,3185,265.33333333333337,1.1721696315562553
transect,wind,3186,265.41666666666663,1.1661318989655178
transect,wind,3187,265.5,1.166549104775441
transect,wind,3188,265.58333333333337,1.155600943574789
transect,wind,3189,265.66666666666663,1.1512007544223875
transect,wind,3190,265.75,1.1576996960055963
transect,wind,3191,265.83333333333337,1.1503016743849244
transect,wind,3192,265.91666666666663,1.143071353782014
transect,wind,3193,266.0,1.15319703069915
transect,wind,3194,266.08333333333337,1.152106301155344
transect,wind,3195,266.16666666666663,1.14406371079198
transect,wind,3196,266.25,1.141377000708802
transect,wind,3197,266.33333333333337,1.1449535604937515
transect,wind,3198,266.41666666666663,1.1415296992007677
transect,wind,3199,266.5,1.1400680333376476
transect,wind,3200,266.58333333333337,1.1425967019050574
transect,wind,3201,266.66666666666663,1.1448281034463645
transect,wind,3202,266.75,1.1451308955376045
transect,wind,3203,266.83333333333337,1.1453507327122707
transect,wind,3204,266.91666666666663,1.147954618157191
transect,wind,3205,267.0,1.1496319729389486
transect,wind,3206,267.08333333333337,1.1424605595256583
transect,wind,3207,267.16666666666663,1.1447050726436536
transect,wind,3208,267.25,1.1419093506501337
transect,wind,3209,267.33333333333337,1.1435067763923472
transect,wind,3210,267.41666666666663,1.1428279419294958
transect,wind,3211,267.5,1.1432592486073454
transect,wind,3212,267.58333333333337,1.1439603117077
transect,wind,3213,267.66666666666663,1.1431501472732872
transect,wind,3214,267.75,1.1430745921903533
transect,wind,3215,267.83333333333337,1.1441854981129886
transect,wind,3216,267.91666666666663,1.145558083948712
transect,wind,3217,268.0,1.147371077878122
transect,wind,3218,268.08333333333337,1.1475514442906862
transect,wind,3219,268.16666666666663,1.147311830269704
transect,wind,3220,268.25,1.1478408222444714
transect,wind,3221,268.33333333333337,1.1486702449504123
transect,wind,3222,268.41666666666663,1.1506628297851615
transect,wind,3223,268.5,1.1489913133288505
transect,wind,3224,268.58333333333337,1.1496327440784169
transect,wind,3225,268.66666666666663,1.1503779530065381
transect,wind,3226,268.75,1.1510575825346978
transect,wind,3227,268.83333333333337,1.1515102283492744
transect,wind,3228,268.91666666666663,1.152142500101643
transect,wind,3229,269.0,1.1530173821411691
transect,wind,3230,269.08333333333337,1.1533903375893086
transect,wind,3231,269.16666666666663,1.1545819736141583
transect,wind,3232,269.25,1.1549621342635
transect,wind,3233,269.33333333333337,1.1557375697892407
transect,wind,3234,269.41666666666663,1.157300974301055
transect,wind,3235,269.5,1.1586777398678878
transect,wind,3236,269.58333333333337,1.1563778601154726
transect,wind,3237,269.66666666666663,1.1569625723363504
transect,wind,3238,269.75,1.1571248928259164
transect,wind,3239,269.83333333333337,1.158646249654713
transect,wind,3240,269.91666666666663,1.1592998893358786
transect,wind,3241,270.0,1.1664705703827118
transect,wind,3242,270.08333333333337,1.161159172470393
transect,wind,3243,270.16666666666663,1.1604549025533544
transect,wind,3244,270.25,1.1569738190388335
transect,wind,3245,270.33333333333337,1.1563692370659435
transect,wind,3246,270.41666666666663,1.1567498174325939
transect,wind,3247,270.5,1.1569394963938855
transect,wind,3248,270.58333333333337,1.1576657600961424
transect,wind,3249,270.66666666666663,1.1583021080014386
transect,wind,3250,270.75,1.161868852519674
transect,wind,3251,270.83333333333337,1.1683673033164794
transect,wind,3252,270.91666666666663,1.1766877166987824
transect,wind,3253,271.0,1.1826883701385194
transect,wind,3254,271.08333333333337,1.1803730322293933
transect,wind,3255,271.16666666666663,1.1836168596500545
transect,wind,3256,271.25,1.197170137066181
transect,wind,3257,271.33333333333337,1.207065880401725
transect,wind,3258,271.41666666666663,1.2267858175875304
transect,wind,3259,271.5,1.2356027852686127
transect,wind,3260,271.58333333333337,1.2714697142729674
transect,wind,3261,271.66666666666663,1.287639737519278
transect,wind,3262,271.75,1.317936827679463
transect,wind,3263,271.83333333333337,1.3362041681229753
transect,wind,3264,271.91666666666663,1.3674422090794298
transect,wind,3265,272.0,1.3857169950699646
transect,wind,3266,272.08333333333337,1.397985038118549
transect,wind,3267,272.16666666666663,1.4197617785626653
transect,wind,3268,272.25,1.4557990033838049
transect,wind,3269,272.33333333333337,1.501616318280445
transect,wind,3270,272.41666666666663,1.5446418439253256
transect,wind,3271,272.5,1.5389889946270496
transect,wind,3272,272.58333333333337,1.578419793391231
transect,wind,3273,272.66666666666663,1.5910631216760012
transect,wind,3274,272.75,1.6701838893978966
transect,wind,3275,272.83333333333337,1.6780100959147082
transect,wind,3276,272.91666666666663,1.677490716458673
transect,wind,3277,273.0,1.6857655620071774
transect,wind,3278,273.08333333333337,1.6461153459088185
transect,wind,3279,273.16666666666663,1.653230526870838
transect,wind,3280,273.25,1.6172508897200415
transect,wind,3281,273.33333333333337,1.609153220094689
transect,wind,3282,273.41666666666663,1.6776441424039519
transect,wind,3283,273.5,1.6193068237583688
transect,wind,3284,273.58333333333337,1.5566967610412814
transect,wind,3285,273.66666666666663,1.565587628795966
transect,wind,3286,273.75,1.5967108824876062
transect,wind,3287,273.83333333333337,1.5675960907333903
transect,wind,3288,273.91666666666663,1.555606214224366
transect,wind,3289,274.0,1.5448228517070266
transect,wind,3290,274.08333333333337,1.4988233964548847
transect,wind,3291,274.16666666666663,1.4573772292246405
transect,wind,3292,274.25,1.414497450843688
transect,wind,3293,274.33333333333337,1.40068043726265
transect,wind,3294,274.41666666666663,1.4022254475260352
transect,wind,3295,274.5,1.3954854836896613
transect,wind,3296,274.58333333333337,1.3798667952583343
transect,wind,3297,274.66666666666663,1.3752850124345424
transect,wind,3298,274.75,1.3832440838568516
transect,wind,3299,274.83333333333337,1.381979818663765
transect,wind,3300,274.91666666666663,1.3760138674086593
transect,wind,3301,275.0,1.3760996643451004
transect,wind,3302,275.08333333333337,1.3800610056560998
transect,wind,3303,275.16666666666663,1.3666287118740397
transect,wind,3304,275.25,1.3216022413298092
transect,wind,3305,275.33333333333337,1.2988532158706323
transect,wind,3306,275.41666666666663,1.2863644106124135
transect,wind,3307,275.5,1.2765469256195554
transect,wind,3308,275.58333333333337,1.2596144423766904
transect,wind,3309,275.66666666666663,1.2760035877312823
transect,wind,3310,275.75,1.2616113449190782
transect,wind,3311,275.83333333333337,1.263936159693978
transect,wind,3312,275.91666666666663,1.2641145920486718
transect,wind,3313,276.0,1.2620033713701662
transect,wind,3314,276.08333333333337,1.2617535607903254
transect,wind,3315,276.16666666666663,1.2820059772689718
transect,wind,3316,276.25,1.300088973660387
transect,wind,3317,276.33333333333337,1.3233953051225469
transect,wind,3318,276.41666666666663,1.3015191453660782
transect,wind,3319,276.5,1.2946861556456937
transect,wind,3320,276.58333333333337,1.2948267453841131
transect,wind,3321,276.66666666666663,1.320356853421765
transect,wind,3322,276.75,1.2854829268097876
transect,wind,3323,276.83333333333337,1.2541419671442982
transect,wind,3324,276.91666666666663,1.2384728670592429
transect,wind,3325,277.0,1.2424802154224932
transect,wind,3326,277.08333333333337,1.2345024166294754
transect,wind,3327,277.16666666666663,1.2588739405866822
transect,wind,3328,277.25,1.2610130352107034
transect,wind,3329,277.33333333333337,1.2203651226177727
transect,wind,3330,277.41666666666663,1.2168203344859365
transect,wind,3331,277.5,1.2254508130583188
transect,wind,3332,277.58333333333337,1.2507194820637386
transect,wind,3333,277.66666666666663,1.2584748030568946
transect,wind,3334,277.75,1.2647208447845533
transect,wind,3335,277.83333333333337,1.2573709019509127
transect,wind,3336,277.91666666666663,1.2564324646379483
transect,wind,3337,278.0,1.2440352120967277
transect,wind,3338,278.08333333333337,1.2539515838653743
transect,wind,3339,278.16666666666663,1.258227560227363
transect,wind,3340,278.25,1.2507748975277526
transect,wind,3341,278.33333333333337,1.2776205280234891
transect,wind,3342,278.41666666666663,1.2810045674704862
transect,wind,3343,278.5,1.2558911553917649
transect,wind,3344,278.58333333333337,1.2573831987502826
transect,wind,3345,278.66666666666663,1.22944299445091
transect,wind,3346,278.75,1.2153994666556234
transect,wind,3347,278.83333333333337,1.2147842214959712
transect,wind,3348,278.91666666666663,1.2147771751804342
transect,wind,3349,279.0,1.2049089569559324
transect,wind,3350,279.08333333333337,1.1747223819964518
transect,wind,3351,279.16666666666663,1.1663383506578031
transect,wind,3352,279.25,1.1614204790853873
transect,wind,3353,279.33333333333337,1.174946549831893
transect,wind,3354,279.41666666666663,1.1567098760787509
transect,wind,3355,279.5,1.134867208637039
transect,wind,3356,279.58333333333337,1.1430013048870853
transect,wind,3357,279.66666666666663,1.131642297483411
transect,wind,3358,279.75,1.131071774954793
transect,wind,3359,279.83333333333337,1.1241630125518693
transect,wind,3360,279.91666666666663,1.1295356682864552
transect,wind,3361,280.0,1.1266267233891245
transect,wind,3362,280.08333333333337,1.1165262091999917
transect,wind,3363,280.16666666666663,1.1127188481273433
transect,wind,3364,280.25,1.0963417106906368
transect,wind,3365,280.33333333333337,1.1092680304566898
transect,wind,3366,280.41666666666663,1.1013633343016878
transect,wind,3367,280.5,1.117844089928688
transect,wind,3368,280.58333333333337,1.1124646591969631
transect,wind,3369,280.66666666666663,1.1083597698714394
transect,wind,3370,280.75,1.09953595757976
transect,wind,3371,280.83333333333337,1.0953064792369467
transect,wind,3372,280.91666666666663,1.0924028928980962
transect,wind,3373,281.0,1.097151784783864
transect,wind,3374,281.08333333333337,1.1014836058589224
transect,wind,3375,281.16666666666663,1.0997182986618848
transect,wind,3376,281.25,1.1002618706368574
transect,wind,3377,281.33333333333337,1.1107986315359883
transect,wind,3378,281.41666666666663,1.0993873580381526
transect,wind,3379,281.5,1.0976996910846157
transect,wind,3380,281.58333333333337,1.1026010476500103
transect,wind,3381,281.66666666666663,1.1031717678118032
transect,wind,3382,281.75,1.091705041240395
transect,wind,3383,281.83333333333337,1.0906684700549036
transect,wind,3384,281.91666666666663,1.099572438750425
transect,wind,3385,282.0,1.104931783014563
transect,wind,3386,282.08333333333337,1.1076223335918003
transect,wind,3387,282.16666666666663,1.109890928068187
transect,wind,3388,282.25,1.0946707853511444
transect,wind,3389,282.33333333333337,1.0894985935916799
transect,wind,3390,282.41666666666663,1.0905765645512253
transect,wind,3391,282.5,1.0899566145513473
transect,wind,3392,282.58333333333337,1.0916603413511434
transect,wind,3393,282.66666666666663,1.0892564591752232
transect,wind,3394,282.75,1.0915945109459013
transect,wind,3395,282.83333333333337,1.0950952906662013
transect,wind,3396,282.91666666666663,1.0939884581909258
transect,wind,3397,283.0,1.0925383221338538
transect,wind,3398,283.08333333333337,1.0920449440462177
transect,wind,3399,283.16666666666663,1.0890878342537214
transect,wind,3400,283.25,1.0920073604214213
transect,wind,3401,283.33333333333337,1.0907876125405787
transect,wind,3402,283.41666666666663,1.0871569901177305
transect,wind,3403,283.5,1.0909651934898275
transect,wind,3404,283.58333333333337,1.087588219644963
transect,wind,3405,283.66666666666663,1.0890327020494117
transect,wind,3406,283.75,1.0894322244253765
transect,wind,3407,283.83333333333337,1.0883851242818652
transect,wind,3408,283.91666666666663,1.089638166990433
transect,wind,3409,284.0,1.0917796054889257
transect,wind,3410,284.08333333333337,1.0920278123022047
transect,wind,3411,284.16666666666663,1.0922559165614225
transect,wind,3412,284.25,1.0936865339843533
transect,wind,3413,284.33333333333337,1.0940169548424992
transect,wind,3414,284.41666666666663,1.0960371297752474
transect,wind,3415,284.5,1.0955661773397025
transect,wind,3416,284.58333333333337,1.0968656805024433
transect,wind,3417,284.66666666666663,1.0974617243968794
transect,wind,3418,284.75,1.0981129398796765
transect,wind,3419,284.83333333333337,1.0992952127944997
transect,wind,3420,284.91666666666663,1.1000738442472835
transect,wind,3421,285.0,1.1011738885989937
transect,wind,3422,285.08333333333337,1.101933218083991
transect,wind,3423,285.16666666666663,1.1029942403110407
transect,wind,3424,285.25,1.107421608864983
transect,wind,3425,285.33333333333337,1.1049965107629611
transect,wind,3426,285.41666666666663,1.1105819454895667
transect,wind,3427,285.5,1.110052047505104
transect,wind,3428,285.58333333333337,1.110519319301195
transect,wind,3429,285.66666666666663,1.1106303805330158
transect,wind,3430,285.75,1.109636325068713
transect,wind,3431,285.83333333333337,1.111920374294243
transect,wind,3432,285.91666666666663,1.1118718644213734
transect,wind,3433,286.0,1.112378051930591
transect,wind,3434,286.08333333333337,1.1155457647190072
transect,wind,3435,286.16666666666663,1.1150441386775134
transect,wind,3436,286.25,1.121052226442434
transect,wind,3437,286.33333333333337,1.1199715188586388
transect,wind,3438,286.41666666666663,1.120008555144227
transect,wind,3439,286.5,1.1205120115172862
transect,wind,3440,286.58333333333337,1.1212088258174562
transect,wind,3441,286.66666666666663,1.1237753531854844
transect,wind,3442,286.75,1.1229992772384294
transect,wind,3443,286.83333333333337,1.1247292365454784
transect,wind,3444,286.91666666666663,1.1260350967604147
transect,wind,3445,287.0,1.1266377438275292
transect,wind,3446,287.08333333333337,1.1311088890465508
transect,wind,3447,287.16666666666663,1.1373677585892368
transect,wind,3448,287.25,1.133882419884657
transect,wind,3449,287.33333333333337,1.1291916020116866
transect,wind,3450,287.41666666666663,1.1298011989677494
transect,wind,3451,287.5,1.1302396227300882
transect,wind,3452,287.58333333333337,1.1363377779243782
transect,wind,3453,287.66666666666663,1.1333849691271687
transect,wind,3454,287.75,1.1320038669834216
transect,wind,3455,287.83333333333337,1.1318358290564894
transect,wind,3456,287.91666666666663,1.1358359707381838
transect,wind,3457,288.0,1.1412740139352628
transect,wind,3458,288.08333333333337,1.1475485867059496
transect,wind,3459,288.16666666666663,1.1548012112628607
transect,wind,3460,288.25,1.148969372289474
transect,wind,3461,288.33333333333337,1.1489670288593623
transect,wind,3462,288.41666666666663,1.1458495743874006
transect,wind,3463,288.5,1.147441214283806
transect,wind,3464,288.58333333333337,1.141890186451897
transect,wind,3465,288.66666666666663,1.1427382919627505
transect,wind,3466,288.75,1.1441255190385116
transect,wind,3467,288.83333333333337,1.1491237160286147
transect,wind,3468,288.91666666666663,1.1477887445149648
transect,wind,3469,289.0,1.1484714221365886
transect,wind,3470,289.08333333333337,1.1491916649392717
transect,wind,3471,289.16666666666663,1.1485877090731638
transect,wind,3472,289.25,1.14957400996899
transect,wind,3473,289.33333333333337,1.1522866339881754
transect,wind,3474,289.41666666666663,1.1568386537641162
transect,wind,3475,289.5,1.1559116672849552
transect,wind,3476,289.58333333333337,1.1545393650815772
transect,wind,3477,289.66666666666663,1.1553436850450156
transect,wind,3478,289.75,1.157495139615057
transect,wind,3479,289.83333333333337,1.1576243827626682
transect,wind,3480,289.91666666666663,1.1586733736793526
transect,wind,3481,290.0,1.1620339864515707
transect,wind,3482,290.08333333333337,1.160511751017077
transect,wind,3483,290.16666666666663,1.1626279412775111
transect,wind,3484,290.25,1.1640876959367445
transect,wind,3485,290.33333333333337,1.1663646007689958
transect,wind,3486,290.41666666666663,1.1671194479969422
transect,wind,3487,290.5,1.1668291686258099
transect,wind,3488,290.58333333333337,1.1683333617109883
transect,wind,3489,290.66666666666663,1.1718114488590934
transect,wind,3490,290.75,1.170684343585079
transect,wind,3491,290.83333333333337,1.1757389209237545
transect,wind,3492,290.91666666666663,1.177365892111631
transect,wind,3493,291.0,1.1795855286505423
transect,wind,3494,291.08333333333337,1.1739409752773915
transect,wind,3495,291.16666666666663,1.1775640026467789
transect,wind,3496,291.25,1.1806149671987902
transect,wind,3497,291.33333333333337,1.1779708144228869
transect,wind,3498,291.41666666666663,1.1784965492624728
transect,wind,3499,291.5,1.180532678137855
transect,wind,3500,291.58333333333337,1.1809254039501207
transect,wind,3501,291.66666666666663,1.1885316670856114
transect,wind,3502,291.75,1.1908142948308496
transect,wind,3503,291.83333333333337,1.1887136191545458
transect,wind,3504,291.91666666666663,1.1867594238091852
transect,wind,3505,292.0,1.1896466073400898
transect,wind,3506,292.08333333333337,1.1892839521701521
transect,wind,3507,292.16666666666663,1.1907392390112985
transect,wind,3508,292.25,1.1894500105045633
transect,wind,3509,292.33333333333337,1.1876766551590117
transect,wind,3510,292.41666666666663,1.1884538316430457
transect,wind,3511,292.5,1.1882703079870274
transect,wind,3512,292.58333333333337,1.1882112552022617
transect,wind,3513,292.66666666666663,1.1891680395015656
transect,wind,3514,292.75,1.1902671242448755
transect,wind,3515,292.83333333333337,1.193727984887139
transect,wind,3516,292.91666666666663,1.2002930459965417
transect,wind,3517,293.0,1.2112037525404609
transect,wind,3518,293.08333333333337,1.2086091452326457
transect,wind,3519,293.16666666666663,1.2124461347609834
transect,wind,3520,293.25,1.220092680337985
transect,wind,3521,293.33333333333337,1.210502240616265
transect,wind,3522,293.41666666666663,1.219167599077331
transect,wind,3523,293.5,1.235169474765649
transect,wind,3524,293.58333333333337,1.2463525556943236
transect,wind,3525,293.66666666666663,1.2715421287979138
transect,wind,3526,293.75,1.2801644520390003
transect,wind,3527,293.83333333333337,1.267326164560322
transect,wind,3528,293.91666666666663,1.2856035350261983
transect,wind,3529,294.0,1.2977316700339068
transect,wind,3530,294.08333333333337,1.308021232402924
transect,wind,3531,294.16666666666663,1.3040654425875455
transect,wind,3532,294.25,1.2929060766971048
transect,wind,3533,294.33333333333337,1.3221854332405623
transect,wind,3534,294.41666666666663,1.3359507812232163
transect,wind,3535,294.5,1.3240637081143403
transect,wind,3536,294.58333333333337,1.3217448972236914
transect,wind,3537,294.66666666666663,1.3051763382760886
transect,wind,3538,294.75,1.3110027080207813
transect,wind,3539,294.83333333333337,1.3134597590659909
transect,wind,3540,294.91666666666663,1.2972523384562793
transect,wind,3541,295.0,1.2863564253760285
transect,wind,3542,295.08333333333337,1.2997794216424174
transect,wind,3543,295.16666666666663,1.2954208708942259
transect,wind,3544,295.25,1.308929140920458
transect,wind,3545,295.33333333333337,1.3015294711969698
transect,wind,3546,295.41666666666663,1.2988509059028057
transect,wind,3547,295.5,1.2648099331006382
transect,wind,3548,295.58333333333337,1.2694581461450138
transect,wind,3549,295.66666666666663,1.250605271608943
transect,wind,3550,295.75,1.2504824045014649
transect,wind,3551,295.83333333333337,1.2526184259894007
transect,wind,3552,295.91666666666663,1.2587750121186998
transect,wind,3553,296.0,1.2453605073171552
transect,wind,3554,296.08333333333337,1.225174885667434
transect,wind,3555,296.16666666666663,1.2287953885960028
transect,wind,3556,296.25,1.2275959002055403
transect,wind,3557,296.33333333333337,1.2193200938892899
transect,wind,3558,296.41666666666663,1.2120745139277358
transect,wind,3559,296.5,1.2097115909963299
transect,wind,3560,296.58333333333337,1.203137995427026
transect,wind,3561,296.66666666666663,1.21594663448454
transect,wind,3562,296.75,1.2046228816940412
transect,wind,3563,296.83333333333337,1.187183894439484
transect,wind,3564,296.91666666666663,1.1922550282443871
transect,wind,3565,297.0,1.1991630717842325
transect,wind,3566,297.08333333333337,1.189625236904849
transect,wind,3567,297.16666666666663,1.198721879534553
transect,wind,3568,297.25,1.2021663012731703
transect,wind,3569,297.33333333333337,1.195629589524305
transect,wind,3570,297.41666666666663,1.2025395190328714
transect,wind,3571,297.5,1.2019034881786421
transect,wind,3572,297.58333333333337,1.205123073063205
transect,wind,3573,297.66666666666663,1.2015546743798784
transect,wind,3574,297.75,1.1958032939799603
transect,wind,3575,297.83333333333337,1.1953971948234055
transect,wind,3576,297.91666666666663,1.1964243559443508
transect,wind,3577,298.0,1.1964467373174563
transect,wind,3578,298.08333333333337,1.1970475072215818
transect,wind,3579,298.16666666666663,1.1996142682428046
transect,wind,3580,298.25,1.2021921818638202
transect,wind,3581,298.33333333333337,1.201906561932723
transect,wind,3582,298.41666666666663,1.2028289084877224
transect,wind,3583,298.5,1.2009880264190689
transect,wind,3584,298.58333333333337,1.2018047487499182
transect,wind,3585,298.66666666666663,1.2038543033534939
transect,wind,3586,298.75,1.2050973182029188
transect,wind,3587,298.83333333333337,1.2093429083529859
transect,wind,3588,298.91666666666663,1.2113893820339825
transect,wind,3589,299.0,1.2095310757009012
transect,wind,3590,299.08333333333337,1.2112330312933262
transect,wind,3591,299.16666666666663,1.2052124860749367
transect,wind,3592,299.25,1.204547235027056
transect,wind,3593,299.33333333333337,1.208201398163971
transect,wind,3594,299.41666666666663,1.2075392623939476
transect,wind,3595,299.5,1.207342052524155
transect,wind,3596,299.58333333333337,1.210617602242498
transect,wind,3597,299.66666666666663,1.2085722726164483
transect,wind,3598,299.75,1.2067262211940815
transect,wind,3599,299.83333333333337,1.2028625865752836
transect,wind,3600,299.91666666666663,1.205197664090869
transect,wind,3601,300.0,1.2059371965696186
transect,wind,3602,300.08333333333337,1.2019960859434748
transect,wind,3603,300.16666666666663,1.2026666781752657
transect,wind,3604,300.25,1.2053536557217541
transect,wind,3605,300.33333333333337,1.2099467998044338
transect,wind,3606,300.41666666666663,1.2130346660832116
transect,wind,3607,300.5,1.2136790659065395
transect,wind,3608,300.58333333333337,1.221212634682641
transect,wind,3609,300.66666666666663,1.2309831544399288
transect,wind,3610,300.75,1.2320317783175343
transect,wind,3611,300.83333333333337,1.2356028486459685
transect,wind,3612,300.91666666666663,1.2484452040118759
transect,wind,3613,301.0,1.2598460914137042
transect,wind,3614,301.08333333333337,1.2938171375968373
transect,wind,3615,301.16666666666663,1.3104565295528496
transect,wind,3616,301.25,1.3131173306055195
transect,wind,3617,301.33333333333337,1.3419336475621617
transect,wind,3618,301.41666666666663,1.3639136517138903
transect,wind,3619,301.5,1.3755431166107557
transect,wind,3620,301.58333333333337,1.4015718075778087
transect,wind,3621,301.66666666666663,1.4097352763782984
transect,wind,3622,301.75,1.4146201442474589
transect,wind,3623,301.83333333333337,1.4715832970169245
transect,wind,3624,301.91666666666663,1.474962827051421
transect,wind,3625,302.0,1.4724592127197609
transect,wind,3626,302.08333333333337,1.4849166951614523
transect,wind,3627,302.16666666666663,1.5016429283129185
transect,wind,3628,302.25,1.523830229067444
transect,wind,3629,302.33333333333337,1.537347274714423
transect,wind,3630,302.41666666666663,1.5464302253500513
transect,wind,3631,302.5,1.5505558179134107
transect,wind,3632,302.58333333333337,1.5535273681216801
transect,wind,3633,302.66666666666663,1.5348857730250278
transect,wind,3634,302.75,1.5322536912179663
transect,wind,3635,302.83333333333337,1.5683170099491872
transect,wind,3636,302.91666666666663,1.5536668141418166
transect,wind,3637,303.0,1.5321237421133442
transect,wind,3638,303.08333333333337,1.5190026686996032
transect,wind,3639,303.16666666666663,1.5088318228226183
transect,wind,3640,303.25,1.5260315529821937
transect,wind,3641,303.33333333333337,1.5070459347259482
transect,wind,3642,303.41666666666663,1.5112160226141276
transect,wind,3643,303.5,1.4802403505116604
transect,wind,3644,303.58333333333337,1.4666968323075578
transect,wind,3645,303.66666666666663,1.4605563547367502
transect,wind,3646,303.75,1.434698237266491
transect,wind,3647,303.83333333333337,1.4440148572873892
transect,wind,3648,303.91666666666663,1.4330452970975316
transect,wind,3649,304.0,1.4124858687023625
transect,wind,3650,304.08333333333337,1.4218096834267109
transect,wind,3651,304.16666666666663,1.4093481827091976
transect,wind,3652,304.25,1.419915258765744
transect,wind,3653,304.33333333333337,1.3882009028359508
transect,wind,3654,304.41666666666663,1.3793023246076868
transect,wind,3655,304.5,1.3612143873706508
transect,wind,3656,304.58333333333337,1.3686044704322144
transect,wind,3657,304.66666666666663,1.3569593391541248
transect,wind,3658,304.75,1.3672676997377644
transect,wind,3659,304.83333333333337,1.353128071787707
transect,wind,3660,304.91666666666663,1.3440073316220837
transect,wind,3661,305.0,1.3657297379424367
transect,wind,3662,305.08333333333337,1.36050797355951
transect,wind,3663,305.16666666666663,1.3498791864268986
transect,wind,3664,305.25,1.3595961989264298
transect,wind,3665,305.33333333333337,1.3516921344256554
transect,wind,3666,305.41666666666663,1.3639594932232613
transect,wind,3667,305.5,1.3790904858456472
transect,wind,3668,305.58333333333337,1.3800109575488113
transect,wind,3669,305.66666666666663,1.4003407924779618
transect,wind,3670,305.75,1.3998459873324507
transect,wind,3671,305.83333333333337,1.408465327968805
transect,wind,3672,305.91666666666663,1.4021713116993526
transect,wind,3673,306.0,1.4148556490923054
transect,wind,3674,306.08333333333337,1.3933525361281893
transect,wind,3675,306.16666666666663,1.429782259540122
transect,wind,3676,306.25,1.4321396979754992
transect,wind,3677,306.33333333333337,1.4497071109254351
transect,wind,3678,306.41666666666663,1.4664217335523428
transect,wind,3679,306.5,1.4832399064828046
transect,wind,3680,306.58333333333337,1.493910214767298
transect,wind,3681,306.66666666666663,1.492555682147755
transect,wind,3682,306.75,1.4840496197357878
transect,wind,3683,306.83333333333337,1.4985797949116826
transect,wind,3684,306.91666666666663,1.493045032588253
transect,wind,3685,307.0,1.485516595123107
transect,wind,3686,307.08333333333337,1.5048945372139508
transect,wind,3687,307.16666666666663,1.552909742070566
transect,wind,3688,307.25,1.5290948899964592
transect,wind,3689,307.33333333333337,1.5743810450968643
transect,wind,3690,307.41666666666663,1.567917003006107
transect,wind,3691,307.5,1.5964727653261284
transect,wind,3692,307.58333333333337,1.61539918173656
transect,wind,3693,307.66666666666663,1.5788477991114114
transect,wind,3694,307.75,1.5645607831254025
transect,wind,3695,307.83333333333337,1.5482771818001355
transect,wind,3696,307.91666666666663,1.5380675454247772
transect,wind,3697,308.0,1.5570116864275503
transect,wind,3698,308.08333333333337,1.56005260984488
transect,wind,3699,308.16666666666663,1.5563203611002727
transect,wind,3700,308.25,1.5642292767115145
transect,wind,3701,308.33333333333337,1.533010089403256
transect,wind,3702,308.41666666666663,1.4986608236644028
transect,wind,3703,308.5,1.4846984639611378
transect,wind,3704,308.58333333333337,1.4641007349994466
transect,wind,3705,308.66666666666663,1.478144073667636
transect,wind,3706,308.75,1.4851271397600867
transect,wind,3707,308.83333333333337,1.4446258650412054
transect,wind,3708,308.91666666666663,1.419743615019415
transect,wind,3709,309.0,1.3978122660943642
transect,wind,3710,309.08333333333337,1.4264269326803853
transect,wind,3711,309.16666666666663,1.408553403942776
transect,wind,3712,309.25,1.381524534702488
transect,wind,3713,309.33333333333337,1.364651923776192
transect,wind,3714,309.41666666666663,1.3762088523498728
transect,wind,3715,309.5,1.3513288514097308
transect,wind,3716,309.58333333333337,1.3410496494933764
transect,wind,3717,309.66666666666663,1.3554763752938186
transect,wind,3718,309.75,1.3495419592393323
transect,wind,3719,309.83333333333337,1.3351836570914355
transect,wind,3720,309.91666666666663,1.3267388055303184
transect,wind,3721,310.0,1.31930654858414
transect,wind,3722,310.08333333333337,1.291574750962877
transect,wind,3723,310.16666666666663,1.2932184582537698
transect,wind,3724,310.25,1.3056144336149185
transect,wind,3725,310.33333333333337,1.2938757926541853
transect,wind,3726,310.41666666666663,1.2793098098901698
transect,wind,3727,310.5,1.2738757953823552
transect,wind,3728,310.58333333333337,1.272903688731318
transect,wind,3729,310.66666666666663,1.258367895971639
transect,wind,3730,310.75,1.265034663257738
transect,wind,3731,310.83333333333337,1.2751848681756373
transect,wind,3732,310.91666666666663,1.2665669183636583
transect,wind,3733,311.0,1.2772812606367954
transect,wind,3734,311.08333333333337,1.2580959014545565
transect,wind,3735,311.16666666666663,1.2610349187134477
transect,wind,3736,311.25,1.2649824590542202
transect,wind,3737,311.33333333333337,1.2756240382074344
transect,wind,3738,311.41666666666663,1.272518632736064
transect,wind,3739,311.5,1.279803628502781
transect,wind,3740,311.58333333333337,1.2723782666563896
transect,wind,3741,311.66666666666663,1.273730378897246
transect,wind,3742,311.75,1.2726988631260816
transect,wind,3743,311.83333333333337,1.2741438008081296
transect,wind,3744,311.91666666666663,1.2677538772342158
transect,wind,3745,312.0,1.2551144760005988
transect,wind,3746,312.08333333333337,1.253614198446698
transect,wind,3747,312.16666666666663,1.2683205956345185
transect,wind,3748,312.25,1.2587743729577252
transect,wind,3749,312.33333333333337,1.268481236182919
transect,wind,3750,312.41666666666663,1.2612258487734906
transect,wind,3751,312.5,1.2531268674377023
transect,wind,3752,312.58333333333337,1.236678665090299
transect,wind,3753,312.66666666666663,1.2389047161744038
transect,wind,3754,312.75,1.2304903007098953
transect,wind,3755,312.83333333333337,1.2348134280951681
transect,wind,3756,312.91666666666663,1.2392352887107607
transect,wind,3757,313.0,1.246282721198964
transect,wind,3758,313.08333333333337,1.2492790259309394
transect,wind,3759,313.16666666666663,1.250956946398598
transect,wind,3760,313.25,1.249107693499007
transect,wind,3761,313.33333333333337,1.2559179745246731
transect,wind,3762,313.41666666666663,1.2558430356362384
transect,wind,3763,313.5,1.2520750973104928
transect,wind,3764,313.58333333333337,1.251983698095381
transect,wind,3765,313.66666666666663,1.244802659556775
transect,wind,3766,313.75,1.2453601189336785
transect,wind,3767,313.83333333333337,1.2491477137168439
transect,wind,3768,313.91666666666663,1.2445683707294481
transect,wind,3769,314.0,1.2420916184469626
transect,wind,3770,314.08333333333337,1.2442780344836193
transect,wind,3771,314.16666666666663,1.2448174807002856
transect,wind,3772,314.25,1.2460913585143385
transect,wind,3773,314.33333333333337,1.2466437697529913
transect,wind,3774,314.41666666666663,1.2489991032322734
transect,wind,3775,314.5,1.2485680410110294
transect,wind,3776,314.58333333333337,1.2487611862766061
transect,wind,3777,314.66666666666663,1.249774089859773
transect,wind,3778,314.75,1.2535848018354208
transect,wind,3779,314.83333333333337,1.2554560937838957
transect,wind,3780,314.91666666666663,1.2607394273146044
transect,wind,3781,315.0,1.257074407318194
transect,wind,3782,315.08333333333337,1.2556934024882864
transect,wind,3783,315.16666666666663,1.2582335413922943
transect,wind,3784,315.25,1.2651772324363348
transect,wind,3785,315.33333333333337,1.2625407782352946
transect,wind,3786,315.41666666666663,1.2683154885598333
transect,wind,3787,315.5,1.2779047924733464
transect,wind,3788,315.58333333333337,1.2869757481714152
transect,wind,3789,315.66666666666663,1.2751380723547527
transect,wind,3790,315.75,1.2778113427397628
transect,wind,3791,315.83333333333337,1.3030498294182353
transect,wind,3792,315.91666666666663,1.320140916964561
transect,wind,3793,316.0,1.3287378608170501
transect,wind,3794,316.08333333333337,1.3470764968015505
transect,wind,3795,316.16666666666663,1.3412067975241886
transect,wind,3796,316.25,1.3282569583728163
transect,wind,3797,316.33333333333337,1.332633134045151
transect,wind,3798,316.41666666666663,1.33446647523941
transect,wind,3799,316.5,1.352007475156918
transect,wind,3800,316.58333333333337,1.3736321868249193
transect,wind,3801,316.66666666666663,1.3804400262222627
transect,wind,3802,316.75,1.3987162777630957
transect,wind,3803,316.83333333333337,1.426660297490109
transect,wind,3804,316.91666666666663,1.4393774691372954
transect,wind,3805,317.0,1.4381075455544239
transect,wind,3806,317.08333333333337,1.4631532743019136
transect,wind,3807,317.16666666666663,1.4596069291905562
transect,wind,3808,317.25,1.4612556957265954
transect,wind,3809,317.33333333333337,1.4756846078729255
transect,wind,3810,317.41666666666663,1.4931042463986233
transect,wind,3811,317.5,1.5268341988060672
transect,wind,3812,317.58333333333337,1.5315347909148507
transect,wind,3813,317.66666666666663,1.5646279831704732
transect,wind,3814,317.75,1.5788553967551597
transect,wind,3815,317.83333333333337,1.5863012367094516
transect,wind,3816,317.91666666666663,1.6068507109330354
transect,wind,3817,318.0,1.6156433478204542
transect,wind,3818,318.08333333333337,1.615395006044403
transect,wind,3819,318.16666666666663,1.637510909974383
transect,wind,3820,318.25,1.6488280449243014
transect,wind,3821,318.33333333333337,1.643676224352586
transect,wind,3822,318.41666666666663,1.6599112243983973
transect,wind,3823,318.5,1.6838106790388736
transect,wind,3824,318.58333333333337,1.6751250746120192
transect,wind,3825,318.66666666666663,1.6731471624954914
transect,wind,3826,318.75,1.689962041101465
transect,wind,3827,318.83333333333337,1.7236351786763
transect,wind,3828,318.91666666666663,1.660379130716209
transect,wind,3829,319.0,1.6704846198194465
transect,wind,3830,319.08333333333337,1.679692097350894
transect,wind,3831,319.16666666666663,1.6671195749193561
transect,wind,3832,319.25,1.6432884088048882
transect,wind,3833,319.33333333333337,1.6391148891527452
transect,wind,3834,319.41666666666663,1.6486554828494555
transect,wind,3835,319.5,1.6431231506349455
transect,wind,3836,319.58333333333337,1.5931609637619515
transect,wind,3837,319.66666666666663,1.5934669755418531
transect,wind,3838,319.75,1.5588195427165583
transect,wind,3839,319.83333333333337,1.5741058764642655
transect,wind,3840,319.91666666666663,1.5692823555059767
transect,wind,3841,320.0,1.571391323984357
transect,wind,3842,320.08333333333337,1.52991204476522
transect,wind,3843,320.16666666666663,1.505550071981577
transect,wind,3844,320.25,1.4952104581559291
transect,wind,3845,320.33333333333337,1.4340115987795155
transect,wind,3846,320.41666666666663,1.394676571838924
transect,wind,3847,320.5,1.3483159371119962
transect,wind,3848,320.58333333333337,1.376399601919504
transect,wind,3849,320.66666666666663,1.3582428213164777
transect,wind,3850,320.75,1.3647839237370134
transect,wind,3851,320.83333333333337,1.3910294648716053
transect,wind,3852,320.91666666666663,1.3677435530944917
transect,wind,3853,321.0,1.3409454392024267
transect,wind,3854,321.08333333333337,1.3675164533915303
transect,wind,3855,321.16666666666663,1.3701523517098646
transect,wind,3856,321.25,1.3267987154231442
transect,wind,3857,321.33333333333337,1.3190888798569
transect,wind,3858,321.41666666666663,1.2973743097429145
transect,wind,3859,321.5,1.2768008934113233
transect,wind,3860,321.58333333333337,1.2344900236516816
transect,wind,3861,321.66666666666663,1.1974710933103236
transect,wind,3862,321.75,1.2361886425294164
transect,wind,3863,321.83333333333337,1.2413171776160536
transect,wind,3864,321.91666666666663,1.2158927281437684
transect,wind,3865,322.0,1.2129450315012897
transect,wind,3866,322.08333333333337,1.2125341527009004
transect,wind,3867,322.16666666666663,1.1994748283002794
transect,wind,3868,322.25,1.209306638280094
transect,wind,3869,322.33333333333337,1.218006274379561
transect,wind,3870,322.41666666666663,1.2395824173877457
transect,wind,3871,322.5,1.2273956275377347
transect,wind,3872,322.58333333333337,1.2141979443956812
transect,wind,3873,322.66666666666663,1.1990995983939827
transect,wind,3874,322.75,1.1974066020295906
transect,wind,3875,322.83333333333337,1.1841133297523696
transect,wind,3876,322.91666666666663,1.1749864796468585
transect,wind,3877,323.0,1.1784731177097136
transect,wind,3878,323.08333333333337,1.1886636509562296
transect,wind,3879,323.16666666666663,1.1854144043443782
transect,wind,3880,323.25,1.1897370118448836
transect,wind,3881,323.33333333333337,1.1957799873833352
transect,wind,3882,323.41666666666663,1.1901367218426342
transect,wind,3883,323.5,1.1816088305263626
transect,wind,3884,323.58333333333337,1.1680852942603837
transect,wind,3885,323.66666666666663,1.1596693504776054
transect,wind,3886,323.75,1.1596446618243146
transect,wind,3887,323.83333333333337,1.1671841845342277
transect,wind,3888,323.91666666666663,1.1672238240513795
transect,wind,3889,324.0,1.1638323736446283
transect,wind,3890,324.08333333333337,1.1630620863285668
transect,wind,3891,324.16666666666663,1.1660356288584595
transect,wind,3892,324.25,1.1798536892237494
transect,wind,3893,324.33333333333337,1.1739811423761288
transect,wind,3894,324.41666666666663,1.176691664687584
transect,wind,3895,324.5,1.1608643376427576
transect,wind,3896,324.58333333333337,1.1657036508128977
transect,wind,3897,324.66666666666663,1.1619381323967866
transect,wind,3898,324.75,1.1632965534156403
transect,wind,3899,324.83333333333337,1.1599707592753823
transect,wind,3900,324.91666666666663,1.155303580669209
transect,wind,3901,325.0,1.1551628725565366
transect,wind,3902,325.08333333333337,1.1548491744406075
transect,wind,3903,325.16666666666663,1.158319475417188
transect,wind,3904,325.25,1.155466965687389
transect,wind,3905,325.33333333333337,1.1584740441548302
transect,wind,3906,325.41666666666663,1.1611581861364395
transect,wind,3907,325.5,1.1626261258527628
transect,wind,3908,325.58333333333337,1.1566085536830388
transect,wind,3909,325.66666666666663,1.1576197439374873
transect,wind,3910,325.75,1.1565448571869674
transect,wind,3911,325.83333333333337,1.1565801969562617
transect,wind,3912,325.91666666666663,1.1656913711234667
transect,wind,3913,326.0,1.1732705646156454
transect,wind,3914,326.08333333333337,1.1638615699577084
transect,wind,3915,326.16666666666663,1.1595453498614563
transect,wind,3916,326.25,1.161919665053529
transect,wind,3917,326.33333333333337,1.1592088215440217
transect,wind,3918,326.41666666666663,1.1581902911163702
transect,wind,3919,326.5,1.1582398226176527
transect,wind,3920,326.58333333333337,1.158524856522417
transect,wind,3921,326.66666666666663,1.1591899853997434
transect,wind,3922,326.75,1.1598242531415284
transect,wind,3923,326.83333333333337,1.1605061479788634
transect,wind,3924,326.91666666666663,1.161090084349836
transect,wind,3925,327.0,1.1624605742492673
transect,wind,3926,327.08333333333337,1.1639286539290299
transect,wind,3927,327.16666666666663,1.1637376036973934
transect,wind,3928,327.25,1.1660940336512253
transect,wind,3929,327.33333333333337,1.1653024058088721
transect,wind,3930,327.41666666666663,1.1636426404994118
transect,wind,3931,327.5,1.1642731120676004
transect,wind,3932,327.58333333333337,1.1660670314181143
transect,wind,3933,327.66666666666663,1.1665868542630273
transect,wind,3934,327.75,1.1669083973939196
transect,wind,3935,327.83333333333337,1.1692659569898107
transect,wind,3936,327.91666666666663,1.1687572518626614
transect,wind,3937,328.0,1.1688786526254438
transect,wind,3938,328.08333333333337,1.1700577738623317
transect,wind,3939,328.16666666666663,1.1738419694043434
transect,wind,3940,328.25,1.1704395860349028
transect,wind,3941,328.33333333333337,1.1684844157446865
transect,wind,3942,328.41666666666663,1.1671449488751464
transect,wind,3943,328.5,1.168732179158575
transect,wind,3944,328.58333333333337,1.1691093730454614
transect,wind,3945,328.66666666666663,1.1702649945423005
transect,wind,3946,328.75,1.1696873961024787
transect,wind,3947,328.83333333333337,1.171605155475201
transect,wind,3948,328.91666666666663,1.1746692996639343
transect,wind,3949,329.0,1.1734289693331343
transect,wind,3950,329.08333333333337,1.1789757936030096
transect,wind,3951,329.16666666666663,1.173056537074168
transect,wind,3952,329.25,1.1746688816169206
transect,wind,3953,329.33333333333337,1.1739918231260646
transect,wind,3954,329.41666666666663,1.1701571992448239
transect,wind,3955,329.5,1.1701501003917312
transect,wind,3956,329.58333333333337,1.1705728902003807
transect,wind,3957,329.66666666666663,1.169185158360116
transect,wind,3958,329.75,1.1705176096147012
transect,wind,3959,329.83333333333337,1.1700292167741269
transect,wind,3960,329.91666666666663,1.170484911028479
transect,wind,3961,330.0,1.1741209481933002
transect,wind,3962,330.08333333333337,1.1768456705358237
transect,wind,3963,330.16666666666663,1.1737467620555213
transect,wind,3964,330.25,1.1718884684342858
transect,wind,3965,330.33333333333337,1.1721856508877282
transect,wind,3966,330.41666666666663,1.1736071567570299
transect,wind,3967,330.5,1.1724177201268886
transect,wind,3968,330.58333333333337,1.1745254510263095
transect,wind,3969,330.66666666666663,1.1767441611231317
transect,wind,3970,330.75,1.1765617415603538
transect,wind,3971,330.83333333333337,1.1777154804631798
transect,wind,3972,330.91666666666663,1.1769394990291497
transect,wind,3973,331.0,1.174176588524057
transect,wind,3974,331.08333333333337,1.1759072456124169
transect,wind,3975,331.16666666666663,1.1773839436931997
transect,wind,3976,331.25,1.1787320287692784
transect,wind,3977,331.33333333333337,1.1788438493177817
transect,wind,3978,331.41666666666663,1.1790138692091567
transect,wind,3979,331.5,1.1795293667821998
transect,wind,3980,331.58333333333337,1.1802439955925286
transect,wind,3981,331.66666666666663,1.181377052228167
transect,wind,3982,331.75,1.181424532397211
transect,wind,3983,331.83333333333337,1.182512676531365
transect,wind,3984,331.91666666666663,1.1828070927048113
transect,wind,3985,332.0,1.1833798052744826
transect,wind,3986,332.08333333333337,1.1837993667360638
transect,wind,3987,332.16666666666663,1.1853933826732639
transect,wind,3988,332.25,1.1844658293139239
transect,wind,3989,332.33333333333337,1.1850859949736514
transect,wind,3990,332.41666666666663,1.1863428920932024
transect,wind,3991,332.5,1.187000871421743
transect,wind,3992,332.58333333333337,1.1866494190181034
transect,wind,3993,332.66666666666663,1.1871198155818932
transect,wind,3994,332.75,1.1881654052190245
transect,wind,3995,332.83333333333337,1.1880603516890758
transect,wind,3996,332.91666666666663,1.189267134764316
transect,wind,3997,333.0,1.189301314650818
transect,wind,3998,333.08333333333337,1.1910702494100989
transect,wind,3999,333.16666666666663,1.19423468126298
transect,wind,4000,333.25,1.1928066761275438
transect,wind,4001,333.33333333333337,1.192221163374743
transect,wind,4002,333.41666666666663,1.1909714721637985
transect,wind,4003,333.5,1.191906581994243
transect,wind,4004,333.58333333333337,1.1902806795478105
transect,wind,4005,333.66666666666663,1.1905683101699125
transect,wind,4006,333.75,1.191318006171252
transect,wind,4007,333.83333333333337,1.1919951891366423
transect,wind,4008,333.91666666666663,1.1927158237216446
transect,wind,4009,334.0,1.1926310625612075
transect,wind,4010,334.08333333333337,1.1932948389362685
transect,wind,4011,334.16666666666663,1.194245116530184
transect,wind,4012,334.25,1.1980457428947744
transect,wind,4013,334.33333333333337,1.2030829942462176
transect,wind,4014,334.41666666666663,1.208373582853833
transect,wind,4015,334.5,1.2079424994001766
transect,wind,4016,334.58333333333337,1.2136902822699298
transect,wind,4017,334.66666666666663,1.2238984502110093
transect,wind,4018,334.75,1.238107936748259
transect,wind,4019,334.83333333333337,1.2551171440093196
transect,wind,4020,334.91666666666663,1.2514283431648527
transect,wind,4021,335.0,1.270029918024839
transect,wind,4022,335.08333333333337,1.2595820752669895
transect,wind,4023,335.16666666666663,1.2574946407316756
transect,wind,4024,335.25,1.2962293885729421
transect,wind,4025,335.33333333333337,1.3157867540694086
transect,wind,4026,335.41666666666663,1.3576435125810227
transect,wind,4027,335.5,1.3671537365353954
transect,wind,4028,335.58333333333337,1.3798036700813106
transect,wind,4029,335.66666666666663,1.3916175299636284
transect,wind,4030,335.75,1.4000110722870598
transect,wind,4031,335.83333333333337,1.4074294034720085
transect,wind,4032,335.91666666666663,1.4227487304837845
transect,wind,4033,336.0,1.4420899839142156
transect,wind,4034,336.08333333333337,1.4737199338515126
transect,wind,4035,336.16666666666663,1.4917329900815735
transect,wind,4036,336.25,1.5088381597647818
transect,wind,4037,336.33333333333337,1.5044276735685076
transect,wind,4038,336.41666666666663,1.5176754803040826
transect,wind,4039,336.5,1.5149877539119008
transect,wind,4040,336.58333333333337,1.4927326462344293
transect,wind,4041,336.66666666666663,1.4983471917190585
transect,wind,4042,336.75,1.5031904760193673
transect,wind,4043,336.83333333333337,1.4929388534206653
transect,wind,4044,336.91666666666663,1.5173837544013014
transect,wind,4045,337.0,1.4765884952904205
transect,wind,4046,337.08333333333337,1.5019171999278773
transect,wind,4047,337.16666666666663,1.4773598277695161
transect,wind,4048,337.25,1.47625393026638
transect,wind,4049,337.33333333333337,1.483692055384732
transect,wind,4050,337.41666666666663,1.4437247997064067
transect,wind,4051,337.5,1.4583383842954971
transect,wind,4052,337.58333333333337,1.4442093806988476
transect,wind,4053,337.66666666666663,1.4088381006421056
transect,wind,4054,337.75,1.3782098325659247
transect,wind,4055,337.83333333333337,1.380141420209673
transect,wind,4056,337.91666666666663,1.3674311815899294
transect,wind,4057,338.0,1.3648076522459205
transect,wind,4058,338.08333333333337,1.3432415729418898
transect,wind,4059,338.16666666666663,1.3351077773043278
transect,wind,4060,338.25,1.330638993359392
transect,wind,4061,338.33333333333337,1.3001901187149694
transect,wind,4062,338.41666666666663,1.3302757908584513
transect,wind,4063,338.5,1.3581138159181598
transect,wind,4064,338.58333333333337,1.3539019735510878
transect,wind,4065,338.66666666666663,1.308870744592888
transect,wind,4066,338.75,1.2873277121835707
transect,wind,4067,338.83333333333337,1.279046461337772
transect,wind,4068,338.91666666666663,1.2597083013523394
transect,wind,4069,339.0,1.2617942826124717
transect,wind,4070,339.08333333333337,1.236616173141198
transect,wind,4071,339.16666666666663,1.2480339824302502
transect,wind,4072,339.25,1.2463569217118087
transect,wind,4073,339.33333333333337,1.256375601990946
transect,wind,4074,339.41666666666663,1.2620642941592646
transect,wind,4075,339.5,1.2424129978271896
transect,wind,4076,339.58333333333337,1.2461486102905432
transect,wind,4077,339.66666666666663,1.2530884000233125
transect,wind,4078,339.75,1.2212393645964548
transect,wind,4079,339.83333333333337,1.22416660021171
transect,wind,4080,339.91666666666663,1.2192832644260736
transect,wind,4081,340.0,1.217082236085578
transect,wind,4082,340.08333333333337,1.1995569952463592
transect,wind,4083,340.16666666666663,1.201573351288474
transect,wind,4084,340.25,1.2148086439860966
transect,wind,4085,340.33333333333337,1.1973938426516344
transect,wind,4086,340.41666666666663,1.2112846573865543
transect,wind,4087,340.5,1.2151183048438643
transect,wind,4088,340.58333333333337,1.2116519930817344
transect,wind,4089,340.66666666666663,1.2225817985962277
transect,wind,4090,340.75,1.2247565633922026
transect,wind,4091,340.83333333333337,1.2127443495517158
transect,wind,4092,340.91666666666663,1.1977360316252703
transect,wind,4093,341.0,1.1731894343282439
transect,wind,4094,341.08333333333337,1.1756581082320263
transect,wind,4095,341.16666666666663,1.1793398363576557
transect,wind,4096,341.25,1.1862124171104225
transect,wind,4097,341.33333333333337,1.1724564677019162
transect,wind,4098,341.41666666666663,1.1696528627233764
transect,wind,4099,341.5,1.1692043934362821
transect,wind,4100,341.58333333333337,1.1730982272502488
transect,wind,4101,341.66666666666663,1.167013116306751
transect,wind,4102,341.75,1.1682375366906996
transect,wind,4103,341.83333333333337,1.1677334759177278
transect,wind,4104,341.91666666666663,1.1763058628818175
transect,wind,4105,342.0,1.1743061296934174
transect,wind,4106,342.08333333333337,1.1710677306078903
transect,wind,4107,342.16666666666663,1.1758702825923253
transect,wind,4108,342.25,1.161032338287821
transect,wind,4109,342.33333333333337,1.1720139630946205
transect,wind,4110,342.41666666666663,1.1651808391092509
transect,wind,4111,342.5,1.155591740827476
transect,wind,4112,342.58333333333337,1.1709987836563904
transect,wind,4113,342.66666666666663,1.183676892461954
transect,wind,4114,342.75,1.168635788323328
transect,wind,4115,342.83333333333337,1.1395926306763409
transect,wind,4116,342.91666666666663,1.1288054679252624
transect,wind,4117,343.0,1.1298422450857577
transect,wind,4118,343.08333333333337,1.1417646226884615
transect,wind,4119,343.16666666666663,1.1421730426860046
transect,wind,4120,343.25,1.1515703579167842
transect,wind,4121,343.33333333333337,1.1441159991757097
transect,wind,4122,343.41666666666663,1.1423709961937563
transect,wind,4123,343.5,1.1446470029706541
transect,wind,4124,343.58333333333337,1.1444386588377014
transect,wind,4125,343.66666666666663,1.131268711505959
transect,wind,4126,343.75,1.1456977959347534
transect,wind,4127,343.83333333333337,1.1630009753690245
transect,wind,4128,343.91666666666663,1.1716473980491433
transect,wind,4129,344.0,1.1830108409990046
transect,wind,4130,344.08333333333337,1.1982254866441056
transect,wind,4131,344.16666666666663,1.1719976413743471
transect,wind,4132,344.25,1.1567904484420526
transect,wind,4133,344.33333333333337,1.1574726779201692
transect,wind,4134,344.41666666666663,1.1746052152870392
transect,wind,4135,344.5,1.17253765626926
transect,wind,4136,344.58333333333337,1.1790198909167715
transect,wind,4137,344.66666666666663,1.1859235244634896
transect,wind,4138,344.75,1.189127524148415
transect,wind,4139,344.83333333333337,1.2150911152726402
transect,wind,4140,344.91666666666663,1.2269300800064773
transect,wind,4141,345.0,1.239498168247066
transect,wind,4142,345.08333333333337,1.2447887111789695
transect,wind,4143,345.16666666666663,1.2592072494285154
transect,wind,4144,345.25,1.26099971313293
transect,wind,4145,345.33333333333337,1.283542547698454
transect,wind,4146,345.41666666666663,1.2690347436431255
transect,wind,4147,345.5,1.2971773291057782
transect,wind,4148,345.58333333333337,1.3029586550762762
transect,wind,4149,345.66666666666663,1.322867180604559
transect,wind,4150,345.75,1.2953715941605126
transect,wind,4151,345.83333333333337,1.2855501554398239
transect,wind,4152,345.91666666666663,1.2648136302937394
transect,wind,4153,346.0,1.2727242385157211
transect,wind,4154,346.08333333333337,1.276924846212418
transect,wind,4155,346.16666666666663,1.2881618039518024
transect,wind,4156,346.25,1.2703045585185302
transect,wind,4157,346.33333333333337,1.2675885341118382
transect,wind,4158,346.41666666666663,1.252578427701419
transect,wind,4159,346.5,1.2634264628168839
transect,wind,4160,346.58333333333337,1.2420426920318095
transect,wind,4161,346.66666666666663,1.229058757784626
transect,wind,4162,346.75,1.2458717962725354
transect,wind,4163,346.83333333333337,1.24597841296601
transect,wind,4164,346.91666666666663,1.225281491849683
transect,wind,4165,347.0,1.2077148588684021
transect,wind,4166,347.08333333333337,1.1882831591110647
transect,wind,4167,347.16666666666663,1.1679472193904363
transect,wind,4168,347.25,1.171720338431943
transect,wind,4169,347.33333333333337,1.1739180177670478
transect,wind,4170,347.41666666666663,1.1574548299899343
transect,wind,4171,347.5,1.1533013422303264
transect,wind,4172,347.58333333333337,1.154142932732326
transect,wind,4173,347.66666666666663,1.1528320964079144
transect,wind,4174,347.75,1.147339486758882
transect,wind,4175,347.83333333333337,1.1472862199773979
transect,wind,4176,347.91666666666663,1.151397395601522
transect,wind,4177,348.0,1.1557297947049396
transect,wind,4178,348.08333333333337,1.1449438878940863
transect,wind,4179,348.16666666666663,1.1437470955792641
transect,wind,4180,348.25,1.1477221287747332
transect,wind,4181,348.33333333333337,1.1339658011491407
transect,wind,4182,348.41666666666663,1.1324352184369697
transect,wind,4183,348.5,1.1322091641323286
transect,wind,4184,348.58333333333337,1.138120345644987
transect,wind,4185,348.66666666666663,1.1370056771286265
transect,wind,4186,348.75,1.1227702587001376
transect,wind,4187,348.83333333333337,1.1250759233229002
transect,wind,4188,348.91666666666663,1.1229541473899634
transect,wind,4189,349.0,1.1198259481150454
transect,wind,4190,349.08333333333337,1.1302291515640979
transect,wind,4191,349.16666666666663,1.1254418073612713
transect,wind,4192,349.25,1.1178418993472372
transect,wind,4193,349.33333333333337,1.111392561919376
transect,wind,4194,349.41666666666663,1.106709620966766
transect,wind,4195,349.5,1.1046878300472167
transect,wind,4196,349.58333333333337,1.099404842560022
transect,wind,4197,349.66666666666663,1.100198257986653
transect,wind,4198,349.75,1.1073092723658486
transect,wind,4199,349.83333333333337,1.1127273725291211
transect,wind,4200,349.91666666666663,1.1123055026863329
transect,wind,4201,350.0,1.105224433306591
transect,wind,4202,350.08333333333337,1.1096772210378194
transect,wind,4203,350.16666666666663,1.1096469752879443
transect,wind,4204,350.25,1.1043496100362387
transect,wind,4205,350.33333333333337,1.1088326657495613
transect,wind,4206,350.41666666666663,1.1067631519807526
transect,wind,4207,350.5,1.1102733753330505
transect,wind,4208,350.58333333333337,1.106733492454233
transect,wind,4209,350.66666666666663,1.106531588815227
transect,wind,4210,350.75,1.107936820581317
transect,wind,4211,350.83333333333337,1.108106815862218
transect,wind,4212,350.91666666666663,1.11040332526742
transect,wind,4213,351.0,1.1131014064842617
transect,wind,4214,351.08333333333337,1.1132261602355893
transect,wind,4215,351.16666666666663,1.1127948550021183
transect,wind,4216,351.25,1.114099332802571
transect,wind,4217,351.33333333333337,1.1138265800245886
transect,wind,4218,351.41666666666663,1.1149351634126219
transect,wind,4219,351.5,1.1159617220584581
transect,wind,4220,351.58333333333337,1.1172232270495537
transect,wind,4221,351.66666666666663,1.1229077360280983
transect,wind,4222,351.75,1.1220572992182585
transect,wind,4223,351.83333333333337,1.122201818153674
transect,wind,4224,351.91666666666663,1.1273411210126671
transect,wind,4225,352.0,1.126522786130044
transect,wind,4226,352.08333333333337,1.1289844141061127
transect,wind,4227,352.16666666666663,1.1328651342080016
transect,wind,4228,352.25,1.1370578384276946
transect,wind,4229,352.33333333333337,1.1451081021041267
transect,wind,4230,352.41666666666663,1.1535837702671596
transect,wind,4231,352.5,1.1497185988923044
transect,wind,4232,352.58333333333337,1.1516058553035093
transect,wind,4233,352.66666666666663,1.1476610945786714
transect,wind,4234,352.75,1.1447839833046123
transect,wind,4235,352.83333333333337,1.1521241255776584
transect,wind,4236,352.91666666666663,1.1516564396542723
transect,wind,4237,353.0,1.1619789822310167
transect,wind,4238,353.08333333333337,1.1596008215968048
transect,wind,4239,353.16666666666663,1.1613719226408905
transect,wind,4240,353.25,1.1708450138871977
transect,wind,4241,353.33333333333337,1.1878710283118288
transect,wind,4242,353.41666666666663,1.1899658719203758
transect,wind,4243,353.5,1.189759440527768
transect,wind,4244,353.58333333333337,1.1865982478015131
transect,wind,4245,353.66666666666663,1.200146045920821
transect,wind,4246,353.75,1.1998429563391202
transect,wind,4247,353.83333333333337,1.2288456801504684
transect,wind,4248,353.91666666666663,1.228711755804742
transect,wind,4249,354.0,1.2410242938649856
transect,wind,4250,354.08333333333337,1.2346116124796263
transect,wind,4251,354.16666666666663,1.244781446426175
transect,wind,4252,354.25,1.2434216873646933
transect,wind,4253,354.33333333333337,1.2376494330745962
transect,wind,4254,354.41666666666663,1.2160279754000072
transect,wind,4255,354.5,1.2150398576241817
transect,wind,4256,354.58333333333337,1.2248480907938313
transect,wind,4257,354.66666666666663,1.2337269357605765
transect,wind,4258,354.75,1.2283593617004538
transect,wind,4259,354.83333333333337,1.2481087829760333
transect,wind,4260,354.91666666666663,1.2347047531211892
transect,wind,4261,355.0,1.2440405980037905
transect,wind,4262,355.08333333333337,1.2437656951772615
transect,wind,4263,355.16666666666663,1.2451082685851218
transect,wind,4264,355.25,1.2304013428937597
transect,wind,4265,355.33333333333337,1.2382941506153344
transect,wind,4266,355.41666666666663,1.230737568775623
transect,wind,4267,355.5,1.2520182248273772
transect,wind,4268,355.58333333333337,1.2576389295524988
transect,wind,4269,355.66666666666663,1.2297086567492865
transect,wind,4270,355.75,1.2119212137062143
transect,wind,4271,355.83333333333337,1.2127004647460324
transect,wind,4272,355.91666666666663,1.2271042710874547
transect,wind,4273,356.0,1.2173067741836083
transect,wind,4274,356.08333333333337,1.217510203362585
transect,wind,4275,356.16666666666663,1.212333515014349
transect,wind,4276,356.25,1.2144188436827588
transect,wind,4277,356.33333333333337,1.2109276645996823
transect,wind,4278,356.41666666666663,1.2000026212551853
transect,wind,4279,356.5,1.1890288763382961
transect,wind,4280,356.58333333333337,1.1867970923483406
transect,wind,4281,356.66666666666663,1.1852162596644125
transect,wind,4282,356.75,1.1835313933385683
transect,wind,4283,356.83333333333337,1.1839940369565047
transect,wind,4284,356.91666666666663,1.1857901721838295
transect,wind,4285,357.0,1.1803503266163813
transect,wind,4286,357.08333333333337,1.1844708447603562
transect,wind,4287,357.16666666666663,1.1811172641203975
transect,wind,4288,357.25,1.1818485305719661
transect,wind,4289,357.33333333333337,1.181790658611165
transect,wind,4290,357.41666666666663,1.1823605290466592
transect,wind,4291,357.5,1.183090675205666
transect,wind,4292,357.58333333333337,1.1869447610967263
transect,wind,4293,357.66666666666663,1.1952984281137267
transect,wind,4294,357.75,1.20259010451661
transect,wind,4295,357.83333333333337,1.2118515992157537
transect,wind,4296,357.91666666666663,1.2203038220633888
transect,wind,4297,358.0,1.220490856945711
transect,wind,4298,358.08333333333337,1.2214860786341888
transect,wind,4299,358.16666666666663,1.2239257540115058
transect,wind,4300,358.25,1.2257867569908543
transect,wind,4301,358.33333333333337,1.2353544708867363
transect,wind,4302,358.41666666666663,1.2624408795948139
transect,wind,4303,358.5,1.28186968764636
transect,wind,4304,358.58333333333337,1.279962893209326
transect,wind,4305,358.66666666666663,1.2838275636458267
transect,wind,4306,358.75,1.2664157634531368
transect,wind,4307,358.83333333333337,1.2852047331617666
transect,wind,4308,358.91666666666663,1.2972159869387088
transect,wind,4309,359.0,1.2875286436915936
transect,wind,4310,359.08333333333337,1.2959558111566556
transect,wind,4311,359.16666666666663,1.2702929713608642
transect,wind,4312,359.25,1.2921388304045227
transect,wind,4313,359.33333333333337,1.309793854098353
transect,wind,4314,359.41666666666663,1.3097018265272418
transect,wind,4315,359.5,1.289652405237457
transect,wind,4316,359.58333333333337,1.2869739987445687
transect,wind,4317,359.66666666666663,1.2774210675658486
transect,wind,4318,359.75,1.270709869785545
transect,wind,4319,359.83333333333337,1.2848421360140354
transect,wind,4320,359.91666666666663,1.2896753638220337
transect,wind,4321,360.0,1.2865702771848802
transect,estimated,1,0.0,0.5482123617960044
transect,estimated,2,0.08333333333337123,0.5580480010866272
transect,estimated,3,0.16666666666662877,0.5608069235102794
transect,estimated,4,0.25,0.5622681618410987
transect,estimated,5,0.33333333333337123,0.5632395995439199
transect,estimated,6,0.41666666666662877,0.5639658548092993
transect,estimated,7,0.5,0.5645456446230294
transect,estimated,8,0.5833333333333712,0.5650026042183808
transect,estimated,9,0.6666666666666288,0.565370643252316
transect,estimated,10,0.75,0.5656989366665576
transect,estimated,11,0.8333333333333712,0.5660148062072909
transect,estimated,12,0.9166666666666288,0.5663292785339238
transect,estimated,13,1.0,0.5666877755447524
transect,estimated,14,1.0833333333333712,0.5670707173979739
transect,estimated,15,1.1666666666666288,0.5674477781746361
transect,estimated,16,1.25,0.5678369125660561
transect,estimated,17,1.3333333333333712,0.5682102923268494
transect,estimated,18,1.4166666666666288,0.5685687744215134
transect,estimated,19,1.5,0.5688743310097731
transect,estimated,20,1.5833333333333712,0.569132175125329
transect,estimated,21,1.6666666666666288,0.5694074506680178
transect,estimated,22,1.75,0.5697634319773435
transect,estimated,23,1.8333333333333712,0.5701911203102928
transect,estimated,24,1.9166666666666288,0.5706631651150349
transect,estimated,25,2.0,0.5710822130737814
transect,estimated,26,2.0833333333333712,0.5714182336414529
transect,estimated,27,2.1666666666666288,0.5717041528889786
transect,estimated,28,2.25,0.5720427813663369
transect,estimated,29,2.3333333333333712,0.5724759584298259
transect,estimated,30,2.4166666666666288,0.5729768807592066
transect,estimated,31,2.5,0.5734852245938659
transect,estimated,32,2.5833333333333712,0.5739746675056695
transect,estimated,33,2.6666666666666288,0.574409540150915
transect,estimated,34,2.75,0.5748056124400762
transect,estimated,35,2.8333333333333712,0.5751918224052122
transect,estimated,36,2.9166666666666288,0.5755976932156727
transect,estimated,37,3.0,0.5760173342506951
transect,estimated,38,3.0833333333333712,0.5764292328401124
transect,estimated,39,3.1666666666666288,0.5768256097845609
transect,estimated,40,3.25,0.5771166742406376
transect,estimated,41,3.3333333333333712,0.5773726216723442
transect,estimated,42,3.4166666666666288,0.5777530263394793
transect,estimated,43,3.5,0.5782391507784288
transect,estimated,44,3.5833333333333712,0.5787638619946529
transect,estimated,45,3.6666666666666288,0.5792128643030066
transect,estimated,46,3.75,0.5796057608424907
transect,estimated,47,3.8333333333333712,0.5800006058941402
transect,estimated,48,3.9166666666666288,0.5804439955996029
transect,estimated,49,4.0,0.5809029709362857
transect,estimated,50,4.083333333333371,0.5813537145684886
transect,estimated,51,4.166666666666629,0.5817483937709734
transect,estimated,52,4.25,0.5820885101717826
transect,estimated,53,4.333333333333371,0.582417433619516
transect,estimated,54,4.416666666666629,0.5827890405939925
transect,estimated,55,4.5,0.5831858809066359
transect,estimated,56,4.583333333333371,0.5835239253697401
transect,estimated,57,4.666666666666629,0.5837559318285549
transect,estimated,58,4.75,0.5840655374452399
transect,estimated,59,4.833333333333371,0.5844836675371731
transect,estimated,60,4.916666666666629,0.5849304461818794
transect,estimated,61,5.0,0.5853235038456059
transect,estimated,62,5.083333333333371,0.5856596136905865
transect,estimated,63,5.166666666666629,0.5859780300675848
transect,estimated,64,5.25,0.586299312652418
transect,estimated,65,5.333333333333371,0.5866142102529907
transect,estimated,66,5.416666666666629,0.5868654413643554
transect,estimated,67,5.5,0.5870375276438219
transect,estimated,68,5.583333333333371,0.5872395322456577
transect,estimated,69,5.666666666666629,0.587514356685505
transect,estimated,70,5.75,0.5877788175586867
transect,estimated,71,5.833333333333371,0.587969836200897
transect,estimated,72,5.916666666666629,0.5881412134697158
transect,estimated,73,6.0,0.588346979878602
transect,estimated,74,6.083333333333371,0.5885543368990463
transect,estimated,75,6.166666666666629,0.5887159710741
transect,estimated,76,6.25,0.5888169264782133
transect,estimated,77,6.333333333333371,0.5888809196657097
transect,estimated,78,6.416666666666629,0.5889427348511118
transect,estimated,79,6.5,0.5889927818742864
transect,estimated,80,6.583333333333371,0.5889768172190906
transect,estimated,81,6.666666666666629,0.5888108810096427
transect,estimated,82,6.75,0.5886627265301202
transect,estimated,83,6.833333333333371,0.5885706169867657
transect,estimated,84,6.916666666666629,0.588494755023503
transect,estimated,85,7.0,0.5884514099977883
transect,estimated,86,7.083333333333371,0.5885008644553313
transect,estimated,87,7.166666666666629,0.5886030644608831
transect,estimated,88,7.25,0.588665276562663
transect,estimated,89,7.333333333333371,0.5886815717604778
transect,estimated,90,7.416666666666629,0.5887882041436779
transect,estimated,91,7.5,0.588960924782518
transect,estimated,92,7.583333333333371,0.5891053865181198
transect,estimated,93,7.666666666666629,0.5891705190580435
transect,estimated,94,7.75,0.5892937688801925
transect,estimated,95,7.833333333333371,0.5895120884955565
transect,estimated,96,7.916666666666629,0.589724866062169
transect,estimated,97,8.0,0.5898370122454012
transect,estimated,98,8.083333333333371,0.5899505179567672
transect,estimated,99,8.166666666666629,0.5901786410676637
transect,estimated,100,8.25,0.5904382383510812
transect,estimated,101,8.333333333333371,0.5906131563341832
transect,estimated,102,8.416666666666629,0.5907113786332426
transect,estimated,103,8.5,0.5909233542399637
transect,estimated,104,8.583333333333371,0.5911992502688804
transect,estimated,105,8.666666666666629,0.5914296591385645
transect,estimated,106,8.75,0.5915386892809253
transect,estimated,107,8.833333333333371,0.5917221447890105
transect,estimated,108,8.916666666666629,0.5920027209290933
transect,estimated,109,9.0,0.5922696258399992
transect,estimated,110,9.083333333333371,0.5924000951174536
transect,estimated,111,9.166666666666629,0.5925488498547801
transect,estimated,112,9.25,0.5928156584342907
transect,estimated,113,9.333333333333371,0.5931033873250836
transect,estimated,114,9.416666666666629,0.5932862385900841
transect,estimated,115,9.5,0.5933903340471666
transect,estimated,116,9.583333333333371,0.5936149028145674
transect,estimated,117,9.666666666666629,0.5938965903154908
transect,estimated,118,9.75,0.5941129975844833
transect,estimated,119,9.833333333333371,0.5942113185544995
transect,estimated,120,9.916666666666629,0.5943866029862571
transect,estimated,121,10.0,0.5946453086898312
transect,estimated,122,10.083333333333371,0.5948776726319531
transect,estimated,123,10.166666666666629,0.5949753607924516
transect,estimated,124,10.25,0.5950955284773787
transect,estimated,125,10.333333333333371,0.5953150835511215
transect,estimated,126,10.416666666666629,0.5955616824163542
transect,estimated,127,10.5,0.5956968072749965
transect,estimated,128,10.583333333333371,0.5957610529060283
transect,estimated,129,10.666666666666629,0.5959319300311123
transect,estimated,130,10.75,0.5961557884802913
transect,estimated,131,10.833333333333371,0.5963097968494109
transect,estimated,132,10.916666666666629,0.5963443490750641
transect,estimated,133,11.0,0.5964566545210848
transect,estimated,134,11.083333333333371,0.5966444111643494
transect,estimated,135,11.166666666666629,0.5967965581465093
transect,estimated,136,11.25,0.5968233743418265
transect,estimated,137,11.333333333333371,0.596870084240016
transect,estimated,138,11.416666666666629,0.597006624694025
transect,estimated,139,11.5,0.5971440927360474
transect,estimated,140,11.583333333333371,0.5971820049183416
transect,estimated,141,11.666666666666629,0.5971631456886295
transect,estimated,142,11.75,0.5972307687946722
transect,estimated,143,11.833333333333371,0.5973325071991616
transect,estimated,144,11.916666666666629,0.5973665897857041
transect,estimated,145,12.0,0.5973008596338523
transect,estimated,146,12.083333333333371,0.5972992465706817
transect,estimated,147,12.166666666666629,0.5973478040622293
transect,estimated,148,12.25,0.5973617037293695
transect,estimated,149,12.333333333333371,0.5972681209863853
transect,estimated,150,12.416666666666629,0.5971864554959894
transect,estimated,151,12.5,0.5971661326229092
transect,estimated,152,12.583333333333371,0.5971416184582422
transect,estimated,153,12.666666666666629,0.5970317655654517
transect,estimated,154,12.75,0.596875019824624
transect,estimated,155,12.833333333333371,0.5967711537530443
transect,estimated,156,12.916666666666629,0.5966820209696532
transect,estimated,157,13.0,0.5965343918747094
transect,estimated,158,13.083333333333371,0.5963550345051889
transect,estimated,159,13.166666666666629,0.5962737768450117
transect,estimated,160,13.25,0.5962836563604088
transect,estimated,161,13.333333333333371,0.5962963279592122
transect,estimated,162,13.416666666666629,0.5963129207998119
transect,estimated,163,13.5,0.5964274793996099
transect,estimated,164,13.583333333333371,0.5966054459618433
transect,estimated,165,13.666666666666629,0.5967493262043723
transect,estimated,166,13.75,0.5968143536562823
transect,estimated,167,13.833333333333371,0.5969518943045958
transect,estimated,168,13.916666666666629,0.5971765890971411
transect,estimated,169,14.0,0.5973838019605896
transect,estimated,170,14.083333333333371,0.5974890023664973
transect,estimated,171,14.166666666666629,0.5976249406175617
transect,estimated,172,14.25,0.5978634054353377
transect,estimated,173,14.333333333333371,0.5981232901149182
transect,estimated,174,14.416666666666629,0.5982800665359037
transect,estimated,175,14.5,0.5983874432355362
transect,estimated,176,14.583333333333371,0.5986168141022407
transect,estimated,177,14.666666666666629,0.5989006076394956
transect,estimated,178,14.75,0.5991106064130246
transect,estimated,179,14.833333333333371,0.5992075542446866
transect,estimated,180,14.916666666666629,0.5994120661524132
transect,estimated,181,15.0,0.5997049284159415
transect,estimated,182,15.083333333333371,0.5999627612578248
transect,estimated,183,15.166666666666629,0.6000626315693129
transect,estimated,184,15.25,0.6001201961448367
transect,estimated,185,15.333333333333371,0.6002393987666164
transect,estimated,186,15.416666666666629,0.6003565293262136
transect,estimated,187,15.5,0.6003917136748325
transect,estimated,188,15.583333333333371,0.600479084926372
transect,estimated,189,15.666666666666629,0.6006728237222034
transect,estimated,190,15.75,0.6008694357471607
transect,estimated,191,15.833333333333371,0.6009587430079564
transect,estimated,192,15.916666666666629,0.6010459134589229
transect,estimated,193,16.0,0.6012369468952528
transect,estimated,194,16.08333333333337,0.6014707260545161
transect,estimated,195,16.16666666666663,0.601615771225616
transect,estimated,196,16.25,0.6016797365276797
transect,estimated,197,16.33333333333337,0.6018438200562448
transect,estimated,198,16.41666666666663,0.6020807286510522
transect,estimated,199,16.5,0.6022491830202283
transect,estimated,200,16.58333333333337,0.6023211561982798
transect,estimated,201,16.66666666666663,0.6024429338347798
transect,estimated,202,16.75,0.6026203584383071
transect,estimated,203,16.83333333333337,0.6028298004369376
transect,estimated,204,16.91666666666663,0.6029196983585029
transect,estimated,205,17.0,0.6029165308255414
transect,estimated,206,17.08333333333337,0.602964001293498
transect,estimated,207,17.16666666666663,0.6031611659340048
transect,estimated,208,17.25,0.6028021142839688
transect,estimated,209,17.33333333333337,0.6023904992595894
transect,estimated,210,17.41666666666663,0.6020580860038078
transect,estimated,211,17.5,0.6010925195256334
transect,estimated,212,17.58333333333337,0.6002718388317907
transect,estimated,213,17.66666666666663,0.6002206249235276
transect,estimated,214,17.75,0.599260993315224
transect,estimated,215,17.83333333333337,0.5985514276207137
transect,estimated,216,17.91666666666663,0.5971152733328484
transect,estimated,217,18.0,0.5950576866408448
transect,estimated,218,18.08333333333337,0.5954092241156952
transect,estimated,219,18.16666666666663,0.5951695279211794
transect,estimated,220,18.25,0.5940440300280166
transect,estimated,221,18.33333333333337,0.5933923005354385
transect,estimated,222,18.41666666666663,0.5938679601602196
transect,estimated,223,18.5,0.5926615298629754
transect,estimated,224,18.58333333333337,0.5902788403807516
transect,estimated,225,18.66666666666663,0.5890390049388872
transect,estimated,226,18.75,0.5931478830305493
transect,estimated,227,18.83333333333337,0.5932640557959553
transect,estimated,228,18.91666666666663,0.5929829421638445
transect,estimated,229,19.0,0.5921349434555495
transect,estimated,230,19.08333333333337,0.5949662769250668
transect,estimated,231,19.16666666666663,0.595998577394177
transect,estimated,232,19.25,0.5965284128398386
transect,estimated,233,19.33333333333337,0.5961778232651476
transect,estimated,234,19.41666666666663,0.5977893025774141
transect,estimated,235,19.5,0.5979867099249098
transect,estimated,236,19.58333333333337,0.598748448436721
transect,estimated,237,19.66666666666663,0.5997714719666146
transect,estimated,238,19.75,0.6001976972219099
transect,estimated,239,19.83333333333337,0.6006094301970798
transect,estimated,240,19.91666666666663,0.6013962011280962
transect,estimated,241,20.0,0.6019297629074423
transect,estimated,242,20.08333333333337,0.6033661067191383
transect,estimated,243,20.16666666666663,0.6034001850020966
transect,estimated,244,20.25,0.6037565908860529
transect,estimated,245,20.33333333333337,0.6042543350953908
transect,estimated,246,20.41666666666663,0.6046267515497687
transect,estimated,247,20.5,0.6060252603689025
transect,estimated,248,20.58333333333337,0.6067929415044548
transect,estimated,249,20.66666666666663,0.6074798182885558
transect,estimated,250,20.75,0.6082456732280894
transect,estimated,251,20.83333333333337,0.6089307579245582
transect,estimated,252,20.91666666666663,0.609414073867421
transect,estimated,253,21.0,0.6098597093923213
transect,estimated,254,21.08333333333337,0.610176205254474
transect,estimated,255,21.16666666666663,0.6107293310784889
transect,estimated,256,21.25,0.6108796955674546
transect,estimated,257,21.33333333333337,0.6112237243915174
transect,estimated,258,21.41666666666663,0.6114394718028566
transect,estimated,259,21.5,0.6118231418584791
transect,estimated,260,21.58333333333337,0.6120755223218733
transect,estimated,261,21.66666666666663,0.6120377024810677
transect,estimated,262,21.75,0.6121703861727361
transect,estimated,263,21.83333333333337,0.6125638005075792
transect,estimated,264,21.91666666666663,0.6123011497515658
transect,estimated,265,22.0,0.6126007775164853
transect,estimated,266,22.08333333333337,0.6128156452201886
transect,estimated,267,22.16666666666663,0.6134635024744843
transect,estimated,268,22.25,0.6134633987223846
transect,estimated,269,22.33333333333337,0.613660269033544
transect,estimated,270,22.41666666666663,0.6137925731650502
transect,estimated,271,22.5,0.6142139260735415
transect,estimated,272,22.58333333333337,0.6143690186603531
transect,estimated,273,22.66666666666663,0.6145544411666362
transect,estimated,274,22.75,0.6149896397659254
transect,estimated,275,22.83333333333337,0.6156301734963106
transect,estimated,276,22.91666666666663,0.6158358681605214
transect,estimated,277,23.0,0.6159718050280907
transect,estimated,278,23.08333333333337,0.6160664681773669
transect,estimated,279,23.16666666666663,0.6167487324559517
transect,estimated,280,23.25,0.6172696730422492
transect,estimated,281,23.33333333333337,0.6174668763012976
transect,estimated,282,23.41666666666663,0.6178689195525264
transect,estimated,283,23.5,0.6184525332355769
transect,estimated,284,23.58333333333337,0.6186529965373889
transect,estimated,285,23.66666666666663,0.6189670110103326
transect,estimated,286,23.75,0.6190128160705329
transect,estimated,287,23.83333333333337,0.6189259628915974
transect,estimated,288,23.91666666666663,0.6189800548697946
transect,estimated,289,24.0,0.6192192240026609
transect,estimated,290,24.08333333333337,0.6190812512315813
transect,estimated,291,24.16666666666663,0.6193565919775353
transect,estimated,292,24.25,0.619268772807241
transect,estimated,293,24.33333333333337,0.6191519400443879
transect,estimated,294,24.41666666666663,0.6192668493350212
transect,estimated,295,24.5,0.6192911923820323
transect,estimated,296,24.58333333333337,0.6196679674090866
transect,estimated,297,24.66666666666663,0.6199441829028777
transect,estimated,298,24.75,0.6199044095578413
transect,estimated,299,24.83333333333337,0.6197440792254274
transect,estimated,300,24.91666666666663,0.6201664874305162
transect,estimated,301,25.0,0.620702036655632
transect,estimated,302,25.08333333333337,0.6207613570347811
transect,estimated,303,25.16666666666663,0.6209945214069992
transect,estimated,304,25.25,0.620666758101497
transect,estimated,305,25.33333333333337,0.6210795826300058
transect,estimated,306,25.41666666666663,0.6212932983827937
transect,estimated,307,25.5,0.6210613905813681
transect,estimated,308,25.58333333333337,0.6212569282949253
transect,estimated,309,25.66666666666663,0.6218297562971082
transect,estimated,310,25.75,0.6221069719357534
transect,estimated,311,25.83333333333337,0.622242116799935
transect,estimated,312,25.91666666666663,0.6220357815343975
transect,estimated,313,26.0,0.6215556395166899
transect,estimated,314,26.08333333333337,0.621576355679912
transect,estimated,315,26.16666666666663,0.6220473546718509
transect,estimated,316,26.25,0.6218371546747586
transect,estimated,317,26.33333333333337,0.6219600329957349
transect,estimated,318,26.41666666666663,0.6225214734625193
transect,estimated,319,26.5,0.6221211665642387
transect,estimated,320,26.58333333333337,0.6218555709153353
transect,estimated,321,26.66666666666663,0.6220496132745853
transect,estimated,322,26.75,0.6219403936653383
transect,estimated,323,26.83333333333337,0.6220606616779538
transect,estimated,324,26.91666666666663,0.6223353619696393
transect,estimated,325,27.0,0.6224091029775347
transect,estimated,326,27.08333333333337,0.6228478320317479
transect,estimated,327,27.16666666666663,0.6230605440968744
transect,estimated,328,27.25,0.6223730451953011
transect,estimated,329,27.33333333333337,0.6224903787562834
transect,estimated,330,27.41666666666663,0.6227561954545936
transect,estimated,331,27.5,0.6230832095676958
transect,estimated,332,27.58333333333337,0.6225013247187118
transect,estimated,333,27.66666666666663,0.6223988681184716
transect,estimated,334,27.75,0.6226626088172729
transect,estimated,335,27.83333333333337,0.6234830514332625
transect,estimated,336,27.91666666666663,0.6234696530266636
transect,estimated,337,28.0,0.6237294281307497
transect,estimated,338,28.08333333333337,0.6242159933057153
transect,estimated,339,28.16666666666663,0.6242230402408593
transect,estimated,340,28.25,0.6246525105740369
transect,estimated,341,28.33333333333337,0.6249466588094759
transect,estimated,342,28.41666666666663,0.6247843525203984
transect,estimated,343,28.5,0.6250975405242045
transect,estimated,344,28.58333333333337,0.6252945271370918
transect,estimated,345,28.66666666666663,0.6253097700463518
transect,estimated,346,28.75,0.6251449766250796
transect,estimated,347,28.83333333333337,0.625308477169597
transect,estimated,348,28.91666666666663,0.6253530090139983
transect,estimated,349,29.0,0.6252925650078257
transect,estimated,350,29.08333333333337,0.625280684810269
transect,estimated,351,29.16666666666663,0.6253743237485868
transect,estimated,352,29.25,0.6252250983249594
transect,estimated,353,29.33333333333337,0.6252787089911681
transect,estimated,354,29.41666666666663,0.6253103190051684
transect,estimated,355,29.5,0.625185054544269
transect,estimated,356,29.58333333333337,0.625116109119725
transect,estimated,357,29.66666666666663,0.6251700980643595
transect,estimated,358,29.75,0.6250138820746791
transect,estimated,359,29.83333333333337,0.6247564835165459
transect,estimated,360,29.91666666666663,0.6246263777158505
transect,estimated,361,30.0,0.6245755836652482
transect,estimated,362,30.08333333333337,0.6243444272509602
transect,estimated,363,30.16666666666663,0.6240146023486098
transect,estimated,364,30.25,0.6238151514540201
transect,estimated,365,30.33333333333337,0.6236623289154182
transect,estimated,366,30.41666666666663,0.6235312057805985
transect,estimated,367,30.5,0.6233783552650849
transect,estimated,368,30.58333333333337,0.6233493697420291
transect,estimated,369,30.66666666666663,0.6233736310597775
transect,estimated,370,30.75,0.6233392818220421
transect,estimated,371,30.83333333333337,0.6232954529548073
transect,estimated,372,30.91666666666663,0.6233038624302514
transect,estimated,373,31.0,0.6233996875305085
transect,estimated,374,31.08333333333337,0.6234937366585235
transect,estimated,375,31.16666666666663,0.6234641495676944
transect,estimated,376,31.25,0.6234310309334989
transect,estimated,377,31.33333333333337,0.6234985063034925
transect,estimated,378,31.41666666666663,0.6236206563334205
transect,estimated,379,31.5,0.6236739150556195
transect,estimated,380,31.58333333333337,0.6236491622094517
transect,estimated,381,31.66666666666663,0.6237832975570451
transect,estimated,382,31.75,0.6239166921976208
transect,estimated,383,31.83333333333337,0.624005318664796
transect,estimated,384,31.91666666666663,0.6239965871160305
transect,estimated,385,32.0,0.6240614622139958
transect,estimated,386,32.08333333333337,0.6242188294148069
transect,estimated,387,32.16666666666663,0.6243569393920333
transect,estimated,388,32.25,0.6243608365895609
transect,estimated,389,32.33333333333337,0.6243157056674125
transect,estimated,390,32.41666666666663,0.6243210789624589
transect,estimated,391,32.5,0.6242710029604817
transect,estimated,392,32.58333333333337,0.6242303730238508
transect,estimated,393,32.66666666666663,0.6242239250940307
transect,estimated,394,32.75,0.6243258366176462
transect,estimated,395,32.83333333333337,0.6245001783802642
transect,estimated,396,32.91666666666663,0.6245270077989382
transect,estimated,397,33.0,0.6245064364415789
transect,estimated,398,33.08333333333337,0.6246478939992248
transect,estimated,399,33.16666666666663,0.6248017944441501
transect,estimated,400,33.25,0.6249319196711594
transect,estimated,401,33.33333333333337,0.6248983266879686
transect,estimated,402,33.41666666666663,0.6250649066059932
transect,estimated,403,33.5,0.6252845039579163
transect,estimated,404,33.58333333333337,0.6254580179636418
transect,estimated,405,33.66666666666663,0.6254622789349491
transect,estimated,406,33.75,0.6255918816590187
transect,estimated,407,33.83333333333337,0.6258106133485174
transect,estimated,408,33.91666666666663,0.6259895839736199
transect,estimated,409,34.0,0.6260523044228732
transect,estimated,410,34.08333333333337,0.626153718966417
transect,estimated,411,34.16666666666663,0.6263647585360288
transect,estimated,412,34.25,0.6265896373559366
transect,estimated,413,34.33333333333337,0.6267787856941225
transect,estimated,414,34.41666666666663,0.6267922866225261
transect,estimated,415,34.5,0.6270042564271148
transect,estimated,416,34.58333333333337,0.6272676905276071
transect,estimated,417,34.66666666666663,0.6274464179088327
transect,estimated,418,34.75,0.6275216679951304
transect,estimated,419,34.83333333333337,0.6276873527795329
transect,estimated,420,34.91666666666663,0.6279563497462162
transect,estimated,421,35.0,0.6281681034537797
transect,estimated,422,35.08333333333337,0.6282599685975674
transect,estimated,423,35.16666666666663,0.6283703020721554
transect,estimated,424,35.25,0.6286471383784932
transect,estimated,425,35.33333333333337,0.6288969720640661
transect,estimated,426,35.41666666666663,0.6290511157110545
transect,estimated,427,35.5,0.6291454917102479
transect,estimated,428,35.58333333333337,0.6294154924603187
transect,estimated,429,35.66666666666663,0.6297317120853735
transect,estimated,430,35.75,0.6299849342182491
transect,estimated,431,35.83333333333337,0.6300287980822953
transect,estimated,432,35.91666666666663,0.6302016630070898
transect,estimated,433,36.0,0.630530971372357
transect,estimated,434,36.08333333333337,0.6307577914571051
transect,estimated,435,36.16666666666663,0.6308840462842865
transect,estimated,436,36.25,0.6310320667303886
transect,estimated,437,36.33333333333337,0.6313246571898831
transect,estimated,438,36.41666666666663,0.6316218895663058
transect,estimated,439,36.5,0.6318090448588286
transect,estimated,440,36.58333333333337,0.6318628628299572
transect,estimated,441,36.66666666666663,0.6321313800098256
transect,estimated,442,36.75,0.6324682167244307
transect,estimated,443,36.83333333333337,0.6327149851005528
transect,estimated,444,36.91666666666663,0.6327731556408072
transect,estimated,445,37.0,0.6329911197887359
transect,estimated,446,37.08333333333337,0.6332107778233913
transect,estimated,447,37.16666666666663,0.6334775796338822
transect,estimated,448,37.25,0.6335802907726035
transect,estimated,449,37.33333333333337,0.6337542794056471
transect,estimated,450,37.41666666666663,0.6340448987028406
transect,estimated,451,37.5,0.6343597666101998
transect,estimated,452,37.58333333333337,0.634528216731005
transect,estimated,453,37.66666666666663,0.6345872601731629
transect,estimated,454,37.75,0.6348472415656592
transect,estimated,455,37.83333333333337,0.6351424309629623
transect,estimated,456,37.91666666666663,0.63535874121677
transect,estimated,457,38.0,0.6354249776347237
transect,estimated,458,38.08333333333337,0.6356237461956552
transect,estimated,459,38.16666666666663,0.6359000154145522
transect,estimated,460,38.25,0.6361844019827316
transect,estimated,461,38.33333333333337,0.6362378575836662
transect,estimated,462,38.41666666666663,0.6363091129368508
transect,estimated,463,38.5,0.6364981165688361
transect,estimated,464,38.58333333333337,0.6367867036892839
transect,estimated,465,38.66666666666663,0.6368294242185549
transect,estimated,466,38.75,0.6368538146791111
transect,estimated,467,38.83333333333337,0.6371058705287271
transect,estimated,468,38.91666666666663,0.6372609738258717
transect,estimated,469,39.0,0.637694290891621
transect,estimated,470,39.08333333333337,0.637394407185862
transect,estimated,471,39.16666666666663,0.6365874346455398
transect,estimated,472,39.25,0.6356406342448969
transect,estimated,473,39.33333333333337,0.63421167058517
transect,estimated,474,39.41666666666663,0.635080503274823
transect,estimated,475,39.5,0.6335533103837264
transect,estimated,476,39.58333333333337,0.6339751603028182
transect,estimated,477,39.66666666666663,0.6318502567679641
transect,estimated,478,39.75,0.6305257570973718
transect,estimated,479,39.83333333333337,0.6286981688773117
transect,estimated,480,39.91666666666663,0.6264675889147857
transect,estimated,481,40.0,0.624237090254461
transect,estimated,482,40.08333333333337,0.6250666569740551
transect,estimated,483,40.16666666666663,0.6265514752600075
transect,estimated,484,40.25,0.6262317694676892
transect,estimated,485,40.33333333333337,0.6249112993589508
transect,estimated,486,40.41666666666663,0.6206256097232892
transect,estimated,487,40.5,0.6208497284725779
transect,estimated,488,40.58333333333337,0.62163493397059
transect,estimated,489,40.66666666666663,0.6218296319717923
transect,estimated,490,40.75,0.6207168069931958
transect,estimated,491,40.83333333333337,0.6208045854045853
transect,estimated,492,40.91666666666663,0.6224565864392672
transect,estimated,493,41.0,0.6193938349124891
transect,estimated,494,41.08333333333337,0.6218891533726948
transect,estimated,495,41.16666666666663,0.6222511074145247
transect,estimated,496,41.25,0.6216859524199878
transect,estimated,497,41.33333333333337,0.6223983371270706
transect,estimated,498,41.41666666666663,0.6235142116894508
transect,estimated,499,41.5,0.6233784813359329
transect,estimated,500,41.58333333333337,0.623769315916403
transect,estimated,501,41.66666666666663,0.6250204518381489
transect,estimated,502,41.75,0.623882719203048
transect,estimated,503,41.83333333333337,0.6236513895345328
transect,estimated,504,41.91666666666663,0.6243430544674964
transect,estimated,505,42.0,0.6266991044655328
transect,estimated,506,42.08333333333337,0.625716436373101
transect,estimated,507,42.16666666666663,0.6257930438063055
transect,estimated,508,42.25,0.625446148632814
transect,estimated,509,42.33333333333337,0.6270465619031548
transect,estimated,510,42.41666666666663,0.6275645633608579
transect,estimated,511,42.5,0.6270941343559738
transect,estimated,512,42.58333333333337,0.6280911950675143
transect,estimated,513,42.66666666666663,0.626634199428507
transect,estimated,514,42.75,0.6279236257093157
transect,estimated,515,42.83333333333337,0.6274811717014849
transect,estimated,516,42.91666666666663,0.6284539134337479
transect,estimated,517,43.0,0.6286119933734035
transect,estimated,518,43.08333333333337,0.6286074736336772
transect,estimated,519,43.16666666666663,0.6292135204531001
transect,estimated,520,43.25,0.6293549154350372
transect,estimated,521,43.33333333333337,0.6302344164840595
transect,estimated,522,43.41666666666663,0.6306562666454232
transect,estimated,523,43.5,0.6310304726937211
transect,estimated,524,43.58333333333337,0.6306871713587103
transect,estimated,525,43.66666666666663,0.6310682439590358
transect,estimated,526,43.75,0.6314404343611999
transect,estimated,527,43.83333333333337,0.6316352156976273
transect,estimated,528,43.91666666666663,0.6315114474290313
transect,estimated,529,44.0,0.6317124791571154
transect,estimated,530,44.08333333333337,0.6323042917681626
transect,estimated,531,44.16666666666663,0.632399104037503
transect,estimated,532,44.25,0.6320670197921199
transect,estimated,533,44.33333333333337,0.6322130179238247
transect,estimated,534,44.41666666666663,0.6323272217873295
transect,estimated,535,44.5,0.6321850442948692
transect,estimated,536,44.58333333333337,0.6313994841718639
transect,estimated,537,44.66666666666663,0.6316486212637241
transect,estimated,538,44.75,0.631391236643884
transect,estimated,539,44.83333333333337,0.6316671213367019
transect,estimated,540,44.91666666666663,0.6314206769607567
transect,estimated,541,45.0,0.6317109102885342
transect,estimated,542,45.08333333333337,0.6315328484650864
transect,estimated,543,45.16666666666663,0.63164800749898
transect,estimated,544,45.25,0.6316498916930333
transect,estimated,545,45.33333333333337,0.6318345694320352
transect,estimated,546,45.41666666666663,0.6319431756525338
transect,estimated,547,45.5,0.6311983298556696
transect,estimated,548,45.58333333333337,0.6310754741665943
transect,estimated,549,45.66666666666663,0.6305796032847769
transect,estimated,550,45.75,0.6304868959947787
transect,estimated,551,45.83333333333337,0.6302779007883544
transect,estimated,552,45.91666666666663,0.6302448361838358
transect,estimated,553,46.0,0.6294956737137092
transect,estimated,554,46.08333333333337,0.6296725801670714
transect,estimated,555,46.16666666666663,0.6288722062728697
transect,estimated,556,46.25,0.6279597727158374
transect,estimated,557,46.33333333333337,0.6277942984602713
transect,estimated,558,46.41666666666663,0.6276489950275885
transect,estimated,559,46.5,0.6279456278305274
transect,estimated,560,46.58333333333337,0.6287106781676208
transect,estimated,561,46.66666666666663,0.6280903984320155
transect,estimated,562,46.75,0.6284519078241199
transect,estimated,563,46.83333333333337,0.627550844574767
transect,estimated,564,46.91666666666663,0.6264910030470098
transect,estimated,565,47.0,0.627236545151348
transect,estimated,566,47.08333333333337,0.6255939016357276
transect,estimated,567,47.16666666666663,0.6261989607673102
transect,estimated,568,47.25,0.6261582940142917
transect,estimated,569,47.33333333333337,0.6263840851998597
transect,estimated,570,47.41666666666663,0.6264761400229606
transect,estimated,571,47.5,0.6269368664409626
transect,estimated,572,47.58333333333337,0.627489499110327
transect,estimated,573,47.66666666666663,0.6272990842550157
transect,estimated,574,47.75,0.6283102040984593
transect,estimated,575,47.83333333333337,0.6287761521127824
transect,estimated,576,47.91666666666663,0.6290225386008269
transect,estimated,577,48.0,0.6289210868717364
transect,estimated,578,48.08333333333337,0.6293797460009632
transect,estimated,579,48.16666666666663,0.6299689050838629
transect,estimated,580,48.25,0.6302747615877667
transect,estimated,581,48.33333333333337,0.6302020163084088
transect,estimated,582,48.41666666666663,0.6299508367589945
transect,estimated,583,48.5,0.6302684327452526
transect,estimated,584,48.58333333333337,0.6303859033289823
transect,estimated,585,48.66666666666663,0.6310542124096434
transect,estimated,586,48.75,0.6315544649314198
transect,estimated,587,48.83333333333337,0.631158956009522
transect,estimated,588,48.91666666666663,0.6310830350103164
transect,estimated,589,49.0,0.6314088180203089
transect,estimated,590,49.08333333333337,0.6316318703393711
transect,estimated,591,49.16666666666663,0.631653271048019
transect,estimated,592,49.25,0.6318107621452326
transect,estimated,593,49.33333333333337,0.6315971071523293
transect,estimated,594,49.41666666666663,0.6316385498172465
transect,estimated,595,49.5,0.6315297200654769
transect,estimated,596,49.58333333333337,0.6316748059805083
transect,estimated,597,49.66666666666663,0.631661795687655
transect,estimated,598,49.75,0.6316742264444211
transect,estimated,599,49.83333333333337,0.6313784330019233
transect,estimated,600,49.91666666666663,0.6311995702843479
transect,estimated,601,50.0,0.6309830833284127
transect,estimated,602,50.08333333333337,0.630998207311647
transect,estimated,603,50.16666666666663,0.6307632721867085
transect,estimated,604,50.25,0.6306378824401652
transect,estimated,605,50.33333333333337,0.6303673260080142
transect,estimated,606,50.41666666666663,0.6300216018348604
transect,estimated,607,50.5,0.6299179190076194
transect,estimated,608,50.58333333333337,0.6294823933231544
transect,estimated,609,50.66666666666663,0.6289421030077493
transect,estimated,610,50.75,0.6287206984572905
transect,estimated,611,50.83333333333337,0.62837318385961
transect,estimated,612,50.91666666666663,0.6280390500490769
transect,estimated,613,51.0,0.6278845314417435
transect,estimated,614,51.08333333333337,0.627206475054272
transect,estimated,615,51.16666666666663,0.6275920763835431
transect,estimated,616,51.25,0.6274538536864491
transect,estimated,617,51.33333333333337,0.6271756932635698
transect,estimated,618,51.41666666666663,0.6271917955526357
transect,estimated,619,51.5,0.6272413830820334
transect,estimated,620,51.58333333333337,0.6269745833488535
transect,estimated,621,51.66666666666663,0.6273793471259252
transect,estimated,622,51.75,0.6268533327054744
transect,estimated,623,51.83333333333337,0.6261628293918112
transect,estimated,624,51.91666666666663,0.625669419525565
transect,estimated,625,52.0,0.6252068405902674
transect,estimated,626,52.08333333333337,0.625690575328485
transect,estimated,627,52.16666666666663,0.6257349630749456
transect,estimated,628,52.25,0.6256610204706186
transect,estimated,629,52.33333333333337,0.6246753675244104
transect,estimated,630,52.41666666666663,0.6226263377957992
transect,estimated,631,52.5,0.621408939572595
transect,estimated,632,52.58333333333337,0.6216848085272852
transect,estimated,633,52.66666666666663,0.6209131080161359
transect,estimated,634,52.75,0.6220406187428761
transect,estimated,635,52.83333333333337,0.6212589322762516
transect,estimated,636,52.91666666666663,0.6203271831799196
transect,estimated,637,53.0,0.6194850858284391
transect,estimated,638,53.08333333333337,0.6166573435709326
transect,estimated,639,53.16666666666663,0.6145037205597097
transect,estimated,640,53.25,0.6132168020166427
transect,estimated,641,53.33333333333337,0.6111231679404809
transect,estimated,642,53.41666666666663,0.6094831734336176
transect,estimated,643,53.5,0.6093829450587313
transect,estimated,644,53.58333333333337,0.6039325412041247
transect,estimated,645,53.66666666666663,0.599741016669367
transect,estimated,646,53.75,0.5997240216424861
transect,estimated,647,53.83333333333337,0.5993129958417764
transect,estimated,648,53.91666666666663,0.5998395241825237
transect,estimated,649,54.0,0.5976470896112233
transect,estimated,650,54.08333333333337,0.597534400707924
transect,estimated,651,54.16666666666663,0.5979101368238612
transect,estimated,652,54.25,0.600557325324635
transect,estimated,653,54.33333333333337,0.6019794176627801
transect,estimated,654,54.41666666666663,0.6008973552808119
transect,estimated,655,54.5,0.5962576552268648
transect,estimated,656,54.58333333333337,0.5946290723412665
transect,estimated,657,54.66666666666663,0.5971296953097953
transect,estimated,658,54.75,0.5974829859402295
transect,estimated,659,54.83333333333337,0.6019216805890932
transect,estimated,660,54.91666666666663,0.6027575535700507
transect,estimated,661,55.0,0.6024367528249126
transect,estimated,662,55.08333333333337,0.6053316939993086
transect,estimated,663,55.16666666666663,0.6067976441912037
transect,estimated,664,55.25,0.60717958541249
transect,estimated,665,55.33333333333337,0.6078555162177893
transect,estimated,666,55.41666666666663,0.6080710340126807
transect,estimated,667,55.5,0.6093170997659813
transect,estimated,668,55.58333333333337,0.6104863639972177
transect,estimated,669,55.66666666666663,0.6100090996284095
transect,estimated,670,55.75,0.6127695987219334
transect,estimated,671,55.83333333333337,0.6145629783812405
transect,estimated,672,55.91666666666663,0.614205137280048
transect,estimated,673,56.0,0.6158645971329207
transect,estimated,674,56.08333333333337,0.6172170630287622
transect,estimated,675,56.16666666666663,0.6171801501525397
transect,estimated,676,56.25,0.61902422638653
transect,estimated,677,56.33333333333337,0.6198314803088287
transect,estimated,678,56.41666666666663,0.6197678651437042
transect,estimated,679,56.5,0.6202103763054574
transect,estimated,680,56.58333333333337,0.6207327656737459
transect,estimated,681,56.66666666666663,0.6221925867374438
transect,estimated,682,56.75,0.6226336038022724
transect,estimated,683,56.83333333333337,0.6228324976336331
transect,estimated,684,56.91666666666663,0.6224896362173039
transect,estimated,685,57.0,0.6239274377135887
transect,estimated,686,57.08333333333337,0.6239601212072745
transect,estimated,687,57.16666666666663,0.6240500671797768
transect,estimated,688,57.25,0.6244320692548244
transect,estimated,689,57.33333333333337,0.6245108381917518
transect,estimated,690,57.41666666666663,0.6249277000946015
transect,estimated,691,57.5,0.6252251904744411
transect,estimated,692,57.58333333333337,0.625199826611605
transect,estimated,693,57.66666666666663,0.6256309927551229
transect,estimated,694,57.75,0.6261990525554287
transect,estimated,695,57.83333333333337,0.6265537843274074
transect,estimated,696,57.91666666666663,0.6260498683207935
transect,estimated,697,58.0,0.626291422914175
transect,estimated,698,58.08333333333337,0.6265176403844852
transect,estimated,699,58.16666666666663,0.626757166393744
transect,estimated,700,58.25,0.6269211637818256
transect,estimated,701,58.33333333333337,0.626987344674105
transect,estimated,702,58.41666666666663,0.6273014217200259
transect,estimated,703,58.5,0.6274587609176366
transect,estimated,704,58.58333333333337,0.6274140467401089
transect,estimated,705,58.66666666666663,0.6272650831428414
transect,estimated,706,58.75,0.6274991381378907
transect,estimated,707,58.83333333333337,0.627653114231691
transect,estimated,708,58.91666666666663,0.6278769408543429
transect,estimated,709,59.0,0.6279161286856568
transect,estimated,710,59.08333333333337,0.6276850359173806
transect,estimated,711,59.16666666666663,0.6277441703544664
transect,estimated,712,59.25,0.6277007933719256
transect,estimated,713,59.33333333333337,0.6279524573946026
transect,estimated,714,59.41666666666663,0.6277092102950643
transect,estimated,715,59.5,0.6271334385265178
transect,estimated,716,59.58333333333337,0.627221171379224
transect,estimated,717,59.66666666666663,0.6275354109153906
transect,estimated,718,59.75,0.6274283502489033
transect,estimated,719,59.83333333333337,0.6277436452977728
transect,estimated,720,59.91666666666663,0.6276890338376739
transect,estimated,721,60.0,0.6280082200881205
transect,estimated,722,60.08333333333337,0.6281700475581036
transect,estimated,723,60.16666666666663,0.6277523373863271
transect,estimated,724,60.25,0.6274437100379745
transect,estimated,725,60.33333333333337,0.6268972549799698
transect,estimated,726,60.41666666666663,0.6266399968365916
transect,estimated,727,60.5,0.6273080241001994
transect,estimated,728,60.58333333333337,0.6274532049730738
transect,estimated,729,60.66666666666663,0.6267601611958219
transect,estimated,730,60.75,0.6261408273405386
transect,estimated,731,60.83333333333337,0.62608092528286
transect,estimated,732,60.91666666666663,0.6246841266796856
transect,estimated,733,61.0,0.6247850229988745
transect,estimated,734,61.08333333333337,0.6238931250342811
transect,estimated,735,61.16666666666663,0.6227720765356081
transect,estimated,736,61.25,0.6195621191747405
transect,estimated,737,61.33333333333337,0.6199681294106723
transect,estimated,738,61.41666666666663,0.6204653705252481
transect,estimated,739,61.5,0.6213357986516092
transect,estimated,740,61.58333333333337,0.6189312301712236
transect,estimated,741,61.66666666666663,0.6196564746273973
transect,estimated,742,61.75,0.6178376417488181
transect,estimated,743,61.83333333333337,0.6160637114499725
transect,estimated,744,61.91666666666663,0.6169374488957899
transect,estimated,745,62.0,0.6141038919258982
transect,estimated,746,62.08333333333337,0.6128999051696588
transect,estimated,747,62.16666666666663,0.6132475509484769
transect,estimated,748,62.25,0.6120552831143169
transect,estimated,749,62.33333333333337,0.6138051554134438
transect,estimated,750,62.41666666666663,0.6131354061921028
transect,estimated,751,62.5,0.6103856698801783
transect,estimated,752,62.58333333333337,0.6091086809259485
transect,estimated,753,62.66666666666663,0.6079109592184267
transect,estimated,754,62.75,0.6082111340152195
transect,estimated,755,62.83333333333337,0.6072175239286521
transect,estimated,756,62.91666666666663,0.6087422115236395
transect,estimated,757,63.0,0.6102127114912221
transect,estimated,758,63.08333333333337,0.6089233912951946
transect,estimated,759,63.16666666666663,0.6086562579461685
transect,estimated,760,63.25,0.603604143227533
transect,estimated,761,63.33333333333337,0.6016331381421999
transect,estimated,762,63.41666666666663,0.601873333635486
transect,estimated,763,63.5,0.6033705381831428
transect,estimated,764,63.58333333333337,0.6040339338279288
transect,estimated,765,63.66666666666663,0.6085029356069016
transect,estimated,766,63.75,0.6082510829912056
transect,estimated,767,63.83333333333337,0.6087850999013568
transect,estimated,768,63.91666666666663,0.6085069475918496
transect,estimated,769,64.0,0.6092764694634601
transect,estimated,770,64.08333333333337,0.6103567776507532
transect,estimated,771,64.16666666666663,0.6122302141679672
transect,estimated,772,64.25,0.6124598741902397
transect,estimated,773,64.33333333333337,0.6150517922588246
transect,estimated,774,64.41666666666663,0.6142338813678344
transect,estimated,775,64.5,0.6141191166932037
transect,estimated,776,64.58333333333337,0.6174868442828969
transect,estimated,777,64.66666666666663,0.6186736687074109
transect,estimated,778,64.75,0.6188565743811582
transect,estimated,779,64.83333333333337,0.6189473626957929
transect,estimated,780,64.91666666666663,0.6202454119510502
transect,estimated,781,65.0,0.621591494420783
transect,estimated,782,65.08333333333337,0.6223118454006505
transect,estimated,783,65.16666666666663,0.6229327914107751
transect,estimated,784,65.25,0.6237868914241527
transect,estimated,785,65.33333333333337,0.6241589566543765
transect,estimated,786,65.41666666666663,0.6242572601116892
transect,estimated,787,65.5,0.6254797424292485
transect,estimated,788,65.58333333333337,0.6259416194481809
transect,estimated,789,65.66666666666663,0.6264850707339338
transect,estimated,790,65.75,0.627516302202687
transect,estimated,791,65.83333333333337,0.6282605528458608
transect,estimated,792,65.91666666666663,0.6286914826471025
transect,estimated,793,66.0,0.629016339786081
transect,estimated,794,66.08333333333337,0.6296070136931089
transect,estimated,795,66.16666666666663,0.6300183403515138
transect,estimated,796,66.25,0.6303810941830975
transect,estimated,797,66.33333333333337,0.6306779396583204
transect,estimated,798,66.41666666666663,0.6307566617496723
transect,estimated,799,66.5,0.6312943866862316
transect,estimated,800,66.58333333333337,0.6310104336638215
transect,estimated,801,66.66666666666663,0.6315729703374746
transect,estimated,802,66.75,0.6320596459118275
transect,estimated,803,66.83333333333337,0.6328882136474938
transect,estimated,804,66.91666666666663,0.6331640193975506
transect,estimated,805,67.0,0.6332020169024404
transect,estimated,806,67.08333333333337,0.6340574897579109
transect,estimated,807,67.16666666666663,0.6344004441547051
transect,estimated,808,67.25,0.6345654579613189
transect,estimated,809,67.33333333333337,0.6346282500116134
transect,estimated,810,67.41666666666663,0.6347070490180763
transect,estimated,811,67.5,0.634955573972132
transect,estimated,812,67.58333333333337,0.6353088430454066
transect,estimated,813,67.66666666666663,0.6352200017443262
transect,estimated,814,67.75,0.635285997425305
transect,estimated,815,67.83333333333337,0.635716529344233
transect,estimated,816,67.91666666666663,0.6360838859031812
transect,estimated,817,68.0,0.6360295828249732
transect,estimated,818,68.08333333333337,0.6360815772377395
transect,estimated,819,68.16666666666663,0.6361635331665422
transect,estimated,820,68.25,0.6362028030083342
transect,estimated,821,68.33333333333337,0.6364182895254412
transect,estimated,822,68.41666666666663,0.6363679872639985
transect,estimated,823,68.5,0.6364345567201914
transect,estimated,824,68.58333333333337,0.6366247094379351
transect,estimated,825,68.66666666666663,0.6366867961126205
transect,estimated,826,68.75,0.6366491136220983
transect,estimated,827,68.83333333333337,0.6365891535294093
transect,estimated,828,68.91666666666663,0.6368810846492969
transect,estimated,829,69.0,0.6369313136847078
transect,estimated,830,69.08333333333337,0.6370351292575485
transect,estimated,831,69.16666666666663,0.6372037209570388
transect,estimated,832,69.25,0.6370776199887329
transect,estimated,833,69.33333333333337,0.6367970578556438
transect,estimated,834,69.41666666666663,0.6366747045109208
transect,estimated,835,69.5,0.636751461955352
transect,estimated,836,69.58333333333337,0.6366565304902168
transect,estimated,837,69.66666666666663,0.6365758841547771
transect,estimated,838,69.75,0.6364875887523114
transect,estimated,839,69.83333333333337,0.636316716817931
transect,estimated,840,69.91666666666663,0.6361189109453015
transect,estimated,841,70.0,0.6358386756110584
transect,estimated,842,70.08333333333337,0.6357771614402633
transect,estimated,843,70.16666666666663,0.6355794064241564
transect,estimated,844,70.25,0.6352271895615018
transect,estimated,845,70.33333333333337,0.6347701086928738
transect,estimated,846,70.41666666666663,0.6346024497873086
transect,estimated,847,70.5,0.6344034866606368
transect,estimated,848,70.58333333333337,0.6344118507452174
transect,estimated,849,70.66666666666663,0.634210204498219
transect,estimated,850,70.75,0.6340805208421908
transect,estimated,851,70.83333333333337,0.6344082584566774
transect,estimated,852,70.91666666666663,0.6343451073751346
transect,estimated,853,71.0,0.6344258287422555
transect,estimated,854,71.08333333333337,0.6344054299518957
transect,estimated,855,71.16666666666663,0.6347683154823697
transect,estimated,856,71.25,0.63463323178601
transect,estimated,857,71.33333333333337,0.6345812258342142
transect,estimated,858,71.41666666666663,0.6345539855349623
transect,estimated,859,71.5,0.6345089967992523
transect,estimated,860,71.58333333333337,0.6346543057854251
transect,estimated,861,71.66666666666663,0.6346165798445496
transect,estimated,862,71.75,0.6345797342932173
transect,estimated,863,71.83333333333337,0.6347767134725452
transect,estimated,864,71.91666666666663,0.6349817188245941
transect,estimated,865,72.0,0.6348393403079962
transect,estimated,866,72.08333333333337,0.6347100557905742
transect,estimated,867,72.16666666666663,0.6350623786075228
transect,estimated,868,72.25,0.634954832102607
transect,estimated,869,72.33333333333337,0.6348874270992266
transect,estimated,870,72.41666666666663,0.634994184136645
transect,estimated,871,72.5,0.6349125013572564
transect,estimated,872,72.58333333333337,0.6352062242660921
transect,estimated,873,72.66666666666663,0.6353471596760925
transect,estimated,874,72.75,0.6354111084282271
transect,estimated,875,72.83333333333337,0.6351324601741919
transect,estimated,876,72.91666666666663,0.6351722021544803
transect,estimated,877,73.0,0.6352737143822788
transect,estimated,878,73.08333333333337,0.6353156559017139
transect,estimated,879,73.16666666666663,0.6352725885243298
transect,estimated,880,73.25,0.6352472119245888
transect,estimated,881,73.33333333333337,0.6353602389935027
transect,estimated,882,73.41666666666663,0.6353704699729771
transect,estimated,883,73.5,0.6353644893627519
transect,estimated,884,73.58333333333337,0.6354020566627436
transect,estimated,885,73.66666666666663,0.6355228736554683
transect,estimated,886,73.75,0.6354138073270139
transect,estimated,887,73.83333333333337,0.6355690634884392
transect,estimated,888,73.91666666666663,0.6354551206586224
transect,estimated,889,74.0,0.6355587872971092
transect,estimated,890,74.08333333333337,0.6355443831363184
transect,estimated,891,74.16666666666663,0.6352762932294395
transect,estimated,892,74.25,0.635038129386292
transect,estimated,893,74.33333333333337,0.6349563440236549
transect,estimated,894,74.41666666666663,0.635053586487165
transect,estimated,895,74.5,0.6350149120636053
transect,estimated,896,74.58333333333337,0.6349281430599263
transect,estimated,897,74.66666666666663,0.6348706930226066
transect,estimated,898,74.75,0.6347923240528406
transect,estimated,899,74.83333333333337,0.6347808491648466
transect,estimated,900,74.91666666666663,0.6345298971987609
transect,estimated,901,75.0,0.6344122170201948
transect,estimated,902,75.08333333333337,0.6343176816278482
transect,estimated,903,75.16666666666663,0.6342784639730531
transect,estimated,904,75.25,0.6341371604616927
transect,estimated,905,75.33333333333337,0.6339473897991124
transect,estimated,906,75.41666666666663,0.6337655634400053
transect,estimated,907,75.5,0.6335802112153678
transect,estimated,908,75.58333333333337,0.6334907142915372
transect,estimated,909,75.66666666666663,0.6332484735534938
transect,estimated,910,75.75,0.6331373747588334
transect,estimated,911,75.83333333333337,0.6330517698917226
transect,estimated,912,75.91666666666663,0.6328209818743785
transect,estimated,913,76.0,0.6325673063358904
transect,estimated,914,76.08333333333337,0.6322860715069473
transect,estimated,915,76.16666666666663,0.6321523579265965
transect,estimated,916,76.25,0.6319933236426567
transect,estimated,917,76.33333333333337,0.6316755676440862
transect,estimated,918,76.41666666666663,0.63132373573541
transect,estimated,919,76.5,0.6310386815950241
transect,estimated,920,76.58333333333337,0.6307942969485705
transect,estimated,921,76.66666666666663,0.6304512563885044
transect,estimated,922,76.75,0.6302488280627431
transect,estimated,923,76.83333333333337,0.630039407996286
transect,estimated,924,76.91666666666663,0.6298146544934977
transect,estimated,925,77.0,0.6295578614293215
transect,estimated,926,77.08333333333337,0.6295589733312664
transect,estimated,927,77.16666666666663,0.6295024377597905
transect,estimated,928,77.25,0.6296423929544406
transect,estimated,929,77.33333333333337,0.6297729752673793
transect,estimated,930,77.41666666666663,0.6295491374994557
transect,estimated,931,77.5,0.6295922117757123
transect,estimated,932,77.58333333333337,0.6297253684940615
transect,estimated,933,77.66666666666663,0.629828029360662
transect,estimated,934,77.75,0.6296525556062884
transect,estimated,935,77.83333333333337,0.6295885379342473
transect,estimated,936,77.91666666666663,0.6298870980120969
transect,estimated,937,78.0,0.6298515610596573
transect,estimated,938,78.08333333333337,0.6294914173457722
transect,estimated,939,78.16666666666663,0.6293980247220416
transect,estimated,940,78.25,0.6292935701364659
transect,estimated,941,78.33333333333337,0.6296777425502549
transect,estimated,942,78.41666666666663,0.6298053457769517
transect,estimated,943,78.5,0.6299270519520211
transect,estimated,944,78.58333333333337,0.6300848483255352
transect,estimated,945,78.66666666666663,0.6299254423331748
transect,estimated,946,78.75,0.6295116830459981
transect,estimated,947,78.83333333333337,0.6295832215656983
transect,estimated,948,78.91666666666663,0.629159187916489
transect,estimated,949,79.0,0.6291306859999932
transect,estimated,950,79.08333333333337,0.6289365793030073
transect,estimated,951,79.16666666666663,0.6285606902596895
transect,estimated,952,79.25,0.6283174967935243
transect,estimated,953,79.33333333333337,0.6281061185711289
transect,estimated,954,79.41666666666663,0.6276359526776102
transect,estimated,955,79.5,0.6272046145381093
transect,estimated,956,79.58333333333337,0.6272874726610745
transect,estimated,957,79.66666666666663,0.6273878751325584
transect,estimated,958,79.75,0.6269165098768698
transect,estimated,959,79.83333333333337,0.6264059848321556
transect,estimated,960,79.91666666666663,0.6258291836059845
transect,estimated,961,80.0,0.6249448202155077
transect,estimated,962,80.08333333333337,0.6241205093426975
transect,estimated,963,80.16666666666663,0.6230355702754464
transect,estimated,964,80.25,0.6240385804609906
transect,estimated,965,80.33333333333337,0.6225778357749557
transect,estimated,966,80.41666666666663,0.6212830619249106
transect,estimated,967,80.5,0.6198410393293444
transect,estimated,968,80.58333333333337,0.6161660412661302
transect,estimated,969,80.66666666666663,0.6164925143561518
transect,estimated,970,80.75,0.6132651792213294
transect,estimated,971,80.83333333333337,0.6136773165696415
transect,estimated,972,80.91666666666663,0.6123877933994615
transect,estimated,973,81.0,0.6103625051570135
transect,estimated,974,81.08333333333337,0.6146316235881437
transect,estimated,975,81.16666666666663,0.6129629763124705
transect,estimated,976,81.25,0.613680106836859
transect,estimated,977,81.33333333333337,0.6147392108134054
transect,estimated,978,81.41666666666663,0.6159767533426004
transect,estimated,979,81.5,0.613177616100675
transect,estimated,980,81.58333333333337,0.614946697002991
transect,estimated,981,81.66666666666663,0.615815810787034
transect,estimated,982,81.75,0.6156700694939193
transect,estimated,983,81.83333333333337,0.6162102695018039
transect,estimated,984,81.91666666666663,0.6171720217344652
transect,estimated,985,82.0,0.6186095404575539
transect,estimated,986,82.08333333333337,0.6196739374956461
transect,estimated,987,82.16666666666663,0.6214335097022793
transect,estimated,988,82.25,0.6224280053677314
transect,estimated,989,82.33333333333337,0.621686986418657
transect,estimated,990,82.41666666666663,0.6229224421240142
transect,estimated,991,82.5,0.6227891150075782
transect,estimated,992,82.58333333333337,0.6243506085340607
transect,estimated,993,82.66666666666663,0.6253637215719566
transect,estimated,994,82.75,0.6246791770633116
transect,estimated,995,82.83333333333337,0.6253914368606339
transect,estimated,996,82.91666666666663,0.6257240620171047
transect,estimated,997,83.0,0.626116390902018
transect,estimated,998,83.08333333333337,0.626793102923339
transect,estimated,999,83.16666666666663,0.6265158860795199
transect,estimated,1000,83.25,0.6274576736857217
transect,estimated,1001,83.33333333333337,0.6270773899004902
transect,estimated,1002,83.41666666666663,0.6275136026986626
transect,estimated,1003,83.5,0.628347324243891
transect,estimated,1004,83.58333333333337,0.6293000909385138
transect,estimated,1005,83.66666666666663,0.6297517774768406
transect,estimated,1006,83.75,0.6300080284361894
transect,estimated,1007,83.83333333333337,0.6297177332434168
transect,estimated,1008,83.91666666666663,0.63058994352158
transect,estimated,1009,84.0,0.6305346947514915
transect,estimated,1010,84.08333333333337,0.630050470736461
transect,estimated,1011,84.16666666666663,0.6307361468394774
transect,estimated,1012,84.25,0.631115293502137
transect,estimated,1013,84.33333333333337,0.6314064851792086
transect,estimated,1014,84.41666666666663,0.6314139234417926
transect,estimated,1015,84.5,0.63145552355508
transect,estimated,1016,84.58333333333337,0.6313322979381394
transect,estimated,1017,84.66666666666663,0.6313265993021542
transect,estimated,1018,84.75,0.6315223864876177
transect,estimated,1019,84.83333333333337,0.6318577373165865
transect,estimated,1020,84.91666666666663,0.631764629950578
transect,estimated,1021,85.0,0.63212113097898
transect,estimated,1022,85.08333333333337,0.6322022334827666
transect,estimated,1023,85.16666666666663,0.6320150444808105
transect,estimated,1024,85.25,0.633007676643892
transect,estimated,1025,85.33333333333337,0.6332105394568487
transect,estimated,1026,85.41666666666663,0.6332441803581691
transect,estimated,1027,85.5,0.6331595964131469
transect,estimated,1028,85.58333333333337,0.6335004879833391
transect,estimated,1029,85.66666666666663,0.6335755222791302
transect,estimated,1030,85.75,0.6330298640617739
transect,estimated,1031,85.83333333333337,0.633659463238851
transect,estimated,1032,85.91666666666663,0.6339067790405455
transect,estimated,1033,86.0,0.6340672356635308
transect,estimated,1034,86.08333333333337,0.6351421746021538
transect,estimated,1035,86.16666666666663,0.635319607676797
transect,estimated,1036,86.25,0.6351173970817571
transect,estimated,1037,86.33333333333337,0.6348451204358568
transect,estimated,1038,86.41666666666663,0.6346324703805776
transect,estimated,1039,86.5,0.6351738585627671
transect,estimated,1040,86.58333333333337,0.6357141079610086
transect,estimated,1041,86.66666666666663,0.6352304983373077
transect,estimated,1042,86.75,0.6351071800440001
transect,estimated,1043,86.83333333333337,0.635495630046012
transect,estimated,1044,86.91666666666663,0.6357794779620163
transect,estimated,1045,87.0,0.6358969558499822
transect,estimated,1046,87.08333333333337,0.6361331175592612
transect,estimated,1047,87.16666666666663,0.6363071552758822
transect,estimated,1048,87.25,0.6374333668149478
transect,estimated,1049,87.33333333333337,0.6375375394954658
transect,estimated,1050,87.41666666666663,0.6375741935913735
transect,estimated,1051,87.5,0.6372992021199214
transect,estimated,1052,87.58333333333337,0.6377804275437587
transect,estimated,1053,87.66666666666663,0.6381189906300815
transect,estimated,1054,87.75,0.638112275906559
transect,estimated,1055,87.83333333333337,0.6371737230462523
transect,estimated,1056,87.91666666666663,0.6375721136002515
transect,estimated,1057,88.0,0.6377928586633697
transect,estimated,1058,88.08333333333337,0.6376462814525704
transect,estimated,1059,88.16666666666663,0.6377877431463519
transect,estimated,1060,88.25,0.6380373174437327
transect,estimated,1061,88.33333333333337,0.638074070423587
transect,estimated,1062,88.41666666666663,0.6381744285964576
transect,estimated,1063,88.5,0.6382352198534004
transect,estimated,1064,88.58333333333337,0.6383003494876871
transect,estimated,1065,88.66666666666663,0.6387096146886824
transect,estimated,1066,88.75,0.6388377808129384
transect,estimated,1067,88.83333333333337,0.6386725993143599
transect,estimated,1068,88.91666666666663,0.63857580925291
transect,estimated,1069,89.0,0.6391258068513608
transect,estimated,1070,89.08333333333337,0.6391402189652395
transect,estimated,1071,89.16666666666663,0.639019669093107
transect,estimated,1072,89.25,0.6388673266463659
transect,estimated,1073,89.33333333333337,0.6390093555085462
transect,estimated,1074,89.41666666666663,0.6391577553893254
transect,estimated,1075,89.5,0.6390839170398893
transect,estimated,1076,89.58333333333337,0.639340669528967
transect,estimated,1077,89.66666666666663,0.6395040824833286
transect,estimated,1078,89.75,0.6393323118174311
transect,estimated,1079,89.83333333333337,0.6394831800571793
transect,estimated,1080,89.91666666666663,0.6395769789337565
transect,estimated,1081,90.0,0.6394655334910274
transect,estimated,1082,90.08333333333337,0.6390632800384631
transect,estimated,1083,90.16666666666663,0.6389696159460826
transect,estimated,1084,90.25,0.6389905338774043
transect,estimated,1085,90.33333333333337,0.639142774456861
transect,estimated,1086,90.41666666666663,0.6395095198764899
transect,estimated,1087,90.5,0.6395172710499929
transect,estimated,1088,90.58333333333337,0.6393151461981108
transect,estimated,1089,90.66666666666663,0.6395212945263332
transect,estimated,1090,90.75,0.6395355854354017
transect,estimated,1091,90.83333333333337,0.6398312155728316
transect,estimated,1092,90.91666666666663,0.6392869728661419
transect,estimated,1093,91.0,0.6389013403467793
transect,estimated,1094,91.08333333333337,0.6387842359804786
transect,estimated,1095,91.16666666666663,0.6383691599783674
transect,estimated,1096,91.25,0.6366487947136993
transect,estimated,1097,91.33333333333337,0.6368705707211854
transect,estimated,1098,91.41666666666663,0.6371028662461796
transect,estimated,1099,91.5,0.6361534949741829
transect,estimated,1100,91.58333333333337,0.6350001661342765
transect,estimated,1101,91.66666666666663,0.6358059332215298
transect,estimated,1102,91.75,0.6362303109129485
transect,estimated,1103,91.83333333333337,0.6361676937346068
transect,estimated,1104,91.91666666666663,0.6358173752219742
transect,estimated,1105,92.0,0.6356254652517342
transect,estimated,1106,92.08333333333337,0.6350973684161995
transect,estimated,1107,92.16666666666663,0.635263436014909
transect,estimated,1108,92.25,0.6348473367991939
transect,estimated,1109,92.33333333333337,0.6356098585300866
transect,estimated,1110,92.41666666666663,0.6355183945128728
transect,estimated,1111,92.5,0.6347565167145671
transect,estimated,1112,92.58333333333337,0.6348896958954947
transect,estimated,1113,92.66666666666663,0.6354604318661666
transect,estimated,1114,92.75,0.6360487018472649
transect,estimated,1115,92.83333333333337,0.636310427283974
transect,estimated,1116,92.91666666666663,0.6362279804083727
transect,estimated,1117,93.0,0.6364658976031127
transect,estimated,1118,93.08333333333337,0.6361385972570716
transect,estimated,1119,93.16666666666663,0.6362005993794122
transect,estimated,1120,93.25,0.636528681938739
transect,estimated,1121,93.33333333333337,0.6363355730228493
transect,estimated,1122,93.41666666666663,0.63609580658086
transect,estimated,1123,93.5,0.6359422455465524
transect,estimated,1124,93.58333333333337,0.6357084490788882
transect,estimated,1125,93.66666666666663,0.6357068993891162
transect,estimated,1126,93.75,0.6356251412399225
transect,estimated,1127,93.83333333333337,0.6352112227468428
transect,estimated,1128,93.91666666666663,0.6350370821856396
transect,estimated,1129,94.0,0.6348062010497026
transect,estimated,1130,94.08333333333337,0.6347354860829413
transect,estimated,1131,94.16666666666663,0.6347021661262097
transect,estimated,1132,94.25,0.6347399790280622
transect,estimated,1133,94.33333333333337,0.6346251001997236
transect,estimated,1134,94.41666666666663,0.6344001326752884
transect,estimated,1135,94.5,0.6345648014637048
transect,estimated,1136,94.58333333333337,0.6345852515831728
transect,estimated,1137,94.66666666666663,0.6347546843689469
transect,estimated,1138,94.75,0.6346272231100273
transect,estimated,1139,94.83333333333337,0.6346780913167319
transect,estimated,1140,94.91666666666663,0.6348592057821156
transect,estimated,1141,95.0,0.6347870823705368
transect,estimated,1142,95.08333333333337,0.6349435799173325
transect,estimated,1143,95.16666666666663,0.6349433828214037
transect,estimated,1144,95.25,0.6347822017988648
transect,estimated,1145,95.33333333333337,0.63490636564422
transect,estimated,1146,95.41666666666663,0.634909512318832
transect,estimated,1147,95.5,0.6349792228822689
transect,estimated,1148,95.58333333333337,0.6350516773062188
transect,estimated,1149,95.66666666666663,0.6351051237206338
transect,estimated,1150,95.75,0.6352137296454992
transect,estimated,1151,95.83333333333337,0.6351781807999077
transect,estimated,1152,95.91666666666663,0.6351962910335113
transect,estimated,1153,96.0,0.6350866367004567
transect,estimated,1154,96.08333333333337,0.6349744466503713
transect,estimated,1155,96.16666666666663,0.6348660431657429
transect,estimated,1156,96.25,0.6348359761778899
transect,estimated,1157,96.33333333333337,0.6349027597172101
transect,estimated,1158,96.41666666666663,0.634893958273185
transect,estimated,1159,96.5,0.6350403680911793
transect,estimated,1160,96.58333333333337,0.6348600980210667
transect,estimated,1161,96.66666666666663,0.6349407125696629
transect,estimated,1162,96.75,0.6351479381744384
transect,estimated,1163,96.83333333333337,0.6351801447974973
transect,estimated,1164,96.91666666666663,0.6352021630166392
transect,estimated,1165,97.0,0.6351345376023958
transect,estimated,1166,97.08333333333337,0.6352912594207777
transect,estimated,1167,97.16666666666663,0.6355380884926967
transect,estimated,1168,97.25,0.6356010361554286
transect,estimated,1169,97.33333333333337,0.6356385395861243
transect,estimated,1170,97.41666666666663,0.6356725001656912
transect,estimated,1171,97.5,0.6357713793059566
transect,estimated,1172,97.58333333333337,0.6359437971689988
transect,estimated,1173,97.66666666666663,0.6359414161823048
transect,estimated,1174,97.75,0.6360176523983149
transect,estimated,1175,97.83333333333337,0.6361242882589341
transect,estimated,1176,97.91666666666663,0.6362264080455116
transect,estimated,1177,98.0,0.636355672561513
transect,estimated,1178,98.08333333333337,0.6365028926867964
transect,estimated,1179,98.16666666666663,0.6367454987210464
transect,estimated,1180,98.25,0.6368581955387012
transect,estimated,1181,98.33333333333337,0.6370049376338018
transect,estimated,1182,98.41666666666663,0.6369991977258891
transect,estimated,1183,98.5,0.6371926528128438
transect,estimated,1184,98.58333333333337,0.6373253337275511
transect,estimated,1185,98.66666666666663,0.6374537211754294
transect,estimated,1186,98.75,0.6374028507564388
transect,estimated,1187,98.83333333333337,0.6375636567596865
transect,estimated,1188,98.91666666666663,0.6378783336614968
transect,estimated,1189,99.0,0.6381560170710958
transect,estimated,1190,99.08333333333337,0.6382006554161817
transect,estimated,1191,99.16666666666663,0.6382113553953979
transect,estimated,1192,99.25,0.6381770652569352
transect,estimated,1193,99.33333333333337,0.638541170315846
transect,estimated,1194,99.41666666666663,0.6386218402233966
transect,estimated,1195,99.5,0.6385023760217127
transect,estimated,1196,99.58333333333337,0.6387806020160645
transect,estimated,1197,99.66666666666663,0.6392535536237245
transect,estimated,1198,99.75,0.6393386404234633
transect,estimated,1199,99.83333333333337,0.6392939469180869
transect,estimated,1200,99.91666666666663,0.6393644541896434
transect,estimated,1201,100.0,0.6394122709239245
transect,estimated,1202,100.08333333333337,0.6395868908052945
transect,estimated,1203,100.16666666666663,0.6396897193174478
transect,estimated,1204,100.25,0.6395831020344686
transect,estimated,1205,100.33333333333337,0.6399146703801063
transect,estimated,1206,100.41666666666663,0.6400378229909347
transect,estimated,1207,100.5,0.640124689497863
transect,estimated,1208,100.58333333333337,0.6399325954245808
transect,estimated,1209,100.66666666666663,0.6397011999354899
transect,estimated,1210,100.75,0.6391646825196333
transect,estimated,1211,100.83333333333337,0.6392729599024028
transect,estimated,1212,100.91666666666663,0.6390541989292726
transect,estimated,1213,101.0,0.6400858967754861
transect,estimated,1214,101.08333333333337,0.6404523024487598
transect,estimated,1215,101.16666666666663,0.6400362212831026
transect,estimated,1216,101.25,0.6400959040723075
transect,estimated,1217,101.33333333333337,0.6391582354324309
transect,estimated,1218,101.41666666666663,0.6388458398826028
transect,estimated,1219,101.5,0.6382859875078767
transect,estimated,1220,101.58333333333337,0.6359138753285227
transect,estimated,1221,101.66666666666663,0.6358405294830356
transect,estimated,1222,101.75,0.6356662105484594
transect,estimated,1223,101.83333333333337,0.6357057136741903
transect,estimated,1224,101.91666666666663,0.6378680349687886
transect,estimated,1225,102.0,0.6365658634251317
transect,estimated,1226,102.08333333333337,0.6358733308060708
transect,estimated,1227,102.16666666666663,0.6354958795084125
transect,estimated,1228,102.25,0.6310281539738206
transect,estimated,1229,102.33333333333337,0.6288035109002843
transect,estimated,1230,102.41666666666663,0.625331100568562
transect,estimated,1231,102.5,0.6209190180485556
transect,estimated,1232,102.58333333333337,0.6219043888230528
transect,estimated,1233,102.66666666666663,0.6221062164317422
transect,estimated,1234,102.75,0.6212293999007309
transect,estimated,1235,102.83333333333337,0.6222307111899301
transect,estimated,1236,102.91666666666663,0.6212771663691324
transect,estimated,1237,103.0,0.6197294921584451
transect,estimated,1238,103.08333333333337,0.6182119013810523
transect,estimated,1239,103.16666666666663,0.6166731358770491
transect,estimated,1240,103.25,0.615109420026776
transect,estimated,1241,103.33333333333337,0.6148371044683522
transect,estimated,1242,103.41666666666663,0.6150908457445161
transect,estimated,1243,103.5,0.6162308086109091
transect,estimated,1244,103.58333333333337,0.6177742798240041
transect,estimated,1245,103.66666666666663,0.6177043064338689
transect,estimated,1246,103.75,0.6170958951169481
transect,estimated,1247,103.83333333333337,0.6149725440151356
transect,estimated,1248,103.91666666666663,0.6164975861944455
transect,estimated,1249,104.0,0.6182618836250777
transect,estimated,1250,104.08333333333337,0.6175382724536215
transect,estimated,1251,104.16666666666663,0.6178510732807404
transect,estimated,1252,104.25,0.61832884069715
transect,estimated,1253,104.33333333333337,0.6170028096855952
transect,estimated,1254,104.41666666666663,0.6165569111884182
transect,estimated,1255,104.5,0.6153715817466137
transect,estimated,1256,104.58333333333337,0.6175022156426571
transect,estimated,1257,104.66666666666663,0.6184291561767191
transect,estimated,1258,104.75,0.6195553069432109
transect,estimated,1259,104.83333333333337,0.6202849941542395
transect,estimated,1260,104.91666666666663,0.6233164023809113
transect,estimated,1261,105.0,0.6236728175734565
transect,estimated,1262,105.08333333333337,0.6246238710912646
transect,estimated,1263,105.16666666666663,0.6260976898594789
transect,estimated,1264,105.25,0.6250453454474656
transect,estimated,1265,105.33333333333337,0.6239472363470302
transect,estimated,1266,105.41666666666663,0.6238950047276531
transect,estimated,1267,105.5,0.6232741219338838
transect,estimated,1268,105.58333333333337,0.6231487094790442
transect,estimated,1269,105.66666666666663,0.6233992373017049
transect,estimated,1270,105.75,0.6217298024061588
transect,estimated,1271,105.83333333333337,0.6224926430256591
transect,estimated,1272,105.91666666666663,0.6232623587046623
transect,estimated,1273,106.0,0.6228457466580256
transect,estimated,1274,106.08333333333337,0.6210390609083041
transect,estimated,1275,106.16666666666663,0.6196771165919671
transect,estimated,1276,106.25,0.6206841788953912
transect,estimated,1277,106.33333333333337,0.619077402250618
transect,estimated,1278,106.41666666666663,0.6174163711081111
transect,estimated,1279,106.5,0.6153338329027362
transect,estimated,1280,106.58333333333337,0.617277162753138
transect,estimated,1281,106.66666666666663,0.6157968672107882
transect,estimated,1282,106.75,0.6174561772896444
transect,estimated,1283,106.83333333333337,0.6192439693445116
transect,estimated,1284,106.91666666666663,0.6182359021044965
transect,estimated,1285,107.0,0.6180097249769586
transect,estimated,1286,107.08333333333337,0.616905297757122
transect,estimated,1287,107.16666666666663,0.6157697674892196
transect,estimated,1288,107.25,0.6182040042865748
transect,estimated,1289,107.33333333333337,0.6197675144897519
transect,estimated,1290,107.41666666666663,0.6167234767593918
transect,estimated,1291,107.5,0.618212201590314
transect,estimated,1292,107.58333333333337,0.6180845765115702
transect,estimated,1293,107.66666666666663,0.6180130895230828
transect,estimated,1294,107.75,0.6169761827731887
transect,estimated,1295,107.83333333333337,0.617514125357643
transect,estimated,1296,107.91666666666663,0.6180748991817618
transect,estimated,1297,108.0,0.6168847158220916
transect,estimated,1298,108.08333333333337,0.6178505827860892
transect,estimated,1299,108.16666666666663,0.6171039447429133
transect,estimated,1300,108.25,0.615194389617805
transect,estimated,1301,108.33333333333337,0.6150230872461754
transect,estimated,1302,108.41666666666663,0.6123253685230226
transect,estimated,1303,108.5,0.6132608326533979
transect,estimated,1304,108.58333333333337,0.6140218524326392
transect,estimated,1305,108.66666666666663,0.6127076724439113
transect,estimated,1306,108.75,0.6119179751411681
transect,estimated,1307,108.83333333333337,0.6077859983483818
transect,estimated,1308,108.91666666666663,0.6101312139020205
transect,estimated,1309,109.0,0.6092318266409746
transect,estimated,1310,109.08333333333337,0.60264213607387
transect,estimated,1311,109.16666666666663,0.6005923884820783
transect,estimated,1312,109.25,0.6005991258315735
transect,estimated,1313,109.33333333333337,0.5986383770149138
transect,estimated,1314,109.41666666666663,0.5955513569924934
transect,estimated,1315,109.5,0.5958974388260193
transect,estimated,1316,109.58333333333337,0.596468535685913
transect,estimated,1317,109.66666666666663,0.595542019674623
transect,estimated,1318,109.75,0.5951578177606645
transect,estimated,1319,109.83333333333337,0.5962211289668683
transect,estimated,1320,109.91666666666663,0.5927097073908901
transect,estimated,1321,110.0,0.5922044642564108
transect,estimated,1322,110.08333333333337,0.5876343111305918
transect,estimated,1323,110.16666666666663,0.5877387810626965
transect,estimated,1324,110.25,0.5870636937780136
transect,estimated,1325,110.33333333333337,0.5859040729226108
transect,estimated,1326,110.41666666666663,0.5822529346042024
transect,estimated,1327,110.5,0.5815877475093043
transect,estimated,1328,110.58333333333337,0.5785276705147667
transect,estimated,1329,110.66666666666663,0.5785983319996969
transect,estimated,1330,110.75,0.5797802072491977
transect,estimated,1331,110.83333333333337,0.582589269629441
transect,estimated,1332,110.91666666666663,0.5815001563497754
transect,estimated,1333,111.0,0.5841956377386284
transect,estimated,1334,111.08333333333337,0.5824203459718934
transect,estimated,1335,111.16666666666663,0.582801937453424
transect,estimated,1336,111.25,0.583956071395324
transect,estimated,1337,111.33333333333337,0.585855541817525
transect,estimated,1338,111.41666666666663,0.5867380556997023
transect,estimated,1339,111.5,0.5879255393685306
transect,estimated,1340,111.58333333333337,0.5884115018982093
transect,estimated,1341,111.66666666666663,0.5895112794966422
transect,estimated,1342,111.75,0.5900231300169176
transect,estimated,1343,111.83333333333337,0.5910405988288339
transect,estimated,1344,111.91666666666663,0.5924606174309273
transect,estimated,1345,112.0,0.5948657239476272
transect,estimated,1346,112.08333333333337,0.5960647402997515
transect,estimated,1347,112.16666666666663,0.5961600624576538
transect,estimated,1348,112.25,0.5975541838441548
transect,estimated,1349,112.33333333333337,0.5984565264914592
transect,estimated,1350,112.41666666666663,0.5989689870414545
transect,estimated,1351,112.5,0.5993044654726984
transect,estimated,1352,112.58333333333337,0.5998273714133698
transect,estimated,1353,112.66666666666663,0.6012475720760694
transect,estimated,1354,112.75,0.60119339883922
transect,estimated,1355,112.83333333333337,0.6010833735132874
transect,estimated,1356,112.91666666666663,0.6015421734475386
transect,estimated,1357,113.0,0.6017318379442828
transect,estimated,1358,113.08333333333337,0.6027784694695172
transect,estimated,1359,113.16666666666663,0.6030410027732775
transect,estimated,1360,113.25,0.6026956725518852
transect,estimated,1361,113.33333333333337,0.603334570598683
transect,estimated,1362,113.41666666666663,0.6029994091559514
transect,estimated,1363,113.5,0.6032442789087201
transect,estimated,1364,113.58333333333337,0.603801119851117
transect,estimated,1365,113.66666666666663,0.6043634358267049
transect,estimated,1366,113.75,0.6047062480272304
transect,estimated,1367,113.83333333333337,0.6044638830295211
transect,estimated,1368,113.91666666666663,0.603820669114564
transect,estimated,1369,114.0,0.6030315127950411
transect,estimated,1370,114.08333333333337,0.6032470110778347
transect,estimated,1371,114.16666666666663,0.6023930901999556
transect,estimated,1372,114.25,0.6026898135619851
transect,estimated,1373,114.33333333333337,0.6027433751387562
transect,estimated,1374,114.41666666666663,0.6018603962887202
transect,estimated,1375,114.5,0.6035023977455463
transect,estimated,1376,114.58333333333337,0.6021488869887325
transect,estimated,1377,114.66666666666663,0.6018297035633167
transect,estimated,1378,114.75,0.6022216154731364
transect,estimated,1379,114.83333333333337,0.6022138246339679
transect,estimated,1380,114.91666666666663,0.6037626222780287
transect,estimated,1381,115.0,0.6013736250949151
transect,estimated,1382,115.08333333333337,0.6031804958588224
transect,estimated,1383,115.16666666666663,0.6051190168552198
transect,estimated,1384,115.25,0.6034227455090619
transect,estimated,1385,115.33333333333337,0.6037810925768057
transect,estimated,1386,115.41666666666663,0.6030786334437624
transect,estimated,1387,115.5,0.6040605443953851
transect,estimated,1388,115.58333333333337,0.6051591961339978
transect,estimated,1389,115.66666666666663,0.6077701360695122
transect,estimated,1390,115.75,0.6064467026518578
transect,estimated,1391,115.83333333333337,0.6081801062944594
transect,estimated,1392,115.91666666666663,0.6059333537381035
transect,estimated,1393,116.0,0.6065373930950634
transect,estimated,1394,116.08333333333337,0.6073955980004206
transect,estimated,1395,116.16666666666663,0.6058880849614005
transect,estimated,1396,116.25,0.6046756001440927
transect,estimated,1397,116.33333333333337,0.6058872804551586
transect,estimated,1398,116.41666666666663,0.6052063160978756
transect,estimated,1399,116.5,0.6046735067555911
transect,estimated,1400,116.58333333333337,0.6014717191541832
transect,estimated,1401,116.66666666666663,0.603306837029514
transect,estimated,1402,116.75,0.6012822534825434
transect,estimated,1403,116.83333333333337,0.6018446148765225
transect,estimated,1404,116.91666666666663,0.6015422704848469
transect,estimated,1405,117.0,0.6038803090724403
transect,estimated,1406,117.08333333333337,0.6030019384205624
transect,estimated,1407,117.16666666666663,0.603463584466278
transect,estimated,1408,117.25,0.602527548242283
transect,estimated,1409,117.33333333333337,0.6054251745597656
transect,estimated,1410,117.41666666666663,0.6064888740251783
transect,estimated,1411,117.5,0.6067282949440181
transect,estimated,1412,117.58333333333337,0.6087637573685003
transect,estimated,1413,117.66666666666663,0.6082360555612525
transect,estimated,1414,117.75,0.6092311355258336
transect,estimated,1415,117.83333333333337,0.6070526284614103
transect,estimated,1416,117.91666666666663,0.6079114506603644
transect,estimated,1417,118.0,0.6093608697511831
transect,estimated,1418,118.08333333333337,0.6100473444182433
transect,estimated,1419,118.16666666666663,0.6113206455341182
transect,estimated,1420,118.25,0.6137354361280862
transect,estimated,1421,118.33333333333337,0.6136528321032275
transect,estimated,1422,118.41666666666663,0.6148072698148702
transect,estimated,1423,118.5,0.6154981678758806
transect,estimated,1424,118.58333333333337,0.6141851773857511
transect,estimated,1425,118.66666666666663,0.6148309494721976
transect,estimated,1426,118.75,0.6161260434101729
transect,estimated,1427,118.83333333333337,0.6167300132691061
transect,estimated,1428,118.91666666666663,0.6186404255227663
transect,estimated,1429,119.0,0.6181144537858276
transect,estimated,1430,119.08333333333337,0.6185578659031216
transect,estimated,1431,119.16666666666663,0.6195027220497581
transect,estimated,1432,119.25,0.6201726499058287
transect,estimated,1433,119.33333333333337,0.621461884718161
transect,estimated,1434,119.41666666666663,0.6209432510860053
transect,estimated,1435,119.5,0.6211433304996768
transect,estimated,1436,119.58333333333337,0.6222948079673005
transect,estimated,1437,119.66666666666663,0.6229261684405213
transect,estimated,1438,119.75,0.62351862978505
transect,estimated,1439,119.83333333333337,0.6238520227558698
transect,estimated,1440,119.91666666666663,0.6244991847024474
transect,estimated,1441,120.0,0.6242237328410902
transect,estimated,1442,120.08333333333337,0.6241629954015976
transect,estimated,1443,120.16666666666663,0.6255620682337916
transect,estimated,1444,120.25,0.6256584842727292
transect,estimated,1445,120.33333333333337,0.6256645891596313
transect,estimated,1446,120.41666666666663,0.625589517447543
transect,estimated,1447,120.5,0.6255977519093809
transect,estimated,1448,120.58333333333337,0.6261019166650115
transect,estimated,1449,120.66666666666663,0.6271722747824758
transect,estimated,1450,120.75,0.6275003532486632
transect,estimated,1451,120.83333333333337,0.6268818361593512
transect,estimated,1452,120.91666666666663,0.6280941074208817
transect,estimated,1453,121.0,0.62807345952435
transect,estimated,1454,121.08333333333337,0.6280102153601373
transect,estimated,1455,121.16666666666663,0.6275129866402505
transect,estimated,1456,121.25,0.6281506385435918
transect,estimated,1457,121.33333333333337,0.6283643898959704
transect,estimated,1458,121.41666666666663,0.6286420532332625
transect,estimated,1459,121.5,0.6285687324641311
transect,estimated,1460,121.58333333333337,0.6295576980228744
transect,estimated,1461,121.66666666666663,0.6298281022081986
transect,estimated,1462,121.75,0.6294164561703383
transect,estimated,1463,121.83333333333337,0.6296492078013896
transect,estimated,1464,121.91666666666663,0.629454110320074
transect,estimated,1465,122.0,0.6292055255444565
transect,estimated,1466,122.08333333333337,0.62991575514486
transect,estimated,1467,122.16666666666663,0.629830836473326
transect,estimated,1468,122.25,0.6297959601846022
transect,estimated,1469,122.33333333333337,0.6301249797674887
transect,estimated,1470,122.41666666666663,0.630488180231785
transect,estimated,1471,122.5,0.6303472905962384
transect,estimated,1472,122.58333333333337,0.6303783123917706
transect,estimated,1473,122.66666666666663,0.630484159623801
transect,estimated,1474,122.75,0.6309493484114301
transect,estimated,1475,122.83333333333337,0.6309992818888073
transect,estimated,1476,122.91666666666663,0.6304540579432701
transect,estimated,1477,123.0,0.6303754140329245
transect,estimated,1478,123.08333333333337,0.629887181924955
transect,estimated,1479,123.16666666666663,0.6295345791923901
transect,estimated,1480,123.25,0.6299644893310937
transect,estimated,1481,123.33333333333337,0.6304381085652485
transect,estimated,1482,123.41666666666663,0.630675166371523
transect,estimated,1483,123.5,0.6308593171070611
transect,estimated,1484,123.58333333333337,0.6306433210634116
transect,estimated,1485,123.66666666666663,0.6302246955073122
transect,estimated,1486,123.75,0.6297529282190782
transect,estimated,1487,123.83333333333337,0.6299949830041711
transect,estimated,1488,123.91666666666663,0.6307264196688199
transect,estimated,1489,124.0,0.6311147975966633
transect,estimated,1490,124.08333333333337,0.6314824643239855
transect,estimated,1491,124.16666666666663,0.6308588154755294
transect,estimated,1492,124.25,0.630818248942185
transect,estimated,1493,124.33333333333337,0.6302288444179355
transect,estimated,1494,124.41666666666663,0.630583415601261
transect,estimated,1495,124.5,0.6308109830525995
transect,estimated,1496,124.58333333333337,0.6301699636610356
transect,estimated,1497,124.66666666666663,0.6300597281329469
transect,estimated,1498,124.75,0.6293911567499946
transect,estimated,1499,124.83333333333337,0.6289862477439805
transect,estimated,1500,124.91666666666663,0.6282513496739001
transect,estimated,1501,125.0,0.6272865354758669
transect,estimated,1502,125.08333333333337,0.6267731383118055
transect,estimated,1503,125.16666666666663,0.6253758546530228
transect,estimated,1504,125.25,0.6268841210635597
transect,estimated,1505,125.33333333333337,0.625840807665123
transect,estimated,1506,125.41666666666663,0.6261905449500147
transect,estimated,1507,125.5,0.6264504897917375
transect,estimated,1508,125.58333333333337,0.6249749664319417
transect,estimated,1509,125.66666666666663,0.6259702810628758
transect,estimated,1510,125.75,0.6249247594547899
transect,estimated,1511,125.83333333333337,0.6247701396967476
transect,estimated,1512,125.91666666666663,0.6221733569401455
transect,estimated,1513,126.0,0.623789727759623
transect,estimated,1514,126.08333333333337,0.6236099993844789
transect,estimated,1515,126.16666666666663,0.6226473878487632
transect,estimated,1516,126.25,0.621740632894443
transect,estimated,1517,126.33333333333337,0.6185127141654422
transect,estimated,1518,126.41666666666663,0.6172649803555489
transect,estimated,1519,126.5,0.61762773541709
transect,estimated,1520,126.58333333333337,0.6188138921384024
transect,estimated,1521,126.66666666666663,0.6185249665109975
transect,estimated,1522,126.75,0.6205193826280222
transect,estimated,1523,126.83333333333337,0.6186752729679231
transect,estimated,1524,126.91666666666663,0.6198216503160191
transect,estimated,1525,127.0,0.6190669296448007
transect,estimated,1526,127.08333333333337,0.6195569064358046
transect,estimated,1527,127.16666666666663,0.6199755396256434
transect,estimated,1528,127.25,0.6189588014760906
transect,estimated,1529,127.33333333333337,0.6200747139439682
transect,estimated,1530,127.41666666666663,0.6224362116352563
transect,estimated,1531,127.5,0.6236212499591618
transect,estimated,1532,127.58333333333337,0.6211497674929375
transect,estimated,1533,127.66666666666663,0.6223265438895296
transect,estimated,1534,127.75,0.6227976573480629
transect,estimated,1535,127.83333333333337,0.6258302310246308
transect,estimated,1536,127.91666666666663,0.6248805653499195
transect,estimated,1537,128.0,0.6252196407009466
transect,estimated,1538,128.08333333333337,0.6256638260363817
transect,estimated,1539,128.16666666666663,0.6265493838472846
transect,estimated,1540,128.25,0.6271165326160533
transect,estimated,1541,128.33333333333337,0.6274937898998798
transect,estimated,1542,128.41666666666663,0.6286187494000074
transect,estimated,1543,128.5,0.6296117186658142
transect,estimated,1544,128.58333333333337,0.6300894511300871
transect,estimated,1545,128.66666666666663,0.6311936487172001
transect,estimated,1546,128.75,0.6305203109869894
transect,estimated,1547,128.83333333333337,0.6312445263103383
transect,estimated,1548,128.91666666666663,0.6314107853650544
transect,estimated,1549,129.0,0.6330197690561703
transect,estimated,1550,129.08333333333337,0.634194781398794
transect,estimated,1551,129.16666666666663,0.6341428343033171
transect,estimated,1552,129.25,0.6344073153796382
transect,estimated,1553,129.33333333333337,0.6349899192591536
transect,estimated,1554,129.41666666666663,0.6353480145443235
transect,estimated,1555,129.5,0.635253574401841
transect,estimated,1556,129.58333333333337,0.6355461628907595
transect,estimated,1557,129.66666666666663,0.6359602821198894
transect,estimated,1558,129.75,0.6367797127733659
transect,estimated,1559,129.83333333333337,0.6370317389253948
transect,estimated,1560,129.91666666666663,0.6372510774856305
transect,estimated,1561,130.0,0.6377264176627736
transect,estimated,1562,130.08333333333337,0.6380198035465099
transect,estimated,1563,130.16666666666663,0.638160606378248
transect,estimated,1564,130.25,0.638491999235128
transect,estimated,1565,130.33333333333337,0.638853653665282
transect,estimated,1566,130.41666666666663,0.63947931534445
transect,estimated,1567,130.5,0.63978468625678
transect,estimated,1568,130.58333333333337,0.6396358090121806
transect,estimated,1569,130.66666666666663,0.6399309590943314
transect,estimated,1570,130.75,0.64025346053553
transect,estimated,1571,130.83333333333337,0.6405710006008946
transect,estimated,1572,130.91666666666663,0.6410334209072641
transect,estimated,1573,131.0,0.6410125294421957
transect,estimated,1574,131.08333333333337,0.6414414240914694
transect,estimated,1575,131.16666666666663,0.6415527871832245
transect,estimated,1576,131.25,0.6417323467662857
transect,estimated,1577,131.33333333333337,0.6416613067058669
transect,estimated,1578,131.41666666666663,0.6419841370677077
transect,estimated,1579,131.5,0.6424033588327027
transect,estimated,1580,131.58333333333337,0.6424525619408176
transect,estimated,1581,131.66666666666663,0.6422672551783618
transect,estimated,1582,131.75,0.6422361725812679
transect,estimated,1583,131.83333333333337,0.6422646802239578
transect,estimated,1584,131.91666666666663,0.6425300017072504
transect,estimated,1585,132.0,0.6425145857757022
transect,estimated,1586,132.08333333333337,0.6425126791441567
transect,estimated,1587,132.16666666666663,0.6424541195377241
transect,estimated,1588,132.25,0.6425295640352029
transect,estimated,1589,132.33333333333337,0.6426962057552723
transect,estimated,1590,132.41666666666663,0.6427980551652513
transect,estimated,1591,132.5,0.6427440488789814
transect,estimated,1592,132.58333333333337,0.6428333104674557
transect,estimated,1593,132.66666666666663,0.642824380611339
transect,estimated,1594,132.75,0.6428112641368283
transect,estimated,1595,132.83333333333337,0.6426360423892492
transect,estimated,1596,132.91666666666663,0.642552222597125
transect,estimated,1597,133.0,0.6424546676707532
transect,estimated,1598,133.08333333333337,0.6424162071565918
transect,estimated,1599,133.16666666666663,0.6422931818893323
transect,estimated,1600,133.25,0.6421977093859839
transect,estimated,1601,133.33333333333337,0.6419150889734925
transect,estimated,1602,133.41666666666663,0.6417595867404007
transect,estimated,1603,133.5,0.6415467204899326
transect,estimated,1604,133.58333333333337,0.6412676595573829
transect,estimated,1605,133.66666666666663,0.6410659129769393
transect,estimated,1606,133.75,0.6408765039416686
transect,estimated,1607,133.83333333333337,0.6407459035556663
transect,estimated,1608,133.91666666666663,0.6404121991633109
transect,estimated,1609,134.0,0.6401594943481977
transect,estimated,1610,134.08333333333337,0.6401017307895267
transect,estimated,1611,134.16666666666663,0.6397924637337292
transect,estimated,1612,134.25,0.639798430795418
transect,estimated,1613,134.33333333333337,0.6400221788502333
transect,estimated,1614,134.41666666666663,0.6398580447567294
transect,estimated,1615,134.5,0.6399228469454905
transect,estimated,1616,134.58333333333337,0.6395151064751609
transect,estimated,1617,134.66666666666663,0.6393938538076486
transect,estimated,1618,134.75,0.6392937866252072
transect,estimated,1619,134.83333333333337,0.639381715636339
transect,estimated,1620,134.91666666666663,0.6394918836414383
transect,estimated,1621,135.0,0.6394104866097031
transect,estimated,1622,135.08333333333337,0.6394062699679665
transect,estimated,1623,135.16666666666663,0.6393580120534542
transect,estimated,1624,135.25,0.6391589122260418
transect,estimated,1625,135.33333333333337,0.6391774475357861
transect,estimated,1626,135.41666666666663,0.639495276017698
transect,estimated,1627,135.5,0.6395392776458155
transect,estimated,1628,135.58333333333337,0.6395005638925597
transect,estimated,1629,135.66666666666663,0.6395019956521014
transect,estimated,1630,135.75,0.6395239536127219
transect,estimated,1631,135.83333333333337,0.6392474537223513
transect,estimated,1632,135.91666666666663,0.6392822501188171
transect,estimated,1633,136.0,0.6393716226297534
transect,estimated,1634,136.08333333333337,0.6394114061625499
transect,estimated,1635,136.16666666666663,0.639375487535373
transect,estimated,1636,136.25,0.6394412090501523
transect,estimated,1637,136.33333333333337,0.6393960312092515
transect,estimated,1638,136.41666666666663,0.6393753854403352
transect,estimated,1639,136.5,0.6393187740556188
transect,estimated,1640,136.58333333333337,0.6392842149853978
transect,estimated,1641,136.66666666666663,0.6393549612258056
transect,estimated,1642,136.75,0.6392990350825019
transect,estimated,1643,136.83333333333337,0.6391896284121943
transect,estimated,1644,136.91666666666663,0.639381238469304
transect,estimated,1645,137.0,0.6395238965468861
transect,estimated,1646,137.08333333333337,0.6393263890713766
transect,estimated,1647,137.16666666666663,0.6392466789476249
transect,estimated,1648,137.25,0.6391056839331422
transect,estimated,1649,137.33333333333337,0.6392269018541141
transect,estimated,1650,137.41666666666663,0.6391574730081296
transect,estimated,1651,137.5,0.6390589851252311
transect,estimated,1652,137.58333333333337,0.638923962268276
transect,estimated,1653,137.66666666666663,0.6389717483742557
transect,estimated,1654,137.75,0.6387911327393391
transect,estimated,1655,137.83333333333337,0.6386872046363294
transect,estimated,1656,137.91666666666663,0.6385811774296902
transect,estimated,1657,138.0,0.6386081357293063
transect,estimated,1658,138.08333333333337,0.6384970790485017
transect,estimated,1659,138.16666666666663,0.6382444041470091
transect,estimated,1660,138.25,0.6381061014227775
transect,estimated,1661,138.33333333333337,0.637982240281412
transect,estimated,1662,138.41666666666663,0.6380899602028592
transect,estimated,1663,138.5,0.6380071088906748
transect,estimated,1664,138.58333333333337,0.6379253342872817
transect,estimated,1665,138.66666666666663,0.6377650085344776
transect,estimated,1666,138.75,0.6377654955871384
transect,estimated,1667,138.83333333333337,0.6376156429020866
transect,estimated,1668,138.91666666666663,0.637322709019035
transect,estimated,1669,139.0,0.6371103447724273
transect,estimated,1670,139.08333333333337,0.6369780098104889
transect,estimated,1671,139.16666666666663,0.6367707759710847
transect,estimated,1672,139.25,0.6365654607410272
transect,estimated,1673,139.33333333333337,0.6362870880745618
transect,estimated,1674,139.41666666666663,0.6361129477095405
transect,estimated,1675,139.5,0.635866076858722
transect,estimated,1676,139.58333333333337,0.6356142816349654
transect,estimated,1677,139.66666666666663,0.6353027345446473
transect,estimated,1678,139.75,0.6351884221324583
transect,estimated,1679,139.83333333333337,0.6349252262461998
transect,estimated,1680,139.91666666666663,0.6346935416890991
transect,estimated,1681,140.0,0.6344046827110157
transect,estimated,1682,140.08333333333337,0.63399320511396
transect,estimated,1683,140.16666666666663,0.6337811820917149
transect,estimated,1684,140.25,0.6335235464038358
transect,estimated,1685,140.33333333333337,0.6331198704522785
transect,estimated,1686,140.41666666666663,0.6328714703511583
transect,estimated,1687,140.5,0.6327515217777214
transect,estimated,1688,140.58333333333337,0.632491829827084
transect,estimated,1689,140.66666666666663,0.6323404906870721
transect,estimated,1690,140.75,0.6322836154379516
transect,estimated,1691,140.83333333333337,0.632322100594021
transect,estimated,1692,140.91666666666663,0.6321704422406375
transect,estimated,1693,141.0,0.6319922909432638
transect,estimated,1694,141.08333333333337,0.631991817802475
transect,estimated,1695,141.16666666666663,0.6320568917291587
transect,estimated,1696,141.25,0.6319129899055227
transect,estimated,1697,141.33333333333337,0.6316821246421132
transect,estimated,1698,141.41666666666663,0.6317954935701815
transect,estimated,1699,141.5,0.6318345210249031
transect,estimated,1700,141.58333333333337,0.6318368471017273
transect,estimated,1701,141.66666666666663,0.6316063426711775
transect,estimated,1702,141.75,0.6312050984535004
transect,estimated,1703,141.83333333333337,0.6313045067246559
transect,estimated,1704,141.91666666666663,0.6312082813650781
transect,estimated,1705,142.0,0.6310813673619746
transect,estimated,1706,142.08333333333337,0.6307348029589733
transect,estimated,1707,142.16666666666663,0.6307091507971372
transect,estimated,1708,142.25,0.6309035702144922
transect,estimated,1709,142.33333333333337,0.6309712631128536
transect,estimated,1710,142.41666666666663,0.6310970221577683
transect,estimated,1711,142.5,0.6304365355058091
transect,estimated,1712,142.58333333333337,0.6303124041694631
transect,estimated,1713,142.66666666666663,0.6298336901520801
transect,estimated,1714,142.75,0.629066312318245
transect,estimated,1715,142.83333333333337,0.6283362112267901
transect,estimated,1716,142.91666666666663,0.6275564229947592
transect,estimated,1717,143.0,0.6261289510542196
transect,estimated,1718,143.08333333333337,0.6254220227338292
transect,estimated,1719,143.16666666666663,0.6223629106742092
transect,estimated,1720,143.25,0.6194420560982782
transect,estimated,1721,143.33333333333337,0.618484725732209
transect,estimated,1722,143.41666666666663,0.6158499872158423
transect,estimated,1723,143.5,0.6175093606705675
transect,estimated,1724,143.58333333333337,0.6129919361284981
transect,estimated,1725,143.66666666666663,0.6076288479966754
transect,estimated,1726,143.75,0.6069109758230805
transect,estimated,1727,143.83333333333337,0.6079479658862722
transect,estimated,1728,143.91666666666663,0.6067870857012005
transect,estimated,1729,144.0,0.605730920230053
transect,estimated,1730,144.08333333333337,0.6010832381408071
transect,estimated,1731,144.16666666666663,0.6017950713237019
transect,estimated,1732,144.25,0.6020510497746704
transect,estimated,1733,144.33333333333337,0.6050633481941186
transect,estimated,1734,144.41666666666663,0.6051450735655501
transect,estimated,1735,144.5,0.6026997261217907
transect,estimated,1736,144.58333333333337,0.6016645649125081
transect,estimated,1737,144.66666666666663,0.6031533132726216
transect,estimated,1738,144.75,0.6047385274844885
transect,estimated,1739,144.83333333333337,0.6076172345170172
transect,estimated,1740,144.91666666666663,0.6096146275060501
transect,estimated,1741,145.0,0.609576418983148
transect,estimated,1742,145.08333333333337,0.6094013197106106
transect,estimated,1743,145.16666666666663,0.6096639048340713
transect,estimated,1744,145.25,0.6086255983632259
transect,estimated,1745,145.33333333333337,0.6103363620733957
transect,estimated,1746,145.41666666666663,0.6110388933066802
transect,estimated,1747,145.5,0.6114552541605242
transect,estimated,1748,145.58333333333337,0.6140437434474452
transect,estimated,1749,145.66666666666663,0.6145889279358381
transect,estimated,1750,145.75,0.6152703280743662
transect,estimated,1751,145.83333333333337,0.6154340898800629
transect,estimated,1752,145.91666666666663,0.6173645721594433
transect,estimated,1753,146.0,0.618728779342203
transect,estimated,1754,146.08333333333337,0.6202688474378025
transect,estimated,1755,146.16666666666663,0.6195638173824716
transect,estimated,1756,146.25,0.6202150825274737
transect,estimated,1757,146.33333333333337,0.621456998729471
transect,estimated,1758,146.41666666666663,0.6207505999956352
transect,estimated,1759,146.5,0.621627016472911
transect,estimated,1760,146.58333333333337,0.6222493288557802
transect,estimated,1761,146.66666666666663,0.622767664571188
transect,estimated,1762,146.75,0.6231414513982756
transect,estimated,1763,146.83333333333337,0.6232233455970821
transect,estimated,1764,146.91666666666663,0.6238882517055768
transect,estimated,1765,147.0,0.6248167745628012
transect,estimated,1766,147.08333333333337,0.6245235125645172
transect,estimated,1767,147.16666666666663,0.6246504407529313
transect,estimated,1768,147.25,0.6251000485149226
transect,estimated,1769,147.33333333333337,0.6257432356794608
transect,estimated,1770,147.41666666666663,0.6255248915703021
transect,estimated,1771,147.5,0.6267191735956419
transect,estimated,1772,147.58333333333337,0.6268832778651536
transect,estimated,1773,147.66666666666663,0.6268086407195717
transect,estimated,1774,147.75,0.6276037919847611
transect,estimated,1775,147.83333333333337,0.6272579967693886
transect,estimated,1776,147.91666666666663,0.6268334068476882
transect,estimated,1777,148.0,0.6269357683300664
transect,estimated,1778,148.08333333333337,0.6278320870537075
transect,estimated,1779,148.16666666666663,0.6278317015179948
transect,estimated,1780,148.25,0.6282434561784421
transect,estimated,1781,148.33333333333337,0.6290678061178526
transect,estimated,1782,148.41666666666663,0.6292619309852624
transect,estimated,1783,148.5,0.6289526840295265
transect,estimated,1784,148.58333333333337,0.6298672508545657
transect,estimated,1785,148.66666666666663,0.6295269739954894
transect,estimated,1786,148.75,0.628857286198281
transect,estimated,1787,148.83333333333337,0.6287448084821927
transect,estimated,1788,148.91666666666663,0.6285076750500953
transect,estimated,1789,149.0,0.6290620437607588
transect,estimated,1790,149.08333333333337,0.6292232647742997
transect,estimated,1791,149.16666666666663,0.6291223740279193
transect,estimated,1792,149.25,0.6295445965441027
transect,estimated,1793,149.33333333333337,0.6303187371324493
transect,estimated,1794,149.41666666666663,0.6306407120317872
transect,estimated,1795,149.5,0.631163449280269
transect,estimated,1796,149.58333333333337,0.6307912121693569
transect,estimated,1797,149.66666666666663,0.6304800267173236
transect,estimated,1798,149.75,0.6304338330002183
transect,estimated,1799,149.83333333333337,0.6306479848298977
transect,estimated,1800,149.91666666666663,0.6308145625820912
transect,estimated,1801,150.0,0.6314074939132703
transect,estimated,1802,150.08333333333337,0.6317388650038939
transect,estimated,1803,150.16666666666663,0.6316524162510831
transect,estimated,1804,150.25,0.6315440812925736
transect,estimated,1805,150.33333333333337,0.6323258885685727
transect,estimated,1806,150.41666666666663,0.6325252341212547
transect,estimated,1807,150.5,0.6313996282013756
transect,estimated,1808,150.58333333333337,0.6320031480733495
transect,estimated,1809,150.66666666666663,0.6322267862753054
transect,estimated,1810,150.75,0.6320044647656171
transect,estimated,1811,150.83333333333337,0.6320617583069467
transect,estimated,1812,150.91666666666663,0.6304950434052239
transect,estimated,1813,151.0,0.6308600581350555
transect,estimated,1814,151.08333333333337,0.6316733605910516
transect,estimated,1815,151.16666666666663,0.6313290055590359
transect,estimated,1816,151.25,0.6301978755003789
transect,estimated,1817,151.33333333333337,0.6316236572725614
transect,estimated,1818,151.41666666666663,0.6310163548175888
transect,estimated,1819,151.5,0.6323023398584939
transect,estimated,1820,151.58333333333337,0.6322134425134335
transect,estimated,1821,151.66666666666663,0.6322421007917837
transect,estimated,1822,151.75,0.6304567357568346
transect,estimated,1823,151.83333333333337,0.6294570911817817
transect,estimated,1824,151.91666666666663,0.6299727322439819
transect,estimated,1825,152.0,0.6305731216197886
transect,estimated,1826,152.08333333333337,0.6307100468829205
transect,estimated,1827,152.16666666666663,0.630721615255059
transect,estimated,1828,152.25,0.6320782084278169
transect,estimated,1829,152.33333333333337,0.6318536973552821
transect,estimated,1830,152.41666666666663,0.63227870651192
transect,estimated,1831,152.5,0.6334202458100878
transect,estimated,1832,152.58333333333337,0.6339215266850395
transect,estimated,1833,152.66666666666663,0.6346046257810106
transect,estimated,1834,152.75,0.634564113514277
transect,estimated,1835,152.83333333333337,0.6350014898973957
transect,estimated,1836,152.91666666666663,0.6353981003480065
transect,estimated,1837,153.0,0.6367794936988362
transect,estimated,1838,153.08333333333337,0.6371347731524364
transect,estimated,1839,153.16666666666663,0.6368635987511573
transect,estimated,1840,153.25,0.6367655522887051
transect,estimated,1841,153.33333333333337,0.6375993203873385
transect,estimated,1842,153.41666666666663,0.6378899855912802
transect,estimated,1843,153.5,0.637793314539156
transect,estimated,1844,153.58333333333337,0.6382728859466663
transect,estimated,1845,153.66666666666663,0.6379498763145572
transect,estimated,1846,153.75,0.6382593315725144
transect,estimated,1847,153.83333333333337,0.6384290113989577
transect,estimated,1848,153.91666666666663,0.6383032015544547
transect,estimated,1849,154.0,0.6389016620035675
transect,estimated,1850,154.08333333333337,0.6391663127477981
transect,estimated,1851,154.16666666666663,0.6392819938286425
transect,estimated,1852,154.25,0.6395105527842077
transect,estimated,1853,154.33333333333337,0.6394292186827034
transect,estimated,1854,154.41666666666663,0.6399492137836952
transect,estimated,1855,154.5,0.6398191379957625
transect,estimated,1856,154.58333333333337,0.63978876073272
transect,estimated,1857,154.66666666666663,0.6401529806477576
transect,estimated,1858,154.75,0.6404321827357271
transect,estimated,1859,154.83333333333337,0.6402524698133458
transect,estimated,1860,154.91666666666663,0.6404404749293262
transect,estimated,1861,155.0,0.6403173012073571
transect,estimated,1862,155.08333333333337,0.6404858787951322
transect,estimated,1863,155.16666666666663,0.6399358812848709
transect,estimated,1864,155.25,0.640192718771316
transect,estimated,1865,155.33333333333337,0.640282861411487
transect,estimated,1866,155.41666666666663,0.6398314018064449
transect,estimated,1867,155.5,0.6399236684969153
transect,estimated,1868,155.58333333333337,0.6402720596270709
transect,estimated,1869,155.66666666666663,0.6401775164710831
transect,estimated,1870,155.75,0.6400344837435422
transect,estimated,1871,155.83333333333337,0.6400964224990053
transect,estimated,1872,155.91666666666663,0.6402559069067617
transect,estimated,1873,156.0,0.6400880280891185
transect,estimated,1874,156.08333333333337,0.6401653580118024
transect,estimated,1875,156.16666666666663,0.6401055420446802
transect,estimated,1876,156.25,0.6398663457075153
transect,estimated,1877,156.33333333333337,0.6396871634703565
transect,estimated,1878,156.41666666666663,0.6397716966883203
transect,estimated,1879,156.5,0.6398363316999358
transect,estimated,1880,156.58333333333337,0.6398445887417932
transect,estimated,1881,156.66666666666663,0.6395949526924471
transect,estimated,1882,156.75,0.6392759349708728
transect,estimated,1883,156.83333333333337,0.6392412671554197
transect,estimated,1884,156.91666666666663,0.6391387988887915
transect,estimated,1885,157.0,0.6389926939057164
transect,estimated,1886,157.08333333333337,0.6386996807049479
transect,estimated,1887,157.16666666666663,0.6384223462968263
transect,estimated,1888,157.25,0.6382161219798023
transect,estimated,1889,157.33333333333337,0.6380442290008929
transect,estimated,1890,157.41666666666663,0.6377704106713952
transect,estimated,1891,157.5,0.6374441038925065
transect,estimated,1892,157.58333333333337,0.6372252082160313
transect,estimated,1893,157.66666666666663,0.6370174613654322
transect,estimated,1894,157.75,0.6367843111761116
transect,estimated,1895,157.83333333333337,0.6366218255916348
transect,estimated,1896,157.91666666666663,0.6366091854292019
transect,estimated,1897,158.0,0.6365469296903731
transect,estimated,1898,158.08333333333337,0.6364243476198044
transect,estimated,1899,158.16666666666663,0.6363237457808281
transect,estimated,1900,158.25,0.636311448197831
transect,estimated,1901,158.33333333333337,0.6362479025570643
transect,estimated,1902,158.41666666666663,0.6361350226987001
transect,estimated,1903,158.5,0.6360455897103379
transect,estimated,1904,158.58333333333337,0.6360383984762211
transect,estimated,1905,158.66666666666663,0.6361546047878719
transect,estimated,1906,158.75,0.6361539021377813
transect,estimated,1907,158.83333333333337,0.6360398941709696
transect,estimated,1908,158.91666666666663,0.6360279860755368
transect,estimated,1909,159.0,0.6360018925102943
transect,estimated,1910,159.08333333333337,0.6361005759075758
transect,estimated,1911,159.16666666666663,0.6360084695504681
transect,estimated,1912,159.25,0.6359619650855549
transect,estimated,1913,159.33333333333337,0.6360645983371325
transect,estimated,1914,159.41666666666663,0.6361105035502256
transect,estimated,1915,159.5,0.6360474462400688
transect,estimated,1916,159.58333333333337,0.635937228233134
transect,estimated,1917,159.66666666666663,0.6358277924137438
transect,estimated,1918,159.75,0.6356422818832227
transect,estimated,1919,159.83333333333337,0.6356060016646013
transect,estimated,1920,159.91666666666663,0.6355132807542259
transect,estimated,1921,160.0,0.6356114934251651
transect,estimated,1922,160.08333333333337,0.6356022712717635
transect,estimated,1923,160.16666666666663,0.6355284252615513
transect,estimated,1924,160.25,0.6355286065859602
transect,estimated,1925,160.33333333333337,0.6355384198839166
transect,estimated,1926,160.41666666666663,0.6356343255458912
transect,estimated,1927,160.5,0.6356293475932023
transect,estimated,1928,160.58333333333337,0.6355007756671791
transect,estimated,1929,160.66666666666663,0.6355148953951439
transect,estimated,1930,160.75,0.6356714163385533
transect,estimated,1931,160.83333333333337,0.6358283668532365
transect,estimated,1932,160.91666666666663,0.6356602767780076
transect,estimated,1933,161.0,0.6358224223770663
transect,estimated,1934,161.08333333333337,0.6359384130324355
transect,estimated,1935,161.16666666666663,0.6362134591204781
transect,estimated,1936,161.25,0.6362015844890698
transect,estimated,1937,161.33333333333337,0.6361743041346453
transect,estimated,1938,161.41666666666663,0.6363506680226257
transect,estimated,1939,161.5,0.6363617885114231
transect,estimated,1940,161.58333333333337,0.6365181986706876
transect,estimated,1941,161.66666666666663,0.636392946655395
transect,estimated,1942,161.75,0.6363740085957235
transect,estimated,1943,161.83333333333337,0.6365047260120449
transect,estimated,1944,161.91666666666663,0.6364047400431617
transect,estimated,1945,162.0,0.6364272771431516
transect,estimated,1946,162.08333333333337,0.6365206980951335
transect,estimated,1947,162.16666666666663,0.6365044595265299
transect,estimated,1948,162.25,0.6367147135732544
transect,estimated,1949,162.33333333333337,0.6365969185107626
transect,estimated,1950,162.41666666666663,0.6365046590525909
transect,estimated,1951,162.5,0.6364191349774584
transect,estimated,1952,162.58333333333337,0.6366532244968212
transect,estimated,1953,162.66666666666663,0.6366202593502887
transect,estimated,1954,162.75,0.6365804825920527
transect,estimated,1955,162.83333333333337,0.6362679300403445
transect,estimated,1956,162.91666666666663,0.6360510463714873
transect,estimated,1957,163.0,0.6358628673132549
transect,estimated,1958,163.08333333333337,0.6358739286479211
transect,estimated,1959,163.16666666666663,0.6362872123292992
transect,estimated,1960,163.25,0.6364287693433848
transect,estimated,1961,163.33333333333337,0.6361699862601247
transect,estimated,1962,163.41666666666663,0.6360449724378111
transect,estimated,1963,163.5,0.635807976126547
transect,estimated,1964,163.58333333333337,0.6335650681636806
transect,estimated,1965,163.66666666666663,0.6345207106946286
transect,estimated,1966,163.75,0.6352250512385323
transect,estimated,1967,163.83333333333337,0.6351160242270406
transect,estimated,1968,163.91666666666663,0.6335001570944027
transect,estimated,1969,164.0,0.6314260846676423
transect,estimated,1970,164.08333333333337,0.6301800490199082
transect,estimated,1971,164.16666666666663,0.6300282934731498
transect,estimated,1972,164.25,0.6311686722340522
transect,estimated,1973,164.33333333333337,0.6326236612504481
transect,estimated,1974,164.41666666666663,0.6311609751339026
transect,estimated,1975,164.5,0.6302767926282422
transect,estimated,1976,164.58333333333337,0.6275398081575956
transect,estimated,1977,164.66666666666663,0.6266312795975116
transect,estimated,1978,164.75,0.6224598695165238
transect,estimated,1979,164.83333333333337,0.6225114202465232
transect,estimated,1980,164.91666666666663,0.6216117125195454
transect,estimated,1981,165.0,0.6189296726259652
transect,estimated,1982,165.08333333333337,0.6144854746167175
transect,estimated,1983,165.16666666666663,0.614088273939455
transect,estimated,1984,165.25,0.6129812807229281
transect,estimated,1985,165.33333333333337,0.6125251924480204
transect,estimated,1986,165.41666666666663,0.6086370921966596
transect,estimated,1987,165.5,0.6069374180399589
transect,estimated,1988,165.58333333333337,0.6100550818368463
transect,estimated,1989,165.66666666666663,0.6068522038502963
transect,estimated,1990,165.75,0.6039227723514518
transect,estimated,1991,165.83333333333337,0.6032063133091922
transect,estimated,1992,165.91666666666663,0.6037808997049547
transect,estimated,1993,166.0,0.6015425036637234
transect,estimated,1994,166.08333333333337,0.6025016732463471
transect,estimated,1995,166.16666666666663,0.6023950472151774
transect,estimated,1996,166.25,0.603465760098254
transect,estimated,1997,166.33333333333337,0.6023920209405959
transect,estimated,1998,166.41666666666663,0.601844696880956
transect,estimated,1999,166.5,0.6003211794181919
transect,estimated,2000,166.58333333333337,0.6016381505377183
transect,estimated,2001,166.66666666666663,0.6010665626055477
transect,estimated,2002,166.75,0.6004948131793523
transect,estimated,2003,166.83333333333337,0.6030884447300696
transect,estimated,2004,166.91666666666663,0.6019169016964974
transect,estimated,2005,167.0,0.602373483173391
transect,estimated,2006,167.08333333333337,0.6025549216832475
transect,estimated,2007,167.16666666666663,0.6061494623246997
transect,estimated,2008,167.25,0.6087895159958352
transect,estimated,2009,167.33333333333337,0.6128373505134805
transect,estimated,2010,167.41666666666663,0.6137786718814184
transect,estimated,2011,167.5,0.6147504993565304
transect,estimated,2012,167.58333333333337,0.6136648468486442
transect,estimated,2013,167.66666666666663,0.6160587337101998
transect,estimated,2014,167.75,0.6161593661671254
transect,estimated,2015,167.83333333333337,0.6145808178028941
transect,estimated,2016,167.91666666666663,0.6171475172939421
transect,estimated,2017,168.0,0.6168874481310399
transect,estimated,2018,168.08333333333337,0.6188014848214689
transect,estimated,2019,168.16666666666663,0.620872451560154
transect,estimated,2020,168.25,0.6220564864955413
transect,estimated,2021,168.33333333333337,0.6233272498794536
transect,estimated,2022,168.41666666666663,0.6236946457126626
transect,estimated,2023,168.5,0.6239914821825243
transect,estimated,2024,168.58333333333337,0.6236438714871976
transect,estimated,2025,168.66666666666663,0.624944060067419
transect,estimated,2026,168.75,0.6251859083034362
transect,estimated,2027,168.83333333333337,0.6256778404608888
transect,estimated,2028,168.91666666666663,0.6263275770336618
transect,estimated,2029,169.0,0.6256731016899292
transect,estimated,2030,169.08333333333337,0.625540444478547
transect,estimated,2031,169.16666666666663,0.6265524737698175
transect,estimated,2032,169.25,0.626147167300786
transect,estimated,2033,169.33333333333337,0.6253358316657569
transect,estimated,2034,169.41666666666663,0.625551325268334
transect,estimated,2035,169.5,0.6240105245502849
transect,estimated,2036,169.58333333333337,0.6237711134085839
transect,estimated,2037,169.66666666666663,0.6232379126024097
transect,estimated,2038,169.75,0.6250207697360525
transect,estimated,2039,169.83333333333337,0.623640236544189
transect,estimated,2040,169.91666666666663,0.6224278794318705
transect,estimated,2041,170.0,0.6233286655515491
transect,estimated,2042,170.08333333333337,0.6227085488339218
transect,estimated,2043,170.16666666666663,0.6227538307157201
transect,estimated,2044,170.25,0.6210402747369914
transect,estimated,2045,170.33333333333337,0.6220692749533114
transect,estimated,2046,170.41666666666663,0.6215021932080331
transect,estimated,2047,170.5,0.62387489282276
transect,estimated,2048,170.58333333333337,0.6213734431041651
transect,estimated,2049,170.66666666666663,0.6218083115415113
transect,estimated,2050,170.75,0.621654923778183
transect,estimated,2051,170.83333333333337,0.6222043510082296
transect,estimated,2052,170.91666666666663,0.6211336193089708
transect,estimated,2053,171.0,0.6215453964995933
transect,estimated,2054,171.08333333333337,0.6214226251469018
transect,estimated,2055,171.16666666666663,0.6225210639821764
transect,estimated,2056,171.25,0.623805843492464
transect,estimated,2057,171.33333333333337,0.623655675098122
transect,estimated,2058,171.41666666666663,0.6212154384659542
transect,estimated,2059,171.5,0.6226998798997169
transect,estimated,2060,171.58333333333337,0.6213897451384244
transect,estimated,2061,171.66666666666663,0.6234288268946345
transect,estimated,2062,171.75,0.6225125790352494
transect,estimated,2063,171.83333333333337,0.6233765752803478
transect,estimated,2064,171.91666666666663,0.6217372408720179
transect,estimated,2065,172.0,0.6221246778511444
transect,estimated,2066,172.08333333333337,0.621093142377898
transect,estimated,2067,172.16666666666663,0.6200763644800569
transect,estimated,2068,172.25,0.6196034917879801
transect,estimated,2069,172.33333333333337,0.6170348487746069
transect,estimated,2070,172.41666666666663,0.6167842677888253
transect,estimated,2071,172.5,0.6186391209045092
transect,estimated,2072,172.58333333333337,0.6158922200334823
transect,estimated,2073,172.66666666666663,0.6186998003050342
transect,estimated,2074,172.75,0.6153325150693332
transect,estimated,2075,172.83333333333337,0.6111508165888023
transect,estimated,2076,172.91666666666663,0.6119535834135444
transect,estimated,2077,173.0,0.6132559025074488
transect,estimated,2078,173.08333333333337,0.6111157230888651
transect,estimated,2079,173.16666666666663,0.6095495472309953
transect,estimated,2080,173.25,0.6038683151069293
transect,estimated,2081,173.33333333333337,0.6034835921335868
transect,estimated,2082,173.41666666666663,0.6036250216422164
transect,estimated,2083,173.5,0.6032868834002836
transect,estimated,2084,173.58333333333337,0.5996503569164382
transect,estimated,2085,173.66666666666663,0.5977925617223503
transect,estimated,2086,173.75,0.5999452432814141
transect,estimated,2087,173.83333333333337,0.5940895634583925
transect,estimated,2088,173.91666666666663,0.5927913022032372
transect,estimated,2089,174.0,0.5900684972899974
transect,estimated,2090,174.08333333333337,0.5883956702536509
transect,estimated,2091,174.16666666666663,0.5909172439928955
transect,estimated,2092,174.25,0.5909860047712097
transect,estimated,2093,174.33333333333337,0.5919753746737481
transect,estimated,2094,174.41666666666663,0.5883374526354648
transect,estimated,2095,174.5,0.5872684503047475
transect,estimated,2096,174.58333333333337,0.5887951638090214
transect,estimated,2097,174.66666666666663,0.5867899536853414
transect,estimated,2098,174.75,0.5861017339979763
transect,estimated,2099,174.83333333333337,0.5883711877746625
transect,estimated,2100,174.91666666666663,0.5882911007828387
transect,estimated,2101,175.0,0.5874535459959576
transect,estimated,2102,175.08333333333337,0.5893120799282523
transect,estimated,2103,175.16666666666663,0.5904655931861292
transect,estimated,2104,175.25,0.5884396954141652
transect,estimated,2105,175.33333333333337,0.5910494760396188
transect,estimated,2106,175.41666666666663,0.5921215053378885
transect,estimated,2107,175.5,0.5932507975491426
transect,estimated,2108,175.58333333333337,0.5946769193324255
transect,estimated,2109,175.66666666666663,0.5976103003916641
transect,estimated,2110,175.75,0.5976292502614011
transect,estimated,2111,175.83333333333337,0.5973951161095904
transect,estimated,2112,175.91666666666663,0.5992043406453641
transect,estimated,2113,176.0,0.6004829013964395
transect,estimated,2114,176.08333333333337,0.5997909160310281
transect,estimated,2115,176.16666666666663,0.6006453939437824
transect,estimated,2116,176.25,0.6001350801705131
transect,estimated,2117,176.33333333333337,0.6014519491657793
transect,estimated,2118,176.41666666666663,0.6029836888484204
transect,estimated,2119,176.5,0.6038498184205312
transect,estimated,2120,176.58333333333337,0.6050836476015481
transect,estimated,2121,176.66666666666663,0.6039957026800973
transect,estimated,2122,176.75,0.6046705912751201
transect,estimated,2123,176.83333333333337,0.6042942842840203
transect,estimated,2124,176.91666666666663,0.6049283600600982
transect,estimated,2125,177.0,0.6055935500296241
transect,estimated,2126,177.08333333333337,0.6056247595596361
transect,estimated,2127,177.16666666666663,0.606100719162544
transect,estimated,2128,177.25,0.605420392626489
transect,estimated,2129,177.33333333333337,0.6060752489885252
transect,estimated,2130,177.41666666666663,0.6068012882687496
transect,estimated,2131,177.5,0.6068813884570433
transect,estimated,2132,177.58333333333337,0.6068576871202405
transect,estimated,2133,177.66666666666663,0.6073061316666739
transect,estimated,2134,177.75,0.606899150751311
transect,estimated,2135,177.83333333333337,0.6069192615773349
transect,estimated,2136,177.91666666666663,0.6066968321714501
transect,estimated,2137,178.0,0.6060290517881405
transect,estimated,2138,178.08333333333337,0.6061324919216681
transect,estimated,2139,178.16666666666663,0.6068047788891971
transect,estimated,2140,178.25,0.6078019364954549
transect,estimated,2141,178.33333333333337,0.6087656472861148
transect,estimated,2142,178.41666666666663,0.6091680580047208
transect,estimated,2143,178.5,0.6095172049612074
transect,estimated,2144,178.58333333333337,0.6091548025823333
transect,estimated,2145,178.66666666666663,0.6088158645546989
transect,estimated,2146,178.75,0.6078935326715045
transect,estimated,2147,178.83333333333337,0.6077611948053573
transect,estimated,2148,178.91666666666663,0.6087506502723542
transect,estimated,2149,179.0,0.6085503749814841
transect,estimated,2150,179.08333333333337,0.6087418463138979
transect,estimated,2151,179.16666666666663,0.6084174045606601
transect,estimated,2152,179.25,0.6085787829362446
transect,estimated,2153,179.33333333333337,0.6100776378286701
transect,estimated,2154,179.41666666666663,0.6103147558915034
transect,estimated,2155,179.5,0.6087302869541186
transect,estimated,2156,179.58333333333337,0.6073024994615551
transect,estimated,2157,179.66666666666663,0.6089402564338804
transect,estimated,2158,179.75,0.6107466256568532
transect,estimated,2159,179.83333333333337,0.6123652983170144
transect,estimated,2160,179.91666666666663,0.6111151532340493
transect,estimated,2161,180.0,0.6114909865988429
transect,estimated,2162,180.08333333333337,0.6129600781886566
transect,estimated,2163,180.16666666666663,0.6143472486123591
transect,estimated,2164,180.25,0.6147511861715997
transect,estimated,2165,180.33333333333337,0.6144725432836823
transect,estimated,2166,180.41666666666663,0.6149342435699194
transect,estimated,2167,180.5,0.6156726120124797
transect,estimated,2168,180.58333333333337,0.6156070615150507
transect,estimated,2169,180.66666666666663,0.6149194786775402
transect,estimated,2170,180.75,0.6141067097344317
transect,estimated,2171,180.83333333333337,0.6159333670668209
transect,estimated,2172,180.91666666666663,0.6180995390790739
transect,estimated,2173,181.0,0.618891160071971
transect,estimated,2174,181.08333333333337,0.6188271975058066
transect,estimated,2175,181.16666666666663,0.6187969563660155
transect,estimated,2176,181.25,0.6193155567388556
transect,estimated,2177,181.33333333333337,0.6195205637584146
transect,estimated,2178,181.41666666666663,0.6197489789806879
transect,estimated,2179,181.5,0.6209838063097649
transect,estimated,2180,181.58333333333337,0.6207540966549476
transect,estimated,2181,181.66666666666663,0.6217299712534504
transect,estimated,2182,181.75,0.6215437523601743
transect,estimated,2183,181.83333333333337,0.622935672728306
transect,estimated,2184,181.91666666666663,0.623346001764596
transect,estimated,2185,182.0,0.6236176167987015
transect,estimated,2186,182.08333333333337,0.6239666451224058
transect,estimated,2187,182.16666666666663,0.6244296742316103
transect,estimated,2188,182.25,0.6253637724551085
transect,estimated,2189,182.33333333333337,0.6246660839818597
transect,estimated,2190,182.41666666666663,0.6252728458216957
transect,estimated,2191,182.5,0.6262049512506878
transect,estimated,2192,182.58333333333337,0.62555371930928
transect,estimated,2193,182.66666666666663,0.6255156330952151
transect,estimated,2194,182.75,0.6266641245151601
transect,estimated,2195,182.83333333333337,0.6267528245459332
transect,estimated,2196,182.91666666666663,0.6267583970563927
transect,estimated,2197,183.0,0.6265374452686899
transect,estimated,2198,183.08333333333337,0.6265800862981635
transect,estimated,2199,183.16666666666663,0.6273307480712744
transect,estimated,2200,183.25,0.6270871442566981
transect,estimated,2201,183.33333333333337,0.6278427585719285
transect,estimated,2202,183.41666666666663,0.6282151891261589
transect,estimated,2203,183.5,0.6280573382579407
transect,estimated,2204,183.58333333333337,0.6281460997783835
transect,estimated,2205,183.66666666666663,0.6291761484680738
transect,estimated,2206,183.75,0.6291501004767159
transect,estimated,2207,183.83333333333337,0.6293128701621766
transect,estimated,2208,183.91666666666663,0.6293290887552587
transect,estimated,2209,184.0,0.6299197207002707
transect,estimated,2210,184.08333333333337,0.6298006755457037
transect,estimated,2211,184.16666666666663,0.6296542804925345
transect,estimated,2212,184.25,0.6301216697267856
transect,estimated,2213,184.33333333333337,0.6302220451172976
transect,estimated,2214,184.41666666666663,0.6302578777574487
transect,estimated,2215,184.5,0.6305146160146184
transect,estimated,2216,184.58333333333337,0.6299631314906051
transect,estimated,2217,184.66666666666663,0.6304963898860991
transect,estimated,2218,184.75,0.6305522552659303
transect,estimated,2219,184.83333333333337,0.6307533954425384
transect,estimated,2220,184.91666666666663,0.6301401115735028
transect,estimated,2221,185.0,0.6307734721183087
transect,estimated,2222,185.08333333333337,0.6305063482260915
transect,estimated,2223,185.16666666666663,0.630634683716369
transect,estimated,2224,185.25,0.6309067108567978
transect,estimated,2225,185.33333333333337,0.6310155906851667
transect,estimated,2226,185.41666666666663,0.6308347745273645
transect,estimated,2227,185.5,0.6307541596066564
transect,estimated,2228,185.58333333333337,0.6308151162851382
transect,estimated,2229,185.66666666666663,0.6312569367107541
transect,estimated,2230,185.75,0.631352765373332
transect,estimated,2231,185.83333333333337,0.6314399047606097
transect,estimated,2232,185.91666666666663,0.6313687263890327
transect,estimated,2233,186.0,0.631589762059127
transect,estimated,2234,186.08333333333337,0.631791197554676
transect,estimated,2235,186.16666666666663,0.6315158602868757
transect,estimated,2236,186.25,0.6316236262685134
transect,estimated,2237,186.33333333333337,0.6312550270049536
transect,estimated,2238,186.41666666666663,0.6311890084856332
transect,estimated,2239,186.5,0.6312288805235556
transect,estimated,2240,186.58333333333337,0.6309113502051472
transect,estimated,2241,186.66666666666663,0.6307778893479091
transect,estimated,2242,186.75,0.6301034817153923
transect,estimated,2243,186.83333333333337,0.6302127306774117
transect,estimated,2244,186.91666666666663,0.6305885518704927
transect,estimated,2245,187.0,0.6310650666987965
transect,estimated,2246,187.08333333333337,0.6314403428618638
transect,estimated,2247,187.16666666666663,0.6314103926145362
transect,estimated,2248,187.25,0.6314241918717628
transect,estimated,2249,187.33333333333337,0.6308268394863885
transect,estimated,2250,187.41666666666663,0.6305600998512029
transect,estimated,2251,187.5,0.6304695907896145
transect,estimated,2252,187.58333333333337,0.6308564272625415
transect,estimated,2253,187.66666666666663,0.6312850516792438
transect,estimated,2254,187.75,0.6318787994376929
transect,estimated,2255,187.83333333333337,0.6319817835073107
transect,estimated,2256,187.91666666666663,0.6319149181565948
transect,estimated,2257,188.0,0.6323163924350094
transect,estimated,2258,188.08333333333337,0.6319440663146634
transect,estimated,2259,188.16666666666663,0.6324592329214865
transect,estimated,2260,188.25,0.6329731139713257
transect,estimated,2261,188.33333333333337,0.633474565954881
transect,estimated,2262,188.41666666666663,0.6335913761911931
transect,estimated,2263,188.5,0.6333218356051469
transect,estimated,2264,188.58333333333337,0.632914186069502
transect,estimated,2265,188.66666666666663,0.6340889982581531
transect,estimated,2266,188.75,0.6333207917872214
transect,estimated,2267,188.83333333333337,0.6319985347263447
transect,estimated,2268,188.91666666666663,0.6336929077628988
transect,estimated,2269,189.0,0.6337151607038977
transect,estimated,2270,189.08333333333337,0.6336999569595726
transect,estimated,2271,189.16666666666663,0.6339794746437016
transect,estimated,2272,189.25,0.6333703324599826
transect,estimated,2273,189.33333333333337,0.632349827014046
transect,estimated,2274,189.41666666666663,0.6336526538334388
transect,estimated,2275,189.5,0.6315769305494626
transect,estimated,2276,189.58333333333337,0.6317053644664158
transect,estimated,2277,189.66666666666663,0.630405093631521
transect,estimated,2278,189.75,0.6317131528215589
transect,estimated,2279,189.83333333333337,0.6302796251202718
transect,estimated,2280,189.91666666666663,0.6317434084006867
transect,estimated,2281,190.0,0.6319607326121769
transect,estimated,2282,190.08333333333337,0.6324842380727472
transect,estimated,2283,190.16666666666663,0.6325665154467847
transect,estimated,2284,190.25,0.6331375727909929
transect,estimated,2285,190.33333333333337,0.6315718908630863
transect,estimated,2286,190.41666666666663,0.6272281597432066
transect,estimated,2287,190.5,0.6263461854643291
transect,estimated,2288,190.58333333333337,0.6289985236105061
transect,estimated,2289,190.66666666666663,0.6284349848131177
transect,estimated,2290,190.75,0.6262590361802874
transect,estimated,2291,190.83333333333337,0.6242819824058716
transect,estimated,2292,190.91666666666663,0.6248294971244005
transect,estimated,2293,191.0,0.622346308659061
transect,estimated,2294,191.08333333333337,0.6244486229853414
transect,estimated,2295,191.16666666666663,0.6240504052708886
transect,estimated,2296,191.25,0.6231727075759989
transect,estimated,2297,191.33333333333337,0.6254238986556435
transect,estimated,2298,191.41666666666663,0.625685961990746
transect,estimated,2299,191.5,0.6248754981945086
transect,estimated,2300,191.58333333333337,0.6240545350444797
transect,estimated,2301,191.66666666666663,0.6213390663100601
transect,estimated,2302,191.75,0.6224104522827664
transect,estimated,2303,191.83333333333337,0.624396305233054
transect,estimated,2304,191.91666666666663,0.6264467186807273
transect,estimated,2305,192.0,0.6260072518481135
transect,estimated,2306,192.08333333333337,0.6274662683626062
transect,estimated,2307,192.16666666666663,0.6276835581112515
transect,estimated,2308,192.25,0.6294143217076738
transect,estimated,2309,192.33333333333337,0.6303140756252054
transect,estimated,2310,192.41666666666663,0.6305776461842006
transect,estimated,2311,192.5,0.6313801799318645
transect,estimated,2312,192.58333333333337,0.6307976948456568
transect,estimated,2313,192.66666666666663,0.6316388041789329
transect,estimated,2314,192.75,0.6317354179802657
transect,estimated,2315,192.83333333333337,0.6320603966954002
transect,estimated,2316,192.91666666666663,0.6332803444605655
transect,estimated,2317,193.0,0.6341025850445955
transect,estimated,2318,193.08333333333337,0.6349301731647692
transect,estimated,2319,193.16666666666663,0.6360439698206602
transect,estimated,2320,193.25,0.6359697057107548
transect,estimated,2321,193.33333333333337,0.636461980128638
transect,estimated,2322,193.41666666666663,0.6365647585535206
transect,estimated,2323,193.5,0.6369633263469061
transect,estimated,2324,193.58333333333337,0.6371439353998302
transect,estimated,2325,193.66666666666663,0.6379628232571876
transect,estimated,2326,193.75,0.6380040745598874
transect,estimated,2327,193.83333333333337,0.6387466952399596
transect,estimated,2328,193.91666666666663,0.6393016045330786
transect,estimated,2329,194.0,0.6395268922344387
transect,estimated,2330,194.08333333333337,0.6399943654988023
transect,estimated,2331,194.16666666666663,0.6401747736127401
transect,estimated,2332,194.25,0.6404584093291111
transect,estimated,2333,194.33333333333337,0.6405641638862634
transect,estimated,2334,194.41666666666663,0.6413491267452992
transect,estimated,2335,194.5,0.6416798363629654
transect,estimated,2336,194.58333333333337,0.641682086089209
transect,estimated,2337,194.66666666666663,0.6419533808368831
transect,estimated,2338,194.75,0.6422748558547271
transect,estimated,2339,194.83333333333337,0.6426362564806051
transect,estimated,2340,194.91666666666663,0.6424882135110201
transect,estimated,2341,195.0,0.6426931740152386
transect,estimated,2342,195.08333333333337,0.6430294656892473
transect,estimated,2343,195.16666666666663,0.6430019799796346
transect,estimated,2344,195.25,0.643047147327495
transect,estimated,2345,195.33333333333337,0.6431034066967524
transect,estimated,2346,195.41666666666663,0.6435055656936335
transect,estimated,2347,195.5,0.6434829382620381
transect,estimated,2348,195.58333333333337,0.6437253601232894
transect,estimated,2349,195.66666666666663,0.6435424739293458
transect,estimated,2350,195.75,0.6435710278831801
transect,estimated,2351,195.83333333333337,0.6436630622123106
transect,estimated,2352,195.91666666666663,0.6439065987014939
transect,estimated,2353,196.0,0.6438061744541438
transect,estimated,2354,196.08333333333337,0.6435987169384703
transect,estimated,2355,196.16666666666663,0.643598708037572
transect,estimated,2356,196.25,0.6438118563683679
transect,estimated,2357,196.33333333333337,0.6438796258165056
transect,estimated,2358,196.41666666666663,0.6437766719465166
transect,estimated,2359,196.5,0.6437261357763877
transect,estimated,2360,196.58333333333337,0.643664369356394
transect,estimated,2361,196.66666666666663,0.6436267335900977
transect,estimated,2362,196.75,0.643323573784866
transect,estimated,2363,196.83333333333337,0.6433164967327771
transect,estimated,2364,196.91666666666663,0.6431418956209254
transect,estimated,2365,197.0,0.6428654277286266
transect,estimated,2366,197.08333333333337,0.6426884263516071
transect,estimated,2367,197.16666666666663,0.6424487379385996
transect,estimated,2368,197.25,0.6421366400835774
transect,estimated,2369,197.33333333333337,0.6418782387987638
transect,estimated,2370,197.41666666666663,0.6416360973448769
transect,estimated,2371,197.5,0.6413669179161468
transect,estimated,2372,197.58333333333337,0.6411463066129597
transect,estimated,2373,197.66666666666663,0.6408550287429086
transect,estimated,2374,197.75,0.6408958107150443
transect,estimated,2375,197.83333333333337,0.6406447581074384
transect,estimated,2376,197.91666666666663,0.64047192704924
transect,estimated,2377,198.0,0.6404022939564019
transect,estimated,2378,198.08333333333337,0.6405213000089267
transect,estimated,2379,198.16666666666663,0.6403925717587861
transect,estimated,2380,198.25,0.6403976977151933
transect,estimated,2381,198.33333333333337,0.6406031431569601
transect,estimated,2382,198.41666666666663,0.6405692326590022
transect,estimated,2383,198.5,0.6404647520290491
transect,estimated,2384,198.58333333333337,0.6402897904629109
transect,estimated,2385,198.66666666666663,0.640217307168008
transect,estimated,2386,198.75,0.6405365198760972
transect,estimated,2387,198.83333333333337,0.640487306576024
transect,estimated,2388,198.91666666666663,0.6402255021469754
transect,estimated,2389,199.0,0.6400946430084868
transect,estimated,2390,199.08333333333337,0.6403708519198137
transect,estimated,2391,199.16666666666663,0.6404424066535715
transect,estimated,2392,199.25,0.6402402697226763
transect,estimated,2393,199.33333333333337,0.6401916947054437
transect,estimated,2394,199.41666666666663,0.6402979175679386
transect,estimated,2395,199.5,0.6405175555950899
transect,estimated,2396,199.58333333333337,0.6403815414200065
transect,estimated,2397,199.66666666666663,0.640178809454467
transect,estimated,2398,199.75,0.6399842748668917
transect,estimated,2399,199.83333333333337,0.6400330022391216
transect,estimated,2400,199.91666666666663,0.6400055652597126
transect,estimated,2401,200.0,0.6399944193679956
transect,estimated,2402,200.08333333333337,0.6401664351776394
transect,estimated,2403,200.16666666666663,0.6400817771807376
transect,estimated,2404,200.25,0.6400416953294543
transect,estimated,2405,200.33333333333337,0.6399687501406116
transect,estimated,2406,200.41666666666663,0.640103948612589
transect,estimated,2407,200.5,0.6397581976653104
transect,estimated,2408,200.58333333333337,0.6398547129617996
transect,estimated,2409,200.66666666666663,0.6396297891698323
transect,estimated,2410,200.75,0.6394763955608923
transect,estimated,2411,200.83333333333337,0.6392503462646578
transect,estimated,2412,200.91666666666663,0.6393708281358946
transect,estimated,2413,201.0,0.6392785025130505
transect,estimated,2414,201.08333333333337,0.6390622755966321
transect,estimated,2415,201.16666666666663,0.6388692785212298
transect,estimated,2416,201.25,0.6387999184986296
transect,estimated,2417,201.33333333333337,0.6389315697083237
transect,estimated,2418,201.41666666666663,0.6387712816389539
transect,estimated,2419,201.5,0.6386111017437271
transect,estimated,2420,201.58333333333337,0.6384457162009256
transect,estimated,2421,201.66666666666663,0.6386293399572945
transect,estimated,2422,201.75,0.6384144281525299
transect,estimated,2423,201.83333333333337,0.63802026895314
transect,estimated,2424,201.91666666666663,0.6378162535347451
transect,estimated,2425,202.0,0.6377245512862186
transect,estimated,2426,202.08333333333337,0.6376398561490185
transect,estimated,2427,202.16666666666663,0.6372761337477073
transect,estimated,2428,202.25,0.6372039475881232
transect,estimated,2429,202.33333333333337,0.6372456166354419
transect,estimated,2430,202.41666666666663,0.6372338527008038
transect,estimated,2431,202.5,0.6371935228433717
transect,estimated,2432,202.58333333333337,0.6370528981872532
transect,estimated,2433,202.66666666666663,0.6369277337818945
transect,estimated,2434,202.75,0.6367377840437743
transect,estimated,2435,202.83333333333337,0.6366218941785273
transect,estimated,2436,202.91666666666663,0.6363337133522219
transect,estimated,2437,203.0,0.636193583526819
transect,estimated,2438,203.08333333333337,0.6361275306671186
transect,estimated,2439,203.16666666666663,0.6359770059960232
transect,estimated,2440,203.25,0.6356275014173656
transect,estimated,2441,203.33333333333337,0.635345812476886
transect,estimated,2442,203.41666666666663,0.6351645001162414
transect,estimated,2443,203.5,0.6349345051462224
transect,estimated,2444,203.58333333333337,0.6345692231778274
transect,estimated,2445,203.66666666666663,0.6342714104958777
transect,estimated,2446,203.75,0.6340155004078301
transect,estimated,2447,203.83333333333337,0.6338291434961899
transect,estimated,2448,203.91666666666663,0.6335410864057319
transect,estimated,2449,204.0,0.6332069588921553
transect,estimated,2450,204.08333333333337,0.6330785039192083
transect,estimated,2451,204.16666666666663,0.6328793691954194
transect,estimated,2452,204.25,0.6328116050213208
transect,estimated,2453,204.33333333333337,0.632681779207475
transect,estimated,2454,204.41666666666663,0.6327002711398351
transect,estimated,2455,204.5,0.6325121699264392
transect,estimated,2456,204.58333333333337,0.6323699867529601
transect,estimated,2457,204.66666666666663,0.6321789474476568
transect,estimated,2458,204.75,0.6320593410013633
transect,estimated,2459,204.83333333333337,0.6322640141230317
transect,estimated,2460,204.91666666666663,0.6321953898073491
transect,estimated,2461,205.0,0.6320044549250927
transect,estimated,2462,205.08333333333337,0.6321745777359115
transect,estimated,2463,205.16666666666663,0.6321041284682049
transect,estimated,2464,205.25,0.6317985338739358
transect,estimated,2465,205.33333333333337,0.6320867735560745
transect,estimated,2466,205.41666666666663,0.6320179628918756
transect,estimated,2467,205.5,0.63228995942945
transect,estimated,2468,205.58333333333337,0.632056927197038
transect,estimated,2469,205.66666666666663,0.6323332618729542
transect,estimated,2470,205.75,0.6321393529225228
transect,estimated,2471,205.83333333333337,0.6322127265925956
transect,estimated,2472,205.91666666666663,0.632050066482368
transect,estimated,2473,206.0,0.6321148690304648
transect,estimated,2474,206.08333333333337,0.6321217265948927
transect,estimated,2475,206.16666666666663,0.6320639350042249
transect,estimated,2476,206.25,0.6320569991002599
transect,estimated,2477,206.33333333333337,0.6316517918796704
transect,estimated,2478,206.41666666666663,0.6308250146436299
transect,estimated,2479,206.5,0.6301543963213431
transect,estimated,2480,206.58333333333337,0.6301678263651734
transect,estimated,2481,206.66666666666663,0.6299809597481328
transect,estimated,2482,206.75,0.6285826276476195
transect,estimated,2483,206.83333333333337,0.6288209541563877
transect,estimated,2484,206.91666666666663,0.628165632653014
transect,estimated,2485,207.0,0.6276968728989394
transect,estimated,2486,207.08333333333337,0.6277915239707056
transect,estimated,2487,207.16666666666663,0.6257122418355493
transect,estimated,2488,207.25,0.6249176903582576
transect,estimated,2489,207.33333333333337,0.6236146791637844
transect,estimated,2490,207.41666666666663,0.6205323616682948
transect,estimated,2491,207.5,0.6207072372235483
transect,estimated,2492,207.58333333333337,0.6189191727783148
transect,estimated,2493,207.66666666666663,0.616747727680954
transect,estimated,2494,207.75,0.6148171319168327
transect,estimated,2495,207.83333333333337,0.6101874133105468
transect,estimated,2496,207.91666666666663,0.606907983971718
transect,estimated,2497,208.0,0.6048047884006622
transect,estimated,2498,208.08333333333337,0.6094147063450478
transect,estimated,2499,208.16666666666663,0.604917005307441
transect,estimated,2500,208.25,0.603713573028998
transect,estimated,2501,208.33333333333337,0.6029038104419066
transect,estimated,2502,208.41666666666663,0.6047110497427217
transect,estimated,2503,208.5,0.6008054076334741
transect,estimated,2504,208.58333333333337,0.6032436665410694
transect,estimated,2505,208.66666666666663,0.6014677178124052
transect,estimated,2506,208.75,0.6014363119040987
transect,estimated,2507,208.83333333333337,0.5993212002292038
transect,estimated,2508,208.91666666666663,0.5991375513371439
transect,estimated,2509,209.0,0.6000405829605036
transect,estimated,2510,209.08333333333337,0.5959651826603369
transect,estimated,2511,209.16666666666663,0.5993721392367557
transect,estimated,2512,209.25,0.6018951325436129
transect,estimated,2513,209.33333333333337,0.606504914268441
transect,estimated,2514,209.41666666666663,0.6053682532518689
transect,estimated,2515,209.5,0.6085340560577056
transect,estimated,2516,209.58333333333337,0.6092275224007218
transect,estimated,2517,209.66666666666663,0.6092592830994442
transect,estimated,2518,209.75,0.6092702444024832
transect,estimated,2519,209.83333333333337,0.6128663950478551
transect,estimated,2520,209.91666666666663,0.6129893984302779
transect,estimated,2521,210.0,0.614240307053868
transect,estimated,2522,210.08333333333337,0.6148585654585124
transect,estimated,2523,210.16666666666663,0.6156920781264998
transect,estimated,2524,210.25,0.6168501380176346
transect,estimated,2525,210.33333333333337,0.6180446110119043
transect,estimated,2526,210.41666666666663,0.616744723329465
transect,estimated,2527,210.5,0.6172367430037953
transect,estimated,2528,210.58333333333337,0.6190211811096997
transect,estimated,2529,210.66666666666663,0.6203725018213239
transect,estimated,2530,210.75,0.6206327418194265
transect,estimated,2531,210.83333333333337,0.6212207972082587
transect,estimated,2532,210.91666666666663,0.6213545688840706
transect,estimated,2533,211.0,0.6218818726586691
transect,estimated,2534,211.08333333333337,0.6220093200555543
transect,estimated,2535,211.16666666666663,0.6221584009874149
transect,estimated,2536,211.25,0.6225393151272326
transect,estimated,2537,211.33333333333337,0.622931011955321
transect,estimated,2538,211.41666666666663,0.6236590568499264
transect,estimated,2539,211.5,0.6233079051099361
transect,estimated,2540,211.58333333333337,0.6231115789885951
transect,estimated,2541,211.66666666666663,0.6228276970013397
transect,estimated,2542,211.75,0.6232929569308328
transect,estimated,2543,211.83333333333337,0.6233460161633974
transect,estimated,2544,211.91666666666663,0.6245521895467585
transect,estimated,2545,212.0,0.6250083288885243
transect,estimated,2546,212.08333333333337,0.6252812550070866
transect,estimated,2547,212.16666666666663,0.6256073799786913
transect,estimated,2548,212.25,0.6260628376482511
transect,estimated,2549,212.33333333333337,0.6258932450040384
transect,estimated,2550,212.41666666666663,0.626786211311965
transect,estimated,2551,212.5,0.6261553162288171
transect,estimated,2552,212.58333333333337,0.6267521868247191
transect,estimated,2553,212.66666666666663,0.6262298453278491
transect,estimated,2554,212.75,0.6259913287961331
transect,estimated,2555,212.83333333333337,0.626661246175933
transect,estimated,2556,212.91666666666663,0.6269093870011446
transect,estimated,2557,213.0,0.6272520194622715
transect,estimated,2558,213.08333333333337,0.6270929673845824
transect,estimated,2559,213.16666666666663,0.6277462469108085
transect,estimated,2560,213.25,0.6280320322279249
transect,estimated,2561,213.33333333333337,0.6278108351353165
transect,estimated,2562,213.41666666666663,0.628481657809626
transect,estimated,2563,213.5,0.627070524573337
transect,estimated,2564,213.58333333333337,0.6277610169931785
transect,estimated,2565,213.66666666666663,0.6282114945905641
transect,estimated,2566,213.75,0.6289191222936094
transect,estimated,2567,213.83333333333337,0.6277298877561992
transect,estimated,2568,213.91666666666663,0.6256887370845485
transect,estimated,2569,214.0,0.6243487093625198
transect,estimated,2570,214.08333333333337,0.6244243644115094
transect,estimated,2571,214.16666666666663,0.6218064380075997
transect,estimated,2572,214.25,0.6220873789418232
transect,estimated,2573,214.33333333333337,0.6215968000172163
transect,estimated,2574,214.41666666666663,0.6250083103246146
transect,estimated,2575,214.5,0.6242753841696896
transect,estimated,2576,214.58333333333337,0.6220230334378306
transect,estimated,2577,214.66666666666663,0.6229792760986664
transect,estimated,2578,214.75,0.6218261930593793
transect,estimated,2579,214.83333333333337,0.6193678122224769
transect,estimated,2580,214.91666666666663,0.6226660161370109
transect,estimated,2581,215.0,0.6203699547885692
transect,estimated,2582,215.08333333333337,0.6206709746882104
transect,estimated,2583,215.16666666666663,0.621785199756777
transect,estimated,2584,215.25,0.6214122925505073
transect,estimated,2585,215.33333333333337,0.6238114721076671
transect,estimated,2586,215.41666666666663,0.6243008478177745
transect,estimated,2587,215.5,0.625847244758136
transect,estimated,2588,215.58333333333337,0.6259289415698458
transect,estimated,2589,215.66666666666663,0.6257588425800099
transect,estimated,2590,215.75,0.626591697169896
transect,estimated,2591,215.83333333333337,0.6266655258678355
transect,estimated,2592,215.91666666666663,0.6274325634039071
transect,estimated,2593,216.0,0.6287869746234356
transect,estimated,2594,216.08333333333337,0.6302102292999893
transect,estimated,2595,216.16666666666663,0.6307545402091066
transect,estimated,2596,216.25,0.6302028674541411
transect,estimated,2597,216.33333333333337,0.6298935426346521
transect,estimated,2598,216.41666666666663,0.6316637742788002
transect,estimated,2599,216.5,0.63303398247393
transect,estimated,2600,216.58333333333337,0.6338561113210537
transect,estimated,2601,216.66666666666663,0.6342110657653116
transect,estimated,2602,216.75,0.6335721179487418
transect,estimated,2603,216.83333333333337,0.6330595088003687
transect,estimated,2604,216.91666666666663,0.6334318818823915
transect,estimated,2605,217.0,0.6341224221237791
transect,estimated,2606,217.08333333333337,0.6342143869661494
transect,estimated,2607,217.16666666666663,0.6349878123953592
transect,estimated,2608,217.25,0.6355037411921982
transect,estimated,2609,217.33333333333337,0.6369853643488723
transect,estimated,2610,217.41666666666663,0.6376393419611208
transect,estimated,2611,217.5,0.637269341275789
transect,estimated,2612,217.58333333333337,0.6370047448399636
transect,estimated,2613,217.66666666666663,0.6373176655128319
transect,estimated,2614,217.75,0.6378016256004024
transect,estimated,2615,217.83333333333337,0.6381953796088432
transect,estimated,2616,217.91666666666663,0.6382512436201526
transect,estimated,2617,218.0,0.6390752980994782
transect,estimated,2618,218.08333333333337,0.6389219409869367
transect,estimated,2619,218.16666666666663,0.6390096283587416
transect,estimated,2620,218.25,0.6389215821162247
transect,estimated,2621,218.33333333333337,0.6390140919034429
transect,estimated,2622,218.41666666666663,0.6392504790121788
transect,estimated,2623,218.5,0.6394807185827093
transect,estimated,2624,218.58333333333337,0.6398198565215094
transect,estimated,2625,218.66666666666663,0.639767496663236
transect,estimated,2626,218.75,0.6396433471560536
transect,estimated,2627,218.83333333333337,0.6401177467780466
transect,estimated,2628,218.91666666666663,0.6397433187178545
transect,estimated,2629,219.0,0.6399700112233817
transect,estimated,2630,219.08333333333337,0.6398907155485412
transect,estimated,2631,219.16666666666663,0.639946934129411
transect,estimated,2632,219.25,0.6399078358878802
transect,estimated,2633,219.33333333333337,0.6400413892593145
transect,estimated,2634,219.41666666666663,0.6401784965594006
transect,estimated,2635,219.5,0.64022769008646
transect,estimated,2636,219.58333333333337,0.6401840869696312
transect,estimated,2637,219.66666666666663,0.6401029305142173
transect,estimated,2638,219.75,0.6399860643957579
transect,estimated,2639,219.83333333333337,0.6400978043128447
transect,estimated,2640,219.91666666666663,0.6400192787117255
transect,estimated,2641,220.0,0.6398399237637196
transect,estimated,2642,220.08333333333337,0.6397078483206136
transect,estimated,2643,220.16666666666663,0.639477469649794
transect,estimated,2644,220.25,0.6392825402344714
transect,estimated,2645,220.33333333333337,0.6391344719265724
transect,estimated,2646,220.41666666666663,0.6390332879336115
transect,estimated,2647,220.5,0.6391115358914691
transect,estimated,2648,220.58333333333337,0.6389446908481591
transect,estimated,2649,220.66666666666663,0.6386694866875563
transect,estimated,2650,220.75,0.6384460615022681
transect,estimated,2651,220.83333333333337,0.6383023450559931
transect,estimated,2652,220.91666666666663,0.6381062788201214
transect,estimated,2653,221.0,0.6377110277018618
transect,estimated,2654,221.08333333333337,0.6374125199605881
transect,estimated,2655,221.16666666666663,0.6371693823556334
transect,estimated,2656,221.25,0.6369409037422566
transect,estimated,2657,221.33333333333337,0.6367577974625442
transect,estimated,2658,221.41666666666663,0.636569407070628
transect,estimated,2659,221.5,0.6364363041527958
transect,estimated,2660,221.58333333333337,0.6363286247673744
transect,estimated,2661,221.66666666666663,0.6362085651913562
transect,estimated,2662,221.75,0.6360966787982734
transect,estimated,2663,221.83333333333337,0.6360681205103311
transect,estimated,2664,221.91666666666663,0.6359662438328437
transect,estimated,2665,222.0,0.635904323163916
transect,estimated,2666,222.08333333333337,0.6357696676506382
transect,estimated,2667,222.16666666666663,0.6358142670831133
transect,estimated,2668,222.25,0.635858602168525
transect,estimated,2669,222.33333333333337,0.6357986013068678
transect,estimated,2670,222.41666666666663,0.6356422344295122
transect,estimated,2671,222.5,0.6357761022390842
transect,estimated,2672,222.58333333333337,0.6358339715331618
transect,estimated,2673,222.66666666666663,0.6359434197667299
transect,estimated,2674,222.75,0.6358439022412716
transect,estimated,2675,222.83333333333337,0.6357471558142621
transect,estimated,2676,222.91666666666663,0.6357608049798467
transect,estimated,2677,223.0,0.6357434468019564
transect,estimated,2678,223.08333333333337,0.635785022198629
transect,estimated,2679,223.16666666666663,0.6356166294963412
transect,estimated,2680,223.25,0.6354361978215033
transect,estimated,2681,223.33333333333337,0.6354342759605205
transect,estimated,2682,223.41666666666663,0.6353765988518563
transect,estimated,2683,223.5,0.6351188726980392
transect,estimated,2684,223.58333333333337,0.6350754988803108
transect,estimated,2685,223.66666666666663,0.6351446164085681
transect,estimated,2686,223.75,0.6349725226031917
transect,estimated,2687,223.83333333333337,0.6349037797372115
transect,estimated,2688,223.91666666666663,0.6350664507669088
transect,estimated,2689,224.0,0.6351252024111352
transect,estimated,2690,224.08333333333337,0.635197969395068
transect,estimated,2691,224.16666666666663,0.63512304224342
transect,estimated,2692,224.25,0.6348904450443161
transect,estimated,2693,224.33333333333337,0.6349849840124242
transect,estimated,2694,224.41666666666663,0.6352717960421116
transect,estimated,2695,224.5,0.6351571419800561
transect,estimated,2696,224.58333333333337,0.6350379546753342
transect,estimated,2697,224.66666666666663,0.6349472215958633
transect,estimated,2698,224.75,0.6352918939809984
transect,estimated,2699,224.83333333333337,0.6352131926430793
transect,estimated,2700,224.91666666666663,0.6348996257784139
transect,estimated,2701,225.0,0.6349292637316114
transect,estimated,2702,225.08333333333337,0.6350144532598271
transect,estimated,2703,225.16666666666663,0.6350031452104592
transect,estimated,2704,225.25,0.6349731552320163
transect,estimated,2705,225.33333333333337,0.6348893872510444
transect,estimated,2706,225.41666666666663,0.6350866156770276
transect,estimated,2707,225.5,0.6353327903082427
transect,estimated,2708,225.58333333333337,0.6352223369202247
transect,estimated,2709,225.66666666666663,0.6354948471596173
transect,estimated,2710,225.75,0.6355922117090632
transect,estimated,2711,225.83333333333337,0.6352572183402235
transect,estimated,2712,225.91666666666663,0.6348423491935297
transect,estimated,2713,226.0,0.6347854588537538
transect,estimated,2714,226.08333333333337,0.6347118426921792
transect,estimated,2715,226.16666666666663,0.6333336257548634
transect,estimated,2716,226.25,0.6322060212052947
transect,estimated,2717,226.33333333333337,0.6319963725339769
transect,estimated,2718,226.41666666666663,0.6333072415725025
transect,estimated,2719,226.5,0.6353323250339951
transect,estimated,2720,226.58333333333337,0.6357171637381179
transect,estimated,2721,226.66666666666663,0.6355376012089471
transect,estimated,2722,226.75,0.6349688063077159
transect,estimated,2723,226.83333333333337,0.6349425099693174
transect,estimated,2724,226.91666666666663,0.635307755523039
transect,estimated,2725,227.0,0.6360910995872294
transect,estimated,2726,227.08333333333337,0.6366231318448529
transect,estimated,2727,227.16666666666663,0.6366147300747534
transect,estimated,2728,227.25,0.6372623504832801
transect,estimated,2729,227.33333333333337,0.636503219784921
transect,estimated,2730,227.41666666666663,0.6367815616128775
transect,estimated,2731,227.5,0.6373990306882391
transect,estimated,2732,227.58333333333337,0.6366571297452669
transect,estimated,2733,227.66666666666663,0.6358792871656606
transect,estimated,2734,227.75,0.6365114369034917
transect,estimated,2735,227.83333333333337,0.6358451680568491
transect,estimated,2736,227.91666666666663,0.6350543357474997
transect,estimated,2737,228.0,0.6364599782651548
transect,estimated,2738,228.08333333333337,0.6349397266158524
transect,estimated,2739,228.16666666666663,0.634728815650944
transect,estimated,2740,228.25,0.634150372374962
transect,estimated,2741,228.33333333333337,0.6326357788475977
transect,estimated,2742,228.41666666666663,0.6338002907739927
transect,estimated,2743,228.5,0.6339532129367333
transect,estimated,2744,228.58333333333337,0.6333029217851928
transect,estimated,2745,228.66666666666663,0.6298708818414971
transect,estimated,2746,228.75,0.6283445196421041
transect,estimated,2747,228.83333333333337,0.6248273006255277
transect,estimated,2748,228.91666666666663,0.6223965293182621
transect,estimated,2749,229.0,0.6273228783002482
transect,estimated,2750,229.08333333333337,0.6253019871160161
transect,estimated,2751,229.16666666666663,0.621844049890795
transect,estimated,2752,229.25,0.6213616139778236
transect,estimated,2753,229.33333333333337,0.6224179805154141
transect,estimated,2754,229.41666666666663,0.6176958612777382
transect,estimated,2755,229.5,0.6144258813891229
transect,estimated,2756,229.58333333333337,0.6140659978520637
transect,estimated,2757,229.66666666666663,0.6144627024083718
transect,estimated,2758,229.75,0.6160005022717129
transect,estimated,2759,229.83333333333337,0.61672544128691
transect,estimated,2760,229.91666666666663,0.6185680534595273
transect,estimated,2761,230.0,0.6144854794726695
transect,estimated,2762,230.08333333333337,0.6120862301020115
transect,estimated,2763,230.16666666666663,0.6148675330785642
transect,estimated,2764,230.25,0.6123143005003884
transect,estimated,2765,230.33333333333337,0.6133368378016613
transect,estimated,2766,230.41666666666663,0.6153947206091333
transect,estimated,2767,230.5,0.6183303117869149
transect,estimated,2768,230.58333333333337,0.619690329077476
transect,estimated,2769,230.66666666666663,0.6181289654922136
transect,estimated,2770,230.75,0.6160104103905762
transect,estimated,2771,230.83333333333337,0.6197649548807532
transect,estimated,2772,230.91666666666663,0.6208674935531406
transect,estimated,2773,231.0,0.6222447424663444
transect,estimated,2774,231.08333333333337,0.6227303950335253
transect,estimated,2775,231.16666666666663,0.622286402261746
transect,estimated,2776,231.25,0.6229901108514833
transect,estimated,2777,231.33333333333337,0.6241675718407033
transect,estimated,2778,231.41666666666663,0.6261632166684434
transect,estimated,2779,231.5,0.6271360611388117
transect,estimated,2780,231.58333333333337,0.6271141165906842
transect,estimated,2781,231.66666666666663,0.6283060089587854
transect,estimated,2782,231.75,0.6290267996241333
transect,estimated,2783,231.83333333333337,0.6301118429950431
transect,estimated,2784,231.91666666666663,0.630205025710031
transect,estimated,2785,232.0,0.6304327515937658
transect,estimated,2786,232.08333333333337,0.6304603555353127
transect,estimated,2787,232.16666666666663,0.630642173343838
transect,estimated,2788,232.25,0.6309511210616613
transect,estimated,2789,232.33333333333337,0.6314519805436578
transect,estimated,2790,232.41666666666663,0.6321443498526866
transect,estimated,2791,232.5,0.6323530874308336
transect,estimated,2792,232.58333333333337,0.6321984101664109
transect,estimated,2793,232.66666666666663,0.6316973758896028
transect,estimated,2794,232.75,0.6312731725675365
transect,estimated,2795,232.83333333333337,0.6314943667004085
transect,estimated,2796,232.91666666666663,0.6316221898827139
transect,estimated,2797,233.0,0.6308207591467963
transect,estimated,2798,233.08333333333337,0.6306063423275715
transect,estimated,2799,233.16666666666663,0.6308329141967459
transect,estimated,2800,233.25,0.6309857278300179
transect,estimated,2801,233.33333333333337,0.6308053392620869
transect,estimated,2802,233.41666666666663,0.6303142001918107
transect,estimated,2803,233.5,0.6316164871544895
transect,estimated,2804,233.58333333333337,0.6312500323066994
transect,estimated,2805,233.66666666666663,0.6320370045531601
transect,estimated,2806,233.75,0.6322284843585655
transect,estimated,2807,233.83333333333337,0.6326403880403088
transect,estimated,2808,233.91666666666663,0.6327339586306446
transect,estimated,2809,234.0,0.6326772092706516
transect,estimated,2810,234.08333333333337,0.6327374621635505
transect,estimated,2811,234.16666666666663,0.6341186387066313
transect,estimated,2812,234.25,0.6339239515024421
transect,estimated,2813,234.33333333333337,0.633849298966443
transect,estimated,2814,234.41666666666663,0.633477231722487
transect,estimated,2815,234.5,0.632922534977923
transect,estimated,2816,234.58333333333337,0.6333033725600091
transect,estimated,2817,234.66666666666663,0.6330075553583899
transect,estimated,2818,234.75,0.6330172109096439
transect,estimated,2819,234.83333333333337,0.6341117173206864
transect,estimated,2820,234.91666666666663,0.6345465207862461
transect,estimated,2821,235.0,0.6342969491101033
transect,estimated,2822,235.08333333333337,0.6344923215622196
transect,estimated,2823,235.16666666666663,0.6348659120952468
transect,estimated,2824,235.25,0.6349561319875843
transect,estimated,2825,235.33333333333337,0.6349340714320006
transect,estimated,2826,235.41666666666663,0.6352648050279434
transect,estimated,2827,235.5,0.6356140240469215
transect,estimated,2828,235.58333333333337,0.6357968849697881
transect,estimated,2829,235.66666666666663,0.6361733342988362
transect,estimated,2830,235.75,0.6354471792410986
transect,estimated,2831,235.83333333333337,0.6351849050115146
transect,estimated,2832,235.91666666666663,0.6350067780835914
transect,estimated,2833,236.0,0.6351524647369012
transect,estimated,2834,236.08333333333337,0.6355385465675318
transect,estimated,2835,236.16666666666663,0.6346414431222398
transect,estimated,2836,236.25,0.6343306679697974
transect,estimated,2837,236.33333333333337,0.6349389221650473
transect,estimated,2838,236.41666666666663,0.6350236204283027
transect,estimated,2839,236.5,0.6340589701398692
transect,estimated,2840,236.58333333333337,0.6329592924926268
transect,estimated,2841,236.66666666666663,0.6332404836156864
transect,estimated,2842,236.75,0.6330100493307309
transect,estimated,2843,236.83333333333337,0.6319439165778727
transect,estimated,2844,236.91666666666663,0.6313875831425227
transect,estimated,2845,237.0,0.629910378842562
transect,estimated,2846,237.08333333333337,0.6284030506913489
transect,estimated,2847,237.16666666666663,0.6275042528638044
transect,estimated,2848,237.25,0.6254256530135633
transect,estimated,2849,237.33333333333337,0.6254301773647569
transect,estimated,2850,237.41666666666663,0.6224404325317534
transect,estimated,2851,237.5,0.6226130460999815
transect,estimated,2852,237.58333333333337,0.619216118864457
transect,estimated,2853,237.66666666666663,0.6174912482657745
transect,estimated,2854,237.75,0.6145252986324922
transect,estimated,2855,237.83333333333337,0.610966597843401
transect,estimated,2856,237.91666666666663,0.6102180984786036
transect,estimated,2857,238.0,0.6093547287907813
transect,estimated,2858,238.08333333333337,0.6059239766400265
transect,estimated,2859,238.16666666666663,0.6041372837513822
transect,estimated,2860,238.25,0.6029976247955965
transect,estimated,2861,238.33333333333337,0.6028633099593547
transect,estimated,2862,238.41666666666663,0.6014126002512664
transect,estimated,2863,238.5,0.598869045903616
transect,estimated,2864,238.58333333333337,0.5984649079238266
transect,estimated,2865,238.66666666666663,0.6002776748490314
transect,estimated,2866,238.75,0.5969508003029943
transect,estimated,2867,238.83333333333337,0.5989915667052953
transect,estimated,2868,238.91666666666663,0.5999570099669154
transect,estimated,2869,239.0,0.601182781720368
transect,estimated,2870,239.08333333333337,0.601862633116861
transect,estimated,2871,239.16666666666663,0.6025226377449726
transect,estimated,2872,239.25,0.6030498612582098
transect,estimated,2873,239.33333333333337,0.6058769947929387
transect,estimated,2874,239.41666666666663,0.6081066163089149
transect,estimated,2875,239.5,0.6095926102678981
transect,estimated,2876,239.58333333333337,0.610855798809252
transect,estimated,2877,239.66666666666663,0.6104868210994403
transect,estimated,2878,239.75,0.6092724298376625
transect,estimated,2879,239.83333333333337,0.6100759391453624
transect,estimated,2880,239.91666666666663,0.6115013161091488
transect,estimated,2881,240.0,0.612648713063369
transect,estimated,2882,240.08333333333337,0.6126044833096074
transect,estimated,2883,240.16666666666663,0.6127913664165514
transect,estimated,2884,240.25,0.6125538182966118
transect,estimated,2885,240.33333333333337,0.6134752958771437
transect,estimated,2886,240.41666666666663,0.6136744004061878
transect,estimated,2887,240.5,0.6135254836321958
transect,estimated,2888,240.58333333333337,0.6141555381419348
transect,estimated,2889,240.66666666666663,0.614481359483966
transect,estimated,2890,240.75,0.6144845056338517
transect,estimated,2891,240.83333333333337,0.6149754281684915
transect,estimated,2892,240.91666666666663,0.6151824763456973
transect,estimated,2893,241.0,0.614800329080336
transect,estimated,2894,241.08333333333337,0.6154844485702885
transect,estimated,2895,241.16666666666663,0.6157959613820165
transect,estimated,2896,241.25,0.6163850704941001
transect,estimated,2897,241.33333333333337,0.6157229805711151
transect,estimated,2898,241.41666666666663,0.6163888008083765
transect,estimated,2899,241.5,0.616628625785699
transect,estimated,2900,241.58333333333337,0.6168885985130497
transect,estimated,2901,241.66666666666663,0.6177277479096147
transect,estimated,2902,241.75,0.6173953164242202
transect,estimated,2903,241.83333333333337,0.6172003446775765
transect,estimated,2904,241.91666666666663,0.6176653216344263
transect,estimated,2905,242.0,0.6189165445571065
transect,estimated,2906,242.08333333333337,0.6178375578236694
transect,estimated,2907,242.16666666666663,0.6170669268337677
transect,estimated,2908,242.25,0.6168822402048328
transect,estimated,2909,242.33333333333337,0.6156111547511633
transect,estimated,2910,242.41666666666663,0.6155907774354604
transect,estimated,2911,242.5,0.6148142274543801
transect,estimated,2912,242.58333333333337,0.6140303910685221
transect,estimated,2913,242.66666666666663,0.6148662380393624
transect,estimated,2914,242.75,0.6156014283862116
transect,estimated,2915,242.83333333333337,0.6151032984670914
transect,estimated,2916,242.91666666666663,0.6142869517558787
transect,estimated,2917,243.0,0.6147411792019384
transect,estimated,2918,243.08333333333337,0.615484363118226
transect,estimated,2919,243.16666666666663,0.6163216701092992
transect,estimated,2920,243.25,0.615884623429042
transect,estimated,2921,243.33333333333337,0.6169923814628425
transect,estimated,2922,243.41666666666663,0.6164032227199521
transect,estimated,2923,243.5,0.6162296648010752
transect,estimated,2924,243.58333333333337,0.6176124134294249
transect,estimated,2925,243.66666666666663,0.6184869634774668
transect,estimated,2926,243.75,0.617978991860402
transect,estimated,2927,243.83333333333337,0.6174259006178474
transect,estimated,2928,243.91666666666663,0.6172802751834976
transect,estimated,2929,244.0,0.6192973363333569
transect,estimated,2930,244.08333333333337,0.6198361033065445
transect,estimated,2931,244.16666666666663,0.6204208460014491
transect,estimated,2932,244.25,0.6201090656812527
transect,estimated,2933,244.33333333333337,0.6200542179719356
transect,estimated,2934,244.41666666666663,0.6199761003906977
transect,estimated,2935,244.5,0.6187963724354756
transect,estimated,2936,244.58333333333337,0.617782577591914
transect,estimated,2937,244.66666666666663,0.6189062399093249
transect,estimated,2938,244.75,0.6207377147070969
transect,estimated,2939,244.83333333333337,0.6222515959815303
transect,estimated,2940,244.91666666666663,0.6227153692707597
transect,estimated,2941,245.0,0.6237165353912238
transect,estimated,2942,245.08333333333337,0.6241396184730162
transect,estimated,2943,245.16666666666663,0.6242325636685407
transect,estimated,2944,245.25,0.6241629281975285
transect,estimated,2945,245.33333333333337,0.6231364320634405
transect,estimated,2946,245.41666666666663,0.6237067366114422
transect,estimated,2947,245.5,0.6249042949971341
transect,estimated,2948,245.58333333333337,0.6253902726303264
transect,estimated,2949,245.66666666666663,0.6253932274948072
transect,estimated,2950,245.75,0.6258757131225244
transect,estimated,2951,245.83333333333337,0.6261539569378294
transect,estimated,2952,245.91666666666663,0.6257192702596633
transect,estimated,2953,246.0,0.6264669293450662
transect,estimated,2954,246.08333333333337,0.6263842380648813
transect,estimated,2955,246.16666666666663,0.6265833317126958
transect,estimated,2956,246.25,0.6264356409066938
transect,estimated,2957,246.33333333333337,0.6272679155711193
transect,estimated,2958,246.41666666666663,0.6275341120651783
transect,estimated,2959,246.5,0.6274651103703279
transect,estimated,2960,246.58333333333337,0.6278794925173429
transect,estimated,2961,246.66666666666663,0.6278037434485201
transect,estimated,2962,246.75,0.6278175793273892
transect,estimated,2963,246.83333333333337,0.6277711237859456
transect,estimated,2964,246.91666666666663,0.6278263582661912
transect,estimated,2965,247.0,0.6281994602449031
transect,estimated,2966,247.08333333333337,0.628355588529543
transect,estimated,2967,247.16666666666663,0.628345238002235
transect,estimated,2968,247.25,0.6289193300133205
transect,estimated,2969,247.33333333333337,0.6287802665467959
transect,estimated,2970,247.41666666666663,0.6288153637767532
transect,estimated,2971,247.5,0.6290804778486562
transect,estimated,2972,247.58333333333337,0.6290820257612258
transect,estimated,2973,247.66666666666663,0.6288204238874923
transect,estimated,2974,247.75,0.6290744332273475
transect,estimated,2975,247.83333333333337,0.6296220298400382
transect,estimated,2976,247.91666666666663,0.6295022972657947
transect,estimated,2977,248.0,0.6297835714462762
transect,estimated,2978,248.08333333333337,0.629859694840878
transect,estimated,2979,248.16666666666663,0.6301216741764831
transect,estimated,2980,248.25,0.6303705266392762
transect,estimated,2981,248.33333333333337,0.6303253327805053
transect,estimated,2982,248.41666666666663,0.6300687379088246
transect,estimated,2983,248.5,0.6303421989443382
transect,estimated,2984,248.58333333333337,0.6302410947095237
transect,estimated,2985,248.66666666666663,0.630144180826514
transect,estimated,2986,248.75,0.6303941436634506
transect,estimated,2987,248.83333333333337,0.6306257212911844
transect,estimated,2988,248.91666666666663,0.6306200086458208
transect,estimated,2989,249.0,0.6307548604851524
transect,estimated,2990,249.08333333333337,0.6310360710222703
transect,estimated,2991,249.16666666666663,0.63103669877465
transect,estimated,2992,249.25,0.6308415570872303
transect,estimated,2993,249.33333333333337,0.6308243616389942
transect,estimated,2994,249.41666666666663,0.6309473707502896
transect,estimated,2995,249.5,0.6308279590841247
transect,estimated,2996,249.58333333333337,0.6308944751771619
transect,estimated,2997,249.66666666666663,0.6310631420532736
transect,estimated,2998,249.75,0.6308933824517091
transect,estimated,2999,249.83333333333337,0.6308727212406231
transect,estimated,3000,249.91666666666663,0.6306713155281121
transect,estimated,3001,250.0,0.6309088446294971
transect,estimated,3002,250.08333333333337,0.6309857698427382
transect,estimated,3003,250.16666666666663,0.6309601130317286
transect,estimated,3004,250.25,0.6309063865047009
transect,estimated,3005,250.33333333333337,0.6307487195291939
transect,estimated,3006,250.41666666666663,0.6305378478088772
transect,estimated,3007,250.5,0.6302699777223353
transect,estimated,3008,250.58333333333337,0.6299735563913296
transect,estimated,3009,250.66666666666663,0.6306704598654805
transect,estimated,3010,250.75,0.630605518278246
transect,estimated,3011,250.83333333333337,0.630280772249469
transect,estimated,3012,250.91666666666663,0.6304544673834459
transect,estimated,3013,251.0,0.6304635205095326
transect,estimated,3014,251.08333333333337,0.6306083003487842
transect,estimated,3015,251.16666666666663,0.6309099563250763
transect,estimated,3016,251.25,0.6312692490789712
transect,estimated,3017,251.33333333333337,0.6308929445287319
transect,estimated,3018,251.41666666666663,0.6306234993381911
transect,estimated,3019,251.5,0.6314934868566474
transect,estimated,3020,251.58333333333337,0.6305982954692722
transect,estimated,3021,251.66666666666663,0.6319948889531363
transect,estimated,3022,251.75,0.6324120221160526
transect,estimated,3023,251.83333333333337,0.6327711398975399
transect,estimated,3024,251.91666666666663,0.6327051250976868
transect,estimated,3025,252.0,0.6325262209710181
transect,estimated,3026,252.08333333333337,0.6321766969203365
transect,estimated,3027,252.16666666666663,0.6327157894350937
transect,estimated,3028,252.25,0.6332495300534201
transect,estimated,3029,252.33333333333337,0.6333863319506852
transect,estimated,3030,252.41666666666663,0.6334405597121313
transect,estimated,3031,252.5,0.6338853679780102
transect,estimated,3032,252.58333333333337,0.6329050657206966
transect,estimated,3033,252.66666666666663,0.6325972140906962
transect,estimated,3034,252.75,0.6322414618063806
transect,estimated,3035,252.83333333333337,0.6327530255393247
transect,estimated,3036,252.91666666666663,0.6337431842725705
transect,estimated,3037,253.0,0.6329277551759838
transect,estimated,3038,253.08333333333337,0.6327047484677152
transect,estimated,3039,253.16666666666663,0.6317393795692013
transect,estimated,3040,253.25,0.6320710837821688
transect,estimated,3041,253.33333333333337,0.6298460934444404
transect,estimated,3042,253.41666666666663,0.629113092478217
transect,estimated,3043,253.5,0.6276540777588719
transect,estimated,3044,253.58333333333337,0.6268475464600128
transect,estimated,3045,253.66666666666663,0.6273774061412251
transect,estimated,3046,253.75,0.6282458151907736
transect,estimated,3047,253.83333333333337,0.6272480622999913
transect,estimated,3048,253.91666666666663,0.6242377124927643
transect,estimated,3049,254.0,0.6254699074365551
transect,estimated,3050,254.08333333333337,0.623153103590203
transect,estimated,3051,254.16666666666663,0.621662094674927
transect,estimated,3052,254.25,0.6232486192399194
transect,estimated,3053,254.33333333333337,0.6184636860626959
transect,estimated,3054,254.41666666666663,0.6177089906181055
transect,estimated,3055,254.5,0.6135112808448441
transect,estimated,3056,254.58333333333337,0.6121800053241472
transect,estimated,3057,254.66666666666663,0.6136941686602592
transect,estimated,3058,254.75,0.6124947369252
transect,estimated,3059,254.83333333333337,0.6113570180586111
transect,estimated,3060,254.91666666666663,0.6118195731272006
transect,estimated,3061,255.0,0.610885132623924
transect,estimated,3062,255.08333333333337,0.6120484571961999
transect,estimated,3063,255.16666666666663,0.6093305672477604
transect,estimated,3064,255.25,0.6076638052912718
transect,estimated,3065,255.33333333333337,0.6054892780034943
transect,estimated,3066,255.41666666666663,0.6088451648269505
transect,estimated,3067,255.5,0.6075538281389945
transect,estimated,3068,255.58333333333337,0.6066213292338167
transect,estimated,3069,255.66666666666663,0.6055287534165633
transect,estimated,3070,255.75,0.6060858408260924
transect,estimated,3071,255.83333333333337,0.6068507661236321
transect,estimated,3072,255.91666666666663,0.607222904708584
transect,estimated,3073,256.0,0.6076135703368667
transect,estimated,3074,256.08333333333337,0.6083081557342199
transect,estimated,3075,256.16666666666663,0.6099685277186768
transect,estimated,3076,256.25,0.6092788857405618
transect,estimated,3077,256.33333333333337,0.6129518547500287
transect,estimated,3078,256.41666666666663,0.615355129850082
transect,estimated,3079,256.5,0.6152739842378273
transect,estimated,3080,256.58333333333337,0.6158893336046128
transect,estimated,3081,256.66666666666663,0.6191151039861472
transect,estimated,3082,256.75,0.6179920229204416
transect,estimated,3083,256.83333333333337,0.6192807868269332
transect,estimated,3084,256.91666666666663,0.618858824014798
transect,estimated,3085,257.0,0.6209064356099802
transect,estimated,3086,257.08333333333337,0.6202574015438059
transect,estimated,3087,257.16666666666663,0.6207240595242951
transect,estimated,3088,257.25,0.6225419809123042
transect,estimated,3089,257.33333333333337,0.6228715357514226
transect,estimated,3090,257.41666666666663,0.622151893817408
transect,estimated,3091,257.5,0.623719035307229
transect,estimated,3092,257.58333333333337,0.6243807085323758
transect,estimated,3093,257.66666666666663,0.6262398495402354
transect,estimated,3094,257.75,0.627421442456592
transect,estimated,3095,257.83333333333337,0.6275630013227408
transect,estimated,3096,257.91666666666663,0.6279032270538754
transect,estimated,3097,258.0,0.6286334590865249
transect,estimated,3098,258.08333333333337,0.6289098977629171
transect,estimated,3099,258.16666666666663,0.6292813152137167
transect,estimated,3100,258.25,0.6294936856177757
transect,estimated,3101,258.33333333333337,0.6306318414017734
transect,estimated,3102,258.41666666666663,0.6311838669920936
transect,estimated,3103,258.5,0.6314957250371199
transect,estimated,3104,258.58333333333337,0.6318105195741269
transect,estimated,3105,258.66666666666663,0.6314694228014215
transect,estimated,3106,258.75,0.6321627630281499
transect,estimated,3107,258.83333333333337,0.6320472183486641
transect,estimated,3108,258.91666666666663,0.6324934841567114
transect,estimated,3109,259.0,0.6328976057331535
transect,estimated,3110,259.08333333333337,0.6332833768944295
transect,estimated,3111,259.16666666666663,0.63334213374299
transect,estimated,3112,259.25,0.6336949351298938
transect,estimated,3113,259.33333333333337,0.6335519367247123
transect,estimated,3114,259.41666666666663,0.6334733832158014
transect,estimated,3115,259.5,0.633811669605955
transect,estimated,3116,259.58333333333337,0.6337464146758428
transect,estimated,3117,259.66666666666663,0.6334958242832744
transect,estimated,3118,259.75,0.6335563323768568
transect,estimated,3119,259.83333333333337,0.6341578528753556
transect,estimated,3120,259.91666666666663,0.6344109895243547
transect,estimated,3121,260.0,0.6343023637503121
transect,estimated,3122,260.08333333333337,0.6342648084977479
transect,estimated,3123,260.16666666666663,0.6343934180876145
transect,estimated,3124,260.25,0.6342779031488098
transect,estimated,3125,260.33333333333337,0.634476391909439
transect,estimated,3126,260.41666666666663,0.6342160203779749
transect,estimated,3127,260.5,0.6341356555297216
transect,estimated,3128,260.58333333333337,0.6342067380651418
transect,estimated,3129,260.66666666666663,0.6340158838372381
transect,estimated,3130,260.75,0.6339416595850577
transect,estimated,3131,260.83333333333337,0.6337625066229396
transect,estimated,3132,260.91666666666663,0.6335170448870888
transect,estimated,3133,261.0,0.6332874213283127
transect,estimated,3134,261.08333333333337,0.6330421334014159
transect,estimated,3135,261.16666666666663,0.6328209125631792
transect,estimated,3136,261.25,0.6324820016963671
transect,estimated,3137,261.33333333333337,0.6323307543163926
transect,estimated,3138,261.41666666666663,0.6322052635927494
transect,estimated,3139,261.5,0.6320758165028983
transect,estimated,3140,261.58333333333337,0.6325294901575573
transect,estimated,3141,261.66666666666663,0.632553239208934
transect,estimated,3142,261.75,0.6324218740227215
transect,estimated,3143,261.83333333333337,0.6322486666340057
transect,estimated,3144,261.91666666666663,0.632034312649881
transect,estimated,3145,262.0,0.6321521753451862
transect,estimated,3146,262.08333333333337,0.6319957118197076
transect,estimated,3147,262.16666666666663,0.6319811632939423
transect,estimated,3148,262.25,0.6320108042676996
transect,estimated,3149,262.33333333333337,0.6319603332127097
transect,estimated,3150,262.41666666666663,0.6322605202741823
transect,estimated,3151,262.5,0.6322152387666431
transect,estimated,3152,262.58333333333337,0.632542685612158
transect,estimated,3153,262.66666666666663,0.6318327016841592
transect,estimated,3154,262.75,0.6320839097202635
transect,estimated,3155,262.83333333333337,0.6324414136909651
transect,estimated,3156,262.91666666666663,0.6322408442757623
transect,estimated,3157,263.0,0.6319594165743747
transect,estimated,3158,263.08333333333337,0.6320700080568297
transect,estimated,3159,263.16666666666663,0.6325023051198543
transect,estimated,3160,263.25,0.6327408772782512
transect,estimated,3161,263.33333333333337,0.6326903481390487
transect,estimated,3162,263.41666666666663,0.6326352751991818
transect,estimated,3163,263.5,0.6322706555268499
transect,estimated,3164,263.58333333333337,0.6324634491061149
transect,estimated,3165,263.66666666666663,0.6325359017479764
transect,estimated,3166,263.75,0.6324155342379651
transect,estimated,3167,263.83333333333337,0.6325067155692192
transect,estimated,3168,263.91666666666663,0.6325397518190617
transect,estimated,3169,264.0,0.6322956262548851
transect,estimated,3170,264.08333333333337,0.6320985544849714
transect,estimated,3171,264.16666666666663,0.6317861042512254
transect,estimated,3172,264.25,0.6317039915715443
transect,estimated,3173,264.33333333333337,0.6319289178979597
transect,estimated,3174,264.41666666666663,0.6318627015701307
transect,estimated,3175,264.5,0.6324684109285492
transect,estimated,3176,264.58333333333337,0.632548458997924
transect,estimated,3177,264.66666666666663,0.6323044422691354
transect,estimated,3178,264.75,0.6319843957829815
transect,estimated,3179,264.83333333333337,0.632133162030279
transect,estimated,3180,264.91666666666663,0.6321593857439158
transect,estimated,3181,265.0,0.6323451911540885
transect,estimated,3182,265.08333333333337,0.6324044714040995
transect,estimated,3183,265.16666666666663,0.6322398592417184
transect,estimated,3184,265.25,0.6318522229211939
transect,estimated,3185,265.33333333333337,0.6318309028130549
transect,estimated,3186,265.41666666666663,0.6318871828617147
transect,estimated,3187,265.5,0.6317846437521419
transect,estimated,3188,265.58333333333337,0.6321118410362391
transect,estimated,3189,265.66666666666663,0.6322661827390607
transect,estimated,3190,265.75,0.6319558952234025
transect,estimated,3191,265.83333333333337,0.632047231261431
transect,estimated,3192,265.91666666666663,0.6322809165412385
transect,estimated,3193,266.0,0.631881382760429
transect,estimated,3194,266.08333333333337,0.6318251183014356
transect,estimated,3195,266.16666666666663,0.6319224102480796
transect,estimated,3196,266.25,0.6319267615342218
transect,estimated,3197,266.33333333333337,0.6317176422020346
transect,estimated,3198,266.41666666666663,0.6317660447976646
transect,estimated,3199,266.5,0.6316408551035444
transect,estimated,3200,266.58333333333337,0.6313499151091941
transect,estimated,3201,266.66666666666663,0.6311468549701438
transect,estimated,3202,266.75,0.6310132510672672
transect,estimated,3203,266.83333333333337,0.6307984422590804
transect,estimated,3204,266.91666666666663,0.6304638661547185
transect,estimated,3205,267.0,0.6302244411179552
transect,estimated,3206,267.08333333333337,0.6303104037165838
transect,estimated,3207,267.16666666666663,0.6299982880835236
transect,estimated,3208,267.25,0.6298146599033144
transect,estimated,3209,267.33333333333337,0.6294935310203407
transect,estimated,3210,267.41666666666663,0.6292997282436968
transect,estimated,3211,267.5,0.6290252424372258
transect,estimated,3212,267.58333333333337,0.6287104159996301
transect,estimated,3213,267.66666666666663,0.6286510477740266
transect,estimated,3214,267.75,0.6287183435776617
transect,estimated,3215,267.83333333333337,0.6283989814246219
transect,estimated,3216,267.91666666666663,0.628143611113551
transect,estimated,3217,268.0,0.6279557370199808
transect,estimated,3218,268.08333333333337,0.6280391641288238
transect,estimated,3219,268.16666666666663,0.6281740412929151
transect,estimated,3220,268.25,0.6281414695235271
transect,estimated,3221,268.33333333333337,0.6281109964061824
transect,estimated,3222,268.41666666666663,0.6280060054378119
transect,estimated,3223,268.5,0.6284709353865184
transect,estimated,3224,268.58333333333337,0.6287200594850826
transect,estimated,3225,268.66666666666663,0.6284736492243309
transect,estimated,3226,268.75,0.6285671141751814
transect,estimated,3227,268.83333333333337,0.6287943257793249
transect,estimated,3228,268.91666666666663,0.6289825619699475
transect,estimated,3229,269.0,0.6287785803624191
transect,estimated,3230,269.08333333333337,0.6289917574271395
transect,estimated,3231,269.16666666666663,0.6289699829847837
transect,estimated,3232,269.25,0.6290963914232903
transect,estimated,3233,269.33333333333337,0.6290534387468343
transect,estimated,3234,269.41666666666663,0.6289856291756792
transect,estimated,3235,269.5,0.6290524432188213
transect,estimated,3236,269.58333333333337,0.629602099904663
transect,estimated,3237,269.66666666666663,0.6295126692949989
transect,estimated,3238,269.75,0.6292343254126801
transect,estimated,3239,269.83333333333337,0.6293930681158251
transect,estimated,3240,269.91666666666663,0.6293820656966745
transect,estimated,3241,270.0,0.6297658798308565
transect,estimated,3242,270.08333333333337,0.6293728872319041
transect,estimated,3243,270.16666666666663,0.629336186157587
transect,estimated,3244,270.25,0.6289706240390314
transect,estimated,3245,270.33333333333337,0.6287074907850597
transect,estimated,3246,270.41666666666663,0.62859532319686
transect,estimated,3247,270.5,0.6284773279074667
transect,estimated,3248,270.58333333333337,0.6285426858524324
transect,estimated,3249,270.66666666666663,0.6283343381611926
transect,estimated,3250,270.75,0.6273951226186226
transect,estimated,3251,270.83333333333337,0.6267038666127975
transect,estimated,3252,270.91666666666663,0.6260833595485261
transect,estimated,3253,271.0,0.6257242112992045
transect,estimated,3254,271.08333333333337,0.6260480021577022
transect,estimated,3255,271.16666666666663,0.6258896063248852
transect,estimated,3256,271.25,0.6248880486963162
transect,estimated,3257,271.33333333333337,0.6242467446447363
transect,estimated,3258,271.41666666666663,0.6225862939978025
transect,estimated,3259,271.5,0.6218955609740584
transect,estimated,3260,271.58333333333337,0.618693454685836
transect,estimated,3261,271.66666666666663,0.6173255018574416
transect,estimated,3262,271.75,0.6142519051026322
transect,estimated,3263,271.83333333333337,0.6123141033902877
transect,estimated,3264,271.91666666666663,0.6089738788725708
transect,estimated,3265,272.0,0.6071029633937652
transect,estimated,3266,272.08333333333337,0.6058633342866627
transect,estimated,3267,272.16666666666663,0.6033874351725291
transect,estimated,3268,272.25,0.599279902224085
transect,estimated,3269,272.33333333333337,0.5940372177167168
transect,estimated,3270,272.41666666666663,0.5891106907171382
transect,estimated,3271,272.5,0.5898331382837547
transect,estimated,3272,272.58333333333337,0.5853015315824039
transect,estimated,3273,272.66666666666663,0.5840144025287186
transect,estimated,3274,272.75,0.5752997052514327
transect,estimated,3275,272.83333333333337,0.5744804748946911
transect,estimated,3276,272.91666666666663,0.5745296571179934
transect,estimated,3277,273.0,0.5737375946603195
transect,estimated,3278,273.08333333333337,0.578221669164656
transect,estimated,3279,273.16666666666663,0.5775873176463439
transect,estimated,3280,273.25,0.5815852905975124
transect,estimated,3281,273.33333333333337,0.5826348060986715
transect,estimated,3282,273.41666666666663,0.5755487040132625
transect,estimated,3283,273.5,0.5819572295297222
transect,estimated,3284,273.58333333333337,0.588470466713418
transect,estimated,3285,273.66666666666663,0.587804217981392
transect,estimated,3286,273.75,0.5851106879264528
transect,estimated,3287,273.83333333333337,0.588214340646363
transect,estimated,3288,273.91666666666663,0.589558225201327
transect,estimated,3289,274.0,0.5906604861652133
transect,estimated,3290,274.08333333333337,0.594833791434575
transect,estimated,3291,274.16666666666663,0.5985068817885172
transect,estimated,3292,274.25,0.6020927670399053
transect,estimated,3293,274.33333333333337,0.6032641023858957
transect,estimated,3294,274.41666666666663,0.6033967348503295
transect,estimated,3295,274.5,0.604219734905056
transect,estimated,3296,274.58333333333337,0.6056347927846116
transect,estimated,3297,274.66666666666663,0.6061198681414566
transect,estimated,3298,274.75,0.6057785394168875
transect,estimated,3299,274.83333333333337,0.6061910309150471
transect,estimated,3300,274.91666666666663,0.6069260654939463
transect,estimated,3301,275.0,0.6071366655125411
transect,estimated,3302,275.08333333333337,0.6070404104685354
transect,estimated,3303,275.16666666666663,0.6081927126754412
transect,estimated,3304,275.25,0.6114011937947571
transect,estimated,3305,275.33333333333337,0.6131061487167356
transect,estimated,3306,275.41666666666663,0.6140335318234783
transect,estimated,3307,275.5,0.6148992460998716
transect,estimated,3308,275.58333333333337,0.6163167829322018
transect,estimated,3309,275.66666666666663,0.6156538314628031
transect,estimated,3310,275.75,0.6167121874777266
transect,estimated,3311,275.83333333333337,0.6168246742451045
transect,estimated,3312,275.91666666666663,0.6172259090070176
transect,estimated,3313,276.0,0.6177857108693223
transect,estimated,3314,276.08333333333337,0.6181380545784007
transect,estimated,3315,276.16666666666663,0.6168827544606575
transect,estimated,3316,276.25,0.6157159049194397
transect,estimated,3317,276.33333333333337,0.6139809226031067
transect,estimated,3318,276.41666666666663,0.6158823672846265
transect,estimated,3319,276.5,0.616588146061979
transect,estimated,3320,276.58333333333337,0.6168181429523576
transect,estimated,3321,276.66666666666663,0.6148447675539945
transect,estimated,3322,276.75,0.6180868789649859
transect,estimated,3323,276.83333333333337,0.6209066117637115
transect,estimated,3324,276.91666666666663,0.6224714903258483
transect,estimated,3325,277.0,0.6224633913221146
transect,estimated,3326,277.08333333333337,0.6233635904965267
transect,estimated,3327,277.16666666666663,0.6214619086123822
transect,estimated,3328,277.25,0.6215493628995591
transect,estimated,3329,277.33333333333337,0.6253395454535864
transect,estimated,3330,277.41666666666663,0.6259378774414698
transect,estimated,3331,277.5,0.6254115054697846
transect,estimated,3332,277.58333333333337,0.6235008241027772
transect,estimated,3333,277.66666666666663,0.6231793926066965
transect,estimated,3334,277.75,0.6229808131102258
transect,estimated,3335,277.83333333333337,0.6238855595215628
transect,estimated,3336,277.91666666666663,0.6241896767164968
transect,estimated,3337,278.0,0.6256631892468578
transect,estimated,3338,278.08333333333337,0.6251793081728322
transect,estimated,3339,278.16666666666663,0.6250827326144712
transect,estimated,3340,278.25,0.6258058006642723
transect,estimated,3341,278.33333333333337,0.6233964289209196
transect,estimated,3342,278.41666666666663,0.6231418106561838
transect,estimated,3343,278.5,0.6253389038289949
transect,estimated,3344,278.58333333333337,0.6251713283642905
transect,estimated,3345,278.66666666666663,0.627379281472972
transect,estimated,3346,278.75,0.628496177577383
transect,estimated,3347,278.83333333333337,0.6286136621089123
transect,estimated,3348,278.91666666666663,0.6286012140838604
transect,estimated,3349,279.0,0.6292883509361307
transect,estimated,3350,279.08333333333337,0.6312412053295162
transect,estimated,3351,279.16666666666663,0.6318433100651548
transect,estimated,3352,279.25,0.6321279362934082
transect,estimated,3353,279.33333333333337,0.6314330383366471
transect,estimated,3354,279.41666666666663,0.6325610786201648
transect,estimated,3355,279.5,0.6338657429927197
transect,estimated,3356,279.58333333333337,0.6335126649385951
transect,estimated,3357,279.66666666666663,0.6340990809637832
transect,estimated,3358,279.75,0.6342641807091637
transect,estimated,3359,279.83333333333337,0.6347996656478004
transect,estimated,3360,279.91666666666663,0.6346495083124775
transect,estimated,3361,280.0,0.6347951415924067
transect,estimated,3362,280.08333333333337,0.6353969624822635
transect,estimated,3363,280.16666666666663,0.6357840119104456
transect,estimated,3364,280.25,0.6368032162670669
transect,estimated,3365,280.33333333333337,0.6361525920923722
transect,estimated,3366,280.41666666666663,0.636623311982023
transect,estimated,3367,280.5,0.6359936245756906
transect,estimated,3368,280.58333333333337,0.6364414922630415
transect,estimated,3369,280.66666666666663,0.6367062225449595
transect,estimated,3370,280.75,0.6371683381693124
transect,estimated,3371,280.83333333333337,0.6375468596807081
transect,estimated,3372,280.91666666666663,0.6379137053369847
transect,estimated,3373,281.0,0.6377815679018032
transect,estimated,3374,281.08333333333337,0.6375704631595391
transect,estimated,3375,281.16666666666663,0.6377624216917853
transect,estimated,3376,281.25,0.6379328189218859
transect,estimated,3377,281.33333333333337,0.6376100367039286
transect,estimated,3378,281.41666666666663,0.6381112895689114
transect,estimated,3379,281.5,0.6382407638443737
transect,estimated,3380,281.58333333333337,0.6381962285961944
transect,estimated,3381,281.66666666666663,0.638338021248575
transect,estimated,3382,281.75,0.6388697349669248
transect,estimated,3383,281.83333333333337,0.6389234930570973
transect,estimated,3384,281.91666666666663,0.6386609254203406
transect,estimated,3385,282.0,0.6386166370389414
transect,estimated,3386,282.08333333333337,0.638589057082318
transect,estimated,3387,282.16666666666663,0.6384609520640082
transect,estimated,3388,282.25,0.6390536032429287
transect,estimated,3389,282.33333333333337,0.6394011504795196
transect,estimated,3390,282.41666666666663,0.6394453887955452
transect,estimated,3391,282.5,0.6394186252322874
transect,estimated,3392,282.58333333333337,0.6393555202180141
transect,estimated,3393,282.66666666666663,0.6395460962432641
transect,estimated,3394,282.75,0.63954538239965
transect,estimated,3395,282.83333333333337,0.6393819162940164
transect,estimated,3396,282.91666666666663,0.6393492378635771
transect,estimated,3397,283.0,0.6394343598380016
transect,estimated,3398,283.08333333333337,0.6395204093893322
transect,estimated,3399,283.16666666666663,0.6396045031916625
transect,estimated,3400,283.25,0.6393764817883107
transect,estimated,3401,283.33333333333337,0.639391453097935
transect,estimated,3402,283.41666666666663,0.6395830093228462
transect,estimated,3403,283.5,0.6393991518472983
transect,estimated,3404,283.58333333333337,0.6394096536617402
transect,estimated,3405,283.66666666666663,0.6392403699730983
transect,estimated,3406,283.75,0.6392026390896411
transect,estimated,3407,283.83333333333337,0.6392965231413845
transect,estimated,3408,283.91666666666663,0.6390436786022801
transect,estimated,3409,284.0,0.6387378281651996
transect,estimated,3410,284.08333333333337,0.6386345746336461
transect,estimated,3411,284.16666666666663,0.6385544778170807
transect,estimated,3412,284.25,0.638302156515481
transect,estimated,3413,284.33333333333337,0.6380478063377549
transect,estimated,3414,284.41666666666663,0.6377507162539592
transect,estimated,3415,284.5,0.6376375392946325
transect,estimated,3416,284.58333333333337,0.6373558234863579
transect,estimated,3417,284.66666666666663,0.6370304554229548
transect,estimated,3418,284.75,0.6367767629919954
transect,estimated,3419,284.83333333333337,0.636498001471592
transect,estimated,3420,284.91666666666663,0.6363218208992883
transect,estimated,3421,285.0,0.6360527002399353
transect,estimated,3422,285.08333333333337,0.6359367791382889
transect,estimated,3423,285.16666666666663,0.6359122391203517
transect,estimated,3424,285.25,0.6359155798734636
transect,estimated,3425,285.33333333333337,0.6356729352275898
transect,estimated,3426,285.41666666666663,0.6356895020196434
transect,estimated,3427,285.5,0.6356523518983668
transect,estimated,3428,285.58333333333337,0.635621617026819
transect,estimated,3429,285.66666666666663,0.6354965755646339
transect,estimated,3430,285.75,0.6353509712222868
transect,estimated,3431,285.83333333333337,0.6354041740038612
transect,estimated,3432,285.91666666666663,0.6354056883145385
transect,estimated,3433,286.0,0.6353330634166123
transect,estimated,3434,286.08333333333337,0.6352976046348112
transect,estimated,3435,286.16666666666663,0.6352697911151344
transect,estimated,3436,286.25,0.6354229346972845
transect,estimated,3437,286.33333333333337,0.6353913702944132
transect,estimated,3438,286.41666666666663,0.6352733059312027
transect,estimated,3439,286.5,0.635253118919815
transect,estimated,3440,286.58333333333337,0.6353225200442978
transect,estimated,3441,286.66666666666663,0.6353962119185782
transect,estimated,3442,286.75,0.6352713500084334
transect,estimated,3443,286.83333333333337,0.635161192342869
transect,estimated,3444,286.91666666666663,0.6351136495176218
transect,estimated,3445,287.0,0.6350557892834133
transect,estimated,3446,287.08333333333337,0.634994472277466
transect,estimated,3447,287.16666666666663,0.6350033193603393
transect,estimated,3448,287.25,0.6349816868721888
transect,estimated,3449,287.33333333333337,0.634929054978968
transect,estimated,3450,287.41666666666663,0.634877193713063
transect,estimated,3451,287.5,0.634811521656884
transect,estimated,3452,287.58333333333337,0.6349796526585885
transect,estimated,3453,287.66666666666663,0.635004450195513
transect,estimated,3454,287.75,0.634968049504837
transect,estimated,3455,287.83333333333337,0.6348767875266063
transect,estimated,3456,287.91666666666663,0.635030901813109
transect,estimated,3457,288.0,0.6352698289791208
transect,estimated,3458,288.08333333333337,0.6354518219351072
transect,estimated,3459,288.16666666666663,0.635505973656583
transect,estimated,3460,288.25,0.6354531734695311
transect,estimated,3461,288.33333333333337,0.6355920280571284
transect,estimated,3462,288.41666666666663,0.635658448293454
transect,estimated,3463,288.5,0.6356905408861298
transect,estimated,3464,288.58333333333337,0.6354836723700498
transect,estimated,3465,288.66666666666663,0.6356289018704913
transect,estimated,3466,288.75,0.6358537200713821
transect,estimated,3467,288.83333333333337,0.636109107437161
transect,estimated,3468,288.91666666666663,0.6360207853201311
transect,estimated,3469,289.0,0.6361424330620216
transect,estimated,3470,289.08333333333337,0.6363430707513763
transect,estimated,3471,289.16666666666663,0.6363453603711174
transect,estimated,3472,289.25,0.6363670841697799
transect,estimated,3473,289.33333333333337,0.6366547320489895
transect,estimated,3474,289.41666666666663,0.6370260613172309
transect,estimated,3475,289.5,0.6371598737725555
transect,estimated,3476,289.58333333333337,0.6370554456641072
transect,estimated,3477,289.66666666666663,0.6371017420710844
transect,estimated,3478,289.75,0.6374399257685127
transect,estimated,3479,289.83333333333337,0.637607069565275
transect,estimated,3480,289.91666666666663,0.6377463882799105
transect,estimated,3481,290.0,0.6379422998464523
transect,estimated,3482,290.08333333333337,0.6379504589805306
transect,estimated,3483,290.16666666666663,0.638320185052893
transect,estimated,3484,290.25,0.6385310395984152
transect,estimated,3485,290.33333333333337,0.6386325964121061
transect,estimated,3486,290.41666666666663,0.6387611606909216
transect,estimated,3487,290.5,0.6389534240924665
transect,estimated,3488,290.58333333333337,0.6392118768730325
transect,estimated,3489,290.66666666666663,0.6393737387574512
transect,estimated,3490,290.75,0.6393892548284144
transect,estimated,3491,290.83333333333337,0.6397538858658754
transect,estimated,3492,290.91666666666663,0.6400256167724587
transect,estimated,3493,291.0,0.6401781675292042
transect,estimated,3494,291.08333333333337,0.6400110873736895
transect,estimated,3495,291.16666666666663,0.6403330858954523
transect,estimated,3496,291.25,0.6406574087948012
transect,estimated,3497,291.33333333333337,0.6407320456334262
transect,estimated,3498,291.41666666666663,0.6407568775432356
transect,estimated,3499,291.5,0.6409556350533768
transect,estimated,3500,291.58333333333337,0.6412008666554805
transect,estimated,3501,291.66666666666663,0.641585648904212
transect,estimated,3502,291.75,0.6416639984667667
transect,estimated,3503,291.83333333333337,0.6417158702645577
transect,estimated,3504,291.91666666666663,0.6418963892981207
transect,estimated,3505,292.0,0.6421974998992959
transect,estimated,3506,292.08333333333337,0.6422915186369802
transect,estimated,3507,292.16666666666663,0.6423567184279575
transect,estimated,3508,292.25,0.6425059969419716
transect,estimated,3509,292.33333333333337,0.6426755333139391
transect,estimated,3510,292.41666666666663,0.6428481131319521
transect,estimated,3511,292.5,0.6428152511042401
transect,estimated,3512,292.58333333333337,0.6428118257108595
transect,estimated,3513,292.66666666666663,0.6429667191818803
transect,estimated,3514,292.75,0.6431157250321646
transect,estimated,3515,292.83333333333337,0.6428525762358575
transect,estimated,3516,292.91666666666663,0.6424756120902954
transect,estimated,3517,293.0,0.6419617038990091
transect,estimated,3518,293.08333333333337,0.642446902904768
transect,estimated,3519,293.16666666666663,0.6423119293247351
transect,estimated,3520,293.25,0.6419833349531325
transect,estimated,3521,293.33333333333337,0.6427079234940599
transect,estimated,3522,293.41666666666663,0.6425471444025002
transect,estimated,3523,293.5,0.6420068167377136
transect,estimated,3524,293.58333333333337,0.6416545294511026
transect,estimated,3525,293.66666666666663,0.6404994585112644
transect,estimated,3526,293.75,0.64016214544474
transect,estimated,3527,293.83333333333337,0.6409596281351212
transect,estimated,3528,293.91666666666663,0.6404493879906944
transect,estimated,3529,294.0,0.6401979110871877
transect,estimated,3530,294.08333333333337,0.6399558146467009
transect,estimated,3531,294.16666666666663,0.6401933733157492
transect,estimated,3532,294.25,0.6406694565223385
transect,estimated,3533,294.33333333333337,0.6398298732956589
transect,estimated,3534,294.41666666666663,0.6396166147369488
transect,estimated,3535,294.5,0.6402942453335707
transect,estimated,3536,294.58333333333337,0.6405625852728939
transect,estimated,3537,294.66666666666663,0.6411075838297051
transect,estimated,3538,294.75,0.640968939972691
transect,estimated,3539,294.83333333333337,0.6410640842406077
transect,estimated,3540,294.91666666666663,0.6416975266665644
transect,estimated,3541,295.0,0.6421533077603122
transect,estimated,3542,295.08333333333337,0.6420818914364465
transect,estimated,3543,295.16666666666663,0.6422164616480288
transect,estimated,3544,295.25,0.6419618510350298
transect,estimated,3545,295.33333333333337,0.642170109642793
transect,estimated,3546,295.41666666666663,0.6423939585081176
transect,estimated,3547,295.5,0.643028272970829
transect,estimated,3548,295.58333333333337,0.643082836829002
transect,estimated,3549,295.66666666666663,0.6432958395877896
transect,estimated,3550,295.75,0.6431862909155723
transect,estimated,3551,295.83333333333337,0.6431658884169901
transect,estimated,3552,295.91666666666663,0.6432070178927008
transect,estimated,3553,296.0,0.6434394002874648
transect,estimated,3554,296.08333333333337,0.6436703664638566
transect,estimated,3555,296.16666666666663,0.6435829783091402
transect,estimated,3556,296.25,0.6432933454228031
transect,estimated,3557,296.33333333333337,0.6430627550580644
transect,estimated,3558,296.41666666666663,0.6428480209294315
transect,estimated,3559,296.5,0.642560168353599
transect,estimated,3560,296.58333333333337,0.6424436336014245
transect,estimated,3561,296.66666666666663,0.6419833205881565
transect,estimated,3562,296.75,0.6421244057714584
transect,estimated,3563,296.83333333333337,0.6424068373421524
transect,estimated,3564,296.91666666666663,0.6420707502423953
transect,estimated,3565,297.0,0.6417866530730311
transect,estimated,3566,297.08333333333337,0.6420300454406408
transect,estimated,3567,297.16666666666663,0.6416464271802608
transect,estimated,3568,297.25,0.6413838733527032
transect,estimated,3569,297.33333333333337,0.6415298267076087
transect,estimated,3570,297.41666666666663,0.6413177430831871
transect,estimated,3571,297.5,0.6413269124368894
transect,estimated,3572,297.58333333333337,0.6411045286929454
transect,estimated,3573,297.66666666666663,0.641177700429586
transect,estimated,3574,297.75,0.6414986081132986
transect,estimated,3575,297.83333333333337,0.6416010934846681
transect,estimated,3576,297.91666666666663,0.6414941689118538
transect,estimated,3577,298.0,0.6414950980620852
transect,estimated,3578,298.08333333333337,0.641564137548622
transect,estimated,3579,298.16666666666663,0.6418842216678259
transect,estimated,3580,298.25,0.6419407804022101
transect,estimated,3581,298.33333333333337,0.6417883846304993
transect,estimated,3582,298.41666666666663,0.6418052769505314
transect,estimated,3583,298.5,0.6417753745324368
transect,estimated,3584,298.58333333333337,0.6418103229532341
transect,estimated,3585,298.66666666666663,0.6417674500258228
transect,estimated,3586,298.75,0.641766635272724
transect,estimated,3587,298.83333333333337,0.6419524218343721
transect,estimated,3588,298.91666666666663,0.6420605690779064
transect,estimated,3589,299.0,0.6419529497617369
transect,estimated,3590,299.08333333333337,0.6419267273685377
transect,estimated,3591,299.16666666666663,0.6418392843450623
transect,estimated,3592,299.25,0.6418997491025242
transect,estimated,3593,299.33333333333337,0.6419943942440033
transect,estimated,3594,299.41666666666663,0.6418902995886896
transect,estimated,3595,299.5,0.6419208825020932
transect,estimated,3596,299.58333333333337,0.6421086784355026
transect,estimated,3597,299.66666666666663,0.6421111177166365
transect,estimated,3598,299.75,0.6419783193539477
transect,estimated,3599,299.83333333333337,0.641830925690317
transect,estimated,3600,299.91666666666663,0.6420186687490173
transect,estimated,3601,300.0,0.6421235648123442
transect,estimated,3602,300.08333333333337,0.6417922545618232
transect,estimated,3603,300.16666666666663,0.641686949849685
transect,estimated,3604,300.25,0.6414912088847475
transect,estimated,3605,300.33333333333337,0.6413686862785917
transect,estimated,3606,300.41666666666663,0.6412734509967987
transect,estimated,3607,300.5,0.6412544701975431
transect,estimated,3608,300.58333333333337,0.6409647149637299
transect,estimated,3609,300.66666666666663,0.6406446205041804
transect,estimated,3610,300.75,0.6407225642535798
transect,estimated,3611,300.83333333333337,0.6405334850435681
transect,estimated,3612,300.91666666666663,0.6399166875074788
transect,estimated,3613,301.0,0.6394469718229372
transect,estimated,3614,301.08333333333337,0.637364217963704
transect,estimated,3615,301.16666666666663,0.6361515394726562
transect,estimated,3616,301.25,0.6360014154349323
transect,estimated,3617,301.33333333333337,0.6339666370359529
transect,estimated,3618,301.41666666666663,0.6323873114163697
transect,estimated,3619,301.5,0.6314942339693786
transect,estimated,3620,301.58333333333337,0.629405971256698
transect,estimated,3621,301.66666666666663,0.6288394872102145
transect,estimated,3622,301.75,0.6285943595857045
transect,estimated,3623,301.83333333333337,0.6241958683174293
transect,estimated,3624,301.91666666666663,0.6238797488773341
transect,estimated,3625,302.0,0.6240932666735496
transect,estimated,3626,302.08333333333337,0.6232562458563057
transect,estimated,3627,302.16666666666663,0.6220596374661815
transect,estimated,3628,302.25,0.6203410345987815
transect,estimated,3629,302.33333333333337,0.619306716739451
transect,estimated,3630,302.41666666666663,0.6187155139654528
transect,estimated,3631,302.5,0.6184824952364341
transect,estimated,3632,302.58333333333337,0.6182462575318693
transect,estimated,3633,302.66666666666663,0.6195483080248726
transect,estimated,3634,302.75,0.6198097228599067
transect,estimated,3635,302.83333333333337,0.6173671784163345
transect,estimated,3636,302.91666666666663,0.618437789981094
transect,estimated,3637,303.0,0.619813036545435
transect,estimated,3638,303.08333333333337,0.6206668433597224
transect,estimated,3639,303.16666666666663,0.6213825057241104
transect,estimated,3640,303.25,0.6205058834212772
transect,estimated,3641,303.33333333333337,0.6214738553148719
transect,estimated,3642,303.41666666666663,0.6212458280315551
transect,estimated,3643,303.5,0.6227710406683613
transect,estimated,3644,303.58333333333337,0.6234359681541016
transect,estimated,3645,303.66666666666663,0.623645072924474
transect,estimated,3646,303.75,0.6244807837688424
transect,estimated,3647,303.83333333333337,0.6241731363532322
transect,estimated,3648,303.91666666666663,0.6245613202104213
transect,estimated,3649,304.0,0.625152219863106
transect,estimated,3650,304.08333333333337,0.6247289986267384
transect,estimated,3651,304.16666666666663,0.6250146877314818
transect,estimated,3652,304.25,0.6246874041738061
transect,estimated,3653,304.33333333333337,0.6254870308058497
transect,estimated,3654,304.41666666666663,0.6255348151243959
transect,estimated,3655,304.5,0.6258428004731316
transect,estimated,3656,304.58333333333337,0.6255314848997983
transect,estimated,3657,304.66666666666663,0.6257007484378755
transect,estimated,3658,304.75,0.6251408724465394
transect,estimated,3659,304.83333333333337,0.6252413914269236
transect,estimated,3660,304.91666666666663,0.6252657857707102
transect,estimated,3661,305.0,0.6238408824138494
transect,estimated,3662,305.08333333333337,0.6237975537738865
transect,estimated,3663,305.16666666666663,0.6241101768050257
transect,estimated,3664,305.25,0.6233510701246902
transect,estimated,3665,305.33333333333337,0.6235902719672469
transect,estimated,3666,305.41666666666663,0.6226763827904906
transect,estimated,3667,305.5,0.6215507655526984
transect,estimated,3668,305.58333333333337,0.6213207887914212
transect,estimated,3669,305.66666666666663,0.6199801720457914
transect,estimated,3670,305.75,0.6199300386934976
transect,estimated,3671,305.83333333333337,0.6192774008522199
transect,estimated,3672,305.91666666666663,0.6196010604709771
transect,estimated,3673,306.0,0.6186783449508366
transect,estimated,3674,306.08333333333337,0.620060298335178
transect,estimated,3675,306.16666666666663,0.6174963776769857
transect,estimated,3676,306.25,0.6171980404169807
transect,estimated,3677,306.33333333333337,0.6158117891339716
transect,estimated,3678,306.41666666666663,0.6145758227772053
transect,estimated,3679,306.5,0.6133909846060899
transect,estimated,3680,306.58333333333337,0.6126233036189468
transect,estimated,3681,306.66666666666663,0.6126718798367287
transect,estimated,3682,306.75,0.613218139061501
transect,estimated,3683,306.83333333333337,0.6122299222896009
transect,estimated,3684,306.91666666666663,0.6125873614682359
transect,estimated,3685,307.0,0.613062878479123
transect,estimated,3686,307.08333333333337,0.6116710673209008
transect,estimated,3687,307.16666666666663,0.6086409779457065
transect,estimated,3688,307.25,0.6101156031499211
transect,estimated,3689,307.33333333333337,0.6074698005720225
transect,estimated,3690,307.41666666666663,0.6078622102374299
transect,estimated,3691,307.5,0.6062742019701184
transect,estimated,3692,307.58333333333337,0.6052608112864365
transect,estimated,3693,307.66666666666663,0.6072790992432496
transect,estimated,3694,307.75,0.6081203119774882
transect,estimated,3695,307.83333333333337,0.6090462975952718
transect,estimated,3696,307.91666666666663,0.6095530578402717
transect,estimated,3697,308.0,0.6086386211782796
transect,estimated,3698,308.08333333333337,0.6086510240350705
transect,estimated,3699,308.16666666666663,0.6090258531592581
transect,estimated,3700,308.25,0.6087995694826888
transect,estimated,3701,308.33333333333337,0.6103826482520462
transect,estimated,3702,308.41666666666663,0.6119825804259127
transect,estimated,3703,308.5,0.6126847169920621
transect,estimated,3704,308.58333333333337,0.6135639481184475
transect,estimated,3705,308.66666666666663,0.6131416583643735
transect,estimated,3706,308.75,0.6129560011148336
transect,estimated,3707,308.83333333333337,0.6143662639313879
transect,estimated,3708,308.91666666666663,0.6153205758249669
transect,estimated,3709,309.0,0.6161308563272021
transect,estimated,3710,309.08333333333337,0.6155428557449792
transect,estimated,3711,309.16666666666663,0.6161595895764711
transect,estimated,3712,309.25,0.6169881647383725
transect,estimated,3713,309.33333333333337,0.6175610690437703
transect,estimated,3714,309.41666666666663,0.6173955900633123
transect,estimated,3715,309.5,0.6180570001050133
transect,estimated,3716,309.58333333333337,0.6184325962560768
transect,estimated,3717,309.66666666666663,0.618204065977479
transect,estimated,3718,309.75,0.6185648650312648
transect,estimated,3719,309.83333333333337,0.619070019906367
transect,estimated,3720,309.91666666666663,0.6194006317271218
transect,estimated,3721,310.0,0.6198105540026491
transect,estimated,3722,310.08333333333337,0.6208769879222378
transect,estimated,3723,310.16666666666663,0.6209516446109399
transect,estimated,3724,310.25,0.6206275993414447
transect,estimated,3725,310.33333333333337,0.6211361233702487
transect,estimated,3726,310.41666666666663,0.6218094359600833
transect,estimated,3727,310.5,0.6221451958279268
transect,estimated,3728,310.58333333333337,0.6222196232443632
transect,estimated,3729,310.66666666666663,0.622807474727357
transect,estimated,3730,310.75,0.6228031975992732
transect,estimated,3731,310.83333333333337,0.622684520864573
transect,estimated,3732,310.91666666666663,0.6230091607644701
transect,estimated,3733,311.0,0.6227599000942898
transect,estimated,3734,311.08333333333337,0.6235298943713347
transect,estimated,3735,311.16666666666663,0.6236489455952603
transect,estimated,3736,311.25,0.623634210679671
transect,estimated,3737,311.33333333333337,0.6233586595930678
transect,estimated,3738,311.41666666666663,0.6235932021624465
transect,estimated,3739,311.5,0.6236050786727398
transect,estimated,3740,311.58333333333337,0.6239454900907847
transect,estimated,3741,311.66666666666663,0.6239248097753054
transect,estimated,3742,311.75,0.6240526980207994
transect,estimated,3743,311.83333333333337,0.6242085810469236
transect,estimated,3744,311.91666666666663,0.624544849607502
transect,estimated,3745,312.0,0.6249260613146538
transect,estimated,3746,312.08333333333337,0.6250195656752077
transect,estimated,3747,312.16666666666663,0.6247739091379827
transect,estimated,3748,312.25,0.6252077487403289
transect,estimated,3749,312.33333333333337,0.6250167638090545
transect,estimated,3750,312.41666666666663,0.625206543121015
transect,estimated,3751,312.5,0.625546915375213
transect,estimated,3752,312.58333333333337,0.6262602889849419
transect,estimated,3753,312.66666666666663,0.6262755560822453
transect,estimated,3754,312.75,0.6266287853924645
transect,estimated,3755,312.83333333333337,0.6264922941163291
transect,estimated,3756,312.91666666666663,0.6264671248442006
transect,estimated,3757,313.0,0.6263446129610832
transect,estimated,3758,313.08333333333337,0.6262336817070913
transect,estimated,3759,313.16666666666663,0.6261872939195886
transect,estimated,3760,313.25,0.6263404733381862
transect,estimated,3761,313.33333333333337,0.6262666683577076
transect,estimated,3762,313.41666666666663,0.6262638251968681
transect,estimated,3763,313.5,0.6263028291334961
transect,estimated,3764,313.58333333333337,0.6263540233609326
transect,estimated,3765,313.66666666666663,0.626643137741781
transect,estimated,3766,313.75,0.6266459960324567
transect,estimated,3767,313.83333333333337,0.6263494980917195
transect,estimated,3768,313.91666666666663,0.626542593390537
transect,estimated,3769,314.0,0.6268550889327557
transect,estimated,3770,314.08333333333337,0.6265962933422837
transect,estimated,3771,314.16666666666663,0.6266347962630585
transect,estimated,3772,314.25,0.6265913515387465
transect,estimated,3773,314.33333333333337,0.6267235021537658
transect,estimated,3774,314.41666666666663,0.626582320301915
transect,estimated,3775,314.5,0.6268445039569148
transect,estimated,3776,314.58333333333337,0.6270528102222557
transect,estimated,3777,314.66666666666663,0.627157489171398
transect,estimated,3778,314.75,0.6268976935352951
transect,estimated,3779,314.83333333333337,0.6269158563734841
transect,estimated,3780,314.91666666666663,0.6266165222513608
transect,estimated,3781,315.0,0.6272382675238252
transect,estimated,3782,315.08333333333337,0.6277512863589204
transect,estimated,3783,315.16666666666663,0.6277613967110073
transect,estimated,3784,315.25,0.6273104689432252
transect,estimated,3785,315.33333333333337,0.6278646546572979
transect,estimated,3786,315.41666666666663,0.6278197146759626
transect,estimated,3787,315.5,0.6275467179699283
transect,estimated,3788,315.58333333333337,0.6272542565692962
transect,estimated,3789,315.66666666666663,0.6284507730463328
transect,estimated,3790,315.75,0.6287843353087783
transect,estimated,3791,315.83333333333337,0.6276732243733592
transect,estimated,3792,315.91666666666663,0.6270685858361403
transect,estimated,3793,316.0,0.6269163967077367
transect,estimated,3794,316.08333333333337,0.6260967498022528
transect,estimated,3795,316.16666666666663,0.626869120188749
transect,estimated,3796,316.25,0.6280489332142692
transect,estimated,3797,316.33333333333337,0.6280442606324641
transect,estimated,3798,316.41666666666663,0.6281921821371209
transect,estimated,3799,316.5,0.6273233563630947
transect,estimated,3800,316.58333333333337,0.6261141158266254
transect,estimated,3801,316.66666666666663,0.6258880112826586
transect,estimated,3802,316.75,0.624749352337952
transect,estimated,3803,316.83333333333337,0.6227892548195061
transect,estimated,3804,316.91666666666663,0.6220221605355332
transect,estimated,3805,317.0,0.6223436665016264
transect,estimated,3806,317.08333333333337,0.6203627158297069
transect,estimated,3807,317.16666666666663,0.6208496366952074
transect,estimated,3808,317.25,0.621008720217663
transect,estimated,3809,317.33333333333337,0.6200749144813319
transect,estimated,3810,317.41666666666663,0.6187796506210853
transect,estimated,3811,317.5,0.616211056072424
transect,estimated,3812,317.58333333333337,0.6160994598271028
transect,estimated,3813,317.66666666666663,0.6138524050796921
transect,estimated,3814,317.75,0.6129814530826302
transect,estimated,3815,317.83333333333337,0.6126086153517307
transect,estimated,3816,317.91666666666663,0.6113671200249602
transect,estimated,3817,318.0,0.6109863749584695
transect,estimated,3818,318.08333333333337,0.6112115853469963
transect,estimated,3819,318.16666666666663,0.6099278172810738
transect,estimated,3820,318.25,0.6093734529493587
transect,estimated,3821,318.33333333333337,0.6099166592823674
transect,estimated,3822,318.41666666666663,0.6090920241735585
transect,estimated,3823,318.5,0.6077627662090154
transect,estimated,3824,318.58333333333337,0.6084495572024127
transect,estimated,3825,318.66666666666663,0.6087778045729341
transect,estimated,3826,318.75,0.6079708040461576
transect,estimated,3827,318.83333333333337,0.6060850323418864
transect,estimated,3828,318.91666666666663,0.6100764101864223
transect,estimated,3829,319.0,0.6096851110554368
transect,estimated,3830,319.08333333333337,0.6094482839774226
transect,estimated,3831,319.16666666666663,0.6105059493626965
transect,estimated,3832,319.25,0.6121146755985852
transect,estimated,3833,319.33333333333337,0.6126111005894994
transect,estimated,3834,319.41666666666663,0.6124528729772023
transect,estimated,3835,319.5,0.6131702640247645
transect,estimated,3836,319.58333333333337,0.6161306851945955
transect,estimated,3837,319.66666666666663,0.6164517387195355
transect,estimated,3838,319.75,0.6183703949370614
transect,estimated,3839,319.83333333333337,0.6181379156274222
transect,estimated,3840,319.91666666666663,0.6187108309081422
transect,estimated,3841,320.0,0.6189679134378425
transect,estimated,3842,320.08333333333337,0.6208107639722527
transect,estimated,3843,320.16666666666663,0.6219667844543189
transect,estimated,3844,320.25,0.6226521009705968
transect,estimated,3845,320.33333333333337,0.6246284817811862
transect,estimated,3846,320.41666666666663,0.6258433934241119
transect,estimated,3847,320.5,0.6271875574183134
transect,estimated,3848,320.58333333333337,0.6269323020867685
transect,estimated,3849,320.66666666666663,0.6276027102539962
transect,estimated,3850,320.75,0.6276646424634679
transect,estimated,3851,320.83333333333337,0.6273970822254373
transect,estimated,3852,320.91666666666663,0.6282006659153119
transect,estimated,3853,321.0,0.6290297327893718
transect,estimated,3854,321.08333333333337,0.6287102050131911
transect,estimated,3855,321.16666666666663,0.6288612994615733
transect,estimated,3856,321.25,0.6299616779415369
transect,estimated,3857,321.33333333333337,0.6304521547403423
transect,estimated,3858,321.41666666666663,0.6310849922540744
transect,estimated,3859,321.5,0.6316377676513489
transect,estimated,3860,321.58333333333337,0.6326264183560181
transect,estimated,3861,321.66666666666663,0.6336093686996166
transect,estimated,3862,321.75,0.6331558868680991
transect,estimated,3863,321.83333333333337,0.6332712662645003
transect,estimated,3864,321.91666666666663,0.6338991439251479
transect,estimated,3865,322.0,0.6341671921057197
transect,estimated,3866,322.08333333333337,0.6343844380750134
transect,estimated,3867,322.16666666666663,0.6347707905618059
transect,estimated,3868,322.25,0.6347278272836977
transect,estimated,3869,322.33333333333337,0.6347340221259785
transect,estimated,3870,322.41666666666663,0.6345764569036539
transect,estimated,3871,322.5,0.6348803723573374
transect,estimated,3872,322.58333333333337,0.6351224116807707
transect,estimated,3873,322.66666666666663,0.6354365392445321
transect,estimated,3874,322.75,0.6356146349349218
transect,estimated,3875,322.83333333333337,0.6359599647928067
transect,estimated,3876,322.91666666666663,0.6361122759580831
transect,estimated,3877,323.0,0.6360582600774848
transect,estimated,3878,323.08333333333337,0.6360111043254769
transect,estimated,3879,323.16666666666663,0.6362002515128098
transect,estimated,3880,323.25,0.6361859415102571
transect,estimated,3881,323.33333333333337,0.6360926828110014
transect,estimated,3882,323.41666666666663,0.6362123325523589
transect,estimated,3883,323.5,0.6364048107728432
transect,estimated,3884,323.58333333333337,0.6366571953310027
transect,estimated,3885,323.66666666666663,0.6367875587148475
transect,estimated,3886,323.75,0.6367483679538531
transect,estimated,3887,323.83333333333337,0.6365792438262916
transect,estimated,3888,323.91666666666663,0.6365346808696033
transect,estimated,3889,324.0,0.6365066697491727
transect,estimated,3890,324.08333333333337,0.6363974399008587
transect,estimated,3891,324.16666666666663,0.636224322784753
transect,estimated,3892,324.25,0.6358815339658815
transect,estimated,3893,324.33333333333337,0.6358156893193527
transect,estimated,3894,324.41666666666663,0.635555119443121
transect,estimated,3895,324.5,0.6356111578222072
transect,estimated,3896,324.58333333333337,0.6353453519228015
transect,estimated,3897,324.66666666666663,0.6352097430311239
transect,estimated,3898,324.75,0.63490143578047
transect,estimated,3899,324.83333333333337,0.6347305445343082
transect,estimated,3900,324.91666666666663,0.6347971885889929
transect,estimated,3901,325.0,0.6347232163457481
transect,estimated,3902,325.08333333333337,0.634643214166353
transect,estimated,3903,325.16666666666663,0.6343585013276739
transect,estimated,3904,325.25,0.6345808650725988
transect,estimated,3905,325.33333333333337,0.6344407146412367
transect,estimated,3906,325.41666666666663,0.6342704626582677
transect,estimated,3907,325.5,0.6341434527991285
transect,estimated,3908,325.58333333333337,0.63455473696177
transect,estimated,3909,325.66666666666663,0.6345903515453489
transect,estimated,3910,325.75,0.6347312478347918
transect,estimated,3911,325.83333333333337,0.6347088189275952
transect,estimated,3912,325.91666666666663,0.6341805705031047
transect,estimated,3913,326.0,0.6339726191131596
transect,estimated,3914,326.08333333333337,0.6344621931512415
transect,estimated,3915,326.16666666666663,0.6347014780675085
transect,estimated,3916,326.25,0.634556925984356
transect,estimated,3917,326.33333333333337,0.6348782482369343
transect,estimated,3918,326.41666666666663,0.6351446340816295
transect,estimated,3919,326.5,0.6352195320267102
transect,estimated,3920,326.58333333333337,0.6352576739792154
transect,estimated,3921,326.66666666666663,0.635298539046182
transect,estimated,3922,326.75,0.6354035516161625
transect,estimated,3923,326.83333333333337,0.6356542266101164
transect,estimated,3924,326.91666666666663,0.6353687256439029
transect,estimated,3925,327.0,0.6352552930426768
transect,estimated,3926,327.08333333333337,0.6352515561113873
transect,estimated,3927,327.16666666666663,0.6353899174060154
transect,estimated,3928,327.25,0.6351556252940374
transect,estimated,3929,327.33333333333337,0.6352408134046096
transect,estimated,3930,327.41666666666663,0.6357337515302963
transect,estimated,3931,327.5,0.6358002321609217
transect,estimated,3932,327.58333333333337,0.6354928073048597
transect,estimated,3933,327.66666666666663,0.6354281471974206
transect,estimated,3934,327.75,0.6354960185724327
transect,estimated,3935,327.83333333333337,0.6354117755726194
transect,estimated,3936,327.91666666666663,0.6354674853688532
transect,estimated,3937,328.0,0.6353906156279205
transect,estimated,3938,328.08333333333337,0.6353391917145239
transect,estimated,3939,328.16666666666663,0.6352191585943673
transect,estimated,3940,328.25,0.635431000640016
transect,estimated,3941,328.33333333333337,0.6354999531870102
transect,estimated,3942,328.41666666666663,0.6357293626553712
transect,estimated,3943,328.5,0.6355700780210103
transect,estimated,3944,328.58333333333337,0.6355975029086751
transect,estimated,3945,328.66666666666663,0.6354431106460988
transect,estimated,3946,328.75,0.6354249990802291
transect,estimated,3947,328.83333333333337,0.6352967229942046
transect,estimated,3948,328.91666666666663,0.6351617724906814
transect,estimated,3949,329.0,0.6351643249043237
transect,estimated,3950,329.08333333333337,0.634795128100596
transect,estimated,3951,329.16666666666663,0.6349860697866494
transect,estimated,3952,329.25,0.6349135389550933
transect,estimated,3953,329.33333333333337,0.6348969384919511
transect,estimated,3954,329.41666666666663,0.634954970349612
transect,estimated,3955,329.5,0.6348594026584892
transect,estimated,3956,329.58333333333337,0.6348044154310396
transect,estimated,3957,329.66666666666663,0.6349776078143756
transect,estimated,3958,329.75,0.6346596964187161
transect,estimated,3959,329.83333333333337,0.6346003753804
transect,estimated,3960,329.91666666666663,0.634505437942931
transect,estimated,3961,330.0,0.6341270239305584
transect,estimated,3962,330.08333333333337,0.6338462610925812
transect,estimated,3963,330.16666666666663,0.6337675976488989
transect,estimated,3964,330.25,0.6337542103230349
transect,estimated,3965,330.33333333333337,0.6336345960007066
transect,estimated,3966,330.41666666666663,0.6333707022607034
transect,estimated,3967,330.5,0.6332327795235335
transect,estimated,3968,330.58333333333337,0.6328542449224399
transect,estimated,3969,330.66666666666663,0.6325614646751998
transect,estimated,3970,330.75,0.6323713417945702
transect,estimated,3971,330.83333333333337,0.6320330646208077
transect,estimated,3972,330.91666666666663,0.6317746678554266
transect,estimated,3973,331.0,0.6317030871599103
transect,estimated,3974,331.08333333333337,0.6313498759590006
transect,estimated,3975,331.16666666666663,0.6309927357670521
transect,estimated,3976,331.25,0.6306436999354422
transect,estimated,3977,331.33333333333337,0.6305188562317924
transect,estimated,3978,331.41666666666663,0.6304612140926632
transect,estimated,3979,331.5,0.6303492220203402
transect,estimated,3980,331.58333333333337,0.6304129227500149
transect,estimated,3981,331.66666666666663,0.6305163893396384
transect,estimated,3982,331.75,0.6304055111108705
transect,estimated,3983,331.83333333333337,0.6300104408598876
transect,estimated,3984,331.91666666666663,0.6303786735206637
transect,estimated,3985,332.0,0.6300477944322683
transect,estimated,3986,332.08333333333337,0.6301548752183094
transect,estimated,3987,332.16666666666663,0.6299889027359603
transect,estimated,3988,332.25,0.6303005611946503
transect,estimated,3989,332.33333333333337,0.6302937669906709
transect,estimated,3990,332.41666666666663,0.6302089642039546
transect,estimated,3991,332.5,0.6302587859097766
transect,estimated,3992,332.58333333333337,0.6307467965822167
transect,estimated,3993,332.66666666666663,0.6307296593042293
transect,estimated,3994,332.75,0.6305126388571789
transect,estimated,3995,332.83333333333337,0.6307875476359422
transect,estimated,3996,332.91666666666663,0.6306306097752401
transect,estimated,3997,333.0,0.6307001156297111
transect,estimated,3998,333.08333333333337,0.6306449007966172
transect,estimated,3999,333.16666666666663,0.6305572238916765
transect,estimated,4000,333.25,0.630764435649365
transect,estimated,4001,333.33333333333337,0.6311586844684199
transect,estimated,4002,333.41666666666663,0.6307519813489654
transect,estimated,4003,333.5,0.6308085969401281
transect,estimated,4004,333.58333333333337,0.6303247659244917
transect,estimated,4005,333.66666666666663,0.630195232772079
transect,estimated,4006,333.75,0.6302355012744885
transect,estimated,4007,333.83333333333337,0.6303275358664915
transect,estimated,4008,333.91666666666663,0.6303749672194733
transect,estimated,4009,334.0,0.6301346702304778
transect,estimated,4010,334.08333333333337,0.6301244981510281
transect,estimated,4011,334.16666666666663,0.6298476726355786
transect,estimated,4012,334.25,0.6294188318115133
transect,estimated,4013,334.33333333333337,0.6289731264474258
transect,estimated,4014,334.41666666666663,0.6286308006101812
transect,estimated,4015,334.5,0.6288706294112744
transect,estimated,4016,334.58333333333337,0.6286546822022038
transect,estimated,4017,334.66666666666663,0.6280791581993299
transect,estimated,4018,334.75,0.6272809265880279
transect,estimated,4019,334.83333333333337,0.6264740927580371
transect,estimated,4020,334.91666666666663,0.6269255109070209
transect,estimated,4021,335.0,0.625992676902771
transect,estimated,4022,335.08333333333337,0.6266607620443144
transect,estimated,4023,335.16666666666663,0.6269346752703885
transect,estimated,4024,335.25,0.6248606113186699
transect,estimated,4025,335.33333333333337,0.6237992562436312
transect,estimated,4026,335.41666666666663,0.620823992237458
transect,estimated,4027,335.5,0.6202091971879311
transect,estimated,4028,335.58333333333337,0.6194479457804564
transect,estimated,4029,335.66666666666663,0.6187268360953815
transect,estimated,4030,335.75,0.6181482407733887
transect,estimated,4031,335.83333333333337,0.6176181646521657
transect,estimated,4032,335.91666666666663,0.6165797063219738
transect,estimated,4033,336.0,0.6152113213524443
transect,estimated,4034,336.08333333333337,0.612666761773642
transect,estimated,4035,336.16666666666663,0.6111562111575373
transect,estimated,4036,336.25,0.6098313388092634
transect,estimated,4037,336.33333333333337,0.61046900459978
transect,estimated,4038,336.41666666666663,0.6095446225051998
transect,estimated,4039,336.5,0.6098825841664183
transect,estimated,4040,336.58333333333337,0.6118520611495366
transect,estimated,4041,336.66666666666663,0.6116802295691762
transect,estimated,4042,336.75,0.6115926440587515
transect,estimated,4043,336.83333333333337,0.6124999729648364
transect,estimated,4044,336.91666666666663,0.6108279288295144
transect,estimated,4045,337.0,0.6138956526830163
transect,estimated,4046,337.08333333333337,0.6125089522787863
transect,estimated,4047,337.16666666666663,0.6142936215687093
transect,estimated,4048,337.25,0.6144623201611288
transect,estimated,4049,337.33333333333337,0.6142196625495004
transect,estimated,4050,337.41666666666663,0.6167600026754859
transect,estimated,4051,337.5,0.6162101988283273
transect,estimated,4052,337.58333333333337,0.6170608711953579
transect,estimated,4053,337.66666666666663,0.6189836398968269
transect,estimated,4054,337.75,0.6206878883977938
transect,estimated,4055,337.83333333333337,0.6208507899767314
transect,estimated,4056,337.91666666666663,0.6215372035913473
transect,estimated,4057,338.0,0.6217494597699265
transect,estimated,4058,338.08333333333337,0.6229002164072543
transect,estimated,4059,338.16666666666663,0.6234976585934042
transect,estimated,4060,338.25,0.623838938803493
transect,estimated,4061,338.33333333333337,0.6251235077349446
transect,estimated,4062,338.41666666666663,0.62409151543781
transect,estimated,4063,338.5,0.6232311544419872
transect,estimated,4064,338.58333333333337,0.6236083995143337
transect,estimated,4065,338.66666666666663,0.6254449649705948
transect,estimated,4066,338.75,0.6264104167244157
transect,estimated,4067,338.83333333333337,0.6269754859387249
transect,estimated,4068,338.91666666666663,0.6279483901641955
transect,estimated,4069,339.0,0.6279708904472002
transect,estimated,4070,339.08333333333337,0.629013192157595
transect,estimated,4071,339.16666666666663,0.6288276815965383
transect,estimated,4072,339.25,0.6291786024765997
transect,estimated,4073,339.33333333333337,0.6290025887875513
transect,estimated,4074,339.41666666666663,0.6288989683748234
transect,estimated,4075,339.5,0.6298546456522579
transect,estimated,4076,339.58333333333337,0.630084831500373
transect,estimated,4077,339.66666666666663,0.630157516436375
transect,estimated,4078,339.75,0.6314625851935326
transect,estimated,4079,339.83333333333337,0.6314063207703784
transect,estimated,4080,339.91666666666663,0.6317293863402755
transect,estimated,4081,340.0,0.6318773431898542
transect,estimated,4082,340.08333333333337,0.6327335094702555
transect,estimated,4083,340.16666666666663,0.6327434697157344
transect,estimated,4084,340.25,0.6322833985496544
transect,estimated,4085,340.33333333333337,0.6332769362680671
transect,estimated,4086,340.41666666666663,0.6326628084908578
transect,estimated,4087,340.5,0.6326138362650582
transect,estimated,4088,340.58333333333337,0.6330242730558431
transect,estimated,4089,340.66666666666663,0.6327151358201487
transect,estimated,4090,340.75,0.6327191154060359
transect,estimated,4091,340.83333333333337,0.6334434430515147
transect,estimated,4092,340.91666666666663,0.6344260477416249
transect,estimated,4093,341.0,0.6358880080292659
transect,estimated,4094,341.08333333333337,0.6359320877809005
transect,estimated,4095,341.16666666666663,0.6358619829018881
transect,estimated,4096,341.25,0.6357773198101551
transect,estimated,4097,341.33333333333337,0.6367557347678259
transect,estimated,4098,341.41666666666663,0.637125298385134
transect,estimated,4099,341.5,0.637247812829382
transect,estimated,4100,341.58333333333337,0.6372767897573058
transect,estimated,4101,341.66666666666663,0.637906884356018
transect,estimated,4102,341.75,0.6381404949377742
transect,estimated,4103,341.83333333333337,0.638243698567145
transect,estimated,4104,341.91666666666663,0.6378250696670683
transect,estimated,4105,342.0,0.6378638903050956
transect,estimated,4106,342.08333333333337,0.6379336743345672
transect,estimated,4107,342.16666666666663,0.637630396937654
transect,estimated,4108,342.25,0.6380829915444218
transect,estimated,4109,342.33333333333337,0.6377210965337281
transect,estimated,4110,342.41666666666663,0.6379992650994781
transect,estimated,4111,342.5,0.6382810071017049
transect,estimated,4112,342.58333333333337,0.637685097150216
transect,estimated,4113,342.66666666666663,0.6372937794597807
transect,estimated,4114,342.75,0.6379135783879236
transect,estimated,4115,342.83333333333337,0.638933286390469
transect,estimated,4116,342.91666666666663,0.6392665766796198
transect,estimated,4117,343.0,0.6392730826413106
transect,estimated,4118,343.08333333333337,0.6389622289692007
transect,estimated,4119,343.16666666666663,0.6390237578212039
transect,estimated,4120,343.25,0.638653815792891
transect,estimated,4121,343.33333333333337,0.638937850353967
transect,estimated,4122,343.41666666666663,0.6391307935154468
transect,estimated,4123,343.5,0.6391754043236341
transect,estimated,4124,343.58333333333337,0.6391790022290194
transect,estimated,4125,343.66666666666663,0.6396509835398562
transect,estimated,4126,343.75,0.6392535068125673
transect,estimated,4127,343.83333333333337,0.6388109577018192
transect,estimated,4128,343.91666666666663,0.6385682343640332
transect,estimated,4129,344.0,0.6381340995990871
transect,estimated,4130,344.08333333333337,0.6376669948785145
transect,estimated,4131,344.16666666666663,0.6387921329600205
transect,estimated,4132,344.25,0.639418886696151
transect,estimated,4133,344.33333333333337,0.6393676994331156
transect,estimated,4134,344.41666666666663,0.6388382282343688
transect,estimated,4135,344.5,0.6390658718106
transect,estimated,4136,344.58333333333337,0.6389836062503989
transect,estimated,4137,344.66666666666663,0.6387457674325628
transect,estimated,4138,344.75,0.6386460866656479
transect,estimated,4139,344.83333333333337,0.6378380378406217
transect,estimated,4140,344.91666666666663,0.6375376056189572
transect,estimated,4141,345.0,0.6370818956627562
transect,estimated,4142,345.08333333333337,0.6368415014319059
transect,estimated,4143,345.16666666666663,0.6363214727111102
transect,estimated,4144,345.25,0.6364077208970903
transect,estimated,4145,345.33333333333337,0.6354691821553322
transect,estimated,4146,345.41666666666663,0.6361011926071981
transect,estimated,4147,345.5,0.6348543849260754
transect,estimated,4148,345.58333333333337,0.6347248022727566
transect,estimated,4149,345.66666666666663,0.6338398481112243
transect,estimated,4150,345.75,0.635148965810379
transect,estimated,4151,345.83333333333337,0.6355574146284646
transect,estimated,4152,345.91666666666663,0.63646089865807
transect,estimated,4153,346.0,0.6362914937545506
transect,estimated,4154,346.08333333333337,0.6361502742545853
transect,estimated,4155,346.16666666666663,0.6356977570625713
transect,estimated,4156,346.25,0.6363509427342328
transect,estimated,4157,346.33333333333337,0.6365386618041398
transect,estimated,4158,346.41666666666663,0.6370113593175827
transect,estimated,4159,346.5,0.6366164730691679
transect,estimated,4160,346.58333333333337,0.637157817741466
transect,estimated,4161,346.66666666666663,0.637536911760867
transect,estimated,4162,346.75,0.6371639315917631
transect,estimated,4163,346.83333333333337,0.6370544224523486
transect,estimated,4164,346.91666666666663,0.6374230856014035
transect,estimated,4165,347.0,0.637791625626071
transect,estimated,4166,347.08333333333337,0.6381795276129989
transect,estimated,4167,347.16666666666663,0.6384622919757429
transect,estimated,4168,347.25,0.638227095880134
transect,estimated,4169,347.33333333333337,0.6381119860675205
transect,estimated,4170,347.41666666666663,0.6383626879941056
transect,estimated,4171,347.5,0.638320026701766
transect,estimated,4172,347.58333333333337,0.6380845538033157
transect,estimated,4173,347.66666666666663,0.6379462527334464
transect,estimated,4174,347.75,0.6379322935857833
transect,estimated,4175,347.83333333333337,0.6377866220462117
transect,estimated,4176,347.91666666666663,0.6374595266928873
transect,estimated,4177,348.0,0.6371414803014009
transect,estimated,4178,348.08333333333337,0.6371270042168145
transect,estimated,4179,348.16666666666663,0.63694688701502
transect,estimated,4180,348.25,0.6365852810615419
transect,estimated,4181,348.33333333333337,0.6364618217101549
transect,estimated,4182,348.41666666666663,0.6362384331070012
transect,estimated,4183,348.5,0.6360360299765736
transect,estimated,4184,348.58333333333337,0.6357457059609107
transect,estimated,4185,348.66666666666663,0.6355940796314543
transect,estimated,4186,348.75,0.6356941920432536
transect,estimated,4187,348.83333333333337,0.6356038463337753
transect,estimated,4188,348.91666666666663,0.6355118144679633
transect,estimated,4189,349.0,0.6354279273950001
transect,estimated,4190,349.08333333333337,0.6352582637054136
transect,estimated,4191,349.16666666666663,0.6353289988534357
transect,estimated,4192,349.25,0.6353797984024079
transect,estimated,4193,349.33333333333337,0.6353586373977625
transect,estimated,4194,349.41666666666663,0.6354022390608699
transect,estimated,4195,349.5,0.6354798492179015
transect,estimated,4196,349.58333333333337,0.6355796344642817
transect,estimated,4197,349.66666666666663,0.6354780112252811
transect,estimated,4198,349.75,0.6353241521953714
transect,estimated,4199,349.83333333333337,0.6353018048539423
transect,estimated,4200,349.91666666666663,0.635364979592797
transect,estimated,4201,350.0,0.635426868342697
transect,estimated,4202,350.08333333333337,0.6352931620236079
transect,estimated,4203,350.16666666666663,0.6353505987894567
transect,estimated,4204,350.25,0.635545427873864
transect,estimated,4205,350.33333333333337,0.6354590441654072
transect,estimated,4206,350.41666666666663,0.6353872713511306
transect,estimated,4207,350.5,0.6352294009088169
transect,estimated,4208,350.58333333333337,0.635334431691971
transect,estimated,4209,350.66666666666663,0.6353079498872137
transect,estimated,4210,350.75,0.6351665175991411
transect,estimated,4211,350.83333333333337,0.635212329152084
transect,estimated,4212,350.91666666666663,0.6354813759401722
transect,estimated,4213,351.0,0.6355379730876534
transect,estimated,4214,351.08333333333337,0.6354368067315779
transect,estimated,4215,351.16666666666663,0.6353886253071502
transect,estimated,4216,351.25,0.6354996598576735
transect,estimated,4217,351.33333333333337,0.6354549799714038
transect,estimated,4218,351.41666666666663,0.6354728254244079
transect,estimated,4219,351.5,0.635474747271282
transect,estimated,4220,351.58333333333337,0.6356122292863244
transect,estimated,4221,351.66666666666663,0.6358904221507796
transect,estimated,4222,351.75,0.6358722922769865
transect,estimated,4223,351.83333333333337,0.6358256270811726
transect,estimated,4224,351.91666666666663,0.6360250677446351
transect,estimated,4225,352.0,0.6361577311728815
transect,estimated,4226,352.08333333333337,0.6362777391570696
transect,estimated,4227,352.16666666666663,0.6362987317729434
transect,estimated,4228,352.25,0.6364256051476116
transect,estimated,4229,352.33333333333337,0.6366772399500097
transect,estimated,4230,352.41666666666663,0.6368801228809635
transect,estimated,4231,352.5,0.6368531060298215
transect,estimated,4232,352.58333333333337,0.6369156562716026
transect,estimated,4233,352.66666666666663,0.6370601960447232
transect,estimated,4234,352.75,0.6372161247041276
transect,estimated,4235,352.83333333333337,0.6373437726586201
transect,estimated,4236,352.91666666666663,0.6373565096754642
transect,estimated,4237,353.0,0.6375899635733138
transect,estimated,4238,353.08333333333337,0.6377902263720058
transect,estimated,4239,353.16666666666663,0.6379274528687571
transect,estimated,4240,353.25,0.6379855605713757
transect,estimated,4241,353.33333333333337,0.6381887107719486
transect,estimated,4242,353.41666666666663,0.6384260863198474
transect,estimated,4243,353.5,0.6386090879677505
transect,estimated,4244,353.58333333333337,0.6386269535690853
transect,estimated,4245,353.66666666666663,0.6387640543669184
transect,estimated,4246,353.75,0.6389847192173294
transect,estimated,4247,353.83333333333337,0.6392802984650299
transect,estimated,4248,353.91666666666663,0.6393633183725589
transect,estimated,4249,354.0,0.6394376469533151
transect,estimated,4250,354.08333333333337,0.6396231220860514
transect,estimated,4251,354.16666666666663,0.6398894841988042
transect,estimated,4252,354.25,0.6400338104806026
transect,estimated,4253,354.33333333333337,0.6400444943908223
transect,estimated,4254,354.41666666666663,0.6401588387074773
transect,estimated,4255,354.5,0.6404127460438878
transect,estimated,4256,354.58333333333337,0.6406363329738604
transect,estimated,4257,354.66666666666663,0.6406961608257825
transect,estimated,4258,354.75,0.6407978508620247
transect,estimated,4259,354.83333333333337,0.6410761935672998
transect,estimated,4260,354.91666666666663,0.6412893716324459
transect,estimated,4261,355.0,0.6413913995079961
transect,estimated,4262,355.08333333333337,0.6414566542995234
transect,estimated,4263,355.16666666666663,0.6416720836193754
transect,estimated,4264,355.25,0.641902903835967
transect,estimated,4265,355.33333333333337,0.642065237713592
transect,estimated,4266,355.41666666666663,0.6420780051510404
transect,estimated,4267,355.5,0.6422876975865429
transect,estimated,4268,355.58333333333337,0.6425591230932066
transect,estimated,4269,355.66666666666663,0.6427099832961242
transect,estimated,4270,355.75,0.6427014726031031
transect,estimated,4271,355.83333333333337,0.6428234950039798
transect,estimated,4272,355.91666666666663,0.6431094645697488
transect,estimated,4273,356.0,0.6433169526870888
transect,estimated,4274,356.08333333333337,0.6433920562029521
transect,estimated,4275,356.16666666666663,0.6434433308764658
transect,estimated,4276,356.25,0.6436655874082915
transect,estimated,4277,356.33333333333337,0.6439055296254316
transect,estimated,4278,356.41666666666663,0.6439848686821473
transect,estimated,4279,356.5,0.6439055392150884
transect,estimated,4280,356.58333333333337,0.644033934634327
transect,estimated,4281,356.66666666666663,0.6442456757871102
transect,estimated,4282,356.75,0.6443645237017852
transect,estimated,4283,356.83333333333337,0.6443963733667953
transect,estimated,4284,356.91666666666663,0.6445263226907392
transect,estimated,4285,357.0,0.6445225919552849
transect,estimated,4286,357.08333333333337,0.6448845979001746
transect,estimated,4287,357.16666666666663,0.64488494065507
transect,estimated,4288,357.25,0.6449757365996467
transect,estimated,4289,357.33333333333337,0.6448786884340143
transect,estimated,4290,357.41666666666663,0.6449231431181943
transect,estimated,4291,357.5,0.6451072336343243
transect,estimated,4292,357.58333333333337,0.6449369458148346
transect,estimated,4293,357.66666666666663,0.6445801769469998
transect,estimated,4294,357.75,0.6442652088467011
transect,estimated,4295,357.83333333333337,0.6437487179472433
transect,estimated,4296,357.91666666666663,0.6434060467232295
transect,estimated,4297,358.0,0.643654651915484
transect,estimated,4298,358.08333333333337,0.6438856129417807
transect,estimated,4299,358.16666666666663,0.6439849254334733
transect,estimated,4300,358.25,0.644029882425433
transect,estimated,4301,358.33333333333337,0.643625181930915
transect,estimated,4302,358.41666666666663,0.6425711103029325
transect,estimated,4303,358.5,0.6419422682628204
transect,estimated,4304,358.58333333333337,0.6422500248320606
transect,estimated,4305,358.66666666666663,0.6422872913151949
transect,estimated,4306,358.75,0.6430283646102514
transect,estimated,4307,358.83333333333337,0.6423586968710832
transect,estimated,4308,358.91666666666663,0.6419797096954767
transect,estimated,4309,359.0,0.6424305955836033
transect,estimated,4310,359.08333333333337,0.6423617837712725
transect,estimated,4311,359.16666666666663,0.6431819516090662
transect,estimated,4312,359.25,0.6427157564603418
transect,estimated,4313,359.33333333333337,0.6422167309852831
transect,estimated,4314,359.41666666666663,0.6421652694521752
transect,estimated,4315,359.5,0.6426468456418495
transect,estimated,4316,359.58333333333337,0.6428073565203268
transect,estimated,4317,359.66666666666663,0.6430668185458566
transect,estimated,4318,359.75,0.6431720173222397
transect,estimated,4319,359.83333333333337,0.6427830412811282
transect,estimated,4320,359.91666666666663,0.6423340185889569
transect,estimated,4321,360.0,0.642063331092042
transect,gt,1,0.0,0.5298262477282941
transect,gt,2,0.08333333333337123,0.5391194716345113
transect,gt,3,0.16666666666662877,0.5417337128017914
transect,gt,4,0.25,0.5431167655784311
transect,gt,5,0.33333333333337123,0.544045657238527
transect,gt,6,0.41666666666662877,0.5447419437452334
transect,gt,7,0.5,0.5452890109639735
transect,gt,8,0.5833333333333712,0.5457274202100145
transect,gt,9,0.6666666666666288,0.5460871886886368
transect,gt,10,0.75,0.5463997424088634
transect,gt,11,0.8333333333333712,0.5466975876569373
transect,gt,12,0.9166666666666288,0.5470064961812319
transect,gt,13,1.0,0.5473395261540343
transect,gt,14,1.0833333333333712,0.5476971406299235
transect,gt,15,1.1666666666666288,0.5480702898338561
transect,gt,16,1.25,0.5484438189158648
transect,gt,17,1.3333333333333712,0.5488002323291608
transect,gt,18,1.4166666666666288,0.5491241680670993
transect,gt,19,1.5,0.5494085062494667
transect,gt,20,1.5833333333333712,0.5496666012619246
transect,gt,21,1.6666666666666288,0.5499440292511308
transect,gt,22,1.75,0.5502859420990763
transect,gt,23,1.8333333333333712,0.5506927907121085
transect,gt,24,1.9166666666666288,0.5511239469889339
transect,gt,25,2.0,0.5515245780200783
transect,gt,26,2.0833333333333712,0.5518559681029173
transect,gt,27,2.1666666666666288,0.5521368849372082
transect,gt,28,2.25,0.5524622361207968
transect,gt,29,2.3333333333333712,0.552882147828966
transect,gt,30,2.4166666666666288,0.5533719937110632
transect,gt,31,2.5,0.5538781165133297
transect,gt,32,2.5833333333333712,0.5543551560582619
transect,gt,33,2.6666666666666288,0.5547859266929287
transect,gt,34,2.75,0.5551808547734254
transect,gt,35,2.8333333333333712,0.5555650678130706
transect,gt,36,2.9166666666666288,0.5559650040852766
transect,gt,37,3.0,0.5563909470676852
transect,gt,38,3.0833333333333712,0.556821587938883
transect,gt,39,3.1666666666666288,0.5572100400192742
transect,gt,40,3.25,0.5575096076870673
transect,gt,41,3.3333333333333712,0.5577674691783076
transect,gt,42,3.4166666666666288,0.5581468997568998
transect,gt,43,3.5,0.5586432054026176
transect,gt,44,3.5833333333333712,0.5591659637126877
transect,gt,45,3.6666666666666288,0.5596332133039974
transect,gt,46,3.75,0.5600405332688232
transect,gt,47,3.8333333333333712,0.5604524909121733
transect,gt,48,3.9166666666666288,0.5609074669341324
transect,gt,49,4.0,0.5613879411872298
transect,gt,50,4.083333333333371,0.5618517351658591
transect,gt,51,4.166666666666629,0.5622633234364793
transect,gt,52,4.25,0.5626182548238176
transect,gt,53,4.333333333333371,0.5629660236419487
transect,gt,54,4.416666666666629,0.5633627321972109
transect,gt,55,4.5,0.5637836780037495
transect,gt,56,4.583333333333371,0.5641430028196792
transect,gt,57,4.666666666666629,0.5644002493183155
transect,gt,58,4.75,0.5647290674492237
transect,gt,59,4.833333333333371,0.5651730130380268
transect,gt,60,4.916666666666629,0.5656434527176286
transect,gt,61,5.0,0.5660613386386821
transect,gt,62,5.083333333333371,0.5664220942726137
transect,gt,63,5.166666666666629,0.566765132318399
transect,gt,64,5.25,0.5671151131276996
transect,gt,65,5.333333333333371,0.567455758518317
transect,gt,66,5.416666666666629,0.5677362622888674
transect,gt,67,5.5,0.5679324290434478
transect,gt,68,5.583333333333371,0.5681574063672203
transect,gt,69,5.666666666666629,0.5684601786729574
transect,gt,70,5.75,0.5687537911256284
transect,gt,71,5.833333333333371,0.5689682225897019
transect,gt,72,5.916666666666629,0.5691626508453829
transect,gt,73,6.0,0.5693924648688523
transect,gt,74,6.083333333333371,0.5696253610600375
transect,gt,75,6.166666666666629,0.5698126396228669
transect,gt,76,6.25,0.5699377243080757
transect,gt,77,6.333333333333371,0.5700246182823402
transect,gt,78,6.416666666666629,0.5701093607155571
transect,gt,79,6.5,0.5701810186603681
transect,gt,80,6.583333333333371,0.5701843627069134
transect,gt,81,6.666666666666629,0.5700302800421221
transect,gt,82,6.75,0.5698879875557631
transect,gt,83,6.833333333333371,0.5698004414878934
transect,gt,84,6.916666666666629,0.5697267200327074
transect,gt,85,7.0,0.5696856897993486
transect,gt,86,7.083333333333371,0.5697377350717233
transect,gt,87,7.166666666666629,0.5698374172522276
transect,gt,88,7.25,0.56989793567086
transect,gt,89,7.333333333333371,0.5699152092537438
transect,gt,90,7.416666666666629,0.5700147485272777
transect,gt,91,7.5,0.5701809399244194
transect,gt,92,7.583333333333371,0.5703208903169722
transect,gt,93,7.666666666666629,0.570378083277769
transect,gt,94,7.75,0.570489895581592
transect,gt,95,7.833333333333371,0.5706910612801157
transect,gt,96,7.916666666666629,0.5708911307715044
transect,gt,97,8.0,0.5709941480007008
transect,gt,98,8.083333333333371,0.5710974404985645
transect,gt,99,8.166666666666629,0.5713061444207642
transect,gt,100,8.25,0.5715455814220698
transect,gt,101,8.333333333333371,0.5717042323070355
transect,gt,102,8.416666666666629,0.5717915207302752
transect,gt,103,8.5,0.5719856602286647
transect,gt,104,8.583333333333371,0.5722436194144972
transect,gt,105,8.666666666666629,0.5724498418117346
transect,gt,106,8.75,0.5725444298110108
transect,gt,107,8.833333333333371,0.5727093982651883
transect,gt,108,8.916666666666629,0.5729668139409976
transect,gt,109,9.0,0.5732088944604415
transect,gt,110,9.083333333333371,0.5733286725842596
transect,gt,111,9.166666666666629,0.5734584155366598
transect,gt,112,9.25,0.5736987327069419
transect,gt,113,9.333333333333371,0.5739611773261796
transect,gt,114,9.416666666666629,0.5741279000824282
transect,gt,115,9.5,0.5742231601737334
transect,gt,116,9.583333333333371,0.5744295248327148
transect,gt,117,9.666666666666629,0.574694149424075
transect,gt,118,9.75,0.5748971103354994
transect,gt,119,9.833333333333371,0.5749845695904012
transect,gt,120,9.916666666666629,0.5751473165943084
transect,gt,121,10.0,0.5753972359534026
transect,gt,122,10.083333333333371,0.5756232613555413
transect,gt,123,10.166666666666629,0.5757200901609525
transect,gt,124,10.25,0.575835437239416
transect,gt,125,10.333333333333371,0.5760567251219452
transect,gt,126,10.416666666666629,0.5762917255997451
transect,gt,127,10.5,0.576424982364249
transect,gt,128,10.583333333333371,0.5764938190808631
transect,gt,129,10.666666666666629,0.5766680806052364
transect,gt,130,10.75,0.5768910835232769
transect,gt,131,10.833333333333371,0.5770466477127297
transect,gt,132,10.916666666666629,0.5770906052263483
transect,gt,133,11.0,0.5772087086484112
transect,gt,134,11.083333333333371,0.5774022304100488
transect,gt,135,11.166666666666629,0.5775644621038922
transect,gt,136,11.25,0.5776014103594147
transect,gt,137,11.333333333333371,0.5776581713680515
transect,gt,138,11.416666666666629,0.5778058233343614
transect,gt,139,11.5,0.5779569856207051
transect,gt,140,11.583333333333371,0.5780079389553773
transect,gt,141,11.666666666666629,0.5780037556205285
transect,gt,142,11.75,0.5780876817906279
transect,gt,143,11.833333333333371,0.5782054221618995
transect,gt,144,11.916666666666629,0.578255464510013
transect,gt,145,12.0,0.5782059594187788
transect,gt,146,12.083333333333371,0.5782178602371142
transect,gt,147,12.166666666666629,0.5782842066243873
transect,gt,148,12.25,0.5783147101049952
transect,gt,149,12.333333333333371,0.5782371682602147
transect,gt,150,12.416666666666629,0.578171872458132
transect,gt,151,12.5,0.57816924004684
transect,gt,152,12.583333333333371,0.5781589356872084
transect,gt,153,12.666666666666629,0.578062179388001
transect,gt,154,12.75,0.5779204946251078
transect,gt,155,12.833333333333371,0.5778335583748997
transect,gt,156,12.916666666666629,0.5777592585808509
transect,gt,157,13.0,0.5776262591050455
transect,gt,158,13.083333333333371,0.5774582235289561
transect,gt,159,13.166666666666629,0.5773819711430643
transect,gt,160,13.25,0.5773919481254856
transect,gt,161,13.333333333333371,0.577406736157018
transect,gt,162,13.416666666666629,0.5774223716123179
transect,gt,163,13.5,0.5775339063336066
transect,gt,164,13.583333333333371,0.5777079217274407
transect,gt,165,13.666666666666629,0.577843823085705
transect,gt,166,13.75,0.5779060162967696
transect,gt,167,13.833333333333371,0.578038675363119
transect,gt,168,13.916666666666629,0.5782561984446831
transect,gt,169,14.0,0.5784575073285291
transect,gt,170,14.083333333333371,0.5785562879748198
transect,gt,171,14.166666666666629,0.5786792222696814
transect,gt,172,14.25,0.5789081950387174
transect,gt,173,14.333333333333371,0.5791541529331798
transect,gt,174,14.416666666666629,0.5793021386833076
transect,gt,175,14.5,0.5794044081427058
transect,gt,176,14.583333333333371,0.5796217894643868
transect,gt,177,14.666666666666629,0.5798933320795846
transect,gt,178,14.75,0.580094113493918
transect,gt,179,14.833333333333371,0.5801866125742605
transect,gt,180,14.916666666666629,0.5803771815527373
transect,gt,181,15.0,0.5806568962076216
transect,gt,182,15.083333333333371,0.580902668870084
transect,gt,183,15.166666666666629,0.5809935310892743
transect,gt,184,15.25,0.5810290447750593
transect,gt,185,15.333333333333371,0.5811182896098911
transect,gt,186,15.416666666666629,0.5811968482722177
transect,gt,187,15.5,0.5811986559612266
transect,gt,188,15.583333333333371,0.5812462761537611
transect,gt,189,15.666666666666629,0.5813837843913354
transect,gt,190,15.75,0.5815230341701618
transect,gt,191,15.833333333333371,0.5815675033071998
transect,gt,192,15.916666666666629,0.5815966607733393
transect,gt,193,16.0,0.5817208517267313
transect,gt,194,16.08333333333337,0.5818745094010324
transect,gt,195,16.16666666666663,0.5819497551168561
transect,gt,196,16.25,0.5819481281342738
transect,gt,197,16.33333333333337,0.5820327116163272
transect,gt,198,16.41666666666663,0.5821750191678446
transect,gt,199,16.5,0.5822683096206225
transect,gt,200,16.58333333333337,0.5822513639774454
transect,gt,201,16.66666666666663,0.5822824645316155
transect,gt,202,16.75,0.5823924761080577
transect,gt,203,16.83333333333337,0.582487249541548
transect,gt,204,16.91666666666663,0.5824710802193928
transect,gt,205,17.0,0.5824469481179135
transect,gt,206,17.08333333333337,0.5825135229100958
transect,gt,207,17.16666666666663,0.5825988857573752
transect,gt,208,17.25,0.5826022787369635
transect,gt,209,17.33333333333337,0.5825357158424325
transect,gt,210,17.41666666666663,0.582563108448275
transect,gt,211,17.5,0.5826436597503876
transect,gt,212,17.58333333333337,0.5826768703456631
transect,gt,213,17.66666666666663,0.5826136140292864
transect,gt,214,17.75,0.582621014483822
transect,gt,215,17.83333333333337,0.582715762125514
transect,gt,216,17.91666666666663,0.582801577353389
transect,gt,217,18.0,0.582782437995539
transect,gt,218,18.08333333333337,0.5827896294347171
transect,gt,219,18.16666666666663,0.582913496392696
transect,gt,220,18.25,0.5830689497483997
transect,gt,221,18.33333333333337,0.5831417728497204
transect,gt,222,18.41666666666663,0.5831609177937719
transect,gt,223,18.5,0.5833106863448475
transect,gt,224,18.58333333333337,0.583534488491741
transect,gt,225,18.66666666666663,0.5837061084332964
transect,gt,226,18.75,0.583767855141829
transect,gt,227,18.83333333333337,0.5839297577174588
transect,gt,228,18.91666666666663,0.5842027841403773
transect,gt,229,19.0,0.5844617871322236
transect,gt,230,19.08333333333337,0.584583271649974
transect,gt,231,19.16666666666663,0.5847409591011633
transect,gt,232,19.25,0.5850371875626662
transect,gt,233,19.33333333333337,0.5853633091667886
transect,gt,234,19.41666666666663,0.585577370338229
transect,gt,235,19.5,0.5857257049997058
transect,gt,236,19.58333333333337,0.5860232224505205
transect,gt,237,19.66666666666663,0.5864011883034562
transect,gt,238,19.75,0.5867086538085395
transect,gt,239,19.83333333333337,0.5868847788000536
transect,gt,240,19.91666666666663,0.5871877389597284
transect,gt,241,20.0,0.587624721321794
transect,gt,242,20.08333333333337,0.5880459612801066
transect,gt,243,20.16666666666663,0.5883070588966561
transect,gt,244,20.25,0.5886382784827296
transect,gt,245,20.33333333333337,0.5891613020838985
transect,gt,246,20.41666666666663,0.589739947879672
transect,gt,247,20.5,0.5901878113079583
transect,gt,248,20.58333333333337,0.5905649176241289
transect,gt,249,20.66666666666663,0.5911224512817046
transect,gt,250,20.75,0.5917644074875259
transect,gt,251,20.83333333333337,0.592295429499017
transect,gt,252,20.91666666666663,0.5926262844380754
transect,gt,253,21.0,0.5930004181764328
transect,gt,254,21.08333333333337,0.5934229532386169
transect,gt,255,21.16666666666663,0.5937575580180718
transect,gt,256,21.25,0.5938989622154928
transect,gt,257,21.33333333333337,0.594082260026775
transect,gt,258,21.41666666666663,0.5944007093922804
transect,gt,259,21.5,0.5947293763606265
transect,gt,260,21.58333333333337,0.594894534459002
transect,gt,261,21.66666666666663,0.5949588128520347
transect,gt,262,21.75,0.5950764302806046
transect,gt,263,21.83333333333337,0.5951963960679849
transect,gt,264,21.91666666666663,0.59525798389585
transect,gt,265,22.0,0.5953723206484949
transect,gt,266,22.08333333333337,0.5955978171389122
transect,gt,267,22.16666666666663,0.5958419573647674
transect,gt,268,22.25,0.5959956596063881
transect,gt,269,22.33333333333337,0.5961390901635684
transect,gt,270,22.41666666666663,0.5964043211147491
transect,gt,271,22.5,0.5967205971524857
transect,gt,272,22.58333333333337,0.5969516326248712
transect,gt,273,22.66666666666663,0.5970988455279056
transect,gt,274,22.75,0.5973628969951336
transect,gt,275,22.83333333333337,0.5977183916848814
transect,gt,276,22.91666666666663,0.5980197256058699
transect,gt,277,23.0,0.5981818484644619
transect,gt,278,23.08333333333337,0.5984207212746485
transect,gt,279,23.16666666666663,0.5987889066297595
transect,gt,280,23.25,0.5991479317023288
transect,gt,281,23.33333333333337,0.5993527496606994
transect,gt,282,23.41666666666663,0.5995544936061876
transect,gt,283,23.5,0.5999121103679481
transect,gt,284,23.58333333333337,0.6003115421577608
transect,gt,285,23.66666666666663,0.6005881039499681
transect,gt,286,23.75,0.6005847175586247
transect,gt,287,23.83333333333337,0.6005602421061325
transect,gt,288,23.91666666666663,0.6005455729507415
transect,gt,289,24.0,0.6004672459448465
transect,gt,290,24.08333333333337,0.600356787537769
transect,gt,291,24.16666666666663,0.6003457081034603
transect,gt,292,24.25,0.6003970953799249
transect,gt,293,24.33333333333337,0.6004050531146252
transect,gt,294,24.41666666666663,0.6003318865166033
transect,gt,295,24.5,0.6003394232045631
transect,gt,296,24.58333333333337,0.6004393327016881
transect,gt,297,24.66666666666663,0.6005260411632352
transect,gt,298,24.75,0.6005057298829902
transect,gt,299,24.83333333333337,0.6005219789977729
transect,gt,300,24.91666666666663,0.6006614620856983
transect,gt,301,25.0,0.6008307521688524
transect,gt,302,25.08333333333337,0.6009026534645093
transect,gt,303,25.16666666666663,0.6009260227907144
transect,gt,304,25.25,0.6010670123021667
transect,gt,305,25.33333333333337,0.6012622865282704
transect,gt,306,25.41666666666663,0.601382577140786
transect,gt,307,25.5,0.6013843074610516
transect,gt,308,25.58333333333337,0.6014680893783101
transect,gt,309,25.66666666666663,0.6016279468644842
transect,gt,310,25.75,0.6017459626374734
transect,gt,311,25.83333333333337,0.6017261966521953
transect,gt,312,25.91666666666663,0.6017514052469409
transect,gt,313,26.0,0.6018910199127786
transect,gt,314,26.08333333333337,0.6020371607521421
transect,gt,315,26.16666666666663,0.6020650257664841
transect,gt,316,26.25,0.6020534670321436
transect,gt,317,26.33333333333337,0.6021643127738672
transect,gt,318,26.41666666666663,0.6023218952432275
transect,gt,319,26.5,0.6023962499121208
transect,gt,320,26.58333333333337,0.6023596176170904
transect,gt,321,26.66666666666663,0.6024332189774422
transect,gt,322,26.75,0.6025904626864284
transect,gt,323,26.83333333333337,0.6027046571955254
transect,gt,324,26.91666666666663,0.6026839577041256
transect,gt,325,27.0,0.6027161694261416
transect,gt,326,27.08333333333337,0.6028599901381295
transect,gt,327,27.16666666666663,0.603004500504044
transect,gt,328,27.25,0.6030263363749298
transect,gt,329,27.33333333333337,0.6030211877535909
transect,gt,330,27.41666666666663,0.6031407044624798
transect,gt,331,27.5,0.6033030082736227
transect,gt,332,27.58333333333337,0.6033764367719012
transect,gt,333,27.66666666666663,0.6033418418822447
transect,gt,334,27.75,0.6034262082911626
transect,gt,335,27.83333333333337,0.6035898990904782
transect,gt,336,27.91666666666663,0.6037022316716969
transect,gt,337,28.0,0.6036776377388791
transect,gt,338,28.08333333333337,0.603710463911877
transect,gt,339,28.16666666666663,0.6038479145010609
transect,gt,340,28.25,0.6039756706100282
transect,gt,341,28.33333333333337,0.6039727666605692
transect,gt,342,28.41666666666663,0.6039487311379602
transect,gt,343,28.5,0.6040391079722058
transect,gt,344,28.58333333333337,0.6041586641316691
transect,gt,345,28.66666666666663,0.6041813981633749
transect,gt,346,28.75,0.6041022269367964
transect,gt,347,28.83333333333337,0.6041283089516888
transect,gt,348,28.91666666666663,0.6042155480258085
transect,gt,349,29.0,0.6042432775143555
transect,gt,350,29.08333333333337,0.6041418484454933
transect,gt,351,29.16666666666663,0.604089163649575
transect,gt,352,29.25,0.6041169418676366
transect,gt,353,29.33333333333337,0.6041232493364158
transect,gt,354,29.41666666666663,0.6040066715784829
transect,gt,355,29.5,0.6038720616273303
transect,gt,356,29.58333333333337,0.6038214809131086
transect,gt,357,29.66666666666663,0.6037809049546957
transect,gt,358,29.75,0.6036501194414475
transect,gt,359,29.83333333333337,0.6034356612306347
transect,gt,360,29.91666666666663,0.603289987647966
transect,gt,361,30.0,0.6031753589576787
transect,gt,362,30.08333333333337,0.6030029260955737
transect,gt,363,30.16666666666663,0.6027362125932046
transect,gt,364,30.25,0.6025268286381573
transect,gt,365,30.33333333333337,0.6023910791926931
transect,gt,366,30.41666666666663,0.6022627151843655
transect,gt,367,30.5,0.6021398563983832
transect,gt,368,30.58333333333337,0.6021058341509978
transect,gt,369,30.66666666666663,0.6021347351265286
transect,gt,370,30.75,0.6021334213697083
transect,gt,371,30.83333333333337,0.6020694918333515
transect,gt,372,30.91666666666663,0.6020710743356538
transect,gt,373,31.0,0.6021567744762645
transect,gt,374,31.08333333333337,0.6022305710286647
transect,gt,375,31.16666666666663,0.6022103710652721
transect,gt,376,31.25,0.6022125248708327
transect,gt,377,31.33333333333337,0.6023193412943598
transect,gt,378,31.41666666666663,0.6024452905610603
transect,gt,379,31.5,0.6024767081020869
transect,gt,380,31.58333333333337,0.6024635397855519
transect,gt,381,31.66666666666663,0.6025639678442559
transect,gt,382,31.75,0.6027195426580431
transect,gt,383,31.83333333333337,0.6028049104346821
transect,gt,384,31.91666666666663,0.6027822156027992
transect,gt,385,32.0,0.6028561350440289
transect,gt,386,32.08333333333337,0.6030193001523186
transect,gt,387,32.16666666666663,0.6031480984781104
transect,gt,388,32.25,0.6031262182177282
transect,gt,389,32.33333333333337,0.6030665912510107
transect,gt,390,32.41666666666663,0.6030761718269949
transect,gt,391,32.5,0.6030843886015567
transect,gt,392,32.58333333333337,0.6030188205684294
transect,gt,393,32.66666666666663,0.6030105795383554
transect,gt,394,32.75,0.6031066006019814
transect,gt,395,32.83333333333337,0.6032099401047166
transect,gt,396,32.91666666666663,0.6032140762304756
transect,gt,397,33.0,0.6032098186473739
transect,gt,398,33.08333333333337,0.6033210706191906
transect,gt,399,33.16666666666663,0.6034731211987884
transect,gt,400,33.25,0.6035420849339065
transect,gt,401,33.33333333333337,0.6035315977367658
transect,gt,402,33.41666666666663,0.6036336721501783
transect,gt,403,33.5,0.6038139404454939
transect,gt,404,33.58333333333337,0.6039437824218852
transect,gt,405,33.66666666666663,0.6039491840657191
transect,gt,406,33.75,0.604028098499031
transect,gt,407,33.83333333333337,0.6042179809343662
transect,gt,408,33.91666666666663,0.6043984370832541
transect,gt,409,34.0,0.6044447854146668
transect,gt,410,34.08333333333337,0.6044947673766622
transect,gt,411,34.16666666666663,0.6046779151988136
transect,gt,412,34.25,0.6048958555746222
transect,gt,413,34.33333333333337,0.60500896341166
transect,gt,414,34.41666666666663,0.6050317875869874
transect,gt,415,34.5,0.6051899698611725
transect,gt,416,34.58333333333337,0.6054256539816022
transect,gt,417,34.66666666666663,0.6055959176402007
transect,gt,418,34.75,0.6056283698802696
transect,gt,419,34.83333333333337,0.6057505050339903
transect,gt,420,34.91666666666663,0.6059865443395198
transect,gt,421,35.0,0.6062034065817228
transect,gt,422,35.08333333333337,0.6062695626360003
transect,gt,423,35.16666666666663,0.6063537617528587
transect,gt,424,35.25,0.6065768546944837
transect,gt,425,35.33333333333337,0.6068282069662334
transect,gt,426,35.41666666666663,0.606961648222699
transect,gt,427,35.5,0.6070112995191168
transect,gt,428,35.58333333333337,0.607203580801083
transect,gt,429,35.66666666666663,0.6074704411166686
transect,gt,430,35.75,0.6076614380722367
transect,gt,431,35.83333333333337,0.6077108798985423
transect,gt,432,35.91666666666663,0.6078619421342889
transect,gt,433,36.0,0.608126228165268
transect,gt,434,36.08333333333337,0.6083621122883256
transect,gt,435,36.16666666666663,0.6084353727931768
transect,gt,436,36.25,0.6085411280184336
transect,gt,437,36.33333333333337,0.6087876359689893
transect,gt,438,36.41666666666663,0.6090545330758107
transect,gt,439,36.5,0.6091920464388083
transect,gt,440,36.58333333333337,0.6092535689944376
transect,gt,441,36.66666666666663,0.6094601056276039
transect,gt,442,36.75,0.609734714866939
transect,gt,443,36.83333333333337,0.609923267999777
transect,gt,444,36.91666666666663,0.6099694279422175
transect,gt,445,37.0,0.6101252673701333
transect,gt,446,37.08333333333337,0.6103884876748473
transect,gt,447,37.16666666666663,0.6106132728968712
transect,gt,448,37.25,0.6106720812733898
transect,gt,449,37.33333333333337,0.6107705468407341
transect,gt,450,37.41666666666663,0.6110034684734431
transect,gt,451,37.5,0.6112467832504963
transect,gt,452,37.58333333333337,0.611353774255413
transect,gt,453,37.66666666666663,0.6113950148692467
transect,gt,454,37.75,0.6115752820411289
transect,gt,455,37.83333333333337,0.6118123518550863
transect,gt,456,37.91666666666663,0.6119560876401335
transect,gt,457,38.0,0.6119625363480873
transect,gt,458,38.08333333333337,0.6120788327439806
transect,gt,459,38.16666666666663,0.6122890812189166
transect,gt,460,38.25,0.6124517637167101
transect,gt,461,38.33333333333337,0.6124546459554816
transect,gt,462,38.41666666666663,0.6124981680399798
transect,gt,463,38.5,0.6126592256434705
transect,gt,464,38.58333333333337,0.6128187772401705
transect,gt,465,38.66666666666663,0.6128416580882631
transect,gt,466,38.75,0.6128181413301579
transect,gt,467,38.83333333333337,0.6128878404981594
transect,gt,468,38.91666666666663,0.6130076927212115
transect,gt,469,39.0,0.6131100070266855
transect,gt,470,39.08333333333337,0.6131497607345232
transect,gt,471,39.16666666666663,0.6130925484089133
transect,gt,472,39.25,0.6130368284926467
transect,gt,473,39.33333333333337,0.6130926221966561
transect,gt,474,39.41666666666663,0.6132036130327543
transect,gt,475,39.5,0.6132950931938389
transect,gt,476,39.58333333333337,0.6133226836865465
transect,gt,477,39.66666666666663,0.6132507711891872
transect,gt,478,39.75,0.6131646197757042
transect,gt,479,39.83333333333337,0.6131998018610513
transect,gt,480,39.91666666666663,0.613305446429859
transect,gt,481,40.0,0.6134017215812452
transect,gt,482,40.08333333333337,0.6134399756352239
transect,gt,483,40.16666666666663,0.6133802220907151
transect,gt,484,40.25,0.6132876754352604
transect,gt,485,40.33333333333337,0.6133287532210331
transect,gt,486,40.41666666666663,0.6134577212316882
transect,gt,487,40.5,0.6135868511041961
transect,gt,488,40.58333333333337,0.6136608190827935
transect,gt,489,40.66666666666663,0.613635658124849
transect,gt,490,40.75,0.6135509934291906
transect,gt,491,40.83333333333337,0.6136074610685277
transect,gt,492,40.91666666666663,0.6137670827953491
transect,gt,493,41.0,0.613933823023567
transect,gt,494,41.08333333333337,0.6140449696081717
transect,gt,495,41.16666666666663,0.6140542679994264
transect,gt,496,41.25,0.6139743548370921
transect,gt,497,41.33333333333337,0.6140285499485033
transect,gt,498,41.41666666666663,0.6141941488881356
transect,gt,499,41.5,0.6143703445151517
transect,gt,500,41.58333333333337,0.6144886832255771
transect,gt,501,41.66666666666663,0.6145035454834827
transect,gt,502,41.75,0.6142440463631815
transect,gt,503,41.83333333333337,0.6139128158600281
transect,gt,504,41.91666666666663,0.6135794137400382
transect,gt,505,42.0,0.6132384329855917
transect,gt,506,42.08333333333337,0.6129679382686619
transect,gt,507,42.16666666666663,0.6128027339180512
transect,gt,508,42.25,0.6126730087234461
transect,gt,509,42.33333333333337,0.6124864201280867
transect,gt,510,42.41666666666663,0.6122974172821996
transect,gt,511,42.5,0.6122083011429635
transect,gt,512,42.58333333333337,0.6121661447532397
transect,gt,513,42.66666666666663,0.6120679516886467
transect,gt,514,42.75,0.6119070223323557
transect,gt,515,42.83333333333337,0.6118411651914363
transect,gt,516,42.91666666666663,0.611849879704767
transect,gt,517,43.0,0.611825776505723
transect,gt,518,43.08333333333337,0.6116995928694058
transect,gt,519,43.16666666666663,0.6116333540768115
transect,gt,520,43.25,0.6116663455798169
transect,gt,521,43.33333333333337,0.6116975365378111
transect,gt,522,43.41666666666663,0.6116173442341646
transect,gt,523,43.5,0.6115336098225177
transect,gt,524,43.58333333333337,0.6115646607708978
transect,gt,525,43.66666666666663,0.6116291392099366
transect,gt,526,43.75,0.6116061383475649
transect,gt,527,43.83333333333337,0.6114987675364127
transect,gt,528,43.91666666666663,0.611504346025151
transect,gt,529,44.0,0.6115772597505
transect,gt,530,44.08333333333337,0.611596040242202
transect,gt,531,44.16666666666663,0.6114942013831328
transect,gt,532,44.25,0.6114604792720977
transect,gt,533,44.33333333333337,0.6115217817908813
transect,gt,534,44.41666666666663,0.6115680137221511
transect,gt,535,44.5,0.6114882926332526
transect,gt,536,44.58333333333337,0.6114125951045661
transect,gt,537,44.66666666666663,0.6114483791631895
transect,gt,538,44.75,0.6115076304374791
transect,gt,539,44.83333333333337,0.6114706047097167
transect,gt,540,44.91666666666663,0.6113563156763775
transect,gt,541,45.0,0.6113521295405931
transect,gt,542,45.08333333333337,0.6114071123707387
transect,gt,543,45.16666666666663,0.6114017406344314
transect,gt,544,45.25,0.6112793719416774
transect,gt,545,45.33333333333337,0.6112284759488588
transect,gt,546,45.41666666666663,0.6112651093167856
transect,gt,547,45.5,0.6112808087622609
transect,gt,548,45.58333333333337,0.6111710797726916
transect,gt,549,45.66666666666663,0.6110768394902725
transect,gt,550,45.75,0.6110899824054999
transect,gt,551,45.83333333333337,0.6111219395764882
transect,gt,552,45.91666666666663,0.6110585344449333
transect,gt,553,46.0,0.6109326670527416
transect,gt,554,46.08333333333337,0.6109190728691275
transect,gt,555,46.16666666666663,0.6109636172714046
transect,gt,556,46.25,0.6109489989369881
transect,gt,557,46.33333333333337,0.6108273312266347
transect,gt,558,46.41666666666663,0.6107926494165709
transect,gt,559,46.5,0.6108509889828373
transect,gt,560,46.58333333333337,0.6108895269900009
transect,gt,561,46.66666666666663,0.6108025427003114
transect,gt,562,46.75,0.6107519786653499
transect,gt,563,46.83333333333337,0.6108218197955348
transect,gt,564,46.91666666666663,0.6109127553595235
transect,gt,565,47.0,0.6109010631792192
transect,gt,566,47.08333333333337,0.610836610585161
transect,gt,567,47.16666666666663,0.6109003082283326
transect,gt,568,47.25,0.611025652455606
transect,gt,569,47.33333333333337,0.6110809052387942
transect,gt,570,47.41666666666663,0.6110198658620989
transect,gt,571,47.5,0.6110602368189322
transect,gt,572,47.58333333333337,0.6111958207998928
transect,gt,573,47.66666666666663,0.6112988140993619
transect,gt,574,47.75,0.6112596390220245
transect,gt,575,47.83333333333337,0.6112589886830954
transect,gt,576,47.91666666666663,0.6113760151034444
transect,gt,577,48.0,0.6115009376246899
transect,gt,578,48.08333333333337,0.611504729518759
transect,gt,579,48.16666666666663,0.6114543632045875
transect,gt,580,48.25,0.6115246227367214
transect,gt,581,48.33333333333337,0.611641915723045
transect,gt,582,48.41666666666663,0.6116746612366708
transect,gt,583,48.5,0.6115871293108831
transect,gt,584,48.58333333333337,0.6115953707073671
transect,gt,585,48.66666666666663,0.6116817460479198
transect,gt,586,48.75,0.6117232256008879
transect,gt,587,48.83333333333337,0.6116252203091257
transect,gt,588,48.91666666666663,0.6115609170011209
transect,gt,589,49.0,0.611592993684649
transect,gt,590,49.08333333333337,0.6116196173421757
transect,gt,591,49.16666666666663,0.6115277510077651
transect,gt,592,49.25,0.6113898452656208
transect,gt,593,49.33333333333337,0.6113480231132825
transect,gt,594,49.41666666666663,0.6113343018771138
transect,gt,595,49.5,0.6112376474736042
transect,gt,596,49.58333333333337,0.6110358662920115
transect,gt,597,49.66666666666663,0.6109085127198087
transect,gt,598,49.75,0.6108318711986552
transect,gt,599,49.83333333333337,0.610706703055554
transect,gt,600,49.91666666666663,0.6104652850951826
transect,gt,601,50.0,0.6102427103294791
transect,gt,602,50.08333333333337,0.6100785971376348
transect,gt,603,50.16666666666663,0.6098962769192926
transect,gt,604,50.25,0.6095780869306681
transect,gt,605,50.33333333333337,0.6091213594286126
transect,gt,606,50.41666666666663,0.6086542935229629
transect,gt,607,50.5,0.6082155945814856
transect,gt,608,50.58333333333337,0.6078210671100528
transect,gt,609,50.66666666666663,0.607472875569923
transect,gt,610,50.75,0.6071656966269053
transect,gt,611,50.83333333333337,0.6068814333661158
transect,gt,612,50.91666666666663,0.6065785884192639
transect,gt,613,51.0,0.6062452410379132
transect,gt,614,51.08333333333337,0.6059848719546995
transect,gt,615,51.16666666666663,0.6057999938157251
transect,gt,616,51.25,0.6056340076031802
transect,gt,617,51.33333333333337,0.605454795819623
transect,gt,618,51.41666666666663,0.6052754775256314
transect,gt,619,51.5,0.6051114442045868
transect,gt,620,51.58333333333337,0.6049610119132321
transect,gt,621,51.66666666666663,0.604796326934543
transect,gt,622,51.75,0.6045702166003748
transect,gt,623,51.83333333333337,0.6043402874135184
transect,gt,624,51.91666666666663,0.6042068655980904
transect,gt,625,52.0,0.6041260094453198
transect,gt,626,52.08333333333337,0.6040322071539235
transect,gt,627,52.16666666666663,0.6039124300824131
transect,gt,628,52.25,0.6037882390050354
transect,gt,629,52.33333333333337,0.6036723753045429
transect,gt,630,52.41666666666663,0.6035560632839413
transect,gt,631,52.5,0.6034015804120019
transect,gt,632,52.58333333333337,0.6031720786091437
transect,gt,633,52.66666666666663,0.6029883977968027
transect,gt,634,52.75,0.602890070785358
transect,gt,635,52.83333333333337,0.6028115421347741
transect,gt,636,52.91666666666663,0.602703151284646
transect,gt,637,53.0,0.6025709415108482
transect,gt,638,53.08333333333337,0.602437146514913
transect,gt,639,53.16666666666663,0.6023113866627599
transect,gt,640,53.25,0.6021779580616982
transect,gt,641,53.33333333333337,0.6019936894041317
transect,gt,642,53.41666666666663,0.6017617356582017
transect,gt,643,53.5,0.6016285335985286
transect,gt,644,53.58333333333337,0.60157238558272
transect,gt,645,53.66666666666663,0.6015216598590661
transect,gt,646,53.75,0.6014466373652598
transect,gt,647,53.83333333333337,0.6013653251008997
transect,gt,648,53.91666666666663,0.6012992126839047
transect,gt,649,54.0,0.6012523477907653
transect,gt,650,54.08333333333337,0.6011933693274989
transect,gt,651,54.16666666666663,0.6010634632557006
transect,gt,652,54.25,0.6009496664414858
transect,gt,653,54.33333333333337,0.6009678104188645
transect,gt,654,54.41666666666663,0.6010523835859669
transect,gt,655,54.5,0.6011246852853722
transect,gt,656,54.58333333333337,0.6011696089191468
transect,gt,657,54.66666666666663,0.6012117271059314
transect,gt,658,54.75,0.6012723256077169
transect,gt,659,54.83333333333337,0.6013451326545892
transect,gt,660,54.91666666666663,0.6013774723225601
transect,gt,661,55.0,0.6013176971330864
transect,gt,662,55.08333333333337,0.6013230888296188
transect,gt,663,55.16666666666663,0.601431776250562
transect,gt,664,55.25,0.6015414230393481
transect,gt,665,55.33333333333337,0.6015494568806753
transect,gt,666,55.41666666666663,0.6015608649777082
transect,gt,667,55.5,0.6016854119096512
transect,gt,668,55.58333333333337,0.6018415995572367
transect,gt,669,55.66666666666663,0.6019073447486092
transect,gt,670,55.75,0.6019036861389111
transect,gt,671,55.83333333333337,0.60201083517161
transect,gt,672,55.91666666666663,0.6021855375518332
transect,gt,673,56.0,0.6023003278423039
transect,gt,674,56.08333333333337,0.6022958453906643
transect,gt,675,56.16666666666663,0.6023677087288976
transect,gt,676,56.25,0.6025383683015044
transect,gt,677,56.33333333333337,0.6026883251394035
transect,gt,678,56.41666666666663,0.6027044405354094
transect,gt,679,56.5,0.6027335441408874
transect,gt,680,56.58333333333337,0.6028825085173403
transect,gt,681,56.66666666666663,0.6030527311316233
transect,gt,682,56.75,0.6031140958408209
transect,gt,683,56.83333333333337,0.6031022798341846
transect,gt,684,56.91666666666663,0.60321348920611
transect,gt,685,57.0,0.6033863529316338
transect,gt,686,57.08333333333337,0.603487876579001
transect,gt,687,57.16666666666663,0.6034633556231284
transect,gt,688,57.25,0.6035272919027961
transect,gt,689,57.33333333333337,0.6036860466467616
transect,gt,690,57.41666666666663,0.6038156426138299
transect,gt,691,57.5,0.6038017316097689
transect,gt,692,57.58333333333337,0.6038156644926242
transect,gt,693,57.66666666666663,0.6039468892790831
transect,gt,694,57.75,0.6040914196951198
transect,gt,695,57.83333333333337,0.6041219589412908
transect,gt,696,57.91666666666663,0.6040887747082311
transect,gt,697,58.0,0.6041752460629675
transect,gt,698,58.08333333333337,0.6043153485377856
transect,gt,699,58.16666666666663,0.6043797099483416
transect,gt,700,58.25,0.6043238462447629
transect,gt,701,58.33333333333337,0.6043587490592736
transect,gt,702,58.41666666666663,0.6044794827944886
transect,gt,703,58.5,0.6045649584695962
transect,gt,704,58.58333333333337,0.6045123036817762
transect,gt,705,58.66666666666663,0.6044911044664729
transect,gt,706,58.75,0.6045764715386942
transect,gt,707,58.83333333333337,0.6046668403587837
transect,gt,708,58.91666666666663,0.6046432864134011
transect,gt,709,59.0,0.6045666822570672
transect,gt,710,59.08333333333337,0.6045982878517164
transect,gt,711,59.16666666666663,0.6046713173058513
transect,gt,712,59.25,0.604665971572711
transect,gt,713,59.33333333333337,0.6044760891041805
transect,gt,714,59.41666666666663,0.604305633131578
transect,gt,715,59.5,0.6041945327337097
transect,gt,716,59.58333333333337,0.6041001084174724
transect,gt,717,59.66666666666663,0.6040194351051289
transect,gt,718,59.75,0.6039876705140532
transect,gt,719,59.83333333333337,0.6039979847432602
transect,gt,720,59.91666666666663,0.6040087068547539
transect,gt,721,60.0,0.6040019766089236
transect,gt,722,60.08333333333337,0.6040068561197829
transect,gt,723,60.16666666666663,0.604049911225407
transect,gt,724,60.25,0.6041072984493094
transect,gt,725,60.33333333333337,0.6041341767800339
transect,gt,726,60.41666666666663,0.6041470620702319
transect,gt,727,60.5,0.6042173741939905
transect,gt,728,60.58333333333337,0.6043364991460003
transect,gt,729,60.66666666666663,0.6044145142303536
transect,gt,730,60.75,0.6044126522165186
transect,gt,731,60.83333333333337,0.6045071379821746
transect,gt,732,60.91666666666663,0.6047165011453328
transect,gt,733,61.0,0.6049165907219014
transect,gt,734,61.08333333333337,0.6050121461049074
transect,gt,735,61.16666666666663,0.6051397276226441
transect,gt,736,61.25,0.6053873291650437
transect,gt,737,61.33333333333337,0.6056648633867471
transect,gt,738,61.41666666666663,0.6058657262833305
transect,gt,739,61.5,0.6059869342489914
transect,gt,740,61.58333333333337,0.6060873588281503
transect,gt,741,61.66666666666663,0.6061747435386782
transect,gt,742,61.75,0.6062201468149934
transect,gt,743,61.83333333333337,0.6062188275631333
transect,gt,744,61.91666666666663,0.6062084111352136
transect,gt,745,62.0,0.6062215573883725
transect,gt,746,62.08333333333337,0.6062447603111664
transect,gt,747,62.16666666666663,0.6062425393144263
transect,gt,748,62.25,0.6062217082446988
transect,gt,749,62.33333333333337,0.6062304004683489
transect,gt,750,62.41666666666663,0.6062597680033612
transect,gt,751,62.5,0.6062399284308915
transect,gt,752,62.58333333333337,0.6061473287013256
transect,gt,753,62.66666666666663,0.6061299431821054
transect,gt,754,62.75,0.6062086914540136
transect,gt,755,62.83333333333337,0.606276510682263
transect,gt,756,62.91666666666663,0.6062469081424741
transect,gt,757,63.0,0.6062581786668292
transect,gt,758,63.08333333333337,0.6063922055053794
transect,gt,759,63.16666666666663,0.6065635518248437
transect,gt,760,63.25,0.606685283057889
transect,gt,761,63.33333333333337,0.6067879158274916
transect,gt,762,63.41666666666663,0.6069508469316944
transect,gt,763,63.5,0.6071661072393888
transect,gt,764,63.58333333333337,0.6073741107975849
transect,gt,765,63.66666666666663,0.6075555989281725
transect,gt,766,63.75,0.6077529341440079
transect,gt,767,63.83333333333337,0.6079964280265965
transect,gt,768,63.91666666666663,0.6082532679104603
transect,gt,769,64.0,0.6084717156048205
transect,gt,770,64.08333333333337,0.6086703676837436
transect,gt,771,64.16666666666663,0.608924510670465
transect,gt,772,64.25,0.6092252763670618
transect,gt,773,64.33333333333337,0.6094733817712262
transect,gt,774,64.41666666666663,0.6096280304939337
transect,gt,775,64.5,0.6098657003727471
transect,gt,776,64.58333333333337,0.6102203585954793
transect,gt,777,64.66666666666663,0.610551395664623
transect,gt,778,64.75,0.6107335738131577
transect,gt,779,64.83333333333337,0.610950521959027
transect,gt,780,64.91666666666663,0.6113155492541429
transect,gt,781,65.0,0.6117109592169419
transect,gt,782,65.08333333333337,0.6120182137061475
transect,gt,783,65.16666666666663,0.6122752140832629
transect,gt,784,65.25,0.6125879376942206
transect,gt,785,65.33333333333337,0.6129454229002301
transect,gt,786,65.41666666666663,0.6132727617810391
transect,gt,787,65.5,0.6135469589705108
transect,gt,788,65.58333333333337,0.6138183888664824
transect,gt,789,65.66666666666663,0.6141214506547699
transect,gt,790,65.75,0.614422125410095
transect,gt,791,65.83333333333337,0.6146688989095016
transect,gt,792,65.91666666666663,0.6148803618135832
transect,gt,793,66.0,0.6151291066200387
transect,gt,794,66.08333333333337,0.6154098413836397
transect,gt,795,66.16666666666663,0.6156309784721847
transect,gt,796,66.25,0.6157551375319883
transect,gt,797,66.33333333333337,0.6159392086612293
transect,gt,798,66.41666666666663,0.6162236256593423
transect,gt,799,66.5,0.6164797744411902
transect,gt,800,66.58333333333337,0.6165798436751511
transect,gt,801,66.66666666666663,0.6167074716685569
transect,gt,802,66.75,0.6169770103832148
transect,gt,803,66.83333333333337,0.617271614079609
transect,gt,804,66.91666666666663,0.6174727626352603
transect,gt,805,67.0,0.6176172428546254
transect,gt,806,67.08333333333337,0.6178132598356286
transect,gt,807,67.16666666666663,0.6180490566893466
transect,gt,808,67.25,0.6182510720020533
transect,gt,809,67.33333333333337,0.618397545850534
transect,gt,810,67.41666666666663,0.6185368616495848
transect,gt,811,67.5,0.6187004426085632
transect,gt,812,67.58333333333337,0.6188582417522722
transect,gt,813,67.66666666666663,0.6189666850744892
transect,gt,814,67.75,0.6190411135062642
transect,gt,815,67.83333333333337,0.6191405935022749
transect,gt,816,67.91666666666663,0.6192631402391362
transect,gt,817,68.0,0.6193359482982831
transect,gt,818,68.08333333333337,0.6193279432248742
transect,gt,819,68.16666666666663,0.619358210083611
transect,gt,820,68.25,0.6194654180916197
transect,gt,821,68.33333333333337,0.619547201150303
transect,gt,822,68.41666666666663,0.619489539435428
transect,gt,823,68.5,0.6194502437998997
transect,gt,824,68.58333333333337,0.6195291608513132
transect,gt,825,68.66666666666663,0.6196256261134303
transect,gt,826,68.75,0.6196361978739772
transect,gt,827,68.83333333333337,0.6195911399744666
transect,gt,828,68.91666666666663,0.6195864202678893
transect,gt,829,69.0,0.6196105681158154
transect,gt,830,69.08333333333337,0.6196001738672955
transect,gt,831,69.16666666666663,0.619536689521446
transect,gt,832,69.25,0.6194599186783101
transect,gt,833,69.33333333333337,0.619394038796425
transect,gt,834,69.41666666666663,0.6193153715406046
transect,gt,835,69.5,0.6191918304961735
transect,gt,836,69.58333333333337,0.6190333601056012
transect,gt,837,69.66666666666663,0.6188788904236121
transect,gt,838,69.75,0.6187282719463945
transect,gt,839,69.83333333333337,0.6185359429733576
transect,gt,840,69.91666666666663,0.6182815482827847
transect,gt,841,70.0,0.6180323782403331
transect,gt,842,70.08333333333337,0.6178154862428696
transect,gt,843,70.16666666666663,0.6175736336636646
transect,gt,844,70.25,0.6172437825023298
transect,gt,845,70.33333333333337,0.6169340617685534
transect,gt,846,70.41666666666663,0.6167282787445345
transect,gt,847,70.5,0.616570280638009
transect,gt,848,70.58333333333337,0.6163815930734518
transect,gt,849,70.66666666666663,0.616233262695586
transect,gt,850,70.75,0.616181098863488
transect,gt,851,70.83333333333337,0.6161514200415571
transect,gt,852,70.91666666666663,0.6160475558528861
transect,gt,853,71.0,0.6159156900337132
transect,gt,854,71.08333333333337,0.615881490723083
transect,gt,855,71.16666666666663,0.6158962087598626
transect,gt,856,71.25,0.615851272922093
transect,gt,857,71.33333333333337,0.6157223146064202
transect,gt,858,71.41666666666663,0.6156754764801948
transect,gt,859,71.5,0.6157059711705241
transect,gt,860,71.58333333333337,0.615705705533712
transect,gt,861,71.66666666666663,0.6155922452845376
transect,gt,862,71.75,0.6155162949510468
transect,gt,863,71.83333333333337,0.6155401150948305
transect,gt,864,71.91666666666663,0.615568400413425
transect,gt,865,72.0,0.6154898632997832
transect,gt,866,72.08333333333337,0.6153792681410603
transect,gt,867,72.16666666666663,0.6153780520800364
transect,gt,868,72.25,0.6154173673449523
transect,gt,869,72.33333333333337,0.6153795844973453
transect,gt,870,72.41666666666663,0.6152431338368943
transect,gt,871,72.5,0.6152084434878206
transect,gt,872,72.58333333333337,0.6152474815243979
transect,gt,873,72.66666666666663,0.6152449667037768
transect,gt,874,72.75,0.615120160334936
transect,gt,875,72.83333333333337,0.6150418770910057
transect,gt,876,72.91666666666663,0.6150595521926853
transect,gt,877,73.0,0.615073840606953
transect,gt,878,73.08333333333337,0.6149757577088906
transect,gt,879,73.16666666666663,0.6148540796047457
transect,gt,880,73.25,0.6148377833905033
transect,gt,881,73.33333333333337,0.6148546025770184
transect,gt,882,73.41666666666663,0.6147907406332492
transect,gt,883,73.5,0.6146334714627552
transect,gt,884,73.58333333333337,0.6145754744489383
transect,gt,885,73.66666666666663,0.6145820352002442
transect,gt,886,73.75,0.6145425146119265
transect,gt,887,73.83333333333337,0.6143868122198544
transect,gt,888,73.91666666666663,0.6142793824383823
transect,gt,889,74.0,0.614258294071048
transect,gt,890,74.08333333333337,0.6142280587126677
transect,gt,891,74.16666666666663,0.6140876946774476
transect,gt,892,74.25,0.6139327189598031
transect,gt,893,74.33333333333337,0.6138736551793382
transect,gt,894,74.41666666666663,0.6138394344443802
transect,gt,895,74.5,0.6137248499205633
transect,gt,896,74.58333333333337,0.6135289544261009
transect,gt,897,74.66666666666663,0.6134225444449097
transect,gt,898,74.75,0.6133694876615078
transect,gt,899,74.83333333333337,0.6132684033157452
transect,gt,900,74.91666666666663,0.6130613299962324
transect,gt,901,75.0,0.6129000243410535
transect,gt,902,75.08333333333337,0.6128108141684341
transect,gt,903,75.16666666666663,0.6127065974527448
transect,gt,904,75.25,0.6124989377036755
transect,gt,905,75.33333333333337,0.6122825392675173
transect,gt,906,75.41666666666663,0.612145279086683
transect,gt,907,75.5,0.6120221058307012
transect,gt,908,75.58333333333337,0.6118227467696981
transect,gt,909,75.66666666666663,0.6115553463753214
transect,gt,910,75.75,0.6113581855520585
transect,gt,911,75.83333333333337,0.6111975972780219
transect,gt,912,75.91666666666663,0.6109895426507537
transect,gt,913,76.0,0.6106913984466467
transect,gt,914,76.08333333333337,0.6104269594560896
transect,gt,915,76.16666666666663,0.6102110719948023
transect,gt,916,76.25,0.6099744880908295
transect,gt,917,76.33333333333337,0.6096507943658088
transect,gt,918,76.41666666666663,0.609318513664262
transect,gt,919,76.5,0.6090360990714478
transect,gt,920,76.58333333333337,0.6087537642043858
transect,gt,921,76.66666666666663,0.608415929561082
transect,gt,922,76.75,0.6081018084540908
transect,gt,923,76.83333333333337,0.6078774866461423
transect,gt,924,76.91666666666663,0.6077030092361767
transect,gt,925,77.0,0.6075237434458068
transect,gt,926,77.08333333333337,0.6073888440800927
transect,gt,927,77.16666666666663,0.6073322937356684
transect,gt,928,77.25,0.6072924035431646
transect,gt,929,77.33333333333337,0.6071946094676961
transect,gt,930,77.41666666666663,0.6070881251910714
transect,gt,931,77.5,0.6070635123256889
transect,gt,932,77.58333333333337,0.6070767592670546
transect,gt,933,77.66666666666663,0.6070342595461594
transect,gt,934,77.75,0.6069336422822983
transect,gt,935,77.83333333333337,0.606909669292599
transect,gt,936,77.91666666666663,0.6069507273781771
transect,gt,937,78.0,0.6069568011298515
transect,gt,938,78.08333333333337,0.6068666199067125
transect,gt,939,78.16666666666663,0.6068243877292387
transect,gt,940,78.25,0.6068725177662047
transect,gt,941,78.33333333333337,0.6069170027009236
transect,gt,942,78.41666666666663,0.6068555865618879
transect,gt,943,78.5,0.6067878380210779
transect,gt,944,78.58333333333337,0.6068293605328577
transect,gt,945,78.66666666666663,0.6069036362976066
transect,gt,946,78.75,0.6068942465673268
transect,gt,947,78.83333333333337,0.6067457252274376
transect,gt,948,78.91666666666663,0.6066329517314114
transect,gt,949,79.0,0.6065540465571734
transect,gt,950,79.08333333333337,0.6064258287903818
transect,gt,951,79.16666666666663,0.606267803653805
transect,gt,952,79.25,0.6061988253460187
transect,gt,953,79.33333333333337,0.6061825567407888
transect,gt,954,79.41666666666663,0.6061197213594872
transect,gt,955,79.5,0.6059752655074663
transect,gt,956,79.58333333333337,0.6058943898358392
transect,gt,957,79.66666666666663,0.6058861799618368
transect,gt,958,79.75,0.6058569533269421
transect,gt,959,79.83333333333337,0.6057268688456517
transect,gt,960,79.91666666666663,0.605616659663136
transect,gt,961,80.0,0.6055970449059249
transect,gt,962,80.08333333333337,0.6055894962983397
transect,gt,963,80.16666666666663,0.6054938252401895
transect,gt,964,80.25,0.6053587272424341
transect,gt,965,80.33333333333337,0.605323463840663
transect,gt,966,80.41666666666663,0.6053357531036617
transect,gt,967,80.5,0.605289404034132
transect,gt,968,80.58333333333337,0.6051535283082298
transect,gt,969,80.66666666666663,0.6051096888116607
transect,gt,970,80.75,0.605148818657697
transect,gt,971,80.83333333333337,0.605164522794544
transect,gt,972,80.91666666666663,0.605068494718417
transect,gt,973,81.0,0.6050220367079109
transect,gt,974,81.08333333333337,0.6050886297597781
transect,gt,975,81.16666666666663,0.6051711117201439
transect,gt,976,81.25,0.6051527967699286
transect,gt,977,81.33333333333337,0.6051075945620774
transect,gt,978,81.41666666666663,0.6051907755182315
transect,gt,979,81.5,0.6053303195555311
transect,gt,980,81.58333333333337,0.6053972848782374
transect,gt,981,81.66666666666663,0.605360366847879
transect,gt,982,81.75,0.6054413051773951
transect,gt,983,81.83333333333337,0.6056143451202229
transect,gt,984,81.91666666666663,0.6057491484720929
transect,gt,985,82.0,0.6057475365628617
transect,gt,986,82.08333333333337,0.6058017911782194
transect,gt,987,82.16666666666663,0.6059743192295518
transect,gt,988,82.25,0.6061497901062819
transect,gt,989,82.33333333333337,0.6061970712625132
transect,gt,990,82.41666666666663,0.6062141278114207
transect,gt,991,82.5,0.6063609138962638
transect,gt,992,82.58333333333337,0.6065531096792813
transect,gt,993,82.66666666666663,0.6066522247431458
transect,gt,994,82.75,0.6066359589596237
transect,gt,995,82.83333333333337,0.6067430235217257
transect,gt,996,82.91666666666663,0.6069342333665947
transect,gt,997,83.0,0.6070733810643089
transect,gt,998,83.08333333333337,0.6070689943331339
transect,gt,999,83.16666666666663,0.6071250377144548
transect,gt,1000,83.25,0.607294263661807
transect,gt,1001,83.33333333333337,0.6074578844971008
transect,gt,1002,83.41666666666663,0.6074862225694857
transect,gt,1003,83.5,0.6074949448319438
transect,gt,1004,83.58333333333337,0.6076323033982749
transect,gt,1005,83.66666666666663,0.6078095377427871
transect,gt,1006,83.75,0.6078890311371603
transect,gt,1007,83.83333333333337,0.6078628323704274
transect,gt,1008,83.91666666666663,0.6079635995920151
transect,gt,1009,84.0,0.6081466239643589
transect,gt,1010,84.08333333333337,0.6082751590601412
transect,gt,1011,84.16666666666663,0.6082648712954943
transect,gt,1012,84.25,0.6083276566704041
transect,gt,1013,84.33333333333337,0.6085075323368593
transect,gt,1014,84.41666666666663,0.6086822480963653
transect,gt,1015,84.5,0.608719798554378
transect,gt,1016,84.58333333333337,0.6087562224201601
transect,gt,1017,84.66666666666663,0.6089344289390672
transect,gt,1018,84.75,0.6091592148746224
transect,gt,1019,84.83333333333337,0.6092852298219177
transect,gt,1020,84.91666666666663,0.609320578829617
transect,gt,1021,85.0,0.6095149629257381
transect,gt,1022,85.08333333333337,0.6098168321542297
transect,gt,1023,85.16666666666663,0.6100705018537527
transect,gt,1024,85.25,0.6100800956586
transect,gt,1025,85.33333333333337,0.6100688106820332
transect,gt,1026,85.41666666666663,0.6100743613830628
transect,gt,1027,85.5,0.6100256099270175
transect,gt,1028,85.58333333333337,0.6099473918558869
transect,gt,1029,85.66666666666663,0.6099648063341697
transect,gt,1030,85.75,0.6100540295508182
transect,gt,1031,85.83333333333337,0.61010443369997
transect,gt,1032,85.91666666666663,0.610073982015432
transect,gt,1033,86.0,0.6101139035940247
transect,gt,1034,86.08333333333337,0.6102490241755912
transect,gt,1035,86.16666666666663,0.6103690332753855
transect,gt,1036,86.25,0.6103757168438306
transect,gt,1037,86.33333333333337,0.6104020345040991
transect,gt,1038,86.41666666666663,0.6105453424451774
transect,gt,1039,86.5,0.61071070086592
transect,gt,1040,86.58333333333337,0.610766734512446
transect,gt,1041,86.66666666666663,0.6107667718010298
transect,gt,1042,86.75,0.6108915715262884
transect,gt,1043,86.83333333333337,0.611078657258524
transect,gt,1044,86.91666666666663,0.6111868897048918
transect,gt,1045,87.0,0.6111700712301429
transect,gt,1046,87.08333333333337,0.6112583671159596
transect,gt,1047,87.16666666666663,0.6114465910184675
transect,gt,1048,87.25,0.6115973221734994
transect,gt,1049,87.33333333333337,0.6115569528736838
transect,gt,1050,87.41666666666663,0.6114103455440687
transect,gt,1051,87.5,0.6113032565467162
transect,gt,1052,87.58333333333337,0.6111870400309561
transect,gt,1053,87.66666666666663,0.6110023972945573
transect,gt,1054,87.75,0.6108707796973981
transect,gt,1055,87.83333333333337,0.6108384722374908
transect,gt,1056,87.91666666666663,0.6108190099543497
transect,gt,1057,88.0,0.6107130893537049
transect,gt,1058,88.08333333333337,0.6105998177986748
transect,gt,1059,88.16666666666663,0.6105942447804206
transect,gt,1060,88.25,0.6106295424356393
transect,gt,1061,88.33333333333337,0.6105906427960707
transect,gt,1062,88.41666666666663,0.6104774226778172
transect,gt,1063,88.5,0.6104671856559644
transect,gt,1064,88.58333333333337,0.610530721875674
transect,gt,1065,88.66666666666663,0.6105494731561742
transect,gt,1066,88.75,0.6104523016998897
transect,gt,1067,88.83333333333337,0.6104194699215159
transect,gt,1068,88.91666666666663,0.6104881040008029
transect,gt,1069,89.0,0.6105489040942556
transect,gt,1070,89.08333333333337,0.6104861414525098
transect,gt,1071,89.16666666666663,0.6104217054751719
transect,gt,1072,89.25,0.6104755577672998
transect,gt,1073,89.33333333333337,0.6105605251246994
transect,gt,1074,89.41666666666663,0.6105499141786174
transect,gt,1075,89.5,0.6104530340093226
transect,gt,1076,89.58333333333337,0.6104719068587551
transect,gt,1077,89.66666666666663,0.6105575994053352
transect,gt,1078,89.75,0.6105838951187292
transect,gt,1079,89.83333333333337,0.6104844578988025
transect,gt,1080,89.91666666666663,0.6104561757945327
transect,gt,1081,90.0,0.610522926048531
transect,gt,1082,90.08333333333337,0.6105710966932242
transect,gt,1083,90.16666666666663,0.6104867775597053
transect,gt,1084,90.25,0.6104094199926308
transect,gt,1085,90.33333333333337,0.6104436036343945
transect,gt,1086,90.41666666666663,0.6104988211684124
transect,gt,1087,90.5,0.6104534456351137
transect,gt,1088,90.58333333333337,0.610332020827429
transect,gt,1089,90.66666666666663,0.6103200692945354
transect,gt,1090,90.75,0.6103656412005788
transect,gt,1091,90.83333333333337,0.6103486790517668
transect,gt,1092,90.91666666666663,0.610214407209185
transect,gt,1093,91.0,0.6101535332022795
transect,gt,1094,91.08333333333337,0.6101791579875454
transect,gt,1095,91.16666666666663,0.6101826507726096
transect,gt,1096,91.25,0.6100588404224653
transect,gt,1097,91.33333333333337,0.6099544561329863
transect,gt,1098,91.41666666666663,0.6099566534063218
transect,gt,1099,91.5,0.6099760854866827
transect,gt,1100,91.58333333333337,0.609897970055457
transect,gt,1101,91.66666666666663,0.6097590852472735
transect,gt,1102,91.75,0.6097287828301963
transect,gt,1103,91.83333333333337,0.6097522582890271
transect,gt,1104,91.91666666666663,0.6097129061420954
transect,gt,1105,92.0,0.6095643834064794
transect,gt,1106,92.08333333333337,0.6094953617257884
transect,gt,1107,92.16666666666663,0.6095079543606207
transect,gt,1108,92.25,0.6094933037204633
transect,gt,1109,92.33333333333337,0.6093528970565798
transect,gt,1110,92.41666666666663,0.6092355482720343
transect,gt,1111,92.5,0.6092152462704056
transect,gt,1112,92.58333333333337,0.6092017666757336
transect,gt,1113,92.66666666666663,0.6090854422369129
transect,gt,1114,92.75,0.6089125772366227
transect,gt,1115,92.83333333333337,0.6088323335370657
transect,gt,1116,92.91666666666663,0.608788257569104
transect,gt,1117,93.0,0.6086735304139472
transect,gt,1118,93.08333333333337,0.6084536160812325
transect,gt,1119,93.16666666666663,0.6082965365075181
transect,gt,1120,93.25,0.6081945872691857
transect,gt,1121,93.33333333333337,0.6080540882177639
transect,gt,1122,93.41666666666663,0.6078000861068956
transect,gt,1123,93.5,0.6075569768006024
transect,gt,1124,93.58333333333337,0.6073755093596717
transect,gt,1125,93.66666666666663,0.6071833281766145
transect,gt,1126,93.75,0.6068949831684842
transect,gt,1127,93.83333333333337,0.6065846813639755
transect,gt,1128,93.91666666666663,0.6063496361603522
transect,gt,1129,94.0,0.6061551436008318
transect,gt,1130,94.08333333333337,0.6059483638898787
transect,gt,1131,94.16666666666663,0.6057906417608584
transect,gt,1132,94.25,0.6057190971015445
transect,gt,1133,94.33333333333337,0.6056670242565256
transect,gt,1134,94.41666666666663,0.6055540707893703
transect,gt,1135,94.5,0.6054350157856985
transect,gt,1136,94.58333333333337,0.6054069312125595
transect,gt,1137,94.66666666666663,0.6054200569081992
transect,gt,1138,94.75,0.6053744431750953
transect,gt,1139,94.83333333333337,0.6052676513032822
transect,gt,1140,94.91666666666663,0.6052460813308428
transect,gt,1141,95.0,0.6052938538967751
transect,gt,1142,95.08333333333337,0.6053047159617646
transect,gt,1143,95.16666666666663,0.6052136147322664
transect,gt,1144,95.25,0.6051756494678108
transect,gt,1145,95.33333333333337,0.6052326565144334
transect,gt,1146,95.41666666666663,0.6052851312305543
transect,gt,1147,95.5,0.6052260053078607
transect,gt,1148,95.58333333333337,0.6051614013152183
transect,gt,1149,95.66666666666663,0.6052099787132403
transect,gt,1150,95.75,0.6052911153531588
transect,gt,1151,95.83333333333337,0.6052842365192138
transect,gt,1152,95.91666666666663,0.6051438070104692
transect,gt,1153,96.0,0.6050524804299381
transect,gt,1154,96.08333333333337,0.6050058012877114
transect,gt,1155,96.16666666666663,0.6049121957048748
transect,gt,1156,96.25,0.6047912652645199
transect,gt,1157,96.33333333333337,0.6047732552048334
transect,gt,1158,96.41666666666663,0.6048182278229273
transect,gt,1159,96.5,0.6048155817574024
transect,gt,1160,96.58333333333337,0.6047255803279886
transect,gt,1161,96.66666666666663,0.6047128050829803
transect,gt,1162,96.75,0.6047878092604317
transect,gt,1163,96.83333333333337,0.6048431862544834
transect,gt,1164,96.91666666666663,0.6047858984245668
transect,gt,1165,97.0,0.604756272480391
transect,gt,1166,97.08333333333337,0.6048366987972296
transect,gt,1167,97.16666666666663,0.6049343387085343
transect,gt,1168,97.25,0.6049295944533881
transect,gt,1169,97.33333333333337,0.6048786873566745
transect,gt,1170,97.41666666666663,0.604946549451235
transect,gt,1171,97.5,0.6050701452736518
transect,gt,1172,97.58333333333337,0.6051220254297224
transect,gt,1173,97.66666666666663,0.6050632966963194
transect,gt,1174,97.75,0.6051058228823567
transect,gt,1175,97.83333333333337,0.6052389827243821
transect,gt,1176,97.91666666666663,0.6053385307493621
transect,gt,1177,98.0,0.6053018327170527
transect,gt,1178,98.08333333333337,0.605308786586652
transect,gt,1179,98.16666666666663,0.6054317429272955
transect,gt,1180,98.25,0.6055630542395333
transect,gt,1181,98.33333333333337,0.6055754604719431
transect,gt,1182,98.41666666666663,0.6055470031178469
transect,gt,1183,98.5,0.605644377560781
transect,gt,1184,98.58333333333337,0.6057922930588147
transect,gt,1185,98.66666666666663,0.6058572652641229
transect,gt,1186,98.75,0.6058078626179426
transect,gt,1187,98.83333333333337,0.6058711278039333
transect,gt,1188,98.91666666666663,0.6060219057798465
transect,gt,1189,99.0,0.6061299242439353
transect,gt,1190,99.08333333333337,0.6060981849533473
transect,gt,1191,99.16666666666663,0.6061184534096774
transect,gt,1192,99.25,0.606253312546406
transect,gt,1193,99.33333333333337,0.6063894556868769
transect,gt,1194,99.41666666666663,0.6063986863401519
transect,gt,1195,99.5,0.6063767897319176
transect,gt,1196,99.58333333333337,0.6064810196530386
transect,gt,1197,99.66666666666663,0.6066291714678987
transect,gt,1198,99.75,0.6066863532025576
transect,gt,1199,99.83333333333337,0.6066306935336718
transect,gt,1200,99.91666666666663,0.6066941451139721
transect,gt,1201,100.0,0.6068388113889178
transect,gt,1202,100.08333333333337,0.6069323438394172
transect,gt,1203,100.16666666666663,0.6068860136673825
transect,gt,1204,100.25,0.606896617992645
transect,gt,1205,100.33333333333337,0.6070149118151617
transect,gt,1206,100.41666666666663,0.6071258405127625
transect,gt,1207,100.5,0.6071050510339524
transect,gt,1208,100.58333333333337,0.6070623992875156
transect,gt,1209,100.66666666666663,0.6071388913492272
transect,gt,1210,100.75,0.6072490507803251
transect,gt,1211,100.83333333333337,0.6072628962474899
transect,gt,1212,100.91666666666663,0.6071728965435422
transect,gt,1213,101.0,0.6071949136273033
transect,gt,1214,101.08333333333337,0.6072856347216107
transect,gt,1215,101.16666666666663,0.6073191623766184
transect,gt,1216,101.25,0.6072202417747676
transect,gt,1217,101.33333333333337,0.6071776482202665
transect,gt,1218,101.41666666666663,0.6072281314865234
transect,gt,1219,101.5,0.60726315154479
transect,gt,1220,101.58333333333337,0.6071710957416246
transect,gt,1221,101.66666666666663,0.6070674411668097
transect,gt,1222,101.75,0.607069034064764
transect,gt,1223,101.83333333333337,0.6070943468560912
transect,gt,1224,101.91666666666663,0.6070276862524175
transect,gt,1225,102.0,0.6068771678533761
transect,gt,1226,102.08333333333337,0.6068312238375528
transect,gt,1227,102.16666666666663,0.6068457224551108
transect,gt,1228,102.25,0.6068069842125418
transect,gt,1229,102.33333333333337,0.606631655336561
transect,gt,1230,102.41666666666663,0.6064794421082589
transect,gt,1231,102.5,0.6063813928061562
transect,gt,1232,102.58333333333337,0.6062917010181542
transect,gt,1233,102.66666666666663,0.6061736201738986
transect,gt,1234,102.75,0.6059980274134424
transect,gt,1235,102.83333333333337,0.6057729070483485
transect,gt,1236,102.91666666666663,0.6056230424566211
transect,gt,1237,103.0,0.605559259723125
transect,gt,1238,103.08333333333337,0.6055204199684725
transect,gt,1239,103.16666666666663,0.6054599213105399
transect,gt,1240,103.25,0.6053435772891376
transect,gt,1241,103.33333333333337,0.6051644405816362
transect,gt,1242,103.41666666666663,0.6050654435759099
transect,gt,1243,103.5,0.6050738242168372
transect,gt,1244,103.58333333333337,0.6051198337474889
transect,gt,1245,103.66666666666663,0.6051457573586683
transect,gt,1246,103.75,0.605111232837728
transect,gt,1247,103.83333333333337,0.6049930930489433
transect,gt,1248,103.91666666666663,0.6049535724804528
transect,gt,1249,104.0,0.6050442442807387
transect,gt,1250,104.08333333333337,0.6051856648470177
transect,gt,1251,104.16666666666663,0.6053061429204613
transect,gt,1252,104.25,0.6053587184315922
transect,gt,1253,104.33333333333337,0.6053033950833597
transect,gt,1254,104.41666666666663,0.6053022985456404
transect,gt,1255,104.5,0.60543503806164
transect,gt,1256,104.58333333333337,0.6056194442305922
transect,gt,1257,104.66666666666663,0.6057757319565011
transect,gt,1258,104.75,0.6058545419978201
transect,gt,1259,104.83333333333337,0.6058075409670972
transect,gt,1260,104.91666666666663,0.6057830920444367
transect,gt,1261,105.0,0.6058929286833206
transect,gt,1262,105.08333333333337,0.6060593899010631
transect,gt,1263,105.16666666666663,0.6061977389298456
transect,gt,1264,105.25,0.6062570122844478
transect,gt,1265,105.33333333333337,0.6061304354020748
transect,gt,1266,105.41666666666663,0.60580999847557
transect,gt,1267,105.5,0.6054641530048261
transect,gt,1268,105.58333333333337,0.6051071833974934
transect,gt,1269,105.66666666666663,0.6047606691278418
transect,gt,1270,105.75,0.6045005543880211
transect,gt,1271,105.83333333333337,0.6043050888838024
transect,gt,1272,105.91666666666663,0.6040939654068713
transect,gt,1273,106.0,0.6038259410283918
transect,gt,1274,106.08333333333337,0.6036076310149721
transect,gt,1275,106.16666666666663,0.6034545597773413
transect,gt,1276,106.25,0.6032942802128977
transect,gt,1277,106.33333333333337,0.6030583397787485
transect,gt,1278,106.41666666666663,0.6028404401544741
transect,gt,1279,106.5,0.6027054392615073
transect,gt,1280,106.58333333333337,0.6025910469662057
transect,gt,1281,106.66666666666663,0.6024103845474776
transect,gt,1282,106.75,0.6021970508234092
transect,gt,1283,106.83333333333337,0.6020738847382044
transect,gt,1284,106.91666666666663,0.6019987168855618
transect,gt,1285,107.0,0.6018777227998379
transect,gt,1286,107.08333333333337,0.6016773131186037
transect,gt,1287,107.16666666666663,0.6015533368280097
transect,gt,1288,107.25,0.6015029896301142
transect,gt,1289,107.33333333333337,0.6014335126824608
transect,gt,1290,107.41666666666663,0.6012629345389217
transect,gt,1291,107.5,0.6011237759889234
transect,gt,1292,107.58333333333337,0.6010757057301075
transect,gt,1293,107.66666666666663,0.6010380208967273
transect,gt,1294,107.75,0.6009124702872979
transect,gt,1295,107.83333333333337,0.6007509209077729
transect,gt,1296,107.91666666666663,0.6006849362455446
transect,gt,1297,108.0,0.6006593326981899
transect,gt,1298,108.08333333333337,0.6005721722896835
transect,gt,1299,108.16666666666663,0.60039505095063
transect,gt,1300,108.25,0.6002974354167224
transect,gt,1301,108.33333333333337,0.6002651406376459
transect,gt,1302,108.41666666666663,0.6002010704629188
transect,gt,1303,108.5,0.6000298965002652
transect,gt,1304,108.58333333333337,0.5998912392995079
transect,gt,1305,108.66666666666663,0.5998354238002452
transect,gt,1306,108.75,0.599780313818565
transect,gt,1307,108.83333333333337,0.5996324041512046
transect,gt,1308,108.91666666666663,0.599456619858461
transect,gt,1309,109.0,0.5993718969758092
transect,gt,1310,109.08333333333337,0.5993205410784926
transect,gt,1311,109.16666666666663,0.5992058600473653
transect,gt,1312,109.25,0.5990111004103089
transect,gt,1313,109.33333333333337,0.598906155572545
transect,gt,1314,109.41666666666663,0.5988666966132611
transect,gt,1315,109.5,0.5987963568172405
transect,gt,1316,109.58333333333337,0.598627990303438
transect,gt,1317,109.66666666666663,0.5985133424393196
transect,gt,1318,109.75,0.5984934881984311
transect,gt,1319,109.83333333333337,0.5984795774111772
transect,gt,1320,109.91666666666663,0.5983728057041106
transect,gt,1321,110.0,0.5982613506887681
transect,gt,1322,110.08333333333337,0.5982660188757093
transect,gt,1323,110.16666666666663,0.5983154034608902
transect,gt,1324,110.25,0.5982966636666448
transect,gt,1325,110.33333333333337,0.5981990603473437
transect,gt,1326,110.41666666666663,0.5982255073435849
transect,gt,1327,110.5,0.598335453591533
transect,gt,1328,110.58333333333337,0.5984079658928486
transect,gt,1329,110.66666666666663,0.5983647272994731
transect,gt,1330,110.75,0.5983962835660604
transect,gt,1331,110.83333333333337,0.598542873368991
transect,gt,1332,110.91666666666663,0.5986901488850654
transect,gt,1333,111.0,0.5987145605182441
transect,gt,1334,111.08333333333337,0.5987337309915585
transect,gt,1335,111.16666666666663,0.5988824084980625
transect,gt,1336,111.25,0.5990699309794413
transect,gt,1337,111.33333333333337,0.5991612346990051
transect,gt,1338,111.41666666666663,0.599153541415046
transect,gt,1339,111.5,0.5992674153831838
transect,gt,1340,111.58333333333337,0.5994544307239746
transect,gt,1341,111.66666666666663,0.599581076145797
transect,gt,1342,111.75,0.5995701573088932
transect,gt,1343,111.83333333333337,0.5996235801645714
transect,gt,1344,111.91666666666663,0.5997753165298436
transect,gt,1345,112.0,0.5999083495327207
transect,gt,1346,112.08333333333337,0.5999033480301135
transect,gt,1347,112.16666666666663,0.5998896102723231
transect,gt,1348,112.25,0.599985751486098
transect,gt,1349,112.33333333333337,0.6001024333943997
transect,gt,1350,112.41666666666663,0.6001157697598047
transect,gt,1351,112.5,0.6000379045126129
transect,gt,1352,112.58333333333337,0.600061417980352
transect,gt,1353,112.66666666666663,0.6001379286504502
transect,gt,1354,112.75,0.6001493272135717
transect,gt,1355,112.83333333333337,0.6000360469599793
transect,gt,1356,112.91666666666663,0.5999763225941434
transect,gt,1357,113.0,0.5999896376964853
transect,gt,1358,113.08333333333337,0.5999753523831909
transect,gt,1359,113.16666666666663,0.5998364858686229
transect,gt,1360,113.25,0.599690738739509
transect,gt,1361,113.33333333333337,0.5996231948705031
transect,gt,1362,113.41666666666663,0.5995590914154861
transect,gt,1363,113.5,0.599402899538206
transect,gt,1364,113.58333333333337,0.5991753967364085
transect,gt,1365,113.66666666666663,0.5990156321168965
transect,gt,1366,113.75,0.598882093159951
transect,gt,1367,113.83333333333337,0.5986881123694782
transect,gt,1368,113.91666666666663,0.5983008237374918
transect,gt,1369,114.0,0.5978610124271886
transect,gt,1370,114.08333333333337,0.5974347158550015
transect,gt,1371,114.16666666666663,0.5970467715882432
transect,gt,1372,114.25,0.5967059011860237
transect,gt,1373,114.33333333333337,0.5964102174096453
transect,gt,1374,114.41666666666663,0.5961503881601293
transect,gt,1375,114.5,0.5958967875048534
transect,gt,1376,114.58333333333337,0.5956040529518919
transect,gt,1377,114.66666666666663,0.5953331952534167
transect,gt,1378,114.75,0.5951513939306831
transect,gt,1379,114.83333333333337,0.5950197727033514
transect,gt,1380,114.91666666666663,0.5948853965789608
transect,gt,1381,115.0,0.5947422003969859
transect,gt,1382,115.08333333333337,0.5946095963566497
transect,gt,1383,115.16666666666663,0.5944959059235877
transect,gt,1384,115.25,0.5943876886008259
transect,gt,1385,115.33333333333337,0.5942434928120167
transect,gt,1386,115.41666666666663,0.5940394510758381
transect,gt,1387,115.5,0.593905287154954
transect,gt,1388,115.58333333333337,0.5938598430903568
transect,gt,1389,115.66666666666663,0.5938342670915862
transect,gt,1390,115.75,0.5937838216390151
transect,gt,1391,115.83333333333337,0.5937203351231775
transect,gt,1392,115.91666666666663,0.5936650402962531
transect,gt,1393,116.0,0.5936221947717448
transect,gt,1394,116.08333333333337,0.5935673789887842
transect,gt,1395,116.16666666666663,0.5934490639452492
transect,gt,1396,116.25,0.5932965606546595
transect,gt,1397,116.33333333333337,0.593247739351808
transect,gt,1398,116.41666666666663,0.5932666475702655
transect,gt,1399,116.5,0.5932779561666021
transect,gt,1400,116.58333333333337,0.5932576654666099
transect,gt,1401,116.66666666666663,0.5932277961644605
transect,gt,1402,116.75,0.5932079093186159
transect,gt,1403,116.83333333333337,0.593196833263959
transect,gt,1404,116.91666666666663,0.5931585991934496
transect,gt,1405,117.0,0.593037782203888
transect,gt,1406,117.08333333333337,0.5929513897578993
transect,gt,1407,117.16666666666663,0.5929789415550003
transect,gt,1408,117.25,0.5930514489004503
transect,gt,1409,117.33333333333337,0.593101275013004
transect,gt,1410,117.41666666666663,0.5931247003193848
transect,gt,1411,117.5,0.593147638437127
transect,gt,1412,117.58333333333337,0.5931870337029512
transect,gt,1413,117.66666666666663,0.5932310293787827
transect,gt,1414,117.75,0.593227253729297
transect,gt,1415,117.83333333333337,0.5931453879277448
transect,gt,1416,117.91666666666663,0.5931612623452278
transect,gt,1417,118.0,0.59328364914943
transect,gt,1418,118.08333333333337,0.5934228114667293
transect,gt,1419,118.16666666666663,0.5935250418157804
transect,gt,1420,118.25,0.5936015914058211
transect,gt,1421,118.33333333333337,0.593679696309228
transect,gt,1422,118.41666666666663,0.593772478353305
transect,gt,1423,118.5,0.5938524009371625
transect,gt,1424,118.58333333333337,0.5938489150536748
transect,gt,1425,118.66666666666663,0.5938080452181442
transect,gt,1426,118.75,0.5938717516475474
transect,gt,1427,118.83333333333337,0.5939920114268624
transect,gt,1428,118.91666666666663,0.5940544318244758
transect,gt,1429,119.0,0.5940316084300753
transect,gt,1430,119.08333333333337,0.5940913411302684
transect,gt,1431,119.16666666666663,0.5942328680907913
transect,gt,1432,119.25,0.5943450642438004
transect,gt,1433,119.33333333333337,0.5943433384585224
transect,gt,1434,119.41666666666663,0.5943773905513006
transect,gt,1435,119.5,0.5945163002029883
transect,gt,1436,119.58333333333337,0.5946628661680486
transect,gt,1437,119.66666666666663,0.594700928460993
transect,gt,1438,119.75,0.59470462997028
transect,gt,1439,119.83333333333337,0.5948230861871332
transect,gt,1440,119.91666666666663,0.5949875104623331
transect,gt,1441,120.0,0.5950724577754916
transect,gt,1442,120.08333333333337,0.5950553747748613
transect,gt,1443,120.16666666666663,0.5951406780402946
transect,gt,1444,120.25,0.5953067440048004
transect,gt,1445,120.33333333333337,0.59543042827569
transect,gt,1446,120.41666666666663,0.5954228178583207
transect,gt,1447,120.5,0.5954659140477088
transect,gt,1448,120.58333333333337,0.5956159748669341
transect,gt,1449,120.66666666666663,0.5957648337567352
transect,gt,1450,120.75,0.5957914115290788
transect,gt,1451,120.83333333333337,0.5957920265326586
transect,gt,1452,120.91666666666663,0.5959113564301901
transect,gt,1453,121.0,0.5960699731337034
transect,gt,1454,121.08333333333337,0.5961404207305233
transect,gt,1455,121.16666666666663,0.5961064219839495
transect,gt,1456,121.25,0.5961855152838579
transect,gt,1457,121.33333333333337,0.596339519824344
transect,gt,1458,121.41666666666663,0.5964434025562997
transect,gt,1459,121.5,0.5964162101404128
transect,gt,1460,121.58333333333337,0.5964450111824963
transect,gt,1461,121.66666666666663,0.5965743284420879
transect,gt,1462,121.75,0.5966952021095174
transect,gt,1463,121.83333333333337,0.596690949512806
transect,gt,1464,121.91666666666663,0.5966702513428235
transect,gt,1465,122.0,0.5967619225558408
transect,gt,1466,122.08333333333337,0.5968841967527221
transect,gt,1467,122.16666666666663,0.5969145695135653
transect,gt,1468,122.25,0.5968503123033916
transect,gt,1469,122.33333333333337,0.5968918766705379
transect,gt,1470,122.41666666666663,0.5969973433261794
transect,gt,1471,122.5,0.5970478040249751
transect,gt,1472,122.58333333333337,0.59697474161659
transect,gt,1473,122.66666666666663,0.5969603502216551
transect,gt,1474,122.75,0.5970357628572497
transect,gt,1475,122.83333333333337,0.5970953866778066
transect,gt,1476,122.91666666666663,0.5970027615531978
transect,gt,1477,123.0,0.5968168143289253
transect,gt,1478,123.08333333333337,0.5966845502055378
transect,gt,1479,123.16666666666663,0.5965887427117376
transect,gt,1480,123.25,0.5964975355568402
transect,gt,1481,123.33333333333337,0.5964374663056072
transect,gt,1482,123.41666666666663,0.5964284569002967
transect,gt,1483,123.5,0.596441598168652
transect,gt,1484,123.58333333333337,0.5964407360021088
transect,gt,1485,123.66666666666663,0.5964323710960309
transect,gt,1486,123.75,0.596451491883109
transect,gt,1487,123.83333333333337,0.5965015931046236
transect,gt,1488,123.91666666666663,0.5965416481844148
transect,gt,1489,124.0,0.5965475663283779
transect,gt,1490,124.08333333333337,0.5965742506034166
transect,gt,1491,124.16666666666663,0.5966641545728463
transect,gt,1492,124.25,0.5967627233115551
transect,gt,1493,124.33333333333337,0.5967815284341451
transect,gt,1494,124.41666666666663,0.5967966469216688
transect,gt,1495,124.5,0.5969379386961017
transect,gt,1496,124.58333333333337,0.5971364260958664
transect,gt,1497,124.66666666666663,0.5972668232962547
transect,gt,1498,124.75,0.5973359531751238
transect,gt,1499,124.83333333333337,0.5975054334411999
transect,gt,1500,124.91666666666663,0.597759318574055
transect,gt,1501,125.0,0.5979887519163379
transect,gt,1502,125.08333333333337,0.5981342074067051
transect,gt,1503,125.16666666666663,0.5982390532281966
transect,gt,1504,125.25,0.5983412261696984
transect,gt,1505,125.33333333333337,0.5984222961770125
transect,gt,1506,125.41666666666663,0.5984575596560684
transect,gt,1507,125.5,0.5984638873784657
transect,gt,1508,125.58333333333337,0.5984827960433465
transect,gt,1509,125.66666666666663,0.5985249627905164
transect,gt,1510,125.75,0.5985587334105146
transect,gt,1511,125.83333333333337,0.5985613886633717
transect,gt,1512,125.91666666666663,0.5985698195282837
transect,gt,1513,126.0,0.5986146901398873
transect,gt,1514,126.08333333333337,0.5986511458833295
transect,gt,1515,126.16666666666663,0.5986098273543797
transect,gt,1516,126.25,0.5985584889789765
transect,gt,1517,126.33333333333337,0.5986139552252125
transect,gt,1518,126.41666666666663,0.5987186493787723
transect,gt,1519,126.5,0.5987581470911874
transect,gt,1520,126.58333333333337,0.5987393753714404
transect,gt,1521,126.66666666666663,0.5988265122944084
transect,gt,1522,126.75,0.5989999684054683
transect,gt,1523,126.83333333333337,0.5991594448014561
transect,gt,1524,126.91666666666663,0.5992681555399643
transect,gt,1525,127.0,0.5993995275383958
transect,gt,1526,127.08333333333337,0.5995949740493403
transect,gt,1527,127.16666666666663,0.5998125592737089
transect,gt,1528,127.25,0.6000047732765248
transect,gt,1529,127.33333333333337,0.6001864571287493
transect,gt,1530,127.41666666666663,0.6004036249875658
transect,gt,1531,127.5,0.6006573150341257
transect,gt,1532,127.58333333333337,0.6008975836368259
transect,gt,1533,127.66666666666663,0.6010988150659701
transect,gt,1534,127.75,0.6013196608018941
transect,gt,1535,127.83333333333337,0.6016066859678879
transect,gt,1536,127.91666666666663,0.6018992345532895
transect,gt,1537,128.0,0.6021011828300006
transect,gt,1538,128.08333333333337,0.6022856129815113
transect,gt,1539,128.16666666666663,0.6026001944925353
transect,gt,1540,128.25,0.6029730404031132
transect,gt,1541,128.33333333333337,0.6032499181896582
transect,gt,1542,128.41666666666663,0.6034280739590001
transect,gt,1543,128.5,0.6037386600329443
transect,gt,1544,128.58333333333337,0.6041498923590292
transect,gt,1545,128.66666666666663,0.6045235131342395
transect,gt,1546,128.75,0.6048075515228608
transect,gt,1547,128.83333333333337,0.6051017459022391
transect,gt,1548,128.91666666666663,0.6054602405151278
transect,gt,1549,129.0,0.605826764723664
transect,gt,1550,129.08333333333337,0.6061415955799234
transect,gt,1551,129.16666666666663,0.6064239628447813
transect,gt,1552,129.25,0.6067278398480261
transect,gt,1553,129.33333333333337,0.6070539879872545
transect,gt,1554,129.41666666666663,0.6073495858142604
transect,gt,1555,129.5,0.6075895187481528
transect,gt,1556,129.58333333333337,0.6078316882598254
transect,gt,1557,129.66666666666663,0.6081232056505284
transect,gt,1558,129.75,0.6084076593314336
transect,gt,1559,129.83333333333337,0.6085952997745537
transect,gt,1560,129.91666666666663,0.6087511543109335
transect,gt,1561,130.0,0.6090161003971825
transect,gt,1562,130.08333333333337,0.6093288764990321
transect,gt,1563,130.16666666666663,0.6095407298287303
transect,gt,1564,130.25,0.6096396227935408
transect,gt,1565,130.33333333333337,0.6098685810715925
transect,gt,1566,130.41666666666663,0.6101924247772769
transect,gt,1567,130.5,0.6104726593659444
transect,gt,1568,130.58333333333337,0.6106552862528747
transect,gt,1569,130.66666666666663,0.6108432899595092
transect,gt,1570,130.75,0.6110915145801397
transect,gt,1571,130.83333333333337,0.6113428915690554
transect,gt,1572,130.91666666666663,0.6115389046289623
transect,gt,1573,131.0,0.6116990587162133
transect,gt,1574,131.08333333333337,0.611874444254918
transect,gt,1575,131.16666666666663,0.6120652969464292
transect,gt,1576,131.25,0.6122253142723773
transect,gt,1577,131.33333333333337,0.6123335939665677
transect,gt,1578,131.41666666666663,0.6124374807730136
transect,gt,1579,131.5,0.6125766382732168
transect,gt,1580,131.58333333333337,0.6127070375662764
transect,gt,1581,131.66666666666663,0.612756782342801
transect,gt,1582,131.75,0.6127731107749074
transect,gt,1583,131.83333333333337,0.6128692127711607
transect,gt,1584,131.91666666666663,0.613001405544761
transect,gt,1585,132.0,0.6130467868864704
transect,gt,1586,132.08333333333337,0.612984072738011
transect,gt,1587,132.16666666666663,0.6130304354237922
transect,gt,1588,132.25,0.6131535810823248
transect,gt,1589,132.33333333333337,0.6132344343692654
transect,gt,1590,132.41666666666663,0.6132236252769646
transect,gt,1591,132.5,0.613211336680291
transect,gt,1592,132.58333333333337,0.6132450037116584
transect,gt,1593,132.66666666666663,0.6132747785638718
transect,gt,1594,132.75,0.6132510733961872
transect,gt,1595,132.83333333333337,0.6131900053363961
transect,gt,1596,132.91666666666663,0.6131323153921654
transect,gt,1597,133.0,0.6130773320520047
transect,gt,1598,133.08333333333337,0.6129905352736207
transect,gt,1599,133.16666666666663,0.6128570885035056
transect,gt,1600,133.25,0.6127081856160921
transect,gt,1601,133.33333333333337,0.6125701040852968
transect,gt,1602,133.41666666666663,0.6124157105976882
transect,gt,1603,133.5,0.6122007878606347
transect,gt,1604,133.58333333333337,0.6119514560997235
transect,gt,1605,133.66666666666663,0.6117352155383103
transect,gt,1606,133.75,0.6115295365492198
transect,gt,1607,133.83333333333337,0.611262470424937
transect,gt,1608,133.91666666666663,0.6109312841457982
transect,gt,1609,134.0,0.6106867168203316
transect,gt,1610,134.08333333333337,0.6105292381666283
transect,gt,1611,134.16666666666663,0.6103741496128
transect,gt,1612,134.25,0.6102028911421935
transect,gt,1613,134.33333333333337,0.6101217682541207
transect,gt,1614,134.41666666666663,0.6101101794491369
transect,gt,1615,134.5,0.6100687694433605
transect,gt,1616,134.58333333333337,0.6099441193367591
transect,gt,1617,134.66666666666663,0.6098741741831349
transect,gt,1618,134.75,0.6098930248189985
transect,gt,1619,134.83333333333337,0.609906671885933
transect,gt,1620,134.91666666666663,0.6098201516785878
transect,gt,1621,135.0,0.6097341383112024
transect,gt,1622,135.08333333333337,0.6097515175694417
transect,gt,1623,135.16666666666663,0.6097963558569253
transect,gt,1624,135.25,0.609755593350907
transect,gt,1625,135.33333333333337,0.6096470804804259
transect,gt,1626,135.41666666666663,0.6096413418691373
transect,gt,1627,135.5,0.6096961719135843
transect,gt,1628,135.58333333333337,0.609695350500738
transect,gt,1629,135.66666666666663,0.6095820674700781
transect,gt,1630,135.75,0.6095388658172863
transect,gt,1631,135.83333333333337,0.6095837301235799
transect,gt,1632,135.91666666666663,0.6096091680688667
transect,gt,1633,136.0,0.6095102122394495
transect,gt,1634,136.08333333333337,0.6094264518420522
transect,gt,1635,136.16666666666663,0.6094497087116573
transect,gt,1636,136.25,0.6094913532786298
transect,gt,1637,136.33333333333337,0.6094362307797919
transect,gt,1638,136.41666666666663,0.6093145633413303
transect,gt,1639,136.5,0.6092982771407547
transect,gt,1640,136.58333333333337,0.6093346915014127
transect,gt,1641,136.66666666666663,0.6093087985455262
transect,gt,1642,136.75,0.6091723236469229
transect,gt,1643,136.83333333333337,0.6091087727105421
transect,gt,1644,136.91666666666663,0.6091249781158611
transect,gt,1645,137.0,0.6091158203886567
transect,gt,1646,137.08333333333337,0.6089838071769876
transect,gt,1647,137.16666666666663,0.6088717084382744
transect,gt,1648,137.25,0.6088565316916559
transect,gt,1649,137.33333333333337,0.6088520057142421
transect,gt,1650,137.41666666666663,0.608751292899127
transect,gt,1651,137.5,0.608594819470743
transect,gt,1652,137.58333333333337,0.6085349133405282
transect,gt,1653,137.66666666666663,0.6085186642567956
transect,gt,1654,137.75,0.6084396274747933
transect,gt,1655,137.83333333333337,0.6082598207040221
transect,gt,1656,137.91666666666663,0.6081511593279421
transect,gt,1657,138.0,0.6081115158482266
transect,gt,1658,138.08333333333337,0.6080432787790926
transect,gt,1659,138.16666666666663,0.6078625520462658
transect,gt,1660,138.25,0.6077036376957604
transect,gt,1661,138.33333333333337,0.6076290985511753
transect,gt,1662,138.41666666666663,0.6075589977622937
transect,gt,1663,138.5,0.607397839895217
transect,gt,1664,138.58333333333337,0.607192136643069
transect,gt,1665,138.66666666666663,0.6070705886036568
transect,gt,1666,138.75,0.606982486039488
transect,gt,1667,138.83333333333337,0.6068332805311994
transect,gt,1668,138.91666666666663,0.6065949997602342
transect,gt,1669,139.0,0.6064206000018754
transect,gt,1670,139.08333333333337,0.606300740824175
transect,gt,1671,139.16666666666663,0.6061494894744772
transect,gt,1672,139.25,0.6058990746771922
transect,gt,1673,139.33333333333337,0.6056669031542026
transect,gt,1674,139.41666666666663,0.6054996172870643
transect,gt,1675,139.5,0.605328528754366
transect,gt,1676,139.58333333333337,0.6050753695228575
transect,gt,1677,139.66666666666663,0.6047858350792144
transect,gt,1678,139.75,0.6045573057005406
transect,gt,1679,139.83333333333337,0.6043465592897156
transect,gt,1680,139.91666666666663,0.6040797212867558
transect,gt,1681,140.0,0.6037397699353657
transect,gt,1682,140.08333333333337,0.6034434136543613
transect,gt,1683,140.16666666666663,0.6031777825841398
transect,gt,1684,140.25,0.602879250747857
transect,gt,1685,140.33333333333337,0.6025415275487721
transect,gt,1686,140.41666666666663,0.6022721786737898
transect,gt,1687,140.5,0.6020768040483264
transect,gt,1688,140.58333333333337,0.6018947310029483
transect,gt,1689,140.66666666666663,0.6017179545810276
transect,gt,1690,140.75,0.6016119136078414
transect,gt,1691,140.83333333333337,0.6015579825384376
transect,gt,1692,140.91666666666663,0.6014783845981597
transect,gt,1693,141.0,0.6013445728949726
transect,gt,1694,141.08333333333337,0.6012586384563676
transect,gt,1695,141.16666666666663,0.601240989766854
transect,gt,1696,141.25,0.6012137921085687
transect,gt,1697,141.33333333333337,0.6011083150236406
transect,gt,1698,141.41666666666663,0.601015332685072
transect,gt,1699,141.5,0.6010068424730381
transect,gt,1700,141.58333333333337,0.6010156852508232
transect,gt,1701,141.66666666666663,0.6009473331829175
transect,gt,1702,141.75,0.6008388484674188
transect,gt,1703,141.83333333333337,0.6008220702225657
transect,gt,1704,141.91666666666663,0.6008537919327046
transect,gt,1705,142.0,0.6008303830515285
transect,gt,1706,142.08333333333337,0.6007174909013776
transect,gt,1707,142.16666666666663,0.6006852688337542
transect,gt,1708,142.25,0.6007332016604794
transect,gt,1709,142.33333333333337,0.6007580276710084
transect,gt,1710,142.41666666666663,0.6006500348175627
transect,gt,1711,142.5,0.6004846940058778
transect,gt,1712,142.58333333333337,0.6003594772764477
transect,gt,1713,142.66666666666663,0.6002226108729765
transect,gt,1714,142.75,0.6000200409142018
transect,gt,1715,142.83333333333337,0.5998528454779061
transect,gt,1716,142.91666666666663,0.5997584729998168
transect,gt,1717,143.0,0.5996660430150377
transect,gt,1718,143.08333333333337,0.5994975770645361
transect,gt,1719,143.16666666666663,0.5993198062921433
transect,gt,1720,143.25,0.5992237401173844
transect,gt,1721,143.33333333333337,0.5991564809961601
transect,gt,1722,143.41666666666663,0.5990297206664369
transect,gt,1723,143.5,0.5988493029146842
transect,gt,1724,143.58333333333337,0.5987576474013546
transect,gt,1725,143.66666666666663,0.5987291476050445
transect,gt,1726,143.75,0.5986690322550008
transect,gt,1727,143.83333333333337,0.5985231530377791
transect,gt,1728,143.91666666666663,0.5984467457958818
transect,gt,1729,144.0,0.5984672499973954
transect,gt,1730,144.08333333333337,0.5984901595737244
transect,gt,1731,144.16666666666663,0.5984149742084465
transect,gt,1732,144.25,0.5983581864150913
transect,gt,1733,144.33333333333337,0.5984255376207193
transect,gt,1734,144.41666666666663,0.5985338512194416
transect,gt,1735,144.5,0.5985623942427276
transect,gt,1736,144.58333333333337,0.5985235878833596
transect,gt,1737,144.66666666666663,0.5986163408257227
transect,gt,1738,144.75,0.5987884117911415
transect,gt,1739,144.83333333333337,0.5989095323581516
transect,gt,1740,144.91666666666663,0.5989100734300605
transect,gt,1741,145.0,0.5989968839380247
transect,gt,1742,145.08333333333337,0.599193112248652
transect,gt,1743,145.16666666666663,0.5993756794487012
transect,gt,1744,145.25,0.5994195714286578
transect,gt,1745,145.33333333333337,0.5994778585544633
transect,gt,1746,145.41666666666663,0.5996644333072217
transect,gt,1747,145.5,0.5998781122952018
transect,gt,1748,145.58333333333337,0.599982047726597
transect,gt,1749,145.66666666666663,0.6000045180571009
transect,gt,1750,145.75,0.6001551667749437
transect,gt,1751,145.83333333333337,0.6003738990518318
transect,gt,1752,145.91666666666663,0.6005223658051353
transect,gt,1753,146.0,0.6005374307414751
transect,gt,1754,146.08333333333337,0.600640583105535
transect,gt,1755,146.16666666666663,0.6008454674575648
transect,gt,1756,146.25,0.6010244143463152
transect,gt,1757,146.33333333333337,0.6010536278556904
transect,gt,1758,146.41666666666663,0.601106891069646
transect,gt,1759,146.5,0.601285004063904
transect,gt,1760,146.58333333333337,0.6014819341848228
transect,gt,1761,146.66666666666663,0.601562115731811
transect,gt,1762,146.75,0.601570126617001
transect,gt,1763,146.83333333333337,0.6017051638753854
transect,gt,1764,146.91666666666663,0.6019021914705445
transect,gt,1765,147.0,0.6020239531426642
transect,gt,1766,147.08333333333337,0.6020168070844266
transect,gt,1767,147.16666666666663,0.6021050856123883
transect,gt,1768,147.25,0.6022913700669346
transect,gt,1769,147.33333333333337,0.602447442774783
transect,gt,1770,147.41666666666663,0.6024566555942182
transect,gt,1771,147.5,0.6025001082964994
transect,gt,1772,147.58333333333337,0.6026682145368509
transect,gt,1773,147.66666666666663,0.6028530976191576
transect,gt,1774,147.75,0.6029200975287381
transect,gt,1775,147.83333333333337,0.6029294648182517
transect,gt,1776,147.91666666666663,0.6030727806245935
transect,gt,1777,148.0,0.6032805216594836
transect,gt,1778,148.08333333333337,0.6034127060268114
transect,gt,1779,148.16666666666663,0.6034222870054037
transect,gt,1780,148.25,0.6035475858120155
transect,gt,1781,148.33333333333337,0.6037824448762155
transect,gt,1782,148.41666666666663,0.6039906932160274
transect,gt,1783,148.5,0.6040534533710383
transect,gt,1784,148.58333333333337,0.60417897226327
transect,gt,1785,148.66666666666663,0.6044604861396363
transect,gt,1786,148.75,0.6047758217358263
transect,gt,1787,148.83333333333337,0.6049220144927631
transect,gt,1788,148.91666666666663,0.6049140942535206
transect,gt,1789,149.0,0.6049256680919979
transect,gt,1790,149.08333333333337,0.6049185453324883
transect,gt,1791,149.16666666666663,0.6048427291260033
transect,gt,1792,149.25,0.6048072134155861
transect,gt,1793,149.33333333333337,0.6048706905642607
transect,gt,1794,149.41666666666663,0.6049520740341138
transect,gt,1795,149.5,0.6049507232405621
transect,gt,1796,149.58333333333337,0.6049345397483318
transect,gt,1797,149.66666666666663,0.605023000152655
transect,gt,1798,149.75,0.6051564521482714
transect,gt,1799,149.83333333333337,0.6052138456796902
transect,gt,1800,149.91666666666663,0.6051918985772385
transect,gt,1801,150.0,0.6052659398390274
transect,gt,1802,150.08333333333337,0.6054176039112177
transect,gt,1803,150.16666666666663,0.6055219642400206
transect,gt,1804,150.25,0.6055018824996861
transect,gt,1805,150.33333333333337,0.6055386504513455
transect,gt,1806,150.41666666666663,0.6056804694310186
transect,gt,1807,150.5,0.6058131209458536
transect,gt,1808,150.58333333333337,0.605813008908328
transect,gt,1809,150.66666666666663,0.6058009801052957
transect,gt,1810,150.75,0.6059105915634556
transect,gt,1811,150.83333333333337,0.6060514677596007
transect,gt,1812,150.91666666666663,0.6060886291473694
transect,gt,1813,151.0,0.6059221686421637
transect,gt,1814,151.08333333333337,0.6057653772480373
transect,gt,1815,151.16666666666663,0.6056389911451487
transect,gt,1816,151.25,0.6054709289183073
transect,gt,1817,151.33333333333337,0.6052822001320597
transect,gt,1818,151.41666666666663,0.6051921323869826
transect,gt,1819,151.5,0.6051658533182511
transect,gt,1820,151.58333333333337,0.6051017241739053
transect,gt,1821,151.66666666666663,0.6049614232023464
transect,gt,1822,151.75,0.6048971300519761
transect,gt,1823,151.83333333333337,0.6049194788448929
transect,gt,1824,151.91666666666663,0.6049272379929337
transect,gt,1825,152.0,0.604831323902071
transect,gt,1826,152.08333333333337,0.6047644340915896
transect,gt,1827,152.16666666666663,0.6048057693734357
transect,gt,1828,152.25,0.6048664335943983
transect,gt,1829,152.33333333333337,0.6048307238612983
transect,gt,1830,152.41666666666663,0.6047521265005643
transect,gt,1831,152.5,0.6047903987660306
transect,gt,1832,152.58333333333337,0.604884631934074
transect,gt,1833,152.66666666666663,0.6049105830793197
transect,gt,1834,152.75,0.6048297099041113
transect,gt,1835,152.83333333333337,0.6048484559671707
transect,gt,1836,152.91666666666663,0.6049566965338566
transect,gt,1837,153.0,0.6050328401650631
transect,gt,1838,153.08333333333337,0.6049759778690532
transect,gt,1839,153.16666666666663,0.6049615397283906
transect,gt,1840,153.25,0.6050604376002504
transect,gt,1841,153.33333333333337,0.6051673605712847
transect,gt,1842,153.41666666666663,0.6051576846475951
transect,gt,1843,153.5,0.6051071380201566
transect,gt,1844,153.58333333333337,0.6051782369180109
transect,gt,1845,153.66666666666663,0.6052976547550477
transect,gt,1846,153.75,0.6053354789939007
transect,gt,1847,153.83333333333337,0.6052608733514919
transect,gt,1848,153.91666666666663,0.6052933593006882
transect,gt,1849,154.0,0.6054086856430222
transect,gt,1850,154.08333333333337,0.605481336887527
transect,gt,1851,154.16666666666663,0.6054180178446389
transect,gt,1852,154.25,0.6054018403070992
transect,gt,1853,154.33333333333337,0.6054926711318037
transect,gt,1854,154.41666666666663,0.6055828559208076
transect,gt,1855,154.5,0.6055509606743489
transect,gt,1856,154.58333333333337,0.6054868638657994
transect,gt,1857,154.66666666666663,0.6055386309848831
transect,gt,1858,154.75,0.6056295651588364
transect,gt,1859,154.83333333333337,0.6056339457737961
transect,gt,1860,154.91666666666663,0.6055311463349962
transect,gt,1861,155.0,0.6055357543307355
transect,gt,1862,155.08333333333337,0.6056134661968867
transect,gt,1863,155.16666666666663,0.6056429760137116
transect,gt,1864,155.25,0.6055428711161218
transect,gt,1865,155.33333333333337,0.6054920894247673
transect,gt,1866,155.41666666666663,0.6055376563388428
transect,gt,1867,155.5,0.6055757973864773
transect,gt,1868,155.58333333333337,0.6054940597880134
transect,gt,1869,155.66666666666663,0.6053903589399994
transect,gt,1870,155.75,0.6053919958530939
transect,gt,1871,155.83333333333337,0.6054230769481486
transect,gt,1872,155.91666666666663,0.6053673626519561
transect,gt,1873,156.0,0.6052170760576788
transect,gt,1874,156.08333333333337,0.6051634849246502
transect,gt,1875,156.16666666666663,0.6051690106110078
transect,gt,1876,156.25,0.6051225410369181
transect,gt,1877,156.33333333333337,0.6049570230215009
transect,gt,1878,156.41666666666663,0.6048358088229523
transect,gt,1879,156.5,0.6047912320860507
transect,gt,1880,156.58333333333337,0.6047295142889352
transect,gt,1881,156.66666666666663,0.6045544941032042
transect,gt,1882,156.75,0.6043611602845914
transect,gt,1883,156.83333333333337,0.6042470514985115
transect,gt,1884,156.91666666666663,0.6041445303537156
transect,gt,1885,157.0,0.6039589625906646
transect,gt,1886,157.08333333333337,0.6036943922497243
transect,gt,1887,157.16666666666663,0.6034955037120237
transect,gt,1888,157.25,0.6033280852327955
transect,gt,1889,157.33333333333337,0.6031073042143056
transect,gt,1890,157.41666666666663,0.6027938179567113
transect,gt,1891,157.5,0.6025306270224479
transect,gt,1892,157.58333333333337,0.6023345839879884
transect,gt,1893,157.66666666666663,0.60214477737638
transect,gt,1894,157.75,0.6019590858965204
transect,gt,1895,157.83333333333337,0.6018559193723082
transect,gt,1896,157.91666666666663,0.6018130075696735
transect,gt,1897,158.0,0.6017440286873297
transect,gt,1898,158.08333333333337,0.6016165853892619
transect,gt,1899,158.16666666666663,0.6015482792669108
transect,gt,1900,158.25,0.6015584138948943
transect,gt,1901,158.33333333333337,0.6015592022985012
transect,gt,1902,158.41666666666663,0.6014731701657982
transect,gt,1903,158.5,0.6014054011733162
transect,gt,1904,158.58333333333337,0.6014339156722595
transect,gt,1905,158.66666666666663,0.6014818277628855
transect,gt,1906,158.75,0.6014437533963367
transect,gt,1907,158.83333333333337,0.6013623650912179
transect,gt,1908,158.91666666666663,0.6013840483451401
transect,gt,1909,159.0,0.6014579879460665
transect,gt,1910,159.08333333333337,0.6014694974277613
transect,gt,1911,159.16666666666663,0.6013812742951397
transect,gt,1912,159.25,0.601381022610785
transect,gt,1913,159.33333333333337,0.6014650838578669
transect,gt,1914,159.41666666666663,0.6015203612585488
transect,gt,1915,159.5,0.6014356159922418
transect,gt,1916,159.58333333333337,0.6013108511402405
transect,gt,1917,159.66666666666663,0.6012482812269723
transect,gt,1918,159.75,0.6011849680677165
transect,gt,1919,159.83333333333337,0.6010537071565212
transect,gt,1920,159.91666666666663,0.6009728375190828
transect,gt,1921,160.0,0.6009872072227311
transect,gt,1922,160.08333333333337,0.6010096709189486
transect,gt,1923,160.16666666666663,0.6009418723488262
transect,gt,1924,160.25,0.6008629489989626
transect,gt,1925,160.33333333333337,0.6008864641847593
transect,gt,1926,160.41666666666663,0.6009468741446554
transect,gt,1927,160.5,0.6009322449738036
transect,gt,1928,160.58333333333337,0.6008427249109933
transect,gt,1929,160.66666666666663,0.6008499609319836
transect,gt,1930,160.75,0.6009258619572837
transect,gt,1931,160.83333333333337,0.6009567105248657
transect,gt,1932,160.91666666666663,0.6008746299918755
transect,gt,1933,161.0,0.6008518313648779
transect,gt,1934,161.08333333333337,0.6009239432228697
transect,gt,1935,161.16666666666663,0.6009872066083822
transect,gt,1936,161.25,0.600932023366026
transect,gt,1937,161.33333333333337,0.600873701347935
transect,gt,1938,161.41666666666663,0.6009259663628566
transect,gt,1939,161.5,0.6010067735401889
transect,gt,1940,161.58333333333337,0.6009969324356338
transect,gt,1941,161.66666666666663,0.6009055313978188
transect,gt,1942,161.75,0.6009227078911805
transect,gt,1943,161.83333333333337,0.6010030081136347
transect,gt,1944,161.91666666666663,0.6010279670087724
transect,gt,1945,162.0,0.600935069889306
transect,gt,1946,162.08333333333337,0.6009094617522421
transect,gt,1947,162.16666666666663,0.6009744076855835
transect,gt,1948,162.25,0.6010230989536848
transect,gt,1949,162.33333333333337,0.600947873842445
transect,gt,1950,162.41666666666663,0.6008803189118999
transect,gt,1951,162.5,0.6009203326694353
transect,gt,1952,162.58333333333337,0.6009822684080074
transect,gt,1953,162.66666666666663,0.6009500259713376
transect,gt,1954,162.75,0.6008465993414404
transect,gt,1955,162.83333333333337,0.6008500098813909
transect,gt,1956,162.91666666666663,0.6009106001940984
transect,gt,1957,163.0,0.6009122453359881
transect,gt,1958,163.08333333333337,0.6008013456556704
transect,gt,1959,163.16666666666663,0.6007623987034096
transect,gt,1960,163.25,0.6008080120943563
transect,gt,1961,163.33333333333337,0.6008319704702686
transect,gt,1962,163.41666666666663,0.6007313796589783
transect,gt,1963,163.5,0.6006482405846459
transect,gt,1964,163.58333333333337,0.6006668314533081
transect,gt,1965,163.66666666666663,0.600699757184012
transect,gt,1966,163.75,0.6006357490180949
transect,gt,1967,163.83333333333337,0.600510052519236
transect,gt,1968,163.91666666666663,0.6004846674881233
transect,gt,1969,164.0,0.6005065472470569
transect,gt,1970,164.08333333333337,0.6004650646081998
transect,gt,1971,164.16666666666663,0.6003175382409321
transect,gt,1972,164.25,0.6002415278449843
transect,gt,1973,164.33333333333337,0.600238322180968
transect,gt,1974,164.41666666666663,0.600206980555121
transect,gt,1975,164.5,0.6000581340916994
transect,gt,1976,164.58333333333337,0.599932444400432
transect,gt,1977,164.66666666666663,0.5998976029089114
transect,gt,1978,164.75,0.5998702104285054
transect,gt,1979,164.83333333333337,0.5997503307579473
transect,gt,1980,164.91666666666663,0.5995868021236799
transect,gt,1981,165.0,0.5995217236627859
transect,gt,1982,165.08333333333337,0.5995001668357479
transect,gt,1983,165.16666666666663,0.5994194458429206
transect,gt,1984,165.25,0.5992499657772745
transect,gt,1985,165.33333333333337,0.599169372012556
transect,gt,1986,165.41666666666663,0.5991670260799257
transect,gt,1987,165.5,0.5991414752974158
transect,gt,1988,165.58333333333337,0.599009383541108
transect,gt,1989,165.66666666666663,0.598927269415147
transect,gt,1990,165.75,0.5989547273297181
transect,gt,1991,165.83333333333337,0.5989985721992647
transect,gt,1992,165.91666666666663,0.5989419947004574
transect,gt,1993,166.0,0.5988470283896348
transect,gt,1994,166.08333333333337,0.5988358863729002
transect,gt,1995,166.16666666666663,0.598878264543928
transect,gt,1996,166.25,0.5989222139107517
transect,gt,1997,166.33333333333337,0.5989304897718357
transect,gt,1998,166.41666666666663,0.5988702668006859
transect,gt,1999,166.5,0.5988327250840372
transect,gt,2000,166.58333333333337,0.5989227964567835
transect,gt,2001,166.66666666666663,0.5990886609105991
transect,gt,2002,166.75,0.5992577242837699
transect,gt,2003,166.83333333333337,0.5993824134078382
transect,gt,2004,166.91666666666663,0.5994188842165449
transect,gt,2005,167.0,0.5994536391372944
transect,gt,2006,167.08333333333337,0.599634809439701
transect,gt,2007,167.16666666666663,0.5999076615125208
transect,gt,2008,167.25,0.6001820785516089
transect,gt,2009,167.33333333333337,0.6003996602723803
transect,gt,2010,167.41666666666663,0.6005087135990052
transect,gt,2011,167.5,0.6005764612260377
transect,gt,2012,167.58333333333337,0.600795520298586
transect,gt,2013,167.66666666666663,0.6011159524661945
transect,gt,2014,167.75,0.6014350823434028
transect,gt,2015,167.83333333333337,0.6016867295815055
transect,gt,2016,167.91666666666663,0.6018189585039478
transect,gt,2017,168.0,0.6018670763757532
transect,gt,2018,168.08333333333337,0.6020462585858919
transect,gt,2019,168.16666666666663,0.6023217530270113
transect,gt,2020,168.25,0.602593192248415
transect,gt,2021,168.33333333333337,0.6027949653734265
transect,gt,2022,168.41666666666663,0.6028796059511371
transect,gt,2023,168.5,0.602857361583211
transect,gt,2024,168.58333333333337,0.6029522137771428
transect,gt,2025,168.66666666666663,0.603149107251283
transect,gt,2026,168.75,0.6033517745355778
transect,gt,2027,168.83333333333337,0.6034930496800898
transect,gt,2028,168.91666666666663,0.6035276800322208
transect,gt,2029,169.0,0.6032928557770311
transect,gt,2030,169.08333333333337,0.6029863337980422
transect,gt,2031,169.16666666666663,0.6026761475526733
transect,gt,2032,169.25,0.6023565942611376
transect,gt,2033,169.33333333333337,0.602099574744258
transect,gt,2034,169.41666666666663,0.6019394432075648
transect,gt,2035,169.5,0.6018116810040719
transect,gt,2036,169.58333333333337,0.6016285115497588
transect,gt,2037,169.66666666666663,0.6014347963917492
transect,gt,2038,169.75,0.6013248236914398
transect,gt,2039,169.83333333333337,0.6012532195309965
transect,gt,2040,169.91666666666663,0.6011283013449958
transect,gt,2041,170.0,0.6009421448209117
transect,gt,2042,170.08333333333337,0.600834306846423
transect,gt,2043,170.16666666666663,0.6007897004300605
transect,gt,2044,170.25,0.6007159302354117
transect,gt,2045,170.33333333333337,0.6005513266911393
transect,gt,2046,170.41666666666663,0.6004328520861755
transect,gt,2047,170.5,0.6003971835822877
transect,gt,2048,170.58333333333337,0.6003603417025805
transect,gt,2049,170.66666666666663,0.600228920289827
transect,gt,2050,170.75,0.6000905163908697
transect,gt,2051,170.83333333333337,0.6000470130272475
transect,gt,2052,170.91666666666663,0.6000328922179627
transect,gt,2053,171.0,0.5999470879313265
transect,gt,2054,171.08333333333337,0.599788547330735
transect,gt,2055,171.16666666666663,0.5997217240122039
transect,gt,2056,171.25,0.5997120231238152
transect,gt,2057,171.33333333333337,0.5996594022596564
transect,gt,2058,171.41666666666663,0.5995064244214572
transect,gt,2059,171.5,0.5994075459358227
transect,gt,2060,171.58333333333337,0.5993879984110774
transect,gt,2061,171.66666666666663,0.599358010766538
transect,gt,2062,171.75,0.599224543407809
transect,gt,2063,171.83333333333337,0.5990916376398222
transect,gt,2064,171.91666666666663,0.5990499517499349
transect,gt,2065,172.0,0.5990286384100467
transect,gt,2066,172.08333333333337,0.5989286402978888
transect,gt,2067,172.16666666666663,0.5987629053459397
transect,gt,2068,172.25,0.5986851496788915
transect,gt,2069,172.33333333333337,0.598655457868167
transect,gt,2070,172.41666666666663,0.5985765412816051
transect,gt,2071,172.5,0.5984009033991754
transect,gt,2072,172.58333333333337,0.598281228648368
transect,gt,2073,172.66666666666663,0.5982315518446201
transect,gt,2074,172.75,0.5981647446761144
transect,gt,2075,172.83333333333337,0.5979959870298189
transect,gt,2076,172.91666666666663,0.5978404859456949
transect,gt,2077,173.0,0.5977724173337726
transect,gt,2078,173.08333333333337,0.5977203098886872
transect,gt,2079,173.16666666666663,0.5975917608224636
transect,gt,2080,173.25,0.5974158360022158
transect,gt,2081,173.33333333333337,0.5973364135462611
transect,gt,2082,173.41666666666663,0.5973077197272603
transect,gt,2083,173.5,0.5972328187062795
transect,gt,2084,173.58333333333337,0.597072867933691
transect,gt,2085,173.66666666666663,0.5969935916700337
transect,gt,2086,173.75,0.596997907424316
transect,gt,2087,173.83333333333337,0.5969895497602201
transect,gt,2088,173.91666666666663,0.5968772057441687
transect,gt,2089,174.0,0.5968052471748589
transect,gt,2090,174.08333333333337,0.5968450015882443
transect,gt,2091,174.16666666666663,0.5969086419569211
transect,gt,2092,174.25,0.5968858498610274
transect,gt,2093,174.33333333333337,0.5968241026593042
transect,gt,2094,174.41666666666663,0.5968879496858218
transect,gt,2095,174.5,0.5970151999153611
transect,gt,2096,174.58333333333337,0.5970835113472566
transect,gt,2097,174.66666666666663,0.5970496017135128
transect,gt,2098,174.75,0.5971217199295077
transect,gt,2099,174.83333333333337,0.5972922935814058
transect,gt,2100,174.91666666666663,0.597437718826476
transect,gt,2101,175.0,0.5974492644684968
transect,gt,2102,175.08333333333337,0.5975028176625238
transect,gt,2103,175.16666666666663,0.5976760712682372
transect,gt,2104,175.25,0.5978612194371309
transect,gt,2105,175.33333333333337,0.5979289156341304
transect,gt,2106,175.41666666666663,0.5979418585031459
transect,gt,2107,175.5,0.5980738303517038
transect,gt,2108,175.58333333333337,0.598253706330817
transect,gt,2109,175.66666666666663,0.5983506701645378
transect,gt,2110,175.75,0.5983262566172045
transect,gt,2111,175.83333333333337,0.5983938092490222
transect,gt,2112,175.91666666666663,0.5985385297949859
transect,gt,2113,176.0,0.5986394045863561
transect,gt,2114,176.08333333333337,0.598600968763065
transect,gt,2115,176.16666666666663,0.5985922157398536
transect,gt,2116,176.25,0.5986775866481135
transect,gt,2117,176.33333333333337,0.5987580160716728
transect,gt,2118,176.41666666666663,0.5987210366395995
transect,gt,2119,176.5,0.5986354524423451
transect,gt,2120,176.58333333333337,0.5986426442048501
transect,gt,2121,176.66666666666663,0.5986776054909362
transect,gt,2122,176.75,0.5986309826152448
transect,gt,2123,176.83333333333337,0.5984786459301402
transect,gt,2124,176.91666666666663,0.598396601470833
transect,gt,2125,177.0,0.5983638021593928
transect,gt,2126,177.08333333333337,0.5982837438209823
transect,gt,2127,177.16666666666663,0.5980890372468721
transect,gt,2128,177.25,0.5979131562135753
transect,gt,2129,177.33333333333337,0.59779602957606
transect,gt,2130,177.41666666666663,0.597661639940043
transect,gt,2131,177.5,0.5973917990047776
transect,gt,2132,177.58333333333337,0.5969831697522973
transect,gt,2133,177.66666666666663,0.5965644023927379
transect,gt,2134,177.75,0.5961745683449009
transect,gt,2135,177.83333333333337,0.5958297524649385
transect,gt,2136,177.91666666666663,0.5955324150402054
transect,gt,2137,178.0,0.595277641362364
transect,gt,2138,178.08333333333337,0.595047651896879
transect,gt,2139,178.16666666666663,0.5948003984774013
transect,gt,2140,178.25,0.5945227129199047
transect,gt,2141,178.33333333333337,0.5943196259154859
transect,gt,2142,178.41666666666663,0.5941947366110727
transect,gt,2143,178.5,0.5940908618447588
transect,gt,2144,178.58333333333337,0.5939752042683628
transect,gt,2145,178.66666666666663,0.5938613342809964
transect,gt,2146,178.75,0.5937654836130312
transect,gt,2147,178.83333333333337,0.5936865594543808
transect,gt,2148,178.91666666666663,0.5935960950226762
transect,gt,2149,179.0,0.5934441408976969
transect,gt,2150,179.08333333333337,0.5932899911413879
transect,gt,2151,179.16666666666663,0.5932410214796895
transect,gt,2152,179.25,0.593252442124402
transect,gt,2153,179.33333333333337,0.593255058388495
transect,gt,2154,179.41666666666663,0.5932351235569825
transect,gt,2155,179.5,0.5932165569364184
transect,gt,2156,179.58333333333337,0.5932141552250606
transect,gt,2157,179.66666666666663,0.5932190286936765
transect,gt,2158,179.75,0.5931885143598649
transect,gt,2159,179.83333333333337,0.593078346105773
transect,gt,2160,179.91666666666663,0.5930277948402625
transect,gt,2161,180.0,0.5930859004538426
transect,gt,2162,180.08333333333337,0.5931763845009532
transect,gt,2163,180.16666666666663,0.5932387788190047
transect,gt,2164,180.25,0.593279008280062
transect,gt,2165,180.33333333333337,0.5933236379504414
transect,gt,2166,180.41666666666663,0.5933843428941449
transect,gt,2167,180.5,0.5934408968293465
transect,gt,2168,180.58333333333337,0.5934363286698491
transect,gt,2169,180.66666666666663,0.5933672761871179
transect,gt,2170,180.75,0.5934151387398027
transect,gt,2171,180.83333333333337,0.5935571243532759
transect,gt,2172,180.91666666666663,0.5937019430868008
transect,gt,2173,181.0,0.5938081825314623
transect,gt,2174,181.08333333333337,0.5938955407442832
transect,gt,2175,181.16666666666663,0.5939899574023385
transect,gt,2176,181.25,0.5940972611888953
transect,gt,2177,181.33333333333337,0.5941814136498849
transect,gt,2178,181.41666666666663,0.5941732087413724
transect,gt,2179,181.5,0.5941639750722394
transect,gt,2180,181.58333333333337,0.5942878742475617
transect,gt,2181,181.66666666666663,0.5944748935801246
transect,gt,2182,181.75,0.5946373408629113
transect,gt,2183,181.83333333333337,0.594757090099111
transect,gt,2184,181.91666666666663,0.5948609448516807
transect,gt,2185,182.0,0.5949732949930073
transect,gt,2186,182.08333333333337,0.5950901634972615
transect,gt,2187,182.16666666666663,0.5951593566620191
transect,gt,2188,182.25,0.5951303229523267
transect,gt,2189,182.33333333333337,0.5951615703537081
transect,gt,2190,182.41666666666663,0.5952938296096739
transect,gt,2191,182.5,0.5954254514069914
transect,gt,2192,182.58333333333337,0.5954527676140998
transect,gt,2193,182.66666666666663,0.5954780876640386
transect,gt,2194,182.75,0.5956124365922352
transect,gt,2195,182.83333333333337,0.5957774598788561
transect,gt,2196,182.91666666666663,0.5958529313332875
transect,gt,2197,183.0,0.5958572689205658
transect,gt,2198,183.08333333333337,0.5959680346834839
transect,gt,2199,183.16666666666663,0.5961455547667284
transect,gt,2200,183.25,0.5962658525900827
transect,gt,2201,183.33333333333337,0.5962687326913665
transect,gt,2202,183.41666666666663,0.5963441089297707
transect,gt,2203,183.5,0.5965167246655354
transect,gt,2204,183.58333333333337,0.5966713056889659
transect,gt,2205,183.66666666666663,0.5966958959029938
transect,gt,2206,183.75,0.5967310420308746
transect,gt,2207,183.83333333333337,0.5968835130789915
transect,gt,2208,183.91666666666663,0.5970590178504432
transect,gt,2209,184.0,0.5971297317441903
transect,gt,2210,184.08333333333337,0.5971273760414556
transect,gt,2211,184.16666666666663,0.5972446613078249
transect,gt,2212,184.25,0.5974241617199305
transect,gt,2213,184.33333333333337,0.5975358968036892
transect,gt,2214,184.41666666666663,0.5975235391860612
transect,gt,2215,184.5,0.5975962277624597
transect,gt,2216,184.58333333333337,0.5977630513911032
transect,gt,2217,184.66666666666663,0.5979034914215225
transect,gt,2218,184.75,0.5979035621444857
transect,gt,2219,184.83333333333337,0.5979285551343876
transect,gt,2220,184.91666666666663,0.5980689039835536
transect,gt,2221,185.0,0.5982242539784066
transect,gt,2222,185.08333333333337,0.5982686988769464
transect,gt,2223,185.16666666666663,0.5982484895351428
transect,gt,2224,185.25,0.5983447521102624
transect,gt,2225,185.33333333333337,0.5984949864070075
transect,gt,2226,185.41666666666663,0.5985721951296332
transect,gt,2227,185.5,0.5985299905409248
transect,gt,2228,185.58333333333337,0.598574575688049
transect,gt,2229,185.66666666666663,0.5987037971832491
transect,gt,2230,185.75,0.5987998406919135
transect,gt,2231,185.83333333333337,0.5987601416127165
transect,gt,2232,185.91666666666663,0.59874789833825
transect,gt,2233,186.0,0.5988392179361386
transect,gt,2234,186.08333333333337,0.5989366459088519
transect,gt,2235,186.16666666666663,0.5989233974330346
transect,gt,2236,186.25,0.5988578791882727
transect,gt,2237,186.33333333333337,0.5989001696082771
transect,gt,2238,186.41666666666663,0.5989858299635811
transect,gt,2239,186.5,0.5989958705106232
transect,gt,2240,186.58333333333337,0.5988229920779248
transect,gt,2241,186.66666666666663,0.5986700144761884
transect,gt,2242,186.75,0.5985770787935114
transect,gt,2243,186.83333333333337,0.5985018686474951
transect,gt,2244,186.91666666666663,0.5984415466925225
transect,gt,2245,187.0,0.5984318398854775
transect,gt,2246,187.08333333333337,0.5984664951935741
transect,gt,2247,187.16666666666663,0.5985035098300514
transect,gt,2248,187.25,0.5985240687983225
transect,gt,2249,187.33333333333337,0.5985569480664762
transect,gt,2250,187.41666666666663,0.5986292894993694
transect,gt,2251,187.5,0.5987175038328043
transect,gt,2252,187.58333333333337,0.598775898805774
transect,gt,2253,187.66666666666663,0.5988201928614588
transect,gt,2254,187.75,0.5989229435255944
transect,gt,2255,187.83333333333337,0.5990768890734354
transect,gt,2256,187.91666666666663,0.5991914139157336
transect,gt,2257,188.0,0.5992252236274086
transect,gt,2258,188.08333333333337,0.5993558122468599
transect,gt,2259,188.16666666666663,0.5996046570574718
transect,gt,2260,188.25,0.5998474053471862
transect,gt,2261,188.33333333333337,0.5999859523030304
transect,gt,2262,188.41666666666663,0.6001583164978206
transect,gt,2263,188.5,0.600457132479178
transect,gt,2264,188.58333333333337,0.6007924807840597
transect,gt,2265,188.66666666666663,0.6010546565185326
transect,gt,2266,188.75,0.601239899689831
transect,gt,2267,188.83333333333337,0.6014096296067413
transect,gt,2268,188.91666666666663,0.6015710475090127
transect,gt,2269,189.0,0.6016909749346945
transect,gt,2270,189.08333333333337,0.6017612842480031
transect,gt,2271,189.16666666666663,0.6018201774895905
transect,gt,2272,189.25,0.6019018898336055
transect,gt,2273,189.33333333333337,0.6019912079350843
transect,gt,2274,189.41666666666663,0.60204853830758
transect,gt,2275,189.5,0.6020794882006533
transect,gt,2276,189.58333333333337,0.602135884381874
transect,gt,2277,189.66666666666663,0.6022108461204638
transect,gt,2278,189.75,0.6022320853225972
transect,gt,2279,189.83333333333337,0.6021703340879352
transect,gt,2280,189.91666666666663,0.6021695892137534
transect,gt,2281,190.0,0.6022558564419939
transect,gt,2282,190.08333333333337,0.6023268262817484
transect,gt,2283,190.16666666666663,0.6022960612009386
transect,gt,2284,190.25,0.6022873174759019
transect,gt,2285,190.33333333333337,0.6023819053814499
transect,gt,2286,190.41666666666663,0.6025041335303114
transect,gt,2287,190.5,0.6025735136461767
transect,gt,2288,190.58333333333337,0.6026145743218448
transect,gt,2289,190.66666666666663,0.6026993814557383
transect,gt,2290,190.75,0.6028240721383175
transect,gt,2291,190.83333333333337,0.6029378805820853
transect,gt,2292,190.91666666666663,0.6030238518780143
transect,gt,2293,191.0,0.6031193593616051
transect,gt,2294,191.08333333333337,0.6032529585788229
transect,gt,2295,191.16666666666663,0.6033988977066328
transect,gt,2296,191.25,0.6035138648856584
transect,gt,2297,191.33333333333337,0.6036144129665882
transect,gt,2298,191.41666666666663,0.6037671022918061
transect,gt,2299,191.5,0.6039664584630552
transect,gt,2300,191.58333333333337,0.6041268643553371
transect,gt,2301,191.66666666666663,0.6042113472764812
transect,gt,2302,191.75,0.6043757806599214
transect,gt,2303,191.83333333333337,0.6046529488701711
transect,gt,2304,191.91666666666663,0.6049182623532682
transect,gt,2305,192.0,0.6050562238216982
transect,gt,2306,192.08333333333337,0.6052308871642254
transect,gt,2307,192.16666666666663,0.6055482328920677
transect,gt,2308,192.25,0.6059015616735705
transect,gt,2309,192.33333333333337,0.6061794369208883
transect,gt,2310,192.41666666666663,0.6064145936541379
transect,gt,2311,192.5,0.6067062900273454
transect,gt,2312,192.58333333333337,0.607044919937677
transect,gt,2313,192.66666666666663,0.60735898067655
transect,gt,2314,192.75,0.6076250565438289
transect,gt,2315,192.83333333333337,0.607890481089064
transect,gt,2316,192.91666666666663,0.6081885822857345
transect,gt,2317,193.0,0.6084870011820064
transect,gt,2318,193.08333333333337,0.6087353954560625
transect,gt,2319,193.16666666666663,0.6089505667288923
transect,gt,2320,193.25,0.6092029302682599
transect,gt,2321,193.33333333333337,0.6094886106412082
transect,gt,2322,193.41666666666663,0.6097188915484325
transect,gt,2323,193.5,0.6098554548443589
transect,gt,2324,193.58333333333337,0.6100498735347021
transect,gt,2325,193.66666666666663,0.6103435838537379
transect,gt,2326,193.75,0.6106124462528401
transect,gt,2327,193.83333333333337,0.6107300729032664
transect,gt,2328,193.91666666666663,0.6108728086874354
transect,gt,2329,194.0,0.6111543453363241
transect,gt,2330,194.08333333333337,0.6114619778256992
transect,gt,2331,194.16666666666663,0.6116791074175613
transect,gt,2332,194.25,0.6118401786702649
transect,gt,2333,194.33333333333337,0.6120514214813749
transect,gt,2334,194.41666666666663,0.6123021083792997
transect,gt,2335,194.5,0.6125200291813704
transect,gt,2336,194.58333333333337,0.612683081650332
transect,gt,2337,194.66666666666663,0.6128385172885693
transect,gt,2338,194.75,0.613017625283879
transect,gt,2339,194.83333333333337,0.6131911965593707
transect,gt,2340,194.91666666666663,0.6133160199705204
transect,gt,2341,195.0,0.6134064885361344
transect,gt,2342,195.08333333333337,0.6135208169081311
transect,gt,2343,195.16666666666663,0.6136580043285678
transect,gt,2344,195.25,0.6137469133814091
transect,gt,2345,195.33333333333337,0.6137558473210278
transect,gt,2346,195.41666666666663,0.6138008096091023
transect,gt,2347,195.5,0.61392144931435
transect,gt,2348,195.58333333333337,0.6140188160968377
transect,gt,2349,195.66666666666663,0.6139801781251001
transect,gt,2350,195.75,0.6139569399990461
transect,gt,2351,195.83333333333337,0.6140485565874365
transect,gt,2352,195.91666666666663,0.6141578963135061
transect,gt,2353,196.0,0.6141831923541008
transect,gt,2354,196.08333333333337,0.6141524464637659
transect,gt,2355,196.16666666666663,0.6141595404237137
transect,gt,2356,196.25,0.6141940191954173
transect,gt,2357,196.33333333333337,0.6141940536876418
transect,gt,2358,196.41666666666663,0.6141409990540391
transect,gt,2359,196.5,0.6140734783293188
transect,gt,2360,196.58333333333337,0.6140154397856002
transect,gt,2361,196.66666666666663,0.6139442005804469
transect,gt,2362,196.75,0.613828482394897
transect,gt,2363,196.83333333333337,0.6136777749378914
transect,gt,2364,196.91666666666663,0.6135302035393297
transect,gt,2365,197.0,0.6133860981551114
transect,gt,2366,197.08333333333337,0.6132012752164345
transect,gt,2367,197.16666666666663,0.6129559735952663
transect,gt,2368,197.25,0.6127166959135462
transect,gt,2369,197.33333333333337,0.6125102499659161
transect,gt,2370,197.41666666666663,0.6122798797534879
transect,gt,2371,197.5,0.6119613605396632
transect,gt,2372,197.58333333333337,0.6116593169721705
transect,gt,2373,197.66666666666663,0.6114587466457553
transect,gt,2374,197.75,0.6113055066038005
transect,gt,2375,197.83333333333337,0.6111226787369708
transect,gt,2376,197.91666666666663,0.6109799928529163
transect,gt,2377,198.0,0.6109322565318552
transect,gt,2378,198.08333333333337,0.6109066996663882
transect,gt,2379,198.16666666666663,0.610807845407575
transect,gt,2380,198.25,0.6106808630263209
transect,gt,2381,198.33333333333337,0.6106493912690723
transect,gt,2382,198.41666666666663,0.6106655540293688
transect,gt,2383,198.5,0.610622645280767
transect,gt,2384,198.58333333333337,0.6104965956321147
transect,gt,2385,198.66666666666663,0.6104502684994177
transect,gt,2386,198.75,0.6104790437669049
transect,gt,2387,198.83333333333337,0.6104771126473705
transect,gt,2388,198.91666666666663,0.6103637961753913
transect,gt,2389,199.0,0.6102860533749658
transect,gt,2390,199.08333333333337,0.6103046957867465
transect,gt,2391,199.16666666666663,0.6103269171408556
transect,gt,2392,199.25,0.610244448051456
transect,gt,2393,199.33333333333337,0.6101296368726891
transect,gt,2394,199.41666666666663,0.6101196910648061
transect,gt,2395,199.5,0.6101480488868886
transect,gt,2396,199.58333333333337,0.6101010425097361
transect,gt,2397,199.66666666666663,0.6099576733686561
transect,gt,2398,199.75,0.6099107201811561
transect,gt,2399,199.83333333333337,0.6099334229190905
transect,gt,2400,199.91666666666663,0.609915285062584
transect,gt,2401,200.0,0.6097790016132569
transect,gt,2402,200.08333333333337,0.609685511837548
transect,gt,2403,200.16666666666663,0.609682212074572
transect,gt,2404,200.25,0.6096747557497092
transect,gt,2405,200.33333333333337,0.6095597687872639
transect,gt,2406,200.41666666666663,0.6094209041027078
transect,gt,2407,200.5,0.6093803312389009
transect,gt,2408,200.58333333333337,0.6093702512118997
transect,gt,2409,200.66666666666663,0.6092837153061409
transect,gt,2410,200.75,0.6091085243069521
transect,gt,2411,200.83333333333337,0.6090252652059494
transect,gt,2412,200.91666666666663,0.609002084213633
transect,gt,2413,201.0,0.6089358364567301
transect,gt,2414,201.08333333333337,0.6087609792282319
transect,gt,2415,201.16666666666663,0.6086306453692293
transect,gt,2416,201.25,0.6085811651670513
transect,gt,2417,201.33333333333337,0.60852400937019
transect,gt,2418,201.41666666666663,0.6083650397807726
transect,gt,2419,201.5,0.6081926872725913
transect,gt,2420,201.58333333333337,0.6081108039018991
transect,gt,2421,201.66666666666663,0.6080537605369293
transect,gt,2422,201.75,0.6079232081055405
transect,gt,2423,201.83333333333337,0.6077176522465112
transect,gt,2424,201.91666666666663,0.6075975274313552
transect,gt,2425,202.0,0.6075297746883493
transect,gt,2426,202.08333333333337,0.6074188525578873
transect,gt,2427,202.16666666666663,0.6072093235861226
transect,gt,2428,202.25,0.6070448690818759
transect,gt,2429,202.33333333333337,0.6069513446815888
transect,gt,2430,202.41666666666663,0.6068457366233667
transect,gt,2431,202.5,0.606642760856497
transect,gt,2432,202.58333333333337,0.6064327634987193
transect,gt,2433,202.66666666666663,0.6063009534002636
transect,gt,2434,202.75,0.6061846549398789
transect,gt,2435,202.83333333333337,0.6059958995504184
transect,gt,2436,202.91666666666663,0.6057419820437928
transect,gt,2437,203.0,0.6055578755783798
transect,gt,2438,203.08333333333337,0.6054109181230817
transect,gt,2439,203.16666666666663,0.605218462462859
transect,gt,2440,203.25,0.6049381155724699
transect,gt,2441,203.33333333333337,0.6046916605465413
transect,gt,2442,203.41666666666663,0.6044939782196749
transect,gt,2443,203.5,0.6042765399125012
transect,gt,2444,203.58333333333337,0.603973279542876
transect,gt,2445,203.66666666666663,0.6036619327687145
transect,gt,2446,203.75,0.6034006305710079
transect,gt,2447,203.83333333333337,0.6031397160898244
transect,gt,2448,203.91666666666663,0.6028224513195621
transect,gt,2449,204.0,0.6025243071623859
transect,gt,2450,204.08333333333337,0.6023113361337108
transect,gt,2451,204.16666666666663,0.6021451535504532
transect,gt,2452,204.25,0.6019730927880821
transect,gt,2453,204.33333333333337,0.6018433540284295
transect,gt,2454,204.41666666666663,0.601789451917358
transect,gt,2455,204.5,0.6017520295048423
transect,gt,2456,204.58333333333337,0.6016589875663254
transect,gt,2457,204.66666666666663,0.6015578580591086
transect,gt,2458,204.75,0.6015367007243844
transect,gt,2459,204.83333333333337,0.6015533845824446
transect,gt,2460,204.91666666666663,0.6015173100091822
transect,gt,2461,205.0,0.6014260089205931
transect,gt,2462,205.08333333333337,0.6014107343436794
transect,gt,2463,205.16666666666663,0.6014608287070116
transect,gt,2464,205.25,0.6014789006757728
transect,gt,2465,205.33333333333337,0.6014047326796534
transect,gt,2466,205.41666666666663,0.6013797549477446
transect,gt,2467,205.5,0.6014463348354664
transect,gt,2468,205.58333333333337,0.60151194355459
transect,gt,2469,205.66666666666663,0.6014749414115215
transect,gt,2470,205.75,0.6014340039042136
transect,gt,2471,205.83333333333337,0.6015047950048573
transect,gt,2472,205.91666666666663,0.6016109348884142
transect,gt,2473,206.0,0.6016351017514141
transect,gt,2474,206.08333333333337,0.6015131382356769
transect,gt,2475,206.16666666666663,0.6014179753616662
transect,gt,2476,206.25,0.6013481756027586
transect,gt,2477,206.33333333333337,0.6012237466923261
transect,gt,2478,206.41666666666663,0.6010650660331651
transect,gt,2479,206.5,0.6009867129390736
transect,gt,2480,206.58333333333337,0.6009542978372155
transect,gt,2481,206.66666666666663,0.6008747616147572
transect,gt,2482,206.75,0.6007157111278693
transect,gt,2483,206.83333333333337,0.6006112916816451
transect,gt,2484,206.91666666666663,0.6005694673801647
transect,gt,2485,207.0,0.6005049044964189
transect,gt,2486,207.08333333333337,0.6003465029097518
transect,gt,2487,207.16666666666663,0.6002061493453861
transect,gt,2488,207.25,0.6001464200329447
transect,gt,2489,207.33333333333337,0.6000959008360259
transect,gt,2490,207.41666666666663,0.5999654306065807
transect,gt,2491,207.5,0.5998051027295399
transect,gt,2492,207.58333333333337,0.5997415983878335
transect,gt,2493,207.66666666666663,0.5997239447274995
transect,gt,2494,207.75,0.5996538588665845
transect,gt,2495,207.83333333333337,0.5995057526152884
transect,gt,2496,207.91666666666663,0.5994527944588243
transect,gt,2497,208.0,0.5994819997200579
transect,gt,2498,208.08333333333337,0.5994909673640487
transect,gt,2499,208.16666666666663,0.5993956359747177
transect,gt,2500,208.25,0.5993554563492036
transect,gt,2501,208.33333333333337,0.5994281373162875
transect,gt,2502,208.41666666666663,0.5995174065754284
transect,gt,2503,208.5,0.5995092546973337
transect,gt,2504,208.58333333333337,0.5994809900248431
transect,gt,2505,208.66666666666663,0.5995844728438803
transect,gt,2506,208.75,0.5997453017013851
transect,gt,2507,208.83333333333337,0.5998343888075658
transect,gt,2508,208.91666666666663,0.5998218962778339
transect,gt,2509,209.0,0.5999307688010134
transect,gt,2510,209.08333333333337,0.6001324861658819
transect,gt,2511,209.16666666666663,0.6002956650290348
transect,gt,2512,209.25,0.6003219183777262
transect,gt,2513,209.33333333333337,0.6004037012008253
transect,gt,2514,209.41666666666663,0.6006025634577487
transect,gt,2515,209.5,0.6008033074987289
transect,gt,2516,209.58333333333337,0.6008755184969851
transect,gt,2517,209.66666666666663,0.6009165030412832
transect,gt,2518,209.75,0.6010849238629147
transect,gt,2519,209.83333333333337,0.6012973294649487
transect,gt,2520,209.91666666666663,0.6014168698617577
transect,gt,2521,210.0,0.601421573671918
transect,gt,2522,210.08333333333337,0.6015470587930174
transect,gt,2523,210.16666666666663,0.6017548509642596
transect,gt,2524,210.25,0.601910874877815
transect,gt,2525,210.33333333333337,0.6019251105747008
transect,gt,2526,210.41666666666663,0.6019981347957782
transect,gt,2527,210.5,0.6021820180067822
transect,gt,2528,210.58333333333337,0.6023601445642435
transect,gt,2529,210.66666666666663,0.6024051536195254
transect,gt,2530,210.75,0.6024304491540848
transect,gt,2531,210.83333333333337,0.6025817144761225
transect,gt,2532,210.91666666666663,0.602772011425254
transect,gt,2533,211.0,0.6028663609675129
transect,gt,2534,211.08333333333337,0.6028567736377266
transect,gt,2535,211.16666666666663,0.6029712930504719
transect,gt,2536,211.25,0.6031663586403372
transect,gt,2537,211.33333333333337,0.6033080622928357
transect,gt,2538,211.41666666666663,0.6033137162593711
transect,gt,2539,211.5,0.6033908796992402
transect,gt,2540,211.58333333333337,0.6035830490533473
transect,gt,2541,211.66666666666663,0.6037705553478537
transect,gt,2542,211.75,0.6038238963243594
transect,gt,2543,211.83333333333337,0.6038769239327723
transect,gt,2544,211.91666666666663,0.6040704720493021
transect,gt,2545,212.0,0.6043109433560102
transect,gt,2546,212.08333333333337,0.6044549865730422
transect,gt,2547,212.16666666666663,0.6045100232255854
transect,gt,2548,212.25,0.6047219610981867
transect,gt,2549,212.33333333333337,0.6050402785524345
transect,gt,2550,212.41666666666663,0.6053114431665529
transect,gt,2551,212.5,0.6053361176510335
transect,gt,2552,212.58333333333337,0.6053339625664548
transect,gt,2553,212.66666666666663,0.6053435747271132
transect,gt,2554,212.75,0.6052973856924426
transect,gt,2555,212.83333333333337,0.605220023602911
transect,gt,2556,212.91666666666663,0.6052318232492467
transect,gt,2557,213.0,0.6053102256420372
transect,gt,2558,213.08333333333337,0.6053499414159632
transect,gt,2559,213.16666666666663,0.605310785592706
transect,gt,2560,213.25,0.6053354079407302
transect,gt,2561,213.33333333333337,0.6054472190398643
transect,gt,2562,213.41666666666663,0.6055424891557524
transect,gt,2563,213.5,0.6055291277661361
transect,gt,2564,213.58333333333337,0.6055305371746215
transect,gt,2565,213.66666666666663,0.6056370976783276
transect,gt,2566,213.75,0.6057608826714389
transect,gt,2567,213.83333333333337,0.6057809411444851
transect,gt,2568,213.91666666666663,0.6057455408887161
transect,gt,2569,214.0,0.6058190956401959
transect,gt,2570,214.08333333333337,0.6059447850611602
transect,gt,2571,214.16666666666663,0.6059954572268534
transect,gt,2572,214.25,0.6059295886160659
transect,gt,2573,214.33333333333337,0.6059507724316014
transect,gt,2574,214.41666666666663,0.6060541351730202
transect,gt,2575,214.5,0.6061193222690986
transect,gt,2576,214.58333333333337,0.6060157085826953
transect,gt,2577,214.66666666666663,0.6058267382083474
transect,gt,2578,214.75,0.6056836518961543
transect,gt,2579,214.83333333333337,0.6055441710789351
transect,gt,2580,214.91666666666663,0.6053523683091913
transect,gt,2581,215.0,0.6052150773290255
transect,gt,2582,215.08333333333337,0.6051748469612832
transect,gt,2583,215.16666666666663,0.6051515994918288
transect,gt,2584,215.25,0.6050516306693419
transect,gt,2585,215.33333333333337,0.6049485494895646
transect,gt,2586,215.41666666666663,0.6049518681039954
transect,gt,2587,215.5,0.6049982750875447
transect,gt,2588,215.58333333333337,0.6049768958494748
transect,gt,2589,215.66666666666663,0.6048867299184374
transect,gt,2590,215.75,0.6048996315685146
transect,gt,2591,215.83333333333337,0.6049876504262149
transect,gt,2592,215.91666666666663,0.605034615945465
transect,gt,2593,216.0,0.6049700007664768
transect,gt,2594,216.08333333333337,0.6049716184459223
transect,gt,2595,216.16666666666663,0.6050766694087792
transect,gt,2596,216.25,0.6051764390664173
transect,gt,2597,216.33333333333337,0.6051548725433213
transect,gt,2598,216.41666666666663,0.6051341109284571
transect,gt,2599,216.5,0.6052351024611059
transect,gt,2600,216.58333333333337,0.6053699772391476
transect,gt,2601,216.66666666666663,0.6054101703404466
transect,gt,2602,216.75,0.6053650598955257
transect,gt,2603,216.83333333333337,0.6054408574775215
transect,gt,2604,216.91666666666663,0.6055877940603243
transect,gt,2605,217.0,0.605676126331299
transect,gt,2606,217.08333333333337,0.6056371205998714
transect,gt,2607,217.16666666666663,0.6056748480525893
transect,gt,2608,217.25,0.6058143783584126
transect,gt,2609,217.33333333333337,0.6059371493954104
transect,gt,2610,217.41666666666663,0.6059233324260767
transect,gt,2611,217.5,0.6059199864585536
transect,gt,2612,217.58333333333337,0.6060377334279882
transect,gt,2613,217.66666666666663,0.6061804469581142
transect,gt,2614,217.75,0.6062180041317939
transect,gt,2615,217.83333333333337,0.6061766074300808
transect,gt,2616,217.91666666666663,0.6062557425977357
transect,gt,2617,218.0,0.6063989696490744
transect,gt,2618,218.08333333333337,0.6064756579358084
transect,gt,2619,218.16666666666663,0.6064257974589938
transect,gt,2620,218.25,0.6064573001568536
transect,gt,2621,218.33333333333337,0.606583641449606
transect,gt,2622,218.41666666666663,0.60668520377963
transect,gt,2623,218.5,0.6066461914189517
transect,gt,2624,218.58333333333337,0.6066272256822842
transect,gt,2625,218.66666666666663,0.6067227050370391
transect,gt,2626,218.75,0.6068342107588053
transect,gt,2627,218.83333333333337,0.6068363438987283
transect,gt,2628,218.91666666666663,0.6067689770600718
transect,gt,2629,219.0,0.6068147369643435
transect,gt,2630,219.08333333333337,0.6069138935520627
transect,gt,2631,219.16666666666663,0.6069415466332229
transect,gt,2632,219.25,0.6068488769948195
transect,gt,2633,219.33333333333337,0.6068356984097872
transect,gt,2634,219.41666666666663,0.6069037776213073
transect,gt,2635,219.5,0.6069393225689224
transect,gt,2636,219.58333333333337,0.6068406963579891
transect,gt,2637,219.66666666666663,0.6067625588094762
transect,gt,2638,219.75,0.6067809926562129
transect,gt,2639,219.83333333333337,0.6068036331493196
transect,gt,2640,219.91666666666663,0.6067191937533054
transect,gt,2641,220.0,0.6065754487910588
transect,gt,2642,220.08333333333337,0.6065237884552248
transect,gt,2643,220.16666666666663,0.6065072311970724
transect,gt,2644,220.25,0.6064184431556905
transect,gt,2645,220.33333333333337,0.6062230823943778
transect,gt,2646,220.41666666666663,0.6060900281428846
transect,gt,2647,220.5,0.6060116281623308
transect,gt,2648,220.58333333333337,0.605894238113534
transect,gt,2649,220.66666666666663,0.6056630519159483
transect,gt,2650,220.75,0.6054424346520716
transect,gt,2651,220.83333333333337,0.605283146745777
transect,gt,2652,220.91666666666663,0.6051130509821905
transect,gt,2653,221.0,0.6048464864539573
transect,gt,2654,221.08333333333337,0.604556128762843
transect,gt,2655,221.16666666666663,0.6043389906731808
transect,gt,2656,221.25,0.6041610758532691
transect,gt,2657,221.33333333333337,0.6039704252410557
transect,gt,2658,221.41666666666663,0.6038276286542917
transect,gt,2659,221.5,0.6037693994955755
transect,gt,2660,221.58333333333337,0.6037301659382986
transect,gt,2661,221.66666666666663,0.6036308537483258
transect,gt,2662,221.75,0.6035251733312936
transect,gt,2663,221.83333333333337,0.6035085732319853
transect,gt,2664,221.91666666666663,0.6035322918479047
transect,gt,2665,222.0,0.6034982140114521
transect,gt,2666,222.08333333333337,0.6034038126503536
transect,gt,2667,222.16666666666663,0.6033926888774952
transect,gt,2668,222.25,0.6034494447223431
transect,gt,2669,222.33333333333337,0.6034699978849536
transect,gt,2670,222.41666666666663,0.6033905148107782
transect,gt,2671,222.5,0.6033628044079427
transect,gt,2672,222.58333333333337,0.6034280499054803
transect,gt,2673,222.66666666666663,0.6034889543355877
transect,gt,2674,222.75,0.6034406752275132
transect,gt,2675,222.83333333333337,0.6033868578230787
transect,gt,2676,222.91666666666663,0.6034438201030552
transect,gt,2677,223.0,0.6035328746524229
transect,gt,2678,223.08333333333337,0.6035360452137672
transect,gt,2679,223.16666666666663,0.6034050919754711
transect,gt,2680,223.25,0.6033186081617081
transect,gt,2681,223.33333333333337,0.6032733929797895
transect,gt,2682,223.41666666666663,0.603181686177485
transect,gt,2683,223.5,0.6030625183285416
transect,gt,2684,223.58333333333337,0.6030411845987781
transect,gt,2685,223.66666666666663,0.6030794871573711
transect,gt,2686,223.75,0.6030714855571084
transect,gt,2687,223.83333333333337,0.6029789720421589
transect,gt,2688,223.91666666666663,0.6029588227985643
transect,gt,2689,224.0,0.6030212589340148
transect,gt,2690,224.08333333333337,0.6030641711920205
transect,gt,2691,224.16666666666663,0.6029991948235611
transect,gt,2692,224.25,0.6029589226702089
transect,gt,2693,224.33333333333337,0.6030215064474838
transect,gt,2694,224.41666666666663,0.6030994744384213
transect,gt,2695,224.5,0.6030802474187876
transect,gt,2696,224.58333333333337,0.6030163392455681
transect,gt,2697,224.66666666666663,0.6030626802387581
transect,gt,2698,224.75,0.6031605677363565
transect,gt,2699,224.83333333333337,0.6031910058864757
transect,gt,2700,224.91666666666663,0.6031175549154006
transect,gt,2701,225.0,0.6031375869011614
transect,gt,2702,225.08333333333337,0.6032418492971365
transect,gt,2703,225.16666666666663,0.6033151234988816
transect,gt,2704,225.25,0.6032621525912831
transect,gt,2705,225.33333333333337,0.6032497476904034
transect,gt,2706,225.41666666666663,0.6033459040001387
transect,gt,2707,225.5,0.6034511536638999
transect,gt,2708,225.58333333333337,0.6034472942224772
transect,gt,2709,225.66666666666663,0.6034064108427637
transect,gt,2710,225.75,0.6034843401144876
transect,gt,2711,225.83333333333337,0.6036116709283487
transect,gt,2712,225.91666666666663,0.6036637983294687
transect,gt,2713,226.0,0.603610782784059
transect,gt,2714,226.08333333333337,0.6036657329604287
transect,gt,2715,226.16666666666663,0.6038059370536832
transect,gt,2716,226.25,0.6039085987789014
transect,gt,2717,226.33333333333337,0.6038813260035943
transect,gt,2718,226.41666666666663,0.6039056989757003
transect,gt,2719,226.5,0.6040419722071649
transect,gt,2720,226.58333333333337,0.6041820787698695
transect,gt,2721,226.66666666666663,0.6042026898703169
transect,gt,2722,226.75,0.6041950563865638
transect,gt,2723,226.83333333333337,0.6043106725432018
transect,gt,2724,226.91666666666663,0.6044703137185883
transect,gt,2725,227.0,0.6045431932454177
transect,gt,2726,227.08333333333337,0.6045074660566921
transect,gt,2727,227.16666666666663,0.6045874949998801
transect,gt,2728,227.25,0.6047464580972358
transect,gt,2729,227.33333333333337,0.6048557283938709
transect,gt,2730,227.41666666666663,0.6048289384947011
transect,gt,2731,227.5,0.6048561858808084
transect,gt,2732,227.58333333333337,0.6049862309098946
transect,gt,2733,227.66666666666663,0.6051076973071668
transect,gt,2734,227.75,0.6051007765961717
transect,gt,2735,227.83333333333337,0.6050708109944892
transect,gt,2736,227.91666666666663,0.6051524565659558
transect,gt,2737,228.0,0.6052637232332849
transect,gt,2738,228.08333333333337,0.605281149277964
transect,gt,2739,228.16666666666663,0.6051981284125736
transect,gt,2740,228.25,0.6052183477068517
transect,gt,2741,228.33333333333337,0.6053004820610081
transect,gt,2742,228.41666666666663,0.6053268721005581
transect,gt,2743,228.5,0.6052285143604413
transect,gt,2744,228.58333333333337,0.6051826542443475
transect,gt,2745,228.66666666666663,0.6052225136004452
transect,gt,2746,228.75,0.6052473711305625
transect,gt,2747,228.83333333333337,0.6051547512714684
transect,gt,2748,228.91666666666663,0.6050564685884088
transect,gt,2749,229.0,0.6050605782143904
transect,gt,2750,229.08333333333337,0.6050896004355202
transect,gt,2751,229.16666666666663,0.6050348562456642
transect,gt,2752,229.25,0.6049076554942495
transect,gt,2753,229.33333333333337,0.6048904081644406
transect,gt,2754,229.41666666666663,0.6049376063170104
transect,gt,2755,229.5,0.6049374227689043
transect,gt,2756,229.58333333333337,0.6048552382031174
transect,gt,2757,229.66666666666663,0.6048544368456424
transect,gt,2758,229.75,0.6049551204634053
transect,gt,2759,229.83333333333337,0.6050932723663945
transect,gt,2760,229.91666666666663,0.6052152505965048
transect,gt,2761,230.0,0.6052760506238414
transect,gt,2762,230.08333333333337,0.6052795134664344
transect,gt,2763,230.16666666666663,0.6053891106706375
transect,gt,2764,230.25,0.6056182783822177
transect,gt,2765,230.33333333333337,0.6058817080518025
transect,gt,2766,230.41666666666663,0.6061134483915128
transect,gt,2767,230.5,0.6062649228631037
transect,gt,2768,230.58333333333337,0.6063236494760734
transect,gt,2769,230.66666666666663,0.6064795264418432
transect,gt,2770,230.75,0.6067692624080784
transect,gt,2771,230.83333333333337,0.60709734982666
transect,gt,2772,230.91666666666663,0.6073852573195684
transect,gt,2773,231.0,0.6075803139489943
transect,gt,2774,231.08333333333337,0.6076525634857539
transect,gt,2775,231.16666666666663,0.607801152206659
transect,gt,2776,231.25,0.6080916926409272
transect,gt,2777,231.33333333333337,0.6084261700561094
transect,gt,2778,231.41666666666663,0.6087175354985656
transect,gt,2779,231.5,0.6089121466245501
transect,gt,2780,231.58333333333337,0.6089670627586572
transect,gt,2781,231.66666666666663,0.6090637267524421
transect,gt,2782,231.75,0.6092935765163886
transect,gt,2783,231.83333333333337,0.6095669484877596
transect,gt,2784,231.91666666666663,0.609797803012952
transect,gt,2785,232.0,0.6099352626072094
transect,gt,2786,232.08333333333337,0.6099315056574068
transect,gt,2787,232.16666666666663,0.6099429130386953
transect,gt,2788,232.25,0.6100869808046722
transect,gt,2789,232.33333333333337,0.6102843779890866
transect,gt,2790,232.41666666666663,0.6104489381760226
transect,gt,2791,232.5,0.6105296355079063
transect,gt,2792,232.58333333333337,0.6104229329498314
transect,gt,2793,232.66666666666663,0.6101319873601416
transect,gt,2794,232.75,0.6098287090784875
transect,gt,2795,232.83333333333337,0.6095254214072682
transect,gt,2796,232.91666666666663,0.6092424162169836
transect,gt,2797,233.0,0.6090638761639033
transect,gt,2798,233.08333333333337,0.6089650183703011
transect,gt,2799,233.16666666666663,0.6088521577086944
transect,gt,2800,233.25,0.6086761530319954
transect,gt,2801,233.33333333333337,0.6085633867809327
transect,gt,2802,233.41666666666663,0.608533006865261
transect,gt,2803,233.5,0.6084974009614996
transect,gt,2804,233.58333333333337,0.6083720923008665
transect,gt,2805,233.66666666666663,0.6082688787634352
transect,gt,2806,233.75,0.6082672567047444
transect,gt,2807,233.83333333333337,0.608290925925622
transect,gt,2808,233.91666666666663,0.6082326342851294
transect,gt,2809,234.0,0.6081315612433233
transect,gt,2810,234.08333333333337,0.6081377539391414
transect,gt,2811,234.16666666666663,0.6082002014173943
transect,gt,2812,234.25,0.608204467149147
transect,gt,2813,234.33333333333337,0.60810905374994
transect,gt,2814,234.41666666666663,0.6081017804566868
transect,gt,2815,234.5,0.6081800909611647
transect,gt,2816,234.58333333333337,0.608232800868912
transect,gt,2817,234.66666666666663,0.6081620956120527
transect,gt,2818,234.75,0.6081259329522276
transect,gt,2819,234.83333333333337,0.6081960337394631
transect,gt,2820,234.91666666666663,0.6082768984983895
transect,gt,2821,235.0,0.6082522879318332
transect,gt,2822,235.08333333333337,0.608183666633622
transect,gt,2823,235.16666666666663,0.6082272349827942
transect,gt,2824,235.25,0.6083183273931707
transect,gt,2825,235.33333333333337,0.6083366484295977
transect,gt,2826,235.41666666666663,0.6082484657827688
transect,gt,2827,235.5,0.6082544812123576
transect,gt,2828,235.58333333333337,0.6083385309638266
transect,gt,2829,235.66666666666663,0.6083855746218579
transect,gt,2830,235.75,0.6083055105451801
transect,gt,2831,235.83333333333337,0.6082630662246354
transect,gt,2832,235.91666666666663,0.6083185425645564
transect,gt,2833,236.0,0.6083743856871483
transect,gt,2834,236.08333333333337,0.6083186689702
transect,gt,2835,236.16666666666663,0.6082249490886841
transect,gt,2836,236.25,0.6082329408290014
transect,gt,2837,236.33333333333337,0.6082753798735957
transect,gt,2838,236.41666666666663,0.6082390289975091
transect,gt,2839,236.5,0.6081011518458345
transect,gt,2840,236.58333333333337,0.6080503390458022
transect,gt,2841,236.66666666666663,0.6080610640820148
transect,gt,2842,236.75,0.6080276904238974
transect,gt,2843,236.83333333333337,0.6078771130189783
transect,gt,2844,236.91666666666663,0.607762454766547
transect,gt,2845,237.0,0.6077278474821804
transect,gt,2846,237.08333333333337,0.6076856128763709
transect,gt,2847,237.16666666666663,0.6075411602760228
transect,gt,2848,237.25,0.6073762286660528
transect,gt,2849,237.33333333333337,0.6073037538799134
transect,gt,2850,237.41666666666663,0.6072598672041167
transect,gt,2851,237.5,0.6071461476110573
transect,gt,2852,237.58333333333337,0.6069556560458849
transect,gt,2853,237.66666666666663,0.6068638757189534
transect,gt,2854,237.75,0.6068362158252228
transect,gt,2855,237.83333333333337,0.6067724008869101
transect,gt,2856,237.91666666666663,0.6066100555464123
transect,gt,2857,238.0,0.6065097930576614
transect,gt,2858,238.08333333333337,0.6065039709419161
transect,gt,2859,238.16666666666663,0.6064988888950313
transect,gt,2860,238.25,0.6063944874771707
transect,gt,2861,238.33333333333337,0.6062944952100127
transect,gt,2862,238.41666666666663,0.6063105412398209
transect,gt,2863,238.5,0.6063651379350783
transect,gt,2864,238.58333333333337,0.6063438262803446
transect,gt,2865,238.66666666666663,0.6062486080731588
transect,gt,2866,238.75,0.6062752480118758
transect,gt,2867,238.83333333333337,0.6063771443748088
transect,gt,2868,238.91666666666663,0.6064327604742439
transect,gt,2869,239.0,0.6063716267466418
transect,gt,2870,239.08333333333337,0.6063834572578336
transect,gt,2871,239.16666666666663,0.6064969084877372
transect,gt,2872,239.25,0.6065993003224237
transect,gt,2873,239.33333333333337,0.606574738351239
transect,gt,2874,239.41666666666663,0.6065476078194648
transect,gt,2875,239.5,0.6066315424721542
transect,gt,2876,239.58333333333337,0.6067386160403152
transect,gt,2877,239.66666666666663,0.6067467481320725
transect,gt,2878,239.75,0.6066670194859607
transect,gt,2879,239.83333333333337,0.6066883015726574
transect,gt,2880,239.91666666666663,0.6067627314956531
transect,gt,2881,240.0,0.6067735539796485
transect,gt,2882,240.08333333333337,0.6066616586142247
transect,gt,2883,240.16666666666663,0.6066030240334312
transect,gt,2884,240.25,0.606616875679439
transect,gt,2885,240.33333333333337,0.6066035871324308
transect,gt,2886,240.41666666666663,0.606467088241605
transect,gt,2887,240.5,0.6063238593714564
transect,gt,2888,240.58333333333337,0.606258144254882
transect,gt,2889,240.66666666666663,0.6061958735431469
transect,gt,2890,240.75,0.6060423885038858
transect,gt,2891,240.83333333333337,0.6058182427309969
transect,gt,2892,240.91666666666663,0.6056611951784028
transect,gt,2893,241.0,0.6055301231569923
transect,gt,2894,241.08333333333337,0.6053391570539347
transect,gt,2895,241.16666666666663,0.6049564424103248
transect,gt,2896,241.25,0.6045216997373288
transect,gt,2897,241.33333333333337,0.6041005732073674
transect,gt,2898,241.41666666666663,0.6037177901736456
transect,gt,2899,241.5,0.6033820315602569
transect,gt,2900,241.58333333333337,0.6030914494858018
transect,gt,2901,241.66666666666663,0.6028368003319662
transect,gt,2902,241.75,0.6025886296742197
transect,gt,2903,241.83333333333337,0.6023017713822842
transect,gt,2904,241.91666666666663,0.6020370657132526
transect,gt,2905,242.0,0.6018615517746632
transect,gt,2906,242.08333333333337,0.6017365048897984
transect,gt,2907,242.16666666666663,0.601609140344899
transect,gt,2908,242.25,0.6014734826883191
transect,gt,2909,242.33333333333337,0.6013490356644716
transect,gt,2910,242.41666666666663,0.6012442298995627
transect,gt,2911,242.5,0.6011456805646388
transect,gt,2912,242.58333333333337,0.6010118182953611
transect,gt,2913,242.66666666666663,0.6008187469880124
transect,gt,2914,242.75,0.6006976804392259
transect,gt,2915,242.83333333333337,0.6006679862994033
transect,gt,2916,242.91666666666663,0.6006603393185312
transect,gt,2917,243.0,0.6006298581153695
transect,gt,2918,243.08333333333337,0.6005891611410675
transect,gt,2919,243.16666666666663,0.6005604122085069
transect,gt,2920,243.25,0.6005483599752321
transect,gt,2921,243.33333333333337,0.6005278573617109
transect,gt,2922,243.41666666666663,0.6004448391364312
transect,gt,2923,243.5,0.6003304438683015
transect,gt,2924,243.58333333333337,0.6003314864302184
transect,gt,2925,243.66666666666663,0.6004097069816741
transect,gt,2926,243.75,0.6004841301564862
transect,gt,2927,243.83333333333337,0.6005288302973306
transect,gt,2928,243.91666666666663,0.6005675859008862
transect,gt,2929,244.0,0.600621261231036
transect,gt,2930,244.08333333333337,0.6006875806170552
transect,gt,2931,244.16666666666663,0.600725169458027
transect,gt,2932,244.25,0.6006706767761973
transect,gt,2933,244.33333333333337,0.6006552259301781
transect,gt,2934,244.41666666666663,0.6007673369124001
transect,gt,2935,244.5,0.600928027160999
transect,gt,2936,244.58333333333337,0.6010600049184844
transect,gt,2937,244.66666666666663,0.6011582237221877
transect,gt,2938,244.75,0.6012513032103025
transect,gt,2939,244.83333333333337,0.6013578517791629
transect,gt,2940,244.91666666666663,0.601464320392219
transect,gt,2941,245.0,0.6015129749414627
transect,gt,2942,245.08333333333337,0.6014713694677675
transect,gt,2943,245.16666666666663,0.601531020169608
transect,gt,2944,245.25,0.6017004088896072
transect,gt,2945,245.33333333333337,0.6018826234137494
transect,gt,2946,245.41666666666663,0.6020204428922528
transect,gt,2947,245.5,0.6021262621721408
transect,gt,2948,245.58333333333337,0.6022293610541601
transect,gt,2949,245.66666666666663,0.6023439421676638
transect,gt,2950,245.75,0.6024416781461369
transect,gt,2951,245.83333333333337,0.6024525421075114
transect,gt,2952,245.91666666666663,0.6024308988183268
transect,gt,2953,246.0,0.6025217689814201
transect,gt,2954,246.08333333333337,0.6026725930446203
transect,gt,2955,246.16666666666663,0.6027619179225302
transect,gt,2956,246.25,0.6027607454055364
transect,gt,2957,246.33333333333337,0.6028450999429908
transect,gt,2958,246.41666666666663,0.6030133340412298
transect,gt,2959,246.5,0.6031489241809038
transect,gt,2960,246.58333333333337,0.6031640424046593
transect,gt,2961,246.66666666666663,0.6032154442754668
transect,gt,2962,246.75,0.6033745612231379
transect,gt,2963,246.83333333333337,0.6035401599287268
transect,gt,2964,246.91666666666663,0.603592083439509
transect,gt,2965,247.0,0.603607773713163
transect,gt,2966,247.08333333333337,0.6037412797603834
transect,gt,2967,247.16666666666663,0.6039211656809309
transect,gt,2968,247.25,0.6040181215657393
transect,gt,2969,247.33333333333337,0.6040093943718218
transect,gt,2970,247.41666666666663,0.6041055772751759
transect,gt,2971,247.5,0.6042839533958949
transect,gt,2972,247.58333333333337,0.6044179289094449
transect,gt,2973,247.66666666666663,0.6044165515913669
transect,gt,2974,247.75,0.6044668422279452
transect,gt,2975,247.83333333333337,0.6046260215638195
transect,gt,2976,247.91666666666663,0.6047831329194368
transect,gt,2977,248.0,0.6048145427547534
transect,gt,2978,248.08333333333337,0.6048192375347137
transect,gt,2979,248.16666666666663,0.6049446959971624
transect,gt,2980,248.25,0.6051094838195435
transect,gt,2981,248.33333333333337,0.6051836366638086
transect,gt,2982,248.41666666666663,0.6051508937942464
transect,gt,2983,248.5,0.6052328179680005
transect,gt,2984,248.58333333333337,0.6053901375165909
transect,gt,2985,248.66666666666663,0.6054957154925494
transect,gt,2986,248.75,0.6054676132911263
transect,gt,2987,248.83333333333337,0.605495857345923
transect,gt,2988,248.91666666666663,0.6056252242594848
transect,gt,2989,249.0,0.6057452336479047
transect,gt,2990,249.08333333333337,0.6057380176203
transect,gt,2991,249.16666666666663,0.6057137444671967
transect,gt,2992,249.25,0.6058022860865846
transect,gt,2993,249.33333333333337,0.6059209403468206
transect,gt,2994,249.41666666666663,0.605946331875275
transect,gt,2995,249.5,0.605875994519179
transect,gt,2996,249.58333333333337,0.6059116091458436
transect,gt,2997,249.66666666666663,0.6060107743675934
transect,gt,2998,249.75,0.6060540953220118
transect,gt,2999,249.83333333333337,0.605973037111674
transect,gt,3000,249.91666666666663,0.6059502881846234
transect,gt,3001,250.0,0.6060168341399816
transect,gt,3002,250.08333333333337,0.6060670157239203
transect,gt,3003,250.16666666666663,0.6059671543413411
transect,gt,3004,250.25,0.6057835502410988
transect,gt,3005,250.33333333333337,0.6056630831892671
transect,gt,3006,250.41666666666663,0.6055863111886196
transect,gt,3007,250.5,0.6055187289183354
transect,gt,3008,250.58333333333337,0.6054874223335805
transect,gt,3009,250.66666666666663,0.6055129463802158
transect,gt,3010,250.75,0.6055643820611926
transect,gt,3011,250.83333333333337,0.605603292020099
transect,gt,3012,250.91666666666663,0.6056369444377918
transect,gt,3013,251.0,0.6057031424527796
transect,gt,3014,251.08333333333337,0.6058056627906943
transect,gt,3015,251.16666666666663,0.6059000656436753
transect,gt,3016,251.25,0.60596037670056
transect,gt,3017,251.33333333333337,0.606046962384207
transect,gt,3018,251.41666666666663,0.6062064022157945
transect,gt,3019,251.5,0.606378334581581
transect,gt,3020,251.58333333333337,0.6064646452504415
transect,gt,3021,251.66666666666663,0.6065508041903535
transect,gt,3022,251.75,0.6067820467703253
transect,gt,3023,251.83333333333337,0.6070806144800689
transect,gt,3024,251.91666666666663,0.6073049141548165
transect,gt,3025,252.0,0.6074630613385664
transect,gt,3026,252.08333333333337,0.6077388855764502
transect,gt,3027,252.16666666666663,0.6081133162851103
transect,gt,3028,252.25,0.6084607671867882
transect,gt,3029,252.33333333333337,0.608711807277763
transect,gt,3030,252.41666666666663,0.6089150873607502
transect,gt,3031,252.5,0.6091133001069766
transect,gt,3032,252.58333333333337,0.6092844582390006
transect,gt,3033,252.66666666666663,0.6093991867135026
transect,gt,3034,252.75,0.6094754770024388
transect,gt,3035,252.83333333333337,0.6095593773067418
transect,gt,3036,252.91666666666663,0.6096621457401373
transect,gt,3037,253.0,0.6097476309778213
transect,gt,3038,253.08333333333337,0.6097894973568924
transect,gt,3039,253.16666666666663,0.609826762916652
transect,gt,3040,253.25,0.6098922613634918
transect,gt,3041,253.33333333333337,0.609938358565402
transect,gt,3042,253.41666666666663,0.6098922123074442
transect,gt,3043,253.5,0.6098202569606122
transect,gt,3044,253.58333333333337,0.6098399765424873
transect,gt,3045,253.66666666666663,0.6098948090219889
transect,gt,3046,253.75,0.6098739926711589
transect,gt,3047,253.83333333333337,0.6097822704820953
transect,gt,3048,253.91666666666663,0.6097709675087887
transect,gt,3049,254.0,0.6098227056948807
transect,gt,3050,254.08333333333337,0.6098486417357979
transect,gt,3051,254.16666666666663,0.6098177404461862
transect,gt,3052,254.25,0.6097939586178183
transect,gt,3053,254.33333333333337,0.6098129209313
transect,gt,3054,254.41666666666663,0.6098410062000882
transect,gt,3055,254.5,0.6098415429047103
transect,gt,3056,254.58333333333337,0.6098288155949498
transect,gt,3057,254.66666666666663,0.6098409006752376
transect,gt,3058,254.75,0.6098792832341482
transect,gt,3059,254.83333333333337,0.609905917861171
transect,gt,3060,254.91666666666663,0.6099032947429505
transect,gt,3061,255.0,0.6099200799893347
transect,gt,3062,255.08333333333337,0.609993248530425
transect,gt,3063,255.16666666666663,0.6100745237063961
transect,gt,3064,255.25,0.6100888652527726
transect,gt,3065,255.33333333333337,0.6101002071085404
transect,gt,3066,255.41666666666663,0.6102287222369407
transect,gt,3067,255.5,0.6104136509248704
transect,gt,3068,255.58333333333337,0.610527173920314
transect,gt,3069,255.66666666666663,0.6105714536933516
transect,gt,3070,255.75,0.6107456438056874
transect,gt,3071,255.83333333333337,0.6110195438858843
transect,gt,3072,255.91666666666663,0.6112718749000426
transect,gt,3073,256.0,0.6114578634520128
transect,gt,3074,256.08333333333337,0.6116677032348744
transect,gt,3075,256.16666666666663,0.6119488114239896
transect,gt,3076,256.25,0.6122475972888419
transect,gt,3077,256.33333333333337,0.6125073306210336
transect,gt,3078,256.41666666666663,0.612745173620941
transect,gt,3079,256.5,0.6130110180923874
transect,gt,3080,256.58333333333337,0.6133041444397767
transect,gt,3081,256.66666666666663,0.6135725418406736
transect,gt,3082,256.75,0.6137909155156709
transect,gt,3083,256.83333333333337,0.6140143792340869
transect,gt,3084,256.91666666666663,0.6142878983514636
transect,gt,3085,257.0,0.6145561637221442
transect,gt,3086,257.08333333333337,0.6147313965494096
transect,gt,3087,257.16666666666663,0.6148763915324529
transect,gt,3088,257.25,0.6151281115460947
transect,gt,3089,257.33333333333337,0.6154268371537045
transect,gt,3090,257.41666666666663,0.6156274764551618
transect,gt,3091,257.5,0.6157180437705936
transect,gt,3092,257.58333333333337,0.6159353692067557
transect,gt,3093,257.66666666666663,0.6162452664340661
transect,gt,3094,257.75,0.6165127008896072
transect,gt,3095,257.83333333333337,0.6166849006354566
transect,gt,3096,257.91666666666663,0.6168621971286393
transect,gt,3097,258.0,0.6170981178677183
transect,gt,3098,258.08333333333337,0.6173370793276778
transect,gt,3099,258.16666666666663,0.6175220124743087
transect,gt,3100,258.25,0.6176718813410299
transect,gt,3101,258.33333333333337,0.6178364994535851
transect,gt,3102,258.41666666666663,0.618016157865088
transect,gt,3103,258.5,0.6181657621895942
transect,gt,3104,258.58333333333337,0.6182649139683386
transect,gt,3105,258.66666666666663,0.6183597322601768
transect,gt,3106,258.75,0.6184889328131414
transect,gt,3107,258.83333333333337,0.6186096907950387
transect,gt,3108,258.91666666666663,0.6186519365617774
transect,gt,3109,259.0,0.6186616145638587
transect,gt,3110,259.08333333333337,0.6187490890167814
transect,gt,3111,259.16666666666663,0.6188719193282421
transect,gt,3112,259.25,0.6189103226876466
transect,gt,3113,259.33333333333337,0.618843402105399
transect,gt,3114,259.41666666666663,0.6188828625810477
transect,gt,3115,259.5,0.6189973963745139
transect,gt,3116,259.58333333333337,0.6190709004839232
transect,gt,3117,259.66666666666663,0.6190551092511943
transect,gt,3118,259.75,0.6190379512492317
transect,gt,3119,259.83333333333337,0.6190657926421179
transect,gt,3120,259.91666666666663,0.6190900313260805
transect,gt,3121,260.0,0.6190622202863506
transect,gt,3122,260.08333333333337,0.6189980405878717
transect,gt,3123,260.16666666666663,0.6189372879513299
transect,gt,3124,260.25,0.6188793416692542
transect,gt,3125,260.33333333333337,0.6187904698899779
transect,gt,3126,260.41666666666663,0.6186561229462788
transect,gt,3127,260.5,0.6185067603213638
transect,gt,3128,260.58333333333337,0.6183680983188174
transect,gt,3129,260.66666666666663,0.6182136255005378
transect,gt,3130,260.75,0.618000055862275
transect,gt,3131,260.83333333333337,0.6177528872558767
transect,gt,3132,260.91666666666663,0.6175382008087529
transect,gt,3133,261.0,0.6173339893873946
transect,gt,3134,261.08333333333337,0.6170697875373523
transect,gt,3135,261.16666666666663,0.6167401822993968
transect,gt,3136,261.25,0.6164922577959716
transect,gt,3137,261.33333333333337,0.6163271820183704
transect,gt,3138,261.41666666666663,0.6161635499421582
transect,gt,3139,261.5,0.6159835684750764
transect,gt,3140,261.58333333333337,0.6158896396584371
transect,gt,3141,261.66666666666663,0.6158621174553118
transect,gt,3142,261.75,0.615805630476324
transect,gt,3143,261.83333333333337,0.6156688073436999
transect,gt,3144,261.91666666666663,0.6155837040816979
transect,gt,3145,262.0,0.6155831409353234
transect,gt,3146,262.08333333333337,0.61557728039767
transect,gt,3147,262.16666666666663,0.6154753162479962
transect,gt,3148,262.25,0.6153731416831778
transect,gt,3149,262.33333333333337,0.6153690973900617
transect,gt,3150,262.41666666666663,0.6153909804161215
transect,gt,3151,262.5,0.6153311381112941
transect,gt,3152,262.58333333333337,0.6152063438753491
transect,gt,3153,262.66666666666663,0.6151788096408745
transect,gt,3154,262.75,0.6152087379723677
transect,gt,3155,262.83333333333337,0.6151858672163005
transect,gt,3156,262.91666666666663,0.6150561596929448
transect,gt,3157,263.0,0.6149926610650771
transect,gt,3158,263.08333333333337,0.6150128671885234
transect,gt,3159,263.16666666666663,0.6150150824470729
transect,gt,3160,263.25,0.6148997395378065
transect,gt,3161,263.33333333333337,0.6147987742620592
transect,gt,3162,263.41666666666663,0.6147997827816168
transect,gt,3163,263.5,0.6148191023730656
transect,gt,3164,263.58333333333337,0.6147475169979179
transect,gt,3165,263.66666666666663,0.614613478437353
transect,gt,3166,263.75,0.6145807159879578
transect,gt,3167,263.83333333333337,0.6145996845215899
transect,gt,3168,263.91666666666663,0.6145608743793839
transect,gt,3169,264.0,0.6144179156242509
transect,gt,3170,264.08333333333337,0.6143464728357899
transect,gt,3171,264.16666666666663,0.6143537947689026
transect,gt,3172,264.25,0.6143389849420485
transect,gt,3173,264.33333333333337,0.6142076738113729
transect,gt,3174,264.41666666666663,0.6140978377623795
transect,gt,3175,264.5,0.6140848533628966
transect,gt,3176,264.58333333333337,0.6140849133540266
transect,gt,3177,264.66666666666663,0.6139931915877879
transect,gt,3178,264.75,0.6138490322532979
transect,gt,3179,264.83333333333337,0.6138028398676514
transect,gt,3180,264.91666666666663,0.6138024798976175
transect,gt,3181,265.0,0.6137418824597843
transect,gt,3182,265.08333333333337,0.6135826736330782
transect,gt,3183,265.16666666666663,0.6134970467319781
transect,gt,3184,265.25,0.6134828944581788
transect,gt,3185,265.33333333333337,0.6134414849510482
transect,gt,3186,265.41666666666663,0.613287451599737
transect,gt,3187,265.5,0.6131571284357531
transect,gt,3188,265.58333333333337,0.6131139823135864
transect,gt,3189,265.66666666666663,0.6130761552384882
transect,gt,3190,265.75,0.6129457117966772
transect,gt,3191,265.83333333333337,0.6127703305809192
transect,gt,3192,265.91666666666663,0.6126818109031622
transect,gt,3193,266.0,0.6126276893166201
transect,gt,3194,266.08333333333337,0.6125105930867853
transect,gt,3195,266.16666666666663,0.6123018494597214
transect,gt,3196,266.25,0.612158861191659
transect,gt,3197,266.33333333333337,0.6120715523259804
transect,gt,3198,266.41666666666663,0.6119513457858909
transect,gt,3199,266.5,0.6117286845067841
transect,gt,3200,266.58333333333337,0.6115245574804985
transect,gt,3201,266.66666666666663,0.6113864850935944
transect,gt,3202,266.75,0.6112437426092844
transect,gt,3203,266.83333333333337,0.6110161703854489
transect,gt,3204,266.91666666666663,0.6107509904226558
transect,gt,3205,267.0,0.6105477724650196
transect,gt,3206,267.08333333333337,0.610362040169769
transect,gt,3207,267.16666666666663,0.6101183487986157
transect,gt,3208,267.25,0.6097996256768138
transect,gt,3209,267.33333333333337,0.6095250648687168
transect,gt,3210,267.41666666666663,0.6092812704789106
transect,gt,3211,267.5,0.6090034377298696
transect,gt,3212,267.58333333333337,0.6086898160614003
transect,gt,3213,267.66666666666663,0.6084509719716031
transect,gt,3214,267.75,0.6082918560004882
transect,gt,3215,267.83333333333337,0.6081486956856217
transect,gt,3216,267.91666666666663,0.608013087339637
transect,gt,3217,268.0,0.6079538877844022
transect,gt,3218,268.08333333333337,0.607951280953915
transect,gt,3219,268.16666666666663,0.6079228320375284
transect,gt,3220,268.25,0.6078384732525232
transect,gt,3221,268.33333333333337,0.6078073757648588
transect,gt,3222,268.41666666666663,0.6078511463393913
transect,gt,3223,268.5,0.607886084797
transect,gt,3224,268.58333333333337,0.6078382129201165
transect,gt,3225,268.66666666666663,0.6078059992785234
transect,gt,3226,268.75,0.6078670491832092
transect,gt,3227,268.83333333333337,0.6079479677647449
transect,gt,3228,268.91666666666663,0.607945525645776
transect,gt,3229,269.0,0.6079005916376358
transect,gt,3230,269.08333333333337,0.6079571063284572
transect,gt,3231,269.16666666666663,0.6080668412214059
transect,gt,3232,269.25,0.6081155207724791
transect,gt,3233,269.33333333333337,0.608065508227726
transect,gt,3234,269.41666666666663,0.6081038773790549
transect,gt,3235,269.5,0.6082287106979701
transect,gt,3236,269.58333333333337,0.608325871181056
transect,gt,3237,269.66666666666663,0.6082803234656519
transect,gt,3238,269.75,0.6081873668728114
transect,gt,3239,269.83333333333337,0.6081500200417391
transect,gt,3240,269.91666666666663,0.6081058080502484
transect,gt,3241,270.0,0.6079896323257672
transect,gt,3242,270.08333333333337,0.6079189339585216
transect,gt,3243,270.16666666666663,0.6079371593404004
transect,gt,3244,270.25,0.6079594056532202
transect,gt,3245,270.33333333333337,0.6078910802156502
transect,gt,3246,270.41666666666663,0.6078083515627764
transect,gt,3247,270.5,0.6078186859487444
transect,gt,3248,270.58333333333337,0.607859218857158
transect,gt,3249,270.66666666666663,0.6078245719338867
transect,gt,3250,270.75,0.6077154421118799
transect,gt,3251,270.83333333333337,0.6076902760318231
transect,gt,3252,270.91666666666663,0.6077222199075427
transect,gt,3253,271.0,0.6077073455456068
transect,gt,3254,271.08333333333337,0.6075851928661066
transect,gt,3255,271.16666666666663,0.6075095119183026
transect,gt,3256,271.25,0.6075107621691938
transect,gt,3257,271.33333333333337,0.6074976877273591
transect,gt,3258,271.41666666666663,0.6073766282122245
transect,gt,3259,271.5,0.6072489912729181
transect,gt,3260,271.58333333333337,0.6072105666877815
transect,gt,3261,271.66666666666663,0.6071912983374878
transect,gt,3262,271.75,0.6070926747670748
transect,gt,3263,271.83333333333337,0.6069279427916479
transect,gt,3264,271.91666666666663,0.6068588705131049
transect,gt,3265,272.0,0.6068442692808753
transect,gt,3266,272.08333333333337,0.6067845207023582
transect,gt,3267,272.16666666666663,0.6066309327449134
transect,gt,3268,272.25,0.6065506312236147
transect,gt,3269,272.33333333333337,0.6065591801324346
transect,gt,3270,272.41666666666663,0.6065603448344165
transect,gt,3271,272.5,0.6064573813153524
transect,gt,3272,272.58333333333337,0.6063813436405584
transect,gt,3273,272.66666666666663,0.6064214755363903
transect,gt,3274,272.75,0.6064929468271546
transect,gt,3275,272.83333333333337,0.6064816758701636
transect,gt,3276,272.91666666666663,0.6064168738584184
transect,gt,3277,273.0,0.6064806046455182
transect,gt,3278,273.08333333333337,0.6066161613059426
transect,gt,3279,273.16666666666663,0.6066983291622493
transect,gt,3280,273.25,0.6066702910145735
transect,gt,3281,273.33333333333337,0.6067393893577421
transect,gt,3282,273.41666666666663,0.6069144198091604
transect,gt,3283,273.5,0.6070722872762468
transect,gt,3284,273.58333333333337,0.6070924695395766
transect,gt,3285,273.66666666666663,0.6071428410943717
transect,gt,3286,273.75,0.6073194302276453
transect,gt,3287,273.83333333333337,0.6075176657373708
transect,gt,3288,273.91666666666663,0.6076036874157679
transect,gt,3289,274.0,0.6076203923389262
transect,gt,3290,274.08333333333337,0.6077632302350525
transect,gt,3291,274.16666666666663,0.6079678213878058
transect,gt,3292,274.25,0.6080984891519674
transect,gt,3293,274.33333333333337,0.6081020152422771
transect,gt,3294,274.41666666666663,0.6081997018914475
transect,gt,3295,274.5,0.608394009856227
transect,gt,3296,274.58333333333337,0.6085582633787896
transect,gt,3297,274.66666666666663,0.6085772549850004
transect,gt,3298,274.75,0.6086296710689321
transect,gt,3299,274.83333333333337,0.6088046813406419
transect,gt,3300,274.91666666666663,0.6089958536333391
transect,gt,3301,275.0,0.6090704295869188
transect,gt,3302,275.08333333333337,0.6090877663832097
transect,gt,3303,275.16666666666663,0.6092365626226985
transect,gt,3304,275.25,0.6094483549340988
transect,gt,3305,275.33333333333337,0.6095854061987386
transect,gt,3306,275.41666666666663,0.6096014571904282
transect,gt,3307,275.5,0.609730796133963
transect,gt,3308,275.58333333333337,0.6099673827188044
transect,gt,3309,275.66666666666663,0.6101774869918791
transect,gt,3310,275.75,0.6102444286952535
transect,gt,3311,275.83333333333337,0.6103725122073904
transect,gt,3312,275.91666666666663,0.6106532470039868
transect,gt,3313,276.0,0.6109668811677674
transect,gt,3314,276.08333333333337,0.6111147553710817
transect,gt,3315,276.16666666666663,0.6111127369141822
transect,gt,3316,276.25,0.6111315308969694
transect,gt,3317,276.33333333333337,0.6111335967335719
transect,gt,3318,276.41666666666663,0.6110693727932234
transect,gt,3319,276.5,0.6110460761293557
transect,gt,3320,276.58333333333337,0.6111216561991218
transect,gt,3321,276.66666666666663,0.6112158428417123
transect,gt,3322,276.75,0.6112288489243737
transect,gt,3323,276.83333333333337,0.6112281109617775
transect,gt,3324,276.91666666666663,0.6113324619006322
transect,gt,3325,277.0,0.6114826534629956
transect,gt,3326,277.08333333333337,0.6115581224406376
transect,gt,3327,277.16666666666663,0.6115556346842308
transect,gt,3328,277.25,0.6116504434520128
transect,gt,3329,277.33333333333337,0.6118243068074125
transect,gt,3330,277.41666666666663,0.611952120210604
transect,gt,3331,277.5,0.6119565071773305
transect,gt,3332,277.58333333333337,0.6120199455127825
transect,gt,3333,277.66666666666663,0.612191168591872
transect,gt,3334,277.75,0.6123550223070132
transect,gt,3335,277.83333333333337,0.6123865100682262
transect,gt,3336,277.91666666666663,0.6124084428725006
transect,gt,3337,278.0,0.6125568912461169
transect,gt,3338,278.08333333333337,0.6127400309941856
transect,gt,3339,278.16666666666663,0.612819981353346
transect,gt,3340,278.25,0.6127041622344495
transect,gt,3341,278.33333333333337,0.6126060443032855
transect,gt,3342,278.41666666666663,0.6125400214934179
transect,gt,3343,278.5,0.612426302677337
transect,gt,3344,278.58333333333337,0.612287672660594
transect,gt,3345,278.66666666666663,0.6122514197692647
transect,gt,3346,278.75,0.6122801544762494
transect,gt,3347,278.83333333333337,0.6122666763895274
transect,gt,3348,278.91666666666663,0.6121712042729609
transect,gt,3349,279.0,0.6121535294507164
transect,gt,3350,279.08333333333337,0.6122240851954103
transect,gt,3351,279.16666666666663,0.6122770712687143
transect,gt,3352,279.25,0.6122202140959057
transect,gt,3353,279.33333333333337,0.6121916382401565
transect,gt,3354,279.41666666666663,0.6122727711034038
transect,gt,3355,279.5,0.6123715651457899
transect,gt,3356,279.58333333333337,0.6123692111680832
transect,gt,3357,279.66666666666663,0.6123211570779794
transect,gt,3358,279.75,0.6123908510625963
transect,gt,3359,279.83333333333337,0.6125156915174561
transect,gt,3360,279.91666666666663,0.6125691933353646
transect,gt,3361,280.0,0.6125126574623669
transect,gt,3362,280.08333333333337,0.6125557912488401
transect,gt,3363,280.16666666666663,0.6126880205446698
transect,gt,3364,280.25,0.6127864669433841
transect,gt,3365,280.33333333333337,0.6127495859879366
transect,gt,3366,280.41666666666663,0.6127543515911671
transect,gt,3367,280.5,0.6128721147250525
transect,gt,3368,280.58333333333337,0.6129971432303157
transect,gt,3369,280.66666666666663,0.6130046472327826
transect,gt,3370,280.75,0.6129710101373226
transect,gt,3371,280.83333333333337,0.613059389627605
transect,gt,3372,280.91666666666663,0.6131963658642858
transect,gt,3373,281.0,0.6132518347337178
transect,gt,3374,281.08333333333337,0.6131951003541238
transect,gt,3375,281.16666666666663,0.6132469145396198
transect,gt,3376,281.25,0.6133830724735918
transect,gt,3377,281.33333333333337,0.6134773360487275
transect,gt,3378,281.41666666666663,0.6134356621233488
transect,gt,3379,281.5,0.6134433374757388
transect,gt,3380,281.58333333333337,0.6135610992991795
transect,gt,3381,281.66666666666663,0.6136797326872854
transect,gt,3382,281.75,0.6136755566185624
transect,gt,3383,281.83333333333337,0.6136403905290881
transect,gt,3384,281.91666666666663,0.6137255964178462
transect,gt,3385,282.0,0.6138523891891062
transect,gt,3386,282.08333333333337,0.6138912934546711
transect,gt,3387,282.16666666666663,0.6138209647493733
transect,gt,3388,282.25,0.6138629910713339
transect,gt,3389,282.33333333333337,0.6139813933238409
transect,gt,3390,282.41666666666663,0.614050045365678
transect,gt,3391,282.5,0.6139842792426982
transect,gt,3392,282.58333333333337,0.613970245427952
transect,gt,3393,282.66666666666663,0.6140561339463553
transect,gt,3394,282.75,0.6141334395239358
transect,gt,3395,282.83333333333337,0.6140850348218236
transect,gt,3396,282.91666666666663,0.6140132012349675
transect,gt,3397,283.0,0.6140497057749875
transect,gt,3398,283.08333333333337,0.6141150993544008
transect,gt,3399,283.16666666666663,0.6140888002749578
transect,gt,3400,283.25,0.6139632632044166
transect,gt,3401,283.33333333333337,0.6139361965979294
transect,gt,3402,283.41666666666663,0.6139681434491178
transect,gt,3403,283.5,0.6139447066132427
transect,gt,3404,283.58333333333337,0.6137975493608632
transect,gt,3405,283.66666666666663,0.6136944594545934
transect,gt,3406,283.75,0.6136680307845617
transect,gt,3407,283.83333333333337,0.6136225202980923
transect,gt,3408,283.91666666666663,0.6134604513760524
transect,gt,3409,284.0,0.6132788509173646
transect,gt,3410,284.08333333333337,0.6131764136133561
transect,gt,3411,284.16666666666663,0.6130845702581064
transect,gt,3412,284.25,0.6129079686822765
transect,gt,3413,284.33333333333337,0.6126511148552687
transect,gt,3414,284.41666666666663,0.6124598011381343
transect,gt,3415,284.5,0.6122994512244448
transect,gt,3416,284.58333333333337,0.6120849558718198
transect,gt,3417,284.66666666666663,0.6117739314060937
transect,gt,3418,284.75,0.6115106167930124
transect,gt,3419,284.83333333333337,0.6113131210629292
transect,gt,3420,284.91666666666663,0.611121795388404
transect,gt,3421,285.0,0.6109346273318944
transect,gt,3422,285.08333333333337,0.61082892941121
transect,gt,3423,285.16666666666663,0.610782686727761
transect,gt,3424,285.25,0.6107107063988494
transect,gt,3425,285.33333333333337,0.6105810200238087
transect,gt,3426,285.41666666666663,0.6105096291629759
transect,gt,3427,285.5,0.6105155219644145
transect,gt,3428,285.58333333333337,0.6105120674969616
transect,gt,3429,285.66666666666663,0.6104228553801452
transect,gt,3430,285.75,0.6103514733631178
transect,gt,3431,285.83333333333337,0.6103747569176585
transect,gt,3432,285.91666666666663,0.6104168853908409
transect,gt,3433,286.0,0.6103740543555757
transect,gt,3434,286.08333333333337,0.6102882728229991
transect,gt,3435,286.16666666666663,0.6103035310824809
transect,gt,3436,286.25,0.6103697697644672
transect,gt,3437,286.33333333333337,0.6103742463212066
transect,gt,3438,286.41666666666663,0.6102803438735782
transect,gt,3439,286.5,0.6102722630331142
transect,gt,3440,286.58333333333337,0.6103463322429926
transect,gt,3441,286.66666666666663,0.610391678767393
transect,gt,3442,286.75,0.6103007304651329
transect,gt,3443,286.83333333333337,0.6101751757423006
transect,gt,3444,286.91666666666663,0.6101149520726564
transect,gt,3445,287.0,0.6100569662449868
transect,gt,3446,287.08333333333337,0.6099334682721599
transect,gt,3447,287.16666666666663,0.6098622973690941
transect,gt,3448,287.25,0.6098883421349753
transect,gt,3449,287.33333333333337,0.6099239733676309
transect,gt,3450,287.41666666666663,0.6098700464835666
transect,gt,3451,287.5,0.6098068754260887
transect,gt,3452,287.58333333333337,0.6098497705516349
transect,gt,3453,287.66666666666663,0.6099322967858566
transect,gt,3454,287.75,0.6099404273597134
transect,gt,3455,287.83333333333337,0.6098745384641432
transect,gt,3456,287.91666666666663,0.6099111311095193
transect,gt,3457,288.0,0.6100215076133976
transect,gt,3458,288.08333333333337,0.6100881652855774
transect,gt,3459,288.16666666666663,0.6100406439897461
transect,gt,3460,288.25,0.6100592363891851
transect,gt,3461,288.33333333333337,0.6101815512459923
transect,gt,3462,288.41666666666663,0.6102983631072587
transect,gt,3463,288.5,0.6102933166538304
transect,gt,3464,288.58333333333337,0.6102901014963732
transect,gt,3465,288.66666666666663,0.6104109690358924
transect,gt,3466,288.75,0.6105674960122961
transect,gt,3467,288.83333333333337,0.6106299242389708
transect,gt,3468,288.91666666666663,0.6106084257059672
transect,gt,3469,289.0,0.6107131142424834
transect,gt,3470,289.08333333333337,0.6108934770202858
transect,gt,3471,289.16666666666663,0.6110166930019798
transect,gt,3472,289.25,0.6110120740719946
transect,gt,3473,289.33333333333337,0.6110909502058184
transect,gt,3474,289.41666666666663,0.6112795339637876
transect,gt,3475,289.5,0.6114541703971947
transect,gt,3476,289.58333333333337,0.6114889503714337
transect,gt,3477,289.66666666666663,0.6115395109088593
transect,gt,3478,289.75,0.6117230997201721
transect,gt,3479,289.83333333333337,0.6119371870237804
transect,gt,3480,289.91666666666663,0.6120420705774422
transect,gt,3481,290.0,0.6120663203437436
transect,gt,3482,290.08333333333337,0.6122262480796458
transect,gt,3483,290.16666666666663,0.612460020411571
transect,gt,3484,290.25,0.6126241856966851
transect,gt,3485,290.33333333333337,0.612652679639698
transect,gt,3486,290.41666666666663,0.6127765157473564
transect,gt,3487,290.5,0.6130100585199866
transect,gt,3488,290.58333333333337,0.6132189352285321
transect,gt,3489,290.66666666666663,0.6132725301799229
transect,gt,3490,290.75,0.6133540347448604
transect,gt,3491,290.83333333333337,0.6135701169733119
transect,gt,3492,290.91666666666663,0.6138076429438066
transect,gt,3493,291.0,0.6139223024390296
transect,gt,3494,291.08333333333337,0.613961376052956
transect,gt,3495,291.16666666666663,0.6141371398474333
transect,gt,3496,291.25,0.614378999763271
transect,gt,3497,291.33333333333337,0.6145400214571235
transect,gt,3498,291.41666666666663,0.6145632748341153
transect,gt,3499,291.5,0.6146876160950407
transect,gt,3500,291.58333333333337,0.6149141876081221
transect,gt,3501,291.66666666666663,0.6151056441358991
transect,gt,3502,291.75,0.6151388708263876
transect,gt,3503,291.83333333333337,0.6152053244440572
transect,gt,3504,291.91666666666663,0.6153978684841198
transect,gt,3505,292.0,0.6156013763821313
transect,gt,3506,292.08333333333337,0.615676426437496
transect,gt,3507,292.16666666666663,0.6156856924757469
transect,gt,3508,292.25,0.6158230719360893
transect,gt,3509,292.33333333333337,0.6160143083874978
transect,gt,3510,292.41666666666663,0.6161188941165728
transect,gt,3511,292.5,0.6160925106453373
transect,gt,3512,292.58333333333337,0.6161648314835212
transect,gt,3513,292.66666666666663,0.6163245949638134
transect,gt,3514,292.75,0.6164415664355696
transect,gt,3515,292.83333333333337,0.6164096422991304
transect,gt,3516,292.91666666666663,0.6164121711298254
transect,gt,3517,293.0,0.6165238692011722
transect,gt,3518,293.08333333333337,0.616636770815973
transect,gt,3519,293.16666666666663,0.6166303596548807
transect,gt,3520,293.25,0.6166010979396138
transect,gt,3521,293.33333333333337,0.6166792158077936
transect,gt,3522,293.41666666666663,0.6168231741849582
transect,gt,3523,293.5,0.6169653192017085
transect,gt,3524,293.58333333333337,0.6170579297863978
transect,gt,3525,293.66666666666663,0.6170608910528893
transect,gt,3526,293.75,0.6170744001125807
transect,gt,3527,293.83333333333337,0.6172177798896993
transect,gt,3528,293.91666666666663,0.6174330094861642
transect,gt,3529,294.0,0.6176388795613954
transect,gt,3530,294.08333333333337,0.6177842953526029
transect,gt,3531,294.16666666666663,0.6178244419834871
transect,gt,3532,294.25,0.6178492927121461
transect,gt,3533,294.33333333333337,0.6180145023943091
transect,gt,3534,294.41666666666663,0.6182649612942508
transect,gt,3535,294.5,0.6185087328601357
transect,gt,3536,294.58333333333337,0.6186876966006319
transect,gt,3537,294.66666666666663,0.6187520716187709
transect,gt,3538,294.75,0.6187695067114503
transect,gt,3539,294.83333333333337,0.6189317451013231
transect,gt,3540,294.91666666666663,0.6191908746324838
transect,gt,3541,295.0,0.6194466233284216
transect,gt,3542,295.08333333333337,0.6196347444268713
transect,gt,3543,295.16666666666663,0.6197051460256406
transect,gt,3544,295.25,0.6196929499767532
transect,gt,3545,295.33333333333337,0.6198087744923464
transect,gt,3546,295.41666666666663,0.6200189107131181
transect,gt,3547,295.5,0.6202254841783822
transect,gt,3548,295.58333333333337,0.6203645009051345
transect,gt,3549,295.66666666666663,0.6203896153949202
transect,gt,3550,295.75,0.6203108346132399
transect,gt,3551,295.83333333333337,0.6203469948309901
transect,gt,3552,295.91666666666663,0.6204833353554273
transect,gt,3553,296.0,0.6206257525405633
transect,gt,3554,296.08333333333337,0.6207085848270907
transect,gt,3555,296.16666666666663,0.6206875817700553
transect,gt,3556,296.25,0.6204104366888625
transect,gt,3557,296.33333333333337,0.6200735733879205
transect,gt,3558,296.41666666666663,0.6197434946727797
transect,gt,3559,296.5,0.6194112449255481
transect,gt,3560,296.58333333333337,0.6191500588155748
transect,gt,3561,296.66666666666663,0.6189956565116462
transect,gt,3562,296.75,0.6188782255504091
transect,gt,3563,296.83333333333337,0.6187027479468299
transect,gt,3564,296.91666666666663,0.618519643866988
transect,gt,3565,297.0,0.6184327440746733
transect,gt,3566,297.08333333333337,0.618391717105408
transect,gt,3567,297.16666666666663,0.6182945030297413
transect,gt,3568,297.25,0.6181328022336297
transect,gt,3569,297.33333333333337,0.6180641837026373
transect,gt,3570,297.41666666666663,0.6180708562848505
transect,gt,3571,297.5,0.6180469046414462
transect,gt,3572,297.58333333333337,0.6179215524464469
transect,gt,3573,297.66666666666663,0.6178540350522126
transect,gt,3574,297.75,0.6178858936101638
transect,gt,3575,297.83333333333337,0.6179181847137256
transect,gt,3576,297.91666666666663,0.6178408550145486
transect,gt,3577,298.0,0.6177585368075899
transect,gt,3578,298.08333333333337,0.6177910069134449
transect,gt,3579,298.16666666666663,0.617859272299405
transect,gt,3580,298.25,0.6178423902385106
transect,gt,3581,298.33333333333337,0.617740672324471
transect,gt,3582,298.41666666666663,0.6177517742963073
transect,gt,3583,298.5,0.6178326100032014
transect,gt,3584,298.58333333333337,0.6178617999472594
transect,gt,3585,298.66666666666663,0.6177701882163802
transect,gt,3586,298.75,0.617746356885859
transect,gt,3587,298.83333333333337,0.6178199651540687
transect,gt,3588,298.91666666666663,0.6178811037195261
transect,gt,3589,299.0,0.6178161329517636
transect,gt,3590,299.08333333333337,0.6177539114992507
transect,gt,3591,299.16666666666663,0.6178053181141815
transect,gt,3592,299.25,0.6178827603961993
transect,gt,3593,299.33333333333337,0.6178638243150626
transect,gt,3594,299.41666666666663,0.6177648529767875
transect,gt,3595,299.5,0.6177767577713309
transect,gt,3596,299.58333333333337,0.6178496699036412
transect,gt,3597,299.66666666666663,0.6178618952061431
transect,gt,3598,299.75,0.6177531563860393
transect,gt,3599,299.83333333333337,0.6177133306489879
transect,gt,3600,299.91666666666663,0.6177602775976199
transect,gt,3601,300.0,0.6177846928252679
transect,gt,3602,300.08333333333337,0.6176795432452987
transect,gt,3603,300.16666666666663,0.6175825792363137
transect,gt,3604,300.25,0.617586085038305
transect,gt,3605,300.33333333333337,0.61760297869521
transect,gt,3606,300.41666666666663,0.6175205577588714
transect,gt,3607,300.5,0.6173672167318086
transect,gt,3608,300.58333333333337,0.6173088721222356
transect,gt,3609,300.66666666666663,0.6172951745122921
transect,gt,3610,300.75,0.6172176514294754
transect,gt,3611,300.83333333333337,0.6170314489125083
transect,gt,3612,300.91666666666663,0.6169072762234049
transect,gt,3613,301.0,0.6168513300366919
transect,gt,3614,301.08333333333337,0.6167681894345495
transect,gt,3615,301.16666666666663,0.6165706764686608
transect,gt,3616,301.25,0.6163924388118387
transect,gt,3617,301.33333333333337,0.6163017824972989
transect,gt,3618,301.41666666666663,0.6162206368208215
transect,gt,3619,301.5,0.6160538306310399
transect,gt,3620,301.58333333333337,0.6158440458772702
transect,gt,3621,301.66666666666663,0.6157325057786054
transect,gt,3622,301.75,0.6156676246435742
transect,gt,3623,301.83333333333337,0.6155496412145847
transect,gt,3624,301.91666666666663,0.6153457921580883
transect,gt,3625,302.0,0.6152281052984081
transect,gt,3626,302.08333333333337,0.6151902886607888
transect,gt,3627,302.16666666666663,0.6151330406083428
transect,gt,3628,302.25,0.6149700551026765
transect,gt,3629,302.33333333333337,0.6148510511510993
transect,gt,3630,302.41666666666663,0.6148386092747387
transect,gt,3631,302.5,0.6148425780094234
transect,gt,3632,302.58333333333337,0.6147545340095381
transect,gt,3633,302.66666666666663,0.6146331067506094
transect,gt,3634,302.75,0.6146287376591218
transect,gt,3635,302.83333333333337,0.6146765390521858
transect,gt,3636,302.91666666666663,0.6146586927104143
transect,gt,3637,303.0,0.6145404848184172
transect,gt,3638,303.08333333333337,0.6145180157411138
transect,gt,3639,303.16666666666663,0.6145752458908645
transect,gt,3640,303.25,0.6145976773105574
transect,gt,3641,303.33333333333337,0.6144937147046013
transect,gt,3642,303.41666666666663,0.6144230311605375
transect,gt,3643,303.5,0.6144461712534464
transect,gt,3644,303.58333333333337,0.6144675551041467
transect,gt,3645,303.66666666666663,0.614378124228278
transect,gt,3646,303.75,0.6142435659624306
transect,gt,3647,303.83333333333337,0.6142003208200009
transect,gt,3648,303.91666666666663,0.6141852364434007
transect,gt,3649,304.0,0.6140918818667009
transect,gt,3650,304.08333333333337,0.6138965141764423
transect,gt,3651,304.16666666666663,0.6137702837304205
transect,gt,3652,304.25,0.6136926672333659
transect,gt,3653,304.33333333333337,0.613569521482419
transect,gt,3654,304.41666666666663,0.6133350136561404
transect,gt,3655,304.5,0.6131193522003259
transect,gt,3656,304.58333333333337,0.6129614975895915
transect,gt,3657,304.66666666666663,0.612787174607371
transect,gt,3658,304.75,0.6124803489857596
transect,gt,3659,304.83333333333337,0.6120360751137319
transect,gt,3660,304.91666666666663,0.6115794174659407
transect,gt,3661,305.0,0.6111480291223653
transect,gt,3662,305.08333333333337,0.6107575439912596
transect,gt,3663,305.16666666666663,0.6104104700754938
transect,gt,3664,305.25,0.6101021045471661
transect,gt,3665,305.33333333333337,0.6098156770149049
transect,gt,3666,305.41666666666663,0.6095120003067956
transect,gt,3667,305.5,0.609178617459106
transect,gt,3668,305.58333333333337,0.6089115632443686
transect,gt,3669,305.66666666666663,0.6087135477724448
transect,gt,3670,305.75,0.6085319075012174
transect,gt,3671,305.83333333333337,0.6083364333904691
transect,gt,3672,305.91666666666663,0.6081388673288144
transect,gt,3673,306.0,0.6079532980984946
transect,gt,3674,306.08333333333337,0.6077785246525257
transect,gt,3675,306.16666666666663,0.6075898009446827
transect,gt,3676,306.25,0.6073445748836023
transect,gt,3677,306.33333333333337,0.607094976965018
transect,gt,3678,306.41666666666663,0.6069325810733249
transect,gt,3679,306.5,0.6068191228715598
transect,gt,3680,306.58333333333337,0.6066973492393001
transect,gt,3681,306.66666666666663,0.6065575458212576
transect,gt,3682,306.75,0.6064207917410039
transect,gt,3683,306.83333333333337,0.6062998168607067
transect,gt,3684,306.91666666666663,0.6061872543845814
transect,gt,3685,307.0,0.6060470820612215
transect,gt,3686,307.08333333333337,0.6058427450759061
transect,gt,3687,307.16666666666663,0.6056999432028868
transect,gt,3688,307.25,0.6056593951118255
transect,gt,3689,307.33333333333337,0.6056535203180088
transect,gt,3690,307.41666666666663,0.605630276354849
transect,gt,3691,307.5,0.6055965643660646
transect,gt,3692,307.58333333333337,0.6055763723977327
transect,gt,3693,307.66666666666663,0.6055795537901839
transect,gt,3694,307.75,0.6055858996943131
transect,gt,3695,307.83333333333337,0.6055399417173194
transect,gt,3696,307.91666666666663,0.6054389886879052
transect,gt,3697,308.0,0.6054602148704026
transect,gt,3698,308.08333333333337,0.6055789884871485
transect,gt,3699,308.16666666666663,0.6057046717757907
transect,gt,3700,308.25,0.6057961540832891
transect,gt,3701,308.33333333333337,0.6058725614618606
transect,gt,3702,308.41666666666663,0.6059588172357194
transect,gt,3703,308.5,0.6060597449740689
transect,gt,3704,308.58333333333337,0.6061382284731095
transect,gt,3705,308.66666666666663,0.606123903115242
transect,gt,3706,308.75,0.6061088840280281
transect,gt,3707,308.83333333333337,0.6062281625003109
transect,gt,3708,308.91666666666663,0.6064106016840015
transect,gt,3709,309.0,0.6065675896977116
transect,gt,3710,309.08333333333337,0.6066808854488636
transect,gt,3711,309.16666666666663,0.606777511397159
transect,gt,3712,309.25,0.6068819931897906
transect,gt,3713,309.33333333333337,0.6069902862699769
transect,gt,3714,309.41666666666663,0.6070499675328982
transect,gt,3715,309.5,0.6070145463627077
transect,gt,3716,309.58333333333337,0.6070436910051844
transect,gt,3717,309.66666666666663,0.6071771925703824
transect,gt,3718,309.75,0.6073108467981639
transect,gt,3719,309.83333333333337,0.6073386446818717
transect,gt,3720,309.91666666666663,0.6073646682365031
transect,gt,3721,310.0,0.6075015475262809
transect,gt,3722,310.08333333333337,0.6076690561514998
transect,gt,3723,310.16666666666663,0.6077447408305846
transect,gt,3724,310.25,0.6077477008542894
transect,gt,3725,310.33333333333337,0.607858578861442
transect,gt,3726,310.41666666666663,0.6080366470651052
transect,gt,3727,310.5,0.608155864124819
transect,gt,3728,310.58333333333337,0.6081553842335664
transect,gt,3729,310.66666666666663,0.6082281630831542
transect,gt,3730,310.75,0.6083989232006579
transect,gt,3731,310.83333333333337,0.608550677658064
transect,gt,3732,310.91666666666663,0.6085702116070698
transect,gt,3733,311.0,0.6086001329132581
transect,gt,3734,311.08333333333337,0.608748159328088
transect,gt,3735,311.16666666666663,0.6089187446385678
transect,gt,3736,311.25,0.6089828658031758
transect,gt,3737,311.33333333333337,0.6089728685175975
transect,gt,3738,311.41666666666663,0.6090830815626485
transect,gt,3739,311.5,0.6092553100037957
transect,gt,3740,311.58333333333337,0.6093586351598433
transect,gt,3741,311.66666666666663,0.6093367462981858
transect,gt,3742,311.75,0.609400131236118
transect,gt,3743,311.83333333333337,0.6095575803260823
transect,gt,3744,311.91666666666663,0.6096879041446611
transect,gt,3745,312.0,0.6096768234704183
transect,gt,3746,312.08333333333337,0.6096904306024178
transect,gt,3747,312.16666666666663,0.6098191382340299
transect,gt,3748,312.25,0.6099622461639457
transect,gt,3749,312.33333333333337,0.6099938062953646
transect,gt,3750,312.41666666666663,0.6099603442532768
transect,gt,3751,312.5,0.6100428798982854
transect,gt,3752,312.58333333333337,0.61017876593348
transect,gt,3753,312.66666666666663,0.6102412464687866
transect,gt,3754,312.75,0.6101842524925587
transect,gt,3755,312.83333333333337,0.6102134527684362
transect,gt,3756,312.91666666666663,0.6103264975807557
transect,gt,3757,313.0,0.6104060507772846
transect,gt,3758,313.08333333333337,0.6103502046841435
transect,gt,3759,313.16666666666663,0.6103214256880302
transect,gt,3760,313.25,0.6103952026001788
transect,gt,3761,313.33333333333337,0.6104746592895571
transect,gt,3762,313.41666666666663,0.6104439476747673
transect,gt,3763,313.5,0.610361159618361
transect,gt,3764,313.58333333333337,0.610384979444008
transect,gt,3765,313.66666666666663,0.610451448387826
transect,gt,3766,313.75,0.6104427481064083
transect,gt,3767,313.83333333333337,0.6102583298794471
transect,gt,3768,313.91666666666663,0.6101010818379122
transect,gt,3769,314.0,0.6100101902265215
transect,gt,3770,314.08333333333337,0.6099413599721908
transect,gt,3771,314.16666666666663,0.6098908509446217
transect,gt,3772,314.25,0.6098949772441703
transect,gt,3773,314.33333333333337,0.6099469536511684
transect,gt,3774,314.41666666666663,0.6100031002150578
transect,gt,3775,314.5,0.6100440134090923
transect,gt,3776,314.58333333333337,0.6100999757036231
transect,gt,3777,314.66666666666663,0.61019947936417
transect,gt,3778,314.75,0.6103177141797681
transect,gt,3779,314.83333333333337,0.610406628391866
transect,gt,3780,314.91666666666663,0.6104831254990957
transect,gt,3781,315.0,0.6106242481302007
transect,gt,3782,315.08333333333337,0.6108221064377141
transect,gt,3783,315.16666666666663,0.6109798982894687
transect,gt,3784,315.25,0.6110536915067503
transect,gt,3785,315.33333333333337,0.6112345283170199
transect,gt,3786,315.41666666666663,0.6115451746933203
transect,gt,3787,315.5,0.6118510699955695
transect,gt,3788,315.58333333333337,0.612046092153998
transect,gt,3789,315.66666666666663,0.6122806906623967
transect,gt,3790,315.75,0.6126551180988012
transect,gt,3791,315.83333333333337,0.6130704949186033
transect,gt,3792,315.91666666666663,0.613406402580343
transect,gt,3793,316.0,0.6136582909363308
transect,gt,3794,316.08333333333337,0.6138929141143131
transect,gt,3795,316.16666666666663,0.614117724934698
transect,gt,3796,316.25,0.6142959489009928
transect,gt,3797,316.33333333333337,0.614418161582897
transect,gt,3798,316.41666666666663,0.6145255644938274
transect,gt,3799,316.5,0.6146550459693424
transect,gt,3800,316.58333333333337,0.614789780579409
transect,gt,3801,316.66666666666663,0.614886655813556
transect,gt,3802,316.75,0.6149510965087004
transect,gt,3803,316.83333333333337,0.6150378295002173
transect,gt,3804,316.91666666666663,0.6151390462923337
transect,gt,3805,317.0,0.6151783243975495
transect,gt,3806,317.08333333333337,0.6151262753750244
transect,gt,3807,317.16666666666663,0.6151357766775861
transect,gt,3808,317.25,0.6152326247239753
transect,gt,3809,317.33333333333337,0.6153091855229205
transect,gt,3810,317.41666666666663,0.6152770536812519
transect,gt,3811,317.5,0.6152686389253864
transect,gt,3812,317.58333333333337,0.6153664113411145
transect,gt,3813,317.66666666666663,0.6154902659777975
transect,gt,3814,317.75,0.6155580699173416
transect,gt,3815,317.83333333333337,0.6155978008352354
transect,gt,3816,317.91666666666663,0.6156837265587787
transect,gt,3817,318.0,0.6158100708555908
transect,gt,3818,318.08333333333337,0.6159241580163957
transect,gt,3819,318.16666666666663,0.6160095917061632
transect,gt,3820,318.25,0.6161050686856179
transect,gt,3821,318.33333333333337,0.6162387080046626
transect,gt,3822,318.41666666666663,0.6163830614330019
transect,gt,3823,318.5,0.6164940601351537
transect,gt,3824,318.58333333333337,0.6165895132672669
transect,gt,3825,318.66666666666663,0.6167370551544349
transect,gt,3826,318.75,0.6169298880268514
transect,gt,3827,318.83333333333337,0.6170807236191077
transect,gt,3828,318.91666666666663,0.6171538671206669
transect,gt,3829,319.0,0.6173091256806603
transect,gt,3830,319.08333333333337,0.6175775116256594
transect,gt,3831,319.16666666666663,0.6178317717482207
transect,gt,3832,319.25,0.617956132565925
transect,gt,3833,319.33333333333337,0.618119632228929
transect,gt,3834,319.41666666666663,0.618427178201948
transect,gt,3835,319.5,0.6187695551242168
transect,gt,3836,319.58333333333337,0.6190346898071946
transect,gt,3837,319.66666666666663,0.6192563793243736
transect,gt,3838,319.75,0.6195340066254956
transect,gt,3839,319.83333333333337,0.6198571329465232
transect,gt,3840,319.91666666666663,0.6201539736104161
transect,gt,3841,320.0,0.6204013024960064
transect,gt,3842,320.08333333333337,0.6206463626043236
transect,gt,3843,320.16666666666663,0.6209222491516175
transect,gt,3844,320.25,0.6211969303075788
transect,gt,3845,320.33333333333337,0.6214207758824701
transect,gt,3846,320.41666666666663,0.6216106033370943
transect,gt,3847,320.5,0.6218360079225322
transect,gt,3848,320.58333333333337,0.6220932709747163
transect,gt,3849,320.66666666666663,0.6222952630519012
transect,gt,3850,320.75,0.6224045177447917
transect,gt,3851,320.83333333333337,0.6225699766077224
transect,gt,3852,320.91666666666663,0.6228323213407339
transect,gt,3853,321.0,0.6230699085314225
transect,gt,3854,321.08333333333337,0.6231590227963633
transect,gt,3855,321.16666666666663,0.6232724341762972
transect,gt,3856,321.25,0.62352146344921
transect,gt,3857,321.33333333333337,0.6237958740257402
transect,gt,3858,321.41666666666663,0.6239816664451175
transect,gt,3859,321.5,0.6241125672689057
transect,gt,3860,321.58333333333337,0.6242924918071793
transect,gt,3861,321.66666666666663,0.6245110141920875
transect,gt,3862,321.75,0.6246975986926877
transect,gt,3863,321.83333333333337,0.624830669329404
transect,gt,3864,321.91666666666663,0.6249564399737951
transect,gt,3865,322.0,0.6251055383502353
transect,gt,3866,322.08333333333337,0.625249452323259
transect,gt,3867,322.16666666666663,0.6253459543741737
transect,gt,3868,322.25,0.6254091229501556
transect,gt,3869,322.33333333333337,0.6254959124792717
transect,gt,3870,322.41666666666663,0.6256053793438746
transect,gt,3871,322.5,0.6256679319592817
transect,gt,3872,322.58333333333337,0.6256525252703451
transect,gt,3873,322.66666666666663,0.6256727187168152
transect,gt,3874,322.75,0.6257673824415977
transect,gt,3875,322.83333333333337,0.6258396050138211
transect,gt,3876,322.91666666666663,0.6257788733837215
transect,gt,3877,323.0,0.6257335683939084
transect,gt,3878,323.08333333333337,0.6258012560833838
transect,gt,3879,323.16666666666663,0.6258866850669736
transect,gt,3880,323.25,0.6258899706998768
transect,gt,3881,323.33333333333337,0.6258385710241132
transect,gt,3882,323.41666666666663,0.6258246700583834
transect,gt,3883,323.5,0.625837996626196
transect,gt,3884,323.58333333333337,0.625817776362351
transect,gt,3885,323.66666666666663,0.6257456592586152
transect,gt,3886,323.75,0.6256596085647808
transect,gt,3887,323.83333333333337,0.6255831648758317
transect,gt,3888,323.91666666666663,0.6254939853456775
transect,gt,3889,324.0,0.6253612592476012
transect,gt,3890,324.08333333333337,0.6251943164616354
transect,gt,3891,324.16666666666663,0.625030696245351
transect,gt,3892,324.25,0.6248707006086189
transect,gt,3893,324.33333333333337,0.6246707565794826
transect,gt,3894,324.41666666666663,0.6244113704080325
transect,gt,3895,324.5,0.6241581293666771
transect,gt,3896,324.58333333333337,0.623937457476924
transect,gt,3897,324.66666666666663,0.62369332236891
transect,gt,3898,324.75,0.6233625450333612
transect,gt,3899,324.83333333333337,0.623048872821753
transect,gt,3900,324.91666666666663,0.6228359337046223
transect,gt,3901,325.0,0.6226699610587961
transect,gt,3902,325.08333333333337,0.6224747820787078
transect,gt,3903,325.16666666666663,0.6223196020059915
transect,gt,3904,325.25,0.6222587722664012
transect,gt,3905,325.33333333333337,0.6222202078658714
transect,gt,3906,325.41666666666663,0.6221093030507374
transect,gt,3907,325.5,0.6219709670597209
transect,gt,3908,325.58333333333337,0.6219279507420316
transect,gt,3909,325.66666666666663,0.6219327520363397
transect,gt,3910,325.75,0.6218793864593298
transect,gt,3911,325.83333333333337,0.6217439978060634
transect,gt,3912,325.91666666666663,0.6216887761760912
transect,gt,3913,326.0,0.6217091650051417
transect,gt,3914,326.08333333333337,0.6216997016035044
transect,gt,3915,326.16666666666663,0.6215798739520687
transect,gt,3916,326.25,0.6214967410084897
transect,gt,3917,326.33333333333337,0.6215112161073285
transect,gt,3918,326.41666666666663,0.621530335761089
transect,gt,3919,326.5,0.6214454055358908
transect,gt,3920,326.58333333333337,0.6213293586725935
transect,gt,3921,326.66666666666663,0.6213204865941345
transect,gt,3922,326.75,0.6213516619794444
transect,gt,3923,326.83333333333337,0.6213079142834421
transect,gt,3924,326.91666666666663,0.6211679845897757
transect,gt,3925,327.0,0.6211279218215021
transect,gt,3926,327.08333333333337,0.621160498687508
transect,gt,3927,327.16666666666663,0.6211529110003771
transect,gt,3928,327.25,0.621025984551792
transect,gt,3929,327.33333333333337,0.6209452146399714
transect,gt,3930,327.41666666666663,0.620959274892856
transect,gt,3931,327.5,0.6209706973789019
transect,gt,3932,327.58333333333337,0.6208722992426479
transect,gt,3933,327.66666666666663,0.6207512860824298
transect,gt,3934,327.75,0.6207347291788063
transect,gt,3935,327.83333333333337,0.6207515520863632
transect,gt,3936,327.91666666666663,0.6206894924013321
transect,gt,3937,328.0,0.620535837141392
transect,gt,3938,328.08333333333337,0.6204809336634837
transect,gt,3939,328.16666666666663,0.620490550094598
transect,gt,3940,328.25,0.6204551366292667
transect,gt,3941,328.33333333333337,0.6203051146576964
transect,gt,3942,328.41666666666663,0.6202036316582779
transect,gt,3943,328.5,0.6201885084537321
transect,gt,3944,328.58333333333337,0.6201648094377585
transect,gt,3945,328.66666666666663,0.6200319769718895
transect,gt,3946,328.75,0.6198850214011502
transect,gt,3947,328.83333333333337,0.6198339953839104
transect,gt,3948,328.91666666666663,0.6198080393386927
transect,gt,3949,329.0,0.6197021825955967
transect,gt,3950,329.08333333333337,0.6195154349105545
transect,gt,3951,329.16666666666663,0.619418236198509
transect,gt,3952,329.25,0.61937442155052
transect,gt,3953,329.33333333333337,0.6192826734017712
transect,gt,3954,329.41666666666663,0.6190850771043702
transect,gt,3955,329.5,0.6189333513694714
transect,gt,3956,329.58333333333337,0.6188537132960162
transect,gt,3957,329.66666666666663,0.6187590317516996
transect,gt,3958,329.75,0.6185608935694369
transect,gt,3959,329.83333333333337,0.6183539986899045
transect,gt,3960,329.91666666666663,0.6182260975385251
transect,gt,3961,330.0,0.6181121266447284
transect,gt,3962,330.08333333333337,0.6179219056072114
transect,gt,3963,330.16666666666663,0.6176636444863332
transect,gt,3964,330.25,0.6174754649707019
transect,gt,3965,330.33333333333337,0.6173236560320761
transect,gt,3966,330.41666666666663,0.6171243011966543
transect,gt,3967,330.5,0.6168349112267262
transect,gt,3968,330.58333333333337,0.6165791016856783
transect,gt,3969,330.66666666666663,0.616371631274287
transect,gt,3970,330.75,0.6161434124156628
transect,gt,3971,330.83333333333337,0.615828244757648
transect,gt,3972,330.91666666666663,0.6155046012910913
transect,gt,3973,331.0,0.6152306715830748
transect,gt,3974,331.08333333333337,0.6149566349608171
transect,gt,3975,331.16666666666663,0.6146274390801473
transect,gt,3976,331.25,0.6143233963146417
transect,gt,3977,331.33333333333337,0.6141104367266631
transect,gt,3978,331.41666666666663,0.6139482710540058
transect,gt,3979,331.5,0.6137818446625951
transect,gt,3980,331.58333333333337,0.6136606659325882
transect,gt,3981,331.66666666666663,0.6136189553465466
transect,gt,3982,331.75,0.613594449269473
transect,gt,3983,331.83333333333337,0.6135118893662064
transect,gt,3984,331.91666666666663,0.6134211622935457
transect,gt,3985,332.0,0.6134138770188534
transect,gt,3986,332.08333333333337,0.613445441114001
transect,gt,3987,332.16666666666663,0.6134210086202303
transect,gt,3988,332.25,0.6133382768339044
transect,gt,3989,332.33333333333337,0.61333406511482
transect,gt,3990,332.41666666666663,0.6133964875642989
transect,gt,3991,332.5,0.6134238082024577
transect,gt,3992,332.58333333333337,0.6133536936989166
transect,gt,3993,332.66666666666663,0.6133331155483231
transect,gt,3994,332.75,0.6134051483150975
transect,gt,3995,332.83333333333337,0.6134737947810834
transect,gt,3996,332.91666666666663,0.6134346122089994
transect,gt,3997,333.0,0.6133894445052802
transect,gt,3998,333.08333333333337,0.6134562399793264
transect,gt,3999,333.16666666666663,0.6135565565336545
transect,gt,4000,333.25,0.6135712261476799
transect,gt,4001,333.33333333333337,0.6134467968023155
transect,gt,4002,333.41666666666663,0.6133618527619423
transect,gt,4003,333.5,0.6133131720465912
transect,gt,4004,333.58333333333337,0.6132139831597294
transect,gt,4005,333.66666666666663,0.6130844922971772
transect,gt,4006,333.75,0.6130481303531359
transect,gt,4007,333.83333333333337,0.6130669491038097
transect,gt,4008,333.91666666666663,0.613037500654926
transect,gt,4009,334.0,0.6129232725087232
transect,gt,4010,334.08333333333337,0.6128756977963675
transect,gt,4011,334.16666666666663,0.6129037782407953
transect,gt,4012,334.25,0.6129093444213488
transect,gt,4013,334.33333333333337,0.6128087323557463
transect,gt,4014,334.41666666666663,0.6127276549986677
transect,gt,4015,334.5,0.6127388752988463
transect,gt,4016,334.58333333333337,0.6127599510414029
transect,gt,4017,334.66666666666663,0.6126865651368915
transect,gt,4018,334.75,0.6125678930329206
transect,gt,4019,334.83333333333337,0.6125454103421676
transect,gt,4020,334.91666666666663,0.6125650792691447
transect,gt,4021,335.0,0.612519692177688
transect,gt,4022,335.08333333333337,0.6123779000097586
transect,gt,4023,335.16666666666663,0.6123162941541817
transect,gt,4024,335.25,0.6123260638848276
transect,gt,4025,335.33333333333337,0.6123058670544701
transect,gt,4026,335.41666666666663,0.6121737276031279
transect,gt,4027,335.5,0.612079546963692
transect,gt,4028,335.58333333333337,0.6120820907535879
transect,gt,4029,335.66666666666663,0.6120934430891996
transect,gt,4030,335.75,0.6120100378280025
transect,gt,4031,335.83333333333337,0.6119016147650909
transect,gt,4032,335.91666666666663,0.6119075913101434
transect,gt,4033,336.0,0.611963238813443
transect,gt,4034,336.08333333333337,0.6119545362448316
transect,gt,4035,336.16666666666663,0.6118567909627443
transect,gt,4036,336.25,0.6118724768302628
transect,gt,4037,336.33333333333337,0.6119765448952134
transect,gt,4038,336.41666666666663,0.6120504986177037
transect,gt,4039,336.5,0.6120052440784854
transect,gt,4040,336.58333333333337,0.6120218502526598
transect,gt,4041,336.66666666666663,0.6121569037276441
transect,gt,4042,336.75,0.6123012259630677
transect,gt,4043,336.83333333333337,0.6123296353518007
transect,gt,4044,336.91666666666663,0.6123358555249787
transect,gt,4045,337.0,0.6124729529687112
transect,gt,4046,337.08333333333337,0.6126587307624053
transect,gt,4047,337.16666666666663,0.6127575547433392
transect,gt,4048,337.25,0.6127465345373385
transect,gt,4049,337.33333333333337,0.6128592680898278
transect,gt,4050,337.41666666666663,0.6130570055607798
transect,gt,4051,337.5,0.6132049205068145
transect,gt,4052,337.58333333333337,0.6132119694351815
transect,gt,4053,337.66666666666663,0.6132799817638542
transect,gt,4054,337.75,0.6134611972881845
transect,gt,4055,337.83333333333337,0.6136374306645479
transect,gt,4056,337.91666666666663,0.6136794916414617
transect,gt,4057,338.0,0.6137024549228534
transect,gt,4058,338.08333333333337,0.6138539192565868
transect,gt,4059,338.16666666666663,0.6140453313042668
transect,gt,4060,338.25,0.6141394102258757
transect,gt,4061,338.33333333333337,0.6141281656522538
transect,gt,4062,338.41666666666663,0.6142435921486366
transect,gt,4063,338.5,0.6144410179896833
transect,gt,4064,338.58333333333337,0.6145840261106348
transect,gt,4065,338.66666666666663,0.6145885482293895
transect,gt,4066,338.75,0.6146661127491526
transect,gt,4067,338.83333333333337,0.6148606418506847
transect,gt,4068,338.91666666666663,0.6150501057662955
transect,gt,4069,339.0,0.6151027114700786
transect,gt,4070,339.08333333333337,0.6151550340471443
transect,gt,4071,339.16666666666663,0.6153500953509939
transect,gt,4072,339.25,0.615592368911222
transect,gt,4073,339.33333333333337,0.6157360469454505
transect,gt,4074,339.41666666666663,0.6157889310574807
transect,gt,4075,339.5,0.6160008207468838
transect,gt,4076,339.58333333333337,0.616319925328322
transect,gt,4077,339.66666666666663,0.6165902835543561
transect,gt,4078,339.75,0.6166187528769693
transect,gt,4079,339.83333333333337,0.6166289555471914
transect,gt,4080,339.91666666666663,0.6166579351088544
transect,gt,4081,340.0,0.6166332883935061
transect,gt,4082,340.08333333333337,0.6165797637015986
transect,gt,4083,340.16666666666663,0.6166239200034036
transect,gt,4084,340.25,0.6167416379791416
transect,gt,4085,340.33333333333337,0.6168207018081169
transect,gt,4086,340.41666666666663,0.6168185034918178
transect,gt,4087,340.5,0.6168890621098863
transect,gt,4088,340.58333333333337,0.617057765114243
transect,gt,4089,340.66666666666663,0.617212166211093
transect,gt,4090,340.75,0.6172519698302951
transect,gt,4091,340.83333333333337,0.6173134184896821
transect,gt,4092,340.91666666666663,0.6174964000429948
transect,gt,4093,341.0,0.6177035350541051
transect,gt,4094,341.08333333333337,0.6177996952472727
transect,gt,4095,341.16666666666663,0.6178400559875529
transect,gt,4096,341.25,0.6180115186784164
transect,gt,4097,341.33333333333337,0.6182495367250702
transect,gt,4098,341.41666666666663,0.6184076676918041
transect,gt,4099,341.5,0.6184378791376415
transect,gt,4100,341.58333333333337,0.6185805573747403
transect,gt,4101,341.66666666666663,0.6188304053258261
transect,gt,4102,341.75,0.6190433276286011
transect,gt,4103,341.83333333333337,0.6190551873328957
transect,gt,4104,341.91666666666663,0.6189475423768283
transect,gt,4105,342.0,0.6188730188397951
transect,gt,4106,342.08333333333337,0.6187825825266233
transect,gt,4107,342.16666666666663,0.6186177445568379
transect,gt,4108,342.25,0.6185042977482454
transect,gt,4109,342.33333333333337,0.6184895430659229
transect,gt,4110,342.41666666666663,0.6184863261815581
transect,gt,4111,342.5,0.6183949440426766
transect,gt,4112,342.58333333333337,0.6182950765408731
transect,gt,4113,342.66666666666663,0.6183019420303579
transect,gt,4114,342.75,0.6183484646821621
transect,gt,4115,342.83333333333337,0.6183197331418563
transect,gt,4116,342.91666666666663,0.6182158207875647
transect,gt,4117,343.0,0.6182132968551536
transect,gt,4118,343.08333333333337,0.6182828805007654
transect,gt,4119,343.16666666666663,0.6183068733051446
transect,gt,4120,343.25,0.6182149876492241
transect,gt,4121,343.33333333333337,0.6181858543679286
transect,gt,4122,343.41666666666663,0.6182559992374318
transect,gt,4123,343.5,0.6183174255358884
transect,gt,4124,343.58333333333337,0.6182561455633521
transect,gt,4125,343.66666666666663,0.6181924831280823
transect,gt,4126,343.75,0.6182443875082898
transect,gt,4127,343.83333333333337,0.618326114529712
transect,gt,4128,343.91666666666663,0.6183134948656789
transect,gt,4129,344.0,0.6182156396328529
transect,gt,4130,344.08333333333337,0.6182303943543701
transect,gt,4131,344.16666666666663,0.618310111016408
transect,gt,4132,344.25,0.6183317522535468
transect,gt,4133,344.33333333333337,0.6182307877843551
transect,gt,4134,344.41666666666663,0.6181996411215854
transect,gt,4135,344.5,0.6182620514640164
transect,gt,4136,344.58333333333337,0.6183073747409766
transect,gt,4137,344.66666666666663,0.6182243973816545
transect,gt,4138,344.75,0.6181499619859704
transect,gt,4139,344.83333333333337,0.6181873391109555
transect,gt,4140,344.91666666666663,0.6182479675016233
transect,gt,4141,345.0,0.6182118715026736
transect,gt,4142,345.08333333333337,0.6181035185640982
transect,gt,4143,345.16666666666663,0.6181081612787631
transect,gt,4144,345.25,0.6181742609908688
transect,gt,4145,345.33333333333337,0.6181808998791987
transect,gt,4146,345.41666666666663,0.6180722413124494
transect,gt,4147,345.5,0.6180428171163136
transect,gt,4148,345.58333333333337,0.6181059635494737
transect,gt,4149,345.66666666666663,0.6181492724279724
transect,gt,4150,345.75,0.6180627972656171
transect,gt,4151,345.83333333333337,0.6179991327706442
transect,gt,4152,345.91666666666663,0.6180488104244738
transect,gt,4153,346.0,0.6181174041844145
transect,gt,4154,346.08333333333337,0.6180833945264064
transect,gt,4155,346.16666666666663,0.6179848420274394
transect,gt,4156,346.25,0.6179993858508163
transect,gt,4157,346.33333333333337,0.6180686105351385
transect,gt,4158,346.41666666666663,0.6180695566950115
transect,gt,4159,346.5,0.6179535924399818
transect,gt,4160,346.58333333333337,0.6179176106053436
transect,gt,4161,346.66666666666663,0.6179631892341774
transect,gt,4162,346.75,0.6179772823043043
transect,gt,4163,346.83333333333337,0.6178586948799697
transect,gt,4164,346.91666666666663,0.6177610251707524
transect,gt,4165,347.0,0.617759743494709
transect,gt,4166,347.08333333333337,0.6177627308058343
transect,gt,4167,347.16666666666663,0.6176590785460453
transect,gt,4168,347.25,0.6174964241117021
transect,gt,4169,347.33333333333337,0.6174254797071542
transect,gt,4170,347.41666666666663,0.6173893259440532
transect,gt,4171,347.5,0.6172810347576212
transect,gt,4172,347.58333333333337,0.6170665136732607
transect,gt,4173,347.66666666666663,0.6169139536448646
transect,gt,4174,347.75,0.6168155929821669
transect,gt,4175,347.83333333333337,0.616678227417975
transect,gt,4176,347.91666666666663,0.6164275345569777
transect,gt,4177,348.0,0.6161873200362904
transect,gt,4178,348.08333333333337,0.6160079447673048
transect,gt,4179,348.16666666666663,0.6158176742255099
transect,gt,4180,348.25,0.6155313943303048
transect,gt,4181,348.33333333333337,0.6152217565655782
transect,gt,4182,348.41666666666663,0.6149857257246916
transect,gt,4183,348.5,0.6147895527216926
transect,gt,4184,348.58333333333337,0.6145813786480828
transect,gt,4185,348.66666666666663,0.6144214916336602
transect,gt,4186,348.75,0.614346379467253
transect,gt,4187,348.83333333333337,0.6142904597665743
transect,gt,4188,348.91666666666663,0.614174715751401
transect,gt,4189,349.0,0.6140529487916833
transect,gt,4190,349.08333333333337,0.6140205611869218
transect,gt,4191,349.16666666666663,0.6140286465832377
transect,gt,4192,349.25,0.61397897183696
transect,gt,4193,349.33333333333337,0.6138690934483102
transect,gt,4194,349.41666666666663,0.6138427874198708
transect,gt,4195,349.5,0.6138844529597584
transect,gt,4196,349.58333333333337,0.613889760958302
transect,gt,4197,349.66666666666663,0.6137948294337602
transect,gt,4198,349.75,0.6137517765479097
transect,gt,4199,349.83333333333337,0.6138016235673825
transect,gt,4200,349.91666666666663,0.613846806752156
transect,gt,4201,350.0,0.6137823939845529
transect,gt,4202,350.08333333333337,0.6137122094799808
transect,gt,4203,350.16666666666663,0.6137523781305521
transect,gt,4204,350.25,0.6138240307787037
transect,gt,4205,350.33333333333337,0.613809305076373
transect,gt,4206,350.41666666666663,0.6136667289654805
transect,gt,4207,350.5,0.6135756880271427
transect,gt,4208,350.58333333333337,0.6135313215759572
transect,gt,4209,350.66666666666663,0.6134424805211722
transect,gt,4210,350.75,0.613327980562463
transect,gt,4211,350.83333333333337,0.6133169631290007
transect,gt,4212,350.91666666666663,0.613369669858422
transect,gt,4213,351.0,0.613375800265194
transect,gt,4214,351.08333333333337,0.6132957013288548
transect,gt,4215,351.16666666666663,0.6132941646606657
transect,gt,4216,351.25,0.6133818819018837
transect,gt,4217,351.33333333333337,0.613451147487085
transect,gt,4218,351.41666666666663,0.6134084263738901
transect,gt,4219,351.5,0.6133952277892415
transect,gt,4220,351.58333333333337,0.6134947961510027
transect,gt,4221,351.66666666666663,0.613613359900421
transect,gt,4222,351.75,0.6136297115242133
transect,gt,4223,351.83333333333337,0.6136011168559588
transect,gt,4224,351.91666666666663,0.6136956021680041
transect,gt,4225,352.0,0.6138489417354654
transect,gt,4226,352.08333333333337,0.6139307410510477
transect,gt,4227,352.16666666666663,0.6139011350203963
transect,gt,4228,352.25,0.6139783213179287
transect,gt,4229,352.33333333333337,0.6141513819758168
transect,gt,4230,352.41666666666663,0.6142917760376772
transect,gt,4231,352.5,0.6142928666101429
transect,gt,4232,352.58333333333337,0.6143422760077285
transect,gt,4233,352.66666666666663,0.6145154637215655
transect,gt,4234,352.75,0.6146996426634321
transect,gt,4235,352.83333333333337,0.6147609652734276
transect,gt,4236,352.91666666666663,0.6147820701935732
transect,gt,4237,353.0,0.6149391708214246
transect,gt,4238,353.08333333333337,0.6151522483238333
transect,gt,4239,353.16666666666663,0.6152791223764957
transect,gt,4240,353.25,0.61528636714557
transect,gt,4241,353.33333333333337,0.615417449368195
transect,gt,4242,353.41666666666663,0.6156449825589169
transect,gt,4243,353.5,0.6158283997487637
transect,gt,4244,353.58333333333337,0.6158627990980612
transect,gt,4245,353.66666666666663,0.6159567977797037
transect,gt,4246,353.75,0.6161779741311755
transect,gt,4247,353.83333333333337,0.6164024529723027
transect,gt,4248,353.91666666666663,0.6164898488919286
transect,gt,4249,354.0,0.6165460826076621
transect,gt,4250,354.08333333333337,0.616743962829913
transect,gt,4251,354.16666666666663,0.6169923364251635
transect,gt,4252,354.25,0.6171417539257866
transect,gt,4253,354.33333333333337,0.6171684035149545
transect,gt,4254,354.41666666666663,0.6173311578253307
transect,gt,4255,354.5,0.617587071038226
transect,gt,4256,354.58333333333337,0.6177876627296454
transect,gt,4257,354.66666666666663,0.6178333590137061
transect,gt,4258,354.75,0.6179473194288061
transect,gt,4259,354.83333333333337,0.6181864401601711
transect,gt,4260,354.91666666666663,0.6184197481176801
transect,gt,4261,355.0,0.618505290250923
transect,gt,4262,355.08333333333337,0.6185702724634718
transect,gt,4263,355.16666666666663,0.6187767021507142
transect,gt,4264,355.25,0.619025481671076
transect,gt,4265,355.33333333333337,0.6191655191793846
transect,gt,4266,355.41666666666663,0.6191886606208755
transect,gt,4267,355.5,0.6193489305269018
transect,gt,4268,355.58333333333337,0.6195946731926897
transect,gt,4269,355.66666666666663,0.61977623558933
transect,gt,4270,355.75,0.6198036714581332
transect,gt,4271,355.83333333333337,0.6199049221279326
transect,gt,4272,355.91666666666663,0.6201235754890487
transect,gt,4273,356.0,0.6203271510854038
transect,gt,4274,356.08333333333337,0.6203782337752397
transect,gt,4275,356.16666666666663,0.6204196323405189
transect,gt,4276,356.25,0.620594922602194
transect,gt,4277,356.33333333333337,0.6208018475377762
transect,gt,4278,356.41666666666663,0.620894839999786
transect,gt,4279,356.5,0.6208825560440462
transect,gt,4280,356.58333333333337,0.6209995502561513
transect,gt,4281,356.66666666666663,0.6211895912956832
transect,gt,4282,356.75,0.621309456975452
transect,gt,4283,356.83333333333337,0.6212901119684404
transect,gt,4284,356.91666666666663,0.6213296394678046
transect,gt,4285,357.0,0.6214588321133976
transect,gt,4286,357.08333333333337,0.6216078753860088
transect,gt,4287,357.16666666666663,0.6217199153973678
transect,gt,4288,357.25,0.6217502588549952
transect,gt,4289,357.33333333333337,0.6217040957553531
transect,gt,4290,357.41666666666663,0.6217472436955275
transect,gt,4291,357.5,0.6218953287958887
transect,gt,4292,357.58333333333337,0.6220646142090982
transect,gt,4293,357.66666666666663,0.6221918617356648
transect,gt,4294,357.75,0.6222330382530336
transect,gt,4295,357.83333333333337,0.6221788592786044
transect,gt,4296,357.91666666666663,0.6222074163838605
transect,gt,4297,358.0,0.6223546452245329
transect,gt,4298,358.08333333333337,0.6225339526723296
transect,gt,4299,358.16666666666663,0.6226746523925085
transect,gt,4300,358.25,0.6227299926879735
transect,gt,4301,358.33333333333337,0.6226741581055939
transect,gt,4302,358.41666666666663,0.6226907693203483
transect,gt,4303,358.5,0.6228403152443259
transect,gt,4304,358.58333333333337,0.6230337280313473
transect,gt,4305,358.66666666666663,0.6231916608431768
transect,gt,4306,358.75,0.6232646820374338
transect,gt,4307,358.83333333333337,0.6232125154805047
transect,gt,4308,358.91666666666663,0.6232045248041952
transect,gt,4309,359.0,0.6233261187157123
transect,gt,4310,359.08333333333337,0.6234932789194717
transect,gt,4311,359.16666666666663,0.6236248567463825
transect,gt,4312,359.25,0.6236720822607448
transect,gt,4313,359.33333333333337,0.6235882346452823
transect,gt,4314,359.41666666666663,0.6235224774790713
transect,gt,4315,359.5,0.6235874532854148
transect,gt,4316,359.58333333333337,0.6237065563080855
transect,gt,4317,359.66666666666663,0.6237962132254753
transect,gt,4318,359.75,0.6238064994228267
transect,gt,4319,359.83333333333337,0.6236364352512641
transect,gt,4320,359.91666666666663,0.6232900701835745
transect,gt,4321,360.0,0.6229350693268507
transect,target_error,1,0.0,0.16514549551861527
transect,target_error,2,0.08333333333337123,0.16519363170562393
transect,target_error,3,0.16666666666662877,0.16521316325275726
transect,target_error,4,0.25,0.16522846281163564
transect,target_error,5,0.33333333333337123,0.16523778195851105
transect,target_error,6,0.41666666666662877,0.1652465732190265
transect,target_error,7,0.5,0.16525921106586478
transect,target_error,8,0.5833333333333712,0.1652687462401104
transect,target_error,9,0.6666666666666288,0.16527630523208006
transect,target_error,10,0.75,0.16528734657506905
transect,target_error,11,0.8333333333333712,0.16529951018601685
transect,target_error,12,0.9166666666666288,0.16530775924173718
transect,target_error,13,1.0,0.16532206249940792
transect,target_error,14,1.0833333333333712,0.16533615898485096
transect,target_error,15,1.1666666666666288,0.16534355535805442
transect,target_error,16,1.25,0.16535480361417454
transect,target_error,17,1.3333333333333712,0.16536692850182608
transect,target_error,18,1.4166666666666288,0.16538513957170048
transect,target_error,19,1.5,0.16540003184197175
transect,target_error,20,1.5833333333333712,0.1654087571741479
transect,target_error,21,1.6666666666666288,0.16541698804300273
transect,target_error,22,1.75,0.1654295698128035
transect,target_error,23,1.8333333333333712,0.16544367884660885
transect,target_error,24,1.9166666666666288,0.16546405477389897
transect,target_error,25,2.0,0.16547835755082294
transect,target_error,26,2.0833333333333712,0.1654894598891514
transect,target_error,27,2.1666666666666288,0.16550157787643074
transect,target_error,28,2.25,0.16551606988571452
transect,target_error,29,2.3333333333333712,0.16553002161314745
transect,target_error,30,2.4166666666666288,0.16554309495034927
transect,target_error,31,2.5,0.16555385868658407
transect,target_error,32,2.5833333333333712,0.16556841732993857
transect,target_error,33,2.6666666666666288,0.16558136572925947
transect,target_error,34,2.75,0.1655942007325502
transect,target_error,35,2.8333333333333712,0.16560783164024254
transect,target_error,36,2.9166666666666288,0.16562298980093668
transect,target_error,37,3.0,0.16563501237086656
transect,target_error,38,3.0833333333333712,0.1656444394693109
transect,target_error,39,3.1666666666666288,0.1656612123199429
transect,target_error,40,3.25,0.1656745902650832
transect,target_error,41,3.3333333333333712,0.1656901287695005
transect,target_error,42,3.4166666666666288,0.16570671093954284
transect,target_error,43,3.5,0.16572035954119047
transect,target_error,44,3.5833333333333712,0.16573826279281426
transect,target_error,45,3.6666666666666288,0.16575037494213857
transect,target_error,46,3.75,0.1657642586743229
transect,target_error,47,3.8333333333333712,0.16577780712840345
transect,target_error,48,3.9166666666666288,0.16579344190536544
transect,target_error,49,4.0,0.16580667297658574
transect,target_error,50,4.083333333333371,0.16582277600814288
transect,target_error,51,4.166666666666629,0.16583811217072503
transect,target_error,52,4.25,0.16585444041572686
transect,target_error,53,4.333333333333371,0.16586982400547423
transect,target_error,54,4.416666666666629,0.1658836005237388
transect,target_error,55,4.5,0.16589818834641248
transect,target_error,56,4.583333333333371,0.16591375688449372
transect,target_error,57,4.666666666666629,0.1659278212024168
transect,target_error,58,4.75,0.16594443839471357
transect,target_error,59,4.833333333333371,0.16595976815822433
transect,target_error,60,4.916666666666629,0.1659763417893721
transect,target_error,61,5.0,0.16599246997596326
transect,target_error,62,5.083333333333371,0.16600853530246168
transect,target_error,63,5.166666666666629,0.16602473564351639
transect,target_error,64,5.25,0.16603957580484285
transect,target_error,65,5.333333333333371,0.16605574718855362
transect,target_error,66,5.416666666666629,0.16607018852139113
transect,target_error,67,5.5,0.16608610542058677
transect,target_error,68,5.583333333333371,0.1661028487622956
transect,target_error,69,5.666666666666629,0.16611844571809606
transect,target_error,70,5.75,0.16613361337470162
transect,target_error,71,5.833333333333371,0.1661504159329213
transect,target_error,72,5.916666666666629,0.1661672799443416
transect,target_error,73,6.0,0.16618419310659316
transect,target_error,74,6.083333333333371,0.16620059698075532
transect,target_error,75,6.166666666666629,0.16621654801112698
transect,target_error,76,6.25,0.16623254990191463
transect,target_error,77,6.333333333333371,0.16624871750408593
transect,target_error,78,6.416666666666629,0.16626489631446503
transect,target_error,79,6.5,0.16628153527722847
transect,target_error,80,6.583333333333371,0.1662984586464495
transect,target_error,81,6.666666666666629,0.16631548582221825
transect,target_error,82,6.75,0.1663331536174477
transect,target_error,83,6.833333333333371,0.1663501984763123
transect,target_error,84,6.916666666666629,0.16636751580614745
transect,target_error,85,7.0,0.16638417012069223
transect,target_error,86,7.083333333333371,0.16640000660031823
transect,target_error,87,7.166666666666629,0.1664173503247045
transect,target_error,88,7.25,0.16643451373056428
transect,target_error,89,7.333333333333371,0.16645068882933306
transect,target_error,90,7.416666666666629,0.16646879527774533
transect,target_error,91,7.5,0.16648595136590733
transect,target_error,92,7.583333333333371,0.16650243063530465
transect,target_error,93,7.666666666666629,0.16652056473591245
transect,target_error,94,7.75,0.16653898967664307
transect,target_error,95,7.833333333333371,0.16655845921849877
transect,target_error,96,7.916666666666629,0.16657595248647894
transect,target_error,97,8.0,0.16659299961676352
transect,target_error,98,8.083333333333371,0.16660997958957424
transect,target_error,99,8.166666666666629,0.1666288326506078
transect,target_error,100,8.25,0.16664747643485234
transect,target_error,101,8.333333333333371,0.1666656795575391
transect,target_error,102,8.416666666666629,0.16668245082122304
transect,target_error,103,8.5,0.16670000628703363
transect,target_error,104,8.583333333333371,0.16671668924023514
transect,target_error,105,8.666666666666629,0.1667365994515765
transect,target_error,106,8.75,0.16675453058243161
transect,target_error,107,8.833333333333371,0.16677255644702182
transect,target_error,108,8.916666666666629,0.1667909063053844
transect,target_error,109,9.0,0.16681041731842888
transect,target_error,110,9.083333333333371,0.16682692514393055
transect,target_error,111,9.166666666666629,0.16684618879854438
transect,target_error,112,9.25,0.16686670854190971
transect,target_error,113,9.333333333333371,0.16688705480257598
transect,target_error,114,9.416666666666629,0.16690579066349545
transect,target_error,115,9.5,0.16692300231158236
transect,target_error,116,9.583333333333371,0.16694248731363664
transect,target_error,117,9.666666666666629,0.16696127148780215
transect,target_error,118,9.75,0.16698024097086528
transect,target_error,119,9.833333333333371,0.16700032455648506
transect,target_error,120,9.916666666666629,0.16702047039954526
transect,target_error,121,10.0,0.16703861668250133
transect,target_error,122,10.083333333333371,0.16705697858579766
transect,target_error,123,10.166666666666629,0.16707539509302585
transect,target_error,124,10.25,0.16709537090595786
transect,target_error,125,10.333333333333371,0.16711300348972846
transect,target_error,126,10.416666666666629,0.16713545484898742
transect,target_error,127,10.5,0.16715614534390844
transect,target_error,128,10.583333333333371,0.16717526158166507
transect,target_error,129,10.666666666666629,0.16719476203485176
transect,target_error,130,10.75,0.16721634155890322
transect,target_error,131,10.833333333333371,0.16723815118632024
transect,target_error,132,10.916666666666629,0.16725741156624505
transect,target_error,133,11.0,0.16727856679284817
transect,target_error,134,11.083333333333371,0.16730033291375218
transect,target_error,135,11.166666666666629,0.1673206632833389
transect,target_error,136,11.25,0.16734162624623553
transect,target_error,137,11.333333333333371,0.16736304171920985
transect,target_error,138,11.416666666666629,0.16738455214992756
transect,target_error,139,11.5,0.16740517250022097
transect,target_error,140,11.583333333333371,0.16742640244802026
transect,target_error,141,11.666666666666629,0.16744674070029736
transect,target_error,142,11.75,0.16746684718410973
transect,target_error,143,11.833333333333371,0.16748774878847675
transect,target_error,144,11.916666666666629,0.16750866153925711
transect,target_error,145,12.0,0.16752901115834817
transect,target_error,146,12.083333333333371,0.1675515993861701
transect,target_error,147,12.166666666666629,0.1675722816209981
transect,target_error,148,12.25,0.16759367727350097
transect,target_error,149,12.333333333333371,0.16761465993085653
transect,target_error,150,12.416666666666629,0.1676356051831
transect,target_error,151,12.5,0.16765647179151352
transect,target_error,152,12.583333333333371,0.1676796079411848
transect,target_error,153,12.666666666666629,0.16770276303771017
transect,target_error,154,12.75,0.16772413298008235
transect,target_error,155,12.833333333333371,0.16774489784302377
transect,target_error,156,12.916666666666629,0.16776727996599633
transect,target_error,157,13.0,0.16778917849494315
transect,target_error,158,13.083333333333371,0.1678102281977505
transect,target_error,159,13.166666666666629,0.16783289135992976
transect,target_error,160,13.25,0.167856789868373
transect,target_error,161,13.333333333333371,0.1678779758977246
transect,target_error,162,13.416666666666629,0.16790026075823364
transect,target_error,163,13.5,0.1679223342572156
transect,target_error,164,13.583333333333371,0.16794404028113394
transect,target_error,165,13.666666666666629,0.16796883205020646
transect,target_error,166,13.75,0.1679904364820093
transect,target_error,167,13.833333333333371,0.16801185827388218
transect,target_error,168,13.916666666666629,0.16803337238563998
transect,target_error,169,14.0,0.16805413169463404
transect,target_error,170,14.083333333333371,0.16807656971177426
transect,target_error,171,14.166666666666629,0.16810265798885715
transect,target_error,172,14.25,0.16812424605323276
transect,target_error,173,14.333333333333371,0.16814878830807023
transect,target_error,174,14.416666666666629,0.16817140984818987
transect,target_error,175,14.5,0.1681918570229481
transect,target_error,176,14.583333333333371,0.16821496840053587
transect,target_error,177,14.666666666666629,0.16823753825340224
transect,target_error,178,14.75,0.16825956878322926
transect,target_error,179,14.833333333333371,0.16828025923065398
transect,target_error,180,14.916666666666629,0.1683057140233417
transect,target_error,181,15.0,0.1683294749822479
transect,target_error,182,15.083333333333371,0.1683536406591318
transect,target_error,183,15.166666666666629,0.16837623398011375
transect,target_error,184,15.25,0.1684006601021558
transect,target_error,185,15.333333333333371,0.16842290975871765
transect,target_error,186,15.416666666666629,0.1684477580856493
transect,target_error,187,15.5,0.1684695821903355
transect,target_error,188,15.583333333333371,0.16849024587069256
transect,target_error,189,15.666666666666629,0.16851457348940937
transect,target_error,190,15.75,0.16853735586610818
transect,target_error,191,15.833333333333371,0.16855546099524937
transect,target_error,192,15.916666666666629,0.16858001857566962
transect,target_error,193,16.0,0.16859966562191608
transect,target_error,194,16.08333333333337,0.16862264838022145
transect,target_error,195,16.16666666666663,0.16864219205143305
transect,target_error,196,16.25,0.168661657905103
transect,target_error,197,16.33333333333337,0.16867652169133027
transect,target_error,198,16.41666666666663,0.16869042564976405
transect,target_error,199,16.5,0.16869031574704804
transect,target_error,200,16.58333333333337,0.16871067505495543
transect,target_error,201,16.66666666666663,0.16871590507277878
transect,target_error,202,16.75,0.16867138380058486
transect,target_error,203,16.83333333333337,0.16866740791387846
transect,target_error,204,16.91666666666663,0.1686745868741788
transect,target_error,205,17.0,0.16856694649737033
transect,target_error,206,17.08333333333337,0.16834227083747752
transect,target_error,207,17.16666666666663,0.16827737386023475
transect,target_error,208,17.25,0.16746383181562033
transect,target_error,209,17.33333333333337,0.16663823291108748
transect,target_error,210,17.41666666666663,0.16569206113657825
transect,target_error,211,17.5,0.1633477491989235
transect,target_error,212,17.58333333333337,0.16140470466103116
transect,target_error,213,17.66666666666663,0.1612376650106039
transect,target_error,214,17.75,0.15915345123397207
transect,target_error,215,17.83333333333337,0.1574354594070467
transect,target_error,216,17.91666666666663,0.1545721261602877
transect,target_error,217,18.0,0.1513124223403366
transect,target_error,218,18.08333333333337,0.15176762028729157
transect,target_error,219,18.16666666666663,0.15123348803864314
transect,target_error,220,18.25,0.1496507597578135
transect,target_error,221,18.33333333333337,0.14890148414409676
transect,target_error,222,18.41666666666663,0.14938772401615494
transect,target_error,223,18.5,0.148303822646107
transect,target_error,224,18.58333333333337,0.14705052903010382
transect,target_error,225,18.66666666666663,0.14689807154437612
transect,target_error,226,18.75,0.1482872054785361
transect,target_error,227,18.83333333333337,0.14833840577935906
transect,target_error,228,18.91666666666663,0.14813210802449717
transect,target_error,229,19.0,0.14779892046704787
transect,target_error,230,19.08333333333337,0.14911272198514816
transect,target_error,231,19.16666666666663,0.14977290288421816
transect,target_error,232,19.25,0.15002317774737284
transect,target_error,233,19.33333333333337,0.14964386213438957
transect,target_error,234,19.41666666666663,0.15074075675038356
transect,target_error,235,19.5,0.1508648602289271
transect,target_error,236,19.58333333333337,0.1513472389435364
transect,target_error,237,19.66666666666663,0.1520400006769476
transect,target_error,238,19.75,0.1522439815010318
transect,target_error,239,19.83333333333337,0.15257257963159263
transect,target_error,240,19.91666666666663,0.15319070167674287
transect,target_error,241,20.0,0.1533867665845821
transect,target_error,242,20.08333333333337,0.15475080988633463
transect,target_error,243,20.16666666666663,0.15453304514640298
transect,target_error,244,20.25,0.15465136564400353
transect,target_error,245,20.33333333333337,0.15470249240049622
transect,target_error,246,20.41666666666663,0.1545167205862898
transect,target_error,247,20.5,0.1559193579434417
transect,target_error,248,20.58333333333337,0.15659658986539696
transect,target_error,249,20.66666666666663,0.15688696983347444
transect,target_error,250,20.75,0.1571736118204472
transect,target_error,251,20.83333333333337,0.15751379324379466
transect,target_error,252,20.91666666666663,0.15785613833083786
transect,target_error,253,21.0,0.158067040853847
transect,target_error,254,21.08333333333337,0.15797987742295933
transect,target_error,255,21.16666666666663,0.15844308236291
transect,target_error,256,21.25,0.15854920387914076
transect,target_error,257,21.33333333333337,0.15892108714226497
transect,target_error,258,21.41666666666663,0.15883395446493026
transect,target_error,259,21.5,0.15902401597246626
transect,target_error,260,21.58333333333337,0.15926810529854657
transect,target_error,261,21.66666666666663,0.15915400064357924
transect,target_error,262,21.75,0.15924863469554967
transect,target_error,263,21.83333333333337,0.15983625649807684
transect,target_error,264,21.91666666666663,0.15926796495388895
transect,target_error,265,22.0,0.15967411601945664
transect,target_error,266,22.08333333333337,0.15969844859471363
transect,target_error,267,22.16666666666663,0.1605325410137492
transect,target_error,268,22.25,0.1602710172041079
transect,target_error,269,22.33333333333337,0.16041670933585675
transect,target_error,270,22.41666666666663,0.16018955012751188
transect,target_error,271,22.5,0.16041958135143533
transect,target_error,272,22.58333333333337,0.1603016557429577
transect,target_error,273,22.66666666666663,0.16040432936035434
transect,target_error,274,22.75,0.16075298415931524
transect,target_error,275,22.83333333333337,0.16132391788314185
transect,target_error,276,22.91666666666663,0.16114115080886265
transect,target_error,277,23.0,0.16110543194724963
transect,target_error,278,23.08333333333337,0.16083394154400574
transect,target_error,279,23.16666666666663,0.16142854235559384
transect,target_error,280,23.25,0.16173402915659146
transect,target_error,281,23.33333333333337,0.16171404889112662
transect,target_error,282,23.41666666666663,0.16210125067197853
transect,target_error,283,23.5,0.16252655497539625
transect,target_error,284,23.58333333333337,0.16207917073211078
transect,target_error,285,23.66666666666663,0.16212009689792514
transect,target_error,286,23.75,0.1622284509608069
transect,target_error,287,23.83333333333337,0.16212305031281965
transect,target_error,288,23.91666666666663,0.16229990507935735
transect,target_error,289,24.0,0.16301499202618208
transect,target_error,290,24.08333333333337,0.1630032646179165
transect,target_error,291,24.16666666666663,0.16366578989839584
transect,target_error,292,24.25,0.163395401329709
transect,target_error,293,24.33333333333337,0.16316141896013656
transect,target_error,294,24.41666666666663,0.16360878011802474
transect,target_error,295,24.5,0.16367537245230185
transect,target_error,296,24.58333333333337,0.16430809452624437
transect,target_error,297,24.66666666666663,0.16475213992024748
transect,target_error,298,24.75,0.16473073483662096
transect,target_error,299,24.83333333333337,0.16434977659861513
transect,target_error,300,24.91666666666663,0.16498652368880484
transect,target_error,301,25.0,0.1658192098654771
transect,target_error,302,25.08333333333337,0.16578693314047332
transect,target_error,303,25.16666666666663,0.1662725033954097
transect,target_error,304,25.25,0.16516546999797999
transect,target_error,305,25.33333333333337,0.1656318732928055
transect,target_error,306,25.41666666666663,0.16582129975518925
transect,target_error,307,25.5,0.16527169962609525
transect,target_error,308,25.58333333333337,0.16549695575003145
transect,target_error,309,25.66666666666663,0.16640621386671564
transect,target_error,310,25.75,0.1667362894114703
transect,target_error,311,25.83333333333337,0.16707763705887696
transect,target_error,312,25.91666666666663,0.16649469272427025
transect,target_error,313,26.0,0.1650389977366959
transect,target_error,314,26.08333333333337,0.16471826874334627
transect,target_error,315,26.16666666666663,0.16565317013104158
transect,target_error,316,26.25,0.16518734936940316
transect,target_error,317,26.33333333333337,0.16516288405659332
transect,target_error,318,26.41666666666663,0.1659821558280851
transect,target_error,319,26.5,0.16492196079547214
transect,target_error,320,26.58333333333337,0.1644393498961628
transect,target_error,321,26.66666666666663,0.16464923948188162
transect,target_error,322,26.75,0.16408939191552158
transect,target_error,323,26.83333333333337,0.16407915220130279
transect,target_error,324,26.91666666666663,0.1646415015946561
transect,target_error,325,27.0,0.16471485584521978
transect,target_error,326,27.08333333333337,0.16527168376711687
transect,target_error,327,27.16666666666663,0.1653938450564614
transect,target_error,328,27.25,0.16410538108505962
transect,target_error,329,27.33333333333337,0.16434483770447086
transect,target_error,330,27.41666666666663,0.16462108204765608
transect,target_error,331,27.5,0.16493691945551925
transect,target_error,332,27.58333333333337,0.16389856865996724
transect,target_error,333,27.66666666666663,0.16385290786307966
transect,target_error,334,27.75,0.16418080996610188
transect,target_error,335,27.83333333333337,0.16530390476883544
transect,target_error,336,27.91666666666663,0.16514631487558334
transect,target_error,337,28.0,0.16569894368117496
transect,target_error,338,28.08333333333337,0.1666053972644297
transect,target_error,339,28.16666666666663,0.1664275780824142
transect,target_error,340,28.25,0.16708298703308871
transect,target_error,341,28.33333333333337,0.167765574268519
transect,target_error,342,28.41666666666663,0.16756437918973546
transect,target_error,343,28.5,0.16810940989216444
transect,target_error,344,28.58333333333337,0.16836116561698408
transect,target_error,345,28.66666666666663,0.16843584397147593
transect,target_error,346,28.75,0.1683466590237248
transect,target_error,347,28.83333333333337,0.16872924167106632
transect,target_error,348,28.91666666666663,0.1687350593540051
transect,target_error,349,29.0,0.1686456232078161
transect,target_error,350,29.08333333333337,0.16892747701174712
transect,target_error,351,29.16666666666663,0.16933650070033868
transect,target_error,352,29.25,0.1690572448037118
transect,target_error,353,29.33333333333337,0.16925599733153684
transect,target_error,354,29.41666666666663,0.16967079079934652
transect,target_error,355,29.5,0.16978676555350755
transect,target_error,356,29.58333333333337,0.16984535772190265
transect,target_error,357,29.66666666666663,0.17015296959417553
transect,target_error,358,29.75,0.17019336600807597
transect,target_error,359,29.83333333333337,0.1701916850368367
transect,target_error,360,29.91666666666663,0.17032130380513458
transect,target_error,361,30.0,0.17055993642371245
transect,target_error,362,30.08333333333337,0.1705233421127038
transect,target_error,363,30.16666666666663,0.1704728370146751
transect,target_error,364,30.25,0.17057596101688655
transect,target_error,365,30.33333333333337,0.17062390325829235
transect,target_error,366,30.41666666666663,0.1706967834445592
transect,target_error,367,30.5,0.17071965551098492
transect,target_error,368,30.58333333333337,0.1708037890640275
transect,target_error,369,30.66666666666663,0.1708715077898731
transect,target_error,370,30.75,0.17088534252067544
transect,target_error,371,30.83333333333337,0.17099636060391277
transect,target_error,372,30.91666666666663,0.17108259686924726
transect,target_error,373,31.0,0.17117584749896786
transect,target_error,374,31.08333333333337,0.17128996729282744
transect,target_error,375,31.16666666666663,0.17134058167047206
transect,target_error,376,31.25,0.17133478949877642
transect,target_error,377,31.33333333333337,0.17132010700525863
transect,target_error,378,31.41666666666663,0.1713769522646121
transect,target_error,379,31.5,0.1714857529601269
transect,target_error,380,31.58333333333337,0.17152323137465034
transect,target_error,381,31.66666666666663,0.17165399688952918
transect,target_error,382,31.75,0.17166358370357107
transect,target_error,383,31.83333333333337,0.17172723027085118
transect,target_error,384,31.91666666666663,0.1718136325222564
transect,target_error,385,32.0,0.17184612044772613
transect,target_error,386,32.08333333333337,0.1718825452341605
transect,target_error,387,32.16666666666663,0.1719513364744331
transect,target_error,388,32.25,0.1720572180088118
transect,target_error,389,32.33333333333337,0.17213328080971652
transect,target_error,390,32.41666666666663,0.17216153552536465
transect,target_error,391,32.5,0.17206685834994193
transect,target_error,392,32.58333333333337,0.1721637725999999
transect,target_error,393,32.66666666666663,0.17220443976717292
transect,target_error,394,32.75,0.17224875650837432
transect,target_error,395,32.83333333333337,0.17244086244408258
transect,target_error,396,32.91666666666663,0.17252649492140062
transect,target_error,397,33.0,0.17251969953438748
transect,target_error,398,33.08333333333337,0.17261222853835267
transect,target_error,399,33.16666666666663,0.17263561292702112
transect,target_error,400,33.25,0.17280014402702795
transect,target_error,401,33.33333333333337,0.17277047685982733
transect,target_error,402,33.41666666666663,0.17293545346632802
transect,target_error,403,33.5,0.1730352950599127
transect,target_error,404,33.58333333333337,0.1731478387422034
transect,target_error,405,33.66666666666663,0.17316047534635015
transect,target_error,406,33.75,0.17328779425271967
transect,target_error,407,33.83333333333337,0.17335254927818486
transect,target_error,408,33.91666666666663,0.1733442072161127
transect,target_error,409,34.0,0.17338813760868893
transect,target_error,410,34.08333333333337,0.17351228334654864
transect,target_error,411,34.16666666666663,0.17356624487268169
transect,target_error,412,34.25,0.17356582800844436
transect,target_error,413,34.33333333333337,0.1737402775997407
transect,target_error,414,34.41666666666663,0.17371538272150588
transect,target_error,415,34.5,0.17382742507052107
transect,target_error,416,34.58333333333337,0.17386843443222952
transect,target_error,417,34.66666666666663,0.17386915231269726
transect,target_error,418,34.75,0.17396525422884698
transect,target_error,419,34.83333333333337,0.174051503972532
transect,target_error,420,34.91666666666663,0.17409947585797989
transect,target_error,421,35.0,0.1740575592017338
transect,target_error,422,35.08333333333337,0.17410563955524705
transect,target_error,423,35.16666666666663,0.174150233323478
transect,target_error,424,35.25,0.1742451689593345
transect,target_error,425,35.33333333333337,0.17420441968055675
transect,target_error,426,35.41666666666663,0.1742300959979699
transect,target_error,427,35.5,0.17432045240788827
transect,target_error,428,35.58333333333337,0.1744726767098958
transect,target_error,429,35.66666666666663,0.1745483794736957
transect,target_error,430,35.75,0.17466420775634595
transect,target_error,431,35.83333333333337,0.1746304109304276
transect,target_error,432,35.91666666666663,0.17464865510430808
transect,target_error,433,36.0,0.1747570302230346
transect,target_error,434,36.08333333333337,0.17468994118443912
transect,target_error,435,36.16666666666663,0.1747903563620876
transect,target_error,436,36.25,0.1748574772632871
transect,target_error,437,36.33333333333337,0.17491412718431823
transect,target_error,438,36.41666666666663,0.17492914668416046
transect,target_error,439,36.5,0.17500531293297025
transect,target_error,440,36.58333333333337,0.17495025274361733
transect,target_error,441,36.66666666666663,0.17503761999448483
transect,target_error,442,36.75,0.17511359317221198
transect,target_error,443,36.83333333333337,0.17518933187403876
transect,target_error,444,36.91666666666663,0.1751708132682121
transect,target_error,445,37.0,0.1752483805082315
transect,target_error,446,37.08333333333337,0.17505751481874945
transect,target_error,447,37.16666666666663,0.17506874633686553
transect,target_error,448,37.25,0.1751057462615056
transect,target_error,449,37.33333333333337,0.17519879124727236
transect,target_error,450,37.41666666666663,0.1752202871038853
transect,target_error,451,37.5,0.1752645857256126
transect,target_error,452,37.58333333333337,0.17530514444929987
transect,target_error,453,37.66666666666663,0.175251548367506
transect,target_error,454,37.75,0.17529521822996444
transect,target_error,455,37.83333333333337,0.17527108907803543
transect,target_error,456,37.91666666666663,0.17529046561574044
transect,target_error,457,38.0,0.17530421398012264
transect,target_error,458,38.08333333333337,0.17532458822976674
transect,target_error,459,38.16666666666663,0.17527748070919766
transect,target_error,460,38.25,0.17534302557251602
transect,target_error,461,38.33333333333337,0.1753024526000649
transect,target_error,462,38.41666666666663,0.17519779272737923
transect,target_error,463,38.5,0.17505751372588935
transect,target_error,464,38.58333333333337,0.1750822093213086
transect,target_error,465,38.66666666666663,0.174952882179384
transect,target_error,466,38.75,0.17486268098994634
transect,target_error,467,38.83333333333337,0.17493446470951246
transect,target_error,468,38.91666666666663,0.17475225464267521
transect,target_error,469,39.0,0.17502091632859518
transect,target_error,470,39.08333333333337,0.17425874579226713
transect,target_error,471,39.16666666666663,0.17283955856766178
transect,target_error,472,39.25,0.17116527499897305
transect,target_error,473,39.33333333333337,0.16849295411716717
transect,target_error,474,39.41666666666663,0.16949408542063196
transect,target_error,475,39.5,0.1666436164056472
transect,target_error,476,39.58333333333337,0.1670814705345347
transect,target_error,477,39.66666666666663,0.16380381633101096
transect,target_error,478,39.75,0.16198371246540427
transect,target_error,479,39.83333333333337,0.1596145352497356
transect,target_error,480,39.91666666666663,0.15738768145335738
transect,target_error,481,40.0,0.15617443376842907
transect,target_error,482,40.08333333333337,0.1564658612119999
transect,target_error,483,40.16666666666663,0.15732220640445513
transect,target_error,484,40.25,0.157172912667596
transect,target_error,485,40.33333333333337,0.15655503308511126
transect,target_error,486,40.41666666666663,0.15742298589206127
transect,target_error,487,40.5,0.15735449587350436
transect,target_error,488,40.58333333333337,0.15688294608923772
transect,target_error,489,40.66666666666663,0.1568073007345759
transect,target_error,490,40.75,0.1575411739917384
transect,target_error,491,40.83333333333337,0.15750455348841844
transect,target_error,492,40.91666666666663,0.15653893875611305
transect,target_error,493,41.0,0.15933642918464946
transect,target_error,494,41.08333333333337,0.15694864223147895
transect,target_error,495,41.16666666666663,0.15674585274344527
transect,target_error,496,41.25,0.15710064095163234
transect,target_error,497,41.33333333333337,0.1566742793007634
transect,target_error,498,41.41666666666663,0.15620939402014347
transect,target_error,499,41.5,0.15637857487190515
transect,target_error,500,41.58333333333337,0.15627982367027635
transect,target_error,501,41.66666666666663,0.1558975964090435
transect,target_error,502,41.75,0.15626948226011553
transect,target_error,503,41.83333333333337,0.15629918714354032
transect,target_error,504,41.91666666666663,0.15581963785852487
transect,target_error,505,42.0,0.15507790350730122
transect,target_error,506,42.08333333333337,0.15527626834201383
transect,target_error,507,42.16666666666663,0.1553062633833606
transect,target_error,508,42.25,0.15542348194253933
transect,target_error,509,42.33333333333337,0.15539146989136826
transect,target_error,510,42.41666666666663,0.15556357121390804
transect,target_error,511,42.5,0.155586500780836
transect,target_error,512,42.58333333333337,0.15589454523707244
transect,target_error,513,42.66666666666663,0.1557008560174429
transect,target_error,514,42.75,0.15610150038970821
transect,target_error,515,42.83333333333337,0.1560583074592214
transect,target_error,516,42.91666666666663,0.15649507987280256
transect,target_error,517,43.0,0.15665526930611634
transect,target_error,518,43.08333333333337,0.15679286884913876
transect,target_error,519,43.16666666666663,0.15727822408554945
transect,target_error,520,43.25,0.1574084562369838
transect,target_error,521,43.33333333333337,0.158148961944116
transect,target_error,522,43.41666666666663,0.15869030883843918
transect,target_error,523,43.5,0.15924751835446882
transect,target_error,524,43.58333333333337,0.15883912249546633
transect,target_error,525,43.66666666666663,0.15923052898680237
transect,target_error,526,43.75,0.15975044722177323
transect,target_error,527,43.83333333333337,0.16018981001218785
transect,target_error,528,43.91666666666663,0.16000160923679949
transect,target_error,529,44.0,0.1601705270815217
transect,target_error,530,44.08333333333337,0.16103343510390036
transect,target_error,531,44.16666666666663,0.161342315065733
transect,target_error,532,44.25,0.16081522447407992
transect,target_error,533,44.33333333333337,0.16089661367329694
transect,target_error,534,44.41666666666663,0.16094737781412227
transect,target_error,535,44.5,0.16079697881357016
transect,target_error,536,44.58333333333337,0.15959898911044712
transect,target_error,537,44.66666666666663,0.1598538692182545
transect,target_error,538,44.75,0.1592697458838921
transect,target_error,539,44.83333333333337,0.15968451427704672
transect,target_error,540,44.91666666666663,0.1594059772808195
transect,target_error,541,45.0,0.1597717781683681
transect,target_error,542,45.08333333333337,0.1592665883646278
transect,target_error,543,45.16666666666663,0.15934002091041105
transect,target_error,544,45.25,0.15944928955749182
transect,target_error,545,45.33333333333337,0.15971020757083107
transect,target_error,546,45.41666666666663,0.15966565297988827
transect,target_error,547,45.5,0.15826393889516852
transect,target_error,548,45.58333333333337,0.15812854663612752
transect,target_error,549,45.66666666666663,0.15735923389562023
transect,target_error,550,45.75,0.1570241182272652
transect,target_error,551,45.83333333333337,0.15646151174998982
transect,target_error,552,45.91666666666663,0.15636884173868631
transect,target_error,553,46.0,0.15522489296983788
transect,target_error,554,46.08333333333337,0.1553758818311396
transect,target_error,555,46.16666666666663,0.15375779840952533
transect,target_error,556,46.25,0.15206840466089105
transect,target_error,557,46.33333333333337,0.15189176644899544
transect,target_error,558,46.41666666666663,0.1515708326990315
transect,target_error,559,46.5,0.151834380932895
transect,target_error,560,46.58333333333337,0.1529745761793016
transect,target_error,561,46.66666666666663,0.1519587830351673
transect,target_error,562,46.75,0.15260636069470535
transect,target_error,563,46.83333333333337,0.15082769874918273
transect,target_error,564,46.91666666666663,0.14883395328233776
transect,target_error,565,47.0,0.15004625415885392
transect,target_error,566,47.08333333333337,0.14753992514740294
transect,target_error,567,47.16666666666663,0.148379784350015
transect,target_error,568,47.25,0.14813788598513272
transect,target_error,569,47.33333333333337,0.14842534339173788
transect,target_error,570,47.41666666666663,0.14870837247612234
transect,target_error,571,47.5,0.14940086587833806
transect,target_error,572,47.58333333333337,0.15010272924677456
transect,target_error,573,47.66666666666663,0.14971115928589354
transect,target_error,574,47.75,0.1514467997383902
transect,target_error,575,47.83333333333337,0.15230105225500107
transect,target_error,576,47.91666666666663,0.15259698944659947
transect,target_error,577,48.0,0.15229734072713627
transect,target_error,578,48.08333333333337,0.15315843013920005
transect,target_error,579,48.16666666666663,0.1543714264732997
transect,target_error,580,48.25,0.15488887086474948
transect,target_error,581,48.33333333333337,0.15464822189796676
transect,target_error,582,48.41666666666663,0.15424806091387702
transect,target_error,583,48.5,0.15507089950412045
transect,target_error,584,48.58333333333337,0.1553740416077516
transect,target_error,585,48.66666666666663,0.15654494927129478
transect,target_error,586,48.75,0.15750853755577976
transect,target_error,587,48.83333333333337,0.15706858105245577
transect,target_error,588,48.91666666666663,0.15716084839133207
transect,target_error,589,49.0,0.1578250157015027
transect,target_error,590,49.08333333333337,0.15831261202981523
transect,target_error,591,49.16666666666663,0.1586437142847872
transect,target_error,592,49.25,0.159320892561141
transect,target_error,593,49.33333333333337,0.1591159225716211
transect,target_error,594,49.41666666666663,0.15934305196121792
transect,target_error,595,49.5,0.15944065076647412
transect,target_error,596,49.58333333333337,0.1602214823057976
transect,target_error,597,49.66666666666663,0.1605626021452491
transect,target_error,598,49.75,0.16085804414371035
transect,target_error,599,49.83333333333337,0.1606511601086566
transect,target_error,600,49.91666666666663,0.16089000136699322
transect,target_error,601,50.0,0.161020466222939
transect,target_error,602,50.08333333333337,0.16148877421075522
transect,target_error,603,50.16666666666663,0.16150719613422343
transect,target_error,604,50.25,0.16199206586419249
transect,target_error,605,50.33333333333337,0.1624475953841113
transect,target_error,606,50.41666666666663,0.1627704569947751
transect,target_error,607,50.5,0.1634828956970716
transect,target_error,608,50.58333333333337,0.1634916631449086
transect,target_error,609,50.66666666666663,0.16321454206776903
transect,target_error,610,50.75,0.16344788415995734
transect,target_error,611,50.83333333333337,0.16340066118857302
transect,target_error,612,50.91666666666663,0.16341247300486475
transect,target_error,613,51.0,0.16381680386812675
transect,target_error,614,51.08333333333337,0.16309469283259997
transect,target_error,615,51.16666666666663,0.16421291741454286
transect,target_error,616,51.25,0.16430777574109978
transect,target_error,617,51.33333333333337,0.16415991179332498
transect,target_error,618,51.41666666666663,0.1645636503565127
transect,target_error,619,51.5,0.16499522012037787
transect,target_error,620,51.58333333333337,0.16478842700815136
transect,target_error,621,51.66666666666663,0.16589311807571602
transect,target_error,622,51.75,0.1653302369292005
transect,target_error,623,51.83333333333337,0.16445075625915098
transect,target_error,624,51.91666666666663,0.16373400935765972
transect,target_error,625,52.0,0.16295241238208596
transect,target_error,626,52.08333333333337,0.16400489432189935
transect,target_error,627,52.16666666666663,0.16425723989651153
transect,target_error,628,52.25,0.16427723348359863
transect,target_error,629,52.33333333333337,0.16249677635314358
transect,target_error,630,52.41666666666663,0.15862789391920865
transect,target_error,631,52.5,0.15645754033276152
transect,target_error,632,52.58333333333337,0.15736015849013413
transect,target_error,633,52.66666666666663,0.1560890420248442
transect,target_error,634,52.75,0.1583264398993933
transect,target_error,635,52.83333333333337,0.15672414860782444
transect,target_error,636,52.91666666666663,0.15487835666043018
transect,target_error,637,53.0,0.1532510533359372
transect,target_error,638,53.08333333333337,0.14760435150703966
transect,target_error,639,53.16666666666663,0.14338993522903629
transect,target_error,640,53.25,0.14099020107438057
transect,target_error,641,53.33333333333337,0.1373155826441824
transect,target_error,642,53.41666666666663,0.1348066094572697
transect,target_error,643,53.5,0.13481947780090162
transect,target_error,644,53.58333333333337,0.12753480355308228
transect,target_error,645,53.66666666666663,0.12554830938162345
transect,target_error,646,53.75,0.12569015743779313
transect,target_error,647,53.83333333333337,0.12585159436262797
transect,target_error,648,53.91666666666663,0.12598888456958318
transect,target_error,649,54.0,0.1266231707704818
transect,target_error,650,54.08333333333337,0.1267920904948628
transect,target_error,651,54.16666666666663,0.1266775513969165
transect,target_error,652,54.25,0.12648866753094057
transect,target_error,653,54.33333333333337,0.12699306374848035
transect,target_error,654,54.41666666666663,0.1268767643227796
transect,target_error,655,54.5,0.12859395264688567
transect,target_error,656,54.58333333333337,0.13037860174149082
transect,target_error,657,54.66666666666663,0.12825774219243424
transect,target_error,658,54.75,0.12821351743290982
transect,target_error,659,54.83333333333337,0.12729668023120214
transect,target_error,660,54.91666666666663,0.12758718405788744
transect,target_error,661,55.0,0.12772148742358466
transect,target_error,662,55.08333333333337,0.12922778348239175
transect,target_error,663,55.16666666666663,0.13038909963579096
transect,target_error,664,55.25,0.1307691048063524
transect,target_error,665,55.33333333333337,0.13150905388386955
transect,target_error,666,55.41666666666663,0.1318487333409016
transect,target_error,667,55.5,0.13309783613498835
transect,target_error,668,55.58333333333337,0.13434954817310657
transect,target_error,669,55.66666666666663,0.13390391395754064
transect,target_error,670,55.75,0.13742222811752605
transect,target_error,671,55.83333333333337,0.14005763976483404
transect,target_error,672,55.91666666666663,0.13936558566930682
transect,target_error,673,56.0,0.14199073125739672
transect,target_error,674,56.08333333333337,0.1445669136256719
transect,target_error,675,56.16666666666663,0.1444828405640136
transect,target_error,676,56.25,0.14793574796596393
transect,target_error,677,56.33333333333337,0.14945864834909384
transect,target_error,678,56.41666666666663,0.14940227399884157
transect,target_error,679,56.5,0.15043127254237343
transect,target_error,680,56.58333333333337,0.1513880544207191
transect,target_error,681,56.66666666666663,0.15453618598322183
transect,target_error,682,56.75,0.15557596332458576
transect,target_error,683,56.83333333333337,0.1562087342859192
transect,target_error,684,56.91666666666663,0.15519587641387148
transect,target_error,685,57.0,0.1584793745951351
transect,target_error,686,57.08333333333337,0.15841130232177206
transect,target_error,687,57.16666666666663,0.15881683463476282
transect,target_error,688,57.25,0.15974866884688635
transect,target_error,689,57.33333333333337,0.15964680663018402
transect,target_error,690,57.41666666666663,0.1605049517156463
transect,target_error,691,57.5,0.16143582116885027
transect,target_error,692,57.58333333333337,0.16143993267962942
transect,target_error,693,57.66666666666663,0.16234278139323985
transect,target_error,694,57.75,0.16358071713580127
transect,target_error,695,57.83333333333337,0.16455855037974051
transect,target_error,696,57.91666666666663,0.16340691850996555
transect,target_error,697,58.0,0.1639331838065911
transect,target_error,698,58.08333333333337,0.16427552404294563
transect,target_error,699,58.16666666666663,0.16486093999552806
transect,target_error,700,58.25,0.16557003204786783
transect,target_error,701,58.33333333333337,0.16576817200598917
transect,target_error,702,58.41666666666663,0.166406208381621
transect,target_error,703,58.5,0.1667174821197414
transect,target_error,704,58.58333333333337,0.16685769758341193
transect,target_error,705,58.66666666666663,0.16662855986999722
transect,target_error,706,58.75,0.16715322568972374
transect,target_error,707,58.83333333333337,0.1674478436001194
transect,target_error,708,58.91666666666663,0.16824250208555377
transect,target_error,709,59.0,0.16867916373775546
transect,target_error,710,59.08333333333337,0.16809166287068755
transect,target_error,711,59.16666666666663,0.1681809033006283
transect,target_error,712,59.25,0.168204486739128
transect,target_error,713,59.33333333333337,0.16949910809451751
transect,target_error,714,59.41666666666663,0.16935447299143486
transect,target_error,715,59.5,0.1681017412136824
transect,target_error,716,59.58333333333337,0.16859743550735692
transect,target_error,717,59.66666666666663,0.16965475216846196
transect,target_error,718,59.75,0.1694054468682518
transect,target_error,719,59.83333333333337,0.17017069113388453
transect,target_error,720,59.91666666666663,0.16991775896326825
transect,target_error,721,60.0,0.17071960292215158
transect,target_error,722,60.08333333333337,0.17104438283799506
transect,target_error,723,60.16666666666663,0.1696635105246176
transect,target_error,724,60.25,0.16850791242023974
transect,target_error,725,60.33333333333337,0.16676274058944074
transect,target_error,726,60.41666666666663,0.1658440877498327
transect,target_error,727,60.5,0.16730353411924706
transect,target_error,728,60.58333333333337,0.16712882219556785
transect,target_error,729,60.66666666666663,0.1647313294709293
transect,target_error,730,60.75,0.16277963629513403
transect,target_error,731,60.83333333333337,0.16205041177805166
transect,target_error,732,60.91666666666663,0.1571871510758214
transect,target_error,733,61.0,0.15656394155394343
transect,target_error,734,61.08333333333337,0.1534982561907985
transect,target_error,735,61.16666666666663,0.14968497512545748
transect,target_error,736,61.25,0.1399031608726355
transect,target_error,737,61.33333333333337,0.13991234305225725
transect,target_error,738,61.41666666666663,0.14038004609236635
transect,target_error,739,61.5,0.1421244109602997
transect,target_error,740,61.58333333333337,0.13512918027946302
transect,target_error,741,61.66666666666663,0.13656260079369856
transect,target_error,742,61.75,0.13140509570565123
transect,target_error,743,61.83333333333337,0.12675235844853336
transect,target_error,744,61.91666666666663,0.1287628480942563
transect,target_error,745,62.0,0.12186526418656538
transect,target_error,746,62.08333333333337,0.119252253752759
transect,target_error,747,62.16666666666663,0.1198765900171168
transect,target_error,748,62.25,0.11763934606147536
transect,target_error,749,62.33333333333337,0.12091482195555599
transect,target_error,750,62.41666666666663,0.11944741057650715
transect,target_error,751,62.5,0.11513986511108608
transect,target_error,752,62.58333333333337,0.11400239964610424
transect,target_error,753,62.66666666666663,0.11335084756508601
transect,target_error,754,62.75,0.11354632485375188
transect,target_error,755,62.83333333333337,0.11332168741695432
transect,target_error,756,62.91666666666663,0.11396937799853575
transect,target_error,757,63.0,0.11516463488462776
transect,target_error,758,63.08333333333337,0.11419925551127255
transect,target_error,759,63.16666666666663,0.11409861957943149
transect,target_error,760,63.25,0.11601436810213182
transect,target_error,761,63.33333333333337,0.11865504950462478
transect,target_error,762,63.41666666666663,0.11859761726117257
transect,target_error,763,63.5,0.11700975602162543
transect,target_error,764,63.58333333333337,0.11659231499094407
transect,target_error,765,63.66666666666663,0.11428536189342807
transect,target_error,766,63.75,0.11447249410409037
transect,target_error,767,63.83333333333337,0.11455217498343129
transect,target_error,768,63.91666666666663,0.11477935063967827
transect,target_error,769,64.0,0.11480497927355586
transect,target_error,770,64.08333333333337,0.11488501180371727
transect,target_error,771,64.16666666666663,0.1152737406143707
transect,target_error,772,64.25,0.1153825384926156
transect,target_error,773,64.33333333333337,0.11657085974423555
transect,target_error,774,64.41666666666663,0.1161477911803392
transect,target_error,775,64.5,0.11608702888968042
transect,target_error,776,64.58333333333337,0.11827065618360717
transect,target_error,777,64.66666666666663,0.11921728806548285
transect,target_error,778,64.75,0.1193292113086389
transect,target_error,779,64.83333333333337,0.1193131251200027
transect,target_error,780,64.91666666666663,0.12049706299250106
transect,target_error,781,65.0,0.1218506176220342
transect,target_error,782,65.08333333333337,0.1225538387855645
transect,target_error,783,65.16666666666663,0.12321717501582632
transect,target_error,784,65.25,0.12419003663713361
transect,target_error,785,65.33333333333337,0.1243253318624052
transect,target_error,786,65.41666666666663,0.12405331357764249
transect,target_error,787,65.5,0.1257996945105417
transect,target_error,788,65.58333333333337,0.12626032770405773
transect,target_error,789,65.66666666666663,0.1268215093347079
transect,target_error,790,65.75,0.12836074711405263
transect,target_error,791,65.83333333333337,0.12949915417976027
transect,target_error,792,65.91666666666663,0.13008349277157588
transect,target_error,793,66.0,0.1303678556268308
transect,target_error,794,66.08333333333337,0.13116618453739662
transect,target_error,795,66.16666666666663,0.13171413460688397
transect,target_error,796,66.25,0.13238111511016604
transect,target_error,797,66.33333333333337,0.13276758877690087
transect,target_error,798,66.41666666666663,0.13242027875568546
transect,target_error,799,66.5,0.1332012621981931
transect,target_error,800,66.58333333333337,0.13243801079556716
transect,target_error,801,66.66666666666663,0.13358074870835837
transect,target_error,802,66.75,0.13423030777598205
transect,target_error,803,66.83333333333337,0.13567282480383783
transect,target_error,804,66.91666666666663,0.13599565068122782
transect,target_error,805,67.0,0.1358645277976706
transect,target_error,806,67.08333333333337,0.13768810636250406
transect,target_error,807,67.16666666666663,0.1381104708923941
transect,target_error,808,67.25,0.13815597691272252
transect,target_error,809,67.33333333333337,0.13807838378242712
transect,target_error,810,67.41666666666663,0.1380615020477268
transect,target_error,811,67.5,0.13842883758674823
transect,target_error,812,67.58333333333337,0.13909463030407365
transect,target_error,813,67.66666666666663,0.13871227508567907
transect,target_error,814,67.75,0.13883427031253387
transect,target_error,815,67.83333333333337,0.13987320169457404
transect,target_error,816,67.91666666666663,0.14069412230521036
transect,target_error,817,68.0,0.14049341150379344
transect,target_error,818,68.08333333333337,0.14080783192354268
transect,target_error,819,68.16666666666663,0.14110175880574133
transect,target_error,820,68.25,0.14106577032663836
transect,target_error,821,68.33333333333337,0.1415928603103268
transect,target_error,822,68.41666666666663,0.14176490018151405
transect,target_error,823,68.5,0.14221624625712578
transect,target_error,824,68.58333333333337,0.14268961292732196
transect,target_error,825,68.66666666666663,0.1427500252761123
transect,target_error,826,68.75,0.14276859613496007
transect,target_error,827,68.83333333333337,0.14288092829368915
transect,target_error,828,68.91666666666663,0.14389359578781086
transect,target_error,829,69.0,0.14412916262210318
transect,target_error,830,69.08333333333337,0.14462264962029783
transect,target_error,831,69.16666666666663,0.1454665093182599
transect,target_error,832,69.25,0.14547849885785286
transect,target_error,833,69.33333333333337,0.1450016615671495
transect,target_error,834,69.41666666666663,0.1450305394928299
transect,target_error,835,69.5,0.1457803270882429
transect,target_error,836,69.58333333333337,0.14612535020315906
transect,target_error,837,69.66666666666663,0.14650240126608685
transect,target_error,838,69.75,0.14684625656042363
transect,target_error,839,69.83333333333337,0.14706556843492527
transect,target_error,840,69.91666666666663,0.14738861110829934
transect,target_error,841,70.0,0.14744590882785827
transect,target_error,842,70.08333333333337,0.14807226918086488
transect,target_error,843,70.16666666666663,0.14835943650173355
transect,target_error,844,70.25,0.148439622516836
transect,target_error,845,70.33333333333337,0.14813317931926412
transect,target_error,846,70.41666666666663,0.14837121232799202
transect,target_error,847,70.5,0.1483701583515122
transect,target_error,848,70.58333333333337,0.14906703612110211
transect,target_error,849,70.66666666666663,0.14902250831498914
transect,target_error,850,70.75,0.14890261524052734
transect,target_error,851,70.83333333333337,0.15006490564417083
transect,target_error,852,70.91666666666663,0.1502930624928298
transect,target_error,853,71.0,0.15103466853347233
transect,target_error,854,71.08333333333337,0.15117488980320545
transect,target_error,855,71.16666666666663,0.15232339076601226
transect,target_error,856,71.25,0.15214560449553566
transect,target_error,857,71.33333333333337,0.15247713723287645
transect,target_error,858,71.41666666666663,0.15262723663521213
transect,target_error,859,71.5,0.152482626421569
transect,target_error,860,71.58333333333337,0.15301009880906039
transect,target_error,861,71.66666666666663,0.15333115196794547
transect,target_error,862,71.75,0.15353515003523568
transect,target_error,863,71.83333333333337,0.15414144729082777
transect,target_error,864,71.91666666666663,0.15476020853978967
transect,target_error,865,72.0,0.15464420679595953
transect,target_error,866,72.08333333333337,0.1546672513376428
transect,target_error,867,72.16666666666663,0.15583031279719955
transect,target_error,868,72.25,0.15544083480916143
transect,target_error,869,72.33333333333337,0.15542109031501383
transect,target_error,870,72.41666666666663,0.15625210535444303
transect,target_error,871,72.5,0.15617231544328466
transect,target_error,872,72.58333333333337,0.15702399765204808
transect,target_error,873,72.66666666666663,0.15753540717188155
transect,target_error,874,72.75,0.1582013810286946
transect,target_error,875,72.83333333333337,0.15763799484617666
transect,target_error,876,72.91666666666663,0.1577638645135692
transect,target_error,877,73.0,0.15809490488959466
transect,target_error,878,73.08333333333337,0.15860346166316816
transect,target_error,879,73.16666666666663,0.1589204594098716
transect,target_error,880,73.25,0.1589512674805442
transect,target_error,881,73.33333333333337,0.15931199281176686
transect,target_error,882,73.41666666666663,0.1596124007499109
transect,target_error,883,73.5,0.16016609647754704
transect,target_error,884,73.58333333333337,0.16053497963322952
transect,target_error,885,73.66666666666663,0.16096001088556233
transect,target_error,886,73.75,0.16080727448936338
transect,target_error,887,73.83333333333337,0.16187744173451074
transect,target_error,888,73.91666666666663,0.16193212786966193
transect,target_error,889,74.0,0.16240205278767575
transect,target_error,890,74.08333333333337,0.16252718546882647
transect,target_error,891,74.16666666666663,0.16220400474945423
transect,target_error,892,74.25,0.16202626662544253
transect,target_error,893,74.33333333333337,0.1620368864286778
transect,target_error,894,74.41666666666663,0.16253896948319305
transect,target_error,895,74.5,0.1628725687400777
transect,target_error,896,74.58333333333337,0.16331833809632798
transect,target_error,897,74.66666666666663,0.16356944571064758
transect,target_error,898,74.75,0.1635838920407474
transect,target_error,899,74.83333333333337,0.1639703165057699
transect,target_error,900,74.91666666666663,0.16393626085370522
transect,target_error,901,75.0,0.16418120265458735
transect,target_error,902,75.08333333333337,0.16427040841082213
transect,target_error,903,75.16666666666663,0.16458706658251737
transect,target_error,904,75.25,0.16491207196221444
transect,target_error,905,75.33333333333337,0.16511117136703107
transect,target_error,906,75.41666666666663,0.16508388507797842
transect,target_error,907,75.5,0.16500299840722205
transect,target_error,908,75.58333333333337,0.1654717815734857
transect,target_error,909,75.66666666666663,0.1656714317171181
transect,target_error,910,75.75,0.16606643217364317
transect,target_error,911,75.83333333333337,0.16642821951161574
transect,target_error,912,75.91666666666663,0.16647848729748668
transect,target_error,913,76.0,0.16674243636312044
transect,target_error,914,76.08333333333337,0.16681140939538544
transect,target_error,915,76.16666666666663,0.16719787712557843
transect,target_error,916,76.25,0.16757012093587445
transect,target_error,917,76.33333333333337,0.16771147740308945
transect,target_error,918,76.41666666666663,0.167770641441405
transect,target_error,919,76.5,0.16788541505533275
transect,target_error,920,76.58333333333337,0.16812979516816448
transect,target_error,921,76.66666666666663,0.1682294804476296
transect,target_error,922,76.75,0.1686800190664042
transect,target_error,923,76.83333333333337,0.16879990583410412
transect,target_error,924,76.91666666666663,0.16869534524817817
transect,target_error,925,77.0,0.16849608959199225
transect,target_error,926,77.08333333333337,0.16897132542403898
transect,target_error,927,77.16666666666663,0.16899557503716323
transect,target_error,928,77.25,0.16959301057637544
transect,target_error,929,77.33333333333337,0.1703531714521262
transect,target_error,930,77.41666666666663,0.16999097186115306
transect,target_error,931,77.5,0.17020961482009636
transect,target_error,932,77.58333333333337,0.17058753958107722
transect,target_error,933,77.66666666666663,0.17105344372003276
transect,target_error,934,77.75,0.17081199979456166
transect,target_error,935,77.83333333333337,0.17066531550779504
transect,target_error,936,77.91666666666663,0.1714635484239493
transect,target_error,937,78.0,0.1713004767347631
transect,target_error,938,78.08333333333337,0.17042169669352367
transect,target_error,939,78.16666666666663,0.17023316914915027
transect,target_error,940,78.25,0.16970462287409444
transect,target_error,941,78.33333333333337,0.17073699820402544
transect,target_error,942,78.41666666666663,0.17131546256084607
transect,target_error,943,78.5,0.17189461001544185
transect,target_error,944,78.58333333333337,0.1722155988053934
transect,target_error,945,78.66666666666663,0.17141229023629748
transect,target_error,946,78.75,0.17010291055444268
transect,target_error,947,78.83333333333337,0.17075427501894883
transect,target_error,948,78.91666666666663,0.16966732303328674
transect,target_error,949,79.0,0.16969763696472295
transect,target_error,950,79.08333333333337,0.16935793264301469
transect,target_error,951,79.16666666666663,0.16853497792161184
transect,target_error,952,79.25,0.1678030654568036
transect,target_error,953,79.33333333333337,0.16697901469149065
transect,target_error,954,79.41666666666663,0.16553268425197337
transect,target_error,955,79.5,0.1645098381394037
transect,target_error,956,79.58333333333337,0.16479107576070592
transect,target_error,957,79.66666666666663,0.1648557792029213
transect,target_error,958,79.75,0.16330093297715548
transect,target_error,959,79.83333333333337,0.16202105167822423
transect,target_error,960,79.91666666666663,0.16052047266071037
transect,target_error,961,80.0,0.15795759563900216
transect,target_error,962,80.08333333333337,0.1556278529160207
transect,target_error,963,80.16666666666663,0.15302196570549512
transect,target_error,964,80.25,0.15570100549333657
transect,target_error,965,80.33333333333337,0.15196045651428366
transect,target_error,966,80.41666666666663,0.14862277959553916
transect,target_error,967,80.5,0.14525025269761313
transect,target_error,968,80.58333333333337,0.13747826179760383
transect,target_error,969,80.66666666666663,0.13824441513187943
transect,target_error,970,80.75,0.13170847540690866
transect,target_error,971,80.83333333333337,0.13251600123947788
transect,target_error,972,80.91666666666663,0.13046533486224998
transect,target_error,973,81.0,0.12732928639747249
transect,target_error,974,81.08333333333337,0.13475485271026846
transect,target_error,975,81.16666666666663,0.1316565188315305
transect,target_error,976,81.25,0.1330653735615218
transect,target_error,977,81.33333333333337,0.1352127626116876
transect,target_error,978,81.41666666666663,0.13753144204021642
transect,target_error,979,81.5,0.1323472222124046
transect,target_error,980,81.58333333333337,0.13545868734758978
transect,target_error,981,81.66666666666663,0.13728565524614172
transect,target_error,982,81.75,0.13701963462638475
transect,target_error,983,81.83333333333337,0.13786724066389305
transect,target_error,984,81.91666666666663,0.13963683446851655
transect,target_error,985,82.0,0.1427799841628578
transect,target_error,986,82.08333333333337,0.14515865281373658
transect,target_error,987,82.16666666666663,0.14901384887747632
transect,target_error,988,82.25,0.15116278464328506
transect,target_error,989,82.33333333333337,0.1493272788608111
transect,target_error,990,82.41666666666663,0.1525337587306338
transect,target_error,991,82.5,0.15195082785668956
transect,target_error,992,82.58333333333337,0.15566557341739867
transect,target_error,993,82.66666666666663,0.15825955404758613
transect,target_error,994,82.75,0.1565652542715554
transect,target_error,995,82.83333333333337,0.1583523878974105
transect,target_error,996,82.91666666666663,0.1588707437649439
transect,target_error,997,83.0,0.15970570914399088
transect,target_error,998,83.08333333333337,0.16176038542797821
transect,target_error,999,83.16666666666663,0.16093609776824577
transect,target_error,1000,83.25,0.1632661120255868
transect,target_error,1001,83.33333333333337,0.16182798381584973
transect,target_error,1002,83.41666666666663,0.16313093884971624
transect,target_error,1003,83.5,0.16565225499337163
transect,target_error,1004,83.58333333333337,0.16816385667051825
transect,target_error,1005,83.66666666666663,0.1690914680848014
transect,target_error,1006,83.75,0.16973271681318702
transect,target_error,1007,83.83333333333337,0.16906163391570056
transect,target_error,1008,83.91666666666663,0.17147603567126274
transect,target_error,1009,84.0,0.1708778011000007
transect,target_error,1010,84.08333333333337,0.1691528018658737
transect,target_error,1011,84.16666666666663,0.1713546110328425
transect,target_error,1012,84.25,0.1724170058195435
transect,target_error,1013,84.33333333333337,0.17286130619223053
transect,target_error,1014,84.41666666666663,0.17246156653519387
transect,target_error,1015,84.5,0.172580294530006
transect,target_error,1016,84.58333333333337,0.1721978792865007
transect,target_error,1017,84.66666666666663,0.17174093004352067
transect,target_error,1018,84.75,0.17175480870462914
transect,target_error,1019,84.83333333333337,0.17249946986294387
transect,target_error,1020,84.91666666666663,0.17220602205629976
transect,target_error,1021,85.0,0.17280415612564246
transect,target_error,1022,85.08333333333337,0.1722275259182703
transect,target_error,1023,85.16666666666663,0.17096992254488766
transect,target_error,1024,85.25,0.17405620741291977
transect,target_error,1025,85.33333333333337,0.1747591004011992
transect,target_error,1026,85.41666666666663,0.1748801792857816
transect,target_error,1027,85.5,0.17480065671617798
transect,target_error,1028,85.58333333333337,0.17608144057336278
transect,target_error,1029,85.66666666666663,0.17626018347299563
transect,target_error,1030,85.75,0.1743571761236807
transect,target_error,1031,85.83333333333337,0.17608245170656164
transect,target_error,1032,85.91666666666663,0.17690964742593077
transect,target_error,1033,86.0,0.17725007001600918
transect,target_error,1034,86.08333333333337,0.18000704924673713
transect,target_error,1035,86.16666666666663,0.1801323409104119
transect,target_error,1036,86.25,0.17947894282115276
transect,target_error,1037,86.33333333333337,0.17854768765179932
transect,target_error,1038,86.41666666666663,0.17742071366991535
transect,target_error,1039,86.5,0.17845471454218345
transect,target_error,1040,86.58333333333337,0.17981979446460009
transect,target_error,1041,86.66666666666663,0.17831938252127863
transect,target_error,1042,86.75,0.1774832496353365
transect,target_error,1043,86.83333333333337,0.17795438195951402
transect,target_error,1044,86.91666666666663,0.1783576810008447
transect,target_error,1045,87.0,0.1786567296885064
transect,target_error,1046,87.08333333333337,0.17895589430214595
transect,target_error,1047,87.16666666666663,0.17873930261490115
transect,target_error,1048,87.25,0.18142820784275898
transect,target_error,1049,87.33333333333337,0.18173285062162883
transect,target_error,1050,87.41666666666663,0.18220841197382964
transect,target_error,1051,87.5,0.18173371363378982
transect,target_error,1052,87.58333333333337,0.1833020987059659
transect,target_error,1053,87.66666666666663,0.18468894370109562
transect,target_error,1054,87.75,0.18504188830355695
transect,target_error,1055,87.83333333333337,0.1827703115340107
transect,target_error,1056,87.91666666666663,0.1838372298228106
transect,target_error,1057,88.0,0.18468916259069232
transect,target_error,1058,88.08333333333337,0.18463399310018033
transect,target_error,1059,88.16666666666663,0.1850210297087594
transect,target_error,1060,88.25,0.18557139845543733
transect,target_error,1061,88.33333333333337,0.1857816915308557
transect,target_error,1062,88.41666666666663,0.186338324276988
transect,target_error,1063,88.5,0.18652633915354733
transect,target_error,1064,88.58333333333337,0.18653470194792118
transect,target_error,1065,88.66666666666663,0.18751168027877457
transect,target_error,1066,88.75,0.18809087332575292
transect,target_error,1067,88.83333333333337,0.18776351899655316
transect,target_error,1068,88.91666666666663,0.18734713693971972
transect,target_error,1069,89.0,0.188543147260164
transect,target_error,1070,89.08333333333337,0.18873399179313186
transect,target_error,1071,89.16666666666663,0.18859014791037787
transect,target_error,1072,89.25,0.18806209696342138
transect,target_error,1073,89.33333333333337,0.18817007440833652
transect,target_error,1074,89.41666666666663,0.1885347528974449
transect,target_error,1075,89.5,0.1885762148122308
transect,target_error,1076,89.58333333333337,0.18911246024946912
transect,target_error,1077,89.66666666666663,0.18924677163807085
transect,target_error,1078,89.75,0.1887248068122888
transect,target_error,1079,89.83333333333337,0.18929097760941552
transect,target_error,1080,89.91666666666663,0.18953054025666885
transect,target_error,1081,90.0,0.18903211804387263
transect,target_error,1082,90.08333333333337,0.18791871627041237
transect,target_error,1083,90.16666666666663,0.18785158147271136
transect,target_error,1084,90.25,0.18801810610173697
transect,target_error,1085,90.33333333333337,0.18819965019980753
transect,target_error,1086,90.41666666666663,0.18881101727735788
transect,target_error,1087,90.5,0.18885525596210076
transect,target_error,1088,90.58333333333337,0.18860972488541036
transect,target_error,1089,90.66666666666663,0.18900565629770186
transect,target_error,1090,90.75,0.18882322831079354
transect,target_error,1091,90.83333333333337,0.18942964246886804
transect,target_error,1092,90.91666666666663,0.18845187032313
transect,target_error,1093,91.0,0.18767297105497396
transect,target_error,1094,91.08333333333337,0.18727994538917758
transect,target_error,1095,91.16666666666663,0.18635274685207603
transect,target_error,1096,91.25,0.18337380209713913
transect,target_error,1097,91.33333333333337,0.18393162577490296
transect,target_error,1098,91.41666666666663,0.18431195793868105
transect,target_error,1099,91.5,0.18262376456677482
transect,target_error,1100,91.58333333333337,0.18096353403485027
transect,target_error,1101,91.66666666666663,0.18245038645196157
transect,target_error,1102,91.75,0.18320853070611703
transect,target_error,1103,91.83333333333337,0.18308261770577747
transect,target_error,1104,91.91666666666663,0.18261912429198643
transect,target_error,1105,92.0,0.1826038749720868
transect,target_error,1106,92.08333333333337,0.1819695941027886
transect,target_error,1107,92.16666666666663,0.18225261469082027
transect,target_error,1108,92.25,0.1817475805590422
transect,target_error,1109,92.33333333333337,0.18313257399432256
transect,target_error,1110,92.41666666666663,0.18324829736040163
transect,target_error,1111,92.5,0.18224326328817475
transect,target_error,1112,92.58333333333337,0.18253424767074694
transect,target_error,1113,92.66666666666663,0.18363545992352975
transect,target_error,1114,92.75,0.18496435460312696
transect,target_error,1115,92.83333333333337,0.18565254886784688
transect,target_error,1116,92.91666666666663,0.18567812947188908
transect,target_error,1117,93.0,0.18641341599617875
transect,target_error,1118,93.08333333333337,0.1863120645045088
transect,target_error,1119,93.16666666666663,0.18681667957779494
transect,target_error,1120,93.25,0.18774029737622702
transect,target_error,1121,93.33333333333337,0.1877408271949111
transect,target_error,1122,93.41666666666663,0.18786848099203987
transect,target_error,1123,93.5,0.18814374863636835
transect,target_error,1124,93.58333333333337,0.18814447826994052
transect,target_error,1125,93.66666666666663,0.18862279061997786
transect,target_error,1126,93.75,0.18913046800596028
transect,target_error,1127,93.83333333333337,0.18902637293262803
transect,target_error,1128,93.91666666666663,0.18924176057401865
transect,target_error,1129,94.0,0.18926808089280595
transect,target_error,1130,94.08333333333337,0.1896290559965707
transect,target_error,1131,94.16666666666663,0.18997233229341173
transect,target_error,1132,94.25,0.19029126927274204
transect,target_error,1133,94.33333333333337,0.19025606361162153
transect,target_error,1134,94.41666666666663,0.19011642589479963
transect,target_error,1135,94.5,0.19079793796661926
transect,target_error,1136,94.58333333333337,0.19099059210706862
transect,target_error,1137,94.66666666666663,0.19141848962334232
transect,target_error,1138,94.75,0.19132480521986517
transect,target_error,1139,94.83333333333337,0.191756240853641
transect,target_error,1140,94.91666666666663,0.19229493700979064
transect,target_error,1141,95.0,0.19210178482360982
transect,target_error,1142,95.08333333333337,0.19251267442902953
transect,target_error,1143,95.16666666666663,0.19279919005608723
transect,target_error,1144,95.25,0.19258539348749196
transect,target_error,1145,95.33333333333337,0.19281255710546494
transect,target_error,1146,95.41666666666663,0.19276668450593432
transect,target_error,1147,95.5,0.1931376699838895
transect,target_error,1148,95.58333333333337,0.1935294746448671
transect,target_error,1149,95.66666666666663,0.1936033799958177
transect,target_error,1150,95.75,0.19372996556584304
transect,target_error,1151,95.83333333333337,0.19372119626172335
transect,target_error,1152,95.91666666666663,0.19415182932851796
transect,target_error,1153,96.0,0.19414473088498765
transect,target_error,1154,96.08333333333337,0.19401812523035863
transect,target_error,1155,96.16666666666663,0.19401263195458565
transect,target_error,1156,96.25,0.19425614504305988
transect,target_error,1157,96.33333333333337,0.19447571861173293
transect,target_error,1158,96.41666666666663,0.19435804076830238
transect,target_error,1159,96.5,0.19472623083774523
transect,target_error,1160,96.58333333333337,0.19452495709541434
transect,target_error,1161,96.66666666666663,0.19475169723497684
transect,target_error,1162,96.75,0.1950615747721401
transect,target_error,1163,96.83333333333337,0.19499454456761692
transect,target_error,1164,96.91666666666663,0.19518366807922855
transect,target_error,1165,97.0,0.1950782731457056
transect,target_error,1166,97.08333333333337,0.19523272511553666
transect,target_error,1167,97.16666666666663,0.1955607833841407
transect,target_error,1168,97.25,0.1956986177825534
transect,target_error,1169,97.33333333333337,0.19588810145927585
transect,target_error,1170,97.41666666666663,0.1957498840312935
transect,target_error,1171,97.5,0.19562126546128322
transect,target_error,1172,97.58333333333337,0.19586153393566158
transect,target_error,1173,97.66666666666663,0.1959548712170945
transect,target_error,1174,97.75,0.1959655275996182
transect,target_error,1175,97.83333333333337,0.19580277444994146
transect,target_error,1176,97.91666666666663,0.19571562958652683
transect,target_error,1177,98.0,0.1960630417288753
transect,target_error,1178,98.08333333333337,0.19632989097338166
transect,target_error,1179,98.16666666666663,0.19651430792457641
transect,target_error,1180,98.25,0.1963399460470034
transect,target_error,1181,98.33333333333337,0.19658074643257525
transect,target_error,1182,98.41666666666663,0.19653705506485034
transect,target_error,1183,98.5,0.19664490105204668
transect,target_error,1184,98.58333333333337,0.19644750074922296
transect,target_error,1185,98.66666666666663,0.19647259686945392
transect,target_error,1186,98.75,0.19635353231569816
transect,target_error,1187,98.83333333333337,0.19645366556388266
transect,target_error,1188,98.91666666666663,0.19669851477831574
transect,target_error,1189,99.0,0.19696729610605504
transect,target_error,1190,99.08333333333337,0.19702941864265355
transect,target_error,1191,99.16666666666663,0.19683978614837377
transect,target_error,1192,99.25,0.196180427400753
transect,target_error,1193,99.33333333333337,0.19657860793525117
transect,target_error,1194,99.41666666666663,0.19659611870848903
transect,target_error,1195,99.5,0.19616013330325394
transect,target_error,1196,99.58333333333337,0.19640515817630352
transect,target_error,1197,99.66666666666663,0.197035627295555
transect,target_error,1198,99.75,0.19689501978187698
transect,target_error,1199,99.83333333333337,0.196742076912153
transect,target_error,1200,99.91666666666663,0.19651954169306465
transect,target_error,1201,100.0,0.19596914871307614
transect,target_error,1202,100.08333333333337,0.19592591378622626
transect,target_error,1203,100.16666666666663,0.19612223025711187
transect,target_error,1204,100.25,0.19554059953657402
transect,target_error,1205,100.33333333333337,0.19581795465189944
transect,target_error,1206,100.41666666666663,0.1955302559625057
transect,target_error,1207,100.5,0.1955651182244608
transect,target_error,1208,100.58333333333337,0.19487486394111198
transect,target_error,1209,100.66666666666663,0.19367068090735898
transect,target_error,1210,100.75,0.19153481305757677
transect,target_error,1211,100.83333333333337,0.19147807733564104
transect,target_error,1212,100.91666666666663,0.1908591056641569
transect,target_error,1213,101.0,0.19325005444013796
transect,target_error,1214,101.08333333333337,0.1935754887815673
transect,target_error,1215,101.16666666666663,0.19192906656481143
transect,target_error,1216,101.25,0.19203339120975052
transect,target_error,1217,101.33333333333337,0.18919856328509987
transect,target_error,1218,101.41666666666663,0.18776128435621703
transect,target_error,1219,101.5,0.18572758510563098
transect,target_error,1220,101.58333333333337,0.17940819033856928
transect,target_error,1221,101.66666666666663,0.1791680665864354
transect,target_error,1222,101.75,0.17831586070435496
transect,target_error,1223,101.83333333333337,0.17793946483353565
transect,target_error,1224,101.91666666666663,0.18340102910900763
transect,target_error,1225,102.0,0.18000512948264338
transect,target_error,1226,102.08333333333337,0.17788000043083846
transect,target_error,1227,102.16666666666663,0.17639553205864864
transect,target_error,1228,102.25,0.1649190020957363
transect,target_error,1229,102.33333333333337,0.1599099772048081
transect,target_error,1230,102.41666666666663,0.15287616705829507
transect,target_error,1231,102.5,0.14802377242921247
transect,target_error,1232,102.58333333333337,0.14864557249372495
transect,target_error,1233,102.66666666666663,0.1489211183697
transect,target_error,1234,102.75,0.1484207710684291
transect,target_error,1235,102.83333333333337,0.14948288766564521
transect,target_error,1236,102.91666666666663,0.1487442375192697
transect,target_error,1237,103.0,0.14814815949313617
transect,target_error,1238,103.08333333333337,0.14857402707806275
transect,target_error,1239,103.16666666666663,0.14995618076817643
transect,target_error,1240,103.25,0.15211654875992442
transect,target_error,1241,103.33333333333337,0.15225567965568096
transect,target_error,1242,103.41666666666663,0.15160593937514805
transect,target_error,1243,103.5,0.14993913879709628
transect,target_error,1244,103.58333333333337,0.14852376058552286
transect,target_error,1245,103.66666666666663,0.1486319407166905
transect,target_error,1246,103.75,0.14915912593709274
transect,target_error,1247,103.83333333333337,0.15186542162287228
transect,target_error,1248,103.91666666666663,0.14959666910960598
transect,target_error,1249,104.0,0.14821582934456812
transect,target_error,1250,104.08333333333337,0.14884417305919775
transect,target_error,1251,104.16666666666663,0.14870598025382498
transect,target_error,1252,104.25,0.14843372896133655
transect,target_error,1253,104.33333333333337,0.14960012900770966
transect,target_error,1254,104.41666666666663,0.150126488309759
transect,target_error,1255,104.5,0.15195652111166694
transect,target_error,1256,104.58333333333337,0.14939469751843448
transect,target_error,1257,104.66666666666663,0.14873656650160458
transect,target_error,1258,104.75,0.14813237326203166
transect,target_error,1259,104.83333333333337,0.14789806720803036
transect,target_error,1260,104.91666666666663,0.1480908102183181
transect,target_error,1261,105.0,0.1482648211885305
transect,target_error,1262,105.08333333333337,0.14872182046869406
transect,target_error,1263,105.16666666666663,0.14972194466561106
transect,target_error,1264,105.25,0.14900967968538975
transect,target_error,1265,105.33333333333337,0.14849065037357495
transect,target_error,1266,105.41666666666663,0.14872227551483386
transect,target_error,1267,105.5,0.14852273941096067
transect,target_error,1268,105.58333333333337,0.14880604493894597
transect,target_error,1269,105.66666666666663,0.1495099245922763
transect,target_error,1270,105.75,0.1479909681650753
transect,target_error,1271,105.83333333333337,0.1490161280748183
transect,target_error,1272,105.91666666666663,0.1502047889031311
transect,target_error,1273,106.0,0.1500054978062355
transect,target_error,1274,106.08333333333337,0.14809365991531523
transect,target_error,1275,106.16666666666663,0.14687611854266863
transect,target_error,1276,106.25,0.14804049260578944
transect,target_error,1277,106.33333333333337,0.14666094202780391
transect,target_error,1278,106.41666666666663,0.14548122803795138
transect,target_error,1279,106.5,0.14431813408060315
transect,target_error,1280,106.58333333333337,0.14559701493580104
transect,target_error,1281,106.66666666666663,0.14468127199987704
transect,target_error,1282,106.75,0.14609948152287008
transect,target_error,1283,106.83333333333337,0.14794936365728423
transect,target_error,1284,106.91666666666663,0.14688844058053094
transect,target_error,1285,107.0,0.1467281229293942
transect,target_error,1286,107.08333333333337,0.14582519448869702
transect,target_error,1287,107.16666666666663,0.1448892336539804
transect,target_error,1288,107.25,0.14718899305846864
transect,target_error,1289,107.33333333333337,0.14893293840611188
transect,target_error,1290,107.41666666666663,0.14575321352990225
transect,target_error,1291,107.5,0.1473873177120108
transect,target_error,1292,107.58333333333337,0.1471955669213798
transect,target_error,1293,107.66666666666663,0.14704515323182948
transect,target_error,1294,107.75,0.14595142937107322
transect,target_error,1295,107.83333333333337,0.1466271517677459
transect,target_error,1296,107.91666666666663,0.14720653149084967
transect,target_error,1297,108.0,0.1457214373389028
transect,target_error,1298,108.08333333333337,0.14680224402118103
transect,target_error,1299,108.16666666666663,0.1459790110240153
transect,target_error,1300,108.25,0.14360829845427864
transect,target_error,1301,108.33333333333337,0.1432217897509382
transect,target_error,1302,108.41666666666663,0.1397007857081499
transect,target_error,1303,108.5,0.14094963710405625
transect,target_error,1304,108.58333333333337,0.14193786836382719
transect,target_error,1305,108.66666666666663,0.1398935609864322
transect,target_error,1306,108.75,0.1385012772235757
transect,target_error,1307,108.83333333333337,0.13228265116414803
transect,target_error,1308,108.91666666666663,0.13589368448185543
transect,target_error,1309,109.0,0.13423203290290703
transect,target_error,1310,109.08333333333337,0.12333913714307934
transect,target_error,1311,109.16666666666663,0.12004771313720014
transect,target_error,1312,109.25,0.12004926788224449
transect,target_error,1313,109.33333333333337,0.11695798376302223
transect,target_error,1314,109.41666666666663,0.11254763740088759
transect,target_error,1315,109.5,0.11277174117010093
transect,target_error,1316,109.58333333333337,0.11347428575472848
transect,target_error,1317,109.66666666666663,0.11214016982123065
transect,target_error,1318,109.75,0.11138926282291671
transect,target_error,1319,109.83333333333337,0.11250902547944314
transect,target_error,1320,109.91666666666663,0.10835515459699863
transect,target_error,1321,110.0,0.10782796986275156
transect,target_error,1322,110.08333333333337,0.10560531443486884
transect,target_error,1323,110.16666666666663,0.10554495951190464
transect,target_error,1324,110.25,0.10555333637996686
transect,target_error,1325,110.33333333333337,0.10582505148553359
transect,target_error,1326,110.41666666666663,0.10894627829870308
transect,target_error,1327,110.5,0.11001500543533438
transect,target_error,1328,110.58333333333337,0.1156185518036251
transect,target_error,1329,110.66666666666663,0.11538659121893771
transect,target_error,1330,110.75,0.11315801880815442
transect,target_error,1331,110.83333333333337,0.1090345386081945
transect,target_error,1332,110.91666666666663,0.11079045909319425
transect,target_error,1333,111.0,0.10742076395792924
transect,target_error,1334,111.08333333333337,0.1095834608678845
transect,target_error,1335,111.16666666666663,0.10931011418519401
transect,target_error,1336,111.25,0.10818366128424325
transect,target_error,1337,111.33333333333337,0.10640105803350193
transect,target_error,1338,111.41666666666663,0.10570761125775884
transect,target_error,1339,111.5,0.10499604772129313
transect,target_error,1340,111.58333333333337,0.10485415447519118
transect,target_error,1341,111.66666666666663,0.10438574519714258
transect,target_error,1342,111.75,0.10421494307251077
transect,target_error,1343,111.83333333333337,0.10393723440222684
transect,target_error,1344,111.91666666666663,0.10372280294947107
transect,target_error,1345,112.0,0.1037909407492695
transect,target_error,1346,112.08333333333337,0.10411561585727822
transect,target_error,1347,112.16666666666663,0.10421211096705565
transect,target_error,1348,112.25,0.1048073948939942
transect,target_error,1349,112.33333333333337,0.10529612586870131
transect,target_error,1350,112.41666666666663,0.10567279438367057
transect,target_error,1351,112.5,0.1060261415101796
transect,target_error,1352,112.58333333333337,0.10647367183188315
transect,target_error,1353,112.66666666666663,0.10769664351578272
transect,target_error,1354,112.75,0.10771884634698409
transect,target_error,1355,112.83333333333337,0.10780723277120798
transect,target_error,1356,112.91666666666663,0.10839997934075994
transect,target_error,1357,113.0,0.10866953336124155
transect,target_error,1358,113.08333333333337,0.10992218676037548
transect,target_error,1359,113.16666666666663,0.11049022273676852
transect,target_error,1360,113.25,0.1103517208145542
transect,target_error,1361,113.33333333333337,0.11131818940859174
transect,target_error,1362,113.41666666666663,0.11108417239644705
transect,target_error,1363,113.5,0.11170146635350925
transect,target_error,1364,113.58333333333337,0.1128573337148391
transect,target_error,1365,113.66666666666663,0.11398238665100824
transect,target_error,1366,113.75,0.11479467347744714
transect,target_error,1367,113.83333333333337,0.11484745421734438
transect,target_error,1368,113.91666666666663,0.11461579831402212
transect,target_error,1369,114.0,0.11426686904433388
transect,target_error,1370,114.08333333333337,0.11527887376093736
transect,target_error,1371,114.16666666666663,0.11477413603128235
transect,target_error,1372,114.25,0.11578792709812646
transect,target_error,1373,114.33333333333337,0.11642355629486643
transect,target_error,1374,114.41666666666663,0.1156772982421846
transect,target_error,1375,114.5,0.118626789033364
transect,target_error,1376,114.58333333333337,0.11714675081639488
transect,target_error,1377,114.66666666666663,0.11721541962666462
transect,target_error,1378,114.75,0.11820777330479054
transect,target_error,1379,114.83333333333337,0.11853554884966015
transect,target_error,1380,114.91666666666663,0.12138610620501145
transect,target_error,1381,115.0,0.11798799731250799
transect,target_error,1382,115.08333333333337,0.12114180708437546
transect,target_error,1383,115.16666666666663,0.1248592438543154
transect,target_error,1384,115.25,0.12219948663322698
transect,target_error,1385,115.33333333333337,0.12319428902593639
transect,target_error,1386,115.41666666666663,0.12248987818515175
transect,target_error,1387,115.5,0.12454283851473955
transect,target_error,1388,115.58333333333337,0.1267389827145924
transect,target_error,1389,115.66666666666663,0.13199760936808708
transect,target_error,1390,115.75,0.12956660740175616
transect,target_error,1391,115.83333333333337,0.13326966366716364
transect,target_error,1392,115.91666666666663,0.12903967861370677
transect,target_error,1393,116.0,0.13037907874541801
transect,target_error,1394,116.08333333333337,0.13225989724650392
transect,target_error,1395,116.16666666666663,0.1296988954875545
transect,target_error,1396,116.25,0.12790555989142322
transect,target_error,1397,116.33333333333337,0.13028846761066676
transect,target_error,1398,116.41666666666663,0.12912269724056838
transect,target_error,1399,116.5,0.1282967565783749
transect,target_error,1400,116.58333333333337,0.12359091220342627
transect,target_error,1401,116.66666666666663,0.12642826068863444
transect,target_error,1402,116.75,0.12379059900055378
transect,target_error,1403,116.83333333333337,0.12471266088865929
transect,target_error,1404,116.91666666666663,0.12456607978215666
transect,target_error,1405,117.0,0.1281584740015218
transect,target_error,1406,117.08333333333337,0.12717675730865183
transect,target_error,1407,117.16666666666663,0.12797181449679287
transect,target_error,1408,117.25,0.1267697161088326
transect,target_error,1409,117.33333333333337,0.13103622058173006
transect,target_error,1410,117.41666666666663,0.1328872597764888
transect,target_error,1411,117.5,0.13340908219190412
transect,target_error,1412,117.58333333333337,0.1369940689156837
transect,target_error,1413,117.66666666666663,0.1361397928755231
transect,target_error,1414,117.75,0.1380527280807132
transect,target_error,1415,117.83333333333337,0.13476272477528142
transect,target_error,1416,117.91666666666663,0.13630215660868417
transect,target_error,1417,118.0,0.13872816078635658
transect,target_error,1418,118.08333333333337,0.1398763018659817
transect,target_error,1419,118.16666666666663,0.1421975702620608
transect,target_error,1420,118.25,0.1469929575192001
transect,target_error,1421,118.33333333333337,0.14684982445379033
transect,target_error,1422,118.41666666666663,0.1492678218643035
transect,target_error,1423,118.5,0.15078593570371512
transect,target_error,1424,118.58333333333337,0.14817147924353613
transect,target_error,1425,118.66666666666663,0.14982398307669628
transect,target_error,1426,118.75,0.15274823846453786
transect,target_error,1427,118.83333333333337,0.15402090596907175
transect,target_error,1428,118.91666666666663,0.1586022386446424
transect,target_error,1429,119.0,0.15753250934782453
transect,target_error,1430,119.08333333333337,0.15861976918741966
transect,target_error,1431,119.16666666666663,0.16075203944550387
transect,target_error,1432,119.25,0.16230434375176453
transect,target_error,1433,119.33333333333337,0.16577357097530504
transect,target_error,1434,119.41666666666663,0.16450940313413542
transect,target_error,1435,119.5,0.16482495647671777
transect,target_error,1436,119.58333333333337,0.16759111080863776
transect,target_error,1437,119.66666666666663,0.1693228301917829
transect,target_error,1438,119.75,0.17106230237758613
transect,target_error,1439,119.83333333333337,0.1718044791994662
transect,target_error,1440,119.91666666666663,0.17327318079613624
transect,target_error,1441,120.0,0.1724702007236537
transect,target_error,1442,120.08333333333337,0.17252897243953297
transect,target_error,1443,120.16666666666663,0.17627737379092023
transect,target_error,1444,120.25,0.17625631753727636
transect,target_error,1445,120.33333333333337,0.17610797841136522
transect,target_error,1446,120.41666666666663,0.17610251390448134
transect,target_error,1447,120.5,0.17618540932834104
transect,target_error,1448,120.58333333333337,0.17733447473261052
transect,target_error,1449,120.66666666666663,0.18006758906031414
transect,target_error,1450,120.75,0.18109225057757788
transect,target_error,1451,120.83333333333337,0.17954653261115894
transect,target_error,1452,120.91666666666663,0.18278541677492596
transect,target_error,1453,121.0,0.18246210693214007
transect,target_error,1454,121.08333333333337,0.18227063344956268
transect,target_error,1455,121.16666666666663,0.18116054893253877
transect,target_error,1456,121.25,0.1829094189042761
transect,target_error,1457,121.33333333333337,0.18326461618154508
transect,target_error,1458,121.41666666666663,0.1839429242113921
transect,target_error,1459,121.5,0.18400307710639688
transect,target_error,1460,121.58333333333337,0.18691098652202795
transect,target_error,1461,121.66666666666663,0.1875060063680829
transect,target_error,1462,121.75,0.18618938071737828
transect,target_error,1463,121.83333333333337,0.18705639193955345
transect,target_error,1464,121.91666666666663,0.18675716849029544
transect,target_error,1465,122.0,0.1859952895000932
transect,target_error,1466,122.08333333333337,0.18786081565863627
transect,target_error,1467,122.16666666666663,0.18773496337082834
transect,target_error,1468,122.25,0.18801687904507663
transect,target_error,1469,122.33333333333337,0.18903602997298793
transect,target_error,1470,122.41666666666663,0.18997745562140314
transect,target_error,1471,122.5,0.18964010757705269
transect,target_error,1472,122.58333333333337,0.1901383452414674
transect,target_error,1473,122.66666666666663,0.19068634596318126
transect,target_error,1474,122.75,0.1920103254453905
transect,target_error,1475,122.83333333333337,0.19219646843942167
transect,target_error,1476,122.91666666666663,0.19109650524131977
transect,target_error,1477,123.0,0.19153564078092752
transect,target_error,1478,123.08333333333337,0.1906046607523965
transect,target_error,1479,123.16666666666663,0.18992442450900923
transect,target_error,1480,123.25,0.1914383454857217
transect,target_error,1481,123.33333333333337,0.192962850835035
transect,target_error,1482,123.41666666666663,0.1936364377741558
transect,target_error,1483,123.5,0.19407566670900703
transect,target_error,1484,123.58333333333337,0.19340467197904582
transect,target_error,1485,123.66666666666663,0.19217050112603945
transect,target_error,1486,123.75,0.1906914335414226
transect,target_error,1487,123.83333333333337,0.19111787822120593
transect,target_error,1488,123.91666666666663,0.1929377458962311
transect,target_error,1489,124.0,0.1938792601729077
transect,target_error,1490,124.08333333333337,0.19467169248944466
transect,target_error,1491,124.16666666666663,0.1924543817373859
transect,target_error,1492,124.25,0.1918372572002194
transect,target_error,1493,124.33333333333337,0.18995041181570685
transect,target_error,1494,124.41666666666663,0.19067122493204122
transect,target_error,1495,124.5,0.19059969183790165
transect,target_error,1496,124.58333333333337,0.18795678555425901
transect,target_error,1497,124.66666666666663,0.18699459048428038
transect,target_error,1498,124.75,0.18473348134892748
transect,target_error,1499,124.83333333333337,0.18285848788362055
transect,target_error,1500,124.91666666666663,0.17988726964609347
transect,target_error,1501,125.0,0.17647971771031687
transect,target_error,1502,125.08333333333337,0.17454080040490044
transect,target_error,1503,125.16666666666663,0.17061689111767772
transect,target_error,1504,125.25,0.17380582385969676
transect,target_error,1505,125.33333333333337,0.1708591821224877
transect,target_error,1506,125.41666666666663,0.17142806908276093
transect,target_error,1507,125.5,0.17186437967549878
transect,target_error,1508,125.58333333333337,0.1681981145872075
transect,target_error,1509,125.66666666666663,0.17027270607806608
transect,target_error,1510,125.75,0.1676546393970017
transect,target_error,1511,125.83333333333337,0.16719610051502717
transect,target_error,1512,125.91666666666663,0.1615127232699639
transect,target_error,1513,126.0,0.1647766256297844
transect,target_error,1514,126.08333333333337,0.16425993581733217
transect,target_error,1515,126.16666666666663,0.16234595506016647
transect,target_error,1516,126.25,0.16067521679483288
transect,target_error,1517,126.33333333333337,0.15508246530848907
transect,target_error,1518,126.41666666666663,0.15335129243580728
transect,target_error,1519,126.5,0.15388913668577991
transect,target_error,1520,126.58333333333337,0.15564222062592586
transect,target_error,1521,126.66666666666663,0.15523727259834266
transect,target_error,1522,126.75,0.15802249763142592
transect,target_error,1523,126.83333333333337,0.15528964282414787
transect,target_error,1524,126.91666666666663,0.15679611230816926
transect,target_error,1525,127.0,0.15577831459956207
transect,target_error,1526,127.08333333333337,0.15629202022045222
transect,target_error,1527,127.16666666666663,0.15668162108269187
transect,target_error,1528,127.25,0.1554741054282397
transect,target_error,1529,127.33333333333337,0.1566647108780127
transect,target_error,1530,127.41666666666663,0.15958214444128074
transect,target_error,1531,127.5,0.16108401706266273
transect,target_error,1532,127.58333333333337,0.15765946274744155
transect,target_error,1533,127.66666666666663,0.1589930551824649
transect,target_error,1534,127.75,0.15947845548575806
transect,target_error,1535,127.83333333333337,0.16360652869166542
transect,target_error,1536,127.91666666666663,0.1618692352783951
transect,target_error,1537,128.0,0.1622405083462715
transect,target_error,1538,128.08333333333337,0.16279764853740142
transect,target_error,1539,128.16666666666663,0.16385710490276242
transect,target_error,1540,128.25,0.16434911441384475
transect,target_error,1541,128.33333333333337,0.16469332861271258
transect,target_error,1542,128.41666666666663,0.16650231421004552
transect,target_error,1543,128.5,0.16795661834328768
transect,target_error,1544,128.58333333333337,0.16827309016449307
transect,target_error,1545,128.66666666666663,0.16991395878943094
transect,target_error,1546,128.75,0.16820816371702818
transect,target_error,1547,128.83333333333337,0.16924336818520175
transect,target_error,1548,128.91666666666663,0.16905672589869952
transect,target_error,1549,129.0,0.17181443464776788
transect,target_error,1550,129.08333333333337,0.1738874575509319
transect,target_error,1551,129.16666666666663,0.1733564824650631
transect,target_error,1552,129.25,0.17347573553614495
transect,target_error,1553,129.33333333333337,0.1742505511766049
transect,target_error,1554,129.41666666666663,0.17459800759540942
transect,target_error,1555,129.5,0.1740603013683321
transect,target_error,1556,129.58333333333337,0.17437680341853004
transect,target_error,1557,129.66666666666663,0.1748575712130966
transect,target_error,1558,129.75,0.17627404121238135
transect,target_error,1559,129.83333333333337,0.17662745258765927
transect,target_error,1560,129.91666666666663,0.17697797363875584
transect,target_error,1561,130.0,0.177673704335669
transect,target_error,1562,130.08333333333337,0.1778438073375094
transect,target_error,1563,130.16666666666663,0.17788896864106946
transect,target_error,1564,130.25,0.1786316843416038
transect,target_error,1565,130.33333333333337,0.1791526286677927
transect,target_error,1566,130.41666666666663,0.18008057424238696
transect,target_error,1567,130.5,0.18035679692622164
transect,target_error,1568,130.58333333333337,0.17978420552333726
transect,target_error,1569,130.66666666666663,0.1802459266263543
transect,target_error,1570,130.75,0.18063497308393
transect,target_error,1571,130.83333333333337,0.1810058963154087
transect,target_error,1572,130.91666666666663,0.18185323861280775
transect,target_error,1573,131.0,0.18162875160092204
transect,target_error,1574,131.08333333333337,0.182447004301718
transect,target_error,1575,131.16666666666663,0.18246672281054988
transect,target_error,1576,131.25,0.18272278235299358
transect,target_error,1577,131.33333333333337,0.18249558247761072
transect,target_error,1578,131.41666666666663,0.18322860088399162
transect,target_error,1579,131.5,0.1841172199220437
transect,target_error,1580,131.58333333333337,0.18412701595267558
transect,target_error,1581,131.66666666666663,0.1837560720846022
transect,target_error,1582,131.75,0.18383883538388437
transect,target_error,1583,131.83333333333337,0.18387743841252271
transect,target_error,1584,131.91666666666663,0.18440745563868105
transect,target_error,1585,132.0,0.18445876675527872
transect,target_error,1586,132.08333333333337,0.18479889095803034
transect,target_error,1587,132.16666666666663,0.1847410640315696
transect,target_error,1588,132.25,0.18482824524035013
transect,target_error,1589,132.33333333333337,0.18523935372735786
transect,target_error,1590,132.41666666666663,0.18571061394067118
transect,target_error,1591,132.5,0.18580133391986958
transect,target_error,1592,132.58333333333337,0.18613538302066027
transect,target_error,1593,132.66666666666663,0.18623582119473328
transect,target_error,1594,132.75,0.18645370233905723
transect,target_error,1595,132.83333333333337,0.18635877124352127
transect,target_error,1596,132.91666666666663,0.18648143705851025
transect,target_error,1597,133.0,0.18656289948685859
transect,target_error,1598,133.08333333333337,0.18686704676404045
transect,target_error,1599,133.16666666666663,0.1870728851774804
transect,target_error,1600,133.25,0.18738417962384776
transect,target_error,1601,133.33333333333337,0.18720179579210192
transect,target_error,1602,133.41666666666663,0.18737503083377
transect,target_error,1603,133.5,0.18755069646858144
transect,target_error,1604,133.58333333333337,0.18764334580513653
transect,target_error,1605,133.66666666666663,0.18784822751513375
transect,target_error,1606,133.75,0.1880577959951533
transect,target_error,1607,133.83333333333337,0.1885636403115015
transect,target_error,1608,133.91666666666663,0.18870539601821992
transect,target_error,1609,134.0,0.18882803456152242
transect,target_error,1610,134.08333333333337,0.18923370689308078
transect,target_error,1611,134.16666666666663,0.18896052596163665
transect,target_error,1612,134.25,0.18956657961496887
transect,target_error,1613,134.33333333333337,0.19051562114834014
transect,target_error,1614,134.41666666666663,0.1902366404980308
transect,target_error,1615,134.5,0.19065028402239137
transect,target_error,1616,134.58333333333337,0.19001507740988696
transect,target_error,1617,134.66666666666663,0.189998883335498
transect,target_error,1618,134.75,0.1897990278026576
transect,target_error,1619,134.83333333333337,0.19011442708634643
transect,target_error,1620,134.91666666666663,0.19075741699222032
transect,target_error,1621,135.0,0.19088072176195842
transect,target_error,1622,135.08333333333337,0.19092897601832876
transect,target_error,1623,135.16666666666663,0.19078195329304454
transect,target_error,1624,135.25,0.1904592844667781
transect,target_error,1625,135.33333333333337,0.19090106681684776
transect,target_error,1626,135.41666666666663,0.19186835833012295
transect,target_error,1627,135.5,0.1919289691524363
transect,target_error,1628,135.58333333333337,0.19191589536447307
transect,target_error,1629,135.66666666666663,0.19231713917278384
transect,target_error,1630,135.75,0.1925771693195163
transect,target_error,1631,135.83333333333337,0.19178303944334596
transect,target_error,1632,135.91666666666663,0.19188332351897353
transect,target_error,1633,136.0,0.1924722164125351
transect,target_error,1634,136.08333333333337,0.19288093758671446
transect,target_error,1635,136.16666666666663,0.19278341736935767
transect,target_error,1636,136.25,0.19290866720457617
transect,target_error,1637,136.33333333333337,0.19300010186800012
transect,target_error,1638,136.41666666666663,0.19334017216509336
transect,target_error,1639,136.5,0.19328369586038183
transect,target_error,1640,136.58333333333337,0.19313768894284344
transect,target_error,1641,136.66666666666663,0.19345111352006475
transect,target_error,1642,136.75,0.1937281729567759
transect,target_error,1643,136.83333333333337,0.1936502769630657
transect,target_error,1644,136.91666666666663,0.19416584283472502
transect,target_error,1645,137.0,0.19461979002433472
transect,target_error,1646,137.08333333333337,0.19449110252387553
transect,target_error,1647,137.16666666666663,0.1946241069245523
transect,target_error,1648,137.25,0.19431316853426076
transect,target_error,1649,137.33333333333337,0.19468770622905393
transect,target_error,1650,137.41666666666663,0.19481508224846553
transect,target_error,1651,137.5,0.19501956969461248
transect,target_error,1652,137.58333333333337,0.19484794525868546
transect,target_error,1653,137.66666666666663,0.19505218046406228
transect,target_error,1654,137.75,0.19481281328495706
transect,target_error,1655,137.83333333333337,0.19506890539974445
transect,target_error,1656,137.91666666666663,0.19511604022917997
transect,target_error,1657,138.0,0.19533139270274158
transect,target_error,1658,138.08333333333337,0.19525384713982905
transect,target_error,1659,138.16666666666663,0.19511129367216282
transect,target_error,1660,138.25,0.19521796785659323
transect,target_error,1661,138.33333333333337,0.19512779599080773
transect,target_error,1662,138.41666666666663,0.19565792101241927
transect,target_error,1663,138.5,0.1959297307015888
transect,target_error,1664,138.58333333333337,0.19633142846817278
transect,target_error,1665,138.66666666666663,0.19628311703434173
transect,target_error,1666,138.75,0.1965836298948141
transect,target_error,1667,138.83333333333337,0.19664866308015927
transect,target_error,1668,138.91666666666663,0.19657474152792537
transect,target_error,1669,139.0,0.19654359099403138
transect,target_error,1670,139.08333333333337,0.19658196211607537
transect,target_error,1671,139.16666666666663,0.19650723281395927
transect,target_error,1672,139.25,0.19671522775143488
transect,target_error,1673,139.33333333333337,0.19667488798533922
transect,target_error,1674,139.41666666666663,0.19674150009833258
transect,target_error,1675,139.5,0.196624245900428
transect,target_error,1676,139.58333333333337,0.19672102535950128
transect,target_error,1677,139.66666666666663,0.19675603339359052
transect,target_error,1678,139.75,0.19716030484368693
transect,target_error,1679,139.83333333333337,0.19711451329405383
transect,target_error,1680,139.91666666666663,0.1973085457974856
transect,target_error,1681,140.0,0.19754675504074556
transect,target_error,1682,140.08333333333337,0.197334616455238
transect,target_error,1683,140.16666666666663,0.19758063527523612
transect,target_error,1684,140.25,0.19779317920016135
transect,target_error,1685,140.33333333333337,0.19769111584681642
transect,target_error,1686,140.41666666666663,0.197792289424132
transect,target_error,1687,140.5,0.19801348884872963
transect,target_error,1688,140.58333333333337,0.1978048969393211
transect,target_error,1689,140.66666666666663,0.19786400686710295
transect,target_error,1690,140.75,0.1979640521661034
transect,target_error,1691,140.83333333333337,0.198163844580448
transect,target_error,1692,140.91666666666663,0.1979188585291548
transect,target_error,1693,141.0,0.19775585210186586
transect,target_error,1694,141.08333333333337,0.19792255148003723
transect,target_error,1695,141.16666666666663,0.19805709879168326
transect,target_error,1696,141.25,0.1976517421572683
transect,target_error,1697,141.33333333333337,0.197243490938478
transect,target_error,1698,141.41666666666663,0.19771310246808319
transect,target_error,1699,141.5,0.1977247528761406
transect,target_error,1700,141.58333333333337,0.19758363131146228
transect,target_error,1701,141.66666666666663,0.19705309608320734
transect,target_error,1702,141.75,0.19619885539926496
transect,target_error,1703,141.83333333333337,0.19638159842736236
transect,target_error,1704,141.91666666666663,0.19591975534630307
transect,target_error,1705,142.0,0.1955508036993519
transect,target_error,1706,142.08333333333337,0.19490235237125403
transect,target_error,1707,142.16666666666663,0.19482562892544963
transect,target_error,1708,142.25,0.1950677208091791
transect,target_error,1709,142.33333333333337,0.1950741216151666
transect,target_error,1710,142.41666666666663,0.19557033571718316
transect,target_error,1711,142.5,0.1942495988259946
transect,target_error,1712,142.58333333333337,0.19406866509503257
transect,target_error,1713,142.66666666666663,0.19307130942491518
transect,target_error,1714,142.75,0.1916288367231938
transect,target_error,1715,142.83333333333337,0.19017565280837548
transect,target_error,1716,142.91666666666663,0.1884386332298112
transect,target_error,1717,143.0,0.18535659572384033
transect,target_error,1718,143.08333333333337,0.18403411597722494
transect,target_error,1719,143.16666666666663,0.17785076748702588
transect,target_error,1720,143.25,0.171914318042325
transect,target_error,1721,143.33333333333337,0.16999158673931405
transect,target_error,1722,143.41666666666663,0.16510275612710165
transect,target_error,1723,143.5,0.16851941575043802
transect,target_error,1724,143.58333333333337,0.16046356488774136
transect,target_error,1725,143.66666666666663,0.15308008325876166
transect,target_error,1726,143.75,0.15249343266040666
transect,target_error,1727,143.83333333333337,0.15384502207245396
transect,target_error,1728,143.91666666666663,0.15279609875543532
transect,target_error,1729,144.0,0.1519289831436344
transect,target_error,1730,144.08333333333337,0.14965565964578675
transect,target_error,1731,144.16666666666663,0.1500096718703513
transect,target_error,1732,144.25,0.1502641531894459
transect,target_error,1733,144.33333333333337,0.151961332654663
transect,target_error,1734,144.41666666666663,0.15207933597296858
transect,target_error,1735,144.5,0.15087391546838835
transect,target_error,1736,144.58333333333337,0.15066626983307524
transect,target_error,1737,144.66666666666663,0.1513501723204119
transect,target_error,1738,144.75,0.15225990825448066
transect,target_error,1739,144.83333333333337,0.15445308178624714
transect,target_error,1740,144.91666666666663,0.15648850896573416
transect,target_error,1741,145.0,0.15647750643040967
transect,target_error,1742,145.08333333333337,0.15619775023026117
transect,target_error,1743,145.16666666666663,0.15639596969521213
transect,target_error,1744,145.25,0.15536726918904215
transect,target_error,1745,145.33333333333337,0.1573207982449934
transect,target_error,1746,145.41666666666663,0.15804791504989354
transect,target_error,1747,145.5,0.15841744443642622
transect,target_error,1748,145.58333333333337,0.1619555550084753
transect,target_error,1749,145.66666666666663,0.16281589585345307
transect,target_error,1750,145.75,0.16372036209061058
transect,target_error,1751,145.83333333333337,0.16371545117114167
transect,target_error,1752,145.91666666666663,0.16674076657766945
transect,target_error,1753,146.0,0.16917178348869258
transect,target_error,1754,146.08333333333337,0.1718572514076594
transect,target_error,1755,146.16666666666663,0.17024321229495368
transect,target_error,1756,146.25,0.1711814602170265
transect,target_error,1757,146.33333333333337,0.17355289022978948
transect,target_error,1758,146.41666666666663,0.17215258833822739
transect,target_error,1759,146.5,0.17357432147286547
transect,target_error,1760,146.58333333333337,0.17447717892559006
transect,target_error,1761,146.66666666666663,0.17541662601699679
transect,target_error,1762,146.75,0.17621751770083796
transect,target_error,1763,146.83333333333337,0.17617078591507537
transect,target_error,1764,146.91666666666663,0.17718876625772162
transect,target_error,1765,147.0,0.17891392967449093
transect,target_error,1766,147.08333333333337,0.17838619505010783
transect,target_error,1767,147.16666666666663,0.1785295929534646
transect,target_error,1768,147.25,0.17914357851879503
transect,target_error,1769,147.33333333333337,0.18023060921977127
transect,target_error,1770,147.41666666666663,0.17981674313793053
transect,target_error,1771,147.5,0.18231860393331983
transect,target_error,1772,147.58333333333337,0.182373655874642
transect,target_error,1773,147.66666666666663,0.18188297000521028
transect,target_error,1774,147.75,0.18350405252472157
transect,target_error,1775,147.83333333333337,0.18280778976126574
transect,target_error,1776,147.91666666666663,0.1816460448703668
transect,target_error,1777,148.0,0.18147881231513555
transect,target_error,1778,148.08333333333337,0.18319806946829872
transect,target_error,1779,148.16666666666663,0.1832424186271707
transect,target_error,1780,148.25,0.18392799623049447
transect,target_error,1781,148.33333333333337,0.18527109016275184
transect,target_error,1782,148.41666666666663,0.1853065310851316
transect,target_error,1783,148.5,0.18456362488158673
transect,target_error,1784,148.58333333333337,0.18635030260353486
transect,target_error,1785,148.66666666666663,0.18506096404361774
transect,target_error,1786,148.75,0.18296409604787134
transect,target_error,1787,148.83333333333337,0.1824545014585516
transect,target_error,1788,148.91666666666663,0.18198527901349668
transect,target_error,1789,149.0,0.18318490706712426
transect,target_error,1790,149.08333333333337,0.18355076246528765
transect,target_error,1791,149.16666666666663,0.18349122617272143
transect,target_error,1792,149.25,0.184470597602854
transect,target_error,1793,149.33333333333337,0.1859767978692128
transect,target_error,1794,149.41666666666663,0.186452123300255
transect,target_error,1795,149.5,0.18754736945111575
transect,target_error,1796,149.58333333333337,0.1867296302957643
transect,target_error,1797,149.66666666666663,0.18578587557331697
transect,target_error,1798,149.75,0.18530408319273775
transect,target_error,1799,149.83333333333337,0.1855661873106816
transect,target_error,1800,149.91666666666663,0.18590441837266575
transect,target_error,1801,150.0,0.1869345383351065
transect,target_error,1802,150.08333333333337,0.18719098992076125
transect,target_error,1803,150.16666666666663,0.18663756569208456
transect,target_error,1804,150.25,0.18632923428781542
transect,target_error,1805,150.33333333333337,0.1878264048469639
transect,target_error,1806,150.41666666666663,0.1877646608665229
transect,target_error,1807,150.5,0.1847651104293745
transect,target_error,1808,150.58333333333337,0.18594625705545112
transect,target_error,1809,150.66666666666663,0.18628980838260292
transect,target_error,1810,150.75,0.18529802768519069
transect,target_error,1811,150.83333333333337,0.18483167422812202
transect,target_error,1812,150.91666666666663,0.1809296798361324
transect,target_error,1813,151.0,0.18196550773279146
transect,target_error,1814,151.08333333333337,0.18396291380408714
transect,target_error,1815,151.16666666666663,0.18344442698960303
transect,target_error,1816,151.25,0.18142677283992328
transect,target_error,1817,151.33333333333337,0.1847142658934133
transect,target_error,1818,151.41666666666663,0.18364488793682227
transect,target_error,1819,151.5,0.18629332567824855
transect,target_error,1820,151.58333333333337,0.18623379732644
transect,target_error,1821,151.66666666666663,0.18658293644267085
transect,target_error,1822,151.75,0.1831986945396661
transect,target_error,1823,151.83333333333337,0.18128000521183005
transect,target_error,1824,151.91666666666663,0.18224194958040438
transect,target_error,1825,152.0,0.1835698220607099
transect,target_error,1826,152.08333333333337,0.18397907737261796
transect,target_error,1827,152.16666666666663,0.18394469986455267
transect,target_error,1828,152.25,0.186396702545088
transect,target_error,1829,152.33333333333337,0.18605877413379945
transect,target_error,1830,152.41666666666663,0.18705188492665817
transect,target_error,1831,152.5,0.18922425944984353
transect,target_error,1832,152.58333333333337,0.190052241710582
transect,target_error,1833,152.66666666666663,0.19141316616183973
transect,target_error,1834,152.75,0.191535623201537
transect,target_error,1835,152.83333333333337,0.19242299968816998
transect,target_error,1836,152.91666666666663,0.19303982909660372
transect,target_error,1837,153.0,0.19588436788724234
transect,target_error,1838,153.08333333333337,0.19684353179433617
transect,target_error,1839,153.16666666666663,0.1962903467140779
transect,target_error,1840,153.25,0.19587062970927957
transect,target_error,1841,153.33333333333337,0.19751354680958433
transect,target_error,1842,153.41666666666663,0.1982309585884335
transect,target_error,1843,153.5,0.19815435659870828
transect,target_error,1844,153.58333333333337,0.1991202055136715
transect,target_error,1845,153.66666666666663,0.19810750969583693
transect,target_error,1846,153.75,0.19875033462936978
transect,target_error,1847,153.83333333333337,0.19934805943159653
transect,target_error,1848,153.91666666666663,0.19899824080286188
transect,target_error,1849,154.0,0.20013573505033744
transect,target_error,1850,154.08333333333337,0.20060532713292056
transect,target_error,1851,154.16666666666663,0.20106180856526107
transect,target_error,1852,154.25,0.20167582500229603
transect,target_error,1853,154.33333333333337,0.2012571358203602
transect,target_error,1854,154.41666666666663,0.20231548125075402
transect,target_error,1855,154.5,0.20208848005462093
transect,target_error,1856,154.58333333333337,0.20219048030808776
transect,target_error,1857,154.66666666666663,0.2029722585133267
transect,target_error,1858,154.75,0.20344683124923174
transect,target_error,1859,154.83333333333337,0.20299170425942378
transect,target_error,1860,154.91666666666663,0.20375277517807602
transect,target_error,1861,155.0,0.20343713593827265
transect,target_error,1862,155.08333333333337,0.2036697318246097
transect,target_error,1863,155.16666666666663,0.20226410659063415
transect,target_error,1864,155.25,0.2031578873889951
transect,target_error,1865,155.33333333333337,0.20353424727504932
transect,target_error,1866,155.41666666666663,0.20235879717684785
transect,target_error,1867,155.5,0.2025142542998371
transect,target_error,1868,155.58333333333337,0.20358935092069114
transect,target_error,1869,155.66666666666663,0.20366058748718932
transect,target_error,1870,155.75,0.20335168216217722
transect,target_error,1871,155.83333333333337,0.20347329381838858
transect,target_error,1872,155.91666666666663,0.20405987641410286
transect,target_error,1873,156.0,0.2040867607808483
transect,target_error,1874,156.08333333333337,0.20448303548421992
transect,target_error,1875,156.16666666666663,0.20438990686287584
transect,target_error,1876,156.25,0.20399269809466172
transect,target_error,1877,156.33333333333337,0.20404680905831227
transect,target_error,1878,156.41666666666663,0.2046460374613326
transect,target_error,1879,156.5,0.20501685153783308
transect,target_error,1880,156.58333333333337,0.20529610311361157
transect,target_error,1881,156.66666666666663,0.2052078477185118
transect,target_error,1882,156.75,0.2049920615943866
transect,target_error,1883,156.83333333333337,0.20530328806253692
transect,target_error,1884,156.91666666666663,0.20541515217260656
transect,target_error,1885,157.0,0.2056306338810151
transect,target_error,1886,157.08333333333337,0.2056698617270731
transect,target_error,1887,157.16666666666663,0.20558169992682218
transect,target_error,1888,157.25,0.20559844268408123
transect,target_error,1889,157.33333333333337,0.20584185412218917
transect,target_error,1890,157.41666666666663,0.20605661528092684
transect,target_error,1891,157.5,0.20601105565404357
transect,target_error,1892,157.58333333333337,0.20606224817150878
transect,target_error,1893,157.66666666666663,0.20612038784834172
transect,target_error,1894,157.75,0.2061059716092704
transect,target_error,1895,157.83333333333337,0.20606244121649983
transect,target_error,1896,157.91666666666663,0.2062257382444262
transect,target_error,1897,158.0,0.2063317899689258
transect,target_error,1898,158.08333333333337,0.206430499969865
transect,target_error,1899,158.16666666666663,0.2064384448627218
transect,target_error,1900,158.25,0.20646692688097673
transect,target_error,1901,158.33333333333337,0.20639444721459801
transect,target_error,1902,158.41666666666663,0.2064080709018458
transect,target_error,1903,158.5,0.20642999415976332
transect,target_error,1904,158.58333333333337,0.20641477239233372
transect,target_error,1905,158.66666666666663,0.20664252523601453
transect,target_error,1906,158.75,0.2067973519360426
transect,target_error,1907,158.83333333333337,0.20678403199846052
transect,target_error,1908,158.91666666666663,0.20676284257297775
transect,target_error,1909,159.0,0.20658220207547864
transect,target_error,1910,159.08333333333337,0.20684302541292093
transect,target_error,1911,159.16666666666663,0.20689040917449655
transect,target_error,1912,159.25,0.20683162419125936
transect,target_error,1913,159.33333333333337,0.2069210041326032
transect,target_error,1914,159.41666666666663,0.20694519268308376
transect,target_error,1915,159.5,0.2070412615072178
transect,target_error,1916,159.58333333333337,0.20709741909811408
transect,target_error,1917,159.66666666666663,0.20698527726968682
transect,target_error,1918,159.75,0.20668274920335894
transect,target_error,1919,159.83333333333337,0.20690815397554993
transect,target_error,1920,159.91666666666663,0.20686030785109724
transect,target_error,1921,160.0,0.20702420737253746
transect,target_error,1922,160.08333333333337,0.2069017206236221
transect,target_error,1923,160.16666666666663,0.20685169679963591
transect,target_error,1924,160.25,0.20700117497327683
transect,target_error,1925,160.33333333333337,0.20689689049075688
transect,target_error,1926,160.41666666666663,0.20689749986567318
transect,target_error,1927,160.5,0.20684450343656102
transect,target_error,1928,160.58333333333337,0.20668058313126636
transect,target_error,1929,160.66666666666663,0.2065931530223105
transect,target_error,1930,160.75,0.206657626282449
transect,target_error,1931,160.83333333333337,0.20683598063710415
transect,target_error,1932,160.91666666666663,0.2065232199542013
transect,target_error,1933,161.0,0.20683362145636452
transect,target_error,1934,161.08333333333337,0.20676179694217744
transect,target_error,1935,161.16666666666663,0.207088919609973
transect,target_error,1936,161.25,0.20704076197317417
transect,target_error,1937,161.33333333333337,0.20694883572649417
transect,target_error,1938,161.41666666666663,0.20702527207302174
transect,target_error,1939,161.5,0.20661421178433828
transect,target_error,1940,161.58333333333337,0.20679863374208157
transect,target_error,1941,161.66666666666663,0.2065252885282213
transect,target_error,1942,161.75,0.20618334655738463
transect,target_error,1943,161.83333333333337,0.20600954455165077
transect,target_error,1944,161.91666666666663,0.2054367274194874
transect,target_error,1945,162.0,0.2054867439898522
transect,target_error,1946,162.08333333333337,0.2054939412780541
transect,target_error,1947,162.16666666666663,0.20496734951622508
transect,target_error,1948,162.25,0.20501832329520017
transect,target_error,1949,162.33333333333337,0.20465106052346235
transect,target_error,1950,162.41666666666663,0.20430791007281987
transect,target_error,1951,162.5,0.20365637201640047
transect,target_error,1952,162.58333333333337,0.20368250906885482
transect,target_error,1953,162.66666666666663,0.20336034022986618
transect,target_error,1954,162.75,0.20322318013350413
transect,target_error,1955,162.83333333333337,0.20213277616127226
transect,target_error,1956,162.91666666666663,0.20110077041329788
transect,target_error,1957,163.0,0.20031301327025844
transect,target_error,1958,163.08333333333337,0.20029976301274627
transect,target_error,1959,163.16666666666663,0.20096980727304511
transect,target_error,1960,163.25,0.2007687315901451
transect,target_error,1961,163.33333333333337,0.19973232637690075
transect,target_error,1962,163.41666666666663,0.19936514895972032
transect,target_error,1963,163.5,0.19867908212124635
transect,target_error,1964,163.58333333333337,0.1932947174283491
transect,target_error,1965,163.66666666666663,0.19490049314716168
transect,target_error,1966,163.75,0.19622746770281968
transect,target_error,1967,163.83333333333337,0.1959343504958133
transect,target_error,1968,163.91666666666663,0.19204365853552088
transect,target_error,1969,164.0,0.1870613849592313
transect,target_error,1970,164.08333333333337,0.1841152822807857
transect,target_error,1971,164.16666666666663,0.18384268115740177
transect,target_error,1972,164.25,0.18610554884559372
transect,target_error,1973,164.33333333333337,0.18881136022730244
transect,target_error,1974,164.41666666666663,0.185278797928152
transect,target_error,1975,164.5,0.1833375240228183
transect,target_error,1976,164.58333333333337,0.17733640782489474
transect,target_error,1977,164.66666666666663,0.17506823389302023
transect,target_error,1978,164.75,0.16601454549327527
transect,target_error,1979,164.83333333333337,0.16611592658909774
transect,target_error,1980,164.91666666666663,0.16441921352641733
transect,target_error,1981,165.0,0.1591366211386465
transect,target_error,1982,165.08333333333337,0.15182457616789827
transect,target_error,1983,165.16666666666663,0.15137302772901287
transect,target_error,1984,165.25,0.1502707538086513
transect,target_error,1985,165.33333333333337,0.14989144722368988
transect,target_error,1986,165.41666666666663,0.14801472304598243
transect,target_error,1987,165.5,0.14866225779127426
transect,target_error,1988,165.58333333333337,0.14823955297441962
transect,target_error,1989,165.66666666666663,0.14888057232888013
transect,target_error,1990,165.75,0.15284509951821107
transect,target_error,1991,165.83333333333337,0.15430411113634995
transect,target_error,1992,165.91666666666663,0.15286572491811423
transect,target_error,1993,166.0,0.15774621840202682
transect,target_error,1994,166.08333333333337,0.15511795348949742
transect,target_error,1995,166.16666666666663,0.15526899314488446
transect,target_error,1996,166.25,0.152966563050332
transect,target_error,1997,166.33333333333337,0.15505201033093932
transect,target_error,1998,166.41666666666663,0.1560004027893208
transect,target_error,1999,166.5,0.15956624155428437
transect,target_error,2000,166.58333333333337,0.1561361196598237
transect,target_error,2001,166.66666666666663,0.15761077081894456
transect,target_error,2002,166.75,0.15917487996044832
transect,target_error,2003,166.83333333333337,0.15323303511630293
transect,target_error,2004,166.91666666666663,0.15562998062156586
transect,target_error,2005,167.0,0.15454979158124374
transect,target_error,2006,167.08333333333337,0.1543401427160284
transect,target_error,2007,167.16666666666663,0.1488108328623705
transect,target_error,2008,167.25,0.1465571904635827
transect,target_error,2009,167.33333333333337,0.14530417902706613
transect,target_error,2010,167.41666666666663,0.14543860523991783
transect,target_error,2011,167.5,0.14567915105136628
transect,target_error,2012,167.58333333333337,0.145632347774906
transect,target_error,2013,167.66666666666663,0.1460925208263683
transect,target_error,2014,167.75,0.1461414185834961
transect,target_error,2015,167.83333333333337,0.14593789716141323
transect,target_error,2016,167.91666666666663,0.1465835073117807
transect,target_error,2017,168.0,0.14656991212095447
transect,target_error,2018,168.08333333333337,0.14753140040606497
transect,target_error,2019,168.16666666666663,0.14896264729745742
transect,target_error,2020,168.25,0.14992936888934455
transect,target_error,2021,168.33333333333337,0.15121534147560886
transect,target_error,2022,168.41666666666663,0.15169408342697513
transect,target_error,2023,168.5,0.15222745294039125
transect,target_error,2024,168.58333333333337,0.151792437786407
transect,target_error,2025,168.66666666666663,0.15341470342110367
transect,target_error,2026,168.75,0.1536142416499708
transect,target_error,2027,168.83333333333337,0.15428003689658373
transect,target_error,2028,168.91666666666663,0.15537992983906118
transect,target_error,2029,169.0,0.1547981108415817
transect,target_error,2030,169.08333333333337,0.15522001453254577
transect,target_error,2031,169.16666666666663,0.1578411169000043
transect,target_error,2032,169.25,0.15774732207127345
transect,target_error,2033,169.33333333333337,0.15672753329869432
transect,target_error,2034,169.41666666666663,0.15752203946075893
transect,target_error,2035,169.5,0.15489216988399146
transect,target_error,2036,169.58333333333337,0.15485177186089993
transect,target_error,2037,169.66666666666663,0.15430212296409937
transect,target_error,2038,169.75,0.15788690389228197
transect,target_error,2039,169.83333333333337,0.15543099481350114
transect,target_error,2040,169.91666666666663,0.1535489821921384
transect,target_error,2041,170.0,0.15551239676687628
transect,target_error,2042,170.08333333333337,0.15461449240933553
transect,target_error,2043,170.16666666666663,0.15477950457561493
transect,target_error,2044,170.25,0.15201643546798008
transect,target_error,2045,170.33333333333337,0.15404992722054212
transect,target_error,2046,170.41666666666663,0.15329101752691712
transect,target_error,2047,170.5,0.1576267618830448
transect,target_error,2048,170.58333333333337,0.15314408381542882
transect,target_error,2049,170.66666666666663,0.1541125584414346
transect,target_error,2050,170.75,0.15408106373719674
transect,target_error,2051,170.83333333333337,0.15509808115701648
transect,target_error,2052,170.91666666666663,0.15317734235646233
transect,target_error,2053,171.0,0.15402029568224732
transect,target_error,2054,171.08333333333337,0.1540489090917131
transect,target_error,2055,171.16666666666663,0.1560933179298609
transect,target_error,2056,171.25,0.15843108196076572
transect,target_error,2057,171.33333333333337,0.15812929747442508
transect,target_error,2058,171.41666666666663,0.15378291217988435
transect,target_error,2059,171.5,0.15662384086759182
transect,target_error,2060,171.58333333333337,0.1540842256114055
transect,target_error,2061,171.66666666666663,0.15783571745409136
transect,target_error,2062,171.75,0.15621388664431607
transect,target_error,2063,171.83333333333337,0.1580071923435143
transect,target_error,2064,171.91666666666663,0.1547173845778574
transect,target_error,2065,172.0,0.15528609442446684
transect,target_error,2066,172.08333333333337,0.15331255310968606
transect,target_error,2067,172.16666666666663,0.15152313408038598
transect,target_error,2068,172.25,0.15053232481150694
transect,target_error,2069,172.33333333333337,0.14540358538165712
transect,target_error,2070,172.41666666666663,0.14486480524506848
transect,target_error,2071,172.5,0.14868757610738736
transect,target_error,2072,172.58333333333337,0.14314442408491543
transect,target_error,2073,172.66666666666663,0.14864065494433013
transect,target_error,2074,172.75,0.14147340756008592
transect,target_error,2075,172.83333333333337,0.1329642407686222
transect,target_error,2076,172.91666666666663,0.1347124640480922
transect,target_error,2077,173.0,0.137363955081161
transect,target_error,2078,173.08333333333337,0.1325194422376645
transect,target_error,2079,173.16666666666663,0.12912945972025325
transect,target_error,2080,173.25,0.11765840152868362
transect,target_error,2081,173.33333333333337,0.11691396477846527
transect,target_error,2082,173.41666666666663,0.11705325304518996
transect,target_error,2083,173.5,0.1163997314203224
transect,target_error,2084,173.58333333333337,0.11044323514689168
transect,target_error,2085,173.66666666666663,0.10799988936552676
transect,target_error,2086,173.75,0.11087598736127989
transect,target_error,2087,173.83333333333337,0.10470563647209595
transect,target_error,2088,173.91666666666663,0.10430716980176451
transect,target_error,2089,174.0,0.10445310108415515
transect,target_error,2090,174.08333333333337,0.10544271253532453
transect,target_error,2091,174.16666666666663,0.10452427768407961
transect,target_error,2092,174.25,0.10462099869643884
transect,target_error,2093,174.33333333333337,0.10469213576762264
transect,target_error,2094,174.41666666666663,0.10590106895467954
transect,target_error,2095,174.5,0.106939038951424
transect,target_error,2096,174.58333333333337,0.10596939490777549
transect,target_error,2097,174.66666666666663,0.10760428540810028
transect,target_error,2098,174.75,0.10846831917242805
transect,target_error,2099,174.83333333333337,0.10672908397871993
transect,target_error,2100,174.91666666666663,0.10700233936741939
transect,target_error,2101,175.0,0.1077865243774206
transect,target_error,2102,175.08333333333337,0.10667409919443827
transect,target_error,2103,175.16666666666663,0.1063165089760667
transect,target_error,2104,175.25,0.10762048692545592
transect,target_error,2105,175.33333333333337,0.10649901471199089
transect,target_error,2106,175.41666666666663,0.10635418513953528
transect,target_error,2107,175.5,0.1063403932454669
transect,target_error,2108,175.58333333333337,0.10648218343744024
transect,target_error,2109,175.66666666666663,0.10728855203711897
transect,target_error,2110,175.75,0.10744492077767138
transect,target_error,2111,175.83333333333337,0.10745576877589157
transect,target_error,2112,175.91666666666663,0.10847595312241255
transect,target_error,2113,176.0,0.10944432474284119
transect,target_error,2114,176.08333333333337,0.10909686260081386
transect,target_error,2115,176.16666666666663,0.10991843993127778
transect,target_error,2116,176.25,0.10957790971026679
transect,target_error,2117,176.33333333333337,0.1107994527718636
transect,target_error,2118,176.41666666666663,0.1125626484414253
transect,target_error,2119,176.5,0.11382900187089609
transect,target_error,2120,176.58333333333337,0.11555409417270754
transect,target_error,2121,176.66666666666663,0.11425757966325682
transect,target_error,2122,176.75,0.11535157034633921
transect,target_error,2123,176.83333333333337,0.11521277716907988
transect,target_error,2124,176.91666666666663,0.11635406408747731
transect,target_error,2125,177.0,0.11752311996882597
transect,target_error,2126,177.08333333333337,0.11785412858202457
transect,target_error,2127,177.16666666666663,0.11904732469463268
transect,target_error,2128,177.25,0.11843254315383758
transect,target_error,2129,177.33333333333337,0.11981331072888417
transect,target_error,2130,177.41666666666663,0.12139615905335167
transect,target_error,2131,177.5,0.1221458697132041
transect,target_error,2132,177.58333333333337,0.122943330536477
transect,target_error,2133,177.66666666666663,0.12445289445856847
transect,target_error,2134,177.75,0.12462672411475847
transect,target_error,2135,177.83333333333337,0.12539257733367878
transect,target_error,2136,177.91666666666663,0.1257115793579723
transect,target_error,2137,178.0,0.12529533018231515
transect,target_error,2138,178.08333333333337,0.12599754087301815
transect,target_error,2139,178.16666666666663,0.1276273903950735
transect,target_error,2140,178.25,0.12995993571265813
transect,target_error,2141,178.33333333333337,0.1322538250817622
transect,target_error,2142,178.41666666666663,0.13343956749132693
transect,target_error,2143,178.5,0.134503290546149
transect,target_error,2144,178.58333333333337,0.13424101930403087
transect,target_error,2145,178.66666666666663,0.13402945309726128
transect,target_error,2146,178.75,0.1327603619501472
transect,target_error,2147,178.83333333333337,0.1328758039815239
transect,target_error,2148,178.91666666666663,0.13499048658758186
transect,target_error,2149,179.0,0.13510920667667706
transect,target_error,2150,179.08333333333337,0.135939651666906
transect,target_error,2151,179.16666666666663,0.1356570485162633
transect,target_error,2152,179.25,0.13613072836782047
transect,target_error,2153,179.33333333333337,0.13908280607637746
transect,target_error,2154,179.41666666666663,0.1397668489970411
transect,target_error,2155,179.5,0.13710968214975977
transect,target_error,2156,179.58333333333337,0.1349975169133838
transect,target_error,2157,179.66666666666663,0.13786805837936875
transect,target_error,2158,179.75,0.14139460830422415
transect,target_error,2159,179.83333333333337,0.14502247380282463
transect,target_error,2160,179.91666666666663,0.14282297533859048
transect,target_error,2161,180.0,0.14362954403184341
transect,target_error,2162,180.08333333333337,0.14657916622620967
transect,target_error,2163,180.16666666666663,0.14958016721942174
transect,target_error,2164,180.25,0.15055412388854486
transect,target_error,2165,180.33333333333337,0.15002289520433876
transect,target_error,2166,180.41666666666663,0.15107269633294976
transect,target_error,2167,180.5,0.15276027836165817
transect,target_error,2168,180.58333333333337,0.15280655408564336
transect,target_error,2169,180.66666666666663,0.1516509187248796
transect,target_error,2170,180.75,0.1500494509828845
transect,target_error,2171,180.83333333333337,0.15382098407396363
transect,target_error,2172,180.91666666666663,0.1586783130972472
transect,target_error,2173,181.0,0.16053146601024332
transect,target_error,2174,181.08333333333337,0.16034586614071603
transect,target_error,2175,181.16666666666663,0.16023235584015796
transect,target_error,2176,181.25,0.16143506872812602
transect,target_error,2177,181.33333333333337,0.16193159587669692
transect,target_error,2178,181.41666666666663,0.16272152625333908
transect,target_error,2179,181.5,0.16610362071419357
transect,target_error,2180,181.58333333333337,0.16538953642965368
transect,target_error,2181,181.66666666666663,0.167657493358531
transect,target_error,2182,181.75,0.1669486426886678
transect,target_error,2183,181.83333333333337,0.17055091115079574
transect,target_error,2184,181.91666666666663,0.1715970280621469
transect,target_error,2185,182.0,0.17224834766002806
transect,target_error,2186,182.08333333333337,0.17310514483493
transect,target_error,2187,182.16666666666663,0.17441506640610402
transect,target_error,2188,182.25,0.17732114326906817
transect,target_error,2189,182.33333333333337,0.1754551647603393
transect,target_error,2190,182.41666666666663,0.17697130683125323
transect,target_error,2191,182.5,0.17942240260988135
transect,target_error,2192,182.58333333333337,0.17766658824864764
transect,target_error,2193,182.66666666666663,0.1776606263182588
transect,target_error,2194,182.75,0.18072599858536703
transect,target_error,2195,182.83333333333337,0.18067989345621682
transect,target_error,2196,182.91666666666663,0.18065406688627814
transect,target_error,2197,183.0,0.18018287820763598
transect,target_error,2198,183.08333333333337,0.18016242174993963
transect,target_error,2199,183.16666666666663,0.18198552388462227
transect,target_error,2200,183.25,0.1811145521973059
transect,target_error,2201,183.33333333333337,0.1834656897149165
transect,target_error,2202,183.41666666666663,0.18450595084982346
transect,target_error,2203,183.5,0.1837240548055398
transect,target_error,2204,183.58333333333337,0.1837129634737673
transect,target_error,2205,183.66666666666663,0.18682722177044647
transect,target_error,2206,183.75,0.18682658758666
transect,target_error,2207,183.83333333333337,0.1870383405168135
transect,target_error,2208,183.91666666666663,0.18675428623771334
transect,target_error,2209,184.0,0.18846627825796455
transect,target_error,2210,184.08333333333337,0.18830232989024095
transect,target_error,2211,184.16666666666663,0.18770862232880728
transect,target_error,2212,184.25,0.18874404718618085
transect,target_error,2213,184.33333333333337,0.18889598592261325
transect,target_error,2214,184.41666666666663,0.18921995592402358
transect,target_error,2215,184.5,0.18994907185295276
transect,target_error,2216,184.58333333333337,0.18801232556570197
transect,target_error,2217,184.66666666666663,0.18936015734447478
transect,target_error,2218,184.75,0.18970833688373348
transect,target_error,2219,184.83333333333337,0.19041469507450828
transect,target_error,2220,184.91666666666663,0.18837266228519592
transect,target_error,2221,185.0,0.1899773265130217
transect,target_error,2222,185.08333333333337,0.18924099085580937
transect,target_error,2223,185.16666666666663,0.18986416176834148
transect,target_error,2224,185.25,0.19057554367018373
transect,target_error,2225,185.33333333333337,0.1906465989212922
transect,target_error,2226,185.41666666666663,0.19007141764260996
transect,target_error,2227,185.5,0.1901414237303245
transect,target_error,2228,185.58333333333337,0.19037902132480317
transect,target_error,2229,185.66666666666663,0.1915036685499343
transect,target_error,2230,185.75,0.19169760543196124
transect,target_error,2231,185.83333333333337,0.19226182655735247
transect,target_error,2232,185.91666666666663,0.19227357171725118
transect,target_error,2233,186.0,0.19285690561477042
transect,target_error,2234,186.08333333333337,0.19336560597607996
transect,target_error,2235,186.16666666666663,0.19277079478896045
transect,target_error,2236,186.25,0.1934741674307594
transect,target_error,2237,186.33333333333337,0.19244033479921127
transect,target_error,2238,186.41666666666663,0.19218634727725245
transect,target_error,2239,186.5,0.1924673512481083
transect,target_error,2240,186.58333333333337,0.19218183098047303
transect,target_error,2241,186.66666666666663,0.1923469730051146
transect,target_error,2242,186.75,0.1906991722094317
transect,target_error,2243,186.83333333333337,0.1913016506712822
transect,target_error,2244,186.91666666666663,0.19263364027914112
transect,target_error,2245,187.0,0.1940982881071145
transect,target_error,2246,187.08333333333337,0.19511384288976424
transect,target_error,2247,187.16666666666663,0.194903008521151
transect,target_error,2248,187.25,0.19486416246753124
transect,target_error,2249,187.33333333333337,0.19296395103127728
transect,target_error,2250,187.41666666666663,0.191916099081438
transect,target_error,2251,187.5,0.1913300380353321
transect,target_error,2252,187.58333333333337,0.19222456722937406
transect,target_error,2253,187.66666666666663,0.1932719156385897
transect,target_error,2254,187.75,0.1946011413927967
transect,target_error,2255,187.83333333333337,0.1943073715333072
transect,target_error,2256,187.91666666666663,0.1936342405559209
transect,target_error,2257,188.0,0.19457882713722854
transect,target_error,2258,188.08333333333337,0.1929333357821836
transect,target_error,2259,188.16666666666663,0.19346789812931978
transect,target_error,2260,188.25,0.19400363562456227
transect,target_error,2261,188.33333333333337,0.19482988973889448
transect,target_error,2262,188.41666666666663,0.1944115275843536
transect,target_error,2263,188.5,0.19245897747327442
transect,target_error,2264,188.58333333333337,0.19001822231370652
transect,target_error,2265,188.66666666666663,0.19227540371247115
transect,target_error,2266,188.75,0.18931504878784963
transect,target_error,2267,188.83333333333337,0.18494468359177554
transect,target_error,2268,188.91666666666663,0.1888674313781941
transect,target_error,2269,189.0,0.18832815269168537
transect,target_error,2270,189.08333333333337,0.18784435588819168
transect,target_error,2271,189.16666666666663,0.1881935134071094
transect,target_error,2272,189.25,0.18606749376810036
transect,target_error,2273,189.33333333333337,0.1828757789481487
transect,target_error,2274,189.41666666666663,0.18591670097721305
transect,target_error,2275,189.5,0.18020421118985297
transect,target_error,2276,189.58333333333337,0.18016812808983462
transect,target_error,2277,189.66666666666663,0.176508059132977
transect,target_error,2278,189.75,0.17952311028647797
transect,target_error,2279,189.83333333333337,0.17597629567180026
transect,target_error,2280,189.91666666666663,0.1794164357044306
transect,target_error,2281,190.0,0.1794963353164365
transect,target_error,2282,190.08333333333337,0.1803828341221176
transect,target_error,2283,190.16666666666663,0.18047267659208857
transect,target_error,2284,190.25,0.18171952059660887
transect,target_error,2285,190.33333333333337,0.17732784312862165
transect,target_error,2286,190.41666666666663,0.16665992691796636
transect,target_error,2287,190.5,0.16448474983161127
transect,target_error,2288,190.58333333333337,0.17018214569273496
transect,target_error,2289,190.66666666666663,0.16857335177290597
transect,target_error,2290,190.75,0.16347783066660418
transect,target_error,2291,190.83333333333337,0.159285575310871
transect,target_error,2292,190.91666666666663,0.16015103797470762
transect,target_error,2293,191.0,0.1556177075492376
transect,target_error,2294,191.08333333333337,0.15901199049156983
transect,target_error,2295,191.16666666666663,0.15806742860509054
transect,target_error,2296,191.25,0.15645916239118388
transect,target_error,2297,191.33333333333337,0.1601394975747717
transect,target_error,2298,191.41666666666663,0.16037445129713201
transect,target_error,2299,191.5,0.1587005710918104
transect,target_error,2300,191.58333333333337,0.15722559776624398
transect,target_error,2301,191.66666666666663,0.15367032018342275
transect,target_error,2302,191.75,0.15483190701021
transect,target_error,2303,191.83333333333337,0.15718432621327644
transect,target_error,2304,191.91666666666663,0.15996806667222993
transect,target_error,2305,192.0,0.15916650657796483
transect,target_error,2306,192.08333333333337,0.16130099841910164
transect,target_error,2307,192.16666666666663,0.16122948230900963
transect,target_error,2308,192.25,0.16369439303026498
transect,target_error,2309,192.33333333333337,0.16493043972828744
transect,target_error,2310,192.41666666666663,0.16508722012725824
transect,target_error,2311,192.5,0.16616806464548725
transect,target_error,2312,192.58333333333337,0.1645569675653344
transect,target_error,2313,192.66666666666663,0.1656525620856201
transect,target_error,2314,192.75,0.16545955204321622
transect,target_error,2315,192.83333333333337,0.16569726711000776
transect,target_error,2316,192.91666666666663,0.1676207002438899
transect,target_error,2317,193.0,0.16882721523721259
transect,target_error,2318,193.08333333333337,0.17019287357602972
transect,target_error,2319,193.16666666666663,0.17232588313695132
transect,target_error,2320,193.25,0.17172927083333364
transect,target_error,2321,193.33333333333337,0.17233849734941684
transect,target_error,2322,193.41666666666663,0.17219258309132596
transect,target_error,2323,193.5,0.1729313285155702
transect,target_error,2324,193.58333333333337,0.17304414312840982
transect,target_error,2325,193.66666666666663,0.17441284636382634
transect,target_error,2326,193.75,0.1740311939502101
transect,target_error,2327,193.83333333333337,0.1756508494383436
transect,target_error,2328,193.91666666666663,0.1767882009443438
transect,target_error,2329,194.0,0.17680931355534812
transect,target_error,2330,194.08333333333337,0.17735498990296497
transect,target_error,2331,194.16666666666663,0.177421610045241
transect,target_error,2332,194.25,0.17787348904538186
transect,target_error,2333,194.33333333333337,0.1777721707684402
transect,target_error,2334,194.41666666666663,0.17924196639421033
transect,target_error,2335,194.5,0.17968044529605062
transect,target_error,2336,194.58333333333337,0.17943903832615543
transect,target_error,2337,194.66666666666663,0.17988251303349664
transect,target_error,2338,194.75,0.180394911488697
transect,target_error,2339,194.83333333333337,0.18102336191072413
transect,target_error,2340,194.91666666666663,0.18049641858966237
transect,target_error,2341,195.0,0.18093667057474253
transect,target_error,2342,195.08333333333337,0.18165034054499266
transect,target_error,2343,195.16666666666663,0.18139258304724523
transect,target_error,2344,195.25,0.18143653151167935
transect,target_error,2345,195.33333333333337,0.18170558720191124
transect,target_error,2346,195.41666666666663,0.18276296324601543
transect,target_error,2347,195.5,0.1825559562264408
transect,target_error,2348,195.58333333333337,0.18308129198540565
transect,target_error,2349,195.66666666666663,0.18286174820951454
transect,target_error,2350,195.75,0.18314210351117735
transect,target_error,2351,195.83333333333337,0.1832982593481639
transect,target_error,2352,195.91666666666663,0.18379887581358734
transect,target_error,2353,196.0,0.183627655160112
transect,target_error,2354,196.08333333333337,0.1833213172977166
transect,target_error,2355,196.16666666666663,0.18345168423172883
transect,target_error,2356,196.25,0.18406210709163273
transect,target_error,2357,196.33333333333337,0.18438587551950672
transect,target_error,2358,196.41666666666663,0.1844019072375945
transect,target_error,2359,196.5,0.18458958835929432
transect,target_error,2360,196.58333333333337,0.18472387857744874
transect,target_error,2361,196.66666666666663,0.1849541217927408
transect,target_error,2362,196.75,0.18460599442969683
transect,target_error,2363,196.83333333333337,0.185116267710071
transect,target_error,2364,196.91666666666663,0.1851819314434167
transect,target_error,2365,197.0,0.18497220376073845
transect,target_error,2366,197.08333333333337,0.1851249901190579
transect,target_error,2367,197.16666666666663,0.18526743359442802
transect,target_error,2368,197.25,0.18520419245272135
transect,target_error,2369,197.33333333333337,0.18519684712988327
transect,target_error,2370,197.41666666666663,0.18529249257505742
transect,target_error,2371,197.5,0.18554083786362374
transect,target_error,2372,197.58333333333337,0.18585906303235114
transect,target_error,2373,197.66666666666663,0.18570217140719278
transect,target_error,2374,197.75,0.18631477956527884
transect,target_error,2375,197.83333333333337,0.1862068460733215
transect,target_error,2376,197.91666666666663,0.18619761670738466
transect,target_error,2377,198.0,0.18620455061316735
transect,target_error,2378,198.08333333333337,0.18666539827496714
transect,target_error,2379,198.16666666666663,0.1866473830368085
transect,target_error,2380,198.25,0.18707216883924035
transect,target_error,2381,198.33333333333337,0.18777895146623924
transect,target_error,2382,198.41666666666663,0.1876866770327381
transect,target_error,2383,198.5,0.1875630322979412
transect,target_error,2384,198.58333333333337,0.1874754394832655
transect,target_error,2385,198.66666666666663,0.18743953227475316
transect,target_error,2386,198.75,0.18827159964334553
transect,target_error,2387,198.83333333333337,0.1881663890968768
transect,target_error,2388,198.91666666666663,0.1877862984055773
transect,target_error,2389,199.0,0.18766134484647015
transect,target_error,2390,199.08333333333337,0.188383814189299
transect,target_error,2391,199.16666666666663,0.18852490728346386
transect,target_error,2392,199.25,0.1882040139918394
transect,target_error,2393,199.33333333333337,0.188397821487196
transect,target_error,2394,199.41666666666663,0.18871167771129937
transect,target_error,2395,199.5,0.1892275100991688
transect,target_error,2396,199.58333333333337,0.1889670895572559
transect,target_error,2397,199.66666666666663,0.18879885700852747
transect,target_error,2398,199.75,0.18836302760166543
transect,target_error,2399,199.83333333333337,0.18839438622483495
transect,target_error,2400,199.91666666666663,0.18833168490590177
transect,target_error,2401,200.0,0.18865975898031012
transect,target_error,2402,200.08333333333337,0.1893657833180292
transect,target_error,2403,200.16666666666663,0.18908051400938322
transect,target_error,2404,200.25,0.18893039978571696
transect,target_error,2405,200.33333333333337,0.18900899040348976
transect,target_error,2406,200.41666666666663,0.18973613979461643
transect,target_error,2407,200.5,0.18881782549476958
transect,target_error,2408,200.58333333333337,0.18904018504476028
transect,target_error,2409,200.66666666666663,0.18860075496702455
transect,target_error,2410,200.75,0.188623916673759
transect,target_error,2411,200.83333333333337,0.18817029358941822
transect,target_error,2412,200.91666666666663,0.18848633339688978
transect,target_error,2413,201.0,0.1883514159125264
transect,target_error,2414,201.08333333333337,0.18820405147272481
transect,target_error,2415,201.16666666666663,0.18798863954188647
transect,target_error,2416,201.25,0.18787266090472718
transect,target_error,2417,201.33333333333337,0.18832093196537084
transect,target_error,2418,201.41666666666663,0.18828886568301903
transect,target_error,2419,201.5,0.18829789498101526
transect,target_error,2420,201.58333333333337,0.18803726108195673
transect,target_error,2421,201.66666666666663,0.18864042171568784
transect,target_error,2422,201.75,0.18839918343224596
transect,target_error,2423,201.83333333333337,0.18791296291678153
transect,target_error,2424,201.91666666666663,0.18769754842106148
transect,target_error,2425,202.0,0.18763525237283135
transect,target_error,2426,202.08333333333337,0.18771244024797246
transect,target_error,2427,202.16666666666663,0.18737583868138522
transect,target_error,2428,202.25,0.18762821798679108
transect,target_error,2429,202.33333333333337,0.1879891599954627
transect,target_error,2430,202.41666666666663,0.18826367186447224
transect,target_error,2431,202.5,0.18873874168171323
transect,target_error,2432,202.58333333333337,0.18898223831559127
transect,target_error,2433,202.66666666666663,0.18905980295223973
transect,target_error,2434,202.75,0.18893082117915477
transect,target_error,2435,202.83333333333337,0.18919920426049794
transect,target_error,2436,202.91666666666663,0.18919105583568258
transect,target_error,2437,203.0,0.18939195220050575
transect,target_error,2438,203.08333333333337,0.18969741631521467
transect,target_error,2439,203.16666666666663,0.1899045329082144
transect,target_error,2440,203.25,0.18981351544432207
transect,target_error,2441,203.33333333333337,0.18981642381776323
transect,target_error,2442,203.41666666666663,0.18996196082075126
transect,target_error,2443,203.5,0.1900314740377212
transect,target_error,2444,203.58333333333337,0.18996712144283803
transect,target_error,2445,203.66666666666663,0.1901081465329781
transect,target_error,2446,203.75,0.1902295875499515
transect,target_error,2447,203.83333333333337,0.1905420960848542
transect,target_error,2448,203.91666666666663,0.19072218517401168
transect,target_error,2449,204.0,0.19069061978253346
transect,target_error,2450,204.08333333333337,0.1909632395918546
transect,target_error,2451,204.16666666666663,0.1908904287482613
transect,target_error,2452,204.25,0.19118862344225274
transect,target_error,2453,204.33333333333337,0.19118209721639534
transect,target_error,2454,204.41666666666663,0.19135905971241315
transect,target_error,2455,204.5,0.19091262052553157
transect,target_error,2456,204.58333333333337,0.19075820113433994
transect,target_error,2457,204.66666666666663,0.19049159033003193
transect,target_error,2458,204.75,0.19018626720416865
transect,target_error,2459,204.83333333333337,0.19064850052853463
transect,target_error,2460,204.91666666666663,0.19052541515419022
transect,target_error,2461,205.0,0.19023392767684436
transect,target_error,2462,205.08333333333337,0.19069437394912642
transect,target_error,2463,205.16666666666663,0.19031874382187308
transect,target_error,2464,205.25,0.18943011393076578
transect,target_error,2465,205.33333333333337,0.1903678820540959
transect,target_error,2466,205.41666666666663,0.19022692704969266
transect,target_error,2467,205.5,0.19073921851293293
transect,target_error,2468,205.58333333333337,0.18991583594547717
transect,target_error,2469,205.66666666666663,0.19074294676456707
transect,target_error,2470,205.75,0.19033446006307872
transect,target_error,2471,205.83333333333337,0.190329276399852
transect,target_error,2472,205.91666666666663,0.18961996644378737
transect,target_error,2473,206.0,0.1897366143775946
transect,target_error,2474,206.08333333333337,0.19005549821575687
transect,target_error,2475,206.16666666666663,0.19007304253799434
transect,target_error,2476,206.25,0.1901063297388936
transect,target_error,2477,206.33333333333337,0.1892461060074076
transect,target_error,2478,206.41666666666663,0.1874758176343823
transect,target_error,2479,206.5,0.1859492647918133
transect,target_error,2480,206.58333333333337,0.18584044572500819
transect,target_error,2481,206.66666666666663,0.18540685847484525
transect,target_error,2482,206.75,0.1826596844184773
transect,target_error,2483,206.83333333333337,0.18317084023757946
transect,target_error,2484,206.91666666666663,0.18166071845203347
transect,target_error,2485,207.0,0.1805792877435366
transect,target_error,2486,207.08333333333337,0.1808985038207092
transect,target_error,2487,207.16666666666663,0.17665772583320674
transect,target_error,2488,207.25,0.1748777706614648
transect,target_error,2489,207.33333333333337,0.17205058850639368
transect,target_error,2490,207.41666666666663,0.1659436349679118
transect,target_error,2491,207.5,0.16645289254795825
transect,target_error,2492,207.58333333333337,0.16289366057101173
transect,target_error,2493,207.66666666666663,0.1586897344302744
transect,target_error,2494,207.75,0.15527622571786895
transect,target_error,2495,207.83333333333337,0.14821377667519348
transect,target_error,2496,207.91666666666663,0.14416638013463767
transect,target_error,2497,208.0,0.14206256673267226
transect,target_error,2498,208.08333333333337,0.14732811725060987
transect,target_error,2499,208.16666666666663,0.14233307030852746
transect,target_error,2500,208.25,0.14137835033474405
transect,target_error,2501,208.33333333333337,0.14076946496763926
transect,target_error,2502,208.41666666666663,0.14232856062971896
transect,target_error,2503,208.5,0.13945994793952365
transect,target_error,2504,208.58333333333337,0.14129953431489645
transect,target_error,2505,208.66666666666663,0.1400474803866269
transect,target_error,2506,208.75,0.14003288873658126
transect,target_error,2507,208.83333333333337,0.13889169144374505
transect,target_error,2508,208.91666666666663,0.13893927519436747
transect,target_error,2509,209.0,0.13946649347810078
transect,target_error,2510,209.08333333333337,0.13769480453703523
transect,target_error,2511,209.16666666666663,0.13919449665797456
transect,target_error,2512,209.25,0.14097695528427806
transect,target_error,2513,209.33333333333337,0.14523171869817944
transect,target_error,2514,209.41666666666663,0.14389419272506912
transect,target_error,2515,209.5,0.14731411803883024
transect,target_error,2516,209.58333333333337,0.14816131810504737
transect,target_error,2517,209.66666666666663,0.1481846772145598
transect,target_error,2518,209.75,0.14803485081924728
transect,target_error,2519,209.83333333333337,0.15298533973755232
transect,target_error,2520,209.91666666666663,0.15302864742365527
transect,target_error,2521,210.0,0.155099271271458
transect,target_error,2522,210.08333333333337,0.15593933363849052
transect,target_error,2523,210.16666666666663,0.1570287260647835
transect,target_error,2524,210.25,0.15879009786231746
transect,target_error,2525,210.33333333333337,0.16092807629248906
transect,target_error,2526,210.41666666666663,0.15846464858916495
transect,target_error,2527,210.5,0.15904243626608783
transect,target_error,2528,210.58333333333337,0.1620344702538239
transect,target_error,2529,210.66666666666663,0.16452033606194194
transect,target_error,2530,210.75,0.16499139839501495
transect,target_error,2531,210.83333333333337,0.16585105665813524
transect,target_error,2532,210.91666666666663,0.16575463568626744
transect,target_error,2533,211.0,0.16662546636403733
transect,target_error,2534,211.08333333333337,0.16691750460881372
transect,target_error,2535,211.16666666666663,0.16699964018476213
transect,target_error,2536,211.25,0.1673843755649775
transect,target_error,2537,211.33333333333337,0.16790173934251287
transect,target_error,2538,211.41666666666663,0.1693859177537258
transect,target_error,2539,211.5,0.16853334434899994
transect,target_error,2540,211.58333333333337,0.16774975981414142
transect,target_error,2541,211.66666666666663,0.16678812904658466
transect,target_error,2542,211.75,0.167665608382878
transect,target_error,2543,211.83333333333337,0.1676841600873459
transect,target_error,2544,211.91666666666663,0.16981183386490567
transect,target_error,2545,212.0,0.1702757428381049
transect,target_error,2546,212.08333333333337,0.1705638328123883
transect,target_error,2547,212.16666666666663,0.1711566131912914
transect,target_error,2548,212.25,0.17168523156198398
transect,target_error,2549,212.33333333333337,0.17067095358020165
transect,target_error,2550,212.41666666666663,0.17200406755369166
transect,target_error,2551,212.5,0.17064983021344488
transect,target_error,2552,212.58333333333337,0.1718587893016344
transect,target_error,2553,212.66666666666663,0.17074470698983463
transect,target_error,2554,212.75,0.1703158157109856
transect,target_error,2555,212.83333333333337,0.1717714849046179
transect,target_error,2556,212.91666666666663,0.1721746570570335
transect,target_error,2557,213.0,0.17261462190595364
transect,target_error,2558,213.08333333333337,0.17212959314447304
transect,target_error,2559,213.16666666666663,0.17343697318004567
transect,target_error,2560,213.25,0.17385549639187026
transect,target_error,2561,213.33333333333337,0.17305664952272187
transect,target_error,2562,213.41666666666663,0.17407374296813102
transect,target_error,2563,213.5,0.17112264306354427
transect,target_error,2564,213.58333333333337,0.17239020033767247
transect,target_error,2565,213.66666666666663,0.1729076263432976
transect,target_error,2566,213.75,0.17389422371373792
transect,target_error,2567,213.83333333333337,0.17124234995234375
transect,target_error,2568,213.91666666666663,0.16689794950361417
transect,target_error,2569,214.0,0.16371385619687018
transect,target_error,2570,214.08333333333337,0.16336396238065382
transect,target_error,2571,214.16666666666663,0.1575286288058147
transect,target_error,2572,214.25,0.15807611304576052
transect,target_error,2573,214.33333333333337,0.15675167019771072
transect,target_error,2574,214.41666666666663,0.1634282676367562
transect,target_error,2575,214.5,0.16141025092617914
transect,target_error,2576,214.58333333333337,0.15670600853169428
transect,target_error,2577,214.66666666666663,0.15885690222916646
transect,target_error,2578,214.75,0.15693894769767167
transect,target_error,2579,214.83333333333337,0.15305746205645632
transect,target_error,2580,214.91666666666663,0.15871271007620225
transect,target_error,2581,215.0,0.15534999994361076
transect,target_error,2582,215.08333333333337,0.15589868133386395
transect,target_error,2583,215.16666666666663,0.15766953979159978
transect,target_error,2584,215.25,0.15732764505799918
transect,target_error,2585,215.33333333333337,0.16118258939057642
transect,target_error,2586,215.41666666666663,0.16200517702977552
transect,target_error,2587,215.5,0.1644453644427224
transect,target_error,2588,215.58333333333337,0.16466647424586722
transect,target_error,2589,215.66666666666663,0.16461568214217304
transect,target_error,2590,215.75,0.16597573917973468
transect,target_error,2591,215.83333333333337,0.16602821334297482
transect,target_error,2592,215.91666666666663,0.1672320656842006
transect,target_error,2593,216.0,0.16962603868297477
transect,target_error,2594,216.08333333333337,0.17213204609095029
transect,target_error,2595,216.16666666666663,0.1729683878746973
transect,target_error,2596,216.25,0.17189861682697527
transect,target_error,2597,216.33333333333337,0.17148845226562937
transect,target_error,2598,216.41666666666663,0.1746637807543847
transect,target_error,2599,216.5,0.17708839743583152
transect,target_error,2600,216.58333333333337,0.17848537075109802
transect,target_error,2601,216.66666666666663,0.17918102813685358
transect,target_error,2602,216.75,0.1781032242702027
transect,target_error,2603,216.83333333333337,0.1770774528883272
transect,target_error,2604,216.91666666666663,0.17756054010193895
transect,target_error,2605,217.0,0.17875743593396456
transect,target_error,2606,217.08333333333337,0.1790848465271888
transect,target_error,2607,217.16666666666663,0.1805923611734985
transect,target_error,2608,217.25,0.1814182799457806
transect,target_error,2609,217.33333333333337,0.18438285961238565
transect,target_error,2610,217.41666666666663,0.1859798431311721
transect,target_error,2611,217.5,0.1852127632053668
transect,target_error,2612,217.58333333333337,0.1844295637022526
transect,target_error,2613,217.66666666666663,0.18487256775540448
transect,target_error,2614,217.75,0.18595170491335172
transect,target_error,2615,217.83333333333337,0.18704255254250987
transect,target_error,2616,217.91666666666663,0.18706152265430792
transect,target_error,2617,218.0,0.18877540152967548
transect,target_error,2618,218.08333333333337,0.18828916040087523
transect,target_error,2619,218.16666666666663,0.18871280531153883
transect,target_error,2620,218.25,0.18850467091591336
transect,target_error,2621,218.33333333333337,0.18850299408541296
transect,target_error,2622,218.41666666666663,0.18891510924992472
transect,target_error,2623,218.5,0.18967627448889962
transect,target_error,2624,218.58333333333337,0.190684957788195
transect,target_error,2625,218.66666666666663,0.19039818789720478
transect,target_error,2626,218.75,0.18989840065000155
transect,target_error,2627,218.83333333333337,0.1912125307827811
transect,target_error,2628,218.91666666666663,0.19052855338709868
transect,target_error,2629,219.0,0.19110253659199886
transect,target_error,2630,219.08333333333337,0.19075271608903355
transect,target_error,2631,219.16666666666663,0.19094150219735204
transect,target_error,2632,219.25,0.19120061101161426
transect,target_error,2633,219.33333333333337,0.19170736291375387
transect,target_error,2634,219.41666666666663,0.19201680831275866
transect,target_error,2635,219.5,0.19218374635604024
transect,target_error,2636,219.58333333333337,0.1924656835224192
transect,target_error,2637,219.66666666666663,0.19259313879438408
transect,target_error,2638,219.75,0.19236599051776082
transect,target_error,2639,219.83333333333337,0.19274897182543368
transect,target_error,2640,219.91666666666663,0.1929080750505628
transect,target_error,2641,220.0,0.19295344094207897
transect,target_error,2642,220.08333333333337,0.19287977970215747
transect,target_error,2643,220.16666666666663,0.19244772190916234
transect,target_error,2644,220.25,0.19230869121725444
transect,target_error,2645,220.33333333333337,0.19257943142443662
transect,target_error,2646,220.41666666666663,0.19281270490007682
transect,target_error,2647,220.5,0.19339404081410547
transect,target_error,2648,220.58333333333337,0.19340886953920994
transect,target_error,2649,220.66666666666663,0.1934337222431336
transect,target_error,2650,220.75,0.19357266260125155
transect,target_error,2651,220.83333333333337,0.19376631434458702
transect,target_error,2652,220.91666666666663,0.1938443362820107
transect,target_error,2653,221.0,0.1936302465852011
transect,target_error,2654,221.08333333333337,0.19373979114843035
transect,target_error,2655,221.16666666666663,0.19379648271341568
transect,target_error,2656,221.25,0.19378342474529747
transect,target_error,2657,221.33333333333337,0.193917765758841
transect,target_error,2658,221.41666666666663,0.1939088390228207
transect,target_error,2659,221.5,0.19382025984396115
transect,target_error,2660,221.58333333333337,0.19374619627440912
transect,target_error,2661,221.66666666666663,0.19379429085755415
transect,target_error,2662,221.75,0.19387649884059108
transect,target_error,2663,221.83333333333337,0.1939387785642101
transect,target_error,2664,221.91666666666663,0.1937002155483435
transect,target_error,2665,222.0,0.19371610754824434
transect,target_error,2666,222.08333333333337,0.1936976577462411
transect,target_error,2667,222.16666666666663,0.19392293379835285
transect,target_error,2668,222.25,0.1939654142645008
transect,target_error,2669,222.33333333333337,0.19382891389283396
transect,target_error,2670,222.41666666666663,0.19370445014979742
transect,target_error,2671,222.5,0.1941968286678982
transect,target_error,2672,222.58333333333337,0.19423971673427481
transect,target_error,2673,222.66666666666663,0.19443047781633258
transect,target_error,2674,222.75,0.19435986823006024
transect,target_error,2675,222.83333333333337,0.19430828962550467
transect,target_error,2676,222.91666666666663,0.19424623586115664
transect,target_error,2677,223.0,0.1940159444716925
transect,target_error,2678,223.08333333333337,0.19417121163115664
transect,target_error,2679,223.16666666666663,0.19411408475619796
transect,target_error,2680,223.25,0.19388087749659463
transect,target_error,2681,223.33333333333337,0.1939939460128989
transect,target_error,2682,223.41666666666663,0.19408408902330054
transect,target_error,2683,223.5,0.19371394695060906
transect,target_error,2684,223.58333333333337,0.19362920595368704
transect,target_error,2685,223.66666666666663,0.19366720645568888
transect,target_error,2686,223.75,0.19320169080902316
transect,target_error,2687,223.83333333333337,0.19323708540907603
transect,target_error,2688,223.91666666666663,0.19366184891541063
transect,target_error,2689,224.0,0.19357334324720374
transect,target_error,2690,224.08333333333337,0.19357146178223977
transect,target_error,2691,224.16666666666663,0.19348617901835555
transect,target_error,2692,224.25,0.19291479876429904
transect,target_error,2693,224.33333333333337,0.19288498817065916
transect,target_error,2694,224.41666666666663,0.19329714728204683
transect,target_error,2695,224.5,0.19295208387439478
transect,target_error,2696,224.58333333333337,0.19271667765194866
transect,target_error,2697,224.66666666666663,0.19223564978830263
transect,target_error,2698,224.75,0.19269009771843906
transect,target_error,2699,224.83333333333337,0.19227477042768434
transect,target_error,2700,224.91666666666663,0.19157756063461023
transect,target_error,2701,225.0,0.19145010054853762
transect,target_error,2702,225.08333333333337,0.1912201305919468
transect,target_error,2703,225.16666666666663,0.19084779068172164
transect,target_error,2704,225.25,0.19077455065804008
transect,target_error,2705,225.33333333333337,0.19046218294939365
transect,target_error,2706,225.41666666666663,0.19050533463426747
transect,target_error,2707,225.5,0.19063692916679678
transect,target_error,2708,225.58333333333337,0.1902458754386536
transect,target_error,2709,225.66666666666663,0.1908240076940728
transect,target_error,2710,225.75,0.1906820189190927
transect,target_error,2711,225.83333333333337,0.18945329018950494
transect,target_error,2712,225.91666666666663,0.18829991625002382
transect,target_error,2713,226.0,0.1881856527240769
transect,target_error,2714,226.08333333333337,0.18777523393155315
transect,target_error,2715,226.16666666666663,0.1846352331749049
transect,target_error,2716,226.25,0.18228417166629837
transect,target_error,2717,226.33333333333337,0.18191048050676006
transect,target_error,2718,226.41666666666663,0.1841367950815056
transect,target_error,2719,226.5,0.18763787769084544
transect,target_error,2720,226.58333333333337,0.18798594229447313
transect,target_error,2721,226.66666666666663,0.18747614239393537
transect,target_error,2722,226.75,0.18627684545164416
transect,target_error,2723,226.83333333333337,0.18587792900007122
transect,target_error,2724,226.91666666666663,0.18613822915563613
transect,target_error,2725,227.0,0.18741194927798946
transect,target_error,2726,227.08333333333337,0.18846262978126813
transect,target_error,2727,227.16666666666663,0.18813859904995317
transect,target_error,2728,227.25,0.1889649865708371
transect,target_error,2729,227.33333333333337,0.18704843045520805
transect,target_error,2730,227.41666666666663,0.18755101552728892
transect,target_error,2731,227.5,0.1886073674068633
transect,target_error,2732,227.58333333333337,0.1866484075816778
transect,target_error,2733,227.66666666666663,0.18470599099458856
transect,target_error,2734,227.75,0.18581543000950387
transect,target_error,2735,227.83333333333337,0.1844198041502242
transect,target_error,2736,227.91666666666663,0.18254478219738865
transect,target_error,2737,228.0,0.1848524883237931
transect,target_error,2738,228.08333333333337,0.18163861400395873
transect,target_error,2739,228.16666666666663,0.18124694758359508
transect,target_error,2740,228.25,0.17983788235688283
transect,target_error,2741,228.33333333333337,0.17650352542219389
transect,target_error,2742,228.41666666666663,0.17850503342788762
transect,target_error,2743,228.5,0.17882565946686887
transect,target_error,2744,228.58333333333337,0.17735607708243178
transect,target_error,2745,228.66666666666663,0.17016930782909037
transect,target_error,2746,228.75,0.16701202266155446
transect,target_error,2747,228.83333333333337,0.16075085403423686
transect,target_error,2748,228.91666666666663,0.15696977801731546
transect,target_error,2749,229.0,0.16536532644654564
transect,target_error,2750,229.08333333333337,0.16138841709659574
transect,target_error,2751,229.16666666666663,0.155699158072717
transect,target_error,2752,229.25,0.155183016047205
transect,target_error,2753,229.33333333333337,0.15676699143097053
transect,target_error,2754,229.41666666666663,0.1509184910896055
transect,target_error,2755,229.5,0.14972809148335667
transect,target_error,2756,229.58333333333337,0.1498446426025076
transect,target_error,2757,229.66666666666663,0.1497203909607907
transect,target_error,2758,229.75,0.14934105378362075
transect,target_error,2759,229.83333333333337,0.14934081078610292
transect,target_error,2760,229.91666666666663,0.14970025405971973
transect,target_error,2761,230.0,0.15040978518736756
transect,target_error,2762,230.08333333333337,0.15277401036594346
transect,target_error,2763,230.16666666666663,0.15028909774151092
transect,target_error,2764,230.25,0.1527880355662496
transect,target_error,2765,230.33333333333337,0.15188379517461537
transect,target_error,2766,230.41666666666663,0.15045618280302336
transect,target_error,2767,230.5,0.14970714662726772
transect,target_error,2768,230.58333333333337,0.14990192572420308
transect,target_error,2769,230.66666666666663,0.149905923983344
transect,target_error,2770,230.75,0.15062958973118246
transect,target_error,2771,230.83333333333337,0.1501036637687304
transect,target_error,2772,230.91666666666663,0.15033889633458683
transect,target_error,2773,231.0,0.1508218411293362
transect,target_error,2774,231.08333333333337,0.1511151087379893
transect,target_error,2775,231.16666666666663,0.15096856836771905
transect,target_error,2776,231.25,0.1512713647195335
transect,target_error,2777,231.33333333333337,0.1518518875949196
transect,target_error,2778,231.41666666666663,0.15322332359361518
transect,target_error,2779,231.5,0.15407588931055613
transect,target_error,2780,231.58333333333337,0.15412652163065094
transect,target_error,2781,231.66666666666663,0.15545193357519219
transect,target_error,2782,231.75,0.15619087211797383
transect,target_error,2783,231.83333333333337,0.15740483197014352
transect,target_error,2784,231.91666666666663,0.1573714758696674
transect,target_error,2785,232.0,0.15764894428159082
transect,target_error,2786,232.08333333333337,0.1578402822715973
transect,target_error,2787,232.16666666666663,0.15823264313190966
transect,target_error,2788,232.25,0.15862854932871592
transect,target_error,2789,232.33333333333337,0.15924053638073382
transect,target_error,2790,232.41666666666663,0.160217940798908
transect,target_error,2791,232.5,0.1605859128182862
transect,target_error,2792,232.58333333333337,0.16067323686727764
transect,target_error,2793,232.66666666666663,0.1605444183763854
transect,target_error,2794,232.75,0.16053046280699435
transect,target_error,2795,232.83333333333337,0.16129281756242694
transect,target_error,2796,232.91666666666663,0.1619238986597275
transect,target_error,2797,233.0,0.16132325567969025
transect,target_error,2798,233.08333333333337,0.16132485276331693
transect,target_error,2799,233.16666666666663,0.16184084948673225
transect,target_error,2800,233.25,0.16235910333326578
transect,target_error,2801,233.33333333333337,0.16241418357016293
transect,target_error,2802,233.41666666666663,0.1620262321633323
transect,target_error,2803,233.5,0.1637369523261948
transect,target_error,2804,233.58333333333337,0.16356670463576645
transect,target_error,2805,233.66666666666663,0.16485126212550708
transect,target_error,2806,233.75,0.16524465114549963
transect,target_error,2807,233.83333333333337,0.16592197502055545
transect,target_error,2808,233.91666666666663,0.1662682037378209
transect,target_error,2809,234.0,0.16645591240471233
transect,target_error,2810,234.08333333333337,0.16665160029539514
transect,target_error,2811,234.16666666666663,0.16887499336530834
transect,target_error,2812,234.25,0.16864559849682506
transect,target_error,2813,234.33333333333337,0.16879148013576556
transect,target_error,2814,234.41666666666663,0.16828812069157176
transect,target_error,2815,234.5,0.16738638838337194
transect,target_error,2816,234.58333333333337,0.1679840061740295
transect,target_error,2817,234.66666666666663,0.16772704041263797
transect,target_error,2818,234.75,0.16788407361702573
transect,target_error,2819,234.83333333333337,0.16963946156416365
transect,target_error,2820,234.91666666666663,0.1703241689181823
transect,target_error,2821,235.0,0.16998898618461952
transect,target_error,2822,235.08333333333337,0.17052686701424796
transect,target_error,2823,235.16666666666663,0.17117465383560732
transect,target_error,2824,235.25,0.17119698140404466
transect,target_error,2825,235.33333333333337,0.17115090231697846
transect,target_error,2826,235.41666666666663,0.17199469468556122
transect,target_error,2827,235.5,0.17268189773878406
transect,target_error,2828,235.58333333333337,0.17285629966105515
transect,target_error,2829,235.66666666666663,0.1735085396535267
transect,target_error,2830,235.75,0.17217772172819573
transect,target_error,2831,235.83333333333337,0.1717121065628554
transect,target_error,2832,235.91666666666663,0.1711876000380682
transect,target_error,2833,236.0,0.17128342206289146
transect,target_error,2834,236.08333333333337,0.172098906783059
transect,target_error,2835,236.16666666666663,0.17045238541573568
transect,target_error,2836,236.25,0.1697310807796604
transect,target_error,2837,236.33333333333337,0.1706736296150221
transect,target_error,2838,236.41666666666663,0.17077396385014482
transect,target_error,2839,236.5,0.16904942865020348
transect,target_error,2840,236.58333333333337,0.16687215111595013
transect,target_error,2841,236.66666666666663,0.16719873035576768
transect,target_error,2842,236.75,0.16660582866627346
transect,target_error,2843,236.83333333333337,0.16463333620125972
transect,target_error,2844,236.91666666666663,0.16353366034178277
transect,target_error,2845,237.0,0.16028023588687132
transect,target_error,2846,237.08333333333337,0.15691677892138106
transect,target_error,2847,237.16666666666663,0.15507986627706055
transect,target_error,2848,237.25,0.15067686244435513
transect,target_error,2849,237.33333333333337,0.1505885936873367
transect,target_error,2850,237.41666666666663,0.14386136555795545
transect,target_error,2851,237.5,0.14429935986043402
transect,target_error,2852,237.58333333333337,0.137343756287941
transect,target_error,2853,237.66666666666663,0.1340002709698891
transect,target_error,2854,237.75,0.128750901918701
transect,target_error,2855,237.83333333333337,0.12408628705755702
transect,target_error,2856,237.91666666666663,0.12357923221897348
transect,target_error,2857,238.0,0.12300195465552786
transect,target_error,2858,238.08333333333337,0.12137022080214721
transect,target_error,2859,238.16666666666663,0.1215254924441026
transect,target_error,2860,238.25,0.12197014105549749
transect,target_error,2861,238.33333333333337,0.12213381019945463
transect,target_error,2862,238.41666666666663,0.12304037936368684
transect,target_error,2863,238.5,0.1254896519462897
transect,target_error,2864,238.58333333333337,0.126022731891642
transect,target_error,2865,238.66666666666663,0.1242474703426933
transect,target_error,2866,238.75,0.12799900647321763
transect,target_error,2867,238.83333333333337,0.12578266120455922
transect,target_error,2868,238.91666666666663,0.12505866457673814
transect,target_error,2869,239.0,0.12426344597387404
transect,target_error,2870,239.08333333333337,0.1240319380840471
transect,target_error,2871,239.16666666666663,0.1239272650313875
transect,target_error,2872,239.25,0.12391569257921377
transect,target_error,2873,239.33333333333337,0.12360610902075764
transect,target_error,2874,239.41666666666663,0.12404340048675182
transect,target_error,2875,239.5,0.12464312261988814
transect,target_error,2876,239.58333333333337,0.12532231275156916
transect,target_error,2877,239.66666666666663,0.12527156384039223
transect,target_error,2878,239.75,0.12489355480119593
transect,target_error,2879,239.83333333333337,0.1253873642599833
transect,target_error,2880,239.91666666666663,0.12630411804002503
transect,target_error,2881,240.0,0.1272518202142243
transect,target_error,2882,240.08333333333337,0.12745012096074199
transect,target_error,2883,240.16666666666663,0.12779006603488136
transect,target_error,2884,240.25,0.12772013269238777
transect,target_error,2885,240.33333333333337,0.1286844054333285
transect,target_error,2886,240.41666666666663,0.12914488136464192
transect,target_error,2887,240.5,0.12927703731002965
transect,target_error,2888,240.58333333333337,0.13013376982275085
transect,target_error,2889,240.66666666666663,0.13070071791698504
transect,target_error,2890,240.75,0.13101847171533318
transect,target_error,2891,240.83333333333337,0.13200379619319738
transect,target_error,2892,240.91666666666663,0.13259818213076485
transect,target_error,2893,241.0,0.1324271941059938
transect,target_error,2894,241.08333333333337,0.13369867427090878
transect,target_error,2895,241.16666666666663,0.1347270819545405
transect,target_error,2896,241.25,0.13621246126356137
transect,target_error,2897,241.33333333333337,0.136047661392544
transect,target_error,2898,241.41666666666663,0.13762790052563417
transect,target_error,2899,241.5,0.1386265630860448
transect,target_error,2900,241.58333333333337,0.13963191136703507
transect,target_error,2901,241.66666666666663,0.1415908145203323
transect,target_error,2902,241.75,0.14160892647880227
transect,target_error,2903,241.83333333333337,0.14192834100241208
transect,target_error,2904,241.91666666666663,0.14336734731977546
transect,target_error,2905,242.0,0.14622188087200913
transect,target_error,2906,242.08333333333337,0.14455589724414447
transect,target_error,2907,242.16666666666663,0.14355756937581574
transect,target_error,2908,242.25,0.14363011146073568
transect,target_error,2909,242.33333333333337,0.1419070951775224
transect,target_error,2910,242.41666666666663,0.14219672695479085
transect,target_error,2911,242.5,0.14134716672886358
transect,target_error,2912,242.58333333333337,0.14061897195641357
transect,target_error,2913,242.66666666666663,0.1422016092279818
transect,target_error,2914,242.75,0.1436652155680985
transect,target_error,2915,242.83333333333337,0.14309357883717133
transect,target_error,2916,242.91666666666663,0.14209002470806398
transect,target_error,2917,243.0,0.14292170771245238
transect,target_error,2918,243.08333333333337,0.1442405336289788
transect,target_error,2919,243.16666666666663,0.1457833495087665
transect,target_error,2920,243.25,0.1452401504200801
transect,target_error,2921,243.33333333333337,0.14727820695768723
transect,target_error,2922,243.41666666666663,0.14656992307293837
transect,target_error,2923,243.5,0.14662686902038105
transect,target_error,2924,243.58333333333337,0.1491897624066464
transect,target_error,2925,243.66666666666663,0.1508453070614493
transect,target_error,2926,243.75,0.149878973402294
transect,target_error,2927,243.83333333333337,0.14895168213876164
transect,target_error,2928,243.91666666666663,0.1487881924349031
transect,target_error,2929,244.0,0.15260710653213855
transect,target_error,2930,244.08333333333337,0.15372388812849616
transect,target_error,2931,244.16666666666663,0.15503267642509552
transect,target_error,2932,244.25,0.1546462121394592
transect,target_error,2933,244.33333333333337,0.1547260002336756
transect,target_error,2934,244.41666666666663,0.1544926161765163
transect,target_error,2935,244.5,0.1519987057232257
transect,target_error,2936,244.58333333333337,0.1501069290542699
transect,target_error,2937,244.66666666666663,0.15213022501608625
transect,target_error,2938,244.75,0.15580742264534886
transect,target_error,2939,244.83333333333337,0.15911301608879408
transect,target_error,2940,244.91666666666663,0.1601253929771472
transect,target_error,2941,245.0,0.16259172403910957
transect,target_error,2942,245.08333333333337,0.16391874179080015
transect,target_error,2943,245.16666666666663,0.16418509918089852
transect,target_error,2944,245.25,0.16377889575568078
transect,target_error,2945,245.33333333333337,0.16101157431013982
transect,target_error,2946,245.41666666666663,0.1622462389846012
transect,target_error,2947,245.5,0.16514541933656227
transect,target_error,2948,245.58333333333337,0.16630581683021056
transect,target_error,2949,245.66666666666663,0.16621152584430052
transect,target_error,2950,245.75,0.16738856250048853
transect,target_error,2951,245.83333333333337,0.1682649139858342
transect,target_error,2952,245.91666666666663,0.16737013353287772
transect,target_error,2953,246.0,0.1692463630842013
transect,target_error,2954,246.08333333333337,0.16880803285553023
transect,target_error,2955,246.16666666666663,0.16926121713201137
transect,target_error,2956,246.25,0.1690418251200812
transect,target_error,2957,246.33333333333337,0.17117102819422925
transect,target_error,2958,246.41666666666663,0.1715971736080379
transect,target_error,2959,246.5,0.17122066299831834
transect,target_error,2960,246.58333333333337,0.1724446462825512
transect,target_error,2961,246.66666666666663,0.17226770174864314
transect,target_error,2962,246.75,0.17204539358264617
transect,target_error,2963,246.83333333333337,0.17164668164010874
transect,target_error,2964,246.91666666666663,0.17181710383720725
transect,target_error,2965,247.0,0.17293115147828972
transect,target_error,2966,247.08333333333337,0.17315483281888527
transect,target_error,2967,247.16666666666663,0.17280866783662857
transect,target_error,2968,247.25,0.1742539550450842
transect,target_error,2969,247.33333333333337,0.17405971150869848
transect,target_error,2970,247.41666666666663,0.17405466285860807
transect,target_error,2971,247.5,0.174452004882156
transect,target_error,2972,247.58333333333337,0.1742544869593795
transect,target_error,2973,247.66666666666663,0.1737070786629126
transect,target_error,2974,247.75,0.17441554135093568
transect,target_error,2975,247.83333333333337,0.17563267480914463
transect,target_error,2976,247.91666666666663,0.1750385964853251
transect,target_error,2977,248.0,0.17587734323494367
transect,target_error,2978,248.08333333333337,0.17622700062659116
transect,target_error,2979,248.16666666666663,0.17675940596913836
transect,target_error,2980,248.25,0.17715019927829306
transect,target_error,2981,248.33333333333337,0.1769775424260468
transect,target_error,2982,248.41666666666663,0.176512578891938
transect,target_error,2983,248.5,0.17719565881016835
transect,target_error,2984,248.58333333333337,0.17664091678222743
transect,target_error,2985,248.66666666666663,0.1762394170076475
transect,target_error,2986,248.75,0.17715749357200863
transect,target_error,2987,248.83333333333337,0.17787278435789344
transect,target_error,2988,248.91666666666663,0.17765505793672517
transect,target_error,2989,249.0,0.17785270951745416
transect,target_error,2990,249.08333333333337,0.1788060023652402
transect,target_error,2991,249.16666666666663,0.17902484696594653
transect,target_error,2992,249.25,0.1783886806860614
transect,target_error,2993,249.33333333333337,0.178166594910736
transect,target_error,2994,249.41666666666663,0.17859093233366816
transect,target_error,2995,249.5,0.17860093746429725
transect,target_error,2996,249.58333333333337,0.1788392543258886
transect,target_error,2997,249.66666666666663,0.17918936206735467
transect,target_error,2998,249.75,0.17874553816774055
transect,target_error,2999,249.83333333333337,0.17906102865590762
transect,target_error,3000,249.91666666666663,0.1787091069882151
transect,target_error,3001,250.0,0.17934303110434666
transect,target_error,3002,250.08333333333337,0.17957179360791778
transect,target_error,3003,250.16666666666663,0.17991585074577318
transect,target_error,3004,250.25,0.18038101106061294
transect,target_error,3005,250.33333333333337,0.18036018988185312
transect,target_error,3006,250.41666666666663,0.1800558931240853
transect,target_error,3007,250.5,0.17956071102995383
transect,target_error,3008,250.58333333333337,0.178880022998194
transect,target_error,3009,250.66666666666663,0.18075062951666476
transect,target_error,3010,250.75,0.18045391019929785
transect,target_error,3011,250.83333333333337,0.17947997485040798
transect,target_error,3012,250.91666666666663,0.17987335254600056
transect,target_error,3013,251.0,0.17971830407958705
transect,target_error,3014,251.08333333333337,0.17982055792005575
transect,target_error,3015,251.16666666666663,0.1803627270815167
transect,target_error,3016,251.25,0.18114993753898598
transect,target_error,3017,251.33333333333337,0.1798604244917941
transect,target_error,3018,251.41666666666663,0.17865426786359997
transect,target_error,3019,251.5,0.18045437440661655
transect,target_error,3020,251.58333333333337,0.17778054280510477
transect,target_error,3021,251.66666666666663,0.18119834217759298
transect,target_error,3022,251.75,0.1815752782155236
transect,target_error,3023,251.83333333333337,0.18158860744268934
transect,target_error,3024,251.91666666666663,0.18067613652846273
transect,target_error,3025,252.0,0.17965468842115198
transect,target_error,3026,252.08333333333337,0.1778492579036259
transect,target_error,3027,252.16666666666663,0.1780711236628825
transect,target_error,3028,252.25,0.1783447747270015
transect,target_error,3029,252.33333333333337,0.17785797935573955
transect,target_error,3030,252.41666666666663,0.17728625618706315
transect,target_error,3031,252.5,0.17771675638411985
transect,target_error,3032,252.58333333333337,0.17459770140325712
transect,target_error,3033,252.66666666666663,0.1733570590387965
transect,target_error,3034,252.75,0.17210693994126022
transect,target_error,3035,252.83333333333337,0.17297741949579848
transect,target_error,3036,252.91666666666663,0.17496635134251615
transect,target_error,3037,253.0,0.17249890187401337
transect,target_error,3038,253.08333333333337,0.17162549079125156
transect,target_error,3039,253.16666666666663,0.16893168516695828
transect,target_error,3040,253.25,0.16933164876111276
transect,target_error,3041,253.33333333333337,0.1635827823225629
transect,target_error,3042,253.41666666666663,0.16176006694318115
transect,target_error,3043,253.5,0.15827421817204151
transect,target_error,3044,253.58333333333337,0.15609538566378203
transect,target_error,3045,253.66666666666663,0.1569682971590143
transect,target_error,3046,253.75,0.15884676778049395
transect,target_error,3047,253.83333333333337,0.15641427540599578
transect,target_error,3048,253.91666666666663,0.1490787313564498
transect,target_error,3049,254.0,0.15157707740539922
transect,target_error,3050,254.08333333333337,0.1459100073817351
transect,target_error,3051,254.16666666666663,0.14247394964297028
transect,target_error,3052,254.25,0.14592583366321799
transect,target_error,3053,254.33333333333337,0.13563043233585537
transect,target_error,3054,254.41666666666663,0.13415859624173918
transect,target_error,3055,254.5,0.12867112016290683
transect,target_error,3056,254.58333333333337,0.12792809042953152
transect,target_error,3057,254.66666666666663,0.12894834287460258
transect,target_error,3058,254.75,0.12817129766649532
transect,target_error,3059,254.83333333333337,0.1278683973899502
transect,target_error,3060,254.91666666666663,0.12804928638651228
transect,target_error,3061,255.0,0.12799271024636896
transect,target_error,3062,255.08333333333337,0.12824110723612808
transect,target_error,3063,255.16666666666663,0.12858164043442713
transect,target_error,3064,255.25,0.12990360598034434
transect,target_error,3065,255.33333333333337,0.13273834030035048
transect,target_error,3066,255.41666666666663,0.12918178104636158
transect,target_error,3067,255.5,0.13048049042132556
transect,target_error,3068,255.58333333333337,0.1317172372721636
transect,target_error,3069,255.66666666666663,0.1333159174546661
transect,target_error,3070,255.75,0.13274738447647114
transect,target_error,3071,255.83333333333337,0.13209327592554093
transect,target_error,3072,255.91666666666663,0.13195861897827627
transect,target_error,3073,256.0,0.13174654721996987
transect,target_error,3074,256.08333333333337,0.13126851765375946
transect,target_error,3075,256.16666666666663,0.13015455512007082
transect,target_error,3076,256.25,0.13096265123050205
transect,target_error,3077,256.33333333333337,0.12910443806580685
transect,target_error,3078,256.41666666666663,0.12885981147779765
transect,target_error,3079,256.5,0.12894701226057478
transect,target_error,3080,256.58333333333337,0.1290170173656036
transect,target_error,3081,256.66666666666663,0.1296292852642174
transect,target_error,3082,256.75,0.12933938848817356
transect,target_error,3083,256.83333333333337,0.12971831932941744
transect,target_error,3084,256.91666666666663,0.12958459395660382
transect,target_error,3085,257.0,0.13034444564310785
transect,target_error,3086,257.08333333333337,0.13005387347794375
transect,target_error,3087,257.16666666666663,0.13028150447283104
transect,target_error,3088,257.25,0.13122896940639742
transect,target_error,3089,257.33333333333337,0.13133295873123854
transect,target_error,3090,257.41666666666663,0.1308321486557554
transect,target_error,3091,257.5,0.13191723713793127
transect,target_error,3092,257.58333333333337,0.13234651073255668
transect,target_error,3093,257.66666666666663,0.13382149016767766
transect,target_error,3094,257.75,0.13485443668633854
transect,target_error,3095,257.83333333333337,0.13490589415767762
transect,target_error,3096,257.91666666666663,0.13517568125961332
transect,target_error,3097,258.0,0.135845094165734
transect,target_error,3098,258.08333333333337,0.13597924833157535
transect,target_error,3099,258.16666666666663,0.13629712380310913
transect,target_error,3100,258.25,0.13646584408263615
transect,target_error,3101,258.33333333333337,0.13787346776822235
transect,target_error,3102,258.41666666666663,0.13850188171853722
transect,target_error,3103,258.5,0.13883811631735585
transect,target_error,3104,258.58333333333337,0.1392619836576221
transect,target_error,3105,258.66666666666663,0.13869206719065436
transect,target_error,3106,258.75,0.13965959879217488
transect,target_error,3107,258.83333333333337,0.139383517715206
transect,target_error,3108,258.91666666666663,0.14012872368872553
transect,target_error,3109,259.0,0.1408845789325321
transect,target_error,3110,259.08333333333337,0.14149751721634582
transect,target_error,3111,259.16666666666663,0.14148980310199968
transect,target_error,3112,259.25,0.14215175725455098
transect,target_error,3113,259.33333333333337,0.1421233221591549
transect,target_error,3114,259.41666666666663,0.1420178533310873
transect,target_error,3115,259.5,0.14252904191735788
transect,target_error,3116,259.58333333333337,0.14238327817112065
transect,target_error,3117,259.66666666666663,0.14206508647789876
transect,target_error,3118,259.75,0.14231391774427732
transect,target_error,3119,259.83333333333337,0.14349283149996261
transect,target_error,3120,259.91666666666663,0.1440459204811666
transect,target_error,3121,260.0,0.14400296653116362
transect,target_error,3122,260.08333333333337,0.14416911941523902
transect,target_error,3123,260.16666666666663,0.1446576660896641
transect,target_error,3124,260.25,0.14465936102599464
transect,target_error,3125,260.33333333333337,0.14535480242323184
transect,target_error,3126,260.41666666666663,0.14521708269415015
transect,target_error,3127,260.5,0.14547596812214078
transect,target_error,3128,260.58333333333337,0.14602735450018772
transect,target_error,3129,260.66666666666663,0.14607180839830539
transect,target_error,3130,260.75,0.1464841645460173
transect,target_error,3131,260.83333333333337,0.14674920970958732
transect,target_error,3132,260.91666666666663,0.1468051546893175
transect,target_error,3133,261.0,0.14687243849297213
transect,target_error,3134,261.08333333333337,0.1470343164032434
transect,target_error,3135,261.16666666666663,0.14736859933842397
transect,target_error,3136,261.25,0.1472795640647943
transect,target_error,3137,261.33333333333337,0.14739147410984382
transect,target_error,3138,261.41666666666663,0.14754776726463179
transect,target_error,3139,261.5,0.14772654076861494
transect,target_error,3140,261.58333333333337,0.1489041309067011
transect,target_error,3141,261.66666666666663,0.14906900408553186
transect,target_error,3142,261.75,0.14897438043851
transect,target_error,3143,261.83333333333337,0.14896498482441223
transect,target_error,3144,261.91666666666663,0.14875746075865434
transect,target_error,3145,262.0,0.14904345857726797
transect,target_error,3146,262.08333333333337,0.14878034646209248
transect,target_error,3147,262.16666666666663,0.14900997462761467
transect,target_error,3148,262.25,0.149327070764443
transect,target_error,3149,262.33333333333337,0.14926453699746564
transect,target_error,3150,262.41666666666663,0.14986331554681906
transect,target_error,3151,262.5,0.14992894330775677
transect,target_error,3152,262.58333333333337,0.15092033415691253
transect,target_error,3153,262.66666666666663,0.14952053892488693
transect,target_error,3154,262.75,0.14998720838756846
transect,target_error,3155,262.83333333333337,0.15079965380956992
transect,target_error,3156,262.91666666666663,0.15068391194410513
transect,target_error,3157,263.0,0.15024974776697977
transect,target_error,3158,263.08333333333337,0.15044082288063787
transect,target_error,3159,263.16666666666663,0.1513492400606624
transect,target_error,3160,263.25,0.15213407579821442
transect,target_error,3161,263.33333333333337,0.15226035536024243
transect,target_error,3162,263.41666666666663,0.1521346202397369
transect,target_error,3163,263.5,0.15131092262890605
transect,target_error,3164,263.58333333333337,0.1518849692743982
transect,target_error,3165,263.66666666666663,0.1523522757833934
transect,target_error,3166,263.75,0.15216696799965995
transect,target_error,3167,263.83333333333337,0.1523175841879959
transect,target_error,3168,263.91666666666663,0.1524817046177516
transect,target_error,3169,264.0,0.15229654121565672
transect,target_error,3170,264.08333333333337,0.15205025607667222
transect,target_error,3171,264.16666666666663,0.1513981646083149
transect,target_error,3172,264.25,0.15128425342577767
transect,target_error,3173,264.33333333333337,0.15206155677610303
transect,target_error,3174,264.41666666666663,0.15219593447225216
transect,target_error,3175,264.5,0.15354775848660993
transect,target_error,3176,264.58333333333337,0.15375498407062846
transect,target_error,3177,264.66666666666663,0.15347507937424856
transect,target_error,3178,264.75,0.1531626590543449
transect,target_error,3179,264.83333333333337,0.15363805419069718
transect,target_error,3180,264.91666666666663,0.15375275422837809
transect,target_error,3181,265.0,0.15436136982474005
transect,target_error,3182,265.08333333333337,0.15493363071554486
transect,target_error,3183,265.16666666666663,0.15483878011302754
transect,target_error,3184,265.25,0.1541016988938129
transect,target_error,3185,265.33333333333337,0.15423599930664597
transect,target_error,3186,265.41666666666663,0.15479835328385155
transect,target_error,3187,265.5,0.15496499524222027
transect,target_error,3188,265.58333333333337,0.15590137806457804
transect,target_error,3189,265.66666666666663,0.1564520643204812
transect,target_error,3190,265.75,0.15615391753739885
transect,target_error,3191,265.83333333333337,0.15689302842044087
transect,target_error,3192,265.91666666666663,0.15777795672115927
transect,target_error,3193,266.0,0.15708224934301576
transect,target_error,3194,266.08333333333337,0.1573529540398742
transect,target_error,3195,266.16666666666663,0.15821456605393885
transect,target_error,3196,266.25,0.15870426026186066
transect,target_error,3197,266.33333333333337,0.15854203021826863
transect,target_error,3198,266.41666666666663,0.15908957115572286
transect,target_error,3199,266.5,0.15946693255504124
transect,target_error,3200,266.58333333333337,0.1593899771807564
transect,target_error,3201,266.66666666666663,0.15936916745249924
transect,target_error,3202,266.75,0.15953197977338857
transect,target_error,3203,266.83333333333337,0.15970281945821221
transect,target_error,3204,266.91666666666663,0.15966979071305543
transect,target_error,3205,267.0,0.15972038048453985
transect,target_error,3206,267.08333333333337,0.16053739234457015
transect,target_error,3207,267.16666666666663,0.1605054814412973
transect,target_error,3208,267.25,0.16098257294737042
transect,target_error,3209,267.33333333333337,0.16100310269967863
transect,target_error,3210,267.41666666666663,0.16126851906420175
transect,target_error,3211,267.5,0.1614146757285213
transect,target_error,3212,267.58333333333337,0.16153514455568965
transect,target_error,3213,267.66666666666663,0.16209618663518047
transect,target_error,3214,267.75,0.16276878658534397
transect,target_error,3215,267.83333333333337,0.1624101333268039
transect,target_error,3216,267.91666666666663,0.16219294822140046
transect,target_error,3217,268.0,0.16194792666849905
transect,target_error,3218,268.08333333333337,0.16223313393613498
transect,target_error,3219,268.16666666666663,0.16271402062308543
transect,target_error,3220,268.25,0.16291817657389093
transect,target_error,3221,268.33333333333337,0.16298675240512875
transect,target_error,3222,268.41666666666663,0.16267374089227443
transect,target_error,3223,268.5,0.16381926755297277
transect,target_error,3224,268.58333333333337,0.16464930713970988
transect,target_error,3225,268.66666666666663,0.1641589571326665
transect,target_error,3226,268.75,0.16429531312507376
transect,target_error,3227,268.83333333333337,0.1647235324051386
transect,target_error,3228,268.91666666666663,0.16527763993973096
transect,target_error,3229,269.0,0.16492701620462832
transect,target_error,3230,269.08333333333337,0.1653859328215312
transect,target_error,3231,269.16666666666663,0.1650943676878572
transect,target_error,3232,269.25,0.16535158205835895
transect,target_error,3233,269.33333333333337,0.16543486804647473
transect,target_error,3234,269.41666666666663,0.16521859412256545
transect,target_error,3235,269.5,0.16512237185427023
transect,target_error,3236,269.58333333333337,0.16635214667342385
transect,target_error,3237,269.66666666666663,0.16629559828033263
transect,target_error,3238,269.75,0.16583946410741374
transect,target_error,3239,269.83333333333337,0.1663481763240743
transect,target_error,3240,269.91666666666663,0.16641372228074097
transect,target_error,3241,270.0,0.16772723436049933
transect,target_error,3242,270.08333333333337,0.16681383503521585
transect,target_error,3243,270.16666666666663,0.16658730699219693
transect,target_error,3244,270.25,0.16549064780540948
transect,target_error,3245,270.33333333333337,0.16492593614569748
transect,target_error,3246,270.41666666666663,0.16477228774983832
transect,target_error,3247,270.5,0.16432948755917645
transect,target_error,3248,270.58333333333337,0.16424401093572089
transect,target_error,3249,270.66666666666663,0.16369037839436806
transect,target_error,3250,270.75,0.16163968588514158
transect,target_error,3251,270.83333333333337,0.16002690708268372
transect,target_error,3252,270.91666666666663,0.15849695514446563
transect,target_error,3253,271.0,0.1576561892873341
transect,target_error,3254,271.08333333333337,0.15841920522583086
transect,target_error,3255,271.16666666666663,0.15808166933986195
transect,target_error,3256,271.25,0.15591767695920855
transect,target_error,3257,271.33333333333337,0.15452459290982581
transect,target_error,3258,271.41666666666663,0.15158668178964566
transect,target_error,3259,271.5,0.15043209806213798
transect,target_error,3260,271.58333333333337,0.14459695365250905
transect,target_error,3261,271.66666666666663,0.14199546049364037
transect,target_error,3262,271.75,0.13672195078195246
transect,target_error,3263,271.83333333333337,0.13366595675918302
transect,target_error,3264,271.91666666666663,0.12839198784336853
transect,target_error,3265,272.0,0.12563231053081336
transect,target_error,3266,272.08333333333337,0.12399157351968977
transect,target_error,3267,272.16666666666663,0.12117862848274581
transect,target_error,3268,272.25,0.1175320978294109
transect,target_error,3269,272.33333333333337,0.11551228749048961
transect,target_error,3270,272.41666666666663,0.11688128971591666
transect,target_error,3271,272.5,0.11649221084626264
transect,target_error,3272,272.58333333333337,0.12005055756178938
transect,target_error,3273,272.66666666666663,0.1216296498077323
transect,target_error,3274,272.75,0.13768978533583778
transect,target_error,3275,272.83333333333337,0.13946247256397915
transect,target_error,3276,272.91666666666663,0.1390186421300829
transect,target_error,3277,273.0,0.14090413020312545
transect,target_error,3278,273.08333333333337,0.13110758583162055
transect,target_error,3279,273.16666666666663,0.13241546180227576
transect,target_error,3280,273.25,0.1253216036201721
transect,target_error,3281,273.33333333333337,0.12386734376372428
transect,target_error,3282,273.41666666666663,0.13669717697629485
transect,target_error,3283,273.5,0.12530035180710544
transect,target_error,3284,273.58333333333337,0.11774332362984488
transect,target_error,3285,273.66666666666663,0.11843468074817903
transect,target_error,3286,273.75,0.12149313280868247
transect,target_error,3287,273.83333333333337,0.11850840556466805
transect,target_error,3288,273.91666666666663,0.11752052221214193
transect,target_error,3289,274.0,0.1168341676036509
transect,target_error,3290,274.08333333333337,0.1152391995939369
transect,target_error,3291,274.16666666666663,0.11536188988260529
transect,target_error,3292,274.25,0.11682774804126454
transect,target_error,3293,274.33333333333337,0.11769557634031216
transect,target_error,3294,274.41666666666663,0.11778916875488163
transect,target_error,3295,274.5,0.11836947642463126
transect,target_error,3296,274.58333333333337,0.11958451698324585
transect,target_error,3297,274.66666666666663,0.12011279314494615
transect,target_error,3298,274.75,0.11973389968356137
transect,target_error,3299,274.83333333333337,0.12002450617077212
transect,target_error,3300,274.91666666666663,0.12068377032022606
transect,target_error,3301,275.0,0.12089087734507092
transect,target_error,3302,275.08333333333337,0.12079051691012094
transect,target_error,3303,275.16666666666663,0.12210575522117725
transect,target_error,3304,275.25,0.12649074713706485
transect,target_error,3305,275.33333333333337,0.1290687692647532
transect,target_error,3306,275.41666666666663,0.1306585671154266
transect,target_error,3307,275.5,0.13199182396358206
transect,target_error,3308,275.58333333333337,0.1341654420045611
transect,target_error,3309,275.66666666666663,0.1325470235321959
transect,target_error,3310,275.75,0.1344250991654906
transect,target_error,3311,275.83333333333337,0.13440393211749987
transect,target_error,3312,275.91666666666663,0.1346307554734463
transect,target_error,3313,276.0,0.13511163399209122
transect,target_error,3314,276.08333333333337,0.13545946687676544
transect,target_error,3315,276.16666666666663,0.133195490805073
transect,target_error,3316,276.25,0.13118001801981127
transect,target_error,3317,276.33333333333337,0.12848617808719706
transect,target_error,3318,276.41666666666663,0.13155303761838358
transect,target_error,3319,276.5,0.13273871275857185
transect,target_error,3320,276.58333333333337,0.132988937501829
transect,target_error,3321,276.66666666666663,0.1298007291540969
transect,target_error,3322,276.75,0.13487679047279777
transect,target_error,3323,276.83333333333337,0.1397334336295145
transect,target_error,3324,276.91666666666663,0.14234939231847865
transect,target_error,3325,277.0,0.1420085506852314
transect,target_error,3326,277.08333333333337,0.14348485776721273
transect,target_error,3327,277.16666666666663,0.14000752710435535
transect,target_error,3328,277.25,0.13995204436461878
transect,target_error,3329,277.33333333333337,0.14652037291422074
transect,target_error,3330,277.41666666666663,0.1473345760805383
transect,target_error,3331,277.5,0.1462590303780489
transect,target_error,3332,277.58333333333337,0.14252716481270664
transect,target_error,3333,277.66666666666663,0.14155615244408462
transect,target_error,3334,277.75,0.14083604809120692
transect,target_error,3335,277.83333333333337,0.1423262023816917
transect,target_error,3336,277.91666666666663,0.14275948016279966
transect,target_error,3337,278.0,0.14505732070592217
transect,target_error,3338,278.08333333333337,0.14370182445743085
transect,target_error,3339,278.16666666666663,0.1432812438270924
transect,target_error,3340,278.25,0.14467678909989537
transect,target_error,3341,278.33333333333337,0.14140081702075963
transect,target_error,3342,278.41666666666663,0.1412369167608147
transect,target_error,3343,278.5,0.14406980795566823
transect,target_error,3344,278.58333333333337,0.14411377950287613
transect,target_error,3345,278.66666666666663,0.1472070996364469
transect,target_error,3346,278.75,0.14893196054911467
transect,target_error,3347,278.83333333333337,0.14922364554790102
transect,target_error,3348,278.91666666666663,0.14944312569671603
transect,target_error,3349,279.0,0.15066810118539126
transect,target_error,3350,279.08333333333337,0.15410606632156393
transect,target_error,3351,279.16666666666663,0.15525678916196822
transect,target_error,3352,279.25,0.15602869352248222
transect,target_error,3353,279.33333333333337,0.154781858613269
transect,target_error,3354,279.41666666666663,0.15696941194973385
transect,target_error,3355,279.5,0.1596944362544522
transect,target_error,3356,279.58333333333337,0.15897077885710814
transect,target_error,3357,279.66666666666663,0.16050402293862676
transect,target_error,3358,279.75,0.1607930939942958
transect,target_error,3359,279.83333333333337,0.1618394047978292
transect,target_error,3360,279.91666666666663,0.16140807478032712
transect,target_error,3361,280.0,0.16196651493065545
transect,target_error,3362,280.08333333333337,0.16341552940322188
transect,target_error,3363,280.16666666666663,0.16411553050304714
transect,target_error,3364,280.25,0.1666224737158952
transect,target_error,3365,280.33333333333337,0.16502460718522285
transect,target_error,3366,280.41666666666663,0.16632621838571424
transect,target_error,3367,280.5,0.1643808578585
transect,target_error,3368,280.58333333333337,0.16526081546756538
transect,target_error,3369,280.66666666666663,0.16599407250460674
transect,target_error,3370,280.75,0.16739817196315365
transect,target_error,3371,280.83333333333337,0.16824550736359833
transect,target_error,3372,280.91666666666663,0.16892812309901611
transect,target_error,3373,281.0,0.16843422194384977
transect,target_error,3374,281.08333333333337,0.16805521041219817
transect,target_error,3375,281.16666666666663,0.16848809795787492
transect,target_error,3376,281.25,0.16861797495317696
transect,target_error,3377,281.33333333333337,0.16750863878117173
transect,target_error,3378,281.41666666666663,0.169070313854698
transect,target_error,3379,281.5,0.16947001172622309
transect,target_error,3380,281.58333333333337,0.1690592193502672
transect,target_error,3381,281.66666666666663,0.1691764581644792
transect,target_error,3382,281.75,0.17077575299673728
transect,target_error,3383,281.83333333333337,0.17110857230197854
transect,target_error,3384,281.91666666666663,0.1701691122187296
transect,target_error,3385,282.0,0.169753667308222
transect,target_error,3386,282.08333333333337,0.16964725079075904
transect,target_error,3387,282.16666666666663,0.1695753488135659
transect,target_error,3388,282.25,0.17122565432752587
transect,target_error,3389,282.33333333333337,0.17198603196634166
transect,target_error,3390,282.41666666666663,0.17200982343431934
transect,target_error,3391,282.5,0.17222997085094083
transect,target_error,3392,282.58333333333337,0.1721904343520574
transect,target_error,3393,282.66666666666663,0.1726082930921126
transect,target_error,3394,282.75,0.1724870957971721
transect,target_error,3395,282.83333333333337,0.17226185716231143
transect,target_error,3396,282.91666666666663,0.17249503893994172
transect,target_error,3397,283.0,0.17275908889219255
transect,target_error,3398,283.08333333333337,0.17294350962649385
transect,target_error,3399,283.16666666666663,0.1734009502168947
transect,target_error,3400,283.25,0.17321773923694264
transect,target_error,3401,283.33333333333337,0.17347263813591104
transect,target_error,3402,283.41666666666663,0.17409051107298043
transect,target_error,3403,283.5,0.17373337702402453
transect,target_error,3404,283.58333333333337,0.17434672485655034
transect,target_error,3405,283.66666666666663,0.17427580633409923
transect,target_error,3406,283.75,0.1743767962550839
transect,target_error,3407,283.83333333333337,0.1749456525405622
transect,target_error,3408,283.91666666666663,0.17479730930175216
transect,target_error,3409,284.0,0.17454471151109677
transect,target_error,3410,284.08333333333337,0.1746772164856573
transect,target_error,3411,284.16666666666663,0.17484982963860118
transect,target_error,3412,284.25,0.17474759533122813
transect,target_error,3413,284.33333333333337,0.17488406245118215
transect,target_error,3414,284.41666666666663,0.17468656182700162
transect,target_error,3415,284.5,0.1749649233892335
transect,target_error,3416,284.58333333333337,0.17488520918909028
transect,target_error,3417,284.66666666666663,0.17495761185842681
transect,target_error,3418,284.75,0.17509201806043306
transect,target_error,3419,284.83333333333337,0.1749486790645953
transect,target_error,3420,284.91666666666663,0.17508453439830599
transect,target_error,3421,285.0,0.17493222821475635
transect,target_error,3422,285.08333333333337,0.17498330806961548
transect,target_error,3423,285.16666666666663,0.1751235173313196
transect,target_error,3424,285.25,0.17542176268637977
transect,target_error,3425,285.33333333333337,0.17516052244679325
transect,target_error,3426,285.41666666666663,0.1754886809251708
transect,target_error,3427,285.5,0.17542031726247706
transect,target_error,3428,285.58333333333337,0.17539647201531877
transect,target_error,3429,285.66666666666663,0.1753478734017885
transect,target_error,3430,285.75,0.1751794570719664
transect,target_error,3431,285.83333333333337,0.17530968869172947
transect,target_error,3432,285.91666666666663,0.17522630091266322
transect,target_error,3433,286.0,0.17517818285068726
transect,target_error,3434,286.08333333333337,0.1753659864127348
transect,target_error,3435,286.16666666666663,0.17526292775801156
transect,target_error,3436,286.25,0.17553986908740732
transect,target_error,3437,286.33333333333337,0.17545208043162633
transect,target_error,3438,286.41666666666663,0.1754057823654665
transect,target_error,3439,286.5,0.17538114103365784
transect,target_error,3440,286.58333333333337,0.17536635304057002
transect,target_error,3441,286.66666666666663,0.17545134324020498
transect,target_error,3442,286.75,0.17535878265716942
transect,target_error,3443,286.83333333333337,0.1754020700885305
transect,target_error,3444,286.91666666666663,0.1754207697697274
transect,target_error,3445,287.0,0.17540014797076015
transect,target_error,3446,287.08333333333337,0.17557965271671694
transect,target_error,3447,287.16666666666663,0.17580309623563092
transect,target_error,3448,287.25,0.17561386327776263
transect,target_error,3449,287.33333333333337,0.17530085597612588
transect,target_error,3450,287.41666666666663,0.1752776935089242
transect,target_error,3451,287.5,0.17523789266794434
transect,target_error,3452,287.58333333333337,0.17555957725472895
transect,target_error,3453,287.66666666666663,0.17531735954100033
transect,target_error,3454,287.75,0.17513104178014532
transect,target_error,3455,287.83333333333337,0.1750147245164254
transect,target_error,3456,287.91666666666663,0.17529740213538278
transect,target_error,3457,288.0,0.175599765328544
transect,target_error,3458,288.08333333333337,0.1758752459853349
transect,target_error,3459,288.16666666666663,0.17613666329439223
transect,target_error,3460,288.25,0.17583952260777536
transect,target_error,3461,288.33333333333337,0.1757906855785561
transect,target_error,3462,288.41666666666663,0.17554045729145043
transect,target_error,3463,288.5,0.1755867299169574
transect,target_error,3464,288.58333333333337,0.17491502948923954
transect,target_error,3465,288.66666666666663,0.1748919289405586
transect,target_error,3466,288.75,0.17499055880040584
transect,target_error,3467,288.83333333333337,0.1754839738032197
transect,target_error,3468,288.91666666666663,0.1752287832412162
transect,target_error,3469,289.0,0.17519606871824955
transect,target_error,3470,289.08333333333337,0.17516112862310995
transect,target_error,3471,289.16666666666663,0.17473765425985316
transect,target_error,3472,289.25,0.1747682133049884
transect,target_error,3473,289.33333333333337,0.17531053179125797
transect,target_error,3474,289.41666666666663,0.1757756591193892
transect,target_error,3475,289.5,0.1755784982586011
transect,target_error,3476,289.58333333333337,0.17512892249460393
transect,target_error,3477,289.66666666666663,0.17507654625032082
transect,target_error,3478,289.75,0.1754662238586557
transect,target_error,3479,289.83333333333337,0.17526627788525811
transect,target_error,3480,289.91666666666663,0.17532853419375574
transect,target_error,3481,290.0,0.17581567113515864
transect,target_error,3482,290.08333333333337,0.1753200588410952
transect,target_error,3483,290.16666666666663,0.1756679760583089
transect,target_error,3484,290.25,0.17576852193085618
transect,target_error,3485,290.33333333333337,0.1759731421083045
transect,target_error,3486,290.41666666666663,0.17595391905252436
transect,target_error,3487,290.5,0.17577924770117556
transect,target_error,3488,290.58333333333337,0.17588402894919425
transect,target_error,3489,290.66666666666663,0.17619456511095433
transect,target_error,3490,290.75,0.17596277637485472
transect,target_error,3491,290.83333333333337,0.17636702768951024
transect,target_error,3492,290.91666666666663,0.1764137906800345
transect,target_error,3493,291.0,0.1764911886022738
transect,target_error,3494,291.08333333333337,0.1758239145790107
transect,target_error,3495,291.16666666666663,0.1762037044213821
transect,target_error,3496,291.25,0.17637708086709386
transect,target_error,3497,291.33333333333337,0.17604000452523635
transect,target_error,3498,291.41666666666663,0.1759942900566455
transect,target_error,3499,291.5,0.1761377769213492
transect,target_error,3500,291.58333333333337,0.17608190478300279
transect,target_error,3501,291.66666666666663,0.17656457870429274
transect,target_error,3502,291.75,0.17661832961922475
transect,target_error,3503,291.83333333333337,0.1764594015993415
transect,target_error,3504,291.91666666666663,0.17626423922959522
transect,target_error,3505,292.0,0.17639310369060301
transect,target_error,3506,292.08333333333337,0.17630530714723697
transect,target_error,3507,292.16666666666663,0.17633470377224658
transect,target_error,3508,292.25,0.17616802900307962
transect,target_error,3509,292.33333333333337,0.17587146675518867
transect,target_error,3510,292.41666666666663,0.17585919555255558
transect,target_error,3511,292.5,0.17566281706224188
transect,target_error,3512,292.58333333333337,0.1752129587966963
transect,target_error,3513,292.66666666666663,0.17491817313857316
transect,target_error,3514,292.75,0.17473029097757709
transect,target_error,3515,292.83333333333337,0.17389271337875828
transect,target_error,3516,292.91666666666663,0.17265126587267968
transect,target_error,3517,293.0,0.17074852460331028
transect,target_error,3518,293.08333333333337,0.17139056562655994
transect,target_error,3519,293.16666666666663,0.17081596115639616
transect,target_error,3520,293.25,0.16988545313324882
transect,target_error,3521,293.33333333333337,0.171306710483337
transect,target_error,3522,293.41666666666663,0.1703549652820116
transect,target_error,3523,293.5,0.16857629855004094
transect,target_error,3524,293.58333333333337,0.1674692902851819
transect,target_error,3525,293.66666666666663,0.16498559767860044
transect,target_error,3526,293.75,0.16427683907630403
transect,target_error,3527,293.83333333333337,0.16556440819364454
transect,target_error,3528,293.91666666666663,0.16408346470277335
transect,target_error,3529,294.0,0.16322142906721815
transect,target_error,3530,294.08333333333337,0.16255464741654266
transect,target_error,3531,294.16666666666663,0.16293289724059395
transect,target_error,3532,294.25,0.16378066512412967
transect,target_error,3533,294.33333333333337,0.1620630789249658
transect,target_error,3534,294.41666666666663,0.16138499710069526
transect,target_error,3535,294.5,0.16211995905509724
transect,target_error,3536,294.58333333333337,0.1623270864874475
transect,target_error,3537,294.66666666666663,0.16320210597906495
transect,target_error,3538,294.75,0.16300920200085456
transect,target_error,3539,294.83333333333337,0.1629726672754068
transect,target_error,3540,294.91666666666663,0.16371822372574207
transect,target_error,3541,295.0,0.16418380813983882
transect,target_error,3542,295.08333333333337,0.16378640308262926
transect,target_error,3543,295.16666666666663,0.16400049897288543
transect,target_error,3544,295.25,0.16364984164158683
transect,target_error,3545,295.33333333333337,0.16392081376041243
transect,target_error,3546,295.41666666666663,0.16405366199606986
transect,target_error,3547,295.5,0.1650090621760585
transect,target_error,3548,295.58333333333337,0.16495144823458432
transect,target_error,3549,295.66666666666663,0.16545567528181085
transect,target_error,3550,295.75,0.16550266670085786
transect,target_error,3551,295.83333333333337,0.16550113982387626
transect,target_error,3552,295.91666666666663,0.16542403751035245
transect,target_error,3553,296.0,0.16573877282308339
transect,target_error,3554,296.08333333333337,0.1661809668255276
transect,target_error,3555,296.16666666666663,0.16615650078465888
transect,target_error,3556,296.25,0.1662249707247675
transect,target_error,3557,296.33333333333337,0.16647009955929543
transect,target_error,3558,296.41666666666663,0.16671344806508934
transect,target_error,3559,296.5,0.16683919345022497
transect,target_error,3560,296.58333333333337,0.16711180701555248
transect,target_error,3561,296.66666666666663,0.16673835889476568
transect,target_error,3562,296.75,0.16716801407103657
transect,target_error,3563,296.83333333333337,0.16795510119560367
transect,target_error,3564,296.91666666666663,0.16776723914478495
transect,target_error,3565,297.0,0.16751652434521694
transect,target_error,3566,297.08333333333337,0.16803565849360003
transect,target_error,3567,297.16666666666663,0.16762893988283603
transect,target_error,3568,297.25,0.16752742093063525
transect,target_error,3569,297.33333333333337,0.167924365218977
transect,target_error,3570,297.41666666666663,0.16762200318155812
transect,target_error,3571,297.5,0.16772552959036685
transect,target_error,3572,297.58333333333337,0.16761749135726886
transect,target_error,3573,297.66666666666663,0.16789397644995174
transect,target_error,3574,297.75,0.1684488324195777
transect,target_error,3575,297.83333333333337,0.16862137132970423
transect,target_error,3576,297.91666666666663,0.16860624590776505
transect,target_error,3577,298.0,0.16880813958834104
transect,target_error,3578,298.08333333333337,0.1689103916780026
transect,target_error,3579,298.16666666666663,0.16946566721245865
transect,target_error,3580,298.25,0.16965434998764375
transect,target_error,3581,298.33333333333337,0.16956666383938784
transect,target_error,3582,298.41666666666663,0.169590196479353
transect,target_error,3583,298.5,0.16933877946137443
transect,target_error,3584,298.58333333333337,0.16935023391858206
transect,target_error,3585,298.66666666666663,0.16946751150729167
transect,target_error,3586,298.75,0.1695092621710709
transect,target_error,3587,298.83333333333337,0.16974288124142015
transect,target_error,3588,298.91666666666663,0.16981788709493403
transect,target_error,3589,299.0,0.16968658604091014
transect,target_error,3590,299.08333333333337,0.16973580719268377
transect,target_error,3591,299.16666666666663,0.1693289813064223
transect,target_error,3592,299.25,0.16920635564576508
transect,target_error,3593,299.33333333333337,0.169409591674862
transect,target_error,3594,299.41666666666663,0.16932673190618552
transect,target_error,3595,299.5,0.16926290581772388
transect,target_error,3596,299.58333333333337,0.16940931615746588
transect,target_error,3597,299.66666666666663,0.16924942693238876
transect,target_error,3598,299.75,0.16907555014408984
transect,target_error,3599,299.83333333333337,0.16865641775344695
transect,target_error,3600,299.91666666666663,0.16880456879419328
transect,target_error,3601,300.0,0.16879579613866985
transect,target_error,3602,300.08333333333337,0.16806938279658393
transect,target_error,3603,300.16666666666663,0.16785470492899668
transect,target_error,3604,300.25,0.16712875796002358
transect,target_error,3605,300.33333333333337,0.1665374402730798
transect,target_error,3606,300.41666666666663,0.16627237635912143
transect,target_error,3607,300.5,0.1663545883206685
transect,target_error,3608,300.58333333333337,0.16552676916384376
transect,target_error,3609,300.66666666666663,0.16449396823426224
transect,target_error,3610,300.75,0.16452268962445235
transect,target_error,3611,300.83333333333337,0.16423703501972609
transect,target_error,3612,300.91666666666663,0.16274074348557557
transect,target_error,3613,301.0,0.16133039562719007
transect,target_error,3614,301.08333333333337,0.15603351999793807
transect,target_error,3615,301.16666666666663,0.1532452715674831
transect,target_error,3616,301.25,0.15301176306914988
transect,target_error,3617,301.33333333333337,0.14765682624483287
transect,target_error,3618,301.41666666666663,0.14353258820252365
transect,target_error,3619,301.5,0.14151082682108934
transect,target_error,3620,301.58333333333337,0.1368250719017223
transect,target_error,3621,301.66666666666663,0.1356148118501772
transect,target_error,3622,301.75,0.13502652344705987
transect,target_error,3623,301.83333333333337,0.12674591879668995
transect,target_error,3624,301.91666666666663,0.12657730863507335
transect,target_error,3625,302.0,0.12708113845342328
transect,target_error,3626,302.08333333333337,0.12591990792123403
transect,target_error,3627,302.16666666666663,0.12455500647292377
transect,target_error,3628,302.25,0.12322484447726079
transect,target_error,3629,302.33333333333337,0.12277247265815514
transect,target_error,3630,302.41666666666663,0.1226493568732755
transect,target_error,3631,302.5,0.12266833030107603
transect,target_error,3632,302.58333333333337,0.12272243608215071
transect,target_error,3633,302.66666666666663,0.12327565491572005
transect,target_error,3634,302.75,0.12349443875357986
transect,target_error,3635,302.83333333333337,0.12299490163092318
transect,target_error,3636,302.91666666666663,0.12316419825521523
transect,target_error,3637,303.0,0.12372348871938553
transect,target_error,3638,303.08333333333337,0.12426489208018615
transect,target_error,3639,303.16666666666663,0.12477316647863025
transect,target_error,3640,303.25,0.12433623852035734
transect,target_error,3641,303.33333333333337,0.12507433412205693
transect,target_error,3642,303.41666666666663,0.1250673685694325
transect,target_error,3643,303.5,0.12635081907720946
transect,target_error,3644,303.58333333333337,0.1270641199742093
transect,target_error,3645,303.66666666666663,0.1274727427640771
transect,target_error,3646,303.75,0.1287078269910339
transect,target_error,3647,303.83333333333337,0.12847471974630298
transect,target_error,3648,303.91666666666663,0.12908556109191208
transect,target_error,3649,304.0,0.1301188616294211
transect,target_error,3650,304.08333333333337,0.1298886097031298
transect,target_error,3651,304.16666666666663,0.1305792019209273
transect,target_error,3652,304.25,0.13030376941986335
transect,target_error,3653,304.33333333333337,0.13181671621519017
transect,target_error,3654,304.41666666666663,0.13237363496229526
transect,target_error,3655,304.5,0.13335573419061197
transect,target_error,3656,304.58333333333337,0.13319053927518718
transect,target_error,3657,304.66666666666663,0.13388833022636779
transect,target_error,3658,304.75,0.1335379981986465
transect,target_error,3659,304.83333333333337,0.13460510132651518
transect,target_error,3660,304.91666666666663,0.1355989849164377
transect,target_error,3661,305.0,0.13382437525344515
transect,target_error,3662,305.08333333333337,0.13453000508326637
transect,target_error,3663,305.16666666666663,0.13586150428996005
transect,target_error,3664,305.25,0.1350474437718364
transect,target_error,3665,305.33333333333337,0.13613071890252268
transect,target_error,3666,305.41666666666663,0.13498506470497726
transect,target_error,3667,305.5,0.13356009092050908
transect,target_error,3668,305.58333333333337,0.13367074842107254
transect,target_error,3669,305.66666666666663,0.1317300120266081
transect,target_error,3670,305.75,0.1319817041586689
transect,target_error,3671,305.83333333333337,0.1312561675197462
transect,target_error,3672,305.91666666666663,0.13215103964211203
transect,target_error,3673,306.0,0.13094317954725784
transect,target_error,3674,306.08333333333337,0.13364706260605677
transect,target_error,3675,306.16666666666663,0.1296589824980267
transect,target_error,3676,306.25,0.12961219993726697
transect,target_error,3677,306.33333333333337,0.1280394965816591
transect,target_error,3678,306.41666666666663,0.1267943714495618
transect,target_error,3679,306.5,0.1258199574388605
transect,target_error,3680,306.58333333333337,0.12541128587378336
transect,target_error,3681,306.66666666666663,0.12556130759857115
transect,target_error,3682,306.75,0.12613065851042304
transect,target_error,3683,306.83333333333337,0.1254471672761983
transect,target_error,3684,306.91666666666663,0.12581879362597367
transect,target_error,3685,307.0,0.12638472399291248
transect,target_error,3686,307.08333333333337,0.12541912602795258
transect,target_error,3687,307.16666666666663,0.12495807410975784
transect,target_error,3688,307.25,0.12487592981297237
transect,target_error,3689,307.33333333333337,0.12561992433971714
transect,target_error,3690,307.41666666666663,0.12534241501265223
transect,target_error,3691,307.5,0.1267031412365636
transect,target_error,3692,307.58333333333337,0.12801430384496978
transect,target_error,3693,307.66666666666663,0.12577335921460056
transect,target_error,3694,307.75,0.12533176685678146
transect,target_error,3695,307.83333333333337,0.12510225169020603
transect,target_error,3696,307.91666666666663,0.1251159405388883
transect,target_error,3697,308.0,0.12517391651340662
transect,target_error,3698,308.08333333333337,0.12520900093452195
transect,target_error,3699,308.16666666666663,0.12519387299094964
transect,target_error,3700,308.25,0.12523759626166864
transect,target_error,3701,308.33333333333337,0.12531520363425985
transect,target_error,3702,308.41666666666663,0.12583919551840747
transect,target_error,3703,308.5,0.1261803800710768
transect,target_error,3704,308.58333333333337,0.12673286231599631
transect,target_error,3705,308.66666666666663,0.12646266316365934
transect,target_error,3706,308.75,0.12636986783101933
transect,target_error,3707,308.83333333333337,0.1274297518491938
transect,target_error,3708,308.91666666666663,0.12820976987258625
transect,target_error,3709,309.0,0.12896247731350607
transect,target_error,3710,309.08333333333337,0.1282046309866679
transect,target_error,3711,309.16666666666663,0.12881897671008138
transect,target_error,3712,309.25,0.1297503108920847
transect,target_error,3713,309.33333333333337,0.13040789778501446
transect,target_error,3714,309.41666666666663,0.13013601818860118
transect,target_error,3715,309.5,0.13118801021775117
transect,target_error,3716,309.58333333333337,0.13176926403552294
transect,target_error,3717,309.66666666666663,0.1312305280035356
transect,target_error,3718,309.75,0.13163011951239106
transect,target_error,3719,309.83333333333337,0.1324574608975512
transect,target_error,3720,309.91666666666663,0.13301887967753656
transect,target_error,3721,310.0,0.13354100520973447
transect,target_error,3722,310.08333333333337,0.1352306195250882
transect,target_error,3723,310.16666666666663,0.13527829294316862
transect,target_error,3724,310.25,0.13471322759294999
transect,target_error,3725,310.33333333333337,0.13551561633109074
transect,target_error,3726,310.41666666666663,0.13653226064081259
transect,target_error,3727,310.5,0.13701946966692743
transect,target_error,3728,310.58333333333337,0.1372269838645088
transect,target_error,3729,310.66666666666663,0.13834218413074906
transect,target_error,3730,310.75,0.1380408931540325
transect,target_error,3731,310.83333333333337,0.13754245850820146
transect,target_error,3732,310.91666666666663,0.13823625848068194
transect,target_error,3733,311.0,0.1377126829979409
transect,target_error,3734,311.08333333333337,0.1390906636766049
transect,target_error,3735,311.16666666666663,0.13904501706725522
transect,target_error,3736,311.25,0.13893863406245627
transect,target_error,3737,311.33333333333337,0.13842887695306474
transect,target_error,3738,311.41666666666663,0.13876056419007465
transect,target_error,3739,311.5,0.13847733926104422
transect,target_error,3740,311.58333333333337,0.13905836715303033
transect,target_error,3741,311.66666666666663,0.13912421731903296
transect,target_error,3742,311.75,0.13933134542946077
transect,target_error,3743,311.83333333333337,0.13939374402485732
transect,target_error,3744,311.91666666666663,0.13992177595483832
transect,target_error,3745,312.0,0.14087812004357958
transect,target_error,3746,312.08333333333337,0.14112987969655197
transect,target_error,3747,312.16666666666663,0.14034206719581876
transect,target_error,3748,312.25,0.14108044858952037
transect,target_error,3749,312.33333333333337,0.14063524696382262
transect,target_error,3750,312.41666666666663,0.14122096158241906
transect,target_error,3751,312.5,0.14189580889776304
transect,target_error,3752,312.58333333333337,0.1433404477653475
transect,target_error,3753,312.66666666666663,0.1433037988914045
transect,target_error,3754,312.75,0.14436884416678591
transect,target_error,3755,312.83333333333337,0.1440445340358196
transect,target_error,3756,312.91666666666663,0.14378847669799086
transect,target_error,3757,313.0,0.14337652837489523
transect,target_error,3758,313.08333333333337,0.1433175887905873
transect,target_error,3759,313.16666666666663,0.1433505278566581
transect,target_error,3760,313.25,0.14362348363833327
transect,target_error,3761,313.33333333333337,0.14332724629883298
transect,target_error,3762,313.41666666666663,0.1434728713406363
transect,target_error,3763,313.5,0.14384973248011204
transect,target_error,3764,313.58333333333337,0.14399757945635613
transect,target_error,3765,313.66666666666663,0.1446341507206544
transect,target_error,3766,313.75,0.14474456731261345
transect,target_error,3767,313.83333333333337,0.14452882886647167
transect,target_error,3768,313.91666666666663,0.1454543018547589
transect,target_error,3769,314.0,0.1465130314100396
transect,target_error,3770,314.08333333333337,0.14606336103165532
transect,target_error,3771,314.16666666666663,0.14631456219889338
transect,target_error,3772,314.25,0.14621324992086476
transect,target_error,3773,314.33333333333337,0.14642934544134661
transect,target_error,3774,314.41666666666663,0.14594017113429542
transect,target_error,3775,314.5,0.1465057930888739
transect,target_error,3776,314.58333333333337,0.1468940572396052
transect,target_error,3777,314.66666666666663,0.14689974812061193
transect,target_error,3778,314.75,0.1459307893718995
transect,target_error,3779,314.83333333333337,0.1457387166921563
transect,target_error,3780,314.91666666666663,0.1447874967301694
transect,target_error,3781,315.0,0.145949440169153
transect,target_error,3782,315.08333333333337,0.14669762337621384
transect,target_error,3783,315.16666666666663,0.14628111908837793
transect,target_error,3784,315.25,0.14494029598952898
transect,target_error,3785,315.33333333333337,0.1458022717592144
transect,target_error,3786,315.41666666666663,0.1448412954061574
transect,target_error,3787,315.5,0.14335545994685184
transect,target_error,3788,315.58333333333337,0.14212911021043445
transect,target_error,3789,315.66666666666663,0.14432836486080972
transect,target_error,3790,315.75,0.1441067447230669
transect,target_error,3791,315.83333333333337,0.1404108441480369
transect,target_error,3792,315.91666666666663,0.13819216483421423
transect,target_error,3793,316.0,0.13721204169900555
transect,target_error,3794,316.08333333333337,0.13486462773230315
transect,target_error,3795,316.16666666666663,0.13593208787835762
transect,target_error,3796,316.25,0.1379880977064374
transect,target_error,3797,316.33333333333337,0.13760745438407332
transect,target_error,3798,316.41666666666663,0.1375860551754507
transect,target_error,3799,316.5,0.13533098692165973
transect,target_error,3800,316.58333333333337,0.13241975699000894
transect,target_error,3801,316.66666666666663,0.1316641166900964
transect,target_error,3802,316.75,0.12913817345670925
transect,target_error,3803,316.83333333333337,0.12512447712493846
transect,target_error,3804,316.91666666666663,0.12346088891653838
transect,target_error,3805,317.0,0.12392635249283922
transect,target_error,3806,317.08333333333337,0.12048377571840013
transect,target_error,3807,317.16666666666663,0.12125208503328919
transect,target_error,3808,317.25,0.12126685665737931
transect,target_error,3809,317.33333333333337,0.11946943423833697
transect,target_error,3810,317.41666666666663,0.11742127486888372
transect,target_error,3811,317.5,0.11404549190214477
transect,target_error,3812,317.58333333333337,0.11385262459740271
transect,target_error,3813,317.66666666666663,0.11202787403450584
transect,target_error,3814,317.75,0.11178204874208174
transect,target_error,3815,317.83333333333337,0.1118083241274502
transect,target_error,3816,317.91666666666663,0.1119996254334991
transect,target_error,3817,318.0,0.1122839668473995
transect,target_error,3818,318.08333333333337,0.11236069328184657
transect,target_error,3819,318.16666666666663,0.11322209251123817
transect,target_error,3820,318.25,0.11386336532902923
transect,target_error,3821,318.33333333333337,0.11362385589769336
transect,target_error,3822,318.41666666666663,0.11459282905992435
transect,target_error,3823,318.5,0.11638097969335644
transect,target_error,3824,318.58333333333337,0.11572642948528392
transect,target_error,3825,318.66666666666663,0.11560771243228024
transect,target_error,3826,318.75,0.11688285754578422
transect,target_error,3827,318.83333333333337,0.11995553620388426
transect,target_error,3828,318.91666666666663,0.11520648511513232
transect,target_error,3829,319.0,0.11576289316786186
transect,target_error,3830,319.08333333333337,0.11631502755075389
transect,target_error,3831,319.16666666666663,0.11573830880670244
transect,target_error,3832,319.25,0.11492181094642617
transect,target_error,3833,319.33333333333337,0.11487186257160842
transect,target_error,3834,319.41666666666663,0.11517418925450829
transect,target_error,3835,319.5,0.11513518206896972
transect,target_error,3836,319.58333333333337,0.11477442800233652
transect,target_error,3837,319.66666666666663,0.11486113231191143
transect,target_error,3838,319.75,0.11521458722161994
transect,target_error,3839,319.83333333333337,0.11518221539397977
transect,target_error,3840,319.91666666666663,0.11536233556463614
transect,target_error,3841,320.0,0.11545887307141423
transect,target_error,3842,320.08333333333337,0.11618946152684355
transect,target_error,3843,320.16666666666663,0.11674143455806718
transect,target_error,3844,320.25,0.11706602182444056
transect,target_error,3845,320.33333333333337,0.11839477457432827
transect,target_error,3846,320.41666666666663,0.1193483322747561
transect,target_error,3847,320.5,0.12048754068620637
transect,target_error,3848,320.58333333333337,0.12004347724604375
transect,target_error,3849,320.66666666666663,0.12059084303565153
transect,target_error,3850,320.75,0.12060984894448087
transect,target_error,3851,320.83333333333337,0.12020749435388522
transect,target_error,3852,320.91666666666663,0.12086519912442183
transect,target_error,3853,321.0,0.1216061200186275
transect,target_error,3854,321.08333333333337,0.12119541570457032
transect,target_error,3855,321.16666666666663,0.12130183472498354
transect,target_error,3856,321.25,0.12240087357212888
transect,target_error,3857,321.33333333333337,0.122735759425751
transect,target_error,3858,321.41666666666663,0.12337985087655091
transect,target_error,3859,321.5,0.12400929260085822
transect,target_error,3860,321.58333333333337,0.12518491924987235
transect,target_error,3861,321.66666666666663,0.12635016528323365
transect,target_error,3862,321.75,0.1255012178310189
transect,target_error,3863,321.83333333333337,0.1255505009547192
transect,target_error,3864,321.91666666666663,0.1263599273235659
transect,target_error,3865,322.0,0.12661369107883066
transect,target_error,3866,322.08333333333337,0.12680128935189497
transect,target_error,3867,322.16666666666663,0.1273249629017467
transect,target_error,3868,322.25,0.12724033244998534
transect,target_error,3869,322.33333333333337,0.1271945999599108
transect,target_error,3870,322.41666666666663,0.12685752567913172
transect,target_error,3871,322.5,0.1273140662953759
transect,target_error,3872,322.58333333333337,0.12780470189706955
transect,target_error,3873,322.66666666666663,0.1283614191778966
transect,target_error,3874,322.75,0.12858083828911437
transect,target_error,3875,322.83333333333337,0.12911732850666832
transect,target_error,3876,322.91666666666663,0.12956293556656787
transect,target_error,3877,323.0,0.12963653767574973
transect,target_error,3878,323.08333333333337,0.12952885778331932
transect,target_error,3879,323.16666666666663,0.12979287159299494
transect,target_error,3880,323.25,0.12985188386524296
transect,target_error,3881,323.33333333333337,0.12986994046629446
transect,target_error,3882,323.41666666666663,0.13018982360288406
transect,target_error,3883,323.5,0.13059238939798823
transect,target_error,3884,323.58333333333337,0.13116542356811928
transect,target_error,3885,323.66666666666663,0.1316212962350379
transect,target_error,3886,323.75,0.1318001166154669
transect,target_error,3887,323.83333333333337,0.1317270073304306
transect,target_error,3888,323.91666666666663,0.13190227018782055
transect,target_error,3889,324.0,0.132187821687482
transect,target_error,3890,324.08333333333337,0.13238886098749988
transect,target_error,3891,324.16666666666663,0.13246692846152175
transect,target_error,3892,324.25,0.1322279277711744
transect,target_error,3893,324.33333333333337,0.13256865121624498
transect,target_error,3894,324.41666666666663,0.13266183361059894
transect,target_error,3895,324.5,0.13333193212676397
transect,target_error,3896,324.58333333333337,0.1333432201902494
transect,target_error,3897,324.66666666666663,0.13364305865082482
transect,target_error,3898,324.75,0.13377745245814485
transect,target_error,3899,324.83333333333337,0.1341252295438706
transect,target_error,3900,324.91666666666663,0.1347165713467057
transect,target_error,3901,325.0,0.13495644944468346
transect,target_error,3902,325.08333333333337,0.13523909837671302
transect,target_error,3903,325.16666666666663,0.13505822957580793
transect,target_error,3904,325.25,0.13564700719998912
transect,target_error,3905,325.33333333333337,0.13550621860724213
transect,target_error,3906,325.41666666666663,0.1354491346035716
transect,target_error,3907,325.5,0.13552570405333683
transect,target_error,3908,325.58333333333337,0.13644500363643539
transect,target_error,3909,325.66666666666663,0.13654619404484608
transect,target_error,3910,325.75,0.13697173268919016
transect,target_error,3911,325.83333333333337,0.137243347860026
transect,target_error,3912,325.91666666666663,0.13635214129712336
transect,target_error,3913,326.0,0.13594467759378556
transect,target_error,3914,326.08333333333337,0.13695063567165675
transect,target_error,3915,326.16666666666663,0.13770911946287057
transect,target_error,3916,326.25,0.13762111325261492
transect,target_error,3917,326.33333333333337,0.13826959751894144
transect,target_error,3918,326.41666666666663,0.13880356773973687
transect,target_error,3919,326.5,0.13916993835336489
transect,target_error,3920,326.58333333333337,0.1395285913142086
transect,target_error,3921,326.66666666666663,0.13965535747067542
transect,target_error,3922,326.75,0.13982956218275355
transect,target_error,3923,326.83333333333337,0.14048877616574346
transect,target_error,3924,326.91666666666663,0.14020592360245016
transect,target_error,3925,327.0,0.14006856692845435
transect,target_error,3926,327.08333333333337,0.14000504997149452
transect,target_error,3927,327.16666666666663,0.14033901141983818
transect,target_error,3928,327.25,0.14013935671387667
transect,target_error,3929,327.33333333333337,0.1405252484968194
transect,target_error,3930,327.41666666666663,0.14159829069719673
transect,target_error,3931,327.5,0.14173930927832623
transect,target_error,3932,327.58333333333337,0.14130318117457585
transect,target_error,3933,327.66666666666663,0.14146206880151221
transect,target_error,3934,327.75,0.1416748241638605
transect,target_error,3935,327.83333333333337,0.1414729764300487
transect,target_error,3936,327.91666666666663,0.14177021279599264
transect,target_error,3937,328.0,0.141985826256087
transect,target_error,3938,328.08333333333337,0.14202899284639361
transect,target_error,3939,328.16666666666663,0.14177055812486924
transect,target_error,3940,328.25,0.14236845829344966
transect,target_error,3941,328.33333333333337,0.14291978338197975
transect,target_error,3942,328.41666666666663,0.1437371905667439
transect,target_error,3943,328.5,0.14344281924781546
transect,target_error,3944,328.58333333333337,0.14360981361707403
transect,target_error,3945,328.66666666666663,0.14361607991596056
transect,target_error,3946,328.75,0.1439780254192912
transect,target_error,3947,328.83333333333337,0.14385208460748894
transect,target_error,3948,328.91666666666663,0.14365440293064569
transect,target_error,3949,329.0,0.14397366842757503
transect,target_error,3950,329.08333333333337,0.14361464778206023
transect,target_error,3951,329.16666666666663,0.14436147463618904
transect,target_error,3952,329.25,0.1443612702496244
transect,target_error,3953,329.33333333333337,0.14461188207199466
transect,target_error,3954,329.41666666666663,0.1453033687061469
transect,target_error,3955,329.5,0.14551551098429782
transect,target_error,3956,329.58333333333337,0.14565163841617598
transect,target_error,3957,329.66666666666663,0.14638797442087537
transect,target_error,3958,329.75,0.14617239558387551
transect,target_error,3959,329.83333333333337,0.14661890972580396
transect,target_error,3960,329.91666666666663,0.14678260701552936
transect,target_error,3961,330.0,0.14621065628427068
transect,target_error,3962,330.08333333333337,0.1460720626560743
transect,target_error,3963,330.16666666666663,0.14659965673252057
transect,target_error,3964,330.25,0.14712017888385492
transect,target_error,3965,330.33333333333337,0.1472866545983852
transect,target_error,3966,330.41666666666663,0.14721082650886574
transect,target_error,3967,330.5,0.14767694238259946
transect,target_error,3968,330.58333333333337,0.14745304275142196
transect,target_error,3969,330.66666666666663,0.14732541057197968
transect,target_error,3970,330.75,0.1475076042518894
transect,target_error,3971,330.83333333333337,0.1475344029899504
transect,target_error,3972,330.91666666666663,0.1477829221607506
transect,target_error,3973,331.0,0.14838087006852907
transect,target_error,3974,331.08333333333337,0.1482643827006015
transect,target_error,3975,331.16666666666663,0.1482718859181571
transect,target_error,3976,331.25,0.1482253911311323
transect,target_error,3977,331.33333333333337,0.14849774541287328
transect,target_error,3978,331.41666666666663,0.14880284420916284
transect,target_error,3979,331.5,0.14897905924585783
transect,target_error,3980,331.58333333333337,0.1494742807288632
transect,target_error,3981,331.66666666666663,0.14986472002595397
transect,target_error,3982,331.75,0.14967111789487697
transect,target_error,3983,331.83333333333337,0.14892182982998653
transect,target_error,3984,331.91666666666663,0.15008840503610216
transect,target_error,3985,332.0,0.14929634680412104
transect,target_error,3986,332.08333333333337,0.1494942094589815
transect,target_error,3987,332.16666666666663,0.14915973150160228
transect,target_error,3988,332.25,0.15015534796501862
transect,target_error,3989,332.33333333333337,0.15015583971332291
transect,target_error,3990,332.41666666666663,0.1497896278382605
transect,target_error,3991,332.5,0.14984892356947666
transect,target_error,3992,332.58333333333337,0.15126163217694918
transect,target_error,3993,332.66666666666663,0.15127280093213347
transect,target_error,3994,332.75,0.15053666837356375
transect,target_error,3995,332.83333333333337,0.15104970796507833
transect,target_error,3996,332.91666666666663,0.15075896513917084
transect,target_error,3997,333.0,0.15105249459725162
transect,target_error,3998,333.08333333333337,0.15073977968366015
transect,target_error,3999,333.16666666666663,0.15026478494796927
transect,target_error,4000,333.25,0.1507459453374361
transect,target_error,4001,333.33333333333337,0.15203560354379667
transect,target_error,4002,333.41666666666663,0.15120323641929714
transect,target_error,4003,333.5,0.15140391126804895
transect,target_error,4004,333.58333333333337,0.15043047584583308
transect,target_error,4005,333.66666666666663,0.15037705610350494
transect,target_error,4006,333.75,0.1504718341907847
transect,target_error,4007,333.83333333333337,0.15053819926654238
transect,target_error,4008,333.91666666666663,0.15061784896131805
transect,target_error,4009,334.0,0.1502430725170764
transect,target_error,4010,334.08333333333337,0.1502148581667151
transect,target_error,4011,334.16666666666663,0.14938758199382274
transect,target_error,4012,334.25,0.14830542824731743
transect,target_error,4013,334.33333333333337,0.14747269707930427
transect,target_error,4014,334.41666666666663,0.146816720544251
transect,target_error,4015,334.5,0.14711741320569696
transect,target_error,4016,334.58333333333337,0.14646738684301527
transect,target_error,4017,334.66666666666663,0.1453463359336029
transect,target_error,4018,334.75,0.14393629484636977
transect,target_error,4019,334.83333333333337,0.14232951802474644
transect,target_error,4020,334.91666666666663,0.14292163110103842
transect,target_error,4021,335.0,0.1411442456705705
transect,target_error,4022,335.08333333333337,0.14246672922365472
transect,target_error,4023,335.16666666666663,0.1428900572117328
transect,target_error,4024,335.25,0.13885860172014622
transect,target_error,4025,335.33333333333337,0.13673481535806176
transect,target_error,4026,335.41666666666663,0.13135213676049765
transect,target_error,4027,335.5,0.13024673597094605
transect,target_error,4028,335.58333333333337,0.12866658281823157
transect,target_error,4029,335.66666666666663,0.12717769447757615
transect,target_error,4030,335.75,0.126184371290994
transect,target_error,4031,335.83333333333337,0.125367756323546
transect,target_error,4032,335.91666666666663,0.12350833075800659
transect,target_error,4033,336.0,0.1211393461500956
transect,target_error,4034,336.08333333333337,0.11747817298086778
transect,target_error,4035,336.16666666666663,0.11577470468545371
transect,target_error,4036,336.25,0.11439313735431923
transect,target_error,4037,336.33333333333337,0.11500017830879598
transect,target_error,4038,336.41666666666663,0.11414524993612474
transect,target_error,4039,336.5,0.1146135279288131
transect,target_error,4040,336.58333333333337,0.11658818209432548
transect,target_error,4041,336.66666666666663,0.11638412028571152
transect,target_error,4042,336.75,0.11629369473009461
transect,target_error,4043,336.83333333333337,0.11722284453446918
transect,target_error,4044,336.91666666666663,0.11591956472576372
transect,target_error,4045,337.0,0.11864688364152774
transect,target_error,4046,337.08333333333337,0.11732712484992908
transect,target_error,4047,337.16666666666663,0.11899509650416086
transect,target_error,4048,337.25,0.11931415363390006
transect,target_error,4049,337.33333333333337,0.11911622194064225
transect,target_error,4050,337.41666666666663,0.12166410957411504
transect,target_error,4051,337.5,0.12104168458021901
transect,target_error,4052,337.58333333333337,0.12210743962342058
transect,target_error,4053,337.66666666666663,0.12449567304178122
transect,target_error,4054,337.75,0.12671062808741348
transect,target_error,4055,337.83333333333337,0.12682488117415103
transect,target_error,4056,337.91666666666663,0.12789928057060568
transect,target_error,4057,338.0,0.1283144214146745
transect,target_error,4058,338.08333333333337,0.1299954149154362
transect,target_error,4059,338.16666666666663,0.13078119526550347
transect,target_error,4060,338.25,0.1313168426204917
transect,target_error,4061,338.33333333333337,0.13366900933933729
transect,target_error,4062,338.41666666666663,0.13181080832224185
transect,target_error,4063,338.5,0.13021145038120616
transect,target_error,4064,338.58333333333337,0.1307120067444771
transect,target_error,4065,338.66666666666663,0.13393594900595035
transect,target_error,4066,338.75,0.13566328050763724
transect,target_error,4067,338.83333333333337,0.13647075649444035
transect,target_error,4068,338.91666666666663,0.13808682880409595
transect,target_error,4069,339.0,0.13814223496343633
transect,target_error,4070,339.08333333333337,0.14022388404799596
transect,target_error,4071,339.16666666666663,0.1395667652013376
transect,target_error,4072,339.25,0.13989337695217297
transect,target_error,4073,339.33333333333337,0.13936234859541152
transect,target_error,4074,339.41666666666663,0.13915830044034427
transect,target_error,4075,339.5,0.14076739890339143
transect,target_error,4076,339.58333333333337,0.14069178334699303
transect,target_error,4077,339.66666666666663,0.140394339350497
transect,target_error,4078,339.75,0.14312374458308794
transect,target_error,4079,339.83333333333337,0.14306724935348503
transect,target_error,4080,339.91666666666663,0.1437544643543202
transect,target_error,4081,340.0,0.14418657005066085
transect,target_error,4082,340.08333333333337,0.14618781356913485
transect,target_error,4083,340.16666666666663,0.14617290213089343
transect,target_error,4084,340.25,0.14500447955588308
transect,target_error,4085,340.33333333333337,0.1470030130203725
transect,target_error,4086,340.41666666666663,0.1457570332780516
transect,target_error,4087,340.5,0.1455611652121223
transect,target_error,4088,340.58333333333337,0.14611015215421388
transect,target_error,4089,340.66666666666663,0.1451995800341346
transect,target_error,4090,340.75,0.14517902405978725
transect,target_error,4091,340.83333333333337,0.14658404963420277
transect,target_error,4092,340.91666666666663,0.14830403697608566
transect,target_error,4093,341.0,0.15109536076420654
transect,target_error,4094,341.08333333333337,0.15100056152813748
transect,target_error,4095,341.16666666666663,0.15077699782183593
transect,target_error,4096,341.25,0.15022281590739248
transect,target_error,4097,341.33333333333337,0.15187776383217205
transect,target_error,4098,341.41666666666663,0.1523631952100602
transect,target_error,4099,341.5,0.15258630114479305
transect,target_error,4100,341.58333333333337,0.15232412579248894
transect,target_error,4101,341.66666666666663,0.15317414729357956
transect,target_error,4102,341.75,0.1532034272735186
transect,target_error,4103,341.83333333333337,0.15341843494088026
transect,target_error,4104,341.91666666666663,0.15275839266533983
transect,target_error,4105,342.0,0.1530467050730364
transect,target_error,4106,342.08333333333337,0.15344741552083152
transect,target_error,4107,342.16666666666663,0.15319714114939514
transect,target_error,4108,342.25,0.15450827769628905
transect,target_error,4109,342.33333333333337,0.1537687694362887
transect,target_error,4110,342.41666666666663,0.15443867045433876
transect,target_error,4111,342.5,0.15533436689450703
transect,target_error,4112,342.58333333333337,0.15423972216869472
transect,target_error,4113,342.66666666666663,0.15338528683765043
transect,target_error,4114,342.75,0.1546869447391017
transect,target_error,4115,342.83333333333337,0.15716333500994303
transect,target_error,4116,342.91666666666663,0.15825075499045133
transect,target_error,4117,343.0,0.15827725533593595
transect,target_error,4118,343.08333333333337,0.15734159314497065
transect,target_error,4119,343.16666666666663,0.1574273177995934
transect,target_error,4120,343.25,0.15676477146909693
transect,target_error,4121,343.33333333333337,0.15750714751755485
transect,target_error,4122,343.41666666666663,0.15777551394777817
transect,target_error,4123,343.5,0.15770209589756576
transect,target_error,4124,343.58333333333337,0.15784011977204845
transect,target_error,4125,343.66666666666663,0.15912656915877726
transect,target_error,4126,343.75,0.1579677981946469
transect,target_error,4127,343.83333333333337,0.1566527038034599
transect,target_error,4128,343.91666666666663,0.15607009908052927
transect,target_error,4129,344.0,0.1552632731325517
transect,target_error,4130,344.08333333333337,0.15412731194168464
transect,target_error,4131,344.16666666666663,0.1564229289340372
transect,target_error,4132,344.25,0.15777267199027478
transect,target_error,4133,344.33333333333337,0.1578331368795886
transect,target_error,4134,344.41666666666663,0.1565799546782505
transect,target_error,4135,344.5,0.15686320164307288
transect,target_error,4136,344.58333333333337,0.15646913635312842
transect,target_error,4137,344.66666666666663,0.1560484296715348
transect,target_error,4138,344.75,0.15592071513063802
transect,target_error,4139,344.83333333333337,0.15396873140752812
transect,target_error,4140,344.91666666666663,0.1531243443506188
transect,target_error,4141,345.0,0.15221696310762123
transect,target_error,4142,345.08333333333337,0.15192144801123358
transect,target_error,4143,345.16666666666663,0.15085695348006245
transect,target_error,4144,345.25,0.15085100165418772
transect,target_error,4145,345.33333333333337,0.14911351069400594
transect,target_error,4146,345.41666666666663,0.1504426279725862
transect,target_error,4147,345.5,0.14831363880850423
transect,target_error,4148,345.58333333333337,0.14800433066522362
transect,target_error,4149,345.66666666666663,0.14658057087963705
transect,target_error,4150,345.75,0.14880642612622702
transect,target_error,4151,345.83333333333337,0.149636017712505
transect,target_error,4152,345.91666666666663,0.15116902518912456
transect,target_error,4153,346.0,0.15076839505087555
transect,target_error,4154,346.08333333333337,0.15062401572365766
transect,target_error,4155,346.16666666666663,0.1500748776032808
transect,target_error,4156,346.25,0.15123166044506028
transect,target_error,4157,346.33333333333337,0.15149775269362836
transect,target_error,4158,346.41666666666663,0.1524197725605379
transect,target_error,4159,346.5,0.15197928172361014
transect,target_error,4160,346.58333333333337,0.15312119045121333
transect,target_error,4161,346.66666666666663,0.15383741999520303
transect,target_error,4162,346.75,0.15316773583953847
transect,target_error,4163,346.83333333333337,0.15326500841490723
transect,target_error,4164,346.91666666666663,0.1542483430634032
transect,target_error,4165,347.0,0.15507321002941268
transect,target_error,4166,347.08333333333337,0.15595396602276754
transect,target_error,4167,347.16666666666663,0.15686201540683528
transect,target_error,4168,347.25,0.1567947641720999
transect,target_error,4169,347.33333333333337,0.15679041933549956
transect,target_error,4170,347.41666666666663,0.1575017850821026
transect,target_error,4171,347.5,0.15773730578158457
transect,target_error,4172,347.58333333333337,0.15778193746080604
transect,target_error,4173,347.66666666666663,0.15790499731330543
transect,target_error,4174,347.75,0.1581842698836912
transect,target_error,4175,347.83333333333337,0.15825890197611625
transect,target_error,4176,347.91666666666663,0.15818044812730314
transect,target_error,4177,348.0,0.1580988608768286
transect,target_error,4178,348.08333333333337,0.15855466794901274
transect,target_error,4179,348.16666666666663,0.1586684527895808
transect,target_error,4180,348.25,0.1585865246753132
transect,target_error,4181,348.33333333333337,0.1590709958134469
transect,target_error,4182,348.41666666666663,0.15917617667175474
transect,target_error,4183,348.5,0.1592373614786539
transect,target_error,4184,348.58333333333337,0.15913507217958422
transect,target_error,4185,348.66666666666663,0.15922313943321253
transect,target_error,4186,348.75,0.1596691910675724
transect,target_error,4187,348.83333333333337,0.15966134874420737
transect,target_error,4188,348.91666666666663,0.15977959510300022
transect,target_error,4189,349.0,0.15992685486469177
transect,target_error,4190,349.08333333333337,0.1596850565491026
transect,target_error,4191,349.16666666666663,0.15988064195023635
transect,target_error,4192,349.25,0.16016083817930754
transect,target_error,4193,349.33333333333337,0.1604164262246311
transect,target_error,4194,349.41666666666663,0.16062586895028363
transect,target_error,4195,349.5,0.16075462733005894
transect,target_error,4196,349.58333333333337,0.1610181038134832
transect,target_error,4197,349.66666666666663,0.16104865264061405
transect,target_error,4198,349.75,0.16083176197198015
transect,target_error,4199,349.83333333333337,0.1606985249005333
transect,target_error,4200,349.91666666666663,0.16077338965056598
transect,target_error,4201,350.0,0.16110385106991393
transect,target_error,4202,350.08333333333337,0.16098713811484514
transect,target_error,4203,350.16666666666663,0.16105047425987304
transect,target_error,4204,350.25,0.16135971221738518
transect,target_error,4205,350.33333333333337,0.16121276791610056
transect,target_error,4206,350.41666666666663,0.16140239605626613
transect,target_error,4207,350.5,0.16126844943018107
transect,target_error,4208,350.58333333333337,0.1616240289471449
transect,target_error,4209,350.66666666666663,0.16178787646406803
transect,target_error,4210,350.75,0.1617503906134701
transect,target_error,4211,350.83333333333337,0.16189496385215804
transect,target_error,4212,350.91666666666663,0.16240684756050908
transect,target_error,4213,351.0,0.1625397264441593
transect,target_error,4214,351.08333333333337,0.16250911762223746
transect,target_error,4215,351.16666666666663,0.16241070204136843
transect,target_error,4216,351.25,0.1624683186868335
transect,target_error,4217,351.33333333333337,0.1622101034538856
transect,target_error,4218,351.41666666666663,0.1623620842419116
transect,target_error,4219,351.5,0.1624056603588031
transect,target_error,4220,351.58333333333337,0.16249126637496228
transect,target_error,4221,351.66666666666663,0.16286222463470448
transect,target_error,4222,351.75,0.16278529856743978
transect,target_error,4223,351.83333333333337,0.1627503381981087
transect,target_error,4224,351.91666666666663,0.16299419082200023
transect,target_error,4225,352.0,0.16293467780393056
transect,target_error,4226,352.08333333333337,0.16302289805232303
transect,target_error,4227,352.16666666666663,0.16315155376844281
transect,target_error,4228,352.25,0.16326779340968015
transect,target_error,4229,352.33333333333337,0.16344757666967316
transect,target_error,4230,352.41666666666663,0.1635940683390916
transect,target_error,4231,352.5,0.1635297367409591
transect,target_error,4232,352.58333333333337,0.16356317213661403
transect,target_error,4233,352.66666666666663,0.163482928118068
transect,target_error,4234,352.75,0.16340570929096496
transect,target_error,4235,352.83333333333337,0.16357319374712448
transect,target_error,4236,352.91666666666663,0.16356099503340765
transect,target_error,4237,353.0,0.16374795854575117
transect,target_error,4238,353.08333333333337,0.16371041548649662
transect,target_error,4239,353.16666666666663,0.16374025148217758
transect,target_error,4240,353.25,0.16388287199855178
transect,target_error,4241,353.33333333333337,0.1640711750586873
transect,target_error,4242,353.41666666666663,0.16409543544893815
transect,target_error,4243,353.5,0.16409921992645546
transect,target_error,4244,353.58333333333337,0.16407482201199353
transect,target_error,4245,353.66666666666663,0.16419866993581603
transect,target_error,4246,353.75,0.16420235196025543
transect,target_error,4247,353.83333333333337,0.16439313824212265
transect,target_error,4248,353.91666666666663,0.16439958905029103
transect,target_error,4249,354.0,0.16446648616598952
transect,target_error,4250,354.08333333333337,0.16444387890308362
transect,target_error,4251,354.16666666666663,0.16449810867291156
transect,target_error,4252,354.25,0.16449971307042327
transect,target_error,4253,354.33333333333337,0.16448079990673709
transect,target_error,4254,354.41666666666663,0.16436718807902728
transect,target_error,4255,354.5,0.16436743969539672
transect,target_error,4256,354.58333333333337,0.16443589320823168
transect,target_error,4257,354.66666666666663,0.1644912347061355
transect,target_error,4258,354.75,0.16447045043601882
transect,target_error,4259,354.83333333333337,0.16457227295596752
transect,target_error,4260,354.91666666666663,0.16451903602973872
transect,target_error,4261,355.0,0.16457023842636373
transect,target_error,4262,355.08333333333337,0.16457688656044223
transect,target_error,4263,355.16666666666663,0.1645906340770906
transect,target_error,4264,355.25,0.16452812177883464
transect,target_error,4265,355.33333333333337,0.16457598437412066
transect,target_error,4266,355.41666666666663,0.16454582780966676
transect,target_error,4267,355.5,0.1646498452649186
transect,target_error,4268,355.58333333333337,0.16467866673708773
transect,target_error,4269,355.66666666666663,0.16456471044865878
transect,target_error,4270,355.75,0.164451912856501
transect,target_error,4271,355.83333333333337,0.16446490681205234
transect,target_error,4272,355.91666666666663,0.16457185886813347
transect,target_error,4273,356.0,0.16451499165278052
transect,target_error,4274,356.08333333333337,0.16452371153450293
transect,target_error,4275,356.16666666666663,0.16448872878940543
transect,target_error,4276,356.25,0.1645129830996768
transect,target_error,4277,356.33333333333337,0.1644884434899716
transect,target_error,4278,356.41666666666663,0.1643648369522199
transect,target_error,4279,356.5,0.16413363754274227
transect,target_error,4280,356.58333333333337,0.16404746639080142
transect,target_error,4281,356.66666666666663,0.16396067684347235
transect,target_error,4282,356.75,0.16383128420165863
transect,target_error,4283,356.83333333333337,0.1638378655800358
transect,target_error,4284,356.91666666666663,0.16391087697732482
transect,target_error,4285,357.0,0.16347819066683025
transect,target_error,4286,357.08333333333337,0.16378949449999772
transect,target_error,4287,357.16666666666663,0.16340880447566547
transect,target_error,4288,357.25,0.16342263989905545
transect,target_error,4289,357.33333333333337,0.16321354856180506
transect,target_error,4290,357.41666666666663,0.1630996541145631
transect,target_error,4291,357.5,0.1630355463309942
transect,target_error,4292,357.58333333333337,0.16215943853743595
transect,target_error,4293,357.66666666666663,0.16103393316443185
transect,target_error,4294,357.75,0.1602407170002149
transect,target_error,4295,357.83333333333337,0.15930637045600252
transect,target_error,4296,357.91666666666663,0.15855152385986912
transect,target_error,4297,358.0,0.15867079358790614
transect,target_error,4298,358.08333333333337,0.15870219718608225
transect,target_error,4299,358.16666666666663,0.15857582302871437
transect,target_error,4300,358.25,0.15852474628503263
transect,target_error,4301,358.33333333333337,0.15788228280962185
transect,target_error,4302,358.41666666666663,0.1560942873348625
transect,target_error,4303,358.5,0.15497501613834813
transect,target_error,4304,358.58333333333337,0.15515212176051585
transect,target_error,4305,358.66666666666663,0.15501679129866675
transect,target_error,4306,358.75,0.15597844570855332
transect,target_error,4307,358.83333333333337,0.15516955158765705
transect,target_error,4308,358.91666666666663,0.15475808274888245
transect,target_error,4309,359.0,0.15520794730956258
transect,target_error,4310,359.08333333333337,0.15496748770067378
transect,target_error,4311,359.16666666666663,0.15590451095129598
transect,target_error,4312,359.25,0.15529688302228606
transect,target_error,4313,359.33333333333337,0.15489474348965537
transect,target_error,4314,359.41666666666663,0.1549665932922109
transect,target_error,4315,359.5,0.1554996343334509
transect,target_error,4316,359.58333333333337,0.15561697709680006
transect,target_error,4317,359.66666666666663,0.15590110878435956
transect,target_error,4318,359.75,0.15609756179775586
transect,target_error,4319,359.83333333333337,0.15588759657403045
transect,target_error,4320,359.91666666666663,0.1558582295246266
transect,target_error,4321,360.0,0.15597619936737167
bb_ipp_nonadaptive,wind,1,0.0,1.720421173780938
bb_ipp_nonadaptive,wind,2,0.08333333333337123,1.6946018114273118
bb_ipp_nonadaptive,wind,3,0.16666666666662877,1.689806779150481
bb_ipp_nonadaptive,wind,4,0.25,1.6885656590708227
bb_ipp_nonadaptive,wind,5,0.33333333333337123,1.688845140305593
bb_ipp_nonadaptive,wind,6,0.41666666666662877,1.6894200272987228
bb_ipp_nonadaptive,wind,7,0.5,1.6890147134204825
bb_ipp_nonadaptive,wind,8,0.5833333333333712,1.6894350733050967
bb_ipp_nonadaptive,wind,9,0.6666666666666288,1.6908991930098451
bb_ipp_nonadaptive,wind,10,0.75,1.6909603763353858
bb_ipp_nonadaptive,wind,11,0.8333333333333712,1.6906027872110756
bb_ipp_nonadaptive,wind,12,0.9166666666666288,1.691962627718184
bb_ipp_nonadaptive,wind,13,1.0,1.6906981028472776
bb_ipp_nonadaptive,wind,14,1.0833333333333712,1.6901586817587928
bb_ipp_nonadaptive,wind,15,1.1666666666666288,1.6911883693643799
bb_ipp_nonadaptive,wind,16,1.25,1.691310183597067
bb_ipp_nonadaptive,wind,17,1.3333333333333712,1.6911695559922004
bb_ipp_nonadaptive,wind,18,1.4166666666666288,1.6909302128723405
bb_ipp_nonadaptive,wind,19,1.5,1.692400169831887
bb_ipp_nonadaptive,wind,20,1.5833333333333712,1.6908294112078155
bb_ipp_nonadaptive,wind,21,1.6666666666666288,1.6905785433572444
bb_ipp_nonadaptive,wind,22,1.75,1.6906442101817205
bb_ipp_nonadaptive,wind,23,1.8333333333333712,1.690810955414868
bb_ipp_nonadaptive,wind,24,1.9166666666666288,1.6950607563072808
bb_ipp_nonadaptive,wind,25,2.0,1.6970248011795368
bb_ipp_nonadaptive,wind,26,2.0833333333333712,1.694517748336727
bb_ipp_nonadaptive,wind,27,2.1666666666666288,1.6934776752955778
bb_ipp_nonadaptive,wind,28,2.25,1.6952441184687168
bb_ipp_nonadaptive,wind,29,2.3333333333333712,1.6963217316224755
bb_ipp_nonadaptive,wind,30,2.4166666666666288,1.6957029624822444
bb_ipp_nonadaptive,wind,31,2.5,1.692302526186177
bb_ipp_nonadaptive,wind,32,2.5833333333333712,1.6931731802163024
bb_ipp_nonadaptive,wind,33,2.6666666666666288,1.6921535072431408
bb_ipp_nonadaptive,wind,34,2.75,1.6907473209923867
bb_ipp_nonadaptive,wind,35,2.8333333333333712,1.6900707227309906
bb_ipp_nonadaptive,wind,36,2.9166666666666288,1.6908240016061027
bb_ipp_nonadaptive,wind,37,3.0,1.6887643025115113
bb_ipp_nonadaptive,wind,38,3.0833333333333712,1.6898947796140509
bb_ipp_nonadaptive,wind,39,3.1666666666666288,1.689082038372699
bb_ipp_nonadaptive,wind,40,3.25,1.6905288924395703
bb_ipp_nonadaptive,wind,41,3.3333333333333712,1.690393986991726
bb_ipp_nonadaptive,wind,42,3.4166666666666288,1.6894287305903148
bb_ipp_nonadaptive,wind,43,3.5,1.6910202642502206
bb_ipp_nonadaptive,wind,44,3.5833333333333712,1.6897122574388364
bb_ipp_nonadaptive,wind,45,3.6666666666666288,1.692484417840933
bb_ipp_nonadaptive,wind,46,3.75,1.695747445632514
bb_ipp_nonadaptive,wind,47,3.8333333333333712,1.7017374067266597
bb_ipp_nonadaptive,wind,48,3.9166666666666288,1.7028775539085128
bb_ipp_nonadaptive,wind,49,4.0,1.7127387711180777
bb_ipp_nonadaptive,wind,50,4.083333333333371,1.7123748674366983
bb_ipp_nonadaptive,wind,51,4.166666666666629,1.715410052463189
bb_ipp_nonadaptive,wind,52,4.25,1.713973540740794
bb_ipp_nonadaptive,wind,53,4.333333333333371,1.7180075734614042
bb_ipp_nonadaptive,wind,54,4.416666666666629,1.7355796070906035
bb_ipp_nonadaptive,wind,55,4.5,1.7506388236103974
bb_ipp_nonadaptive,wind,56,4.583333333333371,1.757999175333282
bb_ipp_nonadaptive,wind,57,4.666666666666629,1.7816889765596808
bb_ipp_nonadaptive,wind,58,4.75,1.7795280627151548
bb_ipp_nonadaptive,wind,59,4.833333333333371,1.795780822342616
bb_ipp_nonadaptive,wind,60,4.916666666666629,1.797226154933247
bb_ipp_nonadaptive,wind,61,5.0,1.8043793890982787
bb_ipp_nonadaptive,wind,62,5.083333333333371,1.8119795826957454
bb_ipp_nonadaptive,wind,63,5.166666666666629,1.816878984874848
bb_ipp_nonadaptive,wind,64,5.25,1.8486220482634819
bb_ipp_nonadaptive,wind,65,5.333333333333371,1.8578348438416432
bb_ipp_nonadaptive,wind,66,5.416666666666629,1.9185389325699955
bb_ipp_nonadaptive,wind,67,5.5,1.9420196776183605
bb_ipp_nonadaptive,wind,68,5.583333333333371,1.9385597864794522
bb_ipp_nonadaptive,wind,69,5.666666666666629,1.9725494301553654
bb_ipp_nonadaptive,wind,70,5.75,2.0251356293478273
bb_ipp_nonadaptive,wind,71,5.833333333333371,2.02219914182564
bb_ipp_nonadaptive,wind,72,5.916666666666629,2.0152286617443793
bb_ipp_nonadaptive,wind,73,6.0,2.006715890146272
bb_ipp_nonadaptive,wind,74,6.083333333333371,2.0186720066198456
bb_ipp_nonadaptive,wind,75,6.166666666666629,2.0520756103111366
bb_ipp_nonadaptive,wind,76,6.25,2.0857756876956492
bb_ipp_nonadaptive,wind,77,6.333333333333371,2.112134826511744
bb_ipp_nonadaptive,wind,78,6.416666666666629,2.139617091048181
bb_ipp_nonadaptive,wind,79,6.5,2.1465200087892775
bb_ipp_nonadaptive,wind,80,6.583333333333371,2.139314231711283
bb_ipp_nonadaptive,wind,81,6.666666666666629,2.1248350465818784
bb_ipp_nonadaptive,wind,82,6.75,2.080177183605353
bb_ipp_nonadaptive,wind,83,6.833333333333371,2.0718039357264444
bb_ipp_nonadaptive,wind,84,6.916666666666629,2.048919274457183
bb_ipp_nonadaptive,wind,85,7.0,2.0603779519809975
bb_ipp_nonadaptive,wind,86,7.083333333333371,2.1030823205067875
bb_ipp_nonadaptive,wind,87,7.166666666666629,2.087404268851478
bb_ipp_nonadaptive,wind,88,7.25,2.080104897698845
bb_ipp_nonadaptive,wind,89,7.333333333333371,2.110005027144456
bb_ipp_nonadaptive,wind,90,7.416666666666629,2.0729290536365887
bb_ipp_nonadaptive,wind,91,7.5,2.066624611762922
bb_ipp_nonadaptive,wind,92,7.583333333333371,2.0796270232724487
bb_ipp_nonadaptive,wind,93,7.666666666666629,2.0440643669823206
bb_ipp_nonadaptive,wind,94,7.75,2.0027248946295977
bb_ipp_nonadaptive,wind,95,7.833333333333371,1.9393264655601083
bb_ipp_nonadaptive,wind,96,7.916666666666629,1.927473707383056
bb_ipp_nonadaptive,wind,97,8.0,1.9266900979819517
bb_ipp_nonadaptive,wind,98,8.083333333333371,1.9274993479870737
bb_ipp_nonadaptive,wind,99,8.166666666666629,1.8865380862510768
bb_ipp_nonadaptive,wind,100,8.25,1.853112346876907
bb_ipp_nonadaptive,wind,101,8.333333333333371,1.8292769189463773
bb_ipp_nonadaptive,wind,102,8.416666666666629,1.8377361132714856
bb_ipp_nonadaptive,wind,103,8.5,1.8297495137750024
bb_ipp_nonadaptive,wind,104,8.583333333333371,1.8368456801659632
bb_ipp_nonadaptive,wind,105,8.666666666666629,1.794255557864464
bb_ipp_nonadaptive,wind,106,8.75,1.7840531384263025
bb_ipp_nonadaptive,wind,107,8.833333333333371,1.7742912542259168
bb_ipp_nonadaptive,wind,108,8.916666666666629,1.762026202866653
bb_ipp_nonadaptive,wind,109,9.0,1.736478122884524
bb_ipp_nonadaptive,wind,110,9.083333333333371,1.7501266884506324
bb_ipp_nonadaptive,wind,111,9.166666666666629,1.7314075928189079
bb_ipp_nonadaptive,wind,112,9.25,1.7031475750836724
bb_ipp_nonadaptive,wind,113,9.333333333333371,1.6785715287870748
bb_ipp_nonadaptive,wind,114,9.416666666666629,1.669496825244198
bb_ipp_nonadaptive,wind,115,9.5,1.677217304452359
bb_ipp_nonadaptive,wind,116,9.583333333333371,1.6653562574661827
bb_ipp_nonadaptive,wind,117,9.666666666666629,1.6611066911721428
bb_ipp_nonadaptive,wind,118,9.75,1.6559729320021206
bb_ipp_nonadaptive,wind,119,9.833333333333371,1.6429213612465468
bb_ipp_nonadaptive,wind,120,9.916666666666629,1.6328463373895405
bb_ipp_nonadaptive,wind,121,10.0,1.6373770537018797
bb_ipp_nonadaptive,wind,122,10.083333333333371,1.6411746059821122
bb_ipp_nonadaptive,wind,123,10.166666666666629,1.6458024428554725
bb_ipp_nonadaptive,wind,124,10.25,1.6404402322095288
bb_ipp_nonadaptive,wind,125,10.333333333333371,1.648192254364115
bb_ipp_nonadaptive,wind,126,10.416666666666629,1.6315738870415388
bb_ipp_nonadaptive,wind,127,10.5,1.624492860202876
bb_ipp_nonadaptive,wind,128,10.583333333333371,1.625315766441156
bb_ipp_nonadaptive,wind,129,10.666666666666629,1.6258092867123182
bb_ipp_nonadaptive,wind,130,10.75,1.619903472473438
bb_ipp_nonadaptive,wind,131,10.833333333333371,1.6147570024105662
bb_ipp_nonadaptive,wind,132,10.916666666666629,1.6169383329662443
bb_ipp_nonadaptive,wind,133,11.0,1.6139619271006385
bb_ipp_nonadaptive,wind,134,11.083333333333371,1.611219014272933
bb_ipp_nonadaptive,wind,135,11.166666666666629,1.6113320347802838
bb_ipp_nonadaptive,wind,136,11.25,1.6108870805444382
bb_ipp_nonadaptive,wind,137,11.333333333333371,1.6110367853891976
bb_ipp_nonadaptive,wind,138,11.416666666666629,1.6122003003481604
bb_ipp_nonadaptive,wind,139,11.5,1.6124030133477707
bb_ipp_nonadaptive,wind,140,11.583333333333371,1.613831269230257
bb_ipp_nonadaptive,wind,141,11.666666666666629,1.61312541722427
bb_ipp_nonadaptive,wind,142,11.75,1.6120478741388664
bb_ipp_nonadaptive,wind,143,11.833333333333371,1.6121574154054341
bb_ipp_nonadaptive,wind,144,11.916666666666629,1.6122015803234493
bb_ipp_nonadaptive,wind,145,12.0,1.611771449761127
bb_ipp_nonadaptive,wind,146,12.083333333333371,1.6137105904201117
bb_ipp_nonadaptive,wind,147,12.166666666666629,1.612993946976002
bb_ipp_nonadaptive,wind,148,12.25,1.6133399922719418
bb_ipp_nonadaptive,wind,149,12.333333333333371,1.6130047138147123
bb_ipp_nonadaptive,wind,150,12.416666666666629,1.6127424495618479
bb_ipp_nonadaptive,wind,151,12.5,1.6127037624486664
bb_ipp_nonadaptive,wind,152,12.583333333333371,1.6141567256962273
bb_ipp_nonadaptive,wind,153,12.666666666666629,1.6192402776217305
bb_ipp_nonadaptive,wind,154,12.75,1.6180417923992885
bb_ipp_nonadaptive,wind,155,12.833333333333371,1.6149406902770662
bb_ipp_nonadaptive,wind,156,12.916666666666629,1.615998314366591
bb_ipp_nonadaptive,wind,157,13.0,1.6156310514242083
bb_ipp_nonadaptive,wind,158,13.083333333333371,1.6140526443227645
bb_ipp_nonadaptive,wind,159,13.166666666666629,1.6143709683704428
bb_ipp_nonadaptive,wind,160,13.25,1.615859096156862
bb_ipp_nonadaptive,wind,161,13.333333333333371,1.6145221385235056
bb_ipp_nonadaptive,wind,162,13.416666666666629,1.614609935220002
bb_ipp_nonadaptive,wind,163,13.5,1.6152623087128053
bb_ipp_nonadaptive,wind,164,13.583333333333371,1.6173234638449252
bb_ipp_nonadaptive,wind,165,13.666666666666629,1.615914782578763
bb_ipp_nonadaptive,wind,166,13.75,1.6190655879936662
bb_ipp_nonadaptive,wind,167,13.833333333333371,1.6257872370934259
bb_ipp_nonadaptive,wind,168,13.916666666666629,1.6353909969786078
bb_ipp_nonadaptive,wind,169,14.0,1.6512587118774888
bb_ipp_nonadaptive,wind,170,14.083333333333371,1.6637474690523195
bb_ipp_nonadaptive,wind,171,14.166666666666629,1.6560568365128299
bb_ipp_nonadaptive,wind,172,14.25,1.6781199858899845
bb_ipp_nonadaptive,wind,173,14.333333333333371,1.6818116374434786
bb_ipp_nonadaptive,wind,174,14.416666666666629,1.6992356936703992
bb_ipp_nonadaptive,wind,175,14.5,1.738732999281786
bb_ipp_nonadaptive,wind,176,14.583333333333371,1.7599345371301616
bb_ipp_nonadaptive,wind,177,14.666666666666629,1.7888423141527556
bb_ipp_nonadaptive,wind,178,14.75,1.8221107204553548
bb_ipp_nonadaptive,wind,179,14.833333333333371,1.8700652262674318
bb_ipp_nonadaptive,wind,180,14.916666666666629,1.8787945243758888
bb_ipp_nonadaptive,wind,181,15.0,1.906235511367647
bb_ipp_nonadaptive,wind,182,15.083333333333371,1.926645965257993
bb_ipp_nonadaptive,wind,183,15.166666666666629,1.9606972355987606
bb_ipp_nonadaptive,wind,184,15.25,1.9693629713482077
bb_ipp_nonadaptive,wind,185,15.333333333333371,2.007738601800318
bb_ipp_nonadaptive,wind,186,15.416666666666629,2.002879898906071
bb_ipp_nonadaptive,wind,187,15.5,2.0399304992060303
bb_ipp_nonadaptive,wind,188,15.583333333333371,2.0885925610309246
bb_ipp_nonadaptive,wind,189,15.666666666666629,2.0803635172498107
bb_ipp_nonadaptive,wind,190,15.75,2.0900172439190166
bb_ipp_nonadaptive,wind,191,15.833333333333371,2.1561541659201002
bb_ipp_nonadaptive,wind,192,15.916666666666629,2.134460628276812
bb_ipp_nonadaptive,wind,193,16.0,2.1582624571542466
bb_ipp_nonadaptive,wind,194,16.08333333333337,2.140389829963567
bb_ipp_nonadaptive,wind,195,16.16666666666663,2.1490074869102878
bb_ipp_nonadaptive,wind,196,16.25,2.1502183170040445
bb_ipp_nonadaptive,wind,197,16.33333333333337,2.1600810677277367
bb_ipp_nonadaptive,wind,198,16.41666666666663,2.151405306063636
bb_ipp_nonadaptive,wind,199,16.5,2.16133221681404
bb_ipp_nonadaptive,wind,200,16.58333333333337,2.1211435969567924
bb_ipp_nonadaptive,wind,201,16.66666666666663,2.095046713557835
bb_ipp_nonadaptive,wind,202,16.75,2.0888938127994425
bb_ipp_nonadaptive,wind,203,16.83333333333337,2.0408393459796565
bb_ipp_nonadaptive,wind,204,16.91666666666663,1.9927889008713648
bb_ipp_nonadaptive,wind,205,17.0,1.9786714954983373
bb_ipp_nonadaptive,wind,206,17.08333333333337,1.9567354316830716
bb_ipp_nonadaptive,wind,207,17.16666666666663,1.9002535029367165
bb_ipp_nonadaptive,wind,208,17.25,1.902607332415027
bb_ipp_nonadaptive,wind,209,17.33333333333337,1.8873290603135935
bb_ipp_nonadaptive,wind,210,17.41666666666663,1.8580644803185065
bb_ipp_nonadaptive,wind,211,17.5,1.8451628230643793
bb_ipp_nonadaptive,wind,212,17.58333333333337,1.819762982438868
bb_ipp_nonadaptive,wind,213,17.66666666666663,1.7788829697411104
bb_ipp_nonadaptive,wind,214,17.75,1.7618945429693553
bb_ipp_nonadaptive,wind,215,17.83333333333337,1.7347995407430898
bb_ipp_nonadaptive,wind,216,17.91666666666663,1.7218068389091163
bb_ipp_nonadaptive,wind,217,18.0,1.721542518499222
bb_ipp_nonadaptive,wind,218,18.08333333333337,1.6893504490361486
bb_ipp_nonadaptive,wind,219,18.16666666666663,1.666500946764813
bb_ipp_nonadaptive,wind,220,18.25,1.6561385085335627
bb_ipp_nonadaptive,wind,221,18.33333333333337,1.6434709705301036
bb_ipp_nonadaptive,wind,222,18.41666666666663,1.6232706224018212
bb_ipp_nonadaptive,wind,223,18.5,1.6237411760103804
bb_ipp_nonadaptive,wind,224,18.58333333333337,1.6360866172627935
bb_ipp_nonadaptive,wind,225,18.66666666666663,1.6382645044942146
bb_ipp_nonadaptive,wind,226,18.75,1.585743327855997
bb_ipp_nonadaptive,wind,227,18.83333333333337,1.5799727168973603
bb_ipp_nonadaptive,wind,228,18.91666666666663,1.5818353858321563
bb_ipp_nonadaptive,wind,229,19.0,1.5917753647746655
bb_ipp_nonadaptive,wind,230,19.08333333333337,1.5572098315992497
bb_ipp_nonadaptive,wind,231,19.16666666666663,1.54546847538869
bb_ipp_nonadaptive,wind,232,19.25,1.5448665011206133
bb_ipp_nonadaptive,wind,233,19.33333333333337,1.5599302260237726
bb_ipp_nonadaptive,wind,234,19.41666666666663,1.5375705475616068
bb_ipp_nonadaptive,wind,235,19.5,1.5406726324076927
bb_ipp_nonadaptive,wind,236,19.58333333333337,1.5359044784625926
bb_ipp_nonadaptive,wind,237,19.66666666666663,1.5265679513483483
bb_ipp_nonadaptive,wind,238,19.75,1.5299369672146537
bb_ipp_nonadaptive,wind,239,19.83333333333337,1.528162773551497
bb_ipp_nonadaptive,wind,240,19.91666666666663,1.5184619213684774
bb_ipp_nonadaptive,wind,241,20.0,1.523254520785399
bb_ipp_nonadaptive,wind,242,20.08333333333337,1.489242393180758
bb_ipp_nonadaptive,wind,243,20.16666666666663,1.5047995078245147
bb_ipp_nonadaptive,wind,244,20.25,1.509537639440273
bb_ipp_nonadaptive,wind,245,20.33333333333337,1.5169627772248349
bb_ipp_nonadaptive,wind,246,20.41666666666663,1.533218536059858
bb_ipp_nonadaptive,wind,247,20.5,1.4867404184129032
bb_ipp_nonadaptive,wind,248,20.58333333333337,1.4678946071837782
bb_ipp_nonadaptive,wind,249,20.66666666666663,1.4657234781256554
bb_ipp_nonadaptive,wind,250,20.75,1.4639075477102999
bb_ipp_nonadaptive,wind,251,20.83333333333337,1.4581176948758023
bb_ipp_nonadaptive,wind,252,20.91666666666663,1.449351972726
bb_ipp_nonadaptive,wind,253,21.0,1.4461453843695444
bb_ipp_nonadaptive,wind,254,21.08333333333337,1.4554187310773845
bb_ipp_nonadaptive,wind,255,21.16666666666663,1.4383173140895538
bb_ipp_nonadaptive,wind,256,21.25,1.4362285861112216
bb_ipp_nonadaptive,wind,257,21.33333333333337,1.4204403519013764
bb_ipp_nonadaptive,wind,258,21.41666666666663,1.428823489174471
bb_ipp_nonadaptive,wind,259,21.5,1.4232041849373966
bb_ipp_nonadaptive,wind,260,21.58333333333337,1.4137794487775353
bb_ipp_nonadaptive,wind,261,21.66666666666663,1.4209326535022102
bb_ipp_nonadaptive,wind,262,21.75,1.4190450827305268
bb_ipp_nonadaptive,wind,263,21.83333333333337,1.402824295667698
bb_ipp_nonadaptive,wind,264,21.91666666666663,1.4213589744217916
bb_ipp_nonadaptive,wind,265,22.0,1.4111542329030424
bb_ipp_nonadaptive,wind,266,22.08333333333337,1.412345621820548
bb_ipp_nonadaptive,wind,267,22.16666666666663,1.3947475668032
bb_ipp_nonadaptive,wind,268,22.25,1.4018734389107794
bb_ipp_nonadaptive,wind,269,22.33333333333337,1.3997442806807074
bb_ipp_nonadaptive,wind,270,22.41666666666663,1.4063091330393538
bb_ipp_nonadaptive,wind,271,22.5,1.4022896849649789
bb_ipp_nonadaptive,wind,272,22.58333333333337,1.4062877289355105
bb_ipp_nonadaptive,wind,273,22.66666666666663,1.405598779172453
bb_ipp_nonadaptive,wind,274,22.75,1.3993359117341952
bb_ipp_nonadaptive,wind,275,22.83333333333337,1.3909830774963303
bb_ipp_nonadaptive,wind,276,22.91666666666663,1.3949868139028354
bb_ipp_nonadaptive,wind,277,23.0,1.3968277372856779
bb_ipp_nonadaptive,wind,278,23.08333333333337,1.4033510148550445
bb_ipp_nonadaptive,wind,279,23.16666666666663,1.3935976217425123
bb_ipp_nonadaptive,wind,280,23.25,1.3904094707295853
bb_ipp_nonadaptive,wind,281,23.33333333333337,1.3912989749450544
bb_ipp_nonadaptive,wind,282,23.41666666666663,1.3883081567671187
bb_ipp_nonadaptive,wind,283,23.5,1.3873776447755548
bb_ipp_nonadaptive,wind,284,23.58333333333337,1.3892546393783
bb_ipp_nonadaptive,wind,285,23.66666666666663,1.3895143034347814
bb_ipp_nonadaptive,wind,286,23.75,1.3896491901202623
bb_ipp_nonadaptive,wind,287,23.83333333333337,1.3909980779360063
bb_ipp_nonadaptive,wind,288,23.91666666666663,1.3913710977743021
bb_ipp_nonadaptive,wind,289,24.0,1.3900420875939892
bb_ipp_nonadaptive,wind,290,24.08333333333337,1.391098194691868
bb_ipp_nonadaptive,wind,291,24.16666666666663,1.3904588375205034
bb_ipp_nonadaptive,wind,292,24.25,1.3925122519921347
bb_ipp_nonadaptive,wind,293,24.33333333333337,1.3955170140191424
bb_ipp_nonadaptive,wind,294,24.41666666666663,1.394837449948171
bb_ipp_nonadaptive,wind,295,24.5,1.3965090288470599
bb_ipp_nonadaptive,wind,296,24.58333333333337,1.3950390073952164
bb_ipp_nonadaptive,wind,297,24.66666666666663,1.3946221986918
bb_ipp_nonadaptive,wind,298,24.75,1.3965593185971075
bb_ipp_nonadaptive,wind,299,24.83333333333337,1.4015806126773256
bb_ipp_nonadaptive,wind,300,24.91666666666663,1.3994694402809973
bb_ipp_nonadaptive,wind,301,25.0,1.3961717047240376
bb_ipp_nonadaptive,wind,302,25.08333333333337,1.398137216584952
bb_ipp_nonadaptive,wind,303,25.16666666666663,1.3963200555785382
bb_ipp_nonadaptive,wind,304,25.25,1.4064650118058406
bb_ipp_nonadaptive,wind,305,25.33333333333337,1.4040362989197197
bb_ipp_nonadaptive,wind,306,25.41666666666663,1.4037673034887477
bb_ipp_nonadaptive,wind,307,25.5,1.4105026895071247
bb_ipp_nonadaptive,wind,308,25.58333333333337,1.4092387223069764
bb_ipp_nonadaptive,wind,309,25.66666666666663,1.4012599284814027
bb_ipp_nonadaptive,wind,310,25.75,1.398505216120733
bb_ipp_nonadaptive,wind,311,25.83333333333337,1.3953454703449344
bb_ipp_nonadaptive,wind,312,25.91666666666663,1.4004134207506802
bb_ipp_nonadaptive,wind,313,26.0,1.4142844257813625
bb_ipp_nonadaptive,wind,314,26.08333333333337,1.4174498800149962
bb_ipp_nonadaptive,wind,315,26.16666666666663,1.4074407241220643
bb_ipp_nonadaptive,wind,316,26.25,1.41176144482072
bb_ipp_nonadaptive,wind,317,26.33333333333337,1.4109630870389198
bb_ipp_nonadaptive,wind,318,26.41666666666663,1.401853420260009
bb_ipp_nonadaptive,wind,319,26.5,1.411274488274677
bb_ipp_nonadaptive,wind,320,26.58333333333337,1.4156349344707644
bb_ipp_nonadaptive,wind,321,26.66666666666663,1.411987124824996
bb_ipp_nonadaptive,wind,322,26.75,1.415679809736081
bb_ipp_nonadaptive,wind,323,26.83333333333337,1.4135653033522133
bb_ipp_nonadaptive,wind,324,26.91666666666663,1.4056137990126745
bb_ipp_nonadaptive,wind,325,27.0,1.402819607551214
bb_ipp_nonadaptive,wind,326,27.08333333333337,1.394849008493379
bb_ipp_nonadaptive,wind,327,27.16666666666663,1.3918883132753606
bb_ipp_nonadaptive,wind,328,27.25,1.4050420770029253
bb_ipp_nonadaptive,wind,329,27.33333333333337,1.4013876234851765
bb_ipp_nonadaptive,wind,330,27.41666666666663,1.3969320854188374
bb_ipp_nonadaptive,wind,331,27.5,1.3919906582498742
bb_ipp_nonadaptive,wind,332,27.58333333333337,1.4045696901174811
bb_ipp_nonadaptive,wind,333,27.66666666666663,1.4049898773372214
bb_ipp_nonadaptive,wind,334,27.75,1.4002542300917065
bb_ipp_nonadaptive,wind,335,27.83333333333337,1.3844932760770126
bb_ipp_nonadaptive,wind,336,27.91666666666663,1.386627743041876
bb_ipp_nonadaptive,wind,337,28.0,1.3781430262512604
bb_ipp_nonadaptive,wind,338,28.08333333333337,1.365427201534035
bb_ipp_nonadaptive,wind,339,28.16666666666663,1.3692678954654582
bb_ipp_nonadaptive,wind,340,28.25,1.360842602966178
bb_ipp_nonadaptive,wind,341,28.33333333333337,1.3514920499105414
bb_ipp_nonadaptive,wind,342,28.41666666666663,1.3560131000778444
bb_ipp_nonadaptive,wind,343,28.5,1.349611659816332
bb_ipp_nonadaptive,wind,344,28.58333333333337,1.3477884342843034
bb_ipp_nonadaptive,wind,345,28.66666666666663,1.348736405963134
bb_ipp_nonadaptive,wind,346,28.75,1.352900920617094
bb_ipp_nonadaptive,wind,347,28.83333333333337,1.348295961052758
bb_ipp_nonadaptive,wind,348,28.91666666666663,1.3509836720246655
bb_ipp_nonadaptive,wind,349,29.0,1.3559245415981074
bb_ipp_nonadaptive,wind,350,29.08333333333337,1.35182320087988
bb_ipp_nonadaptive,wind,351,29.16666666666663,1.3448105029608532
bb_ipp_nonadaptive,wind,352,29.25,1.354538936413614
bb_ipp_nonadaptive,wind,353,29.33333333333337,1.3524544553858544
bb_ipp_nonadaptive,wind,354,29.41666666666663,1.343422462153186
bb_ipp_nonadaptive,wind,355,29.5,1.342975908675693
bb_ipp_nonadaptive,wind,356,29.58333333333337,1.3443876146100497
bb_ipp_nonadaptive,wind,357,29.66666666666663,1.3380818380064599
bb_ipp_nonadaptive,wind,358,29.75,1.3393353791116094
bb_ipp_nonadaptive,wind,359,29.83333333333337,1.3420833641818972
bb_ipp_nonadaptive,wind,360,29.91666666666663,1.3402015018722
bb_ipp_nonadaptive,wind,361,30.0,1.3347989108246214
bb_ipp_nonadaptive,wind,362,30.08333333333337,1.3387099838716465
bb_ipp_nonadaptive,wind,363,30.16666666666663,1.3440258431616485
bb_ipp_nonadaptive,wind,364,30.25,1.3410871090495233
bb_ipp_nonadaptive,wind,365,30.33333333333337,1.342111758575767
bb_ipp_nonadaptive,wind,366,30.41666666666663,1.3402864198792555
bb_ipp_nonadaptive,wind,367,30.5,1.3451790236839019
bb_ipp_nonadaptive,wind,368,30.58333333333337,1.3411151188933992
bb_ipp_nonadaptive,wind,369,30.66666666666663,1.339911207084227
bb_ipp_nonadaptive,wind,370,30.75,1.3459159104440594
bb_ipp_nonadaptive,wind,371,30.83333333333337,1.3389248473640176
bb_ipp_nonadaptive,wind,372,30.91666666666663,1.3358561751167393
bb_ipp_nonadaptive,wind,373,31.0,1.3328724366335285
bb_ipp_nonadaptive,wind,374,31.08333333333337,1.3290617079535494
bb_ipp_nonadaptive,wind,375,31.16666666666663,1.3293950832759098
bb_ipp_nonadaptive,wind,376,31.25,1.3343141022783485
bb_ipp_nonadaptive,wind,377,31.33333333333337,1.3425674255664044
bb_ipp_nonadaptive,wind,378,31.41666666666663,1.343100975154992
bb_ipp_nonadaptive,wind,379,31.5,1.3368172665022453
bb_ipp_nonadaptive,wind,380,31.58333333333337,1.3393852917120692
bb_ipp_nonadaptive,wind,381,31.66666666666663,1.3307339619847396
bb_ipp_nonadaptive,wind,382,31.75,1.3363522005435613
bb_ipp_nonadaptive,wind,383,31.83333333333337,1.3351461442639978
bb_ipp_nonadaptive,wind,384,31.91666666666663,1.3303909850268778
bb_ipp_nonadaptive,wind,385,32.0,1.3330054530216462
bb_ipp_nonadaptive,wind,386,32.08333333333337,1.3355133765140483
bb_ipp_nonadaptive,wind,387,32.16666666666663,1.3328187895247203
bb_ipp_nonadaptive,wind,388,32.25,1.3242592699067874
bb_ipp_nonadaptive,wind,389,32.33333333333337,1.3219439732812417
bb_ipp_nonadaptive,wind,390,32.41666666666663,1.3243878931968467
bb_ipp_nonadaptive,wind,391,32.5,1.339843587195373
bb_ipp_nonadaptive,wind,392,32.58333333333337,1.335133918630583
bb_ipp_nonadaptive,wind,393,32.66666666666663,1.3361593806740892
bb_ipp_nonadaptive,wind,394,32.75,1.3366756696319928
bb_ipp_nonadaptive,wind,395,32.83333333333337,1.3220219178369284
bb_ipp_nonadaptive,wind,396,32.91666666666663,1.317715661073843
bb_ipp_nonadaptive,wind,397,33.0,1.322635312568199
bb_ipp_nonadaptive,wind,398,33.08333333333337,1.3184685659943272
bb_ipp_nonadaptive,wind,399,33.16666666666663,1.3210608810330637
bb_ipp_nonadaptive,wind,400,33.25,1.3089278801796191
bb_ipp_nonadaptive,wind,401,33.33333333333337,1.3163851495271839
bb_ipp_nonadaptive,wind,402,33.41666666666663,1.3053164892913933
bb_ipp_nonadaptive,wind,403,33.5,1.3007491475167086
bb_ipp_nonadaptive,wind,404,33.58333333333337,1.2939548200479993
bb_ipp_nonadaptive,wind,405,33.66666666666663,1.2962789797720098
bb_ipp_nonadaptive,wind,406,33.75,1.288648466834398
bb_ipp_nonadaptive,wind,407,33.83333333333337,1.286857579432427
bb_ipp_nonadaptive,wind,408,33.91666666666663,1.2913608826986684
bb_ipp_nonadaptive,wind,409,34.0,1.290838651994669
bb_ipp_nonadaptive,wind,410,34.08333333333337,1.2827623081985098
bb_ipp_nonadaptive,wind,411,34.16666666666663,1.2815697328468865
bb_ipp_nonadaptive,wind,412,34.25,1.285215093249294
bb_ipp_nonadaptive,wind,413,34.33333333333337,1.2720601909377198
bb_ipp_nonadaptive,wind,414,34.41666666666663,1.2772743018570658
bb_ipp_nonadaptive,wind,415,34.5,1.2709827931858564
bb_ipp_nonadaptive,wind,416,34.58333333333337,1.2707958965999102
bb_ipp_nonadaptive,wind,417,34.66666666666663,1.274018201777346
bb_ipp_nonadaptive,wind,418,34.75,1.2689915590200602
bb_ipp_nonadaptive,wind,419,34.83333333333337,1.2655025737334724
bb_ipp_nonadaptive,wind,420,34.91666666666663,1.2654281892098447
bb_ipp_nonadaptive,wind,421,35.0,1.2713063352454128
bb_ipp_nonadaptive,wind,422,35.08333333333337,1.2705816491071287
bb_ipp_nonadaptive,wind,423,35.16666666666663,1.269654096107431
bb_ipp_nonadaptive,wind,424,35.25,1.2655316189875792
bb_ipp_nonadaptive,wind,425,35.33333333333337,1.2705031442250905
bb_ipp_nonadaptive,wind,426,35.41666666666663,1.2713763006133247
bb_ipp_nonadaptive,wind,427,35.5,1.2672113675432675
bb_ipp_nonadaptive,wind,428,35.58333333333337,1.2603039393352755
bb_ipp_nonadaptive,wind,429,35.66666666666663,1.258758299953288
bb_ipp_nonadaptive,wind,430,35.75,1.25748397972336
bb_ipp_nonadaptive,wind,431,35.83333333333337,1.2581498188855185
bb_ipp_nonadaptive,wind,432,35.91666666666663,1.2583518673370635
bb_ipp_nonadaptive,wind,433,36.0,1.2582908407995719
bb_ipp_nonadaptive,wind,434,36.08333333333337,1.2586904180128147
bb_ipp_nonadaptive,wind,435,36.16666666666663,1.258793401949088
bb_ipp_nonadaptive,wind,436,36.25,1.2594041463402041
bb_ipp_nonadaptive,wind,437,36.33333333333337,1.2606292017653655
bb_ipp_nonadaptive,wind,438,36.41666666666663,1.2604300332964833
bb_ipp_nonadaptive,wind,439,36.5,1.2634676497676305
bb_ipp_nonadaptive,wind,440,36.58333333333337,1.2595839803359343
bb_ipp_nonadaptive,wind,441,36.66666666666663,1.2630468420157064
bb_ipp_nonadaptive,wind,442,36.75,1.2676076650871428
bb_ipp_nonadaptive,wind,443,36.83333333333337,1.2737319138335343
bb_ipp_nonadaptive,wind,444,36.91666666666663,1.2693601073980922
bb_ipp_nonadaptive,wind,445,37.0,1.2761494599949248
bb_ipp_nonadaptive,wind,446,37.08333333333337,1.2576600142584196
bb_ipp_nonadaptive,wind,447,37.16666666666663,1.2578879946346386
bb_ipp_nonadaptive,wind,448,37.25,1.2594125965769163
bb_ipp_nonadaptive,wind,449,37.33333333333337,1.2662037133822353
bb_ipp_nonadaptive,wind,450,37.41666666666663,1.2679056791947583
bb_ipp_nonadaptive,wind,451,37.5,1.2731282316176895
bb_ipp_nonadaptive,wind,452,37.58333333333337,1.2783047312425844
bb_ipp_nonadaptive,wind,453,37.66666666666663,1.270600748537545
bb_ipp_nonadaptive,wind,454,37.75,1.2766490757532507
bb_ipp_nonadaptive,wind,455,37.83333333333337,1.2748036692520415
bb_ipp_nonadaptive,wind,456,37.91666666666663,1.2784104364781206
bb_ipp_nonadaptive,wind,457,38.0,1.2810703974595257
bb_ipp_nonadaptive,wind,458,38.08333333333337,1.2855722726957128
bb_ipp_nonadaptive,wind,459,38.16666666666663,1.2824247274845648
bb_ipp_nonadaptive,wind,460,38.25,1.2943815514298083
bb_ipp_nonadaptive,wind,461,38.33333333333337,1.2908715562697426
bb_ipp_nonadaptive,wind,462,38.41666666666663,1.2825715101154218
bb_ipp_nonadaptive,wind,463,38.5,1.2767949615309255
bb_ipp_nonadaptive,wind,464,38.58333333333337,1.2838344476931074
bb_ipp_nonadaptive,wind,465,38.66666666666663,1.28009579514552
bb_ipp_nonadaptive,wind,466,38.75,1.2801187592529655
bb_ipp_nonadaptive,wind,467,38.83333333333337,1.2903371961984857
bb_ipp_nonadaptive,wind,468,38.91666666666663,1.2879309120934288
bb_ipp_nonadaptive,wind,469,39.0,1.3139023539589605
bb_ipp_nonadaptive,wind,470,39.08333333333337,1.285920096928805
bb_ipp_nonadaptive,wind,471,39.16666666666663,1.268818664389478
bb_ipp_nonadaptive,wind,472,39.25,1.26129229211996
bb_ipp_nonadaptive,wind,473,39.33333333333337,1.256708009897938
bb_ipp_nonadaptive,wind,474,39.41666666666663,1.2634683638274453
bb_ipp_nonadaptive,wind,475,39.5,1.2597841489589654
bb_ipp_nonadaptive,wind,476,39.58333333333337,1.2650907140043601
bb_ipp_nonadaptive,wind,477,39.66666666666663,1.2600204526523742
bb_ipp_nonadaptive,wind,478,39.75,1.2590148032919108
bb_ipp_nonadaptive,wind,479,39.83333333333337,1.2580531785492346
bb_ipp_nonadaptive,wind,480,39.91666666666663,1.2574043231336838
bb_ipp_nonadaptive,wind,481,40.0,1.2572711495599802
bb_ipp_nonadaptive,wind,482,40.08333333333337,1.2585297231965995
bb_ipp_nonadaptive,wind,483,40.16666666666663,1.2619441524634791
bb_ipp_nonadaptive,wind,484,40.25,1.2629279375095692
bb_ipp_nonadaptive,wind,485,40.33333333333337,1.2621158045064145
bb_ipp_nonadaptive,wind,486,40.41666666666663,1.2603356931113168
bb_ipp_nonadaptive,wind,487,40.5,1.260729339574492
bb_ipp_nonadaptive,wind,488,40.58333333333337,1.261388311677526
bb_ipp_nonadaptive,wind,489,40.66666666666663,1.2621392000273277
bb_ipp_nonadaptive,wind,490,40.75,1.2623321133873386
bb_ipp_nonadaptive,wind,491,40.83333333333337,1.2627660757490247
bb_ipp_nonadaptive,wind,492,40.91666666666663,1.2638512910466817
bb_ipp_nonadaptive,wind,493,41.0,1.2643308145469745
bb_ipp_nonadaptive,wind,494,41.08333333333337,1.264052255041815
bb_ipp_nonadaptive,wind,495,41.16666666666663,1.2645986974017733
bb_ipp_nonadaptive,wind,496,41.25,1.264920347908231
bb_ipp_nonadaptive,wind,497,41.33333333333337,1.2653578576126825
bb_ipp_nonadaptive,wind,498,41.41666666666663,1.2659274492157606
bb_ipp_nonadaptive,wind,499,41.5,1.2662962099308075
bb_ipp_nonadaptive,wind,500,41.58333333333337,1.26671727864654
bb_ipp_nonadaptive,wind,501,41.66666666666663,1.2670460559693295
bb_ipp_nonadaptive,wind,502,41.75,1.2678171833016076
bb_ipp_nonadaptive,wind,503,41.83333333333337,1.2682184813743067
bb_ipp_nonadaptive,wind,504,41.91666666666663,1.2680145415619088
bb_ipp_nonadaptive,wind,505,42.0,1.2720037823307144
bb_ipp_nonadaptive,wind,506,42.08333333333337,1.2705151453677246
bb_ipp_nonadaptive,wind,507,42.16666666666663,1.2709773623650715
bb_ipp_nonadaptive,wind,508,42.25,1.2708123428980487
bb_ipp_nonadaptive,wind,509,42.33333333333337,1.2737564803287011
bb_ipp_nonadaptive,wind,510,42.41666666666663,1.2757386426551744
bb_ipp_nonadaptive,wind,511,42.5,1.2742060082008428
bb_ipp_nonadaptive,wind,512,42.58333333333337,1.2767650183672492
bb_ipp_nonadaptive,wind,513,42.66666666666663,1.2734201229240452
bb_ipp_nonadaptive,wind,514,42.75,1.2758100648347932
bb_ipp_nonadaptive,wind,515,42.83333333333337,1.2746940081514777
bb_ipp_nonadaptive,wind,516,42.91666666666663,1.275999306877489
bb_ipp_nonadaptive,wind,517,43.0,1.2758940029926304
bb_ipp_nonadaptive,wind,518,43.08333333333337,1.2759148908411204
bb_ipp_nonadaptive,wind,519,43.16666666666663,1.2766752672034722
bb_ipp_nonadaptive,wind,520,43.25,1.2766581207867111
bb_ipp_nonadaptive,wind,521,43.33333333333337,1.2775918770568697
bb_ipp_nonadaptive,wind,522,43.41666666666663,1.2784316728300607
bb_ipp_nonadaptive,wind,523,43.5,1.27924433383657
bb_ipp_nonadaptive,wind,524,43.58333333333337,1.2789267415621857
bb_ipp_nonadaptive,wind,525,43.66666666666663,1.279803689572863
bb_ipp_nonadaptive,wind,526,43.75,1.2803521116125092
bb_ipp_nonadaptive,wind,527,43.83333333333337,1.2811011973533988
bb_ipp_nonadaptive,wind,528,43.91666666666663,1.2857475279090975
bb_ipp_nonadaptive,wind,529,44.0,1.289845368855144
bb_ipp_nonadaptive,wind,530,44.08333333333337,1.2873394404173453
bb_ipp_nonadaptive,wind,531,44.16666666666663,1.2899703368854614
bb_ipp_nonadaptive,wind,532,44.25,1.3063319648773684
bb_ipp_nonadaptive,wind,533,44.33333333333337,1.3151102900752947
bb_ipp_nonadaptive,wind,534,44.41666666666663,1.3251126562521405
bb_ipp_nonadaptive,wind,535,44.5,1.3420820440338794
bb_ipp_nonadaptive,wind,536,44.58333333333337,1.39791854891512
bb_ipp_nonadaptive,wind,537,44.66666666666663,1.4041882824488445
bb_ipp_nonadaptive,wind,538,44.75,1.4391380561114764
bb_ipp_nonadaptive,wind,539,44.83333333333337,1.435140791469816
bb_ipp_nonadaptive,wind,540,44.91666666666663,1.458333651727266
bb_ipp_nonadaptive,wind,541,45.0,1.4509831049179394
bb_ipp_nonadaptive,wind,542,45.08333333333337,1.4775614569267361
bb_ipp_nonadaptive,wind,543,45.16666666666663,1.4772044053831037
bb_ipp_nonadaptive,wind,544,45.25,1.473031654422517
bb_ipp_nonadaptive,wind,545,45.33333333333337,1.45880626994194
bb_ipp_nonadaptive,wind,546,45.41666666666663,1.4554231313573196
bb_ipp_nonadaptive,wind,547,45.5,1.5109946071846323
bb_ipp_nonadaptive,wind,548,45.58333333333337,1.5108975805828866
bb_ipp_nonadaptive,wind,549,45.66666666666663,1.5320183978153834
bb_ipp_nonadaptive,wind,550,45.75,1.5289950658033185
bb_ipp_nonadaptive,wind,551,45.83333333333337,1.5298241507138397
bb_ipp_nonadaptive,wind,552,45.91666666666663,1.516191715683483
bb_ipp_nonadaptive,wind,553,46.0,1.5323494224643035
bb_ipp_nonadaptive,wind,554,46.08333333333337,1.50954181609065
bb_ipp_nonadaptive,wind,555,46.16666666666663,1.5234913954348663
bb_ipp_nonadaptive,wind,556,46.25,1.5340097539456723
bb_ipp_nonadaptive,wind,557,46.33333333333337,1.5187415651712046
bb_ipp_nonadaptive,wind,558,46.41666666666663,1.50417598758788
bb_ipp_nonadaptive,wind,559,46.5,1.480909242492021
bb_ipp_nonadaptive,wind,560,46.58333333333337,1.4447565608135613
bb_ipp_nonadaptive,wind,561,46.66666666666663,1.4426171285692626
bb_ipp_nonadaptive,wind,562,46.75,1.4194008810345085
bb_ipp_nonadaptive,wind,563,46.83333333333337,1.4308480878780994
bb_ipp_nonadaptive,wind,564,46.91666666666663,1.4427304589545444
bb_ipp_nonadaptive,wind,565,47.0,1.4233607487831934
bb_ipp_nonadaptive,wind,566,47.08333333333337,1.4461996393164347
bb_ipp_nonadaptive,wind,567,47.16666666666663,1.43317318549467
bb_ipp_nonadaptive,wind,568,47.25,1.4320938117724136
bb_ipp_nonadaptive,wind,569,47.33333333333337,1.4268641689630388
bb_ipp_nonadaptive,wind,570,47.41666666666663,1.4226200917261222
bb_ipp_nonadaptive,wind,571,47.5,1.4149221037024575
bb_ipp_nonadaptive,wind,572,47.58333333333337,1.4085843516736238
bb_ipp_nonadaptive,wind,573,47.66666666666663,1.4152989523560167
bb_ipp_nonadaptive,wind,574,47.75,1.3951558994706161
bb_ipp_nonadaptive,wind,575,47.83333333333337,1.3865038985410718
bb_ipp_nonadaptive,wind,576,47.91666666666663,1.3864576201703938
bb_ipp_nonadaptive,wind,577,48.0,1.3943677561558583
bb_ipp_nonadaptive,wind,578,48.08333333333337,1.3877376439597469
bb_ipp_nonadaptive,wind,579,48.16666666666663,1.3763172201890848
bb_ipp_nonadaptive,wind,580,48.25,1.3743102771885085
bb_ipp_nonadaptive,wind,581,48.33333333333337,1.3817093135898155
bb_ipp_nonadaptive,wind,582,48.41666666666663,1.3924393650999678
bb_ipp_nonadaptive,wind,583,48.5,1.3854698957063372
bb_ipp_nonadaptive,wind,584,48.58333333333337,1.3859598302463287
bb_ipp_nonadaptive,wind,585,48.66666666666663,1.374977015206266
bb_ipp_nonadaptive,wind,586,48.75,1.36641037650211
bb_ipp_nonadaptive,wind,587,48.83333333333337,1.3747991915518853
bb_ipp_nonadaptive,wind,588,48.91666666666663,1.3768801711141874
bb_ipp_nonadaptive,wind,589,49.0,1.3715772515929165
bb_ipp_nonadaptive,wind,590,49.08333333333337,1.3683619178020514
bb_ipp_nonadaptive,wind,591,49.16666666666663,1.3663710245844343
bb_ipp_nonadaptive,wind,592,49.25,1.3600826902111303
bb_ipp_nonadaptive,wind,593,49.33333333333337,1.3645589952234045
bb_ipp_nonadaptive,wind,594,49.41666666666663,1.3646514042020605
bb_ipp_nonadaptive,wind,595,49.5,1.3666088081750538
bb_ipp_nonadaptive,wind,596,49.58333333333337,1.3595165947013779
bb_ipp_nonadaptive,wind,597,49.66666666666663,1.3581785494474636
bb_ipp_nonadaptive,wind,598,49.75,1.3576099980193996
bb_ipp_nonadaptive,wind,599,49.83333333333337,1.361136403591659
bb_ipp_nonadaptive,wind,600,49.91666666666663,1.3606345348211255
bb_ipp_nonadaptive,wind,601,50.0,1.3610991009889022
bb_ipp_nonadaptive,wind,602,50.08333333333337,1.3587780966107221
bb_ipp_nonadaptive,wind,603,50.16666666666663,1.3601009238820372
bb_ipp_nonadaptive,wind,604,50.25,1.3579638635676436
bb_ipp_nonadaptive,wind,605,50.33333333333337,1.3571984780442794
bb_ipp_nonadaptive,wind,606,50.41666666666663,1.357363174964495
bb_ipp_nonadaptive,wind,607,50.5,1.3585405678790887
bb_ipp_nonadaptive,wind,608,50.58333333333337,1.358240222059118
bb_ipp_nonadaptive,wind,609,50.66666666666663,1.3582052801109874
bb_ipp_nonadaptive,wind,610,50.75,1.358497879408859
bb_ipp_nonadaptive,wind,611,50.83333333333337,1.3588136795106058
bb_ipp_nonadaptive,wind,612,50.91666666666663,1.3591546311598828
bb_ipp_nonadaptive,wind,613,51.0,1.359553573621976
bb_ipp_nonadaptive,wind,614,51.08333333333337,1.3598711978437004
bb_ipp_nonadaptive,wind,615,51.16666666666663,1.3608117252439873
bb_ipp_nonadaptive,wind,616,51.25,1.361373846247763
bb_ipp_nonadaptive,wind,617,51.33333333333337,1.361452725819391
bb_ipp_nonadaptive,wind,618,51.41666666666663,1.3630187229754527
bb_ipp_nonadaptive,wind,619,51.5,1.3652202983182848
bb_ipp_nonadaptive,wind,620,51.58333333333337,1.3650225232665338
bb_ipp_nonadaptive,wind,621,51.66666666666663,1.3724766372189265
bb_ipp_nonadaptive,wind,622,51.75,1.3698100767058652
bb_ipp_nonadaptive,wind,623,51.83333333333337,1.3665650795667277
bb_ipp_nonadaptive,wind,624,51.91666666666663,1.3654663509887652
bb_ipp_nonadaptive,wind,625,52.0,1.3647208375516784
bb_ipp_nonadaptive,wind,626,52.08333333333337,1.3709785005701522
bb_ipp_nonadaptive,wind,627,52.16666666666663,1.3747039666612153
bb_ipp_nonadaptive,wind,628,52.25,1.3778732480533924
bb_ipp_nonadaptive,wind,629,52.33333333333337,1.3727886575662016
bb_ipp_nonadaptive,wind,630,52.41666666666663,1.3654857496199975
bb_ipp_nonadaptive,wind,631,52.5,1.364740161749495
bb_ipp_nonadaptive,wind,632,52.58333333333337,1.3687506649068395
bb_ipp_nonadaptive,wind,633,52.66666666666663,1.3698508224115677
bb_ipp_nonadaptive,wind,634,52.75,1.3797778938792038
bb_ipp_nonadaptive,wind,635,52.83333333333337,1.3815083778879285
bb_ipp_nonadaptive,wind,636,52.91666666666663,1.3829965605207448
bb_ipp_nonadaptive,wind,637,53.0,1.3854001691168707
bb_ipp_nonadaptive,wind,638,53.08333333333337,1.3802314544102263
bb_ipp_nonadaptive,wind,639,53.16666666666663,1.379281694145108
bb_ipp_nonadaptive,wind,640,53.25,1.3812944344546576
bb_ipp_nonadaptive,wind,641,53.33333333333337,1.3804342126285707
bb_ipp_nonadaptive,wind,642,53.41666666666663,1.3805443172983085
bb_ipp_nonadaptive,wind,643,53.5,1.3858672469781372
bb_ipp_nonadaptive,wind,644,53.58333333333337,1.37644864296924
bb_ipp_nonadaptive,wind,645,53.66666666666663,1.3713710005529547
bb_ipp_nonadaptive,wind,646,53.75,1.374853314488354
bb_ipp_nonadaptive,wind,647,53.83333333333337,1.377276202895172
bb_ipp_nonadaptive,wind,648,53.91666666666663,1.3821385056723512
bb_ipp_nonadaptive,wind,649,54.0,1.3785580706737053
bb_ipp_nonadaptive,wind,650,54.08333333333337,1.380366846181672
bb_ipp_nonadaptive,wind,651,54.16666666666663,1.3835273653391127
bb_ipp_nonadaptive,wind,652,54.25,1.3952563238731281
bb_ipp_nonadaptive,wind,653,54.33333333333337,1.4002366229430894
bb_ipp_nonadaptive,wind,654,54.41666666666663,1.3946356885715903
bb_ipp_nonadaptive,wind,655,54.5,1.3789564868203874
bb_ipp_nonadaptive,wind,656,54.58333333333337,1.373576355357351
bb_ipp_nonadaptive,wind,657,54.66666666666663,1.377390084516356
bb_ipp_nonadaptive,wind,658,54.75,1.3760791147825244
bb_ipp_nonadaptive,wind,659,54.83333333333337,1.3844163749970437
bb_ipp_nonadaptive,wind,660,54.91666666666663,1.3832395628003267
bb_ipp_nonadaptive,wind,661,55.0,1.379224923995815
bb_ipp_nonadaptive,wind,662,55.08333333333337,1.3836810259589274
bb_ipp_nonadaptive,wind,663,55.16666666666663,1.3839973340991134
bb_ipp_nonadaptive,wind,664,55.25,1.3818425016766755
bb_ipp_nonadaptive,wind,665,55.33333333333337,1.3810892128813004
bb_ipp_nonadaptive,wind,666,55.41666666666663,1.3793660262223728
bb_ipp_nonadaptive,wind,667,55.5,1.379382893093431
bb_ipp_nonadaptive,wind,668,55.58333333333337,1.3797252437081216
bb_ipp_nonadaptive,wind,669,55.66666666666663,1.3794872958930813
bb_ipp_nonadaptive,wind,670,55.75,1.3806503878033307
bb_ipp_nonadaptive,wind,671,55.83333333333337,1.3818025789374502
bb_ipp_nonadaptive,wind,672,55.91666666666663,1.3815929384021703
bb_ipp_nonadaptive,wind,673,56.0,1.3819908037517437
bb_ipp_nonadaptive,wind,674,56.08333333333337,1.3827195496274303
bb_ipp_nonadaptive,wind,675,56.16666666666663,1.382997320155591
bb_ipp_nonadaptive,wind,676,56.25,1.3835584884626388
bb_ipp_nonadaptive,wind,677,56.33333333333337,1.3841013076933903
bb_ipp_nonadaptive,wind,678,56.41666666666663,1.384320418990235
bb_ipp_nonadaptive,wind,679,56.5,1.3845896316582609
bb_ipp_nonadaptive,wind,680,56.58333333333337,1.384851810663971
bb_ipp_nonadaptive,wind,681,56.66666666666663,1.3851493200059093
bb_ipp_nonadaptive,wind,682,56.75,1.385694956116012
bb_ipp_nonadaptive,wind,683,56.83333333333337,1.3861763838227097
bb_ipp_nonadaptive,wind,684,56.91666666666663,1.3862513945865653
bb_ipp_nonadaptive,wind,685,57.0,1.3871039442489737
bb_ipp_nonadaptive,wind,686,57.08333333333337,1.3870230540139874
bb_ipp_nonadaptive,wind,687,57.16666666666663,1.3872606756713999
bb_ipp_nonadaptive,wind,688,57.25,1.3877226055358933
bb_ipp_nonadaptive,wind,689,57.33333333333337,1.3878267374234043
bb_ipp_nonadaptive,wind,690,57.41666666666663,1.3881706815534272
bb_ipp_nonadaptive,wind,691,57.5,1.3887137753271928
bb_ipp_nonadaptive,wind,692,57.58333333333337,1.3888480059048804
bb_ipp_nonadaptive,wind,693,57.66666666666663,1.3893679204415244
bb_ipp_nonadaptive,wind,694,57.75,1.3903736306439964
bb_ipp_nonadaptive,wind,695,57.83333333333337,1.3918263450687434
bb_ipp_nonadaptive,wind,696,57.91666666666663,1.3903520034015187
bb_ipp_nonadaptive,wind,697,58.0,1.39074984021173
bb_ipp_nonadaptive,wind,698,58.08333333333337,1.391004367825847
bb_ipp_nonadaptive,wind,699,58.16666666666663,1.3914105471492384
bb_ipp_nonadaptive,wind,700,58.25,1.3920848068754978
bb_ipp_nonadaptive,wind,701,58.33333333333337,1.3922982320320076
bb_ipp_nonadaptive,wind,702,58.41666666666663,1.3929541519860662
bb_ipp_nonadaptive,wind,703,58.5,1.3932731880536418
bb_ipp_nonadaptive,wind,704,58.58333333333337,1.393379823844179
bb_ipp_nonadaptive,wind,705,58.66666666666663,1.393067931381247
bb_ipp_nonadaptive,wind,706,58.75,1.3936154863851182
bb_ipp_nonadaptive,wind,707,58.83333333333337,1.3939280638679774
bb_ipp_nonadaptive,wind,708,58.91666666666663,1.3954229741030448
bb_ipp_nonadaptive,wind,709,59.0,1.3964890848722056
bb_ipp_nonadaptive,wind,710,59.08333333333337,1.3946734097909705
bb_ipp_nonadaptive,wind,711,59.16666666666663,1.3947320978676585
bb_ipp_nonadaptive,wind,712,59.25,1.3947063242316096
bb_ipp_nonadaptive,wind,713,59.33333333333337,1.397379407255303
bb_ipp_nonadaptive,wind,714,59.41666666666663,1.3969013043297605
bb_ipp_nonadaptive,wind,715,59.5,1.3953406508028
bb_ipp_nonadaptive,wind,716,59.58333333333337,1.3962199661185226
bb_ipp_nonadaptive,wind,717,59.66666666666663,1.398600067452172
bb_ipp_nonadaptive,wind,718,59.75,1.398574765118936
bb_ipp_nonadaptive,wind,719,59.83333333333337,1.4011771816781666
bb_ipp_nonadaptive,wind,720,59.91666666666663,1.4011548820161446
bb_ipp_nonadaptive,wind,721,60.0,1.4049063031352915
bb_ipp_nonadaptive,wind,722,60.08333333333337,1.4078391351561501
bb_ipp_nonadaptive,wind,723,60.16666666666663,1.4033698117770539
bb_ipp_nonadaptive,wind,724,60.25,1.4014377329366283
bb_ipp_nonadaptive,wind,725,60.33333333333337,1.3992355624676633
bb_ipp_nonadaptive,wind,726,60.41666666666663,1.3990497499950456
bb_ipp_nonadaptive,wind,727,60.5,1.4030018417922403
bb_ipp_nonadaptive,wind,728,60.58333333333337,1.4046835664784845
bb_ipp_nonadaptive,wind,729,60.66666666666663,1.402447384692809
bb_ipp_nonadaptive,wind,730,60.75,1.4016467172926912
bb_ipp_nonadaptive,wind,731,60.83333333333337,1.4028386249082878
bb_ipp_nonadaptive,wind,732,60.91666666666663,1.4010329777377963
bb_ipp_nonadaptive,wind,733,61.0,1.4025650701712709
bb_ipp_nonadaptive,wind,734,61.08333333333337,1.4022500418821753
bb_ipp_nonadaptive,wind,735,61.16666666666663,1.4018342207461925
bb_ipp_nonadaptive,wind,736,61.25,1.399887075076414
bb_ipp_nonadaptive,wind,737,61.33333333333337,1.4016222447772582
bb_ipp_nonadaptive,wind,738,61.41666666666663,1.4042393296883662
bb_ipp_nonadaptive,wind,739,61.5,1.4084298776102695
bb_ipp_nonadaptive,wind,740,61.58333333333337,1.4055185762048985
bb_ipp_nonadaptive,wind,741,61.66666666666663,1.409638926874939
bb_ipp_nonadaptive,wind,742,61.75,1.40728526268012
bb_ipp_nonadaptive,wind,743,61.83333333333337,1.4052245558532308
bb_ipp_nonadaptive,wind,744,61.91666666666663,1.4092355855829442
bb_ipp_nonadaptive,wind,745,62.0,1.4047968491301064
bb_ipp_nonadaptive,wind,746,62.08333333333337,1.404222861003753
bb_ipp_nonadaptive,wind,747,62.16666666666663,1.4062121154234823
bb_ipp_nonadaptive,wind,748,62.25,1.404912685967189
bb_ipp_nonadaptive,wind,749,62.33333333333337,1.4101777053652986
bb_ipp_nonadaptive,wind,750,62.41666666666663,1.409202916972296
bb_ipp_nonadaptive,wind,751,62.5,1.404221140806742
bb_ipp_nonadaptive,wind,752,62.58333333333337,1.4032465204036577
bb_ipp_nonadaptive,wind,753,62.66666666666663,1.402857870376202
bb_ipp_nonadaptive,wind,754,62.75,1.403457570289312
bb_ipp_nonadaptive,wind,755,62.83333333333337,1.4037690559230112
bb_ipp_nonadaptive,wind,756,62.91666666666663,1.4045146104065644
bb_ipp_nonadaptive,wind,757,63.0,1.4057848400368587
bb_ipp_nonadaptive,wind,758,63.08333333333337,1.4052755747169814
bb_ipp_nonadaptive,wind,759,63.16666666666663,1.4058859432050135
bb_ipp_nonadaptive,wind,760,63.25,1.41666188083497
bb_ipp_nonadaptive,wind,761,63.33333333333337,1.4280891180317075
bb_ipp_nonadaptive,wind,762,63.41666666666663,1.4320537190059346
bb_ipp_nonadaptive,wind,763,63.5,1.431049310779237
bb_ipp_nonadaptive,wind,764,63.58333333333337,1.4337885221731153
bb_ipp_nonadaptive,wind,765,63.66666666666663,1.420999292243603
bb_ipp_nonadaptive,wind,766,63.75,1.427680115698106
bb_ipp_nonadaptive,wind,767,63.83333333333337,1.4322998619888125
bb_ipp_nonadaptive,wind,768,63.91666666666663,1.4417241211891993
bb_ipp_nonadaptive,wind,769,64.0,1.4460217447532833
bb_ipp_nonadaptive,wind,770,64.08333333333337,1.4481853446049937
bb_ipp_nonadaptive,wind,771,64.16666666666663,1.4443883391711745
bb_ipp_nonadaptive,wind,772,64.25,1.453171000267258
bb_ipp_nonadaptive,wind,773,64.33333333333337,1.439448700567482
bb_ipp_nonadaptive,wind,774,64.41666666666663,1.4566690891262193
bb_ipp_nonadaptive,wind,775,64.5,1.4692638217002556
bb_ipp_nonadaptive,wind,776,64.58333333333337,1.4398341616258892
bb_ipp_nonadaptive,wind,777,64.66666666666663,1.4341801624725414
bb_ipp_nonadaptive,wind,778,64.75,1.4397332896941994
bb_ipp_nonadaptive,wind,779,64.83333333333337,1.4481464753641309
bb_ipp_nonadaptive,wind,780,64.91666666666663,1.4380050250787912
bb_ipp_nonadaptive,wind,781,65.0,1.425674237366096
bb_ipp_nonadaptive,wind,782,65.08333333333337,1.4219412685035033
bb_ipp_nonadaptive,wind,783,65.16666666666663,1.4186357771131006
bb_ipp_nonadaptive,wind,784,65.25,1.4118222037837729
bb_ipp_nonadaptive,wind,785,65.33333333333337,1.4165978550828842
bb_ipp_nonadaptive,wind,786,65.41666666666663,1.4274268205125407
bb_ipp_nonadaptive,wind,787,65.5,1.4084482095914526
bb_ipp_nonadaptive,wind,788,65.58333333333337,1.4079044287040166
bb_ipp_nonadaptive,wind,789,65.66666666666663,1.4060905252827025
bb_ipp_nonadaptive,wind,790,65.75,1.392692151264707
bb_ipp_nonadaptive,wind,791,65.83333333333337,1.38610877806066
bb_ipp_nonadaptive,wind,792,65.91666666666663,1.3849941378456792
bb_ipp_nonadaptive,wind,793,66.0,1.38602902236356
bb_ipp_nonadaptive,wind,794,66.08333333333337,1.3828556531193235
bb_ipp_nonadaptive,wind,795,66.16666666666663,1.3817352233564437
bb_ipp_nonadaptive,wind,796,66.25,1.3800661269450325
bb_ipp_nonadaptive,wind,797,66.33333333333337,1.3803612473145945
bb_ipp_nonadaptive,wind,798,66.41666666666663,1.3843985139654473
bb_ipp_nonadaptive,wind,799,66.5,1.3828128932448414
bb_ipp_nonadaptive,wind,800,66.58333333333337,1.3920987676972234
bb_ipp_nonadaptive,wind,801,66.66666666666663,1.386683553763463
bb_ipp_nonadaptive,wind,802,66.75,1.3863082080127531
bb_ipp_nonadaptive,wind,803,66.83333333333337,1.385707542092558
bb_ipp_nonadaptive,wind,804,66.91666666666663,1.3862832205927424
bb_ipp_nonadaptive,wind,805,67.0,1.3864945478170534
bb_ipp_nonadaptive,wind,806,67.08333333333337,1.3931012063270576
bb_ipp_nonadaptive,wind,807,67.16666666666663,1.393832405833396
bb_ipp_nonadaptive,wind,808,67.25,1.3914520333989109
bb_ipp_nonadaptive,wind,809,67.33333333333337,1.3889193911530004
bb_ipp_nonadaptive,wind,810,67.41666666666663,1.38776924872124
bb_ipp_nonadaptive,wind,811,67.5,1.388503234859569
bb_ipp_nonadaptive,wind,812,67.58333333333337,1.3906114850005704
bb_ipp_nonadaptive,wind,813,67.66666666666663,1.3882546772640847
bb_ipp_nonadaptive,wind,814,67.75,1.38869555233034
bb_ipp_nonadaptive,wind,815,67.83333333333337,1.3911253336435356
bb_ipp_nonadaptive,wind,816,67.91666666666663,1.3945603944397842
bb_ipp_nonadaptive,wind,817,68.0,1.3914504011778772
bb_ipp_nonadaptive,wind,818,68.08333333333337,1.3919519425839593
bb_ipp_nonadaptive,wind,819,68.16666666666663,1.3923519241449684
bb_ipp_nonadaptive,wind,820,68.25,1.3923608811501171
bb_ipp_nonadaptive,wind,821,68.33333333333337,1.3931281235845743
bb_ipp_nonadaptive,wind,822,68.41666666666663,1.3938694028167702
bb_ipp_nonadaptive,wind,823,68.5,1.3944989822651463
bb_ipp_nonadaptive,wind,824,68.58333333333337,1.3951487354956538
bb_ipp_nonadaptive,wind,825,68.66666666666663,1.3973808107713557
bb_ipp_nonadaptive,wind,826,68.75,1.4027338101584543
bb_ipp_nonadaptive,wind,827,68.83333333333337,1.4100464992275208
bb_ipp_nonadaptive,wind,828,68.91666666666663,1.4030663382053798
bb_ipp_nonadaptive,wind,829,69.0,1.4078228764505205
bb_ipp_nonadaptive,wind,830,69.08333333333337,1.4088677696357201
bb_ipp_nonadaptive,wind,831,69.16666666666663,1.4048452461458043
bb_ipp_nonadaptive,wind,832,69.25,1.413651955757506
bb_ipp_nonadaptive,wind,833,69.33333333333337,1.4411197736827577
bb_ipp_nonadaptive,wind,834,69.41666666666663,1.4602127152771032
bb_ipp_nonadaptive,wind,835,69.5,1.4530466420160344
bb_ipp_nonadaptive,wind,836,69.58333333333337,1.4619275117457091
bb_ipp_nonadaptive,wind,837,69.66666666666663,1.4704445324506163
bb_ipp_nonadaptive,wind,838,69.75,1.4810360228534856
bb_ipp_nonadaptive,wind,839,69.83333333333337,1.4978400515077386
bb_ipp_nonadaptive,wind,840,69.91666666666663,1.5094086591985474
bb_ipp_nonadaptive,wind,841,70.0,1.5392790452799239
bb_ipp_nonadaptive,wind,842,70.08333333333337,1.5342349733737797
bb_ipp_nonadaptive,wind,843,70.16666666666663,1.5509255173823786
bb_ipp_nonadaptive,wind,844,70.25,1.5793737028636252
bb_ipp_nonadaptive,wind,845,70.33333333333337,1.6316520891102297
bb_ipp_nonadaptive,wind,846,70.41666666666663,1.6507475307222537
bb_ipp_nonadaptive,wind,847,70.5,1.6858240757171554
bb_ipp_nonadaptive,wind,848,70.58333333333337,1.6833436438934046
bb_ipp_nonadaptive,wind,849,70.66666666666663,1.720259368343867
bb_ipp_nonadaptive,wind,850,70.75,1.7621676300286504
bb_ipp_nonadaptive,wind,851,70.83333333333337,1.7366250646278785
bb_ipp_nonadaptive,wind,852,70.91666666666663,1.7597803961367702
bb_ipp_nonadaptive,wind,853,71.0,1.7525119992104987
bb_ipp_nonadaptive,wind,854,71.08333333333337,1.7760004316991538
bb_ipp_nonadaptive,wind,855,71.16666666666663,1.7459562131728927
bb_ipp_nonadaptive,wind,856,71.25,1.7821654293404694
bb_ipp_nonadaptive,wind,857,71.33333333333337,1.7899070088505589
bb_ipp_nonadaptive,wind,858,71.41666666666663,1.8079102380305836
bb_ipp_nonadaptive,wind,859,71.5,1.8392767005718835
bb_ipp_nonadaptive,wind,860,71.58333333333337,1.8294918261051014
bb_ipp_nonadaptive,wind,861,71.66666666666663,1.8282256947562625
bb_ipp_nonadaptive,wind,862,71.75,1.8320971698322586
bb_ipp_nonadaptive,wind,863,71.83333333333337,1.81304042263523
bb_ipp_nonadaptive,wind,864,71.91666666666663,1.7920714732072556
bb_ipp_nonadaptive,wind,865,72.0,1.8117825273136756
bb_ipp_nonadaptive,wind,866,72.08333333333337,1.8228743330558366
bb_ipp_nonadaptive,wind,867,72.16666666666663,1.7680954581498376
bb_ipp_nonadaptive,wind,868,72.25,1.79846057537349
bb_ipp_nonadaptive,wind,869,72.33333333333337,1.8077243668954808
bb_ipp_nonadaptive,wind,870,72.41666666666663,1.761676399274406
bb_ipp_nonadaptive,wind,871,72.5,1.768448171648761
bb_ipp_nonadaptive,wind,872,72.58333333333337,1.7236703582628163
bb_ipp_nonadaptive,wind,873,72.66666666666663,1.6975274695620355
bb_ipp_nonadaptive,wind,874,72.75,1.660668323862526
bb_ipp_nonadaptive,wind,875,72.83333333333337,1.6886532643507055
bb_ipp_nonadaptive,wind,876,72.91666666666663,1.6761457298969027
bb_ipp_nonadaptive,wind,877,73.0,1.6524138765652383
bb_ipp_nonadaptive,wind,878,73.08333333333337,1.6194104124463538
bb_ipp_nonadaptive,wind,879,73.16666666666663,1.5978145460862607
bb_ipp_nonadaptive,wind,880,73.25,1.5914674035278578
bb_ipp_nonadaptive,wind,881,73.33333333333337,1.5686421362435097
bb_ipp_nonadaptive,wind,882,73.41666666666663,1.5493424296084204
bb_ipp_nonadaptive,wind,883,73.5,1.5195096121321487
bb_ipp_nonadaptive,wind,884,73.58333333333337,1.5011301981081744
bb_ipp_nonadaptive,wind,885,73.66666666666663,1.4792176002780963
bb_ipp_nonadaptive,wind,886,73.75,1.4844620533429804
bb_ipp_nonadaptive,wind,887,73.83333333333337,1.4344239041666123
bb_ipp_nonadaptive,wind,888,73.91666666666663,1.4327701926268683
bb_ipp_nonadaptive,wind,889,74.0,1.4116185504356205
bb_ipp_nonadaptive,wind,890,74.08333333333337,1.4042088704761455
bb_ipp_nonadaptive,wind,891,74.16666666666663,1.417253645076788
bb_ipp_nonadaptive,wind,892,74.25,1.424082722365711
bb_ipp_nonadaptive,wind,893,74.33333333333337,1.4219603432919088
bb_ipp_nonadaptive,wind,894,74.41666666666663,1.3994293650510552
bb_ipp_nonadaptive,wind,895,74.5,1.3849292083065
bb_ipp_nonadaptive,wind,896,74.58333333333337,1.3680205416620148
bb_ipp_nonadaptive,wind,897,74.66666666666663,1.360057946436379
bb_ipp_nonadaptive,wind,898,74.75,1.3603408689896417
bb_ipp_nonadaptive,wind,899,74.83333333333337,1.347931437563867
bb_ipp_nonadaptive,wind,900,74.91666666666663,1.350885845244624
bb_ipp_nonadaptive,wind,901,75.0,1.3452527628651385
bb_ipp_nonadaptive,wind,902,75.08333333333337,1.3448838449425766
bb_ipp_nonadaptive,wind,903,75.16666666666663,1.33736483410647
bb_ipp_nonadaptive,wind,904,75.25,1.3299515714649637
bb_ipp_nonadaptive,wind,905,75.33333333333337,1.3274765806888076
bb_ipp_nonadaptive,wind,906,75.41666666666663,1.332404431735471
bb_ipp_nonadaptive,wind,907,75.5,1.3397415954233756
bb_ipp_nonadaptive,wind,908,75.58333333333337,1.3288538483596646
bb_ipp_nonadaptive,wind,909,75.66666666666663,1.3270979220808756
bb_ipp_nonadaptive,wind,910,75.75,1.3201190749325855
bb_ipp_nonadaptive,wind,911,75.83333333333337,1.3153250059003987
bb_ipp_nonadaptive,wind,912,75.91666666666663,1.3182129714857396
bb_ipp_nonadaptive,wind,913,76.0,1.3142447850242562
bb_ipp_nonadaptive,wind,914,76.08333333333337,1.3165252275490915
bb_ipp_nonadaptive,wind,915,76.16666666666663,1.3114373125738776
bb_ipp_nonadaptive,wind,916,76.25,1.3074769754056497
bb_ipp_nonadaptive,wind,917,76.33333333333337,1.307990807261034
bb_ipp_nonadaptive,wind,918,76.41666666666663,1.3106414451740958
bb_ipp_nonadaptive,wind,919,76.5,1.312071012469669
bb_ipp_nonadaptive,wind,920,76.58333333333337,1.3106391590745632
bb_ipp_nonadaptive,wind,921,76.66666666666663,1.3131174179574328
bb_ipp_nonadaptive,wind,922,76.75,1.3081549879519092
bb_ipp_nonadaptive,wind,923,76.83333333333337,1.3087136663693228
bb_ipp_nonadaptive,wind,924,76.91666666666663,1.3115471483579868
bb_ipp_nonadaptive,wind,925,77.0,1.3152554839852413
bb_ipp_nonadaptive,wind,926,77.08333333333337,1.3110041918240398
bb_ipp_nonadaptive,wind,927,77.16666666666663,1.311693966704428
bb_ipp_nonadaptive,wind,928,77.25,1.307055197778342
bb_ipp_nonadaptive,wind,929,77.33333333333337,1.3025843651096363
bb_ipp_nonadaptive,wind,930,77.41666666666663,1.3054118950067104
bb_ipp_nonadaptive,wind,931,77.5,1.3051460828436101
bb_ipp_nonadaptive,wind,932,77.58333333333337,1.3043993930856643
bb_ipp_nonadaptive,wind,933,77.66666666666663,1.3036877342265687
bb_ipp_nonadaptive,wind,934,77.75,1.305286867891245
bb_ipp_nonadaptive,wind,935,77.83333333333337,1.3066153377803031
bb_ipp_nonadaptive,wind,936,77.91666666666663,1.3054455224571888
bb_ipp_nonadaptive,wind,937,78.0,1.3065591092535265
bb_ipp_nonadaptive,wind,938,78.08333333333337,1.3109194197948162
bb_ipp_nonadaptive,wind,939,78.16666666666663,1.3129894146835699
bb_ipp_nonadaptive,wind,940,78.25,1.317045685166795
bb_ipp_nonadaptive,wind,941,78.33333333333337,1.311882341944496
bb_ipp_nonadaptive,wind,942,78.41666666666663,1.310332344998052
bb_ipp_nonadaptive,wind,943,78.5,1.3098987603802739
bb_ipp_nonadaptive,wind,944,78.58333333333337,1.3104757221164844
bb_ipp_nonadaptive,wind,945,78.66666666666663,1.3130227360237958
bb_ipp_nonadaptive,wind,946,78.75,1.3213587827439677
bb_ipp_nonadaptive,wind,947,78.83333333333337,1.318529066160939
bb_ipp_nonadaptive,wind,948,78.91666666666663,1.3256720031532014
bb_ipp_nonadaptive,wind,949,79.0,1.3241255765676019
bb_ipp_nonadaptive,wind,950,79.08333333333337,1.325054283211092
bb_ipp_nonadaptive,wind,951,79.16666666666663,1.3301667635730337
bb_ipp_nonadaptive,wind,952,79.25,1.3337136145989832
bb_ipp_nonadaptive,wind,953,79.33333333333337,1.337415897236637
bb_ipp_nonadaptive,wind,954,79.41666666666663,1.347528168360899
bb_ipp_nonadaptive,wind,955,79.5,1.355940469335177
bb_ipp_nonadaptive,wind,956,79.58333333333337,1.349433907043785
bb_ipp_nonadaptive,wind,957,79.66666666666663,1.34483075402267
bb_ipp_nonadaptive,wind,958,79.75,1.35343094415193
bb_ipp_nonadaptive,wind,959,79.83333333333337,1.3614429207690093
bb_ipp_nonadaptive,wind,960,79.91666666666663,1.371046986976633
bb_ipp_nonadaptive,wind,961,80.0,1.3856733486065358
bb_ipp_nonadaptive,wind,962,80.08333333333337,1.3958630504406981
bb_ipp_nonadaptive,wind,963,80.16666666666663,1.4098342329578708
bb_ipp_nonadaptive,wind,964,80.25,1.385657150622926
bb_ipp_nonadaptive,wind,965,80.33333333333337,1.40367094879015
bb_ipp_nonadaptive,wind,966,80.41666666666663,1.4149520563122422
bb_ipp_nonadaptive,wind,967,80.5,1.427193363678737
bb_ipp_nonadaptive,wind,968,80.58333333333337,1.46800325091722
bb_ipp_nonadaptive,wind,969,80.66666666666663,1.4596663919500348
bb_ipp_nonadaptive,wind,970,80.75,1.4870343208117829
bb_ipp_nonadaptive,wind,971,80.83333333333337,1.4783249328963892
bb_ipp_nonadaptive,wind,972,80.91666666666663,1.4892123423523242
bb_ipp_nonadaptive,wind,973,81.0,1.5093490045931806
bb_ipp_nonadaptive,wind,974,81.08333333333337,1.4685296315891787
bb_ipp_nonadaptive,wind,975,81.16666666666663,1.4878428736614064
bb_ipp_nonadaptive,wind,976,81.25,1.483366229348459
bb_ipp_nonadaptive,wind,977,81.33333333333337,1.4766803167064255
bb_ipp_nonadaptive,wind,978,81.41666666666663,1.4722734410808354
bb_ipp_nonadaptive,wind,979,81.5,1.5138825466482433
bb_ipp_nonadaptive,wind,980,81.58333333333337,1.5066857985402855
bb_ipp_nonadaptive,wind,981,81.66666666666663,1.507036277591695
bb_ipp_nonadaptive,wind,982,81.75,1.5228532605265201
bb_ipp_nonadaptive,wind,983,81.83333333333337,1.5325745351046351
bb_ipp_nonadaptive,wind,984,81.91666666666663,1.5361389339423028
bb_ipp_nonadaptive,wind,985,82.0,1.5270310865243544
bb_ipp_nonadaptive,wind,986,82.08333333333337,1.5237101642663977
bb_ipp_nonadaptive,wind,987,82.16666666666663,1.5105099074576978
bb_ipp_nonadaptive,wind,988,82.25,1.5091071305250758
bb_ipp_nonadaptive,wind,989,82.33333333333337,1.539641565898814
bb_ipp_nonadaptive,wind,990,82.41666666666663,1.5252359571665735
bb_ipp_nonadaptive,wind,991,82.5,1.5443100704283301
bb_ipp_nonadaptive,wind,992,82.58333333333337,1.5243156993328928
bb_ipp_nonadaptive,wind,993,82.66666666666663,1.510808834373199
bb_ipp_nonadaptive,wind,994,82.75,1.5349920578152243
bb_ipp_nonadaptive,wind,995,82.83333333333337,1.5272206517292728
bb_ipp_nonadaptive,wind,996,82.91666666666663,1.530639976135269
bb_ipp_nonadaptive,wind,997,83.0,1.5292330090821413
bb_ipp_nonadaptive,wind,998,83.08333333333337,1.5124680558616217
bb_ipp_nonadaptive,wind,999,83.16666666666663,1.5230881468763278
bb_ipp_nonadaptive,wind,1000,83.25,1.5052785041149506
bb_ipp_nonadaptive,wind,1001,83.33333333333337,1.521189593031294
bb_ipp_nonadaptive,wind,1002,83.41666666666663,1.5079435527612886
bb_ipp_nonadaptive,wind,1003,83.5,1.480945935495521
bb_ipp_nonadaptive,wind,1004,83.58333333333337,1.4584680774811767
bb_ipp_nonadaptive,wind,1005,83.66666666666663,1.4512992049848525
bb_ipp_nonadaptive,wind,1006,83.75,1.445824212429455
bb_ipp_nonadaptive,wind,1007,83.83333333333337,1.4500030722685227
bb_ipp_nonadaptive,wind,1008,83.91666666666663,1.430664495059624
bb_ipp_nonadaptive,wind,1009,84.0,1.4334907606723741
bb_ipp_nonadaptive,wind,1010,84.08333333333337,1.4434331551783268
bb_ipp_nonadaptive,wind,1011,84.16666666666663,1.4271019509875758
bb_ipp_nonadaptive,wind,1012,84.25,1.4197450518810142
bb_ipp_nonadaptive,wind,1013,84.33333333333337,1.4169581189618348
bb_ipp_nonadaptive,wind,1014,84.41666666666663,1.418210099389106
bb_ipp_nonadaptive,wind,1015,84.5,1.4175438876243793
bb_ipp_nonadaptive,wind,1016,84.58333333333337,1.418882849356867
bb_ipp_nonadaptive,wind,1017,84.66666666666663,1.4203508534846285
bb_ipp_nonadaptive,wind,1018,84.75,1.4199202559766129
bb_ipp_nonadaptive,wind,1019,84.83333333333337,1.4174045715601857
bb_ipp_nonadaptive,wind,1020,84.91666666666663,1.4184092076892636
bb_ipp_nonadaptive,wind,1021,85.0,1.4167570254552826
bb_ipp_nonadaptive,wind,1022,85.08333333333337,1.4185322331450645
bb_ipp_nonadaptive,wind,1023,85.16666666666663,1.422467454904844
bb_ipp_nonadaptive,wind,1024,85.25,1.4161453129267736
bb_ipp_nonadaptive,wind,1025,85.33333333333337,1.4160477060876673
bb_ipp_nonadaptive,wind,1026,85.41666666666663,1.4165649678767884
bb_ipp_nonadaptive,wind,1027,85.5,1.417311875043429
bb_ipp_nonadaptive,wind,1028,85.58333333333337,1.4178756369032102
bb_ipp_nonadaptive,wind,1029,85.66666666666663,1.4186400412358788
bb_ipp_nonadaptive,wind,1030,85.75,1.418976340193973
bb_ipp_nonadaptive,wind,1031,85.83333333333337,1.4199168863417535
bb_ipp_nonadaptive,wind,1032,85.91666666666663,1.4211451611942971
bb_ipp_nonadaptive,wind,1033,86.0,1.4219987092283042
bb_ipp_nonadaptive,wind,1034,86.08333333333337,1.4267917209644
bb_ipp_nonadaptive,wind,1035,86.16666666666663,1.4271713400834285
bb_ipp_nonadaptive,wind,1036,86.25,1.4258109843328048
bb_ipp_nonadaptive,wind,1037,86.33333333333337,1.4245726973926038
bb_ipp_nonadaptive,wind,1038,86.41666666666663,1.4239119833572995
bb_ipp_nonadaptive,wind,1039,86.5,1.4250741864248122
bb_ipp_nonadaptive,wind,1040,86.58333333333337,1.4268233400053056
bb_ipp_nonadaptive,wind,1041,86.66666666666663,1.4254967291603604
bb_ipp_nonadaptive,wind,1042,86.75,1.4257959450784443
bb_ipp_nonadaptive,wind,1043,86.83333333333337,1.4265146752637177
bb_ipp_nonadaptive,wind,1044,86.91666666666663,1.427264792268942
bb_ipp_nonadaptive,wind,1045,87.0,1.4280676414694808
bb_ipp_nonadaptive,wind,1046,87.08333333333337,1.4290903760210987
bb_ipp_nonadaptive,wind,1047,87.16666666666663,1.4307321338912993
bb_ipp_nonadaptive,wind,1048,87.25,1.4305251917498916
bb_ipp_nonadaptive,wind,1049,87.33333333333337,1.4318662974343672
bb_ipp_nonadaptive,wind,1050,87.41666666666663,1.4337081808424796
bb_ipp_nonadaptive,wind,1051,87.5,1.4389223634341202
bb_ipp_nonadaptive,wind,1052,87.58333333333337,1.4390569852731174
bb_ipp_nonadaptive,wind,1053,87.66666666666663,1.4390330706154761
bb_ipp_nonadaptive,wind,1054,87.75,1.4439281257310008
bb_ipp_nonadaptive,wind,1055,87.83333333333337,1.4697460463103567
bb_ipp_nonadaptive,wind,1056,87.91666666666663,1.4750378698277957
bb_ipp_nonadaptive,wind,1057,88.0,1.4843710464421196
bb_ipp_nonadaptive,wind,1058,88.08333333333337,1.5087575727779656
bb_ipp_nonadaptive,wind,1059,88.16666666666663,1.529004213160065
bb_ipp_nonadaptive,wind,1060,88.25,1.5479597944773384
bb_ipp_nonadaptive,wind,1061,88.33333333333337,1.5750714765154468
bb_ipp_nonadaptive,wind,1062,88.41666666666663,1.5967789392048521
bb_ipp_nonadaptive,wind,1063,88.5,1.6292441957520645
bb_ipp_nonadaptive,wind,1064,88.58333333333337,1.6648945674259918
bb_ipp_nonadaptive,wind,1065,88.66666666666663,1.670900974070907
bb_ipp_nonadaptive,wind,1066,88.75,1.6854818833930163
bb_ipp_nonadaptive,wind,1067,88.83333333333337,1.7369959835063122
bb_ipp_nonadaptive,wind,1068,88.91666666666663,1.7932405675738166
bb_ipp_nonadaptive,wind,1069,89.0,1.7895183470330491
bb_ipp_nonadaptive,wind,1070,89.08333333333337,1.8177868372396044
bb_ipp_nonadaptive,wind,1071,89.16666666666663,1.859506810414239
bb_ipp_nonadaptive,wind,1072,89.25,1.9158572324882017
bb_ipp_nonadaptive,wind,1073,89.33333333333337,1.9419343509799363
bb_ipp_nonadaptive,wind,1074,89.41666666666663,1.9507605401975943
bb_ipp_nonadaptive,wind,1075,89.5,1.9687059821556014
bb_ipp_nonadaptive,wind,1076,89.58333333333337,1.9629901735362176
bb_ipp_nonadaptive,wind,1077,89.66666666666663,1.9724317033940906
bb_ipp_nonadaptive,wind,1078,89.75,2.0060338959578186
bb_ipp_nonadaptive,wind,1079,89.83333333333337,1.9860320077829952
bb_ipp_nonadaptive,wind,1080,89.91666666666663,1.9759327435174672
bb_ipp_nonadaptive,wind,1081,90.0,1.9967464881772579
bb_ipp_nonadaptive,wind,1082,90.08333333333337,2.035176776683715
bb_ipp_nonadaptive,wind,1083,90.16666666666663,2.0273557937136966
bb_ipp_nonadaptive,wind,1084,90.25,2.005782118511495
bb_ipp_nonadaptive,wind,1085,90.33333333333337,1.9768093236114082
bb_ipp_nonadaptive,wind,1086,90.41666666666663,1.9279552802152564
bb_ipp_nonadaptive,wind,1087,90.5,1.9018365772152073
bb_ipp_nonadaptive,wind,1088,90.58333333333337,1.885951363348935
bb_ipp_nonadaptive,wind,1089,90.66666666666663,1.8414566492561293
bb_ipp_nonadaptive,wind,1090,90.75,1.8175514334830105
bb_ipp_nonadaptive,wind,1091,90.83333333333337,1.7696813865937897
bb_ipp_nonadaptive,wind,1092,90.91666666666663,1.7805000071066337
bb_ipp_nonadaptive,wind,1093,91.0,1.7772385005209652
bb_ipp_nonadaptive,wind,1094,91.08333333333337,1.7584140193508695
bb_ipp_nonadaptive,wind,1095,91.16666666666663,1.7526764120300162
bb_ipp_nonadaptive,wind,1096,91.25,1.7897188091136458
bb_ipp_nonadaptive,wind,1097,91.33333333333337,1.7557336785488886
bb_ipp_nonadaptive,wind,1098,91.41666666666663,1.7206291401788971
bb_ipp_nonadaptive,wind,1099,91.5,1.7197782706533629
bb_ipp_nonadaptive,wind,1100,91.58333333333337,1.7202439243397145
bb_ipp_nonadaptive,wind,1101,91.66666666666663,1.6722733971880388
bb_ipp_nonadaptive,wind,1102,91.75,1.636355819352583
bb_ipp_nonadaptive,wind,1103,91.83333333333337,1.6166399937003013
bb_ipp_nonadaptive,wind,1104,91.91666666666663,1.6056172020011572
bb_ipp_nonadaptive,wind,1105,92.0,1.5906112479200682
bb_ipp_nonadaptive,wind,1106,92.08333333333337,1.5892543788963085
bb_ipp_nonadaptive,wind,1107,92.16666666666663,1.5737738950703353
bb_ipp_nonadaptive,wind,1108,92.25,1.574831082885549
bb_ipp_nonadaptive,wind,1109,92.33333333333337,1.542645581066805
bb_ipp_nonadaptive,wind,1110,92.41666666666663,1.5370345136398251
bb_ipp_nonadaptive,wind,1111,92.5,1.5547769357781194
bb_ipp_nonadaptive,wind,1112,92.58333333333337,1.5488265513366803
bb_ipp_nonadaptive,wind,1113,92.66666666666663,1.5265474737391367
bb_ipp_nonadaptive,wind,1114,92.75,1.4985564929423991
bb_ipp_nonadaptive,wind,1115,92.83333333333337,1.4853855939424803
bb_ipp_nonadaptive,wind,1116,92.91666666666663,1.488436131812588
bb_ipp_nonadaptive,wind,1117,93.0,1.4716475806517464
bb_ipp_nonadaptive,wind,1118,93.08333333333337,1.478152088728978
bb_ipp_nonadaptive,wind,1119,93.16666666666663,1.4688685524072667
bb_ipp_nonadaptive,wind,1120,93.25,1.4481751487180143
bb_ipp_nonadaptive,wind,1121,93.33333333333337,1.455663816558261
bb_ipp_nonadaptive,wind,1122,93.41666666666663,1.4576740695520558
bb_ipp_nonadaptive,wind,1123,93.5,1.454098754543495
bb_ipp_nonadaptive,wind,1124,93.58333333333337,1.4625646391516358
bb_ipp_nonadaptive,wind,1125,93.66666666666663,1.4514194531115963
bb_ipp_nonadaptive,wind,1126,93.75,1.4383499099083004
bb_ipp_nonadaptive,wind,1127,93.83333333333337,1.4498831147180642
bb_ipp_nonadaptive,wind,1128,93.91666666666663,1.4516199372952165
bb_ipp_nonadaptive,wind,1129,94.0,1.4598061661527668
bb_ipp_nonadaptive,wind,1130,94.08333333333337,1.458059812598989
bb_ipp_nonadaptive,wind,1131,94.16666666666663,1.4558404071400952
bb_ipp_nonadaptive,wind,1132,94.25,1.454035818660376
bb_ipp_nonadaptive,wind,1133,94.33333333333337,1.4632231072454172
bb_ipp_nonadaptive,wind,1134,94.41666666666663,1.4769388599614566
bb_ipp_nonadaptive,wind,1135,94.5,1.462926460899896
bb_ipp_nonadaptive,wind,1136,94.58333333333337,1.4640196771836311
bb_ipp_nonadaptive,wind,1137,94.66666666666663,1.4562062401770794
bb_ipp_nonadaptive,wind,1138,94.75,1.466344839412914
bb_ipp_nonadaptive,wind,1139,94.83333333333337,1.4566076570599917
bb_ipp_nonadaptive,wind,1140,94.91666666666663,1.4390449573801465
bb_ipp_nonadaptive,wind,1141,95.0,1.450437479206202
bb_ipp_nonadaptive,wind,1142,95.08333333333337,1.4377607889132495
bb_ipp_nonadaptive,wind,1143,95.16666666666663,1.4273226117506617
bb_ipp_nonadaptive,wind,1144,95.25,1.440067426204991
bb_ipp_nonadaptive,wind,1145,95.33333333333337,1.4359183679102265
bb_ipp_nonadaptive,wind,1146,95.41666666666663,1.4430810134065828
bb_ipp_nonadaptive,wind,1147,95.5,1.43175087566013
bb_ipp_nonadaptive,wind,1148,95.58333333333337,1.4153946487319928
bb_ipp_nonadaptive,wind,1149,95.66666666666663,1.414192973832172
bb_ipp_nonadaptive,wind,1150,95.75,1.4098646972367928
bb_ipp_nonadaptive,wind,1151,95.83333333333337,1.4126353407059373
bb_ipp_nonadaptive,wind,1152,95.91666666666663,1.3942647062763864
bb_ipp_nonadaptive,wind,1153,96.0,1.3965350183020748
bb_ipp_nonadaptive,wind,1154,96.08333333333337,1.4051165846477407
bb_ipp_nonadaptive,wind,1155,96.16666666666663,1.4114132436306595
bb_ipp_nonadaptive,wind,1156,96.25,1.407390007321557
bb_ipp_nonadaptive,wind,1157,96.33333333333337,1.4042967318517774
bb_ipp_nonadaptive,wind,1158,96.41666666666663,1.414660527947681
bb_ipp_nonadaptive,wind,1159,96.5,1.4073495943720349
bb_ipp_nonadaptive,wind,1160,96.58333333333337,1.4211555226138408
bb_ipp_nonadaptive,wind,1161,96.66666666666663,1.4188496851184225
bb_ipp_nonadaptive,wind,1162,96.75,1.412821227731889
bb_ipp_nonadaptive,wind,1163,96.83333333333337,1.420907674461805
bb_ipp_nonadaptive,wind,1164,96.91666666666663,1.4191267563264416
bb_ipp_nonadaptive,wind,1165,97.0,1.42918322433325
bb_ipp_nonadaptive,wind,1166,97.08333333333337,1.4290674723937475
bb_ipp_nonadaptive,wind,1167,97.16666666666663,1.4220737575360962
bb_ipp_nonadaptive,wind,1168,97.25,1.4195871977467789
bb_ipp_nonadaptive,wind,1169,97.33333333333337,1.4135453622157819
bb_ipp_nonadaptive,wind,1170,97.41666666666663,1.4231484179015654
bb_ipp_nonadaptive,wind,1171,97.5,1.432724469983707
bb_ipp_nonadaptive,wind,1172,97.58333333333337,1.4293212620660614
bb_ipp_nonadaptive,wind,1173,97.66666666666663,1.430838997876934
bb_ipp_nonadaptive,wind,1174,97.75,1.4350415569139134
bb_ipp_nonadaptive,wind,1175,97.83333333333337,1.446567887423531
bb_ipp_nonadaptive,wind,1176,97.91666666666663,1.4567060299585912
bb_ipp_nonadaptive,wind,1177,98.0,1.4486721630231032
bb_ipp_nonadaptive,wind,1178,98.08333333333337,1.440401131704816
bb_ipp_nonadaptive,wind,1179,98.16666666666663,1.434550930790537
bb_ipp_nonadaptive,wind,1180,98.25,1.4438776526195714
bb_ipp_nonadaptive,wind,1181,98.33333333333337,1.4346385839778875
bb_ipp_nonadaptive,wind,1182,98.41666666666663,1.4364916901667315
bb_ipp_nonadaptive,wind,1183,98.5,1.4330326541759326
bb_ipp_nonadaptive,wind,1184,98.58333333333337,1.4424522172535823
bb_ipp_nonadaptive,wind,1185,98.66666666666663,1.4447449880899392
bb_ipp_nonadaptive,wind,1186,98.75,1.453535579876348
bb_ipp_nonadaptive,wind,1187,98.83333333333337,1.4530946112905128
bb_ipp_nonadaptive,wind,1188,98.91666666666663,1.4459457839891996
bb_ipp_nonadaptive,wind,1189,99.0,1.4332027703327523
bb_ipp_nonadaptive,wind,1190,99.08333333333337,1.4272705733723974
bb_ipp_nonadaptive,wind,1191,99.16666666666663,1.4330066685224025
bb_ipp_nonadaptive,wind,1192,99.25,1.4543181375611032
bb_ipp_nonadaptive,wind,1193,99.33333333333337,1.443221643270871
bb_ipp_nonadaptive,wind,1194,99.41666666666663,1.4423751884984697
bb_ipp_nonadaptive,wind,1195,99.5,1.4576999127086925
bb_ipp_nonadaptive,wind,1196,99.58333333333337,1.451292435620611
bb_ipp_nonadaptive,wind,1197,99.66666666666663,1.4295253524137186
bb_ipp_nonadaptive,wind,1198,99.75,1.4304724877587132
bb_ipp_nonadaptive,wind,1199,99.83333333333337,1.431506015920036
bb_ipp_nonadaptive,wind,1200,99.91666666666663,1.4342987059916237
bb_ipp_nonadaptive,wind,1201,100.0,1.4437820284166072
bb_ipp_nonadaptive,wind,1202,100.08333333333337,1.4445281884007002
bb_ipp_nonadaptive,wind,1203,100.16666666666663,1.4391604737653505
bb_ipp_nonadaptive,wind,1204,100.25,1.4500107842086492
bb_ipp_nonadaptive,wind,1205,100.33333333333337,1.4437419495545205
bb_ipp_nonadaptive,wind,1206,100.41666666666663,1.446128552361003
bb_ipp_nonadaptive,wind,1207,100.5,1.4435498203319848
bb_ipp_nonadaptive,wind,1208,100.58333333333337,1.4511494238742793
bb_ipp_nonadaptive,wind,1209,100.66666666666663,1.4625838550992525
bb_ipp_nonadaptive,wind,1210,100.75,1.4816189109462858
bb_ipp_nonadaptive,wind,1211,100.83333333333337,1.483108172349991
bb_ipp_nonadaptive,wind,1212,100.91666666666663,1.4886184764971218
bb_ipp_nonadaptive,wind,1213,101.0,1.4647344304985828
bb_ipp_nonadaptive,wind,1214,101.08333333333337,1.4539083442937084
bb_ipp_nonadaptive,wind,1215,101.16666666666663,1.4585990890897873
bb_ipp_nonadaptive,wind,1216,101.25,1.449672723760053
bb_ipp_nonadaptive,wind,1217,101.33333333333337,1.4588799027002788
bb_ipp_nonadaptive,wind,1218,101.41666666666663,1.4575264670567667
bb_ipp_nonadaptive,wind,1219,101.5,1.4587024195959077
bb_ipp_nonadaptive,wind,1220,101.58333333333337,1.4760060732959797
bb_ipp_nonadaptive,wind,1221,101.66666666666663,1.4729308603066948
bb_ipp_nonadaptive,wind,1222,101.75,1.469556806829817
bb_ipp_nonadaptive,wind,1223,101.83333333333337,1.463333094594321
bb_ipp_nonadaptive,wind,1224,101.91666666666663,1.437450814092064
bb_ipp_nonadaptive,wind,1225,102.0,1.4360747543501051
bb_ipp_nonadaptive,wind,1226,102.08333333333337,1.430553396152581
bb_ipp_nonadaptive,wind,1227,102.16666666666663,1.4232315359100711
bb_ipp_nonadaptive,wind,1228,102.25,1.4409591762681857
bb_ipp_nonadaptive,wind,1229,102.33333333333337,1.448119549864255
bb_ipp_nonadaptive,wind,1230,102.41666666666663,1.4618042802638145
bb_ipp_nonadaptive,wind,1231,102.5,1.4851628967638606
bb_ipp_nonadaptive,wind,1232,102.58333333333337,1.4770342226869326
bb_ipp_nonadaptive,wind,1233,102.66666666666663,1.4719666982226949
bb_ipp_nonadaptive,wind,1234,102.75,1.4735503393471148
bb_ipp_nonadaptive,wind,1235,102.83333333333337,1.460907339064833
bb_ipp_nonadaptive,wind,1236,102.91666666666663,1.4594223526914407
bb_ipp_nonadaptive,wind,1237,103.0,1.4616797794457606
bb_ipp_nonadaptive,wind,1238,103.08333333333337,1.4653938532368165
bb_ipp_nonadaptive,wind,1239,103.16666666666663,1.4714180926080143
bb_ipp_nonadaptive,wind,1240,103.25,1.479902692643744
bb_ipp_nonadaptive,wind,1241,103.33333333333337,1.4804051409227974
bb_ipp_nonadaptive,wind,1242,103.41666666666663,1.476530276013793
bb_ipp_nonadaptive,wind,1243,103.5,1.4652236025514707
bb_ipp_nonadaptive,wind,1244,103.58333333333337,1.4514185794560093
bb_ipp_nonadaptive,wind,1245,103.66666666666663,1.4466893567358683
bb_ipp_nonadaptive,wind,1246,103.75,1.4454341456343847
bb_ipp_nonadaptive,wind,1247,103.83333333333337,1.456972298988349
bb_ipp_nonadaptive,wind,1248,103.91666666666663,1.4465431119246834
bb_ipp_nonadaptive,wind,1249,104.0,1.4353801039515954
bb_ipp_nonadaptive,wind,1250,104.08333333333337,1.4394154930938874
bb_ipp_nonadaptive,wind,1251,104.16666666666663,1.4386014919582815
bb_ipp_nonadaptive,wind,1252,104.25,1.4369114287593565
bb_ipp_nonadaptive,wind,1253,104.33333333333337,1.447663217431648
bb_ipp_nonadaptive,wind,1254,104.41666666666663,1.4558469044246578
bb_ipp_nonadaptive,wind,1255,104.5,1.4715263306672426
bb_ipp_nonadaptive,wind,1256,104.58333333333337,1.4667171763849793
bb_ipp_nonadaptive,wind,1257,104.66666666666663,1.468318329687083
bb_ipp_nonadaptive,wind,1258,104.75,1.4670374087986346
bb_ipp_nonadaptive,wind,1259,104.83333333333337,1.4663989181110835
bb_ipp_nonadaptive,wind,1260,104.91666666666663,1.4426579548584968
bb_ipp_nonadaptive,wind,1261,105.0,1.4433362098550306
bb_ipp_nonadaptive,wind,1262,105.08333333333337,1.4388846545750418
bb_ipp_nonadaptive,wind,1263,105.16666666666663,1.4253045211452147
bb_ipp_nonadaptive,wind,1264,105.25,1.4446857204131585
bb_ipp_nonadaptive,wind,1265,105.33333333333337,1.4660861723701322
bb_ipp_nonadaptive,wind,1266,105.41666666666663,1.4674024866803435
bb_ipp_nonadaptive,wind,1267,105.5,1.4728188793467227
bb_ipp_nonadaptive,wind,1268,105.58333333333337,1.4676782723474124
bb_ipp_nonadaptive,wind,1269,105.66666666666663,1.4508313632071912
bb_ipp_nonadaptive,wind,1270,105.75,1.467679041504495
bb_ipp_nonadaptive,wind,1271,105.83333333333337,1.445653511751766
bb_ipp_nonadaptive,wind,1272,105.91666666666663,1.426244462811379
bb_ipp_nonadaptive,wind,1273,106.0,1.4230445641050635
bb_ipp_nonadaptive,wind,1274,106.08333333333337,1.4412213846900317
bb_ipp_nonadaptive,wind,1275,106.16666666666663,1.4498948413838866
bb_ipp_nonadaptive,wind,1276,106.25,1.42568162774769
bb_ipp_nonadaptive,wind,1277,106.33333333333337,1.438029103200891
bb_ipp_nonadaptive,wind,1278,106.41666666666663,1.4503442746602007
bb_ipp_nonadaptive,wind,1279,106.5,1.4650445140183987
bb_ipp_nonadaptive,wind,1280,106.58333333333337,1.4298599894900843
bb_ipp_nonadaptive,wind,1281,106.66666666666663,1.4371062708225515
bb_ipp_nonadaptive,wind,1282,106.75,1.4057478085463542
bb_ipp_nonadaptive,wind,1283,106.83333333333337,1.374842269570674
bb_ipp_nonadaptive,wind,1284,106.91666666666663,1.379478863051015
bb_ipp_nonadaptive,wind,1285,107.0,1.3754053999339737
bb_ipp_nonadaptive,wind,1286,107.08333333333337,1.3809906008471735
bb_ipp_nonadaptive,wind,1287,107.16666666666663,1.3871126372692986
bb_ipp_nonadaptive,wind,1288,107.25,1.3540191786897902
bb_ipp_nonadaptive,wind,1289,107.33333333333337,1.3325755528490835
bb_ipp_nonadaptive,wind,1290,107.41666666666663,1.3635514926953727
bb_ipp_nonadaptive,wind,1291,107.5,1.3416310914060066
bb_ipp_nonadaptive,wind,1292,107.58333333333337,1.3391422535648758
bb_ipp_nonadaptive,wind,1293,107.66666666666663,1.3360717015262566
bb_ipp_nonadaptive,wind,1294,107.75,1.3432187639348465
bb_ipp_nonadaptive,wind,1295,107.83333333333337,1.332577269806236
bb_ipp_nonadaptive,wind,1296,107.91666666666663,1.32304646188876
bb_ipp_nonadaptive,wind,1297,108.0,1.3330553875251936
bb_ipp_nonadaptive,wind,1298,108.08333333333337,1.3192335874933965
bb_ipp_nonadaptive,wind,1299,108.16666666666663,1.3227512205030154
bb_ipp_nonadaptive,wind,1300,108.25,1.3374633794300856
bb_ipp_nonadaptive,wind,1301,108.33333333333337,1.332410139537306
bb_ipp_nonadaptive,wind,1302,108.41666666666663,1.350050831238783
bb_ipp_nonadaptive,wind,1303,108.5,1.3321352533710793
bb_ipp_nonadaptive,wind,1304,108.58333333333337,1.3152590936972106
bb_ipp_nonadaptive,wind,1305,108.66666666666663,1.3158826446122724
bb_ipp_nonadaptive,wind,1306,108.75,1.309661870661896
bb_ipp_nonadaptive,wind,1307,108.83333333333337,1.3308559657241676
bb_ipp_nonadaptive,wind,1308,108.91666666666663,1.2982028674127735
bb_ipp_nonadaptive,wind,1309,109.0,1.2930833827279065
bb_ipp_nonadaptive,wind,1310,109.08333333333337,1.321451882040156
bb_ipp_nonadaptive,wind,1311,109.16666666666663,1.321139505592967
bb_ipp_nonadaptive,wind,1312,109.25,1.3062712307688022
bb_ipp_nonadaptive,wind,1313,109.33333333333337,1.3037026243099503
bb_ipp_nonadaptive,wind,1314,109.41666666666663,1.306382331380367
bb_ipp_nonadaptive,wind,1315,109.5,1.2910846154942952
bb_ipp_nonadaptive,wind,1316,109.58333333333337,1.2770381118902145
bb_ipp_nonadaptive,wind,1317,109.66666666666663,1.2716163962097993
bb_ipp_nonadaptive,wind,1318,109.75,1.2654215359397596
bb_ipp_nonadaptive,wind,1319,109.83333333333337,1.2579793505658674
bb_ipp_nonadaptive,wind,1320,109.91666666666663,1.262473854367016
bb_ipp_nonadaptive,wind,1321,110.0,1.2603248075299767
bb_ipp_nonadaptive,wind,1322,110.08333333333337,1.2675467855136573
bb_ipp_nonadaptive,wind,1323,110.16666666666663,1.2637906747785363
bb_ipp_nonadaptive,wind,1324,110.25,1.262907020402584
bb_ipp_nonadaptive,wind,1325,110.33333333333337,1.263747764854006
bb_ipp_nonadaptive,wind,1326,110.41666666666663,1.2700533688780344
bb_ipp_nonadaptive,wind,1327,110.5,1.270319277443755
bb_ipp_nonadaptive,wind,1328,110.58333333333337,1.277818748761813
bb_ipp_nonadaptive,wind,1329,110.66666666666663,1.2777145198839128
bb_ipp_nonadaptive,wind,1330,110.75,1.274382595181974
bb_ipp_nonadaptive,wind,1331,110.83333333333337,1.269263349623129
bb_ipp_nonadaptive,wind,1332,110.91666666666663,1.272534044435679
bb_ipp_nonadaptive,wind,1333,111.0,1.2690112446641646
bb_ipp_nonadaptive,wind,1334,111.08333333333337,1.2734054488234425
bb_ipp_nonadaptive,wind,1335,111.16666666666663,1.2746056544693887
bb_ipp_nonadaptive,wind,1336,111.25,1.2746067101545513
bb_ipp_nonadaptive,wind,1337,111.33333333333337,1.273476951508893
bb_ipp_nonadaptive,wind,1338,111.41666666666663,1.2739649304963077
bb_ipp_nonadaptive,wind,1339,111.5,1.2746193039898968
bb_ipp_nonadaptive,wind,1340,111.58333333333337,1.2761222090656066
bb_ipp_nonadaptive,wind,1341,111.66666666666663,1.2770294407756317
bb_ipp_nonadaptive,wind,1342,111.75,1.278409859201341
bb_ipp_nonadaptive,wind,1343,111.83333333333337,1.2793078311402601
bb_ipp_nonadaptive,wind,1344,111.91666666666663,1.2798984584549555
bb_ipp_nonadaptive,wind,1345,112.0,1.281042188164583
bb_ipp_nonadaptive,wind,1346,112.08333333333337,1.2830148211731975
bb_ipp_nonadaptive,wind,1347,112.16666666666663,1.2828411500247083
bb_ipp_nonadaptive,wind,1348,112.25,1.2848116875827211
bb_ipp_nonadaptive,wind,1349,112.33333333333337,1.2858051588932444
bb_ipp_nonadaptive,wind,1350,112.41666666666663,1.2863236415030859
bb_ipp_nonadaptive,wind,1351,112.5,1.286932285392877
bb_ipp_nonadaptive,wind,1352,112.58333333333337,1.2876718212825597
bb_ipp_nonadaptive,wind,1353,112.66666666666663,1.2905011919314013
bb_ipp_nonadaptive,wind,1354,112.75,1.289336151893984
bb_ipp_nonadaptive,wind,1355,112.83333333333337,1.2895834343750967
bb_ipp_nonadaptive,wind,1356,112.91666666666663,1.2904409712106166
bb_ipp_nonadaptive,wind,1357,113.0,1.2913946733379107
bb_ipp_nonadaptive,wind,1358,113.08333333333337,1.2927706506698564
bb_ipp_nonadaptive,wind,1359,113.16666666666663,1.2936236335040303
bb_ipp_nonadaptive,wind,1360,113.25,1.2943890441509258
bb_ipp_nonadaptive,wind,1361,113.33333333333337,1.2952551261405056
bb_ipp_nonadaptive,wind,1362,113.41666666666663,1.2981384183082478
bb_ipp_nonadaptive,wind,1363,113.5,1.2996325160050923
bb_ipp_nonadaptive,wind,1364,113.58333333333337,1.2997334455057425
bb_ipp_nonadaptive,wind,1365,113.66666666666663,1.30046556603519
bb_ipp_nonadaptive,wind,1366,113.75,1.301525378467204
bb_ipp_nonadaptive,wind,1367,113.83333333333337,1.303979502275416
bb_ipp_nonadaptive,wind,1368,113.91666666666663,1.3096642842818496
bb_ipp_nonadaptive,wind,1369,114.0,1.3187174099439365
bb_ipp_nonadaptive,wind,1370,114.08333333333337,1.3196303231244746
bb_ipp_nonadaptive,wind,1371,114.16666666666663,1.3323470439739487
bb_ipp_nonadaptive,wind,1372,114.25,1.3350943699346636
bb_ipp_nonadaptive,wind,1373,114.33333333333337,1.341716326640153
bb_ipp_nonadaptive,wind,1374,114.41666666666663,1.3606207961851906
bb_ipp_nonadaptive,wind,1375,114.5,1.351620760873286
bb_ipp_nonadaptive,wind,1376,114.58333333333337,1.3787524621870404
bb_ipp_nonadaptive,wind,1377,114.66666666666663,1.3942488010385767
bb_ipp_nonadaptive,wind,1378,114.75,1.4013658666626247
bb_ipp_nonadaptive,wind,1379,114.83333333333337,1.4159035071149602
bb_ipp_nonadaptive,wind,1380,114.91666666666663,1.4083524982099251
bb_ipp_nonadaptive,wind,1381,115.0,1.4563392367305974
bb_ipp_nonadaptive,wind,1382,115.08333333333337,1.441916003551561
bb_ipp_nonadaptive,wind,1383,115.16666666666663,1.4271401901792178
bb_ipp_nonadaptive,wind,1384,115.25,1.4693140219568857
bb_ipp_nonadaptive,wind,1385,115.33333333333337,1.477882775750559
bb_ipp_nonadaptive,wind,1386,115.41666666666663,1.503027340122899
bb_ipp_nonadaptive,wind,1387,115.5,1.5005715338968275
bb_ipp_nonadaptive,wind,1388,115.58333333333337,1.498605445798067
bb_ipp_nonadaptive,wind,1389,115.66666666666663,1.472869836737367
bb_ipp_nonadaptive,wind,1390,115.75,1.50472720814613
bb_ipp_nonadaptive,wind,1391,115.83333333333337,1.4883600150312082
bb_ipp_nonadaptive,wind,1392,115.91666666666663,1.532343332602311
bb_ipp_nonadaptive,wind,1393,116.0,1.531927547339278
bb_ipp_nonadaptive,wind,1394,116.08333333333337,1.5263237389510247
bb_ipp_nonadaptive,wind,1395,116.16666666666663,1.5538875240214773
bb_ipp_nonadaptive,wind,1396,116.25,1.5757673206924894
bb_ipp_nonadaptive,wind,1397,116.33333333333337,1.5614367758043781
bb_ipp_nonadaptive,wind,1398,116.41666666666663,1.5744154503391723
bb_ipp_nonadaptive,wind,1399,116.5,1.5823519119461114
bb_ipp_nonadaptive,wind,1400,116.58333333333337,1.6219439217791758
bb_ipp_nonadaptive,wind,1401,116.66666666666663,1.5954218145192371
bb_ipp_nonadaptive,wind,1402,116.75,1.621488034224881
bb_ipp_nonadaptive,wind,1403,116.83333333333337,1.6123539852155142
bb_ipp_nonadaptive,wind,1404,116.91666666666663,1.6149567973243883
bb_ipp_nonadaptive,wind,1405,117.0,1.5829273092071496
bb_ipp_nonadaptive,wind,1406,117.08333333333337,1.5926208296764766
bb_ipp_nonadaptive,wind,1407,117.16666666666663,1.5873670350032343
bb_ipp_nonadaptive,wind,1408,117.25,1.5988854622294646
bb_ipp_nonadaptive,wind,1409,117.33333333333337,1.566890538352774
bb_ipp_nonadaptive,wind,1410,117.41666666666663,1.5553054680138745
bb_ipp_nonadaptive,wind,1411,117.5,1.5535774453762659
bb_ipp_nonadaptive,wind,1412,117.58333333333337,1.5302696100959565
bb_ipp_nonadaptive,wind,1413,117.66666666666663,1.5390589593831379
bb_ipp_nonadaptive,wind,1414,117.75,1.5253899279050753
bb_ipp_nonadaptive,wind,1415,117.83333333333337,1.5569680388095233
bb_ipp_nonadaptive,wind,1416,117.91666666666663,1.5467572744578149
bb_ipp_nonadaptive,wind,1417,118.0,1.5308780261820158
bb_ipp_nonadaptive,wind,1418,118.08333333333337,1.5252238722409492
bb_ipp_nonadaptive,wind,1419,118.16666666666663,1.508815932909187
bb_ipp_nonadaptive,wind,1420,118.25,1.4703149898829486
bb_ipp_nonadaptive,wind,1421,118.33333333333337,1.4758263484856196
bb_ipp_nonadaptive,wind,1422,118.41666666666663,1.4592114496384907
bb_ipp_nonadaptive,wind,1423,118.5,1.4494148536781273
bb_ipp_nonadaptive,wind,1424,118.58333333333337,1.477738899730464
bb_ipp_nonadaptive,wind,1425,118.66666666666663,1.4633511289103018
bb_ipp_nonadaptive,wind,1426,118.75,1.44014388900591
bb_ipp_nonadaptive,wind,1427,118.83333333333337,1.4301786637307379
bb_ipp_nonadaptive,wind,1428,118.91666666666663,1.3938664761269546
bb_ipp_nonadaptive,wind,1429,119.0,1.4007208555549504
bb_ipp_nonadaptive,wind,1430,119.08333333333337,1.3935998239000733
bb_ipp_nonadaptive,wind,1431,119.16666666666663,1.3805983140947171
bb_ipp_nonadaptive,wind,1432,119.25,1.3704662809587813
bb_ipp_nonadaptive,wind,1433,119.33333333333337,1.345048430152122
bb_ipp_nonadaptive,wind,1434,119.41666666666663,1.3553524869502744
bb_ipp_nonadaptive,wind,1435,119.5,1.355506326193961
bb_ipp_nonadaptive,wind,1436,119.58333333333337,1.3391808347816916
bb_ipp_nonadaptive,wind,1437,119.66666666666663,1.3283565515349487
bb_ipp_nonadaptive,wind,1438,119.75,1.3179921703831852
bb_ipp_nonadaptive,wind,1439,119.83333333333337,1.3158559421775022
bb_ipp_nonadaptive,wind,1440,119.91666666666663,1.3095243297039076
bb_ipp_nonadaptive,wind,1441,120.0,1.3176208111223058
bb_ipp_nonadaptive,wind,1442,120.08333333333337,1.3194329811232182
bb_ipp_nonadaptive,wind,1443,120.16666666666663,1.2969893111195667
bb_ipp_nonadaptive,wind,1444,120.25,1.2994126635779248
bb_ipp_nonadaptive,wind,1445,120.33333333333337,1.3026730695326731
bb_ipp_nonadaptive,wind,1446,120.41666666666663,1.3048438375191038
bb_ipp_nonadaptive,wind,1447,120.5,1.3069117646788324
bb_ipp_nonadaptive,wind,1448,120.58333333333337,1.3032162536523209
bb_ipp_nonadaptive,wind,1449,120.66666666666663,1.292112799185124
bb_ipp_nonadaptive,wind,1450,120.75,1.2884129390230754
bb_ipp_nonadaptive,wind,1451,120.83333333333337,1.2993939627177828
bb_ipp_nonadaptive,wind,1452,120.91666666666663,1.285387931014335
bb_ipp_nonadaptive,wind,1453,121.0,1.2900789637986794
bb_ipp_nonadaptive,wind,1454,121.08333333333337,1.294291634460445
bb_ipp_nonadaptive,wind,1455,121.16666666666663,1.304430733629817
bb_ipp_nonadaptive,wind,1456,121.25,1.2964653534292252
bb_ipp_nonadaptive,wind,1457,121.33333333333337,1.2970189871502842
bb_ipp_nonadaptive,wind,1458,121.41666666666663,1.29465295873598
bb_ipp_nonadaptive,wind,1459,121.5,1.2964589185590623
bb_ipp_nonadaptive,wind,1460,121.58333333333337,1.2750147109253476
bb_ipp_nonadaptive,wind,1461,121.66666666666663,1.272458990691515
bb_ipp_nonadaptive,wind,1462,121.75,1.2860163524009283
bb_ipp_nonadaptive,wind,1463,121.83333333333337,1.2802282606385855
bb_ipp_nonadaptive,wind,1464,121.91666666666663,1.2854934936698237
bb_ipp_nonadaptive,wind,1465,122.0,1.2950443253427197
bb_ipp_nonadaptive,wind,1466,122.08333333333337,1.2791460941564021
bb_ipp_nonadaptive,wind,1467,122.16666666666663,1.282375978724055
bb_ipp_nonadaptive,wind,1468,122.25,1.2813984263639857
bb_ipp_nonadaptive,wind,1469,122.33333333333337,1.2727341932479779
bb_ipp_nonadaptive,wind,1470,122.41666666666663,1.2643687378735733
bb_ipp_nonadaptive,wind,1471,122.5,1.2696969975159997
bb_ipp_nonadaptive,wind,1472,122.58333333333337,1.2648640526547827
bb_ipp_nonadaptive,wind,1473,122.66666666666663,1.2607201500307816
bb_ipp_nonadaptive,wind,1474,122.75,1.2486466960638247
bb_ipp_nonadaptive,wind,1475,122.83333333333337,1.249206930670828
bb_ipp_nonadaptive,wind,1476,122.91666666666663,1.264771360039406
bb_ipp_nonadaptive,wind,1477,123.0,1.262087266834738
bb_ipp_nonadaptive,wind,1478,123.08333333333337,1.2693448580924305
bb_ipp_nonadaptive,wind,1479,123.16666666666663,1.2740013683196225
bb_ipp_nonadaptive,wind,1480,123.25,1.2647189206297709
bb_ipp_nonadaptive,wind,1481,123.33333333333337,1.2562675995224806
bb_ipp_nonadaptive,wind,1482,123.41666666666663,1.2530881651103254
bb_ipp_nonadaptive,wind,1483,123.5,1.2515808336932461
bb_ipp_nonadaptive,wind,1484,123.58333333333337,1.2549556693386172
bb_ipp_nonadaptive,wind,1485,123.66666666666663,1.2608052646256418
bb_ipp_nonadaptive,wind,1486,123.75,1.2675729805675797
bb_ipp_nonadaptive,wind,1487,123.83333333333337,1.2669278874694971
bb_ipp_nonadaptive,wind,1488,123.91666666666663,1.2614282499991798
bb_ipp_nonadaptive,wind,1489,124.0,1.2593448782349068
bb_ipp_nonadaptive,wind,1490,124.08333333333337,1.2584476869483208
bb_ipp_nonadaptive,wind,1491,124.16666666666663,1.2667517344576675
bb_ipp_nonadaptive,wind,1492,124.25,1.2706571025969493
bb_ipp_nonadaptive,wind,1493,124.33333333333337,1.2801144986532937
bb_ipp_nonadaptive,wind,1494,124.41666666666663,1.280068267571885
bb_ipp_nonadaptive,wind,1495,124.5,1.2825361888712088
bb_ipp_nonadaptive,wind,1496,124.58333333333337,1.2934734906338532
bb_ipp_nonadaptive,wind,1497,124.66666666666663,1.2993135931748327
bb_ipp_nonadaptive,wind,1498,124.75,1.3099522226609328
bb_ipp_nonadaptive,wind,1499,124.83333333333337,1.3172761437052711
bb_ipp_nonadaptive,wind,1500,124.91666666666663,1.3271258174352707
bb_ipp_nonadaptive,wind,1501,125.0,1.3370271784856824
bb_ipp_nonadaptive,wind,1502,125.08333333333337,1.3436203350945428
bb_ipp_nonadaptive,wind,1503,125.16666666666663,1.3558489483523068
bb_ipp_nonadaptive,wind,1504,125.25,1.3510393894570634
bb_ipp_nonadaptive,wind,1505,125.33333333333337,1.3615152007411406
bb_ipp_nonadaptive,wind,1506,125.41666666666663,1.3635568977405608
bb_ipp_nonadaptive,wind,1507,125.5,1.3673394576026656
bb_ipp_nonadaptive,wind,1508,125.58333333333337,1.385529614967313
bb_ipp_nonadaptive,wind,1509,125.66666666666663,1.3856456911249355
bb_ipp_nonadaptive,wind,1510,125.75,1.4014535819173535
bb_ipp_nonadaptive,wind,1511,125.83333333333337,1.4097082498988396
bb_ipp_nonadaptive,wind,1512,125.91666666666663,1.4389732306183731
bb_ipp_nonadaptive,wind,1513,126.0,1.4286591057579767
bb_ipp_nonadaptive,wind,1514,126.08333333333337,1.433747281675653
bb_ipp_nonadaptive,wind,1515,126.16666666666663,1.444302540871542
bb_ipp_nonadaptive,wind,1516,126.25,1.4543823452920641
bb_ipp_nonadaptive,wind,1517,126.33333333333337,1.4915782522496077
bb_ipp_nonadaptive,wind,1518,126.41666666666663,1.50880875388517
bb_ipp_nonadaptive,wind,1519,126.5,1.5056752679645051
bb_ipp_nonadaptive,wind,1520,126.58333333333337,1.4910073034496754
bb_ipp_nonadaptive,wind,1521,126.66666666666663,1.497519611833923
bb_ipp_nonadaptive,wind,1522,126.75,1.4780147401355845
bb_ipp_nonadaptive,wind,1523,126.83333333333337,1.5066180430634615
bb_ipp_nonadaptive,wind,1524,126.91666666666663,1.4964488014296489
bb_ipp_nonadaptive,wind,1525,127.0,1.510552426965474
bb_ipp_nonadaptive,wind,1526,127.08333333333337,1.5092290792086942
bb_ipp_nonadaptive,wind,1527,127.16666666666663,1.5084764139296059
bb_ipp_nonadaptive,wind,1528,127.25,1.5290687367360234
bb_ipp_nonadaptive,wind,1529,127.33333333333337,1.5177354563584144
bb_ipp_nonadaptive,wind,1530,127.41666666666663,1.4887869640844165
bb_ipp_nonadaptive,wind,1531,127.5,1.4774907024387227
bb_ipp_nonadaptive,wind,1532,127.58333333333337,1.526807127778205
bb_ipp_nonadaptive,wind,1533,127.66666666666663,1.514862159001791
bb_ipp_nonadaptive,wind,1534,127.75,1.5147159184325376
bb_ipp_nonadaptive,wind,1535,127.83333333333337,1.470353358828878
bb_ipp_nonadaptive,wind,1536,127.91666666666663,1.5007282713051773
bb_ipp_nonadaptive,wind,1537,128.0,1.5029294927961503
bb_ipp_nonadaptive,wind,1538,128.08333333333337,1.5014553500415964
bb_ipp_nonadaptive,wind,1539,128.16666666666663,1.492526832286811
bb_ipp_nonadaptive,wind,1540,128.25,1.4922190393707353
bb_ipp_nonadaptive,wind,1541,128.33333333333337,1.493661123895179
bb_ipp_nonadaptive,wind,1542,128.41666666666663,1.4668988210345413
bb_ipp_nonadaptive,wind,1543,128.5,1.449022317477404
bb_ipp_nonadaptive,wind,1544,128.58333333333337,1.4521509919634057
bb_ipp_nonadaptive,wind,1545,128.66666666666663,1.4327219223036822
bb_ipp_nonadaptive,wind,1546,128.75,1.473409524485732
bb_ipp_nonadaptive,wind,1547,128.83333333333337,1.457832956199727
bb_ipp_nonadaptive,wind,1548,128.91666666666663,1.4677638274833371
bb_ipp_nonadaptive,wind,1549,129.0,1.4160218597996688
bb_ipp_nonadaptive,wind,1550,129.08333333333337,1.3799492288602342
bb_ipp_nonadaptive,wind,1551,129.16666666666663,1.3954326733883549
bb_ipp_nonadaptive,wind,1552,129.25,1.397897568528531
bb_ipp_nonadaptive,wind,1553,129.33333333333337,1.3864768023254603
bb_ipp_nonadaptive,wind,1554,129.41666666666663,1.3840971378995253
bb_ipp_nonadaptive,wind,1555,129.5,1.400629266905576
bb_ipp_nonadaptive,wind,1556,129.58333333333337,1.397090835602118
bb_ipp_nonadaptive,wind,1557,129.66666666666663,1.3894526584105575
bb_ipp_nonadaptive,wind,1558,129.75,1.3613017819183484
bb_ipp_nonadaptive,wind,1559,129.83333333333337,1.3569188670432208
bb_ipp_nonadaptive,wind,1560,129.91666666666663,1.3525558019055097
bb_ipp_nonadaptive,wind,1561,130.0,1.3421717353652127
bb_ipp_nonadaptive,wind,1562,130.08333333333337,1.3429358527988928
bb_ipp_nonadaptive,wind,1563,130.16666666666663,1.3463164691323186
bb_ipp_nonadaptive,wind,1564,130.25,1.335825893039539
bb_ipp_nonadaptive,wind,1565,130.33333333333337,1.3295053806280541
bb_ipp_nonadaptive,wind,1566,130.41666666666663,1.3167422418591896
bb_ipp_nonadaptive,wind,1567,130.5,1.3147760789304066
bb_ipp_nonadaptive,wind,1568,130.58333333333337,1.326658066489339
bb_ipp_nonadaptive,wind,1569,130.66666666666663,1.3220411157946226
bb_ipp_nonadaptive,wind,1570,130.75,1.3194926471443065
bb_ipp_nonadaptive,wind,1571,130.83333333333337,1.3176620208770582
bb_ipp_nonadaptive,wind,1572,130.91666666666663,1.3105105050480976
bb_ipp_nonadaptive,wind,1573,131.0,1.3164633815072981
bb_ipp_nonadaptive,wind,1574,131.08333333333337,1.3111857494279033
bb_ipp_nonadaptive,wind,1575,131.16666666666663,1.3142516832206756
bb_ipp_nonadaptive,wind,1576,131.25,1.314824786939439
bb_ipp_nonadaptive,wind,1577,131.33333333333337,1.3219034577672777
bb_ipp_nonadaptive,wind,1578,131.41666666666663,1.316021747514158
bb_ipp_nonadaptive,wind,1579,131.5,1.3117732716970933
bb_ipp_nonadaptive,wind,1580,131.58333333333337,1.3139029354440823
bb_ipp_nonadaptive,wind,1581,131.66666666666663,1.3208617186582063
bb_ipp_nonadaptive,wind,1582,131.75,1.323526141314554
bb_ipp_nonadaptive,wind,1583,131.83333333333337,1.3265353913958322
bb_ipp_nonadaptive,wind,1584,131.91666666666663,1.3228446827632572
bb_ipp_nonadaptive,wind,1585,132.0,1.325727004758559
bb_ipp_nonadaptive,wind,1586,132.08333333333337,1.3241131324899995
bb_ipp_nonadaptive,wind,1587,132.16666666666663,1.3281724409861941
bb_ipp_nonadaptive,wind,1588,132.25,1.3303825434430054
bb_ipp_nonadaptive,wind,1589,132.33333333333337,1.327752543426317
bb_ipp_nonadaptive,wind,1590,132.41666666666663,1.324532642176518
bb_ipp_nonadaptive,wind,1591,132.5,1.3260164699215176
bb_ipp_nonadaptive,wind,1592,132.58333333333337,1.3249917533913838
bb_ipp_nonadaptive,wind,1593,132.66666666666663,1.3262763599960627
bb_ipp_nonadaptive,wind,1594,132.75,1.3264199216925525
bb_ipp_nonadaptive,wind,1595,132.83333333333337,1.3296329952963364
bb_ipp_nonadaptive,wind,1596,132.91666666666663,1.3302968778545947
bb_ipp_nonadaptive,wind,1597,133.0,1.3316320232111143
bb_ipp_nonadaptive,wind,1598,133.08333333333337,1.3297477028077198
bb_ipp_nonadaptive,wind,1599,133.16666666666663,1.3292306108761287
bb_ipp_nonadaptive,wind,1600,133.25,1.3280044646376004
bb_ipp_nonadaptive,wind,1601,133.33333333333337,1.3317490076091743
bb_ipp_nonadaptive,wind,1602,133.41666666666663,1.3320252980295817
bb_ipp_nonadaptive,wind,1603,133.5,1.3324929968784869
bb_ipp_nonadaptive,wind,1604,133.58333333333337,1.3334857744171953
bb_ipp_nonadaptive,wind,1605,133.66666666666663,1.3340566455403386
bb_ipp_nonadaptive,wind,1606,133.75,1.3348367101722336
bb_ipp_nonadaptive,wind,1607,133.83333333333337,1.3367966170812577
bb_ipp_nonadaptive,wind,1608,133.91666666666663,1.3377213678337023
bb_ipp_nonadaptive,wind,1609,134.0,1.3381474014457067
bb_ipp_nonadaptive,wind,1610,134.08333333333337,1.3407609155808486
bb_ipp_nonadaptive,wind,1611,134.16666666666663,1.3364301593691985
bb_ipp_nonadaptive,wind,1612,134.25,1.3401254917623662
bb_ipp_nonadaptive,wind,1613,134.33333333333337,1.3486854935462294
bb_ipp_nonadaptive,wind,1614,134.41666666666663,1.34211462838929
bb_ipp_nonadaptive,wind,1615,134.5,1.3436563664204544
bb_ipp_nonadaptive,wind,1616,134.58333333333337,1.3383214210187655
bb_ipp_nonadaptive,wind,1617,134.66666666666663,1.3388197269084003
bb_ipp_nonadaptive,wind,1618,134.75,1.3412872386662744
bb_ipp_nonadaptive,wind,1619,134.83333333333337,1.3433091820366287
bb_ipp_nonadaptive,wind,1620,134.91666666666663,1.3432210506687865
bb_ipp_nonadaptive,wind,1621,135.0,1.3465382525307745
bb_ipp_nonadaptive,wind,1622,135.08333333333337,1.3518508289554119
bb_ipp_nonadaptive,wind,1623,135.16666666666663,1.3619080238173904
bb_ipp_nonadaptive,wind,1624,135.25,1.3795560979927526
bb_ipp_nonadaptive,wind,1625,135.33333333333337,1.381840944492669
bb_ipp_nonadaptive,wind,1626,135.41666666666663,1.371818094834548
bb_ipp_nonadaptive,wind,1627,135.5,1.381250451524005
bb_ipp_nonadaptive,wind,1628,135.58333333333337,1.3938758243088292
bb_ipp_nonadaptive,wind,1629,135.66666666666663,1.3939461234722998
bb_ipp_nonadaptive,wind,1630,135.75,1.3980934311733166
bb_ipp_nonadaptive,wind,1631,135.83333333333337,1.4368544562454948
bb_ipp_nonadaptive,wind,1632,135.91666666666663,1.449558678571997
bb_ipp_nonadaptive,wind,1633,136.0,1.4402116801954108
bb_ipp_nonadaptive,wind,1634,136.08333333333337,1.4370107709950395
bb_ipp_nonadaptive,wind,1635,136.16666666666663,1.4531149092581581
bb_ipp_nonadaptive,wind,1636,136.25,1.459164910258133
bb_ipp_nonadaptive,wind,1637,136.33333333333337,1.4648385934899517
bb_ipp_nonadaptive,wind,1638,136.41666666666663,1.4561495900498687
bb_ipp_nonadaptive,wind,1639,136.5,1.4646717359063308
bb_ipp_nonadaptive,wind,1640,136.58333333333337,1.475295662124743
bb_ipp_nonadaptive,wind,1641,136.66666666666663,1.4632521739708253
bb_ipp_nonadaptive,wind,1642,136.75,1.4514531220522011
bb_ipp_nonadaptive,wind,1643,136.83333333333337,1.4559872993598657
bb_ipp_nonadaptive,wind,1644,136.91666666666663,1.4334767020764583
bb_ipp_nonadaptive,wind,1645,137.0,1.4109039907249579
bb_ipp_nonadaptive,wind,1646,137.08333333333337,1.4128618073205366
bb_ipp_nonadaptive,wind,1647,137.16666666666663,1.4049042555376026
bb_ipp_nonadaptive,wind,1648,137.25,1.414390795399948
bb_ipp_nonadaptive,wind,1649,137.33333333333337,1.3958195699546248
bb_ipp_nonadaptive,wind,1650,137.41666666666663,1.38654945091363
bb_ipp_nonadaptive,wind,1651,137.5,1.3758186349662311
bb_ipp_nonadaptive,wind,1652,137.58333333333337,1.3793112597144663
bb_ipp_nonadaptive,wind,1653,137.66666666666663,1.3705947480979261
bb_ipp_nonadaptive,wind,1654,137.75,1.3763280443695305
bb_ipp_nonadaptive,wind,1655,137.83333333333337,1.3661067946153163
bb_ipp_nonadaptive,wind,1656,137.91666666666663,1.362920517505971
bb_ipp_nonadaptive,wind,1657,138.0,1.3558757973717925
bb_ipp_nonadaptive,wind,1658,138.08333333333337,1.3567326151272856
bb_ipp_nonadaptive,wind,1659,138.16666666666663,1.3601875444669362
bb_ipp_nonadaptive,wind,1660,138.25,1.3567145529091391
bb_ipp_nonadaptive,wind,1661,138.33333333333337,1.358715879636864
bb_ipp_nonadaptive,wind,1662,138.41666666666663,1.345796050853749
bb_ipp_nonadaptive,wind,1663,138.5,1.3386547827696718
bb_ipp_nonadaptive,wind,1664,138.58333333333337,1.328809574439427
bb_ipp_nonadaptive,wind,1665,138.66666666666663,1.3314982292011004
bb_ipp_nonadaptive,wind,1666,138.75,1.3267919813102438
bb_ipp_nonadaptive,wind,1667,138.83333333333337,1.3269424494776976
bb_ipp_nonadaptive,wind,1668,138.91666666666663,1.330780076620962
bb_ipp_nonadaptive,wind,1669,139.0,1.3335855780229462
bb_ipp_nonadaptive,wind,1670,139.08333333333337,1.3346977721999294
bb_ipp_nonadaptive,wind,1671,139.16666666666663,1.339544532931649
bb_ipp_nonadaptive,wind,1672,139.25,1.3359091616449648
bb_ipp_nonadaptive,wind,1673,139.33333333333337,1.3406920384547596
bb_ipp_nonadaptive,wind,1674,139.41666666666663,1.3416925404643587
bb_ipp_nonadaptive,wind,1675,139.5,1.3495217589532322
bb_ipp_nonadaptive,wind,1676,139.58333333333337,1.3508264395649898
bb_ipp_nonadaptive,wind,1677,139.66666666666663,1.3558843523928306
bb_ipp_nonadaptive,wind,1678,139.75,1.3436444707574977
bb_ipp_nonadaptive,wind,1679,139.83333333333337,1.3521356366379682
bb_ipp_nonadaptive,wind,1680,139.91666666666663,1.348532701332071
bb_ipp_nonadaptive,wind,1681,140.0,1.3412797373965997
bb_ipp_nonadaptive,wind,1682,140.08333333333337,1.3596628568047975
bb_ipp_nonadaptive,wind,1683,140.16666666666663,1.352500706671102
bb_ipp_nonadaptive,wind,1684,140.25,1.3471316264685758
bb_ipp_nonadaptive,wind,1685,140.33333333333337,1.3579165531073694
bb_ipp_nonadaptive,wind,1686,140.41666666666663,1.3565700800158815
bb_ipp_nonadaptive,wind,1687,140.5,1.3493778279878834
bb_ipp_nonadaptive,wind,1688,140.58333333333337,1.3573749210236852
bb_ipp_nonadaptive,wind,1689,140.66666666666663,1.3546351974269681
bb_ipp_nonadaptive,wind,1690,140.75,1.3492053675486637
bb_ipp_nonadaptive,wind,1691,140.83333333333337,1.339903161056609
bb_ipp_nonadaptive,wind,1692,140.91666666666663,1.3448808193566666
bb_ipp_nonadaptive,wind,1693,141.0,1.3471621174341086
bb_ipp_nonadaptive,wind,1694,141.08333333333337,1.3382009908559478
bb_ipp_nonadaptive,wind,1695,141.16666666666663,1.329976550239742
bb_ipp_nonadaptive,wind,1696,141.25,1.3373590154386923
bb_ipp_nonadaptive,wind,1697,141.33333333333337,1.3453642670945942
bb_ipp_nonadaptive,wind,1698,141.41666666666663,1.3277461576890415
bb_ipp_nonadaptive,wind,1699,141.5,1.3227263069722832
bb_ipp_nonadaptive,wind,1700,141.58333333333337,1.321396999058386
bb_ipp_nonadaptive,wind,1701,141.66666666666663,1.3305482739362027
bb_ipp_nonadaptive,wind,1702,141.75,1.348504559772137
bb_ipp_nonadaptive,wind,1703,141.83333333333337,1.3370505230640515
bb_ipp_nonadaptive,wind,1704,141.91666666666663,1.3395339808669573
bb_ipp_nonadaptive,wind,1705,142.0,1.3396338701013093
bb_ipp_nonadaptive,wind,1706,142.08333333333337,1.3466498519155587
bb_ipp_nonadaptive,wind,1707,142.16666666666663,1.3403457609787137
bb_ipp_nonadaptive,wind,1708,142.25,1.3277480905629866
bb_ipp_nonadaptive,wind,1709,142.33333333333337,1.3205902162475485
bb_ipp_nonadaptive,wind,1710,142.41666666666663,1.3059677010729376
bb_ipp_nonadaptive,wind,1711,142.5,1.318807664438545
bb_ipp_nonadaptive,wind,1712,142.58333333333337,1.3068625400178713
bb_ipp_nonadaptive,wind,1713,142.66666666666663,1.3054438782693008
bb_ipp_nonadaptive,wind,1714,142.75,1.3085770477915775
bb_ipp_nonadaptive,wind,1715,142.83333333333337,1.306082230095029
bb_ipp_nonadaptive,wind,1716,142.91666666666663,1.3015412597067768
bb_ipp_nonadaptive,wind,1717,143.0,1.3030363472792506
bb_ipp_nonadaptive,wind,1718,143.08333333333337,1.2935680700575711
bb_ipp_nonadaptive,wind,1719,143.16666666666663,1.3064221167517374
bb_ipp_nonadaptive,wind,1720,143.25,1.3097062783125415
bb_ipp_nonadaptive,wind,1721,143.33333333333337,1.2971268190509089
bb_ipp_nonadaptive,wind,1722,143.41666666666663,1.297159155912085
bb_ipp_nonadaptive,wind,1723,143.5,1.272163638791269
bb_ipp_nonadaptive,wind,1724,143.58333333333337,1.283044049025211
bb_ipp_nonadaptive,wind,1725,143.66666666666663,1.296736200656401
bb_ipp_nonadaptive,wind,1726,143.75,1.2878471355415293
bb_ipp_nonadaptive,wind,1727,143.83333333333337,1.2727597252619525
bb_ipp_nonadaptive,wind,1728,143.91666666666663,1.2696625132273722
bb_ipp_nonadaptive,wind,1729,144.0,1.2672852815003877
bb_ipp_nonadaptive,wind,1730,144.08333333333337,1.2818824471884827
bb_ipp_nonadaptive,wind,1731,144.16666666666663,1.2737997831216927
bb_ipp_nonadaptive,wind,1732,144.25,1.2690849856133652
bb_ipp_nonadaptive,wind,1733,144.33333333333337,1.2556474611116066
bb_ipp_nonadaptive,wind,1734,144.41666666666663,1.2546456195240545
bb_ipp_nonadaptive,wind,1735,144.5,1.262782192301963
bb_ipp_nonadaptive,wind,1736,144.58333333333337,1.2675247228176605
bb_ipp_nonadaptive,wind,1737,144.66666666666663,1.2627793272189614
bb_ipp_nonadaptive,wind,1738,144.75,1.2586611435631374
bb_ipp_nonadaptive,wind,1739,144.83333333333337,1.2499572884678825
bb_ipp_nonadaptive,wind,1740,144.91666666666663,1.244875257406064
bb_ipp_nonadaptive,wind,1741,145.0,1.2480174874097105
bb_ipp_nonadaptive,wind,1742,145.08333333333337,1.2533064217786924
bb_ipp_nonadaptive,wind,1743,145.16666666666663,1.2582252416955948
bb_ipp_nonadaptive,wind,1744,145.25,1.2719570172502261
bb_ipp_nonadaptive,wind,1745,145.33333333333337,1.2687162918939126
bb_ipp_nonadaptive,wind,1746,145.41666666666663,1.272110098160805
bb_ipp_nonadaptive,wind,1747,145.5,1.2770048014522872
bb_ipp_nonadaptive,wind,1748,145.58333333333337,1.2636721631049996
bb_ipp_nonadaptive,wind,1749,145.66666666666663,1.2637416439688554
bb_ipp_nonadaptive,wind,1750,145.75,1.2652042176635974
bb_ipp_nonadaptive,wind,1751,145.83333333333337,1.272336823389918
bb_ipp_nonadaptive,wind,1752,145.91666666666663,1.2631092661073278
bb_ipp_nonadaptive,wind,1753,146.0,1.256096297122658
bb_ipp_nonadaptive,wind,1754,146.08333333333337,1.250005144711142
bb_ipp_nonadaptive,wind,1755,146.16666666666663,1.2621343038517847
bb_ipp_nonadaptive,wind,1756,146.25,1.2636250002368326
bb_ipp_nonadaptive,wind,1757,146.33333333333337,1.2557716264135852
bb_ipp_nonadaptive,wind,1758,146.41666666666663,1.2697210430268218
bb_ipp_nonadaptive,wind,1759,146.5,1.2663269346362
bb_ipp_nonadaptive,wind,1760,146.58333333333337,1.2658508551602314
bb_ipp_nonadaptive,wind,1761,146.66666666666663,1.263835146726449
bb_ipp_nonadaptive,wind,1762,146.75,1.2617487211450376
bb_ipp_nonadaptive,wind,1763,146.83333333333337,1.2658568576565725
bb_ipp_nonadaptive,wind,1764,146.91666666666663,1.2629031457865991
bb_ipp_nonadaptive,wind,1765,147.0,1.2553864631138973
bb_ipp_nonadaptive,wind,1766,147.08333333333337,1.2610554714306614
bb_ipp_nonadaptive,wind,1767,147.16666666666663,1.2631702655320316
bb_ipp_nonadaptive,wind,1768,147.25,1.262558138344149
bb_ipp_nonadaptive,wind,1769,147.33333333333337,1.259064991523461
bb_ipp_nonadaptive,wind,1770,147.41666666666663,1.264081368921318
bb_ipp_nonadaptive,wind,1771,147.5,1.2539558144680651
bb_ipp_nonadaptive,wind,1772,147.58333333333337,1.2557737601253756
bb_ipp_nonadaptive,wind,1773,147.66666666666663,1.2595861317477215
bb_ipp_nonadaptive,wind,1774,147.75,1.2560835678512432
bb_ipp_nonadaptive,wind,1775,147.83333333333337,1.2589288364018498
bb_ipp_nonadaptive,wind,1776,147.91666666666663,1.2640018559602655
bb_ipp_nonadaptive,wind,1777,148.0,1.2669533141400773
bb_ipp_nonadaptive,wind,1778,148.08333333333337,1.264184527077471
bb_ipp_nonadaptive,wind,1779,148.16666666666663,1.2661691913655015
bb_ipp_nonadaptive,wind,1780,148.25,1.266708918329071
bb_ipp_nonadaptive,wind,1781,148.33333333333337,1.26682735456769
bb_ipp_nonadaptive,wind,1782,148.41666666666663,1.268195154600743
bb_ipp_nonadaptive,wind,1783,148.5,1.2720990943195543
bb_ipp_nonadaptive,wind,1784,148.58333333333337,1.2702147939110136
bb_ipp_nonadaptive,wind,1785,148.66666666666663,1.2762243799315165
bb_ipp_nonadaptive,wind,1786,148.75,1.2935727853269148
bb_ipp_nonadaptive,wind,1787,148.83333333333337,1.3055117805076633
bb_ipp_nonadaptive,wind,1788,148.91666666666663,1.3152532895995783
bb_ipp_nonadaptive,wind,1789,149.0,1.3111019210705794
bb_ipp_nonadaptive,wind,1790,149.08333333333337,1.3134061946102167
bb_ipp_nonadaptive,wind,1791,149.16666666666663,1.3195422376738337
bb_ipp_nonadaptive,wind,1792,149.25,1.3185333307104719
bb_ipp_nonadaptive,wind,1793,149.33333333333337,1.3147912247872162
bb_ipp_nonadaptive,wind,1794,149.41666666666663,1.3180987640515223
bb_ipp_nonadaptive,wind,1795,149.5,1.316156110007536
bb_ipp_nonadaptive,wind,1796,149.58333333333337,1.3298352937844269
bb_ipp_nonadaptive,wind,1797,149.66666666666663,1.3449406726519602
bb_ipp_nonadaptive,wind,1798,149.75,1.3574146174705575
bb_ipp_nonadaptive,wind,1799,149.83333333333337,1.3668766589620367
bb_ipp_nonadaptive,wind,1800,149.91666666666663,1.377032963797023
bb_ipp_nonadaptive,wind,1801,150.0,1.380157764992606
bb_ipp_nonadaptive,wind,1802,150.08333333333337,1.3899152206409522
bb_ipp_nonadaptive,wind,1803,150.16666666666663,1.4090177035801508
bb_ipp_nonadaptive,wind,1804,150.25,1.427719184187411
bb_ipp_nonadaptive,wind,1805,150.33333333333337,1.4230238290882442
bb_ipp_nonadaptive,wind,1806,150.41666666666663,1.4358451615620316
bb_ipp_nonadaptive,wind,1807,150.5,1.482595060620532
bb_ipp_nonadaptive,wind,1808,150.58333333333337,1.4807266671230719
bb_ipp_nonadaptive,wind,1809,150.66666666666663,1.486713647727608
bb_ipp_nonadaptive,wind,1810,150.75,1.5057404397830907
bb_ipp_nonadaptive,wind,1811,150.83333333333337,1.5147278612673118
bb_ipp_nonadaptive,wind,1812,150.91666666666663,1.561330556152478
bb_ipp_nonadaptive,wind,1813,151.0,1.5510815623723615
bb_ipp_nonadaptive,wind,1814,151.08333333333337,1.5259706899340206
bb_ipp_nonadaptive,wind,1815,151.16666666666663,1.5373118983018
bb_ipp_nonadaptive,wind,1816,151.25,1.5702182851176383
bb_ipp_nonadaptive,wind,1817,151.33333333333337,1.5135451665367978
bb_ipp_nonadaptive,wind,1818,151.41666666666663,1.5327975461516623
bb_ipp_nonadaptive,wind,1819,151.5,1.4895277649137388
bb_ipp_nonadaptive,wind,1820,151.58333333333337,1.4902307393932561
bb_ipp_nonadaptive,wind,1821,151.66666666666663,1.4821326105466515
bb_ipp_nonadaptive,wind,1822,151.75,1.538289543404486
bb_ipp_nonadaptive,wind,1823,151.83333333333337,1.564052102245001
bb_ipp_nonadaptive,wind,1824,151.91666666666663,1.545168049795561
bb_ipp_nonadaptive,wind,1825,152.0,1.5206705603490525
bb_ipp_nonadaptive,wind,1826,152.08333333333337,1.5083064526491239
bb_ipp_nonadaptive,wind,1827,152.16666666666663,1.5019696075720244
bb_ipp_nonadaptive,wind,1828,152.25,1.4540070779508212
bb_ipp_nonadaptive,wind,1829,152.33333333333337,1.453276017069311
bb_ipp_nonadaptive,wind,1830,152.41666666666663,1.4318063317775487
bb_ipp_nonadaptive,wind,1831,152.5,1.3974595995678245
bb_ipp_nonadaptive,wind,1832,152.58333333333337,1.3833624048871618
bb_ipp_nonadaptive,wind,1833,152.66666666666663,1.3570807014950035
bb_ipp_nonadaptive,wind,1834,152.75,1.3502342906582179
bb_ipp_nonadaptive,wind,1835,152.83333333333337,1.3355348612715139
bb_ipp_nonadaptive,wind,1836,152.91666666666663,1.3283120430688067
bb_ipp_nonadaptive,wind,1837,153.0,1.283326637694042
bb_ipp_nonadaptive,wind,1838,153.08333333333337,1.265950488380947
bb_ipp_nonadaptive,wind,1839,153.16666666666663,1.2775903929431753
bb_ipp_nonadaptive,wind,1840,153.25,1.2887878316501422
bb_ipp_nonadaptive,wind,1841,153.33333333333337,1.2682677775383024
bb_ipp_nonadaptive,wind,1842,153.41666666666663,1.2597629712181522
bb_ipp_nonadaptive,wind,1843,153.5,1.264628158572179
bb_ipp_nonadaptive,wind,1844,153.58333333333337,1.2541930335082687
bb_ipp_nonadaptive,wind,1845,153.66666666666663,1.2759774821616106
bb_ipp_nonadaptive,wind,1846,153.75,1.2708613178658796
bb_ipp_nonadaptive,wind,1847,153.83333333333337,1.2651059107369402
bb_ipp_nonadaptive,wind,1848,153.91666666666663,1.2741911346630295
bb_ipp_nonadaptive,wind,1849,154.0,1.258139971249246
bb_ipp_nonadaptive,wind,1850,154.08333333333337,1.250862048275319
bb_ipp_nonadaptive,wind,1851,154.16666666666663,1.2415986473227623
bb_ipp_nonadaptive,wind,1852,154.25,1.230611713297097
bb_ipp_nonadaptive,wind,1853,154.33333333333337,1.2389038222638136
bb_ipp_nonadaptive,wind,1854,154.41666666666663,1.2220898083105443
bb_ipp_nonadaptive,wind,1855,154.5,1.22687172982388
bb_ipp_nonadaptive,wind,1856,154.58333333333337,1.2266743660039081
bb_ipp_nonadaptive,wind,1857,154.66666666666663,1.2149358104687344
bb_ipp_nonadaptive,wind,1858,154.75,1.208826675626434
bb_ipp_nonadaptive,wind,1859,154.83333333333337,1.21856347187632
bb_ipp_nonadaptive,wind,1860,154.91666666666663,1.2046546803360951
bb_ipp_nonadaptive,wind,1861,155.0,1.2111306365669305
bb_ipp_nonadaptive,wind,1862,155.08333333333337,1.2073726127856774
bb_ipp_nonadaptive,wind,1863,155.16666666666663,1.2339198208455704
bb_ipp_nonadaptive,wind,1864,155.25,1.2173902410544561
bb_ipp_nonadaptive,wind,1865,155.33333333333337,1.210177897454546
bb_ipp_nonadaptive,wind,1866,155.41666666666663,1.2317599382819
bb_ipp_nonadaptive,wind,1867,155.5,1.2290095205790226
bb_ipp_nonadaptive,wind,1868,155.58333333333337,1.2079824706962259
bb_ipp_nonadaptive,wind,1869,155.66666666666663,1.2060116345174867
bb_ipp_nonadaptive,wind,1870,155.75,1.211956189017434
bb_ipp_nonadaptive,wind,1871,155.83333333333337,1.2100507206564117
bb_ipp_nonadaptive,wind,1872,155.91666666666663,1.1988851494937842
bb_ipp_nonadaptive,wind,1873,156.0,1.1986675477610982
bb_ipp_nonadaptive,wind,1874,156.08333333333337,1.1915571758833308
bb_ipp_nonadaptive,wind,1875,156.16666666666663,1.193967341946145
bb_ipp_nonadaptive,wind,1876,156.25,1.2026225822260523
bb_ipp_nonadaptive,wind,1877,156.33333333333337,1.2025990900657841
bb_ipp_nonadaptive,wind,1878,156.41666666666663,1.1914450786380435
bb_ipp_nonadaptive,wind,1879,156.5,1.1861101025061578
bb_ipp_nonadaptive,wind,1880,156.58333333333337,1.1833305284788427
bb_ipp_nonadaptive,wind,1881,156.66666666666663,1.1856609101963649
bb_ipp_nonadaptive,wind,1882,156.75,1.1905004197762943
bb_ipp_nonadaptive,wind,1883,156.83333333333337,1.1873066075866647
bb_ipp_nonadaptive,wind,1884,156.91666666666663,1.1874704245079488
bb_ipp_nonadaptive,wind,1885,157.0,1.1867467400792688
bb_ipp_nonadaptive,wind,1886,157.08333333333337,1.1878071681754645
bb_ipp_nonadaptive,wind,1887,157.16666666666663,1.1903974452456922
bb_ipp_nonadaptive,wind,1888,157.25,1.1921292527883756
bb_ipp_nonadaptive,wind,1889,157.33333333333337,1.1909046581904286
bb_ipp_nonadaptive,wind,1890,157.41666666666663,1.1911841169388304
bb_ipp_nonadaptive,wind,1891,157.5,1.1924797469469084
bb_ipp_nonadaptive,wind,1892,157.58333333333337,1.1935502688580237
bb_ipp_nonadaptive,wind,1893,157.66666666666663,1.1945557004594398
bb_ipp_nonadaptive,wind,1894,157.75,1.1965024406584983
bb_ipp_nonadaptive,wind,1895,157.83333333333337,1.1995430045494098
bb_ipp_nonadaptive,wind,1896,157.91666666666663,1.1987728454629742
bb_ipp_nonadaptive,wind,1897,158.0,1.1992179188619154
bb_ipp_nonadaptive,wind,1898,158.08333333333337,1.1999675171698216
bb_ipp_nonadaptive,wind,1899,158.16666666666663,1.2013343811144508
bb_ipp_nonadaptive,wind,1900,158.25,1.2026935482540417
bb_ipp_nonadaptive,wind,1901,158.33333333333337,1.2062124071975355
bb_ipp_nonadaptive,wind,1902,158.41666666666663,1.208739950589584
bb_ipp_nonadaptive,wind,1903,158.5,1.211141969882238
bb_ipp_nonadaptive,wind,1904,158.58333333333337,1.2152283792921306
bb_ipp_nonadaptive,wind,1905,158.66666666666663,1.2111212994963065
bb_ipp_nonadaptive,wind,1906,158.75,1.2097824909432011
bb_ipp_nonadaptive,wind,1907,158.83333333333337,1.2124575235913033
bb_ipp_nonadaptive,wind,1908,158.91666666666663,1.2162200113941348
bb_ipp_nonadaptive,wind,1909,159.0,1.2278615947124583
bb_ipp_nonadaptive,wind,1910,159.08333333333337,1.2203549710848973
bb_ipp_nonadaptive,wind,1911,159.16666666666663,1.2222712370001494
bb_ipp_nonadaptive,wind,1912,159.25,1.23087125440835
bb_ipp_nonadaptive,wind,1913,159.33333333333337,1.2316261532976762
bb_ipp_nonadaptive,wind,1914,159.41666666666663,1.2365483160952229
bb_ipp_nonadaptive,wind,1915,159.5,1.2361860893835745
bb_ipp_nonadaptive,wind,1916,159.58333333333337,1.2390135606535155
bb_ipp_nonadaptive,wind,1917,159.66666666666663,1.255502488091865
bb_ipp_nonadaptive,wind,1918,159.75,1.2888923687540703
bb_ipp_nonadaptive,wind,1919,159.83333333333337,1.278188036523672
bb_ipp_nonadaptive,wind,1920,159.91666666666663,1.2911623544392496
bb_ipp_nonadaptive,wind,1921,160.0,1.2840847704771452
bb_ipp_nonadaptive,wind,1922,160.08333333333337,1.3021220301957306
bb_ipp_nonadaptive,wind,1923,160.16666666666663,1.312284798634287
bb_ipp_nonadaptive,wind,1924,160.25,1.3032814993842532
bb_ipp_nonadaptive,wind,1925,160.33333333333337,1.3187445119725192
bb_ipp_nonadaptive,wind,1926,160.41666666666663,1.323380372201842
bb_ipp_nonadaptive,wind,1927,160.5,1.33185445192371
bb_ipp_nonadaptive,wind,1928,160.58333333333337,1.3496276230391366
bb_ipp_nonadaptive,wind,1929,160.66666666666663,1.3561826284667935
bb_ipp_nonadaptive,wind,1930,160.75,1.3471282625952348
bb_ipp_nonadaptive,wind,1931,160.83333333333337,1.3268982973580485
bb_ipp_nonadaptive,wind,1932,160.91666666666663,1.3460300458744852
bb_ipp_nonadaptive,wind,1933,161.0,1.3134593274871122
bb_ipp_nonadaptive,wind,1934,161.08333333333337,1.3092487117788048
bb_ipp_nonadaptive,wind,1935,161.16666666666663,1.2737498314249107
bb_ipp_nonadaptive,wind,1936,161.25,1.2677628799310097
bb_ipp_nonadaptive,wind,1937,161.33333333333337,1.2635238669511633
bb_ipp_nonadaptive,wind,1938,161.41666666666663,1.2443294642611902
bb_ipp_nonadaptive,wind,1939,161.5,1.2544628129432709
bb_ipp_nonadaptive,wind,1940,161.58333333333337,1.2291325557927428
bb_ipp_nonadaptive,wind,1941,161.66666666666663,1.2301077774698315
bb_ipp_nonadaptive,wind,1942,161.75,1.2291434925584996
bb_ipp_nonadaptive,wind,1943,161.83333333333337,1.2177775880316852
bb_ipp_nonadaptive,wind,1944,161.91666666666663,1.2206038926545868
bb_ipp_nonadaptive,wind,1945,162.0,1.204509629950044
bb_ipp_nonadaptive,wind,1946,162.08333333333337,1.1900297613469168
bb_ipp_nonadaptive,wind,1947,162.16666666666663,1.1882056300536756
bb_ipp_nonadaptive,wind,1948,162.25,1.1743309371264903
bb_ipp_nonadaptive,wind,1949,162.33333333333337,1.170861967596063
bb_ipp_nonadaptive,wind,1950,162.41666666666663,1.1671416187693842
bb_ipp_nonadaptive,wind,1951,162.5,1.1661212200827116
bb_ipp_nonadaptive,wind,1952,162.58333333333337,1.1574312175182075
bb_ipp_nonadaptive,wind,1953,162.66666666666663,1.1536080930912316
bb_ipp_nonadaptive,wind,1954,162.75,1.1499681278175342
bb_ipp_nonadaptive,wind,1955,162.83333333333337,1.1522533329911704
bb_ipp_nonadaptive,wind,1956,162.91666666666663,1.153069208947373
bb_ipp_nonadaptive,wind,1957,163.0,1.1526263816734754
bb_ipp_nonadaptive,wind,1958,163.08333333333337,1.1500721689158693
bb_ipp_nonadaptive,wind,1959,163.16666666666663,1.1466763697683897
bb_ipp_nonadaptive,wind,1960,163.25,1.146143283116784
bb_ipp_nonadaptive,wind,1961,163.33333333333337,1.147109984963721
bb_ipp_nonadaptive,wind,1962,163.41666666666663,1.1475000198602285
bb_ipp_nonadaptive,wind,1963,163.5,1.1481823253133516
bb_ipp_nonadaptive,wind,1964,163.58333333333337,1.151969681405008
bb_ipp_nonadaptive,wind,1965,163.66666666666663,1.151040199921127
bb_ipp_nonadaptive,wind,1966,163.75,1.1515607903475649
bb_ipp_nonadaptive,wind,1967,163.83333333333337,1.1528703144038233
bb_ipp_nonadaptive,wind,1968,163.91666666666663,1.1528655228945053
bb_ipp_nonadaptive,wind,1969,164.0,1.1529646794832276
bb_ipp_nonadaptive,wind,1970,164.08333333333337,1.1539385603077905
bb_ipp_nonadaptive,wind,1971,164.16666666666663,1.1553028937879959
bb_ipp_nonadaptive,wind,1972,164.25,1.1579225869549223
bb_ipp_nonadaptive,wind,1973,164.33333333333337,1.1623549730749534
bb_ipp_nonadaptive,wind,1974,164.41666666666663,1.162912774022547
bb_ipp_nonadaptive,wind,1975,164.5,1.1649121255689845
bb_ipp_nonadaptive,wind,1976,164.58333333333337,1.1641848029968547
bb_ipp_nonadaptive,wind,1977,164.66666666666663,1.166340586481549
bb_ipp_nonadaptive,wind,1978,164.75,1.1654143767653575
bb_ipp_nonadaptive,wind,1979,164.83333333333337,1.1682796444023036
bb_ipp_nonadaptive,wind,1980,164.91666666666663,1.1705374354751596
bb_ipp_nonadaptive,wind,1981,165.0,1.170875270491861
bb_ipp_nonadaptive,wind,1982,165.08333333333337,1.1700802414789804
bb_ipp_nonadaptive,wind,1983,165.16666666666663,1.172315957333389
bb_ipp_nonadaptive,wind,1984,165.25,1.1739454361798296
bb_ipp_nonadaptive,wind,1985,165.33333333333337,1.1766692548754432
bb_ipp_nonadaptive,wind,1986,165.41666666666663,1.175445480656864
bb_ipp_nonadaptive,wind,1987,165.5,1.1764601217796884
bb_ipp_nonadaptive,wind,1988,165.58333333333337,1.184989902018754
bb_ipp_nonadaptive,wind,1989,165.66666666666663,1.1824612500586507
bb_ipp_nonadaptive,wind,1990,165.75,1.1809578910248557
bb_ipp_nonadaptive,wind,1991,165.83333333333337,1.1821573068771203
bb_ipp_nonadaptive,wind,1992,165.91666666666663,1.184810263707989
bb_ipp_nonadaptive,wind,1993,166.0,1.1841095492564084
bb_ipp_nonadaptive,wind,1994,166.08333333333337,1.1870089792360499
bb_ipp_nonadaptive,wind,1995,166.16666666666663,1.1889151005850436
bb_ipp_nonadaptive,wind,1996,166.25,1.192690028932852
bb_ipp_nonadaptive,wind,1997,166.33333333333337,1.1927667522587477
bb_ipp_nonadaptive,wind,1998,166.41666666666663,1.1937802311758958
bb_ipp_nonadaptive,wind,1999,166.5,1.19335181751301
bb_ipp_nonadaptive,wind,2000,166.58333333333337,1.196455920190933
bb_ipp_nonadaptive,wind,2001,166.66666666666663,1.1969237802414632
bb_ipp_nonadaptive,wind,2002,166.75,1.1974686410367714
bb_ipp_nonadaptive,wind,2003,166.83333333333337,1.201954098287283
bb_ipp_nonadaptive,wind,2004,166.91666666666663,1.2010248801398404
bb_ipp_nonadaptive,wind,2005,167.0,1.2024770024221976
bb_ipp_nonadaptive,wind,2006,167.08333333333337,1.2032571685832283
bb_ipp_nonadaptive,wind,2007,167.16666666666663,1.2086399945623765
bb_ipp_nonadaptive,wind,2008,167.25,1.2135978659611353
bb_ipp_nonadaptive,wind,2009,167.33333333333337,1.2233683139813771
bb_ipp_nonadaptive,wind,2010,167.41666666666663,1.22461947115888
bb_ipp_nonadaptive,wind,2011,167.5,1.2271533656157114
bb_ipp_nonadaptive,wind,2012,167.58333333333337,1.2203474089104984
bb_ipp_nonadaptive,wind,2013,167.66666666666663,1.2257843100325745
bb_ipp_nonadaptive,wind,2014,167.75,1.2223496381538246
bb_ipp_nonadaptive,wind,2015,167.83333333333337,1.2149130983323473
bb_ipp_nonadaptive,wind,2016,167.91666666666663,1.2205699671932315
bb_ipp_nonadaptive,wind,2017,168.0,1.2175155867603535
bb_ipp_nonadaptive,wind,2018,168.08333333333337,1.2224311019024252
bb_ipp_nonadaptive,wind,2019,168.16666666666663,1.2302351000732388
bb_ipp_nonadaptive,wind,2020,168.25,1.2340494475982418
bb_ipp_nonadaptive,wind,2021,168.33333333333337,1.2419112518474416
bb_ipp_nonadaptive,wind,2022,168.41666666666663,1.241661920108493
bb_ipp_nonadaptive,wind,2023,168.5,1.242438951699675
bb_ipp_nonadaptive,wind,2024,168.58333333333337,1.2318972198711422
bb_ipp_nonadaptive,wind,2025,168.66666666666663,1.2413058226995115
bb_ipp_nonadaptive,wind,2026,168.75,1.2360512465814733
bb_ipp_nonadaptive,wind,2027,168.83333333333337,1.2361478767115237
bb_ipp_nonadaptive,wind,2028,168.91666666666663,1.2408663820756767
bb_ipp_nonadaptive,wind,2029,169.0,1.2309419386787146
bb_ipp_nonadaptive,wind,2030,169.08333333333337,1.2303995685344917
bb_ipp_nonadaptive,wind,2031,169.16666666666663,1.2395071325210332
bb_ipp_nonadaptive,wind,2032,169.25,1.2362768733163216
bb_ipp_nonadaptive,wind,2033,169.33333333333337,1.2305792649454241
bb_ipp_nonadaptive,wind,2034,169.41666666666663,1.2303042369502657
bb_ipp_nonadaptive,wind,2035,169.5,1.2259617311319175
bb_ipp_nonadaptive,wind,2036,169.58333333333337,1.226674925405261
bb_ipp_nonadaptive,wind,2037,169.66666666666663,1.228759863032665
bb_ipp_nonadaptive,wind,2038,169.75,1.228948828331566
bb_ipp_nonadaptive,wind,2039,169.83333333333337,1.2358457047234732
bb_ipp_nonadaptive,wind,2040,169.91666666666663,1.2488835618634098
bb_ipp_nonadaptive,wind,2041,170.0,1.2516256484029706
bb_ipp_nonadaptive,wind,2042,170.08333333333337,1.2654987953109236
bb_ipp_nonadaptive,wind,2043,170.16666666666663,1.2770821645493078
bb_ipp_nonadaptive,wind,2044,170.25,1.3065666493202364
bb_ipp_nonadaptive,wind,2045,170.33333333333337,1.3112879571108917
bb_ipp_nonadaptive,wind,2046,170.41666666666663,1.3321335080373862
bb_ipp_nonadaptive,wind,2047,170.5,1.3236124016074915
bb_ipp_nonadaptive,wind,2048,170.58333333333337,1.3730758732879547
bb_ipp_nonadaptive,wind,2049,170.66666666666663,1.388171652560336
bb_ipp_nonadaptive,wind,2050,170.75,1.4101627377710724
bb_ipp_nonadaptive,wind,2051,170.83333333333337,1.4215873914083892
bb_ipp_nonadaptive,wind,2052,170.91666666666663,1.4526284569884693
bb_ipp_nonadaptive,wind,2053,171.0,1.4627982406452658
bb_ipp_nonadaptive,wind,2054,171.08333333333337,1.4804518387323167
bb_ipp_nonadaptive,wind,2055,171.16666666666663,1.4794457635245855
bb_ipp_nonadaptive,wind,2056,171.25,1.473481740159359
bb_ipp_nonadaptive,wind,2057,171.33333333333337,1.4863821442596192
bb_ipp_nonadaptive,wind,2058,171.41666666666663,1.532754991956051
bb_ipp_nonadaptive,wind,2059,171.5,1.512194607314161
bb_ipp_nonadaptive,wind,2060,171.58333333333337,1.537550920985423
bb_ipp_nonadaptive,wind,2061,171.66666666666663,1.5012966504622731
bb_ipp_nonadaptive,wind,2062,171.75,1.512624694041628
bb_ipp_nonadaptive,wind,2063,171.83333333333337,1.4886479939739565
bb_ipp_nonadaptive,wind,2064,171.91666666666663,1.5083249747243843
bb_ipp_nonadaptive,wind,2065,172.0,1.4902311203708363
bb_ipp_nonadaptive,wind,2066,172.08333333333337,1.4915661063009953
bb_ipp_nonadaptive,wind,2067,172.16666666666663,1.4888629970056024
bb_ipp_nonadaptive,wind,2068,172.25,1.4740002629458961
bb_ipp_nonadaptive,wind,2069,172.33333333333337,1.4836649531945636
bb_ipp_nonadaptive,wind,2070,172.41666666666663,1.4584717115226709
bb_ipp_nonadaptive,wind,2071,172.5,1.4016830559615685
bb_ipp_nonadaptive,wind,2072,172.58333333333337,1.40828871632133
bb_ipp_nonadaptive,wind,2073,172.66666666666663,1.3500873697981446
bb_ipp_nonadaptive,wind,2074,172.75,1.3636983518165962
bb_ipp_nonadaptive,wind,2075,172.83333333333337,1.3826596054218283
bb_ipp_nonadaptive,wind,2076,172.91666666666663,1.3400061053223689
bb_ipp_nonadaptive,wind,2077,173.0,1.2937811266297587
bb_ipp_nonadaptive,wind,2078,173.08333333333337,1.2828967941683287
bb_ipp_nonadaptive,wind,2079,173.16666666666663,1.2688661033411754
bb_ipp_nonadaptive,wind,2080,173.25,1.290628317557066
bb_ipp_nonadaptive,wind,2081,173.33333333333337,1.2645370054456457
bb_ipp_nonadaptive,wind,2082,173.41666666666663,1.2354901805518623
bb_ipp_nonadaptive,wind,2083,173.5,1.2136132822029702
bb_ipp_nonadaptive,wind,2084,173.58333333333337,1.2190140668066467
bb_ipp_nonadaptive,wind,2085,173.66666666666663,1.2119243821820471
bb_ipp_nonadaptive,wind,2086,173.75,1.1811598141440647
bb_ipp_nonadaptive,wind,2087,173.83333333333337,1.2009681742909528
bb_ipp_nonadaptive,wind,2088,173.91666666666663,1.195959763177193
bb_ipp_nonadaptive,wind,2089,174.0,1.200699790191985
bb_ipp_nonadaptive,wind,2090,174.08333333333337,1.1982654615188746
bb_ipp_nonadaptive,wind,2091,174.16666666666663,1.1722054282327095
bb_ipp_nonadaptive,wind,2092,174.25,1.1628364151571395
bb_ipp_nonadaptive,wind,2093,174.33333333333337,1.1520215927578283
bb_ipp_nonadaptive,wind,2094,174.41666666666663,1.164493202024213
bb_ipp_nonadaptive,wind,2095,174.5,1.1663512601950003
bb_ipp_nonadaptive,wind,2096,174.58333333333337,1.1582119186256585
bb_ipp_nonadaptive,wind,2097,174.66666666666663,1.1670783284210313
bb_ipp_nonadaptive,wind,2098,174.75,1.1704652170869847
bb_ipp_nonadaptive,wind,2099,174.83333333333337,1.1619698583834857
bb_ipp_nonadaptive,wind,2100,174.91666666666663,1.1640297334689576
bb_ipp_nonadaptive,wind,2101,175.0,1.1698422722978419
bb_ipp_nonadaptive,wind,2102,175.08333333333337,1.164398526241182
bb_ipp_nonadaptive,wind,2103,175.16666666666663,1.163497150572023
bb_ipp_nonadaptive,wind,2104,175.25,1.176829769246056
bb_ipp_nonadaptive,wind,2105,175.33333333333337,1.1687051099167136
bb_ipp_nonadaptive,wind,2106,175.41666666666663,1.1672134329911843
bb_ipp_nonadaptive,wind,2107,175.5,1.1668309762817963
bb_ipp_nonadaptive,wind,2108,175.58333333333337,1.165065533935053
bb_ipp_nonadaptive,wind,2109,175.66666666666663,1.1519413767447169
bb_ipp_nonadaptive,wind,2110,175.75,1.156426965436909
bb_ipp_nonadaptive,wind,2111,175.83333333333337,1.163777337736564
bb_ipp_nonadaptive,wind,2112,175.91666666666663,1.1602198997146942
bb_ipp_nonadaptive,wind,2113,176.0,1.1586515151936938
bb_ipp_nonadaptive,wind,2114,176.08333333333337,1.1673388586777074
bb_ipp_nonadaptive,wind,2115,176.16666666666663,1.1679815991819802
bb_ipp_nonadaptive,wind,2116,176.25,1.1783814092586926
bb_ipp_nonadaptive,wind,2117,176.33333333333337,1.1775911702898447
bb_ipp_nonadaptive,wind,2118,176.41666666666663,1.1717485880012908
bb_ipp_nonadaptive,wind,2119,176.5,1.1687892046626225
bb_ipp_nonadaptive,wind,2120,176.58333333333337,1.1632030724263045
bb_ipp_nonadaptive,wind,2121,176.66666666666663,1.1755268545631012
bb_ipp_nonadaptive,wind,2122,176.75,1.1746710645095508
bb_ipp_nonadaptive,wind,2123,176.83333333333337,1.1826921384986313
bb_ipp_nonadaptive,wind,2124,176.91666666666663,1.1819010753492414
bb_ipp_nonadaptive,wind,2125,177.0,1.180511247081727
bb_ipp_nonadaptive,wind,2126,177.08333333333337,1.1840731436438987
bb_ipp_nonadaptive,wind,2127,177.16666666666663,1.1805077515146196
bb_ipp_nonadaptive,wind,2128,177.25,1.190203285853079
bb_ipp_nonadaptive,wind,2129,177.33333333333337,1.1863652779317115
bb_ipp_nonadaptive,wind,2130,177.41666666666663,1.1799688204179228
bb_ipp_nonadaptive,wind,2131,177.5,1.178070441564988
bb_ipp_nonadaptive,wind,2132,177.58333333333337,1.1758652087247317
bb_ipp_nonadaptive,wind,2133,177.66666666666663,1.1710763441337277
bb_ipp_nonadaptive,wind,2134,177.75,1.173526455462035
bb_ipp_nonadaptive,wind,2135,177.83333333333337,1.1734132645501616
bb_ipp_nonadaptive,wind,2136,177.91666666666663,1.1757591419537725
bb_ipp_nonadaptive,wind,2137,178.0,1.1813162242686643
bb_ipp_nonadaptive,wind,2138,178.08333333333337,1.183001318391555
bb_ipp_nonadaptive,wind,2139,178.16666666666663,1.1812665851413249
bb_ipp_nonadaptive,wind,2140,178.25,1.1759999727697998
bb_ipp_nonadaptive,wind,2141,178.33333333333337,1.17143039064301
bb_ipp_nonadaptive,wind,2142,178.41666666666663,1.1704372382633201
bb_ipp_nonadaptive,wind,2143,178.5,1.1697619379477373
bb_ipp_nonadaptive,wind,2144,178.58333333333337,1.1718958989779016
bb_ipp_nonadaptive,wind,2145,178.66666666666663,1.1743871909244072
bb_ipp_nonadaptive,wind,2146,178.75,1.1799417107805563
bb_ipp_nonadaptive,wind,2147,178.83333333333337,1.1832318737731637
bb_ipp_nonadaptive,wind,2148,178.91666666666663,1.1816665931344732
bb_ipp_nonadaptive,wind,2149,179.0,1.1845983223988674
bb_ipp_nonadaptive,wind,2150,179.08333333333337,1.185673766102947
bb_ipp_nonadaptive,wind,2151,179.16666666666663,1.1890041831096039
bb_ipp_nonadaptive,wind,2152,179.25,1.191024492398265
bb_ipp_nonadaptive,wind,2153,179.33333333333337,1.1877202078625375
bb_ipp_nonadaptive,wind,2154,179.41666666666663,1.1888951201176852
bb_ipp_nonadaptive,wind,2155,179.5,1.1977040523315232
bb_ipp_nonadaptive,wind,2156,179.58333333333337,1.2074972750864241
bb_ipp_nonadaptive,wind,2157,179.66666666666663,1.2048452956177362
bb_ipp_nonadaptive,wind,2158,179.75,1.2001548343106296
bb_ipp_nonadaptive,wind,2159,179.83333333333337,1.193886690929978
bb_ipp_nonadaptive,wind,2160,179.91666666666663,1.1996434627686283
bb_ipp_nonadaptive,wind,2161,180.0,1.200645283707773
bb_ipp_nonadaptive,wind,2162,180.08333333333337,1.1977914597687453
bb_ipp_nonadaptive,wind,2163,180.16666666666663,1.1941575973470306
bb_ipp_nonadaptive,wind,2164,180.25,1.194088294561658
bb_ipp_nonadaptive,wind,2165,180.33333333333337,1.1973369177993116
bb_ipp_nonadaptive,wind,2166,180.41666666666663,1.197966579139025
bb_ipp_nonadaptive,wind,2167,180.5,1.1973681325466357
bb_ipp_nonadaptive,wind,2168,180.58333333333337,1.2001614369972617
bb_ipp_nonadaptive,wind,2169,180.66666666666663,1.2066245823686628
bb_ipp_nonadaptive,wind,2170,180.75,1.2152582089301942
bb_ipp_nonadaptive,wind,2171,180.83333333333337,1.2120744623730937
bb_ipp_nonadaptive,wind,2172,180.91666666666663,1.2053209960061768
bb_ipp_nonadaptive,wind,2173,181.0,1.2042049334069806
bb_ipp_nonadaptive,wind,2174,181.08333333333337,1.2075173428640456
bb_ipp_nonadaptive,wind,2175,181.16666666666663,1.2112210760833262
bb_ipp_nonadaptive,wind,2176,181.25,1.2121121832980688
bb_ipp_nonadaptive,wind,2177,181.33333333333337,1.21508423729361
bb_ipp_nonadaptive,wind,2178,181.41666666666663,1.217370796204055
bb_ipp_nonadaptive,wind,2179,181.5,1.2120381695647566
bb_ipp_nonadaptive,wind,2180,181.58333333333337,1.2177678408615
bb_ipp_nonadaptive,wind,2181,181.66666666666663,1.216027964172855
bb_ipp_nonadaptive,wind,2182,181.75,1.222430085891748
bb_ipp_nonadaptive,wind,2183,181.83333333333337,1.2158177779640802
bb_ipp_nonadaptive,wind,2184,181.91666666666663,1.215943790299392
bb_ipp_nonadaptive,wind,2185,182.0,1.2174729894918708
bb_ipp_nonadaptive,wind,2186,182.08333333333337,1.2186645908937779
bb_ipp_nonadaptive,wind,2187,182.16666666666663,1.2180993318420783
bb_ipp_nonadaptive,wind,2188,182.25,1.211471448511219
bb_ipp_nonadaptive,wind,2189,182.33333333333337,1.2187479142824038
bb_ipp_nonadaptive,wind,2190,182.41666666666663,1.2172489071520205
bb_ipp_nonadaptive,wind,2191,182.5,1.21350143939708
bb_ipp_nonadaptive,wind,2192,182.58333333333337,1.2200307863765005
bb_ipp_nonadaptive,wind,2193,182.66666666666663,1.2236396003594794
bb_ipp_nonadaptive,wind,2194,182.75,1.2188764223248878
bb_ipp_nonadaptive,wind,2195,182.83333333333337,1.2213318361233332
bb_ipp_nonadaptive,wind,2196,182.91666666666663,1.2239015309475736
bb_ipp_nonadaptive,wind,2197,183.0,1.2277653063258043
bb_ipp_nonadaptive,wind,2198,183.08333333333337,1.2312223559890172
bb_ipp_nonadaptive,wind,2199,183.16666666666663,1.2292299352017435
bb_ipp_nonadaptive,wind,2200,183.25,1.2352179251888822
bb_ipp_nonadaptive,wind,2201,183.33333333333337,1.2304207309757205
bb_ipp_nonadaptive,wind,2202,183.41666666666663,1.2291083923842994
bb_ipp_nonadaptive,wind,2203,183.5,1.2339752742246224
bb_ipp_nonadaptive,wind,2204,183.58333333333337,1.2372992236752165
bb_ipp_nonadaptive,wind,2205,183.66666666666663,1.2284317065987804
bb_ipp_nonadaptive,wind,2206,183.75,1.2291780083467794
bb_ipp_nonadaptive,wind,2207,183.83333333333337,1.2300326068373089
bb_ipp_nonadaptive,wind,2208,183.91666666666663,1.2334407058425219
bb_ipp_nonadaptive,wind,2209,184.0,1.2292179763410296
bb_ipp_nonadaptive,wind,2210,184.08333333333337,1.230948444292552
bb_ipp_nonadaptive,wind,2211,184.16666666666663,1.2349425093903157
bb_ipp_nonadaptive,wind,2212,184.25,1.2336011761985664
bb_ipp_nonadaptive,wind,2213,184.33333333333337,1.234890386550189
bb_ipp_nonadaptive,wind,2214,184.41666666666663,1.2354088860466057
bb_ipp_nonadaptive,wind,2215,184.5,1.2348203009862935
bb_ipp_nonadaptive,wind,2216,184.58333333333337,1.2443437651167877
bb_ipp_nonadaptive,wind,2217,184.66666666666663,1.241943649890789
bb_ipp_nonadaptive,wind,2218,184.75,1.243063651843792
bb_ipp_nonadaptive,wind,2219,184.83333333333337,1.2424139130028995
bb_ipp_nonadaptive,wind,2220,184.91666666666663,1.2548711357080395
bb_ipp_nonadaptive,wind,2221,185.0,1.2503215808736658
bb_ipp_nonadaptive,wind,2222,185.08333333333337,1.2571438143764664
bb_ipp_nonadaptive,wind,2223,185.16666666666663,1.2564973972350604
bb_ipp_nonadaptive,wind,2224,185.25,1.2553952507243067
bb_ipp_nonadaptive,wind,2225,185.33333333333337,1.2573390538591278
bb_ipp_nonadaptive,wind,2226,185.41666666666663,1.2633751276398704
bb_ipp_nonadaptive,wind,2227,185.5,1.266801168420674
bb_ipp_nonadaptive,wind,2228,185.58333333333337,1.2684252598057077
bb_ipp_nonadaptive,wind,2229,185.66666666666663,1.2635119135144701
bb_ipp_nonadaptive,wind,2230,185.75,1.263525762791616
bb_ipp_nonadaptive,wind,2231,185.83333333333337,1.2603381781510046
bb_ipp_nonadaptive,wind,2232,185.91666666666663,1.2608042836978814
bb_ipp_nonadaptive,wind,2233,186.0,1.2576118136962977
bb_ipp_nonadaptive,wind,2234,186.08333333333337,1.2543233395280566
bb_ipp_nonadaptive,wind,2235,186.16666666666663,1.258619424942603
bb_ipp_nonadaptive,wind,2236,186.25,1.2543587005043868
bb_ipp_nonadaptive,wind,2237,186.33333333333337,1.2620767854276889
bb_ipp_nonadaptive,wind,2238,186.41666666666663,1.266519781947121
bb_ipp_nonadaptive,wind,2239,186.5,1.2673961200821713
bb_ipp_nonadaptive,wind,2240,186.58333333333337,1.271213849441913
bb_ipp_nonadaptive,wind,2241,186.66666666666663,1.2724614656671078
bb_ipp_nonadaptive,wind,2242,186.75,1.2827959046302633
bb_ipp_nonadaptive,wind,2243,186.83333333333337,1.2829497106532988
bb_ipp_nonadaptive,wind,2244,186.91666666666663,1.278939447385698
bb_ipp_nonadaptive,wind,2245,187.0,1.2740538246428383
bb_ipp_nonadaptive,wind,2246,187.08333333333337,1.2698468099317992
bb_ipp_nonadaptive,wind,2247,187.16666666666663,1.2705660569240171
bb_ipp_nonadaptive,wind,2248,187.25,1.2702981861454488
bb_ipp_nonadaptive,wind,2249,187.33333333333337,1.276889961587958
bb_ipp_nonadaptive,wind,2250,187.41666666666663,1.2814715238696008
bb_ipp_nonadaptive,wind,2251,187.5,1.2852711255312552
bb_ipp_nonadaptive,wind,2252,187.58333333333337,1.2841200445221337
bb_ipp_nonadaptive,wind,2253,187.66666666666663,1.281878575689133
bb_ipp_nonadaptive,wind,2254,187.75,1.2781924515384298
bb_ipp_nonadaptive,wind,2255,187.83333333333337,1.2787550784390336
bb_ipp_nonadaptive,wind,2256,187.91666666666663,1.280358734463794
bb_ipp_nonadaptive,wind,2257,188.0,1.277611656657152
bb_ipp_nonadaptive,wind,2258,188.08333333333337,1.2814522786908282
bb_ipp_nonadaptive,wind,2259,188.16666666666663,1.2801881374481128
bb_ipp_nonadaptive,wind,2260,188.25,1.2787706241261645
bb_ipp_nonadaptive,wind,2261,188.33333333333337,1.2757232652431592
bb_ipp_nonadaptive,wind,2262,188.41666666666663,1.2755490563938703
bb_ipp_nonadaptive,wind,2263,188.5,1.2780387083741136
bb_ipp_nonadaptive,wind,2264,188.58333333333337,1.2816720699114756
bb_ipp_nonadaptive,wind,2265,188.66666666666663,1.2775248280272409
bb_ipp_nonadaptive,wind,2266,188.75,1.2817827510768012
bb_ipp_nonadaptive,wind,2267,188.83333333333337,1.288577252063172
bb_ipp_nonadaptive,wind,2268,188.91666666666663,1.2828295887680297
bb_ipp_nonadaptive,wind,2269,189.0,1.283006466531578
bb_ipp_nonadaptive,wind,2270,189.08333333333337,1.2831763387384707
bb_ipp_nonadaptive,wind,2271,189.16666666666663,1.2822427244998031
bb_ipp_nonadaptive,wind,2272,189.25,1.2847135926812696
bb_ipp_nonadaptive,wind,2273,189.33333333333337,1.2891971204584767
bb_ipp_nonadaptive,wind,2274,189.41666666666663,1.28553336490883
bb_ipp_nonadaptive,wind,2275,189.5,1.2929630953049083
bb_ipp_nonadaptive,wind,2276,189.58333333333337,1.2932198274749036
bb_ipp_nonadaptive,wind,2277,189.66666666666663,1.2978857933502874
bb_ipp_nonadaptive,wind,2278,189.75,1.2942143153099235
bb_ipp_nonadaptive,wind,2279,189.83333333333337,1.2984311616524615
bb_ipp_nonadaptive,wind,2280,189.91666666666663,1.293745373856607
bb_ipp_nonadaptive,wind,2281,190.0,1.2921350364709163
bb_ipp_nonadaptive,wind,2282,190.08333333333337,1.2894455370398372
bb_ipp_nonadaptive,wind,2283,190.16666666666663,1.2876387476751139
bb_ipp_nonadaptive,wind,2284,190.25,1.2849938881899072
bb_ipp_nonadaptive,wind,2285,190.33333333333337,1.2868568181561604
bb_ipp_nonadaptive,wind,2286,190.41666666666663,1.294399137865034
bb_ipp_nonadaptive,wind,2287,190.5,1.2966679443516094
bb_ipp_nonadaptive,wind,2288,190.58333333333337,1.29202747778173
bb_ipp_nonadaptive,wind,2289,190.66666666666663,1.293024412230844
bb_ipp_nonadaptive,wind,2290,190.75,1.297163591652257
bb_ipp_nonadaptive,wind,2291,190.83333333333337,1.3015430888004473
bb_ipp_nonadaptive,wind,2292,190.91666666666663,1.301092905371217
bb_ipp_nonadaptive,wind,2293,191.0,1.3070129259209176
bb_ipp_nonadaptive,wind,2294,191.08333333333337,1.303803221065223
bb_ipp_nonadaptive,wind,2295,191.16666666666663,1.3052823462194107
bb_ipp_nonadaptive,wind,2296,191.25,1.3080457980944498
bb_ipp_nonadaptive,wind,2297,191.33333333333337,1.3037917872172224
bb_ipp_nonadaptive,wind,2298,191.41666666666663,1.3031838188443265
bb_ipp_nonadaptive,wind,2299,191.5,1.3050732154493585
bb_ipp_nonadaptive,wind,2300,191.58333333333337,1.307764859453398
bb_ipp_nonadaptive,wind,2301,191.66666666666663,1.3162309309370264
bb_ipp_nonadaptive,wind,2302,191.75,1.3165714952192913
bb_ipp_nonadaptive,wind,2303,191.83333333333337,1.3142786350813997
bb_ipp_nonadaptive,wind,2304,191.91666666666663,1.3107941993509662
bb_ipp_nonadaptive,wind,2305,192.0,1.312598458296949
bb_ipp_nonadaptive,wind,2306,192.08333333333337,1.3096287252220644
bb_ipp_nonadaptive,wind,2307,192.16666666666663,1.3109363511810646
bb_ipp_nonadaptive,wind,2308,192.25,1.3080921427721992
bb_ipp_nonadaptive,wind,2309,192.33333333333337,1.3073145559884822
bb_ipp_nonadaptive,wind,2310,192.41666666666663,1.3079436237826383
bb_ipp_nonadaptive,wind,2311,192.5,1.307605558125964
bb_ipp_nonadaptive,wind,2312,192.58333333333337,1.312020702637046
bb_ipp_nonadaptive,wind,2313,192.66666666666663,1.3126746868533705
bb_ipp_nonadaptive,wind,2314,192.75,1.315983330532647
bb_ipp_nonadaptive,wind,2315,192.83333333333337,1.3188873118923041
bb_ipp_nonadaptive,wind,2316,192.91666666666663,1.3179563641849212
bb_ipp_nonadaptive,wind,2317,193.0,1.31823540852202
bb_ipp_nonadaptive,wind,2318,193.08333333333337,1.317392601518406
bb_ipp_nonadaptive,wind,2319,193.16666666666663,1.3143172599611568
bb_ipp_nonadaptive,wind,2320,193.25,1.3177795018521286
bb_ipp_nonadaptive,wind,2321,193.33333333333337,1.3185645061263769
bb_ipp_nonadaptive,wind,2322,193.41666666666663,1.3217829825058767
bb_ipp_nonadaptive,wind,2323,193.5,1.322531716617372
bb_ipp_nonadaptive,wind,2324,193.58333333333337,1.325551074998381
bb_ipp_nonadaptive,wind,2325,193.66666666666663,1.3242253482612678
bb_ipp_nonadaptive,wind,2326,193.75,1.329016083293249
bb_ipp_nonadaptive,wind,2327,193.83333333333337,1.325507252214208
bb_ipp_nonadaptive,wind,2328,193.91666666666663,1.3233801752571308
bb_ipp_nonadaptive,wind,2329,194.0,1.3255708911284452
bb_ipp_nonadaptive,wind,2330,194.08333333333337,1.3254538772709963
bb_ipp_nonadaptive,wind,2331,194.16666666666663,1.3277351985998052
bb_ipp_nonadaptive,wind,2332,194.25,1.3281818314178477
bb_ipp_nonadaptive,wind,2333,194.33333333333337,1.3315827149060289
bb_ipp_nonadaptive,wind,2334,194.41666666666663,1.3275572207268034
bb_ipp_nonadaptive,wind,2335,194.5,1.327571010093585
bb_ipp_nonadaptive,wind,2336,194.58333333333337,1.3315715718472716
bb_ipp_nonadaptive,wind,2337,194.66666666666663,1.3301375558723723
bb_ipp_nonadaptive,wind,2338,194.75,1.3266067975246578
bb_ipp_nonadaptive,wind,2339,194.83333333333337,1.3218142629073124
bb_ipp_nonadaptive,wind,2340,194.91666666666663,1.333414137757438
bb_ipp_nonadaptive,wind,2341,195.0,1.329719454521179
bb_ipp_nonadaptive,wind,2342,195.08333333333337,1.3217145943858708
bb_ipp_nonadaptive,wind,2343,195.16666666666663,1.3303684437896224
bb_ipp_nonadaptive,wind,2344,195.25,1.3339496933886565
bb_ipp_nonadaptive,wind,2345,195.33333333333337,1.332831386341178
bb_ipp_nonadaptive,wind,2346,195.41666666666663,1.3167609024130156
bb_ipp_nonadaptive,wind,2347,195.5,1.3236384645531265
bb_ipp_nonadaptive,wind,2348,195.58333333333337,1.3176659944805953
bb_ipp_nonadaptive,wind,2349,195.66666666666663,1.3246349413948224
bb_ipp_nonadaptive,wind,2350,195.75,1.3221833401446688
bb_ipp_nonadaptive,wind,2351,195.83333333333337,1.3220082788899394
bb_ipp_nonadaptive,wind,2352,195.91666666666663,1.3155481566345177
bb_ipp_nonadaptive,wind,2353,196.0,1.3209464018795665
bb_ipp_nonadaptive,wind,2354,196.08333333333337,1.3307381392480475
bb_ipp_nonadaptive,wind,2355,196.16666666666663,1.3303172181279854
bb_ipp_nonadaptive,wind,2356,196.25,1.3209384370517607
bb_ipp_nonadaptive,wind,2357,196.33333333333337,1.318254705053978
bb_ipp_nonadaptive,wind,2358,196.41666666666663,1.319982756271104
bb_ipp_nonadaptive,wind,2359,196.5,1.31941879173825
bb_ipp_nonadaptive,wind,2360,196.58333333333337,1.3197992695486371
bb_ipp_nonadaptive,wind,2361,196.66666666666663,1.319447964022626
bb_ipp_nonadaptive,wind,2362,196.75,1.3256702540339382
bb_ipp_nonadaptive,wind,2363,196.83333333333337,1.321174384712099
bb_ipp_nonadaptive,wind,2364,196.91666666666663,1.3221859711807438
bb_ipp_nonadaptive,wind,2365,197.0,1.326219651877032
bb_ipp_nonadaptive,wind,2366,197.08333333333337,1.3261877574460417
bb_ipp_nonadaptive,wind,2367,197.16666666666663,1.3263111477417058
bb_ipp_nonadaptive,wind,2368,197.25,1.3291277578541014
bb_ipp_nonadaptive,wind,2369,197.33333333333337,1.3311876245066783
bb_ipp_nonadaptive,wind,2370,197.41666666666663,1.3315566648466408
bb_ipp_nonadaptive,wind,2371,197.5,1.3302673694376823
bb_ipp_nonadaptive,wind,2372,197.58333333333337,1.3296534892809142
bb_ipp_nonadaptive,wind,2373,197.66666666666663,1.3310580680635262
bb_ipp_nonadaptive,wind,2374,197.75,1.3314233204705095
bb_ipp_nonadaptive,wind,2375,197.83333333333337,1.3319756856484035
bb_ipp_nonadaptive,wind,2376,197.91666666666663,1.33274030060517
bb_ipp_nonadaptive,wind,2377,198.0,1.3335304496100684
bb_ipp_nonadaptive,wind,2378,198.08333333333337,1.3348649411710016
bb_ipp_nonadaptive,wind,2379,198.16666666666663,1.3353592056949997
bb_ipp_nonadaptive,wind,2380,198.25,1.3377448400102752
bb_ipp_nonadaptive,wind,2381,198.33333333333337,1.3445405547201108
bb_ipp_nonadaptive,wind,2382,198.41666666666663,1.342785720002258
bb_ipp_nonadaptive,wind,2383,198.5,1.3412942017519331
bb_ipp_nonadaptive,wind,2384,198.58333333333337,1.340194800170697
bb_ipp_nonadaptive,wind,2385,198.66666666666663,1.339821938739228
bb_ipp_nonadaptive,wind,2386,198.75,1.3482104144627942
bb_ipp_nonadaptive,wind,2387,198.83333333333337,1.3456520955387636
bb_ipp_nonadaptive,wind,2388,198.91666666666663,1.3405426158638483
bb_ipp_nonadaptive,wind,2389,199.0,1.339397134224951
bb_ipp_nonadaptive,wind,2390,199.08333333333337,1.3452840754563402
bb_ipp_nonadaptive,wind,2391,199.16666666666663,1.3459727768310967
bb_ipp_nonadaptive,wind,2392,199.25,1.3414283813642163
bb_ipp_nonadaptive,wind,2393,199.33333333333337,1.3425164781959076
bb_ipp_nonadaptive,wind,2394,199.41666666666663,1.3448589941833116
bb_ipp_nonadaptive,wind,2395,199.5,1.3502635951689486
bb_ipp_nonadaptive,wind,2396,199.58333333333337,1.3449593475022088
bb_ipp_nonadaptive,wind,2397,199.66666666666663,1.3421884603328171
bb_ipp_nonadaptive,wind,2398,199.75,1.3400044412113383
bb_ipp_nonadaptive,wind,2399,199.83333333333337,1.3407659698030898
bb_ipp_nonadaptive,wind,2400,199.91666666666663,1.3418089998573228
bb_ipp_nonadaptive,wind,2401,200.0,1.3425500190765287
bb_ipp_nonadaptive,wind,2402,200.08333333333337,1.3456069457435733
bb_ipp_nonadaptive,wind,2403,200.16666666666663,1.3441636907783094
bb_ipp_nonadaptive,wind,2404,200.25,1.3449029452312775
bb_ipp_nonadaptive,wind,2405,200.33333333333337,1.3458747361859493
bb_ipp_nonadaptive,wind,2406,200.41666666666663,1.348134696449919
bb_ipp_nonadaptive,wind,2407,200.5,1.350048796827858
bb_ipp_nonadaptive,wind,2408,200.58333333333337,1.3503345935175555
bb_ipp_nonadaptive,wind,2409,200.66666666666663,1.358298282459753
bb_ipp_nonadaptive,wind,2410,200.75,1.362072631664194
bb_ipp_nonadaptive,wind,2411,200.83333333333337,1.376425021670636
bb_ipp_nonadaptive,wind,2412,200.91666666666663,1.3733820554851932
bb_ipp_nonadaptive,wind,2413,201.0,1.3809438070583022
bb_ipp_nonadaptive,wind,2414,201.08333333333337,1.3895124025196373
bb_ipp_nonadaptive,wind,2415,201.16666666666663,1.400771966232359
bb_ipp_nonadaptive,wind,2416,201.25,1.4104786977125807
bb_ipp_nonadaptive,wind,2417,201.33333333333337,1.4007035563747479
bb_ipp_nonadaptive,wind,2418,201.41666666666663,1.408228252507346
bb_ipp_nonadaptive,wind,2419,201.5,1.4144118846275942
bb_ipp_nonadaptive,wind,2420,201.58333333333337,1.4324061024910326
bb_ipp_nonadaptive,wind,2421,201.66666666666663,1.4144666020920418
bb_ipp_nonadaptive,wind,2422,201.75,1.432358557476335
bb_ipp_nonadaptive,wind,2423,201.83333333333337,1.4654394924542251
bb_ipp_nonadaptive,wind,2424,201.91666666666663,1.480656708560966
bb_ipp_nonadaptive,wind,2425,202.0,1.488299576350412
bb_ipp_nonadaptive,wind,2426,202.08333333333337,1.4898154529823076
bb_ipp_nonadaptive,wind,2427,202.16666666666663,1.5199547771535253
bb_ipp_nonadaptive,wind,2428,202.25,1.5135814516781352
bb_ipp_nonadaptive,wind,2429,202.33333333333337,1.5013447943999318
bb_ipp_nonadaptive,wind,2430,202.41666666666663,1.4938853747780376
bb_ipp_nonadaptive,wind,2431,202.5,1.469643489848442
bb_ipp_nonadaptive,wind,2432,202.58333333333337,1.4617298613651393
bb_ipp_nonadaptive,wind,2433,202.66666666666663,1.467678437249351
bb_ipp_nonadaptive,wind,2434,202.75,1.4886755450852975
bb_ipp_nonadaptive,wind,2435,202.83333333333337,1.4825763369661138
bb_ipp_nonadaptive,wind,2436,202.91666666666663,1.4981655345049896
bb_ipp_nonadaptive,wind,2437,203.0,1.4966893570683188
bb_ipp_nonadaptive,wind,2438,203.08333333333337,1.4865554045722835
bb_ipp_nonadaptive,wind,2439,203.16666666666663,1.4825228794657834
bb_ipp_nonadaptive,wind,2440,203.25,1.5021068977706218
bb_ipp_nonadaptive,wind,2441,203.33333333333337,1.516689205375602
bb_ipp_nonadaptive,wind,2442,203.41666666666663,1.5196474491252285
bb_ipp_nonadaptive,wind,2443,203.5,1.5306103530062778
bb_ipp_nonadaptive,wind,2444,203.58333333333337,1.5574005895222038
bb_ipp_nonadaptive,wind,2445,203.66666666666663,1.5631391221210966
bb_ipp_nonadaptive,wind,2446,203.75,1.5732581946476334
bb_ipp_nonadaptive,wind,2447,203.83333333333337,1.5618803564018193
bb_ipp_nonadaptive,wind,2448,203.91666666666663,1.566531932266407
bb_ipp_nonadaptive,wind,2449,204.0,1.588401582382684
bb_ipp_nonadaptive,wind,2450,204.08333333333337,1.5856534525371213
bb_ipp_nonadaptive,wind,2451,204.16666666666663,1.6094768810869635
bb_ipp_nonadaptive,wind,2452,204.25,1.6066160719780274
bb_ipp_nonadaptive,wind,2453,204.33333333333337,1.6254647712902102
bb_ipp_nonadaptive,wind,2454,204.41666666666663,1.6324629361525438
bb_ipp_nonadaptive,wind,2455,204.5,1.6808831427561008
bb_ipp_nonadaptive,wind,2456,204.58333333333337,1.7134375231335177
bb_ipp_nonadaptive,wind,2457,204.66666666666663,1.7550207297986273
bb_ipp_nonadaptive,wind,2458,204.75,1.7943416580247915
bb_ipp_nonadaptive,wind,2459,204.83333333333337,1.7847262475956758
bb_ipp_nonadaptive,wind,2460,204.91666666666663,1.8127975456378318
bb_ipp_nonadaptive,wind,2461,205.0,1.8582322184698143
bb_ipp_nonadaptive,wind,2462,205.08333333333337,1.8546945732630704
bb_ipp_nonadaptive,wind,2463,205.16666666666663,1.9028971068655067
bb_ipp_nonadaptive,wind,2464,205.25,1.9785424435021004
bb_ipp_nonadaptive,wind,2465,205.33333333333337,1.9424353871053202
bb_ipp_nonadaptive,wind,2466,205.41666666666663,1.969797979841596
bb_ipp_nonadaptive,wind,2467,205.5,1.9552172673862487
bb_ipp_nonadaptive,wind,2468,205.58333333333337,2.0176061630166204
bb_ipp_nonadaptive,wind,2469,205.66666666666663,1.9777192542041873
bb_ipp_nonadaptive,wind,2470,205.75,2.012876694196936
bb_ipp_nonadaptive,wind,2471,205.83333333333337,2.0207116079667045
bb_ipp_nonadaptive,wind,2472,205.91666666666663,2.0666574681565475
bb_ipp_nonadaptive,wind,2473,206.0,2.06350765867373
bb_ipp_nonadaptive,wind,2474,206.08333333333337,2.035687986574612
bb_ipp_nonadaptive,wind,2475,206.16666666666663,2.012586860279746
bb_ipp_nonadaptive,wind,2476,206.25,1.975780783961111
bb_ipp_nonadaptive,wind,2477,206.33333333333337,1.9783777632896584
bb_ipp_nonadaptive,wind,2478,206.41666666666663,2.0120883174458197
bb_ipp_nonadaptive,wind,2479,206.5,2.0109818011193235
bb_ipp_nonadaptive,wind,2480,206.58333333333337,1.9509279880025736
bb_ipp_nonadaptive,wind,2481,206.66666666666663,1.8999989262675105
bb_ipp_nonadaptive,wind,2482,206.75,1.9124072041363414
bb_ipp_nonadaptive,wind,2483,206.83333333333337,1.8357286724372597
bb_ipp_nonadaptive,wind,2484,206.91666666666663,1.8030039269846612
bb_ipp_nonadaptive,wind,2485,207.0,1.7572272589884965
bb_ipp_nonadaptive,wind,2486,207.08333333333337,1.6828496246763927
bb_ipp_nonadaptive,wind,2487,207.16666666666663,1.6764821499449956
bb_ipp_nonadaptive,wind,2488,207.25,1.631428998209399
bb_ipp_nonadaptive,wind,2489,207.33333333333337,1.601185691516719
bb_ipp_nonadaptive,wind,2490,207.41666666666663,1.602879016512284
bb_ipp_nonadaptive,wind,2491,207.5,1.5557470683501056
bb_ipp_nonadaptive,wind,2492,207.58333333333337,1.536384442505512
bb_ipp_nonadaptive,wind,2493,207.66666666666663,1.5215334637295495
bb_ipp_nonadaptive,wind,2494,207.75,1.5073382290330946
bb_ipp_nonadaptive,wind,2495,207.83333333333337,1.5217006821211834
bb_ipp_nonadaptive,wind,2496,207.91666666666663,1.5196019600057025
bb_ipp_nonadaptive,wind,2497,208.0,1.5082215530128562
bb_ipp_nonadaptive,wind,2498,208.08333333333337,1.4568567657253537
bb_ipp_nonadaptive,wind,2499,208.16666666666663,1.4671129840778872
bb_ipp_nonadaptive,wind,2500,208.25,1.4582963543513459
bb_ipp_nonadaptive,wind,2501,208.33333333333337,1.4493975930132983
bb_ipp_nonadaptive,wind,2502,208.41666666666663,1.4311630528324346
bb_ipp_nonadaptive,wind,2503,208.5,1.4412889735780694
bb_ipp_nonadaptive,wind,2504,208.58333333333337,1.428284631581865
bb_ipp_nonadaptive,wind,2505,208.66666666666663,1.4329032647573092
bb_ipp_nonadaptive,wind,2506,208.75,1.4329038722765666
bb_ipp_nonadaptive,wind,2507,208.83333333333337,1.441212971688926
bb_ipp_nonadaptive,wind,2508,208.91666666666663,1.443783361378852
bb_ipp_nonadaptive,wind,2509,209.0,1.4425517141885962
bb_ipp_nonadaptive,wind,2510,209.08333333333337,1.4631073168643511
bb_ipp_nonadaptive,wind,2511,209.16666666666663,1.4510396300008914
bb_ipp_nonadaptive,wind,2512,209.25,1.4409919679248004
bb_ipp_nonadaptive,wind,2513,209.33333333333337,1.4206518450444845
bb_ipp_nonadaptive,wind,2514,209.41666666666663,1.4309710461737288
bb_ipp_nonadaptive,wind,2515,209.5,1.419493951487723
bb_ipp_nonadaptive,wind,2516,209.58333333333337,1.4197304465786136
bb_ipp_nonadaptive,wind,2517,209.66666666666663,1.4241395785398618
bb_ipp_nonadaptive,wind,2518,209.75,1.4302334423368837
bb_ipp_nonadaptive,wind,2519,209.83333333333337,1.4130742266000829
bb_ipp_nonadaptive,wind,2520,209.91666666666663,1.4176798925403722
bb_ipp_nonadaptive,wind,2521,210.0,1.4133787537662954
bb_ipp_nonadaptive,wind,2522,210.08333333333337,1.414762240267258
bb_ipp_nonadaptive,wind,2523,210.16666666666663,1.4149103496403161
bb_ipp_nonadaptive,wind,2524,210.25,1.4108635831588963
bb_ipp_nonadaptive,wind,2525,210.33333333333337,1.4023852009180917
bb_ipp_nonadaptive,wind,2526,210.41666666666663,1.417701314926588
bb_ipp_nonadaptive,wind,2527,210.5,1.4177494136402855
bb_ipp_nonadaptive,wind,2528,210.58333333333337,1.405711952403286
bb_ipp_nonadaptive,wind,2529,210.66666666666663,1.3954260102300442
bb_ipp_nonadaptive,wind,2530,210.75,1.39458877506346
bb_ipp_nonadaptive,wind,2531,210.83333333333337,1.3916705196513521
bb_ipp_nonadaptive,wind,2532,210.91666666666663,1.3937063347386747
bb_ipp_nonadaptive,wind,2533,211.0,1.3900150522731083
bb_ipp_nonadaptive,wind,2534,211.08333333333337,1.3889697456389096
bb_ipp_nonadaptive,wind,2535,211.16666666666663,1.389415329813408
bb_ipp_nonadaptive,wind,2536,211.25,1.3883358443508143
bb_ipp_nonadaptive,wind,2537,211.33333333333337,1.3863414940617869
bb_ipp_nonadaptive,wind,2538,211.41666666666663,1.3783677904466165
bb_ipp_nonadaptive,wind,2539,211.5,1.383771275532186
bb_ipp_nonadaptive,wind,2540,211.58333333333337,1.38865807345249
bb_ipp_nonadaptive,wind,2541,211.66666666666663,1.3948255982139284
bb_ipp_nonadaptive,wind,2542,211.75,1.3894772032432743
bb_ipp_nonadaptive,wind,2543,211.83333333333337,1.3895296125763485
bb_ipp_nonadaptive,wind,2544,211.91666666666663,1.3764035288972651
bb_ipp_nonadaptive,wind,2545,212.0,1.3733265175802674
bb_ipp_nonadaptive,wind,2546,212.08333333333337,1.3711425047518222
bb_ipp_nonadaptive,wind,2547,212.16666666666663,1.3673348858317196
bb_ipp_nonadaptive,wind,2548,212.25,1.364705420613862
bb_ipp_nonadaptive,wind,2549,212.33333333333337,1.3714262084485704
bb_ipp_nonadaptive,wind,2550,212.41666666666663,1.3641099687369378
bb_ipp_nonadaptive,wind,2551,212.5,1.3723216818834647
bb_ipp_nonadaptive,wind,2552,212.58333333333337,1.3645194462880215
bb_ipp_nonadaptive,wind,2553,212.66666666666663,1.3688967124571163
bb_ipp_nonadaptive,wind,2554,212.75,1.3693410472080896
bb_ipp_nonadaptive,wind,2555,212.83333333333337,1.3602740454273023
bb_ipp_nonadaptive,wind,2556,212.91666666666663,1.3573895905364903
bb_ipp_nonadaptive,wind,2557,213.0,1.354160531267341
bb_ipp_nonadaptive,wind,2558,213.08333333333337,1.353987085104769
bb_ipp_nonadaptive,wind,2559,213.16666666666663,1.346587314695739
bb_ipp_nonadaptive,wind,2560,213.25,1.3438199850182582
bb_ipp_nonadaptive,wind,2561,213.33333333333337,1.344897073610326
bb_ipp_nonadaptive,wind,2562,213.41666666666663,1.3407783335659105
bb_ipp_nonadaptive,wind,2563,213.5,1.3475193600578261
bb_ipp_nonadaptive,wind,2564,213.58333333333337,1.3425177208177677
bb_ipp_nonadaptive,wind,2565,213.66666666666663,1.3401711047041687
bb_ipp_nonadaptive,wind,2566,213.75,1.337448441814011
bb_ipp_nonadaptive,wind,2567,213.83333333333337,1.3404315577903234
bb_ipp_nonadaptive,wind,2568,213.91666666666663,1.345929054309927
bb_ipp_nonadaptive,wind,2569,214.0,1.3477484863966125
bb_ipp_nonadaptive,wind,2570,214.08333333333337,1.3451843213291865
bb_ipp_nonadaptive,wind,2571,214.16666666666663,1.349921579571298
bb_ipp_nonadaptive,wind,2572,214.25,1.3468385803503935
bb_ipp_nonadaptive,wind,2573,214.33333333333337,1.3456420433977272
bb_ipp_nonadaptive,wind,2574,214.41666666666663,1.3400019956553408
bb_ipp_nonadaptive,wind,2575,214.5,1.3402135240419628
bb_ipp_nonadaptive,wind,2576,214.58333333333337,1.3413946690607255
bb_ipp_nonadaptive,wind,2577,214.66666666666663,1.3410210338134454
bb_ipp_nonadaptive,wind,2578,214.75,1.341737377827046
bb_ipp_nonadaptive,wind,2579,214.83333333333337,1.3431856967743032
bb_ipp_nonadaptive,wind,2580,214.91666666666663,1.3432439408885148
bb_ipp_nonadaptive,wind,2581,215.0,1.3435719182452202
bb_ipp_nonadaptive,wind,2582,215.08333333333337,1.3441834194471654
bb_ipp_nonadaptive,wind,2583,215.16666666666663,1.344936859715097
bb_ipp_nonadaptive,wind,2584,215.25,1.345456926641565
bb_ipp_nonadaptive,wind,2585,215.33333333333337,1.3474655600502463
bb_ipp_nonadaptive,wind,2586,215.41666666666663,1.348176895619667
bb_ipp_nonadaptive,wind,2587,215.5,1.3501604429415648
bb_ipp_nonadaptive,wind,2588,215.58333333333337,1.3502556958594798
bb_ipp_nonadaptive,wind,2589,215.66666666666663,1.3501368495023922
bb_ipp_nonadaptive,wind,2590,215.75,1.3513593084694342
bb_ipp_nonadaptive,wind,2591,215.83333333333337,1.3512130758753178
bb_ipp_nonadaptive,wind,2592,215.91666666666663,1.352331731951187
bb_ipp_nonadaptive,wind,2593,216.0,1.355743748572622
bb_ipp_nonadaptive,wind,2594,216.08333333333337,1.3607177670211825
bb_ipp_nonadaptive,wind,2595,216.16666666666663,1.3615021220828305
bb_ipp_nonadaptive,wind,2596,216.25,1.3578987845799668
bb_ipp_nonadaptive,wind,2597,216.33333333333337,1.3562538210120136
bb_ipp_nonadaptive,wind,2598,216.41666666666663,1.3627033096534695
bb_ipp_nonadaptive,wind,2599,216.5,1.3683648917902163
bb_ipp_nonadaptive,wind,2600,216.58333333333337,1.3705693954390517
bb_ipp_nonadaptive,wind,2601,216.66666666666663,1.3705986172295948
bb_ipp_nonadaptive,wind,2602,216.75,1.3639627240396455
bb_ipp_nonadaptive,wind,2603,216.83333333333337,1.3592621214807359
bb_ipp_nonadaptive,wind,2604,216.91666666666663,1.3589009843267648
bb_ipp_nonadaptive,wind,2605,217.0,1.360071690633899
bb_ipp_nonadaptive,wind,2606,217.08333333333337,1.3596281464839894
bb_ipp_nonadaptive,wind,2607,217.16666666666663,1.3614981688520862
bb_ipp_nonadaptive,wind,2608,217.25,1.3618658997888862
bb_ipp_nonadaptive,wind,2609,217.33333333333337,1.3684041326767014
bb_ipp_nonadaptive,wind,2610,217.41666666666663,1.3738799494983096
bb_ipp_nonadaptive,wind,2611,217.5,1.3689997563263185
bb_ipp_nonadaptive,wind,2612,217.58333333333337,1.365731174439142
bb_ipp_nonadaptive,wind,2613,217.66666666666663,1.3661342086260675
bb_ipp_nonadaptive,wind,2614,217.75,1.368124786117346
bb_ipp_nonadaptive,wind,2615,217.83333333333337,1.3710641191575144
bb_ipp_nonadaptive,wind,2616,217.91666666666663,1.3701732702763774
bb_ipp_nonadaptive,wind,2617,218.0,1.3756533576056544
bb_ipp_nonadaptive,wind,2618,218.08333333333337,1.3723980744328137
bb_ipp_nonadaptive,wind,2619,218.16666666666663,1.3733192150749713
bb_ipp_nonadaptive,wind,2620,218.25,1.3720260571760032
bb_ipp_nonadaptive,wind,2621,218.33333333333337,1.3717837298263096
bb_ipp_nonadaptive,wind,2622,218.41666666666663,1.3725797306659604
bb_ipp_nonadaptive,wind,2623,218.5,1.3745331280917816
bb_ipp_nonadaptive,wind,2624,218.58333333333337,1.378587255017708
bb_ipp_nonadaptive,wind,2625,218.66666666666663,1.3766605335829163
bb_ipp_nonadaptive,wind,2626,218.75,1.3752515812601238
bb_ipp_nonadaptive,wind,2627,218.83333333333337,1.3790391068437007
bb_ipp_nonadaptive,wind,2628,218.91666666666663,1.3767607655583605
bb_ipp_nonadaptive,wind,2629,219.0,1.3781912797774203
bb_ipp_nonadaptive,wind,2630,219.08333333333337,1.3777438285695838
bb_ipp_nonadaptive,wind,2631,219.16666666666663,1.3783250683540156
bb_ipp_nonadaptive,wind,2632,219.25,1.3789946556855859
bb_ipp_nonadaptive,wind,2633,219.33333333333337,1.3799874504820189
bb_ipp_nonadaptive,wind,2634,219.41666666666663,1.3809098659354255
bb_ipp_nonadaptive,wind,2635,219.5,1.3815235579594998
bb_ipp_nonadaptive,wind,2636,219.58333333333337,1.382618887397261
bb_ipp_nonadaptive,wind,2637,219.66666666666663,1.3834882382679285
bb_ipp_nonadaptive,wind,2638,219.75,1.3834079807484116
bb_ipp_nonadaptive,wind,2639,219.83333333333337,1.3846452957326647
bb_ipp_nonadaptive,wind,2640,219.91666666666663,1.3855635367489945
bb_ipp_nonadaptive,wind,2641,220.0,1.3861139085983094
bb_ipp_nonadaptive,wind,2642,220.08333333333337,1.386126473285508
bb_ipp_nonadaptive,wind,2643,220.16666666666663,1.3856800181797977
bb_ipp_nonadaptive,wind,2644,220.25,1.3861994984586965
bb_ipp_nonadaptive,wind,2645,220.33333333333337,1.3867386182592738
bb_ipp_nonadaptive,wind,2646,220.41666666666663,1.3876011225564415
bb_ipp_nonadaptive,wind,2647,220.5,1.3910006669638308
bb_ipp_nonadaptive,wind,2648,220.58333333333337,1.391487169337401
bb_ipp_nonadaptive,wind,2649,220.66666666666663,1.3921899877442654
bb_ipp_nonadaptive,wind,2650,220.75,1.3940369559460364
bb_ipp_nonadaptive,wind,2651,220.83333333333337,1.39687971682678
bb_ipp_nonadaptive,wind,2652,220.91666666666663,1.3983842101442656
bb_ipp_nonadaptive,wind,2653,221.0,1.3951250619975732
bb_ipp_nonadaptive,wind,2654,221.08333333333337,1.397239291908153
bb_ipp_nonadaptive,wind,2655,221.16666666666663,1.3983711178933749
bb_ipp_nonadaptive,wind,2656,221.25,1.3978163688957899
bb_ipp_nonadaptive,wind,2657,221.33333333333337,1.4013897395429458
bb_ipp_nonadaptive,wind,2658,221.41666666666663,1.40042689939453
bb_ipp_nonadaptive,wind,2659,221.5,1.3972255301405498
bb_ipp_nonadaptive,wind,2660,221.58333333333337,1.3949837225883788
bb_ipp_nonadaptive,wind,2661,221.66666666666663,1.3953232838610157
bb_ipp_nonadaptive,wind,2662,221.75,1.3963549541496691
bb_ipp_nonadaptive,wind,2663,221.83333333333337,1.396801492673486
bb_ipp_nonadaptive,wind,2664,221.91666666666663,1.3928311928625259
bb_ipp_nonadaptive,wind,2665,222.0,1.3929284845288525
bb_ipp_nonadaptive,wind,2666,222.08333333333337,1.3929089849271727
bb_ipp_nonadaptive,wind,2667,222.16666666666663,1.3943277267631704
bb_ipp_nonadaptive,wind,2668,222.25,1.3946295046078474
bb_ipp_nonadaptive,wind,2669,222.33333333333337,1.3948218617554955
bb_ipp_nonadaptive,wind,2670,222.41666666666663,1.3966887395564638
bb_ipp_nonadaptive,wind,2671,222.5,1.3954054442424715
bb_ipp_nonadaptive,wind,2672,222.58333333333337,1.3959075032115813
bb_ipp_nonadaptive,wind,2673,222.66666666666663,1.3966808490769154
bb_ipp_nonadaptive,wind,2674,222.75,1.3969929418636522
bb_ipp_nonadaptive,wind,2675,222.83333333333337,1.3979257046894933
bb_ipp_nonadaptive,wind,2676,222.91666666666663,1.3992818182570919
bb_ipp_nonadaptive,wind,2677,223.0,1.4040662256976664
bb_ipp_nonadaptive,wind,2678,223.08333333333337,1.4011555276948942
bb_ipp_nonadaptive,wind,2679,223.16666666666663,1.402418199429928
bb_ipp_nonadaptive,wind,2680,223.25,1.40702546251135
bb_ipp_nonadaptive,wind,2681,223.33333333333337,1.403846915001955
bb_ipp_nonadaptive,wind,2682,223.41666666666663,1.4015137089444083
bb_ipp_nonadaptive,wind,2683,223.5,1.4079023601353675
bb_ipp_nonadaptive,wind,2684,223.58333333333337,1.4079750143613472
bb_ipp_nonadaptive,wind,2685,223.66666666666663,1.405411561308927
bb_ipp_nonadaptive,wind,2686,223.75,1.4129389728691426
bb_ipp_nonadaptive,wind,2687,223.83333333333337,1.4103013696292361
bb_ipp_nonadaptive,wind,2688,223.91666666666663,1.4005287850676784
bb_ipp_nonadaptive,wind,2689,224.0,1.4002377091320746
bb_ipp_nonadaptive,wind,2690,224.08333333333337,1.3984410845676252
bb_ipp_nonadaptive,wind,2691,224.16666666666663,1.3981851081657726
bb_ipp_nonadaptive,wind,2692,224.25,1.4052636076601182
bb_ipp_nonadaptive,wind,2693,224.33333333333337,1.40298315228756
bb_ipp_nonadaptive,wind,2694,224.41666666666663,1.394492976644784
bb_ipp_nonadaptive,wind,2695,224.5,1.3967973217878333
bb_ipp_nonadaptive,wind,2696,224.58333333333337,1.3976151178656597
bb_ipp_nonadaptive,wind,2697,224.66666666666663,1.4005034542315968
bb_ipp_nonadaptive,wind,2698,224.75,1.392301627133012
bb_ipp_nonadaptive,wind,2699,224.83333333333337,1.3937240864398635
bb_ipp_nonadaptive,wind,2700,224.91666666666663,1.3981874541270325
bb_ipp_nonadaptive,wind,2701,225.0,1.3965252151490173
bb_ipp_nonadaptive,wind,2702,225.08333333333337,1.3955161894938226
bb_ipp_nonadaptive,wind,2703,225.16666666666663,1.395630905900638
bb_ipp_nonadaptive,wind,2704,225.25,1.3937313986773396
bb_ipp_nonadaptive,wind,2705,225.33333333333337,1.393755619618232
bb_ipp_nonadaptive,wind,2706,225.41666666666663,1.3915634239728607
bb_ipp_nonadaptive,wind,2707,225.5,1.3886906549096996
bb_ipp_nonadaptive,wind,2708,225.58333333333337,1.3889543122838137
bb_ipp_nonadaptive,wind,2709,225.66666666666663,1.3842826043970435
bb_ipp_nonadaptive,wind,2710,225.75,1.3836570567950388
bb_ipp_nonadaptive,wind,2711,225.83333333333337,1.3872538811385424
bb_ipp_nonadaptive,wind,2712,225.91666666666663,1.3909342790229402
bb_ipp_nonadaptive,wind,2713,226.0,1.3905178116153998
bb_ipp_nonadaptive,wind,2714,226.08333333333337,1.3908048364678125
bb_ipp_nonadaptive,wind,2715,226.16666666666663,1.4019544315365708
bb_ipp_nonadaptive,wind,2716,226.25,1.410050752797622
bb_ipp_nonadaptive,wind,2717,226.33333333333337,1.410795249010397
bb_ipp_nonadaptive,wind,2718,226.41666666666663,1.3996911609840519
bb_ipp_nonadaptive,wind,2719,226.5,1.3861331044000036
bb_ipp_nonadaptive,wind,2720,226.58333333333337,1.3842195971559768
bb_ipp_nonadaptive,wind,2721,226.66666666666663,1.384900758040706
bb_ipp_nonadaptive,wind,2722,226.75,1.3879311751415697
bb_ipp_nonadaptive,wind,2723,226.83333333333337,1.3881623516174464
bb_ipp_nonadaptive,wind,2724,226.91666666666663,1.3864731043651108
bb_ipp_nonadaptive,wind,2725,227.0,1.3822935896961603
bb_ipp_nonadaptive,wind,2726,227.08333333333337,1.3797377975662612
bb_ipp_nonadaptive,wind,2727,227.16666666666663,1.3802078968984113
bb_ipp_nonadaptive,wind,2728,227.25,1.3792239864934464
bb_ipp_nonadaptive,wind,2729,227.33333333333337,1.381975287259999
bb_ipp_nonadaptive,wind,2730,227.41666666666663,1.3812949467008193
bb_ipp_nonadaptive,wind,2731,227.5,1.3804693238289818
bb_ipp_nonadaptive,wind,2732,227.58333333333337,1.3826745529826103
bb_ipp_nonadaptive,wind,2733,227.66666666666663,1.385901010649552
bb_ipp_nonadaptive,wind,2734,227.75,1.3837612781140616
bb_ipp_nonadaptive,wind,2735,227.83333333333337,1.3859069760333398
bb_ipp_nonadaptive,wind,2736,227.91666666666663,1.3884434266298369
bb_ipp_nonadaptive,wind,2737,228.0,1.3839713557338351
bb_ipp_nonadaptive,wind,2738,228.08333333333337,1.3880456722623742
bb_ipp_nonadaptive,wind,2739,228.16666666666663,1.387747949913204
bb_ipp_nonadaptive,wind,2740,228.25,1.3884917351447392
bb_ipp_nonadaptive,wind,2741,228.33333333333337,1.391754667767092
bb_ipp_nonadaptive,wind,2742,228.41666666666663,1.3869920895750096
bb_ipp_nonadaptive,wind,2743,228.5,1.3852080899281622
bb_ipp_nonadaptive,wind,2744,228.58333333333337,1.3853591622665629
bb_ipp_nonadaptive,wind,2745,228.66666666666663,1.3908640612004761
bb_ipp_nonadaptive,wind,2746,228.75,1.3923376028314318
bb_ipp_nonadaptive,wind,2747,228.83333333333337,1.4004455280392907
bb_ipp_nonadaptive,wind,2748,228.91666666666663,1.4070796636835659
bb_ipp_nonadaptive,wind,2749,229.0,1.3905978368872005
bb_ipp_nonadaptive,wind,2750,229.08333333333337,1.3931581484771076
bb_ipp_nonadaptive,wind,2751,229.16666666666663,1.3999874593472146
bb_ipp_nonadaptive,wind,2752,229.25,1.399670673114418
bb_ipp_nonadaptive,wind,2753,229.33333333333337,1.3957886356738824
bb_ipp_nonadaptive,wind,2754,229.41666666666663,1.4077709205961955
bb_ipp_nonadaptive,wind,2755,229.5,1.4198676347097026
bb_ipp_nonadaptive,wind,2756,229.58333333333337,1.4214862705579474
bb_ipp_nonadaptive,wind,2757,229.66666666666663,1.4208422863491916
bb_ipp_nonadaptive,wind,2758,229.75,1.4165595256571302
bb_ipp_nonadaptive,wind,2759,229.83333333333337,1.4173693479359109
bb_ipp_nonadaptive,wind,2760,229.91666666666663,1.4143152957725322
bb_ipp_nonadaptive,wind,2761,230.0,1.4422927893764148
bb_ipp_nonadaptive,wind,2762,230.08333333333337,1.4704913171801808
bb_ipp_nonadaptive,wind,2763,230.16666666666663,1.46047776892416
bb_ipp_nonadaptive,wind,2764,230.25,1.492395935552266
bb_ipp_nonadaptive,wind,2765,230.33333333333337,1.498608696259568
bb_ipp_nonadaptive,wind,2766,230.41666666666663,1.4971480728985924
bb_ipp_nonadaptive,wind,2767,230.5,1.4867811987613573
bb_ipp_nonadaptive,wind,2768,230.58333333333337,1.4887164473544074
bb_ipp_nonadaptive,wind,2769,230.66666666666663,1.5227832890939788
bb_ipp_nonadaptive,wind,2770,230.75,1.5687312186567997
bb_ipp_nonadaptive,wind,2771,230.83333333333337,1.5520016599706423
bb_ipp_nonadaptive,wind,2772,230.91666666666663,1.5659899123096859
bb_ipp_nonadaptive,wind,2773,231.0,1.5711638965664714
bb_ipp_nonadaptive,wind,2774,231.08333333333337,1.5878874811331107
bb_ipp_nonadaptive,wind,2775,231.16666666666663,1.6317691134365389
bb_ipp_nonadaptive,wind,2776,231.25,1.6597259916554643
bb_ipp_nonadaptive,wind,2777,231.33333333333337,1.6766496613120194
bb_ipp_nonadaptive,wind,2778,231.41666666666663,1.6671223857586663
bb_ipp_nonadaptive,wind,2779,231.5,1.67631230471845
bb_ipp_nonadaptive,wind,2780,231.58333333333337,1.7164359738393213
bb_ipp_nonadaptive,wind,2781,231.66666666666663,1.7021231056249608
bb_ipp_nonadaptive,wind,2782,231.75,1.7127421082950953
bb_ipp_nonadaptive,wind,2783,231.83333333333337,1.704488829394384
bb_ipp_nonadaptive,wind,2784,231.91666666666663,1.7438531380009734
bb_ipp_nonadaptive,wind,2785,232.0,1.76641253885955
bb_ipp_nonadaptive,wind,2786,232.08333333333337,1.788901517243546
bb_ipp_nonadaptive,wind,2787,232.16666666666663,1.7989261952240214
bb_ipp_nonadaptive,wind,2788,232.25,1.8111678199857366
bb_ipp_nonadaptive,wind,2789,232.33333333333337,1.8116936846879736
bb_ipp_nonadaptive,wind,2790,232.41666666666663,1.78617818061473
bb_ipp_nonadaptive,wind,2791,232.5,1.7915010267280236
bb_ipp_nonadaptive,wind,2792,232.58333333333337,1.8089130163189049
bb_ipp_nonadaptive,wind,2793,232.66666666666663,1.8316956932427875
bb_ipp_nonadaptive,wind,2794,232.75,1.8382779131767772
bb_ipp_nonadaptive,wind,2795,232.83333333333337,1.7988204791032185
bb_ipp_nonadaptive,wind,2796,232.91666666666663,1.7684872191038452
bb_ipp_nonadaptive,wind,2797,233.0,1.7959038801986449
bb_ipp_nonadaptive,wind,2798,233.08333333333337,1.7951756694655738
bb_ipp_nonadaptive,wind,2799,233.16666666666663,1.7730087742789904
bb_ipp_nonadaptive,wind,2800,233.25,1.751601946489355
bb_ipp_nonadaptive,wind,2801,233.33333333333337,1.747533020999271
bb_ipp_nonadaptive,wind,2802,233.41666666666663,1.7589005892757168
bb_ipp_nonadaptive,wind,2803,233.5,1.6833311147398076
bb_ipp_nonadaptive,wind,2804,233.58333333333337,1.6836441216622522
bb_ipp_nonadaptive,wind,2805,233.66666666666663,1.628287044017591
bb_ipp_nonadaptive,wind,2806,233.75,1.606634657037634
bb_ipp_nonadaptive,wind,2807,233.83333333333337,1.574965223319236
bb_ipp_nonadaptive,wind,2808,233.91666666666663,1.553935415252915
bb_ipp_nonadaptive,wind,2809,234.0,1.5398584734214964
bb_ipp_nonadaptive,wind,2810,234.08333333333337,1.5267797456290533
bb_ipp_nonadaptive,wind,2811,234.16666666666663,1.4529467078313523
bb_ipp_nonadaptive,wind,2812,234.25,1.450010909282692
bb_ipp_nonadaptive,wind,2813,234.33333333333337,1.4369474267045408
bb_ipp_nonadaptive,wind,2814,234.41666666666663,1.4437691363335656
bb_ipp_nonadaptive,wind,2815,234.5,1.4601642353749373
bb_ipp_nonadaptive,wind,2816,234.58333333333337,1.434530471877306
bb_ipp_nonadaptive,wind,2817,234.66666666666663,1.4344181590222198
bb_ipp_nonadaptive,wind,2818,234.75,1.4218389407285255
bb_ipp_nonadaptive,wind,2819,234.83333333333337,1.3693178177858818
bb_ipp_nonadaptive,wind,2820,234.91666666666663,1.3425666689306943
bb_ipp_nonadaptive,wind,2821,235.0,1.3410624592616667
bb_ipp_nonadaptive,wind,2822,235.08333333333337,1.3181792961857184
bb_ipp_nonadaptive,wind,2823,235.16666666666663,1.2948692263174755
bb_ipp_nonadaptive,wind,2824,235.25,1.285846736667386
bb_ipp_nonadaptive,wind,2825,235.33333333333337,1.277762186079212
bb_ipp_nonadaptive,wind,2826,235.41666666666663,1.2500968667029169
bb_ipp_nonadaptive,wind,2827,235.5,1.2286182810523314
bb_ipp_nonadaptive,wind,2828,235.58333333333337,1.217939009989758
bb_ipp_nonadaptive,wind,2829,235.66666666666663,1.1975120116155915
bb_ipp_nonadaptive,wind,2830,235.75,1.2157960922933033
bb_ipp_nonadaptive,wind,2831,235.83333333333337,1.216182665868874
bb_ipp_nonadaptive,wind,2832,235.91666666666663,1.2152729883533222
bb_ipp_nonadaptive,wind,2833,236.0,1.2029077238038348
bb_ipp_nonadaptive,wind,2834,236.08333333333337,1.1784831365855883
bb_ipp_nonadaptive,wind,2835,236.16666666666663,1.1937472680279142
bb_ipp_nonadaptive,wind,2836,236.25,1.1920313719518831
bb_ipp_nonadaptive,wind,2837,236.33333333333337,1.1683841486418893
bb_ipp_nonadaptive,wind,2838,236.41666666666663,1.1561941744894486
bb_ipp_nonadaptive,wind,2839,236.5,1.1661720163447546
bb_ipp_nonadaptive,wind,2840,236.58333333333337,1.1743384017973226
bb_ipp_nonadaptive,wind,2841,236.66666666666663,1.1575552836544465
bb_ipp_nonadaptive,wind,2842,236.75,1.1490365583879825
bb_ipp_nonadaptive,wind,2843,236.83333333333337,1.1515483101339743
bb_ipp_nonadaptive,wind,2844,236.91666666666663,1.1466094156356295
bb_ipp_nonadaptive,wind,2845,237.0,1.149102057506361
bb_ipp_nonadaptive,wind,2846,237.08333333333337,1.1490054059901256
bb_ipp_nonadaptive,wind,2847,237.16666666666663,1.143719189647256
bb_ipp_nonadaptive,wind,2848,237.25,1.1459271431784044
bb_ipp_nonadaptive,wind,2849,237.33333333333337,1.1353692954204955
bb_ipp_nonadaptive,wind,2850,237.41666666666663,1.139905927114717
bb_ipp_nonadaptive,wind,2851,237.5,1.1293899705900998
bb_ipp_nonadaptive,wind,2852,237.58333333333337,1.1361060463000474
bb_ipp_nonadaptive,wind,2853,237.66666666666663,1.1338626022925733
bb_ipp_nonadaptive,wind,2854,237.75,1.1358968405363397
bb_ipp_nonadaptive,wind,2855,237.83333333333337,1.1405352335638048
bb_ipp_nonadaptive,wind,2856,237.91666666666663,1.1361293934573462
bb_ipp_nonadaptive,wind,2857,238.0,1.132476464612973
bb_ipp_nonadaptive,wind,2858,238.08333333333337,1.13760237269834
bb_ipp_nonadaptive,wind,2859,238.16666666666663,1.1377271354963159
bb_ipp_nonadaptive,wind,2860,238.25,1.1370642292109525
bb_ipp_nonadaptive,wind,2861,238.33333333333337,1.1340449220698785
bb_ipp_nonadaptive,wind,2862,238.41666666666663,1.1352075748286776
bb_ipp_nonadaptive,wind,2863,238.5,1.1399304810113708
bb_ipp_nonadaptive,wind,2864,238.58333333333337,1.139221584613665
bb_ipp_nonadaptive,wind,2865,238.66666666666663,1.1329522748463434
bb_ipp_nonadaptive,wind,2866,238.75,1.1406244198491158
bb_ipp_nonadaptive,wind,2867,238.83333333333337,1.1352569464621642
bb_ipp_nonadaptive,wind,2868,238.91666666666663,1.1333014875008491
bb_ipp_nonadaptive,wind,2869,239.0,1.1311239246452358
bb_ipp_nonadaptive,wind,2870,239.08333333333337,1.1308543644347013
bb_ipp_nonadaptive,wind,2871,239.16666666666663,1.1311564893826536
bb_ipp_nonadaptive,wind,2872,239.25,1.1316284327913262
bb_ipp_nonadaptive,wind,2873,239.33333333333337,1.1295078373801786
bb_ipp_nonadaptive,wind,2874,239.41666666666663,1.130999188822096
bb_ipp_nonadaptive,wind,2875,239.5,1.1330270555236488
bb_ipp_nonadaptive,wind,2876,239.58333333333337,1.1350349821333157
bb_ipp_nonadaptive,wind,2877,239.66666666666663,1.133178372760836
bb_ipp_nonadaptive,wind,2878,239.75,1.1322583199923781
bb_ipp_nonadaptive,wind,2879,239.83333333333337,1.132888829341114
bb_ipp_nonadaptive,wind,2880,239.91666666666663,1.1343035305111397
bb_ipp_nonadaptive,wind,2881,240.0,1.1368816465570308
bb_ipp_nonadaptive,wind,2882,240.08333333333337,1.136780724959358
bb_ipp_nonadaptive,wind,2883,240.16666666666663,1.137024894059143
bb_ipp_nonadaptive,wind,2884,240.25,1.1360490296783765
bb_ipp_nonadaptive,wind,2885,240.33333333333337,1.1379783592540684
bb_ipp_nonadaptive,wind,2886,240.41666666666663,1.1385906388103602
bb_ipp_nonadaptive,wind,2887,240.5,1.1382076133732622
bb_ipp_nonadaptive,wind,2888,240.58333333333337,1.139922396560128
bb_ipp_nonadaptive,wind,2889,240.66666666666663,1.1408590828676497
bb_ipp_nonadaptive,wind,2890,240.75,1.140919655923729
bb_ipp_nonadaptive,wind,2891,240.83333333333337,1.1446438388113
bb_ipp_nonadaptive,wind,2892,240.91666666666663,1.1461734096698757
bb_ipp_nonadaptive,wind,2893,241.0,1.1430667945982311
bb_ipp_nonadaptive,wind,2894,241.08333333333337,1.148215985124713
bb_ipp_nonadaptive,wind,2895,241.16666666666663,1.1550731207663096
bb_ipp_nonadaptive,wind,2896,241.25,1.167971273685094
bb_ipp_nonadaptive,wind,2897,241.33333333333337,1.158947417121107
bb_ipp_nonadaptive,wind,2898,241.41666666666663,1.1676383057702355
bb_ipp_nonadaptive,wind,2899,241.5,1.1694222164802424
bb_ipp_nonadaptive,wind,2900,241.58333333333337,1.1706865682880758
bb_ipp_nonadaptive,wind,2901,241.66666666666663,1.1797409569767239
bb_ipp_nonadaptive,wind,2902,241.75,1.172652555737365
bb_ipp_nonadaptive,wind,2903,241.83333333333337,1.1697165764104576
bb_ipp_nonadaptive,wind,2904,241.91666666666663,1.174775344124172
bb_ipp_nonadaptive,wind,2905,242.0,1.1890166658064423
bb_ipp_nonadaptive,wind,2906,242.08333333333337,1.1710791615844205
bb_ipp_nonadaptive,wind,2907,242.16666666666663,1.1614250974664957
bb_ipp_nonadaptive,wind,2908,242.25,1.1582016302943121
bb_ipp_nonadaptive,wind,2909,242.33333333333337,1.150605066989126
bb_ipp_nonadaptive,wind,2910,242.41666666666663,1.150115670181722
bb_ipp_nonadaptive,wind,2911,242.5,1.1493158216823574
bb_ipp_nonadaptive,wind,2912,242.58333333333337,1.150719148868207
bb_ipp_nonadaptive,wind,2913,242.66666666666663,1.150870830991522
bb_ipp_nonadaptive,wind,2914,242.75,1.1513867722894149
bb_ipp_nonadaptive,wind,2915,242.83333333333337,1.1539076486199633
bb_ipp_nonadaptive,wind,2916,242.91666666666663,1.1591268086690083
bb_ipp_nonadaptive,wind,2917,243.0,1.1604938791746893
bb_ipp_nonadaptive,wind,2918,243.08333333333337,1.1606949200783234
bb_ipp_nonadaptive,wind,2919,243.16666666666663,1.1606130028276411
bb_ipp_nonadaptive,wind,2920,243.25,1.1670838556861274
bb_ipp_nonadaptive,wind,2921,243.33333333333337,1.1652530104064198
bb_ipp_nonadaptive,wind,2922,243.41666666666663,1.1738735155989677
bb_ipp_nonadaptive,wind,2923,243.5,1.1808183265611003
bb_ipp_nonadaptive,wind,2924,243.58333333333337,1.1764708558559034
bb_ipp_nonadaptive,wind,2925,243.66666666666663,1.176696778075977
bb_ipp_nonadaptive,wind,2926,243.75,1.1886326970519352
bb_ipp_nonadaptive,wind,2927,243.83333333333337,1.2036484123284905
bb_ipp_nonadaptive,wind,2928,243.91666666666663,1.2148664683264583
bb_ipp_nonadaptive,wind,2929,244.0,1.2005292807598154
bb_ipp_nonadaptive,wind,2930,244.08333333333337,1.2031062605895135
bb_ipp_nonadaptive,wind,2931,244.16666666666663,1.2042399585690449
bb_ipp_nonadaptive,wind,2932,244.25,1.216178471499544
bb_ipp_nonadaptive,wind,2933,244.33333333333337,1.2252432151607047
bb_ipp_nonadaptive,wind,2934,244.41666666666663,1.2366160116074447
bb_ipp_nonadaptive,wind,2935,244.5,1.2678424035929947
bb_ipp_nonadaptive,wind,2936,244.58333333333337,1.2996796825854915
bb_ipp_nonadaptive,wind,2937,244.66666666666663,1.2909937849678026
bb_ipp_nonadaptive,wind,2938,244.75,1.265389904810179
bb_ipp_nonadaptive,wind,2939,244.83333333333337,1.245176696358927
bb_ipp_nonadaptive,wind,2940,244.91666666666663,1.245299348089467
bb_ipp_nonadaptive,wind,2941,245.0,1.2296405532378123
bb_ipp_nonadaptive,wind,2942,245.08333333333337,1.2231871226630195
bb_ipp_nonadaptive,wind,2943,245.16666666666663,1.227586706636213
bb_ipp_nonadaptive,wind,2944,245.25,1.2387141906416843
bb_ipp_nonadaptive,wind,2945,245.33333333333337,1.275396791238608
bb_ipp_nonadaptive,wind,2946,245.41666666666663,1.270484580071913
bb_ipp_nonadaptive,wind,2947,245.5,1.2444236791234196
bb_ipp_nonadaptive,wind,2948,245.58333333333337,1.2388272249743466
bb_ipp_nonadaptive,wind,2949,245.66666666666663,1.2466264220413115
bb_ipp_nonadaptive,wind,2950,245.75,1.2389380151421077
bb_ipp_nonadaptive,wind,2951,245.83333333333337,1.2330040454532503
bb_ipp_nonadaptive,wind,2952,245.91666666666663,1.2456183024832406
bb_ipp_nonadaptive,wind,2953,246.0,1.2304364609760232
bb_ipp_nonadaptive,wind,2954,246.08333333333337,1.2368611072451967
bb_ipp_nonadaptive,wind,2955,246.16666666666663,1.2345958556656673
bb_ipp_nonadaptive,wind,2956,246.25,1.2382761329930965
bb_ipp_nonadaptive,wind,2957,246.33333333333337,1.2200216748366275
bb_ipp_nonadaptive,wind,2958,246.41666666666663,1.2173880793367826
bb_ipp_nonadaptive,wind,2959,246.5,1.2209375501081303
bb_ipp_nonadaptive,wind,2960,246.58333333333337,1.2102137295065332
bb_ipp_nonadaptive,wind,2961,246.66666666666663,1.2111063612418242
bb_ipp_nonadaptive,wind,2962,246.75,1.2124926137378118
bb_ipp_nonadaptive,wind,2963,246.83333333333337,1.2156799222190888
bb_ipp_nonadaptive,wind,2964,246.91666666666663,1.2141442945209138
bb_ipp_nonadaptive,wind,2965,247.0,1.2052128894637344
bb_ipp_nonadaptive,wind,2966,247.08333333333337,1.2038115694291223
bb_ipp_nonadaptive,wind,2967,247.16666666666663,1.2058808977796485
bb_ipp_nonadaptive,wind,2968,247.25,1.1959549748221867
bb_ipp_nonadaptive,wind,2969,247.33333333333337,1.1967909259072953
bb_ipp_nonadaptive,wind,2970,247.41666666666663,1.1970274659529436
bb_ipp_nonadaptive,wind,2971,247.5,1.1952817063760113
bb_ipp_nonadaptive,wind,2972,247.58333333333337,1.19672997162235
bb_ipp_nonadaptive,wind,2973,247.66666666666663,1.200685766005545
bb_ipp_nonadaptive,wind,2974,247.75,1.1977162822219507
bb_ipp_nonadaptive,wind,2975,247.83333333333337,1.1936105519167253
bb_ipp_nonadaptive,wind,2976,247.91666666666663,1.1964568083240021
bb_ipp_nonadaptive,wind,2977,248.0,1.1944613832127746
bb_ipp_nonadaptive,wind,2978,248.08333333333337,1.1944314966376597
bb_ipp_nonadaptive,wind,2979,248.16666666666663,1.1946144401042214
bb_ipp_nonadaptive,wind,2980,248.25,1.1952738854041902
bb_ipp_nonadaptive,wind,2981,248.33333333333337,1.1959983367323743
bb_ipp_nonadaptive,wind,2982,248.41666666666663,1.1973138641679406
bb_ipp_nonadaptive,wind,2983,248.5,1.1974325257669332
bb_ipp_nonadaptive,wind,2984,248.58333333333337,1.1986122381550084
bb_ipp_nonadaptive,wind,2985,248.66666666666663,1.2001285592500484
bb_ipp_nonadaptive,wind,2986,248.75,1.1996625159364975
bb_ipp_nonadaptive,wind,2987,248.83333333333337,1.2016462402565693
bb_ipp_nonadaptive,wind,2988,248.91666666666663,1.2017787886412863
bb_ipp_nonadaptive,wind,2989,249.0,1.2029078829715625
bb_ipp_nonadaptive,wind,2990,249.08333333333337,1.2085782081699614
bb_ipp_nonadaptive,wind,2991,249.16666666666663,1.211430327497471
bb_ipp_nonadaptive,wind,2992,249.25,1.2077275933058502
bb_ipp_nonadaptive,wind,2993,249.33333333333337,1.207222758487413
bb_ipp_nonadaptive,wind,2994,249.41666666666663,1.2103446019442108
bb_ipp_nonadaptive,wind,2995,249.5,1.2109437675409196
bb_ipp_nonadaptive,wind,2996,249.58333333333337,1.213431753077263
bb_ipp_nonadaptive,wind,2997,249.66666666666663,1.2170764865019092
bb_ipp_nonadaptive,wind,2998,249.75,1.2135279886700279
bb_ipp_nonadaptive,wind,2999,249.83333333333337,1.2166688034513997
bb_ipp_nonadaptive,wind,3000,249.91666666666663,1.2137844204797843
bb_ipp_nonadaptive,wind,3001,250.0,1.2198978448446591
bb_ipp_nonadaptive,wind,3002,250.08333333333337,1.2225547171385962
bb_ipp_nonadaptive,wind,3003,250.16666666666663,1.2267090748817957
bb_ipp_nonadaptive,wind,3004,250.25,1.2318209867139958
bb_ipp_nonadaptive,wind,3005,250.33333333333337,1.2313625744387542
bb_ipp_nonadaptive,wind,3006,250.41666666666663,1.2290364574542216
bb_ipp_nonadaptive,wind,3007,250.5,1.2260379756441417
bb_ipp_nonadaptive,wind,3008,250.58333333333337,1.22284540513246
bb_ipp_nonadaptive,wind,3009,250.66666666666663,1.2370029132639604
bb_ipp_nonadaptive,wind,3010,250.75,1.2351897778669318
bb_ipp_nonadaptive,wind,3011,250.83333333333337,1.229139176138124
bb_ipp_nonadaptive,wind,3012,250.91666666666663,1.2319795801899185
bb_ipp_nonadaptive,wind,3013,251.0,1.2312997450030272
bb_ipp_nonadaptive,wind,3014,251.08333333333337,1.2320761253301828
bb_ipp_nonadaptive,wind,3015,251.16666666666663,1.2353167392641604
bb_ipp_nonadaptive,wind,3016,251.25,1.2402769096670623
bb_ipp_nonadaptive,wind,3017,251.33333333333337,1.2318399304993946
bb_ipp_nonadaptive,wind,3018,251.41666666666663,1.2265693507175766
bb_ipp_nonadaptive,wind,3019,251.5,1.2334464447521734
bb_ipp_nonadaptive,wind,3020,251.58333333333337,1.223841368534477
bb_ipp_nonadaptive,wind,3021,251.66666666666663,1.234975845763874
bb_ipp_nonadaptive,wind,3022,251.75,1.2355502818098076
bb_ipp_nonadaptive,wind,3023,251.83333333333337,1.234512961725307
bb_ipp_nonadaptive,wind,3024,251.91666666666663,1.2304076386036327
bb_ipp_nonadaptive,wind,3025,252.0,1.227805530378547
bb_ipp_nonadaptive,wind,3026,252.08333333333337,1.2265880787158094
bb_ipp_nonadaptive,wind,3027,252.16666666666663,1.2272813644425118
bb_ipp_nonadaptive,wind,3028,252.25,1.2279425410732552
bb_ipp_nonadaptive,wind,3029,252.33333333333337,1.22905643677447
bb_ipp_nonadaptive,wind,3030,252.41666666666663,1.230959697113708
bb_ipp_nonadaptive,wind,3031,252.5,1.2318297516227745
bb_ipp_nonadaptive,wind,3032,252.58333333333337,1.239135929919452
bb_ipp_nonadaptive,wind,3033,252.66666666666663,1.243907168911166
bb_ipp_nonadaptive,wind,3034,252.75,1.249983977347456
bb_ipp_nonadaptive,wind,3035,252.83333333333337,1.2500119482377439
bb_ipp_nonadaptive,wind,3036,252.91666666666663,1.2464957240452608
bb_ipp_nonadaptive,wind,3037,253.0,1.2575463452554856
bb_ipp_nonadaptive,wind,3038,253.08333333333337,1.262978309052353
bb_ipp_nonadaptive,wind,3039,253.16666666666663,1.2750094622242265
bb_ipp_nonadaptive,wind,3040,253.25,1.2750178117123516
bb_ipp_nonadaptive,wind,3041,253.33333333333337,1.29945757404238
bb_ipp_nonadaptive,wind,3042,253.41666666666663,1.3084278927062227
bb_ipp_nonadaptive,wind,3043,253.5,1.3224527314242245
bb_ipp_nonadaptive,wind,3044,253.58333333333337,1.3273759760871158
bb_ipp_nonadaptive,wind,3045,253.66666666666663,1.3191232707263414
bb_ipp_nonadaptive,wind,3046,253.75,1.3064512945498976
bb_ipp_nonadaptive,wind,3047,253.83333333333337,1.309121572256559
bb_ipp_nonadaptive,wind,3048,253.91666666666663,1.3273063900507618
bb_ipp_nonadaptive,wind,3049,254.0,1.3096480092261609
bb_ipp_nonadaptive,wind,3050,254.08333333333337,1.3192249419458806
bb_ipp_nonadaptive,wind,3051,254.16666666666663,1.3210579902778947
bb_ipp_nonadaptive,wind,3052,254.25,1.2957632505637964
bb_ipp_nonadaptive,wind,3053,254.33333333333337,1.3214472499880041
bb_ipp_nonadaptive,wind,3054,254.41666666666663,1.3127084017811208
bb_ipp_nonadaptive,wind,3055,254.5,1.3353721199014978
bb_ipp_nonadaptive,wind,3056,254.58333333333337,1.330396017184022
bb_ipp_nonadaptive,wind,3057,254.66666666666663,1.2964679253935454
bb_ipp_nonadaptive,wind,3058,254.75,1.2903346721289282
bb_ipp_nonadaptive,wind,3059,254.83333333333337,1.2845368545904012
bb_ipp_nonadaptive,wind,3060,254.91666666666663,1.2665889621882853
bb_ipp_nonadaptive,wind,3061,255.0,1.2604658751765234
bb_ipp_nonadaptive,wind,3062,255.08333333333337,1.2365762002348528
bb_ipp_nonadaptive,wind,3063,255.16666666666663,1.2460300838017653
bb_ipp_nonadaptive,wind,3064,255.25,1.2491195079473554
bb_ipp_nonadaptive,wind,3065,255.33333333333337,1.2576401307973044
bb_ipp_nonadaptive,wind,3066,255.41666666666663,1.2231149074232868
bb_ipp_nonadaptive,wind,3067,255.5,1.2239256959340266
bb_ipp_nonadaptive,wind,3068,255.58333333333337,1.2219492309805833
bb_ipp_nonadaptive,wind,3069,255.66666666666663,1.222270218482913
bb_ipp_nonadaptive,wind,3070,255.75,1.2115369046050117
bb_ipp_nonadaptive,wind,3071,255.83333333333337,1.2016009427754581
bb_ipp_nonadaptive,wind,3072,255.91666666666663,1.1954411790579178
bb_ipp_nonadaptive,wind,3073,256.0,1.1900076887125397
bb_ipp_nonadaptive,wind,3074,256.08333333333337,1.1841030576373723
bb_ipp_nonadaptive,wind,3075,256.16666666666663,1.1743797892751953
bb_ipp_nonadaptive,wind,3076,256.25,1.1803001728217675
bb_ipp_nonadaptive,wind,3077,256.33333333333337,1.1597189523962377
bb_ipp_nonadaptive,wind,3078,256.41666666666663,1.148321649774506
bb_ipp_nonadaptive,wind,3079,256.5,1.1527830733896238
bb_ipp_nonadaptive,wind,3080,256.58333333333337,1.1537587770477866
bb_ipp_nonadaptive,wind,3081,256.66666666666663,1.1377992434473525
bb_ipp_nonadaptive,wind,3082,256.75,1.1499425941760735
bb_ipp_nonadaptive,wind,3083,256.83333333333337,1.1461413944046377
bb_ipp_nonadaptive,wind,3084,256.91666666666663,1.1554241664706377
bb_ipp_nonadaptive,wind,3085,257.0,1.1463716760767448
bb_ipp_nonadaptive,wind,3086,257.08333333333337,1.1580403071738135
bb_ipp_nonadaptive,wind,3087,257.16666666666663,1.1603244885621187
bb_ipp_nonadaptive,wind,3088,257.25,1.1514564823350704
bb_ipp_nonadaptive,wind,3089,257.33333333333337,1.1556201557107255
bb_ipp_nonadaptive,wind,3090,257.41666666666663,1.1683317749729778
bb_ipp_nonadaptive,wind,3091,257.5,1.1582045669950074
bb_ipp_nonadaptive,wind,3092,257.58333333333337,1.1581516822263442
bb_ipp_nonadaptive,wind,3093,257.66666666666663,1.150286502991537
bb_ipp_nonadaptive,wind,3094,257.75,1.14698893337098
bb_ipp_nonadaptive,wind,3095,257.83333333333337,1.149190424176881
bb_ipp_nonadaptive,wind,3096,257.91666666666663,1.1503822733144962
bb_ipp_nonadaptive,wind,3097,258.0,1.150156031653922
bb_ipp_nonadaptive,wind,3098,258.08333333333337,1.1517507658893285
bb_ipp_nonadaptive,wind,3099,258.16666666666663,1.1527643368071852
bb_ipp_nonadaptive,wind,3100,258.25,1.154407690026635
bb_ipp_nonadaptive,wind,3101,258.33333333333337,1.1516845589786475
bb_ipp_nonadaptive,wind,3102,258.41666666666663,1.1514061573276941
bb_ipp_nonadaptive,wind,3103,258.5,1.1519960545038954
bb_ipp_nonadaptive,wind,3104,258.58333333333337,1.1521373019095666
bb_ipp_nonadaptive,wind,3105,258.66666666666663,1.1566792776288886
bb_ipp_nonadaptive,wind,3106,258.75,1.1547422553918694
bb_ipp_nonadaptive,wind,3107,258.83333333333337,1.1586537895531357
bb_ipp_nonadaptive,wind,3108,258.91666666666663,1.1573720619285142
bb_ipp_nonadaptive,wind,3109,259.0,1.1556366926928872
bb_ipp_nonadaptive,wind,3110,259.08333333333337,1.1545981040483155
bb_ipp_nonadaptive,wind,3111,259.16666666666663,1.1564813869713249
bb_ipp_nonadaptive,wind,3112,259.25,1.1552531202086642
bb_ipp_nonadaptive,wind,3113,259.33333333333337,1.1570572685100449
bb_ipp_nonadaptive,wind,3114,259.41666666666663,1.1598040763939998
bb_ipp_nonadaptive,wind,3115,259.5,1.1594627611454194
bb_ipp_nonadaptive,wind,3116,259.58333333333337,1.1629415635849822
bb_ipp_nonadaptive,wind,3117,259.66666666666663,1.1692660628199705
bb_ipp_nonadaptive,wind,3118,259.75,1.1719133577250622
bb_ipp_nonadaptive,wind,3119,259.83333333333337,1.1658185927508216
bb_ipp_nonadaptive,wind,3120,259.91666666666663,1.1643505899355981
bb_ipp_nonadaptive,wind,3121,260.0,1.1666684934138223
bb_ipp_nonadaptive,wind,3122,260.08333333333337,1.1675870415416851
bb_ipp_nonadaptive,wind,3123,260.16666666666663,1.1660757243894384
bb_ipp_nonadaptive,wind,3124,260.25,1.1682024258929211
bb_ipp_nonadaptive,wind,3125,260.33333333333337,1.165341438550297
bb_ipp_nonadaptive,wind,3126,260.41666666666663,1.168188375198492
bb_ipp_nonadaptive,wind,3127,260.5,1.168755479625108
bb_ipp_nonadaptive,wind,3128,260.58333333333337,1.1668652774713641
bb_ipp_nonadaptive,wind,3129,260.66666666666663,1.1685937228121348
bb_ipp_nonadaptive,wind,3130,260.75,1.1677422762282532
bb_ipp_nonadaptive,wind,3131,260.83333333333337,1.1679096220200331
bb_ipp_nonadaptive,wind,3132,260.91666666666663,1.1696577891129154
bb_ipp_nonadaptive,wind,3133,261.0,1.1715792592250762
bb_ipp_nonadaptive,wind,3134,261.08333333333337,1.1730653306941903
bb_ipp_nonadaptive,wind,3135,261.16666666666663,1.1731341471992522
bb_ipp_nonadaptive,wind,3136,261.25,1.1758455584260068
bb_ipp_nonadaptive,wind,3137,261.33333333333337,1.1774867044990938
bb_ipp_nonadaptive,wind,3138,261.41666666666663,1.1789037813294443
bb_ipp_nonadaptive,wind,3139,261.5,1.1800114867474296
bb_ipp_nonadaptive,wind,3140,261.58333333333337,1.1760384588831236
bb_ipp_nonadaptive,wind,3141,261.66666666666663,1.1765767399682647
bb_ipp_nonadaptive,wind,3142,261.75,1.178035486991717
bb_ipp_nonadaptive,wind,3143,261.83333333333337,1.179273661376697
bb_ipp_nonadaptive,wind,3144,261.91666666666663,1.1820806875391634
bb_ipp_nonadaptive,wind,3145,262.0,1.1824967278441558
bb_ipp_nonadaptive,wind,3146,262.08333333333337,1.1856260447844424
bb_ipp_nonadaptive,wind,3147,262.16666666666663,1.1868628581644514
bb_ipp_nonadaptive,wind,3148,262.25,1.1875776832299676
bb_ipp_nonadaptive,wind,3149,262.33333333333337,1.1901443310628192
bb_ipp_nonadaptive,wind,3150,262.41666666666663,1.1887655190372852
bb_ipp_nonadaptive,wind,3151,262.5,1.1900466280189714
bb_ipp_nonadaptive,wind,3152,262.58333333333337,1.1858367648260264
bb_ipp_nonadaptive,wind,3153,262.66666666666663,1.193631202708253
bb_ipp_nonadaptive,wind,3154,262.75,1.1927306911188242
bb_ipp_nonadaptive,wind,3155,262.83333333333337,1.1899668593693902
bb_ipp_nonadaptive,wind,3156,262.91666666666663,1.1916415320063165
bb_ipp_nonadaptive,wind,3157,263.0,1.1950860765665332
bb_ipp_nonadaptive,wind,3158,263.08333333333337,1.1954820977393015
bb_ipp_nonadaptive,wind,3159,263.16666666666663,1.1921497511806631
bb_ipp_nonadaptive,wind,3160,263.25,1.1887881346862956
bb_ipp_nonadaptive,wind,3161,263.33333333333337,1.1883061651791083
bb_ipp_nonadaptive,wind,3162,263.41666666666663,1.1887894995290573
bb_ipp_nonadaptive,wind,3163,263.5,1.1924427054997522
bb_ipp_nonadaptive,wind,3164,263.58333333333337,1.1911155444263721
bb_ipp_nonadaptive,wind,3165,263.66666666666663,1.1900824918562212
bb_ipp_nonadaptive,wind,3166,263.75,1.1913260018801919
bb_ipp_nonadaptive,wind,3167,263.83333333333337,1.1913847897122993
bb_ipp_nonadaptive,wind,3168,263.91666666666663,1.1914190121672215
bb_ipp_nonadaptive,wind,3169,264.0,1.1927481383247152
bb_ipp_nonadaptive,wind,3170,264.08333333333337,1.194621026158475
bb_ipp_nonadaptive,wind,3171,264.16666666666663,1.1988610312842611
bb_ipp_nonadaptive,wind,3172,264.25,1.2018339414347499
bb_ipp_nonadaptive,wind,3173,264.33333333333337,1.2004083077244714
bb_ipp_nonadaptive,wind,3174,264.41666666666663,1.2017981196678529
bb_ipp_nonadaptive,wind,3175,264.5,1.1973626218447415
bb_ipp_nonadaptive,wind,3176,264.58333333333337,1.1973661297246694
bb_ipp_nonadaptive,wind,3177,264.66666666666663,1.1991760390473745
bb_ipp_nonadaptive,wind,3178,264.75,1.2018175872587784
bb_ipp_nonadaptive,wind,3179,264.83333333333337,1.2014172238689844
bb_ipp_nonadaptive,wind,3180,264.91666666666663,1.2025197590457413
bb_ipp_nonadaptive,wind,3181,265.0,1.2013588543299538
bb_ipp_nonadaptive,wind,3182,265.08333333333337,1.2001893853562235
bb_ipp_nonadaptive,wind,3183,265.16666666666663,1.20179667931027
bb_ipp_nonadaptive,wind,3184,265.25,1.20729443210233
bb_ipp_nonadaptive,wind,3185,265.33333333333337,1.210070005812983
bb_ipp_nonadaptive,wind,3186,265.41666666666663,1.2106134574565743
bb_ipp_nonadaptive,wind,3187,265.5,1.21339249126329
bb_ipp_nonadaptive,wind,3188,265.58333333333337,1.2110318765810242
bb_ipp_nonadaptive,wind,3189,265.66666666666663,1.2103639188308326
bb_ipp_nonadaptive,wind,3190,265.75,1.2150420355762448
bb_ipp_nonadaptive,wind,3191,265.83333333333337,1.2125804159743914
bb_ipp_nonadaptive,wind,3192,265.91666666666663,1.209467648516554
bb_ipp_nonadaptive,wind,3193,266.0,1.2154283310269183
bb_ipp_nonadaptive,wind,3194,266.08333333333337,1.216194546770599
bb_ipp_nonadaptive,wind,3195,266.16666666666663,1.2122610809600138
bb_ipp_nonadaptive,wind,3196,266.25,1.2110765884525514
bb_ipp_nonadaptive,wind,3197,266.33333333333337,1.2135660934580286
bb_ipp_nonadaptive,wind,3198,266.41666666666663,1.2124251489148496
bb_ipp_nonadaptive,wind,3199,266.5,1.2120118218937612
bb_ipp_nonadaptive,wind,3200,266.58333333333337,1.2138199813219253
bb_ipp_nonadaptive,wind,3201,266.66666666666663,1.2159974227382833
bb_ipp_nonadaptive,wind,3202,266.75,1.2175670062443882
bb_ipp_nonadaptive,wind,3203,266.83333333333337,1.2191870490936356
bb_ipp_nonadaptive,wind,3204,266.91666666666663,1.2228267653087417
bb_ipp_nonadaptive,wind,3205,267.0,1.226282650334962
bb_ipp_nonadaptive,wind,3206,267.08333333333337,1.222292506714285
bb_ipp_nonadaptive,wind,3207,267.16666666666663,1.225227054056031
bb_ipp_nonadaptive,wind,3208,267.25,1.2231237614242554
bb_ipp_nonadaptive,wind,3209,267.33333333333337,1.2251411307296416
bb_ipp_nonadaptive,wind,3210,267.41666666666663,1.224979447539201
bb_ipp_nonadaptive,wind,3211,267.5,1.2257634929096066
bb_ipp_nonadaptive,wind,3212,267.58333333333337,1.22670670426841
bb_ipp_nonadaptive,wind,3213,267.66666666666663,1.2250990517311353
bb_ipp_nonadaptive,wind,3214,267.75,1.2229592747081541
bb_ipp_nonadaptive,wind,3215,267.83333333333337,1.2251241162897597
bb_ipp_nonadaptive,wind,3216,267.91666666666663,1.2271288701758971
bb_ipp_nonadaptive,wind,3217,268.0,1.229817619597629
bb_ipp_nonadaptive,wind,3218,268.08333333333337,1.2304395323473518
bb_ipp_nonadaptive,wind,3219,268.16666666666663,1.2301132520486928
bb_ipp_nonadaptive,wind,3220,268.25,1.2308440109668102
bb_ipp_nonadaptive,wind,3221,268.33333333333337,1.2320881529546908
bb_ipp_nonadaptive,wind,3222,268.41666666666663,1.2353250737003632
bb_ipp_nonadaptive,wind,3223,268.5,1.2322221837486755
bb_ipp_nonadaptive,wind,3224,268.58333333333337,1.2300163731313807
bb_ipp_nonadaptive,wind,3225,268.66666666666663,1.2324057030777393
bb_ipp_nonadaptive,wind,3226,268.75,1.2329350055091983
bb_ipp_nonadaptive,wind,3227,268.83333333333337,1.2325217567981268
bb_ipp_nonadaptive,wind,3228,268.91666666666663,1.2317516971418982
bb_ipp_nonadaptive,wind,3229,269.0,1.2335909804934593
bb_ipp_nonadaptive,wind,3230,269.08333333333337,1.2334013883211827
bb_ipp_nonadaptive,wind,3231,269.16666666666663,1.235142866111269
bb_ipp_nonadaptive,wind,3232,269.25,1.2357637523191105
bb_ipp_nonadaptive,wind,3233,269.33333333333337,1.2366549851897162
bb_ipp_nonadaptive,wind,3234,269.41666666666663,1.238613278021039
bb_ipp_nonadaptive,wind,3235,269.5,1.2407377037290552
bb_ipp_nonadaptive,wind,3236,269.58333333333337,1.238478841755089
bb_ipp_nonadaptive,wind,3237,269.66666666666663,1.2397899078027674
bb_ipp_nonadaptive,wind,3238,269.75,1.2423877366758194
bb_ipp_nonadaptive,wind,3239,269.83333333333337,1.2418017677621875
bb_ipp_nonadaptive,wind,3240,269.91666666666663,1.242323418847781
bb_ipp_nonadaptive,wind,3241,270.0,1.2389214702284317
bb_ipp_nonadaptive,wind,3242,270.08333333333337,1.2408417445752713
bb_ipp_nonadaptive,wind,3243,270.16666666666663,1.241549661520199
bb_ipp_nonadaptive,wind,3244,270.25,1.2444163008358213
bb_ipp_nonadaptive,wind,3245,270.33333333333337,1.2466504699838004
bb_ipp_nonadaptive,wind,3246,270.41666666666663,1.2473732946568985
bb_ipp_nonadaptive,wind,3247,270.5,1.2483801446250327
bb_ipp_nonadaptive,wind,3248,270.58333333333337,1.2480554880925294
bb_ipp_nonadaptive,wind,3249,270.66666666666663,1.248602737924542
bb_ipp_nonadaptive,wind,3250,270.75,1.2534146383379987
bb_ipp_nonadaptive,wind,3251,270.83333333333337,1.2574214762258349
bb_ipp_nonadaptive,wind,3252,270.91666666666663,1.2606012380205114
bb_ipp_nonadaptive,wind,3253,271.0,1.2618602372908119
bb_ipp_nonadaptive,wind,3254,271.08333333333337,1.2579192163239183
bb_ipp_nonadaptive,wind,3255,271.16666666666663,1.2560821311581287
bb_ipp_nonadaptive,wind,3256,271.25,1.2577896328464513
bb_ipp_nonadaptive,wind,3257,271.33333333333337,1.2569273434488601
bb_ipp_nonadaptive,wind,3258,271.41666666666663,1.2595345045749609
bb_ipp_nonadaptive,wind,3259,271.5,1.2585643653276049
bb_ipp_nonadaptive,wind,3260,271.58333333333337,1.2624345933141017
bb_ipp_nonadaptive,wind,3261,271.66666666666663,1.2611433713605265
bb_ipp_nonadaptive,wind,3262,271.75,1.263178647328623
bb_ipp_nonadaptive,wind,3263,271.83333333333337,1.2631529204895808
bb_ipp_nonadaptive,wind,3264,271.91666666666663,1.2641120942735702
bb_ipp_nonadaptive,wind,3265,272.0,1.2627248060875242
bb_ipp_nonadaptive,wind,3266,272.08333333333337,1.2604666132548905
bb_ipp_nonadaptive,wind,3267,272.16666666666663,1.2598839775360196
bb_ipp_nonadaptive,wind,3268,272.25,1.260893839413175
bb_ipp_nonadaptive,wind,3269,272.33333333333337,1.263064736645834
bb_ipp_nonadaptive,wind,3270,272.41666666666663,1.2654730720101546
bb_ipp_nonadaptive,wind,3271,272.5,1.2631795732782463
bb_ipp_nonadaptive,wind,3272,272.58333333333337,1.2658847645472904
bb_ipp_nonadaptive,wind,3273,272.66666666666663,1.265284667436738
bb_ipp_nonadaptive,wind,3274,272.75,1.2724549219353354
bb_ipp_nonadaptive,wind,3275,272.83333333333337,1.2738487495540398
bb_ipp_nonadaptive,wind,3276,272.91666666666663,1.2741423654902295
bb_ipp_nonadaptive,wind,3277,273.0,1.2756206807518227
bb_ipp_nonadaptive,wind,3278,273.08333333333337,1.271128550515845
bb_ipp_nonadaptive,wind,3279,273.16666666666663,1.2717303737649819
bb_ipp_nonadaptive,wind,3280,273.25,1.2677007092798878
bb_ipp_nonadaptive,wind,3281,273.33333333333337,1.2668339392273555
bb_ipp_nonadaptive,wind,3282,273.41666666666663,1.2735443469011156
bb_ipp_nonadaptive,wind,3283,273.5,1.2697461715747784
bb_ipp_nonadaptive,wind,3284,273.58333333333337,1.2655697229153702
bb_ipp_nonadaptive,wind,3285,273.66666666666663,1.266541247845157
bb_ipp_nonadaptive,wind,3286,273.75,1.2698241022304322
bb_ipp_nonadaptive,wind,3287,273.83333333333337,1.2696028850168377
bb_ipp_nonadaptive,wind,3288,273.91666666666663,1.270635314198599
bb_ipp_nonadaptive,wind,3289,274.0,1.2721940345814553
bb_ipp_nonadaptive,wind,3290,274.08333333333337,1.2709062364089598
bb_ipp_nonadaptive,wind,3291,274.16666666666663,1.2700031747801979
bb_ipp_nonadaptive,wind,3292,274.25,1.268669709836755
bb_ipp_nonadaptive,wind,3293,274.33333333333337,1.2687814228044012
bb_ipp_nonadaptive,wind,3294,274.41666666666663,1.2697614433052606
bb_ipp_nonadaptive,wind,3295,274.5,1.27071571702497
bb_ipp_nonadaptive,wind,3296,274.58333333333337,1.2713057465826267
bb_ipp_nonadaptive,wind,3297,274.66666666666663,1.27244760891495
bb_ipp_nonadaptive,wind,3298,274.75,1.2747485847847224
bb_ipp_nonadaptive,wind,3299,274.83333333333337,1.2769797880671234
bb_ipp_nonadaptive,wind,3300,274.91666666666663,1.2793370331477
bb_ipp_nonadaptive,wind,3301,275.0,1.2827118963136421
bb_ipp_nonadaptive,wind,3302,275.08333333333337,1.2870534937712026
bb_ipp_nonadaptive,wind,3303,275.16666666666663,1.2892840996022272
bb_ipp_nonadaptive,wind,3304,275.25,1.286297074424408
bb_ipp_nonadaptive,wind,3305,275.33333333333337,1.2848702388030349
bb_ipp_nonadaptive,wind,3306,275.41666666666663,1.284610726314756
bb_ipp_nonadaptive,wind,3307,275.5,1.2849147264684377
bb_ipp_nonadaptive,wind,3308,275.58333333333337,1.2854314237419824
bb_ipp_nonadaptive,wind,3309,275.66666666666663,1.2861293251539105
bb_ipp_nonadaptive,wind,3310,275.75,1.286913113802675
bb_ipp_nonadaptive,wind,3311,275.83333333333337,1.2875672345551699
bb_ipp_nonadaptive,wind,3312,275.91666666666663,1.2882645066254783
bb_ipp_nonadaptive,wind,3313,276.0,1.2889949945065138
bb_ipp_nonadaptive,wind,3314,276.08333333333337,1.2897125209598073
bb_ipp_nonadaptive,wind,3315,276.16666666666663,1.2905010950258196
bb_ipp_nonadaptive,wind,3316,276.25,1.2919673242108434
bb_ipp_nonadaptive,wind,3317,276.33333333333337,1.2946579667552036
bb_ipp_nonadaptive,wind,3318,276.41666666666663,1.2931680304479485
bb_ipp_nonadaptive,wind,3319,276.5,1.2934396286107375
bb_ipp_nonadaptive,wind,3320,276.58333333333337,1.2940837653917723
bb_ipp_nonadaptive,wind,3321,276.66666666666663,1.2962729524746275
bb_ipp_nonadaptive,wind,3322,276.75,1.2952176019519634
bb_ipp_nonadaptive,wind,3323,276.83333333333337,1.2975090962488074
bb_ipp_nonadaptive,wind,3324,276.91666666666663,1.3001959531828076
bb_ipp_nonadaptive,wind,3325,277.0,1.3002554552300558
bb_ipp_nonadaptive,wind,3326,277.08333333333337,1.302241883358074
bb_ipp_nonadaptive,wind,3327,277.16666666666663,1.2997368357480352
bb_ipp_nonadaptive,wind,3328,277.25,1.3002092501591267
bb_ipp_nonadaptive,wind,3329,277.33333333333337,1.306359354142733
bb_ipp_nonadaptive,wind,3330,277.41666666666663,1.3078524830652984
bb_ipp_nonadaptive,wind,3331,277.5,1.3063602792881426
bb_ipp_nonadaptive,wind,3332,277.58333333333337,1.303452049013488
bb_ipp_nonadaptive,wind,3333,277.66666666666663,1.3035717414681298
bb_ipp_nonadaptive,wind,3334,277.75,1.3039174541362004
bb_ipp_nonadaptive,wind,3335,277.83333333333337,1.3048178117616878
bb_ipp_nonadaptive,wind,3336,277.91666666666663,1.3055298668272668
bb_ipp_nonadaptive,wind,3337,278.0,1.3071119444057504
bb_ipp_nonadaptive,wind,3338,278.08333333333337,1.3072884077565712
bb_ipp_nonadaptive,wind,3339,278.16666666666663,1.307858415855375
bb_ipp_nonadaptive,wind,3340,278.25,1.3089662085758393
bb_ipp_nonadaptive,wind,3341,278.33333333333337,1.309514537536214
bb_ipp_nonadaptive,wind,3342,278.41666666666663,1.310817978059234
bb_ipp_nonadaptive,wind,3343,278.5,1.3100787831710807
bb_ipp_nonadaptive,wind,3344,278.58333333333337,1.3112894617003976
bb_ipp_nonadaptive,wind,3345,278.66666666666663,1.3109914695613138
bb_ipp_nonadaptive,wind,3346,278.75,1.311576989740511
bb_ipp_nonadaptive,wind,3347,278.83333333333337,1.3125120409752258
bb_ipp_nonadaptive,wind,3348,278.91666666666663,1.3139098138482392
bb_ipp_nonadaptive,wind,3349,279.0,1.314462639323196
bb_ipp_nonadaptive,wind,3350,279.08333333333337,1.3133610285107722
bb_ipp_nonadaptive,wind,3351,279.16666666666663,1.3140145367914744
bb_ipp_nonadaptive,wind,3352,279.25,1.3147878725113873
bb_ipp_nonadaptive,wind,3353,279.33333333333337,1.3186937908365457
bb_ipp_nonadaptive,wind,3354,279.41666666666663,1.3171336281872412
bb_ipp_nonadaptive,wind,3355,279.5,1.3151699635843157
bb_ipp_nonadaptive,wind,3356,279.58333333333337,1.3179670145491045
bb_ipp_nonadaptive,wind,3357,279.66666666666663,1.3167355139486672
bb_ipp_nonadaptive,wind,3358,279.75,1.3178805896318093
bb_ipp_nonadaptive,wind,3359,279.83333333333337,1.3176174120986432
bb_ipp_nonadaptive,wind,3360,279.91666666666663,1.320010388379198
bb_ipp_nonadaptive,wind,3361,280.0,1.320041232270292
bb_ipp_nonadaptive,wind,3362,280.08333333333337,1.31783995429154
bb_ipp_nonadaptive,wind,3363,280.16666666666663,1.3175158482181897
bb_ipp_nonadaptive,wind,3364,280.25,1.3140977680121488
bb_ipp_nonadaptive,wind,3365,280.33333333333337,1.3176792186945314
bb_ipp_nonadaptive,wind,3366,280.41666666666663,1.3153543521941888
bb_ipp_nonadaptive,wind,3367,280.5,1.3201620677071648
bb_ipp_nonadaptive,wind,3368,280.58333333333337,1.318297847148203
bb_ipp_nonadaptive,wind,3369,280.66666666666663,1.3167291598948234
bb_ipp_nonadaptive,wind,3370,280.75,1.3138876739148055
bb_ipp_nonadaptive,wind,3371,280.83333333333337,1.3129418534186643
bb_ipp_nonadaptive,wind,3372,280.91666666666663,1.3126221176117976
bb_ipp_nonadaptive,wind,3373,281.0,1.3133792732420042
bb_ipp_nonadaptive,wind,3374,281.08333333333337,1.314064486533615
bb_ipp_nonadaptive,wind,3375,281.16666666666663,1.313834985317711
bb_ipp_nonadaptive,wind,3376,281.25,1.3140257413374516
bb_ipp_nonadaptive,wind,3377,281.33333333333337,1.315525488695569
bb_ipp_nonadaptive,wind,3378,281.41666666666663,1.3142878398065452
bb_ipp_nonadaptive,wind,3379,281.5,1.3145506340810933
bb_ipp_nonadaptive,wind,3380,281.58333333333337,1.3150730875655467
bb_ipp_nonadaptive,wind,3381,281.66666666666663,1.315452035468887
bb_ipp_nonadaptive,wind,3382,281.75,1.3166247207375905
bb_ipp_nonadaptive,wind,3383,281.83333333333337,1.3176451221102214
bb_ipp_nonadaptive,wind,3384,281.91666666666663,1.3169092660284107
bb_ipp_nonadaptive,wind,3385,282.0,1.3170977795192287
bb_ipp_nonadaptive,wind,3386,282.08333333333337,1.3174846388497787
bb_ipp_nonadaptive,wind,3387,282.16666666666663,1.3179425165668983
bb_ipp_nonadaptive,wind,3388,282.25,1.3193441489652773
bb_ipp_nonadaptive,wind,3389,282.33333333333337,1.3209794683516218
bb_ipp_nonadaptive,wind,3390,282.41666666666663,1.3210844198259706
bb_ipp_nonadaptive,wind,3391,282.5,1.3218881861400382
bb_ipp_nonadaptive,wind,3392,282.58333333333337,1.3216816393729127
bb_ipp_nonadaptive,wind,3393,282.66666666666663,1.3231450500032358
bb_ipp_nonadaptive,wind,3394,282.75,1.3221485677414029
bb_ipp_nonadaptive,wind,3395,282.83333333333337,1.3209412882962792
bb_ipp_nonadaptive,wind,3396,282.91666666666663,1.32163854363274
bb_ipp_nonadaptive,wind,3397,283.0,1.3225577741899797
bb_ipp_nonadaptive,wind,3398,283.08333333333337,1.3230977958861168
bb_ipp_nonadaptive,wind,3399,283.16666666666663,1.3257264474698323
bb_ipp_nonadaptive,wind,3400,283.25,1.3241212724574627
bb_ipp_nonadaptive,wind,3401,283.33333333333337,1.325318166923182
bb_ipp_nonadaptive,wind,3402,283.41666666666663,1.3299638517726544
bb_ipp_nonadaptive,wind,3403,283.5,1.3258218228814826
bb_ipp_nonadaptive,wind,3404,283.58333333333337,1.3314285882577146
bb_ipp_nonadaptive,wind,3405,283.66666666666663,1.3297356229793278
bb_ipp_nonadaptive,wind,3406,283.75,1.330009788686001
bb_ipp_nonadaptive,wind,3407,283.83333333333337,1.3373268490377415
bb_ipp_nonadaptive,wind,3408,283.91666666666663,1.333733900068924
bb_ipp_nonadaptive,wind,3409,284.0,1.3300138509431436
bb_ipp_nonadaptive,wind,3410,284.08333333333337,1.331309074368965
bb_ipp_nonadaptive,wind,3411,284.16666666666663,1.3334752217113273
bb_ipp_nonadaptive,wind,3412,284.25,1.332058865606198
bb_ipp_nonadaptive,wind,3413,284.33333333333337,1.3341074379584286
bb_ipp_nonadaptive,wind,3414,284.41666666666663,1.3317479677273294
bb_ipp_nonadaptive,wind,3415,284.5,1.334923024118437
bb_ipp_nonadaptive,wind,3416,284.58333333333337,1.3336418331681084
bb_ipp_nonadaptive,wind,3417,284.66666666666663,1.3344913199586577
bb_ipp_nonadaptive,wind,3418,284.75,1.337117445334257
bb_ipp_nonadaptive,wind,3419,284.83333333333337,1.3343747190188082
bb_ipp_nonadaptive,wind,3420,284.91666666666663,1.3366429399287978
bb_ipp_nonadaptive,wind,3421,285.0,1.3349174394492804
bb_ipp_nonadaptive,wind,3422,285.08333333333337,1.3355729344783442
bb_ipp_nonadaptive,wind,3423,285.16666666666663,1.33711555236918
bb_ipp_nonadaptive,wind,3424,285.25,1.3432172517446415
bb_ipp_nonadaptive,wind,3425,285.33333333333337,1.3386569708538263
bb_ipp_nonadaptive,wind,3426,285.41666666666663,1.3444888778482025
bb_ipp_nonadaptive,wind,3427,285.5,1.3431387227603198
bb_ipp_nonadaptive,wind,3428,285.58333333333337,1.3429650029365727
bb_ipp_nonadaptive,wind,3429,285.66666666666663,1.3426866778542008
bb_ipp_nonadaptive,wind,3430,285.75,1.341963864016689
bb_ipp_nonadaptive,wind,3431,285.83333333333337,1.3431783693663961
bb_ipp_nonadaptive,wind,3432,285.91666666666663,1.3431887397350197
bb_ipp_nonadaptive,wind,3433,286.0,1.3434386295264513
bb_ipp_nonadaptive,wind,3434,286.08333333333337,1.3457939551316989
bb_ipp_nonadaptive,wind,3435,286.16666666666663,1.345117643667372
bb_ipp_nonadaptive,wind,3436,286.25,1.3514149574648986
bb_ipp_nonadaptive,wind,3437,286.33333333333337,1.350031566981549
bb_ipp_nonadaptive,wind,3438,286.41666666666663,1.349789537881052
bb_ipp_nonadaptive,wind,3439,286.5,1.3499456847034796
bb_ipp_nonadaptive,wind,3440,286.58333333333337,1.350336987019371
bb_ipp_nonadaptive,wind,3441,286.66666666666663,1.3537380236722005
bb_ipp_nonadaptive,wind,3442,286.75,1.3518338422258074
bb_ipp_nonadaptive,wind,3443,286.83333333333337,1.3538546860403535
bb_ipp_nonadaptive,wind,3444,286.91666666666663,1.3550335802587619
bb_ipp_nonadaptive,wind,3445,287.0,1.3551438948548096
bb_ipp_nonadaptive,wind,3446,287.08333333333337,1.3606828306982381
bb_ipp_nonadaptive,wind,3447,287.16666666666663,1.3682893885096048
bb_ipp_nonadaptive,wind,3448,287.25,1.3627597092342905
bb_ipp_nonadaptive,wind,3449,287.33333333333337,1.3556474966823195
bb_ipp_nonadaptive,wind,3450,287.41666666666663,1.3550767510483992
bb_ipp_nonadaptive,wind,3451,287.5,1.354495223398736
bb_ipp_nonadaptive,wind,3452,287.58333333333337,1.3608753998493988
bb_ipp_nonadaptive,wind,3453,287.66666666666663,1.3560205658791815
bb_ipp_nonadaptive,wind,3454,287.75,1.352908839064949
bb_ipp_nonadaptive,wind,3455,287.83333333333337,1.351381628021821
bb_ipp_nonadaptive,wind,3456,287.91666666666663,1.35459008008785
bb_ipp_nonadaptive,wind,3457,288.0,1.3589198670123588
bb_ipp_nonadaptive,wind,3458,288.08333333333337,1.3639454542547995
bb_ipp_nonadaptive,wind,3459,288.16666666666663,1.370729058255799
bb_ipp_nonadaptive,wind,3460,288.25,1.36177369841734
bb_ipp_nonadaptive,wind,3461,288.33333333333337,1.3591981343013284
bb_ipp_nonadaptive,wind,3462,288.41666666666663,1.3544477563620867
bb_ipp_nonadaptive,wind,3463,288.5,1.353755921670458
bb_ipp_nonadaptive,wind,3464,288.58333333333337,1.3529866182258383
bb_ipp_nonadaptive,wind,3465,288.66666666666663,1.3545416008575712
bb_ipp_nonadaptive,wind,3466,288.75,1.3558321399106836
bb_ipp_nonadaptive,wind,3467,288.83333333333337,1.3542606279317613
bb_ipp_nonadaptive,wind,3468,288.91666666666663,1.3589358794212467
bb_ipp_nonadaptive,wind,3469,289.0,1.3632262144154406
bb_ipp_nonadaptive,wind,3470,289.08333333333337,1.3687008783844359
bb_ipp_nonadaptive,wind,3471,289.16666666666663,1.3840439945070961
bb_ipp_nonadaptive,wind,3472,289.25,1.3925718698584844
bb_ipp_nonadaptive,wind,3473,289.33333333333337,1.3877588039062585
bb_ipp_nonadaptive,wind,3474,289.41666666666663,1.384768960653396
bb_ipp_nonadaptive,wind,3475,289.5,1.4012979031020265
bb_ipp_nonadaptive,wind,3476,289.58333333333337,1.43072600971113
bb_ipp_nonadaptive,wind,3477,289.66666666666663,1.447114948401299
bb_ipp_nonadaptive,wind,3478,289.75,1.4455611853189818
bb_ipp_nonadaptive,wind,3479,289.83333333333337,1.4684006240709913
bb_ipp_nonadaptive,wind,3480,289.91666666666663,1.47879643064639
bb_ipp_nonadaptive,wind,3481,290.0,1.4640807804843514
bb_ipp_nonadaptive,wind,3482,290.08333333333337,1.501155697994974
bb_ipp_nonadaptive,wind,3483,290.16666666666663,1.4929335297729702
bb_ipp_nonadaptive,wind,3484,290.25,1.495368486810377
bb_ipp_nonadaptive,wind,3485,290.33333333333337,1.489314967484644
bb_ipp_nonadaptive,wind,3486,290.41666666666663,1.4962834283392674
bb_ipp_nonadaptive,wind,3487,290.5,1.5124906964123574
bb_ipp_nonadaptive,wind,3488,290.58333333333337,1.5114329920105898
bb_ipp_nonadaptive,wind,3489,290.66666666666663,1.4924281494569644
bb_ipp_nonadaptive,wind,3490,290.75,1.510782112301802
bb_ipp_nonadaptive,wind,3491,290.83333333333337,1.486094770230051
bb_ipp_nonadaptive,wind,3492,290.91666666666663,1.4843576671554795
bb_ipp_nonadaptive,wind,3493,291.0,1.4775159766215629
bb_ipp_nonadaptive,wind,3494,291.08333333333337,1.5255236071358231
bb_ipp_nonadaptive,wind,3495,291.16666666666663,1.4957667223734443
bb_ipp_nonadaptive,wind,3496,291.25,1.478137015164422
bb_ipp_nonadaptive,wind,3497,291.33333333333337,1.4955181693204012
bb_ipp_nonadaptive,wind,3498,291.41666666666663,1.491288608144709
bb_ipp_nonadaptive,wind,3499,291.5,1.471460231778801
bb_ipp_nonadaptive,wind,3500,291.58333333333337,1.462880836666638
bb_ipp_nonadaptive,wind,3501,291.66666666666663,1.4134665227908074
bb_ipp_nonadaptive,wind,3502,291.75,1.3929981210343203
bb_ipp_nonadaptive,wind,3503,291.83333333333337,1.3898724628128811
bb_ipp_nonadaptive,wind,3504,291.91666666666663,1.3881525182330356
bb_ipp_nonadaptive,wind,3505,292.0,1.3655723620477234
bb_ipp_nonadaptive,wind,3506,292.08333333333337,1.355321163264746
bb_ipp_nonadaptive,wind,3507,292.16666666666663,1.3375523744760018
bb_ipp_nonadaptive,wind,3508,292.25,1.331274827929153
bb_ipp_nonadaptive,wind,3509,292.33333333333337,1.3300452527207085
bb_ipp_nonadaptive,wind,3510,292.41666666666663,1.317132617686107
bb_ipp_nonadaptive,wind,3511,292.5,1.3118043071291592
bb_ipp_nonadaptive,wind,3512,292.58333333333337,1.311321833008323
bb_ipp_nonadaptive,wind,3513,292.66666666666663,1.3025997925127875
bb_ipp_nonadaptive,wind,3514,292.75,1.291107618491517
bb_ipp_nonadaptive,wind,3515,292.83333333333337,1.293431791400712
bb_ipp_nonadaptive,wind,3516,292.91666666666663,1.2971021380861956
bb_ipp_nonadaptive,wind,3517,293.0,1.3010481035972692
bb_ipp_nonadaptive,wind,3518,293.08333333333337,1.2787269523624052
bb_ipp_nonadaptive,wind,3519,293.16666666666663,1.2700432020735983
bb_ipp_nonadaptive,wind,3520,293.25,1.2669512743123088
bb_ipp_nonadaptive,wind,3521,293.33333333333337,1.2462316341191633
bb_ipp_nonadaptive,wind,3522,293.41666666666663,1.24576753050564
bb_ipp_nonadaptive,wind,3523,293.5,1.2501895809605257
bb_ipp_nonadaptive,wind,3524,293.58333333333337,1.250633227444233
bb_ipp_nonadaptive,wind,3525,293.66666666666663,1.2611868338677774
bb_ipp_nonadaptive,wind,3526,293.75,1.259891533710553
bb_ipp_nonadaptive,wind,3527,293.83333333333337,1.245873170309316
bb_ipp_nonadaptive,wind,3528,293.91666666666663,1.248866417167171
bb_ipp_nonadaptive,wind,3529,294.0,1.24883781304025
bb_ipp_nonadaptive,wind,3530,294.08333333333337,1.2486676018483664
bb_ipp_nonadaptive,wind,3531,294.16666666666663,1.2435281109955632
bb_ipp_nonadaptive,wind,3532,294.25,1.2368423005884217
bb_ipp_nonadaptive,wind,3533,294.33333333333337,1.2444468453640352
bb_ipp_nonadaptive,wind,3534,294.41666666666663,1.2468652020759527
bb_ipp_nonadaptive,wind,3535,294.5,1.2416091340643274
bb_ipp_nonadaptive,wind,3536,294.58333333333337,1.2402391544943099
bb_ipp_nonadaptive,wind,3537,294.66666666666663,1.2359011663837092
bb_ipp_nonadaptive,wind,3538,294.75,1.2372497731777048
bb_ipp_nonadaptive,wind,3539,294.83333333333337,1.2380735442442472
bb_ipp_nonadaptive,wind,3540,294.91666666666663,1.2358797958723011
bb_ipp_nonadaptive,wind,3541,295.0,1.234977057714224
bb_ipp_nonadaptive,wind,3542,295.08333333333337,1.237301091111578
bb_ipp_nonadaptive,wind,3543,295.16666666666663,1.2370573482511218
bb_ipp_nonadaptive,wind,3544,295.25,1.2398245957455127
bb_ipp_nonadaptive,wind,3545,295.33333333333337,1.2391185604212276
bb_ipp_nonadaptive,wind,3546,295.41666666666663,1.2393457768606781
bb_ipp_nonadaptive,wind,3547,295.5,1.2357959086659898
bb_ipp_nonadaptive,wind,3548,295.58333333333337,1.2369751081785931
bb_ipp_nonadaptive,wind,3549,295.66666666666663,1.2361132642894794
bb_ipp_nonadaptive,wind,3550,295.75,1.2367508176802682
bb_ipp_nonadaptive,wind,3551,295.83333333333337,1.2377581329217922
bb_ipp_nonadaptive,wind,3552,295.91666666666663,1.2394471520480344
bb_ipp_nonadaptive,wind,3553,296.0,1.2389290989024706
bb_ipp_nonadaptive,wind,3554,296.08333333333337,1.2382055805024814
bb_ipp_nonadaptive,wind,3555,296.16666666666663,1.2393087454444256
bb_ipp_nonadaptive,wind,3556,296.25,1.2398862302036817
bb_ipp_nonadaptive,wind,3557,296.33333333333337,1.2395587668808639
bb_ipp_nonadaptive,wind,3558,296.41666666666663,1.2398461471381024
bb_ipp_nonadaptive,wind,3559,296.5,1.240471588492781
bb_ipp_nonadaptive,wind,3560,296.58333333333337,1.2417046244942622
bb_ipp_nonadaptive,wind,3561,296.66666666666663,1.2413437111075991
bb_ipp_nonadaptive,wind,3562,296.75,1.2423355146576678
bb_ipp_nonadaptive,wind,3563,296.83333333333337,1.2491890629105897
bb_ipp_nonadaptive,wind,3564,296.91666666666663,1.2463785715413607
bb_ipp_nonadaptive,wind,3565,297.0,1.2439026446444283
bb_ipp_nonadaptive,wind,3566,297.08333333333337,1.2484546750660293
bb_ipp_nonadaptive,wind,3567,297.16666666666663,1.2439687632041951
bb_ipp_nonadaptive,wind,3568,297.25,1.243177072223521
bb_ipp_nonadaptive,wind,3569,297.33333333333337,1.2462015046134554
bb_ipp_nonadaptive,wind,3570,297.41666666666663,1.2438312162698397
bb_ipp_nonadaptive,wind,3571,297.5,1.2447773933764774
bb_ipp_nonadaptive,wind,3572,297.58333333333337,1.2443361913674582
bb_ipp_nonadaptive,wind,3573,297.66666666666663,1.246464736278327
bb_ipp_nonadaptive,wind,3574,297.75,1.252926954980405
bb_ipp_nonadaptive,wind,3575,297.83333333333337,1.2553898810262643
bb_ipp_nonadaptive,wind,3576,297.91666666666663,1.2545773625240628
bb_ipp_nonadaptive,wind,3577,298.0,1.2576543308421586
bb_ipp_nonadaptive,wind,3578,298.08333333333337,1.2576150344204617
bb_ipp_nonadaptive,wind,3579,298.16666666666663,1.2697037090086332
bb_ipp_nonadaptive,wind,3580,298.25,1.2741192031259683
bb_ipp_nonadaptive,wind,3581,298.33333333333337,1.269314857657401
bb_ipp_nonadaptive,wind,3582,298.41666666666663,1.2681641377660342
bb_ipp_nonadaptive,wind,3583,298.5,1.259721495310395
bb_ipp_nonadaptive,wind,3584,298.58333333333337,1.258406814530622
bb_ipp_nonadaptive,wind,3585,298.66666666666663,1.259996263432014
bb_ipp_nonadaptive,wind,3586,298.75,1.2598305037295545
bb_ipp_nonadaptive,wind,3587,298.83333333333337,1.265189304250329
bb_ipp_nonadaptive,wind,3588,298.91666666666663,1.2666312317132105
bb_ipp_nonadaptive,wind,3589,299.0,1.2621012921497867
bb_ipp_nonadaptive,wind,3590,299.08333333333337,1.26300364052914
bb_ipp_nonadaptive,wind,3591,299.16666666666663,1.252420399333775
bb_ipp_nonadaptive,wind,3592,299.25,1.250228938135881
bb_ipp_nonadaptive,wind,3593,299.33333333333337,1.2549315200327857
bb_ipp_nonadaptive,wind,3594,299.41666666666663,1.2533949472518913
bb_ipp_nonadaptive,wind,3595,299.5,1.2525106778302162
bb_ipp_nonadaptive,wind,3596,299.58333333333337,1.256691279114474
bb_ipp_nonadaptive,wind,3597,299.66666666666663,1.2537166227404182
bb_ipp_nonadaptive,wind,3598,299.75,1.2506626572694797
bb_ipp_nonadaptive,wind,3599,299.83333333333337,1.244789369046807
bb_ipp_nonadaptive,wind,3600,299.91666666666663,1.248288183461644
bb_ipp_nonadaptive,wind,3601,300.0,1.2498221802782385
bb_ipp_nonadaptive,wind,3602,300.08333333333337,1.2424807953450507
bb_ipp_nonadaptive,wind,3603,300.16666666666663,1.2424941361081436
bb_ipp_nonadaptive,wind,3604,300.25,1.241935507957411
bb_ipp_nonadaptive,wind,3605,300.33333333333337,1.2434981201907391
bb_ipp_nonadaptive,wind,3606,300.41666666666663,1.2448357084773107
bb_ipp_nonadaptive,wind,3607,300.5,1.245136220855685
bb_ipp_nonadaptive,wind,3608,300.58333333333337,1.24798937405057
bb_ipp_nonadaptive,wind,3609,300.66666666666663,1.252129838309445
bb_ipp_nonadaptive,wind,3610,300.75,1.2517081156889562
bb_ipp_nonadaptive,wind,3611,300.83333333333337,1.2528752529180816
bb_ipp_nonadaptive,wind,3612,300.91666666666663,1.2588357589562387
bb_ipp_nonadaptive,wind,3613,301.0,1.2635467296071345
bb_ipp_nonadaptive,wind,3614,301.08333333333337,1.285003286531828
bb_ipp_nonadaptive,wind,3615,301.16666666666663,1.2979197342604722
bb_ipp_nonadaptive,wind,3616,301.25,1.297163526356984
bb_ipp_nonadaptive,wind,3617,301.33333333333337,1.314913744087536
bb_ipp_nonadaptive,wind,3618,301.41666666666663,1.3287782247828852
bb_ipp_nonadaptive,wind,3619,301.5,1.3364794798563213
bb_ipp_nonadaptive,wind,3620,301.58333333333337,1.35911810742181
bb_ipp_nonadaptive,wind,3621,301.66666666666663,1.362169221765447
bb_ipp_nonadaptive,wind,3622,301.75,1.3620226336574937
bb_ipp_nonadaptive,wind,3623,301.83333333333337,1.414135704175252
bb_ipp_nonadaptive,wind,3624,301.91666666666663,1.4188766258244014
bb_ipp_nonadaptive,wind,3625,302.0,1.4155366212748548
bb_ipp_nonadaptive,wind,3626,302.08333333333337,1.4255711075064716
bb_ipp_nonadaptive,wind,3627,302.16666666666663,1.4418383857337822
bb_ipp_nonadaptive,wind,3628,302.25,1.4697186303871093
bb_ipp_nonadaptive,wind,3629,302.33333333333337,1.4871274323449797
bb_ipp_nonadaptive,wind,3630,302.41666666666663,1.495679550950583
bb_ipp_nonadaptive,wind,3631,302.5,1.5003749668337916
bb_ipp_nonadaptive,wind,3632,302.58333333333337,1.5078952260444403
bb_ipp_nonadaptive,wind,3633,302.66666666666663,1.4903108225513466
bb_ipp_nonadaptive,wind,3634,302.75,1.4929066603224799
bb_ipp_nonadaptive,wind,3635,302.83333333333337,1.5392130954500258
bb_ipp_nonadaptive,wind,3636,302.91666666666663,1.5300389726686077
bb_ipp_nonadaptive,wind,3637,303.0,1.5111881153883133
bb_ipp_nonadaptive,wind,3638,303.08333333333337,1.5055246643903009
bb_ipp_nonadaptive,wind,3639,303.16666666666663,1.5050293653316977
bb_ipp_nonadaptive,wind,3640,303.25,1.5372858496944426
bb_ipp_nonadaptive,wind,3641,303.33333333333337,1.524033869415074
bb_ipp_nonadaptive,wind,3642,303.41666666666663,1.541674562119837
bb_ipp_nonadaptive,wind,3643,303.5,1.5141559381604899
bb_ipp_nonadaptive,wind,3644,303.58333333333337,1.509466699180796
bb_ipp_nonadaptive,wind,3645,303.66666666666663,1.5087396170194878
bb_ipp_nonadaptive,wind,3646,303.75,1.4757101067072054
bb_ipp_nonadaptive,wind,3647,303.83333333333337,1.497084998916172
bb_ipp_nonadaptive,wind,3648,303.91666666666663,1.4887764564829382
bb_ipp_nonadaptive,wind,3649,304.0,1.4629019723539503
bb_ipp_nonadaptive,wind,3650,304.08333333333337,1.4811016868888007
bb_ipp_nonadaptive,wind,3651,304.16666666666663,1.4650235131206937
bb_ipp_nonadaptive,wind,3652,304.25,1.4847666780520041
bb_ipp_nonadaptive,wind,3653,304.33333333333337,1.4385333443287192
bb_ipp_nonadaptive,wind,3654,304.41666666666663,1.422855422119058
bb_ipp_nonadaptive,wind,3655,304.5,1.3929113365232841
bb_ipp_nonadaptive,wind,3656,304.58333333333337,1.4067254835752492
bb_ipp_nonadaptive,wind,3657,304.66666666666663,1.3906075631815094
bb_ipp_nonadaptive,wind,3658,304.75,1.409263640965416
bb_ipp_nonadaptive,wind,3659,304.83333333333337,1.3725329889980558
bb_ipp_nonadaptive,wind,3660,304.91666666666663,1.3441613194378823
bb_ipp_nonadaptive,wind,3661,305.0,1.373159079140849
bb_ipp_nonadaptive,wind,3662,305.08333333333337,1.3476601970531916
bb_ipp_nonadaptive,wind,3663,305.16666666666663,1.3151429097569594
bb_ipp_nonadaptive,wind,3664,305.25,1.315701029925201
bb_ipp_nonadaptive,wind,3665,305.33333333333337,1.291325792559537
bb_ipp_nonadaptive,wind,3666,305.41666666666663,1.2946340865424177
bb_ipp_nonadaptive,wind,3667,305.5,1.3010258669119523
bb_ipp_nonadaptive,wind,3668,305.58333333333337,1.287635793771737
bb_ipp_nonadaptive,wind,3669,305.66666666666663,1.2943453903087028
bb_ipp_nonadaptive,wind,3670,305.75,1.2797577980295765
bb_ipp_nonadaptive,wind,3671,305.83333333333337,1.2750853453336002
bb_ipp_nonadaptive,wind,3672,305.91666666666663,1.2576118495481359
bb_ipp_nonadaptive,wind,3673,306.0,1.2567227219096342
bb_ipp_nonadaptive,wind,3674,306.08333333333337,1.2344318188172398
bb_ipp_nonadaptive,wind,3675,306.16666666666663,1.2495925269603054
bb_ipp_nonadaptive,wind,3676,306.25,1.2424730341542336
bb_ipp_nonadaptive,wind,3677,306.33333333333337,1.2447440103460252
bb_ipp_nonadaptive,wind,3678,306.41666666666663,1.2446905312911132
bb_ipp_nonadaptive,wind,3679,306.5,1.2440255491595287
bb_ipp_nonadaptive,wind,3680,306.58333333333337,1.2409459486729426
bb_ipp_nonadaptive,wind,3681,306.66666666666663,1.2336080590290925
bb_ipp_nonadaptive,wind,3682,306.75,1.2258565638619365
bb_ipp_nonadaptive,wind,3683,306.83333333333337,1.226208213634949
bb_ipp_nonadaptive,wind,3684,306.91666666666663,1.2228872729231977
bb_ipp_nonadaptive,wind,3685,307.0,1.2203847870533415
bb_ipp_nonadaptive,wind,3686,307.08333333333337,1.2223119316835336
bb_ipp_nonadaptive,wind,3687,307.16666666666663,1.2307830126568255
bb_ipp_nonadaptive,wind,3688,307.25,1.223644272302169
bb_ipp_nonadaptive,wind,3689,307.33333333333337,1.2308540015318512
bb_ipp_nonadaptive,wind,3690,307.41666666666663,1.2278151519314682
bb_ipp_nonadaptive,wind,3691,307.5,1.233343790276227
bb_ipp_nonadaptive,wind,3692,307.58333333333337,1.2375491673341616
bb_ipp_nonadaptive,wind,3693,307.66666666666663,1.2295464482095533
bb_ipp_nonadaptive,wind,3694,307.75,1.2277997645353458
bb_ipp_nonadaptive,wind,3695,307.83333333333337,1.226019086531659
bb_ipp_nonadaptive,wind,3696,307.91666666666663,1.2252890800730505
bb_ipp_nonadaptive,wind,3697,308.0,1.2291799685273113
bb_ipp_nonadaptive,wind,3698,308.08333333333337,1.2311560587922044
bb_ipp_nonadaptive,wind,3699,308.16666666666663,1.232269311060902
bb_ipp_nonadaptive,wind,3700,308.25,1.236013079254027
bb_ipp_nonadaptive,wind,3701,308.33333333333337,1.2318834001755683
bb_ipp_nonadaptive,wind,3702,308.41666666666663,1.228353666863039
bb_ipp_nonadaptive,wind,3703,308.5,1.2283090094406846
bb_ipp_nonadaptive,wind,3704,308.58333333333337,1.2275771277081886
bb_ipp_nonadaptive,wind,3705,308.66666666666663,1.230663526029747
bb_ipp_nonadaptive,wind,3706,308.75,1.2338283525659919
bb_ipp_nonadaptive,wind,3707,308.83333333333337,1.2297819415224054
bb_ipp_nonadaptive,wind,3708,308.91666666666663,1.2287042920661206
bb_ipp_nonadaptive,wind,3709,309.0,1.227922138110615
bb_ipp_nonadaptive,wind,3710,309.08333333333337,1.2330118104550303
bb_ipp_nonadaptive,wind,3711,309.16666666666663,1.2321116048922989
bb_ipp_nonadaptive,wind,3712,309.25,1.2306085242682583
bb_ipp_nonadaptive,wind,3713,309.33333333333337,1.2304932211197437
bb_ipp_nonadaptive,wind,3714,309.41666666666663,1.2327751410311543
bb_ipp_nonadaptive,wind,3715,309.5,1.2315105323818873
bb_ipp_nonadaptive,wind,3716,309.58333333333337,1.2317129544503274
bb_ipp_nonadaptive,wind,3717,309.66666666666663,1.2336910291671062
bb_ipp_nonadaptive,wind,3718,309.75,1.2341836404917097
bb_ipp_nonadaptive,wind,3719,309.83333333333337,1.2339568151072706
bb_ipp_nonadaptive,wind,3720,309.91666666666663,1.2342907945144856
bb_ipp_nonadaptive,wind,3721,310.0,1.2347765850423247
bb_ipp_nonadaptive,wind,3722,310.08333333333337,1.2355652026297834
bb_ipp_nonadaptive,wind,3723,310.16666666666663,1.2359208743155667
bb_ipp_nonadaptive,wind,3724,310.25,1.2364069668347297
bb_ipp_nonadaptive,wind,3725,310.33333333333337,1.236897706024084
bb_ipp_nonadaptive,wind,3726,310.41666666666663,1.2376488666279635
bb_ipp_nonadaptive,wind,3727,310.5,1.2383519150987563
bb_ipp_nonadaptive,wind,3728,310.58333333333337,1.2388888205241964
bb_ipp_nonadaptive,wind,3729,310.66666666666663,1.2405399732381
bb_ipp_nonadaptive,wind,3730,310.75,1.240535723852147
bb_ipp_nonadaptive,wind,3731,310.83333333333337,1.2411365999091728
bb_ipp_nonadaptive,wind,3732,310.91666666666663,1.2415060229170805
bb_ipp_nonadaptive,wind,3733,311.0,1.2429009438895138
bb_ipp_nonadaptive,wind,3734,311.08333333333337,1.24225830449011
bb_ipp_nonadaptive,wind,3735,311.16666666666663,1.243197465405179
bb_ipp_nonadaptive,wind,3736,311.25,1.2444211762551642
bb_ipp_nonadaptive,wind,3737,311.33333333333337,1.2470953263276874
bb_ipp_nonadaptive,wind,3738,311.41666666666663,1.2480207597932027
bb_ipp_nonadaptive,wind,3739,311.5,1.2496878973499561
bb_ipp_nonadaptive,wind,3740,311.58333333333337,1.2497445318855815
bb_ipp_nonadaptive,wind,3741,311.66666666666663,1.2504754704501502
bb_ipp_nonadaptive,wind,3742,311.75,1.2510442512558853
bb_ipp_nonadaptive,wind,3743,311.83333333333337,1.2517279393401948
bb_ipp_nonadaptive,wind,3744,311.91666666666663,1.2520441061417995
bb_ipp_nonadaptive,wind,3745,312.0,1.2533149762637146
bb_ipp_nonadaptive,wind,3746,312.08333333333337,1.2541490365572223
bb_ipp_nonadaptive,wind,3747,312.16666666666663,1.2538707890316132
bb_ipp_nonadaptive,wind,3748,312.25,1.254874091071873
bb_ipp_nonadaptive,wind,3749,312.33333333333337,1.2551754331959417
bb_ipp_nonadaptive,wind,3750,312.41666666666663,1.2559823644786554
bb_ipp_nonadaptive,wind,3751,312.5,1.2576355220766187
bb_ipp_nonadaptive,wind,3752,312.58333333333337,1.2649165115122547
bb_ipp_nonadaptive,wind,3753,312.66666666666663,1.264919709963792
bb_ipp_nonadaptive,wind,3754,312.75,1.2770786076871157
bb_ipp_nonadaptive,wind,3755,312.83333333333337,1.272737488062967
bb_ipp_nonadaptive,wind,3756,312.91666666666663,1.269665473868188
bb_ipp_nonadaptive,wind,3757,313.0,1.265968718401014
bb_ipp_nonadaptive,wind,3758,313.08333333333337,1.2649624333008227
bb_ipp_nonadaptive,wind,3759,313.16666666666663,1.2648626923191755
bb_ipp_nonadaptive,wind,3760,313.25,1.2657076587538276
bb_ipp_nonadaptive,wind,3761,313.33333333333337,1.265715708921682
bb_ipp_nonadaptive,wind,3762,313.41666666666663,1.2662185456204056
bb_ipp_nonadaptive,wind,3763,313.5,1.266737366782072
bb_ipp_nonadaptive,wind,3764,313.58333333333337,1.267200438991944
bb_ipp_nonadaptive,wind,3765,313.66666666666663,1.2678107529244156
bb_ipp_nonadaptive,wind,3766,313.75,1.2683854501237608
bb_ipp_nonadaptive,wind,3767,313.83333333333337,1.268915700493816
bb_ipp_nonadaptive,wind,3768,313.91666666666663,1.269347640528531
bb_ipp_nonadaptive,wind,3769,314.0,1.2707948998125997
bb_ipp_nonadaptive,wind,3770,314.08333333333337,1.270692217529352
bb_ipp_nonadaptive,wind,3771,314.16666666666663,1.271167509089248
bb_ipp_nonadaptive,wind,3772,314.25,1.2715714777623393
bb_ipp_nonadaptive,wind,3773,314.33333333333337,1.2721008671971128
bb_ipp_nonadaptive,wind,3774,314.41666666666663,1.2725022582004093
bb_ipp_nonadaptive,wind,3775,314.5,1.2729773395131874
bb_ipp_nonadaptive,wind,3776,314.58333333333337,1.273628845063022
bb_ipp_nonadaptive,wind,3777,314.66666666666663,1.2740554862832874
bb_ipp_nonadaptive,wind,3778,314.75,1.2742638313277352
bb_ipp_nonadaptive,wind,3779,314.83333333333337,1.2746624145857057
bb_ipp_nonadaptive,wind,3780,314.91666666666663,1.2753355185285737
bb_ipp_nonadaptive,wind,3781,315.0,1.2753552190850346
bb_ipp_nonadaptive,wind,3782,315.08333333333337,1.2758508110348175
bb_ipp_nonadaptive,wind,3783,315.16666666666663,1.2762065730861796
bb_ipp_nonadaptive,wind,3784,315.25,1.2766382430494991
bb_ipp_nonadaptive,wind,3785,315.33333333333337,1.2769995643721543
bb_ipp_nonadaptive,wind,3786,315.41666666666663,1.2773647736820535
bb_ipp_nonadaptive,wind,3787,315.5,1.2778565914227678
bb_ipp_nonadaptive,wind,3788,315.58333333333337,1.2784552919312875
bb_ipp_nonadaptive,wind,3789,315.66666666666663,1.278715140755357
bb_ipp_nonadaptive,wind,3790,315.75,1.2792438504523012
bb_ipp_nonadaptive,wind,3791,315.83333333333337,1.2793854731819803
bb_ipp_nonadaptive,wind,3792,315.91666666666663,1.280050847486126
bb_ipp_nonadaptive,wind,3793,316.0,1.280438888009913
bb_ipp_nonadaptive,wind,3794,316.08333333333337,1.2812314393150495
bb_ipp_nonadaptive,wind,3795,316.16666666666663,1.2810664246793173
bb_ipp_nonadaptive,wind,3796,316.25,1.2816150760766494
bb_ipp_nonadaptive,wind,3797,316.33333333333337,1.2821202727927123
bb_ipp_nonadaptive,wind,3798,316.41666666666663,1.2828801005614523
bb_ipp_nonadaptive,wind,3799,316.5,1.2828739203534858
bb_ipp_nonadaptive,wind,3800,316.58333333333337,1.2830506075188148
bb_ipp_nonadaptive,wind,3801,316.66666666666663,1.2836762135732036
bb_ipp_nonadaptive,wind,3802,316.75,1.2836447989520026
bb_ipp_nonadaptive,wind,3803,316.83333333333337,1.2836874218640473
bb_ipp_nonadaptive,wind,3804,316.91666666666663,1.2841495015350861
bb_ipp_nonadaptive,wind,3805,317.0,1.285215560374925
bb_ipp_nonadaptive,wind,3806,317.08333333333337,1.2851289043551433
bb_ipp_nonadaptive,wind,3807,317.16666666666663,1.2865349728941713
bb_ipp_nonadaptive,wind,3808,317.25,1.288347759442995
bb_ipp_nonadaptive,wind,3809,317.33333333333337,1.289180724217685
bb_ipp_nonadaptive,wind,3810,317.41666666666663,1.2895095402412455
bb_ipp_nonadaptive,wind,3811,317.5,1.2883914825431646
bb_ipp_nonadaptive,wind,3812,317.58333333333337,1.2898870939610632
bb_ipp_nonadaptive,wind,3813,317.66666666666663,1.2891962494092695
bb_ipp_nonadaptive,wind,3814,317.75,1.2897154781561402
bb_ipp_nonadaptive,wind,3815,317.83333333333337,1.290593567458521
bb_ipp_nonadaptive,wind,3816,317.91666666666663,1.290674174514098
bb_ipp_nonadaptive,wind,3817,318.0,1.2914802026231407
bb_ipp_nonadaptive,wind,3818,318.08333333333337,1.2929366700212495
bb_ipp_nonadaptive,wind,3819,318.16666666666663,1.2924274521203858
bb_ipp_nonadaptive,wind,3820,318.25,1.2927340916454895
bb_ipp_nonadaptive,wind,3821,318.33333333333337,1.2941150618469157
bb_ipp_nonadaptive,wind,3822,318.41666666666663,1.2938258678298888
bb_ipp_nonadaptive,wind,3823,318.5,1.2932304677146862
bb_ipp_nonadaptive,wind,3824,318.58333333333337,1.2940273682968588
bb_ipp_nonadaptive,wind,3825,318.66666666666663,1.2944657933151675
bb_ipp_nonadaptive,wind,3826,318.75,1.294405102337103
bb_ipp_nonadaptive,wind,3827,318.83333333333337,1.2956619508522578
bb_ipp_nonadaptive,wind,3828,318.91666666666663,1.2957015846339697
bb_ipp_nonadaptive,wind,3829,319.0,1.2959190957000044
bb_ipp_nonadaptive,wind,3830,319.08333333333337,1.2970565728430268
bb_ipp_nonadaptive,wind,3831,319.16666666666663,1.2980854516606202
bb_ipp_nonadaptive,wind,3832,319.25,1.2986511438115913
bb_ipp_nonadaptive,wind,3833,319.33333333333337,1.3008490571640965
bb_ipp_nonadaptive,wind,3834,319.41666666666663,1.306263715758432
bb_ipp_nonadaptive,wind,3835,319.5,1.3118960661128816
bb_ipp_nonadaptive,wind,3836,319.58333333333337,1.3105836516742355
bb_ipp_nonadaptive,wind,3837,319.66666666666663,1.317819959403189
bb_ipp_nonadaptive,wind,3838,319.75,1.3194826959221302
bb_ipp_nonadaptive,wind,3839,319.83333333333337,1.334627844469886
bb_ipp_nonadaptive,wind,3840,319.91666666666663,1.3490332543403403
bb_ipp_nonadaptive,wind,3841,320.0,1.3690326473370726
bb_ipp_nonadaptive,wind,3842,320.08333333333337,1.373176218706631
bb_ipp_nonadaptive,wind,3843,320.16666666666663,1.3851166418806369
bb_ipp_nonadaptive,wind,3844,320.25,1.405007858694629
bb_ipp_nonadaptive,wind,3845,320.33333333333337,1.3974941386785529
bb_ipp_nonadaptive,wind,3846,320.41666666666663,1.3995362354704377
bb_ipp_nonadaptive,wind,3847,320.5,1.3967472528549354
bb_ipp_nonadaptive,wind,3848,320.58333333333337,1.442883111443077
bb_ipp_nonadaptive,wind,3849,320.66666666666663,1.4593335348484493
bb_ipp_nonadaptive,wind,3850,320.75,1.4959547259510912
bb_ipp_nonadaptive,wind,3851,320.83333333333337,1.5501087352582898
bb_ipp_nonadaptive,wind,3852,320.91666666666663,1.5552967763511591
bb_ipp_nonadaptive,wind,3853,321.0,1.5513550036058263
bb_ipp_nonadaptive,wind,3854,321.08333333333337,1.5986517455299267
bb_ipp_nonadaptive,wind,3855,321.16666666666663,1.6229827543722553
bb_ipp_nonadaptive,wind,3856,321.25,1.5921950560671816
bb_ipp_nonadaptive,wind,3857,321.33333333333337,1.5968156948078573
bb_ipp_nonadaptive,wind,3858,321.41666666666663,1.5778732316169322
bb_ipp_nonadaptive,wind,3859,321.5,1.556174251298633
bb_ipp_nonadaptive,wind,3860,321.58333333333337,1.5019382314125067
bb_ipp_nonadaptive,wind,3861,321.66666666666663,1.441359994953259
bb_ipp_nonadaptive,wind,3862,321.75,1.4962572554300044
bb_ipp_nonadaptive,wind,3863,321.83333333333337,1.4928443097164068
bb_ipp_nonadaptive,wind,3864,321.91666666666663,1.440746984397273
bb_ipp_nonadaptive,wind,3865,322.0,1.4236697239731442
bb_ipp_nonadaptive,wind,3866,322.08333333333337,1.4096320215986842
bb_ipp_nonadaptive,wind,3867,322.16666666666663,1.3740317027724602
bb_ipp_nonadaptive,wind,3868,322.25,1.3751472559496996
bb_ipp_nonadaptive,wind,3869,322.33333333333337,1.3728376595768605
bb_ipp_nonadaptive,wind,3870,322.41666666666663,1.3872295731862025
bb_ipp_nonadaptive,wind,3871,322.5,1.3527085402627352
bb_ipp_nonadaptive,wind,3872,322.58333333333337,1.3170020031416372
bb_ipp_nonadaptive,wind,3873,322.66666666666663,1.2825247075713864
bb_ipp_nonadaptive,wind,3874,322.75,1.2700360327537574
bb_ipp_nonadaptive,wind,3875,322.83333333333337,1.2447972230661755
bb_ipp_nonadaptive,wind,3876,322.91666666666663,1.2221751641852512
bb_ipp_nonadaptive,wind,3877,323.0,1.2161775607358951
bb_ipp_nonadaptive,wind,3878,323.08333333333337,1.2181916553637278
bb_ipp_nonadaptive,wind,3879,323.16666666666663,1.2082730998101603
bb_ipp_nonadaptive,wind,3880,323.25,1.2071843915984184
bb_ipp_nonadaptive,wind,3881,323.33333333333337,1.2080470790477933
bb_ipp_nonadaptive,wind,3882,323.41666666666663,1.1989483917336643
bb_ipp_nonadaptive,wind,3883,323.5,1.1882297599078964
bb_ipp_nonadaptive,wind,3884,323.58333333333337,1.177919014653758
bb_ipp_nonadaptive,wind,3885,323.66666666666663,1.174821666831349
bb_ipp_nonadaptive,wind,3886,323.75,1.1752775647894045
bb_ipp_nonadaptive,wind,3887,323.83333333333337,1.176483912107588
bb_ipp_nonadaptive,wind,3888,323.91666666666663,1.1769620118791382
bb_ipp_nonadaptive,wind,3889,324.0,1.1777225218118013
bb_ipp_nonadaptive,wind,3890,324.08333333333337,1.1790505241395814
bb_ipp_nonadaptive,wind,3891,324.16666666666663,1.1797691412702511
bb_ipp_nonadaptive,wind,3892,324.25,1.180034313518609
bb_ipp_nonadaptive,wind,3893,324.33333333333337,1.1809177367011856
bb_ipp_nonadaptive,wind,3894,324.41666666666663,1.1816104032423225
bb_ipp_nonadaptive,wind,3895,324.5,1.1883716306709908
bb_ipp_nonadaptive,wind,3896,324.58333333333337,1.1869100526266934
bb_ipp_nonadaptive,wind,3897,324.66666666666663,1.1903846145264825
bb_ipp_nonadaptive,wind,3898,324.75,1.1908011512658232
bb_ipp_nonadaptive,wind,3899,324.83333333333337,1.1951946727425942
bb_ipp_nonadaptive,wind,3900,324.91666666666663,1.2035830056079422
bb_ipp_nonadaptive,wind,3901,325.0,1.2059843987520091
bb_ipp_nonadaptive,wind,3902,325.08333333333337,1.2096375566290303
bb_ipp_nonadaptive,wind,3903,325.16666666666663,1.2039532354546982
bb_ipp_nonadaptive,wind,3904,325.25,1.2118651872470496
bb_ipp_nonadaptive,wind,3905,325.33333333333337,1.2066833671459531
bb_ipp_nonadaptive,wind,3906,325.41666666666663,1.2032509758007477
bb_ipp_nonadaptive,wind,3907,325.5,1.201791105802021
bb_ipp_nonadaptive,wind,3908,325.58333333333337,1.212357592809583
bb_ipp_nonadaptive,wind,3909,325.66666666666663,1.2109907116024914
bb_ipp_nonadaptive,wind,3910,325.75,1.215419573340587
bb_ipp_nonadaptive,wind,3911,325.83333333333337,1.2179893936308226
bb_ipp_nonadaptive,wind,3912,325.91666666666663,1.204069848000016
bb_ipp_nonadaptive,wind,3913,326.0,1.20060079143943
bb_ipp_nonadaptive,wind,3914,326.08333333333337,1.206700283010789
bb_ipp_nonadaptive,wind,3915,326.16666666666663,1.2142262974213482
bb_ipp_nonadaptive,wind,3916,326.25,1.2108062938616726
bb_ipp_nonadaptive,wind,3917,326.33333333333337,1.215882985294283
bb_ipp_nonadaptive,wind,3918,326.41666666666663,1.2199341947559115
bb_ipp_nonadaptive,wind,3919,326.5,1.2229872789583773
bb_ipp_nonadaptive,wind,3920,326.58333333333337,1.2265768611038126
bb_ipp_nonadaptive,wind,3921,326.66666666666663,1.225786817656163
bb_ipp_nonadaptive,wind,3922,326.75,1.2258186459053828
bb_ipp_nonadaptive,wind,3923,326.83333333333337,1.2336124833782638
bb_ipp_nonadaptive,wind,3924,326.91666666666663,1.226757821443419
bb_ipp_nonadaptive,wind,3925,327.0,1.223153436515867
bb_ipp_nonadaptive,wind,3926,327.08333333333337,1.2210013686988772
bb_ipp_nonadaptive,wind,3927,327.16666666666663,1.2224176582774886
bb_ipp_nonadaptive,wind,3928,327.25,1.220257526401723
bb_ipp_nonadaptive,wind,3929,327.33333333333337,1.2215831227280427
bb_ipp_nonadaptive,wind,3930,327.41666666666663,1.2273351874324996
bb_ipp_nonadaptive,wind,3931,327.5,1.227301283638999
bb_ipp_nonadaptive,wind,3932,327.58333333333337,1.2241407891377254
bb_ipp_nonadaptive,wind,3933,327.66666666666663,1.2247046133204096
bb_ipp_nonadaptive,wind,3934,327.75,1.2254884900425966
bb_ipp_nonadaptive,wind,3935,327.83333333333337,1.226141498764464
bb_ipp_nonadaptive,wind,3936,327.91666666666663,1.2263817115834155
bb_ipp_nonadaptive,wind,3937,328.0,1.2269025385826513
bb_ipp_nonadaptive,wind,3938,328.08333333333337,1.2278058465958428
bb_ipp_nonadaptive,wind,3939,328.16666666666663,1.2304708772972477
bb_ipp_nonadaptive,wind,3940,328.25,1.2284530237952636
bb_ipp_nonadaptive,wind,3941,328.33333333333337,1.2276930205615428
bb_ipp_nonadaptive,wind,3942,328.41666666666663,1.2291188419925694
bb_ipp_nonadaptive,wind,3943,328.5,1.2290130982642316
bb_ipp_nonadaptive,wind,3944,328.58333333333337,1.229526230033369
bb_ipp_nonadaptive,wind,3945,328.66666666666663,1.230395197187789
bb_ipp_nonadaptive,wind,3946,328.75,1.2304844678114866
bb_ipp_nonadaptive,wind,3947,328.83333333333337,1.2320050105191414
bb_ipp_nonadaptive,wind,3948,328.91666666666663,1.2350247590970473
bb_ipp_nonadaptive,wind,3949,329.0,1.2341891253766832
bb_ipp_nonadaptive,wind,3950,329.08333333333337,1.2404969929486314
bb_ipp_nonadaptive,wind,3951,329.16666666666663,1.2341928691360082
bb_ipp_nonadaptive,wind,3952,329.25,1.2357429464448348
bb_ipp_nonadaptive,wind,3953,329.33333333333337,1.2347854420133433
bb_ipp_nonadaptive,wind,3954,329.41666666666663,1.2307701092092054
bb_ipp_nonadaptive,wind,3955,329.5,1.2307853438706151
bb_ipp_nonadaptive,wind,3956,329.58333333333337,1.231175329704495
bb_ipp_nonadaptive,wind,3957,329.66666666666663,1.2308892219713203
bb_ipp_nonadaptive,wind,3958,329.75,1.2313240099338163
bb_ipp_nonadaptive,wind,3959,329.83333333333337,1.2317235051717892
bb_ipp_nonadaptive,wind,3960,329.91666666666663,1.2322680468439977
bb_ipp_nonadaptive,wind,3961,330.0,1.2343512193682427
bb_ipp_nonadaptive,wind,3962,330.08333333333337,1.237138143038611
bb_ipp_nonadaptive,wind,3963,330.16666666666663,1.2341804107909122
bb_ipp_nonadaptive,wind,3964,330.25,1.233278296978299
bb_ipp_nonadaptive,wind,3965,330.33333333333337,1.2337129272190686
bb_ipp_nonadaptive,wind,3966,330.41666666666663,1.2346272378461864
bb_ipp_nonadaptive,wind,3967,330.5,1.23447819259263
bb_ipp_nonadaptive,wind,3968,330.58333333333337,1.2353438299082664
bb_ipp_nonadaptive,wind,3969,330.66666666666663,1.236849019725545
bb_ipp_nonadaptive,wind,3970,330.75,1.2367597158629056
bb_ipp_nonadaptive,wind,3971,330.83333333333337,1.2377223980324532
bb_ipp_nonadaptive,wind,3972,330.91666666666663,1.237179575297443
bb_ipp_nonadaptive,wind,3973,331.0,1.2361363617671794
bb_ipp_nonadaptive,wind,3974,331.08333333333337,1.236904185956641
bb_ipp_nonadaptive,wind,3975,331.16666666666663,1.2378064473343129
bb_ipp_nonadaptive,wind,3976,331.25,1.238615916959812
bb_ipp_nonadaptive,wind,3977,331.33333333333337,1.2393109926363304
bb_ipp_nonadaptive,wind,3978,331.41666666666663,1.2401394667086394
bb_ipp_nonadaptive,wind,3979,331.5,1.2408785563848987
bb_ipp_nonadaptive,wind,3980,331.58333333333337,1.2428604260627214
bb_ipp_nonadaptive,wind,3981,331.66666666666663,1.244727090142992
bb_ipp_nonadaptive,wind,3982,331.75,1.24364233208587
bb_ipp_nonadaptive,wind,3983,331.83333333333337,1.241231963594742
bb_ipp_nonadaptive,wind,3984,331.91666666666663,1.2456858809823452
bb_ipp_nonadaptive,wind,3985,332.0,1.2427027561119148
bb_ipp_nonadaptive,wind,3986,332.08333333333337,1.2438112931173004
bb_ipp_nonadaptive,wind,3987,332.16666666666663,1.2431144518911894
bb_ipp_nonadaptive,wind,3988,332.25,1.2482989519656258
bb_ipp_nonadaptive,wind,3989,332.33333333333337,1.2487681979384577
bb_ipp_nonadaptive,wind,3990,332.41666666666663,1.247167795879002
bb_ipp_nonadaptive,wind,3991,332.5,1.2476855862652676
bb_ipp_nonadaptive,wind,3992,332.58333333333337,1.2595670023332108
bb_ipp_nonadaptive,wind,3993,332.66666666666663,1.259624955490158
bb_ipp_nonadaptive,wind,3994,332.75,1.2523724688433575
bb_ipp_nonadaptive,wind,3995,332.83333333333337,1.255685085722329
bb_ipp_nonadaptive,wind,3996,332.91666666666663,1.2518688412642043
bb_ipp_nonadaptive,wind,3997,333.0,1.2533149101485705
bb_ipp_nonadaptive,wind,3998,333.08333333333337,1.249698272766811
bb_ipp_nonadaptive,wind,3999,333.16666666666663,1.2454294033961206
bb_ipp_nonadaptive,wind,4000,333.25,1.2481317658460556
bb_ipp_nonadaptive,wind,4001,333.33333333333337,1.2617985756563066
bb_ipp_nonadaptive,wind,4002,333.41666666666663,1.251662481396952
bb_ipp_nonadaptive,wind,4003,333.5,1.2541385404948975
bb_ipp_nonadaptive,wind,4004,333.58333333333337,1.244339372175726
bb_ipp_nonadaptive,wind,4005,333.66666666666663,1.2445137709373555
bb_ipp_nonadaptive,wind,4006,333.75,1.2463420545807982
bb_ipp_nonadaptive,wind,4007,333.83333333333337,1.2480945316375276
bb_ipp_nonadaptive,wind,4008,333.91666666666663,1.2501450033756722
bb_ipp_nonadaptive,wind,4009,334.0,1.2474331320053313
bb_ipp_nonadaptive,wind,4010,334.08333333333337,1.2484031669182396
bb_ipp_nonadaptive,wind,4011,334.16666666666663,1.2427365889446447
bb_ipp_nonadaptive,wind,4012,334.25,1.2365840968551094
bb_ipp_nonadaptive,wind,4013,334.33333333333337,1.2331247749158507
bb_ipp_nonadaptive,wind,4014,334.41666666666663,1.232027398173647
bb_ipp_nonadaptive,wind,4015,334.5,1.2343917327092215
bb_ipp_nonadaptive,wind,4016,334.58333333333337,1.234063286964191
bb_ipp_nonadaptive,wind,4017,334.66666666666663,1.2328483659782756
bb_ipp_nonadaptive,wind,4018,334.75,1.2330279576249352
bb_ipp_nonadaptive,wind,4019,334.83333333333337,1.2346727069264611
bb_ipp_nonadaptive,wind,4020,334.91666666666663,1.2347691833661902
bb_ipp_nonadaptive,wind,4021,335.0,1.2367498510309538
bb_ipp_nonadaptive,wind,4022,335.08333333333337,1.2364708645456177
bb_ipp_nonadaptive,wind,4023,335.16666666666663,1.2375104205274303
bb_ipp_nonadaptive,wind,4024,335.25,1.2408255858933912
bb_ipp_nonadaptive,wind,4025,335.33333333333337,1.245350198242688
bb_ipp_nonadaptive,wind,4026,335.41666666666663,1.2621745960189859
bb_ipp_nonadaptive,wind,4027,335.5,1.2670568133731166
bb_ipp_nonadaptive,wind,4028,335.58333333333337,1.2715075965575648
bb_ipp_nonadaptive,wind,4029,335.66666666666663,1.275367703286227
bb_ipp_nonadaptive,wind,4030,335.75,1.278853192030529
bb_ipp_nonadaptive,wind,4031,335.83333333333337,1.2833483690477065
bb_ipp_nonadaptive,wind,4032,335.91666666666663,1.2917400467776305
bb_ipp_nonadaptive,wind,4033,336.0,1.302228695872282
bb_ipp_nonadaptive,wind,4034,336.08333333333337,1.3259575230264051
bb_ipp_nonadaptive,wind,4035,336.16666666666663,1.3475309985209294
bb_ipp_nonadaptive,wind,4036,336.25,1.3672784198178545
bb_ipp_nonadaptive,wind,4037,336.33333333333337,1.3708402287649788
bb_ipp_nonadaptive,wind,4038,336.41666666666663,1.3890005842044875
bb_ipp_nonadaptive,wind,4039,336.5,1.397423643829189
bb_ipp_nonadaptive,wind,4040,336.58333333333337,1.3892069097221404
bb_ipp_nonadaptive,wind,4041,336.66666666666663,1.4042650346261811
bb_ipp_nonadaptive,wind,4042,336.75,1.4182975491191696
bb_ipp_nonadaptive,wind,4043,336.83333333333337,1.4198352738197046
bb_ipp_nonadaptive,wind,4044,336.91666666666663,1.457219376640407
bb_ipp_nonadaptive,wind,4045,337.0,1.4345548961006387
bb_ipp_nonadaptive,wind,4046,337.08333333333337,1.4730359967562712
bb_ipp_nonadaptive,wind,4047,337.16666666666663,1.463094099720018
bb_ipp_nonadaptive,wind,4048,337.25,1.4754185036556815
bb_ipp_nonadaptive,wind,4049,337.33333333333337,1.5013278873152531
bb_ipp_nonadaptive,wind,4050,337.41666666666663,1.478084618930018
bb_ipp_nonadaptive,wind,4051,337.5,1.5107792976943246
bb_ipp_nonadaptive,wind,4052,337.58333333333337,1.5096243530979725
bb_ipp_nonadaptive,wind,4053,337.66666666666663,1.4817508381790465
bb_ipp_nonadaptive,wind,4054,337.75,1.4597316998885106
bb_ipp_nonadaptive,wind,4055,337.83333333333337,1.4718846526641305
bb_ipp_nonadaptive,wind,4056,337.91666666666663,1.463433788020114
bb_ipp_nonadaptive,wind,4057,338.0,1.4653879072980884
bb_ipp_nonadaptive,wind,4058,338.08333333333337,1.4447944905365737
bb_ipp_nonadaptive,wind,4059,338.16666666666663,1.4407857008614673
bb_ipp_nonadaptive,wind,4060,338.25,1.4389984199535715
bb_ipp_nonadaptive,wind,4061,338.33333333333337,1.3989884452189802
bb_ipp_nonadaptive,wind,4062,338.41666666666663,1.4375010301278652
bb_ipp_nonadaptive,wind,4063,338.5,1.4711753027243786
bb_ipp_nonadaptive,wind,4064,338.58333333333337,1.4660990389188089
bb_ipp_nonadaptive,wind,4065,338.66666666666663,1.4060965761909217
bb_ipp_nonadaptive,wind,4066,338.75,1.3744635593203012
bb_ipp_nonadaptive,wind,4067,338.83333333333337,1.3582621753627127
bb_ipp_nonadaptive,wind,4068,338.91666666666663,1.3267921281594277
bb_ipp_nonadaptive,wind,4069,339.0,1.3189373732759653
bb_ipp_nonadaptive,wind,4070,339.08333333333337,1.2821932376948113
bb_ipp_nonadaptive,wind,4071,339.16666666666663,1.2887972963854026
bb_ipp_nonadaptive,wind,4072,339.25,1.283263179947614
bb_ipp_nonadaptive,wind,4073,339.33333333333337,1.2882027541190448
bb_ipp_nonadaptive,wind,4074,339.41666666666663,1.2890759319716667
bb_ipp_nonadaptive,wind,4075,339.5,1.267485924918254
bb_ipp_nonadaptive,wind,4076,339.58333333333337,1.266971126813898
bb_ipp_nonadaptive,wind,4077,339.66666666666663,1.268948331824626
bb_ipp_nonadaptive,wind,4078,339.75,1.2418118930394104
bb_ipp_nonadaptive,wind,4079,339.83333333333337,1.2422098532128807
bb_ipp_nonadaptive,wind,4080,339.91666666666663,1.2371578453070258
bb_ipp_nonadaptive,wind,4081,340.0,1.234301060880549
bb_ipp_nonadaptive,wind,4082,340.08333333333337,1.2229931025804774
bb_ipp_nonadaptive,wind,4083,340.16666666666663,1.2232627409187329
bb_ipp_nonadaptive,wind,4084,340.25,1.2288206040216645
bb_ipp_nonadaptive,wind,4085,340.33333333333337,1.2205136371910432
bb_ipp_nonadaptive,wind,4086,340.41666666666663,1.225976979358968
bb_ipp_nonadaptive,wind,4087,340.5,1.2272782099077784
bb_ipp_nonadaptive,wind,4088,340.58333333333337,1.226291147419523
bb_ipp_nonadaptive,wind,4089,340.66666666666663,1.2313745493174444
bb_ipp_nonadaptive,wind,4090,340.75,1.2337085230830713
bb_ipp_nonadaptive,wind,4091,340.83333333333337,1.230145649909275
bb_ipp_nonadaptive,wind,4092,340.91666666666663,1.2264825307449165
bb_ipp_nonadaptive,wind,4093,341.0,1.221373035376181
bb_ipp_nonadaptive,wind,4094,341.08333333333337,1.2229899371296937
bb_ipp_nonadaptive,wind,4095,341.16666666666663,1.225417063027444
bb_ipp_nonadaptive,wind,4096,341.25,1.2295495801832228
bb_ipp_nonadaptive,wind,4097,341.33333333333337,1.2267673502609384
bb_ipp_nonadaptive,wind,4098,341.41666666666663,1.2276409468695688
bb_ipp_nonadaptive,wind,4099,341.5,1.229165804935176
bb_ipp_nonadaptive,wind,4100,341.58333333333337,1.2330370508943473
bb_ipp_nonadaptive,wind,4101,341.66666666666663,1.2326367614840064
bb_ipp_nonadaptive,wind,4102,341.75,1.2359192404251447
bb_ipp_nonadaptive,wind,4103,341.83333333333337,1.2384765570906202
bb_ipp_nonadaptive,wind,4104,341.91666666666663,1.2485278745889425
bb_ipp_nonadaptive,wind,4105,342.0,1.2525702111193755
bb_ipp_nonadaptive,wind,4106,342.08333333333337,1.25624580521754
bb_ipp_nonadaptive,wind,4107,342.16666666666663,1.2670817369432843
bb_ipp_nonadaptive,wind,4108,342.25,1.261348397427261
bb_ipp_nonadaptive,wind,4109,342.33333333333337,1.277742860127358
bb_ipp_nonadaptive,wind,4110,342.41666666666663,1.2787473969799719
bb_ipp_nonadaptive,wind,4111,342.5,1.2751984002495493
bb_ipp_nonadaptive,wind,4112,342.58333333333337,1.3001004692614007
bb_ipp_nonadaptive,wind,4113,342.66666666666663,1.321484661908312
bb_ipp_nonadaptive,wind,4114,342.75,1.3124798623923102
bb_ipp_nonadaptive,wind,4115,342.83333333333337,1.284845519232808
bb_ipp_nonadaptive,wind,4116,342.91666666666663,1.2723201694905182
bb_ipp_nonadaptive,wind,4117,343.0,1.277001290673453
bb_ipp_nonadaptive,wind,4118,343.08333333333337,1.2973809275931707
bb_ipp_nonadaptive,wind,4119,343.16666666666663,1.3015104562701323
bb_ipp_nonadaptive,wind,4120,343.25,1.3182207229432912
bb_ipp_nonadaptive,wind,4121,343.33333333333337,1.3098537883862587
bb_ipp_nonadaptive,wind,4122,343.41666666666663,1.3076432137801928
bb_ipp_nonadaptive,wind,4123,343.5,1.3091498688153813
bb_ipp_nonadaptive,wind,4124,343.58333333333337,1.3053336525967802
bb_ipp_nonadaptive,wind,4125,343.66666666666663,1.2805554545104272
bb_ipp_nonadaptive,wind,4126,343.75,1.295720162984828
bb_ipp_nonadaptive,wind,4127,343.83333333333337,1.3106466133578483
bb_ipp_nonadaptive,wind,4128,343.91666666666663,1.314466505074382
bb_ipp_nonadaptive,wind,4129,344.0,1.3203346384750523
bb_ipp_nonadaptive,wind,4130,344.08333333333337,1.3256925175123562
bb_ipp_nonadaptive,wind,4131,344.16666666666663,1.2929832434890047
bb_ipp_nonadaptive,wind,4132,344.25,1.2675685539308772
bb_ipp_nonadaptive,wind,4133,344.33333333333337,1.2577576628057336
bb_ipp_nonadaptive,wind,4134,344.41666666666663,1.2633751394369575
bb_ipp_nonadaptive,wind,4135,344.5,1.2536059123053092
bb_ipp_nonadaptive,wind,4136,344.58333333333337,1.2506702771296874
bb_ipp_nonadaptive,wind,4137,344.66666666666663,1.2484817634169998
bb_ipp_nonadaptive,wind,4138,344.75,1.2435550651007365
bb_ipp_nonadaptive,wind,4139,344.83333333333337,1.250722362167118
bb_ipp_nonadaptive,wind,4140,344.91666666666663,1.249546370096679
bb_ipp_nonadaptive,wind,4141,345.0,1.249645293433118
bb_ipp_nonadaptive,wind,4142,345.08333333333337,1.24601951161502
bb_ipp_nonadaptive,wind,4143,345.16666666666663,1.246242361124922
bb_ipp_nonadaptive,wind,4144,345.25,1.241535882669019
bb_ipp_nonadaptive,wind,4145,345.33333333333337,1.2459024982575149
bb_ipp_nonadaptive,wind,4146,345.41666666666663,1.237062402600364
bb_ipp_nonadaptive,wind,4147,345.5,1.2440451963745185
bb_ipp_nonadaptive,wind,4148,345.58333333333337,1.2433000004516017
bb_ipp_nonadaptive,wind,4149,345.66666666666663,1.2475551844045676
bb_ipp_nonadaptive,wind,4150,345.75,1.2384326180013931
bb_ipp_nonadaptive,wind,4151,345.83333333333337,1.234902660047533
bb_ipp_nonadaptive,wind,4152,345.91666666666663,1.2297229604862583
bb_ipp_nonadaptive,wind,4153,346.0,1.231243013366564
bb_ipp_nonadaptive,wind,4154,346.08333333333337,1.2322413418572513
bb_ipp_nonadaptive,wind,4155,346.16666666666663,1.234645462511444
bb_ipp_nonadaptive,wind,4156,346.25,1.233009467498947
bb_ipp_nonadaptive,wind,4157,346.33333333333337,1.2337821091136407
bb_ipp_nonadaptive,wind,4158,346.41666666666663,1.232902118080117
bb_ipp_nonadaptive,wind,4159,346.5,1.235868456974702
bb_ipp_nonadaptive,wind,4160,346.58333333333337,1.2345333853667608
bb_ipp_nonadaptive,wind,4161,346.66666666666663,1.2340761930817852
bb_ipp_nonadaptive,wind,4162,346.75,1.2387269121331417
bb_ipp_nonadaptive,wind,4163,346.83333333333337,1.2412455513419052
bb_ipp_nonadaptive,wind,4164,346.91666666666663,1.2394122653244328
bb_ipp_nonadaptive,wind,4165,347.0,1.2379452212032929
bb_ipp_nonadaptive,wind,4166,347.08333333333337,1.2354418924096748
bb_ipp_nonadaptive,wind,4167,347.16666666666663,1.2312228670204823
bb_ipp_nonadaptive,wind,4168,347.25,1.2322827768470408
bb_ipp_nonadaptive,wind,4169,347.33333333333337,1.2336129377962108
bb_ipp_nonadaptive,wind,4170,347.41666666666663,1.233182226750542
bb_ipp_nonadaptive,wind,4171,347.5,1.2337840153251751
bb_ipp_nonadaptive,wind,4172,347.58333333333337,1.23474598949983
bb_ipp_nonadaptive,wind,4173,347.66666666666663,1.235644645853546
bb_ipp_nonadaptive,wind,4174,347.75,1.2361522728805225
bb_ipp_nonadaptive,wind,4175,347.83333333333337,1.237179688084775
bb_ipp_nonadaptive,wind,4176,347.91666666666663,1.2389896517374233
bb_ipp_nonadaptive,wind,4177,348.0,1.2412613944329975
bb_ipp_nonadaptive,wind,4178,348.08333333333337,1.2399892675094297
bb_ipp_nonadaptive,wind,4179,348.16666666666663,1.2407709931975799
bb_ipp_nonadaptive,wind,4180,348.25,1.2428075050745448
bb_ipp_nonadaptive,wind,4181,348.33333333333337,1.240718192629265
bb_ipp_nonadaptive,wind,4182,348.41666666666663,1.241406071567702
bb_ipp_nonadaptive,wind,4183,348.5,1.242297685533917
bb_ipp_nonadaptive,wind,4184,348.58333333333337,1.2443597931803096
bb_ipp_nonadaptive,wind,4185,348.66666666666663,1.2452131936393511
bb_ipp_nonadaptive,wind,4186,348.75,1.2435876467140403
bb_ipp_nonadaptive,wind,4187,348.83333333333337,1.2450030029234938
bb_ipp_nonadaptive,wind,4188,348.91666666666663,1.2455357190502743
bb_ipp_nonadaptive,wind,4189,349.0,1.2458387618205622
bb_ipp_nonadaptive,wind,4190,349.08333333333337,1.2492976650372551
bb_ipp_nonadaptive,wind,4191,349.16666666666663,1.249269804765582
bb_ipp_nonadaptive,wind,4192,349.25,1.2484013118319275
bb_ipp_nonadaptive,wind,4193,349.33333333333337,1.2477954716095885
bb_ipp_nonadaptive,wind,4194,349.41666666666663,1.2477201864224374
bb_ipp_nonadaptive,wind,4195,349.5,1.2480910069573328
bb_ipp_nonadaptive,wind,4196,349.58333333333337,1.2478805140853195
bb_ipp_nonadaptive,wind,4197,349.66666666666663,1.2485891995595464
bb_ipp_nonadaptive,wind,4198,349.75,1.2508053674994781
bb_ipp_nonadaptive,wind,4199,349.83333333333337,1.2532121797690152
bb_ipp_nonadaptive,wind,4200,349.91666666666663,1.2538375242109028
bb_ipp_nonadaptive,wind,4201,350.0,1.251826686858153
bb_ipp_nonadaptive,wind,4202,350.08333333333337,1.254253971099594
bb_ipp_nonadaptive,wind,4203,350.16666666666663,1.2549381561288007
bb_ipp_nonadaptive,wind,4204,350.25,1.2529630947373958
bb_ipp_nonadaptive,wind,4205,350.33333333333337,1.255658952642165
bb_ipp_nonadaptive,wind,4206,350.41666666666663,1.2545457056599434
bb_ipp_nonadaptive,wind,4207,350.5,1.257128708771829
bb_ipp_nonadaptive,wind,4208,350.58333333333337,1.2548429828368466
bb_ipp_nonadaptive,wind,4209,350.66666666666663,1.2546728424475992
bb_ipp_nonadaptive,wind,4210,350.75,1.2559127447400495
bb_ipp_nonadaptive,wind,4211,350.83333333333337,1.255888402627025
bb_ipp_nonadaptive,wind,4212,350.91666666666663,1.2554286901279212
bb_ipp_nonadaptive,wind,4213,351.0,1.2563520594241147
bb_ipp_nonadaptive,wind,4214,351.08333333333337,1.2567580616841207
bb_ipp_nonadaptive,wind,4215,351.16666666666663,1.257455602776188
bb_ipp_nonadaptive,wind,4216,351.25,1.2580808395509595
bb_ipp_nonadaptive,wind,4217,351.33333333333337,1.2605882343175907
bb_ipp_nonadaptive,wind,4218,351.41666666666663,1.260369550229121
bb_ipp_nonadaptive,wind,4219,351.5,1.2610738505641528
bb_ipp_nonadaptive,wind,4220,351.58333333333337,1.2614519102312007
bb_ipp_nonadaptive,wind,4221,351.66666666666663,1.260864313442278
bb_ipp_nonadaptive,wind,4222,351.75,1.2617450733543174
bb_ipp_nonadaptive,wind,4223,351.83333333333337,1.2628409355691628
bb_ipp_nonadaptive,wind,4224,351.91666666666663,1.262737395160371
bb_ipp_nonadaptive,wind,4225,352.0,1.2637807178602223
bb_ipp_nonadaptive,wind,4226,352.08333333333337,1.2643015990951996
bb_ipp_nonadaptive,wind,4227,352.16666666666663,1.2646345862363642
bb_ipp_nonadaptive,wind,4228,352.25,1.265168244631532
bb_ipp_nonadaptive,wind,4229,352.33333333333337,1.2661567190923755
bb_ipp_nonadaptive,wind,4230,352.41666666666663,1.2676660562969972
bb_ipp_nonadaptive,wind,4231,352.5,1.26755709078179
bb_ipp_nonadaptive,wind,4232,352.58333333333337,1.2681785760130966
bb_ipp_nonadaptive,wind,4233,352.66666666666663,1.2691147832726684
bb_ipp_nonadaptive,wind,4234,352.75,1.2709547941146493
bb_ipp_nonadaptive,wind,4235,352.83333333333337,1.270224055006627
bb_ipp_nonadaptive,wind,4236,352.91666666666663,1.2713100459566216
bb_ipp_nonadaptive,wind,4237,353.0,1.2708183812179554
bb_ipp_nonadaptive,wind,4238,353.08333333333337,1.2718684105390705
bb_ipp_nonadaptive,wind,4239,353.16666666666663,1.2725842007876977
bb_ipp_nonadaptive,wind,4240,353.25,1.272406756546694
bb_ipp_nonadaptive,wind,4241,353.33333333333337,1.2739868273465016
bb_ipp_nonadaptive,wind,4242,353.41666666666663,1.2745536486713387
bb_ipp_nonadaptive,wind,4243,353.5,1.2748845709190841
bb_ipp_nonadaptive,wind,4244,353.58333333333337,1.275176878253831
bb_ipp_nonadaptive,wind,4245,353.66666666666663,1.2764226156171978
bb_ipp_nonadaptive,wind,4246,353.75,1.2769788434380358
bb_ipp_nonadaptive,wind,4247,353.83333333333337,1.2820451312995114
bb_ipp_nonadaptive,wind,4248,353.91666666666663,1.2831209325239643
bb_ipp_nonadaptive,wind,4249,354.0,1.2873717828054494
bb_ipp_nonadaptive,wind,4250,354.08333333333337,1.2865970299592013
bb_ipp_nonadaptive,wind,4251,354.16666666666663,1.2900307611588722
bb_ipp_nonadaptive,wind,4252,354.25,1.2906364523012235
bb_ipp_nonadaptive,wind,4253,354.33333333333337,1.290121156978887
bb_ipp_nonadaptive,wind,4254,354.41666666666663,1.2870117459579447
bb_ipp_nonadaptive,wind,4255,354.5,1.2875787779419763
bb_ipp_nonadaptive,wind,4256,354.58333333333337,1.2896502933448346
bb_ipp_nonadaptive,wind,4257,354.66666666666663,1.292302714714741
bb_ipp_nonadaptive,wind,4258,354.75,1.292014278597234
bb_ipp_nonadaptive,wind,4259,354.83333333333337,1.2981345407714147
bb_ipp_nonadaptive,wind,4260,354.91666666666663,1.2954552984103191
bb_ipp_nonadaptive,wind,4261,355.0,1.299559697830342
bb_ipp_nonadaptive,wind,4262,355.08333333333337,1.3007985444746473
bb_ipp_nonadaptive,wind,4263,355.16666666666663,1.30303338029376
bb_ipp_nonadaptive,wind,4264,355.25,1.2994554019029316
bb_ipp_nonadaptive,wind,4265,355.33333333333337,1.3046232129350657
bb_ipp_nonadaptive,wind,4266,355.41666666666663,1.3033275848363532
bb_ipp_nonadaptive,wind,4267,355.5,1.3161556339621698
bb_ipp_nonadaptive,wind,4268,355.58333333333337,1.3227700409297112
bb_ipp_nonadaptive,wind,4269,355.66666666666663,1.3101678895435154
bb_ipp_nonadaptive,wind,4270,355.75,1.3025618253299367
bb_ipp_nonadaptive,wind,4271,355.83333333333337,1.3051947808626587
bb_ipp_nonadaptive,wind,4272,355.91666666666663,1.3169760013107696
bb_ipp_nonadaptive,wind,4273,356.0,1.3145823370592278
bb_ipp_nonadaptive,wind,4274,356.08333333333337,1.3186234124542227
bb_ipp_nonadaptive,wind,4275,356.16666666666663,1.3184091840036263
bb_ipp_nonadaptive,wind,4276,356.25,1.324348136366987
bb_ipp_nonadaptive,wind,4277,356.33333333333337,1.3262948988214065
bb_ipp_nonadaptive,wind,4278,356.41666666666663,1.3199599409915916
bb_ipp_nonadaptive,wind,4279,356.5,1.3110699226286935
bb_ipp_nonadaptive,wind,4280,356.58333333333337,1.3121974032030486
bb_ipp_nonadaptive,wind,4281,356.66666666666663,1.3146113603507394
bb_ipp_nonadaptive,wind,4282,356.75,1.3162321739496665
bb_ipp_nonadaptive,wind,4283,356.83333333333337,1.3220263290638663
bb_ipp_nonadaptive,wind,4284,356.91666666666663,1.3308253318255585
bb_ipp_nonadaptive,wind,4285,357.0,1.321875361937309
bb_ipp_nonadaptive,wind,4286,357.08333333333337,1.3380597547528532
bb_ipp_nonadaptive,wind,4287,357.16666666666663,1.3299588961327167
bb_ipp_nonadaptive,wind,4288,357.25,1.3348163970626592
bb_ipp_nonadaptive,wind,4289,357.33333333333337,1.3323829124941449
bb_ipp_nonadaptive,wind,4290,357.41666666666663,1.333533111864161
bb_ipp_nonadaptive,wind,4291,357.5,1.3365211423244672
bb_ipp_nonadaptive,wind,4292,357.58333333333337,1.3237601950645141
bb_ipp_nonadaptive,wind,4293,357.66666666666663,1.3139901171478439
bb_ipp_nonadaptive,wind,4294,357.75,1.3094002385216446
bb_ipp_nonadaptive,wind,4295,357.83333333333337,1.3035029678759473
bb_ipp_nonadaptive,wind,4296,357.91666666666663,1.3003789034543853
bb_ipp_nonadaptive,wind,4297,358.0,1.3018657441184596
bb_ipp_nonadaptive,wind,4298,358.08333333333337,1.3027806721632778
bb_ipp_nonadaptive,wind,4299,358.16666666666663,1.3028352223555248
bb_ipp_nonadaptive,wind,4300,358.25,1.3027137985746617
bb_ipp_nonadaptive,wind,4301,358.33333333333337,1.2997451917485658
bb_ipp_nonadaptive,wind,4302,358.41666666666663,1.296970688321251
bb_ipp_nonadaptive,wind,4303,358.5,1.2984709808095583
bb_ipp_nonadaptive,wind,4304,358.58333333333337,1.299192927050811
bb_ipp_nonadaptive,wind,4305,358.66666666666663,1.3011531471630742
bb_ipp_nonadaptive,wind,4306,358.75,1.300216069004111
bb_ipp_nonadaptive,wind,4307,358.83333333333337,1.305950550221427
bb_ipp_nonadaptive,wind,4308,358.91666666666663,1.3128236157998516
bb_ipp_nonadaptive,wind,4309,359.0,1.3136358256818712
bb_ipp_nonadaptive,wind,4310,359.08333333333337,1.3213068153293241
bb_ipp_nonadaptive,wind,4311,359.16666666666663,1.3155563506769072
bb_ipp_nonadaptive,wind,4312,359.25,1.3305006579737912
bb_ipp_nonadaptive,wind,4313,359.33333333333337,1.3487664738343401
bb_ipp_nonadaptive,wind,4314,359.41666666666663,1.3587503082083714
bb_ipp_nonadaptive,wind,4315,359.5,1.3567165226982667
bb_ipp_nonadaptive,wind,4316,359.58333333333337,1.3655318637424234
bb_ipp_nonadaptive,wind,4317,359.66666666666663,1.3705564342822842
bb_ipp_nonadaptive,wind,4318,359.75,1.3777812952220803
bb_ipp_nonadaptive,wind,4319,359.83333333333337,1.4051356979878964
bb_ipp_nonadaptive,wind,4320,359.91666666666663,1.424944629344503
bb_ipp_nonadaptive,wind,4321,360.0,1.4328659014880336
bb_ipp_nonadaptive,estimated,1,0.0,0.5482123617960044
bb_ipp_nonadaptive,estimated,2,0.08333333333337123,0.5580692074738224
bb_ipp_nonadaptive,estimated,3,0.16666666666662877,0.5608493360732282
bb_ipp_nonadaptive,estimated,4,0.25,0.5623306203124057
bb_ipp_nonadaptive,estimated,5,0.33333333333337123,0.5633198980519908
bb_ipp_nonadaptive,estimated,6,0.41666666666662877,0.564059455975055
bb_ipp_nonadaptive,estimated,7,0.5,0.5646450650013896
bb_ipp_nonadaptive,estimated,8,0.5833333333333712,0.5651001787149064
bb_ipp_nonadaptive,estimated,9,0.6666666666666288,0.56545719364708
bb_ipp_nonadaptive,estimated,10,0.75,0.5657607997016426
bb_ipp_nonadaptive,estimated,11,0.8333333333333712,0.5660477704997008
bb_ipp_nonadaptive,estimated,12,0.9166666666666288,0.5663575997019632
bb_ipp_nonadaptive,estimated,13,1.0,0.5667398200226683
bb_ipp_nonadaptive,estimated,14,1.0833333333333712,0.567173215893653
bb_ipp_nonadaptive,estimated,15,1.1666666666666288,0.5676160190247767
bb_ipp_nonadaptive,estimated,16,1.25,0.5680549167985611
bb_ipp_nonadaptive,estimated,17,1.3333333333333712,0.5684523218036701
bb_ipp_nonadaptive,estimated,18,1.4166666666666288,0.5688074533978833
bb_ipp_nonadaptive,estimated,19,1.5,0.5691193118196654
bb_ipp_nonadaptive,estimated,20,1.5833333333333712,0.5694389302927014
bb_ipp_nonadaptive,estimated,21,1.6666666666666288,0.5698284497193703
bb_ipp_nonadaptive,estimated,22,1.75,0.5702962221508349
bb_ipp_nonadaptive,estimated,23,1.8333333333333712,0.5707920138165256
bb_ipp_nonadaptive,estimated,24,1.9166666666666288,0.5712649173165744
bb_ipp_nonadaptive,estimated,25,2.0,0.5716385634173481
bb_ipp_nonadaptive,estimated,26,2.0833333333333712,0.5719033118803987
bb_ipp_nonadaptive,estimated,27,2.1666666666666288,0.5722021062156848
bb_ipp_nonadaptive,estimated,28,2.25,0.5726477300612687
bb_ipp_nonadaptive,estimated,29,2.3333333333333712,0.5731979211084129
bb_ipp_nonadaptive,estimated,30,2.4166666666666288,0.5737655058068437
bb_ipp_nonadaptive,estimated,31,2.5,0.5742614339473536
bb_ipp_nonadaptive,estimated,32,2.5833333333333712,0.5746613546033776
bb_ipp_nonadaptive,estimated,33,2.6666666666666288,0.5750195327198497
bb_ipp_nonadaptive,estimated,34,2.75,0.575453529053298
bb_ipp_nonadaptive,estimated,35,2.8333333333333712,0.5759836603803975
bb_ipp_nonadaptive,estimated,36,2.9166666666666288,0.5765635369715056
bb_ipp_nonadaptive,estimated,37,3.0,0.5771131220790067
bb_ipp_nonadaptive,estimated,38,3.0833333333333712,0.5775930222418301
bb_ipp_nonadaptive,estimated,39,3.1666666666666288,0.5780610784439838
bb_ipp_nonadaptive,estimated,40,3.25,0.578500160624746
bb_ipp_nonadaptive,estimated,41,3.3333333333333712,0.5789783482418318
bb_ipp_nonadaptive,estimated,42,3.4166666666666288,0.5794913759277949
bb_ipp_nonadaptive,estimated,43,3.5,0.5799750502211344
bb_ipp_nonadaptive,estimated,44,3.5833333333333712,0.5804504264886846
bb_ipp_nonadaptive,estimated,45,3.6666666666666288,0.5808359090581575
bb_ipp_nonadaptive,estimated,46,3.75,0.5812350288702519
bb_ipp_nonadaptive,estimated,47,3.8333333333333712,0.5816659510977366
bb_ipp_nonadaptive,estimated,48,3.9166666666666288,0.5821568907372011
bb_ipp_nonadaptive,estimated,49,4.0,0.582530362095908
bb_ipp_nonadaptive,estimated,50,4.083333333333371,0.5828766698150759
bb_ipp_nonadaptive,estimated,51,4.166666666666629,0.5831989079881728
bb_ipp_nonadaptive,estimated,52,4.25,0.5837181154567813
bb_ipp_nonadaptive,estimated,53,4.333333333333371,0.584274956601943
bb_ipp_nonadaptive,estimated,54,4.416666666666629,0.5846410000614957
bb_ipp_nonadaptive,estimated,55,4.5,0.5849101521572794
bb_ipp_nonadaptive,estimated,56,4.583333333333371,0.585198615089006
bb_ipp_nonadaptive,estimated,57,4.666666666666629,0.5848760472186058
bb_ipp_nonadaptive,estimated,58,4.75,0.585317905217842
bb_ipp_nonadaptive,estimated,59,4.833333333333371,0.585258793854296
bb_ipp_nonadaptive,estimated,60,4.916666666666629,0.5857899814446839
bb_ipp_nonadaptive,estimated,61,5.0,0.5860851938957189
bb_ipp_nonadaptive,estimated,62,5.083333333333371,0.5862761911997423
bb_ipp_nonadaptive,estimated,63,5.166666666666629,0.5864573787083824
bb_ipp_nonadaptive,estimated,64,5.25,0.5851307381654841
bb_ipp_nonadaptive,estimated,65,5.333333333333371,0.5850531383801307
bb_ipp_nonadaptive,estimated,66,5.416666666666629,0.5816133970840653
bb_ipp_nonadaptive,estimated,67,5.5,0.5804188178275521
bb_ipp_nonadaptive,estimated,68,5.583333333333371,0.5811463513664639
bb_ipp_nonadaptive,estimated,69,5.666666666666629,0.5788705771109175
bb_ipp_nonadaptive,estimated,70,5.75,0.574959187772189
bb_ipp_nonadaptive,estimated,71,5.833333333333371,0.5755808844277667
bb_ipp_nonadaptive,estimated,72,5.916666666666629,0.5765413272784993
bb_ipp_nonadaptive,estimated,73,6.0,0.5776208179572265
bb_ipp_nonadaptive,estimated,74,6.083333333333371,0.5769131433682847
bb_ipp_nonadaptive,estimated,75,6.166666666666629,0.5743064752724402
bb_ipp_nonadaptive,estimated,76,6.25,0.571712669155597
bb_ipp_nonadaptive,estimated,77,6.333333333333371,0.5697540565642799
bb_ipp_nonadaptive,estimated,78,6.416666666666629,0.5677561054653332
bb_ipp_nonadaptive,estimated,79,6.5,0.5674491032571204
bb_ipp_nonadaptive,estimated,80,6.583333333333371,0.5682774820706402
bb_ipp_nonadaptive,estimated,81,6.666666666666629,0.5696699978762358
bb_ipp_nonadaptive,estimated,82,6.75,0.5736926566261366
bb_ipp_nonadaptive,estimated,83,6.833333333333371,0.5747291243828782
bb_ipp_nonadaptive,estimated,84,6.916666666666629,0.5770553034204684
bb_ipp_nonadaptive,estimated,85,7.0,0.5764149682261687
bb_ipp_nonadaptive,estimated,86,7.083333333333371,0.5730368614657799
bb_ipp_nonadaptive,estimated,87,7.166666666666629,0.5746210593692249
bb_ipp_nonadaptive,estimated,88,7.25,0.5755903526499968
bb_ipp_nonadaptive,estimated,89,7.333333333333371,0.5734001235564276
bb_ipp_nonadaptive,estimated,90,7.416666666666629,0.5767934973935493
bb_ipp_nonadaptive,estimated,91,7.5,0.5775659008388961
bb_ipp_nonadaptive,estimated,92,7.583333333333371,0.5768686498540931
bb_ipp_nonadaptive,estimated,93,7.666666666666629,0.5802180520825231
bb_ipp_nonadaptive,estimated,94,7.75,0.5837130381958263
bb_ipp_nonadaptive,estimated,95,7.833333333333371,0.5878519298046175
bb_ipp_nonadaptive,estimated,96,7.916666666666629,0.5888559400613121
bb_ipp_nonadaptive,estimated,97,8.0,0.5893959560656993
bb_ipp_nonadaptive,estimated,98,8.083333333333371,0.5898351769879735
bb_ipp_nonadaptive,estimated,99,8.166666666666629,0.5918403638830434
bb_ipp_nonadaptive,estimated,100,8.25,0.5932632530426821
bb_ipp_nonadaptive,estimated,101,8.333333333333371,0.5943124199785749
bb_ipp_nonadaptive,estimated,102,8.416666666666629,0.5945823900859732
bb_ipp_nonadaptive,estimated,103,8.5,0.5951667885373874
bb_ipp_nonadaptive,estimated,104,8.583333333333371,0.5953831872814555
bb_ipp_nonadaptive,estimated,105,8.666666666666629,0.5966394551653582
bb_ipp_nonadaptive,estimated,106,8.75,0.5972512055053965
bb_ipp_nonadaptive,estimated,107,8.833333333333371,0.5977968454927625
bb_ipp_nonadaptive,estimated,108,8.916666666666629,0.5983156649815176
bb_ipp_nonadaptive,estimated,109,9.0,0.5990408992654661
bb_ipp_nonadaptive,estimated,110,9.083333333333371,0.5992519110535942
bb_ipp_nonadaptive,estimated,111,9.166666666666629,0.5998800922479434
bb_ipp_nonadaptive,estimated,112,9.25,0.6005207896013595
bb_ipp_nonadaptive,estimated,113,9.333333333333371,0.6011174786770215
bb_ipp_nonadaptive,estimated,114,9.416666666666629,0.6016011016158425
bb_ipp_nonadaptive,estimated,115,9.5,0.6018708541240292
bb_ipp_nonadaptive,estimated,116,9.583333333333371,0.6022666047307248
bb_ipp_nonadaptive,estimated,117,9.666666666666629,0.602509498389248
bb_ipp_nonadaptive,estimated,118,9.75,0.6028852579383065
bb_ipp_nonadaptive,estimated,119,9.833333333333371,0.6034104048415815
bb_ipp_nonadaptive,estimated,120,9.916666666666629,0.603811206633142
bb_ipp_nonadaptive,estimated,121,10.0,0.6038929593468753
bb_ipp_nonadaptive,estimated,122,10.083333333333371,0.6040790550376399
bb_ipp_nonadaptive,estimated,123,10.166666666666629,0.6043407425355806
bb_ipp_nonadaptive,estimated,124,10.25,0.604713466430614
bb_ipp_nonadaptive,estimated,125,10.333333333333371,0.6048400868472367
bb_ipp_nonadaptive,estimated,126,10.416666666666629,0.6053035407078368
bb_ipp_nonadaptive,estimated,127,10.5,0.6056650923671547
bb_ipp_nonadaptive,estimated,128,10.583333333333371,0.6058899910713005
bb_ipp_nonadaptive,estimated,129,10.666666666666629,0.606078139055048
bb_ipp_nonadaptive,estimated,130,10.75,0.6063047823712275
bb_ipp_nonadaptive,estimated,131,10.833333333333371,0.6065133250282329
bb_ipp_nonadaptive,estimated,132,10.916666666666629,0.6066468647386642
bb_ipp_nonadaptive,estimated,133,11.0,0.6070376072638749
bb_ipp_nonadaptive,estimated,134,11.083333333333371,0.607473663518257
bb_ipp_nonadaptive,estimated,135,11.166666666666629,0.6077124778058373
bb_ipp_nonadaptive,estimated,136,11.25,0.6079434360524286
bb_ipp_nonadaptive,estimated,137,11.333333333333371,0.6081947353339441
bb_ipp_nonadaptive,estimated,138,11.416666666666629,0.6085022340942631
bb_ipp_nonadaptive,estimated,139,11.5,0.608731740944228
bb_ipp_nonadaptive,estimated,140,11.583333333333371,0.6090537901940669
bb_ipp_nonadaptive,estimated,141,11.666666666666629,0.6092013705281565
bb_ipp_nonadaptive,estimated,142,11.75,0.6092905479650015
bb_ipp_nonadaptive,estimated,143,11.833333333333371,0.6095253785571724
bb_ipp_nonadaptive,estimated,144,11.916666666666629,0.6097632196168298
bb_ipp_nonadaptive,estimated,145,12.0,0.6098338119392904
bb_ipp_nonadaptive,estimated,146,12.083333333333371,0.6102506162201494
bb_ipp_nonadaptive,estimated,147,12.166666666666629,0.6104456175844744
bb_ipp_nonadaptive,estimated,148,12.25,0.6108521351187788
bb_ipp_nonadaptive,estimated,149,12.333333333333371,0.611168151180514
bb_ipp_nonadaptive,estimated,150,12.416666666666629,0.611419300653005
bb_ipp_nonadaptive,estimated,151,12.5,0.6115811843587616
bb_ipp_nonadaptive,estimated,152,12.583333333333371,0.6121579021944702
bb_ipp_nonadaptive,estimated,153,12.666666666666629,0.6128138291357997
bb_ipp_nonadaptive,estimated,154,12.75,0.6130622843165529
bb_ipp_nonadaptive,estimated,155,12.833333333333371,0.6130385281641881
bb_ipp_nonadaptive,estimated,156,12.916666666666629,0.613343743069722
bb_ipp_nonadaptive,estimated,157,13.0,0.6136965686411702
bb_ipp_nonadaptive,estimated,158,13.083333333333371,0.6139142181213745
bb_ipp_nonadaptive,estimated,159,13.166666666666629,0.6143563130210196
bb_ipp_nonadaptive,estimated,160,13.25,0.6148781321633987
bb_ipp_nonadaptive,estimated,161,13.333333333333371,0.6150152417788558
bb_ipp_nonadaptive,estimated,162,13.416666666666629,0.615299217642146
bb_ipp_nonadaptive,estimated,163,13.5,0.6155281552708393
bb_ipp_nonadaptive,estimated,164,13.583333333333371,0.6156321782813708
bb_ipp_nonadaptive,estimated,165,13.666666666666629,0.6160201715595021
bb_ipp_nonadaptive,estimated,166,13.75,0.6160755913574589
bb_ipp_nonadaptive,estimated,167,13.833333333333371,0.616141087777372
bb_ipp_nonadaptive,estimated,168,13.916666666666629,0.6161519352805026
bb_ipp_nonadaptive,estimated,169,14.0,0.6159142605870783
bb_ipp_nonadaptive,estimated,170,14.083333333333371,0.6158345962005188
bb_ipp_nonadaptive,estimated,171,14.166666666666629,0.6165117294120912
bb_ipp_nonadaptive,estimated,172,14.25,0.6161997392990614
bb_ipp_nonadaptive,estimated,173,14.333333333333371,0.6164519448414923
bb_ipp_nonadaptive,estimated,174,14.416666666666629,0.6161087478357747
bb_ipp_nonadaptive,estimated,175,14.5,0.6145815599742047
bb_ipp_nonadaptive,estimated,176,14.583333333333371,0.6137252857759604
bb_ipp_nonadaptive,estimated,177,14.666666666666629,0.6121277081435754
bb_ipp_nonadaptive,estimated,178,14.75,0.6097459812432714
bb_ipp_nonadaptive,estimated,179,14.833333333333371,0.6055416072593875
bb_ipp_nonadaptive,estimated,180,14.916666666666629,0.6049528090047093
bb_ipp_nonadaptive,estimated,181,15.0,0.602495291816673
bb_ipp_nonadaptive,estimated,182,15.083333333333371,0.6005672928432266
bb_ipp_nonadaptive,estimated,183,15.166666666666629,0.5971036276481988
bb_ipp_nonadaptive,estimated,184,15.25,0.5963594904712944
bb_ipp_nonadaptive,estimated,185,15.333333333333371,0.5926290666199183
bb_ipp_nonadaptive,estimated,186,15.416666666666629,0.5932897024752647
bb_ipp_nonadaptive,estimated,187,15.5,0.5896925177757572
bb_ipp_nonadaptive,estimated,188,15.583333333333371,0.5852681491854402
bb_ipp_nonadaptive,estimated,189,15.666666666666629,0.5860747631855161
bb_ipp_nonadaptive,estimated,190,15.75,0.5853254108299073
bb_ipp_nonadaptive,estimated,191,15.833333333333371,0.5800022180570723
bb_ipp_nonadaptive,estimated,192,15.916666666666629,0.5816316805531396
bb_ipp_nonadaptive,estimated,193,16.0,0.5798377011197862
bb_ipp_nonadaptive,estimated,194,16.08333333333337,0.5812221771164021
bb_ipp_nonadaptive,estimated,195,16.16666666666663,0.5805754055336528
bb_ipp_nonadaptive,estimated,196,16.25,0.5804802997832629
bb_ipp_nonadaptive,estimated,197,16.33333333333337,0.5797487689379921
bb_ipp_nonadaptive,estimated,198,16.41666666666663,0.5804507700537404
bb_ipp_nonadaptive,estimated,199,16.5,0.579761242725715
bb_ipp_nonadaptive,estimated,200,16.58333333333337,0.5829059841420451
bb_ipp_nonadaptive,estimated,201,16.66666666666663,0.5851010499766396
bb_ipp_nonadaptive,estimated,202,16.75,0.5857602118276868
bb_ipp_nonadaptive,estimated,203,16.83333333333337,0.5899218423253123
bb_ipp_nonadaptive,estimated,204,16.91666666666663,0.5937671484840242
bb_ipp_nonadaptive,estimated,205,17.0,0.5948497000525456
bb_ipp_nonadaptive,estimated,206,17.08333333333337,0.5964795385076953
bb_ipp_nonadaptive,estimated,207,17.16666666666663,0.5999210569857261
bb_ipp_nonadaptive,estimated,208,17.25,0.6000318239563374
bb_ipp_nonadaptive,estimated,209,17.33333333333337,0.6008640399003763
bb_ipp_nonadaptive,estimated,210,17.41666666666663,0.6022705145918255
bb_ipp_nonadaptive,estimated,211,17.5,0.6030228286976035
bb_ipp_nonadaptive,estimated,212,17.58333333333337,0.6041382726559992
bb_ipp_nonadaptive,estimated,213,17.66666666666663,0.6055065908487823
bb_ipp_nonadaptive,estimated,214,17.75,0.6060873697432597
bb_ipp_nonadaptive,estimated,215,17.83333333333337,0.6069900263640047
bb_ipp_nonadaptive,estimated,216,17.91666666666663,0.6075147332220054
bb_ipp_nonadaptive,estimated,217,18.0,0.60761142809153
bb_ipp_nonadaptive,estimated,218,18.08333333333337,0.6084304233129632
bb_ipp_nonadaptive,estimated,219,18.16666666666663,0.6090780759458089
bb_ipp_nonadaptive,estimated,220,18.25,0.6094572172562323
bb_ipp_nonadaptive,estimated,221,18.33333333333337,0.6098283453730559
bb_ipp_nonadaptive,estimated,222,18.41666666666663,0.6102773743201348
bb_ipp_nonadaptive,estimated,223,18.5,0.6102734808406559
bb_ipp_nonadaptive,estimated,224,18.58333333333337,0.610046357868849
bb_ipp_nonadaptive,estimated,225,18.66666666666663,0.6100595883629237
bb_ipp_nonadaptive,estimated,226,18.75,0.6113971307778744
bb_ipp_nonadaptive,estimated,227,18.83333333333337,0.6115390191022203
bb_ipp_nonadaptive,estimated,228,18.91666666666663,0.6114820831353538
bb_ipp_nonadaptive,estimated,229,19.0,0.6112095266606251
bb_ipp_nonadaptive,estimated,230,19.08333333333337,0.6121136788131537
bb_ipp_nonadaptive,estimated,231,19.16666666666663,0.612378908827571
bb_ipp_nonadaptive,estimated,232,19.25,0.6123368239347453
bb_ipp_nonadaptive,estimated,233,19.33333333333337,0.6119042331627387
bb_ipp_nonadaptive,estimated,234,19.41666666666663,0.6125396329936449
bb_ipp_nonadaptive,estimated,235,19.5,0.6124343723069887
bb_ipp_nonadaptive,estimated,236,19.58333333333337,0.6125605499277653
bb_ipp_nonadaptive,estimated,237,19.66666666666663,0.6128724580501236
bb_ipp_nonadaptive,estimated,238,19.75,0.6128480348625953
bb_ipp_nonadaptive,estimated,239,19.83333333333337,0.6129915996518194
bb_ipp_nonadaptive,estimated,240,19.91666666666663,0.6133563898045691
bb_ipp_nonadaptive,estimated,241,20.0,0.6132606499574546
bb_ipp_nonadaptive,estimated,242,20.08333333333337,0.6145707136945171
bb_ipp_nonadaptive,estimated,243,20.16666666666663,0.6142175723848421
bb_ipp_nonadaptive,estimated,244,20.25,0.6141590648540961
bb_ipp_nonadaptive,estimated,245,20.33333333333337,0.614001687052628
bb_ipp_nonadaptive,estimated,246,20.41666666666663,0.6136778758666659
bb_ipp_nonadaptive,estimated,247,20.5,0.6154562722949379
bb_ipp_nonadaptive,estimated,248,20.58333333333337,0.6163265934531227
bb_ipp_nonadaptive,estimated,249,20.66666666666663,0.616598301354142
bb_ipp_nonadaptive,estimated,250,20.75,0.616865672694323
bb_ipp_nonadaptive,estimated,251,20.83333333333337,0.6172967264472609
bb_ipp_nonadaptive,estimated,252,20.91666666666663,0.6178364236434831
bb_ipp_nonadaptive,estimated,253,21.0,0.6181374884226981
bb_ipp_nonadaptive,estimated,254,21.08333333333337,0.6179480155392822
bb_ipp_nonadaptive,estimated,255,21.16666666666663,0.618712830403192
bb_ipp_nonadaptive,estimated,256,21.25,0.6190594816034721
bb_ipp_nonadaptive,estimated,257,21.33333333333337,0.6198911844473104
bb_ipp_nonadaptive,estimated,258,21.41666666666663,0.6197824414257611
bb_ipp_nonadaptive,estimated,259,21.5,0.6201996154267988
bb_ipp_nonadaptive,estimated,260,21.58333333333337,0.620849887036184
bb_ipp_nonadaptive,estimated,261,21.66666666666663,0.620922131095101
bb_ipp_nonadaptive,estimated,262,21.75,0.6212811725851455
bb_ipp_nonadaptive,estimated,263,21.83333333333337,0.6221304192516336
bb_ipp_nonadaptive,estimated,264,21.91666666666663,0.621695303991382
bb_ipp_nonadaptive,estimated,265,22.0,0.6223072099469993
bb_ipp_nonadaptive,estimated,266,22.08333333333337,0.6225270084507538
bb_ipp_nonadaptive,estimated,267,22.16666666666663,0.6233943694911046
bb_ipp_nonadaptive,estimated,268,22.25,0.6232360162784916
bb_ipp_nonadaptive,estimated,269,22.33333333333337,0.6235675478006328
bb_ipp_nonadaptive,estimated,270,22.41666666666663,0.6236423639891229
bb_ipp_nonadaptive,estimated,271,22.5,0.6240286855630062
bb_ipp_nonadaptive,estimated,272,22.58333333333337,0.6240153991355281
bb_ipp_nonadaptive,estimated,273,22.66666666666663,0.6242589954597162
bb_ipp_nonadaptive,estimated,274,22.75,0.6248010654952262
bb_ipp_nonadaptive,estimated,275,22.83333333333337,0.6254489353400731
bb_ipp_nonadaptive,estimated,276,22.91666666666663,0.6254416251714399
bb_ipp_nonadaptive,estimated,277,23.0,0.6255440935341532
bb_ipp_nonadaptive,estimated,278,23.08333333333337,0.6255829848696025
bb_ipp_nonadaptive,estimated,279,23.16666666666663,0.6262568950638808
bb_ipp_nonadaptive,estimated,280,23.25,0.6266478711425286
bb_ipp_nonadaptive,estimated,281,23.33333333333337,0.6267689876239615
bb_ipp_nonadaptive,estimated,282,23.41666666666663,0.627213505944682
bb_ipp_nonadaptive,estimated,283,23.5,0.6277125487375226
bb_ipp_nonadaptive,estimated,284,23.58333333333337,0.6276263577022284
bb_ipp_nonadaptive,estimated,285,23.66666666666663,0.6277438316474717
bb_ipp_nonadaptive,estimated,286,23.75,0.627894490217683
bb_ipp_nonadaptive,estimated,287,23.83333333333337,0.6280117916882144
bb_ipp_nonadaptive,estimated,288,23.91666666666663,0.6281846540038718
bb_ipp_nonadaptive,estimated,289,24.0,0.6283784210050709
bb_ipp_nonadaptive,estimated,290,24.08333333333337,0.6283604887501534
bb_ipp_nonadaptive,estimated,291,24.16666666666663,0.6286415805608274
bb_ipp_nonadaptive,estimated,292,24.25,0.6287032564986051
bb_ipp_nonadaptive,estimated,293,24.33333333333337,0.6286984233039982
bb_ipp_nonadaptive,estimated,294,24.41666666666663,0.6287986224325529
bb_ipp_nonadaptive,estimated,295,24.5,0.6288832831639296
bb_ipp_nonadaptive,estimated,296,24.58333333333337,0.6291460113834428
bb_ipp_nonadaptive,estimated,297,24.66666666666663,0.6293364127792288
bb_ipp_nonadaptive,estimated,298,24.75,0.6293688012411046
bb_ipp_nonadaptive,estimated,299,24.83333333333337,0.6293365835817513
bb_ipp_nonadaptive,estimated,300,24.91666666666663,0.6295616290045626
bb_ipp_nonadaptive,estimated,301,25.0,0.6298288620395464
bb_ipp_nonadaptive,estimated,302,25.08333333333337,0.6298801006761514
bb_ipp_nonadaptive,estimated,303,25.16666666666663,0.6300292509753813
bb_ipp_nonadaptive,estimated,304,25.25,0.6299119509632345
bb_ipp_nonadaptive,estimated,305,25.33333333333337,0.630080416010643
bb_ipp_nonadaptive,estimated,306,25.41666666666663,0.6301791835422941
bb_ipp_nonadaptive,estimated,307,25.5,0.6301322655674654
bb_ipp_nonadaptive,estimated,308,25.58333333333337,0.6302450297038923
bb_ipp_nonadaptive,estimated,309,25.66666666666663,0.6305129853718031
bb_ipp_nonadaptive,estimated,310,25.75,0.6306822658120494
bb_ipp_nonadaptive,estimated,311,25.83333333333337,0.6308342438264313
bb_ipp_nonadaptive,estimated,312,25.91666666666663,0.6308101546988705
bb_ipp_nonadaptive,estimated,313,26.0,0.6306983805039599
bb_ipp_nonadaptive,estimated,314,26.08333333333337,0.6307734990849317
bb_ipp_nonadaptive,estimated,315,26.16666666666663,0.6309925305047921
bb_ipp_nonadaptive,estimated,316,26.25,0.6309932378859084
bb_ipp_nonadaptive,estimated,317,26.33333333333337,0.631096844275679
bb_ipp_nonadaptive,estimated,318,26.41666666666663,0.6313405839395477
bb_ipp_nonadaptive,estimated,319,26.5,0.6312834629293859
bb_ipp_nonadaptive,estimated,320,26.58333333333337,0.6312486391504446
bb_ipp_nonadaptive,estimated,321,26.66666666666663,0.63134455612831
bb_ipp_nonadaptive,estimated,322,26.75,0.6314141291128397
bb_ipp_nonadaptive,estimated,323,26.83333333333337,0.6315191122799235
bb_ipp_nonadaptive,estimated,324,26.91666666666663,0.6315663979573278
bb_ipp_nonadaptive,estimated,325,27.0,0.631586243731989
bb_ipp_nonadaptive,estimated,326,27.08333333333337,0.6317697311093412
bb_ipp_nonadaptive,estimated,327,27.16666666666663,0.6319070008047921
bb_ipp_nonadaptive,estimated,328,27.25,0.6317718827983605
bb_ipp_nonadaptive,estimated,329,27.33333333333337,0.6317766056641829
bb_ipp_nonadaptive,estimated,330,27.41666666666663,0.6318685322807566
bb_ipp_nonadaptive,estimated,331,27.5,0.6319919514050325
bb_ipp_nonadaptive,estimated,332,27.58333333333337,0.6318953037814409
bb_ipp_nonadaptive,estimated,333,27.66666666666663,0.6318359312591145
bb_ipp_nonadaptive,estimated,334,27.75,0.6318393536414496
bb_ipp_nonadaptive,estimated,335,27.83333333333337,0.631968113392086
bb_ipp_nonadaptive,estimated,336,27.91666666666663,0.6319290264374867
bb_ipp_nonadaptive,estimated,337,28.0,0.6319197846895173
bb_ipp_nonadaptive,estimated,338,28.08333333333337,0.6319211255231351
bb_ipp_nonadaptive,estimated,339,28.16666666666663,0.631786158800511
bb_ipp_nonadaptive,estimated,340,28.25,0.6317449934229271
bb_ipp_nonadaptive,estimated,341,28.33333333333337,0.6316732377749604
bb_ipp_nonadaptive,estimated,342,28.41666666666663,0.6314357272987475
bb_ipp_nonadaptive,estimated,343,28.5,0.6313179029448137
bb_ipp_nonadaptive,estimated,344,28.58333333333337,0.6311699215061973
bb_ipp_nonadaptive,estimated,345,28.66666666666663,0.6309619837162197
bb_ipp_nonadaptive,estimated,346,28.75,0.6306839575572323
bb_ipp_nonadaptive,estimated,347,28.83333333333337,0.630503161558372
bb_ipp_nonadaptive,estimated,348,28.91666666666663,0.6302693749490704
bb_ipp_nonadaptive,estimated,349,29.0,0.630007385000816
bb_ipp_nonadaptive,estimated,350,29.08333333333337,0.6298071921102346
bb_ipp_nonadaptive,estimated,351,29.16666666666663,0.6296269619310653
bb_ipp_nonadaptive,estimated,352,29.25,0.6292586139469831
bb_ipp_nonadaptive,estimated,353,29.33333333333337,0.6290236021159287
bb_ipp_nonadaptive,estimated,354,29.41666666666663,0.6288481474000797
bb_ipp_nonadaptive,estimated,355,29.5,0.6285158768114991
bb_ipp_nonadaptive,estimated,356,29.58333333333337,0.6281845843276742
bb_ipp_nonadaptive,estimated,357,29.66666666666663,0.6280201648665219
bb_ipp_nonadaptive,estimated,358,29.75,0.6277713093320875
bb_ipp_nonadaptive,estimated,359,29.83333333333337,0.6274882561712305
bb_ipp_nonadaptive,estimated,360,29.91666666666663,0.6272380099132442
bb_ipp_nonadaptive,estimated,361,30.0,0.627005167782124
bb_ipp_nonadaptive,estimated,362,30.08333333333337,0.626638346503155
bb_ipp_nonadaptive,estimated,363,30.16666666666663,0.6262225153700963
bb_ipp_nonadaptive,estimated,364,30.25,0.6260570327865477
bb_ipp_nonadaptive,estimated,365,30.33333333333337,0.6258878333741751
bb_ipp_nonadaptive,estimated,366,30.41666666666663,0.6257802441459388
bb_ipp_nonadaptive,estimated,367,30.5,0.6255999092669264
bb_ipp_nonadaptive,estimated,368,30.58333333333337,0.6256841533077276
bb_ipp_nonadaptive,estimated,369,30.66666666666663,0.6257361700009824
bb_ipp_nonadaptive,estimated,370,30.75,0.6256204778005447
bb_ipp_nonadaptive,estimated,371,30.83333333333337,0.6257534292047443
bb_ipp_nonadaptive,estimated,372,30.91666666666663,0.625858881762745
bb_ipp_nonadaptive,estimated,373,31.0,0.6260014640411
bb_ipp_nonadaptive,estimated,374,31.08333333333337,0.6261885363699857
bb_ipp_nonadaptive,estimated,375,31.16666666666663,0.6262075880326393
bb_ipp_nonadaptive,estimated,376,31.25,0.6260888761722787
bb_ipp_nonadaptive,estimated,377,31.33333333333337,0.6259931047004397
bb_ipp_nonadaptive,estimated,378,31.41666666666663,0.6260852161701217
bb_ipp_nonadaptive,estimated,379,31.5,0.6262411392954974
bb_ipp_nonadaptive,estimated,380,31.58333333333337,0.6261793294155101
bb_ipp_nonadaptive,estimated,381,31.66666666666663,0.6264982355777469
bb_ipp_nonadaptive,estimated,382,31.75,0.6265902665557754
bb_ipp_nonadaptive,estimated,383,31.83333333333337,0.6268001422564615
bb_ipp_nonadaptive,estimated,384,31.91666666666663,0.6270350053258833
bb_ipp_nonadaptive,estimated,385,32.0,0.6271244367388378
bb_ipp_nonadaptive,estimated,386,32.08333333333337,0.627254645479541
bb_ipp_nonadaptive,estimated,387,32.16666666666663,0.6274704613341238
bb_ipp_nonadaptive,estimated,388,32.25,0.6277370625353289
bb_ipp_nonadaptive,estimated,389,32.33333333333337,0.6278733861981917
bb_ipp_nonadaptive,estimated,390,32.41666666666663,0.6279546663234036
bb_ipp_nonadaptive,estimated,391,32.5,0.6278915079848492
bb_ipp_nonadaptive,estimated,392,32.58333333333337,0.6280800069219836
bb_ipp_nonadaptive,estimated,393,32.66666666666663,0.6281493479928479
bb_ipp_nonadaptive,estimated,394,32.75,0.6282395717977
bb_ipp_nonadaptive,estimated,395,32.83333333333337,0.6285840254615899
bb_ipp_nonadaptive,estimated,396,32.91666666666663,0.6288074986185437
bb_ipp_nonadaptive,estimated,397,33.0,0.6288097320349136
bb_ipp_nonadaptive,estimated,398,33.08333333333337,0.6288981263927605
bb_ipp_nonadaptive,estimated,399,33.16666666666663,0.6290367743371794
bb_ipp_nonadaptive,estimated,400,33.25,0.6293937555530905
bb_ipp_nonadaptive,estimated,401,33.33333333333337,0.6294447966460821
bb_ipp_nonadaptive,estimated,402,33.41666666666663,0.6296322678608159
bb_ipp_nonadaptive,estimated,403,33.5,0.6298334417118945
bb_ipp_nonadaptive,estimated,404,33.58333333333337,0.6301273241956412
bb_ipp_nonadaptive,estimated,405,33.66666666666663,0.6302722150690833
bb_ipp_nonadaptive,estimated,406,33.75,0.6304481165693302
bb_ipp_nonadaptive,estimated,407,33.83333333333337,0.6305597444752443
bb_ipp_nonadaptive,estimated,408,33.91666666666663,0.6306571208755671
bb_ipp_nonadaptive,estimated,409,34.0,0.6308020291313934
bb_ipp_nonadaptive,estimated,410,34.08333333333337,0.6309577975474576
bb_ipp_nonadaptive,estimated,411,34.16666666666663,0.6310353106486619
bb_ipp_nonadaptive,estimated,412,34.25,0.6311259430237989
bb_ipp_nonadaptive,estimated,413,34.33333333333337,0.6314210480522998
bb_ipp_nonadaptive,estimated,414,34.41666666666663,0.6315068864582201
bb_ipp_nonadaptive,estimated,415,34.5,0.6316936980728798
bb_ipp_nonadaptive,estimated,416,34.58333333333337,0.6318390695498444
bb_ipp_nonadaptive,estimated,417,34.66666666666663,0.631983653459587
bb_ipp_nonadaptive,estimated,418,34.75,0.6322294737916916
bb_ipp_nonadaptive,estimated,419,34.83333333333337,0.6323909679710606
bb_ipp_nonadaptive,estimated,420,34.91666666666663,0.6324223810822235
bb_ipp_nonadaptive,estimated,421,35.0,0.6325261921878701
bb_ipp_nonadaptive,estimated,422,35.08333333333337,0.6328569804191368
bb_ipp_nonadaptive,estimated,423,35.16666666666663,0.6332089336157606
bb_ipp_nonadaptive,estimated,424,35.25,0.6335621040994713
bb_ipp_nonadaptive,estimated,425,35.33333333333337,0.6336597539092449
bb_ipp_nonadaptive,estimated,426,35.41666666666663,0.6337038470158246
bb_ipp_nonadaptive,estimated,427,35.5,0.6339650003571158
bb_ipp_nonadaptive,estimated,428,35.58333333333337,0.634455615522816
bb_ipp_nonadaptive,estimated,429,35.66666666666663,0.6348758733764711
bb_ipp_nonadaptive,estimated,430,35.75,0.6352950434056627
bb_ipp_nonadaptive,estimated,431,35.83333333333337,0.6354468907325274
bb_ipp_nonadaptive,estimated,432,35.91666666666663,0.6356472425226851
bb_ipp_nonadaptive,estimated,433,36.0,0.6359995250094671
bb_ipp_nonadaptive,estimated,434,36.08333333333337,0.6361253600274231
bb_ipp_nonadaptive,estimated,435,36.16666666666663,0.6363915614530821
bb_ipp_nonadaptive,estimated,436,36.25,0.6365478055334621
bb_ipp_nonadaptive,estimated,437,36.33333333333337,0.6368354427937332
bb_ipp_nonadaptive,estimated,438,36.41666666666663,0.6371506984509203
bb_ipp_nonadaptive,estimated,439,36.5,0.6374830986800913
bb_ipp_nonadaptive,estimated,440,36.58333333333337,0.6374685201868777
bb_ipp_nonadaptive,estimated,441,36.66666666666663,0.6377948204389253
bb_ipp_nonadaptive,estimated,442,36.75,0.6382299377701952
bb_ipp_nonadaptive,estimated,443,36.83333333333337,0.6386339987222772
bb_ipp_nonadaptive,estimated,444,36.91666666666663,0.6387331689177571
bb_ipp_nonadaptive,estimated,445,37.0,0.6389902228425368
bb_ipp_nonadaptive,estimated,446,37.08333333333337,0.6389560982991102
bb_ipp_nonadaptive,estimated,447,37.16666666666663,0.6392849753071823
bb_ipp_nonadaptive,estimated,448,37.25,0.6395213208178999
bb_ipp_nonadaptive,estimated,449,37.33333333333337,0.6397726321137444
bb_ipp_nonadaptive,estimated,450,37.41666666666663,0.6400736797601452
bb_ipp_nonadaptive,estimated,451,37.5,0.6405067282944595
bb_ipp_nonadaptive,estimated,452,37.58333333333337,0.6408542651895929
bb_ipp_nonadaptive,estimated,453,37.66666666666663,0.6409335226164047
bb_ipp_nonadaptive,estimated,454,37.75,0.6412539591086319
bb_ipp_nonadaptive,estimated,455,37.83333333333337,0.6415625538538781
bb_ipp_nonadaptive,estimated,456,37.91666666666663,0.641931971256908
bb_ipp_nonadaptive,estimated,457,38.0,0.6422010942360319
bb_ipp_nonadaptive,estimated,458,38.08333333333337,0.6424733907560275
bb_ipp_nonadaptive,estimated,459,38.16666666666663,0.6427287753945511
bb_ipp_nonadaptive,estimated,460,38.25,0.6431747274629681
bb_ipp_nonadaptive,estimated,461,38.33333333333337,0.6433840592780526
bb_ipp_nonadaptive,estimated,462,38.41666666666663,0.6434739899730053
bb_ipp_nonadaptive,estimated,463,38.5,0.6436494307850148
bb_ipp_nonadaptive,estimated,464,38.58333333333337,0.6440924375088312
bb_ipp_nonadaptive,estimated,465,38.66666666666663,0.6443259469021363
bb_ipp_nonadaptive,estimated,466,38.75,0.6445191736487605
bb_ipp_nonadaptive,estimated,467,38.83333333333337,0.6449107210491356
bb_ipp_nonadaptive,estimated,468,38.91666666666663,0.6452477930066164
bb_ipp_nonadaptive,estimated,469,39.0,0.6458476500005833
bb_ipp_nonadaptive,estimated,470,39.08333333333337,0.6458751784544658
bb_ipp_nonadaptive,estimated,471,39.16666666666663,0.6458648405913183
bb_ipp_nonadaptive,estimated,472,39.25,0.645992572420265
bb_ipp_nonadaptive,estimated,473,39.33333333333337,0.6461210746099595
bb_ipp_nonadaptive,estimated,474,39.41666666666663,0.646843106389064
bb_ipp_nonadaptive,estimated,475,39.5,0.646981352899664
bb_ipp_nonadaptive,estimated,476,39.58333333333337,0.647532735618213
bb_ipp_nonadaptive,estimated,477,39.66666666666663,0.6476110066546138
bb_ipp_nonadaptive,estimated,478,39.75,0.6478017623597971
bb_ipp_nonadaptive,estimated,479,39.83333333333337,0.6478333547955559
bb_ipp_nonadaptive,estimated,480,39.91666666666663,0.6477740725623905
bb_ipp_nonadaptive,estimated,481,40.0,0.6477849368972792
bb_ipp_nonadaptive,estimated,482,40.08333333333337,0.648334473793355
bb_ipp_nonadaptive,estimated,483,40.16666666666663,0.6488576842386443
bb_ipp_nonadaptive,estimated,484,40.25,0.6490265699393554
bb_ipp_nonadaptive,estimated,485,40.33333333333337,0.6491063915111254
bb_ipp_nonadaptive,estimated,486,40.41666666666663,0.648766550806882
bb_ipp_nonadaptive,estimated,487,40.5,0.6491161162124107
bb_ipp_nonadaptive,estimated,488,40.58333333333337,0.6494741470626907
bb_ipp_nonadaptive,estimated,489,40.66666666666663,0.6496421448907634
bb_ipp_nonadaptive,estimated,490,40.75,0.6496073052806939
bb_ipp_nonadaptive,estimated,491,40.83333333333337,0.6498239357192898
bb_ipp_nonadaptive,estimated,492,40.91666666666663,0.6502496564355101
bb_ipp_nonadaptive,estimated,493,41.0,0.649862741624733
bb_ipp_nonadaptive,estimated,494,41.08333333333337,0.6503925286492748
bb_ipp_nonadaptive,estimated,495,41.16666666666663,0.6506412760401867
bb_ipp_nonadaptive,estimated,496,41.25,0.6507697029691518
bb_ipp_nonadaptive,estimated,497,41.33333333333337,0.6510493070336066
bb_ipp_nonadaptive,estimated,498,41.41666666666663,0.6512614097303911
bb_ipp_nonadaptive,estimated,499,41.5,0.6511827749444083
bb_ipp_nonadaptive,estimated,500,41.58333333333337,0.6512505974800356
bb_ipp_nonadaptive,estimated,501,41.66666666666663,0.6516144728546976
bb_ipp_nonadaptive,estimated,502,41.75,0.6515729342291179
bb_ipp_nonadaptive,estimated,503,41.83333333333337,0.6517284894985365
bb_ipp_nonadaptive,estimated,504,41.91666666666663,0.6520794624436386
bb_ipp_nonadaptive,estimated,505,42.0,0.652723521805298
bb_ipp_nonadaptive,estimated,506,42.08333333333337,0.6527692885237847
bb_ipp_nonadaptive,estimated,507,42.16666666666663,0.6529076388298328
bb_ipp_nonadaptive,estimated,508,42.25,0.652865742623831
bb_ipp_nonadaptive,estimated,509,42.33333333333337,0.6530473219349469
bb_ipp_nonadaptive,estimated,510,42.41666666666663,0.653226028359397
bb_ipp_nonadaptive,estimated,511,42.5,0.6533349426997255
bb_ipp_nonadaptive,estimated,512,42.58333333333337,0.6536380848751202
bb_ipp_nonadaptive,estimated,513,42.66666666666663,0.6534847307128892
bb_ipp_nonadaptive,estimated,514,42.75,0.6537968113758705
bb_ipp_nonadaptive,estimated,515,42.83333333333337,0.6537585040211885
bb_ipp_nonadaptive,estimated,516,42.91666666666663,0.6539799833444628
bb_ipp_nonadaptive,estimated,517,43.0,0.6539978875387115
bb_ipp_nonadaptive,estimated,518,43.08333333333337,0.6538773536622396
bb_ipp_nonadaptive,estimated,519,43.16666666666663,0.6539284819518116
bb_ipp_nonadaptive,estimated,520,43.25,0.653938881975447
bb_ipp_nonadaptive,estimated,521,43.33333333333337,0.6542683868244125
bb_ipp_nonadaptive,estimated,522,43.41666666666663,0.6544704982566895
bb_ipp_nonadaptive,estimated,523,43.5,0.6546125659280748
bb_ipp_nonadaptive,estimated,524,43.58333333333337,0.6542952296342341
bb_ipp_nonadaptive,estimated,525,43.66666666666663,0.6542998957953007
bb_ipp_nonadaptive,estimated,526,43.75,0.6543786822926897
bb_ipp_nonadaptive,estimated,527,43.83333333333337,0.6543491865682546
bb_ipp_nonadaptive,estimated,528,43.91666666666663,0.6537498497453734
bb_ipp_nonadaptive,estimated,529,44.0,0.6534031990619475
bb_ipp_nonadaptive,estimated,530,44.08333333333337,0.6538510804364993
bb_ipp_nonadaptive,estimated,531,44.16666666666663,0.6538242399157567
bb_ipp_nonadaptive,estimated,532,44.25,0.6524888735932827
bb_ipp_nonadaptive,estimated,533,44.33333333333337,0.6517875771029998
bb_ipp_nonadaptive,estimated,534,44.41666666666663,0.6509161959176685
bb_ipp_nonadaptive,estimated,535,44.5,0.6494304523954818
bb_ipp_nonadaptive,estimated,536,44.58333333333337,0.6448110624564066
bb_ipp_nonadaptive,estimated,537,44.66666666666663,0.6443842745982891
bb_ipp_nonadaptive,estimated,538,44.75,0.6420980755752529
bb_ipp_nonadaptive,estimated,539,44.83333333333337,0.6422967744109982
bb_ipp_nonadaptive,estimated,540,44.91666666666663,0.6410049525097931
bb_ipp_nonadaptive,estimated,541,45.0,0.6413617979004271
bb_ipp_nonadaptive,estimated,542,45.08333333333337,0.6400370630776221
bb_ipp_nonadaptive,estimated,543,45.16666666666663,0.6399452755247729
bb_ipp_nonadaptive,estimated,544,45.25,0.639987020035695
bb_ipp_nonadaptive,estimated,545,45.33333333333337,0.6406390987541052
bb_ipp_nonadaptive,estimated,546,45.41666666666663,0.6408926150615123
bb_ipp_nonadaptive,estimated,547,45.5,0.6386306994655083
bb_ipp_nonadaptive,estimated,548,45.58333333333337,0.6386097123855841
bb_ipp_nonadaptive,estimated,549,45.66666666666663,0.6378236137554666
bb_ipp_nonadaptive,estimated,550,45.75,0.6378131681506466
bb_ipp_nonadaptive,estimated,551,45.83333333333337,0.6376734607144694
bb_ipp_nonadaptive,estimated,552,45.91666666666663,0.6379676216072245
bb_ipp_nonadaptive,estimated,553,46.0,0.6372425258130011
bb_ipp_nonadaptive,estimated,554,46.08333333333337,0.6377832519574319
bb_ipp_nonadaptive,estimated,555,46.16666666666663,0.6372427503204005
bb_ipp_nonadaptive,estimated,556,46.25,0.6368574103661357
bb_ipp_nonadaptive,estimated,557,46.33333333333337,0.6372499812940352
bb_ipp_nonadaptive,estimated,558,46.41666666666663,0.6376132661181094
bb_ipp_nonadaptive,estimated,559,46.5,0.638283347853868
bb_ipp_nonadaptive,estimated,560,46.58333333333337,0.6394902872155758
bb_ipp_nonadaptive,estimated,561,46.66666666666663,0.6395078183556794
bb_ipp_nonadaptive,estimated,562,46.75,0.6402594537263087
bb_ipp_nonadaptive,estimated,563,46.83333333333337,0.6396166136571613
bb_ipp_nonadaptive,estimated,564,46.91666666666663,0.6389127390842493
bb_ipp_nonadaptive,estimated,565,47.0,0.6397457121786521
bb_ipp_nonadaptive,estimated,566,47.08333333333337,0.6386570763492379
bb_ipp_nonadaptive,estimated,567,47.16666666666663,0.6392524274199362
bb_ipp_nonadaptive,estimated,568,47.25,0.6392564178713949
bb_ipp_nonadaptive,estimated,569,47.33333333333337,0.6394419524880218
bb_ipp_nonadaptive,estimated,570,47.41666666666663,0.6396027952840889
bb_ipp_nonadaptive,estimated,571,47.5,0.6399540720894213
bb_ipp_nonadaptive,estimated,572,47.58333333333337,0.6402327656217478
bb_ipp_nonadaptive,estimated,573,47.66666666666663,0.6399070798987542
bb_ipp_nonadaptive,estimated,574,47.75,0.640833589718245
bb_ipp_nonadaptive,estimated,575,47.83333333333337,0.6412947992937079
bb_ipp_nonadaptive,estimated,576,47.91666666666663,0.6413710390474668
bb_ipp_nonadaptive,estimated,577,48.0,0.6410666884280674
bb_ipp_nonadaptive,estimated,578,48.08333333333337,0.6413511795355499
bb_ipp_nonadaptive,estimated,579,48.16666666666663,0.6418214672693702
bb_ipp_nonadaptive,estimated,580,48.25,0.6419094693202437
bb_ipp_nonadaptive,estimated,581,48.33333333333337,0.6416044061816283
bb_ipp_nonadaptive,estimated,582,48.41666666666663,0.6411695956403194
bb_ipp_nonadaptive,estimated,583,48.5,0.6414175728580614
bb_ipp_nonadaptive,estimated,584,48.58333333333337,0.6413367400234283
bb_ipp_nonadaptive,estimated,585,48.66666666666663,0.6416988733055884
bb_ipp_nonadaptive,estimated,586,48.75,0.642028376987571
bb_ipp_nonadaptive,estimated,587,48.83333333333337,0.64161720310189
bb_ipp_nonadaptive,estimated,588,48.91666666666663,0.6414636647553568
bb_ipp_nonadaptive,estimated,589,49.0,0.6416210449176638
bb_ipp_nonadaptive,estimated,590,49.08333333333337,0.6417404157810299
bb_ipp_nonadaptive,estimated,591,49.16666666666663,0.641821881557678
bb_ipp_nonadaptive,estimated,592,49.25,0.6421111506732954
bb_ipp_nonadaptive,estimated,593,49.33333333333337,0.6418120599848212
bb_ipp_nonadaptive,estimated,594,49.41666666666663,0.6416444333268289
bb_ipp_nonadaptive,estimated,595,49.5,0.6414640961891047
bb_ipp_nonadaptive,estimated,596,49.58333333333337,0.6418903045153258
bb_ipp_nonadaptive,estimated,597,49.66666666666663,0.6420532972113261
bb_ipp_nonadaptive,estimated,598,49.75,0.6421343660849577
bb_ipp_nonadaptive,estimated,599,49.83333333333337,0.6418766370183839
bb_ipp_nonadaptive,estimated,600,49.91666666666663,0.6419312818743196
bb_ipp_nonadaptive,estimated,601,50.0,0.6419432876595146
bb_ipp_nonadaptive,estimated,602,50.08333333333337,0.6421561135479564
bb_ipp_nonadaptive,estimated,603,50.16666666666663,0.6420112107788362
bb_ipp_nonadaptive,estimated,604,50.25,0.6421260568409668
bb_ipp_nonadaptive,estimated,605,50.33333333333337,0.6422972380440646
bb_ipp_nonadaptive,estimated,606,50.41666666666663,0.6424344934752225
bb_ipp_nonadaptive,estimated,607,50.5,0.6427240258052757
bb_ipp_nonadaptive,estimated,608,50.58333333333337,0.6426476689959375
bb_ipp_nonadaptive,estimated,609,50.66666666666663,0.6424847752586123
bb_ipp_nonadaptive,estimated,610,50.75,0.642523496434504
bb_ipp_nonadaptive,estimated,611,50.83333333333337,0.642468523526551
bb_ipp_nonadaptive,estimated,612,50.91666666666663,0.6424033621281783
bb_ipp_nonadaptive,estimated,613,51.0,0.642370222967961
bb_ipp_nonadaptive,estimated,614,51.08333333333337,0.6420233700733303
bb_ipp_nonadaptive,estimated,615,51.16666666666663,0.6421966640879029
bb_ipp_nonadaptive,estimated,616,51.25,0.642167375501952
bb_ipp_nonadaptive,estimated,617,51.33333333333337,0.642057804759478
bb_ipp_nonadaptive,estimated,618,51.41666666666663,0.6420196640175716
bb_ipp_nonadaptive,estimated,619,51.5,0.6419558055198353
bb_ipp_nonadaptive,estimated,620,51.58333333333337,0.6417759825542231
bb_ipp_nonadaptive,estimated,621,51.66666666666663,0.6418751379296105
bb_ipp_nonadaptive,estimated,622,51.75,0.6416177455257296
bb_ipp_nonadaptive,estimated,623,51.83333333333337,0.6412623294186733
bb_ipp_nonadaptive,estimated,624,51.91666666666663,0.6410174965436028
bb_ipp_nonadaptive,estimated,625,52.0,0.6408727311505943
bb_ipp_nonadaptive,estimated,626,52.08333333333337,0.6409806781951843
bb_ipp_nonadaptive,estimated,627,52.16666666666663,0.6408998182621141
bb_ipp_nonadaptive,estimated,628,52.25,0.6407864863455471
bb_ipp_nonadaptive,estimated,629,52.33333333333337,0.6405544794348444
bb_ipp_nonadaptive,estimated,630,52.41666666666663,0.6402341311716896
bb_ipp_nonadaptive,estimated,631,52.5,0.6400718572627899
bb_ipp_nonadaptive,estimated,632,52.58333333333337,0.6400628878959018
bb_ipp_nonadaptive,estimated,633,52.66666666666663,0.6399514188471122
bb_ipp_nonadaptive,estimated,634,52.75,0.6400705833142857
bb_ipp_nonadaptive,estimated,635,52.83333333333337,0.6399884360571974
bb_ipp_nonadaptive,estimated,636,52.91666666666663,0.6398771979119505
bb_ipp_nonadaptive,estimated,637,53.0,0.6397821580336702
bb_ipp_nonadaptive,estimated,638,53.08333333333337,0.6395870143323935
bb_ipp_nonadaptive,estimated,639,53.16666666666663,0.6394775295742807
bb_ipp_nonadaptive,estimated,640,53.25,0.6394044688426346
bb_ipp_nonadaptive,estimated,641,53.33333333333337,0.6392705039664952
bb_ipp_nonadaptive,estimated,642,53.41666666666663,0.6391858228288467
bb_ipp_nonadaptive,estimated,643,53.5,0.639217692158764
bb_ipp_nonadaptive,estimated,644,53.58333333333337,0.6389831696165966
bb_ipp_nonadaptive,estimated,645,53.66666666666663,0.6387791041838934
bb_ipp_nonadaptive,estimated,646,53.75,0.638793116198232
bb_ipp_nonadaptive,estimated,647,53.83333333333337,0.6388167458626592
bb_ipp_nonadaptive,estimated,648,53.91666666666663,0.6388834437673694
bb_ipp_nonadaptive,estimated,649,54.0,0.6387622804037663
bb_ipp_nonadaptive,estimated,650,54.08333333333337,0.6387348103069773
bb_ipp_nonadaptive,estimated,651,54.16666666666663,0.638776988966465
bb_ipp_nonadaptive,estimated,652,54.25,0.6389621028174874
bb_ipp_nonadaptive,estimated,653,54.33333333333337,0.6389819673929938
bb_ipp_nonadaptive,estimated,654,54.41666666666663,0.638814244128022
bb_ipp_nonadaptive,estimated,655,54.5,0.6385482824847419
bb_ipp_nonadaptive,estimated,656,54.58333333333337,0.6384796030793037
bb_ipp_nonadaptive,estimated,657,54.66666666666663,0.6385939640463384
bb_ipp_nonadaptive,estimated,658,54.75,0.6385122952576188
bb_ipp_nonadaptive,estimated,659,54.83333333333337,0.6386663803777635
bb_ipp_nonadaptive,estimated,660,54.91666666666663,0.6387322914591477
bb_ipp_nonadaptive,estimated,661,55.0,0.6387499226595197
bb_ipp_nonadaptive,estimated,662,55.08333333333337,0.6388595992140415
bb_ipp_nonadaptive,estimated,663,55.16666666666663,0.6388386226265413
bb_ipp_nonadaptive,estimated,664,55.25,0.6387855061470935
bb_ipp_nonadaptive,estimated,665,55.33333333333337,0.6387729975178741
bb_ipp_nonadaptive,estimated,666,55.41666666666663,0.6386940214954089
bb_ipp_nonadaptive,estimated,667,55.5,0.6386077468080543
bb_ipp_nonadaptive,estimated,668,55.58333333333337,0.6385098093028262
bb_ipp_nonadaptive,estimated,669,55.66666666666663,0.6383605779840593
bb_ipp_nonadaptive,estimated,670,55.75,0.6383700771715628
bb_ipp_nonadaptive,estimated,671,55.83333333333337,0.6382855463627339
bb_ipp_nonadaptive,estimated,672,55.91666666666663,0.6380586110759114
bb_ipp_nonadaptive,estimated,673,56.0,0.6379713551445495
bb_ipp_nonadaptive,estimated,674,56.08333333333337,0.6378967163539426
bb_ipp_nonadaptive,estimated,675,56.16666666666663,0.6376736206796211
bb_ipp_nonadaptive,estimated,676,56.25,0.637513675975194
bb_ipp_nonadaptive,estimated,677,56.33333333333337,0.6373288736721701
bb_ipp_nonadaptive,estimated,678,56.41666666666663,0.6371315657584087
bb_ipp_nonadaptive,estimated,679,56.5,0.6369350098623846
bb_ipp_nonadaptive,estimated,680,56.58333333333337,0.6366484255267799
bb_ipp_nonadaptive,estimated,681,56.66666666666663,0.6364853682122135
bb_ipp_nonadaptive,estimated,682,56.75,0.6363266188832861
bb_ipp_nonadaptive,estimated,683,56.83333333333337,0.6361516869854301
bb_ipp_nonadaptive,estimated,684,56.91666666666663,0.635855907865717
bb_ipp_nonadaptive,estimated,685,57.0,0.6356970642251717
bb_ipp_nonadaptive,estimated,686,57.08333333333337,0.635445072256964
bb_ipp_nonadaptive,estimated,687,57.16666666666663,0.6352246689665302
bb_ipp_nonadaptive,estimated,688,57.25,0.6350025541528891
bb_ipp_nonadaptive,estimated,689,57.33333333333337,0.6347121482536616
bb_ipp_nonadaptive,estimated,690,57.41666666666663,0.6344636300012122
bb_ipp_nonadaptive,estimated,691,57.5,0.6342408534832967
bb_ipp_nonadaptive,estimated,692,57.58333333333337,0.6339693124382815
bb_ipp_nonadaptive,estimated,693,57.66666666666663,0.6337105102100634
bb_ipp_nonadaptive,estimated,694,57.75,0.6334627623486443
bb_ipp_nonadaptive,estimated,695,57.83333333333337,0.6332310734734753
bb_ipp_nonadaptive,estimated,696,57.91666666666663,0.6328855137011845
bb_ipp_nonadaptive,estimated,697,58.0,0.6326030020935017
bb_ipp_nonadaptive,estimated,698,58.08333333333337,0.6322897502051219
bb_ipp_nonadaptive,estimated,699,58.16666666666663,0.6320007474576056
bb_ipp_nonadaptive,estimated,700,58.25,0.6317348462009377
bb_ipp_nonadaptive,estimated,701,58.33333333333337,0.6314236304503071
bb_ipp_nonadaptive,estimated,702,58.41666666666663,0.6311174574680253
bb_ipp_nonadaptive,estimated,703,58.5,0.6308049540530589
bb_ipp_nonadaptive,estimated,704,58.58333333333337,0.6305017864133167
bb_ipp_nonadaptive,estimated,705,58.66666666666663,0.6301717774593385
bb_ipp_nonadaptive,estimated,706,58.75,0.6298759224270496
bb_ipp_nonadaptive,estimated,707,58.83333333333337,0.6295543007369685
bb_ipp_nonadaptive,estimated,708,58.91666666666663,0.6292897104676987
bb_ipp_nonadaptive,estimated,709,59.0,0.6290112623015793
bb_ipp_nonadaptive,estimated,710,59.08333333333337,0.6286197406814713
bb_ipp_nonadaptive,estimated,711,59.16666666666663,0.6282679054270319
bb_ipp_nonadaptive,estimated,712,59.25,0.6279421162774226
bb_ipp_nonadaptive,estimated,713,59.33333333333337,0.627795932500658
bb_ipp_nonadaptive,estimated,714,59.41666666666663,0.6275371922122747
bb_ipp_nonadaptive,estimated,715,59.5,0.6272127485218535
bb_ipp_nonadaptive,estimated,716,59.58333333333337,0.6270142704540517
bb_ipp_nonadaptive,estimated,717,59.66666666666663,0.6268836727591537
bb_ipp_nonadaptive,estimated,718,59.75,0.626703487527477
bb_ipp_nonadaptive,estimated,719,59.83333333333337,0.6265993888950757
bb_ipp_nonadaptive,estimated,720,59.91666666666663,0.6264134226833945
bb_ipp_nonadaptive,estimated,721,60.0,0.6263580324657583
bb_ipp_nonadaptive,estimated,722,60.08333333333337,0.6263679016966808
bb_ipp_nonadaptive,estimated,723,60.16666666666663,0.6262935878070273
bb_ipp_nonadaptive,estimated,724,60.25,0.6262363834031464
bb_ipp_nonadaptive,estimated,725,60.33333333333337,0.6261510351590377
bb_ipp_nonadaptive,estimated,726,60.41666666666663,0.6261548360638649
bb_ipp_nonadaptive,estimated,727,60.5,0.6263097046415071
bb_ipp_nonadaptive,estimated,728,60.58333333333337,0.6263696902886233
bb_ipp_nonadaptive,estimated,729,60.66666666666663,0.6263029452503086
bb_ipp_nonadaptive,estimated,730,60.75,0.626260575782176
bb_ipp_nonadaptive,estimated,731,60.83333333333337,0.6263084680409491
bb_ipp_nonadaptive,estimated,732,60.91666666666663,0.6262553914668298
bb_ipp_nonadaptive,estimated,733,61.0,0.6262641943447266
bb_ipp_nonadaptive,estimated,734,61.08333333333337,0.6261649922854157
bb_ipp_nonadaptive,estimated,735,61.16666666666663,0.626200059138347
bb_ipp_nonadaptive,estimated,736,61.25,0.6262394083316984
bb_ipp_nonadaptive,estimated,737,61.33333333333337,0.6264943985421912
bb_ipp_nonadaptive,estimated,738,61.41666666666663,0.6267073941885155
bb_ipp_nonadaptive,estimated,739,61.5,0.6268449169002063
bb_ipp_nonadaptive,estimated,740,61.58333333333337,0.6267459080713497
bb_ipp_nonadaptive,estimated,741,61.66666666666663,0.6269293983767307
bb_ipp_nonadaptive,estimated,742,61.75,0.6270868286018167
bb_ipp_nonadaptive,estimated,743,61.83333333333337,0.6272656641576884
bb_ipp_nonadaptive,estimated,744,61.91666666666663,0.6275533389200859
bb_ipp_nonadaptive,estimated,745,62.0,0.6275319715527126
bb_ipp_nonadaptive,estimated,746,62.08333333333337,0.6275038277518892
bb_ipp_nonadaptive,estimated,747,62.16666666666663,0.6276937541010963
bb_ipp_nonadaptive,estimated,748,62.25,0.6279073188388397
bb_ipp_nonadaptive,estimated,749,62.33333333333337,0.628348127264143
bb_ipp_nonadaptive,estimated,750,62.41666666666663,0.6285650585913338
bb_ipp_nonadaptive,estimated,751,62.5,0.6285336020684346
bb_ipp_nonadaptive,estimated,752,62.58333333333337,0.6284903859839128
bb_ipp_nonadaptive,estimated,753,62.66666666666663,0.6285453720637909
bb_ipp_nonadaptive,estimated,754,62.75,0.6288483373943234
bb_ipp_nonadaptive,estimated,755,62.83333333333337,0.6290740151800474
bb_ipp_nonadaptive,estimated,756,62.91666666666663,0.6294679852204625
bb_ipp_nonadaptive,estimated,757,63.0,0.6297513498678764
bb_ipp_nonadaptive,estimated,758,63.08333333333337,0.6297104545964023
bb_ipp_nonadaptive,estimated,759,63.16666666666663,0.6297912505572391
bb_ipp_nonadaptive,estimated,760,63.25,0.6294984466355473
bb_ipp_nonadaptive,estimated,761,63.33333333333337,0.6294822918246735
bb_ipp_nonadaptive,estimated,762,63.41666666666663,0.6296698346669086
bb_ipp_nonadaptive,estimated,763,63.5,0.6299499376489033
bb_ipp_nonadaptive,estimated,764,63.58333333333337,0.6301036617180423
bb_ipp_nonadaptive,estimated,765,63.66666666666663,0.6306934877501263
bb_ipp_nonadaptive,estimated,766,63.75,0.6307665089731278
bb_ipp_nonadaptive,estimated,767,63.83333333333337,0.6308910768084409
bb_ipp_nonadaptive,estimated,768,63.91666666666663,0.6308919738227045
bb_ipp_nonadaptive,estimated,769,64.0,0.631057477952015
bb_ipp_nonadaptive,estimated,770,64.08333333333337,0.6312989136257261
bb_ipp_nonadaptive,estimated,771,64.16666666666663,0.6316661430971426
bb_ipp_nonadaptive,estimated,772,64.25,0.6317381928252759
bb_ipp_nonadaptive,estimated,773,64.33333333333337,0.6322186590961801
bb_ipp_nonadaptive,estimated,774,64.41666666666663,0.6320436784305024
bb_ipp_nonadaptive,estimated,775,64.5,0.6320509280869687
bb_ipp_nonadaptive,estimated,776,64.58333333333337,0.6329499552924966
bb_ipp_nonadaptive,estimated,777,64.66666666666663,0.6333684196168712
bb_ipp_nonadaptive,estimated,778,64.75,0.6335211556875479
bb_ipp_nonadaptive,estimated,779,64.83333333333337,0.6335533630978597
bb_ipp_nonadaptive,estimated,780,64.91666666666663,0.6339161128103793
bb_ipp_nonadaptive,estimated,781,65.0,0.6344008877940062
bb_ipp_nonadaptive,estimated,782,65.08333333333337,0.6347793589817591
bb_ipp_nonadaptive,estimated,783,65.16666666666663,0.6351480381722862
bb_ipp_nonadaptive,estimated,784,65.25,0.6355571424547848
bb_ipp_nonadaptive,estimated,785,65.33333333333337,0.6356539626132195
bb_ipp_nonadaptive,estimated,786,65.41666666666663,0.6355768726271042
bb_ipp_nonadaptive,estimated,787,65.5,0.6362130837603386
bb_ipp_nonadaptive,estimated,788,65.58333333333337,0.6365413853594873
bb_ipp_nonadaptive,estimated,789,65.66666666666663,0.6369089816173099
bb_ipp_nonadaptive,estimated,790,65.75,0.6375197987841116
bb_ipp_nonadaptive,estimated,791,65.83333333333337,0.6379005434502832
bb_ipp_nonadaptive,estimated,792,65.91666666666663,0.6380428010580419
bb_ipp_nonadaptive,estimated,793,66.0,0.6382251285748085
bb_ipp_nonadaptive,estimated,794,66.08333333333337,0.6386804099560311
bb_ipp_nonadaptive,estimated,795,66.16666666666663,0.6391002308068077
bb_ipp_nonadaptive,estimated,796,66.25,0.6395057031635164
bb_ipp_nonadaptive,estimated,797,66.33333333333337,0.6397040995839066
bb_ipp_nonadaptive,estimated,798,66.41666666666663,0.6395742945077418
bb_ipp_nonadaptive,estimated,799,66.5,0.6398789542472432
bb_ipp_nonadaptive,estimated,800,66.58333333333337,0.6397907747679491
bb_ipp_nonadaptive,estimated,801,66.66666666666663,0.6404205049994441
bb_ipp_nonadaptive,estimated,802,66.75,0.6407860506601454
bb_ipp_nonadaptive,estimated,803,66.83333333333337,0.6413636354813795
bb_ipp_nonadaptive,estimated,804,66.91666666666663,0.6416270839125571
bb_ipp_nonadaptive,estimated,805,67.0,0.6417574962010271
bb_ipp_nonadaptive,estimated,806,67.08333333333337,0.6424646583873633
bb_ipp_nonadaptive,estimated,807,67.16666666666663,0.6426395588257814
bb_ipp_nonadaptive,estimated,808,67.25,0.6427003722825779
bb_ipp_nonadaptive,estimated,809,67.33333333333337,0.6427937622245956
bb_ipp_nonadaptive,estimated,810,67.41666666666663,0.6429165056212451
bb_ipp_nonadaptive,estimated,811,67.5,0.6430970945329708
bb_ipp_nonadaptive,estimated,812,67.58333333333337,0.6433174952457553
bb_ipp_nonadaptive,estimated,813,67.66666666666663,0.6432137306421178
bb_ipp_nonadaptive,estimated,814,67.75,0.6433891457961587
bb_ipp_nonadaptive,estimated,815,67.83333333333337,0.6439478501378715
bb_ipp_nonadaptive,estimated,816,67.91666666666663,0.64419174017732
bb_ipp_nonadaptive,estimated,817,68.0,0.6440939809853202
bb_ipp_nonadaptive,estimated,818,68.08333333333337,0.64437921622584
bb_ipp_nonadaptive,estimated,819,68.16666666666663,0.6446180968874399
bb_ipp_nonadaptive,estimated,820,68.25,0.644488377250561
bb_ipp_nonadaptive,estimated,821,68.33333333333337,0.6447378301640744
bb_ipp_nonadaptive,estimated,822,68.41666666666663,0.6448809394460642
bb_ipp_nonadaptive,estimated,823,68.5,0.6452610452902904
bb_ipp_nonadaptive,estimated,824,68.58333333333337,0.6455429228342727
bb_ipp_nonadaptive,estimated,825,68.66666666666663,0.645448194790709
bb_ipp_nonadaptive,estimated,826,68.75,0.6452767536970503
bb_ipp_nonadaptive,estimated,827,68.83333333333337,0.64513518872887
bb_ipp_nonadaptive,estimated,828,68.91666666666663,0.6461074522187759
bb_ipp_nonadaptive,estimated,829,69.0,0.6460500355999735
bb_ipp_nonadaptive,estimated,830,69.08333333333337,0.6462214870757117
bb_ipp_nonadaptive,estimated,831,69.16666666666663,0.6468120410818493
bb_ipp_nonadaptive,estimated,832,69.25,0.6464058483142907
bb_ipp_nonadaptive,estimated,833,69.33333333333337,0.6447707063851821
bb_ipp_nonadaptive,estimated,834,69.41666666666663,0.643573425581228
bb_ipp_nonadaptive,estimated,835,69.5,0.644318664581622
bb_ipp_nonadaptive,estimated,836,69.58333333333337,0.6438357360810929
bb_ipp_nonadaptive,estimated,837,69.66666666666663,0.6433441619371972
bb_ipp_nonadaptive,estimated,838,69.75,0.6426350626999459
bb_ipp_nonadaptive,estimated,839,69.83333333333337,0.6412696936176651
bb_ipp_nonadaptive,estimated,840,69.91666666666663,0.6402826416351495
bb_ipp_nonadaptive,estimated,841,70.0,0.6374189543787492
bb_ipp_nonadaptive,estimated,842,70.08333333333337,0.638146603259538
bb_ipp_nonadaptive,estimated,843,70.16666666666663,0.6365747122027685
bb_ipp_nonadaptive,estimated,844,70.25,0.6336737701664819
bb_ipp_nonadaptive,estimated,845,70.33333333333337,0.6280423846525824
bb_ipp_nonadaptive,estimated,846,70.41666666666663,0.6260789104419816
bb_ipp_nonadaptive,estimated,847,70.5,0.622643732474617
bb_ipp_nonadaptive,estimated,848,70.58333333333337,0.6228661331601543
bb_ipp_nonadaptive,estimated,849,70.66666666666663,0.6195548045987554
bb_ipp_nonadaptive,estimated,850,70.75,0.6162219351773294
bb_ipp_nonadaptive,estimated,851,70.83333333333337,0.6181168541324629
bb_ipp_nonadaptive,estimated,852,70.91666666666663,0.6163287584997812
bb_ipp_nonadaptive,estimated,853,71.0,0.6168184360228528
bb_ipp_nonadaptive,estimated,854,71.08333333333337,0.6150327339463327
bb_ipp_nonadaptive,estimated,855,71.16666666666663,0.6170474986062215
bb_ipp_nonadaptive,estimated,856,71.25,0.6143550112945014
bb_ipp_nonadaptive,estimated,857,71.33333333333337,0.6138290455417312
bb_ipp_nonadaptive,estimated,858,71.41666666666663,0.612654852407174
bb_ipp_nonadaptive,estimated,859,71.5,0.6106885441543144
bb_ipp_nonadaptive,estimated,860,71.58333333333337,0.6112176325352299
bb_ipp_nonadaptive,estimated,861,71.66666666666663,0.6112096399790936
bb_ipp_nonadaptive,estimated,862,71.75,0.6109250779043622
bb_ipp_nonadaptive,estimated,863,71.83333333333337,0.6121224205626087
bb_ipp_nonadaptive,estimated,864,71.91666666666663,0.6135260111136999
bb_ipp_nonadaptive,estimated,865,72.0,0.6122560372388836
bb_ipp_nonadaptive,estimated,866,72.08333333333337,0.6115477428144501
bb_ipp_nonadaptive,estimated,867,72.16666666666663,0.6152755363359799
bb_ipp_nonadaptive,estimated,868,72.25,0.613227043190995
bb_ipp_nonadaptive,estimated,869,72.33333333333337,0.6126432150894865
bb_ipp_nonadaptive,estimated,870,72.41666666666663,0.615822143977111
bb_ipp_nonadaptive,estimated,871,72.5,0.6154588022197286
bb_ipp_nonadaptive,estimated,872,72.58333333333337,0.618425518194894
bb_ipp_nonadaptive,estimated,873,72.66666666666663,0.6200121135514953
bb_ipp_nonadaptive,estimated,874,72.75,0.622015130409584
bb_ipp_nonadaptive,estimated,875,72.83333333333337,0.620635944176788
bb_ipp_nonadaptive,estimated,876,72.91666666666663,0.621459744463439
bb_ipp_nonadaptive,estimated,877,73.0,0.622808296110128
bb_ipp_nonadaptive,estimated,878,73.08333333333337,0.6244562574218864
bb_ipp_nonadaptive,estimated,879,73.16666666666663,0.6254571618048439
bb_ipp_nonadaptive,estimated,880,73.25,0.6257873408999911
bb_ipp_nonadaptive,estimated,881,73.33333333333337,0.6268018128733747
bb_ipp_nonadaptive,estimated,882,73.41666666666663,0.627615055452473
bb_ipp_nonadaptive,estimated,883,73.5,0.6287012977417579
bb_ipp_nonadaptive,estimated,884,73.58333333333337,0.6293477324095924
bb_ipp_nonadaptive,estimated,885,73.66666666666663,0.6301915029619315
bb_ipp_nonadaptive,estimated,886,73.75,0.6301183396304826
bb_ipp_nonadaptive,estimated,887,73.83333333333337,0.6317708803206324
bb_ipp_nonadaptive,estimated,888,73.91666666666663,0.6317696032540363
bb_ipp_nonadaptive,estimated,889,74.0,0.6324982316352808
bb_ipp_nonadaptive,estimated,890,74.08333333333337,0.6328407653667985
bb_ipp_nonadaptive,estimated,891,74.16666666666663,0.6324964657417828
bb_ipp_nonadaptive,estimated,892,74.25,0.6322685783637532
bb_ipp_nonadaptive,estimated,893,74.33333333333337,0.6323329870995086
bb_ipp_nonadaptive,estimated,894,74.41666666666663,0.6330363093361614
bb_ipp_nonadaptive,estimated,895,74.5,0.6334947206146269
bb_ipp_nonadaptive,estimated,896,74.58333333333337,0.6339693426420379
bb_ipp_nonadaptive,estimated,897,74.66666666666663,0.6341709867198697
bb_ipp_nonadaptive,estimated,898,74.75,0.634164037601884
bb_ipp_nonadaptive,estimated,899,74.83333333333337,0.6345739529584915
bb_ipp_nonadaptive,estimated,900,74.91666666666663,0.6344328607607962
bb_ipp_nonadaptive,estimated,901,75.0,0.634522418519506
bb_ipp_nonadaptive,estimated,902,75.08333333333337,0.6344937354474589
bb_ipp_nonadaptive,estimated,903,75.16666666666663,0.634762016703447
bb_ipp_nonadaptive,estimated,904,75.25,0.6350099300127117
bb_ipp_nonadaptive,estimated,905,75.33333333333337,0.635017304732636
bb_ipp_nonadaptive,estimated,906,75.41666666666663,0.6347809727169986
bb_ipp_nonadaptive,estimated,907,75.5,0.634516933560576
bb_ipp_nonadaptive,estimated,908,75.58333333333337,0.6349765552461707
bb_ipp_nonadaptive,estimated,909,75.66666666666663,0.635042222731931
bb_ipp_nonadaptive,estimated,910,75.75,0.6352641608356739
bb_ipp_nonadaptive,estimated,911,75.83333333333337,0.6353334196113529
bb_ipp_nonadaptive,estimated,912,75.91666666666663,0.6351535064941226
bb_ipp_nonadaptive,estimated,913,76.0,0.6353636512602475
bb_ipp_nonadaptive,estimated,914,76.08333333333337,0.6352009751694688
bb_ipp_nonadaptive,estimated,915,76.16666666666663,0.6354882705954327
bb_ipp_nonadaptive,estimated,916,76.25,0.6357200817721386
bb_ipp_nonadaptive,estimated,917,76.33333333333337,0.6356668838611272
bb_ipp_nonadaptive,estimated,918,76.41666666666663,0.6355121217608649
bb_ipp_nonadaptive,estimated,919,76.5,0.6354897755166128
bb_ipp_nonadaptive,estimated,920,76.58333333333337,0.6357035613528398
bb_ipp_nonadaptive,estimated,921,76.66666666666663,0.6355053090078967
bb_ipp_nonadaptive,estimated,922,76.75,0.636006029803655
bb_ipp_nonadaptive,estimated,923,76.83333333333337,0.6360216267866797
bb_ipp_nonadaptive,estimated,924,76.91666666666663,0.6358325783706065
bb_ipp_nonadaptive,estimated,925,77.0,0.635543224579575
bb_ipp_nonadaptive,estimated,926,77.08333333333337,0.6360726822923195
bb_ipp_nonadaptive,estimated,927,77.16666666666663,0.6361209527342621
bb_ipp_nonadaptive,estimated,928,77.25,0.6368374467615192
bb_ipp_nonadaptive,estimated,929,77.33333333333337,0.637709079836974
bb_ipp_nonadaptive,estimated,930,77.41666666666663,0.6374013527531773
bb_ipp_nonadaptive,estimated,931,77.5,0.6375258082604083
bb_ipp_nonadaptive,estimated,932,77.58333333333337,0.6378086732277106
bb_ipp_nonadaptive,estimated,933,77.66666666666663,0.638313000331755
bb_ipp_nonadaptive,estimated,934,77.75,0.6382303981892419
bb_ipp_nonadaptive,estimated,935,77.83333333333337,0.638224790259816
bb_ipp_nonadaptive,estimated,936,77.91666666666663,0.6389257135448843
bb_ipp_nonadaptive,estimated,937,78.0,0.6389356141181679
bb_ipp_nonadaptive,estimated,938,78.08333333333337,0.638351829072516
bb_ipp_nonadaptive,estimated,939,78.16666666666663,0.6383215767514072
bb_ipp_nonadaptive,estimated,940,78.25,0.6380434127039473
bb_ipp_nonadaptive,estimated,941,78.33333333333337,0.6388926953514869
bb_ipp_nonadaptive,estimated,942,78.41666666666663,0.639440359699617
bb_ipp_nonadaptive,estimated,943,78.5,0.6399310522541837
bb_ipp_nonadaptive,estimated,944,78.58333333333337,0.6401932932547899
bb_ipp_nonadaptive,estimated,945,78.66666666666663,0.6398468041695763
bb_ipp_nonadaptive,estimated,946,78.75,0.6390827090975852
bb_ipp_nonadaptive,estimated,947,78.83333333333337,0.6396178117759259
bb_ipp_nonadaptive,estimated,948,78.91666666666663,0.6391347144834637
bb_ipp_nonadaptive,estimated,949,79.0,0.6394495990066457
bb_ipp_nonadaptive,estimated,950,79.08333333333337,0.6395584948074378
bb_ipp_nonadaptive,estimated,951,79.16666666666663,0.6393443872659407
bb_ipp_nonadaptive,estimated,952,79.25,0.639271810040121
bb_ipp_nonadaptive,estimated,953,79.33333333333337,0.6391584658846701
bb_ipp_nonadaptive,estimated,954,79.41666666666663,0.6385621104329747
bb_ipp_nonadaptive,estimated,955,79.5,0.6381235961833562
bb_ipp_nonadaptive,estimated,956,79.58333333333337,0.6388219685748048
bb_ipp_nonadaptive,estimated,957,79.66666666666663,0.639330593019931
bb_ipp_nonadaptive,estimated,958,79.75,0.6388506959576615
bb_ipp_nonadaptive,estimated,959,79.83333333333337,0.6384410325598896
bb_ipp_nonadaptive,estimated,960,79.91666666666663,0.6379285239737436
bb_ipp_nonadaptive,estimated,961,80.0,0.6369889951694059
bb_ipp_nonadaptive,estimated,962,80.08333333333337,0.6363282532493706
bb_ipp_nonadaptive,estimated,963,80.16666666666663,0.6353578414002536
bb_ipp_nonadaptive,estimated,964,80.25,0.6375290399423686
bb_ipp_nonadaptive,estimated,965,80.33333333333337,0.636320885647857
bb_ipp_nonadaptive,estimated,966,80.41666666666663,0.6355978321024996
bb_ipp_nonadaptive,estimated,967,80.5,0.6347852196209932
bb_ipp_nonadaptive,estimated,968,80.58333333333337,0.6316719299481767
bb_ipp_nonadaptive,estimated,969,80.66666666666663,0.632546995468295
bb_ipp_nonadaptive,estimated,970,80.75,0.6305478349406379
bb_ipp_nonadaptive,estimated,971,80.83333333333337,0.6313772498934318
bb_ipp_nonadaptive,estimated,972,80.91666666666663,0.6307011186239975
bb_ipp_nonadaptive,estimated,973,81.0,0.6293393288396327
bb_ipp_nonadaptive,estimated,974,81.08333333333337,0.6327618597509529
bb_ipp_nonadaptive,estimated,975,81.16666666666663,0.6313048073070019
bb_ipp_nonadaptive,estimated,976,81.25,0.6317706041832304
bb_ipp_nonadaptive,estimated,977,81.33333333333337,0.6325293948773657
bb_ipp_nonadaptive,estimated,978,81.41666666666663,0.6331295239247051
bb_ipp_nonadaptive,estimated,979,81.5,0.6299859865551286
bb_ipp_nonadaptive,estimated,980,81.58333333333337,0.6306972964014916
bb_ipp_nonadaptive,estimated,981,81.66666666666663,0.6307848651536816
bb_ipp_nonadaptive,estimated,982,81.75,0.6296229710627534
bb_ipp_nonadaptive,estimated,983,81.83333333333337,0.6289629555066939
bb_ipp_nonadaptive,estimated,984,81.91666666666663,0.6288014754223765
bb_ipp_nonadaptive,estimated,985,82.0,0.6296410429868533
bb_ipp_nonadaptive,estimated,986,82.08333333333337,0.6300487767701612
bb_ipp_nonadaptive,estimated,987,82.16666666666663,0.6311927266416505
bb_ipp_nonadaptive,estimated,988,82.25,0.6314476877992291
bb_ipp_nonadaptive,estimated,989,82.33333333333337,0.6294939483635764
bb_ipp_nonadaptive,estimated,990,82.41666666666663,0.6306599948953389
bb_ipp_nonadaptive,estimated,991,82.5,0.6295474598060408
bb_ipp_nonadaptive,estimated,992,82.58333333333337,0.6310297469212203
bb_ipp_nonadaptive,estimated,993,82.66666666666663,0.6320133880450759
bb_ipp_nonadaptive,estimated,994,82.75,0.6306930978801735
bb_ipp_nonadaptive,estimated,995,82.83333333333337,0.6312917866314246
bb_ipp_nonadaptive,estimated,996,82.91666666666663,0.6313410498426596
bb_ipp_nonadaptive,estimated,997,83.0,0.6316684253474514
bb_ipp_nonadaptive,estimated,998,83.08333333333337,0.6326852332236709
bb_ipp_nonadaptive,estimated,999,83.16666666666663,0.6323433138519976
bb_ipp_nonadaptive,estimated,1000,83.25,0.6331312329007865
bb_ipp_nonadaptive,estimated,1001,83.33333333333337,0.6325950205429158
bb_ipp_nonadaptive,estimated,1002,83.41666666666663,0.633371197781808
bb_ipp_nonadaptive,estimated,1003,83.5,0.634710051245532
bb_ipp_nonadaptive,estimated,1004,83.58333333333337,0.6358323323581783
bb_ipp_nonadaptive,estimated,1005,83.66666666666663,0.6362764493241847
bb_ipp_nonadaptive,estimated,1006,83.75,0.6365989336386759
bb_ipp_nonadaptive,estimated,1007,83.83333333333337,0.636556634180394
bb_ipp_nonadaptive,estimated,1008,83.91666666666663,0.6375501957808833
bb_ipp_nonadaptive,estimated,1009,84.0,0.6375674820404448
bb_ipp_nonadaptive,estimated,1010,84.08333333333337,0.6372294243394151
bb_ipp_nonadaptive,estimated,1011,84.16666666666663,0.6381269982141131
bb_ipp_nonadaptive,estimated,1012,84.25,0.6387279058544153
bb_ipp_nonadaptive,estimated,1013,84.33333333333337,0.6391153441614256
bb_ipp_nonadaptive,estimated,1014,84.41666666666663,0.6392055436612759
bb_ipp_nonadaptive,estimated,1015,84.5,0.6393575065507471
bb_ipp_nonadaptive,estimated,1016,84.58333333333337,0.639370708921974
bb_ipp_nonadaptive,estimated,1017,84.66666666666663,0.6394258240496737
bb_ipp_nonadaptive,estimated,1018,84.75,0.6396020697831312
bb_ipp_nonadaptive,estimated,1019,84.83333333333337,0.6398380082389435
bb_ipp_nonadaptive,estimated,1020,84.91666666666663,0.6398136544731298
bb_ipp_nonadaptive,estimated,1021,85.0,0.6401158597279171
bb_ipp_nonadaptive,estimated,1022,85.08333333333337,0.6402098691554003
bb_ipp_nonadaptive,estimated,1023,85.16666666666663,0.6401151815737482
bb_ipp_nonadaptive,estimated,1024,85.25,0.640885377525188
bb_ipp_nonadaptive,estimated,1025,85.33333333333337,0.6411252128645633
bb_ipp_nonadaptive,estimated,1026,85.41666666666663,0.6412771271512732
bb_ipp_nonadaptive,estimated,1027,85.5,0.6413928398723732
bb_ipp_nonadaptive,estimated,1028,85.58333333333337,0.6417395557152411
bb_ipp_nonadaptive,estimated,1029,85.66666666666663,0.6418441511625808
bb_ipp_nonadaptive,estimated,1030,85.75,0.6416146919565853
bb_ipp_nonadaptive,estimated,1031,85.83333333333337,0.6420402081424932
bb_ipp_nonadaptive,estimated,1032,85.91666666666663,0.6422859015613105
bb_ipp_nonadaptive,estimated,1033,86.0,0.6423851283452396
bb_ipp_nonadaptive,estimated,1034,86.08333333333337,0.642920536819324
bb_ipp_nonadaptive,estimated,1035,86.16666666666663,0.643036090688744
bb_ipp_nonadaptive,estimated,1036,86.25,0.6429730280177645
bb_ipp_nonadaptive,estimated,1037,86.33333333333337,0.6427446473306949
bb_ipp_nonadaptive,estimated,1038,86.41666666666663,0.6425348503297896
bb_ipp_nonadaptive,estimated,1039,86.5,0.6428064576309338
bb_ipp_nonadaptive,estimated,1040,86.58333333333337,0.6431781897461529
bb_ipp_nonadaptive,estimated,1041,86.66666666666663,0.642960412363919
bb_ipp_nonadaptive,estimated,1042,86.75,0.6428249069521539
bb_ipp_nonadaptive,estimated,1043,86.83333333333337,0.6429210120218318
bb_ipp_nonadaptive,estimated,1044,86.91666666666663,0.643044812787653
bb_ipp_nonadaptive,estimated,1045,87.0,0.6431342024199422
bb_ipp_nonadaptive,estimated,1046,87.08333333333337,0.6431347462883998
bb_ipp_nonadaptive,estimated,1047,87.16666666666663,0.6430512444595964
bb_ipp_nonadaptive,estimated,1048,87.25,0.6433980513820049
bb_ipp_nonadaptive,estimated,1049,87.33333333333337,0.6433982926333176
bb_ipp_nonadaptive,estimated,1050,87.41666666666663,0.6433399773266948
bb_ipp_nonadaptive,estimated,1051,87.5,0.6430157488692003
bb_ipp_nonadaptive,estimated,1052,87.58333333333337,0.6431745864862759
bb_ipp_nonadaptive,estimated,1053,87.66666666666663,0.6433701666683593
bb_ipp_nonadaptive,estimated,1054,87.75,0.6431710198450767
bb_ipp_nonadaptive,estimated,1055,87.83333333333337,0.641990710489614
bb_ipp_nonadaptive,estimated,1056,87.91666666666663,0.641847782115269
bb_ipp_nonadaptive,estimated,1057,88.0,0.6416888888617527
bb_ipp_nonadaptive,estimated,1058,88.08333333333337,0.6410386841815637
bb_ipp_nonadaptive,estimated,1059,88.16666666666663,0.6404860533697825
bb_ipp_nonadaptive,estimated,1060,88.25,0.6399159332300725
bb_ipp_nonadaptive,estimated,1061,88.33333333333337,0.6389669065075657
bb_ipp_nonadaptive,estimated,1062,88.41666666666663,0.6381479195154295
bb_ipp_nonadaptive,estimated,1063,88.5,0.6365870358293145
bb_ipp_nonadaptive,estimated,1064,88.58333333333337,0.6344569940524103
bb_ipp_nonadaptive,estimated,1065,88.66666666666663,0.6340457264991904
bb_ipp_nonadaptive,estimated,1066,88.75,0.63313056731083
bb_ipp_nonadaptive,estimated,1067,88.83333333333337,0.6293494327404328
bb_ipp_nonadaptive,estimated,1068,88.91666666666663,0.6245939539037921
bb_ipp_nonadaptive,estimated,1069,89.0,0.6250134749766344
bb_ipp_nonadaptive,estimated,1070,89.08333333333337,0.6225086391215373
bb_ipp_nonadaptive,estimated,1071,89.16666666666663,0.618684302918059
bb_ipp_nonadaptive,estimated,1072,89.25,0.6133509946865195
bb_ipp_nonadaptive,estimated,1073,89.33333333333337,0.6108709214284141
bb_ipp_nonadaptive,estimated,1074,89.41666666666663,0.6099878153663797
bb_ipp_nonadaptive,estimated,1075,89.5,0.6082328016507614
bb_ipp_nonadaptive,estimated,1076,89.58333333333337,0.6087488543563025
bb_ipp_nonadaptive,estimated,1077,89.66666666666663,0.6078893205321141
bb_ipp_nonadaptive,estimated,1078,89.75,0.604693283750595
bb_ipp_nonadaptive,estimated,1079,89.83333333333337,0.6064322180303072
bb_ipp_nonadaptive,estimated,1080,89.91666666666663,0.6073797158485431
bb_ipp_nonadaptive,estimated,1081,90.0,0.6055188529609299
bb_ipp_nonadaptive,estimated,1082,90.08333333333337,0.6019443397359969
bb_ipp_nonadaptive,estimated,1083,90.16666666666663,0.6025956011861248
bb_ipp_nonadaptive,estimated,1084,90.25,0.6045744456013783
bb_ipp_nonadaptive,estimated,1085,90.33333333333337,0.607309716460501
bb_ipp_nonadaptive,estimated,1086,90.41666666666663,0.611676428210427
bb_ipp_nonadaptive,estimated,1087,90.5,0.6138172279994636
bb_ipp_nonadaptive,estimated,1088,90.58333333333337,0.615023797727069
bb_ipp_nonadaptive,estimated,1089,90.66666666666663,0.6181128259763993
bb_ipp_nonadaptive,estimated,1090,90.75,0.6196530301080935
bb_ipp_nonadaptive,estimated,1091,90.83333333333337,0.6221127272358842
bb_ipp_nonadaptive,estimated,1092,90.91666666666663,0.6215874719168716
bb_ipp_nonadaptive,estimated,1093,91.0,0.6217924218765628
bb_ipp_nonadaptive,estimated,1094,91.08333333333337,0.622724347070597
bb_ipp_nonadaptive,estimated,1095,91.16666666666663,0.6230548033303189
bb_ipp_nonadaptive,estimated,1096,91.25,0.6216210755158401
bb_ipp_nonadaptive,estimated,1097,91.33333333333337,0.6229772279610871
bb_ipp_nonadaptive,estimated,1098,91.41666666666663,0.6242392280319706
bb_ipp_nonadaptive,estimated,1099,91.5,0.6243199733622405
bb_ipp_nonadaptive,estimated,1100,91.58333333333337,0.62432265752383
bb_ipp_nonadaptive,estimated,1101,91.66666666666663,0.6257449430455638
bb_ipp_nonadaptive,estimated,1102,91.75,0.6267415122546679
bb_ipp_nonadaptive,estimated,1103,91.83333333333337,0.6272777134929269
bb_ipp_nonadaptive,estimated,1104,91.91666666666663,0.627550443101663
bb_ipp_nonadaptive,estimated,1105,92.0,0.627884144168587
bb_ipp_nonadaptive,estimated,1106,92.08333333333337,0.6278616068246318
bb_ipp_nonadaptive,estimated,1107,92.16666666666663,0.6282056232122784
bb_ipp_nonadaptive,estimated,1108,92.25,0.6281299454825919
bb_ipp_nonadaptive,estimated,1109,92.33333333333337,0.6287908015926057
bb_ipp_nonadaptive,estimated,1110,92.41666666666663,0.628775283921161
bb_ipp_nonadaptive,estimated,1111,92.5,0.62823729887192
bb_ipp_nonadaptive,estimated,1112,92.58333333333337,0.6282463008817056
bb_ipp_nonadaptive,estimated,1113,92.66666666666663,0.6285557865398325
bb_ipp_nonadaptive,estimated,1114,92.75,0.6289270618177882
bb_ipp_nonadaptive,estimated,1115,92.83333333333337,0.6289994098567986
bb_ipp_nonadaptive,estimated,1116,92.91666666666663,0.6287462011385374
bb_ipp_nonadaptive,estimated,1117,93.0,0.6289090813212812
bb_ipp_nonadaptive,estimated,1118,93.08333333333337,0.6285378452102122
bb_ipp_nonadaptive,estimated,1119,93.16666666666663,0.6284562234422195
bb_ipp_nonadaptive,estimated,1120,93.25,0.6285873070227215
bb_ipp_nonadaptive,estimated,1121,93.33333333333337,0.6281493053535308
bb_ipp_nonadaptive,estimated,1122,93.41666666666663,0.6278544156985114
bb_ipp_nonadaptive,estimated,1123,93.5,0.627678096501684
bb_ipp_nonadaptive,estimated,1124,93.58333333333337,0.6272363237433488
bb_ipp_nonadaptive,estimated,1125,93.66666666666663,0.6271654557242002
bb_ipp_nonadaptive,estimated,1126,93.75,0.6270824720357906
bb_ipp_nonadaptive,estimated,1127,93.83333333333337,0.6263101546008647
bb_ipp_nonadaptive,estimated,1128,93.91666666666663,0.6257747400894796
bb_ipp_nonadaptive,estimated,1129,94.0,0.6250145184608269
bb_ipp_nonadaptive,estimated,1130,94.08333333333337,0.6245886321016256
bb_ipp_nonadaptive,estimated,1131,94.16666666666663,0.6241865060341133
bb_ipp_nonadaptive,estimated,1132,94.25,0.6237823920822064
bb_ipp_nonadaptive,estimated,1133,94.33333333333337,0.6229561335187225
bb_ipp_nonadaptive,estimated,1134,94.41666666666663,0.6219445085411027
bb_ipp_nonadaptive,estimated,1135,94.5,0.6220885778955096
bb_ipp_nonadaptive,estimated,1136,94.58333333333337,0.6216141356506024
bb_ipp_nonadaptive,estimated,1137,94.66666666666663,0.6215301807131682
bb_ipp_nonadaptive,estimated,1138,94.75,0.6206852099707862
bb_ipp_nonadaptive,estimated,1139,94.83333333333337,0.6207101053436167
bb_ipp_nonadaptive,estimated,1140,94.91666666666663,0.6210795534948139
bb_ipp_nonadaptive,estimated,1141,95.0,0.6201961620309397
bb_ipp_nonadaptive,estimated,1142,95.08333333333337,0.6203693613117512
bb_ipp_nonadaptive,estimated,1143,95.16666666666663,0.620449019563098
bb_ipp_nonadaptive,estimated,1144,95.25,0.6195232901749917
bb_ipp_nonadaptive,estimated,1145,95.33333333333337,0.6193406818537366
bb_ipp_nonadaptive,estimated,1146,95.41666666666663,0.6186676597663823
bb_ipp_nonadaptive,estimated,1147,95.5,0.6188071196188052
bb_ipp_nonadaptive,estimated,1148,95.58333333333337,0.6191632941027727
bb_ipp_nonadaptive,estimated,1149,95.66666666666663,0.6188640778280972
bb_ipp_nonadaptive,estimated,1150,95.75,0.6187020216659909
bb_ipp_nonadaptive,estimated,1151,95.83333333333337,0.6182375350658285
bb_ipp_nonadaptive,estimated,1152,95.91666666666663,0.6186797043332547
bb_ipp_nonadaptive,estimated,1153,96.0,0.6182409303365168
bb_ipp_nonadaptive,estimated,1154,96.08333333333337,0.6175372171435036
bb_ipp_nonadaptive,estimated,1155,96.16666666666663,0.6169342955160164
bb_ipp_nonadaptive,estimated,1156,96.25,0.6167720253019725
bb_ipp_nonadaptive,estimated,1157,96.33333333333337,0.6165715527118801
bb_ipp_nonadaptive,estimated,1158,96.41666666666663,0.6158062614330979
bb_ipp_nonadaptive,estimated,1159,96.5,0.6157876629820573
bb_ipp_nonadaptive,estimated,1160,96.58333333333337,0.6148845207167831
bb_ipp_nonadaptive,estimated,1161,96.66666666666663,0.6146604275724904
bb_ipp_nonadaptive,estimated,1162,96.75,0.614592589528755
bb_ipp_nonadaptive,estimated,1163,96.83333333333337,0.6139385758249305
bb_ipp_nonadaptive,estimated,1164,96.91666666666663,0.6136974570067227
bb_ipp_nonadaptive,estimated,1165,97.0,0.6129673993509255
bb_ipp_nonadaptive,estimated,1166,97.08333333333337,0.6126619516399906
bb_ipp_nonadaptive,estimated,1167,97.16666666666663,0.6126415129452302
bb_ipp_nonadaptive,estimated,1168,97.25,0.6124355875745475
bb_ipp_nonadaptive,estimated,1169,97.33333333333337,0.612375201156949
bb_ipp_nonadaptive,estimated,1170,97.41666666666663,0.611679661680973
bb_ipp_nonadaptive,estimated,1171,97.5,0.6109875477656532
bb_ipp_nonadaptive,estimated,1172,97.58333333333337,0.6108262578612643
bb_ipp_nonadaptive,estimated,1173,97.66666666666663,0.6104664897679156
bb_ipp_nonadaptive,estimated,1174,97.75,0.6100002218237376
bb_ipp_nonadaptive,estimated,1175,97.83333333333337,0.6092395954089549
bb_ipp_nonadaptive,estimated,1176,97.91666666666663,0.6085366252885681
bb_ipp_nonadaptive,estimated,1177,98.0,0.6085738808920491
bb_ipp_nonadaptive,estimated,1178,98.08333333333337,0.6086180916140514
bb_ipp_nonadaptive,estimated,1179,98.16666666666663,0.6085635374960583
bb_ipp_nonadaptive,estimated,1180,98.25,0.6079064960382962
bb_ipp_nonadaptive,estimated,1181,98.33333333333337,0.6079881734154758
bb_ipp_nonadaptive,estimated,1182,98.41666666666663,0.607631601141323
bb_ipp_nonadaptive,estimated,1183,98.5,0.6074850752380643
bb_ipp_nonadaptive,estimated,1184,98.58333333333337,0.6068357917589693
bb_ipp_nonadaptive,estimated,1185,98.66666666666663,0.606467876683251
bb_ipp_nonadaptive,estimated,1186,98.75,0.6058472502736972
bb_ipp_nonadaptive,estimated,1187,98.83333333333337,0.6055907263062564
bb_ipp_nonadaptive,estimated,1188,98.91666666666663,0.6055962542418605
bb_ipp_nonadaptive,estimated,1189,99.0,0.6058139836300425
bb_ipp_nonadaptive,estimated,1190,99.08333333333337,0.6057670263296866
bb_ipp_nonadaptive,estimated,1191,99.16666666666663,0.6052778107456309
bb_ipp_nonadaptive,estimated,1192,99.25,0.6041953875578734
bb_ipp_nonadaptive,estimated,1193,99.33333333333337,0.6043533156355825
bb_ipp_nonadaptive,estimated,1194,99.41666666666663,0.6041196969509891
bb_ipp_nonadaptive,estimated,1195,99.5,0.6032744015581858
bb_ipp_nonadaptive,estimated,1196,99.58333333333337,0.6032563969835248
bb_ipp_nonadaptive,estimated,1197,99.66666666666663,0.6038079640353711
bb_ipp_nonadaptive,estimated,1198,99.75,0.603510690208053
bb_ipp_nonadaptive,estimated,1199,99.83333333333337,0.6032117758151627
bb_ipp_nonadaptive,estimated,1200,99.91666666666663,0.6028499307290276
bb_ipp_nonadaptive,estimated,1201,100.0,0.6022442235942077
bb_ipp_nonadaptive,estimated,1202,100.08333333333337,0.6019616083568411
bb_ipp_nonadaptive,estimated,1203,100.16666666666663,0.6019035279825699
bb_ipp_nonadaptive,estimated,1204,100.25,0.6012548855210548
bb_ipp_nonadaptive,estimated,1205,100.33333333333337,0.6012321564049257
bb_ipp_nonadaptive,estimated,1206,100.41666666666663,0.6008955627952155
bb_ipp_nonadaptive,estimated,1207,100.5,0.6007396005020653
bb_ipp_nonadaptive,estimated,1208,100.58333333333337,0.6002185314303083
bb_ipp_nonadaptive,estimated,1209,100.66666666666663,0.5995597003346553
bb_ipp_nonadaptive,estimated,1210,100.75,0.5986207015030538
bb_ipp_nonadaptive,estimated,1211,100.83333333333337,0.598326835272026
bb_ipp_nonadaptive,estimated,1212,100.91666666666663,0.5978861668559854
bb_ipp_nonadaptive,estimated,1213,101.0,0.5985181907140367
bb_ipp_nonadaptive,estimated,1214,101.08333333333337,0.5986646058052281
bb_ipp_nonadaptive,estimated,1215,101.16666666666663,0.5982609093513661
bb_ipp_nonadaptive,estimated,1216,101.25,0.598336923873288
bb_ipp_nonadaptive,estimated,1217,101.33333333333337,0.5977790078877171
bb_ipp_nonadaptive,estimated,1218,101.41666666666663,0.5975918866399473
bb_ipp_nonadaptive,estimated,1219,101.5,0.597317603112081
bb_ipp_nonadaptive,estimated,1220,101.58333333333337,0.5964805439477494
bb_ipp_nonadaptive,estimated,1221,101.66666666666663,0.5963598632711006
bb_ipp_nonadaptive,estimated,1222,101.75,0.5962493713995827
bb_ipp_nonadaptive,estimated,1223,101.83333333333337,0.5962365922470305
bb_ipp_nonadaptive,estimated,1224,101.91666666666663,0.5968822536671387
bb_ipp_nonadaptive,estimated,1225,102.0,0.5966978194749107
bb_ipp_nonadaptive,estimated,1226,102.08333333333337,0.5966499782819369
bb_ipp_nonadaptive,estimated,1227,102.16666666666663,0.5966589625209526
bb_ipp_nonadaptive,estimated,1228,102.25,0.5958536862329132
bb_ipp_nonadaptive,estimated,1229,102.33333333333337,0.5953935920196173
bb_ipp_nonadaptive,estimated,1230,102.41666666666663,0.59471831022524
bb_ipp_nonadaptive,estimated,1231,102.5,0.5937122075674214
bb_ipp_nonadaptive,estimated,1232,102.58333333333337,0.5937711069866971
bb_ipp_nonadaptive,estimated,1233,102.66666666666663,0.5937241233705193
bb_ipp_nonadaptive,estimated,1234,102.75,0.5934556327760381
bb_ipp_nonadaptive,estimated,1235,102.83333333333337,0.5936555708825666
bb_ipp_nonadaptive,estimated,1236,102.91666666666663,0.5934880254480573
bb_ipp_nonadaptive,estimated,1237,103.0,0.5932003783742533
bb_ipp_nonadaptive,estimated,1238,103.08333333333337,0.5928671191930549
bb_ipp_nonadaptive,estimated,1239,103.16666666666663,0.5924605388915282
bb_ipp_nonadaptive,estimated,1240,103.25,0.5919748933617954
bb_ipp_nonadaptive,estimated,1241,103.33333333333337,0.5917503489100694
bb_ipp_nonadaptive,estimated,1242,103.41666666666663,0.5916682319089286
bb_ipp_nonadaptive,estimated,1243,103.5,0.5918210870298437
bb_ipp_nonadaptive,estimated,1244,103.58333333333337,0.5920435848463033
bb_ipp_nonadaptive,estimated,1245,103.66666666666663,0.591979913310056
bb_ipp_nonadaptive,estimated,1246,103.75,0.5918096698948966
bb_ipp_nonadaptive,estimated,1247,103.83333333333337,0.5912506482758181
bb_ipp_nonadaptive,estimated,1248,103.91666666666663,0.591361783727901
bb_ipp_nonadaptive,estimated,1249,104.0,0.5914886644235009
bb_ipp_nonadaptive,estimated,1250,104.08333333333337,0.5911630053752944
bb_ipp_nonadaptive,estimated,1251,104.16666666666663,0.5909819536909051
bb_ipp_nonadaptive,estimated,1252,104.25,0.590827149717973
bb_ipp_nonadaptive,estimated,1253,104.33333333333337,0.5903086184456796
bb_ipp_nonadaptive,estimated,1254,104.41666666666663,0.5898659981816257
bb_ipp_nonadaptive,estimated,1255,104.5,0.5891990900806641
bb_ipp_nonadaptive,estimated,1256,104.58333333333337,0.5891466191174737
bb_ipp_nonadaptive,estimated,1257,104.66666666666663,0.5889029182333894
bb_ipp_nonadaptive,estimated,1258,104.75,0.5887456899196031
bb_ipp_nonadaptive,estimated,1259,104.83333333333337,0.5885699898432653
bb_ipp_nonadaptive,estimated,1260,104.91666666666663,0.5890592427099703
bb_ipp_nonadaptive,estimated,1261,105.0,0.5888439133475385
bb_ipp_nonadaptive,estimated,1262,105.08333333333337,0.5887733116881952
bb_ipp_nonadaptive,estimated,1263,105.16666666666663,0.5889531600273114
bb_ipp_nonadaptive,estimated,1264,105.25,0.5882228652804365
bb_ipp_nonadaptive,estimated,1265,105.33333333333337,0.5874284429540781
bb_ipp_nonadaptive,estimated,1266,105.41666666666663,0.5872019956008124
bb_ipp_nonadaptive,estimated,1267,105.5,0.5868599197112192
bb_ipp_nonadaptive,estimated,1268,105.58333333333337,0.5868652889775718
bb_ipp_nonadaptive,estimated,1269,105.66666666666663,0.5873461804079523
bb_ipp_nonadaptive,estimated,1270,105.75,0.5873301693814171
bb_ipp_nonadaptive,estimated,1271,105.83333333333337,0.5879648790909757
bb_ipp_nonadaptive,estimated,1272,105.91666666666663,0.5884614079060526
bb_ipp_nonadaptive,estimated,1273,106.0,0.5887811410147225
bb_ipp_nonadaptive,estimated,1274,106.08333333333337,0.5888526269326035
bb_ipp_nonadaptive,estimated,1275,106.16666666666663,0.589073793985798
bb_ipp_nonadaptive,estimated,1276,106.25,0.5897653518174242
bb_ipp_nonadaptive,estimated,1277,106.33333333333337,0.589900533940081
bb_ipp_nonadaptive,estimated,1278,106.41666666666663,0.5900739158591563
bb_ipp_nonadaptive,estimated,1279,106.5,0.5902271358425655
bb_ipp_nonadaptive,estimated,1280,106.58333333333337,0.5910882948170937
bb_ipp_nonadaptive,estimated,1281,106.66666666666663,0.5912966712784178
bb_ipp_nonadaptive,estimated,1282,106.75,0.5920548603663924
bb_ipp_nonadaptive,estimated,1283,106.83333333333337,0.5928325506822244
bb_ipp_nonadaptive,estimated,1284,106.91666666666663,0.5931152852765662
bb_ipp_nonadaptive,estimated,1285,107.0,0.5934262369027107
bb_ipp_nonadaptive,estimated,1286,107.08333333333337,0.5936116340597828
bb_ipp_nonadaptive,estimated,1287,107.16666666666663,0.5939065146066351
bb_ipp_nonadaptive,estimated,1288,107.25,0.5947144116671195
bb_ipp_nonadaptive,estimated,1289,107.33333333333337,0.5952864998718008
bb_ipp_nonadaptive,estimated,1290,107.41666666666663,0.5951620776687917
bb_ipp_nonadaptive,estimated,1291,107.5,0.5957523546979323
bb_ipp_nonadaptive,estimated,1292,107.58333333333337,0.5961744410175115
bb_ipp_nonadaptive,estimated,1293,107.66666666666663,0.5965587646785768
bb_ipp_nonadaptive,estimated,1294,107.75,0.59675813811163
bb_ipp_nonadaptive,estimated,1295,107.83333333333337,0.5971751018899291
bb_ipp_nonadaptive,estimated,1296,107.91666666666663,0.59764250476212
bb_ipp_nonadaptive,estimated,1297,108.0,0.5979014328616824
bb_ipp_nonadaptive,estimated,1298,108.08333333333337,0.5983847483747828
bb_ipp_nonadaptive,estimated,1299,108.16666666666663,0.5986714244419133
bb_ipp_nonadaptive,estimated,1300,108.25,0.598871120152656
bb_ipp_nonadaptive,estimated,1301,108.33333333333337,0.5993187150908496
bb_ipp_nonadaptive,estimated,1302,108.41666666666663,0.5994935740777645
bb_ipp_nonadaptive,estimated,1303,108.5,0.5999649458964915
bb_ipp_nonadaptive,estimated,1304,108.58333333333337,0.600450695388346
bb_ipp_nonadaptive,estimated,1305,108.66666666666663,0.6009100199524449
bb_ipp_nonadaptive,estimated,1306,108.75,0.6015389244362765
bb_ipp_nonadaptive,estimated,1307,108.83333333333337,0.601829087026023
bb_ipp_nonadaptive,estimated,1308,108.91666666666663,0.6026976893386985
bb_ipp_nonadaptive,estimated,1309,109.0,0.6031078724350681
bb_ipp_nonadaptive,estimated,1310,109.08333333333337,0.603056763760752
bb_ipp_nonadaptive,estimated,1311,109.16666666666663,0.603541021090191
bb_ipp_nonadaptive,estimated,1312,109.25,0.6043208118120397
bb_ipp_nonadaptive,estimated,1313,109.33333333333337,0.6049387674664162
bb_ipp_nonadaptive,estimated,1314,109.41666666666663,0.6053983793747314
bb_ipp_nonadaptive,estimated,1315,109.5,0.6060556224635469
bb_ipp_nonadaptive,estimated,1316,109.58333333333337,0.6067392210214955
bb_ipp_nonadaptive,estimated,1317,109.66666666666663,0.6073390496835354
bb_ipp_nonadaptive,estimated,1318,109.75,0.6079512066882842
bb_ipp_nonadaptive,estimated,1319,109.83333333333337,0.6085887831066962
bb_ipp_nonadaptive,estimated,1320,109.91666666666663,0.6089096633704082
bb_ipp_nonadaptive,estimated,1321,110.0,0.6094731080807908
bb_ipp_nonadaptive,estimated,1322,110.08333333333337,0.6097681982328589
bb_ipp_nonadaptive,estimated,1323,110.16666666666663,0.6103440135473018
bb_ipp_nonadaptive,estimated,1324,110.25,0.6108166190728839
bb_ipp_nonadaptive,estimated,1325,110.33333333333337,0.6112566357841559
bb_ipp_nonadaptive,estimated,1326,110.41666666666663,0.6115241833089767
bb_ipp_nonadaptive,estimated,1327,110.5,0.6119693685238146
bb_ipp_nonadaptive,estimated,1328,110.58333333333337,0.6121131239450484
bb_ipp_nonadaptive,estimated,1329,110.66666666666663,0.6125390928701833
bb_ipp_nonadaptive,estimated,1330,110.75,0.6131644983420962
bb_ipp_nonadaptive,estimated,1331,110.83333333333337,0.6138785175498611
bb_ipp_nonadaptive,estimated,1332,110.91666666666663,0.6141604867049428
bb_ipp_nonadaptive,estimated,1333,111.0,0.6147687347986254
bb_ipp_nonadaptive,estimated,1334,111.08333333333337,0.6151162235450205
bb_ipp_nonadaptive,estimated,1335,111.16666666666663,0.6156497374696634
bb_ipp_nonadaptive,estimated,1336,111.25,0.6161567650004451
bb_ipp_nonadaptive,estimated,1337,111.33333333333337,0.6166900428863087
bb_ipp_nonadaptive,estimated,1338,111.41666666666663,0.6172004073096744
bb_ipp_nonadaptive,estimated,1339,111.5,0.6177496429454749
bb_ipp_nonadaptive,estimated,1340,111.58333333333337,0.6181711368698228
bb_ipp_nonadaptive,estimated,1341,111.66666666666663,0.6186094943289033
bb_ipp_nonadaptive,estimated,1342,111.75,0.619013805640606
bb_ipp_nonadaptive,estimated,1343,111.83333333333337,0.6195000595231266
bb_ipp_nonadaptive,estimated,1344,111.91666666666663,0.6200089637698742
bb_ipp_nonadaptive,estimated,1345,112.0,0.6206005645019693
bb_ipp_nonadaptive,estimated,1346,112.08333333333337,0.6210564664937993
bb_ipp_nonadaptive,estimated,1347,112.16666666666663,0.6213955061018663
bb_ipp_nonadaptive,estimated,1348,112.25,0.6218953993127021
bb_ipp_nonadaptive,estimated,1349,112.33333333333337,0.6222470496748688
bb_ipp_nonadaptive,estimated,1350,112.41666666666663,0.6224274620200659
bb_ipp_nonadaptive,estimated,1351,112.5,0.6227155718790015
bb_ipp_nonadaptive,estimated,1352,112.58333333333337,0.6231603496091329
bb_ipp_nonadaptive,estimated,1353,112.66666666666663,0.6237596367413655
bb_ipp_nonadaptive,estimated,1354,112.75,0.6240706176985458
bb_ipp_nonadaptive,estimated,1355,112.83333333333337,0.6243356745958786
bb_ipp_nonadaptive,estimated,1356,112.91666666666663,0.6247115700027938
bb_ipp_nonadaptive,estimated,1357,113.0,0.625017666548123
bb_ipp_nonadaptive,estimated,1358,113.08333333333337,0.625518932408823
bb_ipp_nonadaptive,estimated,1359,113.16666666666663,0.6257981336010764
bb_ipp_nonadaptive,estimated,1360,113.25,0.6258686236934832
bb_ipp_nonadaptive,estimated,1361,113.33333333333337,0.6262607951790158
bb_ipp_nonadaptive,estimated,1362,113.41666666666663,0.6263603090344365
bb_ipp_nonadaptive,estimated,1363,113.5,0.6266192794288871
bb_ipp_nonadaptive,estimated,1364,113.58333333333337,0.6269691854089369
bb_ipp_nonadaptive,estimated,1365,113.66666666666663,0.6273927280302265
bb_ipp_nonadaptive,estimated,1366,113.75,0.6278139292614185
bb_ipp_nonadaptive,estimated,1367,113.83333333333337,0.6279495598178712
bb_ipp_nonadaptive,estimated,1368,113.91666666666663,0.6278003017417892
bb_ipp_nonadaptive,estimated,1369,114.0,0.6274911121809281
bb_ipp_nonadaptive,estimated,1370,114.08333333333337,0.6278805996427007
bb_ipp_nonadaptive,estimated,1371,114.16666666666663,0.6273683885119625
bb_ipp_nonadaptive,estimated,1372,114.25,0.6275668370535807
bb_ipp_nonadaptive,estimated,1373,114.33333333333337,0.6274174009970482
bb_ipp_nonadaptive,estimated,1374,114.41666666666663,0.6262504229014602
bb_ipp_nonadaptive,estimated,1375,114.5,0.627404017552661
bb_ipp_nonadaptive,estimated,1376,114.58333333333337,0.6254211267916864
bb_ipp_nonadaptive,estimated,1377,114.66666666666663,0.6242630294729202
bb_ipp_nonadaptive,estimated,1378,114.75,0.6238540678189994
bb_ipp_nonadaptive,estimated,1379,114.83333333333337,0.6228107114948912
bb_ipp_nonadaptive,estimated,1380,114.91666666666663,0.6238909535668854
bb_ipp_nonadaptive,estimated,1381,115.0,0.6195712490437066
bb_ipp_nonadaptive,estimated,1382,115.08333333333337,0.6211331014218072
bb_ipp_nonadaptive,estimated,1383,115.16666666666663,0.6228208436711262
bb_ipp_nonadaptive,estimated,1384,115.25,0.6193784984822667
bb_ipp_nonadaptive,estimated,1385,115.33333333333337,0.618944168371553
bb_ipp_nonadaptive,estimated,1386,115.41666666666663,0.6170009221112329
bb_ipp_nonadaptive,estimated,1387,115.5,0.6174414816268856
bb_ipp_nonadaptive,estimated,1388,115.58333333333337,0.6178615684847565
bb_ipp_nonadaptive,estimated,1389,115.66666666666663,0.6204285467543362
bb_ipp_nonadaptive,estimated,1390,115.75,0.617880892243936
bb_ipp_nonadaptive,estimated,1391,115.83333333333337,0.619463886885982
bb_ipp_nonadaptive,estimated,1392,115.91666666666663,0.6159946548173053
bb_ipp_nonadaptive,estimated,1393,116.0,0.6162869596873491
bb_ipp_nonadaptive,estimated,1394,116.08333333333337,0.6170125554784036
bb_ipp_nonadaptive,estimated,1395,116.16666666666663,0.6148504655415966
bb_ipp_nonadaptive,estimated,1396,116.25,0.6132192818149325
bb_ipp_nonadaptive,estimated,1397,116.33333333333337,0.6146963008812368
bb_ipp_nonadaptive,estimated,1398,116.41666666666663,0.6139539726638772
bb_ipp_nonadaptive,estimated,1399,116.5,0.6135300847056651
bb_ipp_nonadaptive,estimated,1400,116.58333333333337,0.6104559497773373
bb_ipp_nonadaptive,estimated,1401,116.66666666666663,0.6128633928459478
bb_ipp_nonadaptive,estimated,1402,116.75,0.6110688506542474
bb_ipp_nonadaptive,estimated,1403,116.83333333333337,0.6120807196488194
bb_ipp_nonadaptive,estimated,1404,116.91666666666663,0.6120409816412223
bb_ipp_nonadaptive,estimated,1405,117.0,0.6149088057962799
bb_ipp_nonadaptive,estimated,1406,117.08333333333337,0.6144400454194882
bb_ipp_nonadaptive,estimated,1407,117.16666666666663,0.6151609738127354
bb_ipp_nonadaptive,estimated,1408,117.25,0.6143729348266357
bb_ipp_nonadaptive,estimated,1409,117.33333333333337,0.6170535165833625
bb_ipp_nonadaptive,estimated,1410,117.41666666666663,0.6182380468680179
bb_ipp_nonadaptive,estimated,1411,117.5,0.6187080124681456
bb_ipp_nonadaptive,estimated,1412,117.58333333333337,0.6204953711006261
bb_ipp_nonadaptive,estimated,1413,117.66666666666663,0.6201161643552952
bb_ipp_nonadaptive,estimated,1414,117.75,0.6212004293565045
bb_ipp_nonadaptive,estimated,1415,117.83333333333337,0.6197155541421158
bb_ipp_nonadaptive,estimated,1416,117.91666666666663,0.6206004470439617
bb_ipp_nonadaptive,estimated,1417,118.0,0.6216825178540888
bb_ipp_nonadaptive,estimated,1418,118.08333333333337,0.6221752940948564
bb_ipp_nonadaptive,estimated,1419,118.16666666666663,0.6231437973047513
bb_ipp_nonadaptive,estimated,1420,118.25,0.6248263211072154
bb_ipp_nonadaptive,estimated,1421,118.33333333333337,0.6248488141535068
bb_ipp_nonadaptive,estimated,1422,118.41666666666663,0.6255585588792915
bb_ipp_nonadaptive,estimated,1423,118.5,0.6260420936909283
bb_ipp_nonadaptive,estimated,1424,118.58333333333337,0.6254874070711897
bb_ipp_nonadaptive,estimated,1425,118.66666666666663,0.6260250025560472
bb_ipp_nonadaptive,estimated,1426,118.75,0.6266623053034005
bb_ipp_nonadaptive,estimated,1427,118.83333333333337,0.6269957011538545
bb_ipp_nonadaptive,estimated,1428,118.91666666666663,0.6279392817890098
bb_ipp_nonadaptive,estimated,1429,119.0,0.62793808748979
bb_ipp_nonadaptive,estimated,1430,119.08333333333337,0.6281611519264904
bb_ipp_nonadaptive,estimated,1431,119.16666666666663,0.6285278407145322
bb_ipp_nonadaptive,estimated,1432,119.25,0.6289097748495469
bb_ipp_nonadaptive,estimated,1433,119.33333333333337,0.6296331662742268
bb_ipp_nonadaptive,estimated,1434,119.41666666666663,0.6295193143933021
bb_ipp_nonadaptive,estimated,1435,119.5,0.6296115589839159
bb_ipp_nonadaptive,estimated,1436,119.58333333333337,0.6301170275167194
bb_ipp_nonadaptive,estimated,1437,119.66666666666663,0.6305240764110529
bb_ipp_nonadaptive,estimated,1438,119.75,0.6308796493022096
bb_ipp_nonadaptive,estimated,1439,119.83333333333337,0.6310067540595948
bb_ipp_nonadaptive,estimated,1440,119.91666666666663,0.6312034573226184
bb_ipp_nonadaptive,estimated,1441,120.0,0.6311233640514762
bb_ipp_nonadaptive,estimated,1442,120.08333333333337,0.6311460554773864
bb_ipp_nonadaptive,estimated,1443,120.16666666666663,0.6315390379435294
bb_ipp_nonadaptive,estimated,1444,120.25,0.6314538731559577
bb_ipp_nonadaptive,estimated,1445,120.33333333333337,0.6313401030689665
bb_ipp_nonadaptive,estimated,1446,120.41666666666663,0.6312280715267364
bb_ipp_nonadaptive,estimated,1447,120.5,0.6310513547422085
bb_ipp_nonadaptive,estimated,1448,120.58333333333337,0.6308574454700541
bb_ipp_nonadaptive,estimated,1449,120.66666666666663,0.6307284188441421
bb_ipp_nonadaptive,estimated,1450,120.75,0.6304314665663248
bb_ipp_nonadaptive,estimated,1451,120.83333333333337,0.6298044435698181
bb_ipp_nonadaptive,estimated,1452,120.91666666666663,0.6299404672559885
bb_ipp_nonadaptive,estimated,1453,121.0,0.6295729178496832
bb_ipp_nonadaptive,estimated,1454,121.08333333333337,0.6292266478709951
bb_ipp_nonadaptive,estimated,1455,121.16666666666663,0.6287053646996571
bb_ipp_nonadaptive,estimated,1456,121.25,0.6286869779144825
bb_ipp_nonadaptive,estimated,1457,121.33333333333337,0.6285037685597779
bb_ipp_nonadaptive,estimated,1458,121.41666666666663,0.6284214874590783
bb_ipp_nonadaptive,estimated,1459,121.5,0.6282241779599431
bb_ipp_nonadaptive,estimated,1460,121.58333333333337,0.6286618454061594
bb_ipp_nonadaptive,estimated,1461,121.66666666666663,0.628615577497911
bb_ipp_nonadaptive,estimated,1462,121.75,0.6281194496716208
bb_ipp_nonadaptive,estimated,1463,121.83333333333337,0.628171348448551
bb_ipp_nonadaptive,estimated,1464,121.91666666666663,0.6278817900408687
bb_ipp_nonadaptive,estimated,1465,122.0,0.6274481945168281
bb_ipp_nonadaptive,estimated,1466,122.08333333333337,0.6278249721473736
bb_ipp_nonadaptive,estimated,1467,122.16666666666663,0.6276164025632179
bb_ipp_nonadaptive,estimated,1468,122.25,0.6275098441456406
bb_ipp_nonadaptive,estimated,1469,122.33333333333337,0.6276718242330285
bb_ipp_nonadaptive,estimated,1470,122.41666666666663,0.6278766874825286
bb_ipp_nonadaptive,estimated,1471,122.5,0.6275815700237959
bb_ipp_nonadaptive,estimated,1472,122.58333333333337,0.6276836083408316
bb_ipp_nonadaptive,estimated,1473,122.66666666666663,0.6277455370481119
bb_ipp_nonadaptive,estimated,1474,122.75,0.6282180119267092
bb_ipp_nonadaptive,estimated,1475,122.83333333333337,0.6280838078840754
bb_ipp_nonadaptive,estimated,1476,122.91666666666663,0.6271253688089076
bb_ipp_nonadaptive,estimated,1477,123.0,0.6271310772997238
bb_ipp_nonadaptive,estimated,1478,123.08333333333337,0.6265193814931304
bb_ipp_nonadaptive,estimated,1479,123.16666666666663,0.626141081115609
bb_ipp_nonadaptive,estimated,1480,123.25,0.6267461970465394
bb_ipp_nonadaptive,estimated,1481,123.33333333333337,0.6273511048290454
bb_ipp_nonadaptive,estimated,1482,123.41666666666663,0.6275691208523112
bb_ipp_nonadaptive,estimated,1483,123.5,0.6276785243158193
bb_ipp_nonadaptive,estimated,1484,123.58333333333337,0.6273283058815585
bb_ipp_nonadaptive,estimated,1485,123.66666666666663,0.6267701024498673
bb_ipp_nonadaptive,estimated,1486,123.75,0.6261465064516786
bb_ipp_nonadaptive,estimated,1487,123.83333333333337,0.6262863587412527
bb_ipp_nonadaptive,estimated,1488,123.91666666666663,0.6270194846657597
bb_ipp_nonadaptive,estimated,1489,124.0,0.6274429156945053
bb_ipp_nonadaptive,estimated,1490,124.08333333333337,0.6277866309606118
bb_ipp_nonadaptive,estimated,1491,124.16666666666663,0.6268374809205515
bb_ipp_nonadaptive,estimated,1492,124.25,0.6266562723903206
bb_ipp_nonadaptive,estimated,1493,124.33333333333337,0.6258375282382898
bb_ipp_nonadaptive,estimated,1494,124.41666666666663,0.6263823165053148
bb_ipp_nonadaptive,estimated,1495,124.5,0.6265889768893409
bb_ipp_nonadaptive,estimated,1496,124.58333333333337,0.6255221668584224
bb_ipp_nonadaptive,estimated,1497,124.66666666666663,0.6251653094160055
bb_ipp_nonadaptive,estimated,1498,124.75,0.6241105145921504
bb_ipp_nonadaptive,estimated,1499,124.83333333333337,0.6234619926987287
bb_ipp_nonadaptive,estimated,1500,124.91666666666663,0.6223665280115563
bb_ipp_nonadaptive,estimated,1501,125.0,0.6211301263335182
bb_ipp_nonadaptive,estimated,1502,125.08333333333337,0.6203497360207665
bb_ipp_nonadaptive,estimated,1503,125.16666666666663,0.618637838584625
bb_ipp_nonadaptive,estimated,1504,125.25,0.6197114684284538
bb_ipp_nonadaptive,estimated,1505,125.33333333333337,0.6181875267363145
bb_ipp_nonadaptive,estimated,1506,125.41666666666663,0.6179835474237405
bb_ipp_nonadaptive,estimated,1507,125.5,0.6176140357041644
bb_ipp_nonadaptive,estimated,1508,125.58333333333337,0.615141230701848
bb_ipp_nonadaptive,estimated,1509,125.66666666666663,0.615477428289381
bb_ipp_nonadaptive,estimated,1510,125.75,0.6134393712129573
bb_ipp_nonadaptive,estimated,1511,125.83333333333337,0.6125395669468803
bb_ipp_nonadaptive,estimated,1512,125.91666666666663,0.6087129665285959
bb_ipp_nonadaptive,estimated,1513,126.0,0.6104462422017908
bb_ipp_nonadaptive,estimated,1514,126.08333333333337,0.6100474097153071
bb_ipp_nonadaptive,estimated,1515,126.16666666666663,0.6088081085848883
bb_ipp_nonadaptive,estimated,1516,126.25,0.6076497798385035
bb_ipp_nonadaptive,estimated,1517,126.33333333333337,0.603026063381106
bb_ipp_nonadaptive,estimated,1518,126.41666666666663,0.6011347854111283
bb_ipp_nonadaptive,estimated,1519,126.5,0.6018729171036017
bb_ipp_nonadaptive,estimated,1520,126.58333333333337,0.6041007995445743
bb_ipp_nonadaptive,estimated,1521,126.66666666666663,0.6036091416892785
bb_ipp_nonadaptive,estimated,1522,126.75,0.6064672637227588
bb_ipp_nonadaptive,estimated,1523,126.83333333333337,0.6032845718565798
bb_ipp_nonadaptive,estimated,1524,126.91666666666663,0.6049187276884979
bb_ipp_nonadaptive,estimated,1525,127.0,0.6034757387986543
bb_ipp_nonadaptive,estimated,1526,127.08333333333337,0.6039636817326768
bb_ipp_nonadaptive,estimated,1527,127.16666666666663,0.6044737936880068
bb_ipp_nonadaptive,estimated,1528,127.25,0.6025214830930549
bb_ipp_nonadaptive,estimated,1529,127.33333333333337,0.6043009491337217
bb_ipp_nonadaptive,estimated,1530,127.41666666666663,0.6079087544604916
bb_ipp_nonadaptive,estimated,1531,127.5,0.609501060222266
bb_ipp_nonadaptive,estimated,1532,127.58333333333337,0.6049376725274208
bb_ipp_nonadaptive,estimated,1533,127.66666666666663,0.6066929358921825
bb_ipp_nonadaptive,estimated,1534,127.75,0.6071151199349479
bb_ipp_nonadaptive,estimated,1535,127.83333333333337,0.6114355537076953
bb_ipp_nonadaptive,estimated,1536,127.91666666666663,0.6092465595257155
bb_ipp_nonadaptive,estimated,1537,128.0,0.6095485407284689
bb_ipp_nonadaptive,estimated,1538,128.08333333333337,0.6101674802608482
bb_ipp_nonadaptive,estimated,1539,128.16666666666663,0.611307134046919
bb_ipp_nonadaptive,estimated,1540,128.25,0.6117630346566273
bb_ipp_nonadaptive,estimated,1541,128.33333333333337,0.6121264469314637
bb_ipp_nonadaptive,estimated,1542,128.41666666666663,0.6143845822433072
bb_ipp_nonadaptive,estimated,1543,128.5,0.6158577665505052
bb_ipp_nonadaptive,estimated,1544,128.58333333333337,0.6159908708524486
bb_ipp_nonadaptive,estimated,1545,128.66666666666663,0.6172412860255801
bb_ipp_nonadaptive,estimated,1546,128.75,0.6155275325981912
bb_ipp_nonadaptive,estimated,1547,128.83333333333337,0.6168646678203082
bb_ipp_nonadaptive,estimated,1548,128.91666666666663,0.6168616009099324
bb_ipp_nonadaptive,estimated,1549,129.0,0.6197111088409789
bb_ipp_nonadaptive,estimated,1550,129.08333333333337,0.6216171409425175
bb_ipp_nonadaptive,estimated,1551,129.16666666666663,0.6213609683526055
bb_ipp_nonadaptive,estimated,1552,129.25,0.6216572104484251
bb_ipp_nonadaptive,estimated,1553,129.33333333333337,0.62243413884726
bb_ipp_nonadaptive,estimated,1554,129.41666666666663,0.6227321169421585
bb_ipp_nonadaptive,estimated,1555,129.5,0.6223697867068723
bb_ipp_nonadaptive,estimated,1556,129.58333333333337,0.6228774846237392
bb_ipp_nonadaptive,estimated,1557,129.66666666666663,0.6235721653344086
bb_ipp_nonadaptive,estimated,1558,129.75,0.6249144616277503
bb_ipp_nonadaptive,estimated,1559,129.83333333333337,0.6253906344884667
bb_ipp_nonadaptive,estimated,1560,129.91666666666663,0.6258790331682026
bb_ipp_nonadaptive,estimated,1561,130.0,0.6265924424471179
bb_ipp_nonadaptive,estimated,1562,130.08333333333337,0.6268944861086576
bb_ipp_nonadaptive,estimated,1563,130.16666666666663,0.6270204668310085
bb_ipp_nonadaptive,estimated,1564,130.25,0.6275011688671467
bb_ipp_nonadaptive,estimated,1565,130.33333333333337,0.6279532279255593
bb_ipp_nonadaptive,estimated,1566,130.41666666666663,0.6288309819754567
bb_ipp_nonadaptive,estimated,1567,130.5,0.6293103888645635
bb_ipp_nonadaptive,estimated,1568,130.58333333333337,0.6291405558144579
bb_ipp_nonadaptive,estimated,1569,130.66666666666663,0.6296008686382468
bb_ipp_nonadaptive,estimated,1570,130.75,0.6299759508354064
bb_ipp_nonadaptive,estimated,1571,130.83333333333337,0.6303377243823173
bb_ipp_nonadaptive,estimated,1572,130.91666666666663,0.6309890873410469
bb_ipp_nonadaptive,estimated,1573,131.0,0.63082485295098
bb_ipp_nonadaptive,estimated,1574,131.08333333333337,0.6312407103881221
bb_ipp_nonadaptive,estimated,1575,131.16666666666663,0.6313072968182317
bb_ipp_nonadaptive,estimated,1576,131.25,0.6316387621349521
bb_ipp_nonadaptive,estimated,1577,131.33333333333337,0.63160599238636
bb_ipp_nonadaptive,estimated,1578,131.41666666666663,0.6322036282051935
bb_ipp_nonadaptive,estimated,1579,131.5,0.6328232233864289
bb_ipp_nonadaptive,estimated,1580,131.58333333333337,0.6328380329057374
bb_ipp_nonadaptive,estimated,1581,131.66666666666663,0.6325879186729997
bb_ipp_nonadaptive,estimated,1582,131.75,0.6326270673782743
bb_ipp_nonadaptive,estimated,1583,131.83333333333337,0.632530620774665
bb_ipp_nonadaptive,estimated,1584,131.91666666666663,0.6327350952778048
bb_ipp_nonadaptive,estimated,1585,132.0,0.6327345476472516
bb_ipp_nonadaptive,estimated,1586,132.08333333333337,0.6329667021640679
bb_ipp_nonadaptive,estimated,1587,132.16666666666663,0.6328611215991655
bb_ipp_nonadaptive,estimated,1588,132.25,0.632795384315077
bb_ipp_nonadaptive,estimated,1589,132.33333333333337,0.6329494062612187
bb_ipp_nonadaptive,estimated,1590,132.41666666666663,0.6331770719142112
bb_ipp_nonadaptive,estimated,1591,132.5,0.6331305809488483
bb_ipp_nonadaptive,estimated,1592,132.58333333333337,0.6331781505000245
bb_ipp_nonadaptive,estimated,1593,132.66666666666663,0.6330440482530127
bb_ipp_nonadaptive,estimated,1594,132.75,0.6329894284248917
bb_ipp_nonadaptive,estimated,1595,132.83333333333337,0.6327567401749786
bb_ipp_nonadaptive,estimated,1596,132.91666666666663,0.6326185693359564
bb_ipp_nonadaptive,estimated,1597,133.0,0.6323605638330949
bb_ipp_nonadaptive,estimated,1598,133.08333333333337,0.6322877369272655
bb_ipp_nonadaptive,estimated,1599,133.16666666666663,0.6322246543429754
bb_ipp_nonadaptive,estimated,1600,133.25,0.632210772107985
bb_ipp_nonadaptive,estimated,1601,133.33333333333337,0.6318238723251516
bb_ipp_nonadaptive,estimated,1602,133.41666666666663,0.6316408021552244
bb_ipp_nonadaptive,estimated,1603,133.5,0.6314663645096611
bb_ipp_nonadaptive,estimated,1604,133.58333333333337,0.6312335126126505
bb_ipp_nonadaptive,estimated,1605,133.66666666666663,0.6310414191109823
bb_ipp_nonadaptive,estimated,1606,133.75,0.6307994189268011
bb_ipp_nonadaptive,estimated,1607,133.83333333333337,0.630698330466455
bb_ipp_nonadaptive,estimated,1608,133.91666666666663,0.6303880934252234
bb_ipp_nonadaptive,estimated,1609,134.0,0.6301189993197759
bb_ipp_nonadaptive,estimated,1610,134.08333333333337,0.6300564996708516
bb_ipp_nonadaptive,estimated,1611,134.16666666666663,0.6296636293686713
bb_ipp_nonadaptive,estimated,1612,134.25,0.629753759583722
bb_ipp_nonadaptive,estimated,1613,134.33333333333337,0.6300393139235403
bb_ipp_nonadaptive,estimated,1614,134.41666666666663,0.6296969652087826
bb_ipp_nonadaptive,estimated,1615,134.5,0.629717764094484
bb_ipp_nonadaptive,estimated,1616,134.58333333333337,0.6290990750984263
bb_ipp_nonadaptive,estimated,1617,134.66666666666663,0.6288012798170808
bb_ipp_nonadaptive,estimated,1618,134.75,0.6284590362149982
bb_ipp_nonadaptive,estimated,1619,134.83333333333337,0.628464361675761
bb_ipp_nonadaptive,estimated,1620,134.91666666666663,0.6286988595472607
bb_ipp_nonadaptive,estimated,1621,135.0,0.6285610381294405
bb_ipp_nonadaptive,estimated,1622,135.08333333333337,0.6283218579870171
bb_ipp_nonadaptive,estimated,1623,135.16666666666663,0.6279253730611379
bb_ipp_nonadaptive,estimated,1624,135.25,0.6272560868234051
bb_ipp_nonadaptive,estimated,1625,135.33333333333337,0.6272457784437024
bb_ipp_nonadaptive,estimated,1626,135.41666666666663,0.6277209633186261
bb_ipp_nonadaptive,estimated,1627,135.5,0.6273941226554378
bb_ipp_nonadaptive,estimated,1628,135.58333333333337,0.6269833516659672
bb_ipp_nonadaptive,estimated,1629,135.66666666666663,0.6270730231280318
bb_ipp_nonadaptive,estimated,1630,135.75,0.6268959220609022
bb_ipp_nonadaptive,estimated,1631,135.83333333333337,0.6251778706295301
bb_ipp_nonadaptive,estimated,1632,135.91666666666663,0.6246407105794677
bb_ipp_nonadaptive,estimated,1633,136.0,0.625263782881617
bb_ipp_nonadaptive,estimated,1634,136.08333333333337,0.6254631654099829
bb_ipp_nonadaptive,estimated,1635,136.16666666666663,0.6247079977555631
bb_ipp_nonadaptive,estimated,1636,136.25,0.6244994350343234
bb_ipp_nonadaptive,estimated,1637,136.33333333333337,0.6243502461271054
bb_ipp_nonadaptive,estimated,1638,136.41666666666663,0.6248060944854585
bb_ipp_nonadaptive,estimated,1639,136.5,0.6244307130244247
bb_ipp_nonadaptive,estimated,1640,136.58333333333337,0.6239496896429221
bb_ipp_nonadaptive,estimated,1641,136.66666666666663,0.6244796876620957
bb_ipp_nonadaptive,estimated,1642,136.75,0.6249185316751397
bb_ipp_nonadaptive,estimated,1643,136.83333333333337,0.6247062390804198
bb_ipp_nonadaptive,estimated,1644,136.91666666666663,0.6252872654356058
bb_ipp_nonadaptive,estimated,1645,137.0,0.6258227214696134
bb_ipp_nonadaptive,estimated,1646,137.08333333333337,0.62575602407267
bb_ipp_nonadaptive,estimated,1647,137.16666666666663,0.6258358932904701
bb_ipp_nonadaptive,estimated,1648,137.25,0.6254652696156545
bb_ipp_nonadaptive,estimated,1649,137.33333333333337,0.6257708973547778
bb_ipp_nonadaptive,estimated,1650,137.41666666666663,0.6259043814596578
bb_ipp_nonadaptive,estimated,1651,137.5,0.626007548376844
bb_ipp_nonadaptive,estimated,1652,137.58333333333337,0.6257676982756762
bb_ipp_nonadaptive,estimated,1653,137.66666666666663,0.6257546995751991
bb_ipp_nonadaptive,estimated,1654,137.75,0.625490049835683
bb_ipp_nonadaptive,estimated,1655,137.83333333333337,0.6255007839638298
bb_ipp_nonadaptive,estimated,1656,137.91666666666663,0.6253465130427662
bb_ipp_nonadaptive,estimated,1657,138.0,0.6252307073687817
bb_ipp_nonadaptive,estimated,1658,138.08333333333337,0.624956681581842
bb_ipp_nonadaptive,estimated,1659,138.16666666666663,0.6246427909092699
bb_ipp_nonadaptive,estimated,1660,138.25,0.6244485106281842
bb_ipp_nonadaptive,estimated,1661,138.33333333333337,0.6240977617329823
bb_ipp_nonadaptive,estimated,1662,138.41666666666663,0.6240557254597716
bb_ipp_nonadaptive,estimated,1663,138.5,0.6239605820292945
bb_ipp_nonadaptive,estimated,1664,138.58333333333337,0.62395992079734
bb_ipp_nonadaptive,estimated,1665,138.66666666666663,0.6235982762373479
bb_ipp_nonadaptive,estimated,1666,138.75,0.623405177520634
bb_ipp_nonadaptive,estimated,1667,138.83333333333337,0.6231236772318991
bb_ipp_nonadaptive,estimated,1668,138.91666666666663,0.6227627380444101
bb_ipp_nonadaptive,estimated,1669,139.0,0.6224122123937335
bb_ipp_nonadaptive,estimated,1670,139.08333333333337,0.622085977829004
bb_ipp_nonadaptive,estimated,1671,139.16666666666663,0.6216663276601185
bb_ipp_nonadaptive,estimated,1672,139.25,0.6214701506510167
bb_ipp_nonadaptive,estimated,1673,139.33333333333337,0.6210554653363043
bb_ipp_nonadaptive,estimated,1674,139.41666666666663,0.6207204817753524
bb_ipp_nonadaptive,estimated,1675,139.5,0.6201838059186526
bb_ipp_nonadaptive,estimated,1676,139.58333333333337,0.6198773706667998
bb_ipp_nonadaptive,estimated,1677,139.66666666666663,0.6195554917660143
bb_ipp_nonadaptive,estimated,1678,139.75,0.6198152999958705
bb_ipp_nonadaptive,estimated,1679,139.83333333333337,0.6194565019172038
bb_ipp_nonadaptive,estimated,1680,139.91666666666663,0.6194903353935022
bb_ipp_nonadaptive,estimated,1681,140.0,0.6196770018507904
bb_ipp_nonadaptive,estimated,1682,140.08333333333337,0.6190831522761701
bb_ipp_nonadaptive,estimated,1683,140.16666666666663,0.6192763788051519
bb_ipp_nonadaptive,estimated,1684,140.25,0.619373064473161
bb_ipp_nonadaptive,estimated,1685,140.33333333333337,0.6190258203657689
bb_ipp_nonadaptive,estimated,1686,140.41666666666663,0.6191315210004904
bb_ipp_nonadaptive,estimated,1687,140.5,0.6194261813424956
bb_ipp_nonadaptive,estimated,1688,140.58333333333337,0.6191923943817355
bb_ipp_nonadaptive,estimated,1689,140.66666666666663,0.6192706138723179
bb_ipp_nonadaptive,estimated,1690,140.75,0.6195286731086824
bb_ipp_nonadaptive,estimated,1691,140.83333333333337,0.6199312432042822
bb_ipp_nonadaptive,estimated,1692,140.91666666666663,0.6198684420591716
bb_ipp_nonadaptive,estimated,1693,141.0,0.6198200619932344
bb_ipp_nonadaptive,estimated,1694,141.08333333333337,0.6201588660643174
bb_ipp_nonadaptive,estimated,1695,141.16666666666663,0.6205538935907315
bb_ipp_nonadaptive,estimated,1696,141.25,0.6204949842188686
bb_ipp_nonadaptive,estimated,1697,141.33333333333337,0.6203632972461508
bb_ipp_nonadaptive,estimated,1698,141.41666666666663,0.6209477469983302
bb_ipp_nonadaptive,estimated,1699,141.5,0.6212810616729435
bb_ipp_nonadaptive,estimated,1700,141.58333333333337,0.6215300395997224
bb_ipp_nonadaptive,estimated,1701,141.66666666666663,0.6214567551950779
bb_ipp_nonadaptive,estimated,1702,141.75,0.6211650501474602
bb_ipp_nonadaptive,estimated,1703,141.83333333333337,0.621665607980302
bb_ipp_nonadaptive,estimated,1704,141.91666666666663,0.6218274331552777
bb_ipp_nonadaptive,estimated,1705,142.0,0.6220198922488525
bb_ipp_nonadaptive,estimated,1706,142.08333333333337,0.6219905472000012
bb_ipp_nonadaptive,estimated,1707,142.16666666666663,0.6222887955656998
bb_ipp_nonadaptive,estimated,1708,142.25,0.6227930177954377
bb_ipp_nonadaptive,estimated,1709,142.33333333333337,0.6231638835106517
bb_ipp_nonadaptive,estimated,1710,142.41666666666663,0.6236474779274743
bb_ipp_nonadaptive,estimated,1711,142.5,0.6233786732554134
bb_ipp_nonadaptive,estimated,1712,142.58333333333337,0.6239131939260645
bb_ipp_nonadaptive,estimated,1713,142.66666666666663,0.6242476821922097
bb_ipp_nonadaptive,estimated,1714,142.75,0.6244375098929159
bb_ipp_nonadaptive,estimated,1715,142.83333333333337,0.6247329339121527
bb_ipp_nonadaptive,estimated,1716,142.91666666666663,0.6250640882452204
bb_ipp_nonadaptive,estimated,1717,143.0,0.6252405661119794
bb_ipp_nonadaptive,estimated,1718,143.08333333333337,0.6257389774571543
bb_ipp_nonadaptive,estimated,1719,143.16666666666663,0.6255730594511002
bb_ipp_nonadaptive,estimated,1720,143.25,0.6255875113256143
bb_ipp_nonadaptive,estimated,1721,143.33333333333337,0.6260947075805887
bb_ipp_nonadaptive,estimated,1722,143.41666666666663,0.626390236932804
bb_ipp_nonadaptive,estimated,1723,143.5,0.6274733034286091
bb_ipp_nonadaptive,estimated,1724,143.58333333333337,0.6274350425811874
bb_ipp_nonadaptive,estimated,1725,143.66666666666663,0.6272736931410868
bb_ipp_nonadaptive,estimated,1726,143.75,0.6276856003070768
bb_ipp_nonadaptive,estimated,1727,143.83333333333337,0.6283279582823122
bb_ipp_nonadaptive,estimated,1728,143.91666666666663,0.6286844402009816
bb_ipp_nonadaptive,estimated,1729,144.0,0.6290119336475105
bb_ipp_nonadaptive,estimated,1730,144.08333333333337,0.6287801417105588
bb_ipp_nonadaptive,estimated,1731,144.16666666666663,0.6292633702152708
bb_ipp_nonadaptive,estimated,1732,144.25,0.6296959194283878
bb_ipp_nonadaptive,estimated,1733,144.33333333333337,0.6304626953091885
bb_ipp_nonadaptive,estimated,1734,144.41666666666663,0.6307615630288655
bb_ipp_nonadaptive,estimated,1735,144.5,0.6306243521529226
bb_ipp_nonadaptive,estimated,1736,144.58333333333337,0.6305942531641703
bb_ipp_nonadaptive,estimated,1737,144.66666666666663,0.6310018739986565
bb_ipp_nonadaptive,estimated,1738,144.75,0.6314927505221505
bb_ipp_nonadaptive,estimated,1739,144.83333333333337,0.6321998268154032
bb_ipp_nonadaptive,estimated,1740,144.91666666666663,0.6327511309046472
bb_ipp_nonadaptive,estimated,1741,145.0,0.6327809439706384
bb_ipp_nonadaptive,estimated,1742,145.08333333333337,0.6326694314753255
bb_ipp_nonadaptive,estimated,1743,145.16666666666663,0.6327205595205633
bb_ipp_nonadaptive,estimated,1744,145.25,0.6325524423050353
bb_ipp_nonadaptive,estimated,1745,145.33333333333337,0.6330460909035224
bb_ipp_nonadaptive,estimated,1746,145.41666666666663,0.6332330844289178
bb_ipp_nonadaptive,estimated,1747,145.5,0.6333151155272488
bb_ipp_nonadaptive,estimated,1748,145.58333333333337,0.634108239276538
bb_ipp_nonadaptive,estimated,1749,145.66666666666663,0.6343989226498203
bb_ipp_nonadaptive,estimated,1750,145.75,0.6346482560031346
bb_ipp_nonadaptive,estimated,1751,145.83333333333337,0.6346444551476966
bb_ipp_nonadaptive,estimated,1752,145.91666666666663,0.635311798155334
bb_ipp_nonadaptive,estimated,1753,146.0,0.6359751945577459
bb_ipp_nonadaptive,estimated,1754,146.08333333333337,0.63666489683918
bb_ipp_nonadaptive,estimated,1755,146.16666666666663,0.6364107575350196
bb_ipp_nonadaptive,estimated,1756,146.25,0.6366503106316193
bb_ipp_nonadaptive,estimated,1757,146.33333333333337,0.6372312642063798
bb_ipp_nonadaptive,estimated,1758,146.41666666666663,0.6369698661605893
bb_ipp_nonadaptive,estimated,1759,146.5,0.6374373774367526
bb_ipp_nonadaptive,estimated,1760,146.58333333333337,0.637781207507416
bb_ipp_nonadaptive,estimated,1761,146.66666666666663,0.638140566986482
bb_ipp_nonadaptive,estimated,1762,146.75,0.6385156057290109
bb_ipp_nonadaptive,estimated,1763,146.83333333333337,0.6386768685352303
bb_ipp_nonadaptive,estimated,1764,146.91666666666663,0.639078592504536
bb_ipp_nonadaptive,estimated,1765,147.0,0.6396287111757367
bb_ipp_nonadaptive,estimated,1766,147.08333333333337,0.6395537320193286
bb_ipp_nonadaptive,estimated,1767,147.16666666666663,0.6396209190335751
bb_ipp_nonadaptive,estimated,1768,147.25,0.6398751539109528
bb_ipp_nonadaptive,estimated,1769,147.33333333333337,0.6402965283292622
bb_ipp_nonadaptive,estimated,1770,147.41666666666663,0.6402907980366342
bb_ipp_nonadaptive,estimated,1771,147.5,0.6410607148041216
bb_ipp_nonadaptive,estimated,1772,147.58333333333337,0.6411427447436269
bb_ipp_nonadaptive,estimated,1773,147.66666666666663,0.64108498407186
bb_ipp_nonadaptive,estimated,1774,147.75,0.6416357483709131
bb_ipp_nonadaptive,estimated,1775,147.83333333333337,0.6414637412065611
bb_ipp_nonadaptive,estimated,1776,147.91666666666663,0.6410323860839836
bb_ipp_nonadaptive,estimated,1777,148.0,0.64096326052523
bb_ipp_nonadaptive,estimated,1778,148.08333333333337,0.6416685271501205
bb_ipp_nonadaptive,estimated,1779,148.16666666666663,0.6417141524692382
bb_ipp_nonadaptive,estimated,1780,148.25,0.6418401731153917
bb_ipp_nonadaptive,estimated,1781,148.33333333333337,0.6422487367398846
bb_ipp_nonadaptive,estimated,1782,148.41666666666663,0.6423232197390328
bb_ipp_nonadaptive,estimated,1783,148.5,0.641993715025326
bb_ipp_nonadaptive,estimated,1784,148.58333333333337,0.6427274160939908
bb_ipp_nonadaptive,estimated,1785,148.66666666666663,0.6419583861218058
bb_ipp_nonadaptive,estimated,1786,148.75,0.6403932610068463
bb_ipp_nonadaptive,estimated,1787,148.83333333333337,0.639536229567392
bb_ipp_nonadaptive,estimated,1788,148.91666666666663,0.6387815214769852
bb_ipp_nonadaptive,estimated,1789,149.0,0.6394301108782512
bb_ipp_nonadaptive,estimated,1790,149.08333333333337,0.6394240844376698
bb_ipp_nonadaptive,estimated,1791,149.16666666666663,0.6390473087472659
bb_ipp_nonadaptive,estimated,1792,149.25,0.6394644255940144
bb_ipp_nonadaptive,estimated,1793,149.33333333333337,0.6401078618286906
bb_ipp_nonadaptive,estimated,1794,149.41666666666663,0.6399134884851153
bb_ipp_nonadaptive,estimated,1795,149.5,0.6404736833234873
bb_ipp_nonadaptive,estimated,1796,149.58333333333337,0.6390280698255487
bb_ipp_nonadaptive,estimated,1797,149.66666666666663,0.637237021614395
bb_ipp_nonadaptive,estimated,1798,149.75,0.6357179424143343
bb_ipp_nonadaptive,estimated,1799,149.83333333333337,0.634683849300279
bb_ipp_nonadaptive,estimated,1800,149.91666666666663,0.6335682809599786
bb_ipp_nonadaptive,estimated,1801,150.0,0.6333498017645081
bb_ipp_nonadaptive,estimated,1802,150.08333333333337,0.6320762345678714
bb_ipp_nonadaptive,estimated,1803,150.16666666666663,0.6295987262588729
bb_ipp_nonadaptive,estimated,1804,150.25,0.6273901814346657
bb_ipp_nonadaptive,estimated,1805,150.33333333333337,0.6281470325667156
bb_ipp_nonadaptive,estimated,1806,150.41666666666663,0.6266635721217543
bb_ipp_nonadaptive,estimated,1807,150.5,0.6217475598690202
bb_ipp_nonadaptive,estimated,1808,150.58333333333337,0.6219821857076308
bb_ipp_nonadaptive,estimated,1809,150.66666666666663,0.621463791557844
bb_ipp_nonadaptive,estimated,1810,150.75,0.6197741494536095
bb_ipp_nonadaptive,estimated,1811,150.83333333333337,0.6189992984410289
bb_ipp_nonadaptive,estimated,1812,150.91666666666663,0.6155555938873897
bb_ipp_nonadaptive,estimated,1813,151.0,0.6161944590094023
bb_ipp_nonadaptive,estimated,1814,151.08333333333337,0.6178755262013569
bb_ipp_nonadaptive,estimated,1815,151.16666666666663,0.6170124835493993
bb_ipp_nonadaptive,estimated,1816,151.25,0.6148414973725012
bb_ipp_nonadaptive,estimated,1817,151.33333333333337,0.6186529411003053
bb_ipp_nonadaptive,estimated,1818,151.41666666666663,0.6174284001700621
bb_ipp_nonadaptive,estimated,1819,151.5,0.6205922246846275
bb_ipp_nonadaptive,estimated,1820,151.58333333333337,0.6206544365157142
bb_ipp_nonadaptive,estimated,1821,151.66666666666663,0.6213650745567292
bb_ipp_nonadaptive,estimated,1822,151.75,0.6177409777671102
bb_ipp_nonadaptive,estimated,1823,151.83333333333337,0.6162590591699934
bb_ipp_nonadaptive,estimated,1824,151.91666666666663,0.6174323843765703
bb_ipp_nonadaptive,estimated,1825,152.0,0.6188894045868916
bb_ipp_nonadaptive,estimated,1826,152.08333333333337,0.6197559639763983
bb_ipp_nonadaptive,estimated,1827,152.16666666666663,0.6203705989301068
bb_ipp_nonadaptive,estimated,1828,152.25,0.623426431780421
bb_ipp_nonadaptive,estimated,1829,152.33333333333337,0.6236776448869226
bb_ipp_nonadaptive,estimated,1830,152.41666666666663,0.6250112309860587
bb_ipp_nonadaptive,estimated,1831,152.5,0.6268586025616585
bb_ipp_nonadaptive,estimated,1832,152.58333333333337,0.6276825159222075
bb_ipp_nonadaptive,estimated,1833,152.66666666666663,0.629098078910331
bb_ipp_nonadaptive,estimated,1834,152.75,0.6296514591986618
bb_ipp_nonadaptive,estimated,1835,152.83333333333337,0.6304172988914539
bb_ipp_nonadaptive,estimated,1836,152.91666666666663,0.6308596046736582
bb_ipp_nonadaptive,estimated,1837,153.0,0.6327145417982404
bb_ipp_nonadaptive,estimated,1838,153.08333333333337,0.633543712836224
bb_ipp_nonadaptive,estimated,1839,153.16666666666663,0.633289600550418
bb_ipp_nonadaptive,estimated,1840,153.25,0.6330118574752522
bb_ipp_nonadaptive,estimated,1841,153.33333333333337,0.6338618868501056
bb_ipp_nonadaptive,estimated,1842,153.41666666666663,0.6343277917265646
bb_ipp_nonadaptive,estimated,1843,153.5,0.6343278040618553
bb_ipp_nonadaptive,estimated,1844,153.58333333333337,0.634750920541351
bb_ipp_nonadaptive,estimated,1845,153.66666666666663,0.6341137074040867
bb_ipp_nonadaptive,estimated,1846,153.75,0.634382788774743
bb_ipp_nonadaptive,estimated,1847,153.83333333333337,0.6346734485013835
bb_ipp_nonadaptive,estimated,1848,153.91666666666663,0.6344470559566618
bb_ipp_nonadaptive,estimated,1849,154.0,0.6349319776198667
bb_ipp_nonadaptive,estimated,1850,154.08333333333337,0.6352289486197209
bb_ipp_nonadaptive,estimated,1851,154.16666666666663,0.6356296525832118
bb_ipp_nonadaptive,estimated,1852,154.25,0.6360562022888773
bb_ipp_nonadaptive,estimated,1853,154.33333333333337,0.635852298107062
bb_ipp_nonadaptive,estimated,1854,154.41666666666663,0.6364322093678264
bb_ipp_nonadaptive,estimated,1855,154.5,0.6363941047054728
bb_ipp_nonadaptive,estimated,1856,154.58333333333337,0.6365217742432024
bb_ipp_nonadaptive,estimated,1857,154.66666666666663,0.6369956403041405
bb_ipp_nonadaptive,estimated,1858,154.75,0.6372505904113706
bb_ipp_nonadaptive,estimated,1859,154.83333333333337,0.6369540056320248
bb_ipp_nonadaptive,estimated,1860,154.91666666666663,0.6375505905099238
bb_ipp_nonadaptive,estimated,1861,155.0,0.6374155443813865
bb_ipp_nonadaptive,estimated,1862,155.08333333333337,0.6376231272200524
bb_ipp_nonadaptive,estimated,1863,155.16666666666663,0.6368008937708928
bb_ipp_nonadaptive,estimated,1864,155.25,0.6374435101788382
bb_ipp_nonadaptive,estimated,1865,155.33333333333337,0.6377949705665041
bb_ipp_nonadaptive,estimated,1866,155.41666666666663,0.6371496940598531
bb_ipp_nonadaptive,estimated,1867,155.5,0.637293226505533
bb_ipp_nonadaptive,estimated,1868,155.58333333333337,0.6380368140456762
bb_ipp_nonadaptive,estimated,1869,155.66666666666663,0.6381808020422935
bb_ipp_nonadaptive,estimated,1870,155.75,0.6380806344647241
bb_ipp_nonadaptive,estimated,1871,155.83333333333337,0.6382410102576704
bb_ipp_nonadaptive,estimated,1872,155.91666666666663,0.638726586583985
bb_ipp_nonadaptive,estimated,1873,156.0,0.638830388485308
bb_ipp_nonadaptive,estimated,1874,156.08333333333337,0.6392290639781512
bb_ipp_nonadaptive,estimated,1875,156.16666666666663,0.6392418477255069
bb_ipp_nonadaptive,estimated,1876,156.25,0.6389657019527806
bb_ipp_nonadaptive,estimated,1877,156.33333333333337,0.6389411657250198
bb_ipp_nonadaptive,estimated,1878,156.41666666666663,0.6394702947310077
bb_ipp_nonadaptive,estimated,1879,156.5,0.639944116540201
bb_ipp_nonadaptive,estimated,1880,156.58333333333337,0.6403530178893967
bb_ipp_nonadaptive,estimated,1881,156.66666666666663,0.6402475211395783
bb_ipp_nonadaptive,estimated,1882,156.75,0.6399501940283884
bb_ipp_nonadaptive,estimated,1883,156.83333333333337,0.6404140743146989
bb_ipp_nonadaptive,estimated,1884,156.91666666666663,0.6406762191078698
bb_ipp_nonadaptive,estimated,1885,157.0,0.6409881335233075
bb_ipp_nonadaptive,estimated,1886,157.08333333333337,0.6409389609527228
bb_ipp_nonadaptive,estimated,1887,157.16666666666663,0.6408119392586046
bb_ipp_nonadaptive,estimated,1888,157.25,0.6409330711537992
bb_ipp_nonadaptive,estimated,1889,157.33333333333337,0.6414194010267318
bb_ipp_nonadaptive,estimated,1890,157.41666666666663,0.6418324140003331
bb_ipp_nonadaptive,estimated,1891,157.5,0.6416802670806329
bb_ipp_nonadaptive,estimated,1892,157.58333333333337,0.6418353390832917
bb_ipp_nonadaptive,estimated,1893,157.66666666666663,0.6420334410851258
bb_ipp_nonadaptive,estimated,1894,157.75,0.641951480909021
bb_ipp_nonadaptive,estimated,1895,157.83333333333337,0.6417575178764845
bb_ipp_nonadaptive,estimated,1896,157.91666666666663,0.6421691601240402
bb_ipp_nonadaptive,estimated,1897,158.0,0.6424711310578365
bb_ipp_nonadaptive,estimated,1898,158.08333333333337,0.6427350367157217
bb_ipp_nonadaptive,estimated,1899,158.16666666666663,0.6426031419650817
bb_ipp_nonadaptive,estimated,1900,158.25,0.642523575441649
bb_ipp_nonadaptive,estimated,1901,158.33333333333337,0.6422948032685674
bb_ipp_nonadaptive,estimated,1902,158.41666666666663,0.6423824315190335
bb_ipp_nonadaptive,estimated,1903,158.5,0.6424673306527834
bb_ipp_nonadaptive,estimated,1904,158.58333333333337,0.6423773378395554
bb_ipp_nonadaptive,estimated,1905,158.66666666666663,0.643004048332398
bb_ipp_nonadaptive,estimated,1906,158.75,0.6434923738813317
bb_ipp_nonadaptive,estimated,1907,158.83333333333337,0.6434490118260939
bb_ipp_nonadaptive,estimated,1908,158.91666666666663,0.6433014915380213
bb_ipp_nonadaptive,estimated,1909,159.0,0.6425672191196768
bb_ipp_nonadaptive,estimated,1910,159.08333333333337,0.6432375491730081
bb_ipp_nonadaptive,estimated,1911,159.16666666666663,0.6433740101169187
bb_ipp_nonadaptive,estimated,1912,159.25,0.6431042237638281
bb_ipp_nonadaptive,estimated,1913,159.33333333333337,0.6432842907827862
bb_ipp_nonadaptive,estimated,1914,159.41666666666663,0.6432175741002955
bb_ipp_nonadaptive,estimated,1915,159.5,0.6434558744312718
bb_ipp_nonadaptive,estimated,1916,159.58333333333337,0.6435676117621446
bb_ipp_nonadaptive,estimated,1917,159.66666666666663,0.643031248244658
bb_ipp_nonadaptive,estimated,1918,159.75,0.6417326340673886
bb_ipp_nonadaptive,estimated,1919,159.83333333333337,0.6422705214352683
bb_ipp_nonadaptive,estimated,1920,159.91666666666663,0.641915742568566
bb_ipp_nonadaptive,estimated,1921,160.0,0.6423947830085137
bb_ipp_nonadaptive,estimated,1922,160.08333333333337,0.641869187758063
bb_ipp_nonadaptive,estimated,1923,160.16666666666663,0.6415321314587795
bb_ipp_nonadaptive,estimated,1924,160.25,0.6420275790657463
bb_ipp_nonadaptive,estimated,1925,160.33333333333337,0.6417023967100177
bb_ipp_nonadaptive,estimated,1926,160.41666666666663,0.6417663012223384
bb_ipp_nonadaptive,estimated,1927,160.5,0.6416350965033794
bb_ipp_nonadaptive,estimated,1928,160.58333333333337,0.6411083194441662
bb_ipp_nonadaptive,estimated,1929,160.66666666666663,0.6410203844755721
bb_ipp_nonadaptive,estimated,1930,160.75,0.6414866655148542
bb_ipp_nonadaptive,estimated,1931,160.83333333333337,0.6422166116988763
bb_ipp_nonadaptive,estimated,1932,160.91666666666663,0.6416968664957472
bb_ipp_nonadaptive,estimated,1933,161.0,0.6425876399894641
bb_ipp_nonadaptive,estimated,1934,161.08333333333337,0.6427930523233388
bb_ipp_nonadaptive,estimated,1935,161.16666666666663,0.6435961694731172
bb_ipp_nonadaptive,estimated,1936,161.25,0.64368616750418
bb_ipp_nonadaptive,estimated,1937,161.33333333333337,0.6437087657235077
bb_ipp_nonadaptive,estimated,1938,161.41666666666663,0.6440581204106025
bb_ipp_nonadaptive,estimated,1939,161.5,0.6440069281705945
bb_ipp_nonadaptive,estimated,1940,161.58333333333337,0.644330044303321
bb_ipp_nonadaptive,estimated,1941,161.66666666666663,0.6442338142372633
bb_ipp_nonadaptive,estimated,1942,161.75,0.6442238673415603
bb_ipp_nonadaptive,estimated,1943,161.83333333333337,0.6443701644749579
bb_ipp_nonadaptive,estimated,1944,161.91666666666663,0.6443423207878142
bb_ipp_nonadaptive,estimated,1945,162.0,0.6444288175737799
bb_ipp_nonadaptive,estimated,1946,162.08333333333337,0.6444891987471488
bb_ipp_nonadaptive,estimated,1947,162.16666666666663,0.6444469904489754
bb_ipp_nonadaptive,estimated,1948,162.25,0.644511096040569
bb_ipp_nonadaptive,estimated,1949,162.33333333333337,0.6444363297563724
bb_ipp_nonadaptive,estimated,1950,162.41666666666663,0.6443253635545738
bb_ipp_nonadaptive,estimated,1951,162.5,0.6441925263926062
bb_ipp_nonadaptive,estimated,1952,162.58333333333337,0.6441749567090076
bb_ipp_nonadaptive,estimated,1953,162.66666666666663,0.6440760322656277
bb_ipp_nonadaptive,estimated,1954,162.75,0.6439360775661975
bb_ipp_nonadaptive,estimated,1955,162.83333333333337,0.6437034419804529
bb_ipp_nonadaptive,estimated,1956,162.91666666666663,0.643531468853849
bb_ipp_nonadaptive,estimated,1957,163.0,0.6433727181806221
bb_ipp_nonadaptive,estimated,1958,163.08333333333337,0.6432375855594387
bb_ipp_nonadaptive,estimated,1959,163.16666666666663,0.6431521012899939
bb_ipp_nonadaptive,estimated,1960,163.25,0.6430004189521477
bb_ipp_nonadaptive,estimated,1961,163.33333333333337,0.6427808777378219
bb_ipp_nonadaptive,estimated,1962,163.41666666666663,0.6425878925573988
bb_ipp_nonadaptive,estimated,1963,163.5,0.6423006897122839
bb_ipp_nonadaptive,estimated,1964,163.58333333333337,0.6417451602004122
bb_ipp_nonadaptive,estimated,1965,163.66666666666663,0.6417052464145183
bb_ipp_nonadaptive,estimated,1966,163.75,0.641689494378271
bb_ipp_nonadaptive,estimated,1967,163.83333333333337,0.6415415130292835
bb_ipp_nonadaptive,estimated,1968,163.91666666666663,0.6411339628647906
bb_ipp_nonadaptive,estimated,1969,164.0,0.6407032053496684
bb_ipp_nonadaptive,estimated,1970,164.08333333333337,0.6404715925393754
bb_ipp_nonadaptive,estimated,1971,164.16666666666663,0.6404641699476331
bb_ipp_nonadaptive,estimated,1972,164.25,0.6406394401537977
bb_ipp_nonadaptive,estimated,1973,164.33333333333337,0.6408241090106175
bb_ipp_nonadaptive,estimated,1974,164.41666666666663,0.6407179402244942
bb_ipp_nonadaptive,estimated,1975,164.5,0.6407859668675631
bb_ipp_nonadaptive,estimated,1976,164.58333333333337,0.6406531493782095
bb_ipp_nonadaptive,estimated,1977,164.66666666666663,0.6407476105025053
bb_ipp_nonadaptive,estimated,1978,164.75,0.6404850347856502
bb_ipp_nonadaptive,estimated,1979,164.83333333333337,0.6406456067372961
bb_ipp_nonadaptive,estimated,1980,164.91666666666663,0.6407731013837134
bb_ipp_nonadaptive,estimated,1981,165.0,0.6407514534130052
bb_ipp_nonadaptive,estimated,1982,165.08333333333337,0.6404969785117295
bb_ipp_nonadaptive,estimated,1983,165.16666666666663,0.6406475991321352
bb_ipp_nonadaptive,estimated,1984,165.25,0.6408073793939214
bb_ipp_nonadaptive,estimated,1985,165.33333333333337,0.6411287403273378
bb_ipp_nonadaptive,estimated,1986,165.41666666666663,0.6410169756461501
bb_ipp_nonadaptive,estimated,1987,165.5,0.6411065906941631
bb_ipp_nonadaptive,estimated,1988,165.58333333333337,0.6418269961909072
bb_ipp_nonadaptive,estimated,1989,165.66666666666663,0.6417002092175852
bb_ipp_nonadaptive,estimated,1990,165.75,0.6415509433381258
bb_ipp_nonadaptive,estimated,1991,165.83333333333337,0.6416469768273116
bb_ipp_nonadaptive,estimated,1992,165.91666666666663,0.6418398319235494
bb_ipp_nonadaptive,estimated,1993,166.0,0.6416445156043855
bb_ipp_nonadaptive,estimated,1994,166.08333333333337,0.6421111787731197
bb_ipp_nonadaptive,estimated,1995,166.16666666666663,0.6423704073758266
bb_ipp_nonadaptive,estimated,1996,166.25,0.642657393069094
bb_ipp_nonadaptive,estimated,1997,166.33333333333337,0.6426561332403514
bb_ipp_nonadaptive,estimated,1998,166.41666666666663,0.6428292113265647
bb_ipp_nonadaptive,estimated,1999,166.5,0.6428693273288701
bb_ipp_nonadaptive,estimated,2000,166.58333333333337,0.6432172322625974
bb_ipp_nonadaptive,estimated,2001,166.66666666666663,0.6432335426931439
bb_ipp_nonadaptive,estimated,2002,166.75,0.6432785622177262
bb_ipp_nonadaptive,estimated,2003,166.83333333333337,0.6437369562930975
bb_ipp_nonadaptive,estimated,2004,166.91666666666663,0.6437075970998454
bb_ipp_nonadaptive,estimated,2005,167.0,0.643775512336065
bb_ipp_nonadaptive,estimated,2006,167.08333333333337,0.6438065926354974
bb_ipp_nonadaptive,estimated,2007,167.16666666666663,0.644211713938592
bb_ipp_nonadaptive,estimated,2008,167.25,0.6444843316523757
bb_ipp_nonadaptive,estimated,2009,167.33333333333337,0.6447146306929071
bb_ipp_nonadaptive,estimated,2010,167.41666666666663,0.6446986465397624
bb_ipp_nonadaptive,estimated,2011,167.5,0.6448403160937274
bb_ipp_nonadaptive,estimated,2012,167.58333333333337,0.6448117624923834
bb_ipp_nonadaptive,estimated,2013,167.66666666666663,0.6449990149578325
bb_ipp_nonadaptive,estimated,2014,167.75,0.6449085675544953
bb_ipp_nonadaptive,estimated,2015,167.83333333333337,0.6447138387081592
bb_ipp_nonadaptive,estimated,2016,167.91666666666663,0.6450787649098464
bb_ipp_nonadaptive,estimated,2017,168.0,0.6450867773880445
bb_ipp_nonadaptive,estimated,2018,168.08333333333337,0.6453158906929269
bb_ipp_nonadaptive,estimated,2019,168.16666666666663,0.6455949454510471
bb_ipp_nonadaptive,estimated,2020,168.25,0.6458310932650727
bb_ipp_nonadaptive,estimated,2021,168.33333333333337,0.6461326253585924
bb_ipp_nonadaptive,estimated,2022,168.41666666666663,0.6461810182842761
bb_ipp_nonadaptive,estimated,2023,168.5,0.6461877277727427
bb_ipp_nonadaptive,estimated,2024,168.58333333333337,0.646056595272355
bb_ipp_nonadaptive,estimated,2025,168.66666666666663,0.6463598952025094
bb_ipp_nonadaptive,estimated,2026,168.75,0.646290516053928
bb_ipp_nonadaptive,estimated,2027,168.83333333333337,0.6462420602772
bb_ipp_nonadaptive,estimated,2028,168.91666666666663,0.6463654805300858
bb_ipp_nonadaptive,estimated,2029,169.0,0.6462413937932246
bb_ipp_nonadaptive,estimated,2030,169.08333333333337,0.6463164370014887
bb_ipp_nonadaptive,estimated,2031,169.16666666666663,0.6465957326384034
bb_ipp_nonadaptive,estimated,2032,169.25,0.6465569470885713
bb_ipp_nonadaptive,estimated,2033,169.33333333333337,0.646432392539111
bb_ipp_nonadaptive,estimated,2034,169.41666666666663,0.6464755206431714
bb_ipp_nonadaptive,estimated,2035,169.5,0.6461261224346225
bb_ipp_nonadaptive,estimated,2036,169.58333333333337,0.6459091353214557
bb_ipp_nonadaptive,estimated,2037,169.66666666666663,0.6456070483544658
bb_ipp_nonadaptive,estimated,2038,169.75,0.6459174981167604
bb_ipp_nonadaptive,estimated,2039,169.83333333333337,0.6454194991460593
bb_ipp_nonadaptive,estimated,2040,169.91666666666663,0.6447076604514148
bb_ipp_nonadaptive,estimated,2041,170.0,0.6447029086309571
bb_ipp_nonadaptive,estimated,2042,170.08333333333337,0.643903606229005
bb_ipp_nonadaptive,estimated,2043,170.16666666666663,0.6432434077655877
bb_ipp_nonadaptive,estimated,2044,170.25,0.6411470875690382
bb_ipp_nonadaptive,estimated,2045,170.33333333333337,0.6408917480243399
bb_ipp_nonadaptive,estimated,2046,170.41666666666663,0.6392447631760979
bb_ipp_nonadaptive,estimated,2047,170.5,0.6400891537048392
bb_ipp_nonadaptive,estimated,2048,170.58333333333337,0.6360676661845537
bb_ipp_nonadaptive,estimated,2049,170.66666666666663,0.6349272704466773
bb_ipp_nonadaptive,estimated,2050,170.75,0.6331041325070675
bb_ipp_nonadaptive,estimated,2051,170.83333333333337,0.6321551245397606
bb_ipp_nonadaptive,estimated,2052,170.91666666666663,0.629460451808601
bb_ipp_nonadaptive,estimated,2053,171.0,0.6286141370208875
bb_ipp_nonadaptive,estimated,2054,171.08333333333337,0.6272546115401976
bb_ipp_nonadaptive,estimated,2055,171.16666666666663,0.6275042119640158
bb_ipp_nonadaptive,estimated,2056,171.25,0.6281549464266138
bb_ipp_nonadaptive,estimated,2057,171.33333333333337,0.6271653170788781
bb_ipp_nonadaptive,estimated,2058,171.41666666666663,0.623407909222187
bb_ipp_nonadaptive,estimated,2059,171.5,0.6251151742408978
bb_ipp_nonadaptive,estimated,2060,171.58333333333337,0.6232452721468522
bb_ipp_nonadaptive,estimated,2061,171.66666666666663,0.6262212987528328
bb_ipp_nonadaptive,estimated,2062,171.75,0.6255518046171179
bb_ipp_nonadaptive,estimated,2063,171.83333333333337,0.6273924472474235
bb_ipp_nonadaptive,estimated,2064,171.91666666666663,0.6261736112686346
bb_ipp_nonadaptive,estimated,2065,172.0,0.627519144158808
bb_ipp_nonadaptive,estimated,2066,172.08333333333337,0.6276096413017468
bb_ipp_nonadaptive,estimated,2067,172.16666666666663,0.6279078668592415
bb_ipp_nonadaptive,estimated,2068,172.25,0.6288597481584041
bb_ipp_nonadaptive,estimated,2069,172.33333333333337,0.6285169907794884
bb_ipp_nonadaptive,estimated,2070,172.41666666666663,0.6299632486325261
bb_ipp_nonadaptive,estimated,2071,172.5,0.6325576427602779
bb_ipp_nonadaptive,estimated,2072,172.58333333333337,0.6324537961253472
bb_ipp_nonadaptive,estimated,2073,172.66666666666663,0.6345156627837467
bb_ipp_nonadaptive,estimated,2074,172.75,0.6341101244913223
bb_ipp_nonadaptive,estimated,2075,172.83333333333337,0.6336508448498398
bb_ipp_nonadaptive,estimated,2076,172.91666666666663,0.6351457646937457
bb_ipp_nonadaptive,estimated,2077,173.0,0.6366307396666762
bb_ipp_nonadaptive,estimated,2078,173.08333333333337,0.6370362152391739
bb_ipp_nonadaptive,estimated,2079,173.16666666666663,0.6374307527274864
bb_ipp_nonadaptive,estimated,2080,173.25,0.6368708280405471
bb_ipp_nonadaptive,estimated,2081,173.33333333333337,0.6376086844486428
bb_ipp_nonadaptive,estimated,2082,173.41666666666663,0.638460706098149
bb_ipp_nonadaptive,estimated,2083,173.5,0.6391157257648685
bb_ipp_nonadaptive,estimated,2084,173.58333333333337,0.6390459944987467
bb_ipp_nonadaptive,estimated,2085,173.66666666666663,0.6392737843474094
bb_ipp_nonadaptive,estimated,2086,173.75,0.6401106295505465
bb_ipp_nonadaptive,estimated,2087,173.83333333333337,0.6396696263496277
bb_ipp_nonadaptive,estimated,2088,173.91666666666663,0.6398202106830512
bb_ipp_nonadaptive,estimated,2089,174.0,0.6396709528689005
bb_ipp_nonadaptive,estimated,2090,174.08333333333337,0.6397159725209028
bb_ipp_nonadaptive,estimated,2091,174.16666666666663,0.6403984638558272
bb_ipp_nonadaptive,estimated,2092,174.25,0.6406994624869803
bb_ipp_nonadaptive,estimated,2093,174.33333333333337,0.6409877619375467
bb_ipp_nonadaptive,estimated,2094,174.41666666666663,0.6405819910142202
bb_ipp_nonadaptive,estimated,2095,174.5,0.6403575782126727
bb_ipp_nonadaptive,estimated,2096,174.58333333333337,0.6403779935336608
bb_ipp_nonadaptive,estimated,2097,174.66666666666663,0.6400357736408678
bb_ipp_nonadaptive,estimated,2098,174.75,0.6398051088402059
bb_ipp_nonadaptive,estimated,2099,174.83333333333337,0.6397861591373829
bb_ipp_nonadaptive,estimated,2100,174.91666666666663,0.6395101811059739
bb_ipp_nonadaptive,estimated,2101,175.0,0.6391438461179317
bb_ipp_nonadaptive,estimated,2102,175.08333333333337,0.6390003813840618
bb_ipp_nonadaptive,estimated,2103,175.16666666666663,0.6387324448115906
bb_ipp_nonadaptive,estimated,2104,175.25,0.6381163643990811
bb_ipp_nonadaptive,estimated,2105,175.33333333333337,0.6378858393845305
bb_ipp_nonadaptive,estimated,2106,175.41666666666663,0.6375807757823045
bb_ipp_nonadaptive,estimated,2107,175.5,0.6372868717143901
bb_ipp_nonadaptive,estimated,2108,175.58333333333337,0.6370103744943335
bb_ipp_nonadaptive,estimated,2109,175.66666666666663,0.6369320535721238
bb_ipp_nonadaptive,estimated,2110,175.75,0.6364545644327576
bb_ipp_nonadaptive,estimated,2111,175.83333333333337,0.6358255239124294
bb_ipp_nonadaptive,estimated,2112,175.91666666666663,0.6354126550813842
bb_ipp_nonadaptive,estimated,2113,176.0,0.634939990056036
bb_ipp_nonadaptive,estimated,2114,176.08333333333337,0.6340916164760576
bb_ipp_nonadaptive,estimated,2115,176.16666666666663,0.6335506579520533
bb_ipp_nonadaptive,estimated,2116,176.25,0.6326115469213435
bb_ipp_nonadaptive,estimated,2117,176.33333333333337,0.6321586546982039
bb_ipp_nonadaptive,estimated,2118,176.41666666666663,0.6319560094201774
bb_ipp_nonadaptive,estimated,2119,176.5,0.6316415907348677
bb_ipp_nonadaptive,estimated,2120,176.58333333333337,0.6314792600174703
bb_ipp_nonadaptive,estimated,2121,176.66666666666663,0.6303998972726189
bb_ipp_nonadaptive,estimated,2122,176.75,0.6300160306845637
bb_ipp_nonadaptive,estimated,2123,176.83333333333337,0.6291870667379178
bb_ipp_nonadaptive,estimated,2124,176.91666666666663,0.6288188320091183
bb_ipp_nonadaptive,estimated,2125,177.0,0.6284906652773079
bb_ipp_nonadaptive,estimated,2126,177.08333333333337,0.6279121400637141
bb_ipp_nonadaptive,estimated,2127,177.16666666666663,0.6277135883223887
bb_ipp_nonadaptive,estimated,2128,177.25,0.6268278812623966
bb_ipp_nonadaptive,estimated,2129,177.33333333333337,0.6266527032166884
bb_ipp_nonadaptive,estimated,2130,177.41666666666663,0.6266236961445012
bb_ipp_nonadaptive,estimated,2131,177.5,0.6263632293842135
bb_ipp_nonadaptive,estimated,2132,177.58333333333337,0.6261257127264663
bb_ipp_nonadaptive,estimated,2133,177.66666666666663,0.6260436178225774
bb_ipp_nonadaptive,estimated,2134,177.75,0.6255513996153074
bb_ipp_nonadaptive,estimated,2135,177.83333333333337,0.6252101222621596
bb_ipp_nonadaptive,estimated,2136,177.91666666666663,0.624731351865052
bb_ipp_nonadaptive,estimated,2137,178.0,0.6240786828393906
bb_ipp_nonadaptive,estimated,2138,178.08333333333337,0.6236467829030231
bb_ipp_nonadaptive,estimated,2139,178.16666666666663,0.623405363942307
bb_ipp_nonadaptive,estimated,2140,178.25,0.6233691957075632
bb_ipp_nonadaptive,estimated,2141,178.33333333333337,0.6233096521877372
bb_ipp_nonadaptive,estimated,2142,178.41666666666663,0.623044216843187
bb_ipp_nonadaptive,estimated,2143,178.5,0.6227630359978964
bb_ipp_nonadaptive,estimated,2144,178.58333333333337,0.6223087962336113
bb_ipp_nonadaptive,estimated,2145,178.66666666666663,0.6218368935294049
bb_ipp_nonadaptive,estimated,2146,178.75,0.6211912275389837
bb_ipp_nonadaptive,estimated,2147,178.83333333333337,0.6206867699306975
bb_ipp_nonadaptive,estimated,2148,178.91666666666663,0.6204592814364456
bb_ipp_nonadaptive,estimated,2149,179.0,0.6199798245355582
bb_ipp_nonadaptive,estimated,2150,179.08333333333337,0.6196075021917429
bb_ipp_nonadaptive,estimated,2151,179.16666666666663,0.6191137010708201
bb_ipp_nonadaptive,estimated,2152,179.25,0.6186952389129515
bb_ipp_nonadaptive,estimated,2153,179.33333333333337,0.6185678515215806
bb_ipp_nonadaptive,estimated,2154,179.41666666666663,0.61819792485499
bb_ipp_nonadaptive,estimated,2155,179.5,0.617424682566052
bb_ipp_nonadaptive,estimated,2156,179.58333333333337,0.6166271055544111
bb_ipp_nonadaptive,estimated,2157,179.66666666666663,0.616457192523182
bb_ipp_nonadaptive,estimated,2158,179.75,0.6163948004923376
bb_ipp_nonadaptive,estimated,2159,179.83333333333337,0.6164259029929133
bb_ipp_nonadaptive,estimated,2160,179.91666666666663,0.6158272275968991
bb_ipp_nonadaptive,estimated,2161,180.0,0.615481209835927
bb_ipp_nonadaptive,estimated,2162,180.08333333333337,0.6153370011517769
bb_ipp_nonadaptive,estimated,2163,180.16666666666663,0.6152410660745679
bb_ipp_nonadaptive,estimated,2164,180.25,0.6149567544645229
bb_ipp_nonadaptive,estimated,2165,180.33333333333337,0.6144944431069682
bb_ipp_nonadaptive,estimated,2166,180.41666666666663,0.6141754251637315
bb_ipp_nonadaptive,estimated,2167,180.5,0.6139237560234029
bb_ipp_nonadaptive,estimated,2168,180.58333333333337,0.6134927678581412
bb_ipp_nonadaptive,estimated,2169,180.66666666666663,0.6128789429994357
bb_ipp_nonadaptive,estimated,2170,180.75,0.6121749578202094
bb_ipp_nonadaptive,estimated,2171,180.83333333333337,0.6120495443199087
bb_ipp_nonadaptive,estimated,2172,180.91666666666663,0.6121091744260236
bb_ipp_nonadaptive,estimated,2173,181.0,0.6118914547617947
bb_ipp_nonadaptive,estimated,2174,181.08333333333337,0.6114479204534091
bb_ipp_nonadaptive,estimated,2175,181.16666666666663,0.6109899453911602
bb_ipp_nonadaptive,estimated,2176,181.25,0.6106744472336026
bb_ipp_nonadaptive,estimated,2177,181.33333333333337,0.6102592497064396
bb_ipp_nonadaptive,estimated,2178,181.41666666666663,0.6098803800291641
bb_ipp_nonadaptive,estimated,2179,181.5,0.6098723156302049
bb_ipp_nonadaptive,estimated,2180,181.58333333333337,0.6093275482614207
bb_ipp_nonadaptive,estimated,2181,181.66666666666663,0.6091465248080329
bb_ipp_nonadaptive,estimated,2182,181.75,0.60857906703387
bb_ipp_nonadaptive,estimated,2183,181.83333333333337,0.6086318957644029
bb_ipp_nonadaptive,estimated,2184,181.91666666666663,0.6083655166645914
bb_ipp_nonadaptive,estimated,2185,182.0,0.6080322380969916
bb_ipp_nonadaptive,estimated,2186,182.08333333333337,0.60771706763507
bb_ipp_nonadaptive,estimated,2187,182.16666666666663,0.6074881000184251
bb_ipp_nonadaptive,estimated,2188,182.25,0.6075665292735231
bb_ipp_nonadaptive,estimated,2189,182.33333333333337,0.606948372604706
bb_ipp_nonadaptive,estimated,2190,182.41666666666663,0.6067699299708209
bb_ipp_nonadaptive,estimated,2191,182.5,0.6067100018140513
bb_ipp_nonadaptive,estimated,2192,182.58333333333337,0.6061338754279071
bb_ipp_nonadaptive,estimated,2193,182.66666666666663,0.6057126900517406
bb_ipp_nonadaptive,estimated,2194,182.75,0.6056962661892594
bb_ipp_nonadaptive,estimated,2195,182.83333333333337,0.6053304742789172
bb_ipp_nonadaptive,estimated,2196,182.91666666666663,0.6049624727515028
bb_ipp_nonadaptive,estimated,2197,183.0,0.6045375781484893
bb_ipp_nonadaptive,estimated,2198,183.08333333333337,0.6041367696201445
bb_ipp_nonadaptive,estimated,2199,183.16666666666663,0.6039860964307848
bb_ipp_nonadaptive,estimated,2200,183.25,0.603475833465047
bb_ipp_nonadaptive,estimated,2201,183.33333333333337,0.6034523558235874
bb_ipp_nonadaptive,estimated,2202,183.41666666666663,0.6032753809675446
bb_ipp_nonadaptive,estimated,2203,183.5,0.6028166936575758
bb_ipp_nonadaptive,estimated,2204,183.58333333333337,0.6024334977882491
bb_ipp_nonadaptive,estimated,2205,183.66666666666663,0.6026030280671859
bb_ipp_nonadaptive,estimated,2206,183.75,0.6023355591648331
bb_ipp_nonadaptive,estimated,2207,183.83333333333337,0.6020642185381901
bb_ipp_nonadaptive,estimated,2208,183.91666666666663,0.6016756467083682
bb_ipp_nonadaptive,estimated,2209,184.0,0.6016455054398311
bb_ipp_nonadaptive,estimated,2210,184.08333333333337,0.6013355187631224
bb_ipp_nonadaptive,estimated,2211,184.16666666666663,0.6009227098790513
bb_ipp_nonadaptive,estimated,2212,184.25,0.6007592191537322
bb_ipp_nonadaptive,estimated,2213,184.33333333333337,0.6004750954897549
bb_ipp_nonadaptive,estimated,2214,184.41666666666663,0.600227978328131
bb_ipp_nonadaptive,estimated,2215,184.5,0.6000336512607548
bb_ipp_nonadaptive,estimated,2216,184.58333333333337,0.5993865598846336
bb_ipp_nonadaptive,estimated,2217,184.66666666666663,0.5992694383455384
bb_ipp_nonadaptive,estimated,2218,184.75,0.5990006957213345
bb_ipp_nonadaptive,estimated,2219,184.83333333333337,0.5988104969664712
bb_ipp_nonadaptive,estimated,2220,184.91666666666663,0.5980701543312663
bb_ipp_nonadaptive,estimated,2221,185.0,0.5980383831399002
bb_ipp_nonadaptive,estimated,2222,185.08333333333337,0.5975450935447483
bb_ipp_nonadaptive,estimated,2223,185.16666666666663,0.5973553875830339
bb_ipp_nonadaptive,estimated,2224,185.25,0.5971851609225572
bb_ipp_nonadaptive,estimated,2225,185.33333333333337,0.5968938884550882
bb_ipp_nonadaptive,estimated,2226,185.41666666666663,0.5964446236842832
bb_ipp_nonadaptive,estimated,2227,185.5,0.5961016566887618
bb_ipp_nonadaptive,estimated,2228,185.58333333333337,0.5958295394224198
bb_ipp_nonadaptive,estimated,2229,185.66666666666663,0.5958077820726682
bb_ipp_nonadaptive,estimated,2230,185.75,0.595598683015538
bb_ipp_nonadaptive,estimated,2231,185.83333333333337,0.5955154005426204
bb_ipp_nonadaptive,estimated,2232,185.91666666666663,0.595290556181381
bb_ipp_nonadaptive,estimated,2233,186.0,0.5952121978955748
bb_ipp_nonadaptive,estimated,2234,186.08333333333337,0.595143114508596
bb_ipp_nonadaptive,estimated,2235,186.16666666666663,0.5947641028316435
bb_ipp_nonadaptive,estimated,2236,186.25,0.5947376233315168
bb_ipp_nonadaptive,estimated,2237,186.33333333333337,0.5942226867927329
bb_ipp_nonadaptive,estimated,2238,186.41666666666663,0.5938497732899191
bb_ipp_nonadaptive,estimated,2239,186.5,0.593616379380646
bb_ipp_nonadaptive,estimated,2240,186.58333333333337,0.5932736386505979
bb_ipp_nonadaptive,estimated,2241,186.66666666666663,0.5930290734098337
bb_ipp_nonadaptive,estimated,2242,186.75,0.5924579724286071
bb_ipp_nonadaptive,estimated,2243,186.83333333333337,0.5922562823839217
bb_ipp_nonadaptive,estimated,2244,186.91666666666663,0.5922037189895887
bb_ipp_nonadaptive,estimated,2245,187.0,0.5921862959796237
bb_ipp_nonadaptive,estimated,2246,187.08333333333337,0.5921492895863684
bb_ipp_nonadaptive,estimated,2247,187.16666666666663,0.5919294655240818
bb_ipp_nonadaptive,estimated,2248,187.25,0.5917478407181848
bb_ipp_nonadaptive,estimated,2249,187.33333333333337,0.5913128631975605
bb_ipp_nonadaptive,estimated,2250,187.41666666666663,0.5909584904863066
bb_ipp_nonadaptive,estimated,2251,187.5,0.5906356813918774
bb_ipp_nonadaptive,estimated,2252,187.58333333333337,0.5904872043245921
bb_ipp_nonadaptive,estimated,2253,187.66666666666663,0.5903781216278411
bb_ipp_nonadaptive,estimated,2254,187.75,0.5903227967349971
bb_ipp_nonadaptive,estimated,2255,187.83333333333337,0.590116480242192
bb_ipp_nonadaptive,estimated,2256,187.91666666666663,0.5898737401641222
bb_ipp_nonadaptive,estimated,2257,188.0,0.5897886281163248
bb_ipp_nonadaptive,estimated,2258,188.08333333333337,0.5894668219403429
bb_ipp_nonadaptive,estimated,2259,188.16666666666663,0.5893293304953366
bb_ipp_nonadaptive,estimated,2260,188.25,0.5891989780601022
bb_ipp_nonadaptive,estimated,2261,188.33333333333337,0.5891317200774983
bb_ipp_nonadaptive,estimated,2262,188.41666666666663,0.5889591667562575
bb_ipp_nonadaptive,estimated,2263,188.5,0.5886867513167102
bb_ipp_nonadaptive,estimated,2264,188.58333333333337,0.5883755504726892
bb_ipp_nonadaptive,estimated,2265,188.66666666666663,0.5883515975954133
bb_ipp_nonadaptive,estimated,2266,188.75,0.5880174027732017
bb_ipp_nonadaptive,estimated,2267,188.83333333333337,0.587601945117066
bb_ipp_nonadaptive,estimated,2268,188.91666666666663,0.5876287279037293
bb_ipp_nonadaptive,estimated,2269,189.0,0.5874482028169943
bb_ipp_nonadaptive,estimated,2270,189.08333333333337,0.5872687954225887
bb_ipp_nonadaptive,estimated,2271,189.16666666666663,0.5871309735916795
bb_ipp_nonadaptive,estimated,2272,189.25,0.5868688923583992
bb_ipp_nonadaptive,estimated,2273,189.33333333333337,0.5865390082154915
bb_ipp_nonadaptive,estimated,2274,189.41666666666663,0.5864983129052217
bb_ipp_nonadaptive,estimated,2275,189.5,0.5860693078873613
bb_ipp_nonadaptive,estimated,2276,189.58333333333337,0.585891157862667
bb_ipp_nonadaptive,estimated,2277,189.66666666666663,0.5855675740831465
bb_ipp_nonadaptive,estimated,2278,189.75,0.5855209728584234
bb_ipp_nonadaptive,estimated,2279,189.83333333333337,0.5852140605687584
bb_ipp_nonadaptive,estimated,2280,189.91666666666663,0.5852033134574901
bb_ipp_nonadaptive,estimated,2281,190.0,0.5850933678765283
bb_ipp_nonadaptive,estimated,2282,190.08333333333337,0.5850252298578031
bb_ipp_nonadaptive,estimated,2283,190.16666666666663,0.5849306323367457
bb_ipp_nonadaptive,estimated,2284,190.25,0.584877114795261
bb_ipp_nonadaptive,estimated,2285,190.33333333333337,0.5846420336805405
bb_ipp_nonadaptive,estimated,2286,190.41666666666663,0.5842002909924906
bb_ipp_nonadaptive,estimated,2287,190.5,0.5839612522462619
bb_ipp_nonadaptive,estimated,2288,190.58333333333337,0.5839667614562738
bb_ipp_nonadaptive,estimated,2289,190.66666666666663,0.5837720476042947
bb_ipp_nonadaptive,estimated,2290,190.75,0.583466356908978
bb_ipp_nonadaptive,estimated,2291,190.83333333333337,0.583160664693811
bb_ipp_nonadaptive,estimated,2292,190.91666666666663,0.5830178324357859
bb_ipp_nonadaptive,estimated,2293,191.0,0.5826697161644937
bb_ipp_nonadaptive,estimated,2294,191.08333333333337,0.582615375315427
bb_ipp_nonadaptive,estimated,2295,191.16666666666663,0.5824117232802406
bb_ipp_nonadaptive,estimated,2296,191.25,0.5821686627467542
bb_ipp_nonadaptive,estimated,2297,191.33333333333337,0.5821509810408562
bb_ipp_nonadaptive,estimated,2298,191.41666666666663,0.5820181089376772
bb_ipp_nonadaptive,estimated,2299,191.5,0.5818026140188086
bb_ipp_nonadaptive,estimated,2300,191.58333333333337,0.5815629429371929
bb_ipp_nonadaptive,estimated,2301,191.66666666666663,0.5811506064871487
bb_ipp_nonadaptive,estimated,2302,191.75,0.5809886154217596
bb_ipp_nonadaptive,estimated,2303,191.83333333333337,0.5809060959346026
bb_ipp_nonadaptive,estimated,2304,191.91666666666663,0.5808634132931343
bb_ipp_nonadaptive,estimated,2305,192.0,0.5806576615086041
bb_ipp_nonadaptive,estimated,2306,192.08333333333337,0.5806034803637884
bb_ipp_nonadaptive,estimated,2307,192.16666666666663,0.5804137550883157
bb_ipp_nonadaptive,estimated,2308,192.25,0.5803617874455669
bb_ipp_nonadaptive,estimated,2309,192.33333333333337,0.5802444754090066
bb_ipp_nonadaptive,estimated,2310,192.41666666666663,0.5800786877334437
bb_ipp_nonadaptive,estimated,2311,192.5,0.5799486379262654
bb_ipp_nonadaptive,estimated,2312,192.58333333333337,0.5796522859128904
bb_ipp_nonadaptive,estimated,2313,192.66666666666663,0.5794877199846662
bb_ipp_nonadaptive,estimated,2314,192.75,0.5792382217030411
bb_ipp_nonadaptive,estimated,2315,192.83333333333337,0.5790057231406073
bb_ipp_nonadaptive,estimated,2316,192.91666666666663,0.5788919884388758
bb_ipp_nonadaptive,estimated,2317,193.0,0.578741905391072
bb_ipp_nonadaptive,estimated,2318,193.08333333333337,0.5786279603124342
bb_ipp_nonadaptive,estimated,2319,193.16666666666663,0.5785919456151608
bb_ipp_nonadaptive,estimated,2320,193.25,0.5783372345758865
bb_ipp_nonadaptive,estimated,2321,193.33333333333337,0.5781737470929621
bb_ipp_nonadaptive,estimated,2322,193.41666666666663,0.5779344917348317
bb_ipp_nonadaptive,estimated,2323,193.5,0.5777737778357035
bb_ipp_nonadaptive,estimated,2324,193.58333333333337,0.5775458687976978
bb_ipp_nonadaptive,estimated,2325,193.66666666666663,0.5774483758788652
bb_ipp_nonadaptive,estimated,2326,193.75,0.5771716345468403
bb_ipp_nonadaptive,estimated,2327,193.83333333333337,0.5771380415195534
bb_ipp_nonadaptive,estimated,2328,193.91666666666663,0.5770694855809245
bb_ipp_nonadaptive,estimated,2329,194.0,0.5768672329096198
bb_ipp_nonadaptive,estimated,2330,194.08333333333337,0.5767376926579889
bb_ipp_nonadaptive,estimated,2331,194.16666666666663,0.5765349541571552
bb_ipp_nonadaptive,estimated,2332,194.25,0.576389047492483
bb_ipp_nonadaptive,estimated,2333,194.33333333333337,0.5761568291663791
bb_ipp_nonadaptive,estimated,2334,194.41666666666663,0.5761460620195935
bb_ipp_nonadaptive,estimated,2335,194.5,0.5760160264621488
bb_ipp_nonadaptive,estimated,2336,194.58333333333337,0.5758346173521994
bb_ipp_nonadaptive,estimated,2337,194.66666666666663,0.5760146947044759
bb_ipp_nonadaptive,estimated,2338,194.75,0.576385477179059
bb_ipp_nonadaptive,estimated,2339,194.83333333333337,0.5767651807649989
bb_ipp_nonadaptive,estimated,2340,194.91666666666663,0.5768792598479473
bb_ipp_nonadaptive,estimated,2341,195.0,0.5772252086263331
bb_ipp_nonadaptive,estimated,2342,195.08333333333337,0.5777179510680944
bb_ipp_nonadaptive,estimated,2343,195.16666666666663,0.5780458057612913
bb_ipp_nonadaptive,estimated,2344,195.25,0.578382166974222
bb_ipp_nonadaptive,estimated,2345,195.33333333333337,0.5787731825355185
bb_ipp_nonadaptive,estimated,2346,195.41666666666663,0.5793846130464625
bb_ipp_nonadaptive,estimated,2347,195.5,0.5797825785677304
bb_ipp_nonadaptive,estimated,2348,195.58333333333337,0.5803209859416517
bb_ipp_nonadaptive,estimated,2349,195.66666666666663,0.5806386791706482
bb_ipp_nonadaptive,estimated,2350,195.75,0.581034755825037
bb_ipp_nonadaptive,estimated,2351,195.83333333333337,0.5815314135941818
bb_ipp_nonadaptive,estimated,2352,195.91666666666663,0.5822261000393606
bb_ipp_nonadaptive,estimated,2353,196.0,0.5827774359248649
bb_ipp_nonadaptive,estimated,2354,196.08333333333337,0.5832450876479462
bb_ipp_nonadaptive,estimated,2355,196.16666666666663,0.58376451669964
bb_ipp_nonadaptive,estimated,2356,196.25,0.584300654312484
bb_ipp_nonadaptive,estimated,2357,196.33333333333337,0.584838978744245
bb_ipp_nonadaptive,estimated,2358,196.41666666666663,0.5854293746003523
bb_ipp_nonadaptive,estimated,2359,196.5,0.5861228312968407
bb_ipp_nonadaptive,estimated,2360,196.58333333333337,0.5867017854866998
bb_ipp_nonadaptive,estimated,2361,196.66666666666663,0.5872641661217487
bb_ipp_nonadaptive,estimated,2362,196.75,0.587690992727433
bb_ipp_nonadaptive,estimated,2363,196.83333333333337,0.5885533285606952
bb_ipp_nonadaptive,estimated,2364,196.91666666666663,0.5891637493496436
bb_ipp_nonadaptive,estimated,2365,197.0,0.5895703857258283
bb_ipp_nonadaptive,estimated,2366,197.08333333333337,0.5901747940253368
bb_ipp_nonadaptive,estimated,2367,197.16666666666663,0.5908626507909357
bb_ipp_nonadaptive,estimated,2368,197.25,0.5914252968757675
bb_ipp_nonadaptive,estimated,2369,197.33333333333337,0.5919169403970455
bb_ipp_nonadaptive,estimated,2370,197.41666666666663,0.5924720707408295
bb_ipp_nonadaptive,estimated,2371,197.5,0.5932200849187914
bb_ipp_nonadaptive,estimated,2372,197.58333333333337,0.5940102878707819
bb_ipp_nonadaptive,estimated,2373,197.66666666666663,0.5945140715149959
bb_ipp_nonadaptive,estimated,2374,197.75,0.5951656831560768
bb_ipp_nonadaptive,estimated,2375,197.83333333333337,0.5957589100673429
bb_ipp_nonadaptive,estimated,2376,197.91666666666663,0.5964568451839816
bb_ipp_nonadaptive,estimated,2377,198.0,0.5970767425867436
bb_ipp_nonadaptive,estimated,2378,198.08333333333337,0.5976786032223659
bb_ipp_nonadaptive,estimated,2379,198.16666666666663,0.5982540962824474
bb_ipp_nonadaptive,estimated,2380,198.25,0.599049520177624
bb_ipp_nonadaptive,estimated,2381,198.33333333333337,0.5998526239637939
bb_ipp_nonadaptive,estimated,2382,198.41666666666663,0.6003779698733888
bb_ipp_nonadaptive,estimated,2383,198.5,0.6009013259723115
bb_ipp_nonadaptive,estimated,2384,198.58333333333337,0.6015291932838719
bb_ipp_nonadaptive,estimated,2385,198.66666666666663,0.6021861530965362
bb_ipp_nonadaptive,estimated,2386,198.75,0.6029217557816329
bb_ipp_nonadaptive,estimated,2387,198.83333333333337,0.6033974754653243
bb_ipp_nonadaptive,estimated,2388,198.91666666666663,0.6038782762015017
bb_ipp_nonadaptive,estimated,2389,199.0,0.6044697844329143
bb_ipp_nonadaptive,estimated,2390,199.08333333333337,0.6052007447973109
bb_ipp_nonadaptive,estimated,2391,199.16666666666663,0.6056227078978856
bb_ipp_nonadaptive,estimated,2392,199.25,0.6060044882554875
bb_ipp_nonadaptive,estimated,2393,199.33333333333337,0.6066490507989423
bb_ipp_nonadaptive,estimated,2394,199.41666666666663,0.6072959769703036
bb_ipp_nonadaptive,estimated,2395,199.5,0.6078475388538581
bb_ipp_nonadaptive,estimated,2396,199.58333333333337,0.608199172053934
bb_ipp_nonadaptive,estimated,2397,199.66666666666663,0.6086729761756452
bb_ipp_nonadaptive,estimated,2398,199.75,0.609032278243676
bb_ipp_nonadaptive,estimated,2399,199.83333333333337,0.6095334523340652
bb_ipp_nonadaptive,estimated,2400,199.91666666666663,0.6099121684907788
bb_ipp_nonadaptive,estimated,2401,200.0,0.6105223520081735
bb_ipp_nonadaptive,estimated,2402,200.08333333333337,0.6113517383037053
bb_ipp_nonadaptive,estimated,2403,200.16666666666663,0.6116352157841674
bb_ipp_nonadaptive,estimated,2404,200.25,0.6118570339654456
bb_ipp_nonadaptive,estimated,2405,200.33333333333337,0.6121333949476263
bb_ipp_nonadaptive,estimated,2406,200.41666666666663,0.6130019958514745
bb_ipp_nonadaptive,estimated,2407,200.5,0.6127569747358564
bb_ipp_nonadaptive,estimated,2408,200.58333333333337,0.6133907632150495
bb_ipp_nonadaptive,estimated,2409,200.66666666666663,0.6131658500501111
bb_ipp_nonadaptive,estimated,2410,200.75,0.613409773866409
bb_ipp_nonadaptive,estimated,2411,200.83333333333337,0.6127782559013891
bb_ipp_nonadaptive,estimated,2412,200.91666666666663,0.6136477084988299
bb_ipp_nonadaptive,estimated,2413,201.0,0.613532354963294
bb_ipp_nonadaptive,estimated,2414,201.08333333333337,0.6131758877855558
bb_ipp_nonadaptive,estimated,2415,201.16666666666663,0.6125236471605304
bb_ipp_nonadaptive,estimated,2416,201.25,0.6121410421522855
bb_ipp_nonadaptive,estimated,2417,201.33333333333337,0.6137405838968816
bb_ipp_nonadaptive,estimated,2418,201.41666666666663,0.6136300882836827
bb_ipp_nonadaptive,estimated,2419,201.5,0.6135823518574669
bb_ipp_nonadaptive,estimated,2420,201.58333333333337,0.6122707741928823
bb_ipp_nonadaptive,estimated,2421,201.66666666666663,0.6146372967820575
bb_ipp_nonadaptive,estimated,2422,201.75,0.613399239962005
bb_ipp_nonadaptive,estimated,2423,201.83333333333337,0.6102113990744628
bb_ipp_nonadaptive,estimated,2424,201.91666666666663,0.6087267329630734
bb_ipp_nonadaptive,estimated,2425,202.0,0.6082205492002315
bb_ipp_nonadaptive,estimated,2426,202.08333333333337,0.6086085962470137
bb_ipp_nonadaptive,estimated,2427,202.16666666666663,0.6054472697239082
bb_ipp_nonadaptive,estimated,2428,202.25,0.6068206918173888
bb_ipp_nonadaptive,estimated,2429,202.33333333333337,0.6088195220455729
bb_ipp_nonadaptive,estimated,2430,202.41666666666663,0.610135777856923
bb_ipp_nonadaptive,estimated,2431,202.5,0.6132438994556111
bb_ipp_nonadaptive,estimated,2432,202.58333333333337,0.6145360422818793
bb_ipp_nonadaptive,estimated,2433,202.66666666666663,0.6144427786907604
bb_ipp_nonadaptive,estimated,2434,202.75,0.6127632074742682
bb_ipp_nonadaptive,estimated,2435,202.83333333333337,0.6138663482885689
bb_ipp_nonadaptive,estimated,2436,202.91666666666663,0.6128556839116699
bb_ipp_nonadaptive,estimated,2437,203.0,0.6135669536361376
bb_ipp_nonadaptive,estimated,2438,203.08333333333337,0.6150356774291912
bb_ipp_nonadaptive,estimated,2439,203.16666666666663,0.615750673778462
bb_ipp_nonadaptive,estimated,2440,203.25,0.6142896834527712
bb_ipp_nonadaptive,estimated,2441,203.33333333333337,0.6133827648890948
bb_ipp_nonadaptive,estimated,2442,203.41666666666663,0.6136592507348403
bb_ipp_nonadaptive,estimated,2443,203.5,0.6131529825913788
bb_ipp_nonadaptive,estimated,2444,203.58333333333337,0.6109632046836014
bb_ipp_nonadaptive,estimated,2445,203.66666666666663,0.6108271272302271
bb_ipp_nonadaptive,estimated,2446,203.75,0.6102611517682626
bb_ipp_nonadaptive,estimated,2447,203.83333333333337,0.6119099728772188
bb_ipp_nonadaptive,estimated,2448,203.91666666666663,0.6118471456041804
bb_ipp_nonadaptive,estimated,2449,204.0,0.6099322509249191
bb_ipp_nonadaptive,estimated,2450,204.08333333333337,0.6104989314123168
bb_ipp_nonadaptive,estimated,2451,204.16666666666663,0.6085702498924959
bb_ipp_nonadaptive,estimated,2452,204.25,0.6093745228360818
bb_ipp_nonadaptive,estimated,2453,204.33333333333337,0.6079356230011526
bb_ipp_nonadaptive,estimated,2454,204.41666666666663,0.6076433709035367
bb_ipp_nonadaptive,estimated,2455,204.5,0.602789442405683
bb_ipp_nonadaptive,estimated,2456,204.58333333333337,0.5994470139602639
bb_ipp_nonadaptive,estimated,2457,204.66666666666663,0.5949470189316238
bb_ipp_nonadaptive,estimated,2458,204.75,0.5906630785298947
bb_ipp_nonadaptive,estimated,2459,204.83333333333337,0.5919405954564072
bb_ipp_nonadaptive,estimated,2460,204.91666666666663,0.5889923512164694
bb_ipp_nonadaptive,estimated,2461,205.0,0.584322287294202
bb_ipp_nonadaptive,estimated,2462,205.08333333333337,0.5849994232703629
bb_ipp_nonadaptive,estimated,2463,205.16666666666663,0.5802703229111059
bb_ipp_nonadaptive,estimated,2464,205.25,0.5733526730910621
bb_ipp_nonadaptive,estimated,2465,205.33333333333337,0.5766656427853604
bb_ipp_nonadaptive,estimated,2466,205.41666666666663,0.5743385079560339
bb_ipp_nonadaptive,estimated,2467,205.5,0.5757847446836788
bb_ipp_nonadaptive,estimated,2468,205.58333333333337,0.5706128240340816
bb_ipp_nonadaptive,estimated,2469,205.66666666666663,0.5739817756787253
bb_ipp_nonadaptive,estimated,2470,205.75,0.5712073987955582
bb_ipp_nonadaptive,estimated,2471,205.83333333333337,0.570775384830672
bb_ipp_nonadaptive,estimated,2472,205.91666666666663,0.5674269769995001
bb_ipp_nonadaptive,estimated,2473,206.0,0.5678009052442997
bb_ipp_nonadaptive,estimated,2474,206.08333333333337,0.5699694044953006
bb_ipp_nonadaptive,estimated,2475,206.16666666666663,0.5718805673279733
bb_ipp_nonadaptive,estimated,2476,206.25,0.5750833558054539
bb_ipp_nonadaptive,estimated,2477,206.33333333333337,0.5751616560307697
bb_ipp_nonadaptive,estimated,2478,206.41666666666663,0.5727450322516536
bb_ipp_nonadaptive,estimated,2479,206.5,0.5730636716545987
bb_ipp_nonadaptive,estimated,2480,206.58333333333337,0.5781535032964873
bb_ipp_nonadaptive,estimated,2481,206.66666666666663,0.5825723829605087
bb_ipp_nonadaptive,estimated,2482,206.75,0.5819803603425818
bb_ipp_nonadaptive,estimated,2483,206.83333333333337,0.5879380137514677
bb_ipp_nonadaptive,estimated,2484,206.91666666666663,0.5903020601499006
bb_ipp_nonadaptive,estimated,2485,207.0,0.5933203537304199
bb_ipp_nonadaptive,estimated,2486,207.08333333333337,0.597553734948179
bb_ipp_nonadaptive,estimated,2487,207.16666666666663,0.5983269436011528
bb_ipp_nonadaptive,estimated,2488,207.25,0.6006666076348847
bb_ipp_nonadaptive,estimated,2489,207.33333333333337,0.6021757008023003
bb_ipp_nonadaptive,estimated,2490,207.41666666666663,0.6023580269301324
bb_ipp_nonadaptive,estimated,2491,207.5,0.6042901653484212
bb_ipp_nonadaptive,estimated,2492,207.58333333333337,0.6052032526023733
bb_ipp_nonadaptive,estimated,2493,207.66666666666663,0.6059338018407631
bb_ipp_nonadaptive,estimated,2494,207.75,0.6066202001180911
bb_ipp_nonadaptive,estimated,2495,207.83333333333337,0.6063409135023731
bb_ipp_nonadaptive,estimated,2496,207.91666666666663,0.6065746114235471
bb_ipp_nonadaptive,estimated,2497,208.0,0.6070677816720732
bb_ipp_nonadaptive,estimated,2498,208.08333333333337,0.609026520257258
bb_ipp_nonadaptive,estimated,2499,208.16666666666663,0.6088395304889485
bb_ipp_nonadaptive,estimated,2500,208.25,0.609381014996745
bb_ipp_nonadaptive,estimated,2501,208.33333333333337,0.6098967968273591
bb_ipp_nonadaptive,estimated,2502,208.41666666666663,0.6107661537926561
bb_ipp_nonadaptive,estimated,2503,208.5,0.6103061139300446
bb_ipp_nonadaptive,estimated,2504,208.58333333333337,0.6111153753496554
bb_ipp_nonadaptive,estimated,2505,208.66666666666663,0.610903248430277
bb_ipp_nonadaptive,estimated,2506,208.75,0.6109711617993647
bb_ipp_nonadaptive,estimated,2507,208.83333333333337,0.6104175299686398
bb_ipp_nonadaptive,estimated,2508,208.91666666666663,0.6103050352279894
bb_ipp_nonadaptive,estimated,2509,209.0,0.6105525069345918
bb_ipp_nonadaptive,estimated,2510,209.08333333333337,0.6095281923701644
bb_ipp_nonadaptive,estimated,2511,209.16666666666663,0.6103858851483254
bb_ipp_nonadaptive,estimated,2512,209.25,0.6110850603008583
bb_ipp_nonadaptive,estimated,2513,209.33333333333337,0.6124100259396494
bb_ipp_nonadaptive,estimated,2514,209.41666666666663,0.6118976967764632
bb_ipp_nonadaptive,estimated,2515,209.5,0.6126807081991007
bb_ipp_nonadaptive,estimated,2516,209.58333333333337,0.6126916648447478
bb_ipp_nonadaptive,estimated,2517,209.66666666666663,0.6123704098990898
bb_ipp_nonadaptive,estimated,2518,209.75,0.6120394912779008
bb_ipp_nonadaptive,estimated,2519,209.83333333333337,0.6131837980411832
bb_ipp_nonadaptive,estimated,2520,209.91666666666663,0.6129990367659707
bb_ipp_nonadaptive,estimated,2521,210.0,0.613335481594924
bb_ipp_nonadaptive,estimated,2522,210.08333333333337,0.6132456421835276
bb_ipp_nonadaptive,estimated,2523,210.16666666666663,0.6131792254772462
bb_ipp_nonadaptive,estimated,2524,210.25,0.6134122287207576
bb_ipp_nonadaptive,estimated,2525,210.33333333333337,0.6140057936892729
bb_ipp_nonadaptive,estimated,2526,210.41666666666663,0.6130578803693918
bb_ipp_nonadaptive,estimated,2527,210.5,0.6130931957416597
bb_ipp_nonadaptive,estimated,2528,210.58333333333337,0.6138644155880892
bb_ipp_nonadaptive,estimated,2529,210.66666666666663,0.6144748982936217
bb_ipp_nonadaptive,estimated,2530,210.75,0.6144897265679459
bb_ipp_nonadaptive,estimated,2531,210.83333333333337,0.6147379844137956
bb_ipp_nonadaptive,estimated,2532,210.91666666666663,0.6146627589003004
bb_ipp_nonadaptive,estimated,2533,211.0,0.6149553271836922
bb_ipp_nonadaptive,estimated,2534,211.08333333333337,0.6150285674515971
bb_ipp_nonadaptive,estimated,2535,211.16666666666663,0.6150094061302877
bb_ipp_nonadaptive,estimated,2536,211.25,0.6151733436640769
bb_ipp_nonadaptive,estimated,2537,211.33333333333337,0.6154240325593399
bb_ipp_nonadaptive,estimated,2538,211.41666666666663,0.6161606122718084
bb_ipp_nonadaptive,estimated,2539,211.5,0.6157216057077013
bb_ipp_nonadaptive,estimated,2540,211.58333333333337,0.6154304995082052
bb_ipp_nonadaptive,estimated,2541,211.66666666666663,0.615087719546461
bb_ipp_nonadaptive,estimated,2542,211.75,0.6156451237341763
bb_ipp_nonadaptive,estimated,2543,211.83333333333337,0.6157257235453772
bb_ipp_nonadaptive,estimated,2544,211.91666666666663,0.6169985872067449
bb_ipp_nonadaptive,estimated,2545,212.0,0.6174906201673961
bb_ipp_nonadaptive,estimated,2546,212.08333333333337,0.6178994163518398
bb_ipp_nonadaptive,estimated,2547,212.16666666666663,0.6184045631966913
bb_ipp_nonadaptive,estimated,2548,212.25,0.6188005429785789
bb_ipp_nonadaptive,estimated,2549,212.33333333333337,0.6184127279679289
bb_ipp_nonadaptive,estimated,2550,212.41666666666663,0.6192257501772704
bb_ipp_nonadaptive,estimated,2551,212.5,0.6187056223008844
bb_ipp_nonadaptive,estimated,2552,212.58333333333337,0.6194668163306103
bb_ipp_nonadaptive,estimated,2553,212.66666666666663,0.6192626752978451
bb_ipp_nonadaptive,estimated,2554,212.75,0.6194296701904022
bb_ipp_nonadaptive,estimated,2555,212.83333333333337,0.6203617790233988
bb_ipp_nonadaptive,estimated,2556,212.91666666666663,0.6206862841072744
bb_ipp_nonadaptive,estimated,2557,213.0,0.621084133981955
bb_ipp_nonadaptive,estimated,2558,213.08333333333337,0.6213488454468815
bb_ipp_nonadaptive,estimated,2559,213.16666666666663,0.6223001734874952
bb_ipp_nonadaptive,estimated,2560,213.25,0.6227624725823072
bb_ipp_nonadaptive,estimated,2561,213.33333333333337,0.6227815430860041
bb_ipp_nonadaptive,estimated,2562,213.41666666666663,0.6234011388288471
bb_ipp_nonadaptive,estimated,2563,213.5,0.6230304634929502
bb_ipp_nonadaptive,estimated,2564,213.58333333333337,0.6236775958439179
bb_ipp_nonadaptive,estimated,2565,213.66666666666663,0.6240261476822699
bb_ipp_nonadaptive,estimated,2566,213.75,0.6244968899166204
bb_ipp_nonadaptive,estimated,2567,213.83333333333337,0.6243645028094262
bb_ipp_nonadaptive,estimated,2568,213.91666666666663,0.6240525920214276
bb_ipp_nonadaptive,estimated,2569,214.0,0.6239604677935404
bb_ipp_nonadaptive,estimated,2570,214.08333333333337,0.624193830296482
bb_ipp_nonadaptive,estimated,2571,214.16666666666663,0.6239915486696554
bb_ipp_nonadaptive,estimated,2572,214.25,0.6243803580212018
bb_ipp_nonadaptive,estimated,2573,214.33333333333337,0.6245998984913227
bb_ipp_nonadaptive,estimated,2574,214.41666666666663,0.6253197793067674
bb_ipp_nonadaptive,estimated,2575,214.5,0.6254349861280174
bb_ipp_nonadaptive,estimated,2576,214.58333333333337,0.6253608921915781
bb_ipp_nonadaptive,estimated,2577,214.66666666666663,0.6256661819266195
bb_ipp_nonadaptive,estimated,2578,214.75,0.6255893195890249
bb_ipp_nonadaptive,estimated,2579,214.83333333333337,0.6253108469956987
bb_ipp_nonadaptive,estimated,2580,214.91666666666663,0.6257871001441709
bb_ipp_nonadaptive,estimated,2581,215.0,0.625540755877564
bb_ipp_nonadaptive,estimated,2582,215.08333333333337,0.6255531047814898
bb_ipp_nonadaptive,estimated,2583,215.16666666666663,0.6255424473260768
bb_ipp_nonadaptive,estimated,2584,215.25,0.6254400746007791
bb_ipp_nonadaptive,estimated,2585,215.33333333333337,0.6257913407524619
bb_ipp_nonadaptive,estimated,2586,215.41666666666663,0.6258405335019668
bb_ipp_nonadaptive,estimated,2587,215.5,0.6259420447947702
bb_ipp_nonadaptive,estimated,2588,215.58333333333337,0.6258570409893538
bb_ipp_nonadaptive,estimated,2589,215.66666666666663,0.6258042930304049
bb_ipp_nonadaptive,estimated,2590,215.75,0.6259165080420604
bb_ipp_nonadaptive,estimated,2591,215.83333333333337,0.6258577257425911
bb_ipp_nonadaptive,estimated,2592,215.91666666666663,0.6258920241045369
bb_ipp_nonadaptive,estimated,2593,216.0,0.6261431642743296
bb_ipp_nonadaptive,estimated,2594,216.08333333333337,0.6264708675984249
bb_ipp_nonadaptive,estimated,2595,216.16666666666663,0.6265458917731648
bb_ipp_nonadaptive,estimated,2596,216.25,0.6262894842649922
bb_ipp_nonadaptive,estimated,2597,216.33333333333337,0.6261640907537022
bb_ipp_nonadaptive,estimated,2598,216.41666666666663,0.6266355135120107
bb_ipp_nonadaptive,estimated,2599,216.5,0.6269887453262903
bb_ipp_nonadaptive,estimated,2600,216.58333333333337,0.6271153858566376
bb_ipp_nonadaptive,estimated,2601,216.66666666666663,0.62713388000865
bb_ipp_nonadaptive,estimated,2602,216.75,0.6269595315832647
bb_ipp_nonadaptive,estimated,2603,216.83333333333337,0.6268077980638812
bb_ipp_nonadaptive,estimated,2604,216.91666666666663,0.6268152883902686
bb_ipp_nonadaptive,estimated,2605,217.0,0.6268592318255057
bb_ipp_nonadaptive,estimated,2606,217.08333333333337,0.6267941030709899
bb_ipp_nonadaptive,estimated,2607,217.16666666666663,0.6268969524188522
bb_ipp_nonadaptive,estimated,2608,217.25,0.626887080364713
bb_ipp_nonadaptive,estimated,2609,217.33333333333337,0.627085591656995
bb_ipp_nonadaptive,estimated,2610,217.41666666666663,0.6271499188156283
bb_ipp_nonadaptive,estimated,2611,217.5,0.626938378525419
bb_ipp_nonadaptive,estimated,2612,217.58333333333337,0.6267379319070486
bb_ipp_nonadaptive,estimated,2613,217.66666666666663,0.6266273232536695
bb_ipp_nonadaptive,estimated,2614,217.75,0.6265481740856664
bb_ipp_nonadaptive,estimated,2615,217.83333333333337,0.6265733124534626
bb_ipp_nonadaptive,estimated,2616,217.91666666666663,0.6264929265462621
bb_ipp_nonadaptive,estimated,2617,218.0,0.6266114741640134
bb_ipp_nonadaptive,estimated,2618,218.08333333333337,0.6263233025630491
bb_ipp_nonadaptive,estimated,2619,218.16666666666663,0.6262452103815993
bb_ipp_nonadaptive,estimated,2620,218.25,0.6261300308998977
bb_ipp_nonadaptive,estimated,2621,218.33333333333337,0.6260297657647812
bb_ipp_nonadaptive,estimated,2622,218.41666666666663,0.6258900437874211
bb_ipp_nonadaptive,estimated,2623,218.5,0.6258403743021781
bb_ipp_nonadaptive,estimated,2624,218.58333333333337,0.625940886486841
bb_ipp_nonadaptive,estimated,2625,218.66666666666663,0.6257866621495304
bb_ipp_nonadaptive,estimated,2626,218.75,0.6255181611026007
bb_ipp_nonadaptive,estimated,2627,218.83333333333337,0.6255541248987453
bb_ipp_nonadaptive,estimated,2628,218.91666666666663,0.6252621295171397
bb_ipp_nonadaptive,estimated,2629,219.0,0.6252878431465202
bb_ipp_nonadaptive,estimated,2630,219.08333333333337,0.625066342118912
bb_ipp_nonadaptive,estimated,2631,219.16666666666663,0.6248870035082024
bb_ipp_nonadaptive,estimated,2632,219.25,0.6247667693570952
bb_ipp_nonadaptive,estimated,2633,219.33333333333337,0.6247467305649426
bb_ipp_nonadaptive,estimated,2634,219.41666666666663,0.6246475744315357
bb_ipp_nonadaptive,estimated,2635,219.5,0.6244234316276861
bb_ipp_nonadaptive,estimated,2636,219.58333333333337,0.6242382306650371
bb_ipp_nonadaptive,estimated,2637,219.66666666666663,0.6240686483604718
bb_ipp_nonadaptive,estimated,2638,219.75,0.623803059557152
bb_ipp_nonadaptive,estimated,2639,219.83333333333337,0.6236200637156573
bb_ipp_nonadaptive,estimated,2640,219.91666666666663,0.6233509285523994
bb_ipp_nonadaptive,estimated,2641,220.0,0.6231120891719056
bb_ipp_nonadaptive,estimated,2642,220.08333333333337,0.6228613931490891
bb_ipp_nonadaptive,estimated,2643,220.16666666666663,0.622468409206712
bb_ipp_nonadaptive,estimated,2644,220.25,0.6221298584548418
bb_ipp_nonadaptive,estimated,2645,220.33333333333337,0.62194584939808
bb_ipp_nonadaptive,estimated,2646,220.41666666666663,0.6217793986801489
bb_ipp_nonadaptive,estimated,2647,220.5,0.6217626307233799
bb_ipp_nonadaptive,estimated,2648,220.58333333333337,0.6214903797641051
bb_ipp_nonadaptive,estimated,2649,220.66666666666663,0.6211999625984308
bb_ipp_nonadaptive,estimated,2650,220.75,0.6209573342462424
bb_ipp_nonadaptive,estimated,2651,220.83333333333337,0.6207771260015852
bb_ipp_nonadaptive,estimated,2652,220.91666666666663,0.6205624596639208
bb_ipp_nonadaptive,estimated,2653,221.0,0.620153546715995
bb_ipp_nonadaptive,estimated,2654,221.08333333333337,0.6199793629256932
bb_ipp_nonadaptive,estimated,2655,221.16666666666663,0.6197417480544731
bb_ipp_nonadaptive,estimated,2656,221.25,0.6194644600628489
bb_ipp_nonadaptive,estimated,2657,221.33333333333337,0.6194353305438459
bb_ipp_nonadaptive,estimated,2658,221.41666666666663,0.6193289311550878
bb_ipp_nonadaptive,estimated,2659,221.5,0.6191643263932555
bb_ipp_nonadaptive,estimated,2660,221.58333333333337,0.6190063049566785
bb_ipp_nonadaptive,estimated,2661,221.66666666666663,0.6189660102642531
bb_ipp_nonadaptive,estimated,2662,221.75,0.618985987692156
bb_ipp_nonadaptive,estimated,2663,221.83333333333337,0.6190109970065472
bb_ipp_nonadaptive,estimated,2664,221.91666666666663,0.6186866125677529
bb_ipp_nonadaptive,estimated,2665,222.0,0.6185693684734931
bb_ipp_nonadaptive,estimated,2666,222.08333333333337,0.6184388250102116
bb_ipp_nonadaptive,estimated,2667,222.16666666666663,0.6187233983972787
bb_ipp_nonadaptive,estimated,2668,222.25,0.6188182560165806
bb_ipp_nonadaptive,estimated,2669,222.33333333333337,0.6186383706761185
bb_ipp_nonadaptive,estimated,2670,222.41666666666663,0.6184288616920497
bb_ipp_nonadaptive,estimated,2671,222.5,0.6190951461962241
bb_ipp_nonadaptive,estimated,2672,222.58333333333337,0.6192009394534037
bb_ipp_nonadaptive,estimated,2673,222.66666666666663,0.6195036631793763
bb_ipp_nonadaptive,estimated,2674,222.75,0.6194148740587194
bb_ipp_nonadaptive,estimated,2675,222.83333333333337,0.6193504818338692
bb_ipp_nonadaptive,estimated,2676,222.91666666666663,0.6193070821653822
bb_ipp_nonadaptive,estimated,2677,223.0,0.6190489093899664
bb_ipp_nonadaptive,estimated,2678,223.08333333333337,0.6192520831817762
bb_ipp_nonadaptive,estimated,2679,223.16666666666663,0.6191665916894319
bb_ipp_nonadaptive,estimated,2680,223.25,0.6189783007041445
bb_ipp_nonadaptive,estimated,2681,223.33333333333337,0.6191785320340124
bb_ipp_nonadaptive,estimated,2682,223.41666666666663,0.6192870783068298
bb_ipp_nonadaptive,estimated,2683,223.5,0.6189251312237029
bb_ipp_nonadaptive,estimated,2684,223.58333333333337,0.6189099599159053
bb_ipp_nonadaptive,estimated,2685,223.66666666666663,0.6190774361857553
bb_ipp_nonadaptive,estimated,2686,223.75,0.618857660402776
bb_ipp_nonadaptive,estimated,2687,223.83333333333337,0.6189215315377784
bb_ipp_nonadaptive,estimated,2688,223.91666666666663,0.6192624594887521
bb_ipp_nonadaptive,estimated,2689,224.0,0.619349673218964
bb_ipp_nonadaptive,estimated,2690,224.08333333333337,0.6195266725693378
bb_ipp_nonadaptive,estimated,2691,224.16666666666663,0.6195928525329786
bb_ipp_nonadaptive,estimated,2692,224.25,0.6193548377674917
bb_ipp_nonadaptive,estimated,2693,224.33333333333337,0.6195583456898011
bb_ipp_nonadaptive,estimated,2694,224.41666666666663,0.620094867570349
bb_ipp_nonadaptive,estimated,2695,224.5,0.6201550541113013
bb_ipp_nonadaptive,estimated,2696,224.58333333333337,0.6202055130615449
bb_ipp_nonadaptive,estimated,2697,224.66666666666663,0.6202730464148972
bb_ipp_nonadaptive,estimated,2698,224.75,0.6209222418396837
bb_ipp_nonadaptive,estimated,2699,224.83333333333337,0.6211739604186169
bb_ipp_nonadaptive,estimated,2700,224.91666666666663,0.621263454799391
bb_ipp_nonadaptive,estimated,2701,225.0,0.621576721782323
bb_ipp_nonadaptive,estimated,2702,225.08333333333337,0.6218755824109728
bb_ipp_nonadaptive,estimated,2703,225.16666666666663,0.6221406514962506
bb_ipp_nonadaptive,estimated,2704,225.25,0.6224584223095565
bb_ipp_nonadaptive,estimated,2705,225.33333333333337,0.6225824055577996
bb_ipp_nonadaptive,estimated,2706,225.41666666666663,0.6227683405293957
bb_ipp_nonadaptive,estimated,2707,225.5,0.6231399382739444
bb_ipp_nonadaptive,estimated,2708,225.58333333333337,0.6234461405960042
bb_ipp_nonadaptive,estimated,2709,225.66666666666663,0.6239787730573102
bb_ipp_nonadaptive,estimated,2710,225.75,0.624241951525662
bb_ipp_nonadaptive,estimated,2711,225.83333333333337,0.624226331472614
bb_ipp_nonadaptive,estimated,2712,225.91666666666663,0.6242186679084799
bb_ipp_nonadaptive,estimated,2713,226.0,0.6244398371638261
bb_ipp_nonadaptive,estimated,2714,226.08333333333337,0.6246569311389116
bb_ipp_nonadaptive,estimated,2715,226.16666666666663,0.624450474904369
bb_ipp_nonadaptive,estimated,2716,226.25,0.6243976601234267
bb_ipp_nonadaptive,estimated,2717,226.33333333333337,0.6246259508664991
bb_ipp_nonadaptive,estimated,2718,226.41666666666663,0.6252629200846447
bb_ipp_nonadaptive,estimated,2719,226.5,0.6260829357027361
bb_ipp_nonadaptive,estimated,2720,226.58333333333337,0.6264242414367596
bb_ipp_nonadaptive,estimated,2721,226.66666666666663,0.626607973923602
bb_ipp_nonadaptive,estimated,2722,226.75,0.6267166419404285
bb_ipp_nonadaptive,estimated,2723,226.83333333333337,0.6270082029839125
bb_ipp_nonadaptive,estimated,2724,226.91666666666663,0.6274044536987282
bb_ipp_nonadaptive,estimated,2725,227.0,0.6279349797982859
bb_ipp_nonadaptive,estimated,2726,227.08333333333337,0.6284284147682541
bb_ipp_nonadaptive,estimated,2727,227.16666666666663,0.6286934635370914
bb_ipp_nonadaptive,estimated,2728,227.25,0.6291426684094162
bb_ipp_nonadaptive,estimated,2729,227.33333333333337,0.6292247120416861
bb_ipp_nonadaptive,estimated,2730,227.41666666666663,0.6295828720020825
bb_ipp_nonadaptive,estimated,2731,227.5,0.6300021099365547
bb_ipp_nonadaptive,estimated,2732,227.58333333333337,0.6301127739960566
bb_ipp_nonadaptive,estimated,2733,227.66666666666663,0.6303145872750141
bb_ipp_nonadaptive,estimated,2734,227.75,0.6309023269614847
bb_ipp_nonadaptive,estimated,2735,227.83333333333337,0.6311104519410013
bb_ipp_nonadaptive,estimated,2736,227.91666666666663,0.6312183434220826
bb_ipp_nonadaptive,estimated,2737,228.0,0.6317718321662468
bb_ipp_nonadaptive,estimated,2738,228.08333333333337,0.6318393568316126
bb_ipp_nonadaptive,estimated,2739,228.16666666666663,0.6322200268862451
bb_ipp_nonadaptive,estimated,2740,228.25,0.6324979413773808
bb_ipp_nonadaptive,estimated,2741,228.33333333333337,0.6326187488209025
bb_ipp_nonadaptive,estimated,2742,228.41666666666663,0.6331900569026487
bb_ipp_nonadaptive,estimated,2743,228.5,0.6336315976930095
bb_ipp_nonadaptive,estimated,2744,228.58333333333337,0.6339224221894771
bb_ipp_nonadaptive,estimated,2745,228.66666666666663,0.6337858936023973
bb_ipp_nonadaptive,estimated,2746,228.75,0.6337867074925252
bb_ipp_nonadaptive,estimated,2747,228.83333333333337,0.6335862699569246
bb_ipp_nonadaptive,estimated,2748,228.91666666666663,0.6336268592270007
bb_ipp_nonadaptive,estimated,2749,229.0,0.6347766074237552
bb_ipp_nonadaptive,estimated,2750,229.08333333333337,0.6349330320598258
bb_ipp_nonadaptive,estimated,2751,229.16666666666663,0.634838444726321
bb_ipp_nonadaptive,estimated,2752,229.25,0.6351148444554221
bb_ipp_nonadaptive,estimated,2753,229.33333333333337,0.6356096868484739
bb_ipp_nonadaptive,estimated,2754,229.41666666666663,0.6352133399244115
bb_ipp_nonadaptive,estimated,2755,229.5,0.6347754591384325
bb_ipp_nonadaptive,estimated,2756,229.58333333333337,0.6348235624486029
bb_ipp_nonadaptive,estimated,2757,229.66666666666663,0.6351020400616927
bb_ipp_nonadaptive,estimated,2758,229.75,0.6356389775582425
bb_ipp_nonadaptive,estimated,2759,229.83333333333337,0.6358565610167654
bb_ipp_nonadaptive,estimated,2760,229.91666666666663,0.6362019529097135
bb_ipp_nonadaptive,estimated,2761,230.0,0.6350121577050556
bb_ipp_nonadaptive,estimated,2762,230.08333333333337,0.6337684458203068
bb_ipp_nonadaptive,estimated,2763,230.16666666666663,0.6346769364218257
bb_ipp_nonadaptive,estimated,2764,230.25,0.6329690202226823
bb_ipp_nonadaptive,estimated,2765,230.33333333333337,0.6327915949781393
bb_ipp_nonadaptive,estimated,2766,230.41666666666663,0.6331531650284141
bb_ipp_nonadaptive,estimated,2767,230.5,0.6341256289594219
bb_ipp_nonadaptive,estimated,2768,230.58333333333337,0.634229164532729
bb_ipp_nonadaptive,estimated,2769,230.66666666666663,0.6319740032726816
bb_ipp_nonadaptive,estimated,2770,230.75,0.6283550542144326
bb_ipp_nonadaptive,estimated,2771,230.83333333333337,0.6300568942051701
bb_ipp_nonadaptive,estimated,2772,230.91666666666663,0.6291167602586478
bb_ipp_nonadaptive,estimated,2773,231.0,0.6287921061224392
bb_ipp_nonadaptive,estimated,2774,231.08333333333337,0.6273706637231764
bb_ipp_nonadaptive,estimated,2775,231.16666666666663,0.6232397236355391
bb_ipp_nonadaptive,estimated,2776,231.25,0.6205598745245912
bb_ipp_nonadaptive,estimated,2777,231.33333333333337,0.6188975453856419
bb_ipp_nonadaptive,estimated,2778,231.41666666666663,0.6200372551558004
bb_ipp_nonadaptive,estimated,2779,231.5,0.6191651299865323
bb_ipp_nonadaptive,estimated,2780,231.58333333333337,0.6149294627617116
bb_ipp_nonadaptive,estimated,2781,231.66666666666663,0.6166459656244392
bb_ipp_nonadaptive,estimated,2782,231.75,0.6155070193435318
bb_ipp_nonadaptive,estimated,2783,231.83333333333337,0.6165016024993211
bb_ipp_nonadaptive,estimated,2784,231.91666666666663,0.6123273508885818
bb_ipp_nonadaptive,estimated,2785,232.0,0.6100753955492029
bb_ipp_nonadaptive,estimated,2786,232.08333333333337,0.6079273872905344
bb_ipp_nonadaptive,estimated,2787,232.16666666666663,0.6069929264078925
bb_ipp_nonadaptive,estimated,2788,232.25,0.6059775283761496
bb_ipp_nonadaptive,estimated,2789,232.33333333333337,0.6060550716430213
bb_ipp_nonadaptive,estimated,2790,232.41666666666663,0.6082998729785466
bb_ipp_nonadaptive,estimated,2791,232.5,0.6078903950924798
bb_ipp_nonadaptive,estimated,2792,232.58333333333337,0.6065092597006514
bb_ipp_nonadaptive,estimated,2793,232.66666666666663,0.6047737022599481
bb_ipp_nonadaptive,estimated,2794,232.75,0.6043145478386914
bb_ipp_nonadaptive,estimated,2795,232.83333333333337,0.6075128750961315
bb_ipp_nonadaptive,estimated,2796,232.91666666666663,0.6100728228320916
bb_ipp_nonadaptive,estimated,2797,233.0,0.6079630894378709
bb_ipp_nonadaptive,estimated,2798,233.08333333333337,0.60813153333249
bb_ipp_nonadaptive,estimated,2799,233.16666666666663,0.6099874237618743
bb_ipp_nonadaptive,estimated,2800,233.25,0.6117157326722391
bb_ipp_nonadaptive,estimated,2801,233.33333333333337,0.6121673120234139
bb_ipp_nonadaptive,estimated,2802,233.41666666666663,0.6115355840372517
bb_ipp_nonadaptive,estimated,2803,233.5,0.6171972984093388
bb_ipp_nonadaptive,estimated,2804,233.58333333333337,0.6174007099211659
bb_ipp_nonadaptive,estimated,2805,233.66666666666663,0.6209341140438904
bb_ipp_nonadaptive,estimated,2806,233.75,0.6223595675247352
bb_ipp_nonadaptive,estimated,2807,233.83333333333337,0.6241770977013068
bb_ipp_nonadaptive,estimated,2808,233.91666666666663,0.6253458006778884
bb_ipp_nonadaptive,estimated,2809,234.0,0.6260860756142743
bb_ipp_nonadaptive,estimated,2810,234.08333333333337,0.626711827465802
bb_ipp_nonadaptive,estimated,2811,234.16666666666663,0.6293308873002822
bb_ipp_nonadaptive,estimated,2812,234.25,0.6296488771632734
bb_ipp_nonadaptive,estimated,2813,234.33333333333337,0.630184816764533
bb_ipp_nonadaptive,estimated,2814,234.41666666666663,0.6300928489041714
bb_ipp_nonadaptive,estimated,2815,234.5,0.6298066999126691
bb_ipp_nonadaptive,estimated,2816,234.58333333333337,0.6308588255184752
bb_ipp_nonadaptive,estimated,2817,234.66666666666663,0.6311200402399094
bb_ipp_nonadaptive,estimated,2818,234.75,0.6316636162325091
bb_ipp_nonadaptive,estimated,2819,234.83333333333337,0.6332209657442701
bb_ipp_nonadaptive,estimated,2820,234.91666666666663,0.6341012994862483
bb_ipp_nonadaptive,estimated,2821,235.0,0.6343736216751535
bb_ipp_nonadaptive,estimated,2822,235.08333333333337,0.6350621047622136
bb_ipp_nonadaptive,estimated,2823,235.16666666666663,0.6357111745256899
bb_ipp_nonadaptive,estimated,2824,235.25,0.6360629040440136
bb_ipp_nonadaptive,estimated,2825,235.33333333333337,0.6364104556205767
bb_ipp_nonadaptive,estimated,2826,235.41666666666663,0.6371316013795203
bb_ipp_nonadaptive,estimated,2827,235.5,0.6376852106574487
bb_ipp_nonadaptive,estimated,2828,235.58333333333337,0.6380233204609425
bb_ipp_nonadaptive,estimated,2829,235.66666666666663,0.6385820514370475
bb_ipp_nonadaptive,estimated,2830,235.75,0.6383576873113412
bb_ipp_nonadaptive,estimated,2831,235.83333333333337,0.638442845465519
bb_ipp_nonadaptive,estimated,2832,235.91666666666663,0.6385336993467425
bb_ipp_nonadaptive,estimated,2833,236.0,0.6388314466076667
bb_ipp_nonadaptive,estimated,2834,236.08333333333337,0.6393340688379519
bb_ipp_nonadaptive,estimated,2835,236.16666666666663,0.6391203785237245
bb_ipp_nonadaptive,estimated,2836,236.25,0.6391311459613018
bb_ipp_nonadaptive,estimated,2837,236.33333333333337,0.6395373158351665
bb_ipp_nonadaptive,estimated,2838,236.41666666666663,0.6398111020048893
bb_ipp_nonadaptive,estimated,2839,236.5,0.639669033117755
bb_ipp_nonadaptive,estimated,2840,236.58333333333337,0.6394456357265821
bb_ipp_nonadaptive,estimated,2841,236.66666666666663,0.6396854675222887
bb_ipp_nonadaptive,estimated,2842,236.75,0.6399045776229844
bb_ipp_nonadaptive,estimated,2843,236.83333333333337,0.6399206380341995
bb_ipp_nonadaptive,estimated,2844,236.91666666666663,0.6399514460648468
bb_ipp_nonadaptive,estimated,2845,237.0,0.6398285112936024
bb_ipp_nonadaptive,estimated,2846,237.08333333333337,0.639863161485797
bb_ipp_nonadaptive,estimated,2847,237.16666666666663,0.6400320262835569
bb_ipp_nonadaptive,estimated,2848,237.25,0.6399667873569537
bb_ipp_nonadaptive,estimated,2849,237.33333333333337,0.6401322070496149
bb_ipp_nonadaptive,estimated,2850,237.41666666666663,0.6400227920270419
bb_ipp_nonadaptive,estimated,2851,237.5,0.6403487599202109
bb_ipp_nonadaptive,estimated,2852,237.58333333333337,0.6402058657845193
bb_ipp_nonadaptive,estimated,2853,237.66666666666663,0.6402646834654563
bb_ipp_nonadaptive,estimated,2854,237.75,0.6401543736723404
bb_ipp_nonadaptive,estimated,2855,237.83333333333337,0.6399563796316018
bb_ipp_nonadaptive,estimated,2856,237.91666666666663,0.6400647696001791
bb_ipp_nonadaptive,estimated,2857,238.0,0.640206914050557
bb_ipp_nonadaptive,estimated,2858,238.08333333333337,0.6400642419987044
bb_ipp_nonadaptive,estimated,2859,238.16666666666663,0.640077483424436
bb_ipp_nonadaptive,estimated,2860,238.25,0.6400596453270465
bb_ipp_nonadaptive,estimated,2861,238.33333333333337,0.6400444223980732
bb_ipp_nonadaptive,estimated,2862,238.41666666666663,0.6399229010483602
bb_ipp_nonadaptive,estimated,2863,238.5,0.6397089553978823
bb_ipp_nonadaptive,estimated,2864,238.58333333333337,0.6398251847518746
bb_ipp_nonadaptive,estimated,2865,238.66666666666663,0.640296415277263
bb_ipp_nonadaptive,estimated,2866,238.75,0.6398510304715527
bb_ipp_nonadaptive,estimated,2867,238.83333333333337,0.6402776970376056
bb_ipp_nonadaptive,estimated,2868,238.91666666666663,0.640531189985124
bb_ipp_nonadaptive,estimated,2869,239.0,0.6408381790998791
bb_ipp_nonadaptive,estimated,2870,239.08333333333337,0.6409167306759492
bb_ipp_nonadaptive,estimated,2871,239.16666666666663,0.6408898843088267
bb_ipp_nonadaptive,estimated,2872,239.25,0.6409957090255458
bb_ipp_nonadaptive,estimated,2873,239.33333333333337,0.6417351324015569
bb_ipp_nonadaptive,estimated,2874,239.41666666666663,0.6423432818340922
bb_ipp_nonadaptive,estimated,2875,239.5,0.6426499328410086
bb_ipp_nonadaptive,estimated,2876,239.58333333333337,0.6428809525075152
bb_ipp_nonadaptive,estimated,2877,239.66666666666663,0.6427436046846368
bb_ipp_nonadaptive,estimated,2878,239.75,0.6423402735519044
bb_ipp_nonadaptive,estimated,2879,239.83333333333337,0.6425207586425744
bb_ipp_nonadaptive,estimated,2880,239.91666666666663,0.6427931119690206
bb_ipp_nonadaptive,estimated,2881,240.0,0.6430751108547941
bb_ipp_nonadaptive,estimated,2882,240.08333333333337,0.6431643728185286
bb_ipp_nonadaptive,estimated,2883,240.16666666666663,0.6433493808822681
bb_ipp_nonadaptive,estimated,2884,240.25,0.643245550564394
bb_ipp_nonadaptive,estimated,2885,240.33333333333337,0.6436372675340832
bb_ipp_nonadaptive,estimated,2886,240.41666666666663,0.6437890680181573
bb_ipp_nonadaptive,estimated,2887,240.5,0.6437992205377047
bb_ipp_nonadaptive,estimated,2888,240.58333333333337,0.6441529608530849
bb_ipp_nonadaptive,estimated,2889,240.66666666666663,0.6443040129589073
bb_ipp_nonadaptive,estimated,2890,240.75,0.6443147616460411
bb_ipp_nonadaptive,estimated,2891,240.83333333333337,0.6447268912648219
bb_ipp_nonadaptive,estimated,2892,240.91666666666663,0.6449702888746852
bb_ipp_nonadaptive,estimated,2893,241.0,0.6448128504575634
bb_ipp_nonadaptive,estimated,2894,241.08333333333337,0.6451469180686404
bb_ipp_nonadaptive,estimated,2895,241.16666666666663,0.64552212689025
bb_ipp_nonadaptive,estimated,2896,241.25,0.6461061114177694
bb_ipp_nonadaptive,estimated,2897,241.33333333333337,0.6460989518452228
bb_ipp_nonadaptive,estimated,2898,241.41666666666663,0.6464545921148276
bb_ipp_nonadaptive,estimated,2899,241.5,0.6466083787314452
bb_ipp_nonadaptive,estimated,2900,241.58333333333337,0.646816899354654
bb_ipp_nonadaptive,estimated,2901,241.66666666666663,0.6471914979820547
bb_ipp_nonadaptive,estimated,2902,241.75,0.647236557632456
bb_ipp_nonadaptive,estimated,2903,241.83333333333337,0.6473052434690615
bb_ipp_nonadaptive,estimated,2904,241.91666666666663,0.6475354675071888
bb_ipp_nonadaptive,estimated,2905,242.0,0.6479210643656449
bb_ipp_nonadaptive,estimated,2906,242.08333333333337,0.6477889161867824
bb_ipp_nonadaptive,estimated,2907,242.16666666666663,0.647674579863425
bb_ipp_nonadaptive,estimated,2908,242.25,0.6476740321665841
bb_ipp_nonadaptive,estimated,2909,242.33333333333337,0.6474233889756976
bb_ipp_nonadaptive,estimated,2910,242.41666666666663,0.6474803294440086
bb_ipp_nonadaptive,estimated,2911,242.5,0.6472876302791021
bb_ipp_nonadaptive,estimated,2912,242.58333333333337,0.6470315988026063
bb_ipp_nonadaptive,estimated,2913,242.66666666666663,0.6473041165928859
bb_ipp_nonadaptive,estimated,2914,242.75,0.6475599937825759
bb_ipp_nonadaptive,estimated,2915,242.83333333333337,0.6474108012420458
bb_ipp_nonadaptive,estimated,2916,242.91666666666663,0.6470998669493568
bb_ipp_nonadaptive,estimated,2917,243.0,0.6471571471608584
bb_ipp_nonadaptive,estimated,2918,243.08333333333337,0.6473610881452797
bb_ipp_nonadaptive,estimated,2919,243.16666666666663,0.6475702248872572
bb_ipp_nonadaptive,estimated,2920,243.25,0.64733239389057
bb_ipp_nonadaptive,estimated,2921,243.33333333333337,0.6475421223714566
bb_ipp_nonadaptive,estimated,2922,243.41666666666663,0.6473065186519923
bb_ipp_nonadaptive,estimated,2923,243.5,0.6472055936016435
bb_ipp_nonadaptive,estimated,2924,243.58333333333337,0.6475327736817242
bb_ipp_nonadaptive,estimated,2925,243.66666666666663,0.647579258782535
bb_ipp_nonadaptive,estimated,2926,243.75,0.6471893908106774
bb_ipp_nonadaptive,estimated,2927,243.83333333333337,0.6467490183489268
bb_ipp_nonadaptive,estimated,2928,243.91666666666663,0.6464133499888582
bb_ipp_nonadaptive,estimated,2929,244.0,0.64710682951782
bb_ipp_nonadaptive,estimated,2930,244.08333333333337,0.6470695519874848
bb_ipp_nonadaptive,estimated,2931,244.16666666666663,0.6471433617549626
bb_ipp_nonadaptive,estimated,2932,244.25,0.6467359585688698
bb_ipp_nonadaptive,estimated,2933,244.33333333333337,0.6464059851331593
bb_ipp_nonadaptive,estimated,2934,244.41666666666663,0.645923839895179
bb_ipp_nonadaptive,estimated,2935,244.5,0.6445158127150301
bb_ipp_nonadaptive,estimated,2936,244.58333333333337,0.6429224270532721
bb_ipp_nonadaptive,estimated,2937,244.66666666666663,0.6434183510839571
bb_ipp_nonadaptive,estimated,2938,244.75,0.6446662657947045
bb_ipp_nonadaptive,estimated,2939,244.83333333333337,0.6455533345560264
bb_ipp_nonadaptive,estimated,2940,244.91666666666663,0.6455918434307002
bb_ipp_nonadaptive,estimated,2941,245.0,0.6463172369138115
bb_ipp_nonadaptive,estimated,2942,245.08333333333337,0.6466302383798759
bb_ipp_nonadaptive,estimated,2943,245.16666666666663,0.6464555421678281
bb_ipp_nonadaptive,estimated,2944,245.25,0.6459406761553192
bb_ipp_nonadaptive,estimated,2945,245.33333333333337,0.6444404969490983
bb_ipp_nonadaptive,estimated,2946,245.41666666666663,0.6446744935027572
bb_ipp_nonadaptive,estimated,2947,245.5,0.6457466043661978
bb_ipp_nonadaptive,estimated,2948,245.58333333333337,0.646006344703872
bb_ipp_nonadaptive,estimated,2949,245.66666666666663,0.6457228980448804
bb_ipp_nonadaptive,estimated,2950,245.75,0.6459512554041777
bb_ipp_nonadaptive,estimated,2951,245.83333333333337,0.6461207423797422
bb_ipp_nonadaptive,estimated,2952,245.91666666666663,0.6456939816211718
bb_ipp_nonadaptive,estimated,2953,246.0,0.6462440438340217
bb_ipp_nonadaptive,estimated,2954,246.08333333333337,0.6460188890570054
bb_ipp_nonadaptive,estimated,2955,246.16666666666663,0.6460958322422901
bb_ipp_nonadaptive,estimated,2956,246.25,0.6459931138122528
bb_ipp_nonadaptive,estimated,2957,246.33333333333337,0.6465919253780842
bb_ipp_nonadaptive,estimated,2958,246.41666666666663,0.6466639433345036
bb_ipp_nonadaptive,estimated,2959,246.5,0.6464789043849355
bb_ipp_nonadaptive,estimated,2960,246.58333333333337,0.6466595257632156
bb_ipp_nonadaptive,estimated,2961,246.66666666666663,0.6465937016462652
bb_ipp_nonadaptive,estimated,2962,246.75,0.6465943694630636
bb_ipp_nonadaptive,estimated,2963,246.83333333333337,0.6465616355081275
bb_ipp_nonadaptive,estimated,2964,246.91666666666663,0.6466256731984492
bb_ipp_nonadaptive,estimated,2965,247.0,0.6468595067788521
bb_ipp_nonadaptive,estimated,2966,247.08333333333337,0.6468400912459593
bb_ipp_nonadaptive,estimated,2967,247.16666666666663,0.6467533796564473
bb_ipp_nonadaptive,estimated,2968,247.25,0.6471347728065715
bb_ipp_nonadaptive,estimated,2969,247.33333333333337,0.6470543312848147
bb_ipp_nonadaptive,estimated,2970,247.41666666666663,0.6469458106661088
bb_ipp_nonadaptive,estimated,2971,247.5,0.6469939832416122
bb_ipp_nonadaptive,estimated,2972,247.58333333333337,0.6469634181147621
bb_ipp_nonadaptive,estimated,2973,247.66666666666663,0.6468157775443243
bb_ipp_nonadaptive,estimated,2974,247.75,0.6469115771490445
bb_ipp_nonadaptive,estimated,2975,247.83333333333337,0.6471069736079386
bb_ipp_nonadaptive,estimated,2976,247.91666666666663,0.6469350465450091
bb_ipp_nonadaptive,estimated,2977,248.0,0.6471431232373461
bb_ipp_nonadaptive,estimated,2978,248.08333333333337,0.6472053402445346
bb_ipp_nonadaptive,estimated,2979,248.16666666666663,0.6472726668103859
bb_ipp_nonadaptive,estimated,2980,248.25,0.6473548074818581
bb_ipp_nonadaptive,estimated,2981,248.33333333333337,0.6473546137181098
bb_ipp_nonadaptive,estimated,2982,248.41666666666663,0.6472388470143624
bb_ipp_nonadaptive,estimated,2983,248.5,0.6473640809511407
bb_ipp_nonadaptive,estimated,2984,248.58333333333337,0.6472279544984576
bb_ipp_nonadaptive,estimated,2985,248.66666666666663,0.6472627261930576
bb_ipp_nonadaptive,estimated,2986,248.75,0.6477766909355946
bb_ipp_nonadaptive,estimated,2987,248.83333333333337,0.6481643464854181
bb_ipp_nonadaptive,estimated,2988,248.91666666666663,0.6482074851379431
bb_ipp_nonadaptive,estimated,2989,249.0,0.648347530058481
bb_ipp_nonadaptive,estimated,2990,249.08333333333337,0.6487441140618089
bb_ipp_nonadaptive,estimated,2991,249.16666666666663,0.6489251997419189
bb_ipp_nonadaptive,estimated,2992,249.25,0.648794553743649
bb_ipp_nonadaptive,estimated,2993,249.33333333333337,0.6487590893426551
bb_ipp_nonadaptive,estimated,2994,249.41666666666663,0.6489963381389005
bb_ipp_nonadaptive,estimated,2995,249.5,0.6491623922409768
bb_ipp_nonadaptive,estimated,2996,249.58333333333337,0.6494079372355653
bb_ipp_nonadaptive,estimated,2997,249.66666666666663,0.6496393519184513
bb_ipp_nonadaptive,estimated,2998,249.75,0.6495262161550167
bb_ipp_nonadaptive,estimated,2999,249.83333333333337,0.6496189554429131
bb_ipp_nonadaptive,estimated,3000,249.91666666666663,0.6495890214762153
bb_ipp_nonadaptive,estimated,3001,250.0,0.6500063948477319
bb_ipp_nonadaptive,estimated,3002,250.08333333333337,0.6502803979598001
bb_ipp_nonadaptive,estimated,3003,250.16666666666663,0.6505252795060062
bb_ipp_nonadaptive,estimated,3004,250.25,0.650667632048682
bb_ipp_nonadaptive,estimated,3005,250.33333333333337,0.6506236262280505
bb_ipp_nonadaptive,estimated,3006,250.41666666666663,0.6506735635780625
bb_ipp_nonadaptive,estimated,3007,250.5,0.6508105714065707
bb_ipp_nonadaptive,estimated,3008,250.58333333333337,0.6509314286069148
bb_ipp_nonadaptive,estimated,3009,250.66666666666663,0.6514294008463765
bb_ipp_nonadaptive,estimated,3010,250.75,0.651458063238645
bb_ipp_nonadaptive,estimated,3011,250.83333333333337,0.6513154193183057
bb_ipp_nonadaptive,estimated,3012,250.91666666666663,0.6514695354585448
bb_ipp_nonadaptive,estimated,3013,251.0,0.6516389825295044
bb_ipp_nonadaptive,estimated,3014,251.08333333333337,0.6518532950331621
bb_ipp_nonadaptive,estimated,3015,251.16666666666663,0.6520802493245783
bb_ipp_nonadaptive,estimated,3016,251.25,0.652268105640992
bb_ipp_nonadaptive,estimated,3017,251.33333333333337,0.6521169426365286
bb_ipp_nonadaptive,estimated,3018,251.41666666666663,0.6520220939337598
bb_ipp_nonadaptive,estimated,3019,251.5,0.6523865742269629
bb_ipp_nonadaptive,estimated,3020,251.58333333333337,0.6521087158569114
bb_ipp_nonadaptive,estimated,3021,251.66666666666663,0.6526732227889575
bb_ipp_nonadaptive,estimated,3022,251.75,0.6527966589461698
bb_ipp_nonadaptive,estimated,3023,251.83333333333337,0.652870857520876
bb_ipp_nonadaptive,estimated,3024,251.91666666666663,0.6528159765148296
bb_ipp_nonadaptive,estimated,3025,252.0,0.6527203589933402
bb_ipp_nonadaptive,estimated,3026,252.08333333333337,0.6524843087493165
bb_ipp_nonadaptive,estimated,3027,252.16666666666663,0.6525071001168224
bb_ipp_nonadaptive,estimated,3028,252.25,0.6526023640689792
bb_ipp_nonadaptive,estimated,3029,252.33333333333337,0.6526175367123159
bb_ipp_nonadaptive,estimated,3030,252.41666666666663,0.6525981224201685
bb_ipp_nonadaptive,estimated,3031,252.5,0.6526669231133888
bb_ipp_nonadaptive,estimated,3032,252.58333333333337,0.6521656271516014
bb_ipp_nonadaptive,estimated,3033,252.66666666666663,0.6519325919387479
bb_ipp_nonadaptive,estimated,3034,252.75,0.6517746714533604
bb_ipp_nonadaptive,estimated,3035,252.83333333333337,0.6519783215381868
bb_ipp_nonadaptive,estimated,3036,252.91666666666663,0.6523183690196399
bb_ipp_nonadaptive,estimated,3037,253.0,0.6519456041107007
bb_ipp_nonadaptive,estimated,3038,253.08333333333337,0.6517510334769736
bb_ipp_nonadaptive,estimated,3039,253.16666666666663,0.6513145139834834
bb_ipp_nonadaptive,estimated,3040,253.25,0.6514225863407398
bb_ipp_nonadaptive,estimated,3041,253.33333333333337,0.6506931329246267
bb_ipp_nonadaptive,estimated,3042,253.41666666666663,0.650491856570598
bb_ipp_nonadaptive,estimated,3043,253.5,0.6500801595290893
bb_ipp_nonadaptive,estimated,3044,253.58333333333337,0.6499650690222591
bb_ipp_nonadaptive,estimated,3045,253.66666666666663,0.6502893361431339
bb_ipp_nonadaptive,estimated,3046,253.75,0.6507471527103776
bb_ipp_nonadaptive,estimated,3047,253.83333333333337,0.6507282225553094
bb_ipp_nonadaptive,estimated,3048,253.91666666666663,0.6502163512379753
bb_ipp_nonadaptive,estimated,3049,254.0,0.6507325610650226
bb_ipp_nonadaptive,estimated,3050,254.08333333333337,0.6505649385720069
bb_ipp_nonadaptive,estimated,3051,254.16666666666663,0.6506114607818391
bb_ipp_nonadaptive,estimated,3052,254.25,0.6512650546503436
bb_ipp_nonadaptive,estimated,3053,254.33333333333337,0.650669125726428
bb_ipp_nonadaptive,estimated,3054,254.41666666666663,0.6507744203975613
bb_ipp_nonadaptive,estimated,3055,254.5,0.6502862290359629
bb_ipp_nonadaptive,estimated,3056,254.58333333333337,0.6504798559650768
bb_ipp_nonadaptive,estimated,3057,254.66666666666663,0.6512462351131391
bb_ipp_nonadaptive,estimated,3058,254.75,0.6514144661394419
bb_ipp_nonadaptive,estimated,3059,254.83333333333337,0.6514774210784468
bb_ipp_nonadaptive,estimated,3060,254.91666666666663,0.6516198226507699
bb_ipp_nonadaptive,estimated,3061,255.0,0.6516660049489312
bb_ipp_nonadaptive,estimated,3062,255.08333333333337,0.652105872038841
bb_ipp_nonadaptive,estimated,3063,255.16666666666663,0.6520512955141363
bb_ipp_nonadaptive,estimated,3064,255.25,0.652039691678552
bb_ipp_nonadaptive,estimated,3065,255.33333333333337,0.6518837344645114
bb_ipp_nonadaptive,estimated,3066,255.41666666666663,0.6522522829443136
bb_ipp_nonadaptive,estimated,3067,255.5,0.6521808849869817
bb_ipp_nonadaptive,estimated,3068,255.58333333333337,0.6521912118038709
bb_ipp_nonadaptive,estimated,3069,255.66666666666663,0.6521696083723743
bb_ipp_nonadaptive,estimated,3070,255.75,0.6522747281909798
bb_ipp_nonadaptive,estimated,3071,255.83333333333337,0.6523777770731908
bb_ipp_nonadaptive,estimated,3072,255.91666666666663,0.6524358550345645
bb_ipp_nonadaptive,estimated,3073,256.0,0.6524858946903259
bb_ipp_nonadaptive,estimated,3074,256.08333333333337,0.6525419323659882
bb_ipp_nonadaptive,estimated,3075,256.16666666666663,0.6526232378382786
bb_ipp_nonadaptive,estimated,3076,256.25,0.6525068873413792
bb_ipp_nonadaptive,estimated,3077,256.33333333333337,0.6527209139988217
bb_ipp_nonadaptive,estimated,3078,256.41666666666663,0.6528060256244835
bb_ipp_nonadaptive,estimated,3079,256.5,0.6526490609603769
bb_ipp_nonadaptive,estimated,3080,256.58333333333337,0.6525165638270279
bb_ipp_nonadaptive,estimated,3081,256.66666666666663,0.652557917929108
bb_ipp_nonadaptive,estimated,3082,256.75,0.6522488476883198
bb_ipp_nonadaptive,estimated,3083,256.83333333333337,0.6520860644714158
bb_ipp_nonadaptive,estimated,3084,256.91666666666663,0.6517508015323893
bb_ipp_nonadaptive,estimated,3085,257.0,0.6515636225229255
bb_ipp_nonadaptive,estimated,3086,257.08333333333337,0.651200908496415
bb_ipp_nonadaptive,estimated,3087,257.16666666666663,0.6509086422835002
bb_ipp_nonadaptive,estimated,3088,257.25,0.6506540084840982
bb_ipp_nonadaptive,estimated,3089,257.33333333333337,0.6502641130834859
bb_ipp_nonadaptive,estimated,3090,257.41666666666663,0.6498129150072764
bb_ipp_nonadaptive,estimated,3091,257.5,0.6494981012803673
bb_ipp_nonadaptive,estimated,3092,257.58333333333337,0.6490770076361296
bb_ipp_nonadaptive,estimated,3093,257.66666666666663,0.6486607278050041
bb_ipp_nonadaptive,estimated,3094,257.75,0.6481848796137767
bb_ipp_nonadaptive,estimated,3095,257.83333333333337,0.6476495941609308
bb_ipp_nonadaptive,estimated,3096,257.91666666666663,0.6471043677931262
bb_ipp_nonadaptive,estimated,3097,258.0,0.6465406605967079
bb_ipp_nonadaptive,estimated,3098,258.08333333333337,0.6459165811118649
bb_ipp_nonadaptive,estimated,3099,258.16666666666663,0.645261768715088
bb_ipp_nonadaptive,estimated,3100,258.25,0.6445931131055289
bb_ipp_nonadaptive,estimated,3101,258.33333333333337,0.6440337758129666
bb_ipp_nonadaptive,estimated,3102,258.41666666666663,0.6434280847900248
bb_ipp_nonadaptive,estimated,3103,258.5,0.6428111766516605
bb_ipp_nonadaptive,estimated,3104,258.58333333333337,0.6422223759322986
bb_ipp_nonadaptive,estimated,3105,258.66666666666663,0.6415088022752691
bb_ipp_nonadaptive,estimated,3106,258.75,0.6410129685909819
bb_ipp_nonadaptive,estimated,3107,258.83333333333337,0.640347867799424
bb_ipp_nonadaptive,estimated,3108,258.91666666666663,0.6398571566595581
bb_ipp_nonadaptive,estimated,3109,259.0,0.6393980940673121
bb_ipp_nonadaptive,estimated,3110,259.08333333333337,0.6389320683347341
bb_ipp_nonadaptive,estimated,3111,259.16666666666663,0.6383683573283496
bb_ipp_nonadaptive,estimated,3112,259.25,0.6379312199382399
bb_ipp_nonadaptive,estimated,3113,259.33333333333337,0.6373860066407397
bb_ipp_nonadaptive,estimated,3114,259.41666666666663,0.6368187487256666
bb_ipp_nonadaptive,estimated,3115,259.5,0.6363675913961482
bb_ipp_nonadaptive,estimated,3116,259.58333333333337,0.6357939163507751
bb_ipp_nonadaptive,estimated,3117,259.66666666666663,0.6351534328939163
bb_ipp_nonadaptive,estimated,3118,259.75,0.6346318448220002
bb_ipp_nonadaptive,estimated,3119,259.83333333333337,0.6343619324144038
bb_ipp_nonadaptive,estimated,3120,259.91666666666663,0.6339707082904383
bb_ipp_nonadaptive,estimated,3121,260.0,0.6334636190482432
bb_ipp_nonadaptive,estimated,3122,260.08333333333337,0.6330053551540191
bb_ipp_nonadaptive,estimated,3123,260.16666666666663,0.6326272282484668
bb_ipp_nonadaptive,estimated,3124,260.25,0.6321373024691682
bb_ipp_nonadaptive,estimated,3125,260.33333333333337,0.6318137575872188
bb_ipp_nonadaptive,estimated,3126,260.41666666666663,0.6313028174668852
bb_ipp_nonadaptive,estimated,3127,260.5,0.630872078786703
bb_ipp_nonadaptive,estimated,3128,260.58333333333337,0.6305279521390115
bb_ipp_nonadaptive,estimated,3129,260.66666666666663,0.6300621429903916
bb_ipp_nonadaptive,estimated,3130,260.75,0.629690255500164
bb_ipp_nonadaptive,estimated,3131,260.83333333333337,0.6292857996254968
bb_ipp_nonadaptive,estimated,3132,260.91666666666663,0.6288254205373752
bb_ipp_nonadaptive,estimated,3133,261.0,0.6283645896348793
bb_ipp_nonadaptive,estimated,3134,261.08333333333337,0.6279227586742718
bb_ipp_nonadaptive,estimated,3135,261.16666666666663,0.627529134995817
bb_ipp_nonadaptive,estimated,3136,261.25,0.6270552199778736
bb_ipp_nonadaptive,estimated,3137,261.33333333333337,0.6266188272388215
bb_ipp_nonadaptive,estimated,3138,261.41666666666663,0.6261920838336901
bb_ipp_nonadaptive,estimated,3139,261.5,0.6257767647211755
bb_ipp_nonadaptive,estimated,3140,261.58333333333337,0.625513776061376
bb_ipp_nonadaptive,estimated,3141,261.66666666666663,0.6251188590573401
bb_ipp_nonadaptive,estimated,3142,261.75,0.6246967823444131
bb_ipp_nonadaptive,estimated,3143,261.83333333333337,0.6242846238400528
bb_ipp_nonadaptive,estimated,3144,261.91666666666663,0.623830016132692
bb_ipp_nonadaptive,estimated,3145,262.0,0.6234470796479539
bb_ipp_nonadaptive,estimated,3146,262.08333333333337,0.6229924709860705
bb_ipp_nonadaptive,estimated,3147,262.16666666666663,0.6225921667330405
bb_ipp_nonadaptive,estimated,3148,262.25,0.6222075828542174
bb_ipp_nonadaptive,estimated,3149,262.33333333333337,0.6217786415577982
bb_ipp_nonadaptive,estimated,3150,262.41666666666663,0.6214507830148986
bb_ipp_nonadaptive,estimated,3151,262.5,0.6210580425782267
bb_ipp_nonadaptive,estimated,3152,262.58333333333337,0.6208124774169199
bb_ipp_nonadaptive,estimated,3153,262.66666666666663,0.6202549270693826
bb_ipp_nonadaptive,estimated,3154,262.75,0.6199217799127015
bb_ipp_nonadaptive,estimated,3155,262.83333333333337,0.6196393375243573
bb_ipp_nonadaptive,estimated,3156,262.91666666666663,0.6192457183404443
bb_ipp_nonadaptive,estimated,3157,263.0,0.6188117446389502
bb_ipp_nonadaptive,estimated,3158,263.08333333333337,0.6184549648147555
bb_ipp_nonadaptive,estimated,3159,263.16666666666663,0.618193411002872
bb_ipp_nonadaptive,estimated,3160,263.25,0.6179469379126289
bb_ipp_nonadaptive,estimated,3161,263.33333333333337,0.6176248990898585
bb_ipp_nonadaptive,estimated,3162,263.41666666666663,0.6172741708074664
bb_ipp_nonadaptive,estimated,3163,263.5,0.6168287965213001
bb_ipp_nonadaptive,estimated,3164,263.58333333333337,0.6165344789326792
bb_ipp_nonadaptive,estimated,3165,263.66666666666663,0.6162387470327801
bb_ipp_nonadaptive,estimated,3166,263.75,0.6158696983582642
bb_ipp_nonadaptive,estimated,3167,263.83333333333337,0.6155425511866837
bb_ipp_nonadaptive,estimated,3168,263.91666666666663,0.6152190953167193
bb_ipp_nonadaptive,estimated,3169,264.0,0.6148514435707476
bb_ipp_nonadaptive,estimated,3170,264.08333333333337,0.6144699357020821
bb_ipp_nonadaptive,estimated,3171,264.16666666666663,0.6140290704146778
bb_ipp_nonadaptive,estimated,3172,264.25,0.613633334481645
bb_ipp_nonadaptive,estimated,3173,264.33333333333337,0.613348851089743
bb_ipp_nonadaptive,estimated,3174,264.41666666666663,0.6129959266788442
bb_ipp_nonadaptive,estimated,3175,264.5,0.6128035190813625
bb_ipp_nonadaptive,estimated,3176,264.58333333333337,0.612493127474393
bb_ipp_nonadaptive,estimated,3177,264.66666666666663,0.6121266767424417
bb_ipp_nonadaptive,estimated,3178,264.75,0.6117420790538144
bb_ipp_nonadaptive,estimated,3179,264.83333333333337,0.6114450228027142
bb_ipp_nonadaptive,estimated,3180,264.91666666666663,0.6111078885428034
bb_ipp_nonadaptive,estimated,3181,265.0,0.6108376199080691
bb_ipp_nonadaptive,estimated,3182,265.08333333333337,0.6105770928050609
bb_ipp_nonadaptive,estimated,3183,265.16666666666663,0.6102238963770578
bb_ipp_nonadaptive,estimated,3184,265.25,0.6097702207470134
bb_ipp_nonadaptive,estimated,3185,265.33333333333337,0.6094035826320684
bb_ipp_nonadaptive,estimated,3186,265.41666666666663,0.6090917190325018
bb_ipp_nonadaptive,estimated,3187,265.5,0.6087315205407766
bb_ipp_nonadaptive,estimated,3188,265.58333333333337,0.6084881876691497
bb_ipp_nonadaptive,estimated,3189,265.66666666666663,0.6082099204187389
bb_ipp_nonadaptive,estimated,3190,265.75,0.6078097617597834
bb_ipp_nonadaptive,estimated,3191,265.83333333333337,0.6075731385827751
bb_ipp_nonadaptive,estimated,3192,265.91666666666663,0.6073629523899929
bb_ipp_nonadaptive,estimated,3193,266.0,0.6069293580855915
bb_ipp_nonadaptive,estimated,3194,266.08333333333337,0.6066248872269241
bb_ipp_nonadaptive,estimated,3195,266.16666666666663,0.6064331503702803
bb_ipp_nonadaptive,estimated,3196,266.25,0.6061842232934254
bb_ipp_nonadaptive,estimated,3197,266.33333333333337,0.6058358357541845
bb_ipp_nonadaptive,estimated,3198,266.41666666666663,0.6055882003044848
bb_ipp_nonadaptive,estimated,3199,266.5,0.605325259359055
bb_ipp_nonadaptive,estimated,3200,266.58333333333337,0.6049967513633969
bb_ipp_nonadaptive,estimated,3201,266.66666666666663,0.6046634277659299
bb_ipp_nonadaptive,estimated,3202,266.75,0.6043498988059693
bb_ipp_nonadaptive,estimated,3203,266.83333333333337,0.6040377832054216
bb_ipp_nonadaptive,estimated,3204,266.91666666666663,0.6036843581707252
bb_ipp_nonadaptive,estimated,3205,267.0,0.6033415641308711
bb_ipp_nonadaptive,estimated,3206,267.08333333333337,0.6031534119982127
bb_ipp_nonadaptive,estimated,3207,267.16666666666663,0.602821728378917
bb_ipp_nonadaptive,estimated,3208,267.25,0.6025987233537216
bb_ipp_nonadaptive,estimated,3209,267.33333333333337,0.6022886602913177
bb_ipp_nonadaptive,estimated,3210,267.41666666666663,0.6020270001677177
bb_ipp_nonadaptive,estimated,3211,267.5,0.6017464230979224
bb_ipp_nonadaptive,estimated,3212,267.58333333333337,0.601463862722069
bb_ipp_nonadaptive,estimated,3213,267.66666666666663,0.6012383643161483
bb_ipp_nonadaptive,estimated,3214,267.75,0.6010330339566757
bb_ipp_nonadaptive,estimated,3215,267.83333333333337,0.6007218492172407
bb_ipp_nonadaptive,estimated,3216,267.91666666666663,0.6004190447623879
bb_ipp_nonadaptive,estimated,3217,268.0,0.6001052508722744
bb_ipp_nonadaptive,estimated,3218,268.08333333333337,0.5998374692830817
bb_ipp_nonadaptive,estimated,3219,268.16666666666663,0.5995908691059766
bb_ipp_nonadaptive,estimated,3220,268.25,0.5993232896843331
bb_ipp_nonadaptive,estimated,3221,268.33333333333337,0.5990463199866018
bb_ipp_nonadaptive,estimated,3222,268.41666666666663,0.5987318669135663
bb_ipp_nonadaptive,estimated,3223,268.5,0.5985454460635874
bb_ipp_nonadaptive,estimated,3224,268.58333333333337,0.5983495301010975
bb_ipp_nonadaptive,estimated,3225,268.66666666666663,0.5980492126288651
bb_ipp_nonadaptive,estimated,3226,268.75,0.5977934438620269
bb_ipp_nonadaptive,estimated,3227,268.83333333333337,0.5975603996957004
bb_ipp_nonadaptive,estimated,3228,268.91666666666663,0.5973389897046022
bb_ipp_nonadaptive,estimated,3229,269.0,0.5970548090412671
bb_ipp_nonadaptive,estimated,3230,269.08333333333337,0.5968213238818827
bb_ipp_nonadaptive,estimated,3231,269.16666666666663,0.5965428190116304
bb_ipp_nonadaptive,estimated,3232,269.25,0.5962922337874235
bb_ipp_nonadaptive,estimated,3233,269.33333333333337,0.5960367238860197
bb_ipp_nonadaptive,estimated,3234,269.41666666666663,0.5957596210537516
bb_ipp_nonadaptive,estimated,3235,269.5,0.5954822606183766
bb_ipp_nonadaptive,estimated,3236,269.58333333333337,0.5952965231365767
bb_ipp_nonadaptive,estimated,3237,269.66666666666663,0.5950367967767851
bb_ipp_nonadaptive,estimated,3238,269.75,0.5947529626898255
bb_ipp_nonadaptive,estimated,3239,269.83333333333337,0.5945349085110564
bb_ipp_nonadaptive,estimated,3240,269.91666666666663,0.5942958007488155
bb_ipp_nonadaptive,estimated,3241,270.0,0.5941487674243633
bb_ipp_nonadaptive,estimated,3242,270.08333333333337,0.5938766176908717
bb_ipp_nonadaptive,estimated,3243,270.16666666666663,0.5936365816987351
bb_ipp_nonadaptive,estimated,3244,270.25,0.5933504714663208
bb_ipp_nonadaptive,estimated,3245,270.33333333333337,0.5930829576601557
bb_ipp_nonadaptive,estimated,3246,270.41666666666663,0.5928466713647014
bb_ipp_nonadaptive,estimated,3247,270.5,0.5926061653194296
bb_ipp_nonadaptive,estimated,3248,270.58333333333337,0.592391962986318
bb_ipp_nonadaptive,estimated,3249,270.66666666666663,0.5921622753242882
bb_ipp_nonadaptive,estimated,3250,270.75,0.5918570709452712
bb_ipp_nonadaptive,estimated,3251,270.83333333333337,0.5915731395911157
bb_ipp_nonadaptive,estimated,3252,270.91666666666663,0.5913060941100989
bb_ipp_nonadaptive,estimated,3253,271.0,0.5910702688556397
bb_ipp_nonadaptive,estimated,3254,271.08333333333337,0.5909157580803334
bb_ipp_nonadaptive,estimated,3255,271.16666666666663,0.5907316175010723
bb_ipp_nonadaptive,estimated,3256,271.25,0.5904902498959526
bb_ipp_nonadaptive,estimated,3257,271.33333333333337,0.5902924291103521
bb_ipp_nonadaptive,estimated,3258,271.41666666666663,0.5900385342619591
bb_ipp_nonadaptive,estimated,3259,271.5,0.5898441180433198
bb_ipp_nonadaptive,estimated,3260,271.58333333333337,0.5895731175824522
bb_ipp_nonadaptive,estimated,3261,271.66666666666663,0.589384907986851
bb_ipp_nonadaptive,estimated,3262,271.75,0.5891455758072358
bb_ipp_nonadaptive,estimated,3263,271.83333333333337,0.5889394541609617
bb_ipp_nonadaptive,estimated,3264,271.91666666666663,0.5887190623389105
bb_ipp_nonadaptive,estimated,3265,272.0,0.5885363091582292
bb_ipp_nonadaptive,estimated,3266,272.08333333333337,0.5883704880066046
bb_ipp_nonadaptive,estimated,3267,272.16666666666663,0.5881790011518626
bb_ipp_nonadaptive,estimated,3268,272.25,0.5879605128580615
bb_ipp_nonadaptive,estimated,3269,272.33333333333337,0.587723542447487
bb_ipp_nonadaptive,estimated,3270,272.41666666666663,0.587485168384425
bb_ipp_nonadaptive,estimated,3271,272.5,0.5873242608700538
bb_ipp_nonadaptive,estimated,3272,272.58333333333337,0.5870822869165151
bb_ipp_nonadaptive,estimated,3273,272.66666666666663,0.586895387425323
bb_ipp_nonadaptive,estimated,3274,272.75,0.5865901663298158
bb_ipp_nonadaptive,estimated,3275,272.83333333333337,0.5863747887022598
bb_ipp_nonadaptive,estimated,3276,272.91666666666663,0.586175951117847
bb_ipp_nonadaptive,estimated,3277,273.0,0.585961432953248
bb_ipp_nonadaptive,estimated,3278,273.08333333333337,0.5858333628144541
bb_ipp_nonadaptive,estimated,3279,273.16666666666663,0.5856327002822423
bb_ipp_nonadaptive,estimated,3280,273.25,0.5855063337180638
bb_ipp_nonadaptive,estimated,3281,273.33333333333337,0.5853329687174207
bb_ipp_nonadaptive,estimated,3282,273.41666666666663,0.5850360283052273
bb_ipp_nonadaptive,estimated,3283,273.5,0.5849076353850369
bb_ipp_nonadaptive,estimated,3284,273.58333333333337,0.5848018516549335
bb_ipp_nonadaptive,estimated,3285,273.66666666666663,0.5845977804998699
bb_ipp_nonadaptive,estimated,3286,273.75,0.5843506159957566
bb_ipp_nonadaptive,estimated,3287,273.83333333333337,0.5841716821893047
bb_ipp_nonadaptive,estimated,3288,273.91666666666663,0.5839707203526053
bb_ipp_nonadaptive,estimated,3289,274.0,0.5837617399275871
bb_ipp_nonadaptive,estimated,3290,274.08333333333337,0.5836044253741068
bb_ipp_nonadaptive,estimated,3291,274.16666666666663,0.5834441676279296
bb_ipp_nonadaptive,estimated,3292,274.25,0.5833020148570158
bb_ipp_nonadaptive,estimated,3293,274.33333333333337,0.5831282472415555
bb_ipp_nonadaptive,estimated,3294,274.41666666666663,0.5829278004793653
bb_ipp_nonadaptive,estimated,3295,274.5,0.5827302330355448
bb_ipp_nonadaptive,estimated,3296,274.58333333333337,0.5825439131003173
bb_ipp_nonadaptive,estimated,3297,274.66666666666663,0.5823442257912064
bb_ipp_nonadaptive,estimated,3298,274.75,0.5821223191723016
bb_ipp_nonadaptive,estimated,3299,274.83333333333337,0.5819081803522572
bb_ipp_nonadaptive,estimated,3300,274.91666666666663,0.5816959209996837
bb_ipp_nonadaptive,estimated,3301,275.0,0.5814718435189686
bb_ipp_nonadaptive,estimated,3302,275.08333333333337,0.5812390605331137
bb_ipp_nonadaptive,estimated,3303,275.16666666666663,0.5810377036669104
bb_ipp_nonadaptive,estimated,3304,275.25,0.5809061792100061
bb_ipp_nonadaptive,estimated,3305,275.33333333333337,0.5807560492412165
bb_ipp_nonadaptive,estimated,3306,275.41666666666663,0.5806061862156306
bb_ipp_nonadaptive,estimated,3307,275.5,0.5806753157693282
bb_ipp_nonadaptive,estimated,3308,275.58333333333337,0.5809064802231091
bb_ipp_nonadaptive,estimated,3309,275.66666666666663,0.5810517215950328
bb_ipp_nonadaptive,estimated,3310,275.75,0.5811729571728188
bb_ipp_nonadaptive,estimated,3311,275.83333333333337,0.5813003556453404
bb_ipp_nonadaptive,estimated,3312,275.91666666666663,0.5815139551281419
bb_ipp_nonadaptive,estimated,3313,276.0,0.5817314026468233
bb_ipp_nonadaptive,estimated,3314,276.08333333333337,0.5818669712050044
bb_ipp_nonadaptive,estimated,3315,276.16666666666663,0.5819585240078485
bb_ipp_nonadaptive,estimated,3316,276.25,0.5821546028490164
bb_ipp_nonadaptive,estimated,3317,276.33333333333337,0.5823744909533699
bb_ipp_nonadaptive,estimated,3318,276.41666666666663,0.5826784214285836
bb_ipp_nonadaptive,estimated,3319,276.5,0.5829153077314441
bb_ipp_nonadaptive,estimated,3320,276.58333333333337,0.5831837708805105
bb_ipp_nonadaptive,estimated,3321,276.66666666666663,0.5834322054777337
bb_ipp_nonadaptive,estimated,3322,276.75,0.5838103431143933
bb_ipp_nonadaptive,estimated,3323,276.83333333333337,0.58413445226264
bb_ipp_nonadaptive,estimated,3324,276.91666666666663,0.5844274712972638
bb_ipp_nonadaptive,estimated,3325,277.0,0.584719471100945
bb_ipp_nonadaptive,estimated,3326,277.08333333333337,0.585051088754956
bb_ipp_nonadaptive,estimated,3327,277.16666666666663,0.5852935498044545
bb_ipp_nonadaptive,estimated,3328,277.25,0.5855618087326653
bb_ipp_nonadaptive,estimated,3329,277.33333333333337,0.5859412717250994
bb_ipp_nonadaptive,estimated,3330,277.41666666666663,0.5862866463669866
bb_ipp_nonadaptive,estimated,3331,277.5,0.5865831888896695
bb_ipp_nonadaptive,estimated,3332,277.58333333333337,0.5867508297020405
bb_ipp_nonadaptive,estimated,3333,277.66666666666663,0.5870052823644488
bb_ipp_nonadaptive,estimated,3334,277.75,0.5873735295163295
bb_ipp_nonadaptive,estimated,3335,277.83333333333337,0.5877879973857523
bb_ipp_nonadaptive,estimated,3336,277.91666666666663,0.5881225605098671
bb_ipp_nonadaptive,estimated,3337,278.0,0.5884499367005765
bb_ipp_nonadaptive,estimated,3338,278.08333333333337,0.5887714607469663
bb_ipp_nonadaptive,estimated,3339,278.16666666666663,0.5891271502179584
bb_ipp_nonadaptive,estimated,3340,278.25,0.5894685453016295
bb_ipp_nonadaptive,estimated,3341,278.33333333333337,0.5896771037886582
bb_ipp_nonadaptive,estimated,3342,278.41666666666663,0.5899178309929286
bb_ipp_nonadaptive,estimated,3343,278.5,0.590242207638278
bb_ipp_nonadaptive,estimated,3344,278.58333333333337,0.5905115080911512
bb_ipp_nonadaptive,estimated,3345,278.66666666666663,0.5908055278059234
bb_ipp_nonadaptive,estimated,3346,278.75,0.5910365129034106
bb_ipp_nonadaptive,estimated,3347,278.83333333333337,0.5912885984214699
bb_ipp_nonadaptive,estimated,3348,278.91666666666663,0.5915955071463218
bb_ipp_nonadaptive,estimated,3349,279.0,0.5918868671074806
bb_ipp_nonadaptive,estimated,3350,279.08333333333337,0.5921394925914382
bb_ipp_nonadaptive,estimated,3351,279.16666666666663,0.5924058483653767
bb_ipp_nonadaptive,estimated,3352,279.25,0.5927641403730012
bb_ipp_nonadaptive,estimated,3353,279.33333333333337,0.5930808986832561
bb_ipp_nonadaptive,estimated,3354,279.41666666666663,0.593430134345354
bb_ipp_nonadaptive,estimated,3355,279.5,0.5937309393553409
bb_ipp_nonadaptive,estimated,3356,279.58333333333337,0.5939496580035761
bb_ipp_nonadaptive,estimated,3357,279.66666666666663,0.5942340234405065
bb_ipp_nonadaptive,estimated,3358,279.75,0.5944722053616023
bb_ipp_nonadaptive,estimated,3359,279.83333333333337,0.5946591409945768
bb_ipp_nonadaptive,estimated,3360,279.91666666666663,0.5947876126680369
bb_ipp_nonadaptive,estimated,3361,280.0,0.5950176636273858
bb_ipp_nonadaptive,estimated,3362,280.08333333333337,0.5953026373248086
bb_ipp_nonadaptive,estimated,3363,280.16666666666663,0.5955050114831305
bb_ipp_nonadaptive,estimated,3364,280.25,0.5956713274170045
bb_ipp_nonadaptive,estimated,3365,280.33333333333337,0.5958080487054134
bb_ipp_nonadaptive,estimated,3366,280.41666666666663,0.5960561412783998
bb_ipp_nonadaptive,estimated,3367,280.5,0.596220314719332
bb_ipp_nonadaptive,estimated,3368,280.58333333333337,0.5963859263523683
bb_ipp_nonadaptive,estimated,3369,280.66666666666663,0.5965186698846748
bb_ipp_nonadaptive,estimated,3370,280.75,0.5966663066907991
bb_ipp_nonadaptive,estimated,3371,280.83333333333337,0.5967996291332532
bb_ipp_nonadaptive,estimated,3372,280.91666666666663,0.5968919935466076
bb_ipp_nonadaptive,estimated,3373,281.0,0.5969296890322774
bb_ipp_nonadaptive,estimated,3374,281.08333333333337,0.5969694885917444
bb_ipp_nonadaptive,estimated,3375,281.16666666666663,0.5970384541599433
bb_ipp_nonadaptive,estimated,3376,281.25,0.5970800064250943
bb_ipp_nonadaptive,estimated,3377,281.33333333333337,0.5970282786470663
bb_ipp_nonadaptive,estimated,3378,281.41666666666663,0.5970128151565138
bb_ipp_nonadaptive,estimated,3379,281.5,0.5970550404662442
bb_ipp_nonadaptive,estimated,3380,281.58333333333337,0.5971089640295173
bb_ipp_nonadaptive,estimated,3381,281.66666666666663,0.5971411702400704
bb_ipp_nonadaptive,estimated,3382,281.75,0.5971796287998732
bb_ipp_nonadaptive,estimated,3383,281.83333333333337,0.5971898194517465
bb_ipp_nonadaptive,estimated,3384,281.91666666666663,0.597165458369272
bb_ipp_nonadaptive,estimated,3385,282.0,0.5971417835147428
bb_ipp_nonadaptive,estimated,3386,282.08333333333337,0.5971060115353931
bb_ipp_nonadaptive,estimated,3387,282.16666666666663,0.5970567553109665
bb_ipp_nonadaptive,estimated,3388,282.25,0.5970740079255117
bb_ipp_nonadaptive,estimated,3389,282.33333333333337,0.597086173265202
bb_ipp_nonadaptive,estimated,3390,282.41666666666663,0.5970610283440918
bb_ipp_nonadaptive,estimated,3391,282.5,0.5970451244374113
bb_ipp_nonadaptive,estimated,3392,282.58333333333337,0.5970754294697357
bb_ipp_nonadaptive,estimated,3393,282.66666666666663,0.5971865193225131
bb_ipp_nonadaptive,estimated,3394,282.75,0.5973097966821445
bb_ipp_nonadaptive,estimated,3395,282.83333333333337,0.5973911539036914
bb_ipp_nonadaptive,estimated,3396,282.91666666666663,0.5974950123783858
bb_ipp_nonadaptive,estimated,3397,283.0,0.5977265935958174
bb_ipp_nonadaptive,estimated,3398,283.08333333333337,0.5980280528491679
bb_ipp_nonadaptive,estimated,3399,283.16666666666663,0.5983224766066714
bb_ipp_nonadaptive,estimated,3400,283.25,0.5985453805152091
bb_ipp_nonadaptive,estimated,3401,283.33333333333337,0.5988391110722108
bb_ipp_nonadaptive,estimated,3402,283.41666666666663,0.5992082808313922
bb_ipp_nonadaptive,estimated,3403,283.5,0.5995134751472668
bb_ipp_nonadaptive,estimated,3404,283.58333333333337,0.5998570066877944
bb_ipp_nonadaptive,estimated,3405,283.66666666666663,0.6000882129994223
bb_ipp_nonadaptive,estimated,3406,283.75,0.6003544526662689
bb_ipp_nonadaptive,estimated,3407,283.83333333333337,0.6007444954984978
bb_ipp_nonadaptive,estimated,3408,283.91666666666663,0.6010948221767428
bb_ipp_nonadaptive,estimated,3409,284.0,0.6013871746343922
bb_ipp_nonadaptive,estimated,3410,284.08333333333337,0.6017286469724464
bb_ipp_nonadaptive,estimated,3411,284.16666666666663,0.6021427149246096
bb_ipp_nonadaptive,estimated,3412,284.25,0.6025619338621183
bb_ipp_nonadaptive,estimated,3413,284.33333333333337,0.6029922113022185
bb_ipp_nonadaptive,estimated,3414,284.41666666666663,0.6032980853506746
bb_ipp_nonadaptive,estimated,3415,284.5,0.6035850542138
bb_ipp_nonadaptive,estimated,3416,284.58333333333337,0.6039049052653386
bb_ipp_nonadaptive,estimated,3417,284.66666666666663,0.604366742853217
bb_ipp_nonadaptive,estimated,3418,284.75,0.6048609340190876
bb_ipp_nonadaptive,estimated,3419,284.83333333333337,0.6052403827480881
bb_ipp_nonadaptive,estimated,3420,284.91666666666663,0.6056832833263187
bb_ipp_nonadaptive,estimated,3421,285.0,0.6060727387057793
bb_ipp_nonadaptive,estimated,3422,285.08333333333337,0.6065388286188276
bb_ipp_nonadaptive,estimated,3423,285.16666666666663,0.6069938145693414
bb_ipp_nonadaptive,estimated,3424,285.25,0.607379649609682
bb_ipp_nonadaptive,estimated,3425,285.33333333333337,0.6076161034054586
bb_ipp_nonadaptive,estimated,3426,285.41666666666663,0.6080967296382495
bb_ipp_nonadaptive,estimated,3427,285.5,0.6085388637917949
bb_ipp_nonadaptive,estimated,3428,285.58333333333337,0.6088853680351574
bb_ipp_nonadaptive,estimated,3429,285.66666666666663,0.609122714334567
bb_ipp_nonadaptive,estimated,3430,285.75,0.609493788613606
bb_ipp_nonadaptive,estimated,3431,285.83333333333337,0.6100354753506952
bb_ipp_nonadaptive,estimated,3432,285.91666666666663,0.6104744973981899
bb_ipp_nonadaptive,estimated,3433,286.0,0.6107987241460021
bb_ipp_nonadaptive,estimated,3434,286.08333333333337,0.611223566255411
bb_ipp_nonadaptive,estimated,3435,286.16666666666663,0.6117072568155639
bb_ipp_nonadaptive,estimated,3436,286.25,0.6122677324601743
bb_ipp_nonadaptive,estimated,3437,286.33333333333337,0.6127106358646929
bb_ipp_nonadaptive,estimated,3438,286.41666666666663,0.6131530783955753
bb_ipp_nonadaptive,estimated,3439,286.5,0.6136574677733247
bb_ipp_nonadaptive,estimated,3440,286.58333333333337,0.6142058875605475
bb_ipp_nonadaptive,estimated,3441,286.66666666666663,0.6147441023655532
bb_ipp_nonadaptive,estimated,3442,286.75,0.6151518125624426
bb_ipp_nonadaptive,estimated,3443,286.83333333333337,0.6155254002919439
bb_ipp_nonadaptive,estimated,3444,286.91666666666663,0.6160117523816725
bb_ipp_nonadaptive,estimated,3445,287.0,0.616563491272409
bb_ipp_nonadaptive,estimated,3446,287.08333333333337,0.6170889608025225
bb_ipp_nonadaptive,estimated,3447,287.16666666666663,0.617546091137224
bb_ipp_nonadaptive,estimated,3448,287.25,0.6179430436110369
bb_ipp_nonadaptive,estimated,3449,287.33333333333337,0.6183180550824903
bb_ipp_nonadaptive,estimated,3450,287.41666666666663,0.6187140113386045
bb_ipp_nonadaptive,estimated,3451,287.5,0.619082623621639
bb_ipp_nonadaptive,estimated,3452,287.58333333333337,0.6194304549412301
bb_ipp_nonadaptive,estimated,3453,287.66666666666663,0.6197556244830471
bb_ipp_nonadaptive,estimated,3454,287.75,0.6201610294434524
bb_ipp_nonadaptive,estimated,3455,287.83333333333337,0.6206007584701904
bb_ipp_nonadaptive,estimated,3456,287.91666666666663,0.6210632731404029
bb_ipp_nonadaptive,estimated,3457,288.0,0.621472171329271
bb_ipp_nonadaptive,estimated,3458,288.08333333333337,0.6218175704632124
bb_ipp_nonadaptive,estimated,3459,288.16666666666663,0.6221881324435665
bb_ipp_nonadaptive,estimated,3460,288.25,0.6225866557285586
bb_ipp_nonadaptive,estimated,3461,288.33333333333337,0.623020796333069
bb_ipp_nonadaptive,estimated,3462,288.41666666666663,0.6234049576756183
bb_ipp_nonadaptive,estimated,3463,288.5,0.6237867326328276
bb_ipp_nonadaptive,estimated,3464,288.58333333333337,0.6239782656748307
bb_ipp_nonadaptive,estimated,3465,288.66666666666663,0.6242743523851594
bb_ipp_nonadaptive,estimated,3466,288.75,0.6246471193364872
bb_ipp_nonadaptive,estimated,3467,288.83333333333337,0.6251527974507046
bb_ipp_nonadaptive,estimated,3468,288.91666666666663,0.6254117745485314
bb_ipp_nonadaptive,estimated,3469,289.0,0.6256860197533715
bb_ipp_nonadaptive,estimated,3470,289.08333333333337,0.6258886079145195
bb_ipp_nonadaptive,estimated,3471,289.16666666666663,0.6257700405236126
bb_ipp_nonadaptive,estimated,3472,289.25,0.6258803265691265
bb_ipp_nonadaptive,estimated,3473,289.33333333333337,0.6264596862876588
bb_ipp_nonadaptive,estimated,3474,289.41666666666663,0.6269502699493608
bb_ipp_nonadaptive,estimated,3475,289.5,0.626773537554266
bb_ipp_nonadaptive,estimated,3476,289.58333333333337,0.6258939261723104
bb_ipp_nonadaptive,estimated,3477,289.66666666666663,0.625420645008488
bb_ipp_nonadaptive,estimated,3478,289.75,0.625878574080663
bb_ipp_nonadaptive,estimated,3479,289.83333333333337,0.624974600292465
bb_ipp_nonadaptive,estimated,3480,289.91666666666663,0.624685368068061
bb_ipp_nonadaptive,estimated,3481,290.0,0.625926511294373
bb_ipp_nonadaptive,estimated,3482,290.08333333333337,0.6240062852224961
bb_ipp_nonadaptive,estimated,3483,290.16666666666663,0.6249291902353362
bb_ipp_nonadaptive,estimated,3484,290.25,0.6251522024516079
bb_ipp_nonadaptive,estimated,3485,290.33333333333337,0.6258112254011312
bb_ipp_nonadaptive,estimated,3486,290.41666666666663,0.6256685099675148
bb_ipp_nonadaptive,estimated,3487,290.5,0.6250173176798621
bb_ipp_nonadaptive,estimated,3488,290.58333333333337,0.6254997243201126
bb_ipp_nonadaptive,estimated,3489,290.66666666666663,0.6269690190564063
bb_ipp_nonadaptive,estimated,3490,290.75,0.6263520759414388
bb_ipp_nonadaptive,estimated,3491,290.83333333333337,0.6279135348135098
bb_ipp_nonadaptive,estimated,3492,290.91666666666663,0.6282067612045967
bb_ipp_nonadaptive,estimated,3493,291.0,0.628791560655306
bb_ipp_nonadaptive,estimated,3494,291.08333333333337,0.6270455607816571
bb_ipp_nonadaptive,estimated,3495,291.16666666666663,0.6287564646882801
bb_ipp_nonadaptive,estimated,3496,291.25,0.6297811175799246
bb_ipp_nonadaptive,estimated,3497,291.33333333333337,0.6294212888619191
bb_ipp_nonadaptive,estimated,3498,291.41666666666663,0.6297602903605923
bb_ipp_nonadaptive,estimated,3499,291.5,0.630643046222439
bb_ipp_nonadaptive,estimated,3500,291.58333333333337,0.6312207243926907
bb_ipp_nonadaptive,estimated,3501,291.66666666666663,0.632726458424874
bb_ipp_nonadaptive,estimated,3502,291.75,0.6334270296728503
bb_ipp_nonadaptive,estimated,3503,291.83333333333337,0.633736015886141
bb_ipp_nonadaptive,estimated,3504,291.91666666666663,0.6339530257716981
bb_ipp_nonadaptive,estimated,3505,292.0,0.6344920852512566
bb_ipp_nonadaptive,estimated,3506,292.08333333333337,0.6349209402074799
bb_ipp_nonadaptive,estimated,3507,292.16666666666663,0.6354514277808416
bb_ipp_nonadaptive,estimated,3508,292.25,0.6358069215248984
bb_ipp_nonadaptive,estimated,3509,292.33333333333337,0.6360416762244244
bb_ipp_nonadaptive,estimated,3510,292.41666666666663,0.6363272838594398
bb_ipp_nonadaptive,estimated,3511,292.5,0.6365522580690273
bb_ipp_nonadaptive,estimated,3512,292.58333333333337,0.6368025473716818
bb_ipp_nonadaptive,estimated,3513,292.66666666666663,0.6371412367959959
bb_ipp_nonadaptive,estimated,3514,292.75,0.6374797891965983
bb_ipp_nonadaptive,estimated,3515,292.83333333333337,0.6376535019551807
bb_ipp_nonadaptive,estimated,3516,292.91666666666663,0.6377634812047596
bb_ipp_nonadaptive,estimated,3517,293.0,0.6378762067347211
bb_ipp_nonadaptive,estimated,3518,293.08333333333337,0.6382381721534424
bb_ipp_nonadaptive,estimated,3519,293.16666666666663,0.6384947803742625
bb_ipp_nonadaptive,estimated,3520,293.25,0.6386831107042693
bb_ipp_nonadaptive,estimated,3521,293.33333333333337,0.6390021566283282
bb_ipp_nonadaptive,estimated,3522,293.41666666666663,0.6391471638735136
bb_ipp_nonadaptive,estimated,3523,293.5,0.6392442029038801
bb_ipp_nonadaptive,estimated,3524,293.58333333333337,0.6393656789302368
bb_ipp_nonadaptive,estimated,3525,293.66666666666663,0.639361984039254
bb_ipp_nonadaptive,estimated,3526,293.75,0.6394026837394986
bb_ipp_nonadaptive,estimated,3527,293.83333333333337,0.6395822174942863
bb_ipp_nonadaptive,estimated,3528,293.91666666666663,0.6396886112671981
bb_ipp_nonadaptive,estimated,3529,294.0,0.639804358877887
bb_ipp_nonadaptive,estimated,3530,294.08333333333337,0.6398740807729452
bb_ipp_nonadaptive,estimated,3531,294.16666666666663,0.6399113035919944
bb_ipp_nonadaptive,estimated,3532,294.25,0.6399402054411135
bb_ipp_nonadaptive,estimated,3533,294.33333333333337,0.6399174733288215
bb_ipp_nonadaptive,estimated,3534,294.41666666666663,0.6399667787290769
bb_ipp_nonadaptive,estimated,3535,294.5,0.6400432302673735
bb_ipp_nonadaptive,estimated,3536,294.58333333333337,0.6400719956030366
bb_ipp_nonadaptive,estimated,3537,294.66666666666663,0.6401637282086162
bb_ipp_nonadaptive,estimated,3538,294.75,0.6402311680667511
bb_ipp_nonadaptive,estimated,3539,294.83333333333337,0.6402976860767974
bb_ipp_nonadaptive,estimated,3540,294.91666666666663,0.6403673379901355
bb_ipp_nonadaptive,estimated,3541,295.0,0.6404077347528293
bb_ipp_nonadaptive,estimated,3542,295.08333333333337,0.640415462277626
bb_ipp_nonadaptive,estimated,3543,295.16666666666663,0.6404715451963962
bb_ipp_nonadaptive,estimated,3544,295.25,0.6404434842643031
bb_ipp_nonadaptive,estimated,3545,295.33333333333337,0.6404131869987388
bb_ipp_nonadaptive,estimated,3546,295.41666666666663,0.6403948080050421
bb_ipp_nonadaptive,estimated,3547,295.5,0.6404783039858614
bb_ipp_nonadaptive,estimated,3548,295.58333333333337,0.6404482205126307
bb_ipp_nonadaptive,estimated,3549,295.66666666666663,0.6403551254554712
bb_ipp_nonadaptive,estimated,3550,295.75,0.640261866161924
bb_ipp_nonadaptive,estimated,3551,295.83333333333337,0.6402610459499215
bb_ipp_nonadaptive,estimated,3552,295.91666666666663,0.6402590803240266
bb_ipp_nonadaptive,estimated,3553,296.0,0.6402143669005494
bb_ipp_nonadaptive,estimated,3554,296.08333333333337,0.640152122536949
bb_ipp_nonadaptive,estimated,3555,296.16666666666663,0.6401058855693431
bb_ipp_nonadaptive,estimated,3556,296.25,0.6401064690008591
bb_ipp_nonadaptive,estimated,3557,296.33333333333337,0.6400967723693622
bb_ipp_nonadaptive,estimated,3558,296.41666666666663,0.6400397406912528
bb_ipp_nonadaptive,estimated,3559,296.5,0.63997816226086
bb_ipp_nonadaptive,estimated,3560,296.58333333333337,0.639959841596587
bb_ipp_nonadaptive,estimated,3561,296.66666666666663,0.6398558971731906
bb_ipp_nonadaptive,estimated,3562,296.75,0.6397889825845902
bb_ipp_nonadaptive,estimated,3563,296.83333333333337,0.6397463732517863
bb_ipp_nonadaptive,estimated,3564,296.91666666666663,0.6396419068278278
bb_ipp_nonadaptive,estimated,3565,297.0,0.6395482539828555
bb_ipp_nonadaptive,estimated,3566,297.08333333333337,0.6394798352949453
bb_ipp_nonadaptive,estimated,3567,297.16666666666663,0.6392649056106732
bb_ipp_nonadaptive,estimated,3568,297.25,0.6391670328502126
bb_ipp_nonadaptive,estimated,3569,297.33333333333337,0.6392050473585288
bb_ipp_nonadaptive,estimated,3570,297.41666666666663,0.6391573772320515
bb_ipp_nonadaptive,estimated,3571,297.5,0.6391166810873176
bb_ipp_nonadaptive,estimated,3572,297.58333333333337,0.6389642444052583
bb_ipp_nonadaptive,estimated,3573,297.66666666666663,0.6388091154239798
bb_ipp_nonadaptive,estimated,3574,297.75,0.6388116752338305
bb_ipp_nonadaptive,estimated,3575,297.83333333333337,0.6388385184527118
bb_ipp_nonadaptive,estimated,3576,297.91666666666663,0.6387794000678277
bb_ipp_nonadaptive,estimated,3577,298.0,0.6386416840517312
bb_ipp_nonadaptive,estimated,3578,298.08333333333337,0.6384442083098769
bb_ipp_nonadaptive,estimated,3579,298.16666666666663,0.6384553785721571
bb_ipp_nonadaptive,estimated,3580,298.25,0.6384995801620549
bb_ipp_nonadaptive,estimated,3581,298.33333333333337,0.638502798523545
bb_ipp_nonadaptive,estimated,3582,298.41666666666663,0.6384917380306918
bb_ipp_nonadaptive,estimated,3583,298.5,0.6383762758712632
bb_ipp_nonadaptive,estimated,3584,298.58333333333337,0.6383039237972803
bb_ipp_nonadaptive,estimated,3585,298.66666666666663,0.6383221095968171
bb_ipp_nonadaptive,estimated,3586,298.75,0.6383680481039788
bb_ipp_nonadaptive,estimated,3587,298.83333333333337,0.6384413580683864
bb_ipp_nonadaptive,estimated,3588,298.91666666666663,0.6384818058150256
bb_ipp_nonadaptive,estimated,3589,299.0,0.6385165013996952
bb_ipp_nonadaptive,estimated,3590,299.08333333333337,0.6386286791959329
bb_ipp_nonadaptive,estimated,3591,299.16666666666663,0.6386158309611094
bb_ipp_nonadaptive,estimated,3592,299.25,0.6386281705417145
bb_ipp_nonadaptive,estimated,3593,299.33333333333337,0.6386406830870428
bb_ipp_nonadaptive,estimated,3594,299.41666666666663,0.6386307396533988
bb_ipp_nonadaptive,estimated,3595,299.5,0.6387613823051227
bb_ipp_nonadaptive,estimated,3596,299.58333333333337,0.6390053870935489
bb_ipp_nonadaptive,estimated,3597,299.66666666666663,0.6391138880828479
bb_ipp_nonadaptive,estimated,3598,299.75,0.6391825865088706
bb_ipp_nonadaptive,estimated,3599,299.83333333333337,0.6391624820012373
bb_ipp_nonadaptive,estimated,3600,299.91666666666663,0.6393956526883438
bb_ipp_nonadaptive,estimated,3601,300.0,0.6395620275555564
bb_ipp_nonadaptive,estimated,3602,300.08333333333337,0.6393310610591634
bb_ipp_nonadaptive,estimated,3603,300.16666666666663,0.6392607625909398
bb_ipp_nonadaptive,estimated,3604,300.25,0.6390798280682916
bb_ipp_nonadaptive,estimated,3605,300.33333333333337,0.6390671747810932
bb_ipp_nonadaptive,estimated,3606,300.41666666666663,0.6392149010800147
bb_ipp_nonadaptive,estimated,3607,300.5,0.6395046616854699
bb_ipp_nonadaptive,estimated,3608,300.58333333333337,0.6393499105545655
bb_ipp_nonadaptive,estimated,3609,300.66666666666663,0.6391832062710475
bb_ipp_nonadaptive,estimated,3610,300.75,0.6395427378025178
bb_ipp_nonadaptive,estimated,3611,300.83333333333337,0.6396977123270233
bb_ipp_nonadaptive,estimated,3612,300.91666666666663,0.6393204612318236
bb_ipp_nonadaptive,estimated,3613,301.0,0.6390970155651758
bb_ipp_nonadaptive,estimated,3614,301.08333333333337,0.6373883646919445
bb_ipp_nonadaptive,estimated,3615,301.16666666666663,0.6364004243631829
bb_ipp_nonadaptive,estimated,3616,301.25,0.6366388164957548
bb_ipp_nonadaptive,estimated,3617,301.33333333333337,0.6349885485281814
bb_ipp_nonadaptive,estimated,3618,301.41666666666663,0.6338160275208418
bb_ipp_nonadaptive,estimated,3619,301.5,0.6333384629663991
bb_ipp_nonadaptive,estimated,3620,301.58333333333337,0.6311464994243601
bb_ipp_nonadaptive,estimated,3621,301.66666666666663,0.6310522300727872
bb_ipp_nonadaptive,estimated,3622,301.75,0.631319927504076
bb_ipp_nonadaptive,estimated,3623,301.83333333333337,0.6259372566331691
bb_ipp_nonadaptive,estimated,3624,301.91666666666663,0.6256917591224092
bb_ipp_nonadaptive,estimated,3625,302.0,0.6262317664176478
bb_ipp_nonadaptive,estimated,3626,302.08333333333337,0.625362421371495
bb_ipp_nonadaptive,estimated,3627,302.16666666666663,0.6239050869640251
bb_ipp_nonadaptive,estimated,3628,302.25,0.6214219609394863
bb_ipp_nonadaptive,estimated,3629,302.33333333333337,0.6199622540967009
bb_ipp_nonadaptive,estimated,3630,302.41666666666663,0.6192358814741304
bb_ipp_nonadaptive,estimated,3631,302.5,0.6189031691462661
bb_ipp_nonadaptive,estimated,3632,302.58333333333337,0.6184514405306493
bb_ipp_nonadaptive,estimated,3633,302.66666666666663,0.6202619109942212
bb_ipp_nonadaptive,estimated,3634,302.75,0.6202540721772746
bb_ipp_nonadaptive,estimated,3635,302.83333333333337,0.616443875197537
bb_ipp_nonadaptive,estimated,3636,302.91666666666663,0.6173567483387318
bb_ipp_nonadaptive,estimated,3637,303.0,0.6191331054183128
bb_ipp_nonadaptive,estimated,3638,303.08333333333337,0.6198283365639811
bb_ipp_nonadaptive,estimated,3639,303.16666666666663,0.6200541406091068
bb_ipp_nonadaptive,estimated,3640,303.25,0.61758331988611
bb_ipp_nonadaptive,estimated,3641,303.33333333333337,0.6188282895211717
bb_ipp_nonadaptive,estimated,3642,303.41666666666663,0.6176720001904676
bb_ipp_nonadaptive,estimated,3643,303.5,0.6200108927547843
bb_ipp_nonadaptive,estimated,3644,303.58333333333337,0.6205036652774042
bb_ipp_nonadaptive,estimated,3645,303.66666666666663,0.6208078263520134
bb_ipp_nonadaptive,estimated,3646,303.75,0.6234971784274391
bb_ipp_nonadaptive,estimated,3647,303.83333333333337,0.6223743673871399
bb_ipp_nonadaptive,estimated,3648,303.91666666666663,0.6231638005078562
bb_ipp_nonadaptive,estimated,3649,304.0,0.6250443652737211
bb_ipp_nonadaptive,estimated,3650,304.08333333333337,0.6243115754954468
bb_ipp_nonadaptive,estimated,3651,304.16666666666663,0.6256106746186783
bb_ipp_nonadaptive,estimated,3652,304.25,0.6248802694030672
bb_ipp_nonadaptive,estimated,3653,304.33333333333337,0.627439781901664
bb_ipp_nonadaptive,estimated,3654,304.41666666666663,0.6283764214541881
bb_ipp_nonadaptive,estimated,3655,304.5,0.6298200393391663
bb_ipp_nonadaptive,estimated,3656,304.58333333333337,0.6296304961886742
bb_ipp_nonadaptive,estimated,3657,304.66666666666663,0.6303933841422814
bb_ipp_nonadaptive,estimated,3658,304.75,0.6300937523993484
bb_ipp_nonadaptive,estimated,3659,304.83333333333337,0.6313852654855403
bb_ipp_nonadaptive,estimated,3660,304.91666666666663,0.6323685488400708
bb_ipp_nonadaptive,estimated,3661,305.0,0.6318835062461323
bb_ipp_nonadaptive,estimated,3662,305.08333333333337,0.6327098500938808
bb_ipp_nonadaptive,estimated,3663,305.16666666666663,0.6337316219138145
bb_ipp_nonadaptive,estimated,3664,305.25,0.6339802359109105
bb_ipp_nonadaptive,estimated,3665,305.33333333333337,0.6347970132349628
bb_ipp_nonadaptive,estimated,3666,305.41666666666663,0.6349121733071242
bb_ipp_nonadaptive,estimated,3667,305.5,0.6349686433096617
bb_ipp_nonadaptive,estimated,3668,305.58333333333337,0.6355268891703232
bb_ipp_nonadaptive,estimated,3669,305.66666666666663,0.6355744995352077
bb_ipp_nonadaptive,estimated,3670,305.75,0.6360850857335281
bb_ipp_nonadaptive,estimated,3671,305.83333333333337,0.6363422870667284
bb_ipp_nonadaptive,estimated,3672,305.91666666666663,0.6369916018572591
bb_ipp_nonadaptive,estimated,3673,306.0,0.6372099399898385
bb_ipp_nonadaptive,estimated,3674,306.08333333333337,0.6379866720094647
bb_ipp_nonadaptive,estimated,3675,306.16666666666663,0.6375358045519908
bb_ipp_nonadaptive,estimated,3676,306.25,0.6379292484108958
bb_ipp_nonadaptive,estimated,3677,306.33333333333337,0.6381178912761047
bb_ipp_nonadaptive,estimated,3678,306.41666666666663,0.6383465840107139
bb_ipp_nonadaptive,estimated,3679,306.5,0.6385300022382321
bb_ipp_nonadaptive,estimated,3680,306.58333333333337,0.6387811708859739
bb_ipp_nonadaptive,estimated,3681,306.66666666666663,0.6392073152482108
bb_ipp_nonadaptive,estimated,3682,306.75,0.6397113751053196
bb_ipp_nonadaptive,estimated,3683,306.83333333333337,0.6397958794494154
bb_ipp_nonadaptive,estimated,3684,306.91666666666663,0.6399992481926519
bb_ipp_nonadaptive,estimated,3685,307.0,0.640234662718432
bb_ipp_nonadaptive,estimated,3686,307.08333333333337,0.6402457254887954
bb_ipp_nonadaptive,estimated,3687,307.16666666666663,0.6399490683674979
bb_ipp_nonadaptive,estimated,3688,307.25,0.6405409475853536
bb_ipp_nonadaptive,estimated,3689,307.33333333333337,0.6402461757518401
bb_ipp_nonadaptive,estimated,3690,307.41666666666663,0.6404487533243353
bb_ipp_nonadaptive,estimated,3691,307.5,0.6402754378654503
bb_ipp_nonadaptive,estimated,3692,307.58333333333337,0.6401807615526776
bb_ipp_nonadaptive,estimated,3693,307.66666666666663,0.6405390463939116
bb_ipp_nonadaptive,estimated,3694,307.75,0.6405385719441862
bb_ipp_nonadaptive,estimated,3695,307.83333333333337,0.6406408533447382
bb_ipp_nonadaptive,estimated,3696,307.91666666666663,0.6407958193569692
bb_ipp_nonadaptive,estimated,3697,308.0,0.6406424265000852
bb_ipp_nonadaptive,estimated,3698,308.08333333333337,0.6405716246343417
bb_ipp_nonadaptive,estimated,3699,308.16666666666663,0.6405137626016527
bb_ipp_nonadaptive,estimated,3700,308.25,0.6403552680540687
bb_ipp_nonadaptive,estimated,3701,308.33333333333337,0.6405333650238798
bb_ipp_nonadaptive,estimated,3702,308.41666666666663,0.6407037981531043
bb_ipp_nonadaptive,estimated,3703,308.5,0.6406223771186336
bb_ipp_nonadaptive,estimated,3704,308.58333333333337,0.6405554934106291
bb_ipp_nonadaptive,estimated,3705,308.66666666666663,0.6402580438339489
bb_ipp_nonadaptive,estimated,3706,308.75,0.6400304684431926
bb_ipp_nonadaptive,estimated,3707,308.83333333333337,0.6401441583883464
bb_ipp_nonadaptive,estimated,3708,308.91666666666663,0.6400576189883015
bb_ipp_nonadaptive,estimated,3709,309.0,0.6399783620651708
bb_ipp_nonadaptive,estimated,3710,309.08333333333337,0.6395157984783593
bb_ipp_nonadaptive,estimated,3711,309.16666666666663,0.6394283374571585
bb_ipp_nonadaptive,estimated,3712,309.25,0.6393704939105475
bb_ipp_nonadaptive,estimated,3713,309.33333333333337,0.6391653702105864
bb_ipp_nonadaptive,estimated,3714,309.41666666666663,0.6387105519277054
bb_ipp_nonadaptive,estimated,3715,309.5,0.6386622951482267
bb_ipp_nonadaptive,estimated,3716,309.58333333333337,0.6385187287174454
bb_ipp_nonadaptive,estimated,3717,309.66666666666663,0.6381275929167743
bb_ipp_nonadaptive,estimated,3718,309.75,0.6379097754536175
bb_ipp_nonadaptive,estimated,3719,309.83333333333337,0.6377452674466141
bb_ipp_nonadaptive,estimated,3720,309.91666666666663,0.6374873465492714
bb_ipp_nonadaptive,estimated,3721,310.0,0.637251765733339
bb_ipp_nonadaptive,estimated,3722,310.08333333333337,0.6372990370057647
bb_ipp_nonadaptive,estimated,3723,310.16666666666663,0.6370433762500491
bb_ipp_nonadaptive,estimated,3724,310.25,0.6366156783716703
bb_ipp_nonadaptive,estimated,3725,310.33333333333337,0.6364187665817804
bb_ipp_nonadaptive,estimated,3726,310.41666666666663,0.6362392281377611
bb_ipp_nonadaptive,estimated,3727,310.5,0.6360002212658011
bb_ipp_nonadaptive,estimated,3728,310.58333333333337,0.6357328130638928
bb_ipp_nonadaptive,estimated,3729,310.66666666666663,0.6355957635292566
bb_ipp_nonadaptive,estimated,3730,310.75,0.635056325393795
bb_ipp_nonadaptive,estimated,3731,310.83333333333337,0.634411202999933
bb_ipp_nonadaptive,estimated,3732,310.91666666666663,0.6339601881048679
bb_ipp_nonadaptive,estimated,3733,311.0,0.6332347754331746
bb_ipp_nonadaptive,estimated,3734,311.08333333333337,0.6329195822332535
bb_ipp_nonadaptive,estimated,3735,311.16666666666663,0.632326359683124
bb_ipp_nonadaptive,estimated,3736,311.25,0.6317149899176903
bb_ipp_nonadaptive,estimated,3737,311.33333333333337,0.6309678471816612
bb_ipp_nonadaptive,estimated,3738,311.41666666666663,0.6304880165479514
bb_ipp_nonadaptive,estimated,3739,311.5,0.6300433266420571
bb_ipp_nonadaptive,estimated,3740,311.58333333333337,0.6300312001495763
bb_ipp_nonadaptive,estimated,3741,311.66666666666663,0.6298858779699622
bb_ipp_nonadaptive,estimated,3742,311.75,0.6296923128338764
bb_ipp_nonadaptive,estimated,3743,311.83333333333337,0.6295039567003644
bb_ipp_nonadaptive,estimated,3744,311.91666666666663,0.6295532123353219
bb_ipp_nonadaptive,estimated,3745,312.0,0.6297760287963203
bb_ipp_nonadaptive,estimated,3746,312.08333333333337,0.6296960875112112
bb_ipp_nonadaptive,estimated,3747,312.16666666666663,0.6293086836601249
bb_ipp_nonadaptive,estimated,3748,312.25,0.629451111690183
bb_ipp_nonadaptive,estimated,3749,312.33333333333337,0.6292598650485172
bb_ipp_nonadaptive,estimated,3750,312.41666666666663,0.6293998013084167
bb_ipp_nonadaptive,estimated,3751,312.5,0.6295386103964846
bb_ipp_nonadaptive,estimated,3752,312.58333333333337,0.6299561688591481
bb_ipp_nonadaptive,estimated,3753,312.66666666666663,0.6299524098349762
bb_ipp_nonadaptive,estimated,3754,312.75,0.6303881990401673
bb_ipp_nonadaptive,estimated,3755,312.83333333333337,0.6302244633454903
bb_ipp_nonadaptive,estimated,3756,312.91666666666663,0.6300103369730579
bb_ipp_nonadaptive,estimated,3757,313.0,0.6297709616851396
bb_ipp_nonadaptive,estimated,3758,313.08333333333337,0.6296957748982679
bb_ipp_nonadaptive,estimated,3759,313.16666666666663,0.6296566382913089
bb_ipp_nonadaptive,estimated,3760,313.25,0.6296512047160321
bb_ipp_nonadaptive,estimated,3761,313.33333333333337,0.6294470916422099
bb_ipp_nonadaptive,estimated,3762,313.41666666666663,0.6294453453028837
bb_ipp_nonadaptive,estimated,3763,313.5,0.6295435224177536
bb_ipp_nonadaptive,estimated,3764,313.58333333333337,0.6294908200335085
bb_ipp_nonadaptive,estimated,3765,313.66666666666663,0.6295449797841813
bb_ipp_nonadaptive,estimated,3766,313.75,0.6294407133625847
bb_ipp_nonadaptive,estimated,3767,313.83333333333337,0.629257208186802
bb_ipp_nonadaptive,estimated,3768,313.91666666666663,0.6292847598941795
bb_ipp_nonadaptive,estimated,3769,314.0,0.6292334606496987
bb_ipp_nonadaptive,estimated,3770,314.08333333333337,0.6289513141044475
bb_ipp_nonadaptive,estimated,3771,314.16666666666663,0.6287940469018194
bb_ipp_nonadaptive,estimated,3772,314.25,0.6285833402634401
bb_ipp_nonadaptive,estimated,3773,314.33333333333337,0.6283399499822571
bb_ipp_nonadaptive,estimated,3774,314.41666666666663,0.6280086592485942
bb_ipp_nonadaptive,estimated,3775,314.5,0.6278547371697786
bb_ipp_nonadaptive,estimated,3776,314.58333333333337,0.6277059208611432
bb_ipp_nonadaptive,estimated,3777,314.66666666666663,0.6274637876230849
bb_ipp_nonadaptive,estimated,3778,314.75,0.6270918743469158
bb_ipp_nonadaptive,estimated,3779,314.83333333333337,0.6268406495027858
bb_ipp_nonadaptive,estimated,3780,314.91666666666663,0.6265604097633104
bb_ipp_nonadaptive,estimated,3781,315.0,0.6264295097923632
bb_ipp_nonadaptive,estimated,3782,315.08333333333337,0.6262024485060506
bb_ipp_nonadaptive,estimated,3783,315.16666666666663,0.6259065863338565
bb_ipp_nonadaptive,estimated,3784,315.25,0.6255827151456351
bb_ipp_nonadaptive,estimated,3785,315.33333333333337,0.6254243638464386
bb_ipp_nonadaptive,estimated,3786,315.41666666666663,0.6250953102344399
bb_ipp_nonadaptive,estimated,3787,315.5,0.6247325432636166
bb_ipp_nonadaptive,estimated,3788,315.58333333333337,0.6244295799975803
bb_ipp_nonadaptive,estimated,3789,315.66666666666663,0.6243705026788096
bb_ipp_nonadaptive,estimated,3790,315.75,0.6241308385586174
bb_ipp_nonadaptive,estimated,3791,315.83333333333337,0.623686984563769
bb_ipp_nonadaptive,estimated,3792,315.91666666666663,0.6233763111948106
bb_ipp_nonadaptive,estimated,3793,316.0,0.6231736175221999
bb_ipp_nonadaptive,estimated,3794,316.08333333333337,0.6229099562046118
bb_ipp_nonadaptive,estimated,3795,316.16666666666663,0.6228016222954076
bb_ipp_nonadaptive,estimated,3796,316.25,0.6226890219249943
bb_ipp_nonadaptive,estimated,3797,316.33333333333337,0.622428594160179
bb_ipp_nonadaptive,estimated,3798,316.41666666666663,0.6222808142105
bb_ipp_nonadaptive,estimated,3799,316.5,0.622060340766402
bb_ipp_nonadaptive,estimated,3800,316.58333333333337,0.621830106792229
bb_ipp_nonadaptive,estimated,3801,316.66666666666663,0.6217221461143777
bb_ipp_nonadaptive,estimated,3802,316.75,0.6215392008667349
bb_ipp_nonadaptive,estimated,3803,316.83333333333337,0.6213507032175044
bb_ipp_nonadaptive,estimated,3804,316.91666666666663,0.6213683634097068
bb_ipp_nonadaptive,estimated,3805,317.0,0.6215320499251392
bb_ipp_nonadaptive,estimated,3806,317.08333333333337,0.6214024093312541
bb_ipp_nonadaptive,estimated,3807,317.16666666666663,0.6215450971781389
bb_ipp_nonadaptive,estimated,3808,317.25,0.6218032260910049
bb_ipp_nonadaptive,estimated,3809,317.33333333333337,0.6220390352993806
bb_ipp_nonadaptive,estimated,3810,317.41666666666663,0.6222229565980602
bb_ipp_nonadaptive,estimated,3811,317.5,0.6222316306249485
bb_ipp_nonadaptive,estimated,3812,317.58333333333337,0.6224569793354784
bb_ipp_nonadaptive,estimated,3813,317.66666666666663,0.6224723178322017
bb_ipp_nonadaptive,estimated,3814,317.75,0.6226091125177796
bb_ipp_nonadaptive,estimated,3815,317.83333333333337,0.6227325591211543
bb_ipp_nonadaptive,estimated,3816,317.91666666666663,0.6226650403122762
bb_ipp_nonadaptive,estimated,3817,318.0,0.62275940228282
bb_ipp_nonadaptive,estimated,3818,318.08333333333337,0.6230420736619525
bb_ipp_nonadaptive,estimated,3819,318.16666666666663,0.6231912856652768
bb_ipp_nonadaptive,estimated,3820,318.25,0.6233840208496225
bb_ipp_nonadaptive,estimated,3821,318.33333333333337,0.6236423125266419
bb_ipp_nonadaptive,estimated,3822,318.41666666666663,0.6237116306478855
bb_ipp_nonadaptive,estimated,3823,318.5,0.6237175072914056
bb_ipp_nonadaptive,estimated,3824,318.58333333333337,0.6239727844639948
bb_ipp_nonadaptive,estimated,3825,318.66666666666663,0.6241241787551688
bb_ipp_nonadaptive,estimated,3826,318.75,0.6240803166416555
bb_ipp_nonadaptive,estimated,3827,318.83333333333337,0.6239121616760199
bb_ipp_nonadaptive,estimated,3828,318.91666666666663,0.6246465048155784
bb_ipp_nonadaptive,estimated,3829,319.0,0.6247051189676185
bb_ipp_nonadaptive,estimated,3830,319.08333333333337,0.6246814424718853
bb_ipp_nonadaptive,estimated,3831,319.16666666666663,0.6247239906503389
bb_ipp_nonadaptive,estimated,3832,319.25,0.6248084281988077
bb_ipp_nonadaptive,estimated,3833,319.33333333333337,0.6247905755661635
bb_ipp_nonadaptive,estimated,3834,319.41666666666663,0.6246362413514437
bb_ipp_nonadaptive,estimated,3835,319.5,0.6245806969043087
bb_ipp_nonadaptive,estimated,3836,319.58333333333337,0.62501988137103
bb_ipp_nonadaptive,estimated,3837,319.66666666666663,0.6246907287044511
bb_ipp_nonadaptive,estimated,3838,319.75,0.6247460715883109
bb_ipp_nonadaptive,estimated,3839,319.83333333333337,0.6240072520848199
bb_ipp_nonadaptive,estimated,3840,319.91666666666663,0.6234777372325645
bb_ipp_nonadaptive,estimated,3841,320.0,0.6226031612979794
bb_ipp_nonadaptive,estimated,3842,320.08333333333337,0.6226676460445608
bb_ipp_nonadaptive,estimated,3843,320.16666666666663,0.6222182512609431
bb_ipp_nonadaptive,estimated,3844,320.25,0.6212391817849203
bb_ipp_nonadaptive,estimated,3845,320.33333333333337,0.6220489842928534
bb_ipp_nonadaptive,estimated,3846,320.41666666666663,0.6222177547057001
bb_ipp_nonadaptive,estimated,3847,320.5,0.6226344500502741
bb_ipp_nonadaptive,estimated,3848,320.58333333333337,0.6197752358683092
bb_ipp_nonadaptive,estimated,3849,320.66666666666663,0.6189128939202099
bb_ipp_nonadaptive,estimated,3850,320.75,0.6163435209584607
bb_ipp_nonadaptive,estimated,3851,320.83333333333337,0.6116095446596069
bb_ipp_nonadaptive,estimated,3852,320.91666666666663,0.6113754756377879
bb_ipp_nonadaptive,estimated,3853,321.0,0.611968392023778
bb_ipp_nonadaptive,estimated,3854,321.08333333333337,0.6070740957716416
bb_ipp_nonadaptive,estimated,3855,321.16666666666663,0.6045966835239582
bb_ipp_nonadaptive,estimated,3856,321.25,0.6085810208843226
bb_ipp_nonadaptive,estimated,3857,321.33333333333337,0.608478612939512
bb_ipp_nonadaptive,estimated,3858,321.41666666666663,0.61083495506217
bb_ipp_nonadaptive,estimated,3859,321.5,0.6132319853271523
bb_ipp_nonadaptive,estimated,3860,321.58333333333337,0.61833075589266
bb_ipp_nonadaptive,estimated,3861,321.66666666666663,0.6231393119544517
bb_ipp_nonadaptive,estimated,3862,321.75,0.6196326925127228
bb_ipp_nonadaptive,estimated,3863,321.83333333333337,0.6202855188224572
bb_ipp_nonadaptive,estimated,3864,321.91666666666663,0.6242721070600915
bb_ipp_nonadaptive,estimated,3865,322.0,0.6256195961092624
bb_ipp_nonadaptive,estimated,3866,322.08333333333337,0.6267269668054907
bb_ipp_nonadaptive,estimated,3867,322.16666666666663,0.6289280313936029
bb_ipp_nonadaptive,estimated,3868,322.25,0.6291520393418771
bb_ipp_nonadaptive,estimated,3869,322.33333333333337,0.6295076151426567
bb_ipp_nonadaptive,estimated,3870,322.41666666666663,0.6290551370900843
bb_ipp_nonadaptive,estimated,3871,322.5,0.6310938443987039
bb_ipp_nonadaptive,estimated,3872,322.58333333333337,0.6329674641289301
bb_ipp_nonadaptive,estimated,3873,322.66666666666663,0.6345546208860319
bb_ipp_nonadaptive,estimated,3874,322.75,0.6351886979538007
bb_ipp_nonadaptive,estimated,3875,322.83333333333337,0.6361195495689139
bb_ipp_nonadaptive,estimated,3876,322.91666666666663,0.637010013408255
bb_ipp_nonadaptive,estimated,3877,323.0,0.6375252313055809
bb_ipp_nonadaptive,estimated,3878,323.08333333333337,0.6378300071355952
bb_ipp_nonadaptive,estimated,3879,323.16666666666663,0.6384125485746187
bb_ipp_nonadaptive,estimated,3880,323.25,0.6386357938906592
bb_ipp_nonadaptive,estimated,3881,323.33333333333337,0.638696218086193
bb_ipp_nonadaptive,estimated,3882,323.41666666666663,0.6391595376401114
bb_ipp_nonadaptive,estimated,3883,323.5,0.6398154208363177
bb_ipp_nonadaptive,estimated,3884,323.58333333333337,0.6405345784827841
bb_ipp_nonadaptive,estimated,3885,323.66666666666663,0.6410376403294777
bb_ipp_nonadaptive,estimated,3886,323.75,0.641264813725276
bb_ipp_nonadaptive,estimated,3887,323.83333333333337,0.6412714979985562
bb_ipp_nonadaptive,estimated,3888,323.91666666666663,0.6414656486744343
bb_ipp_nonadaptive,estimated,3889,324.0,0.6418427198523756
bb_ipp_nonadaptive,estimated,3890,324.08333333333337,0.6422108717374637
bb_ipp_nonadaptive,estimated,3891,324.16666666666663,0.6424764575721759
bb_ipp_nonadaptive,estimated,3892,324.25,0.6425176489614353
bb_ipp_nonadaptive,estimated,3893,324.33333333333337,0.6427266460765235
bb_ipp_nonadaptive,estimated,3894,324.41666666666663,0.6428588398622186
bb_ipp_nonadaptive,estimated,3895,324.5,0.6433151813523227
bb_ipp_nonadaptive,estimated,3896,324.58333333333337,0.643545061722109
bb_ipp_nonadaptive,estimated,3897,324.66666666666663,0.6438360117354676
bb_ipp_nonadaptive,estimated,3898,324.75,0.6440237993519886
bb_ipp_nonadaptive,estimated,3899,324.83333333333337,0.6442206665990902
bb_ipp_nonadaptive,estimated,3900,324.91666666666663,0.6444447098664883
bb_ipp_nonadaptive,estimated,3901,325.0,0.6446593834914648
bb_ipp_nonadaptive,estimated,3902,325.08333333333337,0.6448879707271438
bb_ipp_nonadaptive,estimated,3903,325.16666666666663,0.6450389612145778
bb_ipp_nonadaptive,estimated,3904,325.25,0.6452708589844257
bb_ipp_nonadaptive,estimated,3905,325.33333333333337,0.645402561403348
bb_ipp_nonadaptive,estimated,3906,325.41666666666663,0.6455315664159297
bb_ipp_nonadaptive,estimated,3907,325.5,0.6456892051214284
bb_ipp_nonadaptive,estimated,3908,325.58333333333337,0.6459412325085877
bb_ipp_nonadaptive,estimated,3909,325.66666666666663,0.6460916542704751
bb_ipp_nonadaptive,estimated,3910,325.75,0.6462888456094092
bb_ipp_nonadaptive,estimated,3911,325.83333333333337,0.6464531175606347
bb_ipp_nonadaptive,estimated,3912,325.91666666666663,0.6464672272939006
bb_ipp_nonadaptive,estimated,3913,326.0,0.6465419532006526
bb_ipp_nonadaptive,estimated,3914,326.08333333333337,0.6468383101933254
bb_ipp_nonadaptive,estimated,3915,326.16666666666663,0.6470919679211868
bb_ipp_nonadaptive,estimated,3916,326.25,0.6472213074359228
bb_ipp_nonadaptive,estimated,3917,326.33333333333337,0.6473369823182699
bb_ipp_nonadaptive,estimated,3918,326.41666666666663,0.64737946073745
bb_ipp_nonadaptive,estimated,3919,326.5,0.6475166596307101
bb_ipp_nonadaptive,estimated,3920,326.58333333333337,0.6477521577298015
bb_ipp_nonadaptive,estimated,3921,326.66666666666663,0.647973039147935
bb_ipp_nonadaptive,estimated,3922,326.75,0.648132765793641
bb_ipp_nonadaptive,estimated,3923,326.83333333333337,0.6482057130499153
bb_ipp_nonadaptive,estimated,3924,326.91666666666663,0.6481173777640853
bb_ipp_nonadaptive,estimated,3925,327.0,0.6481832299037044
bb_ipp_nonadaptive,estimated,3926,327.08333333333337,0.6483713430310829
bb_ipp_nonadaptive,estimated,3927,327.16666666666663,0.6486005778136127
bb_ipp_nonadaptive,estimated,3928,327.25,0.6487162060205077
bb_ipp_nonadaptive,estimated,3929,327.33333333333337,0.6487676000628495
bb_ipp_nonadaptive,estimated,3930,327.41666666666663,0.648741057952501
bb_ipp_nonadaptive,estimated,3931,327.5,0.6487842514450022
bb_ipp_nonadaptive,estimated,3932,327.58333333333337,0.6489125214757598
bb_ipp_nonadaptive,estimated,3933,327.66666666666663,0.6491041296018105
bb_ipp_nonadaptive,estimated,3934,327.75,0.6492427754590278
bb_ipp_nonadaptive,estimated,3935,327.83333333333337,0.6492545620412521
bb_ipp_nonadaptive,estimated,3936,327.91666666666663,0.6492168050174569
bb_ipp_nonadaptive,estimated,3937,328.0,0.6492400287571046
bb_ipp_nonadaptive,estimated,3938,328.08333333333337,0.6493392560518011
bb_ipp_nonadaptive,estimated,3939,328.16666666666663,0.6494162995865506
bb_ipp_nonadaptive,estimated,3940,328.25,0.6494992422005935
bb_ipp_nonadaptive,estimated,3941,328.33333333333337,0.6495656816356846
bb_ipp_nonadaptive,estimated,3942,328.41666666666663,0.6496527625946569
bb_ipp_nonadaptive,estimated,3943,328.5,0.6496877785252705
bb_ipp_nonadaptive,estimated,3944,328.58333333333337,0.6497014920295674
bb_ipp_nonadaptive,estimated,3945,328.66666666666663,0.649603240543688
bb_ipp_nonadaptive,estimated,3946,328.75,0.6494912338814789
bb_ipp_nonadaptive,estimated,3947,328.83333333333337,0.6494899096398413
bb_ipp_nonadaptive,estimated,3948,328.91666666666663,0.6495535036298716
bb_ipp_nonadaptive,estimated,3949,329.0,0.6496106397623402
bb_ipp_nonadaptive,estimated,3950,329.08333333333337,0.649580251216747
bb_ipp_nonadaptive,estimated,3951,329.16666666666663,0.649584050578806
bb_ipp_nonadaptive,estimated,3952,329.25,0.6495732582989181
bb_ipp_nonadaptive,estimated,3953,329.33333333333337,0.6495671921343266
bb_ipp_nonadaptive,estimated,3954,329.41666666666663,0.6495267708391574
bb_ipp_nonadaptive,estimated,3955,329.5,0.6494016185950816
bb_ipp_nonadaptive,estimated,3956,329.58333333333337,0.6493043455001941
bb_ipp_nonadaptive,estimated,3957,329.66666666666663,0.6492955032272912
bb_ipp_nonadaptive,estimated,3958,329.75,0.6492404413584927
bb_ipp_nonadaptive,estimated,3959,329.83333333333337,0.6490934533563903
bb_ipp_nonadaptive,estimated,3960,329.91666666666663,0.6489672697387671
bb_ipp_nonadaptive,estimated,3961,330.0,0.6489335249287645
bb_ipp_nonadaptive,estimated,3962,330.08333333333337,0.6489294307679465
bb_ipp_nonadaptive,estimated,3963,330.16666666666663,0.6488489403228035
bb_ipp_nonadaptive,estimated,3964,330.25,0.6487190919942396
bb_ipp_nonadaptive,estimated,3965,330.33333333333337,0.6486732898942122
bb_ipp_nonadaptive,estimated,3966,330.41666666666663,0.6486669355961661
bb_ipp_nonadaptive,estimated,3967,330.5,0.6486367536090003
bb_ipp_nonadaptive,estimated,3968,330.58333333333337,0.648522286706548
bb_ipp_nonadaptive,estimated,3969,330.66666666666663,0.6483790972996035
bb_ipp_nonadaptive,estimated,3970,330.75,0.6482251045724081
bb_ipp_nonadaptive,estimated,3971,330.83333333333337,0.6480398359265689
bb_ipp_nonadaptive,estimated,3972,330.91666666666663,0.6478114840512503
bb_ipp_nonadaptive,estimated,3973,331.0,0.6475375051194866
bb_ipp_nonadaptive,estimated,3974,331.08333333333337,0.6472391213646148
bb_ipp_nonadaptive,estimated,3975,331.16666666666663,0.6468891353076688
bb_ipp_nonadaptive,estimated,3976,331.25,0.6465153563499415
bb_ipp_nonadaptive,estimated,3977,331.33333333333337,0.6461766793877329
bb_ipp_nonadaptive,estimated,3978,331.41666666666663,0.6458690590107414
bb_ipp_nonadaptive,estimated,3979,331.5,0.6456108217642519
bb_ipp_nonadaptive,estimated,3980,331.58333333333337,0.6454092010560439
bb_ipp_nonadaptive,estimated,3981,331.66666666666663,0.6452199269085315
bb_ipp_nonadaptive,estimated,3982,331.75,0.6449944490775619
bb_ipp_nonadaptive,estimated,3983,331.83333333333337,0.6446962007456948
bb_ipp_nonadaptive,estimated,3984,331.91666666666663,0.644434268953096
bb_ipp_nonadaptive,estimated,3985,332.0,0.6442025653701006
bb_ipp_nonadaptive,estimated,3986,332.08333333333337,0.6440510547607792
bb_ipp_nonadaptive,estimated,3987,332.16666666666663,0.6438822113096333
bb_ipp_nonadaptive,estimated,3988,332.25,0.6437252942070067
bb_ipp_nonadaptive,estimated,3989,332.33333333333337,0.6434993054707859
bb_ipp_nonadaptive,estimated,3990,332.41666666666663,0.6432365057380544
bb_ipp_nonadaptive,estimated,3991,332.5,0.6430281870756912
bb_ipp_nonadaptive,estimated,3992,332.58333333333337,0.6429189201368426
bb_ipp_nonadaptive,estimated,3993,332.66666666666663,0.6427966555202196
bb_ipp_nonadaptive,estimated,3994,332.75,0.642643008538238
bb_ipp_nonadaptive,estimated,3995,332.83333333333337,0.6424790617931133
bb_ipp_nonadaptive,estimated,3996,332.91666666666663,0.6422664563796545
bb_ipp_nonadaptive,estimated,3997,333.0,0.6421263197017019
bb_ipp_nonadaptive,estimated,3998,333.08333333333337,0.6420059387384875
bb_ipp_nonadaptive,estimated,3999,333.16666666666663,0.6418258371785198
bb_ipp_nonadaptive,estimated,4000,333.25,0.6416328769943577
bb_ipp_nonadaptive,estimated,4001,333.33333333333337,0.6415058355982832
bb_ipp_nonadaptive,estimated,4002,333.41666666666663,0.6413330851399923
bb_ipp_nonadaptive,estimated,4003,333.5,0.6412157919846693
bb_ipp_nonadaptive,estimated,4004,333.58333333333337,0.6410187008553799
bb_ipp_nonadaptive,estimated,4005,333.66666666666663,0.6408131248614549
bb_ipp_nonadaptive,estimated,4006,333.75,0.6406259500003781
bb_ipp_nonadaptive,estimated,4007,333.83333333333337,0.6405312554495332
bb_ipp_nonadaptive,estimated,4008,333.91666666666663,0.6404885467206104
bb_ipp_nonadaptive,estimated,4009,334.0,0.6404073616814165
bb_ipp_nonadaptive,estimated,4010,334.08333333333337,0.6403372877666142
bb_ipp_nonadaptive,estimated,4011,334.16666666666663,0.6402407109906103
bb_ipp_nonadaptive,estimated,4012,334.25,0.640140040845572
bb_ipp_nonadaptive,estimated,4013,334.33333333333337,0.6400383362683479
bb_ipp_nonadaptive,estimated,4014,334.41666666666663,0.6399176510711291
bb_ipp_nonadaptive,estimated,4015,334.5,0.6398703853455736
bb_ipp_nonadaptive,estimated,4016,334.58333333333337,0.6397851380204841
bb_ipp_nonadaptive,estimated,4017,334.66666666666663,0.6397044414327395
bb_ipp_nonadaptive,estimated,4018,334.75,0.6395465719648672
bb_ipp_nonadaptive,estimated,4019,334.83333333333337,0.6393083759738283
bb_ipp_nonadaptive,estimated,4020,334.91666666666663,0.639450223439168
bb_ipp_nonadaptive,estimated,4021,335.0,0.6393127840182466
bb_ipp_nonadaptive,estimated,4022,335.08333333333337,0.6396720843369715
bb_ipp_nonadaptive,estimated,4023,335.16666666666663,0.6398132890246865
bb_ipp_nonadaptive,estimated,4024,335.25,0.6393358541918304
bb_ipp_nonadaptive,estimated,4025,335.33333333333337,0.639091458592526
bb_ipp_nonadaptive,estimated,4026,335.41666666666663,0.6379863212636346
bb_ipp_nonadaptive,estimated,4027,335.5,0.6377760836077091
bb_ipp_nonadaptive,estimated,4028,335.58333333333337,0.6375563717297834
bb_ipp_nonadaptive,estimated,4029,335.66666666666663,0.6373655546926603
bb_ipp_nonadaptive,estimated,4030,335.75,0.637230380869104
bb_ipp_nonadaptive,estimated,4031,335.83333333333337,0.6370331320030018
bb_ipp_nonadaptive,estimated,4032,335.91666666666663,0.6364755509430725
bb_ipp_nonadaptive,estimated,4033,336.0,0.6356771433023348
bb_ipp_nonadaptive,estimated,4034,336.08333333333337,0.6340678994526531
bb_ipp_nonadaptive,estimated,4035,336.16666666666663,0.6327580086873104
bb_ipp_nonadaptive,estimated,4036,336.25,0.6316278250652593
bb_ipp_nonadaptive,estimated,4037,336.33333333333337,0.6315008961875459
bb_ipp_nonadaptive,estimated,4038,336.41666666666663,0.6305001808093924
bb_ipp_nonadaptive,estimated,4039,336.5,0.6301379652134215
bb_ipp_nonadaptive,estimated,4040,336.58333333333337,0.6307547488814006
bb_ipp_nonadaptive,estimated,4041,336.66666666666663,0.6299879645227688
bb_ipp_nonadaptive,estimated,4042,336.75,0.629239865216693
bb_ipp_nonadaptive,estimated,4043,336.83333333333337,0.629173468635771
bb_ipp_nonadaptive,estimated,4044,336.91666666666663,0.6273676791051139
bb_ipp_nonadaptive,estimated,4045,337.0,0.6286202906214862
bb_ipp_nonadaptive,estimated,4046,337.08333333333337,0.6268256645064398
bb_ipp_nonadaptive,estimated,4047,337.16666666666663,0.6273518147597966
bb_ipp_nonadaptive,estimated,4048,337.25,0.6269099970753734
bb_ipp_nonadaptive,estimated,4049,337.33333333333337,0.625887836625687
bb_ipp_nonadaptive,estimated,4050,337.41666666666663,0.6270980829605328
bb_ipp_nonadaptive,estimated,4051,337.5,0.6257566659356076
bb_ipp_nonadaptive,estimated,4052,337.58333333333337,0.6259139993099949
bb_ipp_nonadaptive,estimated,4053,337.66666666666663,0.627304526439898
bb_ipp_nonadaptive,estimated,4054,337.75,0.6284569945149714
bb_ipp_nonadaptive,estimated,4055,337.83333333333337,0.6280480284177687
bb_ipp_nonadaptive,estimated,4056,337.91666666666663,0.6284456398168244
bb_ipp_nonadaptive,estimated,4057,338.0,0.6284908870505357
bb_ipp_nonadaptive,estimated,4058,338.08333333333337,0.6296315210950215
bb_ipp_nonadaptive,estimated,4059,338.16666666666663,0.6300833518719988
bb_ipp_nonadaptive,estimated,4060,338.25,0.6304076588902353
bb_ipp_nonadaptive,estimated,4061,338.33333333333337,0.6320437205670648
bb_ipp_nonadaptive,estimated,4062,338.41666666666663,0.6309781308145612
bb_ipp_nonadaptive,estimated,4063,338.5,0.6299852933929634
bb_ipp_nonadaptive,estimated,4064,338.58333333333337,0.6304105993678251
bb_ipp_nonadaptive,estimated,4065,338.66666666666663,0.6325552674262412
bb_ipp_nonadaptive,estimated,4066,338.75,0.6335593428209595
bb_ipp_nonadaptive,estimated,4067,338.83333333333337,0.6341628057591815
bb_ipp_nonadaptive,estimated,4068,338.91666666666663,0.6351011184402922
bb_ipp_nonadaptive,estimated,4069,339.0,0.6355204469690637
bb_ipp_nonadaptive,estimated,4070,339.08333333333337,0.6364169346850244
bb_ipp_nonadaptive,estimated,4071,339.16666666666663,0.636426397903021
bb_ipp_nonadaptive,estimated,4072,339.25,0.6366037473869298
bb_ipp_nonadaptive,estimated,4073,339.33333333333337,0.6366847045487151
bb_ipp_nonadaptive,estimated,4074,339.41666666666663,0.6369075175496972
bb_ipp_nonadaptive,estimated,4075,339.5,0.6375012315702546
bb_ipp_nonadaptive,estimated,4076,339.58333333333337,0.6376881595663697
bb_ipp_nonadaptive,estimated,4077,339.66666666666663,0.6377669056490292
bb_ipp_nonadaptive,estimated,4078,339.75,0.6383310383494174
bb_ipp_nonadaptive,estimated,4079,339.83333333333337,0.6384586195341789
bb_ipp_nonadaptive,estimated,4080,339.91666666666663,0.6387385344266225
bb_ipp_nonadaptive,estimated,4081,340.0,0.6389619806441694
bb_ipp_nonadaptive,estimated,4082,340.08333333333337,0.6393835461459944
bb_ipp_nonadaptive,estimated,4083,340.16666666666663,0.639533165436267
bb_ipp_nonadaptive,estimated,4084,340.25,0.6395518295451464
bb_ipp_nonadaptive,estimated,4085,340.33333333333337,0.6399323164981214
bb_ipp_nonadaptive,estimated,4086,340.41666666666663,0.6399098839226494
bb_ipp_nonadaptive,estimated,4087,340.5,0.6399527352733521
bb_ipp_nonadaptive,estimated,4088,340.58333333333337,0.6400842260993048
bb_ipp_nonadaptive,estimated,4089,340.66666666666663,0.6401372831757951
bb_ipp_nonadaptive,estimated,4090,340.75,0.64029101282925
bb_ipp_nonadaptive,estimated,4091,340.83333333333337,0.6405529827325398
bb_ipp_nonadaptive,estimated,4092,340.91666666666663,0.6407708120689435
bb_ipp_nonadaptive,estimated,4093,341.0,0.6410189576343608
bb_ipp_nonadaptive,estimated,4094,341.08333333333337,0.641031767932252
bb_ipp_nonadaptive,estimated,4095,341.16666666666663,0.6411152381867965
bb_ipp_nonadaptive,estimated,4096,341.25,0.6411916016151182
bb_ipp_nonadaptive,estimated,4097,341.33333333333337,0.6414562036130019
bb_ipp_nonadaptive,estimated,4098,341.41666666666663,0.6415544627876067
bb_ipp_nonadaptive,estimated,4099,341.5,0.6415748250916035
bb_ipp_nonadaptive,estimated,4100,341.58333333333337,0.6415545809577906
bb_ipp_nonadaptive,estimated,4101,341.66666666666663,0.6417041787416186
bb_ipp_nonadaptive,estimated,4102,341.75,0.6417706394512193
bb_ipp_nonadaptive,estimated,4103,341.83333333333337,0.6418304272633618
bb_ipp_nonadaptive,estimated,4104,341.91666666666663,0.6417654295000735
bb_ipp_nonadaptive,estimated,4105,342.0,0.6418182147108522
bb_ipp_nonadaptive,estimated,4106,342.08333333333337,0.6418784666274784
bb_ipp_nonadaptive,estimated,4107,342.16666666666663,0.6418170408192186
bb_ipp_nonadaptive,estimated,4108,342.25,0.641917040613501
bb_ipp_nonadaptive,estimated,4109,342.33333333333337,0.6416801143535046
bb_ipp_nonadaptive,estimated,4110,342.41666666666663,0.6417395118958364
bb_ipp_nonadaptive,estimated,4111,342.5,0.6419357484140435
bb_ipp_nonadaptive,estimated,4112,342.58333333333337,0.6417674418990627
bb_ipp_nonadaptive,estimated,4113,342.66666666666663,0.6415630376813299
bb_ipp_nonadaptive,estimated,4114,342.75,0.6416686325848266
bb_ipp_nonadaptive,estimated,4115,342.83333333333337,0.6419442298199818
bb_ipp_nonadaptive,estimated,4116,342.91666666666663,0.642131657466628
bb_ipp_nonadaptive,estimated,4117,343.0,0.6421852369770198
bb_ipp_nonadaptive,estimated,4118,343.08333333333337,0.6420490262655492
bb_ipp_nonadaptive,estimated,4119,343.16666666666663,0.642047687990578
bb_ipp_nonadaptive,estimated,4120,343.25,0.6418524065040199
bb_ipp_nonadaptive,estimated,4121,343.33333333333337,0.6419048890151988
bb_ipp_nonadaptive,estimated,4122,343.41666666666663,0.6419104463328146
bb_ipp_nonadaptive,estimated,4123,343.5,0.6418838501717165
bb_ipp_nonadaptive,estimated,4124,343.58333333333337,0.6418679114970837
bb_ipp_nonadaptive,estimated,4125,343.66666666666663,0.6420213530307274
bb_ipp_nonadaptive,estimated,4126,343.75,0.6418558008212002
bb_ipp_nonadaptive,estimated,4127,343.83333333333337,0.6417198003350862
bb_ipp_nonadaptive,estimated,4128,343.91666666666663,0.6416603985198797
bb_ipp_nonadaptive,estimated,4129,344.0,0.6415203409393252
bb_ipp_nonadaptive,estimated,4130,344.08333333333337,0.6412789639356316
bb_ipp_nonadaptive,estimated,4131,344.16666666666663,0.6413853943004937
bb_ipp_nonadaptive,estimated,4132,344.25,0.6415367458388451
bb_ipp_nonadaptive,estimated,4133,344.33333333333337,0.6415928423482713
bb_ipp_nonadaptive,estimated,4134,344.41666666666663,0.6414767448617859
bb_ipp_nonadaptive,estimated,4135,344.5,0.6414276897215628
bb_ipp_nonadaptive,estimated,4136,344.58333333333337,0.6412984472883838
bb_ipp_nonadaptive,estimated,4137,344.66666666666663,0.6411621303123202
bb_ipp_nonadaptive,estimated,4138,344.75,0.641039609189209
bb_ipp_nonadaptive,estimated,4139,344.83333333333337,0.6407639096221904
bb_ipp_nonadaptive,estimated,4140,344.91666666666663,0.6404732445498055
bb_ipp_nonadaptive,estimated,4141,345.0,0.6402393419098196
bb_ipp_nonadaptive,estimated,4142,345.08333333333337,0.6401023883372099
bb_ipp_nonadaptive,estimated,4143,345.16666666666663,0.6399328001270076
bb_ipp_nonadaptive,estimated,4144,345.25,0.639759356112443
bb_ipp_nonadaptive,estimated,4145,345.33333333333337,0.6394833953237102
bb_ipp_nonadaptive,estimated,4146,345.41666666666663,0.6393036102014238
bb_ipp_nonadaptive,estimated,4147,345.5,0.6389835712801869
bb_ipp_nonadaptive,estimated,4148,345.58333333333337,0.6387043464765689
bb_ipp_nonadaptive,estimated,4149,345.66666666666663,0.6383248114685836
bb_ipp_nonadaptive,estimated,4150,345.75,0.638022994370597
bb_ipp_nonadaptive,estimated,4151,345.83333333333337,0.6377076600718793
bb_ipp_nonadaptive,estimated,4152,345.91666666666663,0.6374300093385035
bb_ipp_nonadaptive,estimated,4153,346.0,0.6370576005754481
bb_ipp_nonadaptive,estimated,4154,346.08333333333337,0.636654399124116
bb_ipp_nonadaptive,estimated,4155,346.16666666666663,0.6361910511346632
bb_ipp_nonadaptive,estimated,4156,346.25,0.635776646816185
bb_ipp_nonadaptive,estimated,4157,346.33333333333337,0.6353373019590219
bb_ipp_nonadaptive,estimated,4158,346.41666666666663,0.6348667454909468
bb_ipp_nonadaptive,estimated,4159,346.5,0.634293779855004
bb_ipp_nonadaptive,estimated,4160,346.58333333333337,0.6337940560072158
bb_ipp_nonadaptive,estimated,4161,346.66666666666663,0.6332754558057079
bb_ipp_nonadaptive,estimated,4162,346.75,0.6326538216913833
bb_ipp_nonadaptive,estimated,4163,346.83333333333337,0.6320850974487353
bb_ipp_nonadaptive,estimated,4164,346.91666666666663,0.6316124942570058
bb_ipp_nonadaptive,estimated,4165,347.0,0.6311432376860822
bb_ipp_nonadaptive,estimated,4166,347.08333333333337,0.630708570314883
bb_ipp_nonadaptive,estimated,4167,347.16666666666663,0.6303308813535119
bb_ipp_nonadaptive,estimated,4168,347.25,0.6298721073600481
bb_ipp_nonadaptive,estimated,4169,347.33333333333337,0.6294511865698351
bb_ipp_nonadaptive,estimated,4170,347.41666666666663,0.6291301950264847
bb_ipp_nonadaptive,estimated,4171,347.5,0.6288714096331326
bb_ipp_nonadaptive,estimated,4172,347.58333333333337,0.628679950767192
bb_ipp_nonadaptive,estimated,4173,347.66666666666663,0.628504232900528
bb_ipp_nonadaptive,estimated,4174,347.75,0.6283090776848955
bb_ipp_nonadaptive,estimated,4175,347.83333333333337,0.628097707328804
bb_ipp_nonadaptive,estimated,4176,347.91666666666663,0.6279117497380329
bb_ipp_nonadaptive,estimated,4177,348.0,0.6277419274844361
bb_ipp_nonadaptive,estimated,4178,348.08333333333337,0.6276477593814305
bb_ipp_nonadaptive,estimated,4179,348.16666666666663,0.6274856708849226
bb_ipp_nonadaptive,estimated,4180,348.25,0.6273091158152602
bb_ipp_nonadaptive,estimated,4181,348.33333333333337,0.6272737092051365
bb_ipp_nonadaptive,estimated,4182,348.41666666666663,0.6271543987471055
bb_ipp_nonadaptive,estimated,4183,348.5,0.6269924261985885
bb_ipp_nonadaptive,estimated,4184,348.58333333333337,0.6267711746397011
bb_ipp_nonadaptive,estimated,4185,348.66666666666663,0.6266329294375311
bb_ipp_nonadaptive,estimated,4186,348.75,0.6266080115613749
bb_ipp_nonadaptive,estimated,4187,348.83333333333337,0.6264664486958207
bb_ipp_nonadaptive,estimated,4188,348.91666666666663,0.6263301511492291
bb_ipp_nonadaptive,estimated,4189,349.0,0.6262188940087351
bb_ipp_nonadaptive,estimated,4190,349.08333333333337,0.6260372699347744
bb_ipp_nonadaptive,estimated,4191,349.16666666666663,0.6259477809931859
bb_ipp_nonadaptive,estimated,4192,349.25,0.6258561142941544
bb_ipp_nonadaptive,estimated,4193,349.33333333333337,0.6257131883784413
bb_ipp_nonadaptive,estimated,4194,349.41666666666663,0.6255613047351929
bb_ipp_nonadaptive,estimated,4195,349.5,0.625462349137989
bb_ipp_nonadaptive,estimated,4196,349.58333333333337,0.6254537811149979
bb_ipp_nonadaptive,estimated,4197,349.66666666666663,0.6253722814898507
bb_ipp_nonadaptive,estimated,4198,349.75,0.625178187654129
bb_ipp_nonadaptive,estimated,4199,349.83333333333337,0.6249797986287016
bb_ipp_nonadaptive,estimated,4200,349.91666666666663,0.6248408939333048
bb_ipp_nonadaptive,estimated,4201,350.0,0.6248369088027095
bb_ipp_nonadaptive,estimated,4202,350.08333333333337,0.6246988227399239
bb_ipp_nonadaptive,estimated,4203,350.16666666666663,0.6246043830675323
bb_ipp_nonadaptive,estimated,4204,350.25,0.624606128746006
bb_ipp_nonadaptive,estimated,4205,350.33333333333337,0.6244704907926482
bb_ipp_nonadaptive,estimated,4206,350.41666666666663,0.624473625665215
bb_ipp_nonadaptive,estimated,4207,350.5,0.6243409802894219
bb_ipp_nonadaptive,estimated,4208,350.58333333333337,0.6243127823774378
bb_ipp_nonadaptive,estimated,4209,350.66666666666663,0.624185075897224
bb_ipp_nonadaptive,estimated,4210,350.75,0.6240415985649358
bb_ipp_nonadaptive,estimated,4211,350.83333333333337,0.6240037393406285
bb_ipp_nonadaptive,estimated,4212,350.91666666666663,0.6240693714460557
bb_ipp_nonadaptive,estimated,4213,351.0,0.6239515403044116
bb_ipp_nonadaptive,estimated,4214,351.08333333333337,0.6238187800825881
bb_ipp_nonadaptive,estimated,4215,351.16666666666663,0.623728643936486
bb_ipp_nonadaptive,estimated,4216,351.25,0.6237148058092864
bb_ipp_nonadaptive,estimated,4217,351.33333333333337,0.6235319261283908
bb_ipp_nonadaptive,estimated,4218,351.41666666666663,0.6235028517545159
bb_ipp_nonadaptive,estimated,4219,351.5,0.6234979410303013
bb_ipp_nonadaptive,estimated,4220,351.58333333333337,0.6235459580484046
bb_ipp_nonadaptive,estimated,4221,351.66666666666663,0.623670557091048
bb_ipp_nonadaptive,estimated,4222,351.75,0.6235482052611908
bb_ipp_nonadaptive,estimated,4223,351.83333333333337,0.6235278362530814
bb_ipp_nonadaptive,estimated,4224,351.91666666666663,0.6237205342230235
bb_ipp_nonadaptive,estimated,4225,352.0,0.6237383618606523
bb_ipp_nonadaptive,estimated,4226,352.08333333333337,0.6237555168181685
bb_ipp_nonadaptive,estimated,4227,352.16666666666663,0.6238535924510314
bb_ipp_nonadaptive,estimated,4228,352.25,0.6240376741084206
bb_ipp_nonadaptive,estimated,4229,352.33333333333337,0.6242789952302572
bb_ipp_nonadaptive,estimated,4230,352.41666666666663,0.6244658449377513
bb_ipp_nonadaptive,estimated,4231,352.5,0.6244970562432504
bb_ipp_nonadaptive,estimated,4232,352.58333333333337,0.624610451260815
bb_ipp_nonadaptive,estimated,4233,352.66666666666663,0.6246747863179067
bb_ipp_nonadaptive,estimated,4234,352.75,0.6247286895001951
bb_ipp_nonadaptive,estimated,4235,352.83333333333337,0.6248988459321866
bb_ipp_nonadaptive,estimated,4236,352.91666666666663,0.6249557040078847
bb_ipp_nonadaptive,estimated,4237,353.0,0.6251943707347626
bb_ipp_nonadaptive,estimated,4238,353.08333333333337,0.6253001938261571
bb_ipp_nonadaptive,estimated,4239,353.16666666666663,0.6253787647780615
bb_ipp_nonadaptive,estimated,4240,353.25,0.6254899568007916
bb_ipp_nonadaptive,estimated,4241,353.33333333333337,0.6258015336033276
bb_ipp_nonadaptive,estimated,4242,353.41666666666663,0.6260716989809673
bb_ipp_nonadaptive,estimated,4243,353.5,0.6263030365322658
bb_ipp_nonadaptive,estimated,4244,353.58333333333337,0.626444871343486
bb_ipp_nonadaptive,estimated,4245,353.66666666666663,0.6267082402860137
bb_ipp_nonadaptive,estimated,4246,353.75,0.6268944156817945
bb_ipp_nonadaptive,estimated,4247,353.83333333333337,0.6272581960520822
bb_ipp_nonadaptive,estimated,4248,353.91666666666663,0.6274138358414634
bb_ipp_nonadaptive,estimated,4249,354.0,0.6275909411529188
bb_ipp_nonadaptive,estimated,4250,354.08333333333337,0.6276849833542926
bb_ipp_nonadaptive,estimated,4251,354.16666666666663,0.6278666038794672
bb_ipp_nonadaptive,estimated,4252,354.25,0.6279717214505302
bb_ipp_nonadaptive,estimated,4253,354.33333333333337,0.6280116024164075
bb_ipp_nonadaptive,estimated,4254,354.41666666666663,0.6279754782984095
bb_ipp_nonadaptive,estimated,4255,354.5,0.6280600903165933
bb_ipp_nonadaptive,estimated,4256,354.58333333333337,0.6281800014351384
bb_ipp_nonadaptive,estimated,4257,354.66666666666663,0.6282231301924919
bb_ipp_nonadaptive,estimated,4258,354.75,0.6281938101010623
bb_ipp_nonadaptive,estimated,4259,354.83333333333337,0.6283484755464138
bb_ipp_nonadaptive,estimated,4260,354.91666666666663,0.6284189064878762
bb_ipp_nonadaptive,estimated,4261,355.0,0.6285099101952145
bb_ipp_nonadaptive,estimated,4262,355.08333333333337,0.6285063000650846
bb_ipp_nonadaptive,estimated,4263,355.16666666666663,0.6286303653684259
bb_ipp_nonadaptive,estimated,4264,355.25,0.628771404082923
bb_ipp_nonadaptive,estimated,4265,355.33333333333337,0.6289674320056358
bb_ipp_nonadaptive,estimated,4266,355.41666666666663,0.6290128730416356
bb_ipp_nonadaptive,estimated,4267,355.5,0.6292436457739559
bb_ipp_nonadaptive,estimated,4268,355.58333333333337,0.6295025796474254
bb_ipp_nonadaptive,estimated,4269,355.66666666666663,0.6296292964860059
bb_ipp_nonadaptive,estimated,4270,355.75,0.6297149516422758
bb_ipp_nonadaptive,estimated,4271,355.83333333333337,0.6298946657349643
bb_ipp_nonadaptive,estimated,4272,355.91666666666663,0.6301916020795802
bb_ipp_nonadaptive,estimated,4273,356.0,0.6303913150029292
bb_ipp_nonadaptive,estimated,4274,356.08333333333337,0.6306122179856932
bb_ipp_nonadaptive,estimated,4275,356.16666666666663,0.6307617677618219
bb_ipp_nonadaptive,estimated,4276,356.25,0.6309579385995543
bb_ipp_nonadaptive,estimated,4277,356.33333333333337,0.6311723418081057
bb_ipp_nonadaptive,estimated,4278,356.41666666666663,0.6313317683458417
bb_ipp_nonadaptive,estimated,4279,356.5,0.6313579612384231
bb_ipp_nonadaptive,estimated,4280,356.58333333333337,0.6314379240584361
bb_ipp_nonadaptive,estimated,4281,356.66666666666663,0.6316936748298904
bb_ipp_nonadaptive,estimated,4282,356.75,0.6320230982690194
bb_ipp_nonadaptive,estimated,4283,356.83333333333337,0.6323451314801969
bb_ipp_nonadaptive,estimated,4284,356.91666666666663,0.6326254897381003
bb_ipp_nonadaptive,estimated,4285,357.0,0.6327905397613378
bb_ipp_nonadaptive,estimated,4286,357.08333333333337,0.633124349602435
bb_ipp_nonadaptive,estimated,4287,357.16666666666663,0.6333203877823463
bb_ipp_nonadaptive,estimated,4288,357.25,0.6335279346725747
bb_ipp_nonadaptive,estimated,4289,357.33333333333337,0.6336178089077025
bb_ipp_nonadaptive,estimated,4290,357.41666666666663,0.6337652122066817
bb_ipp_nonadaptive,estimated,4291,357.5,0.6340158328731584
bb_ipp_nonadaptive,estimated,4292,357.58333333333337,0.6341745878875662
bb_ipp_nonadaptive,estimated,4293,357.66666666666663,0.6342445419001496
bb_ipp_nonadaptive,estimated,4294,357.75,0.6343603071436469
bb_ipp_nonadaptive,estimated,4295,357.83333333333337,0.6345506038520023
bb_ipp_nonadaptive,estimated,4296,357.91666666666663,0.6347897789661787
bb_ipp_nonadaptive,estimated,4297,358.0,0.6350438415804238
bb_ipp_nonadaptive,estimated,4298,358.08333333333337,0.6352291289399326
bb_ipp_nonadaptive,estimated,4299,358.16666666666663,0.6353919591261137
bb_ipp_nonadaptive,estimated,4300,358.25,0.6355753774134485
bb_ipp_nonadaptive,estimated,4301,358.33333333333337,0.6357013517118217
bb_ipp_nonadaptive,estimated,4302,358.41666666666663,0.6356605368383387
bb_ipp_nonadaptive,estimated,4303,358.5,0.6356122473064676
bb_ipp_nonadaptive,estimated,4304,358.58333333333337,0.6357457753286772
bb_ipp_nonadaptive,estimated,4305,358.66666666666663,0.6359043458778764
bb_ipp_nonadaptive,estimated,4306,358.75,0.6361080661779731
bb_ipp_nonadaptive,estimated,4307,358.83333333333337,0.6359997719742364
bb_ipp_nonadaptive,estimated,4308,358.91666666666663,0.6359789687769318
bb_ipp_nonadaptive,estimated,4309,359.0,0.6361926957963455
bb_ipp_nonadaptive,estimated,4310,359.08333333333337,0.636259780609383
bb_ipp_nonadaptive,estimated,4311,359.16666666666663,0.6365124785868476
bb_ipp_nonadaptive,estimated,4312,359.25,0.6363547855043975
bb_ipp_nonadaptive,estimated,4313,359.33333333333337,0.6361298602061994
bb_ipp_nonadaptive,estimated,4314,359.41666666666663,0.6360723862705651
bb_ipp_nonadaptive,estimated,4315,359.5,0.6362747527478189
bb_ipp_nonadaptive,estimated,4316,359.58333333333337,0.6361325880204899
bb_ipp_nonadaptive,estimated,4317,359.66666666666663,0.6360638512985978
bb_ipp_nonadaptive,estimated,4318,359.75,0.6359953788795798
bb_ipp_nonadaptive,estimated,4319,359.83333333333337,0.6353499509640318
bb_ipp_nonadaptive,estimated,4320,359.91666666666663,0.6348101482507909
bb_ipp_nonadaptive,estimated,4321,360.0,0.6346419663791858
bb_ipp_nonadaptive,gt,1,0.0,0.5298262477282941
bb_ipp_nonadaptive,gt,2,0.08333333333337123,0.5391491479789037
bb_ipp_nonadaptive,gt,3,0.16666666666662877,0.5417954632375445
bb_ipp_nonadaptive,gt,4,0.25,0.543210788917724
bb_ipp_nonadaptive,gt,5,0.33333333333337123,0.5441701210536721
bb_ipp_nonadaptive,gt,6,0.41666666666662877,0.5448927188666365
bb_ipp_nonadaptive,gt,7,0.5,0.5454601914839442
bb_ipp_nonadaptive,gt,8,0.5833333333333712,0.5459103322765465
bb_ipp_nonadaptive,gt,9,0.6666666666666288,0.5462710356862668
bb_ipp_nonadaptive,gt,10,0.75,0.546572732285746
bb_ipp_nonadaptive,gt,11,0.8333333333333712,0.5468562483739171
bb_ipp_nonadaptive,gt,12,0.9166666666666288,0.5471711364801682
bb_ipp_nonadaptive,gt,13,1.0,0.5475431304045765
bb_ipp_nonadaptive,gt,14,1.0833333333333712,0.5479656271963331
bb_ipp_nonadaptive,gt,15,1.1666666666666288,0.5484120029355568
bb_ipp_nonadaptive,gt,16,1.25,0.5488457144463849
bb_ipp_nonadaptive,gt,17,1.3333333333333712,0.5492366759507662
bb_ipp_nonadaptive,gt,18,1.4166666666666288,0.5495736282682733
bb_ipp_nonadaptive,gt,19,1.5,0.5498739932958815
bb_ipp_nonadaptive,gt,20,1.5833333333333712,0.5501940057291086
bb_ipp_nonadaptive,gt,21,1.6666666666666288,0.5505824315595756
bb_ipp_nonadaptive,gt,22,1.75,0.5510371389144296
bb_ipp_nonadaptive,gt,23,1.8333333333333712,0.5515158200856999
bb_ipp_nonadaptive,gt,24,1.9166666666666288,0.5519600968097553
bb_ipp_nonadaptive,gt,25,2.0,0.5523204132980122
bb_ipp_nonadaptive,gt,26,2.0833333333333712,0.5525810338397624
bb_ipp_nonadaptive,gt,27,2.1666666666666288,0.552871661500657
bb_ipp_nonadaptive,gt,28,2.25,0.5532982622289085
bb_ipp_nonadaptive,gt,29,2.3333333333333712,0.5538273444550956
bb_ipp_nonadaptive,gt,30,2.4166666666666288,0.5543751818346745
bb_ipp_nonadaptive,gt,31,2.5,0.5548583304496665
bb_ipp_nonadaptive,gt,32,2.5833333333333712,0.5552379839822467
bb_ipp_nonadaptive,gt,33,2.6666666666666288,0.5555787765982615
bb_ipp_nonadaptive,gt,34,2.75,0.5559911124687836
bb_ipp_nonadaptive,gt,35,2.8333333333333712,0.5564923781688987
bb_ipp_nonadaptive,gt,36,2.9166666666666288,0.5570351002342363
bb_ipp_nonadaptive,gt,37,3.0,0.5575602730725873
bb_ipp_nonadaptive,gt,38,3.0833333333333712,0.5580334385139185
bb_ipp_nonadaptive,gt,39,3.1666666666666288,0.5584610847165049
bb_ipp_nonadaptive,gt,40,3.25,0.558880019910513
bb_ipp_nonadaptive,gt,41,3.3333333333333712,0.5593243493427165
bb_ipp_nonadaptive,gt,42,3.4166666666666288,0.5597936083856504
bb_ipp_nonadaptive,gt,43,3.5,0.5602541782496485
bb_ipp_nonadaptive,gt,44,3.5833333333333712,0.5606736810987999
bb_ipp_nonadaptive,gt,45,3.6666666666666288,0.56105252508736
bb_ipp_nonadaptive,gt,46,3.75,0.5614332202457494
bb_ipp_nonadaptive,gt,47,3.8333333333333712,0.5618564643012869
bb_ipp_nonadaptive,gt,48,3.9166666666666288,0.5623022013681498
bb_ipp_nonadaptive,gt,49,4.0,0.5627015889732561
bb_ipp_nonadaptive,gt,50,4.083333333333371,0.5629945705945218
bb_ipp_nonadaptive,gt,51,4.166666666666629,0.5632910407961722
bb_ipp_nonadaptive,gt,52,4.25,0.5637213801062491
bb_ipp_nonadaptive,gt,53,4.333333333333371,0.564234429405139
bb_ipp_nonadaptive,gt,54,4.416666666666629,0.5647431904837268
bb_ipp_nonadaptive,gt,55,4.5,0.5651931686928381
bb_ipp_nonadaptive,gt,56,4.583333333333371,0.5655567195847433
bb_ipp_nonadaptive,gt,57,4.666666666666629,0.565823090552977
bb_ipp_nonadaptive,gt,58,4.75,0.5661058989045915
bb_ipp_nonadaptive,gt,59,4.833333333333371,0.5665040272902967
bb_ipp_nonadaptive,gt,60,4.916666666666629,0.5669670712849173
bb_ipp_nonadaptive,gt,61,5.0,0.567419655810126
bb_ipp_nonadaptive,gt,62,5.083333333333371,0.5678122308689585
bb_ipp_nonadaptive,gt,63,5.166666666666629,0.5681027444490665
bb_ipp_nonadaptive,gt,64,5.25,0.5683158789395881
bb_ipp_nonadaptive,gt,65,5.333333333333371,0.5686489226570496
bb_ipp_nonadaptive,gt,66,5.416666666666629,0.5690924869358424
bb_ipp_nonadaptive,gt,67,5.5,0.5695401913835022
bb_ipp_nonadaptive,gt,68,5.583333333333371,0.5699322752202396
bb_ipp_nonadaptive,gt,69,5.666666666666629,0.5702926609354839
bb_ipp_nonadaptive,gt,70,5.75,0.5706669260512542
bb_ipp_nonadaptive,gt,71,5.833333333333371,0.5710560309359144
bb_ipp_nonadaptive,gt,72,5.916666666666629,0.5714206996279082
bb_ipp_nonadaptive,gt,73,6.0,0.5717516207876525
bb_ipp_nonadaptive,gt,74,6.083333333333371,0.5720973794996285
bb_ipp_nonadaptive,gt,75,6.166666666666629,0.5724846873140702
bb_ipp_nonadaptive,gt,76,6.25,0.5728762906897986
bb_ipp_nonadaptive,gt,77,6.333333333333371,0.573238192791139
bb_ipp_nonadaptive,gt,78,6.416666666666629,0.5736026611604959
bb_ipp_nonadaptive,gt,79,6.5,0.5740103481330786
bb_ipp_nonadaptive,gt,80,6.583333333333371,0.5744378899287913
bb_ipp_nonadaptive,gt,81,6.666666666666629,0.5748342877762912
bb_ipp_nonadaptive,gt,82,6.75,0.5752063651595714
bb_ipp_nonadaptive,gt,83,6.833333333333371,0.5756117803198312
bb_ipp_nonadaptive,gt,84,6.916666666666629,0.576055224883922
bb_ipp_nonadaptive,gt,85,7.0,0.5764656629808985
bb_ipp_nonadaptive,gt,86,7.083333333333371,0.5767985615527566
bb_ipp_nonadaptive,gt,87,7.166666666666629,0.5771619449345733
bb_ipp_nonadaptive,gt,88,7.25,0.577622125441179
bb_ipp_nonadaptive,gt,89,7.333333333333371,0.578085629278051
bb_ipp_nonadaptive,gt,90,7.416666666666629,0.5784140571236985
bb_ipp_nonadaptive,gt,91,7.5,0.5787356959525357
bb_ipp_nonadaptive,gt,92,7.583333333333371,0.5792209585933443
bb_ipp_nonadaptive,gt,93,7.666666666666629,0.5797567525414971
bb_ipp_nonadaptive,gt,94,7.75,0.5801932241627368
bb_ipp_nonadaptive,gt,95,7.833333333333371,0.5805458870056767
bb_ipp_nonadaptive,gt,96,7.916666666666629,0.5809753251074687
bb_ipp_nonadaptive,gt,97,8.0,0.5814741629838969
bb_ipp_nonadaptive,gt,98,8.083333333333371,0.5819362362778985
bb_ipp_nonadaptive,gt,99,8.166666666666629,0.5823169045224237
bb_ipp_nonadaptive,gt,100,8.25,0.5826978324221183
bb_ipp_nonadaptive,gt,101,8.333333333333371,0.5831310946179761
bb_ipp_nonadaptive,gt,102,8.416666666666629,0.5835640783326228
bb_ipp_nonadaptive,gt,103,8.5,0.5839384778422022
bb_ipp_nonadaptive,gt,104,8.583333333333371,0.5842819183088368
bb_ipp_nonadaptive,gt,105,8.666666666666629,0.5846589585441445
bb_ipp_nonadaptive,gt,106,8.75,0.5850597257198721
bb_ipp_nonadaptive,gt,107,8.833333333333371,0.5854155067158939
bb_ipp_nonadaptive,gt,108,8.916666666666629,0.5857131137299512
bb_ipp_nonadaptive,gt,109,9.0,0.5860361243416287
bb_ipp_nonadaptive,gt,110,9.083333333333371,0.5864103080239139
bb_ipp_nonadaptive,gt,111,9.166666666666629,0.5867544728563735
bb_ipp_nonadaptive,gt,112,9.25,0.5870004746326618
bb_ipp_nonadaptive,gt,113,9.333333333333371,0.5872508740004384
bb_ipp_nonadaptive,gt,114,9.416666666666629,0.5875915703916406
bb_ipp_nonadaptive,gt,115,9.5,0.5879355288996784
bb_ipp_nonadaptive,gt,116,9.583333333333371,0.5881587317836336
bb_ipp_nonadaptive,gt,117,9.666666666666629,0.5883253528901867
bb_ipp_nonadaptive,gt,118,9.75,0.5886139534917937
bb_ipp_nonadaptive,gt,119,9.833333333333371,0.5889494946214714
bb_ipp_nonadaptive,gt,120,9.916666666666629,0.5891914514101978
bb_ipp_nonadaptive,gt,121,10.0,0.589314984851761
bb_ipp_nonadaptive,gt,122,10.083333333333371,0.5895319786023442
bb_ipp_nonadaptive,gt,123,10.166666666666629,0.5898328567128476
bb_ipp_nonadaptive,gt,124,10.25,0.5901092508417147
bb_ipp_nonadaptive,gt,125,10.333333333333371,0.5903184477680479
bb_ipp_nonadaptive,gt,126,10.416666666666629,0.5905146701712448
bb_ipp_nonadaptive,gt,127,10.5,0.5907313072228728
bb_ipp_nonadaptive,gt,128,10.583333333333371,0.5909469248199246
bb_ipp_nonadaptive,gt,129,10.666666666666629,0.5911163730962635
bb_ipp_nonadaptive,gt,130,10.75,0.5911891711352464
bb_ipp_nonadaptive,gt,131,10.833333333333371,0.5912284361673207
bb_ipp_nonadaptive,gt,132,10.916666666666629,0.5913970379297232
bb_ipp_nonadaptive,gt,133,11.0,0.5916481824192241
bb_ipp_nonadaptive,gt,134,11.083333333333371,0.591896838014699
bb_ipp_nonadaptive,gt,135,11.166666666666629,0.5920913691568732
bb_ipp_nonadaptive,gt,136,11.25,0.5922157172044723
bb_ipp_nonadaptive,gt,137,11.333333333333371,0.5923165626882733
bb_ipp_nonadaptive,gt,138,11.416666666666629,0.5924575278615194
bb_ipp_nonadaptive,gt,139,11.5,0.5926373187627437
bb_ipp_nonadaptive,gt,140,11.583333333333371,0.592816781149535
bb_ipp_nonadaptive,gt,141,11.666666666666629,0.592977170608162
bb_ipp_nonadaptive,gt,142,11.75,0.5931343641957051
bb_ipp_nonadaptive,gt,143,11.833333333333371,0.593322267558443
bb_ipp_nonadaptive,gt,144,11.916666666666629,0.5935233696575984
bb_ipp_nonadaptive,gt,145,12.0,0.5936613334812378
bb_ipp_nonadaptive,gt,146,12.083333333333371,0.5937673518851662
bb_ipp_nonadaptive,gt,147,12.166666666666629,0.5939925333361866
bb_ipp_nonadaptive,gt,148,12.25,0.594303879138236
bb_ipp_nonadaptive,gt,149,12.333333333333371,0.5946132325968494
bb_ipp_nonadaptive,gt,150,12.416666666666629,0.5948713767622203
bb_ipp_nonadaptive,gt,151,12.5,0.5950836749222707
bb_ipp_nonadaptive,gt,152,12.583333333333371,0.5952988668556214
bb_ipp_nonadaptive,gt,153,12.666666666666629,0.5955481364400197
bb_ipp_nonadaptive,gt,154,12.75,0.5957747440137685
bb_ipp_nonadaptive,gt,155,12.833333333333371,0.5958848953307507
bb_ipp_nonadaptive,gt,156,12.916666666666629,0.5960275618638157
bb_ipp_nonadaptive,gt,157,13.0,0.596313422390046
bb_ipp_nonadaptive,gt,158,13.083333333333371,0.5966484448354897
bb_ipp_nonadaptive,gt,159,13.166666666666629,0.5969382392347655
bb_ipp_nonadaptive,gt,160,13.25,0.5971701597379276
bb_ipp_nonadaptive,gt,161,13.333333333333371,0.5973895682042201
bb_ipp_nonadaptive,gt,162,13.416666666666629,0.5976245778098428
bb_ipp_nonadaptive,gt,163,13.5,0.5978486345616303
bb_ipp_nonadaptive,gt,164,13.583333333333371,0.5980070998865249
bb_ipp_nonadaptive,gt,165,13.666666666666629,0.598097245542347
bb_ipp_nonadaptive,gt,166,13.75,0.59823898725872
bb_ipp_nonadaptive,gt,167,13.833333333333371,0.5984529627872998
bb_ipp_nonadaptive,gt,168,13.916666666666629,0.5986401110221321
bb_ipp_nonadaptive,gt,169,14.0,0.5987522309177639
bb_ipp_nonadaptive,gt,170,14.083333333333371,0.5988865160921756
bb_ipp_nonadaptive,gt,171,14.166666666666629,0.5990784119660933
bb_ipp_nonadaptive,gt,172,14.25,0.599274226551299
bb_ipp_nonadaptive,gt,173,14.333333333333371,0.5994206505181224
bb_ipp_nonadaptive,gt,174,14.416666666666629,0.599507240316236
bb_ipp_nonadaptive,gt,175,14.5,0.5995730627585579
bb_ipp_nonadaptive,gt,176,14.583333333333371,0.5996623261174586
bb_ipp_nonadaptive,gt,177,14.666666666666629,0.5997419027669207
bb_ipp_nonadaptive,gt,178,14.75,0.599738444668093
bb_ipp_nonadaptive,gt,179,14.833333333333371,0.5997028427479535
bb_ipp_nonadaptive,gt,180,14.916666666666629,0.5997660777753692
bb_ipp_nonadaptive,gt,181,15.0,0.5998733291781118
bb_ipp_nonadaptive,gt,182,15.083333333333371,0.5999115485040816
bb_ipp_nonadaptive,gt,183,15.166666666666629,0.5998673519770323
bb_ipp_nonadaptive,gt,184,15.25,0.5999147856656762
bb_ipp_nonadaptive,gt,185,15.333333333333371,0.6000427222031697
bb_ipp_nonadaptive,gt,186,15.416666666666629,0.6001497170551497
bb_ipp_nonadaptive,gt,187,15.5,0.6001876294849487
bb_ipp_nonadaptive,gt,188,15.583333333333371,0.6002438024932812
bb_ipp_nonadaptive,gt,189,15.666666666666629,0.6003698335265266
bb_ipp_nonadaptive,gt,190,15.75,0.6005141061584879
bb_ipp_nonadaptive,gt,191,15.833333333333371,0.6006157999025633
bb_ipp_nonadaptive,gt,192,15.916666666666629,0.6007024891238332
bb_ipp_nonadaptive,gt,193,16.0,0.6008350404658409
bb_ipp_nonadaptive,gt,194,16.08333333333337,0.60100516355875
bb_ipp_nonadaptive,gt,195,16.16666666666663,0.6011547898733952
bb_ipp_nonadaptive,gt,196,16.25,0.6012693950926051
bb_ipp_nonadaptive,gt,197,16.33333333333337,0.6014064028461977
bb_ipp_nonadaptive,gt,198,16.41666666666663,0.6015905367433546
bb_ipp_nonadaptive,gt,199,16.5,0.601764689765441
bb_ipp_nonadaptive,gt,200,16.58333333333337,0.6018747391591835
bb_ipp_nonadaptive,gt,201,16.66666666666663,0.6019778831427073
bb_ipp_nonadaptive,gt,202,16.75,0.6021543812171246
bb_ipp_nonadaptive,gt,203,16.83333333333337,0.6023546070706051
bb_ipp_nonadaptive,gt,204,16.91666666666663,0.6024647548858117
bb_ipp_nonadaptive,gt,205,17.0,0.6025067853095962
bb_ipp_nonadaptive,gt,206,17.08333333333337,0.602672002529225
bb_ipp_nonadaptive,gt,207,17.16666666666663,0.6029043591248171
bb_ipp_nonadaptive,gt,208,17.25,0.6030648878314208
bb_ipp_nonadaptive,gt,209,17.33333333333337,0.6030911529105555
bb_ipp_nonadaptive,gt,210,17.41666666666663,0.6031983026135163
bb_ipp_nonadaptive,gt,211,17.5,0.6033937247388571
bb_ipp_nonadaptive,gt,212,17.58333333333337,0.6035536342111688
bb_ipp_nonadaptive,gt,213,17.66666666666663,0.6035829746266033
bb_ipp_nonadaptive,gt,214,17.75,0.6036085343678796
bb_ipp_nonadaptive,gt,215,17.83333333333337,0.6037237807659747
bb_ipp_nonadaptive,gt,216,17.91666666666663,0.6038447025735341
bb_ipp_nonadaptive,gt,217,18.0,0.6038679963687298
bb_ipp_nonadaptive,gt,218,18.08333333333337,0.603824605489256
bb_ipp_nonadaptive,gt,219,18.16666666666663,0.6038503011914685
bb_ipp_nonadaptive,gt,220,18.25,0.6039146908070916
bb_ipp_nonadaptive,gt,221,18.33333333333337,0.6039145657967319
bb_ipp_nonadaptive,gt,222,18.41666666666663,0.6038063279145433
bb_ipp_nonadaptive,gt,223,18.5,0.6037563678354724
bb_ipp_nonadaptive,gt,224,18.58333333333337,0.6037764615230111
bb_ipp_nonadaptive,gt,225,18.66666666666663,0.6037842153445449
bb_ipp_nonadaptive,gt,226,18.75,0.6037418522610163
bb_ipp_nonadaptive,gt,227,18.83333333333337,0.6036791679658782
bb_ipp_nonadaptive,gt,228,18.91666666666663,0.603616249042223
bb_ipp_nonadaptive,gt,229,19.0,0.6035515007926856
bb_ipp_nonadaptive,gt,230,19.08333333333337,0.6034715521035454
bb_ipp_nonadaptive,gt,231,19.16666666666663,0.6033578875575744
bb_ipp_nonadaptive,gt,232,19.25,0.6032462996567252
bb_ipp_nonadaptive,gt,233,19.33333333333337,0.6031825297900001
bb_ipp_nonadaptive,gt,234,19.41666666666663,0.6031353738954942
bb_ipp_nonadaptive,gt,235,19.5,0.6030685466843331
bb_ipp_nonadaptive,gt,236,19.58333333333337,0.6030044998066932
bb_ipp_nonadaptive,gt,237,19.66666666666663,0.6029814460620448
bb_ipp_nonadaptive,gt,238,19.75,0.6030123361911558
bb_ipp_nonadaptive,gt,239,19.83333333333337,0.603047109461338
bb_ipp_nonadaptive,gt,240,19.91666666666663,0.6030370975072646
bb_ipp_nonadaptive,gt,241,20.0,0.6030501832811134
bb_ipp_nonadaptive,gt,242,20.08333333333337,0.6031527811129715
bb_ipp_nonadaptive,gt,243,20.16666666666663,0.6032790871964945
bb_ipp_nonadaptive,gt,244,20.25,0.6033276558762962
bb_ipp_nonadaptive,gt,245,20.33333333333337,0.603361953988948
bb_ipp_nonadaptive,gt,246,20.41666666666663,0.6035130900446486
bb_ipp_nonadaptive,gt,247,20.5,0.603728057593943
bb_ipp_nonadaptive,gt,248,20.58333333333337,0.6039175813193467
bb_ipp_nonadaptive,gt,249,20.66666666666663,0.6040674509178104
bb_ipp_nonadaptive,gt,250,20.75,0.6042250008158511
bb_ipp_nonadaptive,gt,251,20.83333333333337,0.6044121656003858
bb_ipp_nonadaptive,gt,252,20.91666666666663,0.6046037022044409
bb_ipp_nonadaptive,gt,253,21.0,0.6047470356149178
bb_ipp_nonadaptive,gt,254,21.08333333333337,0.6048263563247417
bb_ipp_nonadaptive,gt,255,21.16666666666663,0.6049587428404852
bb_ipp_nonadaptive,gt,256,21.25,0.6051854190996125
bb_ipp_nonadaptive,gt,257,21.33333333333337,0.6054065513921485
bb_ipp_nonadaptive,gt,258,21.41666666666663,0.6055515181662466
bb_ipp_nonadaptive,gt,259,21.5,0.6057230447430363
bb_ipp_nonadaptive,gt,260,21.58333333333337,0.6059797027992861
bb_ipp_nonadaptive,gt,261,21.66666666666663,0.6062638799200624
bb_ipp_nonadaptive,gt,262,21.75,0.6065088342899441
bb_ipp_nonadaptive,gt,263,21.83333333333337,0.6067057003970474
bb_ipp_nonadaptive,gt,264,21.91666666666663,0.6068941669658239
bb_ipp_nonadaptive,gt,265,22.0,0.6071101091320249
bb_ipp_nonadaptive,gt,266,22.08333333333337,0.6073222718025646
bb_ipp_nonadaptive,gt,267,22.16666666666663,0.607457230179463
bb_ipp_nonadaptive,gt,268,22.25,0.6075448653389853
bb_ipp_nonadaptive,gt,269,22.33333333333337,0.6077408956017739
bb_ipp_nonadaptive,gt,270,22.41666666666663,0.6080035042596919
bb_ipp_nonadaptive,gt,271,22.5,0.6081943352939505
bb_ipp_nonadaptive,gt,272,22.58333333333337,0.6082697037649866
bb_ipp_nonadaptive,gt,273,22.66666666666663,0.6084375926695804
bb_ipp_nonadaptive,gt,274,22.75,0.6087005081626893
bb_ipp_nonadaptive,gt,275,22.83333333333337,0.6089339501417819
bb_ipp_nonadaptive,gt,276,22.91666666666663,0.6090539352037962
bb_ipp_nonadaptive,gt,277,23.0,0.6091745508474719
bb_ipp_nonadaptive,gt,278,23.08333333333337,0.609388284154002
bb_ipp_nonadaptive,gt,279,23.16666666666663,0.6096206340960504
bb_ipp_nonadaptive,gt,280,23.25,0.609778350923066
bb_ipp_nonadaptive,gt,281,23.33333333333337,0.6098841087063036
bb_ipp_nonadaptive,gt,282,23.41666666666663,0.610041159663032
bb_ipp_nonadaptive,gt,283,23.5,0.6102367644482951
bb_ipp_nonadaptive,gt,284,23.58333333333337,0.6103808904811567
bb_ipp_nonadaptive,gt,285,23.66666666666663,0.6104444858078735
bb_ipp_nonadaptive,gt,286,23.75,0.6105278719607563
bb_ipp_nonadaptive,gt,287,23.83333333333337,0.6106715664951015
bb_ipp_nonadaptive,gt,288,23.91666666666663,0.6107962913351747
bb_ipp_nonadaptive,gt,289,24.0,0.6108005400533939
bb_ipp_nonadaptive,gt,290,24.08333333333337,0.6108102013494175
bb_ipp_nonadaptive,gt,291,24.16666666666663,0.6109390955084691
bb_ipp_nonadaptive,gt,292,24.25,0.6110931709613393
bb_ipp_nonadaptive,gt,293,24.33333333333337,0.6111604207686032
bb_ipp_nonadaptive,gt,294,24.41666666666663,0.6111740574000556
bb_ipp_nonadaptive,gt,295,24.5,0.6112574254854246
bb_ipp_nonadaptive,gt,296,24.58333333333337,0.6113952407284177
bb_ipp_nonadaptive,gt,297,24.66666666666663,0.6115001572412646
bb_ipp_nonadaptive,gt,298,24.75,0.6115436278294718
bb_ipp_nonadaptive,gt,299,24.83333333333337,0.6115993226201134
bb_ipp_nonadaptive,gt,300,24.91666666666663,0.6117023800988102
bb_ipp_nonadaptive,gt,301,25.0,0.6118024570463213
bb_ipp_nonadaptive,gt,302,25.08333333333337,0.6118549141310405
bb_ipp_nonadaptive,gt,303,25.16666666666663,0.6118894717830154
bb_ipp_nonadaptive,gt,304,25.25,0.6119484857101138
bb_ipp_nonadaptive,gt,305,25.33333333333337,0.6120176367348265
bb_ipp_nonadaptive,gt,306,25.41666666666663,0.6120606804539825
bb_ipp_nonadaptive,gt,307,25.5,0.6120806687206707
bb_ipp_nonadaptive,gt,308,25.58333333333337,0.6121200090067701
bb_ipp_nonadaptive,gt,309,25.66666666666663,0.6121878891421737
bb_ipp_nonadaptive,gt,310,25.75,0.6122467650233279
bb_ipp_nonadaptive,gt,311,25.83333333333337,0.6122761696286003
bb_ipp_nonadaptive,gt,312,25.91666666666663,0.6123106814731523
bb_ipp_nonadaptive,gt,313,26.0,0.6123768345093659
bb_ipp_nonadaptive,gt,314,26.08333333333337,0.6124458720472012
bb_ipp_nonadaptive,gt,315,26.16666666666663,0.6124792787043488
bb_ipp_nonadaptive,gt,316,26.25,0.6124964359411326
bb_ipp_nonadaptive,gt,317,26.33333333333337,0.6125442531210007
bb_ipp_nonadaptive,gt,318,26.41666666666663,0.6126132439554917
bb_ipp_nonadaptive,gt,319,26.5,0.6126445476067927
bb_ipp_nonadaptive,gt,320,26.58333333333337,0.6126264861842897
bb_ipp_nonadaptive,gt,321,26.66666666666663,0.6126428692930006
bb_ipp_nonadaptive,gt,322,26.75,0.6127170529555453
bb_ipp_nonadaptive,gt,323,26.83333333333337,0.6127647613986222
bb_ipp_nonadaptive,gt,324,26.91666666666663,0.612701793229339
bb_ipp_nonadaptive,gt,325,27.0,0.6126676499360596
bb_ipp_nonadaptive,gt,326,27.08333333333337,0.6127382261507647
bb_ipp_nonadaptive,gt,327,27.16666666666663,0.6128183290024295
bb_ipp_nonadaptive,gt,328,27.25,0.6128036558453467
bb_ipp_nonadaptive,gt,329,27.33333333333337,0.6127551798097498
bb_ipp_nonadaptive,gt,330,27.41666666666663,0.6127881243888667
bb_ipp_nonadaptive,gt,331,27.5,0.6128504667328266
bb_ipp_nonadaptive,gt,332,27.58333333333337,0.6128526347674084
bb_ipp_nonadaptive,gt,333,27.66666666666663,0.6127893765473487
bb_ipp_nonadaptive,gt,334,27.75,0.6127487370491934
bb_ipp_nonadaptive,gt,335,27.83333333333337,0.6127436435915389
bb_ipp_nonadaptive,gt,336,27.91666666666663,0.6127207008693847
bb_ipp_nonadaptive,gt,337,28.0,0.6126411251102138
bb_ipp_nonadaptive,gt,338,28.08333333333337,0.6125325720962235
bb_ipp_nonadaptive,gt,339,28.16666666666663,0.6124331158491448
bb_ipp_nonadaptive,gt,340,28.25,0.6123251466800478
bb_ipp_nonadaptive,gt,341,28.33333333333337,0.6121702341359528
bb_ipp_nonadaptive,gt,342,28.41666666666663,0.6119798976055887
bb_ipp_nonadaptive,gt,343,28.5,0.6118052725936765
bb_ipp_nonadaptive,gt,344,28.58333333333337,0.6116436515436423
bb_ipp_nonadaptive,gt,345,28.66666666666663,0.6114500680724724
bb_ipp_nonadaptive,gt,346,28.75,0.6112167099625255
bb_ipp_nonadaptive,gt,347,28.83333333333337,0.6109919843917444
bb_ipp_nonadaptive,gt,348,28.91666666666663,0.6107893297221337
bb_ipp_nonadaptive,gt,349,29.0,0.6105780875191803
bb_ipp_nonadaptive,gt,350,29.08333333333337,0.610337130678293
bb_ipp_nonadaptive,gt,351,29.16666666666663,0.6100769752908493
bb_ipp_nonadaptive,gt,352,29.25,0.6098168844734299
bb_ipp_nonadaptive,gt,353,29.33333333333337,0.6095577177024846
bb_ipp_nonadaptive,gt,354,29.41666666666663,0.6092718234772867
bb_ipp_nonadaptive,gt,355,29.5,0.608930109145347
bb_ipp_nonadaptive,gt,356,29.58333333333337,0.6086132314165853
bb_ipp_nonadaptive,gt,357,29.66666666666663,0.608356995471988
bb_ipp_nonadaptive,gt,358,29.75,0.6081218940555443
bb_ipp_nonadaptive,gt,359,29.83333333333337,0.6078724822765378
bb_ipp_nonadaptive,gt,360,29.91666666666663,0.6075895815155717
bb_ipp_nonadaptive,gt,361,30.0,0.6072670752858892
bb_ipp_nonadaptive,gt,362,30.08333333333337,0.606954771555993
bb_ipp_nonadaptive,gt,363,30.16666666666663,0.6066117173800538
bb_ipp_nonadaptive,gt,364,30.25,0.6063830131995193
bb_ipp_nonadaptive,gt,365,30.33333333333337,0.6062185915239092
bb_ipp_nonadaptive,gt,366,30.41666666666663,0.6060575970726898
bb_ipp_nonadaptive,gt,367,30.5,0.6059584043091659
bb_ipp_nonadaptive,gt,368,30.58333333333337,0.6059440634193999
bb_ipp_nonadaptive,gt,369,30.66666666666663,0.6059525450243961
bb_ipp_nonadaptive,gt,370,30.75,0.605934737664481
bb_ipp_nonadaptive,gt,371,30.83333333333337,0.6059136064143761
bb_ipp_nonadaptive,gt,372,30.91666666666663,0.6059290760855333
bb_ipp_nonadaptive,gt,373,31.0,0.6059737419373316
bb_ipp_nonadaptive,gt,374,31.08333333333337,0.6060109432190008
bb_ipp_nonadaptive,gt,375,31.16666666666663,0.6060214939000769
bb_ipp_nonadaptive,gt,376,31.25,0.606037153166701
bb_ipp_nonadaptive,gt,377,31.33333333333337,0.6061016989843812
bb_ipp_nonadaptive,gt,378,31.41666666666663,0.6061851786413016
bb_ipp_nonadaptive,gt,379,31.5,0.6062005779926936
bb_ipp_nonadaptive,gt,380,31.58333333333337,0.606173016921993
bb_ipp_nonadaptive,gt,381,31.66666666666663,0.6062859648752102
bb_ipp_nonadaptive,gt,382,31.75,0.6064814675227156
bb_ipp_nonadaptive,gt,383,31.83333333333337,0.6066510576664493
bb_ipp_nonadaptive,gt,384,31.91666666666663,0.6067721520249925
bb_ipp_nonadaptive,gt,385,32.0,0.6069011651775046
bb_ipp_nonadaptive,gt,386,32.08333333333337,0.6070631204917689
bb_ipp_nonadaptive,gt,387,32.16666666666663,0.607225061552711
bb_ipp_nonadaptive,gt,388,32.25,0.6073449905100782
bb_ipp_nonadaptive,gt,389,32.33333333333337,0.6074396097019784
bb_ipp_nonadaptive,gt,390,32.41666666666663,0.6075583795921737
bb_ipp_nonadaptive,gt,391,32.5,0.607705555179712
bb_ipp_nonadaptive,gt,392,32.58333333333337,0.6078331838326965
bb_ipp_nonadaptive,gt,393,32.66666666666663,0.6079136667920806
bb_ipp_nonadaptive,gt,394,32.75,0.6080088258424212
bb_ipp_nonadaptive,gt,395,32.83333333333337,0.6081717415520393
bb_ipp_nonadaptive,gt,396,32.91666666666663,0.6083393071895895
bb_ipp_nonadaptive,gt,397,33.0,0.608405245741232
bb_ipp_nonadaptive,gt,398,33.08333333333337,0.6084489805494452
bb_ipp_nonadaptive,gt,399,33.16666666666663,0.6086228066467578
bb_ipp_nonadaptive,gt,400,33.25,0.6088460273263677
bb_ipp_nonadaptive,gt,401,33.33333333333337,0.6089902097466006
bb_ipp_nonadaptive,gt,402,33.41666666666663,0.6090604915851239
bb_ipp_nonadaptive,gt,403,33.5,0.6092162161222517
bb_ipp_nonadaptive,gt,404,33.58333333333337,0.6094432428365917
bb_ipp_nonadaptive,gt,405,33.66666666666663,0.6096319189453187
bb_ipp_nonadaptive,gt,406,33.75,0.6097361487882659
bb_ipp_nonadaptive,gt,407,33.83333333333337,0.6098432351008729
bb_ipp_nonadaptive,gt,408,33.91666666666663,0.6100032930335624
bb_ipp_nonadaptive,gt,409,34.0,0.6101611153501092
bb_ipp_nonadaptive,gt,410,34.08333333333337,0.6102579800220346
bb_ipp_nonadaptive,gt,411,34.16666666666663,0.6103399070327274
bb_ipp_nonadaptive,gt,412,34.25,0.6104822843967765
bb_ipp_nonadaptive,gt,413,34.33333333333337,0.6106616624222123
bb_ipp_nonadaptive,gt,414,34.41666666666663,0.6108190825543337
bb_ipp_nonadaptive,gt,415,34.5,0.6109544159396593
bb_ipp_nonadaptive,gt,416,34.58333333333337,0.6111132674867205
bb_ipp_nonadaptive,gt,417,34.66666666666663,0.611309759063102
bb_ipp_nonadaptive,gt,418,34.75,0.6115075104437602
bb_ipp_nonadaptive,gt,419,34.83333333333337,0.6116326885741209
bb_ipp_nonadaptive,gt,420,34.91666666666663,0.61167433411549
bb_ipp_nonadaptive,gt,421,35.0,0.6118741705439815
bb_ipp_nonadaptive,gt,422,35.08333333333337,0.6122052279145989
bb_ipp_nonadaptive,gt,423,35.16666666666663,0.6125545965686773
bb_ipp_nonadaptive,gt,424,35.25,0.6128476500426798
bb_ipp_nonadaptive,gt,425,35.33333333333337,0.6130333586759695
bb_ipp_nonadaptive,gt,426,35.41666666666663,0.6130990943614053
bb_ipp_nonadaptive,gt,427,35.5,0.6132932738951539
bb_ipp_nonadaptive,gt,428,35.58333333333337,0.6136332090399202
bb_ipp_nonadaptive,gt,429,35.66666666666663,0.6140014514754285
bb_ipp_nonadaptive,gt,430,35.75,0.6143121590654164
bb_ipp_nonadaptive,gt,431,35.83333333333337,0.6145525172399519
bb_ipp_nonadaptive,gt,432,35.91666666666663,0.6147706157546037
bb_ipp_nonadaptive,gt,433,36.0,0.615021972981128
bb_ipp_nonadaptive,gt,434,36.08333333333337,0.6152783601641011
bb_ipp_nonadaptive,gt,435,36.16666666666663,0.6154425463344575
bb_ipp_nonadaptive,gt,436,36.25,0.6155444517228759
bb_ipp_nonadaptive,gt,437,36.33333333333337,0.6157842951605164
bb_ipp_nonadaptive,gt,438,36.41666666666663,0.6161067197309438
bb_ipp_nonadaptive,gt,439,36.5,0.6163522398636138
bb_ipp_nonadaptive,gt,440,36.58333333333337,0.6164538325257646
bb_ipp_nonadaptive,gt,441,36.66666666666663,0.6166672280294018
bb_ipp_nonadaptive,gt,442,36.75,0.6170000386178708
bb_ipp_nonadaptive,gt,443,36.83333333333337,0.6173027141047241
bb_ipp_nonadaptive,gt,444,36.91666666666663,0.6174568366384315
bb_ipp_nonadaptive,gt,445,37.0,0.6176130129466432
bb_ipp_nonadaptive,gt,446,37.08333333333337,0.6178990752757209
bb_ipp_nonadaptive,gt,447,37.16666666666663,0.6182093251349933
bb_ipp_nonadaptive,gt,448,37.25,0.6183883762987108
bb_ipp_nonadaptive,gt,449,37.33333333333337,0.6184820774270918
bb_ipp_nonadaptive,gt,450,37.41666666666663,0.6187339746014862
bb_ipp_nonadaptive,gt,451,37.5,0.619066584380827
bb_ipp_nonadaptive,gt,452,37.58333333333337,0.6193264719313856
bb_ipp_nonadaptive,gt,453,37.66666666666663,0.6194820310175139
bb_ipp_nonadaptive,gt,454,37.75,0.619695087464472
bb_ipp_nonadaptive,gt,455,37.83333333333337,0.6199975486143112
bb_ipp_nonadaptive,gt,456,37.91666666666663,0.6202888414664347
bb_ipp_nonadaptive,gt,457,38.0,0.6204966899468108
bb_ipp_nonadaptive,gt,458,38.08333333333337,0.6206867112980595
bb_ipp_nonadaptive,gt,459,38.16666666666663,0.6209429674535267
bb_ipp_nonadaptive,gt,460,38.25,0.6212231803067254
bb_ipp_nonadaptive,gt,461,38.33333333333337,0.6214322454793937
bb_ipp_nonadaptive,gt,462,38.41666666666663,0.6215853580849898
bb_ipp_nonadaptive,gt,463,38.5,0.6218077863356635
bb_ipp_nonadaptive,gt,464,38.58333333333337,0.6220954624333009
bb_ipp_nonadaptive,gt,465,38.66666666666663,0.6223360208556126
bb_ipp_nonadaptive,gt,466,38.75,0.6224840049572095
bb_ipp_nonadaptive,gt,467,38.83333333333337,0.6226871219202865
bb_ipp_nonadaptive,gt,468,38.91666666666663,0.6229906926627131
bb_ipp_nonadaptive,gt,469,39.0,0.6232917567927445
bb_ipp_nonadaptive,gt,470,39.08333333333337,0.6235184528603004
bb_ipp_nonadaptive,gt,471,39.16666666666663,0.6237487022085654
bb_ipp_nonadaptive,gt,472,39.25,0.6240531562362718
bb_ipp_nonadaptive,gt,473,39.33333333333337,0.6243862830172078
bb_ipp_nonadaptive,gt,474,39.41666666666663,0.6246783996897026
bb_ipp_nonadaptive,gt,475,39.5,0.624926741752743
bb_ipp_nonadaptive,gt,476,39.58333333333337,0.6251744322072191
bb_ipp_nonadaptive,gt,477,39.66666666666663,0.625431964507833
bb_ipp_nonadaptive,gt,478,39.75,0.6256451227357618
bb_ipp_nonadaptive,gt,479,39.83333333333337,0.6257460899724778
bb_ipp_nonadaptive,gt,480,39.91666666666663,0.6257904915440652
bb_ipp_nonadaptive,gt,481,40.0,0.6259205312698423
bb_ipp_nonadaptive,gt,482,40.08333333333337,0.6260952313444377
bb_ipp_nonadaptive,gt,483,40.16666666666663,0.6262071128970861
bb_ipp_nonadaptive,gt,484,40.25,0.6262665382423823
bb_ipp_nonadaptive,gt,485,40.33333333333337,0.6263761625476765
bb_ipp_nonadaptive,gt,486,40.41666666666663,0.6265379932066818
bb_ipp_nonadaptive,gt,487,40.5,0.6266937821125975
bb_ipp_nonadaptive,gt,488,40.58333333333337,0.62679252932569
bb_ipp_nonadaptive,gt,489,40.66666666666663,0.6268229775091161
bb_ipp_nonadaptive,gt,490,40.75,0.626862224249415
bb_ipp_nonadaptive,gt,491,40.83333333333337,0.6269750621477188
bb_ipp_nonadaptive,gt,492,40.91666666666663,0.6270974246318998
bb_ipp_nonadaptive,gt,493,41.0,0.6271529136173144
bb_ipp_nonadaptive,gt,494,41.08333333333337,0.6272164161728353
bb_ipp_nonadaptive,gt,495,41.16666666666663,0.6273607535913812
bb_ipp_nonadaptive,gt,496,41.25,0.6275406537342713
bb_ipp_nonadaptive,gt,497,41.33333333333337,0.6276896098212629
bb_ipp_nonadaptive,gt,498,41.41666666666663,0.6277577812353985
bb_ipp_nonadaptive,gt,499,41.5,0.6277443951370696
bb_ipp_nonadaptive,gt,500,41.58333333333337,0.6277866382847749
bb_ipp_nonadaptive,gt,501,41.66666666666663,0.6279283864816779
bb_ipp_nonadaptive,gt,502,41.75,0.6280762698822693
bb_ipp_nonadaptive,gt,503,41.83333333333337,0.6281743083286446
bb_ipp_nonadaptive,gt,504,41.91666666666663,0.6282641613269943
bb_ipp_nonadaptive,gt,505,42.0,0.6283782995494069
bb_ipp_nonadaptive,gt,506,42.08333333333337,0.6284997293142447
bb_ipp_nonadaptive,gt,507,42.16666666666663,0.628582992406303
bb_ipp_nonadaptive,gt,508,42.25,0.6285663564910274
bb_ipp_nonadaptive,gt,509,42.33333333333337,0.6284922712338814
bb_ipp_nonadaptive,gt,510,42.41666666666663,0.6285470089977729
bb_ipp_nonadaptive,gt,511,42.5,0.628693148597446
bb_ipp_nonadaptive,gt,512,42.58333333333337,0.6288253840914872
bb_ipp_nonadaptive,gt,513,42.66666666666663,0.6289011889714181
bb_ipp_nonadaptive,gt,514,42.75,0.6289443900253585
bb_ipp_nonadaptive,gt,515,42.83333333333337,0.6289877959580495
bb_ipp_nonadaptive,gt,516,42.91666666666663,0.6290357409188833
bb_ipp_nonadaptive,gt,517,43.0,0.6290403134440542
bb_ipp_nonadaptive,gt,518,43.08333333333337,0.6289287803078388
bb_ipp_nonadaptive,gt,519,43.16666666666663,0.6288383971892588
bb_ipp_nonadaptive,gt,520,43.25,0.6288823982460563
bb_ipp_nonadaptive,gt,521,43.33333333333337,0.628970417938477
bb_ipp_nonadaptive,gt,522,43.41666666666663,0.6290127833320396
bb_ipp_nonadaptive,gt,523,43.5,0.629007486451856
bb_ipp_nonadaptive,gt,524,43.58333333333337,0.6289884083894107
bb_ipp_nonadaptive,gt,525,43.66666666666663,0.6289721386517954
bb_ipp_nonadaptive,gt,526,43.75,0.6289417233849917
bb_ipp_nonadaptive,gt,527,43.83333333333337,0.6288422445082323
bb_ipp_nonadaptive,gt,528,43.91666666666663,0.6286405688370819
bb_ipp_nonadaptive,gt,529,44.0,0.6285233777083877
bb_ipp_nonadaptive,gt,530,44.08333333333337,0.6285110706437136
bb_ipp_nonadaptive,gt,531,44.16666666666663,0.6285139585845856
bb_ipp_nonadaptive,gt,532,44.25,0.6284696264550121
bb_ipp_nonadaptive,gt,533,44.33333333333337,0.6283617885576174
bb_ipp_nonadaptive,gt,534,44.41666666666663,0.628205511002307
bb_ipp_nonadaptive,gt,535,44.5,0.628062465526355
bb_ipp_nonadaptive,gt,536,44.58333333333337,0.6279597436944092
bb_ipp_nonadaptive,gt,537,44.66666666666663,0.6278584561881329
bb_ipp_nonadaptive,gt,538,44.75,0.6277421922079406
bb_ipp_nonadaptive,gt,539,44.83333333333337,0.627631874104632
bb_ipp_nonadaptive,gt,540,44.91666666666663,0.6275323062906456
bb_ipp_nonadaptive,gt,541,45.0,0.6274454640784333
bb_ipp_nonadaptive,gt,542,45.08333333333337,0.6273536731537894
bb_ipp_nonadaptive,gt,543,45.16666666666663,0.6272009984991551
bb_ipp_nonadaptive,gt,544,45.25,0.627025186255169
bb_ipp_nonadaptive,gt,545,45.33333333333337,0.6269727764896252
bb_ipp_nonadaptive,gt,546,45.41666666666663,0.6270084677770119
bb_ipp_nonadaptive,gt,547,45.5,0.6270389920375333
bb_ipp_nonadaptive,gt,548,45.58333333333337,0.6270150701430196
bb_ipp_nonadaptive,gt,549,45.66666666666663,0.626945468728817
bb_ipp_nonadaptive,gt,550,45.75,0.6268544509936977
bb_ipp_nonadaptive,gt,551,45.83333333333337,0.6267507910401434
bb_ipp_nonadaptive,gt,552,45.91666666666663,0.6266056996291479
bb_ipp_nonadaptive,gt,553,46.0,0.6263864578015608
bb_ipp_nonadaptive,gt,554,46.08333333333337,0.6261931801720863
bb_ipp_nonadaptive,gt,555,46.16666666666663,0.6260935453627213
bb_ipp_nonadaptive,gt,556,46.25,0.6260344800722996
bb_ipp_nonadaptive,gt,557,46.33333333333337,0.6259568366679216
bb_ipp_nonadaptive,gt,558,46.41666666666663,0.6258299148947186
bb_ipp_nonadaptive,gt,559,46.5,0.6256645803826132
bb_ipp_nonadaptive,gt,560,46.58333333333337,0.6255299089901815
bb_ipp_nonadaptive,gt,561,46.66666666666663,0.6254377783760154
bb_ipp_nonadaptive,gt,562,46.75,0.625304667268568
bb_ipp_nonadaptive,gt,563,46.83333333333337,0.6250430230672437
bb_ipp_nonadaptive,gt,564,46.91666666666663,0.6248154004967238
bb_ipp_nonadaptive,gt,565,47.0,0.624705424784875
bb_ipp_nonadaptive,gt,566,47.08333333333337,0.6246528660740324
bb_ipp_nonadaptive,gt,567,47.16666666666663,0.6245927238067907
bb_ipp_nonadaptive,gt,568,47.25,0.6245049736156384
bb_ipp_nonadaptive,gt,569,47.33333333333337,0.624402759724068
bb_ipp_nonadaptive,gt,570,47.41666666666663,0.6243223371402772
bb_ipp_nonadaptive,gt,571,47.5,0.6242742359086668
bb_ipp_nonadaptive,gt,572,47.58333333333337,0.6242188950026123
bb_ipp_nonadaptive,gt,573,47.66666666666663,0.6241563779972866
bb_ipp_nonadaptive,gt,574,47.75,0.6241423752745675
bb_ipp_nonadaptive,gt,575,47.83333333333337,0.6241727643352112
bb_ipp_nonadaptive,gt,576,47.91666666666663,0.6242064518940637
bb_ipp_nonadaptive,gt,577,48.0,0.6242143064859604
bb_ipp_nonadaptive,gt,578,48.08333333333337,0.6241694130236526
bb_ipp_nonadaptive,gt,579,48.16666666666663,0.6240924397537772
bb_ipp_nonadaptive,gt,580,48.25,0.6240527094036811
bb_ipp_nonadaptive,gt,581,48.33333333333337,0.6240391492574872
bb_ipp_nonadaptive,gt,582,48.41666666666663,0.6240086515350994
bb_ipp_nonadaptive,gt,583,48.5,0.6239485551417666
bb_ipp_nonadaptive,gt,584,48.58333333333337,0.623856483969391
bb_ipp_nonadaptive,gt,585,48.66666666666663,0.6237500731742991
bb_ipp_nonadaptive,gt,586,48.75,0.6236692707245284
bb_ipp_nonadaptive,gt,587,48.83333333333337,0.6235966578657731
bb_ipp_nonadaptive,gt,588,48.91666666666663,0.6234968133291212
bb_ipp_nonadaptive,gt,589,49.0,0.6234037502433241
bb_ipp_nonadaptive,gt,590,49.08333333333337,0.6233528333074123
bb_ipp_nonadaptive,gt,591,49.16666666666663,0.6233215924860721
bb_ipp_nonadaptive,gt,592,49.25,0.62327563007798
bb_ipp_nonadaptive,gt,593,49.33333333333337,0.6231729980819168
bb_ipp_nonadaptive,gt,594,49.41666666666663,0.6229778726983054
bb_ipp_nonadaptive,gt,595,49.5,0.6228628843718175
bb_ipp_nonadaptive,gt,596,49.58333333333337,0.6228665494877644
bb_ipp_nonadaptive,gt,597,49.66666666666663,0.6228975530799197
bb_ipp_nonadaptive,gt,598,49.75,0.6228893417047225
bb_ipp_nonadaptive,gt,599,49.83333333333337,0.6228579608429087
bb_ipp_nonadaptive,gt,600,49.91666666666663,0.6228419326610255
bb_ipp_nonadaptive,gt,601,50.0,0.6228469623232589
bb_ipp_nonadaptive,gt,602,50.08333333333337,0.622836677060593
bb_ipp_nonadaptive,gt,603,50.16666666666663,0.6227579688901663
bb_ipp_nonadaptive,gt,604,50.25,0.6226312623621908
bb_ipp_nonadaptive,gt,605,50.33333333333337,0.6225900623586039
bb_ipp_nonadaptive,gt,606,50.41666666666663,0.6226275860328127
bb_ipp_nonadaptive,gt,607,50.5,0.6226619671954622
bb_ipp_nonadaptive,gt,608,50.58333333333337,0.6226645586615716
bb_ipp_nonadaptive,gt,609,50.66666666666663,0.6226564024618088
bb_ipp_nonadaptive,gt,610,50.75,0.6226434678785772
bb_ipp_nonadaptive,gt,611,50.83333333333337,0.6226200531539804
bb_ipp_nonadaptive,gt,612,50.91666666666663,0.6225602904172749
bb_ipp_nonadaptive,gt,613,51.0,0.6224103631494866
bb_ipp_nonadaptive,gt,614,51.08333333333337,0.6222299290062812
bb_ipp_nonadaptive,gt,615,51.16666666666663,0.6221243137650048
bb_ipp_nonadaptive,gt,616,51.25,0.6220538216206571
bb_ipp_nonadaptive,gt,617,51.33333333333337,0.6219559889127655
bb_ipp_nonadaptive,gt,618,51.41666666666663,0.6218089047167158
bb_ipp_nonadaptive,gt,619,51.5,0.6216315111942285
bb_ipp_nonadaptive,gt,620,51.58333333333337,0.6214598756187745
bb_ipp_nonadaptive,gt,621,51.66666666666663,0.6213022984151191
bb_ipp_nonadaptive,gt,622,51.75,0.621115726533141
bb_ipp_nonadaptive,gt,623,51.83333333333337,0.6208631086257421
bb_ipp_nonadaptive,gt,624,51.91666666666663,0.6206575901027922
bb_ipp_nonadaptive,gt,625,52.0,0.6205396728119473
bb_ipp_nonadaptive,gt,626,52.08333333333337,0.6204265060107884
bb_ipp_nonadaptive,gt,627,52.16666666666663,0.6202405481557383
bb_ipp_nonadaptive,gt,628,52.25,0.6200468282008926
bb_ipp_nonadaptive,gt,629,52.33333333333337,0.6199225752885933
bb_ipp_nonadaptive,gt,630,52.41666666666663,0.6198251458169918
bb_ipp_nonadaptive,gt,631,52.5,0.6196925982342861
bb_ipp_nonadaptive,gt,632,52.58333333333337,0.6195258801394071
bb_ipp_nonadaptive,gt,633,52.66666666666663,0.6193731058764174
bb_ipp_nonadaptive,gt,634,52.75,0.6192458949564196
bb_ipp_nonadaptive,gt,635,52.83333333333337,0.6191170726505322
bb_ipp_nonadaptive,gt,636,52.91666666666663,0.6189647046173407
bb_ipp_nonadaptive,gt,637,53.0,0.618813012284979
bb_ipp_nonadaptive,gt,638,53.08333333333337,0.6186909919758925
bb_ipp_nonadaptive,gt,639,53.16666666666663,0.618582272493587
bb_ipp_nonadaptive,gt,640,53.25,0.6184541476786007
bb_ipp_nonadaptive,gt,641,53.33333333333337,0.6183170477556991
bb_ipp_nonadaptive,gt,642,53.41666666666663,0.6182102158139491
bb_ipp_nonadaptive,gt,643,53.5,0.6181310570707979
bb_ipp_nonadaptive,gt,644,53.58333333333337,0.6180420310384237
bb_ipp_nonadaptive,gt,645,53.66666666666663,0.6179333335648761
bb_ipp_nonadaptive,gt,646,53.75,0.6178440033881869
bb_ipp_nonadaptive,gt,647,53.83333333333337,0.6177920097838699
bb_ipp_nonadaptive,gt,648,53.91666666666663,0.6177424206439096
bb_ipp_nonadaptive,gt,649,54.0,0.617659112983827
bb_ipp_nonadaptive,gt,650,54.08333333333337,0.6175716135874781
bb_ipp_nonadaptive,gt,651,54.16666666666663,0.6175297669101578
bb_ipp_nonadaptive,gt,652,54.25,0.6175118066736103
bb_ipp_nonadaptive,gt,653,54.33333333333337,0.6174385636064846
bb_ipp_nonadaptive,gt,654,54.41666666666663,0.6173095217898423
bb_ipp_nonadaptive,gt,655,54.5,0.6172536150812986
bb_ipp_nonadaptive,gt,656,54.58333333333337,0.6172697349873112
bb_ipp_nonadaptive,gt,657,54.66666666666663,0.6172621874412068
bb_ipp_nonadaptive,gt,658,54.75,0.6171770579443089
bb_ipp_nonadaptive,gt,659,54.83333333333337,0.617135256855
bb_ipp_nonadaptive,gt,660,54.91666666666663,0.617179896191288
bb_ipp_nonadaptive,gt,661,55.0,0.617233207599151
bb_ipp_nonadaptive,gt,662,55.08333333333337,0.617221760712671
bb_ipp_nonadaptive,gt,663,55.16666666666663,0.6171642638354987
bb_ipp_nonadaptive,gt,664,55.25,0.617124821790813
bb_ipp_nonadaptive,gt,665,55.33333333333337,0.6171031221735164
bb_ipp_nonadaptive,gt,666,55.41666666666663,0.617048169306855
bb_ipp_nonadaptive,gt,667,55.5,0.616944062816305
bb_ipp_nonadaptive,gt,668,55.58333333333337,0.6168279043472829
bb_ipp_nonadaptive,gt,669,55.66666666666663,0.6167306372581841
bb_ipp_nonadaptive,gt,670,55.75,0.6166245872126817
bb_ipp_nonadaptive,gt,671,55.83333333333337,0.6164776461757355
bb_ipp_nonadaptive,gt,672,55.91666666666663,0.6163097176212959
bb_ipp_nonadaptive,gt,673,56.0,0.6161639021089172
bb_ipp_nonadaptive,gt,674,56.08333333333337,0.6160215230575702
bb_ipp_nonadaptive,gt,675,56.16666666666663,0.6158294629382617
bb_ipp_nonadaptive,gt,676,56.25,0.6155932144806379
bb_ipp_nonadaptive,gt,677,56.33333333333337,0.6153888781920259
bb_ipp_nonadaptive,gt,678,56.41666666666663,0.6152207132294404
bb_ipp_nonadaptive,gt,679,56.5,0.6150159652569613
bb_ipp_nonadaptive,gt,680,56.58333333333337,0.6147259992366833
bb_ipp_nonadaptive,gt,681,56.66666666666663,0.6144830349002621
bb_ipp_nonadaptive,gt,682,56.75,0.6143044722987726
bb_ipp_nonadaptive,gt,683,56.83333333333337,0.6141216232553527
bb_ipp_nonadaptive,gt,684,56.91666666666663,0.6138860798551263
bb_ipp_nonadaptive,gt,685,57.0,0.6136335339868012
bb_ipp_nonadaptive,gt,686,57.08333333333337,0.6134078633814153
bb_ipp_nonadaptive,gt,687,57.16666666666663,0.6131938899648378
bb_ipp_nonadaptive,gt,688,57.25,0.6129571690635105
bb_ipp_nonadaptive,gt,689,57.33333333333337,0.612694063653936
bb_ipp_nonadaptive,gt,690,57.41666666666663,0.6124328070452639
bb_ipp_nonadaptive,gt,691,57.5,0.6121859753964725
bb_ipp_nonadaptive,gt,692,57.58333333333337,0.6119323443728059
bb_ipp_nonadaptive,gt,693,57.66666666666663,0.6116537414476922
bb_ipp_nonadaptive,gt,694,57.75,0.6113690276143653
bb_ipp_nonadaptive,gt,695,57.83333333333337,0.6111016012150716
bb_ipp_nonadaptive,gt,696,57.91666666666663,0.6108359637680819
bb_ipp_nonadaptive,gt,697,58.0,0.6105450842637834
bb_ipp_nonadaptive,gt,698,58.08333333333337,0.6102337668492737
bb_ipp_nonadaptive,gt,699,58.16666666666663,0.6099325668859882
bb_ipp_nonadaptive,gt,700,58.25,0.6096417524231414
bb_ipp_nonadaptive,gt,701,58.33333333333337,0.609335812303548
bb_ipp_nonadaptive,gt,702,58.41666666666663,0.6090117227607652
bb_ipp_nonadaptive,gt,703,58.5,0.6086981399888989
bb_ipp_nonadaptive,gt,704,58.58333333333337,0.6084029724908258
bb_ipp_nonadaptive,gt,705,58.66666666666663,0.6081071291109105
bb_ipp_nonadaptive,gt,706,58.75,0.6077934042838222
bb_ipp_nonadaptive,gt,707,58.83333333333337,0.6074691607364558
bb_ipp_nonadaptive,gt,708,58.91666666666663,0.6071547355536673
bb_ipp_nonadaptive,gt,709,59.0,0.6068519333741484
bb_ipp_nonadaptive,gt,710,59.08333333333337,0.6065333087006509
bb_ipp_nonadaptive,gt,711,59.16666666666663,0.6061922637768287
bb_ipp_nonadaptive,gt,712,59.25,0.6058882728725996
bb_ipp_nonadaptive,gt,713,59.33333333333337,0.6056319398015683
bb_ipp_nonadaptive,gt,714,59.41666666666663,0.6053926065361672
bb_ipp_nonadaptive,gt,715,59.5,0.6051515198056728
bb_ipp_nonadaptive,gt,716,59.58333333333337,0.6049129179200696
bb_ipp_nonadaptive,gt,717,59.66666666666663,0.6046998267567988
bb_ipp_nonadaptive,gt,718,59.75,0.6045218217264483
bb_ipp_nonadaptive,gt,719,59.83333333333337,0.6043497232573734
bb_ipp_nonadaptive,gt,720,59.91666666666663,0.6041629436468966
bb_ipp_nonadaptive,gt,721,60.0,0.6040287517476486
bb_ipp_nonadaptive,gt,722,60.08333333333337,0.6039843050724327
bb_ipp_nonadaptive,gt,723,60.16666666666663,0.6039805694438438
bb_ipp_nonadaptive,gt,724,60.25,0.6039603739558117
bb_ipp_nonadaptive,gt,725,60.33333333333337,0.6039351046885314
bb_ipp_nonadaptive,gt,726,60.41666666666663,0.6039445847470444
bb_ipp_nonadaptive,gt,727,60.5,0.6039766423541617
bb_ipp_nonadaptive,gt,728,60.58333333333337,0.6039915631776482
bb_ipp_nonadaptive,gt,729,60.66666666666663,0.6039746262600899
bb_ipp_nonadaptive,gt,730,60.75,0.6039534605184664
bb_ipp_nonadaptive,gt,731,60.83333333333337,0.6039574251891643
bb_ipp_nonadaptive,gt,732,60.91666666666663,0.6039659753624455
bb_ipp_nonadaptive,gt,733,61.0,0.6039143273343459
bb_ipp_nonadaptive,gt,734,61.08333333333337,0.6038202556426234
bb_ipp_nonadaptive,gt,735,61.16666666666663,0.6038617125776545
bb_ipp_nonadaptive,gt,736,61.25,0.6040010058526163
bb_ipp_nonadaptive,gt,737,61.33333333333337,0.6041518858492156
bb_ipp_nonadaptive,gt,738,61.41666666666663,0.6042581830834532
bb_ipp_nonadaptive,gt,739,61.5,0.6042770398201536
bb_ipp_nonadaptive,gt,740,61.58333333333337,0.6042264610286836
bb_ipp_nonadaptive,gt,741,61.66666666666663,0.6042927382921773
bb_ipp_nonadaptive,gt,742,61.75,0.6044692748941661
bb_ipp_nonadaptive,gt,743,61.83333333333337,0.6046688437081866
bb_ipp_nonadaptive,gt,744,61.91666666666663,0.6048258391675723
bb_ipp_nonadaptive,gt,745,62.0,0.6048915484324058
bb_ipp_nonadaptive,gt,746,62.08333333333337,0.6048615768207365
bb_ipp_nonadaptive,gt,747,62.16666666666663,0.6049552446514254
bb_ipp_nonadaptive,gt,748,62.25,0.6051750743135724
bb_ipp_nonadaptive,gt,749,62.33333333333337,0.6054197718674579
bb_ipp_nonadaptive,gt,750,62.41666666666663,0.6056164930806517
bb_ipp_nonadaptive,gt,751,62.5,0.6057194896110532
bb_ipp_nonadaptive,gt,752,62.58333333333337,0.6057150870867622
bb_ipp_nonadaptive,gt,753,62.66666666666663,0.6058090275870671
bb_ipp_nonadaptive,gt,754,62.75,0.60603568598289
bb_ipp_nonadaptive,gt,755,62.83333333333337,0.6062978648964744
bb_ipp_nonadaptive,gt,756,62.91666666666663,0.6065168201556345
bb_ipp_nonadaptive,gt,757,63.0,0.6066527983228385
bb_ipp_nonadaptive,gt,758,63.08333333333337,0.6067084294100187
bb_ipp_nonadaptive,gt,759,63.16666666666663,0.6068129375150051
bb_ipp_nonadaptive,gt,760,63.25,0.6070179566987162
bb_ipp_nonadaptive,gt,761,63.33333333333337,0.6072498244798082
bb_ipp_nonadaptive,gt,762,63.41666666666663,0.6074526537996195
bb_ipp_nonadaptive,gt,763,63.5,0.6076205186401065
bb_ipp_nonadaptive,gt,764,63.58333333333337,0.6077620663760168
bb_ipp_nonadaptive,gt,765,63.66666666666663,0.6079167748748935
bb_ipp_nonadaptive,gt,766,63.75,0.6080992134032818
bb_ipp_nonadaptive,gt,767,63.83333333333337,0.6082662337794059
bb_ipp_nonadaptive,gt,768,63.91666666666663,0.6084214536431709
bb_ipp_nonadaptive,gt,769,64.0,0.6086138308090904
bb_ipp_nonadaptive,gt,770,64.08333333333337,0.6088347870369565
bb_ipp_nonadaptive,gt,771,64.16666666666663,0.6090564057403305
bb_ipp_nonadaptive,gt,772,64.25,0.609256942809141
bb_ipp_nonadaptive,gt,773,64.33333333333337,0.609403166830812
bb_ipp_nonadaptive,gt,774,64.41666666666663,0.6095353401788554
bb_ipp_nonadaptive,gt,775,64.5,0.6097459142717574
bb_ipp_nonadaptive,gt,776,64.58333333333337,0.6100140650793329
bb_ipp_nonadaptive,gt,777,64.66666666666663,0.6102793136852808
bb_ipp_nonadaptive,gt,778,64.75,0.6105065569788707
bb_ipp_nonadaptive,gt,779,64.83333333333337,0.6106700624790632
bb_ipp_nonadaptive,gt,780,64.91666666666663,0.610810397120518
bb_ipp_nonadaptive,gt,781,65.0,0.6110244180776586
bb_ipp_nonadaptive,gt,782,65.08333333333337,0.6112971414406396
bb_ipp_nonadaptive,gt,783,65.16666666666663,0.6115688235027116
bb_ipp_nonadaptive,gt,784,65.25,0.6118070899957692
bb_ipp_nonadaptive,gt,785,65.33333333333337,0.6119774255995277
bb_ipp_nonadaptive,gt,786,65.41666666666663,0.6121000228245821
bb_ipp_nonadaptive,gt,787,65.5,0.6122995018914014
bb_ipp_nonadaptive,gt,788,65.58333333333337,0.6125816392544438
bb_ipp_nonadaptive,gt,789,65.66666666666663,0.6128752851612997
bb_ipp_nonadaptive,gt,790,65.75,0.6131260364585246
bb_ipp_nonadaptive,gt,791,65.83333333333337,0.6132840550119241
bb_ipp_nonadaptive,gt,792,65.91666666666663,0.6133560305075937
bb_ipp_nonadaptive,gt,793,66.0,0.6135344252928209
bb_ipp_nonadaptive,gt,794,66.08333333333337,0.6138345513823683
bb_ipp_nonadaptive,gt,795,66.16666666666663,0.6141589512462524
bb_ipp_nonadaptive,gt,796,66.25,0.6144296010574626
bb_ipp_nonadaptive,gt,797,66.33333333333337,0.6145882502964694
bb_ipp_nonadaptive,gt,798,66.41666666666663,0.6146242926548556
bb_ipp_nonadaptive,gt,799,66.5,0.6147787640921998
bb_ipp_nonadaptive,gt,800,66.58333333333337,0.61506948186303
bb_ipp_nonadaptive,gt,801,66.66666666666663,0.6153718640550665
bb_ipp_nonadaptive,gt,802,66.75,0.6156065836948303
bb_ipp_nonadaptive,gt,803,66.83333333333337,0.615805437639461
bb_ipp_nonadaptive,gt,804,66.91666666666663,0.6160178914978564
bb_ipp_nonadaptive,gt,805,67.0,0.6162454832532418
bb_ipp_nonadaptive,gt,806,67.08333333333337,0.6164409024034044
bb_ipp_nonadaptive,gt,807,67.16666666666663,0.6165610692331916
bb_ipp_nonadaptive,gt,808,67.25,0.6166726557623828
bb_ipp_nonadaptive,gt,809,67.33333333333337,0.6168581630545303
bb_ipp_nonadaptive,gt,810,67.41666666666663,0.6170639753215992
bb_ipp_nonadaptive,gt,811,67.5,0.6171727834768586
bb_ipp_nonadaptive,gt,812,67.58333333333337,0.617213398403607
bb_ipp_nonadaptive,gt,813,67.66666666666663,0.6173714749390203
bb_ipp_nonadaptive,gt,814,67.75,0.6175932531590346
bb_ipp_nonadaptive,gt,815,67.83333333333337,0.617732257351513
bb_ipp_nonadaptive,gt,816,67.91666666666663,0.6177278219397392
bb_ipp_nonadaptive,gt,817,68.0,0.6178298560958713
bb_ipp_nonadaptive,gt,818,68.08333333333337,0.6180421071381166
bb_ipp_nonadaptive,gt,819,68.16666666666663,0.618222363213149
bb_ipp_nonadaptive,gt,820,68.25,0.618241094095152
bb_ipp_nonadaptive,gt,821,68.33333333333337,0.6183005693844605
bb_ipp_nonadaptive,gt,822,68.41666666666663,0.6185055903338159
bb_ipp_nonadaptive,gt,823,68.5,0.6187394767679725
bb_ipp_nonadaptive,gt,824,68.58333333333337,0.6188876815574508
bb_ipp_nonadaptive,gt,825,68.66666666666663,0.6189991740242479
bb_ipp_nonadaptive,gt,826,68.75,0.6191754092974756
bb_ipp_nonadaptive,gt,827,68.83333333333337,0.6193933965336949
bb_ipp_nonadaptive,gt,828,68.91666666666663,0.6195833233672945
bb_ipp_nonadaptive,gt,829,69.0,0.6196988113907422
bb_ipp_nonadaptive,gt,830,69.08333333333337,0.6197342151097323
bb_ipp_nonadaptive,gt,831,69.16666666666663,0.619756742822917
bb_ipp_nonadaptive,gt,832,69.25,0.6198029498672735
bb_ipp_nonadaptive,gt,833,69.33333333333337,0.6198251687360163
bb_ipp_nonadaptive,gt,834,69.41666666666663,0.619796887249191
bb_ipp_nonadaptive,gt,835,69.5,0.6197448972339459
bb_ipp_nonadaptive,gt,836,69.58333333333337,0.6196757052345334
bb_ipp_nonadaptive,gt,837,69.66666666666663,0.6195905349982684
bb_ipp_nonadaptive,gt,838,69.75,0.619493677290927
bb_ipp_nonadaptive,gt,839,69.83333333333337,0.6193571533309017
bb_ipp_nonadaptive,gt,840,69.91666666666663,0.6191934925614514
bb_ipp_nonadaptive,gt,841,70.0,0.6190697672456168
bb_ipp_nonadaptive,gt,842,70.08333333333337,0.6189776377720656
bb_ipp_nonadaptive,gt,843,70.16666666666663,0.6188748710700719
bb_ipp_nonadaptive,gt,844,70.25,0.6187423967054512
bb_ipp_nonadaptive,gt,845,70.33333333333337,0.6185788897147827
bb_ipp_nonadaptive,gt,846,70.41666666666663,0.6184082979411388
bb_ipp_nonadaptive,gt,847,70.5,0.6182625395618857
bb_ipp_nonadaptive,gt,848,70.58333333333337,0.6181165024477827
bb_ipp_nonadaptive,gt,849,70.66666666666663,0.6179434094226649
bb_ipp_nonadaptive,gt,850,70.75,0.6177910923526078
bb_ipp_nonadaptive,gt,851,70.83333333333337,0.6176886723698226
bb_ipp_nonadaptive,gt,852,70.91666666666663,0.6176085591226631
bb_ipp_nonadaptive,gt,853,71.0,0.6175168218602843
bb_ipp_nonadaptive,gt,854,71.08333333333337,0.6173715109134891
bb_ipp_nonadaptive,gt,855,71.16666666666663,0.6171465949887717
bb_ipp_nonadaptive,gt,856,71.25,0.6170170228617242
bb_ipp_nonadaptive,gt,857,71.33333333333337,0.6170067519790987
bb_ipp_nonadaptive,gt,858,71.41666666666663,0.6170310946925309
bb_ipp_nonadaptive,gt,859,71.5,0.6170261882438645
bb_ipp_nonadaptive,gt,860,71.58333333333337,0.6169694091829601
bb_ipp_nonadaptive,gt,861,71.66666666666663,0.6168757461735738
bb_ipp_nonadaptive,gt,862,71.75,0.6168193330617238
bb_ipp_nonadaptive,gt,863,71.83333333333337,0.6168256909858334
bb_ipp_nonadaptive,gt,864,71.91666666666663,0.6168460981230596
bb_ipp_nonadaptive,gt,865,72.0,0.6168603287655452
bb_ipp_nonadaptive,gt,866,72.08333333333337,0.6168766507070229
bb_ipp_nonadaptive,gt,867,72.16666666666663,0.6168764921228215
bb_ipp_nonadaptive,gt,868,72.25,0.6168715356740548
bb_ipp_nonadaptive,gt,869,72.33333333333337,0.6168983591095092
bb_ipp_nonadaptive,gt,870,72.41666666666663,0.6169440145874228
bb_ipp_nonadaptive,gt,871,72.5,0.6169899394615682
bb_ipp_nonadaptive,gt,872,72.58333333333337,0.6170162592568127
bb_ipp_nonadaptive,gt,873,72.66666666666663,0.6169704032841866
bb_ipp_nonadaptive,gt,874,72.75,0.6168839462974159
bb_ipp_nonadaptive,gt,875,72.83333333333337,0.616898956031972
bb_ipp_nonadaptive,gt,876,72.91666666666663,0.6169915879994197
bb_ipp_nonadaptive,gt,877,73.0,0.6170809601635756
bb_ipp_nonadaptive,gt,878,73.08333333333337,0.6171179877028078
bb_ipp_nonadaptive,gt,879,73.16666666666663,0.6171068812447889
bb_ipp_nonadaptive,gt,880,73.25,0.6170973449093955
bb_ipp_nonadaptive,gt,881,73.33333333333337,0.6171165799447202
bb_ipp_nonadaptive,gt,882,73.41666666666663,0.6171169393469527
bb_ipp_nonadaptive,gt,883,73.5,0.6170391012629134
bb_ipp_nonadaptive,gt,884,73.58333333333337,0.6169678936657983
bb_ipp_nonadaptive,gt,885,73.66666666666663,0.6169920052107774
bb_ipp_nonadaptive,gt,886,73.75,0.6170353491228938
bb_ipp_nonadaptive,gt,887,73.83333333333337,0.6169801421463
bb_ipp_nonadaptive,gt,888,73.91666666666663,0.6168662815574132
bb_ipp_nonadaptive,gt,889,74.0,0.6168692768791031
bb_ipp_nonadaptive,gt,890,74.08333333333337,0.6169257821321651
bb_ipp_nonadaptive,gt,891,74.16666666666663,0.6169202035693613
bb_ipp_nonadaptive,gt,892,74.25,0.6168321712423701
bb_ipp_nonadaptive,gt,893,74.33333333333337,0.6167793909591183
bb_ipp_nonadaptive,gt,894,74.41666666666663,0.6167840566442887
bb_ipp_nonadaptive,gt,895,74.5,0.6167724317801037
bb_ipp_nonadaptive,gt,896,74.58333333333337,0.6166956890739306
bb_ipp_nonadaptive,gt,897,74.66666666666663,0.6166030055705671
bb_ipp_nonadaptive,gt,898,74.75,0.616553351688382
bb_ipp_nonadaptive,gt,899,74.83333333333337,0.6165158830802032
bb_ipp_nonadaptive,gt,900,74.91666666666663,0.6164201369499596
bb_ipp_nonadaptive,gt,901,75.0,0.6162711649044803
bb_ipp_nonadaptive,gt,902,75.08333333333337,0.6161764165054183
bb_ipp_nonadaptive,gt,903,75.16666666666663,0.6161343327916168
bb_ipp_nonadaptive,gt,904,75.25,0.6160592406729717
bb_ipp_nonadaptive,gt,905,75.33333333333337,0.6159203827802258
bb_ipp_nonadaptive,gt,906,75.41666666666663,0.6158198767093002
bb_ipp_nonadaptive,gt,907,75.5,0.6157813335158674
bb_ipp_nonadaptive,gt,908,75.58333333333337,0.6157521013726521
bb_ipp_nonadaptive,gt,909,75.66666666666663,0.6156845944435355
bb_ipp_nonadaptive,gt,910,75.75,0.6155393103091793
bb_ipp_nonadaptive,gt,911,75.83333333333337,0.6153221667762107
bb_ipp_nonadaptive,gt,912,75.91666666666663,0.6152113609261386
bb_ipp_nonadaptive,gt,913,76.0,0.615150490783302
bb_ipp_nonadaptive,gt,914,76.08333333333337,0.6150456452576012
bb_ipp_nonadaptive,gt,915,76.16666666666663,0.6148692318437561
bb_ipp_nonadaptive,gt,916,76.25,0.6146561014403035
bb_ipp_nonadaptive,gt,917,76.33333333333337,0.6145387207010068
bb_ipp_nonadaptive,gt,918,76.41666666666663,0.6145077028643942
bb_ipp_nonadaptive,gt,919,76.5,0.6144964660083276
bb_ipp_nonadaptive,gt,920,76.58333333333337,0.6144550821171445
bb_ipp_nonadaptive,gt,921,76.66666666666663,0.6143638464443292
bb_ipp_nonadaptive,gt,922,76.75,0.6142525731042952
bb_ipp_nonadaptive,gt,923,76.83333333333337,0.6141858832825441
bb_ipp_nonadaptive,gt,924,76.91666666666663,0.6141544312524146
bb_ipp_nonadaptive,gt,925,77.0,0.6141068457995601
bb_ipp_nonadaptive,gt,926,77.08333333333337,0.6140494296910943
bb_ipp_nonadaptive,gt,927,77.16666666666663,0.6140235363997476
bb_ipp_nonadaptive,gt,928,77.25,0.6140289518874804
bb_ipp_nonadaptive,gt,929,77.33333333333337,0.6140380274466142
bb_ipp_nonadaptive,gt,930,77.41666666666663,0.6140048813709147
bb_ipp_nonadaptive,gt,931,77.5,0.6138928344965712
bb_ipp_nonadaptive,gt,932,77.58333333333337,0.6138070533722048
bb_ipp_nonadaptive,gt,933,77.66666666666663,0.6138303340123262
bb_ipp_nonadaptive,gt,934,77.75,0.6138918319767585
bb_ipp_nonadaptive,gt,935,77.83333333333337,0.6139183207058628
bb_ipp_nonadaptive,gt,936,77.91666666666663,0.6139220663398773
bb_ipp_nonadaptive,gt,937,78.0,0.6139529183237074
bb_ipp_nonadaptive,gt,938,78.08333333333337,0.6140151190345408
bb_ipp_nonadaptive,gt,939,78.16666666666663,0.6140673149914264
bb_ipp_nonadaptive,gt,940,78.25,0.6140842029405035
bb_ipp_nonadaptive,gt,941,78.33333333333337,0.6140953356720826
bb_ipp_nonadaptive,gt,942,78.41666666666663,0.6141343991617931
bb_ipp_nonadaptive,gt,943,78.5,0.6141820500319122
bb_ipp_nonadaptive,gt,944,78.58333333333337,0.61419938237433
bb_ipp_nonadaptive,gt,945,78.66666666666663,0.614198537134008
bb_ipp_nonadaptive,gt,946,78.75,0.6142213773756215
bb_ipp_nonadaptive,gt,947,78.83333333333337,0.6142643556047371
bb_ipp_nonadaptive,gt,948,78.91666666666663,0.6142860959936027
bb_ipp_nonadaptive,gt,949,79.0,0.6142778876358942
bb_ipp_nonadaptive,gt,950,79.08333333333337,0.6142782432716444
bb_ipp_nonadaptive,gt,951,79.16666666666663,0.6143030010210007
bb_ipp_nonadaptive,gt,952,79.25,0.6143189839596394
bb_ipp_nonadaptive,gt,953,79.33333333333337,0.6143003554088641
bb_ipp_nonadaptive,gt,954,79.41666666666663,0.6142744520753032
bb_ipp_nonadaptive,gt,955,79.5,0.6142751081691448
bb_ipp_nonadaptive,gt,956,79.58333333333337,0.6142825615683131
bb_ipp_nonadaptive,gt,957,79.66666666666663,0.6142575502103469
bb_ipp_nonadaptive,gt,958,79.75,0.6142122920246688
bb_ipp_nonadaptive,gt,959,79.83333333333337,0.614193477957278
bb_ipp_nonadaptive,gt,960,79.91666666666663,0.6141977770745505
bb_ipp_nonadaptive,gt,961,80.0,0.6141792947210382
bb_ipp_nonadaptive,gt,962,80.08333333333337,0.6141317004557117
bb_ipp_nonadaptive,gt,963,80.16666666666663,0.614105180513595
bb_ipp_nonadaptive,gt,964,80.25,0.6141144634876073
bb_ipp_nonadaptive,gt,965,80.33333333333337,0.6141200931184525
bb_ipp_nonadaptive,gt,966,80.41666666666663,0.6140975994752019
bb_ipp_nonadaptive,gt,967,80.5,0.6140800407593323
bb_ipp_nonadaptive,gt,968,80.58333333333337,0.6140982974938738
bb_ipp_nonadaptive,gt,969,80.66666666666663,0.6141314064319595
bb_ipp_nonadaptive,gt,970,80.75,0.6141407932441844
bb_ipp_nonadaptive,gt,971,80.83333333333337,0.6141324200263877
bb_ipp_nonadaptive,gt,972,80.91666666666663,0.6141546520639881
bb_ipp_nonadaptive,gt,973,81.0,0.6142147886442304
bb_ipp_nonadaptive,gt,974,81.08333333333337,0.6142491549872251
bb_ipp_nonadaptive,gt,975,81.16666666666663,0.6141782548364144
bb_ipp_nonadaptive,gt,976,81.25,0.6141363708206289
bb_ipp_nonadaptive,gt,977,81.33333333333337,0.6141934656972086
bb_ipp_nonadaptive,gt,978,81.41666666666663,0.6142672439656
bb_ipp_nonadaptive,gt,979,81.5,0.6142947222859669
bb_ipp_nonadaptive,gt,980,81.58333333333337,0.6142810972442848
bb_ipp_nonadaptive,gt,981,81.66666666666663,0.614245669335398
bb_ipp_nonadaptive,gt,982,81.75,0.6142108752275097
bb_ipp_nonadaptive,gt,983,81.83333333333337,0.6141942882222121
bb_ipp_nonadaptive,gt,984,81.91666666666663,0.6141809250667204
bb_ipp_nonadaptive,gt,985,82.0,0.6141680652716063
bb_ipp_nonadaptive,gt,986,82.08333333333337,0.6141838120716654
bb_ipp_nonadaptive,gt,987,82.16666666666663,0.614215215697015
bb_ipp_nonadaptive,gt,988,82.25,0.6142421973086015
bb_ipp_nonadaptive,gt,989,82.33333333333337,0.6142836373599351
bb_ipp_nonadaptive,gt,990,82.41666666666663,0.614338691969446
bb_ipp_nonadaptive,gt,991,82.5,0.6143976172428112
bb_ipp_nonadaptive,gt,992,82.58333333333337,0.614466129031956
bb_ipp_nonadaptive,gt,993,82.66666666666663,0.6145107057374163
bb_ipp_nonadaptive,gt,994,82.75,0.6145093365445777
bb_ipp_nonadaptive,gt,995,82.83333333333337,0.6145530768993761
bb_ipp_nonadaptive,gt,996,82.91666666666663,0.6146809235355314
bb_ipp_nonadaptive,gt,997,83.0,0.6148380887439079
bb_ipp_nonadaptive,gt,998,83.08333333333337,0.614964292348579
bb_ipp_nonadaptive,gt,999,83.16666666666663,0.6150034905676673
bb_ipp_nonadaptive,gt,1000,83.25,0.6149312393969136
bb_ipp_nonadaptive,gt,1001,83.33333333333337,0.6149685399715217
bb_ipp_nonadaptive,gt,1002,83.41666666666663,0.6151383631601749
bb_ipp_nonadaptive,gt,1003,83.5,0.6153363309534072
bb_ipp_nonadaptive,gt,1004,83.58333333333337,0.615487001275375
bb_ipp_nonadaptive,gt,1005,83.66666666666663,0.6155674146410729
bb_ipp_nonadaptive,gt,1006,83.75,0.615598502578006
bb_ipp_nonadaptive,gt,1007,83.83333333333337,0.6156580397036222
bb_ipp_nonadaptive,gt,1008,83.91666666666663,0.6157635774083142
bb_ipp_nonadaptive,gt,1009,84.0,0.6158412462430914
bb_ipp_nonadaptive,gt,1010,84.08333333333337,0.6158745545918599
bb_ipp_nonadaptive,gt,1011,84.16666666666663,0.6159534521186746
bb_ipp_nonadaptive,gt,1012,84.25,0.6160908778095381
bb_ipp_nonadaptive,gt,1013,84.33333333333337,0.6162322964886768
bb_ipp_nonadaptive,gt,1014,84.41666666666663,0.6163258043381268
bb_ipp_nonadaptive,gt,1015,84.5,0.616357376790452
bb_ipp_nonadaptive,gt,1016,84.58333333333337,0.6163779509079323
bb_ipp_nonadaptive,gt,1017,84.66666666666663,0.6164464757658625
bb_ipp_nonadaptive,gt,1018,84.75,0.6165191451516774
bb_ipp_nonadaptive,gt,1019,84.83333333333337,0.6164997342140168
bb_ipp_nonadaptive,gt,1020,84.91666666666663,0.6164646723477432
bb_ipp_nonadaptive,gt,1021,85.0,0.6165500796278509
bb_ipp_nonadaptive,gt,1022,85.08333333333337,0.6166956366086257
bb_ipp_nonadaptive,gt,1023,85.16666666666663,0.6168066736488421
bb_ipp_nonadaptive,gt,1024,85.25,0.6168623678696539
bb_ipp_nonadaptive,gt,1025,85.33333333333337,0.6169150186525864
bb_ipp_nonadaptive,gt,1026,85.41666666666663,0.6169983439005718
bb_ipp_nonadaptive,gt,1027,85.5,0.6170839050518772
bb_ipp_nonadaptive,gt,1028,85.58333333333337,0.6171342387339335
bb_ipp_nonadaptive,gt,1029,85.66666666666663,0.6171685049385267
bb_ipp_nonadaptive,gt,1030,85.75,0.6172306960055663
bb_ipp_nonadaptive,gt,1031,85.83333333333337,0.6173139721302174
bb_ipp_nonadaptive,gt,1032,85.91666666666663,0.6173672761984678
bb_ipp_nonadaptive,gt,1033,86.0,0.61737708013023
bb_ipp_nonadaptive,gt,1034,86.08333333333337,0.6174060861532369
bb_ipp_nonadaptive,gt,1035,86.16666666666663,0.6174851275223643
bb_ipp_nonadaptive,gt,1036,86.25,0.6175457240783576
bb_ipp_nonadaptive,gt,1037,86.33333333333337,0.6174858671980733
bb_ipp_nonadaptive,gt,1038,86.41666666666663,0.6174509924473756
bb_ipp_nonadaptive,gt,1039,86.5,0.6175559818388833
bb_ipp_nonadaptive,gt,1040,86.58333333333337,0.6176970452229029
bb_ipp_nonadaptive,gt,1041,86.66666666666663,0.6177585078472511
bb_ipp_nonadaptive,gt,1042,86.75,0.6177649901622496
bb_ipp_nonadaptive,gt,1043,86.83333333333337,0.6178238593727916
bb_ipp_nonadaptive,gt,1044,86.91666666666663,0.6179268643728806
bb_ipp_nonadaptive,gt,1045,87.0,0.6179997899353886
bb_ipp_nonadaptive,gt,1046,87.08333333333337,0.6180139695312113
bb_ipp_nonadaptive,gt,1047,87.16666666666663,0.6180238142952766
bb_ipp_nonadaptive,gt,1048,87.25,0.6180625388890589
bb_ipp_nonadaptive,gt,1049,87.33333333333337,0.6180990504880267
bb_ipp_nonadaptive,gt,1050,87.41666666666663,0.6180960839391496
bb_ipp_nonadaptive,gt,1051,87.5,0.6180662440074042
bb_ipp_nonadaptive,gt,1052,87.58333333333337,0.6180493032240175
bb_ipp_nonadaptive,gt,1053,87.66666666666663,0.6180455884093704
bb_ipp_nonadaptive,gt,1054,87.75,0.618001904643966
bb_ipp_nonadaptive,gt,1055,87.83333333333337,0.6178694999775896
bb_ipp_nonadaptive,gt,1056,87.91666666666663,0.6177558425435571
bb_ipp_nonadaptive,gt,1057,88.0,0.6177427179990714
bb_ipp_nonadaptive,gt,1058,88.08333333333337,0.6177569239489114
bb_ipp_nonadaptive,gt,1059,88.16666666666663,0.6177231029010963
bb_ipp_nonadaptive,gt,1060,88.25,0.6176547892351992
bb_ipp_nonadaptive,gt,1061,88.33333333333337,0.6175985350958826
bb_ipp_nonadaptive,gt,1062,88.41666666666663,0.617553155335517
bb_ipp_nonadaptive,gt,1063,88.5,0.6174864512549925
bb_ipp_nonadaptive,gt,1064,88.58333333333337,0.6173575113412759
bb_ipp_nonadaptive,gt,1065,88.66666666666663,0.6171648435130748
bb_ipp_nonadaptive,gt,1066,88.75,0.61703348171237
bb_ipp_nonadaptive,gt,1067,88.83333333333337,0.6169885007683134
bb_ipp_nonadaptive,gt,1068,88.91666666666663,0.6169530768921175
bb_ipp_nonadaptive,gt,1069,89.0,0.6168802378746224
bb_ipp_nonadaptive,gt,1070,89.08333333333337,0.6167995444115154
bb_ipp_nonadaptive,gt,1071,89.16666666666663,0.6167418146558764
bb_ipp_nonadaptive,gt,1072,89.25,0.6167013655027378
bb_ipp_nonadaptive,gt,1073,89.33333333333337,0.6166430781069671
bb_ipp_nonadaptive,gt,1074,89.41666666666663,0.6165299796414572
bb_ipp_nonadaptive,gt,1075,89.5,0.6164100078679781
bb_ipp_nonadaptive,gt,1076,89.58333333333337,0.61637061496764
bb_ipp_nonadaptive,gt,1077,89.66666666666663,0.6163658078365877
bb_ipp_nonadaptive,gt,1078,89.75,0.6162825660851268
bb_ipp_nonadaptive,gt,1079,89.83333333333337,0.6161366631036698
bb_ipp_nonadaptive,gt,1080,89.91666666666663,0.6161294109852935
bb_ipp_nonadaptive,gt,1081,90.0,0.6162052686881186
bb_ipp_nonadaptive,gt,1082,90.08333333333337,0.6162373816377315
bb_ipp_nonadaptive,gt,1083,90.16666666666663,0.6161731883827819
bb_ipp_nonadaptive,gt,1084,90.25,0.6161534974034238
bb_ipp_nonadaptive,gt,1085,90.33333333333337,0.6162223076322048
bb_ipp_nonadaptive,gt,1086,90.41666666666663,0.6162838669461218
bb_ipp_nonadaptive,gt,1087,90.5,0.6162417030345289
bb_ipp_nonadaptive,gt,1088,90.58333333333337,0.6161785624113435
bb_ipp_nonadaptive,gt,1089,90.66666666666663,0.6162098768471153
bb_ipp_nonadaptive,gt,1090,90.75,0.6162678412355247
bb_ipp_nonadaptive,gt,1091,90.83333333333337,0.6162302659797424
bb_ipp_nonadaptive,gt,1092,90.91666666666663,0.6161057956311224
bb_ipp_nonadaptive,gt,1093,91.0,0.6160757619831109
bb_ipp_nonadaptive,gt,1094,91.08333333333337,0.6161100183653723
bb_ipp_nonadaptive,gt,1095,91.16666666666663,0.6161162891011909
bb_ipp_nonadaptive,gt,1096,91.25,0.6160641245360928
bb_ipp_nonadaptive,gt,1097,91.33333333333337,0.6159988579400046
bb_ipp_nonadaptive,gt,1098,91.41666666666663,0.6159572172243943
bb_ipp_nonadaptive,gt,1099,91.5,0.6159191123932516
bb_ipp_nonadaptive,gt,1100,91.58333333333337,0.6158471530212515
bb_ipp_nonadaptive,gt,1101,91.66666666666663,0.6157477943558213
bb_ipp_nonadaptive,gt,1102,91.75,0.6156608220670099
bb_ipp_nonadaptive,gt,1103,91.83333333333337,0.6155899089948506
bb_ipp_nonadaptive,gt,1104,91.91666666666663,0.6155001989882936
bb_ipp_nonadaptive,gt,1105,92.0,0.6153749690573606
bb_ipp_nonadaptive,gt,1106,92.08333333333337,0.6152463836655369
bb_ipp_nonadaptive,gt,1107,92.16666666666663,0.6151383380335641
bb_ipp_nonadaptive,gt,1108,92.25,0.6150191569886544
bb_ipp_nonadaptive,gt,1109,92.33333333333337,0.6148427662774854
bb_ipp_nonadaptive,gt,1110,92.41666666666663,0.6146274785893936
bb_ipp_nonadaptive,gt,1111,92.5,0.614433735125584
bb_ipp_nonadaptive,gt,1112,92.58333333333337,0.6142427133202779
bb_ipp_nonadaptive,gt,1113,92.66666666666663,0.6139905269351129
bb_ipp_nonadaptive,gt,1114,92.75,0.613681077193397
bb_ipp_nonadaptive,gt,1115,92.83333333333337,0.6134026125714122
bb_ipp_nonadaptive,gt,1116,92.91666666666663,0.6131537947682396
bb_ipp_nonadaptive,gt,1117,93.0,0.6128948284626586
bb_ipp_nonadaptive,gt,1118,93.08333333333337,0.6126011702367116
bb_ipp_nonadaptive,gt,1119,93.16666666666663,0.6122610286178691
bb_ipp_nonadaptive,gt,1120,93.25,0.6118935240056542
bb_ipp_nonadaptive,gt,1121,93.33333333333337,0.6115536512563586
bb_ipp_nonadaptive,gt,1122,93.41666666666663,0.6112418481041519
bb_ipp_nonadaptive,gt,1123,93.5,0.6109320696680234
bb_ipp_nonadaptive,gt,1124,93.58333333333337,0.6106071444747242
bb_ipp_nonadaptive,gt,1125,93.66666666666663,0.6102464006743042
bb_ipp_nonadaptive,gt,1126,93.75,0.6098053091175322
bb_ipp_nonadaptive,gt,1127,93.83333333333337,0.6092739525235982
bb_ipp_nonadaptive,gt,1128,93.91666666666663,0.6087117407264309
bb_ipp_nonadaptive,gt,1129,94.0,0.6081408323158222
bb_ipp_nonadaptive,gt,1130,94.08333333333337,0.6075713651249397
bb_ipp_nonadaptive,gt,1131,94.16666666666663,0.6070084672651602
bb_ipp_nonadaptive,gt,1132,94.25,0.6064547868510614
bb_ipp_nonadaptive,gt,1133,94.33333333333337,0.6059115927566374
bb_ipp_nonadaptive,gt,1134,94.41666666666663,0.6053793306151802
bb_ipp_nonadaptive,gt,1135,94.5,0.604857939165561
bb_ipp_nonadaptive,gt,1136,94.58333333333337,0.6043470466828432
bb_ipp_nonadaptive,gt,1137,94.66666666666663,0.6038460998825995
bb_ipp_nonadaptive,gt,1138,94.75,0.6033544508059199
bb_ipp_nonadaptive,gt,1139,94.83333333333337,0.602871415579839
bb_ipp_nonadaptive,gt,1140,94.91666666666663,0.6023963135055113
bb_ipp_nonadaptive,gt,1141,95.0,0.6019284921121911
bb_ipp_nonadaptive,gt,1142,95.08333333333337,0.6014673421813483
bb_ipp_nonadaptive,gt,1143,95.16666666666663,0.6010123056821507
bb_ipp_nonadaptive,gt,1144,95.25,0.6005628788039623
bb_ipp_nonadaptive,gt,1145,95.33333333333337,0.6001186117056612
bb_ipp_nonadaptive,gt,1146,95.41666666666663,0.5996791061683865
bb_ipp_nonadaptive,gt,1147,95.5,0.5992440120058651
bb_ipp_nonadaptive,gt,1148,95.58333333333337,0.5988130228334433
bb_ipp_nonadaptive,gt,1149,95.66666666666663,0.5983858716070609
bb_ipp_nonadaptive,gt,1150,95.75,0.5979623262033155
bb_ipp_nonadaptive,gt,1151,95.83333333333337,0.5975421852103647
bb_ipp_nonadaptive,gt,1152,95.91666666666663,0.5971252740275677
bb_ipp_nonadaptive,gt,1153,96.0,0.5967114413220864
bb_ipp_nonadaptive,gt,1154,96.08333333333337,0.5963005558573307
bb_ipp_nonadaptive,gt,1155,96.16666666666663,0.5958925036865973
bb_ipp_nonadaptive,gt,1156,96.25,0.5954871856921274
bb_ipp_nonadaptive,gt,1157,96.33333333333337,0.595084515442498
bb_ipp_nonadaptive,gt,1158,96.41666666666663,0.594684417337916
bb_ipp_nonadaptive,gt,1159,96.5,0.5942868250122486
bb_ipp_nonadaptive,gt,1160,96.58333333333337,0.5938916799615119
bb_ipp_nonadaptive,gt,1161,96.66666666666663,0.5934989303704231
bb_ipp_nonadaptive,gt,1162,96.75,0.5931085301110078
bb_ipp_nonadaptive,gt,1163,96.83333333333337,0.5927204378898575
bb_ipp_nonadaptive,gt,1164,96.91666666666663,0.5923346165232455
bb_ipp_nonadaptive,gt,1165,97.0,0.5919510323218252
bb_ipp_nonadaptive,gt,1166,97.08333333333337,0.5915696545689638
bb_ipp_nonadaptive,gt,1167,97.16666666666663,0.5911904550788917
bb_ipp_nonadaptive,gt,1168,97.25,0.5908134078227485
bb_ipp_nonadaptive,gt,1169,97.33333333333337,0.5904384886122893
bb_ipp_nonadaptive,gt,1170,97.41666666666663,0.5900656748324896
bb_ipp_nonadaptive,gt,1171,97.5,0.5896949452155689
bb_ipp_nonadaptive,gt,1172,97.58333333333337,0.5893262796500665
bb_ipp_nonadaptive,gt,1173,97.66666666666663,0.588959659019553
bb_ipp_nonadaptive,gt,1174,97.75,0.5885950650663858
bb_ipp_nonadaptive,gt,1175,97.83333333333337,0.5882324802766115
bb_ipp_nonadaptive,gt,1176,97.91666666666663,0.5878718877827224
bb_ipp_nonadaptive,gt,1177,98.0,0.5875132712814755
bb_ipp_nonadaptive,gt,1178,98.08333333333337,0.5871566149644186
bb_ipp_nonadaptive,gt,1179,98.16666666666663,0.5868019034591332
bb_ipp_nonadaptive,gt,1180,98.25,0.5864491217795121
bb_ipp_nonadaptive,gt,1181,98.33333333333337,0.5860982552836562
bb_ipp_nonadaptive,gt,1182,98.41666666666663,0.5857492896381912
bb_ipp_nonadaptive,gt,1183,98.5,0.5854022107879987
bb_ipp_nonadaptive,gt,1184,98.58333333333337,0.5850570049305094
bb_ipp_nonadaptive,gt,1185,98.66666666666663,0.5847136584938424
bb_ipp_nonadaptive,gt,1186,98.75,0.5843721581181864
bb_ipp_nonadaptive,gt,1187,98.83333333333337,0.5840324906399151
bb_ipp_nonadaptive,gt,1188,98.91666666666663,0.5836946430780056
bb_ipp_nonadaptive,gt,1189,99.0,0.5833586026224012
bb_ipp_nonadaptive,gt,1190,99.08333333333337,0.5830243566240149
bb_ipp_nonadaptive,gt,1191,99.16666666666663,0.582691892586112
bb_ipp_nonadaptive,gt,1192,99.25,0.5823611981568645
bb_ipp_nonadaptive,gt,1193,99.33333333333337,0.5820322611228878
bb_ipp_nonadaptive,gt,1194,99.41666666666663,0.5817050694036109
bb_ipp_nonadaptive,gt,1195,99.5,0.5813796110463506
bb_ipp_nonadaptive,gt,1196,99.58333333333337,0.5810558742219788
bb_ipp_nonadaptive,gt,1197,99.66666666666663,0.5807338472210952
bb_ipp_nonadaptive,gt,1198,99.75,0.5804135184506249
bb_ipp_nonadaptive,gt,1199,99.83333333333337,0.5800948764307776
bb_ipp_nonadaptive,gt,1200,99.91666666666663,0.5797779097923139
bb_ipp_nonadaptive,gt,1201,100.0,0.5794626072740718
bb_ipp_nonadaptive,gt,1202,100.08333333333337,0.579148957720715
bb_ipp_nonadaptive,gt,1203,100.16666666666663,0.5788369500806697
bb_ipp_nonadaptive,gt,1204,100.25,0.5785265734042243
bb_ipp_nonadaptive,gt,1205,100.33333333333337,0.5782178168417655
bb_ipp_nonadaptive,gt,1206,100.41666666666663,0.5779106696421336
bb_ipp_nonadaptive,gt,1207,100.5,0.5776051211510798
bb_ipp_nonadaptive,gt,1208,100.58333333333337,0.5773011608098114
bb_ipp_nonadaptive,gt,1209,100.66666666666663,0.5769987781536134
bb_ipp_nonadaptive,gt,1210,100.75,0.5766979628105355
bb_ipp_nonadaptive,gt,1211,100.83333333333337,0.5763987045001379
bb_ipp_nonadaptive,gt,1212,100.91666666666663,0.5761009930322867
bb_ipp_nonadaptive,gt,1213,101.0,0.5758048183059948
bb_ipp_nonadaptive,gt,1214,101.08333333333337,0.5755101703083019
bb_ipp_nonadaptive,gt,1215,101.16666666666663,0.5752170391131894
bb_ipp_nonadaptive,gt,1216,101.25,0.5749254148805273
bb_ipp_nonadaptive,gt,1217,101.33333333333337,0.5746352878550494
bb_ipp_nonadaptive,gt,1218,101.41666666666663,0.5743466483653535
bb_ipp_nonadaptive,gt,1219,101.5,0.5740594868229262
bb_ipp_nonadaptive,gt,1220,101.58333333333337,0.5737737937211881
bb_ipp_nonadaptive,gt,1221,101.66666666666663,0.5734895596345595
bb_ipp_nonadaptive,gt,1222,101.75,0.5732067752175446
bb_ipp_nonadaptive,gt,1223,101.83333333333337,0.5729254312038319
bb_ipp_nonadaptive,gt,1224,101.91666666666663,0.5726455184054126
bb_ipp_nonadaptive,gt,1225,102.0,0.5723670277117116
bb_ipp_nonadaptive,gt,1226,102.08333333333337,0.5720899500887355
bb_ipp_nonadaptive,gt,1227,102.16666666666663,0.5718142765782336
bb_ipp_nonadaptive,gt,1228,102.25,0.5715399982968702
bb_ipp_nonadaptive,gt,1229,102.33333333333337,0.571267106435412
bb_ipp_nonadaptive,gt,1230,102.41666666666663,0.5709955922579265
bb_ipp_nonadaptive,gt,1231,102.5,0.5707254471009916
bb_ipp_nonadaptive,gt,1232,102.58333333333337,0.5704566623729178
bb_ipp_nonadaptive,gt,1233,102.66666666666663,0.5701892295529799
bb_ipp_nonadaptive,gt,1234,102.75,0.5699231401906605
bb_ipp_nonadaptive,gt,1235,102.83333333333337,0.5696583859049031
bb_ipp_nonadaptive,gt,1236,102.91666666666663,0.5693949583833764
bb_ipp_nonadaptive,gt,1237,103.0,0.5691328493817467
bb_ipp_nonadaptive,gt,1238,103.08333333333337,0.568872050722962
bb_ipp_nonadaptive,gt,1239,103.16666666666663,0.5686125542965438
bb_ipp_nonadaptive,gt,1240,103.25,0.5683543520578893
bb_ipp_nonadaptive,gt,1241,103.33333333333337,0.5680974360275824
bb_ipp_nonadaptive,gt,1242,103.41666666666663,0.5678417982907135
bb_ipp_nonadaptive,gt,1243,103.5,0.5675874309962075
bb_ipp_nonadaptive,gt,1244,103.58333333333337,0.5673343263561618
bb_ipp_nonadaptive,gt,1245,103.66666666666663,0.5670824766451916
bb_ipp_nonadaptive,gt,1246,103.75,0.5668318741997836
bb_ipp_nonadaptive,gt,1247,103.83333333333337,0.5665825114176583
bb_ipp_nonadaptive,gt,1248,103.91666666666663,0.5663343807571398
bb_ipp_nonadaptive,gt,1249,104.0,0.5660874747365342
bb_ipp_nonadaptive,gt,1250,104.08333333333337,0.5658417859335154
bb_ipp_nonadaptive,gt,1251,104.16666666666663,0.5655973069845182
bb_ipp_nonadaptive,gt,1252,104.25,0.5653540305841392
bb_ipp_nonadaptive,gt,1253,104.33333333333337,0.5651119494845458
bb_ipp_nonadaptive,gt,1254,104.41666666666663,0.5648710564948913
bb_ipp_nonadaptive,gt,1255,104.5,0.5646313444807383
bb_ipp_nonadaptive,gt,1256,104.58333333333337,0.5643928063634879
bb_ipp_nonadaptive,gt,1257,104.66666666666663,0.5641554351198179
bb_ipp_nonadaptive,gt,1258,104.75,0.5639192237811256
bb_ipp_nonadaptive,gt,1259,104.83333333333337,0.5636841654329788
bb_ipp_nonadaptive,gt,1260,104.91666666666663,0.5634502532145738
bb_ipp_nonadaptive,gt,1261,105.0,0.563217480318198
bb_ipp_nonadaptive,gt,1262,105.08333333333337,0.5629858399887014
bb_ipp_nonadaptive,gt,1263,105.16666666666663,0.5627553255229734
bb_ipp_nonadaptive,gt,1264,105.25,0.5625259302694253
bb_ipp_nonadaptive,gt,1265,105.33333333333337,0.5622976476274802
bb_ipp_nonadaptive,gt,1266,105.41666666666663,0.5620704710470683
bb_ipp_nonadaptive,gt,1267,105.5,0.5618443940281284
bb_ipp_nonadaptive,gt,1268,105.58333333333337,0.5617135633500159
bb_ipp_nonadaptive,gt,1269,105.66666666666663,0.5618471766232682
bb_ipp_nonadaptive,gt,1270,105.75,0.5621274106988544
bb_ipp_nonadaptive,gt,1271,105.83333333333337,0.5623753782348506
bb_ipp_nonadaptive,gt,1272,105.91666666666663,0.5625516297905149
bb_ipp_nonadaptive,gt,1273,106.0,0.5628159254091664
bb_ipp_nonadaptive,gt,1274,106.08333333333337,0.5631692854966956
bb_ipp_nonadaptive,gt,1275,106.16666666666663,0.5635222595019671
bb_ipp_nonadaptive,gt,1276,106.25,0.563835697915387
bb_ipp_nonadaptive,gt,1277,106.33333333333337,0.5641553947478639
bb_ipp_nonadaptive,gt,1278,106.41666666666663,0.5645122595613853
bb_ipp_nonadaptive,gt,1279,106.5,0.5648821294783836
bb_ipp_nonadaptive,gt,1280,106.58333333333337,0.5652248913713838
bb_ipp_nonadaptive,gt,1281,106.66666666666663,0.5655334831153025
bb_ipp_nonadaptive,gt,1282,106.75,0.56585344838697
bb_ipp_nonadaptive,gt,1283,106.83333333333337,0.5662127787742742
bb_ipp_nonadaptive,gt,1284,106.91666666666663,0.566559920874649
bb_ipp_nonadaptive,gt,1285,107.0,0.5668185323172436
bb_ipp_nonadaptive,gt,1286,107.08333333333337,0.5670792198660853
bb_ipp_nonadaptive,gt,1287,107.16666666666663,0.5674572739980693
bb_ipp_nonadaptive,gt,1288,107.25,0.5678644754948563
bb_ipp_nonadaptive,gt,1289,107.33333333333337,0.5681804308612611
bb_ipp_nonadaptive,gt,1290,107.41666666666663,0.568429815738157
bb_ipp_nonadaptive,gt,1291,107.5,0.5687736173993743
bb_ipp_nonadaptive,gt,1292,107.58333333333337,0.569177931290938
bb_ipp_nonadaptive,gt,1293,107.66666666666663,0.5695374337097961
bb_ipp_nonadaptive,gt,1294,107.75,0.5698232506213483
bb_ipp_nonadaptive,gt,1295,107.83333333333337,0.5701331482263454
bb_ipp_nonadaptive,gt,1296,107.91666666666663,0.5705066268714097
bb_ipp_nonadaptive,gt,1297,108.0,0.5708862853535246
bb_ipp_nonadaptive,gt,1298,108.08333333333337,0.5712298056770609
bb_ipp_nonadaptive,gt,1299,108.16666666666663,0.5715653420751005
bb_ipp_nonadaptive,gt,1300,108.25,0.5719351995723431
bb_ipp_nonadaptive,gt,1301,108.33333333333337,0.5723370235082674
bb_ipp_nonadaptive,gt,1302,108.41666666666663,0.5727161268573525
bb_ipp_nonadaptive,gt,1303,108.5,0.5729884477274907
bb_ipp_nonadaptive,gt,1304,108.58333333333337,0.5732830107543934
bb_ipp_nonadaptive,gt,1305,108.66666666666663,0.5737570573559945
bb_ipp_nonadaptive,gt,1306,108.75,0.5743211625604419
bb_ipp_nonadaptive,gt,1307,108.83333333333337,0.5748701936926779
bb_ipp_nonadaptive,gt,1308,108.91666666666663,0.5753445516917782
bb_ipp_nonadaptive,gt,1309,109.0,0.5756909004516464
bb_ipp_nonadaptive,gt,1310,109.08333333333337,0.5759979819731171
bb_ipp_nonadaptive,gt,1311,109.16666666666663,0.576477831498708
bb_ipp_nonadaptive,gt,1312,109.25,0.5770670915701687
bb_ipp_nonadaptive,gt,1313,109.33333333333337,0.5776460829981441
bb_ipp_nonadaptive,gt,1314,109.41666666666663,0.5781360082777742
bb_ipp_nonadaptive,gt,1315,109.5,0.5785562094792638
bb_ipp_nonadaptive,gt,1316,109.58333333333337,0.5789912018473609
bb_ipp_nonadaptive,gt,1317,109.66666666666663,0.5794688919164668
bb_ipp_nonadaptive,gt,1318,109.75,0.5799346077683332
bb_ipp_nonadaptive,gt,1319,109.83333333333337,0.5803523083804422
bb_ipp_nonadaptive,gt,1320,109.91666666666663,0.5807730701184681
bb_ipp_nonadaptive,gt,1321,110.0,0.581236050590724
bb_ipp_nonadaptive,gt,1322,110.08333333333337,0.5817028772985441
bb_ipp_nonadaptive,gt,1323,110.16666666666663,0.582125347284205
bb_ipp_nonadaptive,gt,1324,110.25,0.5825205582875951
bb_ipp_nonadaptive,gt,1325,110.33333333333337,0.5829380289452275
bb_ipp_nonadaptive,gt,1326,110.41666666666663,0.5833789025206619
bb_ipp_nonadaptive,gt,1327,110.5,0.5837795260213698
bb_ipp_nonadaptive,gt,1328,110.58333333333337,0.5841070504119442
bb_ipp_nonadaptive,gt,1329,110.66666666666663,0.5844754472125341
bb_ipp_nonadaptive,gt,1330,110.75,0.5849374398735511
bb_ipp_nonadaptive,gt,1331,110.83333333333337,0.5853904535902852
bb_ipp_nonadaptive,gt,1332,110.91666666666663,0.5857403262277173
bb_ipp_nonadaptive,gt,1333,111.0,0.5861059797947454
bb_ipp_nonadaptive,gt,1334,111.08333333333337,0.586583861143666
bb_ipp_nonadaptive,gt,1335,111.16666666666663,0.5870865613092625
bb_ipp_nonadaptive,gt,1336,111.25,0.58751346072203
bb_ipp_nonadaptive,gt,1337,111.33333333333337,0.5878971255544962
bb_ipp_nonadaptive,gt,1338,111.41666666666663,0.5883288091039306
bb_ipp_nonadaptive,gt,1339,111.5,0.5887960451807475
bb_ipp_nonadaptive,gt,1340,111.58333333333337,0.5892256929394539
bb_ipp_nonadaptive,gt,1341,111.66666666666663,0.5896013010797375
bb_ipp_nonadaptive,gt,1342,111.75,0.5899839189427691
bb_ipp_nonadaptive,gt,1343,111.83333333333337,0.5903991718027467
bb_ipp_nonadaptive,gt,1344,111.91666666666663,0.590803800701781
bb_ipp_nonadaptive,gt,1345,112.0,0.5911547680012091
bb_ipp_nonadaptive,gt,1346,112.08333333333337,0.5914757490527509
bb_ipp_nonadaptive,gt,1347,112.16666666666663,0.5918200684890073
bb_ipp_nonadaptive,gt,1348,112.25,0.592174961214747
bb_ipp_nonadaptive,gt,1349,112.33333333333337,0.5924546411834628
bb_ipp_nonadaptive,gt,1350,112.41666666666663,0.5925998484474154
bb_ipp_nonadaptive,gt,1351,112.5,0.5928429816741778
bb_ipp_nonadaptive,gt,1352,112.58333333333337,0.5932229479623977
bb_ipp_nonadaptive,gt,1353,112.66666666666663,0.593618802495861
bb_ipp_nonadaptive,gt,1354,112.75,0.5939486507215729
bb_ipp_nonadaptive,gt,1355,112.83333333333337,0.5942302914154812
bb_ipp_nonadaptive,gt,1356,112.91666666666663,0.594512416145338
bb_ipp_nonadaptive,gt,1357,113.0,0.5948050491701347
bb_ipp_nonadaptive,gt,1358,113.08333333333337,0.5950667672537214
bb_ipp_nonadaptive,gt,1359,113.16666666666663,0.5952506852581595
bb_ipp_nonadaptive,gt,1360,113.25,0.5953970452036849
bb_ipp_nonadaptive,gt,1361,113.33333333333337,0.5956061899283316
bb_ipp_nonadaptive,gt,1362,113.41666666666663,0.5958507510365144
bb_ipp_nonadaptive,gt,1363,113.5,0.5960140149845283
bb_ipp_nonadaptive,gt,1364,113.58333333333337,0.5960870883407016
bb_ipp_nonadaptive,gt,1365,113.66666666666663,0.5962616077176872
bb_ipp_nonadaptive,gt,1366,113.75,0.5965166602823553
bb_ipp_nonadaptive,gt,1367,113.83333333333337,0.596736239907543
bb_ipp_nonadaptive,gt,1368,113.91666666666663,0.5968704313100048
bb_ipp_nonadaptive,gt,1369,114.0,0.5969927087312451
bb_ipp_nonadaptive,gt,1370,114.08333333333337,0.597151838017205
bb_ipp_nonadaptive,gt,1371,114.16666666666663,0.5973079577177115
bb_ipp_nonadaptive,gt,1372,114.25,0.5974147568133654
bb_ipp_nonadaptive,gt,1373,114.33333333333337,0.5974830355596367
bb_ipp_nonadaptive,gt,1374,114.41666666666663,0.597551915900828
bb_ipp_nonadaptive,gt,1375,114.5,0.597628052541514
bb_ipp_nonadaptive,gt,1376,114.58333333333337,0.5976732685369962
bb_ipp_nonadaptive,gt,1377,114.66666666666663,0.5976535484662692
bb_ipp_nonadaptive,gt,1378,114.75,0.5976197017123681
bb_ipp_nonadaptive,gt,1379,114.83333333333337,0.5976433130001086
bb_ipp_nonadaptive,gt,1380,114.91666666666663,0.5976831855413092
bb_ipp_nonadaptive,gt,1381,115.0,0.5976551809774054
bb_ipp_nonadaptive,gt,1382,115.08333333333337,0.5975983737643933
bb_ipp_nonadaptive,gt,1383,115.16666666666663,0.5976244936249956
bb_ipp_nonadaptive,gt,1384,115.25,0.5977048287705752
bb_ipp_nonadaptive,gt,1385,115.33333333333337,0.5977704769159589
bb_ipp_nonadaptive,gt,1386,115.41666666666663,0.597790650575631
bb_ipp_nonadaptive,gt,1387,115.5,0.597791620590189
bb_ipp_nonadaptive,gt,1388,115.58333333333337,0.597811890123911
bb_ipp_nonadaptive,gt,1389,115.66666666666663,0.5978477063315418
bb_ipp_nonadaptive,gt,1390,115.75,0.5978552301631439
bb_ipp_nonadaptive,gt,1391,115.83333333333337,0.597816765995985
bb_ipp_nonadaptive,gt,1392,115.91666666666663,0.597818931833618
bb_ipp_nonadaptive,gt,1393,116.0,0.5979003801089727
bb_ipp_nonadaptive,gt,1394,116.08333333333337,0.5979780664942003
bb_ipp_nonadaptive,gt,1395,116.16666666666663,0.597944364470156
bb_ipp_nonadaptive,gt,1396,116.25,0.5979570886838119
bb_ipp_nonadaptive,gt,1397,116.33333333333337,0.5981076055978851
bb_ipp_nonadaptive,gt,1398,116.41666666666663,0.5982930065867131
bb_ipp_nonadaptive,gt,1399,116.5,0.598387263406006
bb_ipp_nonadaptive,gt,1400,116.58333333333337,0.5984327161038682
bb_ipp_nonadaptive,gt,1401,116.66666666666663,0.5985934472592928
bb_ipp_nonadaptive,gt,1402,116.75,0.5988222892331937
bb_ipp_nonadaptive,gt,1403,116.83333333333337,0.5989974479410178
bb_ipp_nonadaptive,gt,1404,116.91666666666663,0.5990766683741557
bb_ipp_nonadaptive,gt,1405,117.0,0.5991984051971736
bb_ipp_nonadaptive,gt,1406,117.08333333333337,0.5993984331029607
bb_ipp_nonadaptive,gt,1407,117.16666666666663,0.5995759346368648
bb_ipp_nonadaptive,gt,1408,117.25,0.5996253174276673
bb_ipp_nonadaptive,gt,1409,117.33333333333337,0.5996870917006187
bb_ipp_nonadaptive,gt,1410,117.41666666666663,0.5998801654511391
bb_ipp_nonadaptive,gt,1411,117.5,0.6001069156399198
bb_ipp_nonadaptive,gt,1412,117.58333333333337,0.6002467111070663
bb_ipp_nonadaptive,gt,1413,117.66666666666663,0.6003386019220933
bb_ipp_nonadaptive,gt,1414,117.75,0.600516090858259
bb_ipp_nonadaptive,gt,1415,117.83333333333337,0.6007548068943364
bb_ipp_nonadaptive,gt,1416,117.91666666666663,0.6009648192979387
bb_ipp_nonadaptive,gt,1417,118.0,0.6011177807559076
bb_ipp_nonadaptive,gt,1418,118.08333333333337,0.6012738822608533
bb_ipp_nonadaptive,gt,1419,118.16666666666663,0.6014678097381654
bb_ipp_nonadaptive,gt,1420,118.25,0.6016603872634237
bb_ipp_nonadaptive,gt,1421,118.33333333333337,0.601807693669338
bb_ipp_nonadaptive,gt,1422,118.41666666666663,0.6019348883293059
bb_ipp_nonadaptive,gt,1423,118.5,0.602090606877989
bb_ipp_nonadaptive,gt,1424,118.58333333333337,0.6022606147502554
bb_ipp_nonadaptive,gt,1425,118.66666666666663,0.6023854514627276
bb_ipp_nonadaptive,gt,1426,118.75,0.6024516712990773
bb_ipp_nonadaptive,gt,1427,118.83333333333337,0.6025408620381201
bb_ipp_nonadaptive,gt,1428,118.91666666666663,0.6026823283965121
bb_ipp_nonadaptive,gt,1429,119.0,0.6028029801144772
bb_ipp_nonadaptive,gt,1430,119.08333333333337,0.6028490548419363
bb_ipp_nonadaptive,gt,1431,119.16666666666663,0.6029123656777023
bb_ipp_nonadaptive,gt,1432,119.25,0.6030511724273893
bb_ipp_nonadaptive,gt,1433,119.33333333333337,0.6031978956554405
bb_ipp_nonadaptive,gt,1434,119.41666666666663,0.6032848760227505
bb_ipp_nonadaptive,gt,1435,119.5,0.6033541845058913
bb_ipp_nonadaptive,gt,1436,119.58333333333337,0.6034690743810815
bb_ipp_nonadaptive,gt,1437,119.66666666666663,0.6036071895094268
bb_ipp_nonadaptive,gt,1438,119.75,0.6037125657954953
bb_ipp_nonadaptive,gt,1439,119.83333333333337,0.6037723618131278
bb_ipp_nonadaptive,gt,1440,119.91666666666663,0.6038239505673363
bb_ipp_nonadaptive,gt,1441,120.0,0.603888406738227
bb_ipp_nonadaptive,gt,1442,120.08333333333337,0.6039301874325618
bb_ipp_nonadaptive,gt,1443,120.16666666666663,0.6039166180930565
bb_ipp_nonadaptive,gt,1444,120.25,0.6038647084363521
bb_ipp_nonadaptive,gt,1445,120.33333333333337,0.6038030565292051
bb_ipp_nonadaptive,gt,1446,120.41666666666663,0.6037219284094283
bb_ipp_nonadaptive,gt,1447,120.5,0.6035762790702758
bb_ipp_nonadaptive,gt,1448,120.58333333333337,0.6033271060153573
bb_ipp_nonadaptive,gt,1449,120.66666666666663,0.6029840389592804
bb_ipp_nonadaptive,gt,1450,120.75,0.6025918506370483
bb_ipp_nonadaptive,gt,1451,120.83333333333337,0.602235336500471
bb_ipp_nonadaptive,gt,1452,120.91666666666663,0.6019479052651335
bb_ipp_nonadaptive,gt,1453,121.0,0.6017031689873822
bb_ipp_nonadaptive,gt,1454,121.08333333333337,0.6014608303434863
bb_ipp_nonadaptive,gt,1455,121.16666666666663,0.6011974245748251
bb_ipp_nonadaptive,gt,1456,121.25,0.6009557573297654
bb_ipp_nonadaptive,gt,1457,121.33333333333337,0.6007748979576516
bb_ipp_nonadaptive,gt,1458,121.41666666666663,0.6006210895027299
bb_ipp_nonadaptive,gt,1459,121.5,0.6004592727489766
bb_ipp_nonadaptive,gt,1460,121.58333333333337,0.6003083552967639
bb_ipp_nonadaptive,gt,1461,121.66666666666663,0.6001791405014961
bb_ipp_nonadaptive,gt,1462,121.75,0.6000588113428353
bb_ipp_nonadaptive,gt,1463,121.83333333333337,0.5999322621509762
bb_ipp_nonadaptive,gt,1464,121.91666666666663,0.5997812524091142
bb_ipp_nonadaptive,gt,1465,122.0,0.5996183371205263
bb_ipp_nonadaptive,gt,1466,122.08333333333337,0.5994829031408817
bb_ipp_nonadaptive,gt,1467,122.16666666666663,0.5993564676856286
bb_ipp_nonadaptive,gt,1468,122.25,0.5991930025230948
bb_ipp_nonadaptive,gt,1469,122.33333333333337,0.5990140696032634
bb_ipp_nonadaptive,gt,1470,122.41666666666663,0.5988714554600921
bb_ipp_nonadaptive,gt,1471,122.5,0.5987524567894456
bb_ipp_nonadaptive,gt,1472,122.58333333333337,0.5986137378267343
bb_ipp_nonadaptive,gt,1473,122.66666666666663,0.5984359161568554
bb_ipp_nonadaptive,gt,1474,122.75,0.5982546529336884
bb_ipp_nonadaptive,gt,1475,122.83333333333337,0.5981003468557176
bb_ipp_nonadaptive,gt,1476,122.91666666666663,0.5979466258056414
bb_ipp_nonadaptive,gt,1477,123.0,0.5977399906993772
bb_ipp_nonadaptive,gt,1478,123.08333333333337,0.597503785651209
bb_ipp_nonadaptive,gt,1479,123.16666666666663,0.5973386136751768
bb_ipp_nonadaptive,gt,1480,123.25,0.5972220978034585
bb_ipp_nonadaptive,gt,1481,123.33333333333337,0.5971010590643083
bb_ipp_nonadaptive,gt,1482,123.41666666666663,0.5969609964351512
bb_ipp_nonadaptive,gt,1483,123.5,0.596808635358567
bb_ipp_nonadaptive,gt,1484,123.58333333333337,0.5966509745699199
bb_ipp_nonadaptive,gt,1485,123.66666666666663,0.5965132115031904
bb_ipp_nonadaptive,gt,1486,123.75,0.5963981584208335
bb_ipp_nonadaptive,gt,1487,123.83333333333337,0.5962912973489107
bb_ipp_nonadaptive,gt,1488,123.91666666666663,0.5962081958651897
bb_ipp_nonadaptive,gt,1489,124.0,0.5961516001297071
bb_ipp_nonadaptive,gt,1490,124.08333333333337,0.5960958772834559
bb_ipp_nonadaptive,gt,1491,124.16666666666663,0.5960705184100962
bb_ipp_nonadaptive,gt,1492,124.25,0.5961322156328062
bb_ipp_nonadaptive,gt,1493,124.33333333333337,0.5962793782149621
bb_ipp_nonadaptive,gt,1494,124.41666666666663,0.5964821428913866
bb_ipp_nonadaptive,gt,1495,124.5,0.5966880598997586
bb_ipp_nonadaptive,gt,1496,124.58333333333337,0.5968209237631914
bb_ipp_nonadaptive,gt,1497,124.66666666666663,0.5969222257981259
bb_ipp_nonadaptive,gt,1498,124.75,0.597068068714453
bb_ipp_nonadaptive,gt,1499,124.83333333333337,0.5971912893265835
bb_ipp_nonadaptive,gt,1500,124.91666666666663,0.5972256925170638
bb_ipp_nonadaptive,gt,1501,125.0,0.5971792070631107
bb_ipp_nonadaptive,gt,1502,125.08333333333337,0.5970906956220925
bb_ipp_nonadaptive,gt,1503,125.16666666666663,0.5969866564559264
bb_ipp_nonadaptive,gt,1504,125.25,0.5968673978630447
bb_ipp_nonadaptive,gt,1505,125.33333333333337,0.5966982730887239
bb_ipp_nonadaptive,gt,1506,125.41666666666663,0.5964618728673133
bb_ipp_nonadaptive,gt,1507,125.5,0.5963038755067446
bb_ipp_nonadaptive,gt,1508,125.58333333333337,0.5962362317316754
bb_ipp_nonadaptive,gt,1509,125.66666666666663,0.5961899727673495
bb_ipp_nonadaptive,gt,1510,125.75,0.5961223089430485
bb_ipp_nonadaptive,gt,1511,125.83333333333337,0.5960437809923853
bb_ipp_nonadaptive,gt,1512,125.91666666666663,0.5959798474810322
bb_ipp_nonadaptive,gt,1513,126.0,0.5959387842386867
bb_ipp_nonadaptive,gt,1514,126.08333333333337,0.5958930882592985
bb_ipp_nonadaptive,gt,1515,126.16666666666663,0.5957916252011809
bb_ipp_nonadaptive,gt,1516,126.25,0.5956718625801035
bb_ipp_nonadaptive,gt,1517,126.33333333333337,0.5956655147208535
bb_ipp_nonadaptive,gt,1518,126.41666666666663,0.5957362036452185
bb_ipp_nonadaptive,gt,1519,126.5,0.5958017474691325
bb_ipp_nonadaptive,gt,1520,126.58333333333337,0.5958430567601531
bb_ipp_nonadaptive,gt,1521,126.66666666666663,0.595902465346913
bb_ipp_nonadaptive,gt,1522,126.75,0.5959978135663433
bb_ipp_nonadaptive,gt,1523,126.83333333333337,0.596108178484529
bb_ipp_nonadaptive,gt,1524,126.91666666666663,0.5961872618072466
bb_ipp_nonadaptive,gt,1525,127.0,0.5962039521148518
bb_ipp_nonadaptive,gt,1526,127.08333333333337,0.5962527675294634
bb_ipp_nonadaptive,gt,1527,127.16666666666663,0.5964137706134758
bb_ipp_nonadaptive,gt,1528,127.25,0.5966153539851339
bb_ipp_nonadaptive,gt,1529,127.33333333333337,0.5967790914429925
bb_ipp_nonadaptive,gt,1530,127.41666666666663,0.5969403400938849
bb_ipp_nonadaptive,gt,1531,127.5,0.597152048709752
bb_ipp_nonadaptive,gt,1532,127.58333333333337,0.5973961011028156
bb_ipp_nonadaptive,gt,1533,127.66666666666663,0.5976244767665577
bb_ipp_nonadaptive,gt,1534,127.75,0.5977838832827106
bb_ipp_nonadaptive,gt,1535,127.83333333333337,0.5978749154681636
bb_ipp_nonadaptive,gt,1536,127.91666666666663,0.5980417924649357
bb_ipp_nonadaptive,gt,1537,128.0,0.5983145594968573
bb_ipp_nonadaptive,gt,1538,128.08333333333337,0.5985909912482179
bb_ipp_nonadaptive,gt,1539,128.16666666666663,0.5988248802589727
bb_ipp_nonadaptive,gt,1540,128.25,0.5990705129077032
bb_ipp_nonadaptive,gt,1541,128.33333333333337,0.5993480459834338
bb_ipp_nonadaptive,gt,1542,128.41666666666663,0.5996356524729782
bb_ipp_nonadaptive,gt,1543,128.5,0.5998885943607349
bb_ipp_nonadaptive,gt,1544,128.58333333333337,0.6000334501708157
bb_ipp_nonadaptive,gt,1545,128.66666666666663,0.6001185074699309
bb_ipp_nonadaptive,gt,1546,128.75,0.6003744513066473
bb_ipp_nonadaptive,gt,1547,128.83333333333337,0.6007370023884356
bb_ipp_nonadaptive,gt,1548,128.91666666666663,0.6010838809966371
bb_ipp_nonadaptive,gt,1549,129.0,0.6013653751033085
bb_ipp_nonadaptive,gt,1550,129.08333333333337,0.6016075203105955
bb_ipp_nonadaptive,gt,1551,129.16666666666663,0.6018590409534783
bb_ipp_nonadaptive,gt,1552,129.25,0.6021216545486439
bb_ipp_nonadaptive,gt,1553,129.33333333333337,0.6023371213995992
bb_ipp_nonadaptive,gt,1554,129.41666666666663,0.6024390082420567
bb_ipp_nonadaptive,gt,1555,129.5,0.60256407098517
bb_ipp_nonadaptive,gt,1556,129.58333333333337,0.6028342599487739
bb_ipp_nonadaptive,gt,1557,129.66666666666663,0.6031531034888901
bb_ipp_nonadaptive,gt,1558,129.75,0.6034192621299137
bb_ipp_nonadaptive,gt,1559,129.83333333333337,0.603641846115864
bb_ipp_nonadaptive,gt,1560,129.91666666666663,0.6038766567429665
bb_ipp_nonadaptive,gt,1561,130.0,0.6041288641383639
bb_ipp_nonadaptive,gt,1562,130.08333333333337,0.6043592093445148
bb_ipp_nonadaptive,gt,1563,130.16666666666663,0.6045048062278473
bb_ipp_nonadaptive,gt,1564,130.25,0.6045346427266475
bb_ipp_nonadaptive,gt,1565,130.33333333333337,0.6046624735020284
bb_ipp_nonadaptive,gt,1566,130.41666666666663,0.6049236294757797
bb_ipp_nonadaptive,gt,1567,130.5,0.6052060987505101
bb_ipp_nonadaptive,gt,1568,130.58333333333337,0.6054323080085148
bb_ipp_nonadaptive,gt,1569,130.66666666666663,0.6056084973156682
bb_ipp_nonadaptive,gt,1570,130.75,0.6057727231613542
bb_ipp_nonadaptive,gt,1571,130.83333333333337,0.6059463055015024
bb_ipp_nonadaptive,gt,1572,130.91666666666663,0.6061030966436178
bb_ipp_nonadaptive,gt,1573,131.0,0.606165008097107
bb_ipp_nonadaptive,gt,1574,131.08333333333337,0.6061603005687151
bb_ipp_nonadaptive,gt,1575,131.16666666666663,0.6063029052390027
bb_ipp_nonadaptive,gt,1576,131.25,0.6065433240279662
bb_ipp_nonadaptive,gt,1577,131.33333333333337,0.6067733307693162
bb_ipp_nonadaptive,gt,1578,131.41666666666663,0.606938117814535
bb_ipp_nonadaptive,gt,1579,131.5,0.6070494678275673
bb_ipp_nonadaptive,gt,1580,131.58333333333337,0.6071499686554683
bb_ipp_nonadaptive,gt,1581,131.66666666666663,0.6072595311195728
bb_ipp_nonadaptive,gt,1582,131.75,0.6073291901482623
bb_ipp_nonadaptive,gt,1583,131.83333333333337,0.6072795584387808
bb_ipp_nonadaptive,gt,1584,131.91666666666663,0.6072228674202522
bb_ipp_nonadaptive,gt,1585,132.0,0.6072674934734983
bb_ipp_nonadaptive,gt,1586,132.08333333333337,0.6073311851438743
bb_ipp_nonadaptive,gt,1587,132.16666666666663,0.6073259286051388
bb_ipp_nonadaptive,gt,1588,132.25,0.6072721204623436
bb_ipp_nonadaptive,gt,1589,132.33333333333337,0.6072331613801507
bb_ipp_nonadaptive,gt,1590,132.41666666666663,0.6072085351784502
bb_ipp_nonadaptive,gt,1591,132.5,0.6071594647447108
bb_ipp_nonadaptive,gt,1592,132.58333333333337,0.6070579460789458
bb_ipp_nonadaptive,gt,1593,132.66666666666663,0.6069163224163896
bb_ipp_nonadaptive,gt,1594,132.75,0.6067792761525153
bb_ipp_nonadaptive,gt,1595,132.83333333333337,0.6066525365789806
bb_ipp_nonadaptive,gt,1596,132.91666666666663,0.6064791601647878
bb_ipp_nonadaptive,gt,1597,133.0,0.6062134157370167
bb_ipp_nonadaptive,gt,1598,133.08333333333337,0.6059929527060249
bb_ipp_nonadaptive,gt,1599,133.16666666666663,0.6058348984439613
bb_ipp_nonadaptive,gt,1600,133.25,0.6056637382303084
bb_ipp_nonadaptive,gt,1601,133.33333333333337,0.6054374494614095
bb_ipp_nonadaptive,gt,1602,133.41666666666663,0.605191528719863
bb_ipp_nonadaptive,gt,1603,133.5,0.6049509825126449
bb_ipp_nonadaptive,gt,1604,133.58333333333337,0.6047045056309671
bb_ipp_nonadaptive,gt,1605,133.66666666666663,0.6044332843178085
bb_ipp_nonadaptive,gt,1606,133.75,0.6041167874265173
bb_ipp_nonadaptive,gt,1607,133.83333333333337,0.6037627104557924
bb_ipp_nonadaptive,gt,1608,133.91666666666663,0.6034116858733329
bb_ipp_nonadaptive,gt,1609,134.0,0.6031327487397335
bb_ipp_nonadaptive,gt,1610,134.08333333333337,0.6029324913813733
bb_ipp_nonadaptive,gt,1611,134.16666666666663,0.6027676848644603
bb_ipp_nonadaptive,gt,1612,134.25,0.6026248912633894
bb_ipp_nonadaptive,gt,1613,134.33333333333337,0.602505513507496
bb_ipp_nonadaptive,gt,1614,134.41666666666663,0.6024096078131631
bb_ipp_nonadaptive,gt,1615,134.5,0.6023116155107263
bb_ipp_nonadaptive,gt,1616,134.58333333333337,0.6021545614700693
bb_ipp_nonadaptive,gt,1617,134.66666666666663,0.6019760392718009
bb_ipp_nonadaptive,gt,1618,134.75,0.6019119991854236
bb_ipp_nonadaptive,gt,1619,134.83333333333337,0.6019164447306052
bb_ipp_nonadaptive,gt,1620,134.91666666666663,0.6019108575909167
bb_ipp_nonadaptive,gt,1621,135.0,0.6018656937738668
bb_ipp_nonadaptive,gt,1622,135.08333333333337,0.6018022255595336
bb_ipp_nonadaptive,gt,1623,135.16666666666663,0.6017512359183143
bb_ipp_nonadaptive,gt,1624,135.25,0.6017073668545423
bb_ipp_nonadaptive,gt,1625,135.33333333333337,0.6016367836031592
bb_ipp_nonadaptive,gt,1626,135.41666666666663,0.6015316323783796
bb_ipp_nonadaptive,gt,1627,135.5,0.6014428992599986
bb_ipp_nonadaptive,gt,1628,135.58333333333337,0.6013953347272407
bb_ipp_nonadaptive,gt,1629,135.66666666666663,0.6013354253084471
bb_ipp_nonadaptive,gt,1630,135.75,0.6011969314456636
bb_ipp_nonadaptive,gt,1631,135.83333333333337,0.601077159794894
bb_ipp_nonadaptive,gt,1632,135.91666666666663,0.6010541621988312
bb_ipp_nonadaptive,gt,1633,136.0,0.6010536266581337
bb_ipp_nonadaptive,gt,1634,136.08333333333337,0.6009821242719893
bb_ipp_nonadaptive,gt,1635,136.16666666666663,0.600875220542718
bb_ipp_nonadaptive,gt,1636,136.25,0.6008428598158949
bb_ipp_nonadaptive,gt,1637,136.33333333333337,0.600854821621243
bb_ipp_nonadaptive,gt,1638,136.41666666666663,0.600825058035098
bb_ipp_nonadaptive,gt,1639,136.5,0.6007290308531289
bb_ipp_nonadaptive,gt,1640,136.58333333333337,0.6006575643018671
bb_ipp_nonadaptive,gt,1641,136.66666666666663,0.6006399629344661
bb_ipp_nonadaptive,gt,1642,136.75,0.600608153489211
bb_ipp_nonadaptive,gt,1643,136.83333333333337,0.6004967075476271
bb_ipp_nonadaptive,gt,1644,136.91666666666663,0.6003701957593933
bb_ipp_nonadaptive,gt,1645,137.0,0.6003071333887648
bb_ipp_nonadaptive,gt,1646,137.08333333333337,0.6002584547343167
bb_ipp_nonadaptive,gt,1647,137.16666666666663,0.6001329042621405
bb_ipp_nonadaptive,gt,1648,137.25,0.5999457859142304
bb_ipp_nonadaptive,gt,1649,137.33333333333337,0.5998403216230629
bb_ipp_nonadaptive,gt,1650,137.41666666666663,0.5997713472192442
bb_ipp_nonadaptive,gt,1651,137.5,0.5996492420133925
bb_ipp_nonadaptive,gt,1652,137.58333333333337,0.5994604834585182
bb_ipp_nonadaptive,gt,1653,137.66666666666663,0.5992739351634353
bb_ipp_nonadaptive,gt,1654,137.75,0.5991038070913254
bb_ipp_nonadaptive,gt,1655,137.83333333333337,0.5989188977277311
bb_ipp_nonadaptive,gt,1656,137.91666666666663,0.5986944070551398
bb_ipp_nonadaptive,gt,1657,138.0,0.5984324311399221
bb_ipp_nonadaptive,gt,1658,138.08333333333337,0.5981617402073155
bb_ipp_nonadaptive,gt,1659,138.16666666666663,0.5979012889626593
bb_ipp_nonadaptive,gt,1660,138.25,0.5976262527223815
bb_ipp_nonadaptive,gt,1661,138.33333333333337,0.5972987062197287
bb_ipp_nonadaptive,gt,1662,138.41666666666663,0.5969727546321152
bb_ipp_nonadaptive,gt,1663,138.5,0.5966996026071495
bb_ipp_nonadaptive,gt,1664,138.58333333333337,0.596435846427805
bb_ipp_nonadaptive,gt,1665,138.66666666666663,0.5961235433324935
bb_ipp_nonadaptive,gt,1666,138.75,0.5957824521779979
bb_ipp_nonadaptive,gt,1667,138.83333333333337,0.5954826465442576
bb_ipp_nonadaptive,gt,1668,138.91666666666663,0.5952037152192051
bb_ipp_nonadaptive,gt,1669,139.0,0.5949046631531526
bb_ipp_nonadaptive,gt,1670,139.08333333333337,0.5945842585600577
bb_ipp_nonadaptive,gt,1671,139.16666666666663,0.5942651945209159
bb_ipp_nonadaptive,gt,1672,139.25,0.5939515991792161
bb_ipp_nonadaptive,gt,1673,139.33333333333337,0.5936349386804413
bb_ipp_nonadaptive,gt,1674,139.41666666666663,0.5932998995475806
bb_ipp_nonadaptive,gt,1675,139.5,0.5929416654841323
bb_ipp_nonadaptive,gt,1676,139.58333333333337,0.5926374499633875
bb_ipp_nonadaptive,gt,1677,139.66666666666663,0.5924264225374147
bb_ipp_nonadaptive,gt,1678,139.75,0.5922754641589287
bb_ipp_nonadaptive,gt,1679,139.83333333333337,0.592144467047529
bb_ipp_nonadaptive,gt,1680,139.91666666666663,0.5920274562612184
bb_ipp_nonadaptive,gt,1681,140.0,0.5919406369850578
bb_ipp_nonadaptive,gt,1682,140.08333333333337,0.5918844198260349
bb_ipp_nonadaptive,gt,1683,140.16666666666663,0.5918187610699546
bb_ipp_nonadaptive,gt,1684,140.25,0.5917124456645785
bb_ipp_nonadaptive,gt,1685,140.33333333333337,0.5916517880493231
bb_ipp_nonadaptive,gt,1686,140.41666666666663,0.5916794488589525
bb_ipp_nonadaptive,gt,1687,140.5,0.5917220244216518
bb_ipp_nonadaptive,gt,1688,140.58333333333337,0.5916874416058397
bb_ipp_nonadaptive,gt,1689,140.66666666666663,0.5916539109622724
bb_ipp_nonadaptive,gt,1690,140.75,0.5917248771253524
bb_ipp_nonadaptive,gt,1691,140.83333333333337,0.5918344161711384
bb_ipp_nonadaptive,gt,1692,140.91666666666663,0.5918772359599064
bb_ipp_nonadaptive,gt,1693,141.0,0.5918612892238824
bb_ipp_nonadaptive,gt,1694,141.08333333333337,0.5919301356614393
bb_ipp_nonadaptive,gt,1695,141.16666666666663,0.5920705897592468
bb_ipp_nonadaptive,gt,1696,141.25,0.5921889410764885
bb_ipp_nonadaptive,gt,1697,141.33333333333337,0.5922424766194172
bb_ipp_nonadaptive,gt,1698,141.41666666666663,0.5923344902227381
bb_ipp_nonadaptive,gt,1699,141.5,0.5925066713086248
bb_ipp_nonadaptive,gt,1700,141.58333333333337,0.5926950340277545
bb_ipp_nonadaptive,gt,1701,141.66666666666663,0.5928487688659131
bb_ipp_nonadaptive,gt,1702,141.75,0.5929991210606843
bb_ipp_nonadaptive,gt,1703,141.83333333333337,0.5931863317936017
bb_ipp_nonadaptive,gt,1704,141.91666666666663,0.5933913287131988
bb_ipp_nonadaptive,gt,1705,142.0,0.59356667968265
bb_ipp_nonadaptive,gt,1706,142.08333333333337,0.5936929008426511
bb_ipp_nonadaptive,gt,1707,142.16666666666663,0.5938146333079655
bb_ipp_nonadaptive,gt,1708,142.25,0.5939815972566315
bb_ipp_nonadaptive,gt,1709,142.33333333333337,0.5941513313144999
bb_ipp_nonadaptive,gt,1710,142.41666666666663,0.5942266750315571
bb_ipp_nonadaptive,gt,1711,142.5,0.594283949035428
bb_ipp_nonadaptive,gt,1712,142.58333333333337,0.5944867743095843
bb_ipp_nonadaptive,gt,1713,142.66666666666663,0.5947687444072033
bb_ipp_nonadaptive,gt,1714,142.75,0.5950308277871043
bb_ipp_nonadaptive,gt,1715,142.83333333333337,0.5952442626314175
bb_ipp_nonadaptive,gt,1716,142.91666666666663,0.5954378821535904
bb_ipp_nonadaptive,gt,1717,143.0,0.5956424050403537
bb_ipp_nonadaptive,gt,1718,143.08333333333337,0.5958612291001028
bb_ipp_nonadaptive,gt,1719,143.16666666666663,0.5960404409407495
bb_ipp_nonadaptive,gt,1720,143.25,0.5961281261688074
bb_ipp_nonadaptive,gt,1721,143.33333333333337,0.5962800140989647
bb_ipp_nonadaptive,gt,1722,143.41666666666663,0.5965641907601335
bb_ipp_nonadaptive,gt,1723,143.5,0.5968921153252233
bb_ipp_nonadaptive,gt,1724,143.58333333333337,0.5971804981359204
bb_ipp_nonadaptive,gt,1725,143.66666666666663,0.5973943896388675
bb_ipp_nonadaptive,gt,1726,143.75,0.5975514259419136
bb_ipp_nonadaptive,gt,1727,143.83333333333337,0.5977396439357797
bb_ipp_nonadaptive,gt,1728,143.91666666666663,0.5979879801190864
bb_ipp_nonadaptive,gt,1729,144.0,0.5982279986240016
bb_ipp_nonadaptive,gt,1730,144.08333333333337,0.5984320920475308
bb_ipp_nonadaptive,gt,1731,144.16666666666663,0.5986630677754485
bb_ipp_nonadaptive,gt,1732,144.25,0.5989339971445881
bb_ipp_nonadaptive,gt,1733,144.33333333333337,0.5992078587119414
bb_ipp_nonadaptive,gt,1734,144.41666666666663,0.5994467749930261
bb_ipp_nonadaptive,gt,1735,144.5,0.5996049259434879
bb_ipp_nonadaptive,gt,1736,144.58333333333337,0.5997208667682866
bb_ipp_nonadaptive,gt,1737,144.66666666666663,0.5999485071132521
bb_ipp_nonadaptive,gt,1738,144.75,0.600271272092694
bb_ipp_nonadaptive,gt,1739,144.83333333333337,0.6005985455413946
bb_ipp_nonadaptive,gt,1740,144.91666666666663,0.6008665953914435
bb_ipp_nonadaptive,gt,1741,145.0,0.6010299842600071
bb_ipp_nonadaptive,gt,1742,145.08333333333337,0.6011395109543647
bb_ipp_nonadaptive,gt,1743,145.16666666666663,0.6013729724449063
bb_ipp_nonadaptive,gt,1744,145.25,0.6017077249457772
bb_ipp_nonadaptive,gt,1745,145.33333333333337,0.6020425506918261
bb_ipp_nonadaptive,gt,1746,145.41666666666663,0.6023255533487777
bb_ipp_nonadaptive,gt,1747,145.5,0.602556158086137
bb_ipp_nonadaptive,gt,1748,145.58333333333337,0.6027704467922564
bb_ipp_nonadaptive,gt,1749,145.66666666666663,0.603020638716829
bb_ipp_nonadaptive,gt,1750,145.75,0.6032894453540353
bb_ipp_nonadaptive,gt,1751,145.83333333333337,0.6035310720650666
bb_ipp_nonadaptive,gt,1752,145.91666666666663,0.6037725480778638
bb_ipp_nonadaptive,gt,1753,146.0,0.604054255505913
bb_ipp_nonadaptive,gt,1754,146.08333333333337,0.6043583988101947
bb_ipp_nonadaptive,gt,1755,146.16666666666663,0.6046499280762343
bb_ipp_nonadaptive,gt,1756,146.25,0.6049000031068924
bb_ipp_nonadaptive,gt,1757,146.33333333333337,0.6051095138311127
bb_ipp_nonadaptive,gt,1758,146.41666666666663,0.6053558323071037
bb_ipp_nonadaptive,gt,1759,146.5,0.6056605019555495
bb_ipp_nonadaptive,gt,1760,146.58333333333337,0.6059517760067676
bb_ipp_nonadaptive,gt,1761,146.66666666666663,0.6062070860114173
bb_ipp_nonadaptive,gt,1762,146.75,0.6064733895928477
bb_ipp_nonadaptive,gt,1763,146.83333333333337,0.6067468053765064
bb_ipp_nonadaptive,gt,1764,146.91666666666663,0.6069975612345491
bb_ipp_nonadaptive,gt,1765,147.0,0.6071971027123714
bb_ipp_nonadaptive,gt,1766,147.08333333333337,0.6073164431841984
bb_ipp_nonadaptive,gt,1767,147.16666666666663,0.607421362926849
bb_ipp_nonadaptive,gt,1768,147.25,0.6075918896271657
bb_ipp_nonadaptive,gt,1769,147.33333333333337,0.6077866870288446
bb_ipp_nonadaptive,gt,1770,147.41666666666663,0.6079505792788286
bb_ipp_nonadaptive,gt,1771,147.5,0.6080839491861877
bb_ipp_nonadaptive,gt,1772,147.58333333333337,0.6081988235400301
bb_ipp_nonadaptive,gt,1773,147.66666666666663,0.6083176185965605
bb_ipp_nonadaptive,gt,1774,147.75,0.6084335236760527
bb_ipp_nonadaptive,gt,1775,147.83333333333337,0.6084749821704376
bb_ipp_nonadaptive,gt,1776,147.91666666666663,0.6084234324953539
bb_ipp_nonadaptive,gt,1777,148.0,0.6084859844515328
bb_ipp_nonadaptive,gt,1778,148.08333333333337,0.6086485072276001
bb_ipp_nonadaptive,gt,1779,148.16666666666663,0.6087756657402378
bb_ipp_nonadaptive,gt,1780,148.25,0.6087644891018751
bb_ipp_nonadaptive,gt,1781,148.33333333333337,0.6087942985022529
bb_ipp_nonadaptive,gt,1782,148.41666666666663,0.6089342379474727
bb_ipp_nonadaptive,gt,1783,148.5,0.6090771321633561
bb_ipp_nonadaptive,gt,1784,148.58333333333337,0.6091120226423145
bb_ipp_nonadaptive,gt,1785,148.66666666666663,0.6091066121054646
bb_ipp_nonadaptive,gt,1786,148.75,0.6091792493375976
bb_ipp_nonadaptive,gt,1787,148.83333333333337,0.609281303544391
bb_ipp_nonadaptive,gt,1788,148.91666666666663,0.6093151112515087
bb_ipp_nonadaptive,gt,1789,149.0,0.6092667517229398
bb_ipp_nonadaptive,gt,1790,149.08333333333337,0.609256401690192
bb_ipp_nonadaptive,gt,1791,149.16666666666663,0.6092971777131212
bb_ipp_nonadaptive,gt,1792,149.25,0.6093024503972952
bb_ipp_nonadaptive,gt,1793,149.33333333333337,0.609211397453268
bb_ipp_nonadaptive,gt,1794,149.41666666666663,0.6091285071882255
bb_ipp_nonadaptive,gt,1795,149.5,0.6091130516093269
bb_ipp_nonadaptive,gt,1796,149.58333333333337,0.6090915372101773
bb_ipp_nonadaptive,gt,1797,149.66666666666663,0.6089694561802755
bb_ipp_nonadaptive,gt,1798,149.75,0.6088045095746734
bb_ipp_nonadaptive,gt,1799,149.83333333333337,0.6087186782630724
bb_ipp_nonadaptive,gt,1800,149.91666666666663,0.6086581511141613
bb_ipp_nonadaptive,gt,1801,150.0,0.6085276623394834
bb_ipp_nonadaptive,gt,1802,150.08333333333337,0.6083276277802896
bb_ipp_nonadaptive,gt,1803,150.16666666666663,0.6081710215531592
bb_ipp_nonadaptive,gt,1804,150.25,0.6080608466247813
bb_ipp_nonadaptive,gt,1805,150.33333333333337,0.6079320297639116
bb_ipp_nonadaptive,gt,1806,150.41666666666663,0.6077508994051393
bb_ipp_nonadaptive,gt,1807,150.5,0.6075708312872105
bb_ipp_nonadaptive,gt,1808,150.58333333333337,0.607434397806377
bb_ipp_nonadaptive,gt,1809,150.66666666666663,0.6073120757154483
bb_ipp_nonadaptive,gt,1810,150.75,0.6071570184116448
bb_ipp_nonadaptive,gt,1811,150.83333333333337,0.6069884921336076
bb_ipp_nonadaptive,gt,1812,150.91666666666663,0.6068696398321751
bb_ipp_nonadaptive,gt,1813,151.0,0.6067959685413279
bb_ipp_nonadaptive,gt,1814,151.08333333333337,0.6066964830002572
bb_ipp_nonadaptive,gt,1815,151.16666666666663,0.6065207696764771
bb_ipp_nonadaptive,gt,1816,151.25,0.6064368413388769
bb_ipp_nonadaptive,gt,1817,151.33333333333337,0.6064731595316769
bb_ipp_nonadaptive,gt,1818,151.41666666666663,0.6065348767253822
bb_ipp_nonadaptive,gt,1819,151.5,0.6065620750079522
bb_ipp_nonadaptive,gt,1820,151.58333333333337,0.6065945735502078
bb_ipp_nonadaptive,gt,1821,151.66666666666663,0.6066681538975454
bb_ipp_nonadaptive,gt,1822,151.75,0.6067672094079493
bb_ipp_nonadaptive,gt,1823,151.83333333333337,0.606852452602037
bb_ipp_nonadaptive,gt,1824,151.91666666666663,0.6068662023017778
bb_ipp_nonadaptive,gt,1825,152.0,0.6068327190321332
bb_ipp_nonadaptive,gt,1826,152.08333333333337,0.6069300796779257
bb_ipp_nonadaptive,gt,1827,152.16666666666663,0.6071391558759486
bb_ipp_nonadaptive,gt,1828,152.25,0.6073673236622538
bb_ipp_nonadaptive,gt,1829,152.33333333333337,0.607546977879068
bb_ipp_nonadaptive,gt,1830,152.41666666666663,0.6076300778485616
bb_ipp_nonadaptive,gt,1831,152.5,0.6076411028237082
bb_ipp_nonadaptive,gt,1832,152.58333333333337,0.6077438909217797
bb_ipp_nonadaptive,gt,1833,152.66666666666663,0.6079335127190915
bb_ipp_nonadaptive,gt,1834,152.75,0.6081156949923574
bb_ipp_nonadaptive,gt,1835,152.83333333333337,0.6082485550675103
bb_ipp_nonadaptive,gt,1836,152.91666666666663,0.6083593394089998
bb_ipp_nonadaptive,gt,1837,153.0,0.6084845889824699
bb_ipp_nonadaptive,gt,1838,153.08333333333337,0.6086238164385597
bb_ipp_nonadaptive,gt,1839,153.16666666666663,0.6087348899117482
bb_ipp_nonadaptive,gt,1840,153.25,0.608798821057476
bb_ipp_nonadaptive,gt,1841,153.33333333333337,0.608873413690359
bb_ipp_nonadaptive,gt,1842,153.41666666666663,0.6089931365680217
bb_ipp_nonadaptive,gt,1843,153.5,0.6091032141564278
bb_ipp_nonadaptive,gt,1844,153.58333333333337,0.6091363976328714
bb_ipp_nonadaptive,gt,1845,153.66666666666663,0.609147045721092
bb_ipp_nonadaptive,gt,1846,153.75,0.6092152063760945
bb_ipp_nonadaptive,gt,1847,153.83333333333337,0.6092930380824402
bb_ipp_nonadaptive,gt,1848,153.91666666666663,0.6092961824901577
bb_ipp_nonadaptive,gt,1849,154.0,0.6092597465267401
bb_ipp_nonadaptive,gt,1850,154.08333333333337,0.6092937723757719
bb_ipp_nonadaptive,gt,1851,154.16666666666663,0.6093771413396417
bb_ipp_nonadaptive,gt,1852,154.25,0.6094306620103518
bb_ipp_nonadaptive,gt,1853,154.33333333333337,0.6094396126134505
bb_ipp_nonadaptive,gt,1854,154.41666666666663,0.6094701573657757
bb_ipp_nonadaptive,gt,1855,154.5,0.6095435856769823
bb_ipp_nonadaptive,gt,1856,154.58333333333337,0.6096202548173427
bb_ipp_nonadaptive,gt,1857,154.66666666666663,0.6096591054319123
bb_ipp_nonadaptive,gt,1858,154.75,0.609651715472332
bb_ipp_nonadaptive,gt,1859,154.83333333333337,0.6096523285805334
bb_ipp_nonadaptive,gt,1860,154.91666666666663,0.6097019858647601
bb_ipp_nonadaptive,gt,1861,155.0,0.6097573116900367
bb_ipp_nonadaptive,gt,1862,155.08333333333337,0.6097821703263907
bb_ipp_nonadaptive,gt,1863,155.16666666666663,0.609810718303566
bb_ipp_nonadaptive,gt,1864,155.25,0.6098605752838274
bb_ipp_nonadaptive,gt,1865,155.33333333333337,0.6099115694601812
bb_ipp_nonadaptive,gt,1866,155.41666666666663,0.6099478961168114
bb_ipp_nonadaptive,gt,1867,155.5,0.6099506382691863
bb_ipp_nonadaptive,gt,1868,155.58333333333337,0.6099315297980118
bb_ipp_nonadaptive,gt,1869,155.66666666666663,0.6099531950327917
bb_ipp_nonadaptive,gt,1870,155.75,0.610009584283529
bb_ipp_nonadaptive,gt,1871,155.83333333333337,0.6100530386801251
bb_ipp_nonadaptive,gt,1872,155.91666666666663,0.6100851738451384
bb_ipp_nonadaptive,gt,1873,156.0,0.6101271959119112
bb_ipp_nonadaptive,gt,1874,156.08333333333337,0.6101826357005968
bb_ipp_nonadaptive,gt,1875,156.16666666666663,0.6102394096705541
bb_ipp_nonadaptive,gt,1876,156.25,0.6102488881530354
bb_ipp_nonadaptive,gt,1877,156.33333333333337,0.6101687461068156
bb_ipp_nonadaptive,gt,1878,156.41666666666663,0.6101456442334043
bb_ipp_nonadaptive,gt,1879,156.5,0.610236088856823
bb_ipp_nonadaptive,gt,1880,156.58333333333337,0.6103322577982341
bb_ipp_nonadaptive,gt,1881,156.66666666666663,0.610318521447641
bb_ipp_nonadaptive,gt,1882,156.75,0.6102885449846136
bb_ipp_nonadaptive,gt,1883,156.83333333333337,0.610376708773187
bb_ipp_nonadaptive,gt,1884,156.91666666666663,0.6105052187734173
bb_ipp_nonadaptive,gt,1885,157.0,0.6105425705363559
bb_ipp_nonadaptive,gt,1886,157.08333333333337,0.6104777845989708
bb_ipp_nonadaptive,gt,1887,157.16666666666663,0.6105402456049247
bb_ipp_nonadaptive,gt,1888,157.25,0.6106869187807126
bb_ipp_nonadaptive,gt,1889,157.33333333333337,0.6107932154400626
bb_ipp_nonadaptive,gt,1890,157.41666666666663,0.6108164243802344
bb_ipp_nonadaptive,gt,1891,157.5,0.6108656868674781
bb_ipp_nonadaptive,gt,1892,157.58333333333337,0.6109804298689697
bb_ipp_nonadaptive,gt,1893,157.66666666666663,0.6111030587464591
bb_ipp_nonadaptive,gt,1894,157.75,0.6111837639764783
bb_ipp_nonadaptive,gt,1895,157.83333333333337,0.6112257868349515
bb_ipp_nonadaptive,gt,1896,157.91666666666663,0.6112657807228151
bb_ipp_nonadaptive,gt,1897,158.0,0.6113284872829502
bb_ipp_nonadaptive,gt,1898,158.08333333333337,0.6113736969083641
bb_ipp_nonadaptive,gt,1899,158.16666666666663,0.6113204048430788
bb_ipp_nonadaptive,gt,1900,158.25,0.6112568341725763
bb_ipp_nonadaptive,gt,1901,158.33333333333337,0.6113289391419253
bb_ipp_nonadaptive,gt,1902,158.41666666666663,0.6114629434208918
bb_ipp_nonadaptive,gt,1903,158.5,0.6115623659342445
bb_ipp_nonadaptive,gt,1904,158.58333333333337,0.6116148228840764
bb_ipp_nonadaptive,gt,1905,158.66666666666663,0.611660060327528
bb_ipp_nonadaptive,gt,1906,158.75,0.611717576332899
bb_ipp_nonadaptive,gt,1907,158.83333333333337,0.6117721038389605
bb_ipp_nonadaptive,gt,1908,158.91666666666663,0.6117727395931428
bb_ipp_nonadaptive,gt,1909,159.0,0.6116859603971887
bb_ipp_nonadaptive,gt,1910,159.08333333333337,0.6116439228618408
bb_ipp_nonadaptive,gt,1911,159.16666666666663,0.6117069972825167
bb_ipp_nonadaptive,gt,1912,159.25,0.6117917145987213
bb_ipp_nonadaptive,gt,1913,159.33333333333337,0.6118316952248832
bb_ipp_nonadaptive,gt,1914,159.41666666666663,0.6118540276029549
bb_ipp_nonadaptive,gt,1915,159.5,0.6118975909378259
bb_ipp_nonadaptive,gt,1916,159.58333333333337,0.6119597636698413
bb_ipp_nonadaptive,gt,1917,159.66666666666663,0.6120031163393004
bb_ipp_nonadaptive,gt,1918,159.75,0.6119884820768253
bb_ipp_nonadaptive,gt,1919,159.83333333333337,0.6119473862628069
bb_ipp_nonadaptive,gt,1920,159.91666666666663,0.6119774506025845
bb_ipp_nonadaptive,gt,1921,160.0,0.6120619952690364
bb_ipp_nonadaptive,gt,1922,160.08333333333337,0.6120935091426163
bb_ipp_nonadaptive,gt,1923,160.16666666666663,0.6120536259151224
bb_ipp_nonadaptive,gt,1924,160.25,0.6121036005671132
bb_ipp_nonadaptive,gt,1925,160.33333333333337,0.6122412441630202
bb_ipp_nonadaptive,gt,1926,160.41666666666663,0.6123797868982225
bb_ipp_nonadaptive,gt,1927,160.5,0.6124706610148855
bb_ipp_nonadaptive,gt,1928,160.58333333333337,0.6125358278255859
bb_ipp_nonadaptive,gt,1929,160.66666666666663,0.6126166153297714
bb_ipp_nonadaptive,gt,1930,160.75,0.6127153272243654
bb_ipp_nonadaptive,gt,1931,160.83333333333337,0.6127848621505083
bb_ipp_nonadaptive,gt,1932,160.91666666666663,0.6127935385012097
bb_ipp_nonadaptive,gt,1933,161.0,0.6128142089071815
bb_ipp_nonadaptive,gt,1934,161.08333333333337,0.6129027076689539
bb_ipp_nonadaptive,gt,1935,161.16666666666663,0.6129924285242789
bb_ipp_nonadaptive,gt,1936,161.25,0.6129797110702915
bb_ipp_nonadaptive,gt,1937,161.33333333333337,0.6129447488145461
bb_ipp_nonadaptive,gt,1938,161.41666666666663,0.6130225115055208
bb_ipp_nonadaptive,gt,1939,161.5,0.6131360988008641
bb_ipp_nonadaptive,gt,1940,161.58333333333337,0.6131580528835858
bb_ipp_nonadaptive,gt,1941,161.66666666666663,0.613098652182665
bb_ipp_nonadaptive,gt,1942,161.75,0.6131133413246215
bb_ipp_nonadaptive,gt,1943,161.83333333333337,0.6131824790043173
bb_ipp_nonadaptive,gt,1944,161.91666666666663,0.6132184837591819
bb_ipp_nonadaptive,gt,1945,162.0,0.6131928392866757
bb_ipp_nonadaptive,gt,1946,162.08333333333337,0.6131549290062711
bb_ipp_nonadaptive,gt,1947,162.16666666666663,0.6131322367118299
bb_ipp_nonadaptive,gt,1948,162.25,0.6131012703358415
bb_ipp_nonadaptive,gt,1949,162.33333333333337,0.6130258625981027
bb_ipp_nonadaptive,gt,1950,162.41666666666663,0.61290723584761
bb_ipp_nonadaptive,gt,1951,162.5,0.6127929512206146
bb_ipp_nonadaptive,gt,1952,162.58333333333337,0.6126969053086816
bb_ipp_nonadaptive,gt,1953,162.66666666666663,0.6125729430505554
bb_ipp_nonadaptive,gt,1954,162.75,0.6123952478665298
bb_ipp_nonadaptive,gt,1955,162.83333333333337,0.6122210247535973
bb_ipp_nonadaptive,gt,1956,162.91666666666663,0.6120796225746337
bb_ipp_nonadaptive,gt,1957,163.0,0.6119304081068503
bb_ipp_nonadaptive,gt,1958,163.08333333333337,0.6117427614326546
bb_ipp_nonadaptive,gt,1959,163.16666666666663,0.6115361177456606
bb_ipp_nonadaptive,gt,1960,163.25,0.6113319376913511
bb_ipp_nonadaptive,gt,1961,163.33333333333337,0.6111271598198229
bb_ipp_nonadaptive,gt,1962,163.41666666666663,0.6108953963196212
bb_ipp_nonadaptive,gt,1963,163.5,0.6106011589313409
bb_ipp_nonadaptive,gt,1964,163.58333333333337,0.6103103919972387
bb_ipp_nonadaptive,gt,1965,163.66666666666663,0.6100987623272768
bb_ipp_nonadaptive,gt,1966,163.75,0.6099174139212272
bb_ipp_nonadaptive,gt,1967,163.83333333333337,0.6097120254144037
bb_ipp_nonadaptive,gt,1968,163.91666666666663,0.6094853596683649
bb_ipp_nonadaptive,gt,1969,164.0,0.6092641922836298
bb_ipp_nonadaptive,gt,1970,164.08333333333337,0.6091148326168391
bb_ipp_nonadaptive,gt,1971,164.16666666666663,0.6090302202355182
bb_ipp_nonadaptive,gt,1972,164.25,0.6089363561314344
bb_ipp_nonadaptive,gt,1973,164.33333333333337,0.6088170761931104
bb_ipp_nonadaptive,gt,1974,164.41666666666663,0.6087518489238802
bb_ipp_nonadaptive,gt,1975,164.5,0.6087517635093992
bb_ipp_nonadaptive,gt,1976,164.58333333333337,0.6087700825500824
bb_ipp_nonadaptive,gt,1977,164.66666666666663,0.6087629323786776
bb_ipp_nonadaptive,gt,1978,164.75,0.6087161819867707
bb_ipp_nonadaptive,gt,1979,164.83333333333337,0.6086729569542019
bb_ipp_nonadaptive,gt,1980,164.91666666666663,0.6086899647739767
bb_ipp_nonadaptive,gt,1981,165.0,0.6087284019675742
bb_ipp_nonadaptive,gt,1982,165.08333333333337,0.6087062896169134
bb_ipp_nonadaptive,gt,1983,165.16666666666663,0.6086849932907257
bb_ipp_nonadaptive,gt,1984,165.25,0.6087689458903548
bb_ipp_nonadaptive,gt,1985,165.33333333333337,0.6089139555516233
bb_ipp_nonadaptive,gt,1986,165.41666666666663,0.6090437652777185
bb_ipp_nonadaptive,gt,1987,165.5,0.6091295076902927
bb_ipp_nonadaptive,gt,1988,165.58333333333337,0.6091973626734662
bb_ipp_nonadaptive,gt,1989,165.66666666666663,0.6092873714351802
bb_ipp_nonadaptive,gt,1990,165.75,0.609396191214347
bb_ipp_nonadaptive,gt,1991,165.83333333333337,0.6094585469177716
bb_ipp_nonadaptive,gt,1992,165.91666666666663,0.6094387597367921
bb_ipp_nonadaptive,gt,1993,166.0,0.6094965455496678
bb_ipp_nonadaptive,gt,1994,166.08333333333337,0.6096644610503443
bb_ipp_nonadaptive,gt,1995,166.16666666666663,0.609824055066111
bb_ipp_nonadaptive,gt,1996,166.25,0.6098802561893367
bb_ipp_nonadaptive,gt,1997,166.33333333333337,0.6099422539302465
bb_ipp_nonadaptive,gt,1998,166.41666666666663,0.6101047540817297
bb_ipp_nonadaptive,gt,1999,166.5,0.6102942868199831
bb_ipp_nonadaptive,gt,2000,166.58333333333337,0.6104134626189472
bb_ipp_nonadaptive,gt,2001,166.66666666666663,0.6104750395966531
bb_ipp_nonadaptive,gt,2002,166.75,0.6105786583311631
bb_ipp_nonadaptive,gt,2003,166.83333333333337,0.6107290962411688
bb_ipp_nonadaptive,gt,2004,166.91666666666663,0.6108401243015709
bb_ipp_nonadaptive,gt,2005,167.0,0.6108701285521704
bb_ipp_nonadaptive,gt,2006,167.08333333333337,0.6109204029215793
bb_ipp_nonadaptive,gt,2007,167.16666666666663,0.6110436982306258
bb_ipp_nonadaptive,gt,2008,167.25,0.6111574213695083
bb_ipp_nonadaptive,gt,2009,167.33333333333337,0.6111495180918979
bb_ipp_nonadaptive,gt,2010,167.41666666666663,0.6111265934473135
bb_ipp_nonadaptive,gt,2011,167.5,0.6112299028509491
bb_ipp_nonadaptive,gt,2012,167.58333333333337,0.6113761583465623
bb_ipp_nonadaptive,gt,2013,167.66666666666663,0.6114464395866124
bb_ipp_nonadaptive,gt,2014,167.75,0.6114555773543217
bb_ipp_nonadaptive,gt,2015,167.83333333333337,0.6115442158055752
bb_ipp_nonadaptive,gt,2016,167.91666666666663,0.6117057427621413
bb_ipp_nonadaptive,gt,2017,168.0,0.6118439961464704
bb_ipp_nonadaptive,gt,2018,168.08333333333337,0.6119094512950497
bb_ipp_nonadaptive,gt,2019,168.16666666666663,0.6119861839958152
bb_ipp_nonadaptive,gt,2020,168.25,0.6121322048432734
bb_ipp_nonadaptive,gt,2021,168.33333333333337,0.6122770870992125
bb_ipp_nonadaptive,gt,2022,168.41666666666663,0.6123192528618653
bb_ipp_nonadaptive,gt,2023,168.5,0.6123020783793135
bb_ipp_nonadaptive,gt,2024,168.58333333333337,0.6123609397839963
bb_ipp_nonadaptive,gt,2025,168.66666666666663,0.6124508918956213
bb_ipp_nonadaptive,gt,2026,168.75,0.6124623258865077
bb_ipp_nonadaptive,gt,2027,168.83333333333337,0.6123967306202048
bb_ipp_nonadaptive,gt,2028,168.91666666666663,0.6123977058460647
bb_ipp_nonadaptive,gt,2029,169.0,0.6124664270501264
bb_ipp_nonadaptive,gt,2030,169.08333333333337,0.6125259420664834
bb_ipp_nonadaptive,gt,2031,169.16666666666663,0.6125375032335342
bb_ipp_nonadaptive,gt,2032,169.25,0.6125288993658708
bb_ipp_nonadaptive,gt,2033,169.33333333333337,0.6125337676912009
bb_ipp_nonadaptive,gt,2034,169.41666666666663,0.6125472586589644
bb_ipp_nonadaptive,gt,2035,169.5,0.6125235465952186
bb_ipp_nonadaptive,gt,2036,169.58333333333337,0.6124020703755922
bb_ipp_nonadaptive,gt,2037,169.66666666666663,0.61229311103034
bb_ipp_nonadaptive,gt,2038,169.75,0.6123073862941166
bb_ipp_nonadaptive,gt,2039,169.83333333333337,0.6123690520962657
bb_ipp_nonadaptive,gt,2040,169.91666666666663,0.6123960293430807
bb_ipp_nonadaptive,gt,2041,170.0,0.6123747949977087
bb_ipp_nonadaptive,gt,2042,170.08333333333337,0.6123229501817763
bb_ipp_nonadaptive,gt,2043,170.16666666666663,0.6122658223998888
bb_ipp_nonadaptive,gt,2044,170.25,0.6122134422893166
bb_ipp_nonadaptive,gt,2045,170.33333333333337,0.6121343820376797
bb_ipp_nonadaptive,gt,2046,170.41666666666663,0.6120185547399474
bb_ipp_nonadaptive,gt,2047,170.5,0.611938841719152
bb_ipp_nonadaptive,gt,2048,170.58333333333337,0.6119133479558521
bb_ipp_nonadaptive,gt,2049,170.66666666666663,0.6118989540493056
bb_ipp_nonadaptive,gt,2050,170.75,0.6118613810259875
bb_ipp_nonadaptive,gt,2051,170.83333333333337,0.6117679532925878
bb_ipp_nonadaptive,gt,2052,170.91666666666663,0.6116193915268011
bb_ipp_nonadaptive,gt,2053,171.0,0.6115431347508234
bb_ipp_nonadaptive,gt,2054,171.08333333333337,0.6115620028438392
bb_ipp_nonadaptive,gt,2055,171.16666666666663,0.6116088966483727
bb_ipp_nonadaptive,gt,2056,171.25,0.6116328842533552
bb_ipp_nonadaptive,gt,2057,171.33333333333337,0.6115990727576981
bb_ipp_nonadaptive,gt,2058,171.41666666666663,0.6115101657708709
bb_ipp_nonadaptive,gt,2059,171.5,0.6114967692607974
bb_ipp_nonadaptive,gt,2060,171.58333333333337,0.6115872409213083
bb_ipp_nonadaptive,gt,2061,171.66666666666663,0.6117066826159335
bb_ipp_nonadaptive,gt,2062,171.75,0.6118056432250933
bb_ipp_nonadaptive,gt,2063,171.83333333333337,0.6118749325561877
bb_ipp_nonadaptive,gt,2064,171.91666666666663,0.6119238899599285
bb_ipp_nonadaptive,gt,2065,172.0,0.611998667377583
bb_ipp_nonadaptive,gt,2066,172.08333333333337,0.6120996339996837
bb_ipp_nonadaptive,gt,2067,172.16666666666663,0.6121683323134588
bb_ipp_nonadaptive,gt,2068,172.25,0.6122202410037074
bb_ipp_nonadaptive,gt,2069,172.33333333333337,0.6123244445487264
bb_ipp_nonadaptive,gt,2070,172.41666666666663,0.61246762982128
bb_ipp_nonadaptive,gt,2071,172.5,0.6126007628871548
bb_ipp_nonadaptive,gt,2072,172.58333333333337,0.6126806701214319
bb_ipp_nonadaptive,gt,2073,172.66666666666663,0.6126676012687194
bb_ipp_nonadaptive,gt,2074,172.75,0.6126424917172041
bb_ipp_nonadaptive,gt,2075,172.83333333333337,0.6127329466456648
bb_ipp_nonadaptive,gt,2076,172.91666666666663,0.6128913656138115
bb_ipp_nonadaptive,gt,2077,173.0,0.6130315712409254
bb_ipp_nonadaptive,gt,2078,173.08333333333337,0.613101753531336
bb_ipp_nonadaptive,gt,2079,173.16666666666663,0.6130843132929213
bb_ipp_nonadaptive,gt,2080,173.25,0.6130486562299121
bb_ipp_nonadaptive,gt,2081,173.33333333333337,0.6130953595187502
bb_ipp_nonadaptive,gt,2082,173.41666666666663,0.6131874809129136
bb_ipp_nonadaptive,gt,2083,173.5,0.61325913766242
bb_ipp_nonadaptive,gt,2084,173.58333333333337,0.6133029652717704
bb_ipp_nonadaptive,gt,2085,173.66666666666663,0.6133314058691353
bb_ipp_nonadaptive,gt,2086,173.75,0.6133596052422422
bb_ipp_nonadaptive,gt,2087,173.83333333333337,0.6133974585230529
bb_ipp_nonadaptive,gt,2088,173.91666666666663,0.6134053846300309
bb_ipp_nonadaptive,gt,2089,174.0,0.61334851216594
bb_ipp_nonadaptive,gt,2090,174.08333333333337,0.6133181900528651
bb_ipp_nonadaptive,gt,2091,174.16666666666663,0.6133589710752616
bb_ipp_nonadaptive,gt,2092,174.25,0.6134076111181285
bb_ipp_nonadaptive,gt,2093,174.33333333333337,0.6134002964893571
bb_ipp_nonadaptive,gt,2094,174.41666666666663,0.6132961742481053
bb_ipp_nonadaptive,gt,2095,174.5,0.6131006063091162
bb_ipp_nonadaptive,gt,2096,174.58333333333337,0.6129127569680114
bb_ipp_nonadaptive,gt,2097,174.66666666666663,0.6127611954318295
bb_ipp_nonadaptive,gt,2098,174.75,0.6125913645432439
bb_ipp_nonadaptive,gt,2099,174.83333333333337,0.6123744306002631
bb_ipp_nonadaptive,gt,2100,174.91666666666663,0.6121295064740641
bb_ipp_nonadaptive,gt,2101,175.0,0.6118728788764135
bb_ipp_nonadaptive,gt,2102,175.08333333333337,0.6116029752206412
bb_ipp_nonadaptive,gt,2103,175.16666666666663,0.6113013533417395
bb_ipp_nonadaptive,gt,2104,175.25,0.6109361782742776
bb_ipp_nonadaptive,gt,2105,175.33333333333337,0.6105310922452378
bb_ipp_nonadaptive,gt,2106,175.41666666666663,0.6101821864011499
bb_ipp_nonadaptive,gt,2107,175.5,0.6098664843501933
bb_ipp_nonadaptive,gt,2108,175.58333333333337,0.6095426812047212
bb_ipp_nonadaptive,gt,2109,175.66666666666663,0.6091867455836958
bb_ipp_nonadaptive,gt,2110,175.75,0.6087835895772007
bb_ipp_nonadaptive,gt,2111,175.83333333333337,0.6082934894794428
bb_ipp_nonadaptive,gt,2112,175.91666666666663,0.6077460906221379
bb_ipp_nonadaptive,gt,2113,176.0,0.6071800153269699
bb_ipp_nonadaptive,gt,2114,176.08333333333337,0.6066109979593977
bb_ipp_nonadaptive,gt,2115,176.16666666666663,0.6060465803541795
bb_ipp_nonadaptive,gt,2116,176.25,0.6054906380887102
bb_ipp_nonadaptive,gt,2117,176.33333333333337,0.6049451347317449
bb_ipp_nonadaptive,gt,2118,176.41666666666663,0.6044109308911263
bb_ipp_nonadaptive,gt,2119,176.5,0.6038882139190245
bb_ipp_nonadaptive,gt,2120,176.58333333333337,0.6033767528559707
bb_ipp_nonadaptive,gt,2121,176.66666666666663,0.602876061879258
bb_ipp_nonadaptive,gt,2122,176.75,0.6023855099418467
bb_ipp_nonadaptive,gt,2123,176.83333333333337,0.6019043956423822
bb_ipp_nonadaptive,gt,2124,176.91666666666663,0.6014319981385422
bb_ipp_nonadaptive,gt,2125,177.0,0.600967610961777
bb_ipp_nonadaptive,gt,2126,177.08333333333337,0.6005105634755745
bb_ipp_nonadaptive,gt,2127,177.16666666666663,0.6000602334372618
bb_ipp_nonadaptive,gt,2128,177.25,0.5996160532519628
bb_ipp_nonadaptive,gt,2129,177.33333333333337,0.5991775118653985
bb_ipp_nonadaptive,gt,2130,177.41666666666663,0.598744153749055
bb_ipp_nonadaptive,gt,2131,177.5,0.5983155760472614
bb_ipp_nonadaptive,gt,2132,177.58333333333337,0.5978914246578061
bb_ipp_nonadaptive,gt,2133,177.66666666666663,0.5974713897893537
bb_ipp_nonadaptive,gt,2134,177.75,0.5970552013667264
bb_ipp_nonadaptive,gt,2135,177.83333333333337,0.5966426245276659
bb_ipp_nonadaptive,gt,2136,177.91666666666663,0.5962334553622329
bb_ipp_nonadaptive,gt,2137,178.0,0.5958275169804261
bb_ipp_nonadaptive,gt,2138,178.08333333333337,0.5954246559482468
bb_ipp_nonadaptive,gt,2139,178.16666666666663,0.5950247391020316
bb_ipp_nonadaptive,gt,2140,178.25,0.5946276507313203
bb_ipp_nonadaptive,gt,2141,178.33333333333337,0.5942332901086703
bb_ipp_nonadaptive,gt,2142,178.41666666666663,0.5938415693383546
bb_ipp_nonadaptive,gt,2143,178.5,0.5934524114930377
bb_ipp_nonadaptive,gt,2144,178.58333333333337,0.593065749007086
bb_ipp_nonadaptive,gt,2145,178.66666666666663,0.5926815222962345
bb_ipp_nonadaptive,gt,2146,178.75,0.592299678575294
bb_ipp_nonadaptive,gt,2147,178.83333333333337,0.5919201708479997
bb_ipp_nonadaptive,gt,2148,178.91666666666663,0.5915429570457129
bb_ipp_nonadaptive,gt,2149,179.0,0.5911679992942851
bb_ipp_nonadaptive,gt,2150,179.08333333333337,0.5907952632908916
bb_ipp_nonadaptive,gt,2151,179.16666666666663,0.5904247177749458
bb_ipp_nonadaptive,gt,2152,179.25,0.5900563340793169
bb_ipp_nonadaptive,gt,2153,179.33333333333337,0.5896900857499496
bb_ipp_nonadaptive,gt,2154,179.41666666666663,0.5893259482236575
bb_ipp_nonadaptive,gt,2155,179.5,0.5889638985553212
bb_ipp_nonadaptive,gt,2156,179.58333333333337,0.588603915186997
bb_ipp_nonadaptive,gt,2157,179.66666666666663,0.588245977752544
bb_ipp_nonadaptive,gt,2158,179.75,0.5878900669123306
bb_ipp_nonadaptive,gt,2159,179.83333333333337,0.587536164213394
bb_ipp_nonadaptive,gt,2160,179.91666666666663,0.5871842519711307
bb_ipp_nonadaptive,gt,2161,180.0,0.5868343131691872
bb_ipp_nonadaptive,gt,2162,180.08333333333337,0.5864863313747336
bb_ipp_nonadaptive,gt,2163,180.16666666666663,0.5861402906667321
bb_ipp_nonadaptive,gt,2164,180.25,0.5857961755751836
bb_ipp_nonadaptive,gt,2165,180.33333333333337,0.5854539710296423
bb_ipp_nonadaptive,gt,2166,180.41666666666663,0.585113662315559
bb_ipp_nonadaptive,gt,2167,180.5,0.5847752350372318
bb_ipp_nonadaptive,gt,2168,180.58333333333337,0.5844386750863366
bb_ipp_nonadaptive,gt,2169,180.66666666666663,0.5841039686151666
bb_ipp_nonadaptive,gt,2170,180.75,0.5837711020138487
bb_ipp_nonadaptive,gt,2171,180.83333333333337,0.5834400618909176
bb_ipp_nonadaptive,gt,2172,180.91666666666663,0.5831108350567225
bb_ipp_nonadaptive,gt,2173,181.0,0.5827834085092298
bb_ipp_nonadaptive,gt,2174,181.08333333333337,0.5824577694218457
bb_ipp_nonadaptive,gt,2175,181.16666666666663,0.5821339051329472
bb_ipp_nonadaptive,gt,2176,181.25,0.5818118031368558
bb_ipp_nonadaptive,gt,2177,181.33333333333337,0.5814914510760314
bb_ipp_nonadaptive,gt,2178,181.41666666666663,0.581172836734297
bb_ipp_nonadaptive,gt,2179,181.5,0.5808559480309354
bb_ipp_nonadaptive,gt,2180,181.58333333333337,0.580540773015525
bb_ipp_nonadaptive,gt,2181,181.66666666666663,0.5802272998633997
bb_ipp_nonadaptive,gt,2182,181.75,0.5799155168716394
bb_ipp_nonadaptive,gt,2183,181.83333333333337,0.5796054124555092
bb_ipp_nonadaptive,gt,2184,181.91666666666663,0.5792969751452796
bb_ipp_nonadaptive,gt,2185,182.0,0.578990193583371
bb_ipp_nonadaptive,gt,2186,182.08333333333337,0.5786850565217745
bb_ipp_nonadaptive,gt,2187,182.16666666666663,0.5783815528197058
bb_ipp_nonadaptive,gt,2188,182.25,0.5780796714414609
bb_ipp_nonadaptive,gt,2189,182.33333333333337,0.577779401454442
bb_ipp_nonadaptive,gt,2190,182.41666666666663,0.5774807320273309
bb_ipp_nonadaptive,gt,2191,182.5,0.5771836524283869
bb_ipp_nonadaptive,gt,2192,182.58333333333337,0.576888152023855
bb_ipp_nonadaptive,gt,2193,182.66666666666663,0.5765942202764662
bb_ipp_nonadaptive,gt,2194,182.75,0.5763018467440186
bb_ipp_nonadaptive,gt,2195,182.83333333333337,0.5760110210780299
bb_ipp_nonadaptive,gt,2196,182.91666666666663,0.5757217330224506
bb_ipp_nonadaptive,gt,2197,183.0,0.5754339724124307
bb_ipp_nonadaptive,gt,2198,183.08333333333337,0.5751477291731355
bb_ipp_nonadaptive,gt,2199,183.16666666666663,0.5748629933186006
bb_ipp_nonadaptive,gt,2200,183.25,0.5745797549506263
bb_ipp_nonadaptive,gt,2201,183.33333333333337,0.5742980042577046
bb_ipp_nonadaptive,gt,2202,183.41666666666663,0.5740177315139757
bb_ipp_nonadaptive,gt,2203,183.5,0.5737389270782128
bb_ipp_nonadaptive,gt,2204,183.58333333333337,0.5734615813928299
bb_ipp_nonadaptive,gt,2205,183.66666666666663,0.5731856849829136
bb_ipp_nonadaptive,gt,2206,183.75,0.5729112284552752
bb_ipp_nonadaptive,gt,2207,183.83333333333337,0.5726382024975218
bb_ipp_nonadaptive,gt,2208,183.91666666666663,0.572366597877146
bb_ipp_nonadaptive,gt,2209,184.0,0.5720964054406315
bb_ipp_nonadaptive,gt,2210,184.08333333333337,0.5718276161125747
bb_ipp_nonadaptive,gt,2211,184.16666666666663,0.5715602208948228
bb_ipp_nonadaptive,gt,2212,184.25,0.5712942108656235
bb_ipp_nonadaptive,gt,2213,184.33333333333337,0.57102957717879
bb_ipp_nonadaptive,gt,2214,184.41666666666663,0.5707663110628791
bb_ipp_nonadaptive,gt,2215,184.5,0.5705044038203803
bb_ipp_nonadaptive,gt,2216,184.58333333333337,0.5702438468269186
bb_ipp_nonadaptive,gt,2217,184.66666666666663,0.5699846315304677
bb_ipp_nonadaptive,gt,2218,184.75,0.5697267494505748
bb_ipp_nonadaptive,gt,2219,184.83333333333337,0.5694701921775965
bb_ipp_nonadaptive,gt,2220,184.91666666666663,0.5692149513719454
bb_ipp_nonadaptive,gt,2221,185.0,0.5689610187633463
bb_ipp_nonadaptive,gt,2222,185.08333333333337,0.568708386150103
bb_ipp_nonadaptive,gt,2223,185.16666666666663,0.5684570453983756
bb_ipp_nonadaptive,gt,2224,185.25,0.5682069884414658
bb_ipp_nonadaptive,gt,2225,185.33333333333337,0.5679582072791133
bb_ipp_nonadaptive,gt,2226,185.41666666666663,0.5677106939768
bb_ipp_nonadaptive,gt,2227,185.5,0.5674644406650646
bb_ipp_nonadaptive,gt,2228,185.58333333333337,0.5672194395388254
bb_ipp_nonadaptive,gt,2229,185.66666666666663,0.5669756828567108
bb_ipp_nonadaptive,gt,2230,185.75,0.5667331629404011
bb_ipp_nonadaptive,gt,2231,185.83333333333337,0.5664918721739756
bb_ipp_nonadaptive,gt,2232,185.91666666666663,0.5662518030032699
bb_ipp_nonadaptive,gt,2233,186.0,0.5660129479352413
bb_ipp_nonadaptive,gt,2234,186.08333333333337,0.5657752995373408
bb_ipp_nonadaptive,gt,2235,186.16666666666663,0.5655388504368948
bb_ipp_nonadaptive,gt,2236,186.25,0.565303593320493
bb_ipp_nonadaptive,gt,2237,186.33333333333337,0.5650695209333849
bb_ipp_nonadaptive,gt,2238,186.41666666666663,0.5648366260788835
bb_ipp_nonadaptive,gt,2239,186.5,0.5646049016177761
bb_ipp_nonadaptive,gt,2240,186.58333333333337,0.564374340467743
bb_ipp_nonadaptive,gt,2241,186.66666666666663,0.5641449356027828
bb_ipp_nonadaptive,gt,2242,186.75,0.5639166800526447
bb_ipp_nonadaptive,gt,2243,186.83333333333337,0.5636895669022688
bb_ipp_nonadaptive,gt,2244,186.91666666666663,0.5634635892912316
bb_ipp_nonadaptive,gt,2245,187.0,0.5632387404131998
bb_ipp_nonadaptive,gt,2246,187.08333333333337,0.5630150135153893
bb_ipp_nonadaptive,gt,2247,187.16666666666663,0.5627924018980324
bb_ipp_nonadaptive,gt,2248,187.25,0.56257089891385
bb_ipp_nonadaptive,gt,2249,187.33333333333337,0.5623504979675311
bb_ipp_nonadaptive,gt,2250,187.41666666666663,0.5621311925152175
bb_ipp_nonadaptive,gt,2251,187.5,0.561912976063996
bb_ipp_nonadaptive,gt,2252,187.58333333333337,0.561695842171396
bb_ipp_nonadaptive,gt,2253,187.66666666666663,0.5614797844448932
bb_ipp_nonadaptive,gt,2254,187.75,0.5612647965414187
bb_ipp_nonadaptive,gt,2255,187.83333333333337,0.561050872166875
bb_ipp_nonadaptive,gt,2256,187.91666666666663,0.560838005075657
bb_ipp_nonadaptive,gt,2257,188.0,0.5606261890701782
bb_ipp_nonadaptive,gt,2258,188.08333333333337,0.5604154180004044
bb_ipp_nonadaptive,gt,2259,188.16666666666663,0.5602056857633904
bb_ipp_nonadaptive,gt,2260,188.25,0.5599969863028241
bb_ipp_nonadaptive,gt,2261,188.33333333333337,0.5597893136085746
bb_ipp_nonadaptive,gt,2262,188.41666666666663,0.5595826617162469
bb_ipp_nonadaptive,gt,2263,188.5,0.5593770247067407
bb_ipp_nonadaptive,gt,2264,188.58333333333337,0.5591723967058142
bb_ipp_nonadaptive,gt,2265,188.66666666666663,0.558968771883655
bb_ipp_nonadaptive,gt,2266,188.75,0.5587661444544526
bb_ipp_nonadaptive,gt,2267,188.83333333333337,0.5585645086759795
bb_ipp_nonadaptive,gt,2268,188.91666666666663,0.5583638588491736
bb_ipp_nonadaptive,gt,2269,189.0,0.5581641893177288
bb_ipp_nonadaptive,gt,2270,189.08333333333337,0.5579654944676874
bb_ipp_nonadaptive,gt,2271,189.16666666666663,0.5577677687270391
bb_ipp_nonadaptive,gt,2272,189.25,0.5575710065653241
bb_ipp_nonadaptive,gt,2273,189.33333333333337,0.5573752024932397
bb_ipp_nonadaptive,gt,2274,189.41666666666663,0.557180351062253
bb_ipp_nonadaptive,gt,2275,189.5,0.5569864468642169
bb_ipp_nonadaptive,gt,2276,189.58333333333337,0.5567934845309912
bb_ipp_nonadaptive,gt,2277,189.66666666666663,0.5566014587340666
bb_ipp_nonadaptive,gt,2278,189.75,0.5564103641841951
bb_ipp_nonadaptive,gt,2279,189.83333333333337,0.5562201956310227
bb_ipp_nonadaptive,gt,2280,189.91666666666663,0.5560309478627268
bb_ipp_nonadaptive,gt,2281,190.0,0.5558426157056582
bb_ipp_nonadaptive,gt,2282,190.08333333333337,0.5556551940239864
bb_ipp_nonadaptive,gt,2283,190.16666666666663,0.5554686777193495
bb_ipp_nonadaptive,gt,2284,190.25,0.5552830617305069
bb_ipp_nonadaptive,gt,2285,190.33333333333337,0.5550983410329974
bb_ipp_nonadaptive,gt,2286,190.41666666666663,0.5549145106387996
bb_ipp_nonadaptive,gt,2287,190.5,0.5547315655959976
bb_ipp_nonadaptive,gt,2288,190.58333333333337,0.5545495009884485
bb_ipp_nonadaptive,gt,2289,190.66666666666663,0.5543683119354553
bb_ipp_nonadaptive,gt,2290,190.75,0.5541879935914428
bb_ipp_nonadaptive,gt,2291,190.83333333333337,0.5540085411456365
bb_ipp_nonadaptive,gt,2292,190.91666666666663,0.5538299498217454
bb_ipp_nonadaptive,gt,2293,191.0,0.5536522148776492
bb_ipp_nonadaptive,gt,2294,191.08333333333337,0.553475331605087
bb_ipp_nonadaptive,gt,2295,191.16666666666663,0.5532992953293512
bb_ipp_nonadaptive,gt,2296,191.25,0.5531241014089834
bb_ipp_nonadaptive,gt,2297,191.33333333333337,0.5529497452354747
bb_ipp_nonadaptive,gt,2298,191.41666666666663,0.5527762222329682
bb_ipp_nonadaptive,gt,2299,191.5,0.5526035278579658
bb_ipp_nonadaptive,gt,2300,191.58333333333337,0.5524316575990368
bb_ipp_nonadaptive,gt,2301,191.66666666666663,0.5522606069765312
bb_ipp_nonadaptive,gt,2302,191.75,0.5520903715422947
bb_ipp_nonadaptive,gt,2303,191.83333333333337,0.5519209468793873
bb_ipp_nonadaptive,gt,2304,191.91666666666663,0.5517523286018059
bb_ipp_nonadaptive,gt,2305,192.0,0.5515845123542071
bb_ipp_nonadaptive,gt,2306,192.08333333333337,0.5514174938116367
bb_ipp_nonadaptive,gt,2307,192.16666666666663,0.5512512686792589
bb_ipp_nonadaptive,gt,2308,192.25,0.5510858326920893
bb_ipp_nonadaptive,gt,2309,192.33333333333337,0.5509211816147325
bb_ipp_nonadaptive,gt,2310,192.41666666666663,0.5507573112411192
bb_ipp_nonadaptive,gt,2311,192.5,0.5505942173942493
bb_ipp_nonadaptive,gt,2312,192.58333333333337,0.5504318959259352
bb_ipp_nonadaptive,gt,2313,192.66666666666663,0.5502703427165494
bb_ipp_nonadaptive,gt,2314,192.75,0.5501095536747739
bb_ipp_nonadaptive,gt,2315,192.83333333333337,0.5499495247373527
bb_ipp_nonadaptive,gt,2316,192.91666666666663,0.5497902518688463
bb_ipp_nonadaptive,gt,2317,193.0,0.5496317310613897
bb_ipp_nonadaptive,gt,2318,193.08333333333337,0.5494739583344519
bb_ipp_nonadaptive,gt,2319,193.16666666666663,0.5493169297345981
bb_ipp_nonadaptive,gt,2320,193.25,0.5491606413352556
bb_ipp_nonadaptive,gt,2321,193.33333333333337,0.5490050892364795
bb_ipp_nonadaptive,gt,2322,193.41666666666663,0.5488502695647242
bb_ipp_nonadaptive,gt,2323,193.5,0.548696178472614
bb_ipp_nonadaptive,gt,2324,193.58333333333337,0.5485428121387186
bb_ipp_nonadaptive,gt,2325,193.66666666666663,0.5483901667673289
bb_ipp_nonadaptive,gt,2326,193.75,0.5482382385882366
bb_ipp_nonadaptive,gt,2327,193.83333333333337,0.5480870238565154
bb_ipp_nonadaptive,gt,2328,193.91666666666663,0.5479365188523044
bb_ipp_nonadaptive,gt,2329,194.0,0.5477867198805938
bb_ipp_nonadaptive,gt,2330,194.08333333333337,0.5476376232710126
bb_ipp_nonadaptive,gt,2331,194.16666666666663,0.547489225377619
bb_ipp_nonadaptive,gt,2332,194.25,0.547341522578692
bb_ipp_nonadaptive,gt,2333,194.33333333333337,0.5471945112765263
bb_ipp_nonadaptive,gt,2334,194.41666666666663,0.5470481878972281
bb_ipp_nonadaptive,gt,2335,194.5,0.5469025488905138
bb_ipp_nonadaptive,gt,2336,194.58333333333337,0.5467987982771423
bb_ipp_nonadaptive,gt,2337,194.66666666666663,0.5469682824491606
bb_ipp_nonadaptive,gt,2338,194.75,0.5473168477131463
bb_ipp_nonadaptive,gt,2339,194.83333333333337,0.5476609604844316
bb_ipp_nonadaptive,gt,2340,194.91666666666663,0.5479179282885652
bb_ipp_nonadaptive,gt,2341,195.0,0.5482510466761817
bb_ipp_nonadaptive,gt,2342,195.08333333333337,0.5486862006475295
bb_ipp_nonadaptive,gt,2343,195.16666666666663,0.5491288216661948
bb_ipp_nonadaptive,gt,2344,195.25,0.5495245338145669
bb_ipp_nonadaptive,gt,2345,195.33333333333337,0.549929703176055
bb_ipp_nonadaptive,gt,2346,195.41666666666663,0.5503941622720827
bb_ipp_nonadaptive,gt,2347,195.5,0.5508964409128719
bb_ipp_nonadaptive,gt,2348,195.58333333333337,0.5513861162427135
bb_ipp_nonadaptive,gt,2349,195.66666666666663,0.551807903273171
bb_ipp_nonadaptive,gt,2350,195.75,0.5521917891349598
bb_ipp_nonadaptive,gt,2351,195.83333333333337,0.5527048578893243
bb_ipp_nonadaptive,gt,2352,195.91666666666663,0.5533305250302651
bb_ipp_nonadaptive,gt,2353,196.0,0.553976251944308
bb_ipp_nonadaptive,gt,2354,196.08333333333337,0.5545869642018374
bb_ipp_nonadaptive,gt,2355,196.16666666666663,0.5551143485654746
bb_ipp_nonadaptive,gt,2356,196.25,0.5555253039653267
bb_ipp_nonadaptive,gt,2357,196.33333333333337,0.5560119382595134
bb_ipp_nonadaptive,gt,2358,196.41666666666663,0.556640117255826
bb_ipp_nonadaptive,gt,2359,196.5,0.5573040847657111
bb_ipp_nonadaptive,gt,2360,196.58333333333337,0.5578729696293454
bb_ipp_nonadaptive,gt,2361,196.66666666666663,0.5583913196834327
bb_ipp_nonadaptive,gt,2362,196.75,0.5590022364063929
bb_ipp_nonadaptive,gt,2363,196.83333333333337,0.5596777714619017
bb_ipp_nonadaptive,gt,2364,196.91666666666663,0.560298238179172
bb_ipp_nonadaptive,gt,2365,197.0,0.5608299554234608
bb_ipp_nonadaptive,gt,2366,197.08333333333337,0.5613962057994547
bb_ipp_nonadaptive,gt,2367,197.16666666666663,0.5620418411212065
bb_ipp_nonadaptive,gt,2368,197.25,0.5626683561841566
bb_ipp_nonadaptive,gt,2369,197.33333333333337,0.5631876626089044
bb_ipp_nonadaptive,gt,2370,197.41666666666663,0.5637072805802251
bb_ipp_nonadaptive,gt,2371,197.5,0.5643374030072374
bb_ipp_nonadaptive,gt,2372,197.58333333333337,0.5649923968930235
bb_ipp_nonadaptive,gt,2373,197.66666666666663,0.5655370505717106
bb_ipp_nonadaptive,gt,2374,197.75,0.5660128122340194
bb_ipp_nonadaptive,gt,2375,197.83333333333337,0.5666084098672959
bb_ipp_nonadaptive,gt,2376,197.91666666666663,0.5672789937587875
bb_ipp_nonadaptive,gt,2377,198.0,0.5678697357197948
bb_ipp_nonadaptive,gt,2378,198.08333333333337,0.5683452537059634
bb_ipp_nonadaptive,gt,2379,198.16666666666663,0.568898471744992
bb_ipp_nonadaptive,gt,2380,198.25,0.569552593238652
bb_ipp_nonadaptive,gt,2381,198.33333333333337,0.57017631920962
bb_ipp_nonadaptive,gt,2382,198.41666666666663,0.570685141697536
bb_ipp_nonadaptive,gt,2383,198.5,0.5711932060686982
bb_ipp_nonadaptive,gt,2384,198.58333333333337,0.5717931185990599
bb_ipp_nonadaptive,gt,2385,198.66666666666663,0.5724083512883553
bb_ipp_nonadaptive,gt,2386,198.75,0.5729233392668847
bb_ipp_nonadaptive,gt,2387,198.83333333333337,0.5733707295228743
bb_ipp_nonadaptive,gt,2388,198.91666666666663,0.5738929032758219
bb_ipp_nonadaptive,gt,2389,199.0,0.5744637950963106
bb_ipp_nonadaptive,gt,2390,199.08333333333337,0.5749471020212855
bb_ipp_nonadaptive,gt,2391,199.16666666666663,0.5752851034558452
bb_ipp_nonadaptive,gt,2392,199.25,0.575695986531695
bb_ipp_nonadaptive,gt,2393,199.33333333333337,0.5762141148548011
bb_ipp_nonadaptive,gt,2394,199.41666666666663,0.576698631994926
bb_ipp_nonadaptive,gt,2395,199.5,0.5770512173729234
bb_ipp_nonadaptive,gt,2396,199.58333333333337,0.5774074582322606
bb_ipp_nonadaptive,gt,2397,199.66666666666663,0.5778619926218305
bb_ipp_nonadaptive,gt,2398,199.75,0.5783401227843868
bb_ipp_nonadaptive,gt,2399,199.83333333333337,0.5787603206025242
bb_ipp_nonadaptive,gt,2400,199.91666666666663,0.5791259521901998
bb_ipp_nonadaptive,gt,2401,200.0,0.5794860414393498
bb_ipp_nonadaptive,gt,2402,200.08333333333337,0.5798593161684902
bb_ipp_nonadaptive,gt,2403,200.16666666666663,0.5802083993516298
bb_ipp_nonadaptive,gt,2404,200.25,0.5804665961314576
bb_ipp_nonadaptive,gt,2405,200.33333333333337,0.5806550614392106
bb_ipp_nonadaptive,gt,2406,200.41666666666663,0.5809472132631264
bb_ipp_nonadaptive,gt,2407,200.5,0.5813273763400956
bb_ipp_nonadaptive,gt,2408,200.58333333333337,0.5816851959748265
bb_ipp_nonadaptive,gt,2409,200.66666666666663,0.5819839612427107
bb_ipp_nonadaptive,gt,2410,200.75,0.5822780362049054
bb_ipp_nonadaptive,gt,2411,200.83333333333337,0.5825922367275039
bb_ipp_nonadaptive,gt,2412,200.91666666666663,0.5829021334582358
bb_ipp_nonadaptive,gt,2413,201.0,0.5831588579261058
bb_ipp_nonadaptive,gt,2414,201.08333333333337,0.5833098289830757
bb_ipp_nonadaptive,gt,2415,201.16666666666663,0.5834478075103251
bb_ipp_nonadaptive,gt,2416,201.25,0.5837150999445927
bb_ipp_nonadaptive,gt,2417,201.33333333333337,0.5840470195422488
bb_ipp_nonadaptive,gt,2418,201.41666666666663,0.5843485144264039
bb_ipp_nonadaptive,gt,2419,201.5,0.5846002582772638
bb_ipp_nonadaptive,gt,2420,201.58333333333337,0.5848357165568718
bb_ipp_nonadaptive,gt,2421,201.66666666666663,0.5850783097637517
bb_ipp_nonadaptive,gt,2422,201.75,0.5853220498484797
bb_ipp_nonadaptive,gt,2423,201.83333333333337,0.5855158795780627
bb_ipp_nonadaptive,gt,2424,201.91666666666663,0.5856125564868189
bb_ipp_nonadaptive,gt,2425,202.0,0.5857825690152706
bb_ipp_nonadaptive,gt,2426,202.08333333333337,0.5860845789988767
bb_ipp_nonadaptive,gt,2427,202.16666666666663,0.5864252042454577
bb_ipp_nonadaptive,gt,2428,202.25,0.5867217678489146
bb_ipp_nonadaptive,gt,2429,202.33333333333337,0.5869488651377089
bb_ipp_nonadaptive,gt,2430,202.41666666666663,0.5871313632957318
bb_ipp_nonadaptive,gt,2431,202.5,0.5873405225267876
bb_ipp_nonadaptive,gt,2432,202.58333333333337,0.5875882966152818
bb_ipp_nonadaptive,gt,2433,202.66666666666663,0.5878039097100876
bb_ipp_nonadaptive,gt,2434,202.75,0.5879785298888536
bb_ipp_nonadaptive,gt,2435,202.83333333333337,0.5882127626866998
bb_ipp_nonadaptive,gt,2436,202.91666666666663,0.588509382460337
bb_ipp_nonadaptive,gt,2437,203.0,0.5888112949549227
bb_ipp_nonadaptive,gt,2438,203.08333333333337,0.5890629356031079
bb_ipp_nonadaptive,gt,2439,203.16666666666663,0.5892151313745404
bb_ipp_nonadaptive,gt,2440,203.25,0.5893130005567118
bb_ipp_nonadaptive,gt,2441,203.33333333333337,0.5895222836308999
bb_ipp_nonadaptive,gt,2442,203.41666666666663,0.5898137647988005
bb_ipp_nonadaptive,gt,2443,203.5,0.5900882719377367
bb_ipp_nonadaptive,gt,2444,203.58333333333337,0.5903080595807777
bb_ipp_nonadaptive,gt,2445,203.66666666666663,0.5905011392994857
bb_ipp_nonadaptive,gt,2446,203.75,0.5906946821488964
bb_ipp_nonadaptive,gt,2447,203.83333333333337,0.5908821518464041
bb_ipp_nonadaptive,gt,2448,203.91666666666663,0.5910166213405673
bb_ipp_nonadaptive,gt,2449,204.0,0.5910345096866364
bb_ipp_nonadaptive,gt,2450,204.08333333333337,0.5910684530427306
bb_ipp_nonadaptive,gt,2451,204.16666666666663,0.591225459641098
bb_ipp_nonadaptive,gt,2452,204.25,0.5914258727421969
bb_ipp_nonadaptive,gt,2453,204.33333333333337,0.591589570160145
bb_ipp_nonadaptive,gt,2454,204.41666666666663,0.5917010329395006
bb_ipp_nonadaptive,gt,2455,204.5,0.5917804545362463
bb_ipp_nonadaptive,gt,2456,204.58333333333337,0.5918607221804589
bb_ipp_nonadaptive,gt,2457,204.66666666666663,0.5919516251055023
bb_ipp_nonadaptive,gt,2458,204.75,0.5920035508591952
bb_ipp_nonadaptive,gt,2459,204.83333333333337,0.5919876075932688
bb_ipp_nonadaptive,gt,2460,204.91666666666663,0.5920402332342269
bb_ipp_nonadaptive,gt,2461,205.0,0.592189901421203
bb_ipp_nonadaptive,gt,2462,205.08333333333337,0.5923650405199873
bb_ipp_nonadaptive,gt,2463,205.16666666666663,0.5925076901298769
bb_ipp_nonadaptive,gt,2464,205.25,0.5925995835154597
bb_ipp_nonadaptive,gt,2465,205.33333333333337,0.5926708912232521
bb_ipp_nonadaptive,gt,2466,205.41666666666663,0.5927884894069013
bb_ipp_nonadaptive,gt,2467,205.5,0.5929436878487305
bb_ipp_nonadaptive,gt,2468,205.58333333333337,0.5930594266986883
bb_ipp_nonadaptive,gt,2469,205.66666666666663,0.5931481554779195
bb_ipp_nonadaptive,gt,2470,205.75,0.5933255582328887
bb_ipp_nonadaptive,gt,2471,205.83333333333337,0.5935804114020707
bb_ipp_nonadaptive,gt,2472,205.91666666666663,0.5938441951341461
bb_ipp_nonadaptive,gt,2473,206.0,0.5940625870630065
bb_ipp_nonadaptive,gt,2474,206.08333333333337,0.594201813354708
bb_ipp_nonadaptive,gt,2475,206.16666666666663,0.5943255103680252
bb_ipp_nonadaptive,gt,2476,206.25,0.5945608945520223
bb_ipp_nonadaptive,gt,2477,206.33333333333337,0.5948727997354941
bb_ipp_nonadaptive,gt,2478,206.41666666666663,0.595171999522974
bb_ipp_nonadaptive,gt,2479,206.5,0.5954468599863582
bb_ipp_nonadaptive,gt,2480,206.58333333333337,0.5957329958365793
bb_ipp_nonadaptive,gt,2481,206.66666666666663,0.5960400035934017
bb_ipp_nonadaptive,gt,2482,206.75,0.5963493249712443
bb_ipp_nonadaptive,gt,2483,206.83333333333337,0.596600353844633
bb_ipp_nonadaptive,gt,2484,206.91666666666663,0.5967164305995819
bb_ipp_nonadaptive,gt,2485,207.0,0.5968975800810988
bb_ipp_nonadaptive,gt,2486,207.08333333333337,0.5972178497975256
bb_ipp_nonadaptive,gt,2487,207.16666666666663,0.597566636592627
bb_ipp_nonadaptive,gt,2488,207.25,0.5978540644086435
bb_ipp_nonadaptive,gt,2489,207.33333333333337,0.5980599398292591
bb_ipp_nonadaptive,gt,2490,207.41666666666663,0.5982013043004547
bb_ipp_nonadaptive,gt,2491,207.5,0.5983275189550757
bb_ipp_nonadaptive,gt,2492,207.58333333333337,0.5984670227891272
bb_ipp_nonadaptive,gt,2493,207.66666666666663,0.5985919634800253
bb_ipp_nonadaptive,gt,2494,207.75,0.5986982584746027
bb_ipp_nonadaptive,gt,2495,207.83333333333337,0.5988014029841746
bb_ipp_nonadaptive,gt,2496,207.91666666666663,0.5988656817643132
bb_ipp_nonadaptive,gt,2497,208.0,0.5988762261511599
bb_ipp_nonadaptive,gt,2498,208.08333333333337,0.5989200729391404
bb_ipp_nonadaptive,gt,2499,208.16666666666663,0.5990254701121166
bb_ipp_nonadaptive,gt,2500,208.25,0.599141845712597
bb_ipp_nonadaptive,gt,2501,208.33333333333337,0.5992172441290471
bb_ipp_nonadaptive,gt,2502,208.41666666666663,0.5992292125029035
bb_ipp_nonadaptive,gt,2503,208.5,0.5991681022449766
bb_ipp_nonadaptive,gt,2504,208.58333333333337,0.5991150093998481
bb_ipp_nonadaptive,gt,2505,208.66666666666663,0.5990973623229393
bb_ipp_nonadaptive,gt,2506,208.75,0.5990628868356959
bb_ipp_nonadaptive,gt,2507,208.83333333333337,0.5989505879390428
bb_ipp_nonadaptive,gt,2508,208.91666666666663,0.5988959232001628
bb_ipp_nonadaptive,gt,2509,209.0,0.5989566155173744
bb_ipp_nonadaptive,gt,2510,209.08333333333337,0.5990512670610112
bb_ipp_nonadaptive,gt,2511,209.16666666666663,0.5991093707353513
bb_ipp_nonadaptive,gt,2512,209.25,0.5991304059012803
bb_ipp_nonadaptive,gt,2513,209.33333333333337,0.5991419335297518
bb_ipp_nonadaptive,gt,2514,209.41666666666663,0.5991559022887896
bb_ipp_nonadaptive,gt,2515,209.5,0.5991538076376522
bb_ipp_nonadaptive,gt,2516,209.58333333333337,0.5990849315548978
bb_ipp_nonadaptive,gt,2517,209.66666666666663,0.5989364807173609
bb_ipp_nonadaptive,gt,2518,209.75,0.5988728842813411
bb_ipp_nonadaptive,gt,2519,209.83333333333337,0.5988825411696473
bb_ipp_nonadaptive,gt,2520,209.91666666666663,0.5988925465692222
bb_ipp_nonadaptive,gt,2521,210.0,0.5988601050651988
bb_ipp_nonadaptive,gt,2522,210.08333333333337,0.5987662720491348
bb_ipp_nonadaptive,gt,2523,210.16666666666663,0.5986158610096207
bb_ipp_nonadaptive,gt,2524,210.25,0.598495621380314
bb_ipp_nonadaptive,gt,2525,210.33333333333337,0.5984366623881474
bb_ipp_nonadaptive,gt,2526,210.41666666666663,0.5983993043577981
bb_ipp_nonadaptive,gt,2527,210.5,0.5983448186365189
bb_ipp_nonadaptive,gt,2528,210.58333333333337,0.5982402850517172
bb_ipp_nonadaptive,gt,2529,210.66666666666663,0.5980613820492212
bb_ipp_nonadaptive,gt,2530,210.75,0.5979273976091677
bb_ipp_nonadaptive,gt,2531,210.83333333333337,0.5978821971121464
bb_ipp_nonadaptive,gt,2532,210.91666666666663,0.5978585205287218
bb_ipp_nonadaptive,gt,2533,211.0,0.5978015588387905
bb_ipp_nonadaptive,gt,2534,211.08333333333337,0.5977123789021361
bb_ipp_nonadaptive,gt,2535,211.16666666666663,0.5976411996153171
bb_ipp_nonadaptive,gt,2536,211.25,0.5976169758671869
bb_ipp_nonadaptive,gt,2537,211.33333333333337,0.5976005486707061
bb_ipp_nonadaptive,gt,2538,211.41666666666663,0.5975366943974176
bb_ipp_nonadaptive,gt,2539,211.5,0.5974724563397914
bb_ipp_nonadaptive,gt,2540,211.58333333333337,0.5974969015120178
bb_ipp_nonadaptive,gt,2541,211.66666666666663,0.5975641594718873
bb_ipp_nonadaptive,gt,2542,211.75,0.5975802783157276
bb_ipp_nonadaptive,gt,2543,211.83333333333337,0.597562260276722
bb_ipp_nonadaptive,gt,2544,211.91666666666663,0.5976201835214251
bb_ipp_nonadaptive,gt,2545,212.0,0.5977393537858405
bb_ipp_nonadaptive,gt,2546,212.08333333333337,0.597850576234013
bb_ipp_nonadaptive,gt,2547,212.16666666666663,0.5979222308817636
bb_ipp_nonadaptive,gt,2548,212.25,0.5979842833917152
bb_ipp_nonadaptive,gt,2549,212.33333333333337,0.5980699120390645
bb_ipp_nonadaptive,gt,2550,212.41666666666663,0.5981672268045296
bb_ipp_nonadaptive,gt,2551,212.5,0.5982350787617218
bb_ipp_nonadaptive,gt,2552,212.58333333333337,0.5982657212974506
bb_ipp_nonadaptive,gt,2553,212.66666666666663,0.5983236851249123
bb_ipp_nonadaptive,gt,2554,212.75,0.5984340157348202
bb_ipp_nonadaptive,gt,2555,212.83333333333337,0.598530127573971
bb_ipp_nonadaptive,gt,2556,212.91666666666663,0.5985181189847468
bb_ipp_nonadaptive,gt,2557,213.0,0.5985474826736362
bb_ipp_nonadaptive,gt,2558,213.08333333333337,0.598706919860968
bb_ipp_nonadaptive,gt,2559,213.16666666666663,0.5988944268000346
bb_ipp_nonadaptive,gt,2560,213.25,0.5989918527232676
bb_ipp_nonadaptive,gt,2561,213.33333333333337,0.5990297258113888
bb_ipp_nonadaptive,gt,2562,213.41666666666663,0.59914675215876
bb_ipp_nonadaptive,gt,2563,213.5,0.5993162811939527
bb_ipp_nonadaptive,gt,2564,213.58333333333337,0.5994310690571608
bb_ipp_nonadaptive,gt,2565,213.66666666666663,0.5994510117747632
bb_ipp_nonadaptive,gt,2566,213.75,0.5995028379801446
bb_ipp_nonadaptive,gt,2567,213.83333333333337,0.5996207954004042
bb_ipp_nonadaptive,gt,2568,213.91666666666663,0.5997103484616563
bb_ipp_nonadaptive,gt,2569,214.0,0.5996864731374262
bb_ipp_nonadaptive,gt,2570,214.08333333333337,0.5996641587210823
bb_ipp_nonadaptive,gt,2571,214.16666666666663,0.5997379430097648
bb_ipp_nonadaptive,gt,2572,214.25,0.5998415837502062
bb_ipp_nonadaptive,gt,2573,214.33333333333337,0.5998972432469393
bb_ipp_nonadaptive,gt,2574,214.41666666666663,0.5999077744200778
bb_ipp_nonadaptive,gt,2575,214.5,0.5999186289076511
bb_ipp_nonadaptive,gt,2576,214.58333333333337,0.5999420981801512
bb_ipp_nonadaptive,gt,2577,214.66666666666663,0.5999498442804191
bb_ipp_nonadaptive,gt,2578,214.75,0.5999076938343088
bb_ipp_nonadaptive,gt,2579,214.83333333333337,0.5998320382764858
bb_ipp_nonadaptive,gt,2580,214.91666666666663,0.5997892651893961
bb_ipp_nonadaptive,gt,2581,215.0,0.5997794336608809
bb_ipp_nonadaptive,gt,2582,215.08333333333337,0.5997260455223219
bb_ipp_nonadaptive,gt,2583,215.16666666666663,0.599589349011894
bb_ipp_nonadaptive,gt,2584,215.25,0.5995304581631645
bb_ipp_nonadaptive,gt,2585,215.33333333333337,0.5995557143330434
bb_ipp_nonadaptive,gt,2586,215.41666666666663,0.5995724536798595
bb_ipp_nonadaptive,gt,2587,215.5,0.5995218603477754
bb_ipp_nonadaptive,gt,2588,215.58333333333337,0.5994638587225539
bb_ipp_nonadaptive,gt,2589,215.66666666666663,0.5994612936913206
bb_ipp_nonadaptive,gt,2590,215.75,0.5994869718584118
bb_ipp_nonadaptive,gt,2591,215.83333333333337,0.5994784160470171
bb_ipp_nonadaptive,gt,2592,215.91666666666663,0.599435198159217
bb_ipp_nonadaptive,gt,2593,216.0,0.5994373150765648
bb_ipp_nonadaptive,gt,2594,216.08333333333337,0.5994935758561052
bb_ipp_nonadaptive,gt,2595,216.16666666666663,0.5995257106777839
bb_ipp_nonadaptive,gt,2596,216.25,0.5994577144182306
bb_ipp_nonadaptive,gt,2597,216.33333333333337,0.5994451013876777
bb_ipp_nonadaptive,gt,2598,216.41666666666663,0.5995396279442289
bb_ipp_nonadaptive,gt,2599,216.5,0.5996438667530596
bb_ipp_nonadaptive,gt,2600,216.58333333333337,0.5996739740972364
bb_ipp_nonadaptive,gt,2601,216.66666666666663,0.5996684638053722
bb_ipp_nonadaptive,gt,2602,216.75,0.5997075148269306
bb_ipp_nonadaptive,gt,2603,216.83333333333337,0.5997700828081399
bb_ipp_nonadaptive,gt,2604,216.91666666666663,0.5997940193580039
bb_ipp_nonadaptive,gt,2605,217.0,0.5997641131945823
bb_ipp_nonadaptive,gt,2606,217.08333333333337,0.5997296342094687
bb_ipp_nonadaptive,gt,2607,217.16666666666663,0.5997169737292793
bb_ipp_nonadaptive,gt,2608,217.25,0.5996870495170769
bb_ipp_nonadaptive,gt,2609,217.33333333333337,0.5996024503932943
bb_ipp_nonadaptive,gt,2610,217.41666666666663,0.5994992265522705
bb_ipp_nonadaptive,gt,2611,217.5,0.5994309390597679
bb_ipp_nonadaptive,gt,2612,217.58333333333337,0.5993738097355384
bb_ipp_nonadaptive,gt,2613,217.66666666666663,0.5992591982605787
bb_ipp_nonadaptive,gt,2614,217.75,0.5990968048092256
bb_ipp_nonadaptive,gt,2615,217.83333333333337,0.5990081226734559
bb_ipp_nonadaptive,gt,2616,217.91666666666663,0.5989719040421607
bb_ipp_nonadaptive,gt,2617,218.0,0.5988975907351151
bb_ipp_nonadaptive,gt,2618,218.08333333333337,0.5987386949996886
bb_ipp_nonadaptive,gt,2619,218.16666666666663,0.5986360619012424
bb_ipp_nonadaptive,gt,2620,218.25,0.5986024644810032
bb_ipp_nonadaptive,gt,2621,218.33333333333337,0.5985495914194812
bb_ipp_nonadaptive,gt,2622,218.41666666666663,0.5983919695515407
bb_ipp_nonadaptive,gt,2623,218.5,0.5982480298215169
bb_ipp_nonadaptive,gt,2624,218.58333333333337,0.5981887587083493
bb_ipp_nonadaptive,gt,2625,218.66666666666663,0.598142863894918
bb_ipp_nonadaptive,gt,2626,218.75,0.5980192342956382
bb_ipp_nonadaptive,gt,2627,218.83333333333337,0.5978439017387374
bb_ipp_nonadaptive,gt,2628,218.91666666666663,0.5977503978662927
bb_ipp_nonadaptive,gt,2629,219.0,0.5976975442528206
bb_ipp_nonadaptive,gt,2630,219.08333333333337,0.59759672601258
bb_ipp_nonadaptive,gt,2631,219.16666666666663,0.5974173060037193
bb_ipp_nonadaptive,gt,2632,219.25,0.5972719763817602
bb_ipp_nonadaptive,gt,2633,219.33333333333337,0.5971705559342322
bb_ipp_nonadaptive,gt,2634,219.41666666666663,0.5970408234608465
bb_ipp_nonadaptive,gt,2635,219.5,0.5968195574829241
bb_ipp_nonadaptive,gt,2636,219.58333333333337,0.5965893926246622
bb_ipp_nonadaptive,gt,2637,219.66666666666663,0.5964121417370616
bb_ipp_nonadaptive,gt,2638,219.75,0.596236204984327
bb_ipp_nonadaptive,gt,2639,219.83333333333337,0.5959948799283739
bb_ipp_nonadaptive,gt,2640,219.91666666666663,0.5957136426627774
bb_ipp_nonadaptive,gt,2641,220.0,0.595492586107365
bb_ipp_nonadaptive,gt,2642,220.08333333333337,0.5953021374303054
bb_ipp_nonadaptive,gt,2643,220.16666666666663,0.5950821765647911
bb_ipp_nonadaptive,gt,2644,220.25,0.5948233087925603
bb_ipp_nonadaptive,gt,2645,220.33333333333337,0.5945743014386718
bb_ipp_nonadaptive,gt,2646,220.41666666666663,0.5943455256669208
bb_ipp_nonadaptive,gt,2647,220.5,0.59411313886263
bb_ipp_nonadaptive,gt,2648,220.58333333333337,0.593856715514263
bb_ipp_nonadaptive,gt,2649,220.66666666666663,0.5935693236365802
bb_ipp_nonadaptive,gt,2650,220.75,0.5932716477293837
bb_ipp_nonadaptive,gt,2651,220.83333333333337,0.5930032550635338
bb_ipp_nonadaptive,gt,2652,220.91666666666663,0.592760908854173
bb_ipp_nonadaptive,gt,2653,221.0,0.5925237379256603
bb_ipp_nonadaptive,gt,2654,221.08333333333337,0.592278967969944
bb_ipp_nonadaptive,gt,2655,221.16666666666663,0.5920189662900269
bb_ipp_nonadaptive,gt,2656,221.25,0.5917848293458892
bb_ipp_nonadaptive,gt,2657,221.33333333333337,0.591635627045629
bb_ipp_nonadaptive,gt,2658,221.41666666666663,0.5915694341886972
bb_ipp_nonadaptive,gt,2659,221.5,0.591538344541759
bb_ipp_nonadaptive,gt,2660,221.58333333333337,0.5915002301576886
bb_ipp_nonadaptive,gt,2661,221.66666666666663,0.591451766478216
bb_ipp_nonadaptive,gt,2662,221.75,0.5914227161314639
bb_ipp_nonadaptive,gt,2663,221.83333333333337,0.5914282885263111
bb_ipp_nonadaptive,gt,2664,221.91666666666663,0.5914271767478819
bb_ipp_nonadaptive,gt,2665,222.0,0.5913509730419895
bb_ipp_nonadaptive,gt,2666,222.08333333333337,0.5913110164444508
bb_ipp_nonadaptive,gt,2667,222.16666666666663,0.5913872077351735
bb_ipp_nonadaptive,gt,2668,222.25,0.5915009734126849
bb_ipp_nonadaptive,gt,2669,222.33333333333337,0.5915642235289049
bb_ipp_nonadaptive,gt,2670,222.41666666666663,0.591586154544105
bb_ipp_nonadaptive,gt,2671,222.5,0.5916470454376136
bb_ipp_nonadaptive,gt,2672,222.58333333333337,0.5917478412429459
bb_ipp_nonadaptive,gt,2673,222.66666666666663,0.5918302112010044
bb_ipp_nonadaptive,gt,2674,222.75,0.591865645272186
bb_ipp_nonadaptive,gt,2675,222.83333333333337,0.5918946332788939
bb_ipp_nonadaptive,gt,2676,222.91666666666663,0.591952070705041
bb_ipp_nonadaptive,gt,2677,223.0,0.5920060356214546
bb_ipp_nonadaptive,gt,2678,223.08333333333337,0.5920046610640493
bb_ipp_nonadaptive,gt,2679,223.16666666666663,0.5919725166925692
bb_ipp_nonadaptive,gt,2680,223.25,0.5919826692423128
bb_ipp_nonadaptive,gt,2681,223.33333333333337,0.5920200723135445
bb_ipp_nonadaptive,gt,2682,223.41666666666663,0.5920019226132399
bb_ipp_nonadaptive,gt,2683,223.5,0.5918960214843816
bb_ipp_nonadaptive,gt,2684,223.58333333333337,0.5918787246459549
bb_ipp_nonadaptive,gt,2685,223.66666666666663,0.5919440084586142
bb_ipp_nonadaptive,gt,2686,223.75,0.5919906372720468
bb_ipp_nonadaptive,gt,2687,223.83333333333337,0.591966866314367
bb_ipp_nonadaptive,gt,2688,223.91666666666663,0.5919598392504467
bb_ipp_nonadaptive,gt,2689,224.0,0.5920329697223857
bb_ipp_nonadaptive,gt,2690,224.08333333333337,0.5921351424157753
bb_ipp_nonadaptive,gt,2691,224.16666666666663,0.5921872191074621
bb_ipp_nonadaptive,gt,2692,224.25,0.5922135635103085
bb_ipp_nonadaptive,gt,2693,224.33333333333337,0.5923303016999393
bb_ipp_nonadaptive,gt,2694,224.41666666666663,0.5925190463066032
bb_ipp_nonadaptive,gt,2695,224.5,0.5926735077678207
bb_ipp_nonadaptive,gt,2696,224.58333333333337,0.5927532970058987
bb_ipp_nonadaptive,gt,2697,224.66666666666663,0.5929306737763552
bb_ipp_nonadaptive,gt,2698,224.75,0.5932234782628838
bb_ipp_nonadaptive,gt,2699,224.83333333333337,0.5935352931510707
bb_ipp_nonadaptive,gt,2700,224.91666666666663,0.5938048312678105
bb_ipp_nonadaptive,gt,2701,225.0,0.5940489260829681
bb_ipp_nonadaptive,gt,2702,225.08333333333337,0.5943020799881228
bb_ipp_nonadaptive,gt,2703,225.16666666666663,0.5945694963249633
bb_ipp_nonadaptive,gt,2704,225.25,0.5948061223665015
bb_ipp_nonadaptive,gt,2705,225.33333333333337,0.5949295295452562
bb_ipp_nonadaptive,gt,2706,225.41666666666663,0.5950205116693142
bb_ipp_nonadaptive,gt,2707,225.5,0.5952570481049232
bb_ipp_nonadaptive,gt,2708,225.58333333333337,0.5955689756668332
bb_ipp_nonadaptive,gt,2709,225.66666666666663,0.5958566785752366
bb_ipp_nonadaptive,gt,2710,225.75,0.5960813043325798
bb_ipp_nonadaptive,gt,2711,225.83333333333337,0.5962492676525809
bb_ipp_nonadaptive,gt,2712,225.91666666666663,0.5964043176178058
bb_ipp_nonadaptive,gt,2713,226.0,0.5966065081455263
bb_ipp_nonadaptive,gt,2714,226.08333333333337,0.5968302529245931
bb_ipp_nonadaptive,gt,2715,226.16666666666663,0.5970269095456419
bb_ipp_nonadaptive,gt,2716,226.25,0.59723644612839
bb_ipp_nonadaptive,gt,2717,226.33333333333337,0.5974816835386902
bb_ipp_nonadaptive,gt,2718,226.41666666666663,0.597732552765277
bb_ipp_nonadaptive,gt,2719,226.5,0.5979814289988422
bb_ipp_nonadaptive,gt,2720,226.58333333333337,0.5982165348456892
bb_ipp_nonadaptive,gt,2721,226.66666666666663,0.5984228310073318
bb_ipp_nonadaptive,gt,2722,226.75,0.5986556399135393
bb_ipp_nonadaptive,gt,2723,226.83333333333337,0.5989469547293002
bb_ipp_nonadaptive,gt,2724,226.91666666666663,0.5992559291285395
bb_ipp_nonadaptive,gt,2725,227.0,0.59955654854457
bb_ipp_nonadaptive,gt,2726,227.08333333333337,0.5998390056953335
bb_ipp_nonadaptive,gt,2727,227.16666666666663,0.6001106170096714
bb_ipp_nonadaptive,gt,2728,227.25,0.6004091747295021
bb_ipp_nonadaptive,gt,2729,227.33333333333337,0.600723180852205
bb_ipp_nonadaptive,gt,2730,227.41666666666663,0.6009815736180797
bb_ipp_nonadaptive,gt,2731,227.5,0.6012211399178076
bb_ipp_nonadaptive,gt,2732,227.58333333333337,0.6015460678839063
bb_ipp_nonadaptive,gt,2733,227.66666666666663,0.6019399646154923
bb_ipp_nonadaptive,gt,2734,227.75,0.6023249703890433
bb_ipp_nonadaptive,gt,2735,227.83333333333337,0.6026401709985678
bb_ipp_nonadaptive,gt,2736,227.91666666666663,0.6028609734179573
bb_ipp_nonadaptive,gt,2737,228.0,0.6030695665586321
bb_ipp_nonadaptive,gt,2738,228.08333333333337,0.6033549369593307
bb_ipp_nonadaptive,gt,2739,228.16666666666663,0.6036665225358098
bb_ipp_nonadaptive,gt,2740,228.25,0.603934325579106
bb_ipp_nonadaptive,gt,2741,228.33333333333337,0.6041784519502261
bb_ipp_nonadaptive,gt,2742,228.41666666666663,0.6044350160258426
bb_ipp_nonadaptive,gt,2743,228.5,0.6046965281603908
bb_ipp_nonadaptive,gt,2744,228.58333333333337,0.6049333952523612
bb_ipp_nonadaptive,gt,2745,228.66666666666663,0.6050849947405162
bb_ipp_nonadaptive,gt,2746,228.75,0.6051145288705132
bb_ipp_nonadaptive,gt,2747,228.83333333333337,0.6052436060695765
bb_ipp_nonadaptive,gt,2748,228.91666666666663,0.6055033987231602
bb_ipp_nonadaptive,gt,2749,229.0,0.6057816276132937
bb_ipp_nonadaptive,gt,2750,229.08333333333337,0.6060050375663135
bb_ipp_nonadaptive,gt,2751,229.16666666666663,0.606184176584176
bb_ipp_nonadaptive,gt,2752,229.25,0.6063563765931712
bb_ipp_nonadaptive,gt,2753,229.33333333333337,0.6065386386446808
bb_ipp_nonadaptive,gt,2754,229.41666666666663,0.6066967712958772
bb_ipp_nonadaptive,gt,2755,229.5,0.6067694751661222
bb_ipp_nonadaptive,gt,2756,229.58333333333337,0.6068030161996725
bb_ipp_nonadaptive,gt,2757,229.66666666666663,0.6069356532945168
bb_ipp_nonadaptive,gt,2758,229.75,0.6071269656583177
bb_ipp_nonadaptive,gt,2759,229.83333333333337,0.6072601461927606
bb_ipp_nonadaptive,gt,2760,229.91666666666663,0.6073262815280143
bb_ipp_nonadaptive,gt,2761,230.0,0.6074443428699121
bb_ipp_nonadaptive,gt,2762,230.08333333333337,0.6076207678174895
bb_ipp_nonadaptive,gt,2763,230.16666666666663,0.6077836636964885
bb_ipp_nonadaptive,gt,2764,230.25,0.6078907487165958
bb_ipp_nonadaptive,gt,2765,230.33333333333337,0.6079657334780322
bb_ipp_nonadaptive,gt,2766,230.41666666666663,0.6080490526735138
bb_ipp_nonadaptive,gt,2767,230.5,0.6081389388970946
bb_ipp_nonadaptive,gt,2768,230.58333333333337,0.608190835756199
bb_ipp_nonadaptive,gt,2769,230.66666666666663,0.6081806338725886
bb_ipp_nonadaptive,gt,2770,230.75,0.6081783406502266
bb_ipp_nonadaptive,gt,2771,230.83333333333337,0.6082352863549452
bb_ipp_nonadaptive,gt,2772,230.91666666666663,0.6082884701837459
bb_ipp_nonadaptive,gt,2773,231.0,0.6082412840971662
bb_ipp_nonadaptive,gt,2774,231.08333333333337,0.6081801600748259
bb_ipp_nonadaptive,gt,2775,231.16666666666663,0.6082280489766987
bb_ipp_nonadaptive,gt,2776,231.25,0.608309454198556
bb_ipp_nonadaptive,gt,2777,231.33333333333337,0.6083180506233212
bb_ipp_nonadaptive,gt,2778,231.41666666666663,0.6082529150292395
bb_ipp_nonadaptive,gt,2779,231.5,0.6082408325467225
bb_ipp_nonadaptive,gt,2780,231.58333333333337,0.6082822297209175
bb_ipp_nonadaptive,gt,2781,231.66666666666663,0.6082904019956328
bb_ipp_nonadaptive,gt,2782,231.75,0.6082196587393125
bb_ipp_nonadaptive,gt,2783,231.83333333333337,0.6081718437862372
bb_ipp_nonadaptive,gt,2784,231.91666666666663,0.6082030590536947
bb_ipp_nonadaptive,gt,2785,232.0,0.6082438654943256
bb_ipp_nonadaptive,gt,2786,232.08333333333337,0.6082139054488825
bb_ipp_nonadaptive,gt,2787,232.16666666666663,0.6081825902393346
bb_ipp_nonadaptive,gt,2788,232.25,0.6082504227919114
bb_ipp_nonadaptive,gt,2789,232.33333333333337,0.6083673202753388
bb_ipp_nonadaptive,gt,2790,232.41666666666663,0.6084535443527885
bb_ipp_nonadaptive,gt,2791,232.5,0.608517915945402
bb_ipp_nonadaptive,gt,2792,232.58333333333337,0.6086260082006851
bb_ipp_nonadaptive,gt,2793,232.66666666666663,0.6087807091853908
bb_ipp_nonadaptive,gt,2794,232.75,0.6089354443247349
bb_ipp_nonadaptive,gt,2795,232.83333333333337,0.6090612664637531
bb_ipp_nonadaptive,gt,2796,232.91666666666663,0.6091827819972357
bb_ipp_nonadaptive,gt,2797,233.0,0.6093429643921132
bb_ipp_nonadaptive,gt,2798,233.08333333333337,0.6095287959989506
bb_ipp_nonadaptive,gt,2799,233.16666666666663,0.6096638013348558
bb_ipp_nonadaptive,gt,2800,233.25,0.6097153045388269
bb_ipp_nonadaptive,gt,2801,233.33333333333337,0.6098590685251697
bb_ipp_nonadaptive,gt,2802,233.41666666666663,0.6101237266875807
bb_ipp_nonadaptive,gt,2803,233.5,0.6103910869888286
bb_ipp_nonadaptive,gt,2804,233.58333333333337,0.6105930393121811
bb_ipp_nonadaptive,gt,2805,233.66666666666663,0.6107937685854862
bb_ipp_nonadaptive,gt,2806,233.75,0.6110388093158736
bb_ipp_nonadaptive,gt,2807,233.83333333333337,0.6112993567020424
bb_ipp_nonadaptive,gt,2808,233.91666666666663,0.6115221918446525
bb_ipp_nonadaptive,gt,2809,234.0,0.6116713674914629
bb_ipp_nonadaptive,gt,2810,234.08333333333337,0.6117884523767775
bb_ipp_nonadaptive,gt,2811,234.16666666666663,0.6119666561786895
bb_ipp_nonadaptive,gt,2812,234.25,0.6121798043011609
bb_ipp_nonadaptive,gt,2813,234.33333333333337,0.6123211971004785
bb_ipp_nonadaptive,gt,2814,234.41666666666663,0.6123973869378254
bb_ipp_nonadaptive,gt,2815,234.5,0.6125768512833557
bb_ipp_nonadaptive,gt,2816,234.58333333333337,0.6128448872223
bb_ipp_nonadaptive,gt,2817,234.66666666666663,0.613082914712403
bb_ipp_nonadaptive,gt,2818,234.75,0.6132336261520652
bb_ipp_nonadaptive,gt,2819,234.83333333333337,0.6133906652884901
bb_ipp_nonadaptive,gt,2820,234.91666666666663,0.6136094070137074
bb_ipp_nonadaptive,gt,2821,235.0,0.6138334589410772
bb_ipp_nonadaptive,gt,2822,235.08333333333337,0.6140042079676715
bb_ipp_nonadaptive,gt,2823,235.16666666666663,0.6141437407159288
bb_ipp_nonadaptive,gt,2824,235.25,0.6143058722921683
bb_ipp_nonadaptive,gt,2825,235.33333333333337,0.614487478988152
bb_ipp_nonadaptive,gt,2826,235.41666666666663,0.6146433419625372
bb_ipp_nonadaptive,gt,2827,235.5,0.6147621603387892
bb_ipp_nonadaptive,gt,2828,235.58333333333337,0.614886712570414
bb_ipp_nonadaptive,gt,2829,235.66666666666663,0.6150380248747024
bb_ipp_nonadaptive,gt,2830,235.75,0.6151784382681414
bb_ipp_nonadaptive,gt,2831,235.83333333333337,0.6152745634218784
bb_ipp_nonadaptive,gt,2832,235.91666666666663,0.6153518701915766
bb_ipp_nonadaptive,gt,2833,236.0,0.6154495328232324
bb_ipp_nonadaptive,gt,2834,236.08333333333337,0.6155502029252998
bb_ipp_nonadaptive,gt,2835,236.16666666666663,0.6155934192260623
bb_ipp_nonadaptive,gt,2836,236.25,0.6155865951525629
bb_ipp_nonadaptive,gt,2837,236.33333333333337,0.6156232696738259
bb_ipp_nonadaptive,gt,2838,236.41666666666663,0.6157049137357115
bb_ipp_nonadaptive,gt,2839,236.5,0.6157377121679083
bb_ipp_nonadaptive,gt,2840,236.58333333333337,0.6156505673546354
bb_ipp_nonadaptive,gt,2841,236.66666666666663,0.615629930238003
bb_ipp_nonadaptive,gt,2842,236.75,0.6157157175975149
bb_ipp_nonadaptive,gt,2843,236.83333333333337,0.6157914495405878
bb_ipp_nonadaptive,gt,2844,236.91666666666663,0.615742740539218
bb_ipp_nonadaptive,gt,2845,237.0,0.615675938412235
bb_ipp_nonadaptive,gt,2846,237.08333333333337,0.6157202913817108
bb_ipp_nonadaptive,gt,2847,237.16666666666663,0.6157954706805059
bb_ipp_nonadaptive,gt,2848,237.25,0.6157886295705632
bb_ipp_nonadaptive,gt,2849,237.33333333333337,0.6157220059741406
bb_ipp_nonadaptive,gt,2850,237.41666666666663,0.6157282162062877
bb_ipp_nonadaptive,gt,2851,237.5,0.6157901152793355
bb_ipp_nonadaptive,gt,2852,237.58333333333337,0.6158388765715347
bb_ipp_nonadaptive,gt,2853,237.66666666666663,0.6158404687109078
bb_ipp_nonadaptive,gt,2854,237.75,0.6157900079873612
bb_ipp_nonadaptive,gt,2855,237.83333333333337,0.6157204429065387
bb_ipp_nonadaptive,gt,2856,237.91666666666663,0.6156952703165608
bb_ipp_nonadaptive,gt,2857,238.0,0.615711791830857
bb_ipp_nonadaptive,gt,2858,238.08333333333337,0.6157364876979158
bb_ipp_nonadaptive,gt,2859,238.16666666666663,0.6157452869403913
bb_ipp_nonadaptive,gt,2860,238.25,0.6156936737873676
bb_ipp_nonadaptive,gt,2861,238.33333333333337,0.6155443475735797
bb_ipp_nonadaptive,gt,2862,238.41666666666663,0.615446436741763
bb_ipp_nonadaptive,gt,2863,238.5,0.6154489412055474
bb_ipp_nonadaptive,gt,2864,238.58333333333337,0.6154959105437041
bb_ipp_nonadaptive,gt,2865,238.66666666666663,0.6155270843620512
bb_ipp_nonadaptive,gt,2866,238.75,0.6155411720493164
bb_ipp_nonadaptive,gt,2867,238.83333333333337,0.6155625901220679
bb_ipp_nonadaptive,gt,2868,238.91666666666663,0.6156099753348674
bb_ipp_nonadaptive,gt,2869,239.0,0.6156591800121792
bb_ipp_nonadaptive,gt,2870,239.08333333333337,0.6156377323440796
bb_ipp_nonadaptive,gt,2871,239.16666666666663,0.6155643411044559
bb_ipp_nonadaptive,gt,2872,239.25,0.6156371378897859
bb_ipp_nonadaptive,gt,2873,239.33333333333337,0.6158078835525538
bb_ipp_nonadaptive,gt,2874,239.41666666666663,0.6159711439375446
bb_ipp_nonadaptive,gt,2875,239.5,0.6160877250183544
bb_ipp_nonadaptive,gt,2876,239.58333333333337,0.6161859728642534
bb_ipp_nonadaptive,gt,2877,239.66666666666663,0.6162948260447028
bb_ipp_nonadaptive,gt,2878,239.75,0.6164158744252703
bb_ipp_nonadaptive,gt,2879,239.83333333333337,0.6165008757939032
bb_ipp_nonadaptive,gt,2880,239.91666666666663,0.6164789093822226
bb_ipp_nonadaptive,gt,2881,240.0,0.6164846759288217
bb_ipp_nonadaptive,gt,2882,240.08333333333337,0.6166370652884742
bb_ipp_nonadaptive,gt,2883,240.16666666666663,0.6168457986009265
bb_ipp_nonadaptive,gt,2884,240.25,0.6170150480379435
bb_ipp_nonadaptive,gt,2885,240.33333333333337,0.6171424528756518
bb_ipp_nonadaptive,gt,2886,240.41666666666663,0.6172744657141012
bb_ipp_nonadaptive,gt,2887,240.5,0.6174314035170122
bb_ipp_nonadaptive,gt,2888,240.58333333333337,0.617581406767494
bb_ipp_nonadaptive,gt,2889,240.66666666666663,0.6176768430571264
bb_ipp_nonadaptive,gt,2890,240.75,0.6177299724919324
bb_ipp_nonadaptive,gt,2891,240.83333333333337,0.6178281153211154
bb_ipp_nonadaptive,gt,2892,240.91666666666663,0.6179759190286963
bb_ipp_nonadaptive,gt,2893,241.0,0.618073191219412
bb_ipp_nonadaptive,gt,2894,241.08333333333337,0.6180482503075277
bb_ipp_nonadaptive,gt,2895,241.16666666666663,0.6181182836196889
bb_ipp_nonadaptive,gt,2896,241.25,0.6183107903060987
bb_ipp_nonadaptive,gt,2897,241.33333333333337,0.618500517247665
bb_ipp_nonadaptive,gt,2898,241.41666666666663,0.6186008153138152
bb_ipp_nonadaptive,gt,2899,241.5,0.6186817006499102
bb_ipp_nonadaptive,gt,2900,241.58333333333337,0.6188205578593955
bb_ipp_nonadaptive,gt,2901,241.66666666666663,0.6189825187826073
bb_ipp_nonadaptive,gt,2902,241.75,0.6191052022164656
bb_ipp_nonadaptive,gt,2903,241.83333333333337,0.6191859377576826
bb_ipp_nonadaptive,gt,2904,241.91666666666663,0.6192722574917658
bb_ipp_nonadaptive,gt,2905,242.0,0.6193844369977308
bb_ipp_nonadaptive,gt,2906,242.08333333333337,0.6194854741634669
bb_ipp_nonadaptive,gt,2907,242.16666666666663,0.6195473979344317
bb_ipp_nonadaptive,gt,2908,242.25,0.619599169173283
bb_ipp_nonadaptive,gt,2909,242.33333333333337,0.6196790936613538
bb_ipp_nonadaptive,gt,2910,242.41666666666663,0.6197677335768991
bb_ipp_nonadaptive,gt,2911,242.5,0.6198112722585678
bb_ipp_nonadaptive,gt,2912,242.58333333333337,0.619816620055114
bb_ipp_nonadaptive,gt,2913,242.66666666666663,0.6198675994473758
bb_ipp_nonadaptive,gt,2914,242.75,0.6199645875475459
bb_ipp_nonadaptive,gt,2915,242.83333333333337,0.6200265426942708
bb_ipp_nonadaptive,gt,2916,242.91666666666663,0.6200269732075995
bb_ipp_nonadaptive,gt,2917,243.0,0.6200632611482576
bb_ipp_nonadaptive,gt,2918,243.08333333333337,0.620166171124417
bb_ipp_nonadaptive,gt,2919,243.16666666666663,0.6202597078422455
bb_ipp_nonadaptive,gt,2920,243.25,0.620282178951944
bb_ipp_nonadaptive,gt,2921,243.33333333333337,0.6203013921922484
bb_ipp_nonadaptive,gt,2922,243.41666666666663,0.6203947253469845
bb_ipp_nonadaptive,gt,2923,243.5,0.6205114025274685
bb_ipp_nonadaptive,gt,2924,243.58333333333337,0.6205488594163459
bb_ipp_nonadaptive,gt,2925,243.66666666666663,0.6205202212497746
bb_ipp_nonadaptive,gt,2926,243.75,0.6205785793456923
bb_ipp_nonadaptive,gt,2927,243.83333333333337,0.6206971156412024
bb_ipp_nonadaptive,gt,2928,243.91666666666663,0.6207600849809285
bb_ipp_nonadaptive,gt,2929,244.0,0.6207328821346301
bb_ipp_nonadaptive,gt,2930,244.08333333333337,0.620722753581972
bb_ipp_nonadaptive,gt,2931,244.16666666666663,0.6207559274515964
bb_ipp_nonadaptive,gt,2932,244.25,0.6207814237945721
bb_ipp_nonadaptive,gt,2933,244.33333333333337,0.6207591460102755
bb_ipp_nonadaptive,gt,2934,244.41666666666663,0.620687235048766
bb_ipp_nonadaptive,gt,2935,244.5,0.6206028327201618
bb_ipp_nonadaptive,gt,2936,244.58333333333337,0.6205500725722544
bb_ipp_nonadaptive,gt,2937,244.66666666666663,0.6205099581670005
bb_ipp_nonadaptive,gt,2938,244.75,0.6204362473265034
bb_ipp_nonadaptive,gt,2939,244.83333333333337,0.6203648420107528
bb_ipp_nonadaptive,gt,2940,244.91666666666663,0.6203443246323329
bb_ipp_nonadaptive,gt,2941,245.0,0.6203487032001851
bb_ipp_nonadaptive,gt,2942,245.08333333333337,0.6203410990811974
bb_ipp_nonadaptive,gt,2943,245.16666666666663,0.6202911088019368
bb_ipp_nonadaptive,gt,2944,245.25,0.6201762876057564
bb_ipp_nonadaptive,gt,2945,245.33333333333337,0.6200800444495014
bb_ipp_nonadaptive,gt,2946,245.41666666666663,0.6200713489461879
bb_ipp_nonadaptive,gt,2947,245.5,0.620101562467951
bb_ipp_nonadaptive,gt,2948,245.58333333333337,0.6201141250542327
bb_ipp_nonadaptive,gt,2949,245.66666666666663,0.6200831687484101
bb_ipp_nonadaptive,gt,2950,245.75,0.620003621871771
bb_ipp_nonadaptive,gt,2951,245.83333333333337,0.6199360155479262
bb_ipp_nonadaptive,gt,2952,245.91666666666663,0.6199256073255206
bb_ipp_nonadaptive,gt,2953,246.0,0.6199264032416226
bb_ipp_nonadaptive,gt,2954,246.08333333333337,0.619906278853845
bb_ipp_nonadaptive,gt,2955,246.16666666666663,0.6198896260647375
bb_ipp_nonadaptive,gt,2956,246.25,0.6198889209697507
bb_ipp_nonadaptive,gt,2957,246.33333333333337,0.6198934709047148
bb_ipp_nonadaptive,gt,2958,246.41666666666663,0.6198790876106364
bb_ipp_nonadaptive,gt,2959,246.5,0.6198018990798793
bb_ipp_nonadaptive,gt,2960,246.58333333333337,0.6196854183508063
bb_ipp_nonadaptive,gt,2961,246.66666666666663,0.6196484331028563
bb_ipp_nonadaptive,gt,2962,246.75,0.6196894710258647
bb_ipp_nonadaptive,gt,2963,246.83333333333337,0.6197460947462973
bb_ipp_nonadaptive,gt,2964,246.91666666666663,0.6197640026032191
bb_ipp_nonadaptive,gt,2965,247.0,0.6197175007984662
bb_ipp_nonadaptive,gt,2966,247.08333333333337,0.6196473566638485
bb_ipp_nonadaptive,gt,2967,247.16666666666663,0.6196273242151685
bb_ipp_nonadaptive,gt,2968,247.25,0.6196356835439486
bb_ipp_nonadaptive,gt,2969,247.33333333333337,0.6195829408356018
bb_ipp_nonadaptive,gt,2970,247.41666666666663,0.6194770969351717
bb_ipp_nonadaptive,gt,2971,247.5,0.6194457913371868
bb_ipp_nonadaptive,gt,2972,247.58333333333337,0.6194705239574658
bb_ipp_nonadaptive,gt,2973,247.66666666666663,0.6194783443668654
bb_ipp_nonadaptive,gt,2974,247.75,0.6194385970827029
bb_ipp_nonadaptive,gt,2975,247.83333333333337,0.6193914422841655
bb_ipp_nonadaptive,gt,2976,247.91666666666663,0.6193788993450905
bb_ipp_nonadaptive,gt,2977,248.0,0.6193878302329671
bb_ipp_nonadaptive,gt,2978,248.08333333333337,0.6193770903743129
bb_ipp_nonadaptive,gt,2979,248.16666666666663,0.619348194872393
bb_ipp_nonadaptive,gt,2980,248.25,0.6193654008391681
bb_ipp_nonadaptive,gt,2981,248.33333333333337,0.6194412706961646
bb_ipp_nonadaptive,gt,2982,248.41666666666663,0.619496120706189
bb_ipp_nonadaptive,gt,2983,248.5,0.6194565481128324
bb_ipp_nonadaptive,gt,2984,248.58333333333337,0.6194903399694884
bb_ipp_nonadaptive,gt,2985,248.66666666666663,0.619649116207164
bb_ipp_nonadaptive,gt,2986,248.75,0.6198401571126751
bb_ipp_nonadaptive,gt,2987,248.83333333333337,0.6199920208207652
bb_ipp_nonadaptive,gt,2988,248.91666666666663,0.6201033252433911
bb_ipp_nonadaptive,gt,2989,249.0,0.6201970471534103
bb_ipp_nonadaptive,gt,2990,249.08333333333337,0.6202975177393946
bb_ipp_nonadaptive,gt,2991,249.16666666666663,0.6203985577500182
bb_ipp_nonadaptive,gt,2992,249.25,0.6204535102332946
bb_ipp_nonadaptive,gt,2993,249.33333333333337,0.6204868684433966
bb_ipp_nonadaptive,gt,2994,249.41666666666663,0.6205931184331028
bb_ipp_nonadaptive,gt,2995,249.5,0.6207568308866875
bb_ipp_nonadaptive,gt,2996,249.58333333333337,0.6209198018166323
bb_ipp_nonadaptive,gt,2997,249.66666666666663,0.6210423795722472
bb_ipp_nonadaptive,gt,2998,249.75,0.6210801917007254
bb_ipp_nonadaptive,gt,2999,249.83333333333337,0.6210743371348217
bb_ipp_nonadaptive,gt,3000,249.91666666666663,0.6211793441843639
bb_ipp_nonadaptive,gt,3001,250.0,0.6213755787113209
bb_ipp_nonadaptive,gt,3002,250.08333333333337,0.6215751993791051
bb_ipp_nonadaptive,gt,3003,250.16666666666663,0.6217169160447132
bb_ipp_nonadaptive,gt,3004,250.25,0.6217533697745972
bb_ipp_nonadaptive,gt,3005,250.33333333333337,0.621721862243849
bb_ipp_nonadaptive,gt,3006,250.41666666666663,0.6218155690177025
bb_ipp_nonadaptive,gt,3007,250.5,0.6220133669529478
bb_ipp_nonadaptive,gt,3008,250.58333333333337,0.6222163741416323
bb_ipp_nonadaptive,gt,3009,250.66666666666663,0.622361726807102
bb_ipp_nonadaptive,gt,3010,250.75,0.6224131345972342
bb_ipp_nonadaptive,gt,3011,250.83333333333337,0.6223973559356444
bb_ipp_nonadaptive,gt,3012,250.91666666666663,0.6224665007026082
bb_ipp_nonadaptive,gt,3013,251.0,0.6226266419159002
bb_ipp_nonadaptive,gt,3014,251.08333333333337,0.6227934906050325
bb_ipp_nonadaptive,gt,3015,251.16666666666663,0.6229180286589014
bb_ipp_nonadaptive,gt,3016,251.25,0.62297925411884
bb_ipp_nonadaptive,gt,3017,251.33333333333337,0.6229910479864509
bb_ipp_nonadaptive,gt,3018,251.41666666666663,0.6230436822931409
bb_ipp_nonadaptive,gt,3019,251.5,0.6231504248815989
bb_ipp_nonadaptive,gt,3020,251.58333333333337,0.6232473860622126
bb_ipp_nonadaptive,gt,3021,251.66666666666663,0.623321047441584
bb_ipp_nonadaptive,gt,3022,251.75,0.6233932336998566
bb_ipp_nonadaptive,gt,3023,251.83333333333337,0.6234610828832924
bb_ipp_nonadaptive,gt,3024,251.91666666666663,0.6235267990599758
bb_ipp_nonadaptive,gt,3025,252.0,0.6235733606766739
bb_ipp_nonadaptive,gt,3026,252.08333333333337,0.6235656507519265
bb_ipp_nonadaptive,gt,3027,252.16666666666663,0.6235597485204798
bb_ipp_nonadaptive,gt,3028,252.25,0.6236226423962473
bb_ipp_nonadaptive,gt,3029,252.33333333333337,0.6237183644309845
bb_ipp_nonadaptive,gt,3030,252.41666666666663,0.6237980570451004
bb_ipp_nonadaptive,gt,3031,252.5,0.6238225771034703
bb_ipp_nonadaptive,gt,3032,252.58333333333337,0.6237610422747751
bb_ipp_nonadaptive,gt,3033,252.66666666666663,0.6237052702052119
bb_ipp_nonadaptive,gt,3034,252.75,0.623755022800619
bb_ipp_nonadaptive,gt,3035,252.83333333333337,0.6238553179149104
bb_ipp_nonadaptive,gt,3036,252.91666666666663,0.6239330090325074
bb_ipp_nonadaptive,gt,3037,253.0,0.623952628209525
bb_ipp_nonadaptive,gt,3038,253.08333333333337,0.6238982132437123
bb_ipp_nonadaptive,gt,3039,253.16666666666663,0.6238408832217258
bb_ipp_nonadaptive,gt,3040,253.25,0.6238700040356787
bb_ipp_nonadaptive,gt,3041,253.33333333333337,0.6239441908053611
bb_ipp_nonadaptive,gt,3042,253.41666666666663,0.6240006012657635
bb_ipp_nonadaptive,gt,3043,253.5,0.624024613586272
bb_ipp_nonadaptive,gt,3044,253.58333333333337,0.6240192660913854
bb_ipp_nonadaptive,gt,3045,253.66666666666663,0.6240131311364874
bb_ipp_nonadaptive,gt,3046,253.75,0.624032696929829
bb_ipp_nonadaptive,gt,3047,253.83333333333337,0.6240389923678764
bb_ipp_nonadaptive,gt,3048,253.91666666666663,0.6240103857730775
bb_ipp_nonadaptive,gt,3049,254.0,0.6240205328618411
bb_ipp_nonadaptive,gt,3050,254.08333333333337,0.6240878294041838
bb_ipp_nonadaptive,gt,3051,254.16666666666663,0.6241673289242164
bb_ipp_nonadaptive,gt,3052,254.25,0.6242219898151102
bb_ipp_nonadaptive,gt,3053,254.33333333333337,0.624209667760198
bb_ipp_nonadaptive,gt,3054,254.41666666666663,0.6241309571645552
bb_ipp_nonadaptive,gt,3055,254.5,0.6241307519755859
bb_ipp_nonadaptive,gt,3056,254.58333333333337,0.6242281533481175
bb_ipp_nonadaptive,gt,3057,254.66666666666663,0.6243429918339748
bb_ipp_nonadaptive,gt,3058,254.75,0.6244152536214468
bb_ipp_nonadaptive,gt,3059,254.83333333333337,0.6243954973051344
bb_ipp_nonadaptive,gt,3060,254.91666666666663,0.6242649840419747
bb_ipp_nonadaptive,gt,3061,255.0,0.6242381722050032
bb_ipp_nonadaptive,gt,3062,255.08333333333337,0.6243333066714485
bb_ipp_nonadaptive,gt,3063,255.16666666666663,0.6244508568071121
bb_ipp_nonadaptive,gt,3064,255.25,0.624516493195953
bb_ipp_nonadaptive,gt,3065,255.33333333333337,0.6245086862942716
bb_ipp_nonadaptive,gt,3066,255.41666666666663,0.6244518891205367
bb_ipp_nonadaptive,gt,3067,255.5,0.6244233760662843
bb_ipp_nonadaptive,gt,3068,255.58333333333337,0.6244441296306414
bb_ipp_nonadaptive,gt,3069,255.66666666666663,0.6244642966832734
bb_ipp_nonadaptive,gt,3070,255.75,0.6244713407070773
bb_ipp_nonadaptive,gt,3071,255.83333333333337,0.6244883537791178
bb_ipp_nonadaptive,gt,3072,255.91666666666663,0.624510548173755
bb_ipp_nonadaptive,gt,3073,256.0,0.6245347853629835
bb_ipp_nonadaptive,gt,3074,256.08333333333337,0.6245599227955413
bb_ipp_nonadaptive,gt,3075,256.16666666666663,0.6245645829800236
bb_ipp_nonadaptive,gt,3076,256.25,0.6245621810661308
bb_ipp_nonadaptive,gt,3077,256.33333333333337,0.6245737730098841
bb_ipp_nonadaptive,gt,3078,256.41666666666663,0.6245611130100849
bb_ipp_nonadaptive,gt,3079,256.5,0.6245039329441892
bb_ipp_nonadaptive,gt,3080,256.58333333333337,0.6244260709822873
bb_ipp_nonadaptive,gt,3081,256.66666666666663,0.6243282177305104
bb_ipp_nonadaptive,gt,3082,256.75,0.6242020727506851
bb_ipp_nonadaptive,gt,3083,256.83333333333337,0.624045766742208
bb_ipp_nonadaptive,gt,3084,256.91666666666663,0.6238456895478881
bb_ipp_nonadaptive,gt,3085,257.0,0.6236190954394026
bb_ipp_nonadaptive,gt,3086,257.08333333333337,0.6234036882243462
bb_ipp_nonadaptive,gt,3087,257.16666666666663,0.6231752472090784
bb_ipp_nonadaptive,gt,3088,257.25,0.6228948623664475
bb_ipp_nonadaptive,gt,3089,257.33333333333337,0.6225795085794867
bb_ipp_nonadaptive,gt,3090,257.41666666666663,0.6222566060497278
bb_ipp_nonadaptive,gt,3091,257.5,0.6219175411987375
bb_ipp_nonadaptive,gt,3092,257.58333333333337,0.6215356800947592
bb_ipp_nonadaptive,gt,3093,257.66666666666663,0.6211019241041771
bb_ipp_nonadaptive,gt,3094,257.75,0.6206346271052405
bb_ipp_nonadaptive,gt,3095,257.83333333333337,0.6201509183546263
bb_ipp_nonadaptive,gt,3096,257.91666666666663,0.6196470106322535
bb_ipp_nonadaptive,gt,3097,258.0,0.6191089341716277
bb_ipp_nonadaptive,gt,3098,258.08333333333337,0.6185249881219967
bb_ipp_nonadaptive,gt,3099,258.16666666666663,0.617910114967106
bb_ipp_nonadaptive,gt,3100,258.25,0.6172898552880959
bb_ipp_nonadaptive,gt,3101,258.33333333333337,0.6166746218245696
bb_ipp_nonadaptive,gt,3102,258.41666666666663,0.6160693965577667
bb_ipp_nonadaptive,gt,3103,258.5,0.6154766645085578
bb_ipp_nonadaptive,gt,3104,258.58333333333337,0.6148975535611989
bb_ipp_nonadaptive,gt,3105,258.66666666666663,0.6143323742087862
bb_ipp_nonadaptive,gt,3106,258.75,0.6137809205380799
bb_ipp_nonadaptive,gt,3107,258.83333333333337,0.6132426599392875
bb_ipp_nonadaptive,gt,3108,258.91666666666663,0.6127168621644083
bb_ipp_nonadaptive,gt,3109,259.0,0.612202690311762
bb_ipp_nonadaptive,gt,3110,259.08333333333337,0.611699265303951
bb_ipp_nonadaptive,gt,3111,259.16666666666663,0.6112057108012795
bb_ipp_nonadaptive,gt,3112,259.25,0.6107211833497768
bb_ipp_nonadaptive,gt,3113,259.33333333333337,0.6102448914003115
bb_ipp_nonadaptive,gt,3114,259.41666666666663,0.6097761060694056
bb_ipp_nonadaptive,gt,3115,259.5,0.6093141659238931
bb_ipp_nonadaptive,gt,3116,259.58333333333337,0.608858477583984
bb_ipp_nonadaptive,gt,3117,259.66666666666663,0.6084085135285285
bb_ipp_nonadaptive,gt,3118,259.75,0.6079638081443929
bb_ipp_nonadaptive,gt,3119,259.83333333333337,0.6075239527837804
bb_ipp_nonadaptive,gt,3120,259.91666666666663,0.6070885903729342
bb_ipp_nonadaptive,gt,3121,260.0,0.6066574099454126
bb_ipp_nonadaptive,gt,3122,260.08333333333337,0.606230141344921
bb_ipp_nonadaptive,gt,3123,260.16666666666663,0.6058065502485039
bb_ipp_nonadaptive,gt,3124,260.25,0.6053864335935096
bb_ipp_nonadaptive,gt,3125,260.33333333333337,0.6049696154448845
bb_ipp_nonadaptive,gt,3126,260.41666666666663,0.6045559433078634
bb_ipp_nonadaptive,gt,3127,260.5,0.6041452848709152
bb_ipp_nonadaptive,gt,3128,260.58333333333337,0.603737525151644
bb_ipp_nonadaptive,gt,3129,260.66666666666663,0.6033325640118572
bb_ipp_nonadaptive,gt,3130,260.75,0.6029303140053434
bb_ipp_nonadaptive,gt,3131,260.83333333333337,0.6025306985217854
bb_ipp_nonadaptive,gt,3132,260.91666666666663,0.6021336501916907
bb_ipp_nonadaptive,gt,3133,261.0,0.6017391095196123
bb_ipp_nonadaptive,gt,3134,261.08333333333337,0.6013470237158053
bb_ipp_nonadaptive,gt,3135,261.16666666666663,0.6009573456994973
bb_ipp_nonadaptive,gt,3136,261.25,0.6005700332499694
bb_ipp_nonadaptive,gt,3137,261.33333333333337,0.6001850482845187
bb_ipp_nonadaptive,gt,3138,261.41666666666663,0.5998023562450282
bb_ipp_nonadaptive,gt,3139,261.5,0.599421925577294
bb_ipp_nonadaptive,gt,3140,261.58333333333337,0.5990437272894137
bb_ipp_nonadaptive,gt,3141,261.66666666666663,0.5986677345774599
bb_ipp_nonadaptive,gt,3142,261.75,0.5982939225083387
bb_ipp_nonadaptive,gt,3143,261.83333333333337,0.5979222677511914
bb_ipp_nonadaptive,gt,3144,261.91666666666663,0.597552748349972
bb_ipp_nonadaptive,gt,3145,262.0,0.5971853435309182
bb_ipp_nonadaptive,gt,3146,262.08333333333337,0.5968200335395749
bb_ipp_nonadaptive,gt,3147,262.16666666666663,0.5964567995028341
bb_ipp_nonadaptive,gt,3148,262.25,0.5960956233121415
bb_ipp_nonadaptive,gt,3149,262.33333333333337,0.595736487524603
bb_ipp_nonadaptive,gt,3150,262.41666666666663,0.5953793752792301
bb_ipp_nonadaptive,gt,3151,262.5,0.5950242702259791
bb_ipp_nonadaptive,gt,3152,262.58333333333337,0.594671156465605
bb_ipp_nonadaptive,gt,3153,262.66666666666663,0.5943200184986535
bb_ipp_nonadaptive,gt,3154,262.75,0.5939708411821745
bb_ipp_nonadaptive,gt,3155,262.83333333333337,0.5936236096929597
bb_ipp_nonadaptive,gt,3156,262.91666666666663,0.5932783094962913
bb_ipp_nonadaptive,gt,3157,263.0,0.5929349263193481
bb_ipp_nonadaptive,gt,3158,263.08333333333337,0.5925934461285437
bb_ipp_nonadaptive,gt,3159,263.16666666666663,0.592253855110192
bb_ipp_nonadaptive,gt,3160,263.25,0.5919161396539789
bb_ipp_nonadaptive,gt,3161,263.33333333333337,0.5915802863388095
bb_ipp_nonadaptive,gt,3162,263.41666666666663,0.5912462819206604
bb_ipp_nonadaptive,gt,3163,263.5,0.5909141133221302
bb_ipp_nonadaptive,gt,3164,263.58333333333337,0.5905837676234229
bb_ipp_nonadaptive,gt,3165,263.66666666666663,0.5902552320545453
bb_ipp_nonadaptive,gt,3166,263.75,0.5899284939885315
bb_ipp_nonadaptive,gt,3167,263.83333333333337,0.5896035409355361
bb_ipp_nonadaptive,gt,3168,263.91666666666663,0.589280360537664
bb_ipp_nonadaptive,gt,3169,264.0,0.5889589405644232
bb_ipp_nonadaptive,gt,3170,264.08333333333337,0.5886392689087084
bb_ipp_nonadaptive,gt,3171,264.16666666666663,0.5883213335832312
bb_ipp_nonadaptive,gt,3172,264.25,0.588005122717334
bb_ipp_nonadaptive,gt,3173,264.33333333333337,0.5876906245541257
bb_ipp_nonadaptive,gt,3174,264.41666666666663,0.5873778274478954
bb_ipp_nonadaptive,gt,3175,264.5,0.5870667198617603
bb_ipp_nonadaptive,gt,3176,264.58333333333337,0.5867572903655146
bb_ipp_nonadaptive,gt,3177,264.66666666666663,0.5864495276336504
bb_ipp_nonadaptive,gt,3178,264.75,0.5861434204435252
bb_ipp_nonadaptive,gt,3179,264.83333333333337,0.5858389576736561
bb_ipp_nonadaptive,gt,3180,264.91666666666663,0.5855361283021229
bb_ipp_nonadaptive,gt,3181,265.0,0.5852349214050648
bb_ipp_nonadaptive,gt,3182,265.08333333333337,0.5849353261552591
bb_ipp_nonadaptive,gt,3183,265.16666666666663,0.5846373318207697
bb_ipp_nonadaptive,gt,3184,265.25,0.5843409277636573
bb_ipp_nonadaptive,gt,3185,265.33333333333337,0.5840461034387455
bb_ipp_nonadaptive,gt,3186,265.41666666666663,0.5837528483924312
bb_ipp_nonadaptive,gt,3187,265.5,0.5834611522615405
bb_ipp_nonadaptive,gt,3188,265.58333333333337,0.5831710047722192
bb_ipp_nonadaptive,gt,3189,265.66666666666663,0.5828823957388586
bb_ipp_nonadaptive,gt,3190,265.75,0.5825953150630501
bb_ipp_nonadaptive,gt,3191,265.83333333333337,0.5823097527325679
bb_ipp_nonadaptive,gt,3192,265.91666666666663,0.5820256988203758
bb_ipp_nonadaptive,gt,3193,266.0,0.5817431434836566
bb_ipp_nonadaptive,gt,3194,266.08333333333337,0.5814620769628626
bb_ipp_nonadaptive,gt,3195,266.16666666666663,0.581182489580785
bb_ipp_nonadaptive,gt,3196,266.25,0.5809043717416416
bb_ipp_nonadaptive,gt,3197,266.33333333333337,0.5806277139301804
bb_ipp_nonadaptive,gt,3198,266.41666666666663,0.5803525067108005
bb_ipp_nonadaptive,gt,3199,266.5,0.5800787407266864
bb_ipp_nonadaptive,gt,3200,266.58333333333337,0.5798064066989564
bb_ipp_nonadaptive,gt,3201,266.66666666666663,0.5795354954258265
bb_ipp_nonadaptive,gt,3202,266.75,0.579265997781784
bb_ipp_nonadaptive,gt,3203,266.83333333333337,0.5789979047167768
bb_ipp_nonadaptive,gt,3204,266.91666666666663,0.578731207255412
bb_ipp_nonadaptive,gt,3205,267.0,0.5784658964961676
bb_ipp_nonadaptive,gt,3206,267.08333333333337,0.5782019636106142
bb_ipp_nonadaptive,gt,3207,267.16666666666663,0.5779393998426487
bb_ipp_nonadaptive,gt,3208,267.25,0.5776781965077378
bb_ipp_nonadaptive,gt,3209,267.33333333333337,0.5774183449921717
bb_ipp_nonadaptive,gt,3210,267.41666666666663,0.577159836752328
bb_ipp_nonadaptive,gt,3211,267.5,0.5769026633139455
bb_ipp_nonadaptive,gt,3212,267.58333333333337,0.5766468162714072
bb_ipp_nonadaptive,gt,3213,267.66666666666663,0.5763922872870331
bb_ipp_nonadaptive,gt,3214,267.75,0.5761390680903815
bb_ipp_nonadaptive,gt,3215,267.83333333333337,0.5758871504775598
bb_ipp_nonadaptive,gt,3216,267.91666666666663,0.5756365263105442
bb_ipp_nonadaptive,gt,3217,268.0,0.5753871875165076
bb_ipp_nonadaptive,gt,3218,268.08333333333337,0.5751391260871563
bb_ipp_nonadaptive,gt,3219,268.16666666666663,0.5748923340780747
bb_ipp_nonadaptive,gt,3220,268.25,0.5746468036080791
bb_ipp_nonadaptive,gt,3221,268.33333333333337,0.5744025268585782
bb_ipp_nonadaptive,gt,3222,268.41666666666663,0.5741594960729428
bb_ipp_nonadaptive,gt,3223,268.5,0.5739177035558827
bb_ipp_nonadaptive,gt,3224,268.58333333333337,0.5736771416728313
bb_ipp_nonadaptive,gt,3225,268.66666666666663,0.5734378028493381
bb_ipp_nonadaptive,gt,3226,268.75,0.5731996795704681
bb_ipp_nonadaptive,gt,3227,268.83333333333337,0.5729627643802091
bb_ipp_nonadaptive,gt,3228,268.91666666666663,0.5727270498808859
bb_ipp_nonadaptive,gt,3229,269.0,0.572492528732582
bb_ipp_nonadaptive,gt,3230,269.08333333333337,0.5722591936525677
bb_ipp_nonadaptive,gt,3231,269.16666666666663,0.5720270374147356
bb_ipp_nonadaptive,gt,3232,269.25,0.5717960528490427
bb_ipp_nonadaptive,gt,3233,269.33333333333337,0.5715662328409596
bb_ipp_nonadaptive,gt,3234,269.41666666666663,0.5713375703309258
bb_ipp_nonadaptive,gt,3235,269.5,0.5711100583138113
bb_ipp_nonadaptive,gt,3236,269.58333333333337,0.5708836898383861
bb_ipp_nonadaptive,gt,3237,269.66666666666663,0.5706584580067937
bb_ipp_nonadaptive,gt,3238,269.75,0.5704343559740334
bb_ipp_nonadaptive,gt,3239,269.83333333333337,0.5702113769474465
bb_ipp_nonadaptive,gt,3240,269.91666666666663,0.5699895141862102
bb_ipp_nonadaptive,gt,3241,270.0,0.5697687610008366
bb_ipp_nonadaptive,gt,3242,270.08333333333337,0.5695491107526779
bb_ipp_nonadaptive,gt,3243,270.16666666666663,0.569330556853437
bb_ipp_nonadaptive,gt,3244,270.25,0.569113092764685
bb_ipp_nonadaptive,gt,3245,270.33333333333337,0.5688967119973829
bb_ipp_nonadaptive,gt,3246,270.41666666666663,0.5686814081114094
bb_ipp_nonadaptive,gt,3247,270.5,0.5684671747150956
bb_ipp_nonadaptive,gt,3248,270.58333333333337,0.5682540054647617
bb_ipp_nonadaptive,gt,3249,270.66666666666663,0.5680418940642633
bb_ipp_nonadaptive,gt,3250,270.75,0.5678308342645397
bb_ipp_nonadaptive,gt,3251,270.83333333333337,0.567620819863169
bb_ipp_nonadaptive,gt,3252,270.91666666666663,0.5674118447039276
bb_ipp_nonadaptive,gt,3253,271.0,0.5672039026763555
bb_ipp_nonadaptive,gt,3254,271.08333333333337,0.5669969877153258
bb_ipp_nonadaptive,gt,3255,271.16666666666663,0.5667910938006198
bb_ipp_nonadaptive,gt,3256,271.25,0.5665862149565064
bb_ipp_nonadaptive,gt,3257,271.33333333333337,0.5663823452513268
bb_ipp_nonadaptive,gt,3258,271.41666666666663,0.5661794787970833
bb_ipp_nonadaptive,gt,3259,271.5,0.5659776097490334
bb_ipp_nonadaptive,gt,3260,271.58333333333337,0.5657767323052885
bb_ipp_nonadaptive,gt,3261,271.66666666666663,0.5655768407064159
bb_ipp_nonadaptive,gt,3262,271.75,0.5653779292350478
bb_ipp_nonadaptive,gt,3263,271.83333333333337,0.5651799922154919
bb_ipp_nonadaptive,gt,3264,271.91666666666663,0.5649830240133475
bb_ipp_nonadaptive,gt,3265,272.0,0.5647870190351276
bb_ipp_nonadaptive,gt,3266,272.08333333333337,0.5645919717278819
bb_ipp_nonadaptive,gt,3267,272.16666666666663,0.5643978765788268
bb_ipp_nonadaptive,gt,3268,272.25,0.5642047281149782
bb_ipp_nonadaptive,gt,3269,272.33333333333337,0.5640125209027887
bb_ipp_nonadaptive,gt,3270,272.41666666666663,0.5638212495477889
bb_ipp_nonadaptive,gt,3271,272.5,0.5636309086942324
bb_ipp_nonadaptive,gt,3272,272.58333333333337,0.5634414930247448
bb_ipp_nonadaptive,gt,3273,272.66666666666663,0.5632529972599776
bb_ipp_nonadaptive,gt,3274,272.75,0.5630654161582633
bb_ipp_nonadaptive,gt,3275,272.83333333333337,0.5628787445152779
bb_ipp_nonadaptive,gt,3276,272.91666666666663,0.5626929771637034
bb_ipp_nonadaptive,gt,3277,273.0,0.5625081089728968
bb_ipp_nonadaptive,gt,3278,273.08333333333337,0.5623241348485619
bb_ipp_nonadaptive,gt,3279,273.16666666666663,0.5621410497324233
bb_ipp_nonadaptive,gt,3280,273.25,0.5619588486019063
bb_ipp_nonadaptive,gt,3281,273.33333333333337,0.5617775264698182
bb_ipp_nonadaptive,gt,3282,273.41666666666663,0.5615970783840343
bb_ipp_nonadaptive,gt,3283,273.5,0.5614174994271873
bb_ipp_nonadaptive,gt,3284,273.58333333333337,0.5612387847163588
bb_ipp_nonadaptive,gt,3285,273.66666666666663,0.5610609294027756
bb_ipp_nonadaptive,gt,3286,273.75,0.5608839286715085
bb_ipp_nonadaptive,gt,3287,273.83333333333337,0.5607077777411743
bb_ipp_nonadaptive,gt,3288,273.91666666666663,0.5605324718636415
bb_ipp_nonadaptive,gt,3289,274.0,0.5603580063237387
bb_ipp_nonadaptive,gt,3290,274.08333333333337,0.5601843764389659
bb_ipp_nonadaptive,gt,3291,274.16666666666663,0.5600115775592097
bb_ipp_nonadaptive,gt,3292,274.25,0.5598396050664606
bb_ipp_nonadaptive,gt,3293,274.33333333333337,0.5596684543745337
bb_ipp_nonadaptive,gt,3294,274.41666666666663,0.5594981209287931
bb_ipp_nonadaptive,gt,3295,274.5,0.5593286002058775
bb_ipp_nonadaptive,gt,3296,274.58333333333337,0.5591598877134301
bb_ipp_nonadaptive,gt,3297,274.66666666666663,0.5589919789898308
bb_ipp_nonadaptive,gt,3298,274.75,0.5588248696039317
bb_ipp_nonadaptive,gt,3299,274.83333333333337,0.5586585551547947
bb_ipp_nonadaptive,gt,3300,274.91666666666663,0.5584930312714318
bb_ipp_nonadaptive,gt,3301,275.0,0.5583282936125491
bb_ipp_nonadaptive,gt,3302,275.08333333333337,0.5581643378662925
bb_ipp_nonadaptive,gt,3303,275.16666666666663,0.558001159749996
bb_ipp_nonadaptive,gt,3304,275.25,0.5578387550099337
bb_ipp_nonadaptive,gt,3305,275.33333333333337,0.5576771194210733
bb_ipp_nonadaptive,gt,3306,275.41666666666663,0.5575188461373066
bb_ipp_nonadaptive,gt,3307,275.5,0.5575716606616131
bb_ipp_nonadaptive,gt,3308,275.58333333333337,0.5577652955297029
bb_ipp_nonadaptive,gt,3309,275.66666666666663,0.5579527302348163
bb_ipp_nonadaptive,gt,3310,275.75,0.5580503806550194
bb_ipp_nonadaptive,gt,3311,275.83333333333337,0.5581888054802864
bb_ipp_nonadaptive,gt,3312,275.91666666666663,0.5584060621880016
bb_ipp_nonadaptive,gt,3313,276.0,0.5586222777057382
bb_ipp_nonadaptive,gt,3314,276.08333333333337,0.5587602211567401
bb_ipp_nonadaptive,gt,3315,276.16666666666663,0.5588983443752095
bb_ipp_nonadaptive,gt,3316,276.25,0.559130476361519
bb_ipp_nonadaptive,gt,3317,276.33333333333337,0.5594018461880725
bb_ipp_nonadaptive,gt,3318,276.41666666666663,0.5596384186740583
bb_ipp_nonadaptive,gt,3319,276.5,0.5598502148298238
bb_ipp_nonadaptive,gt,3320,276.58333333333337,0.5601080114013974
bb_ipp_nonadaptive,gt,3321,276.66666666666663,0.5604053037503456
bb_ipp_nonadaptive,gt,3322,276.75,0.5606859384580599
bb_ipp_nonadaptive,gt,3323,276.83333333333337,0.5609306907915612
bb_ipp_nonadaptive,gt,3324,276.91666666666663,0.5611832405433564
bb_ipp_nonadaptive,gt,3325,277.0,0.5614720107047766
bb_ipp_nonadaptive,gt,3326,277.08333333333337,0.5617738421989589
bb_ipp_nonadaptive,gt,3327,277.16666666666663,0.5620553577583133
bb_ipp_nonadaptive,gt,3328,277.25,0.5623161908514103
bb_ipp_nonadaptive,gt,3329,277.33333333333337,0.562600479528185
bb_ipp_nonadaptive,gt,3330,277.41666666666663,0.5629201864543119
bb_ipp_nonadaptive,gt,3331,277.5,0.563218298657719
bb_ipp_nonadaptive,gt,3332,277.58333333333337,0.5634256620346422
bb_ipp_nonadaptive,gt,3333,277.66666666666663,0.5636783725990455
bb_ipp_nonadaptive,gt,3334,277.75,0.5640367942120856
bb_ipp_nonadaptive,gt,3335,277.83333333333337,0.5644102893070232
bb_ipp_nonadaptive,gt,3336,277.91666666666663,0.5647203078139661
bb_ipp_nonadaptive,gt,3337,278.0,0.5649998496699039
bb_ipp_nonadaptive,gt,3338,278.08333333333337,0.5653134252181405
bb_ipp_nonadaptive,gt,3339,278.16666666666663,0.565648557106382
bb_ipp_nonadaptive,gt,3340,278.25,0.5659557452984935
bb_ipp_nonadaptive,gt,3341,278.33333333333337,0.5662136460868831
bb_ipp_nonadaptive,gt,3342,278.41666666666663,0.5664625374693364
bb_ipp_nonadaptive,gt,3343,278.5,0.5667359137686465
bb_ipp_nonadaptive,gt,3344,278.58333333333337,0.5670154252326951
bb_ipp_nonadaptive,gt,3345,278.66666666666663,0.5672613033875654
bb_ipp_nonadaptive,gt,3346,278.75,0.5674766029063297
bb_ipp_nonadaptive,gt,3347,278.83333333333337,0.5677371814094324
bb_ipp_nonadaptive,gt,3348,278.91666666666663,0.5680523828026101
bb_ipp_nonadaptive,gt,3349,279.0,0.5683345304181776
bb_ipp_nonadaptive,gt,3350,279.08333333333337,0.5685377834248191
bb_ipp_nonadaptive,gt,3351,279.16666666666663,0.5687984164823416
bb_ipp_nonadaptive,gt,3352,279.25,0.5691502025701292
bb_ipp_nonadaptive,gt,3353,279.33333333333337,0.5695151441886643
bb_ipp_nonadaptive,gt,3354,279.41666666666663,0.5698309257229696
bb_ipp_nonadaptive,gt,3355,279.5,0.5700938458188315
bb_ipp_nonadaptive,gt,3356,279.58333333333337,0.5703502765351338
bb_ipp_nonadaptive,gt,3357,279.66666666666663,0.5706228123093458
bb_ipp_nonadaptive,gt,3358,279.75,0.5708784973033678
bb_ipp_nonadaptive,gt,3359,279.83333333333337,0.571068849195376
bb_ipp_nonadaptive,gt,3360,279.91666666666663,0.571231777593406
bb_ipp_nonadaptive,gt,3361,280.0,0.5714718775359965
bb_ipp_nonadaptive,gt,3362,280.08333333333337,0.571749130024149
bb_ipp_nonadaptive,gt,3363,280.16666666666663,0.5719648453949495
bb_ipp_nonadaptive,gt,3364,280.25,0.5721115318493727
bb_ipp_nonadaptive,gt,3365,280.33333333333337,0.572306965087616
bb_ipp_nonadaptive,gt,3366,280.41666666666663,0.5725558247317643
bb_ipp_nonadaptive,gt,3367,280.5,0.5727843055886814
bb_ipp_nonadaptive,gt,3368,280.58333333333337,0.5729622128981104
bb_ipp_nonadaptive,gt,3369,280.66666666666663,0.5731110133776949
bb_ipp_nonadaptive,gt,3370,280.75,0.5732633348115814
bb_ipp_nonadaptive,gt,3371,280.83333333333337,0.5734126892606314
bb_ipp_nonadaptive,gt,3372,280.91666666666663,0.573525514206431
bb_ipp_nonadaptive,gt,3373,281.0,0.573601562944283
bb_ipp_nonadaptive,gt,3374,281.08333333333337,0.5736775244974511
bb_ipp_nonadaptive,gt,3375,281.16666666666663,0.5737697824996062
bb_ipp_nonadaptive,gt,3376,281.25,0.5738393626559789
bb_ipp_nonadaptive,gt,3377,281.33333333333337,0.5738335849055599
bb_ipp_nonadaptive,gt,3378,281.41666666666663,0.5738200860520047
bb_ipp_nonadaptive,gt,3379,281.5,0.5738837063723776
bb_ipp_nonadaptive,gt,3380,281.58333333333337,0.573974389552424
bb_ipp_nonadaptive,gt,3381,281.66666666666663,0.5740337513733809
bb_ipp_nonadaptive,gt,3382,281.75,0.5740677766613266
bb_ipp_nonadaptive,gt,3383,281.83333333333337,0.5740963371548949
bb_ipp_nonadaptive,gt,3384,281.91666666666663,0.5741170698595461
bb_ipp_nonadaptive,gt,3385,282.0,0.5741283262552467
bb_ipp_nonadaptive,gt,3386,282.08333333333337,0.5741219306555906
bb_ipp_nonadaptive,gt,3387,282.16666666666663,0.5741014350147726
bb_ipp_nonadaptive,gt,3388,282.25,0.5741014328063686
bb_ipp_nonadaptive,gt,3389,282.33333333333337,0.5741182562717555
bb_ipp_nonadaptive,gt,3390,282.41666666666663,0.5741158218507224
bb_ipp_nonadaptive,gt,3391,282.5,0.5741137294316588
bb_ipp_nonadaptive,gt,3392,282.58333333333337,0.5741658168591471
bb_ipp_nonadaptive,gt,3393,282.66666666666663,0.574279816119482
bb_ipp_nonadaptive,gt,3394,282.75,0.5744251226499869
bb_ipp_nonadaptive,gt,3395,282.83333333333337,0.5745335600483547
bb_ipp_nonadaptive,gt,3396,282.91666666666663,0.574640439993809
bb_ipp_nonadaptive,gt,3397,283.0,0.5748683568113361
bb_ipp_nonadaptive,gt,3398,283.08333333333337,0.5751682637861575
bb_ipp_nonadaptive,gt,3399,283.16666666666663,0.5754418117013513
bb_ipp_nonadaptive,gt,3400,283.25,0.5756838044011285
bb_ipp_nonadaptive,gt,3401,283.33333333333337,0.5759666233166847
bb_ipp_nonadaptive,gt,3402,283.41666666666663,0.5762978702718121
bb_ipp_nonadaptive,gt,3403,283.5,0.5766346478629963
bb_ipp_nonadaptive,gt,3404,283.58333333333337,0.5769303968137801
bb_ipp_nonadaptive,gt,3405,283.66666666666663,0.5771716306029827
bb_ipp_nonadaptive,gt,3406,283.75,0.5774325971900788
bb_ipp_nonadaptive,gt,3407,283.83333333333337,0.5777715391880838
bb_ipp_nonadaptive,gt,3408,283.91666666666663,0.5781308518455023
bb_ipp_nonadaptive,gt,3409,284.0,0.5784463659504696
bb_ipp_nonadaptive,gt,3410,284.08333333333337,0.5787674168503665
bb_ipp_nonadaptive,gt,3411,284.16666666666663,0.5791523796683653
bb_ipp_nonadaptive,gt,3412,284.25,0.579572619136325
bb_ipp_nonadaptive,gt,3413,284.33333333333337,0.5799717504471319
bb_ipp_nonadaptive,gt,3414,284.41666666666663,0.5802951749437912
bb_ipp_nonadaptive,gt,3415,284.5,0.5805402524464245
bb_ipp_nonadaptive,gt,3416,284.58333333333337,0.5808636547384672
bb_ipp_nonadaptive,gt,3417,284.66666666666663,0.581300767806063
bb_ipp_nonadaptive,gt,3418,284.75,0.5817517069571286
bb_ipp_nonadaptive,gt,3419,284.83333333333337,0.5821568287131728
bb_ipp_nonadaptive,gt,3420,284.91666666666663,0.5825518430404384
bb_ipp_nonadaptive,gt,3421,285.0,0.5829745753906008
bb_ipp_nonadaptive,gt,3422,285.08333333333337,0.5834135383985587
bb_ipp_nonadaptive,gt,3423,285.16666666666663,0.5838205472386424
bb_ipp_nonadaptive,gt,3424,285.25,0.5841326714518604
bb_ipp_nonadaptive,gt,3425,285.33333333333337,0.5844203680770043
bb_ipp_nonadaptive,gt,3426,285.41666666666663,0.584820256637263
bb_ipp_nonadaptive,gt,3427,285.5,0.5852650408569494
bb_ipp_nonadaptive,gt,3428,285.58333333333337,0.5856093796390072
bb_ipp_nonadaptive,gt,3429,285.66666666666663,0.5858513058236314
bb_ipp_nonadaptive,gt,3430,285.75,0.5862464697187828
bb_ipp_nonadaptive,gt,3431,285.83333333333337,0.5867421711466908
bb_ipp_nonadaptive,gt,3432,285.91666666666663,0.5871802607571834
bb_ipp_nonadaptive,gt,3433,286.0,0.5875000243623574
bb_ipp_nonadaptive,gt,3434,286.08333333333337,0.5878700135014178
bb_ipp_nonadaptive,gt,3435,286.16666666666663,0.5883480482257852
bb_ipp_nonadaptive,gt,3436,286.25,0.5888381441735782
bb_ipp_nonadaptive,gt,3437,286.33333333333337,0.5892693738812792
bb_ipp_nonadaptive,gt,3438,286.41666666666663,0.5896918703109544
bb_ipp_nonadaptive,gt,3439,286.5,0.5901682928342765
bb_ipp_nonadaptive,gt,3440,286.58333333333337,0.5906820441148555
bb_ipp_nonadaptive,gt,3441,286.66666666666663,0.591168335180709
bb_ipp_nonadaptive,gt,3442,286.75,0.5915544369481843
bb_ipp_nonadaptive,gt,3443,286.83333333333337,0.5918868808567138
bb_ipp_nonadaptive,gt,3444,286.91666666666663,0.592327931687942
bb_ipp_nonadaptive,gt,3445,287.0,0.592833334904773
bb_ipp_nonadaptive,gt,3446,287.08333333333337,0.593292915953418
bb_ipp_nonadaptive,gt,3447,287.16666666666663,0.5936865954141594
bb_ipp_nonadaptive,gt,3448,287.25,0.5940517979638044
bb_ipp_nonadaptive,gt,3449,287.33333333333337,0.5944058870434207
bb_ipp_nonadaptive,gt,3450,287.41666666666663,0.5947550589955536
bb_ipp_nonadaptive,gt,3451,287.5,0.5950765407688199
bb_ipp_nonadaptive,gt,3452,287.58333333333337,0.5953457551833025
bb_ipp_nonadaptive,gt,3453,287.66666666666663,0.5956367495759048
bb_ipp_nonadaptive,gt,3454,287.75,0.5959982031088314
bb_ipp_nonadaptive,gt,3455,287.83333333333337,0.596383577473693
bb_ipp_nonadaptive,gt,3456,287.91666666666663,0.5967461894388256
bb_ipp_nonadaptive,gt,3457,288.0,0.5970593571922436
bb_ipp_nonadaptive,gt,3458,288.08333333333337,0.5973156559273527
bb_ipp_nonadaptive,gt,3459,288.16666666666663,0.597591001746379
bb_ipp_nonadaptive,gt,3460,288.25,0.5979316161608832
bb_ipp_nonadaptive,gt,3461,288.33333333333337,0.5982868337091645
bb_ipp_nonadaptive,gt,3462,288.41666666666663,0.5986194636380484
bb_ipp_nonadaptive,gt,3463,288.5,0.5989208957656762
bb_ipp_nonadaptive,gt,3464,288.58333333333337,0.5991741080831597
bb_ipp_nonadaptive,gt,3465,288.66666666666663,0.5994224237962971
bb_ipp_nonadaptive,gt,3466,288.75,0.599717752056352
bb_ipp_nonadaptive,gt,3467,288.83333333333337,0.6000261489089855
bb_ipp_nonadaptive,gt,3468,288.91666666666663,0.6003169550296221
bb_ipp_nonadaptive,gt,3469,289.0,0.6005866720601214
bb_ipp_nonadaptive,gt,3470,289.08333333333337,0.6008180959907243
bb_ipp_nonadaptive,gt,3471,289.16666666666663,0.6010415645154153
bb_ipp_nonadaptive,gt,3472,289.25,0.6013025424561662
bb_ipp_nonadaptive,gt,3473,289.33333333333337,0.6015724293436777
bb_ipp_nonadaptive,gt,3474,289.41666666666663,0.6018261516091032
bb_ipp_nonadaptive,gt,3475,289.5,0.6020743187724665
bb_ipp_nonadaptive,gt,3476,289.58333333333337,0.6023035214051354
bb_ipp_nonadaptive,gt,3477,289.66666666666663,0.6025232320051963
bb_ipp_nonadaptive,gt,3478,289.75,0.6027688858992288
bb_ipp_nonadaptive,gt,3479,289.83333333333337,0.603015602103303
bb_ipp_nonadaptive,gt,3480,289.91666666666663,0.6032474709923408
bb_ipp_nonadaptive,gt,3481,290.0,0.6035009661842172
bb_ipp_nonadaptive,gt,3482,290.08333333333337,0.6037804743360655
bb_ipp_nonadaptive,gt,3483,290.16666666666663,0.604070467234026
bb_ipp_nonadaptive,gt,3484,290.25,0.6043531388271801
bb_ipp_nonadaptive,gt,3485,290.33333333333337,0.6045833718000797
bb_ipp_nonadaptive,gt,3486,290.41666666666663,0.6047726529397426
bb_ipp_nonadaptive,gt,3487,290.5,0.6050363736693041
bb_ipp_nonadaptive,gt,3488,290.58333333333337,0.6053772987862124
bb_ipp_nonadaptive,gt,3489,290.66666666666663,0.6057271653078738
bb_ipp_nonadaptive,gt,3490,290.75,0.606038253624683
bb_ipp_nonadaptive,gt,3491,290.83333333333337,0.6062769219133162
bb_ipp_nonadaptive,gt,3492,290.91666666666663,0.606461220774416
bb_ipp_nonadaptive,gt,3493,291.0,0.6067221869553268
bb_ipp_nonadaptive,gt,3494,291.08333333333337,0.6070743197371343
bb_ipp_nonadaptive,gt,3495,291.16666666666663,0.6074411949056959
bb_ipp_nonadaptive,gt,3496,291.25,0.607767608473394
bb_ipp_nonadaptive,gt,3497,291.33333333333337,0.6080227798256906
bb_ipp_nonadaptive,gt,3498,291.41666666666663,0.608218233065944
bb_ipp_nonadaptive,gt,3499,291.5,0.6084741333697722
bb_ipp_nonadaptive,gt,3500,291.58333333333337,0.608816815867873
bb_ipp_nonadaptive,gt,3501,291.66666666666663,0.6091746526095235
bb_ipp_nonadaptive,gt,3502,291.75,0.6095021726521869
bb_ipp_nonadaptive,gt,3503,291.83333333333337,0.6097715236117838
bb_ipp_nonadaptive,gt,3504,291.91666666666663,0.6099755639729776
bb_ipp_nonadaptive,gt,3505,292.0,0.6102151576867069
bb_ipp_nonadaptive,gt,3506,292.08333333333337,0.6105377263265106
bb_ipp_nonadaptive,gt,3507,292.16666666666663,0.6108802426520354
bb_ipp_nonadaptive,gt,3508,292.25,0.6111938690414589
bb_ipp_nonadaptive,gt,3509,292.33333333333337,0.6114506009845994
bb_ipp_nonadaptive,gt,3510,292.41666666666663,0.6116392067101111
bb_ipp_nonadaptive,gt,3511,292.5,0.6118501517366769
bb_ipp_nonadaptive,gt,3512,292.58333333333337,0.6121344511898809
bb_ipp_nonadaptive,gt,3513,292.66666666666663,0.6124345888134213
bb_ipp_nonadaptive,gt,3514,292.75,0.6127117500627033
bb_ipp_nonadaptive,gt,3515,292.83333333333337,0.6129488086269159
bb_ipp_nonadaptive,gt,3516,292.91666666666663,0.6131310605762842
bb_ipp_nonadaptive,gt,3517,293.0,0.6133164500552716
bb_ipp_nonadaptive,gt,3518,293.08333333333337,0.6135509537485905
bb_ipp_nonadaptive,gt,3519,293.16666666666663,0.6137868287647569
bb_ipp_nonadaptive,gt,3520,293.25,0.6139957466634128
bb_ipp_nonadaptive,gt,3521,293.33333333333337,0.6141945912258479
bb_ipp_nonadaptive,gt,3522,293.41666666666663,0.6143824035778463
bb_ipp_nonadaptive,gt,3523,293.5,0.6145642901451239
bb_ipp_nonadaptive,gt,3524,293.58333333333337,0.614737343576943
bb_ipp_nonadaptive,gt,3525,293.66666666666663,0.6148554854215073
bb_ipp_nonadaptive,gt,3526,293.75,0.6149348120756951
bb_ipp_nonadaptive,gt,3527,293.83333333333337,0.6150678959872865
bb_ipp_nonadaptive,gt,3528,293.91666666666663,0.6152451696281757
bb_ipp_nonadaptive,gt,3529,294.0,0.615410148803211
bb_ipp_nonadaptive,gt,3530,294.08333333333337,0.61552684890454
bb_ipp_nonadaptive,gt,3531,294.16666666666663,0.6155742310353801
bb_ipp_nonadaptive,gt,3532,294.25,0.6155969910996947
bb_ipp_nonadaptive,gt,3533,294.33333333333337,0.6156787541577933
bb_ipp_nonadaptive,gt,3534,294.41666666666663,0.6157925131354433
bb_ipp_nonadaptive,gt,3535,294.5,0.6158751204181375
bb_ipp_nonadaptive,gt,3536,294.58333333333337,0.6159357393613072
bb_ipp_nonadaptive,gt,3537,294.66666666666663,0.6160249525199816
bb_ipp_nonadaptive,gt,3538,294.75,0.6161485681078148
bb_ipp_nonadaptive,gt,3539,294.83333333333337,0.616264405016499
bb_ipp_nonadaptive,gt,3540,294.91666666666663,0.6163415033345466
bb_ipp_nonadaptive,gt,3541,295.0,0.6164021799713594
bb_ipp_nonadaptive,gt,3542,295.08333333333337,0.6164830844604199
bb_ipp_nonadaptive,gt,3543,295.16666666666663,0.6165719389718869
bb_ipp_nonadaptive,gt,3544,295.25,0.6166171403310988
bb_ipp_nonadaptive,gt,3545,295.33333333333337,0.6166145872563403
bb_ipp_nonadaptive,gt,3546,295.41666666666663,0.616635618340009
bb_ipp_nonadaptive,gt,3547,295.5,0.6166982163850916
bb_ipp_nonadaptive,gt,3548,295.58333333333337,0.6167248365628184
bb_ipp_nonadaptive,gt,3549,295.66666666666663,0.6166406553109048
bb_ipp_nonadaptive,gt,3550,295.75,0.6165934927902897
bb_ipp_nonadaptive,gt,3551,295.83333333333337,0.6166480582746434
bb_ipp_nonadaptive,gt,3552,295.91666666666663,0.6167096616233465
bb_ipp_nonadaptive,gt,3553,296.0,0.6166901819455111
bb_ipp_nonadaptive,gt,3554,296.08333333333337,0.616638933796924
bb_ipp_nonadaptive,gt,3555,296.16666666666663,0.616650680559802
bb_ipp_nonadaptive,gt,3556,296.25,0.616695697720475
bb_ipp_nonadaptive,gt,3557,296.33333333333337,0.6167049073255394
bb_ipp_nonadaptive,gt,3558,296.41666666666663,0.6166676611184722
bb_ipp_nonadaptive,gt,3559,296.5,0.6166383027438851
bb_ipp_nonadaptive,gt,3560,296.58333333333337,0.6166378251433561
bb_ipp_nonadaptive,gt,3561,296.66666666666663,0.6166250157229136
bb_ipp_nonadaptive,gt,3562,296.75,0.6165619346830409
bb_ipp_nonadaptive,gt,3563,296.83333333333337,0.6164820886676866
bb_ipp_nonadaptive,gt,3564,296.91666666666663,0.6164438598057747
bb_ipp_nonadaptive,gt,3565,297.0,0.6164245337803301
bb_ipp_nonadaptive,gt,3566,297.08333333333337,0.6163466526889332
bb_ipp_nonadaptive,gt,3567,297.16666666666663,0.6162211626300821
bb_ipp_nonadaptive,gt,3568,297.25,0.6161826840218447
bb_ipp_nonadaptive,gt,3569,297.33333333333337,0.61621476310951
bb_ipp_nonadaptive,gt,3570,297.41666666666663,0.6162471799668475
bb_ipp_nonadaptive,gt,3571,297.5,0.6162316191814662
bb_ipp_nonadaptive,gt,3572,297.58333333333337,0.6161292405506656
bb_ipp_nonadaptive,gt,3573,297.66666666666663,0.6159727737924107
bb_ipp_nonadaptive,gt,3574,297.75,0.6159371249041138
bb_ipp_nonadaptive,gt,3575,297.83333333333337,0.6159731874303527
bb_ipp_nonadaptive,gt,3576,297.91666666666663,0.6159459190665015
bb_ipp_nonadaptive,gt,3577,298.0,0.6158073257644591
bb_ipp_nonadaptive,gt,3578,298.08333333333337,0.6156314768674553
bb_ipp_nonadaptive,gt,3579,298.16666666666663,0.6155785641374447
bb_ipp_nonadaptive,gt,3580,298.25,0.61561208419862
bb_ipp_nonadaptive,gt,3581,298.33333333333337,0.6156568623435293
bb_ipp_nonadaptive,gt,3582,298.41666666666663,0.6156662662017653
bb_ipp_nonadaptive,gt,3583,298.5,0.6156259192017605
bb_ipp_nonadaptive,gt,3584,298.58333333333337,0.6155771223194018
bb_ipp_nonadaptive,gt,3585,298.66666666666663,0.6155903796559226
bb_ipp_nonadaptive,gt,3586,298.75,0.6156441837157748
bb_ipp_nonadaptive,gt,3587,298.83333333333337,0.6156778448247744
bb_ipp_nonadaptive,gt,3588,298.91666666666663,0.6157095856430509
bb_ipp_nonadaptive,gt,3589,299.0,0.6157809756771824
bb_ipp_nonadaptive,gt,3590,299.08333333333337,0.6158812970391828
bb_ipp_nonadaptive,gt,3591,299.16666666666663,0.6159772269481627
bb_ipp_nonadaptive,gt,3592,299.25,0.616018128609218
bb_ipp_nonadaptive,gt,3593,299.33333333333337,0.6159646561697826
bb_ipp_nonadaptive,gt,3594,299.41666666666663,0.6159681452503452
bb_ipp_nonadaptive,gt,3595,299.5,0.6160958037559275
bb_ipp_nonadaptive,gt,3596,299.58333333333337,0.6162602003009645
bb_ipp_nonadaptive,gt,3597,299.66666666666663,0.6163876595029582
bb_ipp_nonadaptive,gt,3598,299.75,0.6164851785938618
bb_ipp_nonadaptive,gt,3599,299.83333333333337,0.6165848797863809
bb_ipp_nonadaptive,gt,3600,299.91666666666663,0.616697689836111
bb_ipp_nonadaptive,gt,3601,300.0,0.6167980329985236
bb_ipp_nonadaptive,gt,3602,300.08333333333337,0.6168222200279064
bb_ipp_nonadaptive,gt,3603,300.16666666666663,0.6167709547760455
bb_ipp_nonadaptive,gt,3604,300.25,0.616832895755432
bb_ipp_nonadaptive,gt,3605,300.33333333333337,0.6169942506152143
bb_ipp_nonadaptive,gt,3606,300.41666666666663,0.6171488224641285
bb_ipp_nonadaptive,gt,3607,300.5,0.6172491426186989
bb_ipp_nonadaptive,gt,3608,300.58333333333337,0.6173328132929119
bb_ipp_nonadaptive,gt,3609,300.66666666666663,0.6174409768424002
bb_ipp_nonadaptive,gt,3610,300.75,0.6175578705876503
bb_ipp_nonadaptive,gt,3611,300.83333333333337,0.6176389129324231
bb_ipp_nonadaptive,gt,3612,300.91666666666663,0.6176667104141341
bb_ipp_nonadaptive,gt,3613,301.0,0.6176877680412162
bb_ipp_nonadaptive,gt,3614,301.08333333333337,0.617751033750141
bb_ipp_nonadaptive,gt,3615,301.16666666666663,0.6178117511681895
bb_ipp_nonadaptive,gt,3616,301.25,0.6177764002363568
bb_ipp_nonadaptive,gt,3617,301.33333333333337,0.6177237746365385
bb_ipp_nonadaptive,gt,3618,301.41666666666663,0.6177957039732476
bb_ipp_nonadaptive,gt,3619,301.5,0.6179260861444387
bb_ipp_nonadaptive,gt,3620,301.58333333333337,0.6180245113104615
bb_ipp_nonadaptive,gt,3621,301.66666666666663,0.6180711529402554
bb_ipp_nonadaptive,gt,3622,301.75,0.618106079694808
bb_ipp_nonadaptive,gt,3623,301.83333333333337,0.6181610392651165
bb_ipp_nonadaptive,gt,3624,301.91666666666663,0.6182180110684293
bb_ipp_nonadaptive,gt,3625,302.0,0.6182385712356244
bb_ipp_nonadaptive,gt,3626,302.08333333333337,0.6182252812349859
bb_ipp_nonadaptive,gt,3627,302.16666666666663,0.6182413585699847
bb_ipp_nonadaptive,gt,3628,302.25,0.6183044950649788
bb_ipp_nonadaptive,gt,3629,302.33333333333337,0.6183415069381559
bb_ipp_nonadaptive,gt,3630,302.41666666666663,0.6182714329495069
bb_ipp_nonadaptive,gt,3631,302.5,0.6182778624968381
bb_ipp_nonadaptive,gt,3632,302.58333333333337,0.618421382011773
bb_ipp_nonadaptive,gt,3633,302.66666666666663,0.6186008474807153
bb_ipp_nonadaptive,gt,3634,302.75,0.6187374167560024
bb_ipp_nonadaptive,gt,3635,302.83333333333337,0.6188455450228888
bb_ipp_nonadaptive,gt,3636,302.91666666666663,0.6189734985768894
bb_ipp_nonadaptive,gt,3637,303.0,0.6191331980683497
bb_ipp_nonadaptive,gt,3638,303.08333333333337,0.619285801278742
bb_ipp_nonadaptive,gt,3639,303.16666666666663,0.6193927462341733
bb_ipp_nonadaptive,gt,3640,303.25,0.6194839751732089
bb_ipp_nonadaptive,gt,3641,303.33333333333337,0.6196376410061181
bb_ipp_nonadaptive,gt,3642,303.41666666666663,0.6198311083051604
bb_ipp_nonadaptive,gt,3643,303.5,0.619956694721943
bb_ipp_nonadaptive,gt,3644,303.58333333333337,0.6199850588674047
bb_ipp_nonadaptive,gt,3645,303.66666666666663,0.6201599997767495
bb_ipp_nonadaptive,gt,3646,303.75,0.6204539752993745
bb_ipp_nonadaptive,gt,3647,303.83333333333337,0.6207233274550339
bb_ipp_nonadaptive,gt,3648,303.91666666666663,0.6209051937432105
bb_ipp_nonadaptive,gt,3649,304.0,0.6211032410539857
bb_ipp_nonadaptive,gt,3650,304.08333333333337,0.6213712699152468
bb_ipp_nonadaptive,gt,3651,304.16666666666663,0.6216548942445073
bb_ipp_nonadaptive,gt,3652,304.25,0.6218898389124614
bb_ipp_nonadaptive,gt,3653,304.33333333333337,0.6220836763479101
bb_ipp_nonadaptive,gt,3654,304.41666666666663,0.622291372100769
bb_ipp_nonadaptive,gt,3655,304.5,0.6225242169576279
bb_ipp_nonadaptive,gt,3656,304.58333333333337,0.622736249713852
bb_ipp_nonadaptive,gt,3657,304.66666666666663,0.6229063922291335
bb_ipp_nonadaptive,gt,3658,304.75,0.6230759269939754
bb_ipp_nonadaptive,gt,3659,304.83333333333337,0.6232771778569081
bb_ipp_nonadaptive,gt,3660,304.91666666666663,0.6234766676976414
bb_ipp_nonadaptive,gt,3661,305.0,0.6236327005143262
bb_ipp_nonadaptive,gt,3662,305.08333333333337,0.6237747862650708
bb_ipp_nonadaptive,gt,3663,305.16666666666663,0.6239528350748832
bb_ipp_nonadaptive,gt,3664,305.25,0.624148340979074
bb_ipp_nonadaptive,gt,3665,305.33333333333337,0.6243105288171265
bb_ipp_nonadaptive,gt,3666,305.41666666666663,0.6244415031142111
bb_ipp_nonadaptive,gt,3667,305.5,0.6245873705605586
bb_ipp_nonadaptive,gt,3668,305.58333333333337,0.6247560820576304
bb_ipp_nonadaptive,gt,3669,305.66666666666663,0.6249018104305791
bb_ipp_nonadaptive,gt,3670,305.75,0.6249913149953066
bb_ipp_nonadaptive,gt,3671,305.83333333333337,0.6250680440803481
bb_ipp_nonadaptive,gt,3672,305.91666666666663,0.6251923239870517
bb_ipp_nonadaptive,gt,3673,306.0,0.6253240881890398
bb_ipp_nonadaptive,gt,3674,306.08333333333337,0.6253589718738665
bb_ipp_nonadaptive,gt,3675,306.16666666666663,0.6253246463328522
bb_ipp_nonadaptive,gt,3676,306.25,0.6254349971980171
bb_ipp_nonadaptive,gt,3677,306.33333333333337,0.6256284133515105
bb_ipp_nonadaptive,gt,3678,306.41666666666663,0.6257902581898479
bb_ipp_nonadaptive,gt,3679,306.5,0.6258892953510234
bb_ipp_nonadaptive,gt,3680,306.58333333333337,0.625974169723766
bb_ipp_nonadaptive,gt,3681,306.66666666666663,0.6260712854384566
bb_ipp_nonadaptive,gt,3682,306.75,0.6261626319055313
bb_ipp_nonadaptive,gt,3683,306.83333333333337,0.6262003056264548
bb_ipp_nonadaptive,gt,3684,306.91666666666663,0.6261181771387371
bb_ipp_nonadaptive,gt,3685,307.0,0.6260622118737268
bb_ipp_nonadaptive,gt,3686,307.08333333333337,0.6261465139023018
bb_ipp_nonadaptive,gt,3687,307.16666666666663,0.6262841780922686
bb_ipp_nonadaptive,gt,3688,307.25,0.6263830211513478
bb_ipp_nonadaptive,gt,3689,307.33333333333337,0.626416461545618
bb_ipp_nonadaptive,gt,3690,307.41666666666663,0.6264177038889659
bb_ipp_nonadaptive,gt,3691,307.5,0.626424944343812
bb_ipp_nonadaptive,gt,3692,307.58333333333337,0.6264305698270062
bb_ipp_nonadaptive,gt,3693,307.66666666666663,0.6263773297186888
bb_ipp_nonadaptive,gt,3694,307.75,0.6262219457213629
bb_ipp_nonadaptive,gt,3695,307.83333333333337,0.626144372843069
bb_ipp_nonadaptive,gt,3696,307.91666666666663,0.6261701781455732
bb_ipp_nonadaptive,gt,3697,308.0,0.6262026521154412
bb_ipp_nonadaptive,gt,3698,308.08333333333337,0.6261766837809901
bb_ipp_nonadaptive,gt,3699,308.16666666666663,0.6261139625198993
bb_ipp_nonadaptive,gt,3700,308.25,0.6260569467716656
bb_ipp_nonadaptive,gt,3701,308.33333333333337,0.6260047967106545
bb_ipp_nonadaptive,gt,3702,308.41666666666663,0.6259241559044744
bb_ipp_nonadaptive,gt,3703,308.5,0.6257770321976697
bb_ipp_nonadaptive,gt,3704,308.58333333333337,0.6255883858234554
bb_ipp_nonadaptive,gt,3705,308.66666666666663,0.6254457470651856
bb_ipp_nonadaptive,gt,3706,308.75,0.6253317222793043
bb_ipp_nonadaptive,gt,3707,308.83333333333337,0.6251707603946915
bb_ipp_nonadaptive,gt,3708,308.91666666666663,0.6249541169166347
bb_ipp_nonadaptive,gt,3709,309.0,0.6247506873051476
bb_ipp_nonadaptive,gt,3710,309.08333333333337,0.6245703868078955
bb_ipp_nonadaptive,gt,3711,309.16666666666663,0.624379518521438
bb_ipp_nonadaptive,gt,3712,309.25,0.6241456377722417
bb_ipp_nonadaptive,gt,3713,309.33333333333337,0.6238523859012739
bb_ipp_nonadaptive,gt,3714,309.41666666666663,0.6235416214622134
bb_ipp_nonadaptive,gt,3715,309.5,0.623282849283269
bb_ipp_nonadaptive,gt,3716,309.58333333333337,0.6230592476777888
bb_ipp_nonadaptive,gt,3717,309.66666666666663,0.622831518726753
bb_ipp_nonadaptive,gt,3718,309.75,0.6225815473443944
bb_ipp_nonadaptive,gt,3719,309.83333333333337,0.6222902622994544
bb_ipp_nonadaptive,gt,3720,309.91666666666663,0.6219627961827524
bb_ipp_nonadaptive,gt,3721,310.0,0.6216742037627472
bb_ipp_nonadaptive,gt,3722,310.08333333333337,0.6214364641031848
bb_ipp_nonadaptive,gt,3723,310.16666666666663,0.6212080015913465
bb_ipp_nonadaptive,gt,3724,310.25,0.6209506799936483
bb_ipp_nonadaptive,gt,3725,310.33333333333337,0.6206531117298664
bb_ipp_nonadaptive,gt,3726,310.41666666666663,0.6203376351648012
bb_ipp_nonadaptive,gt,3727,310.5,0.6200419842998208
bb_ipp_nonadaptive,gt,3728,310.58333333333337,0.6197563326538099
bb_ipp_nonadaptive,gt,3729,310.66666666666663,0.6194273614792016
bb_ipp_nonadaptive,gt,3730,310.75,0.6189752228708334
bb_ipp_nonadaptive,gt,3731,310.83333333333337,0.618461524248323
bb_ipp_nonadaptive,gt,3732,310.91666666666663,0.617924296278064
bb_ipp_nonadaptive,gt,3733,311.0,0.617380110245478
bb_ipp_nonadaptive,gt,3734,311.08333333333337,0.6168372342785803
bb_ipp_nonadaptive,gt,3735,311.16666666666663,0.6163000656054741
bb_ipp_nonadaptive,gt,3736,311.25,0.6157709472413049
bb_ipp_nonadaptive,gt,3737,311.33333333333337,0.6152510328641465
bb_ipp_nonadaptive,gt,3738,311.41666666666663,0.6147712027544671
bb_ipp_nonadaptive,gt,3739,311.5,0.614482497378027
bb_ipp_nonadaptive,gt,3740,311.58333333333337,0.614331945007754
bb_ipp_nonadaptive,gt,3741,311.66666666666663,0.6141850642529205
bb_ipp_nonadaptive,gt,3742,311.75,0.6139504207547232
bb_ipp_nonadaptive,gt,3743,311.83333333333337,0.6137581727301706
bb_ipp_nonadaptive,gt,3744,311.91666666666663,0.6136554901948331
bb_ipp_nonadaptive,gt,3745,312.0,0.6135667098308848
bb_ipp_nonadaptive,gt,3746,312.08333333333337,0.6134178021665557
bb_ipp_nonadaptive,gt,3747,312.16666666666663,0.6132649607160572
bb_ipp_nonadaptive,gt,3748,312.25,0.6131883721947816
bb_ipp_nonadaptive,gt,3749,312.33333333333337,0.6131500416336924
bb_ipp_nonadaptive,gt,3750,312.41666666666663,0.6130913342474056
bb_ipp_nonadaptive,gt,3751,312.5,0.6130140227192434
bb_ipp_nonadaptive,gt,3752,312.58333333333337,0.6129632059094173
bb_ipp_nonadaptive,gt,3753,312.66666666666663,0.6129524150586426
bb_ipp_nonadaptive,gt,3754,312.75,0.6129524522353289
bb_ipp_nonadaptive,gt,3755,312.83333333333337,0.6129067322138393
bb_ipp_nonadaptive,gt,3756,312.91666666666663,0.6128012223731953
bb_ipp_nonadaptive,gt,3757,313.0,0.6127484375371303
bb_ipp_nonadaptive,gt,3758,313.08333333333337,0.612764906545485
bb_ipp_nonadaptive,gt,3759,313.16666666666663,0.612765651320181
bb_ipp_nonadaptive,gt,3760,313.25,0.6126933980190109
bb_ipp_nonadaptive,gt,3761,313.33333333333337,0.6126190897668098
bb_ipp_nonadaptive,gt,3762,313.41666666666663,0.6125948717561723
bb_ipp_nonadaptive,gt,3763,313.5,0.6125738707113995
bb_ipp_nonadaptive,gt,3764,313.58333333333337,0.6124969139813107
bb_ipp_nonadaptive,gt,3765,313.66666666666663,0.6123705639214669
bb_ipp_nonadaptive,gt,3766,313.75,0.6122445818491176
bb_ipp_nonadaptive,gt,3767,313.83333333333337,0.6121250272132319
bb_ipp_nonadaptive,gt,3768,313.91666666666663,0.6119708219059921
bb_ipp_nonadaptive,gt,3769,314.0,0.6117638420727809
bb_ipp_nonadaptive,gt,3770,314.08333333333337,0.6115501737448047
bb_ipp_nonadaptive,gt,3771,314.16666666666663,0.6113598140155029
bb_ipp_nonadaptive,gt,3772,314.25,0.6111553218786714
bb_ipp_nonadaptive,gt,3773,314.33333333333337,0.6108833309405006
bb_ipp_nonadaptive,gt,3774,314.41666666666663,0.6105968128593413
bb_ipp_nonadaptive,gt,3775,314.5,0.6103783015776297
bb_ipp_nonadaptive,gt,3776,314.58333333333337,0.6101820713267991
bb_ipp_nonadaptive,gt,3777,314.66666666666663,0.6099350117965311
bb_ipp_nonadaptive,gt,3778,314.75,0.6096389481557972
bb_ipp_nonadaptive,gt,3779,314.83333333333337,0.6093947800390032
bb_ipp_nonadaptive,gt,3780,314.91666666666663,0.6091861200826796
bb_ipp_nonadaptive,gt,3781,315.0,0.6089487936517003
bb_ipp_nonadaptive,gt,3782,315.08333333333337,0.6086548394334094
bb_ipp_nonadaptive,gt,3783,315.16666666666663,0.6083726755511123
bb_ipp_nonadaptive,gt,3784,315.25,0.6081290743732071
bb_ipp_nonadaptive,gt,3785,315.33333333333337,0.607882188811997
bb_ipp_nonadaptive,gt,3786,315.41666666666663,0.6075862645434328
bb_ipp_nonadaptive,gt,3787,315.5,0.6072777689930751
bb_ipp_nonadaptive,gt,3788,315.58333333333337,0.6070183603815638
bb_ipp_nonadaptive,gt,3789,315.66666666666663,0.6067824699681108
bb_ipp_nonadaptive,gt,3790,315.75,0.6065180076179815
bb_ipp_nonadaptive,gt,3791,315.83333333333337,0.6062320886192287
bb_ipp_nonadaptive,gt,3792,315.91666666666663,0.6059868577195519
bb_ipp_nonadaptive,gt,3793,316.0,0.6057784827880326
bb_ipp_nonadaptive,gt,3794,316.08333333333337,0.6055728095437811
bb_ipp_nonadaptive,gt,3795,316.16666666666663,0.605343959541352
bb_ipp_nonadaptive,gt,3796,316.25,0.6050693266594598
bb_ipp_nonadaptive,gt,3797,316.33333333333337,0.6047834428106795
bb_ipp_nonadaptive,gt,3798,316.41666666666663,0.6045729943971205
bb_ipp_nonadaptive,gt,3799,316.5,0.6044157374280954
bb_ipp_nonadaptive,gt,3800,316.58333333333337,0.6042648728141877
bb_ipp_nonadaptive,gt,3801,316.66666666666663,0.6041113611564561
bb_ipp_nonadaptive,gt,3802,316.75,0.6039823638870934
bb_ipp_nonadaptive,gt,3803,316.83333333333337,0.6039064113768274
bb_ipp_nonadaptive,gt,3804,316.91666666666663,0.6038967366821304
bb_ipp_nonadaptive,gt,3805,317.0,0.6039104817384632
bb_ipp_nonadaptive,gt,3806,317.08333333333337,0.603866279794628
bb_ipp_nonadaptive,gt,3807,317.16666666666663,0.6038351246129867
bb_ipp_nonadaptive,gt,3808,317.25,0.6039410292663805
bb_ipp_nonadaptive,gt,3809,317.33333333333337,0.6041209322043141
bb_ipp_nonadaptive,gt,3810,317.41666666666663,0.6042862618387593
bb_ipp_nonadaptive,gt,3811,317.5,0.6044080852076813
bb_ipp_nonadaptive,gt,3812,317.58333333333337,0.6045068893137594
bb_ipp_nonadaptive,gt,3813,317.66666666666663,0.6046062977759351
bb_ipp_nonadaptive,gt,3814,317.75,0.6047042700559607
bb_ipp_nonadaptive,gt,3815,317.83333333333337,0.6047525162761905
bb_ipp_nonadaptive,gt,3816,317.91666666666663,0.6047016097429717
bb_ipp_nonadaptive,gt,3817,318.0,0.6047284766155455
bb_ipp_nonadaptive,gt,3818,318.08333333333337,0.6048828087757551
bb_ipp_nonadaptive,gt,3819,318.16666666666663,0.6050790163294133
bb_ipp_nonadaptive,gt,3820,318.25,0.6052469151191204
bb_ipp_nonadaptive,gt,3821,318.33333333333337,0.6053732545095395
bb_ipp_nonadaptive,gt,3822,318.41666666666663,0.6054793959967957
bb_ipp_nonadaptive,gt,3823,318.5,0.6056037370719581
bb_ipp_nonadaptive,gt,3824,318.58333333333337,0.6057497013348194
bb_ipp_nonadaptive,gt,3825,318.66666666666663,0.6058645787968334
bb_ipp_nonadaptive,gt,3826,318.75,0.6059459704216292
bb_ipp_nonadaptive,gt,3827,318.83333333333337,0.6060952839655208
bb_ipp_nonadaptive,gt,3828,318.91666666666663,0.6063138807487277
bb_ipp_nonadaptive,gt,3829,319.0,0.6065371825361757
bb_ipp_nonadaptive,gt,3830,319.08333333333337,0.6067108420098254
bb_ipp_nonadaptive,gt,3831,319.16666666666663,0.6067857594467744
bb_ipp_nonadaptive,gt,3832,319.25,0.6068072354537577
bb_ipp_nonadaptive,gt,3833,319.33333333333337,0.6069571770660025
bb_ipp_nonadaptive,gt,3834,319.41666666666663,0.6072051410068733
bb_ipp_nonadaptive,gt,3835,319.5,0.6074534808588453
bb_ipp_nonadaptive,gt,3836,319.58333333333337,0.6076394386337189
bb_ipp_nonadaptive,gt,3837,319.66666666666663,0.6077301777797934
bb_ipp_nonadaptive,gt,3838,319.75,0.6077662662634175
bb_ipp_nonadaptive,gt,3839,319.83333333333337,0.6078899554746177
bb_ipp_nonadaptive,gt,3840,319.91666666666663,0.6080856900796078
bb_ipp_nonadaptive,gt,3841,320.0,0.6082678607195161
bb_ipp_nonadaptive,gt,3842,320.08333333333337,0.6084102656592594
bb_ipp_nonadaptive,gt,3843,320.16666666666663,0.6085358146601453
bb_ipp_nonadaptive,gt,3844,320.25,0.6086610838183478
bb_ipp_nonadaptive,gt,3845,320.33333333333337,0.6087974349358519
bb_ipp_nonadaptive,gt,3846,320.41666666666663,0.6089203797630419
bb_ipp_nonadaptive,gt,3847,320.5,0.608992873490321
bb_ipp_nonadaptive,gt,3848,320.58333333333337,0.6090843493078291
bb_ipp_nonadaptive,gt,3849,320.66666666666663,0.6092615866898751
bb_ipp_nonadaptive,gt,3850,320.75,0.6094815528918954
bb_ipp_nonadaptive,gt,3851,320.83333333333337,0.6096886308949441
bb_ipp_nonadaptive,gt,3852,320.91666666666663,0.6098376937096919
bb_ipp_nonadaptive,gt,3853,321.0,0.6098868230110673
bb_ipp_nonadaptive,gt,3854,321.08333333333337,0.6099812411694293
bb_ipp_nonadaptive,gt,3855,321.16666666666663,0.6102246007329981
bb_ipp_nonadaptive,gt,3856,321.25,0.6105403681529279
bb_ipp_nonadaptive,gt,3857,321.33333333333337,0.6108403284936694
bb_ipp_nonadaptive,gt,3858,321.41666666666663,0.6110701979063294
bb_ipp_nonadaptive,gt,3859,321.5,0.6111949786156232
bb_ipp_nonadaptive,gt,3860,321.58333333333337,0.6113451156873231
bb_ipp_nonadaptive,gt,3861,321.66666666666663,0.6116358646152352
bb_ipp_nonadaptive,gt,3862,321.75,0.6119853506297689
bb_ipp_nonadaptive,gt,3863,321.83333333333337,0.6123034727235485
bb_ipp_nonadaptive,gt,3864,321.91666666666663,0.6125723675776384
bb_ipp_nonadaptive,gt,3865,322.0,0.612805197350716
bb_ipp_nonadaptive,gt,3866,322.08333333333337,0.6130376896875814
bb_ipp_nonadaptive,gt,3867,322.16666666666663,0.6132909962724296
bb_ipp_nonadaptive,gt,3868,322.25,0.6135208046820919
bb_ipp_nonadaptive,gt,3869,322.33333333333337,0.6137121725290601
bb_ipp_nonadaptive,gt,3870,322.41666666666663,0.6139460985824703
bb_ipp_nonadaptive,gt,3871,322.5,0.6142376915651846
bb_ipp_nonadaptive,gt,3872,322.58333333333337,0.6145373572158929
bb_ipp_nonadaptive,gt,3873,322.66666666666663,0.6148000867175691
bb_ipp_nonadaptive,gt,3874,322.75,0.6149761274787988
bb_ipp_nonadaptive,gt,3875,322.83333333333337,0.6150791930161323
bb_ipp_nonadaptive,gt,3876,322.91666666666663,0.6152861162808037
bb_ipp_nonadaptive,gt,3877,323.0,0.6156043187669779
bb_ipp_nonadaptive,gt,3878,323.08333333333337,0.6159382095184944
bb_ipp_nonadaptive,gt,3879,323.16666666666663,0.616215401387351
bb_ipp_nonadaptive,gt,3880,323.25,0.6163833717775025
bb_ipp_nonadaptive,gt,3881,323.33333333333337,0.6164448566963376
bb_ipp_nonadaptive,gt,3882,323.41666666666663,0.6166251744265782
bb_ipp_nonadaptive,gt,3883,323.5,0.6169385615644184
bb_ipp_nonadaptive,gt,3884,323.58333333333337,0.6172744458892477
bb_ipp_nonadaptive,gt,3885,323.66666666666663,0.6175506687545035
bb_ipp_nonadaptive,gt,3886,323.75,0.6177237245844978
bb_ipp_nonadaptive,gt,3887,323.83333333333337,0.6177958423124534
bb_ipp_nonadaptive,gt,3888,323.91666666666663,0.6179483151134727
bb_ipp_nonadaptive,gt,3889,324.0,0.6182259640762436
bb_ipp_nonadaptive,gt,3890,324.08333333333337,0.618534679547591
bb_ipp_nonadaptive,gt,3891,324.16666666666663,0.6187985152431733
bb_ipp_nonadaptive,gt,3892,324.25,0.6189814461491359
bb_ipp_nonadaptive,gt,3893,324.33333333333337,0.6190837606410857
bb_ipp_nonadaptive,gt,3894,324.41666666666663,0.619225563392501
bb_ipp_nonadaptive,gt,3895,324.5,0.6194633558329642
bb_ipp_nonadaptive,gt,3896,324.58333333333337,0.6197276901214186
bb_ipp_nonadaptive,gt,3897,324.66666666666663,0.6199606786479147
bb_ipp_nonadaptive,gt,3898,324.75,0.6201479922361878
bb_ipp_nonadaptive,gt,3899,324.83333333333337,0.6202906951067602
bb_ipp_nonadaptive,gt,3900,324.91666666666663,0.6204413376672545
bb_ipp_nonadaptive,gt,3901,325.0,0.6206371527393293
bb_ipp_nonadaptive,gt,3902,325.08333333333337,0.6208400421006293
bb_ipp_nonadaptive,gt,3903,325.16666666666663,0.6210254942084142
bb_ipp_nonadaptive,gt,3904,325.25,0.6212032971659396
bb_ipp_nonadaptive,gt,3905,325.33333333333337,0.6213648016934157
bb_ipp_nonadaptive,gt,3906,325.41666666666663,0.6215206277249733
bb_ipp_nonadaptive,gt,3907,325.5,0.6216925025642174
bb_ipp_nonadaptive,gt,3908,325.58333333333337,0.6218583134007147
bb_ipp_nonadaptive,gt,3909,325.66666666666663,0.6220150788079237
bb_ipp_nonadaptive,gt,3910,325.75,0.6221834877270217
bb_ipp_nonadaptive,gt,3911,325.83333333333337,0.6223330699238768
bb_ipp_nonadaptive,gt,3912,325.91666666666663,0.622458816962474
bb_ipp_nonadaptive,gt,3913,326.0,0.6226157339689742
bb_ipp_nonadaptive,gt,3914,326.08333333333337,0.6228050936073068
bb_ipp_nonadaptive,gt,3915,326.16666666666663,0.6229948189894343
bb_ipp_nonadaptive,gt,3916,326.25,0.623156202208909
bb_ipp_nonadaptive,gt,3917,326.33333333333337,0.6232405990940993
bb_ipp_nonadaptive,gt,3918,326.41666666666663,0.6232693934142669
bb_ipp_nonadaptive,gt,3919,326.5,0.623399116406227
bb_ipp_nonadaptive,gt,3920,326.58333333333337,0.6236246793163517
bb_ipp_nonadaptive,gt,3921,326.66666666666663,0.6238561553600581
bb_ipp_nonadaptive,gt,3922,326.75,0.6240260494695291
bb_ipp_nonadaptive,gt,3923,326.83333333333337,0.6240813955761161
bb_ipp_nonadaptive,gt,3924,326.91666666666663,0.6240393502874072
bb_ipp_nonadaptive,gt,3925,327.0,0.6241438837915321
bb_ipp_nonadaptive,gt,3926,327.08333333333337,0.6243679184301081
bb_ipp_nonadaptive,gt,3927,327.16666666666663,0.6246021555206468
bb_ipp_nonadaptive,gt,3928,327.25,0.6247729797877064
bb_ipp_nonadaptive,gt,3929,327.33333333333337,0.6248298514038878
bb_ipp_nonadaptive,gt,3930,327.41666666666663,0.6247713098180786
bb_ipp_nonadaptive,gt,3931,327.5,0.6248410926396358
bb_ipp_nonadaptive,gt,3932,327.58333333333337,0.6250390795149188
bb_ipp_nonadaptive,gt,3933,327.66666666666663,0.6252572768219854
bb_ipp_nonadaptive,gt,3934,327.75,0.6254188148672566
bb_ipp_nonadaptive,gt,3935,327.83333333333337,0.6254841126125256
bb_ipp_nonadaptive,gt,3936,327.91666666666663,0.6254670180575809
bb_ipp_nonadaptive,gt,3937,328.0,0.6255164110083163
bb_ipp_nonadaptive,gt,3938,328.08333333333337,0.6256555201557804
bb_ipp_nonadaptive,gt,3939,328.16666666666663,0.6257935308482044
bb_ipp_nonadaptive,gt,3940,328.25,0.6258856186758796
bb_ipp_nonadaptive,gt,3941,328.33333333333337,0.6259640138724998
bb_ipp_nonadaptive,gt,3942,328.41666666666663,0.6260545648661837
bb_ipp_nonadaptive,gt,3943,328.5,0.6261472590300143
bb_ipp_nonadaptive,gt,3944,328.58333333333337,0.6261994558865746
bb_ipp_nonadaptive,gt,3945,328.66666666666663,0.6261456749234802
bb_ipp_nonadaptive,gt,3946,328.75,0.6260628435253153
bb_ipp_nonadaptive,gt,3947,328.83333333333337,0.626114400079664
bb_ipp_nonadaptive,gt,3948,328.91666666666663,0.626236511524932
bb_ipp_nonadaptive,gt,3949,329.0,0.6263282469473189
bb_ipp_nonadaptive,gt,3950,329.08333333333337,0.6263618562836116
bb_ipp_nonadaptive,gt,3951,329.16666666666663,0.6263807780824204
bb_ipp_nonadaptive,gt,3952,329.25,0.6264153378138001
bb_ipp_nonadaptive,gt,3953,329.33333333333337,0.626444615990341
bb_ipp_nonadaptive,gt,3954,329.41666666666663,0.6264215309628488
bb_ipp_nonadaptive,gt,3955,329.5,0.6263318335369291
bb_ipp_nonadaptive,gt,3956,329.58333333333337,0.626273157542898
bb_ipp_nonadaptive,gt,3957,329.66666666666663,0.6262841600819536
bb_ipp_nonadaptive,gt,3958,329.75,0.6262783126450122
bb_ipp_nonadaptive,gt,3959,329.83333333333337,0.6261584871983426
bb_ipp_nonadaptive,gt,3960,329.91666666666663,0.6260684816228843
bb_ipp_nonadaptive,gt,3961,330.0,0.6260950690244942
bb_ipp_nonadaptive,gt,3962,330.08333333333337,0.6261397740399376
bb_ipp_nonadaptive,gt,3963,330.16666666666663,0.6260833002725297
bb_ipp_nonadaptive,gt,3964,330.25,0.6259785813433254
bb_ipp_nonadaptive,gt,3965,330.33333333333337,0.625970665418404
bb_ipp_nonadaptive,gt,3966,330.41666666666663,0.6260110252107906
bb_ipp_nonadaptive,gt,3967,330.5,0.6260085963919122
bb_ipp_nonadaptive,gt,3968,330.58333333333337,0.6259433063087563
bb_ipp_nonadaptive,gt,3969,330.66666666666663,0.6258458429727474
bb_ipp_nonadaptive,gt,3970,330.75,0.6257285471711885
bb_ipp_nonadaptive,gt,3971,330.83333333333337,0.6255844526803054
bb_ipp_nonadaptive,gt,3972,330.91666666666663,0.625388899531979
bb_ipp_nonadaptive,gt,3973,331.0,0.6251371818474765
bb_ipp_nonadaptive,gt,3974,331.08333333333337,0.6248807606129407
bb_ipp_nonadaptive,gt,3975,331.16666666666663,0.6245678404101856
bb_ipp_nonadaptive,gt,3976,331.25,0.6242304935617723
bb_ipp_nonadaptive,gt,3977,331.33333333333337,0.6239185250716645
bb_ipp_nonadaptive,gt,3978,331.41666666666663,0.623636275181798
bb_ipp_nonadaptive,gt,3979,331.5,0.6234071871181737
bb_ipp_nonadaptive,gt,3980,331.58333333333337,0.6232268680269757
bb_ipp_nonadaptive,gt,3981,331.66666666666663,0.6230622349681466
bb_ipp_nonadaptive,gt,3982,331.75,0.6228757801795104
bb_ipp_nonadaptive,gt,3983,331.83333333333337,0.6226302976866918
bb_ipp_nonadaptive,gt,3984,331.91666666666663,0.6223688042437409
bb_ipp_nonadaptive,gt,3985,332.0,0.622188865013236
bb_ipp_nonadaptive,gt,3986,332.08333333333337,0.6220622374603345
bb_ipp_nonadaptive,gt,3987,332.16666666666663,0.6219323477491899
bb_ipp_nonadaptive,gt,3988,332.25,0.6217748127950765
bb_ipp_nonadaptive,gt,3989,332.33333333333337,0.6215752536003595
bb_ipp_nonadaptive,gt,3990,332.41666666666663,0.6213474117225827
bb_ipp_nonadaptive,gt,3991,332.5,0.6211637727649845
bb_ipp_nonadaptive,gt,3992,332.58333333333337,0.6210400528857166
bb_ipp_nonadaptive,gt,3993,332.66666666666663,0.6209424061962591
bb_ipp_nonadaptive,gt,3994,332.75,0.620834221294928
bb_ipp_nonadaptive,gt,3995,332.83333333333337,0.6206819761389569
bb_ipp_nonadaptive,gt,3996,332.91666666666663,0.6205031303767157
bb_ipp_nonadaptive,gt,3997,333.0,0.6203777373136251
bb_ipp_nonadaptive,gt,3998,333.08333333333337,0.6202897206208119
bb_ipp_nonadaptive,gt,3999,333.16666666666663,0.6201467732721714
bb_ipp_nonadaptive,gt,4000,333.25,0.6199559615466095
bb_ipp_nonadaptive,gt,4001,333.33333333333337,0.6197921768091708
bb_ipp_nonadaptive,gt,4002,333.41666666666663,0.6196639603554114
bb_ipp_nonadaptive,gt,4003,333.5,0.6195455135422007
bb_ipp_nonadaptive,gt,4004,333.58333333333337,0.619403494047805
bb_ipp_nonadaptive,gt,4005,333.66666666666663,0.6192058008989534
bb_ipp_nonadaptive,gt,4006,333.75,0.6190146953776461
bb_ipp_nonadaptive,gt,4007,333.83333333333337,0.6189127720501206
bb_ipp_nonadaptive,gt,4008,333.91666666666663,0.6188585008087636
bb_ipp_nonadaptive,gt,4009,334.0,0.6187910751888376
bb_ipp_nonadaptive,gt,4010,334.08333333333337,0.6187117840068568
bb_ipp_nonadaptive,gt,4011,334.16666666666663,0.6186509874936836
bb_ipp_nonadaptive,gt,4012,334.25,0.6186149655021432
bb_ipp_nonadaptive,gt,4013,334.33333333333337,0.618582170257948
bb_ipp_nonadaptive,gt,4014,334.41666666666663,0.6185097859273254
bb_ipp_nonadaptive,gt,4015,334.5,0.6183885975247153
bb_ipp_nonadaptive,gt,4016,334.58333333333337,0.6183169264853795
bb_ipp_nonadaptive,gt,4017,334.66666666666663,0.6183181546983215
bb_ipp_nonadaptive,gt,4018,334.75,0.6183052517289456
bb_ipp_nonadaptive,gt,4019,334.83333333333337,0.6182051098602984
bb_ipp_nonadaptive,gt,4020,334.91666666666663,0.6181424137228488
bb_ipp_nonadaptive,gt,4021,335.0,0.6181792951607343
bb_ipp_nonadaptive,gt,4022,335.08333333333337,0.6182355654540501
bb_ipp_nonadaptive,gt,4023,335.16666666666663,0.6182360096789618
bb_ipp_nonadaptive,gt,4024,335.25,0.6182116529961464
bb_ipp_nonadaptive,gt,4025,335.33333333333337,0.6182243600882147
bb_ipp_nonadaptive,gt,4026,335.41666666666663,0.6182626942796939
bb_ipp_nonadaptive,gt,4027,335.5,0.6182806707975536
bb_ipp_nonadaptive,gt,4028,335.58333333333337,0.6182581011807102
bb_ipp_nonadaptive,gt,4029,335.66666666666663,0.6182199440795496
bb_ipp_nonadaptive,gt,4030,335.75,0.6182045780404084
bb_ipp_nonadaptive,gt,4031,335.83333333333337,0.6181968952344384
bb_ipp_nonadaptive,gt,4032,335.91666666666663,0.6181240071979466
bb_ipp_nonadaptive,gt,4033,336.0,0.617980528928505
bb_ipp_nonadaptive,gt,4034,336.08333333333337,0.6179522304703055
bb_ipp_nonadaptive,gt,4035,336.16666666666663,0.6180139910459655
bb_ipp_nonadaptive,gt,4036,336.25,0.6180647840169556
bb_ipp_nonadaptive,gt,4037,336.33333333333337,0.6180688448821182
bb_ipp_nonadaptive,gt,4038,336.41666666666663,0.618076763279556
bb_ipp_nonadaptive,gt,4039,336.5,0.6181156562271827
bb_ipp_nonadaptive,gt,4040,336.58333333333337,0.6181649008909063
bb_ipp_nonadaptive,gt,4041,336.66666666666663,0.6181813375487575
bb_ipp_nonadaptive,gt,4042,336.75,0.6181294495908719
bb_ipp_nonadaptive,gt,4043,336.83333333333337,0.6180804191622348
bb_ipp_nonadaptive,gt,4044,336.91666666666663,0.6181292272245356
bb_ipp_nonadaptive,gt,4045,337.0,0.6182192368336488
bb_ipp_nonadaptive,gt,4046,337.08333333333337,0.6182576465342624
bb_ipp_nonadaptive,gt,4047,337.16666666666663,0.6182829519488627
bb_ipp_nonadaptive,gt,4048,337.25,0.6183863208698119
bb_ipp_nonadaptive,gt,4049,337.33333333333337,0.6185466849615221
bb_ipp_nonadaptive,gt,4050,337.41666666666663,0.6186977422140619
bb_ipp_nonadaptive,gt,4051,337.5,0.6188080130756501
bb_ipp_nonadaptive,gt,4052,337.58333333333337,0.6189025385300361
bb_ipp_nonadaptive,gt,4053,337.66666666666663,0.6190217856459617
bb_ipp_nonadaptive,gt,4054,337.75,0.6191652322346736
bb_ipp_nonadaptive,gt,4055,337.83333333333337,0.6192626441457071
bb_ipp_nonadaptive,gt,4056,337.91666666666663,0.6192510970054513
bb_ipp_nonadaptive,gt,4057,338.0,0.619338815185701
bb_ipp_nonadaptive,gt,4058,338.08333333333337,0.6195739155497465
bb_ipp_nonadaptive,gt,4059,338.16666666666663,0.6198442992963867
bb_ipp_nonadaptive,gt,4060,338.25,0.6200718512563401
bb_ipp_nonadaptive,gt,4061,338.33333333333337,0.6202720203756364
bb_ipp_nonadaptive,gt,4062,338.41666666666663,0.6204679819283713
bb_ipp_nonadaptive,gt,4063,338.5,0.6206687018463324
bb_ipp_nonadaptive,gt,4064,338.58333333333337,0.6208634864136116
bb_ipp_nonadaptive,gt,4065,338.66666666666663,0.6210062735288855
bb_ipp_nonadaptive,gt,4066,338.75,0.6211158613639587
bb_ipp_nonadaptive,gt,4067,338.83333333333337,0.6212884469580148
bb_ipp_nonadaptive,gt,4068,338.91666666666663,0.6215165175857816
bb_ipp_nonadaptive,gt,4069,339.0,0.6217390491189588
bb_ipp_nonadaptive,gt,4070,339.08333333333337,0.6219128166285394
bb_ipp_nonadaptive,gt,4071,339.16666666666663,0.6219994219791528
bb_ipp_nonadaptive,gt,4072,339.25,0.6220378738796565
bb_ipp_nonadaptive,gt,4073,339.33333333333337,0.622160001968667
bb_ipp_nonadaptive,gt,4074,339.41666666666663,0.6223510950411457
bb_ipp_nonadaptive,gt,4075,339.5,0.6225331412027068
bb_ipp_nonadaptive,gt,4076,339.58333333333337,0.6226647034451194
bb_ipp_nonadaptive,gt,4077,339.66666666666663,0.6227309071053742
bb_ipp_nonadaptive,gt,4078,339.75,0.6227655339461976
bb_ipp_nonadaptive,gt,4079,339.83333333333337,0.6228519254178134
bb_ipp_nonadaptive,gt,4080,339.91666666666663,0.6229796241883784
bb_ipp_nonadaptive,gt,4081,340.0,0.6230891041422931
bb_ipp_nonadaptive,gt,4082,340.08333333333337,0.623181789635707
bb_ipp_nonadaptive,gt,4083,340.16666666666663,0.623280643352771
bb_ipp_nonadaptive,gt,4084,340.25,0.6233810164150835
bb_ipp_nonadaptive,gt,4085,340.33333333333337,0.6234793014820311
bb_ipp_nonadaptive,gt,4086,340.41666666666663,0.6235499016035682
bb_ipp_nonadaptive,gt,4087,340.5,0.6235673808247331
bb_ipp_nonadaptive,gt,4088,340.58333333333337,0.6236080751175086
bb_ipp_nonadaptive,gt,4089,340.66666666666663,0.6237205602350017
bb_ipp_nonadaptive,gt,4090,340.75,0.6238570563474976
bb_ipp_nonadaptive,gt,4091,340.83333333333337,0.6239680203802787
bb_ipp_nonadaptive,gt,4092,340.91666666666663,0.6240208641368039
bb_ipp_nonadaptive,gt,4093,341.0,0.6240044029590538
bb_ipp_nonadaptive,gt,4094,341.08333333333337,0.6240168273634498
bb_ipp_nonadaptive,gt,4095,341.16666666666663,0.6241114103627323
bb_ipp_nonadaptive,gt,4096,341.25,0.6242320302772062
bb_ipp_nonadaptive,gt,4097,341.33333333333337,0.6243261402082702
bb_ipp_nonadaptive,gt,4098,341.41666666666663,0.6243695600410927
bb_ipp_nonadaptive,gt,4099,341.5,0.6243579719037654
bb_ipp_nonadaptive,gt,4100,341.58333333333337,0.6243618560101347
bb_ipp_nonadaptive,gt,4101,341.66666666666663,0.6244207044170398
bb_ipp_nonadaptive,gt,4102,341.75,0.6244802579188593
bb_ipp_nonadaptive,gt,4103,341.83333333333337,0.6245135091039165
bb_ipp_nonadaptive,gt,4104,341.91666666666663,0.6245472448603698
bb_ipp_nonadaptive,gt,4105,342.0,0.6245861119434207
bb_ipp_nonadaptive,gt,4106,342.08333333333337,0.624623400425465
bb_ipp_nonadaptive,gt,4107,342.16666666666663,0.6246412895445264
bb_ipp_nonadaptive,gt,4108,342.25,0.6245932368570292
bb_ipp_nonadaptive,gt,4109,342.33333333333337,0.6245075518708032
bb_ipp_nonadaptive,gt,4110,342.41666666666663,0.624511919222618
bb_ipp_nonadaptive,gt,4111,342.5,0.6245907115642166
bb_ipp_nonadaptive,gt,4112,342.58333333333337,0.6246667141492593
bb_ipp_nonadaptive,gt,4113,342.66666666666663,0.6246846985701382
bb_ipp_nonadaptive,gt,4114,342.75,0.6246031949030083
bb_ipp_nonadaptive,gt,4115,342.83333333333337,0.6244663677391623
bb_ipp_nonadaptive,gt,4116,342.91666666666663,0.6244385535100206
bb_ipp_nonadaptive,gt,4117,343.0,0.6244897953065462
bb_ipp_nonadaptive,gt,4118,343.08333333333337,0.6245346266476393
bb_ipp_nonadaptive,gt,4119,343.16666666666663,0.6245320758351967
bb_ipp_nonadaptive,gt,4120,343.25,0.624481778665564
bb_ipp_nonadaptive,gt,4121,343.33333333333337,0.6244089240998506
bb_ipp_nonadaptive,gt,4122,343.41666666666663,0.6243584071787451
bb_ipp_nonadaptive,gt,4123,343.5,0.6243188248360164
bb_ipp_nonadaptive,gt,4124,343.58333333333337,0.624244206075569
bb_ipp_nonadaptive,gt,4125,343.66666666666663,0.6241571555271193
bb_ipp_nonadaptive,gt,4126,343.75,0.6241081063346898
bb_ipp_nonadaptive,gt,4127,343.83333333333337,0.6240859980582825
bb_ipp_nonadaptive,gt,4128,343.91666666666663,0.6240470842705715
bb_ipp_nonadaptive,gt,4129,344.0,0.6239471171215365
bb_ipp_nonadaptive,gt,4130,344.08333333333337,0.6237440082792078
bb_ipp_nonadaptive,gt,4131,344.16666666666663,0.6235724227290563
bb_ipp_nonadaptive,gt,4132,344.25,0.6235086464963214
bb_ipp_nonadaptive,gt,4133,344.33333333333337,0.6234780759421726
bb_ipp_nonadaptive,gt,4134,344.41666666666663,0.6234089865936796
bb_ipp_nonadaptive,gt,4135,344.5,0.6232868313976999
bb_ipp_nonadaptive,gt,4136,344.58333333333337,0.623138529685546
bb_ipp_nonadaptive,gt,4137,344.66666666666663,0.6229892513387817
bb_ipp_nonadaptive,gt,4138,344.75,0.6228326174768483
bb_ipp_nonadaptive,gt,4139,344.83333333333337,0.6226190877227663
bb_ipp_nonadaptive,gt,4140,344.91666666666663,0.6223255856613404
bb_ipp_nonadaptive,gt,4141,345.0,0.6220990361571855
bb_ipp_nonadaptive,gt,4142,345.08333333333337,0.6219418508251124
bb_ipp_nonadaptive,gt,4143,345.16666666666663,0.6217809435950121
bb_ipp_nonadaptive,gt,4144,345.25,0.6215761191915046
bb_ipp_nonadaptive,gt,4145,345.33333333333337,0.621340977673597
bb_ipp_nonadaptive,gt,4146,345.41666666666663,0.6210929571436368
bb_ipp_nonadaptive,gt,4147,345.5,0.6208367251584505
bb_ipp_nonadaptive,gt,4148,345.58333333333337,0.6205556580466264
bb_ipp_nonadaptive,gt,4149,345.66666666666663,0.6202150932220626
bb_ipp_nonadaptive,gt,4150,345.75,0.619835101493983
bb_ipp_nonadaptive,gt,4151,345.83333333333337,0.6194864236113874
bb_ipp_nonadaptive,gt,4152,345.91666666666663,0.6191517377936646
bb_ipp_nonadaptive,gt,4153,346.0,0.618796790507511
bb_ipp_nonadaptive,gt,4154,346.08333333333337,0.6184044675779393
bb_ipp_nonadaptive,gt,4155,346.16666666666663,0.6179711905081251
bb_ipp_nonadaptive,gt,4156,346.25,0.6175280527831948
bb_ipp_nonadaptive,gt,4157,346.33333333333337,0.6170951286379365
bb_ipp_nonadaptive,gt,4158,346.41666666666663,0.6166008902959542
bb_ipp_nonadaptive,gt,4159,346.5,0.6160747568050859
bb_ipp_nonadaptive,gt,4160,346.58333333333337,0.6155363924843579
bb_ipp_nonadaptive,gt,4161,346.66666666666663,0.6149957736118148
bb_ipp_nonadaptive,gt,4162,346.75,0.6144583406973179
bb_ipp_nonadaptive,gt,4163,346.83333333333337,0.6139271297422028
bb_ipp_nonadaptive,gt,4164,346.91666666666663,0.6134037861096775
bb_ipp_nonadaptive,gt,4165,347.0,0.6128891043544034
bb_ipp_nonadaptive,gt,4166,347.08333333333337,0.6123833429695937
bb_ipp_nonadaptive,gt,4167,347.16666666666663,0.6118864210542486
bb_ipp_nonadaptive,gt,4168,347.25,0.611439189673746
bb_ipp_nonadaptive,gt,4169,347.33333333333337,0.6110395268874573
bb_ipp_nonadaptive,gt,4170,347.41666666666663,0.610660708446527
bb_ipp_nonadaptive,gt,4171,347.5,0.6103941824586756
bb_ipp_nonadaptive,gt,4172,347.58333333333337,0.6102211426551962
bb_ipp_nonadaptive,gt,4173,347.66666666666663,0.6100579200624027
bb_ipp_nonadaptive,gt,4174,347.75,0.6098536645685761
bb_ipp_nonadaptive,gt,4175,347.83333333333337,0.609660569012592
bb_ipp_nonadaptive,gt,4176,347.91666666666663,0.6095178299287017
bb_ipp_nonadaptive,gt,4177,348.0,0.6093915977978209
bb_ipp_nonadaptive,gt,4178,348.08333333333337,0.609246430032312
bb_ipp_nonadaptive,gt,4179,348.16666666666663,0.609088827884779
bb_ipp_nonadaptive,gt,4180,348.25,0.6089498714186111
bb_ipp_nonadaptive,gt,4181,348.33333333333337,0.6088321312774634
bb_ipp_nonadaptive,gt,4182,348.41666666666663,0.6087140027236441
bb_ipp_nonadaptive,gt,4183,348.5,0.6085618458574297
bb_ipp_nonadaptive,gt,4184,348.58333333333337,0.6083844444075623
bb_ipp_nonadaptive,gt,4185,348.66666666666663,0.6082516824681234
bb_ipp_nonadaptive,gt,4186,348.75,0.6081557130421692
bb_ipp_nonadaptive,gt,4187,348.83333333333337,0.6080407009298268
bb_ipp_nonadaptive,gt,4188,348.91666666666663,0.6079007642628927
bb_ipp_nonadaptive,gt,4189,349.0,0.6077771813771055
bb_ipp_nonadaptive,gt,4190,349.08333333333337,0.6076717047279898
bb_ipp_nonadaptive,gt,4191,349.16666666666663,0.6075636791030957
bb_ipp_nonadaptive,gt,4192,349.25,0.6074281473508301
bb_ipp_nonadaptive,gt,4193,349.33333333333337,0.6072410961890714
bb_ipp_nonadaptive,gt,4194,349.41666666666663,0.6070557164633771
bb_ipp_nonadaptive,gt,4195,349.5,0.6069390473567329
bb_ipp_nonadaptive,gt,4196,349.58333333333337,0.6068618425226137
bb_ipp_nonadaptive,gt,4197,349.66666666666663,0.6067782610592098
bb_ipp_nonadaptive,gt,4198,349.75,0.6066658247059016
bb_ipp_nonadaptive,gt,4199,349.83333333333337,0.6065175227796805
bb_ipp_nonadaptive,gt,4200,349.91666666666663,0.6063722923276963
bb_ipp_nonadaptive,gt,4201,350.0,0.6062721675169332
bb_ipp_nonadaptive,gt,4202,350.08333333333337,0.6061877155554298
bb_ipp_nonadaptive,gt,4203,350.16666666666663,0.6060859320499933
bb_ipp_nonadaptive,gt,4204,350.25,0.6059898632371109
bb_ipp_nonadaptive,gt,4205,350.33333333333337,0.6059167054847919
bb_ipp_nonadaptive,gt,4206,350.41666666666663,0.6058527608464767
bb_ipp_nonadaptive,gt,4207,350.5,0.6057708793958763
bb_ipp_nonadaptive,gt,4208,350.58333333333337,0.6056374815887825
bb_ipp_nonadaptive,gt,4209,350.66666666666663,0.605463661620884
bb_ipp_nonadaptive,gt,4210,350.75,0.6053375260522291
bb_ipp_nonadaptive,gt,4211,350.83333333333337,0.6052577358690184
bb_ipp_nonadaptive,gt,4212,350.91666666666663,0.605154759953356
bb_ipp_nonadaptive,gt,4213,351.0,0.605001212374137
bb_ipp_nonadaptive,gt,4214,351.08333333333337,0.6048887882680479
bb_ipp_nonadaptive,gt,4215,351.16666666666663,0.6048467556054913
bb_ipp_nonadaptive,gt,4216,351.25,0.6048145704288256
bb_ipp_nonadaptive,gt,4217,351.33333333333337,0.6047365663513292
bb_ipp_nonadaptive,gt,4218,351.41666666666663,0.6046533185600029
bb_ipp_nonadaptive,gt,4219,351.5,0.6046345215746617
bb_ipp_nonadaptive,gt,4220,351.58333333333337,0.6046504519367025
bb_ipp_nonadaptive,gt,4221,351.66666666666663,0.6046212995853313
bb_ipp_nonadaptive,gt,4222,351.75,0.6045410227565332
bb_ipp_nonadaptive,gt,4223,351.83333333333337,0.6045417733365754
bb_ipp_nonadaptive,gt,4224,351.91666666666663,0.6046207272535395
bb_ipp_nonadaptive,gt,4225,352.0,0.604678960806462
bb_ipp_nonadaptive,gt,4226,352.08333333333337,0.604665045105364
bb_ipp_nonadaptive,gt,4227,352.16666666666663,0.6046987343467208
bb_ipp_nonadaptive,gt,4228,352.25,0.6048218727001551
bb_ipp_nonadaptive,gt,4229,352.33333333333337,0.6049642325994565
bb_ipp_nonadaptive,gt,4230,352.41666666666663,0.6050657888838892
bb_ipp_nonadaptive,gt,4231,352.5,0.6051409399545272
bb_ipp_nonadaptive,gt,4232,352.58333333333337,0.6052371870878693
bb_ipp_nonadaptive,gt,4233,352.66666666666663,0.6053565230583716
bb_ipp_nonadaptive,gt,4234,352.75,0.605463311588683
bb_ipp_nonadaptive,gt,4235,352.83333333333337,0.6055351010691511
bb_ipp_nonadaptive,gt,4236,352.91666666666663,0.6056059014931763
bb_ipp_nonadaptive,gt,4237,353.0,0.6057251431343651
bb_ipp_nonadaptive,gt,4238,353.08333333333337,0.6058636565808405
bb_ipp_nonadaptive,gt,4239,353.16666666666663,0.6059301210510474
bb_ipp_nonadaptive,gt,4240,353.25,0.6059389029755072
bb_ipp_nonadaptive,gt,4241,353.33333333333337,0.606095289426346
bb_ipp_nonadaptive,gt,4242,353.41666666666663,0.6063447428739192
bb_ipp_nonadaptive,gt,4243,353.5,0.6065728317226448
bb_ipp_nonadaptive,gt,4244,353.58333333333337,0.6067371669142503
bb_ipp_nonadaptive,gt,4245,353.66666666666663,0.6068895018204176
bb_ipp_nonadaptive,gt,4246,353.75,0.6070697203380382
bb_ipp_nonadaptive,gt,4247,353.83333333333337,0.6072516834381047
bb_ipp_nonadaptive,gt,4248,353.91666666666663,0.6073904269063999
bb_ipp_nonadaptive,gt,4249,354.0,0.6074927970223184
bb_ipp_nonadaptive,gt,4250,354.08333333333337,0.6076062342636309
bb_ipp_nonadaptive,gt,4251,354.16666666666663,0.6077360719355756
bb_ipp_nonadaptive,gt,4252,354.25,0.6078384507792853
bb_ipp_nonadaptive,gt,4253,354.33333333333337,0.6078956301654135
bb_ipp_nonadaptive,gt,4254,354.41666666666663,0.6079499737858313
bb_ipp_nonadaptive,gt,4255,354.5,0.6080322470353472
bb_ipp_nonadaptive,gt,4256,354.58333333333337,0.6081009327808483
bb_ipp_nonadaptive,gt,4257,354.66666666666663,0.6081002180787684
bb_ipp_nonadaptive,gt,4258,354.75,0.6080861624289734
bb_ipp_nonadaptive,gt,4259,354.83333333333337,0.6081564208975551
bb_ipp_nonadaptive,gt,4260,354.91666666666663,0.6082658541376341
bb_ipp_nonadaptive,gt,4261,355.0,0.6083082966236083
bb_ipp_nonadaptive,gt,4262,355.08333333333337,0.6082940051053565
bb_ipp_nonadaptive,gt,4263,355.16666666666663,0.6083938149477386
bb_ipp_nonadaptive,gt,4264,355.25,0.6085714149761756
bb_ipp_nonadaptive,gt,4265,355.33333333333337,0.6087079445804965
bb_ipp_nonadaptive,gt,4266,355.41666666666663,0.60876356814034
bb_ipp_nonadaptive,gt,4267,355.5,0.6088785086670592
bb_ipp_nonadaptive,gt,4268,355.58333333333337,0.609082435659958
bb_ipp_nonadaptive,gt,4269,355.66666666666663,0.6092877031838819
bb_ipp_nonadaptive,gt,4270,355.75,0.6094377224501575
bb_ipp_nonadaptive,gt,4271,355.83333333333337,0.6095769835544571
bb_ipp_nonadaptive,gt,4272,355.91666666666663,0.6097569843001776
bb_ipp_nonadaptive,gt,4273,356.0,0.6099566923935852
bb_ipp_nonadaptive,gt,4274,356.08333333333337,0.610129191695974
bb_ipp_nonadaptive,gt,4275,356.16666666666663,0.6102613916128902
bb_ipp_nonadaptive,gt,4276,356.25,0.6103963612927581
bb_ipp_nonadaptive,gt,4277,356.33333333333337,0.6105735326613175
bb_ipp_nonadaptive,gt,4278,356.41666666666663,0.6107474730997241
bb_ipp_nonadaptive,gt,4279,356.5,0.6108204200893824
bb_ipp_nonadaptive,gt,4280,356.58333333333337,0.610866604124127
bb_ipp_nonadaptive,gt,4281,356.66666666666663,0.611067156584886
bb_ipp_nonadaptive,gt,4282,356.75,0.6113421929898232
bb_ipp_nonadaptive,gt,4283,356.83333333333337,0.6115807059022869
bb_ipp_nonadaptive,gt,4284,356.91666666666663,0.6117650222544707
bb_ipp_nonadaptive,gt,4285,357.0,0.6119409844493822
bb_ipp_nonadaptive,gt,4286,357.08333333333337,0.6121329386082187
bb_ipp_nonadaptive,gt,4287,357.16666666666663,0.6123212351000995
bb_ipp_nonadaptive,gt,4288,357.25,0.612452762420315
bb_ipp_nonadaptive,gt,4289,357.33333333333337,0.6125088238684084
bb_ipp_nonadaptive,gt,4290,357.41666666666663,0.6125969334530413
bb_ipp_nonadaptive,gt,4291,357.5,0.6127684330924129
bb_ipp_nonadaptive,gt,4292,357.58333333333337,0.6129327447976423
bb_ipp_nonadaptive,gt,4293,357.66666666666663,0.6130109427440178
bb_ipp_nonadaptive,gt,4294,357.75,0.6131004349289731
bb_ipp_nonadaptive,gt,4295,357.83333333333337,0.6132747503599114
bb_ipp_nonadaptive,gt,4296,357.91666666666663,0.6134734521812435
bb_ipp_nonadaptive,gt,4297,358.0,0.6136252227463992
bb_ipp_nonadaptive,gt,4298,358.08333333333337,0.6137210277926208
bb_ipp_nonadaptive,gt,4299,358.16666666666663,0.6138036490926704
bb_ipp_nonadaptive,gt,4300,358.25,0.6139027487698787
bb_ipp_nonadaptive,gt,4301,358.33333333333337,0.6139948486578348
bb_ipp_nonadaptive,gt,4302,358.41666666666663,0.6140165403219625
bb_ipp_nonadaptive,gt,4303,358.5,0.613982347574472
bb_ipp_nonadaptive,gt,4304,358.58333333333337,0.6140262074817192
bb_ipp_nonadaptive,gt,4305,358.66666666666663,0.6141299501791422
bb_ipp_nonadaptive,gt,4306,358.75,0.6141816080583573
bb_ipp_nonadaptive,gt,4307,358.83333333333337,0.6141369835342435
bb_ipp_nonadaptive,gt,4308,358.91666666666663,0.6141554837881348
bb_ipp_nonadaptive,gt,4309,359.0,0.6142591106520908
bb_ipp_nonadaptive,gt,4310,359.08333333333337,0.6143565839710475
bb_ipp_nonadaptive,gt,4311,359.16666666666663,0.6143920841197771
bb_ipp_nonadaptive,gt,4312,359.25,0.614409729693134
bb_ipp_nonadaptive,gt,4313,359.33333333333337,0.6144569290840182
bb_ipp_nonadaptive,gt,4314,359.41666666666663,0.6145167737201482
bb_ipp_nonadaptive,gt,4315,359.5,0.6145466452736217
bb_ipp_nonadaptive,gt,4316,359.58333333333337,0.6145170728822219
bb_ipp_nonadaptive,gt,4317,359.66666666666663,0.6144650220371082
bb_ipp_nonadaptive,gt,4318,359.75,0.6144702673823713
bb_ipp_nonadaptive,gt,4319,359.83333333333337,0.6145144777616778
bb_ipp_nonadaptive,gt,4320,359.91666666666663,0.614533797126686
bb_ipp_nonadaptive,gt,4321,360.0,0.6145374601731499
bb_ipp_nonadaptive,target_error,1,0.0,0.16514549551861527
bb_ipp_nonadaptive,target_error,2,0.08333333333337123,0.16519465911492717
bb_ipp_nonadaptive,target_error,3,0.16666666666662877,0.1652150162149039
bb_ipp_nonadaptive,target_error,4,0.25,0.16523115156038193
bb_ipp_nonadaptive,target_error,5,0.33333333333337123,0.16524106919806902
bb_ipp_nonadaptive,target_error,6,0.41666666666662877,0.1652504373039043
bb_ipp_nonadaptive,target_error,7,0.5,0.16526375168764068
bb_ipp_nonadaptive,target_error,8,0.5833333333333712,0.16527382436311136
bb_ipp_nonadaptive,target_error,9,0.6666666666666288,0.16528194773645657
bb_ipp_nonadaptive,target_error,10,0.75,0.16529370664555557
bb_ipp_nonadaptive,target_error,11,0.8333333333333712,0.16530665150122273
bb_ipp_nonadaptive,target_error,12,0.9166666666666288,0.16531547749635225
bb_ipp_nonadaptive,target_error,13,1.0,0.16533074126352673
bb_ipp_nonadaptive,target_error,14,1.0833333333333712,0.16534572222311014
bb_ipp_nonadaptive,target_error,15,1.1666666666666288,0.1653536673817283
bb_ipp_nonadaptive,target_error,16,1.25,0.16536571832771446
bb_ipp_nonadaptive,target_error,17,1.3333333333333712,0.16537853579819486
bb_ipp_nonadaptive,target_error,18,1.4166666666666288,0.165397168378903
bb_ipp_nonadaptive,target_error,19,1.5,0.16541248012364942
bb_ipp_nonadaptive,target_error,20,1.5833333333333712,0.16542131750743364
bb_ipp_nonadaptive,target_error,21,1.6666666666666288,0.16542950256125166
bb_ipp_nonadaptive,target_error,22,1.75,0.16544240467186236
bb_ipp_nonadaptive,target_error,23,1.8333333333333712,0.16545681540931778
bb_ipp_nonadaptive,target_error,24,1.9166666666666288,0.16547733336919798
bb_ipp_nonadaptive,target_error,25,2.0,0.1654915426594094
bb_ipp_nonadaptive,target_error,26,2.0833333333333712,0.1655025262730732
bb_ipp_nonadaptive,target_error,27,2.1666666666666288,0.1655143989262988
bb_ipp_nonadaptive,target_error,28,2.25,0.16552894210329824
bb_ipp_nonadaptive,target_error,29,2.3333333333333712,0.16554276041549887
bb_ipp_nonadaptive,target_error,30,2.4166666666666288,0.16555542727980227
bb_ipp_nonadaptive,target_error,31,2.5,0.16556520751037
bb_ipp_nonadaptive,target_error,32,2.5833333333333712,0.1655794147662366
bb_ipp_nonadaptive,target_error,33,2.6666666666666288,0.16559144606789605
bb_ipp_nonadaptive,target_error,34,2.75,0.16560269570765365
bb_ipp_nonadaptive,target_error,35,2.8333333333333712,0.16561468477344535
bb_ipp_nonadaptive,target_error,36,2.9166666666666288,0.1656294549205331
bb_ipp_nonadaptive,target_error,37,3.0,0.16563697113857262
bb_ipp_nonadaptive,target_error,38,3.0833333333333712,0.16563449289472174
bb_ipp_nonadaptive,target_error,39,3.1666666666666288,0.16565373837810343
bb_ipp_nonadaptive,target_error,40,3.25,0.1656609594238649
bb_ipp_nonadaptive,target_error,41,3.3333333333333712,0.16567605332178498
bb_ipp_nonadaptive,target_error,42,3.4166666666666288,0.1656957711947925
bb_ipp_nonadaptive,target_error,43,3.5,0.16570146833744936
bb_ipp_nonadaptive,target_error,44,3.5833333333333712,0.16572769637691057
bb_ipp_nonadaptive,target_error,45,3.6666666666666288,0.16572281073007727
bb_ipp_nonadaptive,target_error,46,3.75,0.16572224752778955
bb_ipp_nonadaptive,target_error,47,3.8333333333333712,0.16570760365116746
bb_ipp_nonadaptive,target_error,48,3.9166666666666288,0.16571750710742475
bb_ipp_nonadaptive,target_error,49,4.0,0.1656637367982721
bb_ipp_nonadaptive,target_error,50,4.083333333333371,0.16568244962944229
bb_ipp_nonadaptive,target_error,51,4.166666666666629,0.16567018302027028
bb_ipp_nonadaptive,target_error,52,4.25,0.1657009882453344
bb_ipp_nonadaptive,target_error,53,4.333333333333371,0.16567478088190535
bb_ipp_nonadaptive,target_error,54,4.416666666666629,0.1654368159405536
bb_ipp_nonadaptive,target_error,55,4.5,0.16513033817741665
bb_ipp_nonadaptive,target_error,56,4.583333333333371,0.1649472397127576
bb_ipp_nonadaptive,target_error,57,4.666666666666629,0.16408263624538497
bb_ipp_nonadaptive,target_error,58,4.75,0.16420791408336766
bb_ipp_nonadaptive,target_error,59,4.833333333333371,0.16341078002258616
bb_ipp_nonadaptive,target_error,60,4.916666666666629,0.1633571015079535
bb_ipp_nonadaptive,target_error,61,5.0,0.1629450160633395
bb_ipp_nonadaptive,target_error,62,5.083333333333371,0.1624652943959319
bb_ipp_nonadaptive,target_error,63,5.166666666666629,0.16213543284394313
bb_ipp_nonadaptive,target_error,64,5.25,0.15944492852672693
bb_ipp_nonadaptive,target_error,65,5.333333333333371,0.15861125648834332
bb_ipp_nonadaptive,target_error,66,5.416666666666629,0.15257881566499812
bb_ipp_nonadaptive,target_error,67,5.5,0.15053077637193807
bb_ipp_nonadaptive,target_error,68,5.583333333333371,0.1508435988558347
bb_ipp_nonadaptive,target_error,69,5.666666666666629,0.14849430663597363
bb_ipp_nonadaptive,target_error,70,5.75,0.14784232589872076
bb_ipp_nonadaptive,target_error,71,5.833333333333371,0.14776253204670664
bb_ipp_nonadaptive,target_error,72,5.916666666666629,0.1476227317881801
bb_ipp_nonadaptive,target_error,73,6.0,0.1475697989485653
bb_ipp_nonadaptive,target_error,74,6.083333333333371,0.14769752773583966
bb_ipp_nonadaptive,target_error,75,6.166666666666629,0.14941783124585142
bb_ipp_nonadaptive,target_error,76,6.25,0.1531975491432647
bb_ipp_nonadaptive,target_error,77,6.333333333333371,0.15748800554723402
bb_ipp_nonadaptive,target_error,78,6.416666666666629,0.16301346350029705
bb_ipp_nonadaptive,target_error,79,6.5,0.1645224665546468
bb_ipp_nonadaptive,target_error,80,6.583333333333371,0.16289567169214825
bb_ipp_nonadaptive,target_error,81,6.666666666666629,0.15990436832068008
bb_ipp_nonadaptive,target_error,82,6.75,0.15250882993157872
bb_ipp_nonadaptive,target_error,83,6.833333333333371,0.15144593379323076
bb_ipp_nonadaptive,target_error,84,6.916666666666629,0.14911807913590816
bb_ipp_nonadaptive,target_error,85,7.0,0.1501638556766598
bb_ipp_nonadaptive,target_error,86,7.083333333333371,0.15561347610187498
bb_ipp_nonadaptive,target_error,87,7.166666666666629,0.15330991895629736
bb_ipp_nonadaptive,target_error,88,7.25,0.15235002697883523
bb_ipp_nonadaptive,target_error,89,7.333333333333371,0.15657685017382367
bb_ipp_nonadaptive,target_error,90,7.416666666666629,0.1514823560734203
bb_ipp_nonadaptive,target_error,91,7.5,0.15079527413665444
bb_ipp_nonadaptive,target_error,92,7.583333333333371,0.15218656158075838
bb_ipp_nonadaptive,target_error,93,7.666666666666629,0.14882498111592343
bb_ipp_nonadaptive,target_error,94,7.75,0.14644413258916517
bb_ipp_nonadaptive,target_error,95,7.833333333333371,0.14494664063018695
bb_ipp_nonadaptive,target_error,96,7.916666666666629,0.14483938498535837
bb_ipp_nonadaptive,target_error,97,8.0,0.14483871080880215
bb_ipp_nonadaptive,target_error,98,8.083333333333371,0.14484903621124215
bb_ipp_nonadaptive,target_error,99,8.166666666666629,0.1447104856892931
bb_ipp_nonadaptive,target_error,100,8.25,0.1447458021043062
bb_ipp_nonadaptive,target_error,101,8.333333333333371,0.14482948206438653
bb_ipp_nonadaptive,target_error,102,8.416666666666629,0.14482742262576168
bb_ipp_nonadaptive,target_error,103,8.5,0.14487881991337107
bb_ipp_nonadaptive,target_error,104,8.583333333333371,0.14488096685556678
bb_ipp_nonadaptive,target_error,105,8.666666666666629,0.14508595834203009
bb_ipp_nonadaptive,target_error,106,8.75,0.145173001310717
bb_ipp_nonadaptive,target_error,107,8.833333333333371,0.14526396558385668
bb_ipp_nonadaptive,target_error,108,8.916666666666629,0.1453770470758033
bb_ipp_nonadaptive,target_error,109,9.0,0.14559360619545156
bb_ipp_nonadaptive,target_error,110,9.083333333333371,0.14553998731890758
bb_ipp_nonadaptive,target_error,111,9.166666666666629,0.1457209806307079
bb_ipp_nonadaptive,target_error,112,9.25,0.14600431033982625
bb_ipp_nonadaptive,target_error,113,9.333333333333371,0.14629920057641593
bb_ipp_nonadaptive,target_error,114,9.416666666666629,0.14645526388069005
bb_ipp_nonadaptive,target_error,115,9.5,0.14642598360254458
bb_ipp_nonadaptive,target_error,116,9.583333333333371,0.1466176767056141
bb_ipp_nonadaptive,target_error,117,9.666666666666629,0.14672762697709685
bb_ipp_nonadaptive,target_error,118,9.75,0.1468524418438524
bb_ipp_nonadaptive,target_error,119,9.833333333333371,0.14709277823234568
bb_ipp_nonadaptive,target_error,120,9.916666666666629,0.14731334897203555
bb_ipp_nonadaptive,target_error,121,10.0,0.14730614390069519
bb_ipp_nonadaptive,target_error,122,10.083333333333371,0.14731187050264416
bb_ipp_nonadaptive,target_error,123,10.166666666666629,0.1473073376503588
bb_ipp_nonadaptive,target_error,124,10.25,0.14745680250453153
bb_ipp_nonadaptive,target_error,125,10.333333333333371,0.147401419884569
bb_ipp_nonadaptive,target_error,126,10.416666666666629,0.1477536514547843
bb_ipp_nonadaptive,target_error,127,10.5,0.14797309628265248
bb_ipp_nonadaptive,target_error,128,10.583333333333371,0.14802379556662654
bb_ipp_nonadaptive,target_error,129,10.666666666666629,0.14808496077606778
bb_ipp_nonadaptive,target_error,130,10.75,0.148321097375579
bb_ipp_nonadaptive,target_error,131,10.833333333333371,0.1485846841440876
bb_ipp_nonadaptive,target_error,132,10.916666666666629,0.14856862852466318
bb_ipp_nonadaptive,target_error,133,11.0,0.14878945526750584
bb_ipp_nonadaptive,target_error,134,11.083333333333371,0.1490841079660046
bb_ipp_nonadaptive,target_error,135,11.166666666666629,0.1491730926803636
bb_ipp_nonadaptive,target_error,136,11.25,0.1493552331020034
bb_ipp_nonadaptive,target_error,137,11.333333333333371,0.1496056581099206
bb_ipp_nonadaptive,target_error,138,11.416666666666629,0.1498826509506746
bb_ipp_nonadaptive,target_error,139,11.5,0.1499649617004237
bb_ipp_nonadaptive,target_error,140,11.583333333333371,0.15020100269546788
bb_ipp_nonadaptive,target_error,141,11.666666666666629,0.15017243924691026
bb_ipp_nonadaptive,target_error,142,11.75,0.1500488677564242
bb_ipp_nonadaptive,target_error,143,11.833333333333371,0.15011211721581202
bb_ipp_nonadaptive,target_error,144,11.916666666666629,0.15015467038877842
bb_ipp_nonadaptive,target_error,145,12.0,0.1500281474315103
bb_ipp_nonadaptive,target_error,146,12.083333333333371,0.15053312762917356
bb_ipp_nonadaptive,target_error,147,12.166666666666629,0.15044467128624017
bb_ipp_nonadaptive,target_error,148,12.25,0.15055871243015242
bb_ipp_nonadaptive,target_error,149,12.333333333333371,0.15051629060103128
bb_ipp_nonadaptive,target_error,150,12.416666666666629,0.15045253911229403
bb_ipp_nonadaptive,target_error,151,12.5,0.15031783476309032
bb_ipp_nonadaptive,target_error,152,12.583333333333371,0.15087066783458294
bb_ipp_nonadaptive,target_error,153,12.666666666666629,0.1515358737140286
bb_ipp_nonadaptive,target_error,154,12.75,0.15148917602214165
bb_ipp_nonadaptive,target_error,155,12.833333333333371,0.15117027263731767
bb_ipp_nonadaptive,target_error,156,12.916666666666629,0.15138076867938727
bb_ipp_nonadaptive,target_error,157,13.0,0.15138047308677813
bb_ipp_nonadaptive,target_error,158,13.083333333333371,0.15103346871905182
bb_ipp_nonadaptive,target_error,159,13.166666666666629,0.15116607337856383
bb_ipp_nonadaptive,target_error,160,13.25,0.1515498447515501
bb_ipp_nonadaptive,target_error,161,13.333333333333371,0.15125122115855955
bb_ipp_nonadaptive,target_error,162,13.416666666666629,0.151175210460223
bb_ipp_nonadaptive,target_error,163,13.5,0.1510172854064683
bb_ipp_nonadaptive,target_error,164,13.583333333333371,0.15077534173394486
bb_ipp_nonadaptive,target_error,165,13.666666666666629,0.15111680316899756
bb_ipp_nonadaptive,target_error,166,13.75,0.15080030210157017
bb_ipp_nonadaptive,target_error,167,13.833333333333371,0.15037859615126992
bb_ipp_nonadaptive,target_error,168,13.916666666666629,0.14994643741368632
bb_ipp_nonadaptive,target_error,169,14.0,0.14932388465434593
bb_ipp_nonadaptive,target_error,170,14.083333333333371,0.1488745196768409
bb_ipp_nonadaptive,target_error,171,14.166666666666629,0.14929030670188498
bb_ipp_nonadaptive,target_error,172,14.25,0.14840507461696245
bb_ipp_nonadaptive,target_error,173,14.333333333333371,0.1483152578763775
bb_ipp_nonadaptive,target_error,174,14.416666666666629,0.14750153129911164
bb_ipp_nonadaptive,target_error,175,14.5,0.1448907279609095
bb_ipp_nonadaptive,target_error,176,14.583333333333371,0.14305265562464184
bb_ipp_nonadaptive,target_error,177,14.666666666666629,0.1399087440756414
bb_ipp_nonadaptive,target_error,178,14.75,0.13546308728435852
bb_ipp_nonadaptive,target_error,179,14.833333333333371,0.1280455615114923
bb_ipp_nonadaptive,target_error,180,14.916666666666629,0.12674367554206212
bb_ipp_nonadaptive,target_error,181,15.0,0.12257563570799596
bb_ipp_nonadaptive,target_error,182,15.083333333333371,0.11982209338074327
bb_ipp_nonadaptive,target_error,183,15.166666666666629,0.11637357149874093
bb_ipp_nonadaptive,target_error,184,15.25,0.11585185821098906
bb_ipp_nonadaptive,target_error,185,15.333333333333371,0.11519376520256988
bb_ipp_nonadaptive,target_error,186,15.416666666666629,0.11512940005184766
bb_ipp_nonadaptive,target_error,187,15.5,0.1173857947453219
bb_ipp_nonadaptive,target_error,188,15.583333333333371,0.12518869367384486
bb_ipp_nonadaptive,target_error,189,15.666666666666629,0.12351347118418682
bb_ipp_nonadaptive,target_error,190,15.75,0.1254850664731412
bb_ipp_nonadaptive,target_error,191,15.833333333333371,0.14298709640636978
bb_ipp_nonadaptive,target_error,192,15.916666666666629,0.13656400555073053
bb_ipp_nonadaptive,target_error,193,16.0,0.14351372545902805
bb_ipp_nonadaptive,target_error,194,16.08333333333337,0.13820080398092077
bb_ipp_nonadaptive,target_error,195,16.16666666666663,0.14067000968971233
bb_ipp_nonadaptive,target_error,196,16.25,0.14098744224354812
bb_ipp_nonadaptive,target_error,197,16.33333333333337,0.14385988070740383
bb_ipp_nonadaptive,target_error,198,16.41666666666663,0.1412770914661144
bb_ipp_nonadaptive,target_error,199,16.5,0.14407192197110313
bb_ipp_nonadaptive,target_error,200,16.58333333333337,0.1332769441067271
bb_ipp_nonadaptive,target_error,201,16.66666666666663,0.12752140960461975
bb_ipp_nonadaptive,target_error,202,16.75,0.12626868079753445
bb_ipp_nonadaptive,target_error,203,16.83333333333337,0.11895145035977096
bb_ipp_nonadaptive,target_error,204,16.91666666666663,0.11458180684049195
bb_ipp_nonadaptive,target_error,205,17.0,0.11376196366782279
bb_ipp_nonadaptive,target_error,206,17.08333333333337,0.1127730486534026
bb_ipp_nonadaptive,target_error,207,17.16666666666663,0.11127361607319067
bb_ipp_nonadaptive,target_error,208,17.25,0.11138088014514075
bb_ipp_nonadaptive,target_error,209,17.33333333333337,0.11121343400474366
bb_ipp_nonadaptive,target_error,210,17.41666666666663,0.11102925642275586
bb_ipp_nonadaptive,target_error,211,17.5,0.11107140726057564
bb_ipp_nonadaptive,target_error,212,17.58333333333337,0.11116203988400498
bb_ipp_nonadaptive,target_error,213,17.66666666666663,0.11144819055103009
bb_ipp_nonadaptive,target_error,214,17.75,0.1117085604411748
bb_ipp_nonadaptive,target_error,215,17.83333333333337,0.11213061035438288
bb_ipp_nonadaptive,target_error,216,17.91666666666663,0.11244398443881945
bb_ipp_nonadaptive,target_error,217,18.0,0.11259814976276511
bb_ipp_nonadaptive,target_error,218,18.08333333333337,0.11322866660663085
bb_ipp_nonadaptive,target_error,219,18.16666666666663,0.11379601328742685
bb_ipp_nonadaptive,target_error,220,18.25,0.11416763279760836
bb_ipp_nonadaptive,target_error,221,18.33333333333337,0.11459807531554086
bb_ipp_nonadaptive,target_error,222,18.41666666666663,0.1152265585524789
bb_ipp_nonadaptive,target_error,223,18.5,0.11540458801110423
bb_ipp_nonadaptive,target_error,224,18.58333333333337,0.11531542487591255
bb_ipp_nonadaptive,target_error,225,18.66666666666663,0.11545360370982236
bb_ipp_nonadaptive,target_error,226,18.75,0.11695058961869799
bb_ipp_nonadaptive,target_error,227,18.83333333333337,0.11732035434771429
bb_ipp_nonadaptive,target_error,228,18.91666666666663,0.117468747832565
bb_ipp_nonadaptive,target_error,229,19.0,0.11738650742917436
bb_ipp_nonadaptive,target_error,230,19.08333333333337,0.11866330799819241
bb_ipp_nonadaptive,target_error,231,19.16666666666663,0.11929271739896313
bb_ipp_nonadaptive,target_error,232,19.25,0.11953049857932566
bb_ipp_nonadaptive,target_error,233,19.33333333333337,0.11920431753323961
bb_ipp_nonadaptive,target_error,234,19.41666666666663,0.12024666040522278
bb_ipp_nonadaptive,target_error,235,19.5,0.12034181979686508
bb_ipp_nonadaptive,target_error,236,19.58333333333337,0.12075294129955282
bb_ipp_nonadaptive,target_error,237,19.66666666666663,0.12138308996802732
bb_ipp_nonadaptive,target_error,238,19.75,0.12144833892819287
bb_ipp_nonadaptive,target_error,239,19.83333333333337,0.12175548100258325
bb_ipp_nonadaptive,target_error,240,19.91666666666663,0.12247404748864246
bb_ipp_nonadaptive,target_error,241,20.0,0.12245046011232961
bb_ipp_nonadaptive,target_error,242,20.08333333333337,0.1246112773030889
bb_ipp_nonadaptive,target_error,243,20.16666666666663,0.1239202855876024
bb_ipp_nonadaptive,target_error,244,20.25,0.1238849331122361
bb_ipp_nonadaptive,target_error,245,20.33333333333337,0.12371249175615079
bb_ipp_nonadaptive,target_error,246,20.41666666666663,0.12310339619597879
bb_ipp_nonadaptive,target_error,247,20.5,0.12589500127009923
bb_ipp_nonadaptive,target_error,248,20.58333333333337,0.1273472895499906
bb_ipp_nonadaptive,target_error,249,20.66666666666663,0.12773270601145556
bb_ipp_nonadaptive,target_error,250,20.75,0.12809523172144474
bb_ipp_nonadaptive,target_error,251,20.83333333333337,0.1287372182799301
bb_ipp_nonadaptive,target_error,252,20.91666666666663,0.12961441083350553
bb_ipp_nonadaptive,target_error,253,21.0,0.1300939043723351
bb_ipp_nonadaptive,target_error,254,21.08333333333337,0.12964681629052788
bb_ipp_nonadaptive,target_error,255,21.16666666666663,0.13117262029692067
bb_ipp_nonadaptive,target_error,256,21.25,0.131575416182373
bb_ipp_nonadaptive,target_error,257,21.33333333333337,0.133139739412324
bb_ipp_nonadaptive,target_error,258,21.41666666666663,0.13266137518361987
bb_ipp_nonadaptive,target_error,259,21.5,0.13337258757433862
bb_ipp_nonadaptive,target_error,260,21.58333333333337,0.13445806327653861
bb_ipp_nonadaptive,target_error,261,21.66666666666663,0.13405149828986504
bb_ipp_nonadaptive,target_error,262,21.75,0.134448770391424
bb_ipp_nonadaptive,target_error,263,21.83333333333337,0.13622120847724553
bb_ipp_nonadaptive,target_error,264,21.91666666666663,0.13474500238776166
bb_ipp_nonadaptive,target_error,265,22.0,0.13585353470671752
bb_ipp_nonadaptive,target_error,266,22.08333333333337,0.13597877476392026
bb_ipp_nonadaptive,target_error,267,22.16666666666663,0.13801968268106982
bb_ipp_nonadaptive,target_error,268,22.25,0.13745934030091767
bb_ipp_nonadaptive,target_error,269,22.33333333333337,0.13791645497083893
bb_ipp_nonadaptive,target_error,270,22.41666666666663,0.1374988440927444
bb_ipp_nonadaptive,target_error,271,22.5,0.13811311883848684
bb_ipp_nonadaptive,target_error,272,22.58333333333337,0.13796438337328742
bb_ipp_nonadaptive,target_error,273,22.66666666666663,0.13825087066857109
bb_ipp_nonadaptive,target_error,274,22.75,0.13908782865880728
bb_ipp_nonadaptive,target_error,275,22.83333333333337,0.14032514707271715
bb_ipp_nonadaptive,target_error,276,22.91666666666663,0.1400341040695925
bb_ipp_nonadaptive,target_error,277,23.0,0.14004845198373564
bb_ipp_nonadaptive,target_error,278,23.08333333333337,0.13960754226447405
bb_ipp_nonadaptive,target_error,279,23.16666666666663,0.14091376482752305
bb_ipp_nonadaptive,target_error,280,23.25,0.14164173629092333
bb_ipp_nonadaptive,target_error,281,23.33333333333337,0.1417337443804868
bb_ipp_nonadaptive,target_error,282,23.41666666666663,0.14262798632339033
bb_ipp_nonadaptive,target_error,283,23.5,0.1435774876000438
bb_ipp_nonadaptive,target_error,284,23.58333333333337,0.1429040561821011
bb_ipp_nonadaptive,target_error,285,23.66666666666663,0.14310576274243703
bb_ipp_nonadaptive,target_error,286,23.75,0.14334352201385894
bb_ipp_nonadaptive,target_error,287,23.83333333333337,0.14328492273001356
bb_ipp_nonadaptive,target_error,288,23.91666666666663,0.14345707217474762
bb_ipp_nonadaptive,target_error,289,24.0,0.14408178547999942
bb_ipp_nonadaptive,target_error,290,24.08333333333337,0.14403033400677157
bb_ipp_nonadaptive,target_error,291,24.16666666666663,0.1445211630602243
bb_ipp_nonadaptive,target_error,292,24.25,0.144244224947984
bb_ipp_nonadaptive,target_error,293,24.33333333333337,0.14404623930283217
bb_ipp_nonadaptive,target_error,294,24.41666666666663,0.14434709325076783
bb_ipp_nonadaptive,target_error,295,24.5,0.1443671812850357
bb_ipp_nonadaptive,target_error,296,24.58333333333337,0.1447577814811922
bb_ipp_nonadaptive,target_error,297,24.66666666666663,0.14502953645861758
bb_ipp_nonadaptive,target_error,298,24.75,0.145006880651186
bb_ipp_nonadaptive,target_error,299,24.83333333333337,0.14474299035709023
bb_ipp_nonadaptive,target_error,300,24.91666666666663,0.14511976447716068
bb_ipp_nonadaptive,target_error,301,25.0,0.14564149008871455
bb_ipp_nonadaptive,target_error,302,25.08333333333337,0.1456467886041681
bb_ipp_nonadaptive,target_error,303,25.16666666666663,0.14602169028499243
bb_ipp_nonadaptive,target_error,304,25.25,0.14549230123593382
bb_ipp_nonadaptive,target_error,305,25.33333333333337,0.14582564477256896
bb_ipp_nonadaptive,target_error,306,25.41666666666663,0.14602939066079565
bb_ipp_nonadaptive,target_error,307,25.5,0.14585501556254576
bb_ipp_nonadaptive,target_error,308,25.58333333333337,0.14610435922777212
bb_ipp_nonadaptive,target_error,309,25.66666666666663,0.14674160411331064
bb_ipp_nonadaptive,target_error,310,25.75,0.14710699308782205
bb_ipp_nonadaptive,target_error,311,25.83333333333337,0.1475189198235246
bb_ipp_nonadaptive,target_error,312,25.91666666666663,0.14735468366345245
bb_ipp_nonadaptive,target_error,313,26.0,0.14682176098326039
bb_ipp_nonadaptive,target_error,314,26.08333333333337,0.14686457530684294
bb_ipp_nonadaptive,target_error,315,26.16666666666663,0.14746716245494498
bb_ipp_nonadaptive,target_error,316,26.25,0.14745546696851933
bb_ipp_nonadaptive,target_error,317,26.33333333333337,0.14766400631065937
bb_ipp_nonadaptive,target_error,318,26.41666666666663,0.14824420511980899
bb_ipp_nonadaptive,target_error,319,26.5,0.14801589619008593
bb_ipp_nonadaptive,target_error,320,26.58333333333337,0.14802418180177504
bb_ipp_nonadaptive,target_error,321,26.66666666666663,0.1483248061637107
bb_ipp_nonadaptive,target_error,322,26.75,0.1483650110101772
bb_ipp_nonadaptive,target_error,323,26.83333333333337,0.14860669571996413
bb_ipp_nonadaptive,target_error,324,26.91666666666663,0.14903596275373954
bb_ipp_nonadaptive,target_error,325,27.0,0.1492955415191315
bb_ipp_nonadaptive,target_error,326,27.08333333333337,0.1497404924537362
bb_ipp_nonadaptive,target_error,327,27.16666666666663,0.1500149783443487
bb_ipp_nonadaptive,target_error,328,27.25,0.14973337857065364
bb_ipp_nonadaptive,target_error,329,27.33333333333337,0.15000709395938688
bb_ipp_nonadaptive,target_error,330,27.41666666666663,0.1503021644515168
bb_ipp_nonadaptive,target_error,331,27.5,0.15061519098364634
bb_ipp_nonadaptive,target_error,332,27.58333333333337,0.1504288637104971
bb_ipp_nonadaptive,target_error,333,27.66666666666663,0.1505764784276139
bb_ipp_nonadaptive,target_error,334,27.75,0.1508533439368629
bb_ipp_nonadaptive,target_error,335,27.83333333333337,0.1514258445006119
bb_ipp_nonadaptive,target_error,336,27.91666666666663,0.15151754281320884
bb_ipp_nonadaptive,target_error,337,28.0,0.1518959911497322
bb_ipp_nonadaptive,target_error,338,28.08333333333337,0.15241384823505705
bb_ipp_nonadaptive,target_error,339,28.16666666666663,0.15245464338413653
bb_ipp_nonadaptive,target_error,340,28.25,0.1528409318884063
bb_ipp_nonadaptive,target_error,341,28.33333333333337,0.15328385541890283
bb_ipp_nonadaptive,target_error,342,28.41666666666663,0.15328516616219667
bb_ipp_nonadaptive,target_error,343,28.5,0.15363923592476222
bb_ipp_nonadaptive,target_error,344,28.58333333333337,0.1538480754504418
bb_ipp_nonadaptive,target_error,345,28.66666666666663,0.15395931776831906
bb_ipp_nonadaptive,target_error,346,28.75,0.15396371941381212
bb_ipp_nonadaptive,target_error,347,28.83333333333337,0.15426619794549526
bb_ipp_nonadaptive,target_error,348,28.91666666666663,0.15431334287712775
bb_ipp_nonadaptive,target_error,349,29.0,0.15429148117654004
bb_ipp_nonadaptive,target_error,350,29.08333333333337,0.15457413598437034
bb_ipp_nonadaptive,target_error,351,29.16666666666663,0.1549865795355196
bb_ipp_nonadaptive,target_error,352,29.25,0.15476050643321074
bb_ipp_nonadaptive,target_error,353,29.33333333333337,0.15497834438040742
bb_ipp_nonadaptive,target_error,354,29.41666666666663,0.15548496969176942
bb_ipp_nonadaptive,target_error,355,29.5,0.15564683880275457
bb_ipp_nonadaptive,target_error,356,29.58333333333337,0.15572547364827358
bb_ipp_nonadaptive,target_error,357,29.66666666666663,0.15616346678058535
bb_ipp_nonadaptive,target_error,358,29.75,0.15624059743421487
bb_ipp_nonadaptive,target_error,359,29.83333333333337,0.15624790264828847
bb_ipp_nonadaptive,target_error,360,29.91666666666663,0.15647825558727174
bb_ipp_nonadaptive,target_error,361,30.0,0.15690132686449482
bb_ipp_nonadaptive,target_error,362,30.08333333333337,0.156829880921071
bb_ipp_nonadaptive,target_error,363,30.16666666666663,0.15669378752275942
bb_ipp_nonadaptive,target_error,364,30.25,0.15701045600549252
bb_ipp_nonadaptive,target_error,365,30.33333333333337,0.15709030299379662
bb_ipp_nonadaptive,target_error,366,30.41666666666663,0.15736443001883196
bb_ipp_nonadaptive,target_error,367,30.5,0.15717728606698078
bb_ipp_nonadaptive,target_error,368,30.58333333333337,0.15759329505273886
bb_ipp_nonadaptive,target_error,369,30.66666666666663,0.15782257287207954
bb_ipp_nonadaptive,target_error,370,30.75,0.15757337380478387
bb_ipp_nonadaptive,target_error,371,30.83333333333337,0.15817790779551974
bb_ipp_nonadaptive,target_error,372,30.91666666666663,0.15856327195035563
bb_ipp_nonadaptive,target_error,373,31.0,0.15897532432394587
bb_ipp_nonadaptive,target_error,374,31.08333333333337,0.1595697273738508
bb_ipp_nonadaptive,target_error,375,31.16666666666663,0.15967556911147415
bb_ipp_nonadaptive,target_error,376,31.25,0.15928506184193145
bb_ipp_nonadaptive,target_error,377,31.33333333333337,0.15880684332882258
bb_ipp_nonadaptive,target_error,378,31.41666666666663,0.1589074594844876
bb_ipp_nonadaptive,target_error,379,31.5,0.15946467228055938
bb_ipp_nonadaptive,target_error,380,31.58333333333337,0.15942555222992785
bb_ipp_nonadaptive,target_error,381,31.66666666666663,0.16020478750000533
bb_ipp_nonadaptive,target_error,382,31.75,0.1599138406108194
bb_ipp_nonadaptive,target_error,383,31.83333333333337,0.16012503807163275
bb_ipp_nonadaptive,target_error,384,31.91666666666663,0.16059547288715717
bb_ipp_nonadaptive,target_error,385,32.0,0.1605367306455461
bb_ipp_nonadaptive,target_error,386,32.08333333333337,0.1605093158351749
bb_ipp_nonadaptive,target_error,387,32.16666666666663,0.16078561280505627
bb_ipp_nonadaptive,target_error,388,32.25,0.16139601788898572
bb_ipp_nonadaptive,target_error,389,32.33333333333337,0.1616461364776394
bb_ipp_nonadaptive,target_error,390,32.41666666666663,0.16161929637849667
bb_ipp_nonadaptive,target_error,391,32.5,0.16099302649808594
bb_ipp_nonadaptive,target_error,392,32.58333333333337,0.16131499779550162
bb_ipp_nonadaptive,target_error,393,32.66666666666663,0.1613885593245164
bb_ipp_nonadaptive,target_error,394,32.75,0.16148565505759585
bb_ipp_nonadaptive,target_error,395,32.83333333333337,0.1622374500217144
bb_ipp_nonadaptive,target_error,396,32.91666666666663,0.16255424553537506
bb_ipp_nonadaptive,target_error,397,33.0,0.16245149058642533
bb_ipp_nonadaptive,target_error,398,33.08333333333337,0.1627349389545286
bb_ipp_nonadaptive,target_error,399,33.16666666666663,0.16274078939980063
bb_ipp_nonadaptive,target_error,400,33.25,0.16335015211231563
bb_ipp_nonadaptive,target_error,401,33.33333333333337,0.16315284131987826
bb_ipp_nonadaptive,target_error,402,33.41666666666663,0.16370309090569968
bb_ipp_nonadaptive,target_error,403,33.5,0.164003607769148
bb_ipp_nonadaptive,target_error,404,33.58333333333337,0.16438823050935789
bb_ipp_nonadaptive,target_error,405,33.66666666666663,0.16437633633244664
bb_ipp_nonadaptive,target_error,406,33.75,0.16478063567410614
bb_ipp_nonadaptive,target_error,407,33.83333333333337,0.16494429851669676
bb_ipp_nonadaptive,target_error,408,33.91666666666663,0.16486908531920721
bb_ipp_nonadaptive,target_error,409,34.0,0.16497701059971448
bb_ipp_nonadaptive,target_error,410,34.08333333333337,0.16534384965094528
bb_ipp_nonadaptive,target_error,411,34.16666666666663,0.16547826210447872
bb_ipp_nonadaptive,target_error,412,34.25,0.16544204987518207
bb_ipp_nonadaptive,target_error,413,34.33333333333337,0.16601969636169345
bb_ipp_nonadaptive,target_error,414,34.41666666666663,0.1659091715109257
bb_ipp_nonadaptive,target_error,415,34.5,0.1662466190476885
bb_ipp_nonadaptive,target_error,416,34.58333333333337,0.16634368362630006
bb_ipp_nonadaptive,target_error,417,34.66666666666663,0.16629808647435335
bb_ipp_nonadaptive,target_error,418,34.75,0.16661543003581458
bb_ipp_nonadaptive,target_error,419,34.83333333333337,0.16688266628483325
bb_ipp_nonadaptive,target_error,420,34.91666666666663,0.16697076154761656
bb_ipp_nonadaptive,target_error,421,35.0,0.16674709645738406
bb_ipp_nonadaptive,target_error,422,35.08333333333337,0.166877814689017
bb_ipp_nonadaptive,target_error,423,35.16666666666663,0.16701645058592815
bb_ipp_nonadaptive,target_error,424,35.25,0.16736128091393837
bb_ipp_nonadaptive,target_error,425,35.33333333333337,0.16715474696584726
bb_ipp_nonadaptive,target_error,426,35.41666666666663,0.16718538042210762
bb_ipp_nonadaptive,target_error,427,35.5,0.16754013905152088
bb_ipp_nonadaptive,target_error,428,35.58333333333337,0.16820511828789667
bb_ipp_nonadaptive,target_error,429,35.66666666666663,0.16850348328921252
bb_ipp_nonadaptive,target_error,430,35.75,0.1690059465225634
bb_ipp_nonadaptive,target_error,431,35.83333333333337,0.1687660167454526
bb_ipp_nonadaptive,target_error,432,35.91666666666663,0.16878438460893871
bb_ipp_nonadaptive,target_error,433,36.0,0.1692389384034871
bb_ipp_nonadaptive,target_error,434,36.08333333333337,0.16882778885979122
bb_ipp_nonadaptive,target_error,435,36.16666666666663,0.1692772461810595
bb_ipp_nonadaptive,target_error,436,36.25,0.16954498160696763
bb_ipp_nonadaptive,target_error,437,36.33333333333337,0.16977710336410692
bb_ipp_nonadaptive,target_error,438,36.41666666666663,0.16979616120655414
bb_ipp_nonadaptive,target_error,439,36.5,0.17016540538849417
bb_ipp_nonadaptive,target_error,440,36.58333333333337,0.1697778980645911
bb_ipp_nonadaptive,target_error,441,36.66666666666663,0.17023389260427957
bb_ipp_nonadaptive,target_error,442,36.75,0.17064141210691386
bb_ipp_nonadaptive,target_error,443,36.83333333333337,0.1710449855019726
bb_ipp_nonadaptive,target_error,444,36.91666666666663,0.17086193157959928
bb_ipp_nonadaptive,target_error,445,37.0,0.17125757224744528
bb_ipp_nonadaptive,target_error,446,37.08333333333337,0.17006383319013893
bb_ipp_nonadaptive,target_error,447,37.16666666666663,0.17012633027735555
bb_ipp_nonadaptive,target_error,448,37.25,0.17033677983727408
bb_ipp_nonadaptive,target_error,449,37.33333333333337,0.1709190654756731
bb_ipp_nonadaptive,target_error,450,37.41666666666663,0.17107748091552435
bb_ipp_nonadaptive,target_error,451,37.5,0.17141314504539415
bb_ipp_nonadaptive,target_error,452,37.58333333333337,0.17170497944225807
bb_ipp_nonadaptive,target_error,453,37.66666666666663,0.17139041583012177
bb_ipp_nonadaptive,target_error,454,37.75,0.1717461248109962
bb_ipp_nonadaptive,target_error,455,37.83333333333337,0.17170795843588005
bb_ipp_nonadaptive,target_error,456,37.91666666666663,0.17193489211597313
bb_ipp_nonadaptive,target_error,457,38.0,0.1721052491853151
bb_ipp_nonadaptive,target_error,458,38.08333333333337,0.17235033379001474
bb_ipp_nonadaptive,target_error,459,38.16666666666663,0.17226703634786836
bb_ipp_nonadaptive,target_error,460,38.25,0.1727991622776487
bb_ipp_nonadaptive,target_error,461,38.33333333333337,0.17271433147654386
bb_ipp_nonadaptive,target_error,462,38.41666666666663,0.17239467785926776
bb_ipp_nonadaptive,target_error,463,38.5,0.1721170130347441
bb_ipp_nonadaptive,target_error,464,38.58333333333337,0.1725639197850462
bb_ipp_nonadaptive,target_error,465,38.66666666666663,0.1724126223923123
bb_ipp_nonadaptive,target_error,466,38.75,0.17246316298204253
bb_ipp_nonadaptive,target_error,467,38.83333333333337,0.17301608401016744
bb_ipp_nonadaptive,target_error,468,38.91666666666663,0.17296247540363396
bb_ipp_nonadaptive,target_error,469,39.0,0.17389100371935973
bb_ipp_nonadaptive,target_error,470,39.08333333333337,0.17297018120071755
bb_ipp_nonadaptive,target_error,471,39.16666666666663,0.17193044309273178
bb_ipp_nonadaptive,target_error,472,39.25,0.17112587065556256
bb_ipp_nonadaptive,target_error,473,39.33333333333337,0.1702455428607145
bb_ipp_nonadaptive,target_error,474,39.41666666666663,0.171485263087361
bb_ipp_nonadaptive,target_error,475,39.5,0.17092827399409627
bb_ipp_nonadaptive,target_error,476,39.58333333333337,0.17175151436465594
bb_ipp_nonadaptive,target_error,477,39.66666666666663,0.1709614382732968
bb_ipp_nonadaptive,target_error,478,39.75,0.17071602526689258
bb_ipp_nonadaptive,target_error,479,39.83333333333337,0.17036131871373522
bb_ipp_nonadaptive,target_error,480,39.91666666666663,0.16992647927176174
bb_ipp_nonadaptive,target_error,481,40.0,0.16943856130375684
bb_ipp_nonadaptive,target_error,482,40.08333333333337,0.1704336069131332
bb_ipp_nonadaptive,target_error,483,40.16666666666663,0.17159297982120672
bb_ipp_nonadaptive,target_error,484,40.25,0.17181867714395674
bb_ipp_nonadaptive,target_error,485,40.33333333333337,0.1715869366352107
bb_ipp_nonadaptive,target_error,486,40.41666666666663,0.16992871845300878
bb_ipp_nonadaptive,target_error,487,40.5,0.17038287609917016
bb_ipp_nonadaptive,target_error,488,40.58333333333337,0.17105709051826493
bb_ipp_nonadaptive,target_error,489,40.66666666666663,0.17138914052744586
bb_ipp_nonadaptive,target_error,490,40.75,0.1710792187220889
bb_ipp_nonadaptive,target_error,491,40.83333333333337,0.1712950299261689
bb_ipp_nonadaptive,target_error,492,40.91666666666663,0.17212449735520996
bb_ipp_nonadaptive,target_error,493,41.0,0.17071005620219915
bb_ipp_nonadaptive,target_error,494,41.08333333333337,0.17202094922816402
bb_ipp_nonadaptive,target_error,495,41.16666666666663,0.17224330280170722
bb_ipp_nonadaptive,target_error,496,41.25,0.1719871153023327
bb_ipp_nonadaptive,target_error,497,41.33333333333337,0.1723030072275519
bb_ipp_nonadaptive,target_error,498,41.41666666666663,0.1726837110660036
bb_ipp_nonadaptive,target_error,499,41.5,0.172435099832393
bb_ipp_nonadaptive,target_error,500,41.58333333333337,0.17245909073300145
bb_ipp_nonadaptive,target_error,501,41.66666666666663,0.17307104553632435
bb_ipp_nonadaptive,target_error,502,41.75,0.17240592191208573
bb_ipp_nonadaptive,target_error,503,41.83333333333337,0.17250774099626398
bb_ipp_nonadaptive,target_error,504,41.91666666666663,0.1732351053920392
bb_ipp_nonadaptive,target_error,505,42.0,0.17486778407249814
bb_ipp_nonadaptive,target_error,506,42.08333333333337,0.17450257566643124
bb_ipp_nonadaptive,target_error,507,42.16666666666663,0.17458383854604284
bb_ipp_nonadaptive,target_error,508,42.25,0.17441946434161756
bb_ipp_nonadaptive,target_error,509,42.33333333333337,0.1752019034579025
bb_ipp_nonadaptive,target_error,510,42.41666666666663,0.17550853948743217
bb_ipp_nonadaptive,target_error,511,42.5,0.17523212195978366
bb_ipp_nonadaptive,target_error,512,42.58333333333337,0.17566099701702476
bb_ipp_nonadaptive,target_error,513,42.66666666666663,0.1747406971857324
bb_ipp_nonadaptive,target_error,514,42.75,0.17548663730716202
bb_ipp_nonadaptive,target_error,515,42.83333333333337,0.17504510030472875
bb_ipp_nonadaptive,target_error,516,42.91666666666663,0.17544219346927986
bb_ipp_nonadaptive,target_error,517,43.0,0.17530520942067776
bb_ipp_nonadaptive,target_error,518,43.08333333333337,0.17512486393010648
bb_ipp_nonadaptive,target_error,519,43.16666666666663,0.17541702817840996
bb_ipp_nonadaptive,target_error,520,43.25,0.17505865010421845
bb_ipp_nonadaptive,target_error,521,43.33333333333337,0.17557040250965278
bb_ipp_nonadaptive,target_error,522,43.41666666666663,0.17581261053666425
bb_ipp_nonadaptive,target_error,523,43.5,0.17601183346999227
bb_ipp_nonadaptive,target_error,524,43.58333333333337,0.17473408311212923
bb_ipp_nonadaptive,target_error,525,43.66666666666663,0.17448607613228811
bb_ipp_nonadaptive,target_error,526,43.75,0.17450128858958347
bb_ipp_nonadaptive,target_error,527,43.83333333333337,0.17440902999969532
bb_ipp_nonadaptive,target_error,528,43.91666666666663,0.17289668083416793
bb_ipp_nonadaptive,target_error,529,44.0,0.17185339246882786
bb_ipp_nonadaptive,target_error,530,44.08333333333337,0.17283347762382514
bb_ipp_nonadaptive,target_error,531,44.16666666666663,0.17226267623200164
bb_ipp_nonadaptive,target_error,532,44.25,0.16792423614126914
bb_ipp_nonadaptive,target_error,533,44.33333333333337,0.16578314264477637
bb_ipp_nonadaptive,target_error,534,44.41666666666663,0.16333778744296332
bb_ipp_nonadaptive,target_error,535,44.5,0.1591196672441788
bb_ipp_nonadaptive,target_error,536,44.58333333333337,0.14725122391507842
bb_ipp_nonadaptive,target_error,537,44.66666666666663,0.14647271362857237
bb_ipp_nonadaptive,target_error,538,44.75,0.14288138640937362
bb_ipp_nonadaptive,target_error,539,44.83333333333337,0.1432887740061797
bb_ipp_nonadaptive,target_error,540,44.91666666666663,0.14216850510207044
bb_ipp_nonadaptive,target_error,541,45.0,0.14253399045284754
bb_ipp_nonadaptive,target_error,542,45.08333333333337,0.14205447215309058
bb_ipp_nonadaptive,target_error,543,45.16666666666663,0.14210934043994683
bb_ipp_nonadaptive,target_error,544,45.25,0.1421789494700559
bb_ipp_nonadaptive,target_error,545,45.33333333333337,0.14252192594784602
bb_ipp_nonadaptive,target_error,546,45.41666666666663,0.14271967505048871
bb_ipp_nonadaptive,target_error,547,45.5,0.1429937991143719
bb_ipp_nonadaptive,target_error,548,45.58333333333337,0.14300901479784311
bb_ipp_nonadaptive,target_error,549,45.66666666666663,0.1440263342618152
bb_ipp_nonadaptive,target_error,550,45.75,0.14386219410937864
bb_ipp_nonadaptive,target_error,551,45.83333333333337,0.14391220892419412
bb_ipp_nonadaptive,target_error,552,45.91666666666663,0.14327640157795557
bb_ipp_nonadaptive,target_error,553,46.0,0.14405978359801416
bb_ipp_nonadaptive,target_error,554,46.08333333333337,0.14306818166627583
bb_ipp_nonadaptive,target_error,555,46.16666666666663,0.14364644535021617
bb_ipp_nonadaptive,target_error,556,46.25,0.14416578284631915
bb_ipp_nonadaptive,target_error,557,46.33333333333337,0.1434914776256458
bb_ipp_nonadaptive,target_error,558,46.41666666666663,0.14302708109282367
bb_ipp_nonadaptive,target_error,559,46.5,0.14263313040238754
bb_ipp_nonadaptive,target_error,560,46.58333333333337,0.14279351160294154
bb_ipp_nonadaptive,target_error,561,46.66666666666663,0.14290467164447637
bb_ipp_nonadaptive,target_error,562,46.75,0.14349914244700265
bb_ipp_nonadaptive,target_error,563,46.83333333333337,0.1433066507178603
bb_ipp_nonadaptive,target_error,564,46.91666666666663,0.14310923641443268
bb_ipp_nonadaptive,target_error,565,47.0,0.14381419078947366
bb_ipp_nonadaptive,target_error,566,47.08333333333337,0.14322077617022755
bb_ipp_nonadaptive,target_error,567,47.16666666666663,0.14365759233772915
bb_ipp_nonadaptive,target_error,568,47.25,0.14379714897627122
bb_ipp_nonadaptive,target_error,569,47.33333333333337,0.1440941868701614
bb_ipp_nonadaptive,target_error,570,47.41666666666663,0.14438061540037836
bb_ipp_nonadaptive,target_error,571,47.5,0.14485337721599456
bb_ipp_nonadaptive,target_error,572,47.58333333333337,0.14530713924194838
bb_ipp_nonadaptive,target_error,573,47.66666666666663,0.14508740639311893
bb_ipp_nonadaptive,target_error,574,47.75,0.14634946402188023
bb_ipp_nonadaptive,target_error,575,47.83333333333337,0.14707792588654603
bb_ipp_nonadaptive,target_error,576,47.91666666666663,0.14722774087165552
bb_ipp_nonadaptive,target_error,577,48.0,0.14683492975470322
bb_ipp_nonadaptive,target_error,578,48.08333333333337,0.1474248448289237
bb_ipp_nonadaptive,target_error,579,48.16666666666663,0.14842891111650774
bb_ipp_nonadaptive,target_error,580,48.25,0.14874911093978377
bb_ipp_nonadaptive,target_error,581,48.33333333333337,0.14833484527449534
bb_ipp_nonadaptive,target_error,582,48.41666666666663,0.14777194485156311
bb_ipp_nonadaptive,target_error,583,48.5,0.14836212822406966
bb_ipp_nonadaptive,target_error,584,48.58333333333337,0.14847740671885276
bb_ipp_nonadaptive,target_error,585,48.66666666666663,0.14939196114772216
bb_ipp_nonadaptive,target_error,586,48.75,0.15026742393444434
bb_ipp_nonadaptive,target_error,587,48.83333333333337,0.1497296705895639
bb_ipp_nonadaptive,target_error,588,48.91666666666663,0.14973334900734037
bb_ipp_nonadaptive,target_error,589,49.0,0.1503075495300399
bb_ipp_nonadaptive,target_error,590,49.08333333333337,0.150744906180713
bb_ipp_nonadaptive,target_error,591,49.16666666666663,0.151076955753574
bb_ipp_nonadaptive,target_error,592,49.25,0.1518758969718782
bb_ipp_nonadaptive,target_error,593,49.33333333333337,0.15157845884542112
bb_ipp_nonadaptive,target_error,594,49.41666666666663,0.15174293369165368
bb_ipp_nonadaptive,target_error,595,49.5,0.1517145128939768
bb_ipp_nonadaptive,target_error,596,49.58333333333337,0.1527214661304907
bb_ipp_nonadaptive,target_error,597,49.66666666666663,0.1531238110929193
bb_ipp_nonadaptive,target_error,598,49.75,0.1534348222011924
bb_ipp_nonadaptive,target_error,599,49.83333333333337,0.15304086581966952
bb_ipp_nonadaptive,target_error,600,49.91666666666663,0.15330561973799423
bb_ipp_nonadaptive,target_error,601,50.0,0.153429066230953
bb_ipp_nonadaptive,target_error,602,50.08333333333337,0.15404212604839698
bb_ipp_nonadaptive,target_error,603,50.16666666666663,0.1540001028208886
bb_ipp_nonadaptive,target_error,604,50.25,0.1546662936103553
bb_ipp_nonadaptive,target_error,605,50.33333333333337,0.1552784905294444
bb_ipp_nonadaptive,target_error,606,50.41666666666663,0.15563055297476913
bb_ipp_nonadaptive,target_error,607,50.5,0.1563668471811294
bb_ipp_nonadaptive,target_error,608,50.58333333333337,0.15628782833785781
bb_ipp_nonadaptive,target_error,609,50.66666666666663,0.15602306849624772
bb_ipp_nonadaptive,target_error,610,50.75,0.1562620432186245
bb_ipp_nonadaptive,target_error,611,50.83333333333337,0.15629741036671774
bb_ipp_nonadaptive,target_error,612,50.91666666666663,0.15639599958420933
bb_ipp_nonadaptive,target_error,613,51.0,0.15679658966757806
bb_ipp_nonadaptive,target_error,614,51.08333333333337,0.15649440618828267
bb_ipp_nonadaptive,target_error,615,51.16666666666663,0.15730175862919352
bb_ipp_nonadaptive,target_error,616,51.25,0.15751760030977446
bb_ipp_nonadaptive,target_error,617,51.33333333333337,0.1575984654177005
bb_ipp_nonadaptive,target_error,618,51.41666666666663,0.15798743754071976
bb_ipp_nonadaptive,target_error,619,51.5,0.158390233986972
bb_ipp_nonadaptive,target_error,620,51.58333333333337,0.15847603986873213
bb_ipp_nonadaptive,target_error,621,51.66666666666663,0.1592598122697336
bb_ipp_nonadaptive,target_error,622,51.75,0.1591775075008922
bb_ipp_nonadaptive,target_error,623,51.83333333333337,0.15900919255647322
bb_ipp_nonadaptive,target_error,624,51.91666666666663,0.15900585629498828
bb_ipp_nonadaptive,target_error,625,52.0,0.1590319719984376
bb_ipp_nonadaptive,target_error,626,52.08333333333337,0.1597194339547062
bb_ipp_nonadaptive,target_error,627,52.16666666666663,0.1601016822263755
bb_ipp_nonadaptive,target_error,628,52.25,0.16041737057722935
bb_ipp_nonadaptive,target_error,629,52.33333333333337,0.1602166362913491
bb_ipp_nonadaptive,target_error,630,52.41666666666663,0.15970390674519272
bb_ipp_nonadaptive,target_error,631,52.5,0.15971380461299745
bb_ipp_nonadaptive,target_error,632,52.58333333333337,0.16023040520862414
bb_ipp_nonadaptive,target_error,633,52.66666666666663,0.16043063408083902
bb_ipp_nonadaptive,target_error,634,52.75,0.16119467049473954
bb_ipp_nonadaptive,target_error,635,52.83333333333337,0.1614084601022452
bb_ipp_nonadaptive,target_error,636,52.91666666666663,0.16160625902171746
bb_ipp_nonadaptive,target_error,637,53.0,0.16184535310130527
bb_ipp_nonadaptive,target_error,638,53.08333333333337,0.1617156092411991
bb_ipp_nonadaptive,target_error,639,53.16666666666663,0.1617861052525047
bb_ipp_nonadaptive,target_error,640,53.25,0.16201310509652614
bb_ipp_nonadaptive,target_error,641,53.33333333333337,0.16209177986609116
bb_ipp_nonadaptive,target_error,642,53.41666666666663,0.1622185116272497
bb_ipp_nonadaptive,target_error,643,53.5,0.16259331643848204
bb_ipp_nonadaptive,target_error,644,53.58333333333337,0.1622378903049977
bb_ipp_nonadaptive,target_error,645,53.66666666666663,0.16202527868958258
bb_ipp_nonadaptive,target_error,646,53.75,0.16236832283251673
bb_ipp_nonadaptive,target_error,647,53.83333333333337,0.1626265313153514
bb_ipp_nonadaptive,target_error,648,53.91666666666663,0.16299928351330628
bb_ipp_nonadaptive,target_error,649,54.0,0.1629325260223043
bb_ipp_nonadaptive,target_error,650,54.08333333333337,0.16314360538317585
bb_ipp_nonadaptive,target_error,651,54.16666666666663,0.16341414946459687
bb_ipp_nonadaptive,target_error,652,54.25,0.1640259164425174
bb_ipp_nonadaptive,target_error,653,54.33333333333337,0.1643265120178224
bb_ipp_nonadaptive,target_error,654,54.41666666666663,0.1642476078206091
bb_ipp_nonadaptive,target_error,655,54.5,0.16365869511494185
bb_ipp_nonadaptive,target_error,656,54.58333333333337,0.1634238195519002
bb_ipp_nonadaptive,target_error,657,54.66666666666663,0.1637844349589988
bb_ipp_nonadaptive,target_error,658,54.75,0.16380893686249945
bb_ipp_nonadaptive,target_error,659,54.83333333333337,0.16438594717775543
bb_ipp_nonadaptive,target_error,660,54.91666666666663,0.1644405137134485
bb_ipp_nonadaptive,target_error,661,55.0,0.16432756555078493
bb_ipp_nonadaptive,target_error,662,55.08333333333337,0.16468817213279632
bb_ipp_nonadaptive,target_error,663,55.16666666666663,0.16481411891837627
bb_ipp_nonadaptive,target_error,664,55.25,0.16479473146726623
bb_ipp_nonadaptive,target_error,665,55.33333333333337,0.16484433036798724
bb_ipp_nonadaptive,target_error,666,55.41666666666663,0.16480747370119947
bb_ipp_nonadaptive,target_error,667,55.5,0.16490881789033926
bb_ipp_nonadaptive,target_error,668,55.58333333333337,0.1650231830956044
bb_ipp_nonadaptive,target_error,669,55.66666666666663,0.16493663081847335
bb_ipp_nonadaptive,target_error,670,55.75,0.16534837012606357
bb_ipp_nonadaptive,target_error,671,55.83333333333337,0.1656141096208491
bb_ipp_nonadaptive,target_error,672,55.91666666666663,0.16552945752949003
bb_ipp_nonadaptive,target_error,673,56.0,0.1657984256135948
bb_ipp_nonadaptive,target_error,674,56.08333333333337,0.16610105742181935
bb_ipp_nonadaptive,target_error,675,56.16666666666663,0.1661158070894308
bb_ipp_nonadaptive,target_error,676,56.25,0.16645727328116905
bb_ipp_nonadaptive,target_error,677,56.33333333333337,0.16663354985949577
bb_ipp_nonadaptive,target_error,678,56.41666666666663,0.1666664512897958
bb_ipp_nonadaptive,target_error,679,56.5,0.1668134250966517
bb_ipp_nonadaptive,target_error,680,56.58333333333337,0.1669466439202495
bb_ipp_nonadaptive,target_error,681,56.66666666666663,0.16731463466041746
bb_ipp_nonadaptive,target_error,682,56.75,0.16750521843335495
bb_ipp_nonadaptive,target_error,683,56.83333333333337,0.16766073513287183
bb_ipp_nonadaptive,target_error,684,56.91666666666663,0.16760769552329954
bb_ipp_nonadaptive,target_error,685,57.0,0.16802352377251778
bb_ipp_nonadaptive,target_error,686,57.08333333333337,0.16807462763339637
bb_ipp_nonadaptive,target_error,687,57.16666666666663,0.1681871628087125
bb_ipp_nonadaptive,target_error,688,57.25,0.1683632251675784
bb_ipp_nonadaptive,target_error,689,57.33333333333337,0.16840977621133527
bb_ipp_nonadaptive,target_error,690,57.41666666666663,0.16857875328261657
bb_ipp_nonadaptive,target_error,691,57.5,0.16878286891695196
bb_ipp_nonadaptive,target_error,692,57.58333333333337,0.1688575767602525
bb_ipp_nonadaptive,target_error,693,57.66666666666663,0.1690468681549819
bb_ipp_nonadaptive,target_error,694,57.75,0.16928840855759264
bb_ipp_nonadaptive,target_error,695,57.83333333333337,0.16952683314902112
bb_ipp_nonadaptive,target_error,696,57.91666666666663,0.16940785512816187
bb_ipp_nonadaptive,target_error,697,58.0,0.16956022856803596
bb_ipp_nonadaptive,target_error,698,58.08333333333337,0.1696795386078656
bb_ipp_nonadaptive,target_error,699,58.16666666666663,0.16984281484688693
bb_ipp_nonadaptive,target_error,700,58.25,0.1700457907086243
bb_ipp_nonadaptive,target_error,701,58.33333333333337,0.17015371291593825
bb_ipp_nonadaptive,target_error,702,58.41666666666663,0.17033135519981993
bb_ipp_nonadaptive,target_error,703,58.5,0.17045583551798
bb_ipp_nonadaptive,target_error,704,58.58333333333337,0.1705516979913717
bb_ipp_nonadaptive,target_error,705,58.66666666666663,0.1705647412545246
bb_ipp_nonadaptive,target_error,706,58.75,0.170736786695902
bb_ipp_nonadaptive,target_error,707,58.83333333333337,0.17085917874807016
bb_ipp_nonadaptive,target_error,708,58.91666666666663,0.1711270332812239
bb_ipp_nonadaptive,target_error,709,59.0,0.1713143713894207
bb_ipp_nonadaptive,target_error,710,59.08333333333337,0.1711962841880748
bb_ipp_nonadaptive,target_error,711,59.16666666666663,0.17126853444906115
bb_ipp_nonadaptive,target_error,712,59.25,0.17130497992567653
bb_ipp_nonadaptive,target_error,713,59.33333333333337,0.1717505017353084
bb_ipp_nonadaptive,target_error,714,59.41666666666663,0.17179035678659524
bb_ipp_nonadaptive,target_error,715,59.5,0.17162843673300818
bb_ipp_nonadaptive,target_error,716,59.58333333333337,0.1718476479619975
bb_ipp_nonadaptive,target_error,717,59.66666666666663,0.1721962931740881
bb_ipp_nonadaptive,target_error,718,59.75,0.1722785380892703
bb_ipp_nonadaptive,target_error,719,59.83333333333337,0.17257859567364114
bb_ipp_nonadaptive,target_error,720,59.91666666666663,0.17266595305766827
bb_ipp_nonadaptive,target_error,721,60.0,0.17299331256595665
bb_ipp_nonadaptive,target_error,722,60.08333333333337,0.17323953906858117
bb_ipp_nonadaptive,target_error,723,60.16666666666663,0.1730902212777639
bb_ipp_nonadaptive,target_error,724,60.25,0.17304610923434563
bb_ipp_nonadaptive,target_error,725,60.33333333333337,0.1729285434673562
bb_ipp_nonadaptive,target_error,726,60.41666666666663,0.17297848643781555
bb_ipp_nonadaptive,target_error,727,60.5,0.17342931333526576
bb_ipp_nonadaptive,target_error,728,60.58333333333337,0.17363660852081733
bb_ipp_nonadaptive,target_error,729,60.66666666666663,0.1735451808123706
bb_ipp_nonadaptive,target_error,730,60.75,0.17354200326524905
bb_ipp_nonadaptive,target_error,731,60.83333333333337,0.1737398915739844
bb_ipp_nonadaptive,target_error,732,60.91666666666663,0.17360359987172258
bb_ipp_nonadaptive,target_error,733,61.0,0.17385006539994893
bb_ipp_nonadaptive,target_error,734,61.08333333333337,0.1738882616432645
bb_ipp_nonadaptive,target_error,735,61.16666666666663,0.17390861674458852
bb_ipp_nonadaptive,target_error,736,61.25,0.17362458573773748
bb_ipp_nonadaptive,target_error,737,61.33333333333337,0.17397158525236994
bb_ipp_nonadaptive,target_error,738,61.41666666666663,0.1743250892084205
bb_ipp_nonadaptive,target_error,739,61.5,0.1747188900255557
bb_ipp_nonadaptive,target_error,740,61.58333333333337,0.17458517646102337
bb_ipp_nonadaptive,target_error,741,61.66666666666663,0.1749538091589366
bb_ipp_nonadaptive,target_error,742,61.75,0.17487281972114557
bb_ipp_nonadaptive,target_error,743,61.83333333333337,0.17478006498091211
bb_ipp_nonadaptive,target_error,744,61.91666666666663,0.17516646040915063
bb_ipp_nonadaptive,target_error,745,62.0,0.17487386054447207
bb_ipp_nonadaptive,target_error,746,62.08333333333337,0.17487157722196872
bb_ipp_nonadaptive,target_error,747,62.16666666666663,0.17514093145724158
bb_ipp_nonadaptive,target_error,748,62.25,0.1750626745913018
bb_ipp_nonadaptive,target_error,749,62.33333333333337,0.17561073810621786
bb_ipp_nonadaptive,target_error,750,62.41666666666663,0.1756041649124715
bb_ipp_nonadaptive,target_error,751,62.5,0.1751235632107979
bb_ipp_nonadaptive,target_error,752,62.58333333333337,0.1749619783487445
bb_ipp_nonadaptive,target_error,753,62.66666666666663,0.1747757546175335
bb_ipp_nonadaptive,target_error,754,62.75,0.17491888636371758
bb_ipp_nonadaptive,target_error,755,62.83333333333337,0.1747040307651687
bb_ipp_nonadaptive,target_error,756,62.91666666666663,0.17514902718366554
bb_ipp_nonadaptive,target_error,757,63.0,0.17552195873877036
bb_ipp_nonadaptive,target_error,758,63.08333333333337,0.1751485077845205
bb_ipp_nonadaptive,target_error,759,63.16666666666663,0.17498917160020222
bb_ipp_nonadaptive,target_error,760,63.25,0.17337719507612837
bb_ipp_nonadaptive,target_error,761,63.33333333333337,0.17254934885388346
bb_ipp_nonadaptive,target_error,762,63.41666666666663,0.17241231508738014
bb_ipp_nonadaptive,target_error,763,63.5,0.17264889005389994
bb_ipp_nonadaptive,target_error,764,63.58333333333337,0.17260722751563273
bb_ipp_nonadaptive,target_error,765,63.66666666666663,0.1737959204915502
bb_ipp_nonadaptive,target_error,766,63.75,0.1733992835043512
bb_ipp_nonadaptive,target_error,767,63.83333333333337,0.1732145848247434
bb_ipp_nonadaptive,target_error,768,63.91666666666663,0.17272689212923542
bb_ipp_nonadaptive,target_error,769,64.0,0.17260894065476784
bb_ipp_nonadaptive,target_error,770,64.08333333333337,0.1726308145787836
bb_ipp_nonadaptive,target_error,771,64.16666666666663,0.17301496906619596
bb_ipp_nonadaptive,target_error,772,64.25,0.17264714983949334
bb_ipp_nonadaptive,target_error,773,64.33333333333337,0.1736013554325514
bb_ipp_nonadaptive,target_error,774,64.41666666666663,0.17275806591392764
bb_ipp_nonadaptive,target_error,775,64.5,0.17222459229444692
bb_ipp_nonadaptive,target_error,776,64.58333333333337,0.17400688602500225
bb_ipp_nonadaptive,target_error,777,64.66666666666663,0.1744801997245424
bb_ipp_nonadaptive,target_error,778,64.75,0.1743086103874837
bb_ipp_nonadaptive,target_error,779,64.83333333333337,0.173989382282166
bb_ipp_nonadaptive,target_error,780,64.91666666666663,0.17468815049234793
bb_ipp_nonadaptive,target_error,781,65.0,0.17553573709347228
bb_ipp_nonadaptive,target_error,782,65.08333333333337,0.17590167599008735
bb_ipp_nonadaptive,target_error,783,65.16666666666663,0.17624374690646588
bb_ipp_nonadaptive,target_error,784,65.25,0.17681176017619415
bb_ipp_nonadaptive,target_error,785,65.33333333333337,0.17664750981730656
bb_ipp_nonadaptive,target_error,786,65.41666666666663,0.17611118541473125
bb_ipp_nonadaptive,target_error,787,65.5,0.17747235119485394
bb_ipp_nonadaptive,target_error,788,65.58333333333337,0.1776561271457292
bb_ipp_nonadaptive,target_error,789,65.66666666666663,0.1779224633074258
bb_ipp_nonadaptive,target_error,790,65.75,0.17907517736195772
bb_ipp_nonadaptive,target_error,791,65.83333333333337,0.1798161079354356
bb_ipp_nonadaptive,target_error,792,65.91666666666663,0.18008058243770794
bb_ipp_nonadaptive,target_error,793,66.0,0.18012172276203078
bb_ipp_nonadaptive,target_error,794,66.08333333333337,0.18062707696293576
bb_ipp_nonadaptive,target_error,795,66.16666666666663,0.18093678952830963
bb_ipp_nonadaptive,target_error,796,66.25,0.1813724606938749
bb_ipp_nonadaptive,target_error,797,66.33333333333337,0.18150725263719938
bb_ipp_nonadaptive,target_error,798,66.41666666666663,0.18098895031466458
bb_ipp_nonadaptive,target_error,799,66.5,0.18145348115078205
bb_ipp_nonadaptive,target_error,800,66.58333333333337,0.18022054899109416
bb_ipp_nonadaptive,target_error,801,66.66666666666663,0.1812001113105591
bb_ipp_nonadaptive,target_error,802,66.75,0.18156378838735576
bb_ipp_nonadaptive,target_error,803,66.83333333333337,0.18271966055339203
bb_ipp_nonadaptive,target_error,804,66.91666666666663,0.1828102000366504
bb_ipp_nonadaptive,target_error,805,67.0,0.18241047157606438
bb_ipp_nonadaptive,target_error,806,67.08333333333337,0.1839789720165589
bb_ipp_nonadaptive,target_error,807,67.16666666666663,0.1840672640316999
bb_ipp_nonadaptive,target_error,808,67.25,0.1838004050683656
bb_ipp_nonadaptive,target_error,809,67.33333333333337,0.18337604994293785
bb_ipp_nonadaptive,target_error,810,67.41666666666663,0.1829723333045219
bb_ipp_nonadaptive,target_error,811,67.5,0.18308028819318176
bb_ipp_nonadaptive,target_error,812,67.58333333333337,0.18353984261627546
bb_ipp_nonadaptive,target_error,813,67.66666666666663,0.1825516607670847
bb_ipp_nonadaptive,target_error,814,67.75,0.1822311865083039
bb_ipp_nonadaptive,target_error,815,67.83333333333337,0.18338938432143545
bb_ipp_nonadaptive,target_error,816,67.91666666666663,0.1840473384856092
bb_ipp_nonadaptive,target_error,817,68.0,0.18323345691688192
bb_ipp_nonadaptive,target_error,818,68.08333333333337,0.1832452663222178
bb_ipp_nonadaptive,target_error,819,68.16666666666663,0.18321136467440097
bb_ipp_nonadaptive,target_error,820,68.25,0.18257788434779973
bb_ipp_nonadaptive,target_error,821,68.33333333333337,0.18295499124681022
bb_ipp_nonadaptive,target_error,822,68.41666666666663,0.1824841369236007
bb_ipp_nonadaptive,target_error,823,68.5,0.18261995778272377
bb_ipp_nonadaptive,target_error,824,68.58333333333337,0.18273028940846503
bb_ipp_nonadaptive,target_error,825,68.66666666666663,0.1818147516578273
bb_ipp_nonadaptive,target_error,826,68.75,0.18046539444647594
bb_ipp_nonadaptive,target_error,827,68.83333333333337,0.17908805559138366
bb_ipp_nonadaptive,target_error,828,68.91666666666663,0.18087960934487116
bb_ipp_nonadaptive,target_error,829,69.0,0.18000991836184282
bb_ipp_nonadaptive,target_error,830,69.08333333333337,0.18001571145687295
bb_ipp_nonadaptive,target_error,831,69.16666666666663,0.18118616999857268
bb_ipp_nonadaptive,target_error,832,69.25,0.17949820260363422
bb_ipp_nonadaptive,target_error,833,69.33333333333337,0.17481314928260708
bb_ipp_nonadaptive,target_error,834,69.41666666666663,0.17159024187093674
bb_ipp_nonadaptive,target_error,835,69.5,0.1731333467393482
bb_ipp_nonadaptive,target_error,836,69.58333333333337,0.17173182407405688
bb_ipp_nonadaptive,target_error,837,69.66666666666663,0.17034670541063632
bb_ipp_nonadaptive,target_error,838,69.75,0.1684891248789788
bb_ipp_nonadaptive,target_error,839,69.83333333333337,0.16520973653749021
bb_ipp_nonadaptive,target_error,840,69.91666666666663,0.16290941566842684
bb_ipp_nonadaptive,target_error,841,70.0,0.15611278296241926
bb_ipp_nonadaptive,target_error,842,70.08333333333337,0.1576282323309054
bb_ipp_nonadaptive,target_error,843,70.16666666666663,0.15381484837682882
bb_ipp_nonadaptive,target_error,844,70.25,0.14701749444357395
bb_ipp_nonadaptive,target_error,845,70.33333333333337,0.13513834103880362
bb_ipp_nonadaptive,target_error,846,70.41666666666663,0.13176722730287635
bb_ipp_nonadaptive,target_error,847,70.5,0.1271103176036844
bb_ipp_nonadaptive,target_error,848,70.58333333333337,0.12752879830182984
bb_ipp_nonadaptive,target_error,849,70.66666666666663,0.12525056678119226
bb_ipp_nonadaptive,target_error,850,70.75,0.12635497663023165
bb_ipp_nonadaptive,target_error,851,70.83333333333337,0.1253136655766671
bb_ipp_nonadaptive,target_error,852,70.91666666666663,0.1262118789861508
bb_ipp_nonadaptive,target_error,853,71.0,0.12585577075454035
bb_ipp_nonadaptive,target_error,854,71.08333333333337,0.12741416847177747
bb_ipp_nonadaptive,target_error,855,71.16666666666663,0.12568873204934267
bb_ipp_nonadaptive,target_error,856,71.25,0.12794147396693514
bb_ipp_nonadaptive,target_error,857,71.33333333333337,0.12869179738511502
bb_ipp_nonadaptive,target_error,858,71.41666666666663,0.1307525153033237
bb_ipp_nonadaptive,target_error,859,71.5,0.13521679278011078
bb_ipp_nonadaptive,target_error,860,71.58333333333337,0.13363392417380096
bb_ipp_nonadaptive,target_error,861,71.66666666666663,0.1333776554953528
bb_ipp_nonadaptive,target_error,862,71.75,0.13385120286208457
bb_ipp_nonadaptive,target_error,863,71.83333333333337,0.13125247558077538
bb_ipp_nonadaptive,target_error,864,71.91666666666663,0.1289407007649642
bb_ipp_nonadaptive,target_error,865,72.0,0.1310167343466658
bb_ipp_nonadaptive,target_error,866,72.08333333333337,0.13234706681591304
bb_ipp_nonadaptive,target_error,867,72.16666666666663,0.12694394190360977
bb_ipp_nonadaptive,target_error,868,72.25,0.1294495051993169
bb_ipp_nonadaptive,target_error,869,72.33333333333337,0.13036797016129528
bb_ipp_nonadaptive,target_error,870,72.41666666666663,0.1266748756041781
bb_ipp_nonadaptive,target_error,871,72.5,0.12709672344461215
bb_ipp_nonadaptive,target_error,872,72.58333333333337,0.12526613287136254
bb_ipp_nonadaptive,target_error,873,72.66666666666663,0.12492123983947999
bb_ipp_nonadaptive,target_error,874,72.75,0.12504532106988045
bb_ipp_nonadaptive,target_error,875,72.83333333333337,0.12505117979061248
bb_ipp_nonadaptive,target_error,876,72.91666666666663,0.12517925918146594
bb_ipp_nonadaptive,target_error,877,73.0,0.12551421215200484
bb_ipp_nonadaptive,target_error,878,73.08333333333337,0.12625393016706815
bb_ipp_nonadaptive,target_error,879,73.16666666666663,0.1269674098492789
bb_ipp_nonadaptive,target_error,880,73.25,0.12732107325298614
bb_ipp_nonadaptive,target_error,881,73.33333333333337,0.12825595087080824
bb_ipp_nonadaptive,target_error,882,73.41666666666663,0.12917053432959158
bb_ipp_nonadaptive,target_error,883,73.5,0.13063589954308025
bb_ipp_nonadaptive,target_error,884,73.58333333333337,0.1317062809508277
bb_ipp_nonadaptive,target_error,885,73.66666666666663,0.13302576670668545
bb_ipp_nonadaptive,target_error,886,73.75,0.13296895543038165
bb_ipp_nonadaptive,target_error,887,73.83333333333337,0.13594472265159538
bb_ipp_nonadaptive,target_error,888,73.91666666666663,0.1362703145694816
bb_ipp_nonadaptive,target_error,889,74.0,0.13777494633942403
bb_ipp_nonadaptive,target_error,890,74.08333333333337,0.138470556148344
bb_ipp_nonadaptive,target_error,891,74.16666666666663,0.13791545186753543
bb_ipp_nonadaptive,target_error,892,74.25,0.1377550068066368
bb_ipp_nonadaptive,target_error,893,74.33333333333337,0.1381135358844523
bb_ipp_nonadaptive,target_error,894,74.41666666666663,0.1396932192032586
bb_ipp_nonadaptive,target_error,895,74.5,0.14083993919994273
bb_ipp_nonadaptive,target_error,896,74.58333333333337,0.14220259141991387
bb_ipp_nonadaptive,target_error,897,74.66666666666663,0.14300632165596827
bb_ipp_nonadaptive,target_error,898,74.75,0.14323604544905919
bb_ipp_nonadaptive,target_error,899,74.83333333333337,0.1444202791058833
bb_ipp_nonadaptive,target_error,900,74.91666666666663,0.14444186642351578
bb_ipp_nonadaptive,target_error,901,75.0,0.14514196093677748
bb_ipp_nonadaptive,target_error,902,75.08333333333337,0.14543197658519852
bb_ipp_nonadaptive,target_error,903,75.16666666666663,0.14632274792227115
bb_ipp_nonadaptive,target_error,904,75.25,0.1472553644453115
bb_ipp_nonadaptive,target_error,905,75.33333333333337,0.14774993632494135
bb_ipp_nonadaptive,target_error,906,75.41666666666663,0.14753530626469338
bb_ipp_nonadaptive,target_error,907,75.5,0.14709787832189625
bb_ipp_nonadaptive,target_error,908,75.58333333333337,0.1484531168030071
bb_ipp_nonadaptive,target_error,909,75.66666666666663,0.14891549193907402
bb_ipp_nonadaptive,target_error,910,75.75,0.14998167336866267
bb_ipp_nonadaptive,target_error,911,75.83333333333337,0.150845961257911
bb_ipp_nonadaptive,target_error,912,75.91666666666663,0.15077875627162293
bb_ipp_nonadaptive,target_error,913,76.0,0.15160132838952206
bb_ipp_nonadaptive,target_error,914,76.08333333333337,0.1515492160150673
bb_ipp_nonadaptive,target_error,915,76.16666666666663,0.15286400791026467
bb_ipp_nonadaptive,target_error,916,76.25,0.15414168292207503
bb_ipp_nonadaptive,target_error,917,76.33333333333337,0.15439319210371466
bb_ipp_nonadaptive,target_error,918,76.41666666666663,0.15412977625671065
bb_ipp_nonadaptive,target_error,919,76.5,0.15416604355793817
bb_ipp_nonadaptive,target_error,920,76.58333333333337,0.1549167825870294
bb_ipp_nonadaptive,target_error,921,76.66666666666663,0.15469254925222237
bb_ipp_nonadaptive,target_error,922,76.75,0.15641693792598824
bb_ipp_nonadaptive,target_error,923,76.83333333333337,0.156693539912222
bb_ipp_nonadaptive,target_error,924,76.91666666666663,0.15630336454630986
bb_ipp_nonadaptive,target_error,925,77.0,0.15568704899973848
bb_ipp_nonadaptive,target_error,926,77.08333333333337,0.15732621621182108
bb_ipp_nonadaptive,target_error,927,77.16666666666663,0.15755568074520987
bb_ipp_nonadaptive,target_error,928,77.25,0.15956195429353603
bb_ipp_nonadaptive,target_error,929,77.33333333333337,0.16205499805939366
bb_ipp_nonadaptive,target_error,930,77.41666666666663,0.16125452635616225
bb_ipp_nonadaptive,target_error,931,77.5,0.16195034146603776
bb_ipp_nonadaptive,target_error,932,77.58333333333337,0.1630257174479059
bb_ipp_nonadaptive,target_error,933,77.66666666666663,0.16441839654064763
bb_ipp_nonadaptive,target_error,934,77.75,0.16392733166766033
bb_ipp_nonadaptive,target_error,935,77.83333333333337,0.1637733255391835
bb_ipp_nonadaptive,target_error,936,77.91666666666663,0.16581132840612006
bb_ipp_nonadaptive,target_error,937,78.0,0.16566656325306334
bb_ipp_nonadaptive,target_error,938,78.08333333333337,0.16363141214416937
bb_ipp_nonadaptive,target_error,939,78.16666666666663,0.16329528687484848
bb_ipp_nonadaptive,target_error,940,78.25,0.1623405775663011
bb_ipp_nonadaptive,target_error,941,78.33333333333337,0.16473194457260076
bb_ipp_nonadaptive,target_error,942,78.41666666666663,0.16614922794959117
bb_ipp_nonadaptive,target_error,943,78.5,0.1673709720079473
bb_ipp_nonadaptive,target_error,944,78.58333333333337,0.1679886568685672
bb_ipp_nonadaptive,target_error,945,78.66666666666663,0.16677485837536404
bb_ipp_nonadaptive,target_error,946,78.75,0.1642273029516697
bb_ipp_nonadaptive,target_error,947,78.83333333333337,0.1655458516783308
bb_ipp_nonadaptive,target_error,948,78.91666666666663,0.16385643910793574
bb_ipp_nonadaptive,target_error,949,79.0,0.16466121950501558
bb_ipp_nonadaptive,target_error,950,79.08333333333337,0.1648096115265389
bb_ipp_nonadaptive,target_error,951,79.16666666666663,0.16390541231923694
bb_ipp_nonadaptive,target_error,952,79.25,0.16345215364958407
bb_ipp_nonadaptive,target_error,953,79.33333333333337,0.1629936874466637
bb_ipp_nonadaptive,target_error,954,79.41666666666663,0.16116782479099745
bb_ipp_nonadaptive,target_error,955,79.5,0.15974028116496258
bb_ipp_nonadaptive,target_error,956,79.58333333333337,0.16150209020825973
bb_ipp_nonadaptive,target_error,957,79.66666666666663,0.16283565035212744
bb_ipp_nonadaptive,target_error,958,79.75,0.1614025590136448
bb_ipp_nonadaptive,target_error,959,79.83333333333337,0.16010671855658912
bb_ipp_nonadaptive,target_error,960,79.91666666666663,0.1584886667060555
bb_ipp_nonadaptive,target_error,961,80.0,0.15584912350704497
bb_ipp_nonadaptive,target_error,962,80.08333333333337,0.15410478006304715
bb_ipp_nonadaptive,target_error,963,80.16666666666663,0.1515559673526426
bb_ipp_nonadaptive,target_error,964,80.25,0.15701457918577116
bb_ipp_nonadaptive,target_error,965,80.33333333333337,0.1536833317048592
bb_ipp_nonadaptive,target_error,966,80.41666666666663,0.1517967952873127
bb_ipp_nonadaptive,target_error,967,80.5,0.14974388398135594
bb_ipp_nonadaptive,target_error,968,80.58333333333337,0.14262406630271066
bb_ipp_nonadaptive,target_error,969,80.66666666666663,0.14441929133296116
bb_ipp_nonadaptive,target_error,970,80.75,0.1404043897473051
bb_ipp_nonadaptive,target_error,971,80.83333333333337,0.14208549417846633
bb_ipp_nonadaptive,target_error,972,80.91666666666663,0.14078283582133122
bb_ipp_nonadaptive,target_error,973,81.0,0.13835798026740198
bb_ipp_nonadaptive,target_error,974,81.08333333333337,0.14485041383261332
bb_ipp_nonadaptive,target_error,975,81.16666666666663,0.14207099019116778
bb_ipp_nonadaptive,target_error,976,81.25,0.14314816362454547
bb_ipp_nonadaptive,target_error,977,81.33333333333337,0.1446060816134892
bb_ipp_nonadaptive,target_error,978,81.41666666666663,0.14572124767139433
bb_ipp_nonadaptive,target_error,979,81.5,0.1396931480043612
bb_ipp_nonadaptive,target_error,980,81.58333333333337,0.1410413960493514
bb_ipp_nonadaptive,target_error,981,81.66666666666663,0.14134070965420803
bb_ipp_nonadaptive,target_error,982,81.75,0.1394957936966715
bb_ipp_nonadaptive,target_error,983,81.83333333333337,0.13856659007710645
bb_ipp_nonadaptive,target_error,984,81.91666666666663,0.13845827631835128
bb_ipp_nonadaptive,target_error,985,82.0,0.13993964070794926
bb_ipp_nonadaptive,target_error,986,82.08333333333337,0.14070248167477836
bb_ipp_nonadaptive,target_error,987,82.16666666666663,0.1427656039212218
bb_ipp_nonadaptive,target_error,988,82.25,0.14327930422791604
bb_ipp_nonadaptive,target_error,989,82.33333333333337,0.13997002160088293
bb_ipp_nonadaptive,target_error,990,82.41666666666663,0.14191432301197526
bb_ipp_nonadaptive,target_error,991,82.5,0.14016799766814636
bb_ipp_nonadaptive,target_error,992,82.58333333333337,0.14262007176979571
bb_ipp_nonadaptive,target_error,993,82.66666666666663,0.14444785703292745
bb_ipp_nonadaptive,target_error,994,82.75,0.14219745207142356
bb_ipp_nonadaptive,target_error,995,82.83333333333337,0.14331445448559135
bb_ipp_nonadaptive,target_error,996,82.91666666666663,0.1433139773186257
bb_ipp_nonadaptive,target_error,997,83.0,0.14376197584009795
bb_ipp_nonadaptive,target_error,998,83.08333333333337,0.14555959369052493
bb_ipp_nonadaptive,target_error,999,83.16666666666663,0.14499417102115328
bb_ipp_nonadaptive,target_error,1000,83.25,0.14680000523644385
bb_ipp_nonadaptive,target_error,1001,83.33333333333337,0.14583363145889544
bb_ipp_nonadaptive,target_error,1002,83.41666666666663,0.14718701352871727
bb_ipp_nonadaptive,target_error,1003,83.5,0.149757963733362
bb_ipp_nonadaptive,target_error,1004,83.58333333333337,0.15212589992370637
bb_ipp_nonadaptive,target_error,1005,83.66666666666663,0.1531362093197417
bb_ipp_nonadaptive,target_error,1006,83.75,0.1539901338978092
bb_ipp_nonadaptive,target_error,1007,83.83333333333337,0.15388421866426183
bb_ipp_nonadaptive,target_error,1008,83.91666666666663,0.15624770756264544
bb_ipp_nonadaptive,target_error,1009,84.0,0.15623531011859054
bb_ipp_nonadaptive,target_error,1010,84.08333333333337,0.1554183879391546
bb_ipp_nonadaptive,target_error,1011,84.16666666666663,0.15767550560871427
bb_ipp_nonadaptive,target_error,1012,84.25,0.15903396754757843
bb_ipp_nonadaptive,target_error,1013,84.33333333333337,0.15982482661589498
bb_ipp_nonadaptive,target_error,1014,84.41666666666663,0.15994395848698256
bb_ipp_nonadaptive,target_error,1015,84.5,0.16039880937827658
bb_ipp_nonadaptive,target_error,1016,84.58333333333337,0.16050632742275625
bb_ipp_nonadaptive,target_error,1017,84.66666666666663,0.16059425879075592
bb_ipp_nonadaptive,target_error,1018,84.75,0.16099796912921924
bb_ipp_nonadaptive,target_error,1019,84.83333333333337,0.16182199410330644
bb_ipp_nonadaptive,target_error,1020,84.91666666666663,0.1619713858989391
bb_ipp_nonadaptive,target_error,1021,85.0,0.16268290056609824
bb_ipp_nonadaptive,target_error,1022,85.08333333333337,0.162646437847605
bb_ipp_nonadaptive,target_error,1023,85.16666666666663,0.16217602232048703
bb_ipp_nonadaptive,target_error,1024,85.25,0.164287947428953
bb_ipp_nonadaptive,target_error,1025,85.33333333333337,0.16491480289029414
bb_ipp_nonadaptive,target_error,1026,85.41666666666663,0.16519541314662256
bb_ipp_nonadaptive,target_error,1027,85.5,0.16536143021395577
bb_ipp_nonadaptive,target_error,1028,85.58333333333337,0.16629750909415142
bb_ipp_nonadaptive,target_error,1029,85.66666666666663,0.16657157811513368
bb_ipp_nonadaptive,target_error,1030,85.75,0.16576640189483324
bb_ipp_nonadaptive,target_error,1031,85.83333333333337,0.16682493866122983
bb_ipp_nonadaptive,target_error,1032,85.91666666666663,0.1674401227413367
bb_ipp_nonadaptive,target_error,1033,86.0,0.16774696716386867
bb_ipp_nonadaptive,target_error,1034,86.08333333333337,0.16929693174390129
bb_ipp_nonadaptive,target_error,1035,86.16666666666663,0.1694216596903329
bb_ipp_nonadaptive,target_error,1036,86.25,0.16905881790509503
bb_ipp_nonadaptive,target_error,1037,86.33333333333337,0.1685703101543041
bb_ipp_nonadaptive,target_error,1038,86.41666666666663,0.1680476497356524
bb_ipp_nonadaptive,target_error,1039,86.5,0.16852457551435504
bb_ipp_nonadaptive,target_error,1040,86.58333333333337,0.16918177668003828
bb_ipp_nonadaptive,target_error,1041,86.66666666666663,0.16829962402820842
bb_ipp_nonadaptive,target_error,1042,86.75,0.16783318898495858
bb_ipp_nonadaptive,target_error,1043,86.83333333333337,0.16788366543620142
bb_ipp_nonadaptive,target_error,1044,86.91666666666663,0.1678608725832357
bb_ipp_nonadaptive,target_error,1045,87.0,0.16781998071212784
bb_ipp_nonadaptive,target_error,1046,87.08333333333337,0.16768916814509952
bb_ipp_nonadaptive,target_error,1047,87.16666666666663,0.16730191374763706
bb_ipp_nonadaptive,target_error,1048,87.25,0.16809890683243398
bb_ipp_nonadaptive,target_error,1049,87.33333333333337,0.16783882378164855
bb_ipp_nonadaptive,target_error,1050,87.41666666666663,0.1675161252423478
bb_ipp_nonadaptive,target_error,1051,87.5,0.16646597036501976
bb_ipp_nonadaptive,target_error,1052,87.58333333333337,0.16680017303085648
bb_ipp_nonadaptive,target_error,1053,87.66666666666663,0.16717733180358152
bb_ipp_nonadaptive,target_error,1054,87.75,0.16648447185450166
bb_ipp_nonadaptive,target_error,1055,87.83333333333337,0.16322452173379076
bb_ipp_nonadaptive,target_error,1056,87.91666666666663,0.16293209440799789
bb_ipp_nonadaptive,target_error,1057,88.0,0.16224372839528545
bb_ipp_nonadaptive,target_error,1058,88.08333333333337,0.16015936539937892
bb_ipp_nonadaptive,target_error,1059,88.16666666666663,0.1585734371159511
bb_ipp_nonadaptive,target_error,1060,88.25,0.15710303722685476
bb_ipp_nonadaptive,target_error,1061,88.33333333333337,0.15474989590143953
bb_ipp_nonadaptive,target_error,1062,88.41666666666663,0.15274123367083056
bb_ipp_nonadaptive,target_error,1063,88.5,0.14919846517145283
bb_ipp_nonadaptive,target_error,1064,88.58333333333337,0.14469751604878392
bb_ipp_nonadaptive,target_error,1065,88.66666666666663,0.14415784531804654
bb_ipp_nonadaptive,target_error,1066,88.75,0.1423914897537064
bb_ipp_nonadaptive,target_error,1067,88.83333333333337,0.1347978575700931
bb_ipp_nonadaptive,target_error,1068,88.91666666666663,0.1266876093522611
bb_ipp_nonadaptive,target_error,1069,89.0,0.12756453432544126
bb_ipp_nonadaptive,target_error,1070,89.08333333333337,0.12432203458303305
bb_ipp_nonadaptive,target_error,1071,89.16666666666663,0.12078606554743021
bb_ipp_nonadaptive,target_error,1072,89.25,0.11956456889524399
bb_ipp_nonadaptive,target_error,1073,89.33333333333337,0.12086304422665746
bb_ipp_nonadaptive,target_error,1074,89.41666666666663,0.12172701825018827
bb_ipp_nonadaptive,target_error,1075,89.5,0.12352654147607676
bb_ipp_nonadaptive,target_error,1076,89.58333333333337,0.12322642357870256
bb_ipp_nonadaptive,target_error,1077,89.66666666666663,0.12435995446126152
bb_ipp_nonadaptive,target_error,1078,89.75,0.1287167337215654
bb_ipp_nonadaptive,target_error,1079,89.83333333333337,0.1263013167044558
bb_ipp_nonadaptive,target_error,1080,89.91666666666663,0.12542075027236954
bb_ipp_nonadaptive,target_error,1081,90.0,0.12800680627831093
bb_ipp_nonadaptive,target_error,1082,90.08333333333337,0.1338662623625778
bb_ipp_nonadaptive,target_error,1083,90.16666666666663,0.13277033711000524
bb_ipp_nonadaptive,target_error,1084,90.25,0.12992107458311347
bb_ipp_nonadaptive,target_error,1085,90.33333333333337,0.12695866613671306
bb_ipp_nonadaptive,target_error,1086,90.41666666666663,0.12410026884073679
bb_ipp_nonadaptive,target_error,1087,90.5,0.12370628320474163
bb_ipp_nonadaptive,target_error,1088,90.58333333333337,0.12388179961790013
bb_ipp_nonadaptive,target_error,1089,90.66666666666663,0.12460331561098788
bb_ipp_nonadaptive,target_error,1090,90.75,0.12546591356947784
bb_ipp_nonadaptive,target_error,1091,90.83333333333337,0.1272662753705292
bb_ipp_nonadaptive,target_error,1092,90.91666666666663,0.12724496098906324
bb_ipp_nonadaptive,target_error,1093,91.0,0.12769494635902578
bb_ipp_nonadaptive,target_error,1094,91.08333333333337,0.12869577854043662
bb_ipp_nonadaptive,target_error,1095,91.16666666666663,0.12924536116519036
bb_ipp_nonadaptive,target_error,1096,91.25,0.12839394193940515
bb_ipp_nonadaptive,target_error,1097,91.33333333333337,0.12978000224873903
bb_ipp_nonadaptive,target_error,1098,91.41666666666663,0.13124460984294947
bb_ipp_nonadaptive,target_error,1099,91.5,0.13162616740405367
bb_ipp_nonadaptive,target_error,1100,91.58333333333337,0.13196224679606486
bb_ipp_nonadaptive,target_error,1101,91.66666666666663,0.1338615471653817
bb_ipp_nonadaptive,target_error,1102,91.75,0.13545174951129527
bb_ipp_nonadaptive,target_error,1103,91.83333333333337,0.13651355740128218
bb_ipp_nonadaptive,target_error,1104,91.91666666666663,0.13726579744342945
bb_ipp_nonadaptive,target_error,1105,92.0,0.13817209586660506
bb_ipp_nonadaptive,target_error,1106,92.08333333333337,0.13857245899686016
bb_ipp_nonadaptive,target_error,1107,92.16666666666663,0.13950124907530795
bb_ipp_nonadaptive,target_error,1108,92.25,0.1398089942347054
bb_ipp_nonadaptive,target_error,1109,92.33333333333337,0.14139445153553545
bb_ipp_nonadaptive,target_error,1110,92.41666666666663,0.14196170935534633
bb_ipp_nonadaptive,target_error,1111,92.5,0.14161965158369902
bb_ipp_nonadaptive,target_error,1112,92.58333333333337,0.1421859511902273
bb_ipp_nonadaptive,target_error,1113,92.66666666666663,0.14338085872350387
bb_ipp_nonadaptive,target_error,1114,92.75,0.14483028088510475
bb_ipp_nonadaptive,target_error,1115,92.83333333333337,0.1457056348426183
bb_ipp_nonadaptive,target_error,1116,92.91666666666663,0.14591683184015794
bb_ipp_nonadaptive,target_error,1117,93.0,0.14694404321303542
bb_ipp_nonadaptive,target_error,1118,93.08333333333337,0.14700727176914502
bb_ipp_nonadaptive,target_error,1119,93.16666666666663,0.14772386354732897
bb_ipp_nonadaptive,target_error,1120,93.25,0.14892986453324167
bb_ipp_nonadaptive,target_error,1121,93.33333333333337,0.14893719256777654
bb_ipp_nonadaptive,target_error,1122,93.41666666666663,0.14917856727762385
bb_ipp_nonadaptive,target_error,1123,93.5,0.14965559712505522
bb_ipp_nonadaptive,target_error,1124,93.58333333333337,0.14962024862966547
bb_ipp_nonadaptive,target_error,1125,93.66666666666663,0.150416708489749
bb_ipp_nonadaptive,target_error,1126,93.75,0.151355111593137
bb_ipp_nonadaptive,target_error,1127,93.83333333333337,0.15104966064527972
bb_ipp_nonadaptive,target_error,1128,93.91666666666663,0.15129106114551424
bb_ipp_nonadaptive,target_error,1129,94.0,0.15109668754248512
bb_ipp_nonadaptive,target_error,1130,94.08333333333337,0.15156816735639497
bb_ipp_nonadaptive,target_error,1131,94.16666666666663,0.15207352435773858
bb_ipp_nonadaptive,target_error,1132,94.25,0.15255571131748505
bb_ipp_nonadaptive,target_error,1133,94.33333333333337,0.15217089004067208
bb_ipp_nonadaptive,target_error,1134,94.41666666666663,0.15141301970628684
bb_ipp_nonadaptive,target_error,1135,94.5,0.15289854113527632
bb_ipp_nonadaptive,target_error,1136,94.58333333333337,0.15314851411255487
bb_ipp_nonadaptive,target_error,1137,94.66666666666663,0.15415944211032268
bb_ipp_nonadaptive,target_error,1138,94.75,0.1536269557655561
bb_ipp_nonadaptive,target_error,1139,94.83333333333337,0.15481809657757356
bb_ipp_nonadaptive,target_error,1140,94.91666666666663,0.15672501721165974
bb_ipp_nonadaptive,target_error,1141,95.0,0.1560332294397284
bb_ipp_nonadaptive,target_error,1142,95.08333333333337,0.15751678927727103
bb_ipp_nonadaptive,target_error,1143,95.16666666666663,0.15881365822874335
bb_ipp_nonadaptive,target_error,1144,95.25,0.15796886849697264
bb_ipp_nonadaptive,target_error,1145,95.33333333333337,0.158682426407615
bb_ipp_nonadaptive,target_error,1146,95.41666666666663,0.15835407038340002
bb_ipp_nonadaptive,target_error,1147,95.5,0.15972769839477002
bb_ipp_nonadaptive,target_error,1148,95.58333333333337,0.16158567241887298
bb_ipp_nonadaptive,target_error,1149,95.66666666666663,0.16202116548390014
bb_ipp_nonadaptive,target_error,1150,95.75,0.16275072645484734
bb_ipp_nonadaptive,target_error,1151,95.83333333333337,0.16280557409009194
bb_ipp_nonadaptive,target_error,1152,95.91666666666663,0.16487390106815697
bb_ipp_nonadaptive,target_error,1153,96.0,0.16496579937699066
bb_ipp_nonadaptive,target_error,1154,96.08333333333337,0.16445704199294503
bb_ipp_nonadaptive,target_error,1155,96.16666666666663,0.16417264502399434
bb_ipp_nonadaptive,target_error,1156,96.25,0.1648600293346118
bb_ipp_nonadaptive,target_error,1157,96.33333333333337,0.16545779042304148
bb_ipp_nonadaptive,target_error,1158,96.41666666666663,0.16479240500151066
bb_ipp_nonadaptive,target_error,1159,96.5,0.16577888046425415
bb_ipp_nonadaptive,target_error,1160,96.58333333333337,0.16480137345589851
bb_ipp_nonadaptive,target_error,1161,96.66666666666663,0.1653166877194067
bb_ipp_nonadaptive,target_error,1162,96.75,0.16617267616920245
bb_ipp_nonadaptive,target_error,1163,96.83333333333337,0.16572918146400978
bb_ipp_nonadaptive,target_error,1164,96.91666666666663,0.16619000558610747
bb_ipp_nonadaptive,target_error,1165,97.0,0.16557521462864103
bb_ipp_nonadaptive,target_error,1166,97.08333333333337,0.16588280831557217
bb_ipp_nonadaptive,target_error,1167,97.16666666666663,0.1668077292928298
bb_ipp_nonadaptive,target_error,1168,97.25,0.16732385801090524
bb_ipp_nonadaptive,target_error,1169,97.33333333333337,0.1681583288419403
bb_ipp_nonadaptive,target_error,1170,97.41666666666663,0.1675829158660097
bb_ipp_nonadaptive,target_error,1171,97.5,0.1670200686329473
bb_ipp_nonadaptive,target_error,1172,97.58333333333337,0.16760894762356743
bb_ipp_nonadaptive,target_error,1173,97.66666666666663,0.16776101256365725
bb_ipp_nonadaptive,target_error,1174,97.75,0.1676771643265003
bb_ipp_nonadaptive,target_error,1175,97.83333333333337,0.16695959955782633
bb_ipp_nonadaptive,target_error,1176,97.91666666666663,0.16637346794800312
bb_ipp_nonadaptive,target_error,1177,98.0,0.16734788298886275
bb_ipp_nonadaptive,target_error,1178,98.08333333333337,0.1683411656337228
bb_ipp_nonadaptive,target_error,1179,98.16666666666663,0.1691236735374428
bb_ipp_nonadaptive,target_error,1180,98.25,0.16860029803197724
bb_ipp_nonadaptive,target_error,1181,98.33333333333337,0.1696662786984163
bb_ipp_nonadaptive,target_error,1182,98.41666666666663,0.16978078603664293
bb_ipp_nonadaptive,target_error,1183,98.5,0.17034676622071326
bb_ipp_nonadaptive,target_error,1184,98.58333333333337,0.16981814368553294
bb_ipp_nonadaptive,target_error,1185,98.66666666666663,0.16989533970333126
bb_ipp_nonadaptive,target_error,1186,98.75,0.16942978089831218
bb_ipp_nonadaptive,target_error,1187,98.83333333333337,0.16973630093039446
bb_ipp_nonadaptive,target_error,1188,98.91666666666663,0.17059796989995565
bb_ipp_nonadaptive,target_error,1189,99.0,0.1719225933909361
bb_ipp_nonadaptive,target_error,1190,99.08333333333337,0.17267615191201457
bb_ipp_nonadaptive,target_error,1191,99.16666666666663,0.1724561991064671
bb_ipp_nonadaptive,target_error,1192,99.25,0.1709617560738245
bb_ipp_nonadaptive,target_error,1193,99.33333333333337,0.17212874215264265
bb_ipp_nonadaptive,target_error,1194,99.41666666666663,0.1724539286613621
bb_ipp_nonadaptive,target_error,1195,99.5,0.17146612283075796
bb_ipp_nonadaptive,target_error,1196,99.58333333333337,0.172239789381876
bb_ipp_nonadaptive,target_error,1197,99.66666666666663,0.17425242144197556
bb_ipp_nonadaptive,target_error,1198,99.75,0.1744215911520076
bb_ipp_nonadaptive,target_error,1199,99.83333333333337,0.174582868672109
bb_ipp_nonadaptive,target_error,1200,99.91666666666663,0.17460234348237877
bb_ipp_nonadaptive,target_error,1201,100.0,0.17408971939789716
bb_ipp_nonadaptive,target_error,1202,100.08333333333337,0.1742745655576138
bb_ipp_nonadaptive,target_error,1203,100.16666666666663,0.17494094543712962
bb_ipp_nonadaptive,target_error,1204,100.25,0.17432790469109405
bb_ipp_nonadaptive,target_error,1205,100.33333333333337,0.1750594406534333
bb_ipp_nonadaptive,target_error,1206,100.41666666666663,0.17511123913324345
bb_ipp_nonadaptive,target_error,1207,100.5,0.17554853250681976
bb_ipp_nonadaptive,target_error,1208,100.58333333333337,0.17519592596612996
bb_ipp_nonadaptive,target_error,1209,100.66666666666663,0.17455328133011003
bb_ipp_nonadaptive,target_error,1210,100.75,0.17333946784094295
bb_ipp_nonadaptive,target_error,1211,100.83333333333337,0.17346795921310823
bb_ipp_nonadaptive,target_error,1212,100.91666666666663,0.1732924740975977
bb_ipp_nonadaptive,target_error,1213,101.0,0.1753320355390077
bb_ipp_nonadaptive,target_error,1214,101.08333333333337,0.1763792858065098
bb_ipp_nonadaptive,target_error,1215,101.16666666666663,0.17625497399717974
bb_ipp_nonadaptive,target_error,1216,101.25,0.17714964621467147
bb_ipp_nonadaptive,target_error,1217,101.33333333333337,0.1766877149579461
bb_ipp_nonadaptive,target_error,1218,101.41666666666663,0.17701271584267933
bb_ipp_nonadaptive,target_error,1219,101.5,0.17714883141943494
bb_ipp_nonadaptive,target_error,1220,101.58333333333337,0.1761003052072464
bb_ipp_nonadaptive,target_error,1221,101.66666666666663,0.17655054467834094
bb_ipp_nonadaptive,target_error,1222,101.75,0.17701938668015826
bb_ipp_nonadaptive,target_error,1223,101.83333333333337,0.17769155511656176
bb_ipp_nonadaptive,target_error,1224,101.91666666666663,0.17978007919214828
bb_ipp_nonadaptive,target_error,1225,102.0,0.18008721087444804
bb_ipp_nonadaptive,target_error,1226,102.08333333333337,0.18068955603030631
bb_ipp_nonadaptive,target_error,1227,102.16666666666663,0.1814160481899292
bb_ipp_nonadaptive,target_error,1228,102.25,0.18035423378612395
bb_ipp_nonadaptive,target_error,1229,102.33333333333337,0.18005136866636615
bb_ipp_nonadaptive,target_error,1230,102.41666666666663,0.17929252203766943
bb_ipp_nonadaptive,target_error,1231,102.5,0.17786180711482577
bb_ipp_nonadaptive,target_error,1232,102.58333333333337,0.17864262014525714
bb_ipp_nonadaptive,target_error,1233,102.66666666666663,0.17920417346561499
bb_ipp_nonadaptive,target_error,1234,102.75,0.17930088819323625
bb_ipp_nonadaptive,target_error,1235,102.83333333333337,0.18037723024433044
bb_ipp_nonadaptive,target_error,1236,102.91666666666663,0.18067924199308996
bb_ipp_nonadaptive,target_error,1237,103.0,0.18072368126335378
bb_ipp_nonadaptive,target_error,1238,103.08333333333337,0.18066918615950736
bb_ipp_nonadaptive,target_error,1239,103.16666666666663,0.1804591786092742
bb_ipp_nonadaptive,target_error,1240,103.25,0.1800851650415353
bb_ipp_nonadaptive,target_error,1241,103.33333333333337,0.18025079948405368
bb_ipp_nonadaptive,target_error,1242,103.41666666666663,0.18070813159746155
bb_ipp_nonadaptive,target_error,1243,103.5,0.1816554466499521
bb_ipp_nonadaptive,target_error,1244,103.58333333333337,0.18275784804462628
bb_ipp_nonadaptive,target_error,1245,103.66666666666663,0.18325358937005504
bb_ipp_nonadaptive,target_error,1246,103.75,0.18351815413922523
bb_ipp_nonadaptive,target_error,1247,103.83333333333337,0.18294902267881089
bb_ipp_nonadaptive,target_error,1248,103.91666666666663,0.18380707303155347
bb_ipp_nonadaptive,target_error,1249,104.0,0.18470372258301576
bb_ipp_nonadaptive,target_error,1250,104.08333333333337,0.184619493870132
bb_ipp_nonadaptive,target_error,1251,104.16666666666663,0.18484531048511135
bb_ipp_nonadaptive,target_error,1252,104.25,0.18512486402930392
bb_ipp_nonadaptive,target_error,1253,104.33333333333337,0.1846176909912101
bb_ipp_nonadaptive,target_error,1254,104.41666666666663,0.18427651894021596
bb_ipp_nonadaptive,target_error,1255,104.5,0.1834679861753313
bb_ipp_nonadaptive,target_error,1256,104.58333333333337,0.18394620568404346
bb_ipp_nonadaptive,target_error,1257,104.66666666666663,0.1840218531304251
bb_ipp_nonadaptive,target_error,1258,104.75,0.1842754497098075
bb_ipp_nonadaptive,target_error,1259,104.83333333333337,0.1844875216399759
bb_ipp_nonadaptive,target_error,1260,104.91666666666663,0.18610714147234436
bb_ipp_nonadaptive,target_error,1261,105.0,0.1862289814062004
bb_ipp_nonadaptive,target_error,1262,105.08333333333337,0.18665906711930205
bb_ipp_nonadaptive,target_error,1263,105.16666666666663,0.18763231468761543
bb_ipp_nonadaptive,target_error,1264,105.25,0.18663085323454603
bb_ipp_nonadaptive,target_error,1265,105.33333333333337,0.18551684373449456
bb_ipp_nonadaptive,target_error,1266,105.41666666666663,0.18560292721735097
bb_ipp_nonadaptive,target_error,1267,105.5,0.18544601185781445
bb_ipp_nonadaptive,target_error,1268,105.58333333333337,0.1858211066189855
bb_ipp_nonadaptive,target_error,1269,105.66666666666663,0.18665720623737905
bb_ipp_nonadaptive,target_error,1270,105.75,0.1861430860808959
bb_ipp_nonadaptive,target_error,1271,105.83333333333337,0.18708133568402366
bb_ipp_nonadaptive,target_error,1272,105.91666666666663,0.18789027206061293
bb_ipp_nonadaptive,target_error,1273,106.0,0.18812957905324812
bb_ipp_nonadaptive,target_error,1274,106.08333333333337,0.1876362078234822
bb_ipp_nonadaptive,target_error,1275,106.16666666666663,0.18747261507505447
bb_ipp_nonadaptive,target_error,1276,106.25,0.18841489707570064
bb_ipp_nonadaptive,target_error,1277,106.33333333333337,0.18812892448471188
bb_ipp_nonadaptive,target_error,1278,106.41666666666663,0.1878498741637104
bb_ipp_nonadaptive,target_error,1279,106.5,0.18750262976751
bb_ipp_nonadaptive,target_error,1280,106.58333333333337,0.18875201960771534
bb_ipp_nonadaptive,target_error,1281,106.66666666666663,0.1886472329512907
bb_ipp_nonadaptive,target_error,1282,106.75,0.18974232898400684
bb_ipp_nonadaptive,target_error,1283,106.83333333333337,0.1908146867205253
bb_ipp_nonadaptive,target_error,1284,106.91666666666663,0.19078470253021038
bb_ipp_nonadaptive,target_error,1285,107.0,0.19101876038230178
bb_ipp_nonadaptive,target_error,1286,107.08333333333337,0.19095823076027993
bb_ipp_nonadaptive,target_error,1287,107.16666666666663,0.19088639012915973
bb_ipp_nonadaptive,target_error,1288,107.25,0.19194432994960064
bb_ipp_nonadaptive,target_error,1289,107.33333333333337,0.19266855715794085
bb_ipp_nonadaptive,target_error,1290,107.41666666666663,0.19189495852967492
bb_ipp_nonadaptive,target_error,1291,107.5,0.1925997474396365
bb_ipp_nonadaptive,target_error,1292,107.58333333333337,0.19276579241417
bb_ipp_nonadaptive,target_error,1293,107.66666666666663,0.19294624489183548
bb_ipp_nonadaptive,target_error,1294,107.75,0.19285403609520615
bb_ipp_nonadaptive,target_error,1295,107.83333333333337,0.19322929783621892
bb_ipp_nonadaptive,target_error,1296,107.91666666666663,0.19357674602203653
bb_ipp_nonadaptive,target_error,1297,108.0,0.19340428011914046
bb_ipp_nonadaptive,target_error,1298,108.08333333333337,0.1938605640189402
bb_ipp_nonadaptive,target_error,1299,108.16666666666663,0.1938563741906076
bb_ipp_nonadaptive,target_error,1300,108.25,0.19355802866816982
bb_ipp_nonadaptive,target_error,1301,108.33333333333337,0.19378292362673077
bb_ipp_nonadaptive,target_error,1302,108.41666666666663,0.19339900129520626
bb_ipp_nonadaptive,target_error,1303,108.5,0.19398164471825516
bb_ipp_nonadaptive,target_error,1304,108.58333333333337,0.19454518288080852
bb_ipp_nonadaptive,target_error,1305,108.66666666666663,0.19461567967808874
bb_ipp_nonadaptive,target_error,1306,108.75,0.194881429841291
bb_ipp_nonadaptive,target_error,1307,108.83333333333337,0.1943576518181055
bb_ipp_nonadaptive,target_error,1308,108.91666666666663,0.19541341166182996
bb_ipp_nonadaptive,target_error,1309,109.0,0.19565808016494554
bb_ipp_nonadaptive,target_error,1310,109.08333333333337,0.19487081301775233
bb_ipp_nonadaptive,target_error,1311,109.16666666666663,0.19496857126514622
bb_ipp_nonadaptive,target_error,1312,109.25,0.19551875106162597
bb_ipp_nonadaptive,target_error,1313,109.33333333333337,0.19569548960392366
bb_ipp_nonadaptive,target_error,1314,109.41666666666663,0.1956950160013852
bb_ipp_nonadaptive,target_error,1315,109.5,0.1963312068680522
bb_ipp_nonadaptive,target_error,1316,109.58333333333337,0.19698584358705787
bb_ipp_nonadaptive,target_error,1317,109.66666666666663,0.19732848676665107
bb_ipp_nonadaptive,target_error,1318,109.75,0.19772476035004682
bb_ipp_nonadaptive,target_error,1319,109.83333333333337,0.1982917568759856
bb_ipp_nonadaptive,target_error,1320,109.91666666666663,0.19808263593731287
bb_ipp_nonadaptive,target_error,1321,110.0,0.19834869989451745
bb_ipp_nonadaptive,target_error,1322,110.08333333333337,0.19795728863858592
bb_ipp_nonadaptive,target_error,1323,110.16666666666663,0.1983400004167469
bb_ipp_nonadaptive,target_error,1324,110.25,0.19853597627781536
bb_ipp_nonadaptive,target_error,1325,110.33333333333337,0.19859420934653665
bb_ipp_nonadaptive,target_error,1326,110.41666666666663,0.19818093000700904
bb_ipp_nonadaptive,target_error,1327,110.5,0.19828315431245427
bb_ipp_nonadaptive,target_error,1328,110.58333333333337,0.19784310689412268
bb_ipp_nonadaptive,target_error,1329,110.66666666666663,0.1979663785741706
bb_ipp_nonadaptive,target_error,1330,110.75,0.1983298562532633
bb_ipp_nonadaptive,target_error,1331,110.83333333333337,0.19892232208742341
bb_ipp_nonadaptive,target_error,1332,110.91666666666663,0.19873519869330908
bb_ipp_nonadaptive,target_error,1333,111.0,0.19928038540323498
bb_ipp_nonadaptive,target_error,1334,111.08333333333337,0.19892200631476237
bb_ipp_nonadaptive,target_error,1335,111.16666666666663,0.1989421345059298
bb_ipp_nonadaptive,target_error,1336,111.25,0.19908099447472002
bb_ipp_nonadaptive,target_error,1337,111.33333333333337,0.19938181816596315
bb_ipp_nonadaptive,target_error,1338,111.41666666666663,0.199499701587158
bb_ipp_nonadaptive,target_error,1339,111.5,0.19961362318426457
bb_ipp_nonadaptive,target_error,1340,111.58333333333337,0.1995085117020824
bb_ipp_nonadaptive,target_error,1341,111.66666666666663,0.1995699952966059
bb_ipp_nonadaptive,target_error,1342,111.75,0.1995240679570101
bb_ipp_nonadaptive,target_error,1343,111.83333333333337,0.19958315548018143
bb_ipp_nonadaptive,target_error,1344,111.91666666666663,0.1997143360813019
bb_ipp_nonadaptive,target_error,1345,112.0,0.20016840520445076
bb_ipp_nonadaptive,target_error,1346,112.08333333333337,0.2003647706101904
bb_ipp_nonadaptive,target_error,1347,112.16666666666663,0.20021760683040676
bb_ipp_nonadaptive,target_error,1348,112.25,0.2004188410672525
bb_ipp_nonadaptive,target_error,1349,112.33333333333337,0.2004570023516801
bb_ipp_nonadaptive,target_error,1350,112.41666666666663,0.20042877808246537
bb_ipp_nonadaptive,target_error,1351,112.5,0.20039557118644927
bb_ipp_nonadaptive,target_error,1352,112.58333333333337,0.2003735966808287
bb_ipp_nonadaptive,target_error,1353,112.66666666666663,0.20066948904896323
bb_ipp_nonadaptive,target_error,1354,112.75,0.20043741862567485
bb_ipp_nonadaptive,target_error,1355,112.83333333333337,0.20020266566717168
bb_ipp_nonadaptive,target_error,1356,112.91666666666663,0.20021434770836527
bb_ipp_nonadaptive,target_error,1357,113.0,0.2000103835959652
bb_ipp_nonadaptive,target_error,1358,113.08333333333337,0.2003446558936374
bb_ipp_nonadaptive,target_error,1359,113.16666666666663,0.20033942041375605
bb_ipp_nonadaptive,target_error,1360,113.25,0.19991739398305494
bb_ipp_nonadaptive,target_error,1361,113.33333333333337,0.20008313698124636
bb_ipp_nonadaptive,target_error,1362,113.41666666666663,0.19942019176817385
bb_ipp_nonadaptive,target_error,1363,113.5,0.1993602878416571
bb_ipp_nonadaptive,target_error,1364,113.58333333333337,0.1997549987865611
bb_ipp_nonadaptive,target_error,1365,113.66666666666663,0.20000168852080402
bb_ipp_nonadaptive,target_error,1366,113.75,0.19998287311081162
bb_ipp_nonadaptive,target_error,1367,113.83333333333337,0.1993574096536785
bb_ipp_nonadaptive,target_error,1368,113.91666666666663,0.1982631136353008
bb_ipp_nonadaptive,target_error,1369,114.0,0.19678618335898718
bb_ipp_nonadaptive,target_error,1370,114.08333333333337,0.19687588143529752
bb_ipp_nonadaptive,target_error,1371,114.16666666666663,0.19476528764470702
bb_ipp_nonadaptive,target_error,1372,114.25,0.194516891823254
bb_ipp_nonadaptive,target_error,1373,114.33333333333337,0.1935346375052847
bb_ipp_nonadaptive,target_error,1374,114.41666666666663,0.19011700903607542
bb_ipp_nonadaptive,target_error,1375,114.5,0.19220060492610722
bb_ipp_nonadaptive,target_error,1376,114.58333333333337,0.18693085779904195
bb_ipp_nonadaptive,target_error,1377,114.66666666666663,0.18388628605934676
bb_ipp_nonadaptive,target_error,1378,114.75,0.18265147863481482
bb_ipp_nonadaptive,target_error,1379,114.83333333333337,0.17977087621325638
bb_ipp_nonadaptive,target_error,1380,114.91666666666663,0.18177371522595276
bb_ipp_nonadaptive,target_error,1381,115.0,0.17179127288335916
bb_ipp_nonadaptive,target_error,1382,115.08333333333337,0.17511752111338444
bb_ipp_nonadaptive,target_error,1383,115.16666666666663,0.1785360915252167
bb_ipp_nonadaptive,target_error,1384,115.25,0.17048151063715544
bb_ipp_nonadaptive,target_error,1385,115.33333333333337,0.16922732507951932
bb_ipp_nonadaptive,target_error,1386,115.41666666666663,0.1652355156426184
bb_ipp_nonadaptive,target_error,1387,115.5,0.16594066302749794
bb_ipp_nonadaptive,target_error,1388,115.58333333333337,0.16656927408995098
bb_ipp_nonadaptive,target_error,1389,115.66666666666663,0.17140589864779424
bb_ipp_nonadaptive,target_error,1390,115.75,0.16631190172867502
bb_ipp_nonadaptive,target_error,1391,115.83333333333337,0.16924028032162458
bb_ipp_nonadaptive,target_error,1392,115.91666666666663,0.1632256969081871
bb_ipp_nonadaptive,target_error,1393,116.0,0.16353879199331417
bb_ipp_nonadaptive,target_error,1394,116.08333333333337,0.16452211974582998
bb_ipp_nonadaptive,target_error,1395,116.16666666666663,0.16152389855822682
bb_ipp_nonadaptive,target_error,1396,116.25,0.1596815133395068
bb_ipp_nonadaptive,target_error,1397,116.33333333333337,0.1612386419309702
bb_ipp_nonadaptive,target_error,1398,116.41666666666663,0.16026883136834935
bb_ipp_nonadaptive,target_error,1399,116.5,0.15985979594228816
bb_ipp_nonadaptive,target_error,1400,116.58333333333337,0.1577407799545054
bb_ipp_nonadaptive,target_error,1401,116.66666666666663,0.1593050971749369
bb_ipp_nonadaptive,target_error,1402,116.75,0.15816187132941603
bb_ipp_nonadaptive,target_error,1403,116.83333333333337,0.158763075174512
bb_ipp_nonadaptive,target_error,1404,116.91666666666663,0.15882393957698662
bb_ipp_nonadaptive,target_error,1405,117.0,0.16102506775328934
bb_ipp_nonadaptive,target_error,1406,117.08333333333337,0.16055231021278785
bb_ipp_nonadaptive,target_error,1407,117.16666666666663,0.16113817216254822
bb_ipp_nonadaptive,target_error,1408,117.25,0.16056071345186673
bb_ipp_nonadaptive,target_error,1409,117.33333333333337,0.16318460298979529
bb_ipp_nonadaptive,target_error,1410,117.41666666666663,0.16438290656089616
bb_ipp_nonadaptive,target_error,1411,117.5,0.1647524340856885
bb_ipp_nonadaptive,target_error,1412,117.58333333333337,0.1669189394568341
bb_ipp_nonadaptive,target_error,1413,117.66666666666663,0.1663762689304045
bb_ipp_nonadaptive,target_error,1414,117.75,0.16766733412757534
bb_ipp_nonadaptive,target_error,1415,117.83333333333337,0.1655005714445856
bb_ipp_nonadaptive,target_error,1416,117.91666666666663,0.1664322336734742
bb_ipp_nonadaptive,target_error,1417,118.0,0.16773240210164098
bb_ipp_nonadaptive,target_error,1418,118.08333333333337,0.16827717363387865
bb_ipp_nonadaptive,target_error,1419,118.16666666666663,0.16943355740686436
bb_ipp_nonadaptive,target_error,1420,118.25,0.17167890950765488
bb_ipp_nonadaptive,target_error,1421,118.33333333333337,0.17160841256002943
bb_ipp_nonadaptive,target_error,1422,118.41666666666663,0.17259675638360136
bb_ipp_nonadaptive,target_error,1423,118.5,0.1732152831267901
bb_ipp_nonadaptive,target_error,1424,118.58333333333337,0.17227525972360794
bb_ipp_nonadaptive,target_error,1425,118.66666666666663,0.17300202427216402
bb_ipp_nonadaptive,target_error,1426,118.75,0.17395467924209027
bb_ipp_nonadaptive,target_error,1427,118.83333333333337,0.17445321388486462
bb_ipp_nonadaptive,target_error,1428,118.91666666666663,0.1758212313898676
bb_ipp_nonadaptive,target_error,1429,119.0,0.1757708594706002
bb_ipp_nonadaptive,target_error,1430,119.08333333333337,0.17619732706219893
bb_ipp_nonadaptive,target_error,1431,119.16666666666663,0.1768455104084232
bb_ipp_nonadaptive,target_error,1432,119.25,0.17740753905223322
bb_ipp_nonadaptive,target_error,1433,119.33333333333337,0.17857161272397012
bb_ipp_nonadaptive,target_error,1434,119.41666666666663,0.17834475906674557
bb_ipp_nonadaptive,target_error,1435,119.5,0.17852058159815537
bb_ipp_nonadaptive,target_error,1436,119.58333333333337,0.17938300744541297
bb_ipp_nonadaptive,target_error,1437,119.66666666666663,0.18002509663427702
bb_ipp_nonadaptive,target_error,1438,119.75,0.18063552072348615
bb_ipp_nonadaptive,target_error,1439,119.83333333333337,0.1809036804087146
bb_ipp_nonadaptive,target_error,1440,119.91666666666663,0.18131946519816391
bb_ipp_nonadaptive,target_error,1441,120.0,0.1812005002695726
bb_ipp_nonadaptive,target_error,1442,120.08333333333337,0.1813188460236067
bb_ipp_nonadaptive,target_error,1443,120.16666666666663,0.18220362838763918
bb_ipp_nonadaptive,target_error,1444,120.25,0.1823036884235724
bb_ipp_nonadaptive,target_error,1445,120.33333333333337,0.1823703359096074
bb_ipp_nonadaptive,target_error,1446,120.41666666666663,0.18247974279649867
bb_ipp_nonadaptive,target_error,1447,120.5,0.18258279003576136
bb_ipp_nonadaptive,target_error,1448,120.58333333333337,0.1828150928981766
bb_ipp_nonadaptive,target_error,1449,120.66666666666663,0.18330135845249082
bb_ipp_nonadaptive,target_error,1450,120.75,0.18359453223545985
bb_ipp_nonadaptive,target_error,1451,120.83333333333337,0.18330806854796833
bb_ipp_nonadaptive,target_error,1452,120.91666666666663,0.18410822691090029
bb_ipp_nonadaptive,target_error,1453,121.0,0.18406353747112422
bb_ipp_nonadaptive,target_error,1454,121.08333333333337,0.18405151768751235
bb_ipp_nonadaptive,target_error,1455,121.16666666666663,0.18381723526609065
bb_ipp_nonadaptive,target_error,1456,121.25,0.18428299662647327
bb_ipp_nonadaptive,target_error,1457,121.33333333333337,0.18442560300695565
bb_ipp_nonadaptive,target_error,1458,121.41666666666663,0.18467930461702375
bb_ipp_nonadaptive,target_error,1459,121.5,0.18477294464406607
bb_ipp_nonadaptive,target_error,1460,121.58333333333337,0.18583964686869736
bb_ipp_nonadaptive,target_error,1461,121.66666666666663,0.18612576475058978
bb_ipp_nonadaptive,target_error,1462,121.75,0.1856674520428869
bb_ipp_nonadaptive,target_error,1463,121.83333333333337,0.18610324476109041
bb_ipp_nonadaptive,target_error,1464,121.91666666666663,0.18602344207141164
bb_ipp_nonadaptive,target_error,1465,122.0,0.18572967269829718
bb_ipp_nonadaptive,target_error,1466,122.08333333333337,0.18671380017064682
bb_ipp_nonadaptive,target_error,1467,122.16666666666663,0.18671871001821344
bb_ipp_nonadaptive,target_error,1468,122.25,0.1869545441628375
bb_ipp_nonadaptive,target_error,1469,122.33333333333337,0.18768653175595698
bb_ipp_nonadaptive,target_error,1470,122.41666666666663,0.188449828013248
bb_ipp_nonadaptive,target_error,1471,122.5,0.1882608886844976
bb_ipp_nonadaptive,target_error,1472,122.58333333333337,0.1888336765328598
bb_ipp_nonadaptive,target_error,1473,122.66666666666663,0.18941131513278536
bb_ipp_nonadaptive,target_error,1474,122.75,0.19080934537473074
bb_ipp_nonadaptive,target_error,1475,122.83333333333337,0.1909597840062791
bb_ipp_nonadaptive,target_error,1476,122.91666666666663,0.18947798811470978
bb_ipp_nonadaptive,target_error,1477,123.0,0.18998971756738772
bb_ipp_nonadaptive,target_error,1478,123.08333333333337,0.18935193453691823
bb_ipp_nonadaptive,target_error,1479,123.16666666666663,0.18902612080395134
bb_ipp_nonadaptive,target_error,1480,123.25,0.1905079138274738
bb_ipp_nonadaptive,target_error,1481,123.33333333333337,0.19203969725777717
bb_ipp_nonadaptive,target_error,1482,123.41666666666663,0.19282762945478732
bb_ipp_nonadaptive,target_error,1483,123.5,0.1934116490137552
bb_ipp_nonadaptive,target_error,1484,123.58333333333337,0.1930158920810585
bb_ipp_nonadaptive,target_error,1485,123.66666666666663,0.19213131576698275
bb_ipp_nonadaptive,target_error,1486,123.75,0.1910639326587311
bb_ipp_nonadaptive,target_error,1487,123.83333333333337,0.19154595859557208
bb_ipp_nonadaptive,target_error,1488,123.91666666666663,0.19320590432564735
bb_ipp_nonadaptive,target_error,1489,124.0,0.19414159712302875
bb_ipp_nonadaptive,target_error,1490,124.08333333333337,0.1948956888292825
bb_ipp_nonadaptive,target_error,1491,124.16666666666663,0.19273720713132753
bb_ipp_nonadaptive,target_error,1492,124.25,0.19201250987819607
bb_ipp_nonadaptive,target_error,1493,124.33333333333337,0.18969366866687573
bb_ipp_nonadaptive,target_error,1494,124.41666666666663,0.19011033873862992
bb_ipp_nonadaptive,target_error,1495,124.5,0.18976292581305
bb_ipp_nonadaptive,target_error,1496,124.58333333333337,0.1868756577070776
bb_ipp_nonadaptive,target_error,1497,124.66666666666663,0.18556201580788664
bb_ipp_nonadaptive,target_error,1498,124.75,0.18258854175761377
bb_ipp_nonadaptive,target_error,1499,124.83333333333337,0.18048755516654216
bb_ipp_nonadaptive,target_error,1500,124.91666666666663,0.17773014655663733
bb_ipp_nonadaptive,target_error,1501,125.0,0.17488816354603298
bb_ipp_nonadaptive,target_error,1502,125.08333333333337,0.1730779227759033
bb_ipp_nonadaptive,target_error,1503,125.16666666666663,0.16934640390507902
bb_ipp_nonadaptive,target_error,1504,125.25,0.1715114030229634
bb_ipp_nonadaptive,target_error,1505,125.33333333333337,0.16827268408514093
bb_ipp_nonadaptive,target_error,1506,125.41666666666663,0.16807042550194476
bb_ipp_nonadaptive,target_error,1507,125.5,0.16726745215618719
bb_ipp_nonadaptive,target_error,1508,125.58333333333337,0.16179666793772418
bb_ipp_nonadaptive,target_error,1509,125.66666666666663,0.16222038485155874
bb_ipp_nonadaptive,target_error,1510,125.75,0.15793970271282204
bb_ipp_nonadaptive,target_error,1511,125.83333333333337,0.15605616468600159
bb_ipp_nonadaptive,target_error,1512,125.91666666666663,0.14908577443508855
bb_ipp_nonadaptive,target_error,1513,126.0,0.15189378005620144
bb_ipp_nonadaptive,target_error,1514,126.08333333333337,0.15103164207438557
bb_ipp_nonadaptive,target_error,1515,126.16666666666663,0.14892050808882457
bb_ipp_nonadaptive,target_error,1516,126.25,0.14707174669686338
bb_ipp_nonadaptive,target_error,1517,126.33333333333337,0.1403895292045074
bb_ipp_nonadaptive,target_error,1518,126.41666666666663,0.13804009052167987
bb_ipp_nonadaptive,target_error,1519,126.5,0.13868372975952503
bb_ipp_nonadaptive,target_error,1520,126.58333333333337,0.1411793857999558
bb_ipp_nonadaptive,target_error,1521,126.66666666666663,0.14038200818858726
bb_ipp_nonadaptive,target_error,1522,126.75,0.14383801528385196
bb_ipp_nonadaptive,target_error,1523,126.83333333333337,0.13953436510017642
bb_ipp_nonadaptive,target_error,1524,126.91666666666663,0.14130925338454803
bb_ipp_nonadaptive,target_error,1525,127.0,0.13948537565667585
bb_ipp_nonadaptive,target_error,1526,127.08333333333337,0.13992120508448322
bb_ipp_nonadaptive,target_error,1527,127.16666666666663,0.14024315210741242
bb_ipp_nonadaptive,target_error,1528,127.25,0.1378026989402426
bb_ipp_nonadaptive,target_error,1529,127.33333333333337,0.13948195765540294
bb_ipp_nonadaptive,target_error,1530,127.41666666666663,0.14353036687331877
bb_ipp_nonadaptive,target_error,1531,127.5,0.14522393555532742
bb_ipp_nonadaptive,target_error,1532,127.58333333333337,0.139386399563473
bb_ipp_nonadaptive,target_error,1533,127.66666666666663,0.14104392490613576
bb_ipp_nonadaptive,target_error,1534,127.75,0.14131667784375446
bb_ipp_nonadaptive,target_error,1535,127.83333333333337,0.1465110801997709
bb_ipp_nonadaptive,target_error,1536,127.91666666666663,0.14348921813219312
bb_ipp_nonadaptive,target_error,1537,128.0,0.1434957548270076
bb_ipp_nonadaptive,target_error,1538,128.08333333333337,0.14388742596812457
bb_ipp_nonadaptive,target_error,1539,128.16666666666663,0.1449847403849268
bb_ipp_nonadaptive,target_error,1540,128.25,0.14524096428043917
bb_ipp_nonadaptive,target_error,1541,128.33333333333337,0.1453523621570246
bb_ipp_nonadaptive,target_error,1542,128.41666666666663,0.14787370164799482
bb_ipp_nonadaptive,target_error,1543,128.5,0.14954106136862544
bb_ipp_nonadaptive,target_error,1544,128.58333333333337,0.14954511132751463
bb_ipp_nonadaptive,target_error,1545,128.66666666666663,0.15122658251724283
bb_ipp_nonadaptive,target_error,1546,128.75,0.14852149774584997
bb_ipp_nonadaptive,target_error,1547,128.83333333333337,0.14986344533498105
bb_ipp_nonadaptive,target_error,1548,128.91666666666663,0.14941175081041325
bb_ipp_nonadaptive,target_error,1549,129.0,0.15314177106857255
bb_ipp_nonadaptive,target_error,1550,129.08333333333337,0.15578118002994193
bb_ipp_nonadaptive,target_error,1551,129.16666666666663,0.15499707872504992
bb_ipp_nonadaptive,target_error,1552,129.25,0.15508209847732454
bb_ipp_nonadaptive,target_error,1553,129.33333333333337,0.15602168612235567
bb_ipp_nonadaptive,target_error,1554,129.41666666666663,0.15639183087595984
bb_ipp_nonadaptive,target_error,1555,129.5,0.1556706684744951
bb_ipp_nonadaptive,target_error,1556,129.58333333333337,0.156098929656942
bb_ipp_nonadaptive,target_error,1557,129.66666666666663,0.156752512220638
bb_ipp_nonadaptive,target_error,1558,129.75,0.15857629487121871
bb_ipp_nonadaptive,target_error,1559,129.83333333333337,0.1590637882341896
bb_ipp_nonadaptive,target_error,1560,129.91666666666663,0.15955588277824642
bb_ipp_nonadaptive,target_error,1561,130.0,0.16040752131028452
bb_ipp_nonadaptive,target_error,1562,130.08333333333337,0.1605988027203408
bb_ipp_nonadaptive,target_error,1563,130.16666666666663,0.1606390575882172
bb_ipp_nonadaptive,target_error,1564,130.25,0.1614988019969521
bb_ipp_nonadaptive,target_error,1565,130.33333333333337,0.16214070484881815
bb_ipp_nonadaptive,target_error,1566,130.41666666666663,0.16330572775894162
bb_ipp_nonadaptive,target_error,1567,130.5,0.16372765222542177
bb_ipp_nonadaptive,target_error,1568,130.58333333333337,0.16307969361167984
bb_ipp_nonadaptive,target_error,1569,130.66666666666663,0.1636640061261588
bb_ipp_nonadaptive,target_error,1570,130.75,0.16411913158933722
bb_ipp_nonadaptive,target_error,1571,130.83333333333337,0.16453353639023593
bb_ipp_nonadaptive,target_error,1572,130.91666666666663,0.16552338346864723
bb_ipp_nonadaptive,target_error,1573,131.0,0.16517572771803685
bb_ipp_nonadaptive,target_error,1574,131.08333333333337,0.16604548689297147
bb_ipp_nonadaptive,target_error,1575,131.16666666666663,0.1659650296744672
bb_ipp_nonadaptive,target_error,1576,131.25,0.16619095472377576
bb_ipp_nonadaptive,target_error,1577,131.33333333333337,0.1657452224217067
bb_ipp_nonadaptive,target_error,1578,131.41666666666663,0.16663078754241348
bb_ipp_nonadaptive,target_error,1579,131.5,0.16768292765957105
bb_ipp_nonadaptive,target_error,1580,131.58333333333337,0.16758725397056387
bb_ipp_nonadaptive,target_error,1581,131.66666666666663,0.16696034882977706
bb_ipp_nonadaptive,target_error,1582,131.75,0.1669788608067748
bb_ipp_nonadaptive,target_error,1583,131.83333333333337,0.16697953090705175
bb_ipp_nonadaptive,target_error,1584,131.91666666666663,0.1675816278074431
bb_ipp_nonadaptive,target_error,1585,132.0,0.16758312454340293
bb_ipp_nonadaptive,target_error,1586,132.08333333333337,0.1680051770909879
bb_ipp_nonadaptive,target_error,1587,132.16666666666663,0.16790715279781596
bb_ipp_nonadaptive,target_error,1588,132.25,0.16798625361674296
bb_ipp_nonadaptive,target_error,1589,132.33333333333337,0.16847083851786893
bb_ipp_nonadaptive,target_error,1590,132.41666666666663,0.16907944538266026
bb_ipp_nonadaptive,target_error,1591,132.5,0.16919519297460747
bb_ipp_nonadaptive,target_error,1592,132.58333333333337,0.1696104644962479
bb_ipp_nonadaptive,target_error,1593,132.66666666666663,0.1697434054455204
bb_ipp_nonadaptive,target_error,1594,132.75,0.17002852700299056
bb_ipp_nonadaptive,target_error,1595,132.83333333333337,0.16993150371395352
bb_ipp_nonadaptive,target_error,1596,132.91666666666663,0.17012708157394474
bb_ipp_nonadaptive,target_error,1597,133.0,0.17027690652038807
bb_ipp_nonadaptive,target_error,1598,133.08333333333337,0.1707141242219871
bb_ipp_nonadaptive,target_error,1599,133.16666666666663,0.17104437982764972
bb_ipp_nonadaptive,target_error,1600,133.25,0.17150450729253502
bb_ipp_nonadaptive,target_error,1601,133.33333333333337,0.17130444728214952
bb_ipp_nonadaptive,target_error,1602,133.41666666666663,0.1715641470989403
bb_ipp_nonadaptive,target_error,1603,133.5,0.1718268787625963
bb_ipp_nonadaptive,target_error,1604,133.58333333333337,0.17197515633006483
bb_ipp_nonadaptive,target_error,1605,133.66666666666663,0.17226001927958487
bb_ipp_nonadaptive,target_error,1606,133.75,0.17253540783514518
bb_ipp_nonadaptive,target_error,1607,133.83333333333337,0.173196323651615
bb_ipp_nonadaptive,target_error,1608,133.91666666666663,0.173387484529401
bb_ipp_nonadaptive,target_error,1609,134.0,0.1734839589608626
bb_ipp_nonadaptive,target_error,1610,134.08333333333337,0.17383825245604453
bb_ipp_nonadaptive,target_error,1611,134.16666666666663,0.1733594867329194
bb_ipp_nonadaptive,target_error,1612,134.25,0.1738935699789962
bb_ipp_nonadaptive,target_error,1613,134.33333333333337,0.17480693453683963
bb_ipp_nonadaptive,target_error,1614,134.41666666666663,0.174235347865129
bb_ipp_nonadaptive,target_error,1615,134.5,0.1744813824292338
bb_ipp_nonadaptive,target_error,1616,134.58333333333337,0.17344179917707728
bb_ipp_nonadaptive,target_error,1617,134.66666666666663,0.17316642284342523
bb_ipp_nonadaptive,target_error,1618,134.75,0.17250263646588798
bb_ipp_nonadaptive,target_error,1619,134.83333333333337,0.17241568924092457
bb_ipp_nonadaptive,target_error,1620,134.91666666666663,0.17283894915435266
bb_ipp_nonadaptive,target_error,1621,135.0,0.1725555774863788
bb_ipp_nonadaptive,target_error,1622,135.08333333333337,0.1721057909574973
bb_ipp_nonadaptive,target_error,1623,135.16666666666663,0.17131305609665512
bb_ipp_nonadaptive,target_error,1624,135.25,0.1700030481670814
bb_ipp_nonadaptive,target_error,1625,135.33333333333337,0.17006903191984635
bb_ipp_nonadaptive,target_error,1626,135.41666666666663,0.17116324290862175
bb_ipp_nonadaptive,target_error,1627,135.5,0.17064395420642237
bb_ipp_nonadaptive,target_error,1628,135.58333333333337,0.1698908084591922
bb_ipp_nonadaptive,target_error,1629,135.66666666666663,0.17013521825205957
bb_ipp_nonadaptive,target_error,1630,135.75,0.17006080517549044
bb_ipp_nonadaptive,target_error,1631,135.83333333333337,0.16726498452566527
bb_ipp_nonadaptive,target_error,1632,135.91666666666663,0.16645812287109038
bb_ipp_nonadaptive,target_error,1633,136.0,0.16748855810329963
bb_ipp_nonadaptive,target_error,1634,136.08333333333337,0.16798100916829362
bb_ipp_nonadaptive,target_error,1635,136.16666666666663,0.16701587313280306
bb_ipp_nonadaptive,target_error,1636,136.25,0.1668333529624498
bb_ipp_nonadaptive,target_error,1637,136.33333333333337,0.16670087854835922
bb_ipp_nonadaptive,target_error,1638,136.41666666666663,0.16751769102975486
bb_ipp_nonadaptive,target_error,1639,136.5,0.16725273802910148
bb_ipp_nonadaptive,target_error,1640,136.58333333333337,0.1668479748789519
bb_ipp_nonadaptive,target_error,1641,136.66666666666663,0.1677257014603175
bb_ipp_nonadaptive,target_error,1642,136.75,0.16855056117651002
bb_ipp_nonadaptive,target_error,1643,136.83333333333337,0.16856670963840656
bb_ipp_nonadaptive,target_error,1644,136.91666666666663,0.16980746835111815
bb_ipp_nonadaptive,target_error,1645,137.0,0.17099105378164695
bb_ipp_nonadaptive,target_error,1646,137.08333333333337,0.17113173608432317
bb_ipp_nonadaptive,target_error,1647,137.16666666666663,0.1716789394651648
bb_ipp_nonadaptive,target_error,1648,137.25,0.17151943320443302
bb_ipp_nonadaptive,target_error,1649,137.33333333333337,0.172460446767514
bb_ipp_nonadaptive,target_error,1650,137.41666666666663,0.17303289177198544
bb_ipp_nonadaptive,target_error,1651,137.5,0.17365801710062592
bb_ipp_nonadaptive,target_error,1652,137.58333333333337,0.17374438041137233
bb_ipp_nonadaptive,target_error,1653,137.66666666666663,0.174271927245549
bb_ipp_nonadaptive,target_error,1654,137.75,0.17427564940289522
bb_ipp_nonadaptive,target_error,1655,137.83333333333337,0.17485093303156737
bb_ipp_nonadaptive,target_error,1656,137.91666666666663,0.17517808251338574
bb_ipp_nonadaptive,target_error,1657,138.0,0.1756579921470013
bb_ipp_nonadaptive,target_error,1658,138.08333333333337,0.17583443567356558
bb_ipp_nonadaptive,target_error,1659,138.16666666666663,0.17590774030579104
bb_ipp_nonadaptive,target_error,1660,138.25,0.1762549154330519
bb_ipp_nonadaptive,target_error,1661,138.33333333333337,0.1763835252933963
bb_ipp_nonadaptive,target_error,1662,138.41666666666663,0.1771568403361152
bb_ipp_nonadaptive,target_error,1663,138.5,0.17771540875361377
bb_ipp_nonadaptive,target_error,1664,138.58333333333337,0.1784639779330616
bb_ipp_nonadaptive,target_error,1665,138.66666666666663,0.1785300159685483
bb_ipp_nonadaptive,target_error,1666,138.75,0.17902607171881008
bb_ipp_nonadaptive,target_error,1667,138.83333333333337,0.17923825661782275
bb_ipp_nonadaptive,target_error,1668,138.91666666666663,0.1792279985051387
bb_ipp_nonadaptive,target_error,1669,139.0,0.1792826611319881
bb_ipp_nonadaptive,target_error,1670,139.08333333333337,0.17943484652279165
bb_ipp_nonadaptive,target_error,1671,139.16666666666663,0.17937448636013775
bb_ipp_nonadaptive,target_error,1672,139.25,0.17979792373806205
bb_ipp_nonadaptive,target_error,1673,139.33333333333337,0.1797388778987439
bb_ipp_nonadaptive,target_error,1674,139.41666666666663,0.17989657518729904
bb_ipp_nonadaptive,target_error,1675,139.5,0.17965167058198772
bb_ipp_nonadaptive,target_error,1676,139.58333333333337,0.17979540933217297
bb_ipp_nonadaptive,target_error,1677,139.66666666666663,0.1796940510841713
bb_ipp_nonadaptive,target_error,1678,139.75,0.18075432106102748
bb_ipp_nonadaptive,target_error,1679,139.83333333333337,0.1803836928294443
bb_ipp_nonadaptive,target_error,1680,139.91666666666663,0.18085994140696182
bb_ipp_nonadaptive,target_error,1681,140.0,0.18161333771578977
bb_ipp_nonadaptive,target_error,1682,140.08333333333337,0.18053834415516165
bb_ipp_nonadaptive,target_error,1683,140.16666666666663,0.1812525612208898
bb_ipp_nonadaptive,target_error,1684,140.25,0.18184594857722755
bb_ipp_nonadaptive,target_error,1685,140.33333333333337,0.18133152366532526
bb_ipp_nonadaptive,target_error,1686,140.41666666666663,0.18163787013232705
bb_ipp_nonadaptive,target_error,1687,140.5,0.18233952186102828
bb_ipp_nonadaptive,target_error,1688,140.58333333333337,0.18202007047792135
bb_ipp_nonadaptive,target_error,1689,140.66666666666663,0.18240681802459136
bb_ipp_nonadaptive,target_error,1690,140.75,0.182966974032076
bb_ipp_nonadaptive,target_error,1691,140.83333333333337,0.1837768283586796
bb_ipp_nonadaptive,target_error,1692,140.91666666666663,0.18367010921571078
bb_ipp_nonadaptive,target_error,1693,141.0,0.18373380748257787
bb_ipp_nonadaptive,target_error,1694,141.08333333333337,0.18449848813403433
bb_ipp_nonadaptive,target_error,1695,141.16666666666663,0.18523383617224526
bb_ipp_nonadaptive,target_error,1696,141.25,0.18495774508865892
bb_ipp_nonadaptive,target_error,1697,141.33333333333337,0.18466552128440036
bb_ipp_nonadaptive,target_error,1698,141.41666666666663,0.18596255581571017
bb_ipp_nonadaptive,target_error,1699,141.5,0.18648692799826813
bb_ipp_nonadaptive,target_error,1700,141.58333333333337,0.1867737854028339
bb_ipp_nonadaptive,target_error,1701,141.66666666666663,0.18637525906375263
bb_ipp_nonadaptive,target_error,1702,141.75,0.1854736722468517
bb_ipp_nonadaptive,target_error,1703,141.83333333333337,0.18635349026812836
bb_ipp_nonadaptive,target_error,1704,141.91666666666663,0.18639376594956603
bb_ipp_nonadaptive,target_error,1705,142.0,0.18657722157020876
bb_ipp_nonadaptive,target_error,1706,142.08333333333337,0.186350913923485
bb_ipp_nonadaptive,target_error,1707,142.16666666666663,0.18691109812136156
bb_ipp_nonadaptive,target_error,1708,142.25,0.1878611179025572
bb_ipp_nonadaptive,target_error,1709,142.33333333333337,0.18849150483180543
bb_ipp_nonadaptive,target_error,1710,142.41666666666663,0.189629546323268
bb_ipp_nonadaptive,target_error,1711,142.5,0.18897727634208777
bb_ipp_nonadaptive,target_error,1712,142.58333333333337,0.1899334480346908
bb_ipp_nonadaptive,target_error,1713,142.66666666666663,0.19021041448603485
bb_ipp_nonadaptive,target_error,1714,142.75,0.19018042745633335
bb_ipp_nonadaptive,target_error,1715,142.83333333333337,0.19052817661599267
bb_ipp_nonadaptive,target_error,1716,142.91666666666663,0.19101286995504071
bb_ipp_nonadaptive,target_error,1717,143.0,0.19108785170718776
bb_ipp_nonadaptive,target_error,1718,143.08333333333337,0.19192614818550569
bb_ipp_nonadaptive,target_error,1719,143.16666666666663,0.1912108992322727
bb_ipp_nonadaptive,target_error,1720,143.25,0.19116817258014188
bb_ipp_nonadaptive,target_error,1721,143.33333333333337,0.1921905697406687
bb_ipp_nonadaptive,target_error,1722,143.41666666666663,0.19236182254136
bb_ipp_nonadaptive,target_error,1723,143.5,0.19440634239764715
bb_ipp_nonadaptive,target_error,1724,143.58333333333337,0.19372607498732342
bb_ipp_nonadaptive,target_error,1725,143.66666666666663,0.19292512606653361
bb_ipp_nonadaptive,target_error,1726,143.75,0.19370574388907427
bb_ipp_nonadaptive,target_error,1727,143.83333333333337,0.19499399010526564
bb_ipp_nonadaptive,target_error,1728,143.91666666666663,0.19540891636529267
bb_ipp_nonadaptive,target_error,1729,144.0,0.19577035559827305
bb_ipp_nonadaptive,target_error,1730,144.08333333333337,0.1947990858168306
bb_ipp_nonadaptive,target_error,1731,144.16666666666663,0.19557492906414087
bb_ipp_nonadaptive,target_error,1732,144.25,0.19611970627432013
bb_ipp_nonadaptive,target_error,1733,144.33333333333337,0.19750967877700712
bb_ipp_nonadaptive,target_error,1734,144.41666666666663,0.19778763554628906
bb_ipp_nonadaptive,target_error,1735,144.5,0.1971508047774431
bb_ipp_nonadaptive,target_error,1736,144.58333333333337,0.19689513921726334
bb_ipp_nonadaptive,target_error,1737,144.66666666666663,0.19747354435626827
bb_ipp_nonadaptive,target_error,1738,144.75,0.19802088658097122
bb_ipp_nonadaptive,target_error,1739,144.83333333333337,0.19910886119114746
bb_ipp_nonadaptive,target_error,1740,144.91666666666663,0.1999447948225845
bb_ipp_nonadaptive,target_error,1741,145.0,0.1997015096350343
bb_ipp_nonadaptive,target_error,1742,145.08333333333337,0.19922895250755743
bb_ipp_nonadaptive,target_error,1743,145.16666666666663,0.198852602553502
bb_ipp_nonadaptive,target_error,1744,145.25,0.1976538224994499
bb_ipp_nonadaptive,target_error,1745,145.33333333333337,0.198142159295282
bb_ipp_nonadaptive,target_error,1746,145.41666666666663,0.1979737170906538
bb_ipp_nonadaptive,target_error,1747,145.5,0.19766701854314886
bb_ipp_nonadaptive,target_error,1748,145.58333333333337,0.19921149592205278
bb_ipp_nonadaptive,target_error,1749,145.66666666666663,0.19937710627315536
bb_ipp_nonadaptive,target_error,1750,145.75,0.19938687627233012
bb_ipp_nonadaptive,target_error,1751,145.83333333333337,0.19881860488754594
bb_ipp_nonadaptive,target_error,1752,145.91666666666663,0.1999560824328176
bb_ipp_nonadaptive,target_error,1753,146.0,0.20097376070196063
bb_ipp_nonadaptive,target_error,1754,146.08333333333337,0.20199798759956658
bb_ipp_nonadaptive,target_error,1755,146.16666666666663,0.20064422526886314
bb_ipp_nonadaptive,target_error,1756,146.25,0.2006618443987802
bb_ipp_nonadaptive,target_error,1757,146.33333333333337,0.20165377857778807
bb_ipp_nonadaptive,target_error,1758,146.41666666666663,0.2004094688072485
bb_ipp_nonadaptive,target_error,1759,146.5,0.2008645543765608
bb_ipp_nonadaptive,target_error,1760,146.58333333333337,0.20104197650175537
bb_ipp_nonadaptive,target_error,1761,146.66666666666663,0.2013524244418804
bb_ipp_nonadaptive,target_error,1762,146.75,0.20167226238814637
bb_ipp_nonadaptive,target_error,1763,146.83333333333337,0.20142860722105155
bb_ipp_nonadaptive,target_error,1764,146.91666666666663,0.20184104915221843
bb_ipp_nonadaptive,target_error,1765,147.0,0.2027508571674327
bb_ipp_nonadaptive,target_error,1766,147.08333333333337,0.2022871306457913
bb_ipp_nonadaptive,target_error,1767,147.16666666666663,0.20221092823963538
bb_ipp_nonadaptive,target_error,1768,147.25,0.202426370973198
bb_ipp_nonadaptive,target_error,1769,147.33333333333337,0.20298767336156223
bb_ipp_nonadaptive,target_error,1770,147.41666666666663,0.2025513728900368
bb_ipp_nonadaptive,target_error,1771,147.5,0.2041204121721842
bb_ipp_nonadaptive,target_error,1772,147.58333333333337,0.2040086311908764
bb_ipp_nonadaptive,target_error,1773,147.66666666666663,0.2035241908735516
bb_ipp_nonadaptive,target_error,1774,147.75,0.20454436047178243
bb_ipp_nonadaptive,target_error,1775,147.83333333333337,0.20394947664323712
bb_ipp_nonadaptive,target_error,1776,147.91666666666663,0.20294363214973526
bb_ipp_nonadaptive,target_error,1777,148.0,0.2025075063887018
bb_ipp_nonadaptive,target_error,1778,148.08333333333337,0.20368857987096958
bb_ipp_nonadaptive,target_error,1779,148.16666666666663,0.2033231156574516
bb_ipp_nonadaptive,target_error,1780,148.25,0.20351751208075802
bb_ipp_nonadaptive,target_error,1781,148.33333333333337,0.20427087415000483
bb_ipp_nonadaptive,target_error,1782,148.41666666666663,0.2038844384939148
bb_ipp_nonadaptive,target_error,1783,148.5,0.20249731954930486
bb_ipp_nonadaptive,target_error,1784,148.58333333333337,0.20397630188951235
bb_ipp_nonadaptive,target_error,1785,148.66666666666663,0.20192333647189534
bb_ipp_nonadaptive,target_error,1786,148.75,0.19779495099605435
bb_ipp_nonadaptive,target_error,1787,148.83333333333337,0.19531476743912604
bb_ipp_nonadaptive,target_error,1788,148.91666666666663,0.1932821575219399
bb_ipp_nonadaptive,target_error,1789,149.0,0.19464182290697035
bb_ipp_nonadaptive,target_error,1790,149.08333333333337,0.1943896544023371
bb_ipp_nonadaptive,target_error,1791,149.16666666666663,0.1931531376755236
bb_ipp_nonadaptive,target_error,1792,149.25,0.19377289833745912
bb_ipp_nonadaptive,target_error,1793,149.33333333333337,0.19513850978794986
bb_ipp_nonadaptive,target_error,1794,149.41666666666663,0.1945800777295536
bb_ipp_nonadaptive,target_error,1795,149.5,0.1954853166874519
bb_ipp_nonadaptive,target_error,1796,149.58333333333337,0.19195501938512438
bb_ipp_nonadaptive,target_error,1797,149.66666666666663,0.18804847965331425
bb_ipp_nonadaptive,target_error,1798,149.75,0.18492154107503703
bb_ipp_nonadaptive,target_error,1799,149.83333333333337,0.18262830200960875
bb_ipp_nonadaptive,target_error,1800,149.91666666666663,0.18014033174980779
bb_ipp_nonadaptive,target_error,1801,150.0,0.1796689574152946
bb_ipp_nonadaptive,target_error,1802,150.08333333333337,0.17724201219647145
bb_ipp_nonadaptive,target_error,1803,150.16666666666663,0.17253747042659526
bb_ipp_nonadaptive,target_error,1804,150.25,0.1686597217944891
bb_ipp_nonadaptive,target_error,1805,150.33333333333337,0.16994124999749008
bb_ipp_nonadaptive,target_error,1806,150.41666666666663,0.16766703117427612
bb_ipp_nonadaptive,target_error,1807,150.5,0.1618970987028508
bb_ipp_nonadaptive,target_error,1808,150.58333333333337,0.16219039029113283
bb_ipp_nonadaptive,target_error,1809,150.66666666666663,0.16188485061479516
bb_ipp_nonadaptive,target_error,1810,150.75,0.16116129171569468
bb_ipp_nonadaptive,target_error,1811,150.83333333333337,0.16111856084901216
bb_ipp_nonadaptive,target_error,1812,150.91666666666663,0.16256454211016258
bb_ipp_nonadaptive,target_error,1813,151.0,0.16191157919832874
bb_ipp_nonadaptive,target_error,1814,151.08333333333337,0.16083200644654594
bb_ipp_nonadaptive,target_error,1815,151.16666666666663,0.161333734041768
bb_ipp_nonadaptive,target_error,1816,151.25,0.16336526166630766
bb_ipp_nonadaptive,target_error,1817,151.33333333333337,0.16047459191600508
bb_ipp_nonadaptive,target_error,1818,151.41666666666663,0.1611179301380734
bb_ipp_nonadaptive,target_error,1819,151.5,0.16035175039439614
bb_ipp_nonadaptive,target_error,1820,151.58333333333337,0.16044666463489288
bb_ipp_nonadaptive,target_error,1821,151.66666666666663,0.16053266719877185
bb_ipp_nonadaptive,target_error,1822,151.75,0.162024930581727
bb_ipp_nonadaptive,target_error,1823,151.83333333333337,0.1636907531805808
bb_ipp_nonadaptive,target_error,1824,151.91666666666663,0.16244640774039332
bb_ipp_nonadaptive,target_error,1825,152.0,0.1612056444552693
bb_ipp_nonadaptive,target_error,1826,152.08333333333337,0.16081285923120803
bb_ipp_nonadaptive,target_error,1827,152.16666666666663,0.16069733006218784
bb_ipp_nonadaptive,target_error,1828,152.25,0.1604633615004432
bb_ipp_nonadaptive,target_error,1829,152.33333333333337,0.16063563603248607
bb_ipp_nonadaptive,target_error,1830,152.41666666666663,0.16113690900604127
bb_ipp_nonadaptive,target_error,1831,152.5,0.16233656182989192
bb_ipp_nonadaptive,target_error,1832,152.58333333333337,0.16303527848283997
bb_ipp_nonadaptive,target_error,1833,152.66666666666663,0.16431501917481126
bb_ipp_nonadaptive,target_error,1834,152.75,0.16482143874193328
bb_ipp_nonadaptive,target_error,1835,152.83333333333337,0.1656974521017545
bb_ipp_nonadaptive,target_error,1836,152.91666666666663,0.166264675710906
bb_ipp_nonadaptive,target_error,1837,153.0,0.16895090397679924
bb_ipp_nonadaptive,target_error,1838,153.08333333333337,0.17022652215629605
bb_ipp_nonadaptive,target_error,1839,153.16666666666663,0.16970862778840975
bb_ipp_nonadaptive,target_error,1840,153.25,0.16923113007995946
bb_ipp_nonadaptive,target_error,1841,153.33333333333337,0.1707178986567385
bb_ipp_nonadaptive,target_error,1842,153.41666666666663,0.1714698463054609
bb_ipp_nonadaptive,target_error,1843,153.5,0.1713824336230364
bb_ipp_nonadaptive,target_error,1844,153.58333333333337,0.1722337017898839
bb_ipp_nonadaptive,target_error,1845,153.66666666666663,0.17114181758879432
bb_ipp_nonadaptive,target_error,1846,153.75,0.1716355517908954
bb_ipp_nonadaptive,target_error,1847,153.83333333333337,0.17215920640650728
bb_ipp_nonadaptive,target_error,1848,153.91666666666663,0.17184854501883515
bb_ipp_nonadaptive,target_error,1849,154.0,0.17296870383171317
bb_ipp_nonadaptive,target_error,1850,154.08333333333337,0.1736079273879702
bb_ipp_nonadaptive,target_error,1851,154.16666666666663,0.17436755316451105
bb_ipp_nonadaptive,target_error,1852,154.25,0.17525449257022746
bb_ipp_nonadaptive,target_error,1853,154.33333333333337,0.17494572309935802
bb_ipp_nonadaptive,target_error,1854,154.41666666666663,0.17621292136559952
bb_ipp_nonadaptive,target_error,1855,154.5,0.176103596664507
bb_ipp_nonadaptive,target_error,1856,154.58333333333337,0.17633447132980848
bb_ipp_nonadaptive,target_error,1857,154.66666666666663,0.17739035602940473
bb_ipp_nonadaptive,target_error,1858,154.75,0.17808419977825288
bb_ipp_nonadaptive,target_error,1859,154.83333333333337,0.17754345954023887
bb_ipp_nonadaptive,target_error,1860,154.91666666666663,0.1788686412717384
bb_ipp_nonadaptive,target_error,1861,155.0,0.17855216291768333
bb_ipp_nonadaptive,target_error,1862,155.08333333333337,0.1790710541272271
bb_ipp_nonadaptive,target_error,1863,155.16666666666663,0.17728998444999977
bb_ipp_nonadaptive,target_error,1864,155.25,0.1787043849259603
bb_ipp_nonadaptive,target_error,1865,155.33333333333337,0.17948448342262713
bb_ipp_nonadaptive,target_error,1866,155.41666666666663,0.17805428424264347
bb_ipp_nonadaptive,target_error,1867,155.5,0.17846348864384287
bb_ipp_nonadaptive,target_error,1868,155.58333333333337,0.18028832187779287
bb_ipp_nonadaptive,target_error,1869,155.66666666666663,0.1806653959502079
bb_ipp_nonadaptive,target_error,1870,155.75,0.18039596806423178
bb_ipp_nonadaptive,target_error,1871,155.83333333333337,0.18075725308762225
bb_ipp_nonadaptive,target_error,1872,155.91666666666663,0.18190818609185952
bb_ipp_nonadaptive,target_error,1873,156.0,0.18214255125409615
bb_ipp_nonadaptive,target_error,1874,156.08333333333337,0.18304645703350889
bb_ipp_nonadaptive,target_error,1875,156.16666666666663,0.1830216318033145
bb_ipp_nonadaptive,target_error,1876,156.25,0.18241779255842355
bb_ipp_nonadaptive,target_error,1877,156.33333333333337,0.18262946436805166
bb_ipp_nonadaptive,target_error,1878,156.41666666666663,0.18403183364687503
bb_ipp_nonadaptive,target_error,1879,156.5,0.1850274121432463
bb_ipp_nonadaptive,target_error,1880,156.58333333333337,0.1858521905501939
bb_ipp_nonadaptive,target_error,1881,156.66666666666663,0.18567187558678955
bb_ipp_nonadaptive,target_error,1882,156.75,0.18504566669740902
bb_ipp_nonadaptive,target_error,1883,156.83333333333337,0.18599884518798004
bb_ipp_nonadaptive,target_error,1884,156.91666666666663,0.18633982432139087
bb_ipp_nonadaptive,target_error,1885,157.0,0.1870457245051434
bb_ipp_nonadaptive,target_error,1886,157.08333333333337,0.18710294573943917
bb_ipp_nonadaptive,target_error,1887,157.16666666666663,0.1866076487001204
bb_ipp_nonadaptive,target_error,1888,157.25,0.18650619950038208
bb_ipp_nonadaptive,target_error,1889,157.33333333333337,0.1874344341354157
bb_ipp_nonadaptive,target_error,1890,157.41666666666663,0.18840373255929563
bb_ipp_nonadaptive,target_error,1891,157.5,0.18783796379810228
bb_ipp_nonadaptive,target_error,1892,157.58333333333337,0.18786517985060738
bb_ipp_nonadaptive,target_error,1893,157.66666666666663,0.18796966316635672
bb_ipp_nonadaptive,target_error,1894,157.75,0.18746505537338776
bb_ipp_nonadaptive,target_error,1895,157.83333333333337,0.18677590266930616
bb_ipp_nonadaptive,target_error,1896,157.91666666666663,0.18761763692485045
bb_ipp_nonadaptive,target_error,1897,158.0,0.1881106724633933
bb_ipp_nonadaptive,target_error,1898,158.08333333333337,0.18855236124746297
bb_ipp_nonadaptive,target_error,1899,158.16666666666663,0.1882550763985563
bb_ipp_nonadaptive,target_error,1900,158.25,0.18810978677044937
bb_ipp_nonadaptive,target_error,1901,158.33333333333337,0.18717995907618418
bb_ipp_nonadaptive,target_error,1902,158.41666666666663,0.18687348455403494
bb_ipp_nonadaptive,target_error,1903,158.5,0.18665612718572686
bb_ipp_nonadaptive,target_error,1904,158.58333333333337,0.18613336285451537
bb_ipp_nonadaptive,target_error,1905,158.66666666666663,0.18740467727399113
bb_ipp_nonadaptive,target_error,1906,158.75,0.18830121780971448
bb_ipp_nonadaptive,target_error,1907,158.83333333333337,0.18785506279073622
bb_ipp_nonadaptive,target_error,1908,158.91666666666663,0.18730945770494645
bb_ipp_nonadaptive,target_error,1909,159.0,0.18558494406899959
bb_ipp_nonadaptive,target_error,1910,159.08333333333337,0.18715416750757008
bb_ipp_nonadaptive,target_error,1911,159.16666666666663,0.1871060165396061
bb_ipp_nonadaptive,target_error,1912,159.25,0.18601119337065336
bb_ipp_nonadaptive,target_error,1913,159.33333333333337,0.18614713292807594
bb_ipp_nonadaptive,target_error,1914,159.41666666666663,0.1857421808958277
bb_ipp_nonadaptive,target_error,1915,159.5,0.18601073962691841
bb_ipp_nonadaptive,target_error,1916,159.58333333333337,0.18594300464436236
bb_ipp_nonadaptive,target_error,1917,159.66666666666663,0.18445683403366794
bb_ipp_nonadaptive,target_error,1918,159.75,0.18168581347443397
bb_ipp_nonadaptive,target_error,1919,159.83333333333337,0.1827936842638534
bb_ipp_nonadaptive,target_error,1920,159.91666666666663,0.18197329930967798
bb_ipp_nonadaptive,target_error,1921,160.0,0.18270550749020487
bb_ipp_nonadaptive,target_error,1922,160.08333333333337,0.1816229315802234
bb_ipp_nonadaptive,target_error,1923,160.16666666666663,0.1811021993262775
bb_ipp_nonadaptive,target_error,1924,160.25,0.1819237472095553
bb_ipp_nonadaptive,target_error,1925,160.33333333333337,0.18106625718454505
bb_ipp_nonadaptive,target_error,1926,160.41666666666663,0.1809509927813824
bb_ipp_nonadaptive,target_error,1927,160.5,0.18060786245356367
bb_ipp_nonadaptive,target_error,1928,160.58333333333337,0.1797143577545141
bb_ipp_nonadaptive,target_error,1929,160.66666666666663,0.1795485476653695
bb_ipp_nonadaptive,target_error,1930,160.75,0.18020802551676537
bb_ipp_nonadaptive,target_error,1931,160.83333333333337,0.18139172079141755
bb_ipp_nonadaptive,target_error,1932,160.91666666666663,0.18064613968438947
bb_ipp_nonadaptive,target_error,1933,161.0,0.1822250239913545
bb_ipp_nonadaptive,target_error,1934,161.08333333333337,0.1825720308730326
bb_ipp_nonadaptive,target_error,1935,161.16666666666663,0.18410001424154115
bb_ipp_nonadaptive,target_error,1936,161.25,0.18446877095531433
bb_ipp_nonadaptive,target_error,1937,161.33333333333337,0.1847552698309467
bb_ipp_nonadaptive,target_error,1938,161.41666666666663,0.18551093485046205
bb_ipp_nonadaptive,target_error,1939,161.5,0.18534487629939278
bb_ipp_nonadaptive,target_error,1940,161.58333333333337,0.18618218026363462
bb_ipp_nonadaptive,target_error,1941,161.66666666666663,0.18629438679896826
bb_ipp_nonadaptive,target_error,1942,161.75,0.18644077185768615
bb_ipp_nonadaptive,target_error,1943,161.83333333333337,0.18681385380284157
bb_ipp_nonadaptive,target_error,1944,161.91666666666663,0.18688206744767208
bb_ipp_nonadaptive,target_error,1945,162.0,0.18732770424163953
bb_ipp_nonadaptive,target_error,1946,162.08333333333337,0.18774742633620045
bb_ipp_nonadaptive,target_error,1947,162.16666666666663,0.18790944719910307
bb_ipp_nonadaptive,target_error,1948,162.25,0.1883277507802496
bb_ipp_nonadaptive,target_error,1949,162.33333333333337,0.18853076819216186
bb_ipp_nonadaptive,target_error,1950,162.41666666666663,0.18874558916910691
bb_ipp_nonadaptive,target_error,1951,162.5,0.18889905722708056
bb_ipp_nonadaptive,target_error,1952,162.58333333333337,0.18928170337389372
bb_ipp_nonadaptive,target_error,1953,162.66666666666663,0.18953505372364743
bb_ipp_nonadaptive,target_error,1954,162.75,0.18981424661934782
bb_ipp_nonadaptive,target_error,1955,162.83333333333337,0.18985799781773874
bb_ipp_nonadaptive,target_error,1956,162.91666666666663,0.1899696769274517
bb_ipp_nonadaptive,target_error,1957,163.0,0.19012853164824076
bb_ipp_nonadaptive,target_error,1958,163.08333333333337,0.19043545151509816
bb_ipp_nonadaptive,target_error,1959,163.16666666666663,0.19091201249027895
bb_ipp_nonadaptive,target_error,1960,163.25,0.1912141478280854
bb_ipp_nonadaptive,target_error,1961,163.33333333333337,0.19134204795843673
bb_ipp_nonadaptive,target_error,1962,163.41666666666663,0.1916017978405489
bb_ipp_nonadaptive,target_error,1963,163.5,0.19177313135891072
bb_ipp_nonadaptive,target_error,1964,163.58333333333337,0.19124421791426718
bb_ipp_nonadaptive,target_error,1965,163.66666666666663,0.19183390023536953
bb_ipp_nonadaptive,target_error,1966,163.75,0.1924083133614466
bb_ipp_nonadaptive,target_error,1967,163.83333333333337,0.19269213038353722
bb_ipp_nonadaptive,target_error,1968,163.91666666666663,0.19234225138058564
bb_ipp_nonadaptive,target_error,1969,164.0,0.19190839412776944
bb_ipp_nonadaptive,target_error,1970,164.08333333333337,0.1917969981065404
bb_ipp_nonadaptive,target_error,1971,164.16666666666663,0.19209268194429466
bb_ipp_nonadaptive,target_error,1972,164.25,0.1928876216920392
bb_ipp_nonadaptive,target_error,1973,164.33333333333337,0.19377704405392862
bb_ipp_nonadaptive,target_error,1974,164.41666666666663,0.19375083582112881
bb_ipp_nonadaptive,target_error,1975,164.5,0.19400364730602032
bb_ipp_nonadaptive,target_error,1976,164.58333333333337,0.19367244885916132
bb_ipp_nonadaptive,target_error,1977,164.66666666666663,0.194007553562437
bb_ipp_nonadaptive,target_error,1978,164.75,0.19350237760263653
bb_ipp_nonadaptive,target_error,1979,164.83333333333337,0.19410085594423676
bb_ipp_nonadaptive,target_error,1980,164.91666666666663,0.19444477497412588
bb_ipp_nonadaptive,target_error,1981,165.0,0.1943316014284457
bb_ipp_nonadaptive,target_error,1982,165.08333333333337,0.19376604115606866
bb_ipp_nonadaptive,target_error,1983,165.16666666666663,0.1942681101909391
bb_ipp_nonadaptive,target_error,1984,165.25,0.19449864664089003
bb_ipp_nonadaptive,target_error,1985,165.33333333333337,0.19498957976489945
bb_ipp_nonadaptive,target_error,1986,165.41666666666663,0.1943664778950115
bb_ipp_nonadaptive,target_error,1987,165.5,0.19440442278232933
bb_ipp_nonadaptive,target_error,1988,165.58333333333337,0.1961846650850508
bb_ipp_nonadaptive,target_error,1989,165.66666666666663,0.19561972859837742
bb_ipp_nonadaptive,target_error,1990,165.75,0.19494638614154744
bb_ipp_nonadaptive,target_error,1991,165.83333333333337,0.19506424591665994
bb_ipp_nonadaptive,target_error,1992,165.91666666666663,0.19567250260387944
bb_ipp_nonadaptive,target_error,1993,166.0,0.19501946870370815
bb_ipp_nonadaptive,target_error,1994,166.08333333333337,0.19583835957235463
bb_ipp_nonadaptive,target_error,1995,166.16666666666663,0.1961275236512431
bb_ipp_nonadaptive,target_error,1996,166.25,0.19678838173707644
bb_ipp_nonadaptive,target_error,1997,166.33333333333337,0.19665211883320594
bb_ipp_nonadaptive,target_error,1998,166.41666666666663,0.19670863717595802
bb_ipp_nonadaptive,target_error,1999,166.5,0.19633188167243812
bb_ipp_nonadaptive,target_error,2000,166.58333333333337,0.19698865184641662
bb_ipp_nonadaptive,target_error,2001,166.66666666666663,0.19691052022221817
bb_ipp_nonadaptive,target_error,2002,166.75,0.19679593715388935
bb_ipp_nonadaptive,target_error,2003,166.83333333333337,0.1976739968646777
bb_ipp_nonadaptive,target_error,2004,166.91666666666663,0.19733603605729108
bb_ipp_nonadaptive,target_error,2005,167.0,0.19749030622396035
bb_ipp_nonadaptive,target_error,2006,167.08333333333337,0.19748675752041187
bb_ipp_nonadaptive,target_error,2007,167.16666666666663,0.1982968927509471
bb_ipp_nonadaptive,target_error,2008,167.25,0.19877543988827398
bb_ipp_nonadaptive,target_error,2009,167.33333333333337,0.19948681174202781
bb_ipp_nonadaptive,target_error,2010,167.41666666666663,0.1995556284171468
bb_ipp_nonadaptive,target_error,2011,167.5,0.19969718820762944
bb_ipp_nonadaptive,target_error,2012,167.58333333333337,0.19924068916007562
bb_ipp_nonadaptive,target_error,2013,167.66666666666663,0.1995958330147587
bb_ipp_nonadaptive,target_error,2014,167.75,0.19935043224323454
bb_ipp_nonadaptive,target_error,2015,167.83333333333337,0.1985883360971483
bb_ipp_nonadaptive,target_error,2016,167.91666666666663,0.19914188021209714
bb_ipp_nonadaptive,target_error,2017,168.0,0.19878117013881158
bb_ipp_nonadaptive,target_error,2018,168.08333333333337,0.19922416053412753
bb_ipp_nonadaptive,target_error,2019,168.16666666666663,0.19976618683311412
bb_ipp_nonadaptive,target_error,2020,168.25,0.1999805098222835
bb_ipp_nonadaptive,target_error,2021,168.33333333333337,0.20037442138613565
bb_ipp_nonadaptive,target_error,2022,168.41666666666663,0.20035900465419534
bb_ipp_nonadaptive,target_error,2023,168.5,0.2003935314075948
bb_ipp_nonadaptive,target_error,2024,168.58333333333337,0.19980761268015332
bb_ipp_nonadaptive,target_error,2025,168.66666666666663,0.2003273846401233
bb_ipp_nonadaptive,target_error,2026,168.75,0.2000386971899576
bb_ipp_nonadaptive,target_error,2027,168.83333333333337,0.20002860334427405
bb_ipp_nonadaptive,target_error,2028,168.91666666666663,0.20027965520040406
bb_ipp_nonadaptive,target_error,2029,169.0,0.1996303184902412
bb_ipp_nonadaptive,target_error,2030,169.08333333333337,0.19954652328594305
bb_ipp_nonadaptive,target_error,2031,169.16666666666663,0.2001518873323986
bb_ipp_nonadaptive,target_error,2032,169.25,0.19992981166383547
bb_ipp_nonadaptive,target_error,2033,169.33333333333337,0.19941999450160083
bb_ipp_nonadaptive,target_error,2034,169.41666666666663,0.19932403720740013
bb_ipp_nonadaptive,target_error,2035,169.5,0.19830701437435752
bb_ipp_nonadaptive,target_error,2036,169.58333333333337,0.1979313294024762
bb_ipp_nonadaptive,target_error,2037,169.66666666666663,0.19731285640768423
bb_ipp_nonadaptive,target_error,2038,169.75,0.1978019156374178
bb_ipp_nonadaptive,target_error,2039,169.83333333333337,0.19626325011654
bb_ipp_nonadaptive,target_error,2040,169.91666666666663,0.19450272510641559
bb_ipp_nonadaptive,target_error,2041,170.0,0.19433788015587164
bb_ipp_nonadaptive,target_error,2042,170.08333333333337,0.1926922795708113
bb_ipp_nonadaptive,target_error,2043,170.16666666666663,0.19135203624800037
bb_ipp_nonadaptive,target_error,2044,170.25,0.18743278834451915
bb_ipp_nonadaptive,target_error,2045,170.33333333333337,0.18698654638022258
bb_ipp_nonadaptive,target_error,2046,170.41666666666663,0.18417397094016855
bb_ipp_nonadaptive,target_error,2047,170.5,0.18566887028086138
bb_ipp_nonadaptive,target_error,2048,170.58333333333337,0.1787408057095215
bb_ipp_nonadaptive,target_error,2049,170.66666666666663,0.17690462054605263
bb_ipp_nonadaptive,target_error,2050,170.75,0.17430043444443338
bb_ipp_nonadaptive,target_error,2051,170.83333333333337,0.17317379215181827
bb_ipp_nonadaptive,target_error,2052,170.91666666666663,0.1702199610893122
bb_ipp_nonadaptive,target_error,2053,171.0,0.16952358444605126
bb_ipp_nonadaptive,target_error,2054,171.08333333333337,0.16840091533073187
bb_ipp_nonadaptive,target_error,2055,171.16666666666663,0.16863379146321147
bb_ipp_nonadaptive,target_error,2056,171.25,0.16922324756455528
bb_ipp_nonadaptive,target_error,2057,171.33333333333337,0.1685443767313918
bb_ipp_nonadaptive,target_error,2058,171.41666666666663,0.16678690840170776
bb_ipp_nonadaptive,target_error,2059,171.5,0.16752291537623007
bb_ipp_nonadaptive,target_error,2060,171.58333333333337,0.16692224691740773
bb_ipp_nonadaptive,target_error,2061,171.66666666666663,0.16815641706828244
bb_ipp_nonadaptive,target_error,2062,171.75,0.16786386929331737
bb_ipp_nonadaptive,target_error,2063,171.83333333333337,0.16895449566036966
bb_ipp_nonadaptive,target_error,2064,171.91666666666663,0.16830682298056848
bb_ipp_nonadaptive,target_error,2065,172.0,0.1691559519898886
bb_ipp_nonadaptive,target_error,2066,172.08333333333337,0.16924897510832473
bb_ipp_nonadaptive,target_error,2067,172.16666666666663,0.1695033653395902
bb_ipp_nonadaptive,target_error,2068,172.25,0.17026835015774033
bb_ipp_nonadaptive,target_error,2069,172.33333333333337,0.1700136626047423
bb_ipp_nonadaptive,target_error,2070,172.41666666666663,0.17123360862619288
bb_ipp_nonadaptive,target_error,2071,172.5,0.17396595731434814
bb_ipp_nonadaptive,target_error,2072,172.58333333333337,0.17382143201958727
bb_ipp_nonadaptive,target_error,2073,172.66666666666663,0.17668461869983787
bb_ipp_nonadaptive,target_error,2074,172.75,0.17621469360572753
bb_ipp_nonadaptive,target_error,2075,172.83333333333337,0.17551555014554585
bb_ipp_nonadaptive,target_error,2076,172.91666666666663,0.17757953319421865
bb_ipp_nonadaptive,target_error,2077,173.0,0.1798294194092048
bb_ipp_nonadaptive,target_error,2078,173.08333333333337,0.18048311892802216
bb_ipp_nonadaptive,target_error,2079,173.16666666666663,0.1812798174945129
bb_ipp_nonadaptive,target_error,2080,173.25,0.18046415537101454
bb_ipp_nonadaptive,target_error,2081,173.33333333333337,0.18175970776782618
bb_ipp_nonadaptive,target_error,2082,173.41666666666663,0.18321137510653812
bb_ipp_nonadaptive,target_error,2083,173.5,0.18437105863894357
bb_ipp_nonadaptive,target_error,2084,173.58333333333337,0.18426438303165188
bb_ipp_nonadaptive,target_error,2085,173.66666666666663,0.18473102411870024
bb_ipp_nonadaptive,target_error,2086,173.75,0.18633442874571543
bb_ipp_nonadaptive,target_error,2087,173.83333333333337,0.18554755107239312
bb_ipp_nonadaptive,target_error,2088,173.91666666666663,0.18591637400154004
bb_ipp_nonadaptive,target_error,2089,174.0,0.18584586078805562
bb_ipp_nonadaptive,target_error,2090,174.08333333333337,0.1860887337658772
bb_ipp_nonadaptive,target_error,2091,174.16666666666663,0.18739790257027525
bb_ipp_nonadaptive,target_error,2092,174.25,0.18798526119214373
bb_ipp_nonadaptive,target_error,2093,174.33333333333337,0.18865487789825552
bb_ipp_nonadaptive,target_error,2094,174.41666666666663,0.18818925703696995
bb_ipp_nonadaptive,target_error,2095,174.5,0.1882347146962017
bb_ipp_nonadaptive,target_error,2096,174.58333333333337,0.18872910757181863
bb_ipp_nonadaptive,target_error,2097,174.66666666666663,0.1884729428748732
bb_ipp_nonadaptive,target_error,2098,174.75,0.18846093559040122
bb_ipp_nonadaptive,target_error,2099,174.83333333333337,0.18893274078965985
bb_ipp_nonadaptive,target_error,2100,174.91666666666663,0.18897253282852997
bb_ipp_nonadaptive,target_error,2101,175.0,0.18886366059627774
bb_ipp_nonadaptive,target_error,2102,175.08333333333337,0.18919578339524853
bb_ipp_nonadaptive,target_error,2103,175.16666666666663,0.1893526922338786
bb_ipp_nonadaptive,target_error,2104,175.25,0.1889728376037338
bb_ipp_nonadaptive,target_error,2105,175.33333333333337,0.18938549811019847
bb_ipp_nonadaptive,target_error,2106,175.41666666666663,0.18955728834343352
bb_ipp_nonadaptive,target_error,2107,175.5,0.1896890038057448
bb_ipp_nonadaptive,target_error,2108,175.58333333333337,0.18986917077027105
bb_ipp_nonadaptive,target_error,2109,175.66666666666663,0.19048836567352967
bb_ipp_nonadaptive,target_error,2110,175.75,0.19042941577766692
bb_ipp_nonadaptive,target_error,2111,175.83333333333337,0.19024445547350594
bb_ipp_nonadaptive,target_error,2112,175.91666666666663,0.1905591906023266
bb_ipp_nonadaptive,target_error,2113,176.0,0.19079436673834388
bb_ipp_nonadaptive,target_error,2114,176.08333333333337,0.19037241220096301
bb_ipp_nonadaptive,target_error,2115,176.16666666666663,0.19047896345427018
bb_ipp_nonadaptive,target_error,2116,176.25,0.18988916473325076
bb_ipp_nonadaptive,target_error,2117,176.33333333333337,0.19010909904561582
bb_ipp_nonadaptive,target_error,2118,176.41666666666663,0.1907356948069243
bb_ipp_nonadaptive,target_error,2119,176.5,0.1911556285167469
bb_ipp_nonadaptive,target_error,2120,176.58333333333337,0.19182325258196647
bb_ipp_nonadaptive,target_error,2121,176.66666666666663,0.19088945669659418
bb_ipp_nonadaptive,target_error,2122,176.75,0.19113298687453711
bb_ipp_nonadaptive,target_error,2123,176.83333333333337,0.19060363537341982
bb_ipp_nonadaptive,target_error,2124,176.91666666666663,0.1908398099772669
bb_ipp_nonadaptive,target_error,2125,177.0,0.1911310539995116
bb_ipp_nonadaptive,target_error,2126,177.08333333333337,0.19098447225591758
bb_ipp_nonadaptive,target_error,2127,177.16666666666663,0.19147269219321736
bb_ipp_nonadaptive,target_error,2128,177.25,0.19078218149122872
bb_ipp_nonadaptive,target_error,2129,177.33333333333337,0.19128621284303426
bb_ipp_nonadaptive,target_error,2130,177.41666666666663,0.19203872976254924
bb_ipp_nonadaptive,target_error,2131,177.5,0.19238933582165876
bb_ipp_nonadaptive,target_error,2132,177.58333333333337,0.1927745158638389
bb_ipp_nonadaptive,target_error,2133,177.66666666666663,0.19343091755095174
bb_ipp_nonadaptive,target_error,2134,177.75,0.1933539853142437
bb_ipp_nonadaptive,target_error,2135,177.83333333333337,0.19353896135259463
bb_ipp_nonadaptive,target_error,2136,177.91666666666663,0.19347271343892022
bb_ipp_nonadaptive,target_error,2137,178.0,0.19309289969489982
bb_ipp_nonadaptive,target_error,2138,178.08333333333337,0.19309850482368562
bb_ipp_nonadaptive,target_error,2139,178.16666666666663,0.19343538182063727
bb_ipp_nonadaptive,target_error,2140,178.25,0.19413702826407184
bb_ipp_nonadaptive,target_error,2141,178.33333333333337,0.19480037964096444
bb_ipp_nonadaptive,target_error,2142,178.41666666666663,0.19508791772118814
bb_ipp_nonadaptive,target_error,2143,178.5,0.19534276488614405
bb_ipp_nonadaptive,target_error,2144,178.58333333333337,0.1952745933539029
bb_ipp_nonadaptive,target_error,2145,178.66666666666663,0.19516945891634277
bb_ipp_nonadaptive,target_error,2146,178.75,0.19474345003633176
bb_ipp_nonadaptive,target_error,2147,178.83333333333337,0.19457188987317187
bb_ipp_nonadaptive,target_error,2148,178.91666666666663,0.19489811143264374
bb_ipp_nonadaptive,target_error,2149,179.0,0.19476265364453368
bb_ipp_nonadaptive,target_error,2150,179.08333333333337,0.1948174413776911
bb_ipp_nonadaptive,target_error,2151,179.16666666666663,0.19464799615057293
bb_ipp_nonadaptive,target_error,2152,179.25,0.19461094181559682
bb_ipp_nonadaptive,target_error,2153,179.33333333333337,0.19509709884921853
bb_ipp_nonadaptive,target_error,2154,179.41666666666663,0.19513954638764247
bb_ipp_nonadaptive,target_error,2155,179.5,0.1944486050096205
bb_ipp_nonadaptive,target_error,2156,179.58333333333337,0.19372153697060618
bb_ipp_nonadaptive,target_error,2157,179.66666666666663,0.19410639842460403
bb_ipp_nonadaptive,target_error,2158,179.75,0.19468319848304555
bb_ipp_nonadaptive,target_error,2159,179.83333333333337,0.19543283141115866
bb_ipp_nonadaptive,target_error,2160,179.91666666666663,0.19503531925231943
bb_ipp_nonadaptive,target_error,2161,180.0,0.19509334437848352
bb_ipp_nonadaptive,target_error,2162,180.08333333333337,0.1955147259755457
bb_ipp_nonadaptive,target_error,2163,180.16666666666663,0.19602426246520932
bb_ipp_nonadaptive,target_error,2164,180.25,0.1961851053902486
bb_ipp_nonadaptive,target_error,2165,180.33333333333337,0.19601370562870007
bb_ipp_nonadaptive,target_error,2166,180.41666666666663,0.1961027713290198
bb_ipp_nonadaptive,target_error,2167,180.5,0.196312555029164
bb_ipp_nonadaptive,target_error,2168,180.58333333333337,0.19618752717980859
bb_ipp_nonadaptive,target_error,2169,180.66666666666663,0.1957244164360265
bb_ipp_nonadaptive,target_error,2170,180.75,0.1950999429627064
bb_ipp_nonadaptive,target_error,2171,180.83333333333337,0.19551998762877962
bb_ipp_nonadaptive,target_error,2172,180.91666666666663,0.19627925356580536
bb_ipp_nonadaptive,target_error,2173,181.0,0.19652974886568403
bb_ipp_nonadaptive,target_error,2174,181.08333333333337,0.19635976116531628
bb_ipp_nonadaptive,target_error,2175,181.16666666666663,0.19616056628910275
bb_ipp_nonadaptive,target_error,2176,181.25,0.19621974622186225
bb_ipp_nonadaptive,target_error,2177,181.33333333333337,0.19609274775101324
bb_ipp_nonadaptive,target_error,2178,181.41666666666663,0.19602911026702177
bb_ipp_nonadaptive,target_error,2179,181.5,0.19664247197957932
bb_ipp_nonadaptive,target_error,2180,181.58333333333337,0.19626619562535022
bb_ipp_nonadaptive,target_error,2181,181.66666666666663,0.19655519378114164
bb_ipp_nonadaptive,target_error,2182,181.75,0.19613203469909266
bb_ipp_nonadaptive,target_error,2183,181.83333333333337,0.1968439129381831
bb_ipp_nonadaptive,target_error,2184,181.91666666666663,0.19696679300744108
bb_ipp_nonadaptive,target_error,2185,182.0,0.19696250888808137
bb_ipp_nonadaptive,target_error,2186,182.08333333333337,0.19698845039806911
bb_ipp_nonadaptive,target_error,2187,182.16666666666663,0.19717085355959524
bb_ipp_nonadaptive,target_error,2188,182.25,0.19792571244425924
bb_ipp_nonadaptive,target_error,2189,182.33333333333337,0.19737465213743594
bb_ipp_nonadaptive,target_error,2190,182.41666666666663,0.19764241243524322
bb_ipp_nonadaptive,target_error,2191,182.5,0.19813096048850146
bb_ipp_nonadaptive,target_error,2192,182.58333333333337,0.19764750246296997
bb_ipp_nonadaptive,target_error,2193,182.66666666666663,0.19745319429753808
bb_ipp_nonadaptive,target_error,2194,182.75,0.19801118147836577
bb_ipp_nonadaptive,target_error,2195,182.83333333333337,0.19791288108903826
bb_ipp_nonadaptive,target_error,2196,182.91666666666663,0.19780766385162699
bb_ipp_nonadaptive,target_error,2197,183.0,0.19759386978119586
bb_ipp_nonadaptive,target_error,2198,183.08333333333337,0.19742278001867186
bb_ipp_nonadaptive,target_error,2199,183.16666666666663,0.1977127456075963
bb_ipp_nonadaptive,target_error,2200,183.25,0.1973329975227029
bb_ipp_nonadaptive,target_error,2201,183.33333333333337,0.19785253408601905
bb_ipp_nonadaptive,target_error,2202,183.41666666666663,0.1980857736284453
bb_ipp_nonadaptive,target_error,2203,183.5,0.1977906455076215
bb_ipp_nonadaptive,target_error,2204,183.58333333333337,0.19763423919676612
bb_ipp_nonadaptive,target_error,2205,183.66666666666663,0.19850516986365466
bb_ipp_nonadaptive,target_error,2206,183.75,0.19855778184195927
bb_ipp_nonadaptive,target_error,2207,183.83333333333337,0.19860016661429794
bb_ipp_nonadaptive,target_error,2208,183.91666666666663,0.19841943101412268
bb_ipp_nonadaptive,target_error,2209,184.0,0.19891004339148177
bb_ipp_nonadaptive,target_error,2210,184.08333333333337,0.19887067824518284
bb_ipp_nonadaptive,target_error,2211,184.16666666666663,0.1986350586141359
bb_ipp_nonadaptive,target_error,2212,184.25,0.198865939599556
bb_ipp_nonadaptive,target_error,2213,184.33333333333337,0.19886692712805956
bb_ipp_nonadaptive,target_error,2214,184.41666666666663,0.1989348345336473
bb_ipp_nonadaptive,target_error,2215,184.5,0.19909962429359854
bb_ipp_nonadaptive,target_error,2216,184.58333333333337,0.19841116963533123
bb_ipp_nonadaptive,target_error,2217,184.66666666666663,0.1987134016231821
bb_ipp_nonadaptive,target_error,2218,184.75,0.19872954883699198
bb_ipp_nonadaptive,target_error,2219,184.83333333333337,0.1988902101151591
bb_ipp_nonadaptive,target_error,2220,184.91666666666663,0.1980235571417809
bb_ipp_nonadaptive,target_error,2221,185.0,0.19847075205377854
bb_ipp_nonadaptive,target_error,2222,185.08333333333337,0.1980607614816245
bb_ipp_nonadaptive,target_error,2223,185.16666666666663,0.19820979605795006
bb_ipp_nonadaptive,target_error,2224,185.25,0.19839254404801526
bb_ipp_nonadaptive,target_error,2225,185.33333333333337,0.19834871614059177
bb_ipp_nonadaptive,target_error,2226,185.41666666666663,0.1980115012899429
bb_ipp_nonadaptive,target_error,2227,185.5,0.19786861211902296
bb_ipp_nonadaptive,target_error,2228,185.58333333333337,0.19785318250444692
bb_ipp_nonadaptive,target_error,2229,185.66666666666663,0.19829451413659197
bb_ipp_nonadaptive,target_error,2230,185.75,0.19838981244432027
bb_ipp_nonadaptive,target_error,2231,185.83333333333337,0.19871555719452177
bb_ipp_nonadaptive,target_error,2232,185.91666666666663,0.1987770177343852
bb_ipp_nonadaptive,target_error,2233,186.0,0.19910874380472385
bb_ipp_nonadaptive,target_error,2234,186.08333333333337,0.19945711093906993
bb_ipp_nonadaptive,target_error,2235,186.16666666666663,0.19922254386790939
bb_ipp_nonadaptive,target_error,2236,186.25,0.19964636089935484
bb_ipp_nonadaptive,target_error,2237,186.33333333333337,0.19915238439074426
bb_ipp_nonadaptive,target_error,2238,186.41666666666663,0.1989240276092806
bb_ipp_nonadaptive,target_error,2239,186.5,0.1989525681671139
bb_ipp_nonadaptive,target_error,2240,186.58333333333337,0.19877652713383195
bb_ipp_nonadaptive,target_error,2241,186.66666666666663,0.1987797708079867
bb_ipp_nonadaptive,target_error,2242,186.75,0.19818244054061065
bb_ipp_nonadaptive,target_error,2243,186.83333333333337,0.19825960594004927
bb_ipp_nonadaptive,target_error,2244,186.91666666666663,0.19860728648762882
bb_ipp_nonadaptive,target_error,2245,187.0,0.19901949338800853
bb_ipp_nonadaptive,target_error,2246,187.08333333333337,0.1993957705890472
bb_ipp_nonadaptive,target_error,2247,187.16666666666663,0.19943081233884324
bb_ipp_nonadaptive,target_error,2248,187.25,0.19953468146111283
bb_ipp_nonadaptive,target_error,2249,187.33333333333337,0.19916601511054338
bb_ipp_nonadaptive,target_error,2250,187.41666666666663,0.1989463286159552
bb_ipp_nonadaptive,target_error,2251,187.5,0.1987835023887806
bb_ipp_nonadaptive,target_error,2252,187.58333333333337,0.1989382612066362
bb_ipp_nonadaptive,target_error,2253,187.66666666666663,0.1991636430060535
bb_ipp_nonadaptive,target_error,2254,187.75,0.19948707470647606
bb_ipp_nonadaptive,target_error,2255,187.83333333333337,0.19952934650246462
bb_ipp_nonadaptive,target_error,2256,187.91666666666663,0.1995019825588036
bb_ipp_nonadaptive,target_error,2257,188.0,0.19976479685704684
bb_ipp_nonadaptive,target_error,2258,188.08333333333337,0.1995863063907116
bb_ipp_nonadaptive,target_error,2259,188.16666666666663,0.19974756783453507
bb_ipp_nonadaptive,target_error,2260,188.25,0.19992030678795872
bb_ipp_nonadaptive,target_error,2261,188.33333333333337,0.20020921187681104
bb_ipp_nonadaptive,target_error,2262,188.41666666666663,0.20029968493547926
bb_ipp_nonadaptive,target_error,2263,188.5,0.2002012126787896
bb_ipp_nonadaptive,target_error,2264,188.58333333333337,0.20002881212619286
bb_ipp_nonadaptive,target_error,2265,188.66666666666663,0.20039020300618637
bb_ipp_nonadaptive,target_error,2266,188.75,0.20017030571021865
bb_ipp_nonadaptive,target_error,2267,188.83333333333337,0.199799304879632
bb_ipp_nonadaptive,target_error,2268,188.91666666666663,0.20024678685139982
bb_ipp_nonadaptive,target_error,2269,189.0,0.2003077257033783
bb_ipp_nonadaptive,target_error,2270,189.08333333333337,0.20036874691901585
bb_ipp_nonadaptive,target_error,2271,189.16666666666663,0.20050544862350603
bb_ipp_nonadaptive,target_error,2272,189.25,0.20040816317334723
bb_ipp_nonadaptive,target_error,2273,189.33333333333337,0.20018336233118492
bb_ipp_nonadaptive,target_error,2274,189.41666666666663,0.2004943263251064
bb_ipp_nonadaptive,target_error,2275,189.5,0.20008200667663711
bb_ipp_nonadaptive,target_error,2276,189.58333333333337,0.2001333479657755
bb_ipp_nonadaptive,target_error,2277,189.66666666666663,0.19991459480439425
bb_ipp_nonadaptive,target_error,2278,189.75,0.20020460976703994
bb_ipp_nonadaptive,target_error,2279,189.83333333333337,0.20001271229987472
bb_ipp_nonadaptive,target_error,2280,189.91666666666663,0.20036545054853694
bb_ipp_nonadaptive,target_error,2281,190.0,0.20053381597449296
bb_ipp_nonadaptive,target_error,2282,190.08333333333337,0.2007786179781069
bb_ipp_nonadaptive,target_error,2283,190.16666666666663,0.20097292909056588
bb_ipp_nonadaptive,target_error,2284,190.25,0.20124316692894237
bb_ipp_nonadaptive,target_error,2285,190.33333333333337,0.20117059504045195
bb_ipp_nonadaptive,target_error,2286,190.41666666666663,0.20071085759142376
bb_ipp_nonadaptive,target_error,2287,190.5,0.20062861503997867
bb_ipp_nonadaptive,target_error,2288,190.58333333333337,0.20099915937903873
bb_ipp_nonadaptive,target_error,2289,190.66666666666663,0.20099534263886543
bb_ipp_nonadaptive,target_error,2290,190.75,0.200783354027375
bb_ipp_nonadaptive,target_error,2291,190.83333333333337,0.2005708550559215
bb_ipp_nonadaptive,target_error,2292,190.91666666666663,0.2006578949911452
bb_ipp_nonadaptive,target_error,2293,191.0,0.20036494583997655
bb_ipp_nonadaptive,target_error,2294,191.08333333333337,0.20061104680397132
bb_ipp_nonadaptive,target_error,2295,191.16666666666663,0.20058065029968467
bb_ipp_nonadaptive,target_error,2296,191.25,0.20047620959485027
bb_ipp_nonadaptive,target_error,2297,191.33333333333337,0.20078483260647964
bb_ipp_nonadaptive,target_error,2298,191.41666666666663,0.20087987893921652
bb_ipp_nonadaptive,target_error,2299,191.5,0.20082055488867984
bb_ipp_nonadaptive,target_error,2300,191.58333333333337,0.2007152095750038
bb_ipp_nonadaptive,target_error,2301,191.66666666666663,0.20029289341604994
bb_ipp_nonadaptive,target_error,2302,191.75,0.2003273243863244
bb_ipp_nonadaptive,target_error,2303,191.83333333333337,0.20050515310411468
bb_ipp_nonadaptive,target_error,2304,191.91666666666663,0.20075490144099226
bb_ipp_nonadaptive,target_error,2305,192.0,0.2007040947544369
bb_ipp_nonadaptive,target_error,2306,192.08333333333337,0.20093003145486496
bb_ipp_nonadaptive,target_error,2307,192.16666666666663,0.20090522364913257
bb_ipp_nonadaptive,target_error,2308,192.25,0.20113259479036005
bb_ipp_nonadaptive,target_error,2309,192.33333333333337,0.20123815408993775
bb_ipp_nonadaptive,target_error,2310,192.41666666666663,0.2012524802134153
bb_ipp_nonadaptive,target_error,2311,192.5,0.20133133716675808
bb_ipp_nonadaptive,target_error,2312,192.58333333333337,0.20110145728231313
bb_ipp_nonadaptive,target_error,2313,192.66666666666663,0.2011133578534101
bb_ipp_nonadaptive,target_error,2314,192.75,0.2009677657430081
bb_ipp_nonadaptive,target_error,2315,192.83333333333337,0.200852363563469
bb_ipp_nonadaptive,target_error,2316,192.91666666666663,0.20095266384900792
bb_ipp_nonadaptive,target_error,2317,193.0,0.20098498085810312
bb_ipp_nonadaptive,target_error,2318,193.08333333333337,0.20108194335747057
bb_ipp_nonadaptive,target_error,2319,193.16666666666663,0.20132074727623966
bb_ipp_nonadaptive,target_error,2320,193.25,0.20115627274168463
bb_ipp_nonadaptive,target_error,2321,193.33333333333337,0.2011579601185437
bb_ipp_nonadaptive,target_error,2322,193.41666666666663,0.20101967832529674
bb_ipp_nonadaptive,target_error,2323,193.5,0.20102357540134047
bb_ipp_nonadaptive,target_error,2324,193.58333333333337,0.2009037083150536
bb_ipp_nonadaptive,target_error,2325,193.66666666666663,0.2010197635906149
bb_ipp_nonadaptive,target_error,2326,193.75,0.20080866635650982
bb_ipp_nonadaptive,target_error,2327,193.83333333333337,0.20103762559768001
bb_ipp_nonadaptive,target_error,2328,193.91666666666663,0.20120220219464882
bb_ipp_nonadaptive,target_error,2329,194.0,0.2011216649848817
bb_ipp_nonadaptive,target_error,2330,194.08333333333337,0.20117222568028523
bb_ipp_nonadaptive,target_error,2331,194.16666666666663,0.20108818794334343
bb_ipp_nonadaptive,target_error,2332,194.25,0.201106138027709
bb_ipp_nonadaptive,target_error,2333,194.33333333333337,0.2009662579343884
bb_ipp_nonadaptive,target_error,2334,194.41666666666663,0.20122657375720784
bb_ipp_nonadaptive,target_error,2335,194.5,0.2012691915051754
bb_ipp_nonadaptive,target_error,2336,194.58333333333337,0.20114791114131628
bb_ipp_nonadaptive,target_error,2337,194.66666666666663,0.20120410293354823
bb_ipp_nonadaptive,target_error,2338,194.75,0.2012951625839828
bb_ipp_nonadaptive,target_error,2339,194.83333333333337,0.2014154716819824
bb_ipp_nonadaptive,target_error,2340,194.91666666666663,0.20118803129674542
bb_ipp_nonadaptive,target_error,2341,195.0,0.20126607680922853
bb_ipp_nonadaptive,target_error,2342,195.08333333333337,0.20143552822371297
bb_ipp_nonadaptive,target_error,2343,195.16666666666663,0.20126935220356126
bb_ipp_nonadaptive,target_error,2344,195.25,0.20120829399875312
bb_ipp_nonadaptive,target_error,2345,195.33333333333337,0.2012345121112985
bb_ipp_nonadaptive,target_error,2346,195.41666666666663,0.20157565607288713
bb_ipp_nonadaptive,target_error,2347,195.5,0.201426818082905
bb_ipp_nonadaptive,target_error,2348,195.58333333333337,0.20157302137696664
bb_ipp_nonadaptive,target_error,2349,195.66666666666663,0.20141701529938263
bb_ipp_nonadaptive,target_error,2350,195.75,0.20148322829422305
bb_ipp_nonadaptive,target_error,2351,195.83333333333337,0.20149607061299682
bb_ipp_nonadaptive,target_error,2352,195.91666666666663,0.20167624495058417
bb_ipp_nonadaptive,target_error,2353,196.0,0.2015372622099852
bb_ipp_nonadaptive,target_error,2354,196.08333333333337,0.20129925703971646
bb_ipp_nonadaptive,target_error,2355,196.16666666666663,0.20131761944498025
bb_ipp_nonadaptive,target_error,2356,196.25,0.20158661802482447
bb_ipp_nonadaptive,target_error,2357,196.33333333333337,0.20170565237284624
bb_ipp_nonadaptive,target_error,2358,196.41666666666663,0.2016452996423688
bb_ipp_nonadaptive,target_error,2359,196.5,0.2017063573801438
bb_ipp_nonadaptive,target_error,2360,196.58333333333337,0.2017255005306982
bb_ipp_nonadaptive,target_error,2361,196.66666666666663,0.20180471999554261
bb_ipp_nonadaptive,target_error,2362,196.75,0.20144340232204697
bb_ipp_nonadaptive,target_error,2363,196.83333333333337,0.2017822892960349
bb_ipp_nonadaptive,target_error,2364,196.91666666666663,0.2017440151431473
bb_ipp_nonadaptive,target_error,2365,197.0,0.20148427279160894
bb_ipp_nonadaptive,target_error,2366,197.08333333333337,0.20152716138403612
bb_ipp_nonadaptive,target_error,2367,197.16666666666663,0.20156924423519207
bb_ipp_nonadaptive,target_error,2368,197.25,0.20140628719004605
bb_ipp_nonadaptive,target_error,2369,197.33333333333337,0.20131194591824536
bb_ipp_nonadaptive,target_error,2370,197.41666666666663,0.2013312869117238
bb_ipp_nonadaptive,target_error,2371,197.5,0.20149478481180993
bb_ipp_nonadaptive,target_error,2372,197.58333333333337,0.20168389066837927
bb_ipp_nonadaptive,target_error,2373,197.66666666666663,0.2015425882001565
bb_ipp_nonadaptive,target_error,2374,197.75,0.20180793876536418
bb_ipp_nonadaptive,target_error,2375,197.83333333333337,0.20172164520341493
bb_ipp_nonadaptive,target_error,2376,197.91666666666663,0.20168012970139215
bb_ipp_nonadaptive,target_error,2377,198.0,0.20164419397599553
bb_ipp_nonadaptive,target_error,2378,198.08333333333337,0.20179625926568895
bb_ipp_nonadaptive,target_error,2379,198.16666666666663,0.2017371562175824
bb_ipp_nonadaptive,target_error,2380,198.25,0.2018846908772018
bb_ipp_nonadaptive,target_error,2381,198.33333333333337,0.20209798899674825
bb_ipp_nonadaptive,target_error,2382,198.41666666666663,0.20201348109406228
bb_ipp_nonadaptive,target_error,2383,198.5,0.20191682624303747
bb_ipp_nonadaptive,target_error,2384,198.58333333333337,0.20182152475804507
bb_ipp_nonadaptive,target_error,2385,198.66666666666663,0.20174055861685034
bb_ipp_nonadaptive,target_error,2386,198.75,0.2019981567891013
bb_ipp_nonadaptive,target_error,2387,198.83333333333337,0.20189734671758433
bb_ipp_nonadaptive,target_error,2388,198.91666666666663,0.2016416915776969
bb_ipp_nonadaptive,target_error,2389,199.0,0.2014820399191083
bb_ipp_nonadaptive,target_error,2390,199.08333333333337,0.2017551227884648
bb_ipp_nonadaptive,target_error,2391,199.16666666666663,0.20173925628506306
bb_ipp_nonadaptive,target_error,2392,199.25,0.20148384947182027
bb_ipp_nonadaptive,target_error,2393,199.33333333333337,0.20148277584643465
bb_ipp_nonadaptive,target_error,2394,199.41666666666663,0.20154628309697373
bb_ipp_nonadaptive,target_error,2395,199.5,0.2016971276445004
bb_ipp_nonadaptive,target_error,2396,199.58333333333337,0.20145672495120456
bb_ipp_nonadaptive,target_error,2397,199.66666666666663,0.20121885982032336
bb_ipp_nonadaptive,target_error,2398,199.75,0.20070170986173202
bb_ipp_nonadaptive,target_error,2399,199.83333333333337,0.200562751624898
bb_ipp_nonadaptive,target_error,2400,199.91666666666663,0.20029773309953236
bb_ipp_nonadaptive,target_error,2401,200.0,0.20046573977348828
bb_ipp_nonadaptive,target_error,2402,200.08333333333337,0.20099511192181663
bb_ipp_nonadaptive,target_error,2403,200.16666666666663,0.2005522410373204
bb_ipp_nonadaptive,target_error,2404,200.25,0.20018706153230895
bb_ipp_nonadaptive,target_error,2405,200.33333333333337,0.20006800354390078
bb_ipp_nonadaptive,target_error,2406,200.41666666666663,0.2007913903524933
bb_ipp_nonadaptive,target_error,2407,200.5,0.1992603675180511
bb_ipp_nonadaptive,target_error,2408,200.58333333333337,0.19938571280282594
bb_ipp_nonadaptive,target_error,2409,200.66666666666663,0.19806531131043925
bb_ipp_nonadaptive,target_error,2410,200.75,0.19760299686650237
bb_ipp_nonadaptive,target_error,2411,200.83333333333337,0.19554300391756743
bb_ipp_nonadaptive,target_error,2412,200.91666666666663,0.19614920830310223
bb_ipp_nonadaptive,target_error,2413,201.0,0.19513957945293706
bb_ipp_nonadaptive,target_error,2414,201.08333333333337,0.1939653898227236
bb_ipp_nonadaptive,target_error,2415,201.16666666666663,0.19234953015462333
bb_ipp_nonadaptive,target_error,2416,201.25,0.19095083486253323
bb_ipp_nonadaptive,target_error,2417,201.33333333333337,0.19267020650304373
bb_ipp_nonadaptive,target_error,2418,201.41666666666663,0.19164224816345332
bb_ipp_nonadaptive,target_error,2419,201.5,0.1908203513006657
bb_ipp_nonadaptive,target_error,2420,201.58333333333337,0.18804325087698667
bb_ipp_nonadaptive,target_error,2421,201.66666666666663,0.19110699681184856
bb_ipp_nonadaptive,target_error,2422,201.75,0.18846674374560468
bb_ipp_nonadaptive,target_error,2423,201.83333333333337,0.1832419699394979
bb_ipp_nonadaptive,target_error,2424,201.91666666666663,0.1809321210407253
bb_ipp_nonadaptive,target_error,2425,202.0,0.17989688130935474
bb_ipp_nonadaptive,target_error,2426,202.08333333333337,0.1798420364514776
bb_ipp_nonadaptive,target_error,2427,202.16666666666663,0.17544504628114557
bb_ipp_nonadaptive,target_error,2428,202.25,0.17658519213892607
bb_ipp_nonadaptive,target_error,2429,202.33333333333337,0.17860711477916244
bb_ipp_nonadaptive,target_error,2430,202.41666666666663,0.1799001365740983
bb_ipp_nonadaptive,target_error,2431,202.5,0.1835501305137469
bb_ipp_nonadaptive,target_error,2432,202.58333333333337,0.1847746961409028
bb_ipp_nonadaptive,target_error,2433,202.66666666666663,0.18417478086793151
bb_ipp_nonadaptive,target_error,2434,202.75,0.18162606864637107
bb_ipp_nonadaptive,target_error,2435,202.83333333333337,0.18257461094911662
bb_ipp_nonadaptive,target_error,2436,202.91666666666663,0.18080415381025003
bb_ipp_nonadaptive,target_error,2437,203.0,0.18114898322454856
bb_ipp_nonadaptive,target_error,2438,203.08333333333337,0.18249010755746864
bb_ipp_nonadaptive,target_error,2439,203.16666666666663,0.1830552668026713
bb_ipp_nonadaptive,target_error,2440,203.25,0.18105768540140407
bb_ipp_nonadaptive,target_error,2441,203.33333333333337,0.17961322686970257
bb_ipp_nonadaptive,target_error,2442,203.41666666666663,0.17944577281365207
bb_ipp_nonadaptive,target_error,2443,203.5,0.17839631648211876
bb_ipp_nonadaptive,target_error,2444,203.58333333333337,0.17552004505570656
bb_ipp_nonadaptive,target_error,2445,203.66666666666663,0.1750272469234152
bb_ipp_nonadaptive,target_error,2446,203.75,0.17402859008108443
bb_ipp_nonadaptive,target_error,2447,203.83333333333337,0.17552572429601848
bb_ipp_nonadaptive,target_error,2448,203.91666666666663,0.17516235010079836
bb_ipp_nonadaptive,target_error,2449,204.0,0.17282430433104676
bb_ipp_nonadaptive,target_error,2450,204.08333333333337,0.1733187828883407
bb_ipp_nonadaptive,target_error,2451,204.16666666666663,0.17072224345921114
bb_ipp_nonadaptive,target_error,2452,204.25,0.17124369911450818
bb_ipp_nonadaptive,target_error,2453,204.33333333333337,0.16917746823378213
bb_ipp_nonadaptive,target_error,2454,204.41666666666663,0.16852059150307697
bb_ipp_nonadaptive,target_error,2455,204.5,0.16273576404700169
bb_ipp_nonadaptive,target_error,2456,204.58333333333337,0.15905924560621798
bb_ipp_nonadaptive,target_error,2457,204.66666666666663,0.1549961458157891
bb_ipp_nonadaptive,target_error,2458,204.75,0.1524176847303913
bb_ipp_nonadaptive,target_error,2459,204.83333333333337,0.1530920118882936
bb_ipp_nonadaptive,target_error,2460,204.91666666666663,0.15194831070025186
bb_ipp_nonadaptive,target_error,2461,205.0,0.15198867359823273
bb_ipp_nonadaptive,target_error,2462,205.08333333333337,0.15197267279585716
bb_ipp_nonadaptive,target_error,2463,205.16666666666663,0.1547567744131709
bb_ipp_nonadaptive,target_error,2464,205.25,0.16508099804765955
bb_ipp_nonadaptive,target_error,2465,205.33333333333337,0.15930754899888658
bb_ipp_nonadaptive,target_error,2466,205.41666666666663,0.16346525059678774
bb_ipp_nonadaptive,target_error,2467,205.5,0.1611117178666196
bb_ipp_nonadaptive,target_error,2468,205.58333333333337,0.17216104163991505
bb_ipp_nonadaptive,target_error,2469,205.66666666666663,0.1647005459264073
bb_ipp_nonadaptive,target_error,2470,205.75,0.17100605896988424
bb_ipp_nonadaptive,target_error,2471,205.83333333333337,0.17240994979782878
bb_ipp_nonadaptive,target_error,2472,205.91666666666663,0.18170355985555267
bb_ipp_nonadaptive,target_error,2473,206.0,0.18090487670014757
bb_ipp_nonadaptive,target_error,2474,206.08333333333337,0.17521421137591922
bb_ipp_nonadaptive,target_error,2475,206.16666666666663,0.17082444492574622
bb_ipp_nonadaptive,target_error,2476,206.25,0.1647430230297146
bb_ipp_nonadaptive,target_error,2477,206.33333333333337,0.16507828617364775
bb_ipp_nonadaptive,target_error,2478,206.41666666666663,0.17036632630671159
bb_ipp_nonadaptive,target_error,2479,206.5,0.17013541343977043
bb_ipp_nonadaptive,target_error,2480,206.58333333333337,0.16143395508835948
bb_ipp_nonadaptive,target_error,2481,206.66666666666663,0.15628219176591682
bb_ipp_nonadaptive,target_error,2482,206.75,0.15730785133504913
bb_ipp_nonadaptive,target_error,2483,206.83333333333337,0.15253778198642448
bb_ipp_nonadaptive,target_error,2484,206.91666666666663,0.15144752533408704
bb_ipp_nonadaptive,target_error,2485,207.0,0.15052839755086136
bb_ipp_nonadaptive,target_error,2486,207.08333333333337,0.15006211476766498
bb_ipp_nonadaptive,target_error,2487,207.16666666666663,0.15015265298917788
bb_ipp_nonadaptive,target_error,2488,207.25,0.15040761209047335
bb_ipp_nonadaptive,target_error,2489,207.33333333333337,0.15074212313416024
bb_ipp_nonadaptive,target_error,2490,207.41666666666663,0.15085740065188327
bb_ipp_nonadaptive,target_error,2491,207.5,0.15153160047010295
bb_ipp_nonadaptive,target_error,2492,207.58333333333337,0.15197002858769376
bb_ipp_nonadaptive,target_error,2493,207.66666666666663,0.15238540044445326
bb_ipp_nonadaptive,target_error,2494,207.75,0.15282091753840762
bb_ipp_nonadaptive,target_error,2495,207.83333333333337,0.1526518747032655
bb_ipp_nonadaptive,target_error,2496,207.91666666666663,0.15285456971804337
bb_ipp_nonadaptive,target_error,2497,208.0,0.1533078911730315
bb_ipp_nonadaptive,target_error,2498,208.08333333333337,0.15505531167143252
bb_ipp_nonadaptive,target_error,2499,208.16666666666663,0.1548574445960815
bb_ipp_nonadaptive,target_error,2500,208.25,0.15535015046435893
bb_ipp_nonadaptive,target_error,2501,208.33333333333337,0.155875325001926
bb_ipp_nonadaptive,target_error,2502,208.41666666666663,0.15686112809107897
bb_ipp_nonadaptive,target_error,2503,208.5,0.1564941203486448
bb_ipp_nonadaptive,target_error,2504,208.58333333333337,0.15759713123398472
bb_ipp_nonadaptive,target_error,2505,208.66666666666663,0.1574193839165494
bb_ipp_nonadaptive,target_error,2506,208.75,0.15761285648411613
bb_ipp_nonadaptive,target_error,2507,208.83333333333337,0.15712681793165653
bb_ipp_nonadaptive,target_error,2508,208.91666666666663,0.15711983329844928
bb_ipp_nonadaptive,target_error,2509,209.0,0.1574161109705322
bb_ipp_nonadaptive,target_error,2510,209.08333333333337,0.15617113093414087
bb_ipp_nonadaptive,target_error,2511,209.16666666666663,0.15716059159138968
bb_ipp_nonadaptive,target_error,2512,209.25,0.15803146466895857
bb_ipp_nonadaptive,target_error,2513,209.33333333333337,0.15972035027248782
bb_ipp_nonadaptive,target_error,2514,209.41666666666663,0.15914452178591532
bb_ipp_nonadaptive,target_error,2515,209.5,0.16019487423278803
bb_ipp_nonadaptive,target_error,2516,209.58333333333337,0.1603738358653185
bb_ipp_nonadaptive,target_error,2517,209.66666666666663,0.16023944987797478
bb_ipp_nonadaptive,target_error,2518,209.75,0.15998990141757385
bb_ipp_nonadaptive,target_error,2519,209.83333333333337,0.16148401693920345
bb_ipp_nonadaptive,target_error,2520,209.91666666666663,0.16131780845079235
bb_ipp_nonadaptive,target_error,2521,210.0,0.16186439263999192
bb_ipp_nonadaptive,target_error,2522,210.08333333333337,0.16195093401518276
bb_ipp_nonadaptive,target_error,2523,210.16666666666663,0.16213797499381352
bb_ipp_nonadaptive,target_error,2524,210.25,0.16267181371889872
bb_ipp_nonadaptive,target_error,2525,210.33333333333337,0.16360463059687766
bb_ipp_nonadaptive,target_error,2526,210.41666666666663,0.162506870107837
bb_ipp_nonadaptive,target_error,2527,210.5,0.1627011051930185
bb_ipp_nonadaptive,target_error,2528,210.58333333333337,0.16391174873507353
bb_ipp_nonadaptive,target_error,2529,210.66666666666663,0.16504342487475981
bb_ipp_nonadaptive,target_error,2530,210.75,0.1653261429822273
bb_ipp_nonadaptive,target_error,2531,210.83333333333337,0.1658057386324355
bb_ipp_nonadaptive,target_error,2532,210.91666666666663,0.1658175775735932
bb_ipp_nonadaptive,target_error,2533,211.0,0.16637503056050923
bb_ipp_nonadaptive,target_error,2534,211.08333333333337,0.1666783065835128
bb_ipp_nonadaptive,target_error,2535,211.16666666666663,0.16682642675574944
bb_ipp_nonadaptive,target_error,2536,211.25,0.16716211239949927
bb_ipp_nonadaptive,target_error,2537,211.33333333333337,0.1676094584811918
bb_ipp_nonadaptive,target_error,2538,211.41666666666663,0.16882538820572993
bb_ipp_nonadaptive,target_error,2539,211.5,0.16835683574735308
bb_ipp_nonadaptive,target_error,2540,211.58333333333337,0.1679755811611704
bb_ipp_nonadaptive,target_error,2541,211.66666666666663,0.16746764657464744
bb_ipp_nonadaptive,target_error,2542,211.75,0.16828846267915745
bb_ipp_nonadaptive,target_error,2543,211.83333333333337,0.16849445936568982
bb_ipp_nonadaptive,target_error,2544,211.91666666666663,0.17029917961502994
bb_ipp_nonadaptive,target_error,2545,212.0,0.17090709127008008
bb_ipp_nonadaptive,target_error,2546,212.08333333333337,0.17140989749691066
bb_ipp_nonadaptive,target_error,2547,212.16666666666663,0.17211719106259307
bb_ipp_nonadaptive,target_error,2548,212.25,0.1726821286251813
bb_ipp_nonadaptive,target_error,2549,212.33333333333337,0.17204796866714933
bb_ipp_nonadaptive,target_error,2550,212.41666666666663,0.17317337190196622
bb_ipp_nonadaptive,target_error,2551,212.5,0.17237180085979345
bb_ipp_nonadaptive,target_error,2552,212.58333333333337,0.17351611641745593
bb_ipp_nonadaptive,target_error,2553,212.66666666666663,0.1731968466329857
bb_ipp_nonadaptive,target_error,2554,212.75,0.1733454569174814
bb_ipp_nonadaptive,target_error,2555,212.83333333333337,0.17465055363574022
bb_ipp_nonadaptive,target_error,2556,212.91666666666663,0.17522567698243294
bb_ipp_nonadaptive,target_error,2557,213.0,0.1758512414619061
bb_ipp_nonadaptive,target_error,2558,213.08333333333337,0.17607384725582445
bb_ipp_nonadaptive,target_error,2559,213.16666666666663,0.1773131505081245
bb_ipp_nonadaptive,target_error,2560,213.25,0.17794991277549282
bb_ipp_nonadaptive,target_error,2561,213.33333333333337,0.1779887152569954
bb_ipp_nonadaptive,target_error,2562,213.41666666666663,0.17884311332412164
bb_ipp_nonadaptive,target_error,2563,213.5,0.17806928060508578
bb_ipp_nonadaptive,target_error,2564,213.58333333333337,0.17896101077140492
bb_ipp_nonadaptive,target_error,2565,213.66666666666663,0.1795468160507586
bb_ipp_nonadaptive,target_error,2566,213.75,0.18027906806327665
bb_ipp_nonadaptive,target_error,2567,213.83333333333337,0.17995092866788387
bb_ipp_nonadaptive,target_error,2568,213.91666666666663,0.17939790584063242
bb_ipp_nonadaptive,target_error,2569,214.0,0.17936517355116832
bb_ipp_nonadaptive,target_error,2570,214.08333333333337,0.1798256433498636
bb_ipp_nonadaptive,target_error,2571,214.16666666666663,0.17947064026388673
bb_ipp_nonadaptive,target_error,2572,214.25,0.17996973663536964
bb_ipp_nonadaptive,target_error,2573,214.33333333333337,0.1802868456169511
bb_ipp_nonadaptive,target_error,2574,214.41666666666663,0.1814649737526204
bb_ipp_nonadaptive,target_error,2575,214.5,0.1816952483369736
bb_ipp_nonadaptive,target_error,2576,214.58333333333337,0.181601385829164
bb_ipp_nonadaptive,target_error,2577,214.66666666666663,0.18213957255838406
bb_ipp_nonadaptive,target_error,2578,214.75,0.1821452302434115
bb_ipp_nonadaptive,target_error,2579,214.83333333333337,0.1818808925270688
bb_ipp_nonadaptive,target_error,2580,214.91666666666663,0.18277712549491398
bb_ipp_nonadaptive,target_error,2581,215.0,0.18244755407131566
bb_ipp_nonadaptive,target_error,2582,215.08333333333337,0.1826098446326088
bb_ipp_nonadaptive,target_error,2583,215.16666666666663,0.18287240257046106
bb_ipp_nonadaptive,target_error,2584,215.25,0.18285230018725632
bb_ipp_nonadaptive,target_error,2585,215.33333333333337,0.1834318165310901
bb_ipp_nonadaptive,target_error,2586,215.41666666666663,0.18352916769328917
bb_ipp_nonadaptive,target_error,2587,215.5,0.1838271270802706
bb_ipp_nonadaptive,target_error,2588,215.58333333333337,0.18382550285112348
bb_ipp_nonadaptive,target_error,2589,215.66666666666663,0.18377823645593827
bb_ipp_nonadaptive,target_error,2590,215.75,0.18395266324382942
bb_ipp_nonadaptive,target_error,2591,215.83333333333337,0.18389899397857687
bb_ipp_nonadaptive,target_error,2592,215.91666666666663,0.18405622803816912
bb_ipp_nonadaptive,target_error,2593,216.0,0.1844922635408914
bb_ipp_nonadaptive,target_error,2594,216.08333333333337,0.18496076145143697
bb_ipp_nonadaptive,target_error,2595,216.16666666666663,0.1850434143506449
bb_ipp_nonadaptive,target_error,2596,216.25,0.18474237578643884
bb_ipp_nonadaptive,target_error,2597,216.33333333333337,0.1845589711130581
bb_ipp_nonadaptive,target_error,2598,216.41666666666663,0.18518260447276028
bb_ipp_nonadaptive,target_error,2599,216.5,0.1855908440951118
bb_ipp_nonadaptive,target_error,2600,216.58333333333337,0.18574758976561856
bb_ipp_nonadaptive,target_error,2601,216.66666666666663,0.1857825075253063
bb_ipp_nonadaptive,target_error,2602,216.75,0.1854055699457765
bb_ipp_nonadaptive,target_error,2603,216.83333333333337,0.18502601970362642
bb_ipp_nonadaptive,target_error,2604,216.91666666666663,0.1849859675857524
bb_ipp_nonadaptive,target_error,2605,217.0,0.18510613946168572
bb_ipp_nonadaptive,target_error,2606,217.08333333333337,0.18505371744511595
bb_ipp_nonadaptive,target_error,2607,217.16666666666663,0.1852465417180425
bb_ipp_nonadaptive,target_error,2608,217.25,0.18528484128034525
bb_ipp_nonadaptive,target_error,2609,217.33333333333337,0.18577937607220302
bb_ipp_nonadaptive,target_error,2610,217.41666666666663,0.186086188798739
bb_ipp_nonadaptive,target_error,2611,217.5,0.18586279949413076
bb_ipp_nonadaptive,target_error,2612,217.58333333333337,0.1856425508860713
bb_ipp_nonadaptive,target_error,2613,217.66666666666663,0.1856819993817547
bb_ipp_nonadaptive,target_error,2614,217.75,0.18586340720133682
bb_ipp_nonadaptive,target_error,2615,217.83333333333337,0.18609001141145398
bb_ipp_nonadaptive,target_error,2616,217.91666666666663,0.18604321063438947
bb_ipp_nonadaptive,target_error,2617,218.0,0.18640563572643
bb_ipp_nonadaptive,target_error,2618,218.08333333333337,0.1862262858197464
bb_ipp_nonadaptive,target_error,2619,218.16666666666663,0.18630647705211797
bb_ipp_nonadaptive,target_error,2620,218.25,0.18620352714635194
bb_ipp_nonadaptive,target_error,2621,218.33333333333337,0.18616488184090657
bb_ipp_nonadaptive,target_error,2622,218.41666666666663,0.18624845834010154
bb_ipp_nonadaptive,target_error,2623,218.5,0.18646272855049792
bb_ipp_nonadaptive,target_error,2624,218.58333333333337,0.18678754306201997
bb_ipp_nonadaptive,target_error,2625,218.66666666666663,0.18665476209107437
bb_ipp_nonadaptive,target_error,2626,218.75,0.1864657917390743
bb_ipp_nonadaptive,target_error,2627,218.83333333333337,0.18688990879988804
bb_ipp_nonadaptive,target_error,2628,218.91666666666663,0.1866109608336403
bb_ipp_nonadaptive,target_error,2629,219.0,0.18680701097609193
bb_ipp_nonadaptive,target_error,2630,219.08333333333337,0.186665852524028
bb_ipp_nonadaptive,target_error,2631,219.16666666666663,0.1867355367981593
bb_ipp_nonadaptive,target_error,2632,219.25,0.186850119837009
bb_ipp_nonadaptive,target_error,2633,219.33333333333337,0.18706463459586448
bb_ipp_nonadaptive,target_error,2634,219.41666666666663,0.1871962594869384
bb_ipp_nonadaptive,target_error,2635,219.5,0.18727380801969662
bb_ipp_nonadaptive,target_error,2636,219.58333333333337,0.18743541228126437
bb_ipp_nonadaptive,target_error,2637,219.66666666666663,0.18753471112730175
bb_ipp_nonadaptive,target_error,2638,219.75,0.18746730569214334
bb_ipp_nonadaptive,target_error,2639,219.83333333333337,0.18765367637526964
bb_ipp_nonadaptive,target_error,2640,219.91666666666663,0.18775819385386097
bb_ipp_nonadaptive,target_error,2641,220.0,0.18781040693697543
bb_ipp_nonadaptive,target_error,2642,220.08333333333337,0.18778833889128832
bb_ipp_nonadaptive,target_error,2643,220.16666666666663,0.1875712033106122
bb_ipp_nonadaptive,target_error,2644,220.25,0.187512518401626
bb_ipp_nonadaptive,target_error,2645,220.33333333333337,0.18769947423604502
bb_ipp_nonadaptive,target_error,2646,220.41666666666663,0.18788021495795257
bb_ipp_nonadaptive,target_error,2647,220.5,0.18832176041638138
bb_ipp_nonadaptive,target_error,2648,220.58333333333337,0.18836438858006618
bb_ipp_nonadaptive,target_error,2649,220.66666666666663,0.1884269048022399
bb_ipp_nonadaptive,target_error,2650,220.75,0.188586449360157
bb_ipp_nonadaptive,target_error,2651,220.83333333333337,0.1887996626364671
bb_ipp_nonadaptive,target_error,2652,220.91666666666663,0.1889062397298841
bb_ipp_nonadaptive,target_error,2653,221.0,0.1886690222838065
bb_ipp_nonadaptive,target_error,2654,221.08333333333337,0.1888448284740202
bb_ipp_nonadaptive,target_error,2655,221.16666666666663,0.18893455391445071
bb_ipp_nonadaptive,target_error,2656,221.25,0.1889037296416992
bb_ipp_nonadaptive,target_error,2657,221.33333333333337,0.18913903553369188
bb_ipp_nonadaptive,target_error,2658,221.41666666666663,0.18908934121545087
bb_ipp_nonadaptive,target_error,2659,221.5,0.1888751493240961
bb_ipp_nonadaptive,target_error,2660,221.58333333333337,0.18868362105665692
bb_ipp_nonadaptive,target_error,2661,221.66666666666663,0.18870798088265794
bb_ipp_nonadaptive,target_error,2662,221.75,0.1887963720086236
bb_ipp_nonadaptive,target_error,2663,221.83333333333337,0.18882841196826877
bb_ipp_nonadaptive,target_error,2664,221.91666666666663,0.1882814558436146
bb_ipp_nonadaptive,target_error,2665,222.0,0.1882194570456392
bb_ipp_nonadaptive,target_error,2666,222.08333333333337,0.18806742561808917
bb_ipp_nonadaptive,target_error,2667,222.16666666666663,0.1884005080071148
bb_ipp_nonadaptive,target_error,2668,222.25,0.18834900512144362
bb_ipp_nonadaptive,target_error,2669,222.33333333333337,0.18793241561243346
bb_ipp_nonadaptive,target_error,2670,222.41666666666663,0.18754669847510375
bb_ipp_nonadaptive,target_error,2671,222.5,0.1885519537101792
bb_ipp_nonadaptive,target_error,2672,222.58333333333337,0.18855575206830347
bb_ipp_nonadaptive,target_error,2673,222.66666666666663,0.1889278315176295
bb_ipp_nonadaptive,target_error,2674,222.75,0.18873233500834263
bb_ipp_nonadaptive,target_error,2675,222.83333333333337,0.18859665210305065
bb_ipp_nonadaptive,target_error,2676,222.91666666666663,0.18845343218160523
bb_ipp_nonadaptive,target_error,2677,223.0,0.1879662776262983
bb_ipp_nonadaptive,target_error,2678,223.08333333333337,0.18834695519233616
bb_ipp_nonadaptive,target_error,2679,223.16666666666663,0.18830568252268376
bb_ipp_nonadaptive,target_error,2680,223.25,0.1880264804399648
bb_ipp_nonadaptive,target_error,2681,223.33333333333337,0.18834914165030475
bb_ipp_nonadaptive,target_error,2682,223.41666666666663,0.18861723910404823
bb_ipp_nonadaptive,target_error,2683,223.5,0.18825417967766178
bb_ipp_nonadaptive,target_error,2684,223.58333333333337,0.18831909897967938
bb_ipp_nonadaptive,target_error,2685,223.66666666666663,0.18854928094592757
bb_ipp_nonadaptive,target_error,2686,223.75,0.18817056514868274
bb_ipp_nonadaptive,target_error,2687,223.83333333333337,0.1883795761057608
bb_ipp_nonadaptive,target_error,2688,223.91666666666663,0.18902025243984585
bb_ipp_nonadaptive,target_error,2689,224.0,0.1891050787683683
bb_ipp_nonadaptive,target_error,2690,224.08333333333337,0.18929018344445533
bb_ipp_nonadaptive,target_error,2691,224.16666666666663,0.1893741824563402
bb_ipp_nonadaptive,target_error,2692,224.25,0.18899445384080532
bb_ipp_nonadaptive,target_error,2693,224.33333333333337,0.18919580276233477
bb_ipp_nonadaptive,target_error,2694,224.41666666666663,0.18983044585953956
bb_ipp_nonadaptive,target_error,2695,224.5,0.18972892013151615
bb_ipp_nonadaptive,target_error,2696,224.58333333333337,0.18973565224646466
bb_ipp_nonadaptive,target_error,2697,224.66666666666663,0.18960611062867383
bb_ipp_nonadaptive,target_error,2698,224.75,0.1902508309688224
bb_ipp_nonadaptive,target_error,2699,224.83333333333337,0.1902020027823706
bb_ipp_nonadaptive,target_error,2700,224.91666666666663,0.1899547202784878
bb_ipp_nonadaptive,target_error,2701,225.0,0.19012286568952924
bb_ipp_nonadaptive,target_error,2702,225.08333333333337,0.1902513831732636
bb_ipp_nonadaptive,target_error,2703,225.16666666666663,0.1902996766035255
bb_ipp_nonadaptive,target_error,2704,225.25,0.19048809311511716
bb_ipp_nonadaptive,target_error,2705,225.33333333333337,0.1905435831658734
bb_ipp_nonadaptive,target_error,2706,225.41666666666663,0.19075569791180852
bb_ipp_nonadaptive,target_error,2707,225.5,0.19103252338808885
bb_ipp_nonadaptive,target_error,2708,225.58333333333337,0.1910739828395376
bb_ipp_nonadaptive,target_error,2709,225.66666666666663,0.19153479091564687
bb_ipp_nonadaptive,target_error,2710,225.75,0.191651604014767
bb_ipp_nonadaptive,target_error,2711,225.83333333333337,0.19139688352867937
bb_ipp_nonadaptive,target_error,2712,225.91666666666663,0.1911757025345812
bb_ipp_nonadaptive,target_error,2713,226.0,0.1912554447081593
bb_ipp_nonadaptive,target_error,2714,226.08333333333337,0.1912921819458003
bb_ipp_nonadaptive,target_error,2715,226.16666666666663,0.19067060619762832
bb_ipp_nonadaptive,target_error,2716,226.25,0.1902815071187918
bb_ipp_nonadaptive,target_error,2717,226.33333333333337,0.1902951553821554
bb_ipp_nonadaptive,target_error,2718,226.41666666666663,0.19097194322861796
bb_ipp_nonadaptive,target_error,2719,226.5,0.19195424065162464
bb_ipp_nonadaptive,target_error,2720,226.58333333333337,0.1921646506283526
bb_ipp_nonadaptive,target_error,2721,226.66666666666663,0.19216123698564577
bb_ipp_nonadaptive,target_error,2722,226.75,0.19198820724996585
bb_ipp_nonadaptive,target_error,2723,226.83333333333337,0.19201788060469663
bb_ipp_nonadaptive,target_error,2724,226.91666666666663,0.1921880390625276
bb_ipp_nonadaptive,target_error,2725,227.0,0.1925905818278136
bb_ipp_nonadaptive,target_error,2726,227.08333333333337,0.1929574922179731
bb_ipp_nonadaptive,target_error,2727,227.16666666666663,0.19296173726674729
bb_ipp_nonadaptive,target_error,2728,227.25,0.1932209654659481
bb_ipp_nonadaptive,target_error,2729,227.33333333333337,0.19284388040117506
bb_ipp_nonadaptive,target_error,2730,227.41666666666663,0.19301181634485973
bb_ipp_nonadaptive,target_error,2731,227.5,0.19330696241663697
bb_ipp_nonadaptive,target_error,2732,227.58333333333337,0.1929443483646565
bb_ipp_nonadaptive,target_error,2733,227.66666666666663,0.19261183606881663
bb_ipp_nonadaptive,target_error,2734,227.75,0.19292406907712548
bb_ipp_nonadaptive,target_error,2735,227.83333333333337,0.19272977668965222
bb_ipp_nonadaptive,target_error,2736,227.91666666666663,0.19252894887497238
bb_ipp_nonadaptive,target_error,2737,228.0,0.19307215939601502
bb_ipp_nonadaptive,target_error,2738,228.08333333333337,0.1926896289716912
bb_ipp_nonadaptive,target_error,2739,228.16666666666663,0.192769290244783
bb_ipp_nonadaptive,target_error,2740,228.25,0.1927533186090183
bb_ipp_nonadaptive,target_error,2741,228.33333333333337,0.19251931370435388
bb_ipp_nonadaptive,target_error,2742,228.41666666666663,0.19299030193655106
bb_ipp_nonadaptive,target_error,2743,228.5,0.1932375766825568
bb_ipp_nonadaptive,target_error,2744,228.58333333333337,0.1932787157634714
bb_ipp_nonadaptive,target_error,2745,228.66666666666663,0.19277389492628824
bb_ipp_nonadaptive,target_error,2746,228.75,0.1926951938106435
bb_ipp_nonadaptive,target_error,2747,228.83333333333337,0.19211500219388064
bb_ipp_nonadaptive,target_error,2748,228.91666666666663,0.1916908781818157
bb_ipp_nonadaptive,target_error,2749,229.0,0.19301437484778858
bb_ipp_nonadaptive,target_error,2750,229.08333333333337,0.19283089507303572
bb_ipp_nonadaptive,target_error,2751,229.16666666666663,0.19231502530668027
bb_ipp_nonadaptive,target_error,2752,229.25,0.19239531195747162
bb_ipp_nonadaptive,target_error,2753,229.33333333333337,0.19279498801306044
bb_ipp_nonadaptive,target_error,2754,229.41666666666663,0.19180534114653772
bb_ipp_nonadaptive,target_error,2755,229.5,0.19088306181832398
bb_ipp_nonadaptive,target_error,2756,229.58333333333337,0.19080717359973676
bb_ipp_nonadaptive,target_error,2757,229.66666666666663,0.1909132738502153
bb_ipp_nonadaptive,target_error,2758,229.75,0.19131847722419557
bb_ipp_nonadaptive,target_error,2759,229.83333333333337,0.19130684800164538
bb_ipp_nonadaptive,target_error,2760,229.91666666666663,0.19161162911153004
bb_ipp_nonadaptive,target_error,2761,230.0,0.18932689839234662
bb_ipp_nonadaptive,target_error,2762,230.08333333333337,0.1867727585492338
bb_ipp_nonadaptive,target_error,2763,230.16666666666663,0.18781598814673267
bb_ipp_nonadaptive,target_error,2764,230.25,0.1845756454098635
bb_ipp_nonadaptive,target_error,2765,230.33333333333337,0.18395439005558895
bb_ipp_nonadaptive,target_error,2766,230.41666666666663,0.18421265972722228
bb_ipp_nonadaptive,target_error,2767,230.5,0.18546611337130384
bb_ipp_nonadaptive,target_error,2768,230.58333333333337,0.18532891492020873
bb_ipp_nonadaptive,target_error,2769,230.66666666666663,0.18134715822158
bb_ipp_nonadaptive,target_error,2770,230.75,0.17507393047846775
bb_ipp_nonadaptive,target_error,2771,230.83333333333337,0.1775996809005692
bb_ipp_nonadaptive,target_error,2772,230.91666666666663,0.17572547364712124
bb_ipp_nonadaptive,target_error,2773,231.0,0.17509116593986093
bb_ipp_nonadaptive,target_error,2774,231.08333333333337,0.1726972680662915
bb_ipp_nonadaptive,target_error,2775,231.16666666666663,0.16602009462403441
bb_ipp_nonadaptive,target_error,2776,231.25,0.162027027753269
bb_ipp_nonadaptive,target_error,2777,231.33333333333337,0.15986297511843756
bb_ipp_nonadaptive,target_error,2778,231.41666666666663,0.16123308953442167
bb_ipp_nonadaptive,target_error,2779,231.5,0.1601024327073599
bb_ipp_nonadaptive,target_error,2780,231.58333333333337,0.1559672493825311
bb_ipp_nonadaptive,target_error,2781,231.66666666666663,0.15730988588339606
bb_ipp_nonadaptive,target_error,2782,231.75,0.15640932764456575
bb_ipp_nonadaptive,target_error,2783,231.83333333333337,0.1572008069835613
bb_ipp_nonadaptive,target_error,2784,231.91666666666663,0.1549086381413545
bb_ipp_nonadaptive,target_error,2785,232.0,0.15483456006153676
bb_ipp_nonadaptive,target_error,2786,232.08333333333337,0.15588758346445894
bb_ipp_nonadaptive,target_error,2787,232.16666666666663,0.15666415739150258
bb_ipp_nonadaptive,target_error,2788,232.25,0.157855276270439
bb_ipp_nonadaptive,target_error,2789,232.33333333333337,0.1579680926584097
bb_ipp_nonadaptive,target_error,2790,232.41666666666663,0.15558673877096785
bb_ipp_nonadaptive,target_error,2791,232.5,0.15603993900862462
bb_ipp_nonadaptive,target_error,2792,232.58333333333337,0.1577753220309991
bb_ipp_nonadaptive,target_error,2793,232.66666666666663,0.1606563049015133
bb_ipp_nonadaptive,target_error,2794,232.75,0.161576598652589
bb_ipp_nonadaptive,target_error,2795,232.83333333333337,0.1565737739826623
bb_ipp_nonadaptive,target_error,2796,232.91666666666663,0.15395326254498073
bb_ipp_nonadaptive,target_error,2797,233.0,0.15633041129699468
bb_ipp_nonadaptive,target_error,2798,233.08333333333337,0.1562681996107294
bb_ipp_nonadaptive,target_error,2799,233.16666666666663,0.15434496959355368
bb_ipp_nonadaptive,target_error,2800,233.25,0.15297895760776734
bb_ipp_nonadaptive,target_error,2801,233.33333333333337,0.15281703262140459
bb_ipp_nonadaptive,target_error,2802,233.41666666666663,0.1535027498426515
bb_ipp_nonadaptive,target_error,2803,233.5,0.15116286516384955
bb_ipp_nonadaptive,target_error,2804,233.58333333333337,0.1512660108495446
bb_ipp_nonadaptive,target_error,2805,233.66666666666663,0.15150697777229055
bb_ipp_nonadaptive,target_error,2806,233.75,0.15193843071854776
bb_ipp_nonadaptive,target_error,2807,233.83333333333337,0.152689327682975
bb_ipp_nonadaptive,target_error,2808,233.91666666666663,0.1533206872681986
bb_ipp_nonadaptive,target_error,2809,234.0,0.15380970532416366
bb_ipp_nonadaptive,target_error,2810,234.08333333333337,0.15427893367830126
bb_ipp_nonadaptive,target_error,2811,234.16666666666663,0.156491920926447
bb_ipp_nonadaptive,target_error,2812,234.25,0.1567255553267414
bb_ipp_nonadaptive,target_error,2813,234.33333333333337,0.15726783059694827
bb_ipp_nonadaptive,target_error,2814,234.41666666666663,0.15720862717924666
bb_ipp_nonadaptive,target_error,2815,234.5,0.15683523863973192
bb_ipp_nonadaptive,target_error,2816,234.58333333333337,0.15781724232487826
bb_ipp_nonadaptive,target_error,2817,234.66666666666663,0.157967427165869
bb_ipp_nonadaptive,target_error,2818,234.75,0.15855535236505314
bb_ipp_nonadaptive,target_error,2819,234.83333333333337,0.16049884844362294
bb_ipp_nonadaptive,target_error,2820,234.91666666666663,0.1615744371763084
bb_ipp_nonadaptive,target_error,2821,235.0,0.1617782755482075
bb_ipp_nonadaptive,target_error,2822,235.08333333333337,0.16269833313617352
bb_ipp_nonadaptive,target_error,2823,235.16666666666663,0.1636427111128
bb_ipp_nonadaptive,target_error,2824,235.25,0.16409116177793212
bb_ipp_nonadaptive,target_error,2825,235.33333333333337,0.1645077868152944
bb_ipp_nonadaptive,target_error,2826,235.41666666666663,0.16562233929694162
bb_ipp_nonadaptive,target_error,2827,235.5,0.1665417951131568
bb_ipp_nonadaptive,target_error,2828,235.58333333333337,0.16707679196987263
bb_ipp_nonadaptive,target_error,2829,235.66666666666663,0.16799001416203888
bb_ipp_nonadaptive,target_error,2830,235.75,0.16744454204489848
bb_ipp_nonadaptive,target_error,2831,235.83333333333337,0.16756789789096255
bb_ipp_nonadaptive,target_error,2832,235.91666666666663,0.16773786149625103
bb_ipp_nonadaptive,target_error,2833,236.0,0.16827099993361505
bb_ipp_nonadaptive,target_error,2834,236.08333333333337,0.16921450547928066
bb_ipp_nonadaptive,target_error,2835,236.16666666666663,0.16885088432757037
bb_ipp_nonadaptive,target_error,2836,236.25,0.1690322822772507
bb_ipp_nonadaptive,target_error,2837,236.33333333333337,0.1699303547219163
bb_ipp_nonadaptive,target_error,2838,236.41666666666663,0.1704823854210307
bb_ipp_nonadaptive,target_error,2839,236.5,0.17027105915403254
bb_ipp_nonadaptive,target_error,2840,236.58333333333337,0.17013330419782072
bb_ipp_nonadaptive,target_error,2841,236.66666666666663,0.17082566932774623
bb_ipp_nonadaptive,target_error,2842,236.75,0.171263494016843
bb_ipp_nonadaptive,target_error,2843,236.83333333333337,0.1712924966758263
bb_ipp_nonadaptive,target_error,2844,236.91666666666663,0.1716090084801111
bb_ipp_nonadaptive,target_error,2845,237.0,0.17163451246848346
bb_ipp_nonadaptive,target_error,2846,237.08333333333337,0.17176468513746354
bb_ipp_nonadaptive,target_error,2847,237.16666666666663,0.1721170878692517
bb_ipp_nonadaptive,target_error,2848,237.25,0.17213836823856354
bb_ipp_nonadaptive,target_error,2849,237.33333333333337,0.17277969040248425
bb_ipp_nonadaptive,target_error,2850,237.41666666666663,0.1726739873565496
bb_ipp_nonadaptive,target_error,2851,237.5,0.1733944574741683
bb_ipp_nonadaptive,target_error,2852,237.58333333333337,0.17312092755648778
bb_ipp_nonadaptive,target_error,2853,237.66666666666663,0.17338487151656665
bb_ipp_nonadaptive,target_error,2854,237.75,0.17338927089766537
bb_ipp_nonadaptive,target_error,2855,237.83333333333337,0.17324183926857503
bb_ipp_nonadaptive,target_error,2856,237.91666666666663,0.17366283032380395
bb_ipp_nonadaptive,target_error,2857,238.0,0.17406911464613242
bb_ipp_nonadaptive,target_error,2858,238.08333333333337,0.17383209009432474
bb_ipp_nonadaptive,target_error,2859,238.16666666666663,0.17396792222614196
bb_ipp_nonadaptive,target_error,2860,238.25,0.17416346225922855
bb_ipp_nonadaptive,target_error,2861,238.33333333333337,0.17457400875742818
bb_ipp_nonadaptive,target_error,2862,238.41666666666663,0.1746310961513968
bb_ipp_nonadaptive,target_error,2863,238.5,0.1742550410833474
bb_ipp_nonadaptive,target_error,2864,238.58333333333337,0.17450670320608055
bb_ipp_nonadaptive,target_error,2865,238.66666666666663,0.17558935060769504
bb_ipp_nonadaptive,target_error,2866,238.75,0.17465066358643
bb_ipp_nonadaptive,target_error,2867,238.83333333333337,0.17564665005354338
bb_ipp_nonadaptive,target_error,2868,238.91666666666663,0.176201831077963
bb_ipp_nonadaptive,target_error,2869,239.0,0.17688048318465077
bb_ipp_nonadaptive,target_error,2870,239.08333333333337,0.17719603903682077
bb_ipp_nonadaptive,target_error,2871,239.16666666666663,0.17738471723082724
bb_ipp_nonadaptive,target_error,2872,239.25,0.1775330810019016
bb_ipp_nonadaptive,target_error,2873,239.33333333333337,0.17895756018377154
bb_ipp_nonadaptive,target_error,2874,239.41666666666663,0.18011782511928776
bb_ipp_nonadaptive,target_error,2875,239.5,0.18065648611582577
bb_ipp_nonadaptive,target_error,2876,239.58333333333337,0.18104998348899146
bb_ipp_nonadaptive,target_error,2877,239.66666666666663,0.18047484822796375
bb_ipp_nonadaptive,target_error,2878,239.75,0.1792261721280008
bb_ipp_nonadaptive,target_error,2879,239.83333333333337,0.1794999663311478
bb_ipp_nonadaptive,target_error,2880,239.91666666666663,0.1802668836035032
bb_ipp_nonadaptive,target_error,2881,240.0,0.18099330991626797
bb_ipp_nonadaptive,target_error,2882,240.08333333333337,0.1808503710900389
bb_ipp_nonadaptive,target_error,2883,240.16666666666663,0.18079787326437483
bb_ipp_nonadaptive,target_error,2884,240.25,0.1801300109220092
bb_ipp_nonadaptive,target_error,2885,240.33333333333337,0.18078537886647086
bb_ipp_nonadaptive,target_error,2886,240.41666666666663,0.18083491648690117
bb_ipp_nonadaptive,target_error,2887,240.5,0.1804687553830393
bb_ipp_nonadaptive,target_error,2888,240.58333333333337,0.18095874633767906
bb_ipp_nonadaptive,target_error,2889,240.66666666666663,0.18108578859662927
bb_ipp_nonadaptive,target_error,2890,240.75,0.18097055581844348
bb_ipp_nonadaptive,target_error,2891,240.83333333333337,0.1817258207526603
bb_ipp_nonadaptive,target_error,2892,240.91666666666663,0.18192897283920423
bb_ipp_nonadaptive,target_error,2893,241.0,0.1812621965373376
bb_ipp_nonadaptive,target_error,2894,241.08333333333337,0.18213648761051177
bb_ipp_nonadaptive,target_error,2895,241.16666666666663,0.1828668009420961
bb_ipp_nonadaptive,target_error,2896,241.25,0.18381131328107644
bb_ipp_nonadaptive,target_error,2897,241.33333333333337,0.18320183085421288
bb_ipp_nonadaptive,target_error,2898,241.41666666666663,0.1837992307382435
bb_ipp_nonadaptive,target_error,2899,241.5,0.18391096847129593
bb_ipp_nonadaptive,target_error,2900,241.58333333333337,0.18399173599298502
bb_ipp_nonadaptive,target_error,2901,241.66666666666663,0.18444700861061644
bb_ipp_nonadaptive,target_error,2902,241.75,0.18412320845035066
bb_ipp_nonadaptive,target_error,2903,241.83333333333337,0.18398093816139155
bb_ipp_nonadaptive,target_error,2904,241.91666666666663,0.18425047311047818
bb_ipp_nonadaptive,target_error,2905,242.0,0.18486234294850584
bb_ipp_nonadaptive,target_error,2906,242.08333333333337,0.18410239562348407
bb_ipp_nonadaptive,target_error,2907,242.16666666666663,0.18351636210603958
bb_ipp_nonadaptive,target_error,2908,242.25,0.18325282755383693
bb_ipp_nonadaptive,target_error,2909,242.33333333333337,0.18227156669348735
bb_ipp_nonadaptive,target_error,2910,242.41666666666663,0.18204500830181636
bb_ipp_nonadaptive,target_error,2911,242.5,0.1813311144909941
bb_ipp_nonadaptive,target_error,2912,242.58333333333337,0.1805774330805027
bb_ipp_nonadaptive,target_error,2913,242.66666666666663,0.18097526450791787
bb_ipp_nonadaptive,target_error,2914,242.75,0.18121743161353637
bb_ipp_nonadaptive,target_error,2915,242.83333333333337,0.18059100048687401
bb_ipp_nonadaptive,target_error,2916,242.91666666666663,0.17976471839676977
bb_ipp_nonadaptive,target_error,2917,243.0,0.17972710272751496
bb_ipp_nonadaptive,target_error,2918,243.08333333333337,0.17986850400469576
bb_ipp_nonadaptive,target_error,2919,243.16666666666663,0.1800541055622931
bb_ipp_nonadaptive,target_error,2920,243.25,0.17937293157334072
bb_ipp_nonadaptive,target_error,2921,243.33333333333337,0.17975760921531686
bb_ipp_nonadaptive,target_error,2922,243.41666666666663,0.17889911104092085
bb_ipp_nonadaptive,target_error,2923,243.5,0.17831008748098243
bb_ipp_nonadaptive,target_error,2924,243.58333333333337,0.1789245496285539
bb_ipp_nonadaptive,target_error,2925,243.66666666666663,0.17905313005013562
bb_ipp_nonadaptive,target_error,2926,243.75,0.17794135259276392
bb_ipp_nonadaptive,target_error,2927,243.83333333333337,0.1765887564912105
bb_ipp_nonadaptive,target_error,2928,243.91666666666663,0.17564226778073586
bb_ipp_nonadaptive,target_error,2929,244.0,0.17721500056702574
bb_ipp_nonadaptive,target_error,2930,244.08333333333337,0.17711036417320541
bb_ipp_nonadaptive,target_error,2931,244.16666666666663,0.17715050118354653
bb_ipp_nonadaptive,target_error,2932,244.25,0.17614772837109274
bb_ipp_nonadaptive,target_error,2933,244.33333333333337,0.17546379403305823
bb_ipp_nonadaptive,target_error,2934,244.41666666666663,0.17460064597225985
bb_ipp_nonadaptive,target_error,2935,244.5,0.17197320381911385
bb_ipp_nonadaptive,target_error,2936,244.58333333333337,0.169208350709605
bb_ipp_nonadaptive,target_error,2937,244.66666666666663,0.17018747227884565
bb_ipp_nonadaptive,target_error,2938,244.75,0.17267935050712677
bb_ipp_nonadaptive,target_error,2939,244.83333333333337,0.17462056586532185
bb_ipp_nonadaptive,target_error,2940,244.91666666666663,0.17476208045176317
bb_ipp_nonadaptive,target_error,2941,245.0,0.17629379984657426
bb_ipp_nonadaptive,target_error,2942,245.08333333333337,0.17700438423047116
bb_ipp_nonadaptive,target_error,2943,245.16666666666663,0.1767640221855872
bb_ipp_nonadaptive,target_error,2944,245.25,0.17595902962437543
bb_ipp_nonadaptive,target_error,2945,245.33333333333337,0.17321665606772246
bb_ipp_nonadaptive,target_error,2946,245.41666666666663,0.173736298573242
bb_ipp_nonadaptive,target_error,2947,245.5,0.17586507585156985
bb_ipp_nonadaptive,target_error,2948,245.58333333333337,0.17643441713241356
bb_ipp_nonadaptive,target_error,2949,245.66666666666663,0.17597269314279215
bb_ipp_nonadaptive,target_error,2950,245.75,0.17668307352444887
bb_ipp_nonadaptive,target_error,2951,245.83333333333337,0.17725725650742083
bb_ipp_nonadaptive,target_error,2952,245.91666666666663,0.17645698420192032
bb_ipp_nonadaptive,target_error,2953,246.0,0.1776872923965361
bb_ipp_nonadaptive,target_error,2954,246.08333333333337,0.1773315956536777
bb_ipp_nonadaptive,target_error,2955,246.16666666666663,0.1776133998477711
bb_ipp_nonadaptive,target_error,2956,246.25,0.17748428858734416
bb_ipp_nonadaptive,target_error,2957,246.33333333333337,0.17885254189115177
bb_ipp_nonadaptive,target_error,2958,246.41666666666663,0.17914132807371036
bb_ipp_nonadaptive,target_error,2959,246.5,0.17900998651554553
bb_ipp_nonadaptive,target_error,2960,246.58333333333337,0.17977796449953187
bb_ipp_nonadaptive,target_error,2961,246.66666666666663,0.17982389176474992
bb_ipp_nonadaptive,target_error,2962,246.75,0.1798414361501786
bb_ipp_nonadaptive,target_error,2963,246.83333333333337,0.17974760168968315
bb_ipp_nonadaptive,target_error,2964,246.91666666666663,0.17995621635382691
bb_ipp_nonadaptive,target_error,2965,247.0,0.18069925144654292
bb_ipp_nonadaptive,target_error,2966,247.08333333333337,0.1809209472845428
bb_ipp_nonadaptive,target_error,2967,247.16666666666663,0.18086936212052718
bb_ipp_nonadaptive,target_error,2968,247.25,0.18184954862586863
bb_ipp_nonadaptive,target_error,2969,247.33333333333337,0.18188655452510744
bb_ipp_nonadaptive,target_error,2970,247.41666666666663,0.18198420678653449
bb_ipp_nonadaptive,target_error,2971,247.5,0.18227946910566767
bb_ipp_nonadaptive,target_error,2972,247.58333333333337,0.18224868406007735
bb_ipp_nonadaptive,target_error,2973,247.66666666666663,0.18197632972795064
bb_ipp_nonadaptive,target_error,2974,247.75,0.18240228312388085
bb_ipp_nonadaptive,target_error,2975,247.83333333333337,0.1830948960505408
bb_ipp_nonadaptive,target_error,2976,247.91666666666663,0.18279196878707643
bb_ipp_nonadaptive,target_error,2977,248.0,0.18337302786909013
bb_ipp_nonadaptive,target_error,2978,248.08333333333337,0.1836386856945035
bb_ipp_nonadaptive,target_error,2979,248.16666666666663,0.18396020355484713
bb_ipp_nonadaptive,target_error,2980,248.25,0.18419643865722798
bb_ipp_nonadaptive,target_error,2981,248.33333333333337,0.1840649373063098
bb_ipp_nonadaptive,target_error,2982,248.41666666666663,0.18369444822770364
bb_ipp_nonadaptive,target_error,2983,248.5,0.18418079047942357
bb_ipp_nonadaptive,target_error,2984,248.58333333333337,0.1838062170186215
bb_ipp_nonadaptive,target_error,2985,248.66666666666663,0.18354221011719116
bb_ipp_nonadaptive,target_error,2986,248.75,0.18440529282196294
bb_ipp_nonadaptive,target_error,2987,248.83333333333337,0.18506478138327626
bb_ipp_nonadaptive,target_error,2988,248.91666666666663,0.18492864232292275
bb_ipp_nonadaptive,target_error,2989,249.0,0.18509192487912518
bb_ipp_nonadaptive,target_error,2990,249.08333333333337,0.18592345893495965
bb_ipp_nonadaptive,target_error,2991,249.16666666666663,0.18617605115344515
bb_ipp_nonadaptive,target_error,2992,249.25,0.1857044253198307
bb_ipp_nonadaptive,target_error,2993,249.33333333333337,0.18555139621770897
bb_ipp_nonadaptive,target_error,2994,249.41666666666663,0.18592559897826297
bb_ipp_nonadaptive,target_error,2995,249.5,0.1859426792966024
bb_ipp_nonadaptive,target_error,2996,249.58333333333337,0.18617602004859973
bb_ipp_nonadaptive,target_error,2997,249.66666666666663,0.18648640162460373
bb_ipp_nonadaptive,target_error,2998,249.75,0.18608565031831367
bb_ipp_nonadaptive,target_error,2999,249.83333333333337,0.186374480657814
bb_ipp_nonadaptive,target_error,3000,249.91666666666663,0.18600058952671641
bb_ipp_nonadaptive,target_error,3001,250.0,0.18659310658410136
bb_ipp_nonadaptive,target_error,3002,250.08333333333337,0.1867770163129774
bb_ipp_nonadaptive,target_error,3003,250.16666666666663,0.18704741591808421
bb_ipp_nonadaptive,target_error,3004,250.25,0.1873391410300381
bb_ipp_nonadaptive,target_error,3005,250.33333333333337,0.18729403790625718
bb_ipp_nonadaptive,target_error,3006,250.41666666666663,0.18713025609242578
bb_ipp_nonadaptive,target_error,3007,250.5,0.18689498134246893
bb_ipp_nonadaptive,target_error,3008,250.58333333333337,0.18659594184198022
bb_ipp_nonadaptive,target_error,3009,250.66666666666663,0.18754325786217624
bb_ipp_nonadaptive,target_error,3010,250.75,0.1874237511283486
bb_ipp_nonadaptive,target_error,3011,250.83333333333337,0.187009245505385
bb_ipp_nonadaptive,target_error,3012,250.91666666666663,0.18717942582851957
bb_ipp_nonadaptive,target_error,3013,251.0,0.18710420483001178
bb_ipp_nonadaptive,target_error,3014,251.08333333333337,0.1871306015521715
bb_ipp_nonadaptive,target_error,3015,251.16666666666663,0.1873193032424766
bb_ipp_nonadaptive,target_error,3016,251.25,0.18758918500807256
bb_ipp_nonadaptive,target_error,3017,251.33333333333337,0.187015554718123
bb_ipp_nonadaptive,target_error,3018,251.41666666666663,0.1864798125016566
bb_ipp_nonadaptive,target_error,3019,251.5,0.18708645566520962
bb_ipp_nonadaptive,target_error,3020,251.58333333333337,0.18589280238766195
bb_ipp_nonadaptive,target_error,3021,251.66666666666663,0.1871566118080773
bb_ipp_nonadaptive,target_error,3022,251.75,0.18716584201394904
bb_ipp_nonadaptive,target_error,3023,251.83333333333337,0.18703655639708594
bb_ipp_nonadaptive,target_error,3024,251.91666666666663,0.186535934005751
bb_ipp_nonadaptive,target_error,3025,252.0,0.18598687659904029
bb_ipp_nonadaptive,target_error,3026,252.08333333333337,0.18523101197391187
bb_ipp_nonadaptive,target_error,3027,252.16666666666663,0.1851807101606413
bb_ipp_nonadaptive,target_error,3028,252.25,0.18511365204727895
bb_ipp_nonadaptive,target_error,3029,252.33333333333337,0.18472906934458538
bb_ipp_nonadaptive,target_error,3030,252.41666666666663,0.18430818621339057
bb_ipp_nonadaptive,target_error,3031,252.5,0.18428538190021596
bb_ipp_nonadaptive,target_error,3032,252.58333333333337,0.1830655050340913
bb_ipp_nonadaptive,target_error,3033,252.66666666666663,0.18254031373152763
bb_ipp_nonadaptive,target_error,3034,252.75,0.18193264019208633
bb_ipp_nonadaptive,target_error,3035,252.83333333333337,0.18204051806062344
bb_ipp_nonadaptive,target_error,3036,252.91666666666663,0.18253397262130405
bb_ipp_nonadaptive,target_error,3037,253.0,0.1815079928041029
bb_ipp_nonadaptive,target_error,3038,253.08333333333337,0.18111897388554668
bb_ipp_nonadaptive,target_error,3039,253.16666666666663,0.1802288950863924
bb_ipp_nonadaptive,target_error,3040,253.25,0.18032979352095718
bb_ipp_nonadaptive,target_error,3041,253.33333333333337,0.17861975077670783
bb_ipp_nonadaptive,target_error,3042,253.41666666666663,0.17808550087756309
bb_ipp_nonadaptive,target_error,3043,253.5,0.17725797531049067
bb_ipp_nonadaptive,target_error,3044,253.58333333333337,0.17704961531241847
bb_ipp_nonadaptive,target_error,3045,253.66666666666663,0.1776502596289501
bb_ipp_nonadaptive,target_error,3046,253.75,0.17849364091671263
bb_ipp_nonadaptive,target_error,3047,253.83333333333337,0.17844155189146194
bb_ipp_nonadaptive,target_error,3048,253.91666666666663,0.1775196735114516
bb_ipp_nonadaptive,target_error,3049,254.0,0.17855541005140677
bb_ipp_nonadaptive,target_error,3050,254.08333333333337,0.17812439993720147
bb_ipp_nonadaptive,target_error,3051,254.16666666666663,0.17811254097608464
bb_ipp_nonadaptive,target_error,3052,254.25,0.17944800084901308
bb_ipp_nonadaptive,target_error,3053,254.33333333333337,0.17827952255561424
bb_ipp_nonadaptive,target_error,3054,254.41666666666663,0.1787604158374001
bb_ipp_nonadaptive,target_error,3055,254.5,0.17781831422671787
bb_ipp_nonadaptive,target_error,3056,254.58333333333337,0.17811513608495994
bb_ipp_nonadaptive,target_error,3057,254.66666666666663,0.1796453867375105
bb_ipp_nonadaptive,target_error,3058,254.75,0.17997321483795126
bb_ipp_nonadaptive,target_error,3059,254.83333333333337,0.18027948918578365
bb_ipp_nonadaptive,target_error,3060,254.91666666666663,0.18105037958758877
bb_ipp_nonadaptive,target_error,3061,255.0,0.18135027716065413
bb_ipp_nonadaptive,target_error,3062,255.08333333333337,0.1823295160034061
bb_ipp_nonadaptive,target_error,3063,255.16666666666663,0.1820313030355854
bb_ipp_nonadaptive,target_error,3064,255.25,0.18197072718974155
bb_ipp_nonadaptive,target_error,3065,255.33333333333337,0.1817333690655285
bb_ipp_nonadaptive,target_error,3066,255.41666666666663,0.18293574567395524
bb_ipp_nonadaptive,target_error,3067,255.5,0.1829626290199268
bb_ipp_nonadaptive,target_error,3068,255.58333333333337,0.18307644031931064
bb_ipp_nonadaptive,target_error,3069,255.66666666666663,0.1831121636145828
bb_ipp_nonadaptive,target_error,3070,255.75,0.1835069178411613
bb_ipp_nonadaptive,target_error,3071,255.83333333333337,0.1838740284832649
bb_ipp_nonadaptive,target_error,3072,255.91666666666663,0.18411389273708725
bb_ipp_nonadaptive,target_error,3073,256.0,0.18432900762175594
bb_ipp_nonadaptive,target_error,3074,256.08333333333337,0.18455858548234494
bb_ipp_nonadaptive,target_error,3075,256.16666666666663,0.1849082645283582
bb_ipp_nonadaptive,target_error,3076,256.25,0.1847586523678543
bb_ipp_nonadaptive,target_error,3077,256.33333333333337,0.18544329431149886
bb_ipp_nonadaptive,target_error,3078,256.41666666666663,0.18585341045995182
bb_ipp_nonadaptive,target_error,3079,256.5,0.18573867683769685
bb_ipp_nonadaptive,target_error,3080,256.58333333333337,0.1857430160764406
bb_ipp_nonadaptive,target_error,3081,256.66666666666663,0.18626265386426918
bb_ipp_nonadaptive,target_error,3082,256.75,0.18592344806039968
bb_ipp_nonadaptive,target_error,3083,256.83333333333337,0.1860523099921403
bb_ipp_nonadaptive,target_error,3084,256.91666666666663,0.18583537458463895
bb_ipp_nonadaptive,target_error,3085,257.0,0.1860805984174709
bb_ipp_nonadaptive,target_error,3086,257.08333333333337,0.18583103415718621
bb_ipp_nonadaptive,target_error,3087,257.16666666666663,0.18580139829642187
bb_ipp_nonadaptive,target_error,3088,257.25,0.18600180112809225
bb_ipp_nonadaptive,target_error,3089,257.33333333333337,0.18593604002635689
bb_ipp_nonadaptive,target_error,3090,257.41666666666663,0.1857334732693121
bb_ipp_nonadaptive,target_error,3091,257.5,0.18591255347223024
bb_ipp_nonadaptive,target_error,3092,257.58333333333337,0.1859277515464997
bb_ipp_nonadaptive,target_error,3093,257.66666666666663,0.18606891969346243
bb_ipp_nonadaptive,target_error,3094,257.75,0.1861419422254854
bb_ipp_nonadaptive,target_error,3095,257.83333333333337,0.18611668339139964
bb_ipp_nonadaptive,target_error,3096,257.91666666666663,0.18611027576727962
bb_ipp_nonadaptive,target_error,3097,258.0,0.18613121952235354
bb_ipp_nonadaptive,target_error,3098,258.08333333333337,0.18612407722313623
bb_ipp_nonadaptive,target_error,3099,258.16666666666663,0.18611003879716698
bb_ipp_nonadaptive,target_error,3100,258.25,0.18607756554889096
bb_ipp_nonadaptive,target_error,3101,258.33333333333337,0.18626816677819374
bb_ipp_nonadaptive,target_error,3102,258.41666666666663,0.18633659914595582
bb_ipp_nonadaptive,target_error,3103,258.5,0.18635219325901325
bb_ipp_nonadaptive,target_error,3104,258.58333333333337,0.18639884452278074
bb_ipp_nonadaptive,target_error,3105,258.66666666666663,0.1861372087533237
bb_ipp_nonadaptive,target_error,3106,258.75,0.1863266324136173
bb_ipp_nonadaptive,target_error,3107,258.83333333333337,0.18611126850304766
bb_ipp_nonadaptive,target_error,3108,258.91666666666663,0.18625342447826437
bb_ipp_nonadaptive,target_error,3109,259.0,0.18644041012861212
bb_ipp_nonadaptive,target_error,3110,259.08333333333337,0.18658824599707152
bb_ipp_nonadaptive,target_error,3111,259.16666666666663,0.18649385936583257
bb_ipp_nonadaptive,target_error,3112,259.25,0.18666325355618163
bb_ipp_nonadaptive,target_error,3113,259.33333333333337,0.186570121962322
bb_ipp_nonadaptive,target_error,3114,259.41666666666663,0.1864110028582127
bb_ipp_nonadaptive,target_error,3115,259.5,0.18649580106989216
bb_ipp_nonadaptive,target_error,3116,259.58333333333337,0.18629326091927578
bb_ipp_nonadaptive,target_error,3117,259.66666666666663,0.18593408768571465
bb_ipp_nonadaptive,target_error,3118,259.75,0.18582538966729129
bb_ipp_nonadaptive,target_error,3119,259.83333333333337,0.18625455370194102
bb_ipp_nonadaptive,target_error,3120,259.91666666666663,0.18641029781349278
bb_ipp_nonadaptive,target_error,3121,260.0,0.18629994138758993
bb_ipp_nonadaptive,target_error,3122,260.08333333333337,0.1862887195126296
bb_ipp_nonadaptive,target_error,3123,260.16666666666663,0.1864461493837546
bb_ipp_nonadaptive,target_error,3124,260.25,0.1863481785351604
bb_ipp_nonadaptive,target_error,3125,260.33333333333337,0.1866116156417977
bb_ipp_nonadaptive,target_error,3126,260.41666666666663,0.18645125150326336
bb_ipp_nonadaptive,target_error,3127,260.5,0.1864622765203433
bb_ipp_nonadaptive,target_error,3128,260.58333333333337,0.18665918649542654
bb_ipp_nonadaptive,target_error,3129,260.66666666666663,0.18657859639057647
bb_ipp_nonadaptive,target_error,3130,260.75,0.18670109643176572
bb_ipp_nonadaptive,target_error,3131,260.83333333333337,0.18674484857273366
bb_ipp_nonadaptive,target_error,3132,260.91666666666663,0.18665750350997834
bb_ipp_nonadaptive,target_error,3133,261.0,0.18656378521906058
bb_ipp_nonadaptive,target_error,3134,261.08333333333337,0.18650683852887318
bb_ipp_nonadaptive,target_error,3135,261.16666666666663,0.18655088867467745
bb_ipp_nonadaptive,target_error,3136,261.25,0.1864123582924543
bb_ipp_nonadaptive,target_error,3137,261.33333333333337,0.18635150275159776
bb_ipp_nonadaptive,target_error,3138,261.41666666666663,0.18630664699586555
bb_ipp_nonadaptive,target_error,3139,261.5,0.18628158189799543
bb_ipp_nonadaptive,target_error,3140,261.58333333333337,0.1865850790960445
bb_ipp_nonadaptive,target_error,3141,261.66666666666663,0.18659412642150372
bb_ipp_nonadaptive,target_error,3142,261.75,0.18653816434140036
bb_ipp_nonadaptive,target_error,3143,261.83333333333337,0.18649916480687456
bb_ipp_nonadaptive,target_error,3144,261.91666666666663,0.18636261964583525
bb_ipp_nonadaptive,target_error,3145,262.0,0.18637786868680542
bb_ipp_nonadaptive,target_error,3146,262.08333333333337,0.1862327343889061
bb_ipp_nonadaptive,target_error,3147,262.16666666666663,0.18620085517809923
bb_ipp_nonadaptive,target_error,3148,262.25,0.18619818638628505
bb_ipp_nonadaptive,target_error,3149,262.33333333333337,0.18609560452251375
bb_ipp_nonadaptive,target_error,3150,262.41666666666663,0.1862054571168376
bb_ipp_nonadaptive,target_error,3151,262.5,0.18617133257520044
bb_ipp_nonadaptive,target_error,3152,262.58333333333337,0.18645065592029955
bb_ipp_nonadaptive,target_error,3153,262.66666666666663,0.18605216490779555
bb_ipp_nonadaptive,target_error,3154,262.75,0.1861320534440296
bb_ipp_nonadaptive,target_error,3155,262.83333333333337,0.18631688891137344
bb_ipp_nonadaptive,target_error,3156,262.91666666666663,0.18625814062511353
bb_ipp_nonadaptive,target_error,3157,263.0,0.18610897429765963
bb_ipp_nonadaptive,target_error,3158,263.08333333333337,0.18612078619539382
bb_ipp_nonadaptive,target_error,3159,263.16666666666663,0.1863325115311883
bb_ipp_nonadaptive,target_error,3160,263.25,0.18657510967374533
bb_ipp_nonadaptive,target_error,3161,263.33333333333337,0.18664989110776872
bb_ipp_nonadaptive,target_error,3162,263.41666666666663,0.1866575012128272
bb_ipp_nonadaptive,target_error,3163,263.5,0.18645436489888204
bb_ipp_nonadaptive,target_error,3164,263.58333333333337,0.18657614007510262
bb_ipp_nonadaptive,target_error,3165,263.66666666666663,0.186691336948991
bb_ipp_nonadaptive,target_error,3166,263.75,0.18664167804093182
bb_ipp_nonadaptive,target_error,3167,263.83333333333337,0.18667970052409508
bb_ipp_nonadaptive,target_error,3168,263.91666666666663,0.18672172469897833
bb_ipp_nonadaptive,target_error,3169,264.0,0.1866625703334207
bb_ipp_nonadaptive,target_error,3170,264.08333333333337,0.18656936877955538
bb_ipp_nonadaptive,target_error,3171,264.16666666666663,0.18634474691184277
bb_ipp_nonadaptive,target_error,3172,264.25,0.18621518177587928
bb_ipp_nonadaptive,target_error,3173,264.33333333333337,0.18631954042591728
bb_ipp_nonadaptive,target_error,3174,264.41666666666663,0.186273676956296
bb_ipp_nonadaptive,target_error,3175,264.5,0.1865694784166008
bb_ipp_nonadaptive,target_error,3176,264.58333333333337,0.18660744251268074
bb_ipp_nonadaptive,target_error,3177,264.66666666666663,0.18651962084562398
bb_ipp_nonadaptive,target_error,3178,264.75,0.18638943492802015
bb_ipp_nonadaptive,target_error,3179,264.83333333333337,0.18644420244168095
bb_ipp_nonadaptive,target_error,3180,264.91666666666663,0.1864089043403719
bb_ipp_nonadaptive,target_error,3181,265.0,0.18651402152985597
bb_ipp_nonadaptive,target_error,3182,265.08333333333337,0.18663727374835487
bb_ipp_nonadaptive,target_error,3183,265.16666666666663,0.18655529764263984
bb_ipp_nonadaptive,target_error,3184,265.25,0.1862547860271245
bb_ipp_nonadaptive,target_error,3185,265.33333333333337,0.18613921829835403
bb_ipp_nonadaptive,target_error,3186,265.41666666666663,0.18613621590847476
bb_ipp_nonadaptive,target_error,3187,265.5,0.18602798752269292
bb_ipp_nonadaptive,target_error,3188,265.58333333333337,0.1861622199884839
bb_ipp_nonadaptive,target_error,3189,265.66666666666663,0.1862197149229808
bb_ipp_nonadaptive,target_error,3190,265.75,0.1860165646610783
bb_ipp_nonadaptive,target_error,3191,265.83333333333337,0.18615431933671897
bb_ipp_nonadaptive,target_error,3192,265.91666666666663,0.1863462114454778
bb_ipp_nonadaptive,target_error,3193,266.0,0.1860608222992529
bb_ipp_nonadaptive,target_error,3194,266.08333333333337,0.18604571010834325
bb_ipp_nonadaptive,target_error,3195,266.16666666666663,0.18626511530720646
bb_ipp_nonadaptive,target_error,3196,266.25,0.1863614105067671
bb_ipp_nonadaptive,target_error,3197,266.33333333333337,0.18624223860316594
bb_ipp_nonadaptive,target_error,3198,266.41666666666663,0.18633441066952888
bb_ipp_nonadaptive,target_error,3199,266.5,0.1863909553229712
bb_ipp_nonadaptive,target_error,3200,266.58333333333337,0.1863039012567656
bb_ipp_nonadaptive,target_error,3201,266.66666666666663,0.18620389370492804
bb_ipp_nonadaptive,target_error,3202,266.75,0.18614302498905505
bb_ipp_nonadaptive,target_error,3203,266.83333333333337,0.1860821751308872
bb_ipp_nonadaptive,target_error,3204,266.91666666666663,0.18593227794097264
bb_ipp_nonadaptive,target_error,3205,267.0,0.18580267246415316
bb_ipp_nonadaptive,target_error,3206,267.08333333333337,0.18599043329780304
bb_ipp_nonadaptive,target_error,3207,267.16666666666663,0.18587714756419102
bb_ipp_nonadaptive,target_error,3208,267.25,0.18598673161609477
bb_ipp_nonadaptive,target_error,3209,267.33333333333337,0.18591218420749905
bb_ipp_nonadaptive,target_error,3210,267.41666666666663,0.18593530395126748
bb_ipp_nonadaptive,target_error,3211,267.5,0.1859160962534785
bb_ipp_nonadaptive,target_error,3212,267.58333333333337,0.18588980562632046
bb_ipp_nonadaptive,target_error,3213,267.66666666666663,0.1859791608653407
bb_ipp_nonadaptive,target_error,3214,267.75,0.18610854647712372
bb_ipp_nonadaptive,target_error,3215,267.83333333333337,0.18601289419699918
bb_ipp_nonadaptive,target_error,3216,267.91666666666663,0.1859323680211204
bb_ipp_nonadaptive,target_error,3217,268.0,0.18582666969361442
bb_ipp_nonadaptive,target_error,3218,268.08333333333337,0.18581351247615788
bb_ipp_nonadaptive,target_error,3219,268.16666666666663,0.18584124774417138
bb_ipp_nonadaptive,target_error,3220,268.25,0.18582279295687554
bb_ipp_nonadaptive,target_error,3221,268.33333333333337,0.18578217723636659
bb_ipp_nonadaptive,target_error,3222,268.41666666666663,0.18566209487981292
bb_ipp_nonadaptive,target_error,3223,268.5,0.18580201130042806
bb_ipp_nonadaptive,target_error,3224,268.58333333333337,0.1859208680834743
bb_ipp_nonadaptive,target_error,3225,268.66666666666663,0.1858203873730016
bb_ipp_nonadaptive,target_error,3226,268.75,0.18580964219282403
bb_ipp_nonadaptive,target_error,3227,268.83333333333337,0.18584319840377958
bb_ipp_nonadaptive,target_error,3228,268.91666666666663,0.18589834987187842
bb_ipp_nonadaptive,target_error,3229,269.0,0.18582040804307162
bb_ipp_nonadaptive,target_error,3230,269.08333333333337,0.18584500835639792
bb_ipp_nonadaptive,target_error,3231,269.16666666666663,0.18577369550799172
bb_ipp_nonadaptive,target_error,3232,269.25,0.18575756777963554
bb_ipp_nonadaptive,target_error,3233,269.33333333333337,0.18572867959280978
bb_ipp_nonadaptive,target_error,3234,269.41666666666663,0.1856529320974932
bb_ipp_nonadaptive,target_error,3235,269.5,0.18557448212711536
bb_ipp_nonadaptive,target_error,3236,269.58333333333337,0.185680765150993
bb_ipp_nonadaptive,target_error,3237,269.66666666666663,0.18563305392926255
bb_ipp_nonadaptive,target_error,3238,269.75,0.18553386367012845
bb_ipp_nonadaptive,target_error,3239,269.83333333333337,0.18556627406988935
bb_ipp_nonadaptive,target_error,3240,269.91666666666663,0.18555333045239078
bb_ipp_nonadaptive,target_error,3241,270.0,0.18572682689138775
bb_ipp_nonadaptive,target_error,3242,270.08333333333337,0.18564071843744195
bb_ipp_nonadaptive,target_error,3243,270.16666666666663,0.1856183821866185
bb_ipp_nonadaptive,target_error,3244,270.25,0.1854995908695209
bb_ipp_nonadaptive,target_error,3245,270.33333333333337,0.1854169370116523
bb_ipp_nonadaptive,target_error,3246,270.41666666666663,0.1853952319608697
bb_ipp_nonadaptive,target_error,3247,270.5,0.185362677283865
bb_ipp_nonadaptive,target_error,3248,270.58333333333337,0.1853807905075113
bb_ipp_nonadaptive,target_error,3249,270.66666666666663,0.18536534209716893
bb_ipp_nonadaptive,target_error,3250,270.75,0.18519636994290853
bb_ipp_nonadaptive,target_error,3251,270.83333333333337,0.1850690885615278
bb_ipp_nonadaptive,target_error,3252,270.91666666666663,0.18497372855522726
bb_ipp_nonadaptive,target_error,3253,271.0,0.18493759907793456
bb_ipp_nonadaptive,target_error,3254,271.08333333333337,0.18505870519944462
bb_ipp_nonadaptive,target_error,3255,271.16666666666663,0.1851199813926858
bb_ipp_nonadaptive,target_error,3256,271.25,0.18506583041720687
bb_ipp_nonadaptive,target_error,3257,271.33333333333337,0.18509565903764028
bb_ipp_nonadaptive,target_error,3258,271.41666666666663,0.18501247810361718
bb_ipp_nonadaptive,target_error,3259,271.5,0.18504455998249336
bb_ipp_nonadaptive,target_error,3260,271.58333333333337,0.18492377593075907
bb_ipp_nonadaptive,target_error,3261,271.66666666666663,0.1849635272666551
bb_ipp_nonadaptive,target_error,3262,271.75,0.18490092212996667
bb_ipp_nonadaptive,target_error,3263,271.83333333333337,0.18490130021770118
bb_ipp_nonadaptive,target_error,3264,271.91666666666663,0.18487167818569886
bb_ipp_nonadaptive,target_error,3265,272.0,0.18491363701901134
bb_ipp_nonadaptive,target_error,3266,272.08333333333337,0.18498713502289996
bb_ipp_nonadaptive,target_error,3267,272.16666666666663,0.1850081807308484
bb_ipp_nonadaptive,target_error,3268,272.25,0.1849737339696047
bb_ipp_nonadaptive,target_error,3269,272.33333333333337,0.1849009057861371
bb_ipp_nonadaptive,target_error,3270,272.41666666666663,0.184823667352483
bb_ipp_nonadaptive,target_error,3271,272.5,0.18489629006395247
bb_ipp_nonadaptive,target_error,3272,272.58333333333337,0.18480792032661855
bb_ipp_nonadaptive,target_error,3273,272.66666666666663,0.18482551539105485
bb_ipp_nonadaptive,target_error,3274,272.75,0.1846111976446656
bb_ipp_nonadaptive,target_error,3275,272.83333333333337,0.18456970701020203
bb_ipp_nonadaptive,target_error,3276,272.91666666666663,0.18455808359048317
bb_ipp_nonadaptive,target_error,3277,273.0,0.18451451592203966
bb_ipp_nonadaptive,target_error,3278,273.08333333333337,0.1846352029074798
bb_ipp_nonadaptive,target_error,3279,273.16666666666663,0.1846142892448489
bb_ipp_nonadaptive,target_error,3280,273.25,0.18473587862559698
bb_ipp_nonadaptive,target_error,3281,273.33333333333337,0.18476450544948628
bb_ipp_nonadaptive,target_error,3282,273.41666666666663,0.18455058068829072
bb_ipp_nonadaptive,target_error,3283,273.5,0.18466217427405332
bb_ipp_nonadaptive,target_error,3284,273.58333333333337,0.18481801366320744
bb_ipp_nonadaptive,target_error,3285,273.66666666666663,0.18477869257963436
bb_ipp_nonadaptive,target_error,3286,273.75,0.18465303347366938
bb_ipp_nonadaptive,target_error,3287,273.83333333333337,0.18465949383774985
bb_ipp_nonadaptive,target_error,3288,273.91666666666663,0.18462105571074727
bb_ipp_nonadaptive,target_error,3289,274.0,0.1845652710139238
bb_ipp_nonadaptive,target_error,3290,274.08333333333337,0.18460837836705404
bb_ipp_nonadaptive,target_error,3291,274.16666666666663,0.1846442089259785
bb_ipp_nonadaptive,target_error,3292,274.25,0.1847142972891596
bb_ipp_nonadaptive,target_error,3293,274.33333333333337,0.18472032150222903
bb_ipp_nonadaptive,target_error,3294,274.41666666666663,0.18467164655927018
bb_ipp_nonadaptive,target_error,3295,274.5,0.18462700190283146
bb_ipp_nonadaptive,target_error,3296,274.58333333333337,0.1846028331161541
bb_ipp_nonadaptive,target_error,3297,274.66666666666663,0.18455065201664425
bb_ipp_nonadaptive,target_error,3298,274.75,0.1844535662081109
bb_ipp_nonadaptive,target_error,3299,274.83333333333337,0.18437048831672287
bb_ipp_nonadaptive,target_error,3300,274.91666666666663,0.18428982522673354
bb_ipp_nonadaptive,target_error,3301,275.0,0.18418546418495246
bb_ipp_nonadaptive,target_error,3302,275.08333333333337,0.18406390207273884
bb_ipp_nonadaptive,target_error,3303,275.16666666666663,0.18400052200781936
bb_ipp_nonadaptive,target_error,3304,275.25,0.18406664892469354
bb_ipp_nonadaptive,target_error,3305,275.33333333333337,0.18409646838384638
bb_ipp_nonadaptive,target_error,3306,275.41666666666663,0.18411316991571933
bb_ipp_nonadaptive,target_error,3307,275.5,0.18412997217544708
bb_ipp_nonadaptive,target_error,3308,275.58333333333337,0.1841773372209
bb_ipp_nonadaptive,target_error,3309,275.66666666666663,0.18408619644505636
bb_ipp_nonadaptive,target_error,3310,275.75,0.1841134815243046
bb_ipp_nonadaptive,target_error,3311,275.83333333333337,0.1840772200846124
bb_ipp_nonadaptive,target_error,3312,275.91666666666663,0.18404827014973482
bb_ipp_nonadaptive,target_error,3313,276.0,0.18402734740073387
bb_ipp_nonadaptive,target_error,3314,276.08333333333337,0.18400408492099782
bb_ipp_nonadaptive,target_error,3315,276.16666666666663,0.1839034787273931
bb_ipp_nonadaptive,target_error,3316,276.25,0.18381383523149056
bb_ipp_nonadaptive,target_error,3317,276.33333333333337,0.18369643646615114
bb_ipp_nonadaptive,target_error,3318,276.41666666666663,0.18377533895611484
bb_ipp_nonadaptive,target_error,3319,276.5,0.1837848043228746
bb_ipp_nonadaptive,target_error,3320,276.58333333333337,0.18376478440646005
bb_ipp_nonadaptive,target_error,3321,276.66666666666663,0.18364193316683025
bb_ipp_nonadaptive,target_error,3322,276.75,0.18376319161823135
bb_ipp_nonadaptive,target_error,3323,276.83333333333337,0.1838596464956743
bb_ipp_nonadaptive,target_error,3324,276.91666666666663,0.18388770301349905
bb_ipp_nonadaptive,target_error,3325,277.0,0.18384495335456075
bb_ipp_nonadaptive,target_error,3326,277.08333333333337,0.1838465139761287
bb_ipp_nonadaptive,target_error,3327,277.16666666666663,0.18372681927971576
bb_ipp_nonadaptive,target_error,3328,277.25,0.1836887010360861
bb_ipp_nonadaptive,target_error,3329,277.33333333333337,0.18380038804652674
bb_ipp_nonadaptive,target_error,3330,277.41666666666663,0.18378479806710943
bb_ipp_nonadaptive,target_error,3331,277.5,0.18372080159887
bb_ipp_nonadaptive,target_error,3332,277.58333333333337,0.18359792521244425
bb_ipp_nonadaptive,target_error,3333,277.66666666666663,0.18354095610624965
bb_ipp_nonadaptive,target_error,3334,277.75,0.18348632461815947
bb_ipp_nonadaptive,target_error,3335,277.83333333333337,0.1834835859458
bb_ipp_nonadaptive,target_error,3336,277.91666666666663,0.18345982936389513
bb_ipp_nonadaptive,target_error,3337,278.0,0.18347906825611973
bb_ipp_nonadaptive,target_error,3338,278.08333333333337,0.18342678889179742
bb_ipp_nonadaptive,target_error,3339,278.16666666666663,0.1833957537853905
bb_ipp_nonadaptive,target_error,3340,278.25,0.18339417757376847
bb_ipp_nonadaptive,target_error,3341,278.33333333333337,0.18326137609407486
bb_ipp_nonadaptive,target_error,3342,278.41666666666663,0.18320256451254244
bb_ipp_nonadaptive,target_error,3343,278.5,0.1832399757904674
bb_ipp_nonadaptive,target_error,3344,278.58333333333337,0.18317643498911024
bb_ipp_nonadaptive,target_error,3345,278.66666666666663,0.18321144757601956
bb_ipp_nonadaptive,target_error,3346,278.75,0.18319289590661125
bb_ipp_nonadaptive,target_error,3347,278.83333333333337,0.18312776774103343
bb_ipp_nonadaptive,target_error,3348,278.91666666666663,0.18306101210057715
bb_ipp_nonadaptive,target_error,3349,279.0,0.18303053948717043
bb_ipp_nonadaptive,target_error,3350,279.08333333333337,0.18307558110879787
bb_ipp_nonadaptive,target_error,3351,279.16666666666663,0.18304378500978538
bb_ipp_nonadaptive,target_error,3352,279.25,0.18300742118514116
bb_ipp_nonadaptive,target_error,3353,279.33333333333337,0.1828841553192978
bb_ipp_nonadaptive,target_error,3354,279.41666666666663,0.1829032434840839
bb_ipp_nonadaptive,target_error,3355,279.5,0.18294288272483836
bb_ipp_nonadaptive,target_error,3356,279.58333333333337,0.18286408789873274
bb_ipp_nonadaptive,target_error,3357,279.66666666666663,0.18286936535433237
bb_ipp_nonadaptive,target_error,3358,279.75,0.18282843190708856
bb_ipp_nonadaptive,target_error,3359,279.83333333333337,0.1828145529545223
bb_ipp_nonadaptive,target_error,3360,279.91666666666663,0.1827520871526699
bb_ipp_nonadaptive,target_error,3361,280.0,0.18273048132894704
bb_ipp_nonadaptive,target_error,3362,280.08333333333337,0.18274281562800535
bb_ipp_nonadaptive,target_error,3363,280.16666666666663,0.18272582691011152
bb_ipp_nonadaptive,target_error,3364,280.25,0.18277088897237023
bb_ipp_nonadaptive,target_error,3365,280.33333333333337,0.18268506272329282
bb_ipp_nonadaptive,target_error,3366,280.41666666666663,0.18270062715432012
bb_ipp_nonadaptive,target_error,3367,280.5,0.18261005833218505
bb_ipp_nonadaptive,target_error,3368,280.58333333333337,0.18260873395066385
bb_ipp_nonadaptive,target_error,3369,280.66666666666663,0.18260388992632015
bb_ipp_nonadaptive,target_error,3370,280.75,0.18262184483547203
bb_ipp_nonadaptive,target_error,3371,280.83333333333337,0.182621648542347
bb_ipp_nonadaptive,target_error,3372,280.91666666666663,0.1826141018705598
bb_ipp_nonadaptive,target_error,3373,281.0,0.182574081276801
bb_ipp_nonadaptive,target_error,3374,281.08333333333337,0.1825374781392617
bb_ipp_nonadaptive,target_error,3375,281.16666666666663,0.18252357636151056
bb_ipp_nonadaptive,target_error,3376,281.25,0.18250043699291937
bb_ipp_nonadaptive,target_error,3377,281.33333333333337,0.1824430992196273
bb_ipp_nonadaptive,target_error,3378,281.41666666666663,0.18246284719484357
bb_ipp_nonadaptive,target_error,3379,281.5,0.18244862987646934
bb_ipp_nonadaptive,target_error,3380,281.58333333333337,0.18240629358374194
bb_ipp_nonadaptive,target_error,3381,281.66666666666663,0.18237903280594026
bb_ipp_nonadaptive,target_error,3382,281.75,0.18240651342231207
bb_ipp_nonadaptive,target_error,3383,281.83333333333337,0.1823902082231931
bb_ipp_nonadaptive,target_error,3384,281.91666666666663,0.18232281347175147
bb_ipp_nonadaptive,target_error,3385,282.0,0.18227255873041506
bb_ipp_nonadaptive,target_error,3386,282.08333333333337,0.18223063980441018
bb_ipp_nonadaptive,target_error,3387,282.16666666666663,0.18218785601868623
bb_ipp_nonadaptive,target_error,3388,282.25,0.18222650758450334
bb_ipp_nonadaptive,target_error,3389,282.33333333333337,0.18222383418308138
bb_ipp_nonadaptive,target_error,3390,282.41666666666663,0.18218610479735287
bb_ipp_nonadaptive,target_error,3391,282.5,0.18216225899744462
bb_ipp_nonadaptive,target_error,3392,282.58333333333337,0.18211936818270114
bb_ipp_nonadaptive,target_error,3393,282.66666666666663,0.18210508824107585
bb_ipp_nonadaptive,target_error,3394,282.75,0.18204997611599646
bb_ipp_nonadaptive,target_error,3395,282.83333333333337,0.1819837793978748
bb_ipp_nonadaptive,target_error,3396,282.91666666666663,0.18195814401756494
bb_ipp_nonadaptive,target_error,3397,283.0,0.18193651659409915
bb_ipp_nonadaptive,target_error,3398,283.08333333333337,0.18190642577876384
bb_ipp_nonadaptive,target_error,3399,283.16666666666663,0.1819122914837377
bb_ipp_nonadaptive,target_error,3400,283.25,0.1818447334494412
bb_ipp_nonadaptive,target_error,3401,283.33333333333337,0.18182761552711652
bb_ipp_nonadaptive,target_error,3402,283.41666666666663,0.1818562260643467
bb_ipp_nonadaptive,target_error,3403,283.5,0.1817549836414702
bb_ipp_nonadaptive,target_error,3404,283.58333333333337,0.18180133316160366
bb_ipp_nonadaptive,target_error,3405,283.66666666666663,0.18174253965441292
bb_ipp_nonadaptive,target_error,3406,283.75,0.18170867985578001
bb_ipp_nonadaptive,target_error,3407,283.83333333333337,0.1817531096420107
bb_ipp_nonadaptive,target_error,3408,283.91666666666663,0.18168148253753102
bb_ipp_nonadaptive,target_error,3409,284.0,0.18158716233100028
bb_ipp_nonadaptive,target_error,3410,284.08333333333337,0.18157243330804373
bb_ipp_nonadaptive,target_error,3411,284.16666666666663,0.181568406475879
bb_ipp_nonadaptive,target_error,3412,284.25,0.18150543724924945
bb_ipp_nonadaptive,target_error,3413,284.33333333333337,0.18150166765565315
bb_ipp_nonadaptive,target_error,3414,284.41666666666663,0.18141352798430216
bb_ipp_nonadaptive,target_error,3415,284.5,0.1814383846535934
bb_ipp_nonadaptive,target_error,3416,284.58333333333337,0.18137265118079818
bb_ipp_nonadaptive,target_error,3417,284.66666666666663,0.1813495670472344
bb_ipp_nonadaptive,target_error,3418,284.75,0.18136004772275569
bb_ipp_nonadaptive,target_error,3419,284.83333333333337,0.18125019734933756
bb_ipp_nonadaptive,target_error,3420,284.91666666666663,0.1812759242163822
bb_ipp_nonadaptive,target_error,3421,285.0,0.18115369469507464
bb_ipp_nonadaptive,target_error,3422,285.08333333333337,0.1811394079310974
bb_ipp_nonadaptive,target_error,3423,285.16666666666663,0.1811656668457711
bb_ipp_nonadaptive,target_error,3424,285.25,0.18124980726483836
bb_ipp_nonadaptive,target_error,3425,285.33333333333337,0.18110692821684757
bb_ipp_nonadaptive,target_error,3426,285.41666666666663,0.18120407216966464
bb_ipp_nonadaptive,target_error,3427,285.5,0.1811463402099548
bb_ipp_nonadaptive,target_error,3428,285.58333333333337,0.18110503646149434
bb_ipp_nonadaptive,target_error,3429,285.66666666666663,0.1810568004010563
bb_ipp_nonadaptive,target_error,3430,285.75,0.18096186225833097
bb_ipp_nonadaptive,target_error,3431,285.83333333333337,0.1809877125629593
bb_ipp_nonadaptive,target_error,3432,285.91666666666663,0.18093433828412495
bb_ipp_nonadaptive,target_error,3433,286.0,0.18089363407582337
bb_ipp_nonadaptive,target_error,3434,286.08333333333337,0.18093838032056925
bb_ipp_nonadaptive,target_error,3435,286.16666666666663,0.18088066428013752
bb_ipp_nonadaptive,target_error,3436,286.25,0.18094086475108326
bb_ipp_nonadaptive,target_error,3437,286.33333333333337,0.1808906387616493
bb_ipp_nonadaptive,target_error,3438,286.41666666666663,0.1808514377126749
bb_ipp_nonadaptive,target_error,3439,286.5,0.1808162917614789
bb_ipp_nonadaptive,target_error,3440,286.58333333333337,0.18078416149671564
bb_ipp_nonadaptive,target_error,3441,286.66666666666663,0.18078250129122256
bb_ipp_nonadaptive,target_error,3442,286.75,0.1807284970674099
bb_ipp_nonadaptive,target_error,3443,286.83333333333337,0.18071235481170356
bb_ipp_nonadaptive,target_error,3444,286.91666666666663,0.18068705060002468
bb_ipp_nonadaptive,target_error,3445,287.0,0.1806524139954269
bb_ipp_nonadaptive,target_error,3446,287.08333333333337,0.18065708475761746
bb_ipp_nonadaptive,target_error,3447,287.16666666666663,0.18066085406228652
bb_ipp_nonadaptive,target_error,3448,287.25,0.180599571559255
bb_ipp_nonadaptive,target_error,3449,287.33333333333337,0.1805136009226396
bb_ipp_nonadaptive,target_error,3450,287.41666666666663,0.1804721058741934
bb_ipp_nonadaptive,target_error,3451,287.5,0.1804298226781446
bb_ipp_nonadaptive,target_error,3452,287.58333333333337,0.18044872700419462
bb_ipp_nonadaptive,target_error,3453,287.66666666666663,0.1803727544760468
bb_ipp_nonadaptive,target_error,3454,287.75,0.180297359531705
bb_ipp_nonadaptive,target_error,3455,287.83333333333337,0.180231450710292
bb_ipp_nonadaptive,target_error,3456,287.91666666666663,0.18024609277917442
bb_ipp_nonadaptive,target_error,3457,288.0,0.1802573826302502
bb_ipp_nonadaptive,target_error,3458,288.08333333333337,0.18026110603299436
bb_ipp_nonadaptive,target_error,3459,288.16666666666663,0.1802643501080828
bb_ipp_nonadaptive,target_error,3460,288.25,0.18017350113140576
bb_ipp_nonadaptive,target_error,3461,288.33333333333337,0.1801131949185062
bb_ipp_nonadaptive,target_error,3462,288.41666666666663,0.1800015643069315
bb_ipp_nonadaptive,target_error,3463,288.5,0.1799406269727682
bb_ipp_nonadaptive,target_error,3464,288.58333333333337,0.17964713200497062
bb_ipp_nonadaptive,target_error,3465,288.66666666666663,0.17953150733613912
bb_ipp_nonadaptive,target_error,3466,288.75,0.1794462263929945
bb_ipp_nonadaptive,target_error,3467,288.83333333333337,0.1795401746204605
bb_ipp_nonadaptive,target_error,3468,288.91666666666663,0.17927415952376533
bb_ipp_nonadaptive,target_error,3469,289.0,0.17906968367178194
bb_ipp_nonadaptive,target_error,3470,289.08333333333337,0.17882513340781503
bb_ipp_nonadaptive,target_error,3471,289.16666666666663,0.17814416662687987
bb_ipp_nonadaptive,target_error,3472,289.25,0.17773901469991918
bb_ipp_nonadaptive,target_error,3473,289.33333333333337,0.17795981379741307
bb_ipp_nonadaptive,target_error,3474,289.41666666666663,0.17808438308315064
bb_ipp_nonadaptive,target_error,3475,289.5,0.17731553357053872
bb_ipp_nonadaptive,target_error,3476,289.58333333333337,0.17572073769951213
bb_ipp_nonadaptive,target_error,3477,289.66666666666663,0.17472557438809425
bb_ipp_nonadaptive,target_error,3478,289.75,0.17483028525273733
bb_ipp_nonadaptive,target_error,3479,289.83333333333337,0.17339171638129325
bb_ipp_nonadaptive,target_error,3480,289.91666666666663,0.17273199213306828
bb_ipp_nonadaptive,target_error,3481,290.0,0.1736798630151479
bb_ipp_nonadaptive,target_error,3482,290.08333333333337,0.17138137837662745
bb_ipp_nonadaptive,target_error,3483,290.16666666666663,0.17190242568286154
bb_ipp_nonadaptive,target_error,3484,290.25,0.17178606407760807
bb_ipp_nonadaptive,target_error,3485,290.33333333333337,0.17213079069834858
bb_ipp_nonadaptive,target_error,3486,290.41666666666663,0.17178143738885923
bb_ipp_nonadaptive,target_error,3487,290.5,0.1709508297051083
bb_ipp_nonadaptive,target_error,3488,290.58333333333337,0.1710329768707437
bb_ipp_nonadaptive,target_error,3489,290.66666666666663,0.17196406995424582
bb_ipp_nonadaptive,target_error,3490,290.75,0.1711349644271068
bb_ipp_nonadaptive,target_error,3491,290.83333333333337,0.17225551202620268
bb_ipp_nonadaptive,target_error,3492,290.91666666666663,0.17233432902907334
bb_ipp_nonadaptive,target_error,3493,291.0,0.17261055231901598
bb_ipp_nonadaptive,target_error,3494,291.08333333333337,0.1709020870068087
bb_ipp_nonadaptive,target_error,3495,291.16666666666663,0.17192960664761264
bb_ipp_nonadaptive,target_error,3496,291.25,0.17252459405153486
bb_ipp_nonadaptive,target_error,3497,291.33333333333337,0.17199706028695103
bb_ipp_nonadaptive,target_error,3498,291.41666666666663,0.17211952951092419
bb_ipp_nonadaptive,target_error,3499,291.5,0.17266801871670423
bb_ipp_nonadaptive,target_error,3500,291.58333333333337,0.17289106800874623
bb_ipp_nonadaptive,target_error,3501,291.66666666666663,0.17405819824472127
bb_ipp_nonadaptive,target_error,3502,291.75,0.17448868610624432
bb_ipp_nonadaptive,target_error,3503,291.83333333333337,0.17455131720363568
bb_ipp_nonadaptive,target_error,3504,291.91666666666663,0.17458743060484067
bb_ipp_nonadaptive,target_error,3505,292.0,0.17496687243476416
bb_ipp_nonadaptive,target_error,3506,292.08333333333337,0.17512454590735393
bb_ipp_nonadaptive,target_error,3507,292.16666666666663,0.1753923937104761
bb_ipp_nonadaptive,target_error,3508,292.25,0.17547885530276344
bb_ipp_nonadaptive,target_error,3509,292.33333333333337,0.1754846304861059
bb_ipp_nonadaptive,target_error,3510,292.41666666666663,0.17564885899364854
bb_ipp_nonadaptive,target_error,3511,292.5,0.1757060398992494
bb_ipp_nonadaptive,target_error,3512,292.58333333333337,0.17570066859548739
bb_ipp_nonadaptive,target_error,3513,292.66666666666663,0.17579553219156996
bb_ipp_nonadaptive,target_error,3514,292.75,0.1759214888165168
bb_ipp_nonadaptive,target_error,3515,292.83333333333337,0.17587919413006411
bb_ipp_nonadaptive,target_error,3516,292.91666666666663,0.17582429211423042
bb_ipp_nonadaptive,target_error,3517,293.0,0.1757691223523873
bb_ipp_nonadaptive,target_error,3518,293.08333333333337,0.1759913533013492
bb_ipp_nonadaptive,target_error,3519,293.16666666666663,0.1760687504428103
bb_ipp_nonadaptive,target_error,3520,293.25,0.17608865873320007
bb_ipp_nonadaptive,target_error,3521,293.33333333333337,0.1763049378632975
bb_ipp_nonadaptive,target_error,3522,293.41666666666663,0.17629495734125275
bb_ipp_nonadaptive,target_error,3523,293.5,0.17622708454434427
bb_ipp_nonadaptive,target_error,3524,293.58333333333337,0.17620540896029485
bb_ipp_nonadaptive,target_error,3525,293.66666666666663,0.17608407036886412
bb_ipp_nonadaptive,target_error,3526,293.75,0.1760780487469561
bb_ipp_nonadaptive,target_error,3527,293.83333333333337,0.17619092926415822
bb_ipp_nonadaptive,target_error,3528,293.91666666666663,0.17614434884634425
bb_ipp_nonadaptive,target_error,3529,294.0,0.1761267098382169
bb_ipp_nonadaptive,target_error,3530,294.08333333333337,0.17610962082483891
bb_ipp_nonadaptive,target_error,3531,294.16666666666663,0.17613636376830613
bb_ipp_nonadaptive,target_error,3532,294.25,0.17618152297570283
bb_ipp_nonadaptive,target_error,3533,294.33333333333337,0.1760913813676003
bb_ipp_nonadaptive,target_error,3534,294.41666666666663,0.1760512527352333
bb_ipp_nonadaptive,target_error,3535,294.5,0.17607788996819898
bb_ipp_nonadaptive,target_error,3536,294.58333333333337,0.17607170696744814
bb_ipp_nonadaptive,target_error,3537,294.66666666666663,0.1761016767620293
bb_ipp_nonadaptive,target_error,3538,294.75,0.17606709030461307
bb_ipp_nonadaptive,target_error,3539,294.83333333333337,0.1760389647816655
bb_ipp_nonadaptive,target_error,3540,294.91666666666663,0.1760532334139299
bb_ipp_nonadaptive,target_error,3541,295.0,0.17605357428875962
bb_ipp_nonadaptive,target_error,3542,295.08333333333337,0.17599845744155143
bb_ipp_nonadaptive,target_error,3543,295.16666666666663,0.17598602906375602
bb_ipp_nonadaptive,target_error,3544,295.25,0.1759293758587771
bb_ipp_nonadaptive,target_error,3545,295.33333333333337,0.17592071766285755
bb_ipp_nonadaptive,target_error,3546,295.41666666666663,0.17589989565551695
bb_ipp_nonadaptive,target_error,3547,295.5,0.17594598964900615
bb_ipp_nonadaptive,target_error,3548,295.58333333333337,0.17590632635188663
bb_ipp_nonadaptive,target_error,3549,295.66666666666663,0.17591631531107793
bb_ipp_nonadaptive,target_error,3550,295.75,0.1758864451837072
bb_ipp_nonadaptive,target_error,3551,295.83333333333337,0.17584878565267537
bb_ipp_nonadaptive,target_error,3552,295.91666666666663,0.17580194404369984
bb_ipp_nonadaptive,target_error,3553,296.0,0.175795611660928
bb_ipp_nonadaptive,target_error,3554,296.08333333333337,0.17580376696443006
bb_ipp_nonadaptive,target_error,3555,296.16666666666663,0.17576107575291
bb_ipp_nonadaptive,target_error,3556,296.25,0.17573431111227095
bb_ipp_nonadaptive,target_error,3557,296.33333333333337,0.17573492176283217
bb_ipp_nonadaptive,target_error,3558,296.41666666666663,0.17573256965171838
bb_ipp_nonadaptive,target_error,3559,296.5,0.1757159476242533
bb_ipp_nonadaptive,target_error,3560,296.58333333333337,0.17571499391486134
bb_ipp_nonadaptive,target_error,3561,296.66666666666663,0.17563384129056067
bb_ipp_nonadaptive,target_error,3562,296.75,0.17564488856998178
bb_ipp_nonadaptive,target_error,3563,296.83333333333337,0.1756966127873421
bb_ipp_nonadaptive,target_error,3564,296.91666666666663,0.1756400991597871
bb_ipp_nonadaptive,target_error,3565,297.0,0.1755744955124988
bb_ipp_nonadaptive,target_error,3566,297.08333333333337,0.17559349034227903
bb_ipp_nonadaptive,target_error,3567,297.16666666666663,0.17550866841884016
bb_ipp_nonadaptive,target_error,3568,297.25,0.17545452529414837
bb_ipp_nonadaptive,target_error,3569,297.33333333333337,0.17546798970181315
bb_ipp_nonadaptive,target_error,3570,297.41666666666663,0.17539108037783166
bb_ipp_nonadaptive,target_error,3571,297.5,0.17536923481922229
bb_ipp_nonadaptive,target_error,3572,297.58333333333337,0.17531908651985587
bb_ipp_nonadaptive,target_error,3573,297.66666666666663,0.17532068418566468
bb_ipp_nonadaptive,target_error,3574,297.75,0.1753585859178896
bb_ipp_nonadaptive,target_error,3575,297.83333333333337,0.17534616908602862
bb_ipp_nonadaptive,target_error,3576,297.91666666666663,0.1753076316154489
bb_ipp_nonadaptive,target_error,3577,298.0,0.17529968263250978
bb_ipp_nonadaptive,target_error,3578,298.08333333333337,0.17526695511486717
bb_ipp_nonadaptive,target_error,3579,298.16666666666663,0.17531840014705902
bb_ipp_nonadaptive,target_error,3580,298.25,0.17531314971943765
bb_ipp_nonadaptive,target_error,3581,298.33333333333337,0.1752534429833254
bb_ipp_nonadaptive,target_error,3582,298.41666666666663,0.1752144557327229
bb_ipp_nonadaptive,target_error,3583,298.5,0.17511937607881395
bb_ipp_nonadaptive,target_error,3584,298.58333333333337,0.17507503156119728
bb_ipp_nonadaptive,target_error,3585,298.66666666666663,0.1750563130217241
bb_ipp_nonadaptive,target_error,3586,298.75,0.17502189391191927
bb_ipp_nonadaptive,target_error,3587,298.83333333333337,0.1750343132024916
bb_ipp_nonadaptive,target_error,3588,298.91666666666663,0.17501320935652534
bb_ipp_nonadaptive,target_error,3589,299.0,0.17494265027244046
bb_ipp_nonadaptive,target_error,3590,299.08333333333337,0.1749176744447258
bb_ipp_nonadaptive,target_error,3591,299.16666666666663,0.17476862803187096
bb_ipp_nonadaptive,target_error,3592,299.25,0.17470025052705968
bb_ipp_nonadaptive,target_error,3593,299.33333333333337,0.17472955048837985
bb_ipp_nonadaptive,target_error,3594,299.41666666666663,0.17467242611923633
bb_ipp_nonadaptive,target_error,3595,299.5,0.17462226785838764
bb_ipp_nonadaptive,target_error,3596,299.58333333333337,0.1746443477230997
bb_ipp_nonadaptive,target_error,3597,299.66666666666663,0.17456603538176532
bb_ipp_nonadaptive,target_error,3598,299.75,0.17447546424817714
bb_ipp_nonadaptive,target_error,3599,299.83333333333337,0.17428625730243363
bb_ipp_nonadaptive,target_error,3600,299.91666666666663,0.17433872738048176
bb_ipp_nonadaptive,target_error,3601,300.0,0.17433157508270117
bb_ipp_nonadaptive,target_error,3602,300.08333333333337,0.17399163932087097
bb_ipp_nonadaptive,target_error,3603,300.16666666666663,0.17389955996750509
bb_ipp_nonadaptive,target_error,3604,300.25,0.1735415127318453
bb_ipp_nonadaptive,target_error,3605,300.33333333333337,0.17323438302615574
bb_ipp_nonadaptive,target_error,3606,300.41666666666663,0.17311208112162402
bb_ipp_nonadaptive,target_error,3607,300.5,0.17321820812469568
bb_ipp_nonadaptive,target_error,3608,300.58333333333337,0.17281254178679806
bb_ipp_nonadaptive,target_error,3609,300.66666666666663,0.172336047687655
bb_ipp_nonadaptive,target_error,3610,300.75,0.1724889322150127
bb_ipp_nonadaptive,target_error,3611,300.83333333333337,0.172428737379017
bb_ipp_nonadaptive,target_error,3612,300.91666666666663,0.17176172296525535
bb_ipp_nonadaptive,target_error,3613,301.0,0.1712811535367676
bb_ipp_nonadaptive,target_error,3614,301.08333333333337,0.16870252323686707
bb_ipp_nonadaptive,target_error,3615,301.16666666666663,0.1670957551394229
bb_ipp_nonadaptive,target_error,3616,301.25,0.16732098362908077
bb_ipp_nonadaptive,target_error,3617,301.33333333333337,0.16498062774712308
bb_ipp_nonadaptive,target_error,3618,301.41666666666663,0.16315223945096086
bb_ipp_nonadaptive,target_error,3619,301.5,0.1622045005728605
bb_ipp_nonadaptive,target_error,3620,301.58333333333337,0.1592641844369081
bb_ipp_nonadaptive,target_error,3621,301.66666666666663,0.15900700185199956
bb_ipp_nonadaptive,target_error,3622,301.75,0.15915671786508537
bb_ipp_nonadaptive,target_error,3623,301.83333333333337,0.15371619564316097
bb_ipp_nonadaptive,target_error,3624,301.91666666666663,0.15345615378079072
bb_ipp_nonadaptive,target_error,3625,302.0,0.1537664073831213
bb_ipp_nonadaptive,target_error,3626,302.08333333333337,0.1531940923274409
bb_ipp_nonadaptive,target_error,3627,302.16666666666663,0.15251004136089585
bb_ipp_nonadaptive,target_error,3628,302.25,0.152261558530069
bb_ipp_nonadaptive,target_error,3629,302.33333333333337,0.152727640108436
bb_ipp_nonadaptive,target_error,3630,302.41666666666663,0.15311240707246343
bb_ipp_nonadaptive,target_error,3631,302.5,0.1533266288610996
bb_ipp_nonadaptive,target_error,3632,302.58333333333337,0.1537691430457905
bb_ipp_nonadaptive,target_error,3633,302.66666666666663,0.15269348250004472
bb_ipp_nonadaptive,target_error,3634,302.75,0.15276675068018458
bb_ipp_nonadaptive,target_error,3635,302.83333333333337,0.15623104482135045
bb_ipp_nonadaptive,target_error,3636,302.91666666666663,0.15526252350871844
bb_ipp_nonadaptive,target_error,3637,303.0,0.15377003119436713
bb_ipp_nonadaptive,target_error,3638,303.08333333333337,0.15337901040966392
bb_ipp_nonadaptive,target_error,3639,303.16666666666663,0.15329387358253774
bb_ipp_nonadaptive,target_error,3640,303.25,0.155423627516079
bb_ipp_nonadaptive,target_error,3641,303.33333333333337,0.15437709310791856
bb_ipp_nonadaptive,target_error,3642,303.41666666666663,0.155613017318896
bb_ipp_nonadaptive,target_error,3643,303.5,0.1536615232763507
bb_ipp_nonadaptive,target_error,3644,303.58333333333337,0.1533585084780448
bb_ipp_nonadaptive,target_error,3645,303.66666666666663,0.15326918206018278
bb_ipp_nonadaptive,target_error,3646,303.75,0.15209537587436
bb_ipp_nonadaptive,target_error,3647,303.83333333333337,0.152697024778612
bb_ipp_nonadaptive,target_error,3648,303.91666666666663,0.15240792394687627
bb_ipp_nonadaptive,target_error,3649,304.0,0.15179542004577617
bb_ipp_nonadaptive,target_error,3650,304.08333333333337,0.1521363895600642
bb_ipp_nonadaptive,target_error,3651,304.16666666666663,0.15181898910624697
bb_ipp_nonadaptive,target_error,3652,304.25,0.15210519876509027
bb_ipp_nonadaptive,target_error,3653,304.33333333333337,0.1516090568702575
bb_ipp_nonadaptive,target_error,3654,304.41666666666663,0.1515794355575123
bb_ipp_nonadaptive,target_error,3655,304.5,0.15162470710443826
bb_ipp_nonadaptive,target_error,3656,304.58333333333337,0.15160083298060015
bb_ipp_nonadaptive,target_error,3657,304.66666666666663,0.15168970186874708
bb_ipp_nonadaptive,target_error,3658,304.75,0.15160498965929528
bb_ipp_nonadaptive,target_error,3659,304.83333333333337,0.1518690586361349
bb_ipp_nonadaptive,target_error,3660,304.91666666666663,0.15213307823882993
bb_ipp_nonadaptive,target_error,3661,305.0,0.15193003896788163
bb_ipp_nonadaptive,target_error,3662,305.08333333333337,0.15213881547882055
bb_ipp_nonadaptive,target_error,3663,305.16666666666663,0.15241337989284956
bb_ipp_nonadaptive,target_error,3664,305.25,0.15244532808326478
bb_ipp_nonadaptive,target_error,3665,305.33333333333337,0.1526794291019919
bb_ipp_nonadaptive,target_error,3666,305.41666666666663,0.1526965243802016
bb_ipp_nonadaptive,target_error,3667,305.5,0.15268832056930007
bb_ipp_nonadaptive,target_error,3668,305.58333333333337,0.15283044009518118
bb_ipp_nonadaptive,target_error,3669,305.66666666666663,0.15282005995474984
bb_ipp_nonadaptive,target_error,3670,305.75,0.15297606917319845
bb_ipp_nonadaptive,target_error,3671,305.83333333333337,0.153061325390279
bb_ipp_nonadaptive,target_error,3672,305.91666666666663,0.1532748669039282
bb_ipp_nonadaptive,target_error,3673,306.0,0.15333393710658363
bb_ipp_nonadaptive,target_error,3674,306.08333333333337,0.15367045972529236
bb_ipp_nonadaptive,target_error,3675,306.16666666666663,0.15351634036915485
bb_ipp_nonadaptive,target_error,3676,306.25,0.15366179491831292
bb_ipp_nonadaptive,target_error,3677,306.33333333333337,0.15368364217399985
bb_ipp_nonadaptive,target_error,3678,306.41666666666663,0.1537382328443899
bb_ipp_nonadaptive,target_error,3679,306.5,0.15380198439852868
bb_ipp_nonadaptive,target_error,3680,306.58333333333337,0.15390515041445188
bb_ipp_nonadaptive,target_error,3681,306.66666666666663,0.15409213707791813
bb_ipp_nonadaptive,target_error,3682,306.75,0.15433017214341843
bb_ipp_nonadaptive,target_error,3683,306.83333333333337,0.15438198682955623
bb_ipp_nonadaptive,target_error,3684,306.91666666666663,0.15456147206398033
bb_ipp_nonadaptive,target_error,3685,307.0,0.15475446384920205
bb_ipp_nonadaptive,target_error,3686,307.08333333333337,0.15473538438446735
bb_ipp_nonadaptive,target_error,3687,307.16666666666663,0.15450518405852212
bb_ipp_nonadaptive,target_error,3688,307.25,0.15482347621671386
bb_ipp_nonadaptive,target_error,3689,307.33333333333337,0.1546394255255535
bb_ipp_nonadaptive,target_error,3690,307.41666666666663,0.15479989493419768
bb_ipp_nonadaptive,target_error,3691,307.5,0.15470111565003625
bb_ipp_nonadaptive,target_error,3692,307.58333333333337,0.15465792651472174
bb_ipp_nonadaptive,target_error,3693,307.66666666666663,0.15496107528463024
bb_ipp_nonadaptive,target_error,3694,307.75,0.1550999627022295
bb_ipp_nonadaptive,target_error,3695,307.83333333333337,0.1552592152787344
bb_ipp_nonadaptive,target_error,3696,307.91666666666663,0.15538281117646321
bb_ipp_nonadaptive,target_error,3697,308.0,0.1552662783284714
bb_ipp_nonadaptive,target_error,3698,308.08333333333337,0.15525947938507814
bb_ipp_nonadaptive,target_error,3699,308.16666666666663,0.15529052256833378
bb_ipp_nonadaptive,target_error,3700,308.25,0.15523849165737577
bb_ipp_nonadaptive,target_error,3701,308.33333333333337,0.15544756895609402
bb_ipp_nonadaptive,target_error,3702,308.41666666666663,0.1556801816590882
bb_ipp_nonadaptive,target_error,3703,308.5,0.1557642350602166
bb_ipp_nonadaptive,target_error,3704,308.58333333333337,0.15589649809692774
bb_ipp_nonadaptive,target_error,3705,308.66666666666663,0.15579697401898726
bb_ipp_nonadaptive,target_error,3706,308.75,0.15573240987892706
bb_ipp_nonadaptive,target_error,3707,308.83333333333337,0.1559962574743246
bb_ipp_nonadaptive,target_error,3708,308.91666666666663,0.1561433806795625
bb_ipp_nonadaptive,target_error,3709,309.0,0.15628806355256905
bb_ipp_nonadaptive,target_error,3710,309.08333333333337,0.15606792875165282
bb_ipp_nonadaptive,target_error,3711,309.16666666666663,0.1561899963997652
bb_ipp_nonadaptive,target_error,3712,309.25,0.15637597837803424
bb_ipp_nonadaptive,target_error,3713,309.33333333333337,0.1564858908390584
bb_ipp_nonadaptive,target_error,3714,309.41666666666663,0.15639123753192904
bb_ipp_nonadaptive,target_error,3715,309.5,0.15660519916134968
bb_ipp_nonadaptive,target_error,3716,309.58333333333337,0.15670561775180214
bb_ipp_nonadaptive,target_error,3717,309.66666666666663,0.1565915074670014
bb_ipp_nonadaptive,target_error,3718,309.75,0.1566480781276051
bb_ipp_nonadaptive,target_error,3719,309.83333333333337,0.1567872327907922
bb_ipp_nonadaptive,target_error,3720,309.91666666666663,0.15687703387137175
bb_ipp_nonadaptive,target_error,3721,310.0,0.15695097309999256
bb_ipp_nonadaptive,target_error,3722,310.08333333333337,0.15722996495918892
bb_ipp_nonadaptive,target_error,3723,310.16666666666663,0.15723211565372908
bb_ipp_nonadaptive,target_error,3724,310.25,0.1571082989796241
bb_ipp_nonadaptive,target_error,3725,310.33333333333337,0.15722371867231769
bb_ipp_nonadaptive,target_error,3726,310.41666666666663,0.15737175314588295
bb_ipp_nonadaptive,target_error,3727,310.5,0.15744894758175948
bb_ipp_nonadaptive,target_error,3728,310.58333333333337,0.15749166045510044
bb_ipp_nonadaptive,target_error,3729,310.66666666666663,0.1576936074318564
bb_ipp_nonadaptive,target_error,3730,310.75,0.15764009924168534
bb_ipp_nonadaptive,target_error,3731,310.83333333333337,0.15753971244458048
bb_ipp_nonadaptive,target_error,3732,310.91666666666663,0.15765800702125962
bb_ipp_nonadaptive,target_error,3733,311.0,0.15750087636907642
bb_ipp_nonadaptive,target_error,3734,311.08333333333337,0.1577733368869874
bb_ipp_nonadaptive,target_error,3735,311.16666666666663,0.1577420358265982
bb_ipp_nonadaptive,target_error,3736,311.25,0.15768159090822284
bb_ipp_nonadaptive,target_error,3737,311.33333333333337,0.1574648941793443
bb_ipp_nonadaptive,target_error,3738,311.41666666666663,0.15748730797460045
bb_ipp_nonadaptive,target_error,3739,311.5,0.15736029716399344
bb_ipp_nonadaptive,target_error,3740,311.58333333333337,0.15750344463080143
bb_ipp_nonadaptive,target_error,3741,311.66666666666663,0.15752296402383187
bb_ipp_nonadaptive,target_error,3742,311.75,0.1575804980748016
bb_ipp_nonadaptive,target_error,3743,311.83333333333337,0.1576045235637279
bb_ipp_nonadaptive,target_error,3744,311.91666666666663,0.15775493860725834
bb_ipp_nonadaptive,target_error,3745,312.0,0.15805287515562816
bb_ipp_nonadaptive,target_error,3746,312.08333333333337,0.15813548321170784
bb_ipp_nonadaptive,target_error,3747,312.16666666666663,0.15794061387186686
bb_ipp_nonadaptive,target_error,3748,312.25,0.15815498655162055
bb_ipp_nonadaptive,target_error,3749,312.33333333333337,0.1580304323975301
bb_ipp_nonadaptive,target_error,3750,312.41666666666663,0.1582270348601626
bb_ipp_nonadaptive,target_error,3751,312.5,0.15844525732369902
bb_ipp_nonadaptive,target_error,3752,312.58333333333337,0.15891842611047524
bb_ipp_nonadaptive,target_error,3753,312.66666666666663,0.15893588309632886
bb_ipp_nonadaptive,target_error,3754,312.75,0.1593989191200778
bb_ipp_nonadaptive,target_error,3755,312.83333333333337,0.1592837950155974
bb_ipp_nonadaptive,target_error,3756,312.91666666666663,0.1591841470692094
bb_ipp_nonadaptive,target_error,3757,313.0,0.15900593345685282
bb_ipp_nonadaptive,target_error,3758,313.08333333333337,0.1589251365401434
bb_ipp_nonadaptive,target_error,3759,313.16666666666663,0.1588984073773737
bb_ipp_nonadaptive,target_error,3760,313.25,0.15898158034546853
bb_ipp_nonadaptive,target_error,3761,313.33333333333337,0.15887198610764144
bb_ipp_nonadaptive,target_error,3762,313.41666666666663,0.158913195684144
bb_ipp_nonadaptive,target_error,3763,313.5,0.15905239105043037
bb_ipp_nonadaptive,target_error,3764,313.58333333333337,0.15910103132738052
bb_ipp_nonadaptive,target_error,3765,313.66666666666663,0.1593131365279202
bb_ipp_nonadaptive,target_error,3766,313.75,0.15936507041301512
bb_ipp_nonadaptive,target_error,3767,313.83333333333337,0.15932932969906996
bb_ipp_nonadaptive,target_error,3768,313.91666666666663,0.15955409683197755
bb_ipp_nonadaptive,target_error,3769,314.0,0.15975759600510675
bb_ipp_nonadaptive,target_error,3770,314.08333333333337,0.15971793475100363
bb_ipp_nonadaptive,target_error,3771,314.16666666666663,0.15979083454585
bb_ipp_nonadaptive,target_error,3772,314.25,0.1598208107648089
bb_ipp_nonadaptive,target_error,3773,314.33333333333337,0.15988956891004966
bb_ipp_nonadaptive,target_error,3774,314.41666666666663,0.15987622752511105
bb_ipp_nonadaptive,target_error,3775,314.5,0.15998572273351008
bb_ipp_nonadaptive,target_error,3776,314.58333333333337,0.16007656327107142
bb_ipp_nonadaptive,target_error,3777,314.66666666666663,0.16011890480157553
bb_ipp_nonadaptive,target_error,3778,314.75,0.16006888849183695
bb_ipp_nonadaptive,target_error,3779,314.83333333333337,0.1600970608195021
bb_ipp_nonadaptive,target_error,3780,314.91666666666663,0.16005281257125673
bb_ipp_nonadaptive,target_error,3781,315.0,0.16020913554965888
bb_ipp_nonadaptive,target_error,3782,315.08333333333337,0.1603211706729206
bb_ipp_nonadaptive,target_error,3783,315.16666666666663,0.16034068351078423
bb_ipp_nonadaptive,target_error,3784,315.25,0.16028414914072478
bb_ipp_nonadaptive,target_error,3785,315.33333333333337,0.1604206438613916
bb_ipp_nonadaptive,target_error,3786,315.41666666666663,0.16041673505258433
bb_ipp_nonadaptive,target_error,3787,315.5,0.16038796315284984
bb_ipp_nonadaptive,target_error,3788,315.58333333333337,0.16037159973791074
bb_ipp_nonadaptive,target_error,3789,315.66666666666663,0.16060680024306742
bb_ipp_nonadaptive,target_error,3790,315.75,0.16066751587517497
bb_ipp_nonadaptive,target_error,3791,315.83333333333337,0.16051697893041558
bb_ipp_nonadaptive,target_error,3792,315.91666666666663,0.16047274581831464
bb_ipp_nonadaptive,target_error,3793,316.0,0.1605079645034355
bb_ipp_nonadaptive,target_error,3794,316.08333333333337,0.1604706685123458
bb_ipp_nonadaptive,target_error,3795,316.16666666666663,0.16063343593549628
bb_ipp_nonadaptive,target_error,3796,316.25,0.16084574808269514
bb_ipp_nonadaptive,target_error,3797,316.33333333333337,0.16090039423447594
bb_ipp_nonadaptive,target_error,3798,316.41666666666663,0.16099703631445947
bb_ipp_nonadaptive,target_error,3799,316.5,0.1609447007104114
bb_ipp_nonadaptive,target_error,3800,316.58333333333337,0.1608730759841826
bb_ipp_nonadaptive,target_error,3801,316.66666666666663,0.16094458184526494
bb_ipp_nonadaptive,target_error,3802,316.75,0.16089633990670868
bb_ipp_nonadaptive,target_error,3803,316.83333333333337,0.1607778239691007
bb_ipp_nonadaptive,target_error,3804,316.91666666666663,0.16081768413659353
bb_ipp_nonadaptive,target_error,3805,317.0,0.16099869202285802
bb_ipp_nonadaptive,target_error,3806,317.08333333333337,0.1609063007411816
bb_ipp_nonadaptive,target_error,3807,317.16666666666663,0.16111529594085633
bb_ipp_nonadaptive,target_error,3808,317.25,0.16129586242317284
bb_ipp_nonadaptive,target_error,3809,317.33333333333337,0.16135755773316374
bb_ipp_nonadaptive,target_error,3810,317.41666666666663,0.16137333157872286
bb_ipp_nonadaptive,target_error,3811,317.5,0.16123070721301733
bb_ipp_nonadaptive,target_error,3812,317.58333333333337,0.1613757439554695
bb_ipp_nonadaptive,target_error,3813,317.66666666666663,0.16126576950349827
bb_ipp_nonadaptive,target_error,3814,317.75,0.16130195329269775
bb_ipp_nonadaptive,target_error,3815,317.83333333333337,0.16138278658710284
bb_ipp_nonadaptive,target_error,3816,317.91666666666663,0.16135642613670725
bb_ipp_nonadaptive,target_error,3817,318.0,0.161423762990498
bb_ipp_nonadaptive,target_error,3818,318.08333333333337,0.1615557504904871
bb_ipp_nonadaptive,target_error,3819,318.16666666666663,0.16147014909351873
bb_ipp_nonadaptive,target_error,3820,318.25,0.1614719971813473
bb_ipp_nonadaptive,target_error,3821,318.33333333333337,0.1616047582422589
bb_ipp_nonadaptive,target_error,3822,318.41666666666663,0.16153110080679597
bb_ipp_nonadaptive,target_error,3823,318.5,0.16135689936651645
bb_ipp_nonadaptive,target_error,3824,318.58333333333337,0.16144992770856734
bb_ipp_nonadaptive,target_error,3825,318.66666666666663,0.1614571458095246
bb_ipp_nonadaptive,target_error,3826,318.75,0.16127491144747355
bb_ipp_nonadaptive,target_error,3827,318.83333333333337,0.16087485416700162
bb_ipp_nonadaptive,target_error,3828,318.91666666666663,0.16140991837544413
bb_ipp_nonadaptive,target_error,3829,319.0,0.1611615516867114
bb_ipp_nonadaptive,target_error,3830,319.08333333333337,0.16088626682627769
bb_ipp_nonadaptive,target_error,3831,319.16666666666663,0.16080317922633716
bb_ipp_nonadaptive,target_error,3832,319.25,0.16082555733638754
bb_ipp_nonadaptive,target_error,3833,319.33333333333337,0.1605865218751047
bb_ipp_nonadaptive,target_error,3834,319.41666666666663,0.1601117247205758
bb_ipp_nonadaptive,target_error,3835,319.5,0.15975579297459222
bb_ipp_nonadaptive,target_error,3836,319.58333333333337,0.15992500128983894
bb_ipp_nonadaptive,target_error,3837,319.66666666666663,0.15948662538970643
bb_ipp_nonadaptive,target_error,3838,319.75,0.15945018637744118
bb_ipp_nonadaptive,target_error,3839,319.83333333333337,0.15868851184578436
bb_ipp_nonadaptive,target_error,3840,319.91666666666663,0.15810439520564415
bb_ipp_nonadaptive,target_error,3841,320.0,0.15738271097483256
bb_ipp_nonadaptive,target_error,3842,320.08333333333337,0.1572887558340447
bb_ipp_nonadaptive,target_error,3843,320.16666666666663,0.1569279374448049
bb_ipp_nonadaptive,target_error,3844,320.25,0.15634698366293923
bb_ipp_nonadaptive,target_error,3845,320.33333333333337,0.1566285157481724
bb_ipp_nonadaptive,target_error,3846,320.41666666666663,0.15661419915188396
bb_ipp_nonadaptive,target_error,3847,320.5,0.15675033308430916
bb_ipp_nonadaptive,target_error,3848,320.58333333333337,0.1555151155794724
bb_ipp_nonadaptive,target_error,3849,320.66666666666663,0.1551736842492268
bb_ipp_nonadaptive,target_error,3850,320.75,0.15452356962787894
bb_ipp_nonadaptive,target_error,3851,320.83333333333337,0.15416811563556293
bb_ipp_nonadaptive,target_error,3852,320.91666666666663,0.15418447242987002
bb_ipp_nonadaptive,target_error,3853,321.0,0.15415911093117143
bb_ipp_nonadaptive,target_error,3854,321.08333333333337,0.15502972688518504
bb_ipp_nonadaptive,target_error,3855,321.16666666666663,0.15606390137006831
bb_ipp_nonadaptive,target_error,3856,321.25,0.1547278380970943
bb_ipp_nonadaptive,target_error,3857,321.33333333333337,0.15485796556518447
bb_ipp_nonadaptive,target_error,3858,321.41666666666663,0.15424667405589051
bb_ipp_nonadaptive,target_error,3859,321.5,0.1538071498439842
bb_ipp_nonadaptive,target_error,3860,321.58333333333337,0.1537538850679193
bb_ipp_nonadaptive,target_error,3861,321.66666666666663,0.15478821009177884
bb_ipp_nonadaptive,target_error,3862,321.75,0.1539212865602729
bb_ipp_nonadaptive,target_error,3863,321.83333333333337,0.15397915207331395
bb_ipp_nonadaptive,target_error,3864,321.91666666666663,0.15485102054208413
bb_ipp_nonadaptive,target_error,3865,322.0,0.15529130935561397
bb_ipp_nonadaptive,target_error,3866,322.08333333333337,0.15569796777022193
bb_ipp_nonadaptive,target_error,3867,322.16666666666663,0.15677566873017884
bb_ipp_nonadaptive,target_error,3868,322.25,0.1567948150478676
bb_ipp_nonadaptive,target_error,3869,322.33333333333337,0.15691933017389725
bb_ipp_nonadaptive,target_error,3870,322.41666666666663,0.1565353490923
bb_ipp_nonadaptive,target_error,3871,322.5,0.15767858744011332
bb_ipp_nonadaptive,target_error,3872,322.58333333333337,0.15896804101600462
bb_ipp_nonadaptive,target_error,3873,322.66666666666663,0.16028794959531953
bb_ipp_nonadaptive,target_error,3874,322.75,0.16081274340013907
bb_ipp_nonadaptive,target_error,3875,322.83333333333337,0.1618419117123354
bb_ipp_nonadaptive,target_error,3876,322.91666666666663,0.16279427668455101
bb_ipp_nonadaptive,target_error,3877,323.0,0.16308897975743836
bb_ipp_nonadaptive,target_error,3878,323.08333333333337,0.16304425065047642
bb_ipp_nonadaptive,target_error,3879,323.16666666666663,0.16351732741142852
bb_ipp_nonadaptive,target_error,3880,323.25,0.16360904932059192
bb_ipp_nonadaptive,target_error,3881,323.33333333333337,0.16361352944202187
bb_ipp_nonadaptive,target_error,3882,323.41666666666663,0.1640793399528958
bb_ipp_nonadaptive,target_error,3883,323.5,0.16467200343724753
bb_ipp_nonadaptive,target_error,3884,323.58333333333337,0.16538896459057006
bb_ipp_nonadaptive,target_error,3885,323.66666666666663,0.1658420932059406
bb_ipp_nonadaptive,target_error,3886,323.75,0.1659499424098973
bb_ipp_nonadaptive,target_error,3887,323.83333333333337,0.16580797501731068
bb_ipp_nonadaptive,target_error,3888,323.91666666666663,0.16588551791952266
bb_ipp_nonadaptive,target_error,3889,324.0,0.16607846877610297
bb_ipp_nonadaptive,target_error,3890,324.08333333333337,0.1661842595523179
bb_ipp_nonadaptive,target_error,3891,324.16666666666663,0.16616582808994532
bb_ipp_nonadaptive,target_error,3892,324.25,0.1658411567879075
bb_ipp_nonadaptive,target_error,3893,324.33333333333337,0.16605987439327646
bb_ipp_nonadaptive,target_error,3894,324.41666666666663,0.16602121159131422
bb_ipp_nonadaptive,target_error,3895,324.5,0.1664852787857387
bb_ipp_nonadaptive,target_error,3896,324.58333333333337,0.16637506036073962
bb_ipp_nonadaptive,target_error,3897,324.66666666666663,0.16647950768539752
bb_ipp_nonadaptive,target_error,3898,324.75,0.16645480843187857
bb_ipp_nonadaptive,target_error,3899,324.83333333333337,0.16655765925546945
bb_ipp_nonadaptive,target_error,3900,324.91666666666663,0.1667048154751729
bb_ipp_nonadaptive,target_error,3901,325.0,0.16671745297490415
bb_ipp_nonadaptive,target_error,3902,325.08333333333337,0.1667452389771154
bb_ipp_nonadaptive,target_error,3903,325.16666666666663,0.1666306038694857
bb_ipp_nonadaptive,target_error,3904,325.25,0.16672783143673614
bb_ipp_nonadaptive,target_error,3905,325.33333333333337,0.16662520349860874
bb_ipp_nonadaptive,target_error,3906,325.41666666666663,0.16653046098343222
bb_ipp_nonadaptive,target_error,3907,325.5,0.16646481489455564
bb_ipp_nonadaptive,target_error,3908,325.58333333333337,0.1666395004571715
bb_ipp_nonadaptive,target_error,3909,325.66666666666663,0.16659410072186612
bb_ipp_nonadaptive,target_error,3910,325.75,0.16663302461908797
bb_ipp_nonadaptive,target_error,3911,325.83333333333337,0.16664177733643656
bb_ipp_nonadaptive,target_error,3912,325.91666666666663,0.16635370966940607
bb_ipp_nonadaptive,target_error,3913,326.0,0.1661408604697198
bb_ipp_nonadaptive,target_error,3914,326.08333333333337,0.1663669370154368
bb_ipp_nonadaptive,target_error,3915,326.16666666666663,0.16649827374329543
bb_ipp_nonadaptive,target_error,3916,326.25,0.16640602755007278
bb_ipp_nonadaptive,target_error,3917,326.33333333333337,0.1664751997492989
bb_ipp_nonadaptive,target_error,3918,326.41666666666663,0.16650964162020646
bb_ipp_nonadaptive,target_error,3919,326.5,0.1665242891860744
bb_ipp_nonadaptive,target_error,3920,326.58333333333337,0.1665413157103807
bb_ipp_nonadaptive,target_error,3921,326.66666666666663,0.1665112887384658
bb_ipp_nonadaptive,target_error,3922,326.75,0.16648892539238203
bb_ipp_nonadaptive,target_error,3923,326.83333333333337,0.16654480163101
bb_ipp_nonadaptive,target_error,3924,326.91666666666663,0.1664535773408927
bb_ipp_nonadaptive,target_error,3925,327.0,0.16637440025410913
bb_ipp_nonadaptive,target_error,3926,327.08333333333337,0.16629940113675878
bb_ipp_nonadaptive,target_error,3927,327.16666666666663,0.1663042075403738
bb_ipp_nonadaptive,target_error,3928,327.25,0.16619269877622816
bb_ipp_nonadaptive,target_error,3929,327.33333333333337,0.16621263879857137
bb_ipp_nonadaptive,target_error,3930,327.41666666666663,0.1663327996536891
bb_ipp_nonadaptive,target_error,3931,327.5,0.16630678885649294
bb_ipp_nonadaptive,target_error,3932,327.58333333333337,0.16617466814930112
bb_ipp_nonadaptive,target_error,3933,327.66666666666663,0.16615463479121984
bb_ipp_nonadaptive,target_error,3934,327.75,0.16614998049382473
bb_ipp_nonadaptive,target_error,3935,327.83333333333337,0.16607509949608903
bb_ipp_nonadaptive,target_error,3936,327.91666666666663,0.1660850851165107
bb_ipp_nonadaptive,target_error,3937,328.0,0.1660852490812146
bb_ipp_nonadaptive,target_error,3938,328.08333333333337,0.16605603923026327
bb_ipp_nonadaptive,target_error,3939,328.16666666666663,0.16597879296066437
bb_ipp_nonadaptive,target_error,3940,328.25,0.16602972073830272
bb_ipp_nonadaptive,target_error,3941,328.33333333333337,0.1660757947463646
bb_ipp_nonadaptive,target_error,3942,328.41666666666663,0.16614417392815395
bb_ipp_nonadaptive,target_error,3943,328.5,0.16608457627726142
bb_ipp_nonadaptive,target_error,3944,328.58333333333337,0.16607131225228647
bb_ipp_nonadaptive,target_error,3945,328.66666666666663,0.16604173850803522
bb_ipp_nonadaptive,target_error,3946,328.75,0.16604841548890925
bb_ipp_nonadaptive,target_error,3947,328.83333333333337,0.16600428550993476
bb_ipp_nonadaptive,target_error,3948,328.91666666666663,0.16595042864530535
bb_ipp_nonadaptive,target_error,3949,329.0,0.16595336086145346
bb_ipp_nonadaptive,target_error,3950,329.08333333333337,0.1658851110908811
bb_ipp_nonadaptive,target_error,3951,329.16666666666663,0.16593054402591512
bb_ipp_nonadaptive,target_error,3952,329.25,0.1659069946345333
bb_ipp_nonadaptive,target_error,3953,329.33333333333337,0.16590719959190087
bb_ipp_nonadaptive,target_error,3954,329.41666666666663,0.16594686341779075
bb_ipp_nonadaptive,target_error,3955,329.5,0.16594139695149807
bb_ipp_nonadaptive,target_error,3956,329.58333333333337,0.16592966059063163
bb_ipp_nonadaptive,target_error,3957,329.66666666666663,0.165962385666217
bb_ipp_nonadaptive,target_error,3958,329.75,0.1659284287355552
bb_ipp_nonadaptive,target_error,3959,329.83333333333337,0.16593636546413815
bb_ipp_nonadaptive,target_error,3960,329.91666666666663,0.16592508397508957
bb_ipp_nonadaptive,target_error,3961,330.0,0.16586676232138792
bb_ipp_nonadaptive,target_error,3962,330.08333333333337,0.16583413081429915
bb_ipp_nonadaptive,target_error,3963,330.16666666666663,0.16585108152749853
bb_ipp_nonadaptive,target_error,3964,330.25,0.16586405321145242
bb_ipp_nonadaptive,target_error,3965,330.33333333333337,0.16585427812373604
bb_ipp_nonadaptive,target_error,3966,330.41666666666663,0.1658284535753707
bb_ipp_nonadaptive,target_error,3967,330.5,0.16584374352807116
bb_ipp_nonadaptive,target_error,3968,330.58333333333337,0.16580909433330787
bb_ipp_nonadaptive,target_error,3969,330.66666666666663,0.1657813191267072
bb_ipp_nonadaptive,target_error,3970,330.75,0.16577409370891275
bb_ipp_nonadaptive,target_error,3971,330.83333333333337,0.16575540488971338
bb_ipp_nonadaptive,target_error,3972,330.91666666666663,0.165753547678538
bb_ipp_nonadaptive,target_error,3973,331.0,0.1657733307403917
bb_ipp_nonadaptive,target_error,3974,331.08333333333337,0.16574521629432004
bb_ipp_nonadaptive,target_error,3975,331.16666666666663,0.16572328444885584
bb_ipp_nonadaptive,target_error,3976,331.25,0.1656986975619984
bb_ipp_nonadaptive,target_error,3977,331.33333333333337,0.16569694210313873
bb_ipp_nonadaptive,target_error,3978,331.41666666666663,0.16569812531964942
bb_ipp_nonadaptive,target_error,3979,331.5,0.16569141797127676
bb_ipp_nonadaptive,target_error,3980,331.58333333333337,0.16570568613383913
bb_ipp_nonadaptive,target_error,3981,331.66666666666663,0.16571110133718767
bb_ipp_nonadaptive,target_error,3982,331.75,0.16567843375390373
bb_ipp_nonadaptive,target_error,3983,331.83333333333337,0.16560709801540224
bb_ipp_nonadaptive,target_error,3984,331.91666666666663,0.16566504008108643
bb_ipp_nonadaptive,target_error,3985,332.0,0.16559658510063094
bb_ipp_nonadaptive,target_error,3986,332.08333333333337,0.16559641213291346
bb_ipp_nonadaptive,target_error,3987,332.16666666666663,0.1655588534256828
bb_ipp_nonadaptive,target_error,3988,332.25,0.16561740627417354
bb_ipp_nonadaptive,target_error,3989,332.33333333333337,0.16560473368775927
bb_ipp_nonadaptive,target_error,3990,332.41666666666663,0.16556781833005843
bb_ipp_nonadaptive,target_error,3991,332.5,0.1655554710228966
bb_ipp_nonadaptive,target_error,3992,332.58333333333337,0.16563863306165172
bb_ipp_nonadaptive,target_error,3993,332.66666666666663,0.1656237883298927
bb_ipp_nonadaptive,target_error,3994,332.75,0.1655551735026394
bb_ipp_nonadaptive,target_error,3995,332.83333333333337,0.16556548165465876
bb_ipp_nonadaptive,target_error,3996,332.91666666666663,0.16551799014081242
bb_ipp_nonadaptive,target_error,3997,333.0,0.16551396666038243
bb_ipp_nonadaptive,target_error,3998,333.08333333333337,0.16546361798200301
bb_ipp_nonadaptive,target_error,3999,333.16666666666663,0.16539699129701813
bb_ipp_nonadaptive,target_error,4000,333.25,0.1654110871209537
bb_ipp_nonadaptive,target_error,4001,333.33333333333337,0.1655121883994999
bb_ipp_nonadaptive,target_error,4002,333.41666666666663,0.16541394563370898
bb_ipp_nonadaptive,target_error,4003,333.5,0.1654206182608872
bb_ipp_nonadaptive,target_error,4004,333.58333333333337,0.1652905670760004
bb_ipp_nonadaptive,target_error,4005,333.66666666666663,0.16527305564261438
bb_ipp_nonadaptive,target_error,4006,333.75,0.16527950099207261
bb_ipp_nonadaptive,target_error,4007,333.83333333333337,0.16528407014497593
bb_ipp_nonadaptive,target_error,4008,333.91666666666663,0.1652917413426678
bb_ipp_nonadaptive,target_error,4009,334.0,0.1652356823619673
bb_ipp_nonadaptive,target_error,4010,334.08333333333337,0.1652301272576149
bb_ipp_nonadaptive,target_error,4011,334.16666666666663,0.16510964392399644
bb_ipp_nonadaptive,target_error,4012,334.25,0.16491099045240207
bb_ipp_nonadaptive,target_error,4013,334.33333333333337,0.16469586168340467
bb_ipp_nonadaptive,target_error,4014,334.41666666666663,0.16453001827123415
bb_ipp_nonadaptive,target_error,4015,334.5,0.1646581094240118
bb_ipp_nonadaptive,target_error,4016,334.58333333333337,0.16456122906904447
bb_ipp_nonadaptive,target_error,4017,334.66666666666663,0.16428339560850233
bb_ipp_nonadaptive,target_error,4018,334.75,0.1638558175046391
bb_ipp_nonadaptive,target_error,4019,334.83333333333337,0.16345856392198266
bb_ipp_nonadaptive,target_error,4020,334.91666666666663,0.1638506299395091
bb_ipp_nonadaptive,target_error,4021,335.0,0.16332344178278882
bb_ipp_nonadaptive,target_error,4022,335.08333333333337,0.1639049933303919
bb_ipp_nonadaptive,target_error,4023,335.16666666666663,0.16410615726482083
bb_ipp_nonadaptive,target_error,4024,335.25,0.16290556033751
bb_ipp_nonadaptive,target_error,4025,335.33333333333337,0.16215702136267948
bb_ipp_nonadaptive,target_error,4026,335.41666666666663,0.1594319195744245
bb_ipp_nonadaptive,target_error,4027,335.5,0.15879381366143308
bb_ipp_nonadaptive,target_error,4028,335.58333333333337,0.1582286135974149
bb_ipp_nonadaptive,target_error,4029,335.66666666666663,0.15776681651615496
bb_ipp_nonadaptive,target_error,4030,335.75,0.15736921314364113
bb_ipp_nonadaptive,target_error,4031,335.83333333333337,0.1568078222649708
bb_ipp_nonadaptive,target_error,4032,335.91666666666663,0.15562037662846598
bb_ipp_nonadaptive,target_error,4033,336.0,0.15412815552184533
bb_ipp_nonadaptive,target_error,4034,336.08333333333337,0.15082998083723548
bb_ipp_nonadaptive,target_error,4035,336.16666666666663,0.1483132616858001
bb_ipp_nonadaptive,target_error,4036,336.25,0.1465286029785664
bb_ipp_nonadaptive,target_error,4037,336.33333333333337,0.14633630994494579
bb_ipp_nonadaptive,target_error,4038,336.41666666666663,0.14524391028250594
bb_ipp_nonadaptive,target_error,4039,336.5,0.14491306707937854
bb_ipp_nonadaptive,target_error,4040,336.58333333333337,0.14535930793525875
bb_ipp_nonadaptive,target_error,4041,336.66666666666663,0.144751236602372
bb_ipp_nonadaptive,target_error,4042,336.75,0.1444310947980203
bb_ipp_nonadaptive,target_error,4043,336.83333333333337,0.1444268884727146
bb_ipp_nonadaptive,target_error,4044,336.91666666666663,0.1446334083792079
bb_ipp_nonadaptive,target_error,4045,337.0,0.14433803907038673
bb_ipp_nonadaptive,target_error,4046,337.08333333333337,0.1450441102351768
bb_ipp_nonadaptive,target_error,4047,337.16666666666663,0.1446898737599911
bb_ipp_nonadaptive,target_error,4048,337.25,0.1450321948722316
bb_ipp_nonadaptive,target_error,4049,337.33333333333337,0.14617215485879673
bb_ipp_nonadaptive,target_error,4050,337.41666666666663,0.14509554104207253
bb_ipp_nonadaptive,target_error,4051,337.5,0.14653207024183057
bb_ipp_nonadaptive,target_error,4052,337.58333333333337,0.14639058876414646
bb_ipp_nonadaptive,target_error,4053,337.66666666666663,0.14512412531415697
bb_ipp_nonadaptive,target_error,4054,337.75,0.14455585306800703
bb_ipp_nonadaptive,target_error,4055,337.83333333333337,0.14477483780449174
bb_ipp_nonadaptive,target_error,4056,337.91666666666663,0.14457956083097015
bb_ipp_nonadaptive,target_error,4057,338.0,0.14458923312906635
bb_ipp_nonadaptive,target_error,4058,338.08333333333337,0.1443206974494826
bb_ipp_nonadaptive,target_error,4059,338.16666666666663,0.14429486392053
bb_ipp_nonadaptive,target_error,4060,338.25,0.1442848968011419
bb_ipp_nonadaptive,target_error,4061,338.33333333333337,0.14431511546128667
bb_ipp_nonadaptive,target_error,4062,338.41666666666663,0.14426627018824328
bb_ipp_nonadaptive,target_error,4063,338.5,0.14441067811735608
bb_ipp_nonadaptive,target_error,4064,338.58333333333337,0.14437438191524105
bb_ipp_nonadaptive,target_error,4065,338.66666666666663,0.14439088424781474
bb_ipp_nonadaptive,target_error,4066,338.75,0.1445831348545647
bb_ipp_nonadaptive,target_error,4067,338.83333333333337,0.1447268453694308
bb_ipp_nonadaptive,target_error,4068,338.91666666666663,0.14503792896252518
bb_ipp_nonadaptive,target_error,4069,339.0,0.14514875488446008
bb_ipp_nonadaptive,target_error,4070,339.08333333333337,0.14559667154783468
bb_ipp_nonadaptive,target_error,4071,339.16666666666663,0.14555446291604204
bb_ipp_nonadaptive,target_error,4072,339.25,0.14566138030415612
bb_ipp_nonadaptive,target_error,4073,339.33333333333337,0.14563817077852
bb_ipp_nonadaptive,target_error,4074,339.41666666666663,0.14566653102606297
bb_ipp_nonadaptive,target_error,4075,339.5,0.1460114831749731
bb_ipp_nonadaptive,target_error,4076,339.58333333333337,0.14606417589227996
bb_ipp_nonadaptive,target_error,4077,339.66666666666663,0.14607875110694765
bb_ipp_nonadaptive,target_error,4078,339.75,0.1465899750665384
bb_ipp_nonadaptive,target_error,4079,339.83333333333337,0.14663463143515293
bb_ipp_nonadaptive,target_error,4080,339.91666666666663,0.1467934214005114
bb_ipp_nonadaptive,target_error,4081,340.0,0.14691479529903909
bb_ipp_nonadaptive,target_error,4082,340.08333333333337,0.14727783261218966
bb_ipp_nonadaptive,target_error,4083,340.16666666666663,0.14733315755780962
bb_ipp_nonadaptive,target_error,4084,340.25,0.1472301402017961
bb_ipp_nonadaptive,target_error,4085,340.33333333333337,0.14756401916902487
bb_ipp_nonadaptive,target_error,4086,340.41666666666663,0.14743923544731238
bb_ipp_nonadaptive,target_error,4087,340.5,0.14746029786900333
bb_ipp_nonadaptive,target_error,4088,340.58333333333337,0.14756187197675213
bb_ipp_nonadaptive,target_error,4089,340.66666666666663,0.14746146682888214
bb_ipp_nonadaptive,target_error,4090,340.75,0.14745661687143408
bb_ipp_nonadaptive,target_error,4091,340.83333333333337,0.14763315858511242
bb_ipp_nonadaptive,target_error,4092,340.91666666666663,0.14783500603852678
bb_ipp_nonadaptive,target_error,4093,341.0,0.14818484700576043
bb_ipp_nonadaptive,target_error,4094,341.08333333333337,0.14815623847242154
bb_ipp_nonadaptive,target_error,4095,341.16666666666663,0.1480993315695526
bb_ipp_nonadaptive,target_error,4096,341.25,0.1479863206504583
bb_ipp_nonadaptive,target_error,4097,341.33333333333337,0.14819064920263475
bb_ipp_nonadaptive,target_error,4098,341.41666666666663,0.14822809985025479
bb_ipp_nonadaptive,target_error,4099,341.5,0.14823412697496782
bb_ipp_nonadaptive,target_error,4100,341.58333333333337,0.14814967131408222
bb_ipp_nonadaptive,target_error,4101,341.66666666666663,0.14823699219701295
bb_ipp_nonadaptive,target_error,4102,341.75,0.1481925271817174
bb_ipp_nonadaptive,target_error,4103,341.83333333333337,0.1481808372965372
bb_ipp_nonadaptive,target_error,4104,341.91666666666663,0.14796202495342706
bb_ipp_nonadaptive,target_error,4105,342.0,0.14792256061914363
bb_ipp_nonadaptive,target_error,4106,342.08333333333337,0.14789655854960201
bb_ipp_nonadaptive,target_error,4107,342.16666666666663,0.14769711848783645
bb_ipp_nonadaptive,target_error,4108,342.25,0.1479005571591505
bb_ipp_nonadaptive,target_error,4109,342.33333333333337,0.1475927467040474
bb_ipp_nonadaptive,target_error,4110,342.41666666666663,0.1476361223540823
bb_ipp_nonadaptive,target_error,4111,342.5,0.1477817731686887
bb_ipp_nonadaptive,target_error,4112,342.58333333333337,0.1472818679021481
bb_ipp_nonadaptive,target_error,4113,342.66666666666663,0.14682862141816042
bb_ipp_nonadaptive,target_error,4114,342.75,0.14712310849760732
bb_ipp_nonadaptive,target_error,4115,342.83333333333337,0.1478349236521626
bb_ipp_nonadaptive,target_error,4116,342.91666666666663,0.1481814724715363
bb_ipp_nonadaptive,target_error,4117,343.0,0.14814506268192787
bb_ipp_nonadaptive,target_error,4118,343.08333333333337,0.1477899583970567
bb_ipp_nonadaptive,target_error,4119,343.16666666666663,0.14777855824715058
bb_ipp_nonadaptive,target_error,4120,343.25,0.14751982295937052
bb_ipp_nonadaptive,target_error,4121,343.33333333333337,0.14774671835957262
bb_ipp_nonadaptive,target_error,4122,343.41666666666663,0.14785395184311997
bb_ipp_nonadaptive,target_error,4123,343.5,0.14789018316617716
bb_ipp_nonadaptive,target_error,4124,343.58333333333337,0.1480177007717922
bb_ipp_nonadaptive,target_error,4125,343.66666666666663,0.148484149320259
bb_ipp_nonadaptive,target_error,4126,343.75,0.14831411066084452
bb_ipp_nonadaptive,target_error,4127,343.83333333333337,0.1481536482111985
bb_ipp_nonadaptive,target_error,4128,343.91666666666663,0.14816110366064994
bb_ipp_nonadaptive,target_error,4129,344.0,0.148137004278197
bb_ipp_nonadaptive,target_error,4130,344.08333333333337,0.14812052464588085
bb_ipp_nonadaptive,target_error,4131,344.16666666666663,0.14866764602155091
bb_ipp_nonadaptive,target_error,4132,344.25,0.14911837736408376
bb_ipp_nonadaptive,target_error,4133,344.33333333333337,0.14934018181423317
bb_ipp_nonadaptive,target_error,4134,344.41666666666663,0.14931838406297346
bb_ipp_nonadaptive,target_error,4135,344.5,0.14952586159969355
bb_ipp_nonadaptive,target_error,4136,344.58333333333337,0.1496351933085183
bb_ipp_nonadaptive,target_error,4137,344.66666666666663,0.14973484284431587
bb_ipp_nonadaptive,target_error,4138,344.75,0.14987698264280602
bb_ipp_nonadaptive,target_error,4139,344.83333333333337,0.14983565287410242
bb_ipp_nonadaptive,target_error,4140,344.91666666666663,0.1499175660533453
bb_ipp_nonadaptive,target_error,4141,345.0,0.1499814923299584
bb_ipp_nonadaptive,target_error,4142,345.08333333333337,0.15010025380372974
bb_ipp_nonadaptive,target_error,4143,345.16666666666663,0.15016296561530487
bb_ipp_nonadaptive,target_error,4144,345.25,0.15030287908668538
bb_ipp_nonadaptive,target_error,4145,345.33333333333337,0.15030058093159968
bb_ipp_nonadaptive,target_error,4146,345.41666666666663,0.150512435981443
bb_ipp_nonadaptive,target_error,4147,345.5,0.15046322094651132
bb_ipp_nonadaptive,target_error,4148,345.58333333333337,0.15054280443846865
bb_ipp_nonadaptive,target_error,4149,345.66666666666663,0.15053976291257673
bb_ipp_nonadaptive,target_error,4150,345.75,0.15076829124794386
bb_ipp_nonadaptive,target_error,4151,345.83333333333337,0.1509087950271863
bb_ipp_nonadaptive,target_error,4152,345.91666666666663,0.15109783868507137
bb_ipp_nonadaptive,target_error,4153,346.0,0.1511352517895914
bb_ipp_nonadaptive,target_error,4154,346.08333333333337,0.15118462795719645
bb_ipp_nonadaptive,target_error,4155,346.16666666666663,0.15119374657709037
bb_ipp_nonadaptive,target_error,4156,346.25,0.15132080487741234
bb_ipp_nonadaptive,target_error,4157,346.33333333333337,0.15137595414290894
bb_ipp_nonadaptive,target_error,4158,346.41666666666663,0.1514904062046883
bb_ipp_nonadaptive,target_error,4159,346.5,0.1514582508129577
bb_ipp_nonadaptive,target_error,4160,346.58333333333337,0.15160168049775385
bb_ipp_nonadaptive,target_error,4161,346.66666666666663,0.1517101907432285
bb_ipp_nonadaptive,target_error,4162,346.75,0.15159560687587564
bb_ipp_nonadaptive,target_error,4163,346.83333333333337,0.1515778492812792
bb_ipp_nonadaptive,target_error,4164,346.91666666666663,0.15174384233942145
bb_ipp_nonadaptive,target_error,4165,347.0,0.15189932030355288
bb_ipp_nonadaptive,target_error,4166,347.08333333333337,0.1521104625141972
bb_ipp_nonadaptive,target_error,4167,347.16666666666663,0.1524284276733251
bb_ipp_nonadaptive,target_error,4168,347.25,0.152461279656663
bb_ipp_nonadaptive,target_error,4169,347.33333333333337,0.15247361335140316
bb_ipp_nonadaptive,target_error,4170,347.41666666666663,0.15265799704882105
bb_ipp_nonadaptive,target_error,4171,347.5,0.15273412669303088
bb_ipp_nonadaptive,target_error,4172,347.58333333333337,0.15275379482464363
bb_ipp_nonadaptive,target_error,4173,347.66666666666663,0.15278723282136936
bb_ipp_nonadaptive,target_error,4174,347.75,0.15286842460749842
bb_ipp_nonadaptive,target_error,4175,347.83333333333337,0.15289046290017833
bb_ipp_nonadaptive,target_error,4176,347.91666666666663,0.1528583256188104
bb_ipp_nonadaptive,target_error,4177,348.0,0.15282602430444517
bb_ipp_nonadaptive,target_error,4178,348.08333333333337,0.15299735664818406
bb_ipp_nonadaptive,target_error,4179,348.16666666666663,0.1530496238935504
bb_ipp_nonadaptive,target_error,4180,348.25,0.15302964397798866
bb_ipp_nonadaptive,target_error,4181,348.33333333333337,0.15326907755712252
bb_ipp_nonadaptive,target_error,4182,348.41666666666663,0.15332711179733485
bb_ipp_nonadaptive,target_error,4183,348.5,0.1533660578724917
bb_ipp_nonadaptive,target_error,4184,348.58333333333337,0.15333040224511385
bb_ipp_nonadaptive,target_error,4185,348.66666666666663,0.15337760309900436
bb_ipp_nonadaptive,target_error,4186,348.75,0.153592612354633
bb_ipp_nonadaptive,target_error,4187,348.83333333333337,0.1535934605604643
bb_ipp_nonadaptive,target_error,4188,348.91666666666663,0.15366053754162168
bb_ipp_nonadaptive,target_error,4189,349.0,0.15374534013976848
bb_ipp_nonadaptive,target_error,4190,349.08333333333337,0.15363267733531585
bb_ipp_nonadaptive,target_error,4191,349.16666666666663,0.15372746905123214
bb_ipp_nonadaptive,target_error,4192,349.25,0.1538783143897836
bb_ipp_nonadaptive,target_error,4193,349.33333333333337,0.1540307375003529
bb_ipp_nonadaptive,target_error,4194,349.41666666666663,0.15415867570054131
bb_ipp_nonadaptive,target_error,4195,349.5,0.15424809652458193
bb_ipp_nonadaptive,target_error,4196,349.58333333333337,0.15445172551496078
bb_ipp_nonadaptive,target_error,4197,349.66666666666663,0.15450228796891202
bb_ipp_nonadaptive,target_error,4198,349.75,0.15436088590791355
bb_ipp_nonadaptive,target_error,4199,349.83333333333337,0.15429287931091185
bb_ipp_nonadaptive,target_error,4200,349.91666666666663,0.15435074592859507
bb_ipp_nonadaptive,target_error,4201,350.0,0.15460984282050186
bb_ipp_nonadaptive,target_error,4202,350.08333333333337,0.15452561006521745
bb_ipp_nonadaptive,target_error,4203,350.16666666666663,0.15458047951834566
bb_ipp_nonadaptive,target_error,4204,350.25,0.15484200433160866
bb_ipp_nonadaptive,target_error,4205,350.33333333333337,0.15473259540200723
bb_ipp_nonadaptive,target_error,4206,350.41666666666663,0.15492056768707646
bb_ipp_nonadaptive,target_error,4207,350.5,0.15483703934897405
bb_ipp_nonadaptive,target_error,4208,350.58333333333337,0.15511686965530674
bb_ipp_nonadaptive,target_error,4209,350.66666666666663,0.1552623619556186
bb_ipp_nonadaptive,target_error,4210,350.75,0.15525440818920183
bb_ipp_nonadaptive,target_error,4211,350.83333333333337,0.15538310166797187
bb_ipp_nonadaptive,target_error,4212,350.91666666666663,0.15582001086256705
bb_ipp_nonadaptive,target_error,4213,351.0,0.1559404691233878
bb_ipp_nonadaptive,target_error,4214,351.08333333333337,0.1559181222541975
bb_ipp_nonadaptive,target_error,4215,351.16666666666663,0.15582150500858152
bb_ipp_nonadaptive,target_error,4216,351.25,0.15588560374764737
bb_ipp_nonadaptive,target_error,4217,351.33333333333337,0.15565484934667836
bb_ipp_nonadaptive,target_error,4218,351.41666666666663,0.1558049565676441
bb_ipp_nonadaptive,target_error,4219,351.5,0.1558514326288579
bb_ipp_nonadaptive,target_error,4220,351.58333333333337,0.15593873739153613
bb_ipp_nonadaptive,target_error,4221,351.66666666666663,0.15632954810832042
bb_ipp_nonadaptive,target_error,4222,351.75,0.15624145323847766
bb_ipp_nonadaptive,target_error,4223,351.83333333333337,0.1561958469915649
bb_ipp_nonadaptive,target_error,4224,351.91666666666663,0.15647541275618732
bb_ipp_nonadaptive,target_error,4225,352.0,0.15637491104536566
bb_ipp_nonadaptive,target_error,4226,352.08333333333337,0.15645782203561873
bb_ipp_nonadaptive,target_error,4227,352.16666666666663,0.15661709651975494
bb_ipp_nonadaptive,target_error,4228,352.25,0.15675908022196927
bb_ipp_nonadaptive,target_error,4229,352.33333333333337,0.15699840245357047
bb_ipp_nonadaptive,target_error,4230,352.41666666666663,0.15721163211429648
bb_ipp_nonadaptive,target_error,4231,352.5,0.15709571686693538
bb_ipp_nonadaptive,target_error,4232,352.58333333333337,0.1571369706405905
bb_ipp_nonadaptive,target_error,4233,352.66666666666663,0.15699365995906173
bb_ipp_nonadaptive,target_error,4234,352.75,0.15686077757247843
bb_ipp_nonadaptive,target_error,4235,352.83333333333337,0.15711282838875248
bb_ipp_nonadaptive,target_error,4236,352.91666666666663,0.1570812938195453
bb_ipp_nonadaptive,target_error,4237,353.0,0.15738613203263574
bb_ipp_nonadaptive,target_error,4238,353.08333333333337,0.15729854215996558
bb_ipp_nonadaptive,target_error,4239,353.16666666666663,0.15733365022684226
bb_ipp_nonadaptive,target_error,4240,353.25,0.15760765817323788
bb_ipp_nonadaptive,target_error,4241,353.33333333333337,0.15801248904030604
bb_ipp_nonadaptive,target_error,4242,353.41666666666663,0.15805422918993506
bb_ipp_nonadaptive,target_error,4243,353.5,0.1580546400285571
bb_ipp_nonadaptive,target_error,4244,353.58333333333337,0.15799692426089784
bb_ipp_nonadaptive,target_error,4245,353.66666666666663,0.15830457986449897
bb_ipp_nonadaptive,target_error,4246,353.75,0.1583333463631444
bb_ipp_nonadaptive,target_error,4247,353.83333333333337,0.15885297798089756
bb_ipp_nonadaptive,target_error,4248,353.91666666666663,0.15892573715291852
bb_ipp_nonadaptive,target_error,4249,354.0,0.159169416716338
bb_ipp_nonadaptive,target_error,4250,354.08333333333337,0.1591488521155732
bb_ipp_nonadaptive,target_error,4251,354.16666666666663,0.15933310940939716
bb_ipp_nonadaptive,target_error,4252,354.25,0.15938036084643595
bb_ipp_nonadaptive,target_error,4253,354.33333333333337,0.1593729570773076
bb_ipp_nonadaptive,target_error,4254,354.41666666666663,0.15915816063438373
bb_ipp_nonadaptive,target_error,4255,354.5,0.15920658813123134
bb_ipp_nonadaptive,target_error,4256,354.58333333333337,0.15939485082504085
bb_ipp_nonadaptive,target_error,4257,354.66666666666663,0.15956546932079996
bb_ipp_nonadaptive,target_error,4258,354.75,0.15956423640505865
bb_ipp_nonadaptive,target_error,4259,354.83333333333337,0.15984626134456062
bb_ipp_nonadaptive,target_error,4260,354.91666666666663,0.15976509367178593
bb_ipp_nonadaptive,target_error,4261,355.0,0.15994080584754572
bb_ipp_nonadaptive,target_error,4262,355.08333333333337,0.1600046524320068
bb_ipp_nonadaptive,target_error,4263,355.16666666666663,0.1600975386405769
bb_ipp_nonadaptive,target_error,4264,355.25,0.16000318762826918
bb_ipp_nonadaptive,target_error,4265,355.33333333333337,0.1601925851590162
bb_ipp_nonadaptive,target_error,4266,355.41666666666663,0.16017738281328617
bb_ipp_nonadaptive,target_error,4267,355.5,0.16052916546151583
bb_ipp_nonadaptive,target_error,4268,355.58333333333337,0.1606893212210005
bb_ipp_nonadaptive,target_error,4269,355.66666666666663,0.16044150909649746
bb_ipp_nonadaptive,target_error,4270,355.75,0.16024130045225748
bb_ipp_nonadaptive,target_error,4271,355.83333333333337,0.16034940165635614
bb_ipp_nonadaptive,target_error,4272,355.91666666666663,0.16067920549985637
bb_ipp_nonadaptive,target_error,4273,356.0,0.16065037270895466
bb_ipp_nonadaptive,target_error,4274,356.08333333333337,0.1607667774139357
bb_ipp_nonadaptive,target_error,4275,356.16666666666663,0.1607878250898614
bb_ipp_nonadaptive,target_error,4276,356.25,0.16093581179667812
bb_ipp_nonadaptive,target_error,4277,356.33333333333337,0.16099894229548553
bb_ipp_nonadaptive,target_error,4278,356.41666666666663,0.16089875622683625
bb_ipp_nonadaptive,target_error,4279,356.5,0.1607117966604224
bb_ipp_nonadaptive,target_error,4280,356.58333333333337,0.16076508291228767
bb_ipp_nonadaptive,target_error,4281,356.66666666666663,0.16084963932908605
bb_ipp_nonadaptive,target_error,4282,356.75,0.16091275258266627
bb_ipp_nonadaptive,target_error,4283,356.83333333333337,0.16106504733642557
bb_ipp_nonadaptive,target_error,4284,356.91666666666663,0.1612585738899464
bb_ipp_nonadaptive,target_error,4285,357.0,0.16111370780495768
bb_ipp_nonadaptive,target_error,4286,357.08333333333337,0.16142914528144528
bb_ipp_nonadaptive,target_error,4287,357.16666666666663,0.1613192505409349
bb_ipp_nonadaptive,target_error,4288,357.25,0.16142690717098812
bb_ipp_nonadaptive,target_error,4289,357.33333333333337,0.16141216486324125
bb_ipp_nonadaptive,target_error,4290,357.41666666666663,0.16145600604917526
bb_ipp_nonadaptive,target_error,4291,357.5,0.16152856029154006
bb_ipp_nonadaptive,target_error,4292,357.58333333333337,0.16133134128987667
bb_ipp_nonadaptive,target_error,4293,357.66666666666663,0.16114447452714362
bb_ipp_nonadaptive,target_error,4294,357.75,0.16104610701054842
bb_ipp_nonadaptive,target_error,4295,357.83333333333337,0.16087608725916366
bb_ipp_nonadaptive,target_error,4296,357.91666666666663,0.16076253303449423
bb_ipp_nonadaptive,target_error,4297,358.0,0.1608403574540749
bb_ipp_nonadaptive,target_error,4298,358.08333333333337,0.16089169442499127
bb_ipp_nonadaptive,target_error,4299,358.16666666666663,0.16090608395819267
bb_ipp_nonadaptive,target_error,4300,358.25,0.1609124578920089
bb_ipp_nonadaptive,target_error,4301,358.33333333333337,0.1607620348371711
bb_ipp_nonadaptive,target_error,4302,358.41666666666663,0.1603679976987171
bb_ipp_nonadaptive,target_error,4303,358.5,0.16014601394958242
bb_ipp_nonadaptive,target_error,4304,358.58333333333337,0.16016474936871236
bb_ipp_nonadaptive,target_error,4305,358.66666666666663,0.1600699425233305
bb_ipp_nonadaptive,target_error,4306,358.75,0.1602436014896513
bb_ipp_nonadaptive,target_error,4307,358.83333333333337,0.1599140475346846
bb_ipp_nonadaptive,target_error,4308,358.91666666666663,0.15963661864221754
bb_ipp_nonadaptive,target_error,4309,359.0,0.1596673137885548
bb_ipp_nonadaptive,target_error,4310,359.08333333333337,0.15940539692307087
bb_ipp_nonadaptive,target_error,4311,359.16666666666663,0.15970119949772732
bb_ipp_nonadaptive,target_error,4312,359.25,0.1591712759220878
bb_ipp_nonadaptive,target_error,4313,359.33333333333337,0.15848726341890285
bb_ipp_nonadaptive,target_error,4314,359.41666666666663,0.15811293075789645
bb_ipp_nonadaptive,target_error,4315,359.5,0.15827552434777006
bb_ipp_nonadaptive,target_error,4316,359.58333333333337,0.15793631700645402
bb_ipp_nonadaptive,target_error,4317,359.66666666666663,0.15776528541655693
bb_ipp_nonadaptive,target_error,4318,359.75,0.15747762299416468
bb_ipp_nonadaptive,target_error,4319,359.83333333333337,0.1560287879691139
bb_ipp_nonadaptive,target_error,4320,359.91666666666663,0.15484770687847405
bb_ipp_nonadaptive,target_error,4321,360.0,0.15438793137723178
bb_ipp_adaptive,wind,1,0.0,1.720421173780938
bb_ipp_adaptive,wind,2,0.08333333333337123,1.6945487218857247
bb_ipp_adaptive,wind,3,0.16666666666662877,1.6897843225871143
bb_ipp_adaptive,wind,4,0.25,1.6887980107084428
bb_ipp_adaptive,wind,5,0.33333333333337123,1.6889043579703815
bb_ipp_adaptive,wind,6,0.41666666666662877,1.6890940144255673
bb_ipp_adaptive,wind,7,0.5,1.6890735293416854
bb_ipp_adaptive,wind,8,0.5833333333333712,1.6890273379022342
bb_ipp_adaptive,wind,9,0.6666666666666288,1.6892555333001167
bb_ipp_adaptive,wind,10,0.75,1.6893575857462373
bb_ipp_adaptive,wind,11,0.8333333333333712,1.6894907713494
bb_ipp_adaptive,wind,12,0.9166666666666288,1.6896602754276882
bb_ipp_adaptive,wind,13,1.0,1.689774456700725
bb_ipp_adaptive,wind,14,1.0833333333333712,1.6906435110693405
bb_ipp_adaptive,wind,15,1.1666666666666288,1.6897414750188373
bb_ipp_adaptive,wind,16,1.25,1.6898421077721506
bb_ipp_adaptive,wind,17,1.3333333333333712,1.68997691714844
bb_ipp_adaptive,wind,18,1.4166666666666288,1.6928273346765976
bb_ipp_adaptive,wind,19,1.5,1.6957718496447614
bb_ipp_adaptive,wind,20,1.5833333333333712,1.6922073611328479
bb_ipp_adaptive,wind,21,1.6666666666666288,1.6901247460382975
bb_ipp_adaptive,wind,22,1.75,1.6902194016168555
bb_ipp_adaptive,wind,23,1.8333333333333712,1.69099387367054
bb_ipp_adaptive,wind,24,1.9166666666666288,1.6999249311969804
bb_ipp_adaptive,wind,25,2.0,1.7032546480030761
bb_ipp_adaptive,wind,26,2.0833333333333712,1.6986287458494178
bb_ipp_adaptive,wind,27,2.1666666666666288,1.6965244038619054
bb_ipp_adaptive,wind,28,2.25,1.6986863851154523
bb_ipp_adaptive,wind,29,2.3333333333333712,1.6994349115656753
bb_ipp_adaptive,wind,30,2.4166666666666288,1.697924594536361
bb_ipp_adaptive,wind,31,2.5,1.6925340923732721
bb_ipp_adaptive,wind,32,2.5833333333333712,1.6932272965921025
bb_ipp_adaptive,wind,33,2.6666666666666288,1.6912665841101473
bb_ipp_adaptive,wind,34,2.75,1.6893178666401558
bb_ipp_adaptive,wind,35,2.8333333333333712,1.6885078361890173
bb_ipp_adaptive,wind,36,2.9166666666666288,1.6892675869276408
bb_ipp_adaptive,wind,37,3.0,1.6871286076811038
bb_ipp_adaptive,wind,38,3.0833333333333712,1.6880917128729807
bb_ipp_adaptive,wind,39,3.1666666666666288,1.687485967232046
bb_ipp_adaptive,wind,40,3.25,1.688802028055566
bb_ipp_adaptive,wind,41,3.3333333333333712,1.6888586124894702
bb_ipp_adaptive,wind,42,3.4166666666666288,1.6882025509999599
bb_ipp_adaptive,wind,43,3.5,1.6897978840229182
bb_ipp_adaptive,wind,44,3.5833333333333712,1.6884199532948696
bb_ipp_adaptive,wind,45,3.6666666666666288,1.6919607153562686
bb_ipp_adaptive,wind,46,3.75,1.696265099292175
bb_ipp_adaptive,wind,47,3.8333333333333712,1.7039211881713672
bb_ipp_adaptive,wind,48,3.9166666666666288,1.7048879733370792
bb_ipp_adaptive,wind,49,4.0,1.7178593418905592
bb_ipp_adaptive,wind,50,4.083333333333371,1.716797240168968
bb_ipp_adaptive,wind,51,4.166666666666629,1.720081597161943
bb_ipp_adaptive,wind,52,4.25,1.7163459955206293
bb_ipp_adaptive,wind,53,4.333333333333371,1.720191389522281
bb_ipp_adaptive,wind,54,4.416666666666629,1.7417469403470551
bb_ipp_adaptive,wind,55,4.5,1.7587999676406634
bb_ipp_adaptive,wind,56,4.583333333333371,1.7650622227107422
bb_ipp_adaptive,wind,57,4.666666666666629,1.7915348721678448
bb_ipp_adaptive,wind,58,4.75,1.7830803388381744
bb_ipp_adaptive,wind,59,4.833333333333371,1.7972099812306206
bb_ipp_adaptive,wind,60,4.916666666666629,1.7922618132376438
bb_ipp_adaptive,wind,61,5.0,1.794203280704108
bb_ipp_adaptive,wind,62,5.083333333333371,1.7969180710056967
bb_ipp_adaptive,wind,63,5.166666666666629,1.7973497788952613
bb_ipp_adaptive,wind,64,5.25,1.828699669533177
bb_ipp_adaptive,wind,65,5.333333333333371,1.8332297784693277
bb_ipp_adaptive,wind,66,5.416666666666629,1.8875059705759067
bb_ipp_adaptive,wind,67,5.5,1.9034119994848016
bb_ipp_adaptive,wind,68,5.583333333333371,1.894927668737145
bb_ipp_adaptive,wind,69,5.666666666666629,1.923377070660432
bb_ipp_adaptive,wind,70,5.75,1.9707301109688358
bb_ipp_adaptive,wind,71,5.833333333333371,1.965141504881264
bb_ipp_adaptive,wind,72,5.916666666666629,1.9564492070268844
bb_ipp_adaptive,wind,73,6.0,1.9469119665566792
bb_ipp_adaptive,wind,74,6.083333333333371,1.9559792318375195
bb_ipp_adaptive,wind,75,6.166666666666629,1.9839108968772885
bb_ipp_adaptive,wind,76,6.25,2.011059713999055
bb_ipp_adaptive,wind,77,6.333333333333371,2.029191384275625
bb_ipp_adaptive,wind,78,6.416666666666629,2.0474323830277332
bb_ipp_adaptive,wind,79,6.5,2.048948471817004
bb_ipp_adaptive,wind,80,6.583333333333371,2.038019338722852
bb_ipp_adaptive,wind,81,6.666666666666629,2.0202587627228654
bb_ipp_adaptive,wind,82,6.75,1.9760991943994997
bb_ipp_adaptive,wind,83,6.833333333333371,1.9654446688149776
bb_ipp_adaptive,wind,84,6.916666666666629,1.9407491237971861
bb_ipp_adaptive,wind,85,7.0,1.941939299409604
bb_ipp_adaptive,wind,86,7.083333333333371,1.9715754730527437
bb_ipp_adaptive,wind,87,7.166666666666629,1.9480602350980014
bb_ipp_adaptive,wind,88,7.25,1.9322146936712994
bb_ipp_adaptive,wind,89,7.333333333333371,1.9471411533585585
bb_ipp_adaptive,wind,90,7.416666666666629,1.904734321131713
bb_ipp_adaptive,wind,91,7.5,1.8904401467867735
bb_ipp_adaptive,wind,92,7.583333333333371,1.8945696121563882
bb_ipp_adaptive,wind,93,7.666666666666629,1.863347642341714
bb_ipp_adaptive,wind,94,7.75,1.8252422201917688
bb_ipp_adaptive,wind,95,7.833333333333371,1.7669373302784717
bb_ipp_adaptive,wind,96,7.916666666666629,1.7557672572535663
bb_ipp_adaptive,wind,97,8.0,1.755749548887812
bb_ipp_adaptive,wind,98,8.083333333333371,1.7581635279293089
bb_ipp_adaptive,wind,99,8.166666666666629,1.7325584262334632
bb_ipp_adaptive,wind,100,8.25,1.7132979775744612
bb_ipp_adaptive,wind,101,8.333333333333371,1.7009175048786447
bb_ipp_adaptive,wind,102,8.416666666666629,1.7089857981632375
bb_ipp_adaptive,wind,103,8.5,1.7067431715042214
bb_ipp_adaptive,wind,104,8.583333333333371,1.7142600796079654
bb_ipp_adaptive,wind,105,8.666666666666629,1.6939429294314856
bb_ipp_adaptive,wind,106,8.75,1.6919492329573096
bb_ipp_adaptive,wind,107,8.833333333333371,1.6902274542419722
bb_ipp_adaptive,wind,108,8.916666666666629,1.6870917916793897
bb_ipp_adaptive,wind,109,9.0,1.6782480244428222
bb_ipp_adaptive,wind,110,9.083333333333371,1.687945423825836
bb_ipp_adaptive,wind,111,9.166666666666629,1.6826410501698894
bb_ipp_adaptive,wind,112,9.25,1.6724041503037637
bb_ipp_adaptive,wind,113,9.333333333333371,1.6648821139527317
bb_ipp_adaptive,wind,114,9.416666666666629,1.6640437785048585
bb_ipp_adaptive,wind,115,9.5,1.669266806055553
bb_ipp_adaptive,wind,116,9.583333333333371,1.6662405732138759
bb_ipp_adaptive,wind,117,9.666666666666629,1.6662157284851127
bb_ipp_adaptive,wind,118,9.75,1.66598011001037
bb_ipp_adaptive,wind,119,9.833333333333371,1.6624510716261567
bb_ipp_adaptive,wind,120,9.916666666666629,1.659560068839602
bb_ipp_adaptive,wind,121,10.0,1.662438049442496
bb_ipp_adaptive,wind,122,10.083333333333371,1.6655123434431824
bb_ipp_adaptive,wind,123,10.166666666666629,1.6694842694580805
bb_ipp_adaptive,wind,124,10.25,1.668607799938541
bb_ipp_adaptive,wind,125,10.333333333333371,1.6762171440064069
bb_ipp_adaptive,wind,126,10.416666666666629,1.6667630932506496
bb_ipp_adaptive,wind,127,10.5,1.663566222338709
bb_ipp_adaptive,wind,128,10.583333333333371,1.6665062709760847
bb_ipp_adaptive,wind,129,10.666666666666629,1.6689407783416204
bb_ipp_adaptive,wind,130,10.75,1.6634026966694528
bb_ipp_adaptive,wind,131,10.833333333333371,1.6567577666636824
bb_ipp_adaptive,wind,132,10.916666666666629,1.6614058353539924
bb_ipp_adaptive,wind,133,11.0,1.6581567366551244
bb_ipp_adaptive,wind,134,11.083333333333371,1.6524347495687117
bb_ipp_adaptive,wind,135,11.166666666666629,1.6537061279446068
bb_ipp_adaptive,wind,136,11.25,1.6516154124536067
bb_ipp_adaptive,wind,137,11.333333333333371,1.6475788766466983
bb_ipp_adaptive,wind,138,11.416666666666629,1.6437334021029337
bb_ipp_adaptive,wind,139,11.5,1.6454471025973112
bb_ipp_adaptive,wind,140,11.583333333333371,1.64323029170344
bb_ipp_adaptive,wind,141,11.666666666666629,1.6479739464966197
bb_ipp_adaptive,wind,142,11.75,1.65624494774934
bb_ipp_adaptive,wind,143,11.833333333333371,1.65972544486825
bb_ipp_adaptive,wind,144,11.916666666666629,1.6643446628776755
bb_ipp_adaptive,wind,145,12.0,1.6763253698059986
bb_ipp_adaptive,wind,146,12.083333333333371,1.6642318575149047
bb_ipp_adaptive,wind,147,12.166666666666629,1.6752023194183912
bb_ipp_adaptive,wind,148,12.25,1.6793753939203073
bb_ipp_adaptive,wind,149,12.333333333333371,1.6909912501470488
bb_ipp_adaptive,wind,150,12.416666666666629,1.7041105354725672
bb_ipp_adaptive,wind,151,12.5,1.721502780062472
bb_ipp_adaptive,wind,152,12.583333333333371,1.7030950062626986
bb_ipp_adaptive,wind,153,12.666666666666629,1.6811102833921034
bb_ipp_adaptive,wind,154,12.75,1.6901478908617453
bb_ipp_adaptive,wind,155,12.833333333333371,1.7109100579899699
bb_ipp_adaptive,wind,156,12.916666666666629,1.7083898986719146
bb_ipp_adaptive,wind,157,13.0,1.7139151959944254
bb_ipp_adaptive,wind,158,13.083333333333371,1.7346272969974428
bb_ipp_adaptive,wind,159,13.166666666666629,1.7334421750802187
bb_ipp_adaptive,wind,160,13.25,1.7195359722932997
bb_ipp_adaptive,wind,161,13.333333333333371,1.7370322676504215
bb_ipp_adaptive,wind,162,13.416666666666629,1.7432726665329756
bb_ipp_adaptive,wind,163,13.5,1.7532612905677643
bb_ipp_adaptive,wind,164,13.583333333333371,1.7672272000493514
bb_ipp_adaptive,wind,165,13.666666666666629,1.7506716406917435
bb_ipp_adaptive,wind,166,13.75,1.7650665854054646
bb_ipp_adaptive,wind,167,13.833333333333371,1.7832840963581653
bb_ipp_adaptive,wind,168,13.916666666666629,1.8013887507377802
bb_ipp_adaptive,wind,169,14.0,1.8256030279070758
bb_ipp_adaptive,wind,170,14.083333333333371,1.836841731421085
bb_ipp_adaptive,wind,171,14.166666666666629,1.8184246744231591
bb_ipp_adaptive,wind,172,14.25,1.836739891652144
bb_ipp_adaptive,wind,173,14.333333333333371,1.8320968578230794
bb_ipp_adaptive,wind,174,14.416666666666629,1.8394194534648936
bb_ipp_adaptive,wind,175,14.5,1.8554979415232586
bb_ipp_adaptive,wind,176,14.583333333333371,1.8581593925520072
bb_ipp_adaptive,wind,177,14.666666666666629,1.8635977322848074
bb_ipp_adaptive,wind,178,14.75,1.870160742289475
bb_ipp_adaptive,wind,179,14.833333333333371,1.8811654362192334
bb_ipp_adaptive,wind,180,14.916666666666629,1.8779796477472976
bb_ipp_adaptive,wind,181,15.0,1.880039604717283
bb_ipp_adaptive,wind,182,15.083333333333371,1.8798714754154513
bb_ipp_adaptive,wind,183,15.166666666666629,1.8859826512219664
bb_ipp_adaptive,wind,184,15.25,1.8803130842764375
bb_ipp_adaptive,wind,185,15.333333333333371,1.8863900815182788
bb_ipp_adaptive,wind,186,15.416666666666629,1.8740367760947618
bb_ipp_adaptive,wind,187,15.5,1.8826393344141865
bb_ipp_adaptive,wind,188,15.583333333333371,1.8965267648733448
bb_ipp_adaptive,wind,189,15.666666666666629,1.8848381004695487
bb_ipp_adaptive,wind,190,15.75,1.8817653242392112
bb_ipp_adaptive,wind,191,15.833333333333371,1.905169311790112
bb_ipp_adaptive,wind,192,15.916666666666629,1.892719799983762
bb_ipp_adaptive,wind,193,16.0,1.8987089974510514
bb_ipp_adaptive,wind,194,16.08333333333337,1.891231880434518
bb_ipp_adaptive,wind,195,16.16666666666663,1.8935895208785773
bb_ipp_adaptive,wind,196,16.25,1.8945418423935276
bb_ipp_adaptive,wind,197,16.33333333333337,1.8991562148973242
bb_ipp_adaptive,wind,198,16.41666666666663,1.8989558717892983
bb_ipp_adaptive,wind,199,16.5,1.906085485216102
bb_ipp_adaptive,wind,200,16.58333333333337,1.8958878104366872
bb_ipp_adaptive,wind,201,16.66666666666663,1.8911080134611287
bb_ipp_adaptive,wind,202,16.75,1.8950213100690305
bb_ipp_adaptive,wind,203,16.83333333333337,1.8814530893850845
bb_ipp_adaptive,wind,204,16.91666666666663,1.8659132355913617
bb_ipp_adaptive,wind,205,17.0,1.8654594502892177
bb_ipp_adaptive,wind,206,17.08333333333337,1.8639284398612637
bb_ipp_adaptive,wind,207,17.16666666666663,1.8461601601900821
bb_ipp_adaptive,wind,208,17.25,1.857260275298617
bb_ipp_adaptive,wind,209,17.33333333333337,1.858363700216291
bb_ipp_adaptive,wind,210,17.41666666666663,1.8538216068492006
bb_ipp_adaptive,wind,211,17.5,1.8597484103527964
bb_ipp_adaptive,wind,212,17.58333333333337,1.8579851379068284
bb_ipp_adaptive,wind,213,17.66666666666663,1.8403257805347701
bb_ipp_adaptive,wind,214,17.75,1.8379254594154288
bb_ipp_adaptive,wind,215,17.83333333333337,1.8305199098952252
bb_ipp_adaptive,wind,216,17.91666666666663,1.831301999623417
bb_ipp_adaptive,wind,217,18.0,1.8409273346418513
bb_ipp_adaptive,wind,218,18.08333333333337,1.8222675181080144
bb_ipp_adaptive,wind,219,18.16666666666663,1.8109422141625273
bb_ipp_adaptive,wind,220,18.25,1.809852474566551
bb_ipp_adaptive,wind,221,18.33333333333337,1.8060074204403906
bb_ipp_adaptive,wind,222,18.41666666666663,1.7919429462972223
bb_ipp_adaptive,wind,223,18.5,1.796980458750819
bb_ipp_adaptive,wind,224,18.58333333333337,1.8157372524547173
bb_ipp_adaptive,wind,225,18.66666666666663,1.8288946322316137
bb_ipp_adaptive,wind,226,18.75,1.786291455876309
bb_ipp_adaptive,wind,227,18.83333333333337,1.7881119545107207
bb_ipp_adaptive,wind,228,18.91666666666663,1.7986814715110038
bb_ipp_adaptive,wind,229,19.0,1.8172117709915279
bb_ipp_adaptive,wind,230,19.08333333333337,1.7879540639020663
bb_ipp_adaptive,wind,231,19.16666666666663,1.7801485511778974
bb_ipp_adaptive,wind,232,19.25,1.7860137969661676
bb_ipp_adaptive,wind,233,19.33333333333337,1.8119780585803007
bb_ipp_adaptive,wind,234,19.41666666666663,1.7934354047464784
bb_ipp_adaptive,wind,235,19.5,1.8034778078656495
bb_ipp_adaptive,wind,236,19.58333333333337,1.8048850662349223
bb_ipp_adaptive,wind,237,19.66666666666663,1.800950334907999
bb_ipp_adaptive,wind,238,19.75,1.8137465837686835
bb_ipp_adaptive,wind,239,19.83333333333337,1.8200359146692553
bb_ipp_adaptive,wind,240,19.91666666666663,1.815933928198682
bb_ipp_adaptive,wind,241,20.0,1.8298978201852083
bb_ipp_adaptive,wind,242,20.08333333333337,1.7970669237513281
bb_ipp_adaptive,wind,243,20.16666666666663,1.8246748699273847
bb_ipp_adaptive,wind,244,20.25,1.8406217283440482
bb_ipp_adaptive,wind,245,20.33333333333337,1.8596190547054001
bb_ipp_adaptive,wind,246,20.41666666666663,1.889959169861397
bb_ipp_adaptive,wind,247,20.5,1.8548090483579964
bb_ipp_adaptive,wind,248,20.58333333333337,1.8436199146921117
bb_ipp_adaptive,wind,249,20.66666666666663,1.8495915015527324
bb_ipp_adaptive,wind,250,20.75,1.8563839966198605
bb_ipp_adaptive,wind,251,20.83333333333337,1.8603939511099838
bb_ipp_adaptive,wind,252,20.91666666666663,1.8621864335348062
bb_ipp_adaptive,wind,253,21.0,1.8685212048683417
bb_ipp_adaptive,wind,254,21.08333333333337,1.8833465400386076
bb_ipp_adaptive,wind,255,21.16666666666663,1.878649566272913
bb_ipp_adaptive,wind,256,21.25,1.883098606145827
bb_ipp_adaptive,wind,257,21.33333333333337,1.8783270275959816
bb_ipp_adaptive,wind,258,21.41666666666663,1.8889771551126064
bb_ipp_adaptive,wind,259,21.5,1.8903096398295582
bb_ipp_adaptive,wind,260,21.58333333333337,1.887864952051952
bb_ipp_adaptive,wind,261,21.66666666666663,1.9006087770436138
bb_ipp_adaptive,wind,262,21.75,1.9067354389147901
bb_ipp_adaptive,wind,263,21.83333333333337,1.8953511030870536
bb_ipp_adaptive,wind,264,21.91666666666663,1.928963826769228
bb_ipp_adaptive,wind,265,22.0,1.925684748598812
bb_ipp_adaptive,wind,266,22.08333333333337,1.9376912754785516
bb_ipp_adaptive,wind,267,22.16666666666663,1.9167115699590915
bb_ipp_adaptive,wind,268,22.25,1.9381205696112616
bb_ipp_adaptive,wind,269,22.33333333333337,1.9423985371408514
bb_ipp_adaptive,wind,270,22.41666666666663,1.96228760029206
bb_ipp_adaptive,wind,271,22.5,1.9628112140034188
bb_ipp_adaptive,wind,272,22.58333333333337,1.9778407888172977
bb_ipp_adaptive,wind,273,22.66666666666663,1.9834584271272895
bb_ipp_adaptive,wind,274,22.75,1.9753944318904457
bb_ipp_adaptive,wind,275,22.83333333333337,1.9574349139799259
bb_ipp_adaptive,wind,276,22.91666666666663,1.9684261305948838
bb_ipp_adaptive,wind,277,23.0,1.9722674936807627
bb_ipp_adaptive,wind,278,23.08333333333337,1.984866386757069
bb_ipp_adaptive,wind,279,23.16666666666663,1.9647889258373195
bb_ipp_adaptive,wind,280,23.25,1.9533164813798516
bb_ipp_adaptive,wind,281,23.33333333333337,1.954076026333281
bb_ipp_adaptive,wind,282,23.41666666666663,1.9379711414614955
bb_ipp_adaptive,wind,283,23.5,1.9210068811429613
bb_ipp_adaptive,wind,284,23.58333333333337,1.937425280632683
bb_ipp_adaptive,wind,285,23.66666666666663,1.9356292239276776
bb_ipp_adaptive,wind,286,23.75,1.932486194855634
bb_ipp_adaptive,wind,287,23.83333333333337,1.9363720470967938
bb_ipp_adaptive,wind,288,23.91666666666663,1.9348987608098613
bb_ipp_adaptive,wind,289,24.0,1.9201667541546346
bb_ipp_adaptive,wind,290,24.08333333333337,1.9247521053323677
bb_ipp_adaptive,wind,291,24.16666666666663,1.914404442125937
bb_ipp_adaptive,wind,292,24.25,1.925713555134513
bb_ipp_adaptive,wind,293,24.33333333333337,1.9373307495799195
bb_ipp_adaptive,wind,294,24.41666666666663,1.9335302487160577
bb_ipp_adaptive,wind,295,24.5,1.9380395320981407
bb_ipp_adaptive,wind,296,24.58333333333337,1.9310777492741245
bb_ipp_adaptive,wind,297,24.66666666666663,1.9268106124289577
bb_ipp_adaptive,wind,298,24.75,1.931446891571015
bb_ipp_adaptive,wind,299,24.83333333333337,1.9455932377082532
bb_ipp_adaptive,wind,300,24.91666666666663,1.9378854959306533
bb_ipp_adaptive,wind,301,25.0,1.924674370789191
bb_ipp_adaptive,wind,302,25.08333333333337,1.9289637678447795
bb_ipp_adaptive,wind,303,25.16666666666663,1.9192463825975736
bb_ipp_adaptive,wind,304,25.25,1.945696505584725
bb_ipp_adaptive,wind,305,25.33333333333337,1.9381848962275126
bb_ipp_adaptive,wind,306,25.41666666666663,1.9358056247706543
bb_ipp_adaptive,wind,307,25.5,1.949400732515531
bb_ipp_adaptive,wind,308,25.58333333333337,1.9443724298374667
bb_ipp_adaptive,wind,309,25.66666666666663,1.9227008960864702
bb_ipp_adaptive,wind,310,25.75,1.9112540701286633
bb_ipp_adaptive,wind,311,25.83333333333337,1.896216464553424
bb_ipp_adaptive,wind,312,25.91666666666663,1.9050517839798242
bb_ipp_adaptive,wind,313,26.0,1.9309335870764768
bb_ipp_adaptive,wind,314,26.08333333333337,1.933786373300806
bb_ipp_adaptive,wind,315,26.16666666666663,1.9126122066205022
bb_ipp_adaptive,wind,316,26.25,1.9208474946963465
bb_ipp_adaptive,wind,317,26.33333333333337,1.9195310819050364
bb_ipp_adaptive,wind,318,26.41666666666663,1.8991365770422293
bb_ipp_adaptive,wind,319,26.5,1.9187872882361976
bb_ipp_adaptive,wind,320,26.58333333333337,1.9285782496904607
bb_ipp_adaptive,wind,321,26.66666666666663,1.923714043974788
bb_ipp_adaptive,wind,322,26.75,1.9318085990425276
bb_ipp_adaptive,wind,323,26.83333333333337,1.9295237221649952
bb_ipp_adaptive,wind,324,26.91666666666663,1.9146792211143264
bb_ipp_adaptive,wind,325,27.0,1.9107145063546485
bb_ipp_adaptive,wind,326,27.08333333333337,1.8975127282859185
bb_ipp_adaptive,wind,327,27.16666666666663,1.8913197980658611
bb_ipp_adaptive,wind,328,27.25,1.9202969812446324
bb_ipp_adaptive,wind,329,27.33333333333337,1.9159615178690748
bb_ipp_adaptive,wind,330,27.41666666666663,1.910330646205736
bb_ipp_adaptive,wind,331,27.5,1.9036042357890453
bb_ipp_adaptive,wind,332,27.58333333333337,1.932912587555264
bb_ipp_adaptive,wind,333,27.66666666666663,1.9426955376066026
bb_ipp_adaptive,wind,334,27.75,1.9430902211303889
bb_ipp_adaptive,wind,335,27.83333333333337,1.9228448863584915
bb_ipp_adaptive,wind,336,27.91666666666663,1.9368038130602834
bb_ipp_adaptive,wind,337,28.0,1.9276207392522355
bb_ipp_adaptive,wind,338,28.08333333333337,1.9046788946797155
bb_ipp_adaptive,wind,339,28.16666666666663,1.9197063284623743
bb_ipp_adaptive,wind,340,28.25,1.9109314680295753
bb_ipp_adaptive,wind,341,28.33333333333337,1.8992042014437072
bb_ipp_adaptive,wind,342,28.41666666666663,1.9097428183297551
bb_ipp_adaptive,wind,343,28.5,1.9030915022265849
bb_ipp_adaptive,wind,344,28.58333333333337,1.9034896485231256
bb_ipp_adaptive,wind,345,28.66666666666663,1.9091827872811797
bb_ipp_adaptive,wind,346,28.75,1.9219812460636883
bb_ipp_adaptive,wind,347,28.83333333333337,1.9167616926448392
bb_ipp_adaptive,wind,348,28.91666666666663,1.9281078316477138
bb_ipp_adaptive,wind,349,29.0,1.9466762361330983
bb_ipp_adaptive,wind,350,29.08333333333337,1.9450038066485114
bb_ipp_adaptive,wind,351,29.16666666666663,1.9336285804748339
bb_ipp_adaptive,wind,352,29.25,1.9657100494659414
bb_ipp_adaptive,wind,353,29.33333333333337,1.9694052331565934
bb_ipp_adaptive,wind,354,29.41666666666663,1.9510990181526586
bb_ipp_adaptive,wind,355,29.5,1.9548427153465209
bb_ipp_adaptive,wind,356,29.58333333333337,1.9640422444060903
bb_ipp_adaptive,wind,357,29.66666666666663,1.9484563334107186
bb_ipp_adaptive,wind,358,29.75,1.9567810902120588
bb_ipp_adaptive,wind,359,29.83333333333337,1.9700833441286816
bb_ipp_adaptive,wind,360,29.91666666666663,1.9679393306941142
bb_ipp_adaptive,wind,361,30.0,1.9519361044042514
bb_ipp_adaptive,wind,362,30.08333333333337,1.9682402705932567
bb_ipp_adaptive,wind,363,30.16666666666663,1.990994166138165
bb_ipp_adaptive,wind,364,30.25,1.983985040348412
bb_ipp_adaptive,wind,365,30.33333333333337,1.9899591462079027
bb_ipp_adaptive,wind,366,30.41666666666663,1.9861817866590472
bb_ipp_adaptive,wind,367,30.5,2.0046635168808917
bb_ipp_adaptive,wind,368,30.58333333333337,1.99617931375004
bb_ipp_adaptive,wind,369,30.66666666666663,1.9951060514235872
bb_ipp_adaptive,wind,370,30.75,2.01408309151076
bb_ipp_adaptive,wind,371,30.83333333333337,1.9957577027924707
bb_ipp_adaptive,wind,372,30.91666666666663,1.9855675882221306
bb_ipp_adaptive,wind,373,31.0,1.973499028145807
bb_ipp_adaptive,wind,374,31.08333333333337,1.9520459828532493
bb_ipp_adaptive,wind,375,31.16666666666663,1.9482169383675851
bb_ipp_adaptive,wind,376,31.25,1.9639820704473396
bb_ipp_adaptive,wind,377,31.33333333333337,1.9832042952395226
bb_ipp_adaptive,wind,378,31.41666666666663,1.9835305846996878
bb_ipp_adaptive,wind,379,31.5,1.966728082049481
bb_ipp_adaptive,wind,380,31.58333333333337,1.9700986860809186
bb_ipp_adaptive,wind,381,31.66666666666663,1.948926127241587
bb_ipp_adaptive,wind,382,31.75,1.9595799482392648
bb_ipp_adaptive,wind,383,31.83333333333337,1.9555737855431086
bb_ipp_adaptive,wind,384,31.91666666666663,1.9421417878190164
bb_ipp_adaptive,wind,385,32.0,1.946369513041588
bb_ipp_adaptive,wind,386,32.08333333333337,1.950737150271402
bb_ipp_adaptive,wind,387,32.16666666666663,1.9464996206927596
bb_ipp_adaptive,wind,388,32.25,1.9321026106934391
bb_ipp_adaptive,wind,389,32.33333333333337,1.9290910148370328
bb_ipp_adaptive,wind,390,32.41666666666663,1.9359930264746454
bb_ipp_adaptive,wind,391,32.5,1.9659155080856276
bb_ipp_adaptive,wind,392,32.58333333333337,1.9637655824422355
bb_ipp_adaptive,wind,393,32.66666666666663,1.9704115739256443
bb_ipp_adaptive,wind,394,32.75,1.9761965278721614
bb_ipp_adaptive,wind,395,32.83333333333337,1.9574250053292317
bb_ipp_adaptive,wind,396,32.91666666666663,1.9526724425811453
bb_ipp_adaptive,wind,397,33.0,1.9639597744899653
bb_ipp_adaptive,wind,398,33.08333333333337,1.9607209370430403
bb_ipp_adaptive,wind,399,33.16666666666663,1.9693973982374753
bb_ipp_adaptive,wind,400,33.25,1.9542694020947269
bb_ipp_adaptive,wind,401,33.33333333333337,1.971747225194872
bb_ipp_adaptive,wind,402,33.41666666666663,1.9575353252785912
bb_ipp_adaptive,wind,403,33.5,1.951654140754711
bb_ipp_adaptive,wind,404,33.58333333333337,1.9416667172909423
bb_ipp_adaptive,wind,405,33.66666666666663,1.9490552028221069
bb_ipp_adaptive,wind,406,33.75,1.9359238322369277
bb_ipp_adaptive,wind,407,33.83333333333337,1.9355794714947663
bb_ipp_adaptive,wind,408,33.91666666666663,1.9487386701344216
bb_ipp_adaptive,wind,409,34.0,1.954377497193527
bb_ipp_adaptive,wind,410,34.08333333333337,1.9462294060383847
bb_ipp_adaptive,wind,411,34.16666666666663,1.949708704464053
bb_ipp_adaptive,wind,412,34.25,1.962179800792156
bb_ipp_adaptive,wind,413,34.33333333333337,1.9441902526495576
bb_ipp_adaptive,wind,414,34.41666666666663,1.9616732591080246
bb_ipp_adaptive,wind,415,34.5,1.956449273735717
bb_ipp_adaptive,wind,416,34.58333333333337,1.962920719728601
bb_ipp_adaptive,wind,417,34.66666666666663,1.9770386074978339
bb_ipp_adaptive,wind,418,34.75,1.9722569427174068
bb_ipp_adaptive,wind,419,34.83333333333337,1.9675918810088049
bb_ipp_adaptive,wind,420,34.91666666666663,1.969538532054886
bb_ipp_adaptive,wind,421,35.0,1.9899681824628321
bb_ipp_adaptive,wind,422,35.08333333333337,1.9953282671677577
bb_ipp_adaptive,wind,423,35.16666666666663,2.000976132859275
bb_ipp_adaptive,wind,424,35.25,1.9981101569073956
bb_ipp_adaptive,wind,425,35.33333333333337,2.022959655432317
bb_ipp_adaptive,wind,426,35.41666666666663,2.0356816342938227
bb_ipp_adaptive,wind,427,35.5,2.0332771249016357
bb_ipp_adaptive,wind,428,35.58333333333337,2.0167247476206747
bb_ipp_adaptive,wind,429,35.66666666666663,2.016309122695572
bb_ipp_adaptive,wind,430,35.75,2.0063425071603205
bb_ipp_adaptive,wind,431,35.83333333333337,2.0202277208569352
bb_ipp_adaptive,wind,432,35.91666666666663,2.0253314272213814
bb_ipp_adaptive,wind,433,36.0,2.017196447014328
bb_ipp_adaptive,wind,434,36.08333333333337,2.0350330492651936
bb_ipp_adaptive,wind,435,36.16666666666663,2.0271035963860817
bb_ipp_adaptive,wind,436,36.25,2.022923256331886
bb_ipp_adaptive,wind,437,36.33333333333337,2.021746260300622
bb_ipp_adaptive,wind,438,36.41666666666663,2.0273309800804515
bb_ipp_adaptive,wind,439,36.5,2.0225463657702134
bb_ipp_adaptive,wind,440,36.58333333333337,2.0414016187351733
bb_ipp_adaptive,wind,441,36.66666666666663,2.0364975317884215
bb_ipp_adaptive,wind,442,36.75,2.0328300997372217
bb_ipp_adaptive,wind,443,36.83333333333337,2.0270580758152605
bb_ipp_adaptive,wind,444,36.91666666666663,2.0398583760664715
bb_ipp_adaptive,wind,445,37.0,2.0326126102092745
bb_ipp_adaptive,wind,446,37.08333333333337,2.0725829705455934
bb_ipp_adaptive,wind,447,37.16666666666663,2.078643943808199
bb_ipp_adaptive,wind,448,37.25,2.0796573574638675
bb_ipp_adaptive,wind,449,37.33333333333337,2.068469076079169
bb_ipp_adaptive,wind,450,37.41666666666663,2.0682766209738466
bb_ipp_adaptive,wind,451,37.5,2.063239833510301
bb_ipp_adaptive,wind,452,37.58333333333337,2.0575906081930944
bb_ipp_adaptive,wind,453,37.66666666666663,2.0713030421639695
bb_ipp_adaptive,wind,454,37.75,2.063911684268643
bb_ipp_adaptive,wind,455,37.83333333333337,2.067657902510484
bb_ipp_adaptive,wind,456,37.91666666666663,2.063059963191007
bb_ipp_adaptive,wind,457,38.0,2.0590943347360593
bb_ipp_adaptive,wind,458,38.08333333333337,2.0515128688619306
bb_ipp_adaptive,wind,459,38.16666666666663,2.0558492099195016
bb_ipp_adaptive,wind,460,38.25,2.0373155905823253
bb_ipp_adaptive,wind,461,38.33333333333337,2.039385837801318
bb_ipp_adaptive,wind,462,38.41666666666663,2.0501026782458673
bb_ipp_adaptive,wind,463,38.5,2.058019257000228
bb_ipp_adaptive,wind,464,38.58333333333337,2.038795130753632
bb_ipp_adaptive,wind,465,38.66666666666663,2.0391354365589422
bb_ipp_adaptive,wind,466,38.75,2.0323376142207508
bb_ipp_adaptive,wind,467,38.83333333333337,2.005950620261969
bb_ipp_adaptive,wind,468,38.91666666666663,2.0010113389787527
bb_ipp_adaptive,wind,469,39.0,1.9596602748934109
bb_ipp_adaptive,wind,470,39.08333333333337,1.9851367886245848
bb_ipp_adaptive,wind,471,39.16666666666663,2.008775198672891
bb_ipp_adaptive,wind,472,39.25,2.020755942342518
bb_ipp_adaptive,wind,473,39.33333333333337,2.0329336965494504
bb_ipp_adaptive,wind,474,39.41666666666663,2.004398888633932
bb_ipp_adaptive,wind,475,39.5,2.013132371491612
bb_ipp_adaptive,wind,476,39.58333333333337,1.993297718448962
bb_ipp_adaptive,wind,477,39.66666666666663,2.0069379777835397
bb_ipp_adaptive,wind,478,39.75,2.0094006707345735
bb_ipp_adaptive,wind,479,39.83333333333337,2.014256733312191
bb_ipp_adaptive,wind,480,39.91666666666663,2.0216438267592878
bb_ipp_adaptive,wind,481,40.0,2.0292461698858344
bb_ipp_adaptive,wind,482,40.08333333333337,2.0096546466104597
bb_ipp_adaptive,wind,483,40.16666666666663,1.9827317861550393
bb_ipp_adaptive,wind,484,40.25,1.9739466774332592
bb_ipp_adaptive,wind,485,40.33333333333337,1.9765134332439331
bb_ipp_adaptive,wind,486,40.41666666666663,2.0073445416505056
bb_ipp_adaptive,wind,487,40.5,1.999580132806522
bb_ipp_adaptive,wind,488,40.58333333333337,1.9868122519937472
bb_ipp_adaptive,wind,489,40.66666666666663,1.9796938979213063
bb_ipp_adaptive,wind,490,40.75,1.9871686752267352
bb_ipp_adaptive,wind,491,40.83333333333337,1.9853620521478115
bb_ipp_adaptive,wind,492,40.91666666666663,1.9704289302124303
bb_ipp_adaptive,wind,493,41.0,2.0032559800859437
bb_ipp_adaptive,wind,494,41.08333333333337,1.9825899891797847
bb_ipp_adaptive,wind,495,41.16666666666663,1.9822011367268735
bb_ipp_adaptive,wind,496,41.25,1.9906966910139103
bb_ipp_adaptive,wind,497,41.33333333333337,1.9862400631257595
bb_ipp_adaptive,wind,498,41.41666666666663,1.9793186311973514
bb_ipp_adaptive,wind,499,41.5,1.987292754953609
bb_ipp_adaptive,wind,500,41.58333333333337,1.9911485349763316
bb_ipp_adaptive,wind,501,41.66666666666663,1.9838929964656014
bb_ipp_adaptive,wind,502,41.75,2.00434215653731
bb_ipp_adaptive,wind,503,41.83333333333337,2.0103180677253754
bb_ipp_adaptive,wind,504,41.91666666666663,2.005528350685663
bb_ipp_adaptive,wind,505,42.0,1.9751834385901956
bb_ipp_adaptive,wind,506,42.08333333333337,1.9955326845961414
bb_ipp_adaptive,wind,507,42.16666666666663,2.0050454183497544
bb_ipp_adaptive,wind,508,42.25,2.0199758168023774
bb_ipp_adaptive,wind,509,42.33333333333337,2.0105765937563236
bb_ipp_adaptive,wind,510,42.41666666666663,2.010719824582288
bb_ipp_adaptive,wind,511,42.5,2.02378244551763
bb_ipp_adaptive,wind,512,42.58333333333337,2.0215460709720405
bb_ipp_adaptive,wind,513,42.66666666666663,2.0475917334241394
bb_ipp_adaptive,wind,514,42.75,2.038483763429159
bb_ipp_adaptive,wind,515,42.83333333333337,2.0539776788004542
bb_ipp_adaptive,wind,516,42.91666666666663,2.0508637423276137
bb_ipp_adaptive,wind,517,43.0,2.0584620341038904
bb_ipp_adaptive,wind,518,43.08333333333337,2.066692367296521
bb_ipp_adaptive,wind,519,43.16666666666663,2.0645774014476457
bb_ipp_adaptive,wind,520,43.25,2.074640158338193
bb_ipp_adaptive,wind,521,43.33333333333337,2.0647048665552803
bb_ipp_adaptive,wind,522,43.41666666666663,2.0575065462194946
bb_ipp_adaptive,wind,523,43.5,2.0484328348451823
bb_ipp_adaptive,wind,524,43.58333333333337,2.0702067121343934
bb_ipp_adaptive,wind,525,43.66666666666663,2.0668389111398597
bb_ipp_adaptive,wind,526,43.75,2.0565785428326024
bb_ipp_adaptive,wind,527,43.83333333333337,2.0475220495186166
bb_ipp_adaptive,wind,528,43.91666666666663,2.0593115760533114
bb_ipp_adaptive,wind,529,44.0,2.059879684342128
bb_ipp_adaptive,wind,530,44.08333333333337,2.0368178274234787
bb_ipp_adaptive,wind,531,44.16666666666663,2.0287164096562567
bb_ipp_adaptive,wind,532,44.25,2.047252939378456
bb_ipp_adaptive,wind,533,44.33333333333337,2.0474991041189248
bb_ipp_adaptive,wind,534,44.41666666666663,2.048706671651223
bb_ipp_adaptive,wind,535,44.5,2.0571505910558394
bb_ipp_adaptive,wind,536,44.58333333333337,2.1020889722018588
bb_ipp_adaptive,wind,537,44.66666666666663,2.0954769513528517
bb_ipp_adaptive,wind,538,44.75,2.112034807808524
bb_ipp_adaptive,wind,539,44.83333333333337,2.0970683898725913
bb_ipp_adaptive,wind,540,44.91666666666663,2.102511678675053
bb_ipp_adaptive,wind,541,45.0,2.0848184225363364
bb_ipp_adaptive,wind,542,45.08333333333337,2.091989308251401
bb_ipp_adaptive,wind,543,45.16666666666663,2.0820443556855963
bb_ipp_adaptive,wind,544,45.25,2.070262333640763
bb_ipp_adaptive,wind,545,45.33333333333337,2.052502942554033
bb_ipp_adaptive,wind,546,45.41666666666663,2.0436152056566006
bb_ipp_adaptive,wind,547,45.5,2.0701407095555933
bb_ipp_adaptive,wind,548,45.58333333333337,2.0658246014099877
bb_ipp_adaptive,wind,549,45.66666666666663,2.0759720387561713
bb_ipp_adaptive,wind,550,45.75,2.0721267280804607
bb_ipp_adaptive,wind,551,45.83333333333337,2.0714539027464802
bb_ipp_adaptive,wind,552,45.91666666666663,2.0621580934680814
bb_ipp_adaptive,wind,553,46.0,2.0739578338295184
bb_ipp_adaptive,wind,554,46.08333333333337,2.0599184979910348
bb_ipp_adaptive,wind,555,46.16666666666663,2.0725534329290536
bb_ipp_adaptive,wind,556,46.25,2.0845688000391247
bb_ipp_adaptive,wind,557,46.33333333333337,2.079649500502716
bb_ipp_adaptive,wind,558,46.41666666666663,2.074055836964938
bb_ipp_adaptive,wind,559,46.5,2.05983115093068
bb_ipp_adaptive,wind,560,46.58333333333337,2.0351040432355716
bb_ipp_adaptive,wind,561,46.66666666666663,2.0383605489824537
bb_ipp_adaptive,wind,562,46.75,2.0219976915214444
bb_ipp_adaptive,wind,563,46.83333333333337,2.0364148776707918
bb_ipp_adaptive,wind,564,46.91666666666663,2.0537330906544193
bb_ipp_adaptive,wind,565,47.0,2.0375578628442983
bb_ipp_adaptive,wind,566,47.08333333333337,2.068180222644153
bb_ipp_adaptive,wind,567,47.16666666666663,2.059409237141393
bb_ipp_adaptive,wind,568,47.25,2.0647786549856235
bb_ipp_adaptive,wind,569,47.33333333333337,2.064720102471522
bb_ipp_adaptive,wind,570,47.41666666666663,2.0654871083056343
bb_ipp_adaptive,wind,571,47.5,2.061078148208953
bb_ipp_adaptive,wind,572,47.58333333333337,2.057240634438956
bb_ipp_adaptive,wind,573,47.66666666666663,2.073237091452226
bb_ipp_adaptive,wind,574,47.75,2.0462266410610206
bb_ipp_adaptive,wind,575,47.83333333333337,2.03510732136141
bb_ipp_adaptive,wind,576,47.91666666666663,2.038846542872567
bb_ipp_adaptive,wind,577,48.0,2.058714280277545
bb_ipp_adaptive,wind,578,48.08333333333337,2.0503535971451474
bb_ipp_adaptive,wind,579,48.16666666666663,2.0284380235859065
bb_ipp_adaptive,wind,580,48.25,2.0261812013858944
bb_ipp_adaptive,wind,581,48.33333333333337,2.0471681429576454
bb_ipp_adaptive,wind,582,48.41666666666663,2.076088818283366
bb_ipp_adaptive,wind,583,48.5,2.065746537076609
bb_ipp_adaptive,wind,584,48.58333333333337,2.071976066277687
bb_ipp_adaptive,wind,585,48.66666666666663,2.0480266758638517
bb_ipp_adaptive,wind,586,48.75,2.0249703984444474
bb_ipp_adaptive,wind,587,48.83333333333337,2.0552694868935557
bb_ipp_adaptive,wind,588,48.91666666666663,2.0691318106018923
bb_ipp_adaptive,wind,589,49.0,2.0625385463658685
bb_ipp_adaptive,wind,590,49.08333333333337,2.061794496601523
bb_ipp_adaptive,wind,591,49.16666666666663,2.0659035090607882
bb_ipp_adaptive,wind,592,49.25,2.0507455258279004
bb_ipp_adaptive,wind,593,49.33333333333337,2.070554315649733
bb_ipp_adaptive,wind,594,49.41666666666663,2.078335692695924
bb_ipp_adaptive,wind,595,49.5,2.0890687770772023
bb_ipp_adaptive,wind,596,49.58333333333337,2.07694762760428
bb_ipp_adaptive,wind,597,49.66666666666663,2.0770847328372106
bb_ipp_adaptive,wind,598,49.75,2.078656894204324
bb_ipp_adaptive,wind,599,49.83333333333337,2.0984268313645815
bb_ipp_adaptive,wind,600,49.91666666666663,2.103343525568763
bb_ipp_adaptive,wind,601,50.0,2.1122074959732293
bb_ipp_adaptive,wind,602,50.08333333333337,2.107149094312888
bb_ipp_adaptive,wind,603,50.16666666666663,2.120961904696051
bb_ipp_adaptive,wind,604,50.25,2.1135085100388937
bb_ipp_adaptive,wind,605,50.33333333333337,2.1073077191176037
bb_ipp_adaptive,wind,606,50.41666666666663,2.1090610465593893
bb_ipp_adaptive,wind,607,50.5,2.0968005998524464
bb_ipp_adaptive,wind,608,50.58333333333337,2.1099963636827037
bb_ipp_adaptive,wind,609,50.66666666666663,2.131320644534414
bb_ipp_adaptive,wind,610,50.75,2.133400536952827
bb_ipp_adaptive,wind,611,50.83333333333337,2.143192363173457
bb_ipp_adaptive,wind,612,50.91666666666663,2.1509608255826147
bb_ipp_adaptive,wind,613,51.0,2.143890793813233
bb_ipp_adaptive,wind,614,51.08333333333337,2.1761873201642863
bb_ipp_adaptive,wind,615,51.16666666666663,2.1449411315443094
bb_ipp_adaptive,wind,616,51.25,2.1460984718868756
bb_ipp_adaptive,wind,617,51.33333333333337,2.1527257625976013
bb_ipp_adaptive,wind,618,51.41666666666663,2.136596277576158
bb_ipp_adaptive,wind,619,51.5,2.1174447441704167
bb_ipp_adaptive,wind,620,51.58333333333337,2.11803034172407
bb_ipp_adaptive,wind,621,51.66666666666663,2.0762146258782743
bb_ipp_adaptive,wind,622,51.75,2.084878859788421
bb_ipp_adaptive,wind,623,51.83333333333337,2.0999502449124905
bb_ipp_adaptive,wind,624,51.91666666666663,2.1048150008887756
bb_ipp_adaptive,wind,625,52.0,2.107283959547117
bb_ipp_adaptive,wind,626,52.08333333333337,2.0724742682339263
bb_ipp_adaptive,wind,627,52.16666666666663,2.0530522197735337
bb_ipp_adaptive,wind,628,52.25,2.0388721752343946
bb_ipp_adaptive,wind,629,52.33333333333337,2.0525755113368356
bb_ipp_adaptive,wind,630,52.41666666666663,2.08369251259534
bb_ipp_adaptive,wind,631,52.5,2.0897533061807563
bb_ipp_adaptive,wind,632,52.58333333333337,2.067970808542428
bb_ipp_adaptive,wind,633,52.66666666666663,2.0647018890904607
bb_ipp_adaptive,wind,634,52.75,2.034140500871698
bb_ipp_adaptive,wind,635,52.83333333333337,2.028892585549102
bb_ipp_adaptive,wind,636,52.91666666666663,2.0242992732978413
bb_ipp_adaptive,wind,637,53.0,2.018479755810448
bb_ipp_adaptive,wind,638,53.08333333333337,2.0290065819397127
bb_ipp_adaptive,wind,639,53.16666666666663,2.031617175217988
bb_ipp_adaptive,wind,640,53.25,2.027398916805338
bb_ipp_adaptive,wind,641,53.33333333333337,2.0296861058656184
bb_ipp_adaptive,wind,642,53.41666666666663,2.029845691682266
bb_ipp_adaptive,wind,643,53.5,2.020132309065247
bb_ipp_adaptive,wind,644,53.58333333333337,2.0434707906423593
bb_ipp_adaptive,wind,645,53.66666666666663,2.064385074841284
bb_ipp_adaptive,wind,646,53.75,2.056931971295059
bb_ipp_adaptive,wind,647,53.83333333333337,2.053839555486311
bb_ipp_adaptive,wind,648,53.91666666666663,2.0450648822469017
bb_ipp_adaptive,wind,649,54.0,2.059744617932419
bb_ipp_adaptive,wind,650,54.08333333333337,2.0602882272321263
bb_ipp_adaptive,wind,651,54.16666666666663,2.058409535358981
bb_ipp_adaptive,wind,652,54.25,2.0368063048412113
bb_ipp_adaptive,wind,653,54.33333333333337,2.0297629928065444
bb_ipp_adaptive,wind,654,54.41666666666663,2.043099421513858
bb_ipp_adaptive,wind,655,54.5,2.086424313159921
bb_ipp_adaptive,wind,656,54.58333333333337,2.108333267393523
bb_ipp_adaptive,wind,657,54.66666666666663,2.1013931120776985
bb_ipp_adaptive,wind,658,54.75,2.115049387773082
bb_ipp_adaptive,wind,659,54.83333333333337,2.0967456766869934
bb_ipp_adaptive,wind,660,54.91666666666663,2.1063716770905367
bb_ipp_adaptive,wind,661,55.0,2.1236865309464825
bb_ipp_adaptive,wind,662,55.08333333333337,2.1114027045817716
bb_ipp_adaptive,wind,663,55.16666666666663,2.1115214437800875
bb_ipp_adaptive,wind,664,55.25,2.1210212082070194
bb_ipp_adaptive,wind,665,55.33333333333337,2.1250548710352417
bb_ipp_adaptive,wind,666,55.41666666666663,2.1350746832733556
bb_ipp_adaptive,wind,667,55.5,2.138137436703323
bb_ipp_adaptive,wind,668,55.58333333333337,2.1437013446790627
bb_ipp_adaptive,wind,669,55.66666666666663,2.1704140793644187
bb_ipp_adaptive,wind,670,55.75,2.1489770589428456
bb_ipp_adaptive,wind,671,55.83333333333337,2.1405036328377505
bb_ipp_adaptive,wind,672,55.91666666666663,2.167787651224071
bb_ipp_adaptive,wind,673,56.0,2.1582169204759407
bb_ipp_adaptive,wind,674,56.08333333333337,2.142713548314226
bb_ipp_adaptive,wind,675,56.16666666666663,2.1620254680158864
bb_ipp_adaptive,wind,676,56.25,2.136287858573565
bb_ipp_adaptive,wind,677,56.33333333333337,2.1324249614800856
bb_ipp_adaptive,wind,678,56.41666666666663,2.149309820454296
bb_ipp_adaptive,wind,679,56.5,2.1508742240036645
bb_ipp_adaptive,wind,680,56.58333333333337,2.1547086197847185
bb_ipp_adaptive,wind,681,56.66666666666663,2.1198358866114915
bb_ipp_adaptive,wind,682,56.75,2.1139315126287888
bb_ipp_adaptive,wind,683,56.83333333333337,2.112357873629706
bb_ipp_adaptive,wind,684,56.91666666666663,2.1480636268903153
bb_ipp_adaptive,wind,685,57.0,2.102813996733627
bb_ipp_adaptive,wind,686,57.08333333333337,2.1181225908874945
bb_ipp_adaptive,wind,687,57.16666666666663,2.124424193346734
bb_ipp_adaptive,wind,688,57.25,2.1216944303600136
bb_ipp_adaptive,wind,689,57.33333333333337,2.1332959223069086
bb_ipp_adaptive,wind,690,57.41666666666663,2.133299982802543
bb_ipp_adaptive,wind,691,57.5,2.1297933170263335
bb_ipp_adaptive,wind,692,57.58333333333337,2.140039198341191
bb_ipp_adaptive,wind,693,57.66666666666663,2.1372493999712
bb_ipp_adaptive,wind,694,57.75,2.1280013625068914
bb_ipp_adaptive,wind,695,57.83333333333337,2.119721773258723
bb_ipp_adaptive,wind,696,57.91666666666663,2.153718270445399
bb_ipp_adaptive,wind,697,58.0,2.158710888309453
bb_ipp_adaptive,wind,698,58.08333333333337,2.167398304435824
bb_ipp_adaptive,wind,699,58.16666666666663,2.1691509332244174
bb_ipp_adaptive,wind,700,58.25,2.164314094305277
bb_ipp_adaptive,wind,701,58.33333333333337,2.16995075216648
bb_ipp_adaptive,wind,702,58.41666666666663,2.1649734383406534
bb_ipp_adaptive,wind,703,58.5,2.166782366024555
bb_ipp_adaptive,wind,704,58.58333333333337,2.1729021688901526
bb_ipp_adaptive,wind,705,58.66666666666663,2.1898133854199533
bb_ipp_adaptive,wind,706,58.75,2.188124718269276
bb_ipp_adaptive,wind,707,58.83333333333337,2.1907070206016193
bb_ipp_adaptive,wind,708,58.91666666666663,2.177842162030238
bb_ipp_adaptive,wind,709,59.0,2.1729897671361034
bb_ipp_adaptive,wind,710,59.08333333333337,2.198754860515068
bb_ipp_adaptive,wind,711,59.16666666666663,2.20806267435128
bb_ipp_adaptive,wind,712,59.25,2.2210787629885957
bb_ipp_adaptive,wind,713,59.33333333333337,2.191952083967765
bb_ipp_adaptive,wind,714,59.41666666666663,2.201331890519332
bb_ipp_adaptive,wind,715,59.5,2.2317742273322985
bb_ipp_adaptive,wind,716,59.58333333333337,2.2258155639110497
bb_ipp_adaptive,wind,717,59.66666666666663,2.205621354731802
bb_ipp_adaptive,wind,718,59.75,2.2100741861860853
bb_ipp_adaptive,wind,719,59.83333333333337,2.19128802354908
bb_ipp_adaptive,wind,720,59.91666666666663,2.190984902414726
bb_ipp_adaptive,wind,721,60.0,2.1643324442516425
bb_ipp_adaptive,wind,722,60.08333333333337,2.1461039778462174
bb_ipp_adaptive,wind,723,60.16666666666663,2.163291566236965
bb_ipp_adaptive,wind,724,60.25,2.1711316968334042
bb_ipp_adaptive,wind,725,60.33333333333337,2.1867309601543954
bb_ipp_adaptive,wind,726,60.41666666666663,2.188234164329411
bb_ipp_adaptive,wind,727,60.5,2.15486499409552
bb_ipp_adaptive,wind,728,60.58333333333337,2.143438955474613
bb_ipp_adaptive,wind,729,60.66666666666663,2.1597980594868917
bb_ipp_adaptive,wind,730,60.75,2.1692947594506173
bb_ipp_adaptive,wind,731,60.83333333333337,2.1599276130696916
bb_ipp_adaptive,wind,732,60.91666666666663,2.179652345573909
bb_ipp_adaptive,wind,733,61.0,2.168086599583107
bb_ipp_adaptive,wind,734,61.08333333333337,2.1699890168916074
bb_ipp_adaptive,wind,735,61.16666666666663,2.1717121365683862
bb_ipp_adaptive,wind,736,61.25,2.1953531591481017
bb_ipp_adaptive,wind,737,61.33333333333337,2.1747304541149206
bb_ipp_adaptive,wind,738,61.41666666666663,2.1524573294252773
bb_ipp_adaptive,wind,739,61.5,2.1267562914527867
bb_ipp_adaptive,wind,740,61.58333333333337,2.1388739944877826
bb_ipp_adaptive,wind,741,61.66666666666663,2.1152133584736377
bb_ipp_adaptive,wind,742,61.75,2.122262371951052
bb_ipp_adaptive,wind,743,61.83333333333337,2.130137527461679
bb_ipp_adaptive,wind,744,61.91666666666663,2.108260247794636
bb_ipp_adaptive,wind,745,62.0,2.1286797912389814
bb_ipp_adaptive,wind,746,62.08333333333337,2.131850023508402
bb_ipp_adaptive,wind,747,62.16666666666663,2.116998339764239
bb_ipp_adaptive,wind,748,62.25,2.1204499975641236
bb_ipp_adaptive,wind,749,62.33333333333337,2.088427071026166
bb_ipp_adaptive,wind,750,62.41666666666663,2.084245685311719
bb_ipp_adaptive,wind,751,62.5,2.1048178124609227
bb_ipp_adaptive,wind,752,62.58333333333337,2.109762942993129
bb_ipp_adaptive,wind,753,62.66666666666663,2.1125234071949754
bb_ipp_adaptive,wind,754,62.75,2.09800720798865
bb_ipp_adaptive,wind,755,62.83333333333337,2.099803368658869
bb_ipp_adaptive,wind,756,62.91666666666663,2.0726803227067108
bb_ipp_adaptive,wind,757,63.0,2.0474989911453614
bb_ipp_adaptive,wind,758,63.08333333333337,2.0554679020886706
bb_ipp_adaptive,wind,759,63.16666666666663,2.0558226323619606
bb_ipp_adaptive,wind,760,63.25,2.107510954644513
bb_ipp_adaptive,wind,761,63.33333333333337,2.1330088493937507
bb_ipp_adaptive,wind,762,63.41666666666663,2.13553570882833
bb_ipp_adaptive,wind,763,63.5,2.1300067979102195
bb_ipp_adaptive,wind,764,63.58333333333337,2.1314194660081647
bb_ipp_adaptive,wind,765,63.66666666666663,2.110025681299064
bb_ipp_adaptive,wind,766,63.75,2.116681360976813
bb_ipp_adaptive,wind,767,63.83333333333337,2.1197324299885345
bb_ipp_adaptive,wind,768,63.91666666666663,2.1285864185126315
bb_ipp_adaptive,wind,769,64.0,2.1316301296299534
bb_ipp_adaptive,wind,770,64.08333333333337,2.13346711299403
bb_ipp_adaptive,wind,771,64.16666666666663,2.1297819601345203
bb_ipp_adaptive,wind,772,64.25,2.141077444500776
bb_ipp_adaptive,wind,773,64.33333333333337,2.1276786450149743
bb_ipp_adaptive,wind,774,64.41666666666663,2.15125556826275
bb_ipp_adaptive,wind,775,64.5,2.170953156962881
bb_ipp_adaptive,wind,776,64.58333333333337,2.14494970635782
bb_ipp_adaptive,wind,777,64.66666666666663,2.144069658422739
bb_ipp_adaptive,wind,778,64.75,2.157777125530337
bb_ipp_adaptive,wind,779,64.83333333333337,2.177328502448726
bb_ipp_adaptive,wind,780,64.91666666666663,2.172097048554287
bb_ipp_adaptive,wind,781,65.0,2.161426258004669
bb_ipp_adaptive,wind,782,65.08333333333337,2.1628420367063166
bb_ipp_adaptive,wind,783,65.16666666666663,2.1654077361363258
bb_ipp_adaptive,wind,784,65.25,2.1607988943094614
bb_ipp_adaptive,wind,785,65.33333333333337,2.1778709496699777
bb_ipp_adaptive,wind,786,65.41666666666663,2.2044633136050376
bb_ipp_adaptive,wind,787,65.5,2.1808278273354835
bb_ipp_adaptive,wind,788,65.58333333333337,2.188506168178427
bb_ipp_adaptive,wind,789,65.66666666666663,2.193107201863947
bb_ipp_adaptive,wind,790,65.75,2.172155069202582
bb_ipp_adaptive,wind,791,65.83333333333337,2.158501940001866
bb_ipp_adaptive,wind,792,65.91666666666663,2.155795767735026
bb_ipp_adaptive,wind,793,66.0,2.1605978421281455
bb_ipp_adaptive,wind,794,66.08333333333337,2.1518892552872435
bb_ipp_adaptive,wind,795,66.16666666666663,2.1495797827173626
bb_ipp_adaptive,wind,796,66.25,2.14398525863224
bb_ipp_adaptive,wind,797,66.33333333333337,2.1453592995633697
bb_ipp_adaptive,wind,798,66.41666666666663,2.165740281812719
bb_ipp_adaptive,wind,799,66.5,2.158569188306187
bb_ipp_adaptive,wind,800,66.58333333333337,2.1914266097738757
bb_ipp_adaptive,wind,801,66.66666666666663,2.1746495864790725
bb_ipp_adaptive,wind,802,66.75,2.1718039572085517
bb_ipp_adaptive,wind,803,66.83333333333337,2.1461045119566986
bb_ipp_adaptive,wind,804,66.91666666666663,2.1493004436782885
bb_ipp_adaptive,wind,805,67.0,2.164838280273087
bb_ipp_adaptive,wind,806,67.08333333333337,2.1221469398069597
bb_ipp_adaptive,wind,807,67.16666666666663,2.1183239381922916
bb_ipp_adaptive,wind,808,67.25,2.12556833559826
bb_ipp_adaptive,wind,809,67.33333333333337,2.1377594865372096
bb_ipp_adaptive,wind,810,67.41666666666663,2.1480278259414103
bb_ipp_adaptive,wind,811,67.5,2.1479087677379627
bb_ipp_adaptive,wind,812,67.58333333333337,2.139367367558955
bb_ipp_adaptive,wind,813,67.66666666666663,2.172279395119872
bb_ipp_adaptive,wind,814,67.75,2.1880313710555592
bb_ipp_adaptive,wind,815,67.83333333333337,2.165104388867394
bb_ipp_adaptive,wind,816,67.91666666666663,2.1475705823744815
bb_ipp_adaptive,wind,817,68.0,2.169034158970575
bb_ipp_adaptive,wind,818,68.08333333333337,2.1685026751152345
bb_ipp_adaptive,wind,819,68.16666666666663,2.168721888787424
bb_ipp_adaptive,wind,820,68.25,2.183242393585094
bb_ipp_adaptive,wind,821,68.33333333333337,2.1761109893729498
bb_ipp_adaptive,wind,822,68.41666666666663,2.185196732022171
bb_ipp_adaptive,wind,823,68.5,2.182541811275654
bb_ipp_adaptive,wind,824,68.58333333333337,2.1789702273546037
bb_ipp_adaptive,wind,825,68.66666666666663,2.1923371040561968
bb_ipp_adaptive,wind,826,68.75,2.208881088811329
bb_ipp_adaptive,wind,827,68.83333333333337,2.2214241266505055
bb_ipp_adaptive,wind,828,68.91666666666663,2.1844790364684155
bb_ipp_adaptive,wind,829,69.0,2.18753428174661
bb_ipp_adaptive,wind,830,69.08333333333337,2.1766125548119994
bb_ipp_adaptive,wind,831,69.16666666666663,2.143911485385379
bb_ipp_adaptive,wind,832,69.25,2.1583709104121036
bb_ipp_adaptive,wind,833,69.33333333333337,2.202873187986858
bb_ipp_adaptive,wind,834,69.41666666666663,2.2221971565948078
bb_ipp_adaptive,wind,835,69.5,2.1977978326085856
bb_ipp_adaptive,wind,836,69.58333333333337,2.1981942136955
bb_ipp_adaptive,wind,837,69.66666666666663,2.1960573724898684
bb_ipp_adaptive,wind,838,69.75,2.1966789223422936
bb_ipp_adaptive,wind,839,69.83333333333337,2.2045566450530343
bb_ipp_adaptive,wind,840,69.91666666666663,2.2033589148636428
bb_ipp_adaptive,wind,841,70.0,2.220625787742205
bb_ipp_adaptive,wind,842,70.08333333333337,2.1965000204269782
bb_ipp_adaptive,wind,843,70.16666666666663,2.194856428914832
bb_ipp_adaptive,wind,844,70.25,2.2038788401207325
bb_ipp_adaptive,wind,845,70.33333333333337,2.2372000761264936
bb_ipp_adaptive,wind,846,70.41666666666663,2.237615471934458
bb_ipp_adaptive,wind,847,70.5,2.2506151019039278
bb_ipp_adaptive,wind,848,70.58333333333337,2.229834803717087
bb_ipp_adaptive,wind,849,70.66666666666663,2.2434095415925177
bb_ipp_adaptive,wind,850,70.75,2.2596839826533315
bb_ipp_adaptive,wind,851,70.83333333333337,2.22296371879873
bb_ipp_adaptive,wind,852,70.91666666666663,2.2244407303101164
bb_ipp_adaptive,wind,853,71.0,2.2121284811075386
bb_ipp_adaptive,wind,854,71.08333333333337,2.2163631397427306
bb_ipp_adaptive,wind,855,71.16666666666663,2.195213880623458
bb_ipp_adaptive,wind,856,71.25,2.2089962533291954
bb_ipp_adaptive,wind,857,71.33333333333337,2.2099603966124173
bb_ipp_adaptive,wind,858,71.41666666666663,2.217454624663092
bb_ipp_adaptive,wind,859,71.5,2.2340286092623582
bb_ipp_adaptive,wind,860,71.58333333333337,2.2320760623090217
bb_ipp_adaptive,wind,861,71.66666666666663,2.235500013533087
bb_ipp_adaptive,wind,862,71.75,2.241721170984778
bb_ipp_adaptive,wind,863,71.83333333333337,2.2363276116886106
bb_ipp_adaptive,wind,864,71.91666666666663,2.230015991233635
bb_ipp_adaptive,wind,865,72.0,2.2468917126777317
bb_ipp_adaptive,wind,866,72.08333333333337,2.2602229387092514
bb_ipp_adaptive,wind,867,72.16666666666663,2.235096952084595
bb_ipp_adaptive,wind,868,72.25,2.2588712794058536
bb_ipp_adaptive,wind,869,72.33333333333337,2.273596750255343
bb_ipp_adaptive,wind,870,72.41666666666663,2.257716517831856
bb_ipp_adaptive,wind,871,72.5,2.2720851750287943
bb_ipp_adaptive,wind,872,72.58333333333337,2.258691512263271
bb_ipp_adaptive,wind,873,72.66666666666663,2.2535858401329887
bb_ipp_adaptive,wind,874,72.75,2.24080188372891
bb_ipp_adaptive,wind,875,72.83333333333337,2.2666493533142025
bb_ipp_adaptive,wind,876,72.91666666666663,2.2731077827195074
bb_ipp_adaptive,wind,877,73.0,2.273592582098053
bb_ipp_adaptive,wind,878,73.08333333333337,2.2667108423916473
bb_ipp_adaptive,wind,879,73.16666666666663,2.2659460039148605
bb_ipp_adaptive,wind,880,73.25,2.2765804259494415
bb_ipp_adaptive,wind,881,73.33333333333337,2.2766665352837347
bb_ipp_adaptive,wind,882,73.41666666666663,2.2784746594964593
bb_ipp_adaptive,wind,883,73.5,2.267915366672739
bb_ipp_adaptive,wind,884,73.58333333333337,2.2657082193992575
bb_ipp_adaptive,wind,885,73.66666666666663,2.2602206034046874
bb_ipp_adaptive,wind,886,73.75,2.2809305255920904
bb_ipp_adaptive,wind,887,73.83333333333337,2.2354052825946447
bb_ipp_adaptive,wind,888,73.91666666666663,2.2397849472939377
bb_ipp_adaptive,wind,889,74.0,2.222058007002745
bb_ipp_adaptive,wind,890,74.08333333333337,2.2215267485831887
bb_ipp_adaptive,wind,891,74.16666666666663,2.2503676932541508
bb_ipp_adaptive,wind,892,74.25,2.275675480323164
bb_ipp_adaptive,wind,893,74.33333333333337,2.290253379021079
bb_ipp_adaptive,wind,894,74.41666666666663,2.274369106278767
bb_ipp_adaptive,wind,895,74.5,2.265146068906348
bb_ipp_adaptive,wind,896,74.58333333333337,2.2461196318984666
bb_ipp_adaptive,wind,897,74.66666666666663,2.238302926762748
bb_ipp_adaptive,wind,898,74.75,2.2461354467827106
bb_ipp_adaptive,wind,899,74.83333333333337,2.2322781463684898
bb_ipp_adaptive,wind,900,74.91666666666663,2.245573394326372
bb_ipp_adaptive,wind,901,75.0,2.242704094083395
bb_ipp_adaptive,wind,902,75.08333333333337,2.2521337087753825
bb_ipp_adaptive,wind,903,75.16666666666663,2.245993673648381
bb_ipp_adaptive,wind,904,75.25,2.2374160126549434
bb_ipp_adaptive,wind,905,75.33333333333337,2.236001800286743
bb_ipp_adaptive,wind,906,75.41666666666663,2.253061276147186
bb_ipp_adaptive,wind,907,75.5,2.2772920778071737
bb_ipp_adaptive,wind,908,75.58333333333337,2.262943207558077
bb_ipp_adaptive,wind,909,75.66666666666663,2.2672642053306538
bb_ipp_adaptive,wind,910,75.75,2.2568103840144227
bb_ipp_adaptive,wind,911,75.83333333333337,2.24779331832696
bb_ipp_adaptive,wind,912,75.91666666666663,2.2611270510980432
bb_ipp_adaptive,wind,913,76.0,2.2559518841615467
bb_ipp_adaptive,wind,914,76.08333333333337,2.2652472467742513
bb_ipp_adaptive,wind,915,76.16666666666663,2.2491647776836152
bb_ipp_adaptive,wind,916,76.25,2.231646875240759
bb_ipp_adaptive,wind,917,76.33333333333337,2.2290075229907163
bb_ipp_adaptive,wind,918,76.41666666666663,2.234806267352002
bb_ipp_adaptive,wind,919,76.5,2.236226440857083
bb_ipp_adaptive,wind,920,76.58333333333337,2.2292111689099356
bb_ipp_adaptive,wind,921,76.66666666666663,2.2349372236880667
bb_ipp_adaptive,wind,922,76.75,2.2146663224093364
bb_ipp_adaptive,wind,923,76.83333333333337,2.2134824546356824
bb_ipp_adaptive,wind,924,76.91666666666663,2.2209517247725463
bb_ipp_adaptive,wind,925,77.0,2.230524915788843
bb_ipp_adaptive,wind,926,77.08333333333337,2.2204303578888114
bb_ipp_adaptive,wind,927,77.16666666666663,2.2252196939962103
bb_ipp_adaptive,wind,928,77.25,2.217895580430183
bb_ipp_adaptive,wind,929,77.33333333333337,2.205999896029597
bb_ipp_adaptive,wind,930,77.41666666666663,2.217334774316257
bb_ipp_adaptive,wind,931,77.5,2.2173405450341526
bb_ipp_adaptive,wind,932,77.58333333333337,2.2148562862776733
bb_ipp_adaptive,wind,933,77.66666666666663,2.2092611765723222
bb_ipp_adaptive,wind,934,77.75,2.2197741239696485
bb_ipp_adaptive,wind,935,77.83333333333337,2.2275986081448975
bb_ipp_adaptive,wind,936,77.91666666666663,2.2153530946938904
bb_ipp_adaptive,wind,937,78.0,2.2238179722340083
bb_ipp_adaptive,wind,938,78.08333333333337,2.252009786616476
bb_ipp_adaptive,wind,939,78.16666666666663,2.2636509049692854
bb_ipp_adaptive,wind,940,78.25,2.2799139377506386
bb_ipp_adaptive,wind,941,78.33333333333337,2.264374737773523
bb_ipp_adaptive,wind,942,78.41666666666663,2.2548843066010003
bb_ipp_adaptive,wind,943,78.5,2.2444334879389887
bb_ipp_adaptive,wind,944,78.58333333333337,2.23887337108993
bb_ipp_adaptive,wind,945,78.66666666666663,2.257718523970545
bb_ipp_adaptive,wind,946,78.75,2.2922265201039256
bb_ipp_adaptive,wind,947,78.83333333333337,2.277729897213821
bb_ipp_adaptive,wind,948,78.91666666666663,2.3016410904098934
bb_ipp_adaptive,wind,949,79.0,2.290921561334724
bb_ipp_adaptive,wind,950,79.08333333333337,2.287106638057494
bb_ipp_adaptive,wind,951,79.16666666666663,2.2975919156465556
bb_ipp_adaptive,wind,952,79.25,2.301890437376202
bb_ipp_adaptive,wind,953,79.33333333333337,2.3058951497723013
bb_ipp_adaptive,wind,954,79.41666666666663,2.326359496861566
bb_ipp_adaptive,wind,955,79.5,2.3367429649716196
bb_ipp_adaptive,wind,956,79.58333333333337,2.3108087428822333
bb_ipp_adaptive,wind,957,79.66666666666663,2.285979737413621
bb_ipp_adaptive,wind,958,79.75,2.2909389274758833
bb_ipp_adaptive,wind,959,79.83333333333337,2.29064486905287
bb_ipp_adaptive,wind,960,79.91666666666663,2.2908912204076026
bb_ipp_adaptive,wind,961,80.0,2.3003061430827216
bb_ipp_adaptive,wind,962,80.08333333333337,2.300802289518538
bb_ipp_adaptive,wind,963,80.16666666666663,2.304303538160795
bb_ipp_adaptive,wind,964,80.25,2.2469781442065537
bb_ipp_adaptive,wind,965,80.33333333333337,2.2547895304660113
bb_ipp_adaptive,wind,966,80.41666666666663,2.2517001173194178
bb_ipp_adaptive,wind,967,80.5,2.2488156141359186
bb_ipp_adaptive,wind,968,80.58333333333337,2.279003386056068
bb_ipp_adaptive,wind,969,80.66666666666663,2.250403745256673
bb_ipp_adaptive,wind,970,80.75,2.2629409480579334
bb_ipp_adaptive,wind,971,80.83333333333337,2.238681313015545
bb_ipp_adaptive,wind,972,80.91666666666663,2.234646575706453
bb_ipp_adaptive,wind,973,81.0,2.239013990887139
bb_ipp_adaptive,wind,974,81.08333333333337,2.1886566057888337
bb_ipp_adaptive,wind,975,81.16666666666663,2.1954575874336166
bb_ipp_adaptive,wind,976,81.25,2.1814431426899517
bb_ipp_adaptive,wind,977,81.33333333333337,2.164750350275922
bb_ipp_adaptive,wind,978,81.41666666666663,2.150109034090651
bb_ipp_adaptive,wind,979,81.5,2.1755357198841607
bb_ipp_adaptive,wind,980,81.58333333333337,2.1600631517993354
bb_ipp_adaptive,wind,981,81.66666666666663,2.1509395173824157
bb_ipp_adaptive,wind,982,81.75,2.155700069882648
bb_ipp_adaptive,wind,983,81.83333333333337,2.1554703447805323
bb_ipp_adaptive,wind,984,81.91666666666663,2.151140732847508
bb_ipp_adaptive,wind,985,82.0,2.1386109295717413
bb_ipp_adaptive,wind,986,82.08333333333337,2.133369688842152
bb_ipp_adaptive,wind,987,82.16666666666663,2.1233955960442414
bb_ipp_adaptive,wind,988,82.25,2.123184811810516
bb_ipp_adaptive,wind,989,82.33333333333337,2.144557719390757
bb_ipp_adaptive,wind,990,82.41666666666663,2.1378901075125367
bb_ipp_adaptive,wind,991,82.5,2.156041319322366
bb_ipp_adaptive,wind,992,82.58333333333337,2.1460781989529214
bb_ipp_adaptive,wind,993,82.66666666666663,2.139951401814024
bb_ipp_adaptive,wind,994,82.75,2.171018003313065
bb_ipp_adaptive,wind,995,82.83333333333337,2.171036709334811
bb_ipp_adaptive,wind,996,82.91666666666663,2.183102033841117
bb_ipp_adaptive,wind,997,83.0,2.191753980238092
bb_ipp_adaptive,wind,998,83.08333333333337,2.1832354049706835
bb_ipp_adaptive,wind,999,83.16666666666663,2.2064679203774844
bb_ipp_adaptive,wind,1000,83.25,2.194385480240596
bb_ipp_adaptive,wind,1001,83.33333333333337,2.23125110246034
bb_ipp_adaptive,wind,1002,83.41666666666663,2.232855219594159
bb_ipp_adaptive,wind,1003,83.5,2.211836386758038
bb_ipp_adaptive,wind,1004,83.58333333333337,2.190142729589879
bb_ipp_adaptive,wind,1005,83.66666666666663,2.1901195254398376
bb_ipp_adaptive,wind,1006,83.75,2.191903572555575
bb_ipp_adaptive,wind,1007,83.83333333333337,2.2164031941990285
bb_ipp_adaptive,wind,1008,83.91666666666663,2.1855033193101363
bb_ipp_adaptive,wind,1009,84.0,2.206659373276981
bb_ipp_adaptive,wind,1010,84.08333333333337,2.2460615874763654
bb_ipp_adaptive,wind,1011,84.16666666666663,2.219262939286704
bb_ipp_adaptive,wind,1012,84.25,2.212312537736581
bb_ipp_adaptive,wind,1013,84.33333333333337,2.2160642710968292
bb_ipp_adaptive,wind,1014,84.41666666666663,2.2311284197635373
bb_ipp_adaptive,wind,1015,84.5,2.2389722657129263
bb_ipp_adaptive,wind,1016,84.58333333333337,2.2536909400064618
bb_ipp_adaptive,wind,1017,84.66666666666663,2.2697214430381956
bb_ipp_adaptive,wind,1018,84.75,2.27822969099738
bb_ipp_adaptive,wind,1019,84.83333333333337,2.2757609216727066
bb_ipp_adaptive,wind,1020,84.91666666666663,2.287543898394447
bb_ipp_adaptive,wind,1021,85.0,2.2864679887846893
bb_ipp_adaptive,wind,1022,85.08333333333337,2.304285093747756
bb_ipp_adaptive,wind,1023,85.16666666666663,2.3327475847861896
bb_ipp_adaptive,wind,1024,85.25,2.2962329101158794
bb_ipp_adaptive,wind,1025,85.33333333333337,2.293980462391715
bb_ipp_adaptive,wind,1026,85.41666666666663,2.299564966786919
bb_ipp_adaptive,wind,1027,85.5,2.30832994952223
bb_ipp_adaptive,wind,1028,85.58333333333337,2.2963384707930805
bb_ipp_adaptive,wind,1029,85.66666666666663,2.29984545723696
bb_ipp_adaptive,wind,1030,85.75,2.325267586673655
bb_ipp_adaptive,wind,1031,85.83333333333337,2.3117118776150205
bb_ipp_adaptive,wind,1032,85.91666666666663,2.306259303542933
bb_ipp_adaptive,wind,1033,86.0,2.3060192522797296
bb_ipp_adaptive,wind,1034,86.08333333333337,2.279513976521902
bb_ipp_adaptive,wind,1035,86.16666666666663,2.28160890984732
bb_ipp_adaptive,wind,1036,86.25,2.293552103959035
bb_ipp_adaptive,wind,1037,86.33333333333337,2.309642722562422
bb_ipp_adaptive,wind,1038,86.41666666666663,2.326567037624169
bb_ipp_adaptive,wind,1039,86.5,2.32404973000944
bb_ipp_adaptive,wind,1040,86.58333333333337,2.3157303074004103
bb_ipp_adaptive,wind,1041,86.66666666666663,2.3328054102773055
bb_ipp_adaptive,wind,1042,86.75,2.342841773691021
bb_ipp_adaptive,wind,1043,86.83333333333337,2.3424202116184945
bb_ipp_adaptive,wind,1044,86.91666666666663,2.3415317351623752
bb_ipp_adaptive,wind,1045,87.0,2.339928701192606
bb_ipp_adaptive,wind,1046,87.08333333333337,2.338476949624429
bb_ipp_adaptive,wind,1047,87.16666666666663,2.3399731753386313
bb_ipp_adaptive,wind,1048,87.25,2.3149427454636893
bb_ipp_adaptive,wind,1049,87.33333333333337,2.3091217825255397
bb_ipp_adaptive,wind,1050,87.41666666666663,2.303471269194421
bb_ipp_adaptive,wind,1051,87.5,2.3113830301060196
bb_ipp_adaptive,wind,1052,87.58333333333337,2.2944895198744075
bb_ipp_adaptive,wind,1053,87.66666666666663,2.27633989358662
bb_ipp_adaptive,wind,1054,87.75,2.2742352818754834
bb_ipp_adaptive,wind,1055,87.83333333333337,2.312365933153382
bb_ipp_adaptive,wind,1056,87.91666666666663,2.306505617217406
bb_ipp_adaptive,wind,1057,88.0,2.3014212384902284
bb_ipp_adaptive,wind,1058,88.08333333333337,2.3110566929269156
bb_ipp_adaptive,wind,1059,88.16666666666663,2.3129232291394812
bb_ipp_adaptive,wind,1060,88.25,2.3113131705052035
bb_ipp_adaptive,wind,1061,88.33333333333337,2.3144016455387173
bb_ipp_adaptive,wind,1062,88.41666666666663,2.30918310511142
bb_ipp_adaptive,wind,1063,88.5,2.31159100897289
bb_ipp_adaptive,wind,1064,88.58333333333337,2.317505078991055
bb_ipp_adaptive,wind,1065,88.66666666666663,2.2950309507447537
bb_ipp_adaptive,wind,1066,88.75,2.2766729851200314
bb_ipp_adaptive,wind,1067,88.83333333333337,2.2911049313668617
bb_ipp_adaptive,wind,1068,88.91666666666663,2.307490654838772
bb_ipp_adaptive,wind,1069,89.0,2.276907144722181
bb_ipp_adaptive,wind,1070,89.08333333333337,2.2728571925619936
bb_ipp_adaptive,wind,1071,89.16666666666663,2.278575609205846
bb_ipp_adaptive,wind,1072,89.25,2.2960273446948447
bb_ipp_adaptive,wind,1073,89.33333333333337,2.2971390249971337
bb_ipp_adaptive,wind,1074,89.41666666666663,2.2922372088335594
bb_ipp_adaptive,wind,1075,89.5,2.29684290438242
bb_ipp_adaptive,wind,1076,89.58333333333337,2.2871664471195268
bb_ipp_adaptive,wind,1077,89.66666666666663,2.2895458117949525
bb_ipp_adaptive,wind,1078,89.75,2.3131816236627563
bb_ipp_adaptive,wind,1079,89.83333333333337,2.3010753936089876
bb_ipp_adaptive,wind,1080,89.91666666666663,2.297380928960338
bb_ipp_adaptive,wind,1081,90.0,2.3181518546464597
bb_ipp_adaptive,wind,1082,90.08333333333337,2.3578964599595986
bb_ipp_adaptive,wind,1083,90.16666666666663,2.3675235500507985
bb_ipp_adaptive,wind,1084,90.25,2.3673955448063086
bb_ipp_adaptive,wind,1085,90.33333333333337,2.3609936559959044
bb_ipp_adaptive,wind,1086,90.41666666666663,2.337399743931453
bb_ipp_adaptive,wind,1087,90.5,2.327408828563058
bb_ipp_adaptive,wind,1088,90.58333333333337,2.326730975248648
bb_ipp_adaptive,wind,1089,90.66666666666663,2.3052555381390274
bb_ipp_adaptive,wind,1090,90.75,2.3012965184242358
bb_ipp_adaptive,wind,1091,90.83333333333337,2.2730186491248148
bb_ipp_adaptive,wind,1092,90.91666666666663,2.2946426789236978
bb_ipp_adaptive,wind,1093,91.0,2.307605898892372
bb_ipp_adaptive,wind,1094,91.08333333333337,2.3062586528486064
bb_ipp_adaptive,wind,1095,91.16666666666663,2.316590014031541
bb_ipp_adaptive,wind,1096,91.25,2.3721589477285177
bb_ipp_adaptive,wind,1097,91.33333333333337,2.3605070573151585
bb_ipp_adaptive,wind,1098,91.41666666666663,2.3487346197657466
bb_ipp_adaptive,wind,1099,91.5,2.3718033010300696
bb_ipp_adaptive,wind,1100,91.58333333333337,2.3973336363517874
bb_ipp_adaptive,wind,1101,91.66666666666663,2.371379451017087
bb_ipp_adaptive,wind,1102,91.75,2.3561779983128344
bb_ipp_adaptive,wind,1103,91.83333333333337,2.356196899810295
bb_ipp_adaptive,wind,1104,91.91666666666663,2.3640035792279
bb_ipp_adaptive,wind,1105,92.0,2.3653732118843456
bb_ipp_adaptive,wind,1106,92.08333333333337,2.380483604034929
bb_ipp_adaptive,wind,1107,92.16666666666663,2.3817164909964745
bb_ipp_adaptive,wind,1108,92.25,2.3991530100067524
bb_ipp_adaptive,wind,1109,92.33333333333337,2.3792333929171523
bb_ipp_adaptive,wind,1110,92.41666666666663,2.384688714304507
bb_ipp_adaptive,wind,1111,92.5,2.417959068118138
bb_ipp_adaptive,wind,1112,92.58333333333337,2.4261612219273596
bb_ipp_adaptive,wind,1113,92.66666666666663,2.413144021211262
bb_ipp_adaptive,wind,1114,92.75,2.3886016158103676
bb_ipp_adaptive,wind,1115,92.83333333333337,2.3799481297947556
bb_ipp_adaptive,wind,1116,92.91666666666663,2.389904063800099
bb_ipp_adaptive,wind,1117,93.0,2.378390614262533
bb_ipp_adaptive,wind,1118,93.08333333333337,2.3904781673841557
bb_ipp_adaptive,wind,1119,93.16666666666663,2.384964743028034
bb_ipp_adaptive,wind,1120,93.25,2.3647581135939157
bb_ipp_adaptive,wind,1121,93.33333333333337,2.3751620348315936
bb_ipp_adaptive,wind,1122,93.41666666666663,2.3819832828436636
bb_ipp_adaptive,wind,1123,93.5,2.383772707578573
bb_ipp_adaptive,wind,1124,93.58333333333337,2.39814402573047
bb_ipp_adaptive,wind,1125,93.66666666666663,2.393392254653495
bb_ipp_adaptive,wind,1126,93.75,2.3825626035523166
bb_ipp_adaptive,wind,1127,93.83333333333337,2.4047560397238503
bb_ipp_adaptive,wind,1128,93.91666666666663,2.4106372826998013
bb_ipp_adaptive,wind,1129,94.0,2.4263965709336452
bb_ipp_adaptive,wind,1130,94.08333333333337,2.4237723901087773
bb_ipp_adaptive,wind,1131,94.16666666666663,2.420640258377177
bb_ipp_adaptive,wind,1132,94.25,2.4186335605689133
bb_ipp_adaptive,wind,1133,94.33333333333337,2.4348919764274464
bb_ipp_adaptive,wind,1134,94.41666666666663,2.4563119551370507
bb_ipp_adaptive,wind,1135,94.5,2.431335211167368
bb_ipp_adaptive,wind,1136,94.58333333333337,2.431546503112597
bb_ipp_adaptive,wind,1137,94.66666666666663,2.417128205828255
bb_ipp_adaptive,wind,1138,94.75,2.431946800034744
bb_ipp_adaptive,wind,1139,94.83333333333337,2.413891218529837
bb_ipp_adaptive,wind,1140,94.91666666666663,2.384944312991365
bb_ipp_adaptive,wind,1141,95.0,2.4050612106410174
bb_ipp_adaptive,wind,1142,95.08333333333337,2.3836863815512506
bb_ipp_adaptive,wind,1143,95.16666666666663,2.366460261372414
bb_ipp_adaptive,wind,1144,95.25,2.388449769184974
bb_ipp_adaptive,wind,1145,95.33333333333337,2.3781820832769376
bb_ipp_adaptive,wind,1146,95.41666666666663,2.3883315808181393
bb_ipp_adaptive,wind,1147,95.5,2.3632070390573134
bb_ipp_adaptive,wind,1148,95.58333333333337,2.3310265363416374
bb_ipp_adaptive,wind,1149,95.66666666666663,2.327570546715204
bb_ipp_adaptive,wind,1150,95.75,2.317256921752139
bb_ipp_adaptive,wind,1151,95.83333333333337,2.320406125274496
bb_ipp_adaptive,wind,1152,95.91666666666663,2.286337238245545
bb_ipp_adaptive,wind,1153,96.0,2.2922395781000575
bb_ipp_adaptive,wind,1154,96.08333333333337,2.309304707305989
bb_ipp_adaptive,wind,1155,96.16666666666663,2.3211425116127793
bb_ipp_adaptive,wind,1156,96.25,2.3144562345765713
bb_ipp_adaptive,wind,1157,96.33333333333337,2.310455647414398
bb_ipp_adaptive,wind,1158,96.41666666666663,2.3317634188808456
bb_ipp_adaptive,wind,1159,96.5,2.316418596393245
bb_ipp_adaptive,wind,1160,96.58333333333337,2.3447970779327933
bb_ipp_adaptive,wind,1161,96.66666666666663,2.3403012683708733
bb_ipp_adaptive,wind,1162,96.75,2.329140847305837
bb_ipp_adaptive,wind,1163,96.83333333333337,2.349410925010549
bb_ipp_adaptive,wind,1164,96.91666666666663,2.3481279788203833
bb_ipp_adaptive,wind,1165,97.0,2.373191107525838
bb_ipp_adaptive,wind,1166,97.08333333333337,2.3787551665092113
bb_ipp_adaptive,wind,1167,97.16666666666663,2.3697148017818717
bb_ipp_adaptive,wind,1168,97.25,2.3724866013353503
bb_ipp_adaptive,wind,1169,97.33333333333337,2.367199762150684
bb_ipp_adaptive,wind,1170,97.41666666666663,2.394418839494616
bb_ipp_adaptive,wind,1171,97.5,2.4180676046646528
bb_ipp_adaptive,wind,1172,97.58333333333337,2.407567471745244
bb_ipp_adaptive,wind,1173,97.66666666666663,2.405712248515074
bb_ipp_adaptive,wind,1174,97.75,2.4088460985222224
bb_ipp_adaptive,wind,1175,97.83333333333337,2.428279753157231
bb_ipp_adaptive,wind,1176,97.91666666666663,2.444561642639477
bb_ipp_adaptive,wind,1177,98.0,2.4221198693933617
bb_ipp_adaptive,wind,1178,98.08333333333337,2.403508677366425
bb_ipp_adaptive,wind,1179,98.16666666666663,2.3935868341282767
bb_ipp_adaptive,wind,1180,98.25,2.417514281845612
bb_ipp_adaptive,wind,1181,98.33333333333337,2.4020956171285994
bb_ipp_adaptive,wind,1182,98.41666666666663,2.410942488762474
bb_ipp_adaptive,wind,1183,98.5,2.4067766582995365
bb_ipp_adaptive,wind,1184,98.58333333333337,2.4275472029023644
bb_ipp_adaptive,wind,1185,98.66666666666663,2.431551278526618
bb_ipp_adaptive,wind,1186,98.75,2.447959880901367
bb_ipp_adaptive,wind,1187,98.83333333333337,2.4443512078521774
bb_ipp_adaptive,wind,1188,98.91666666666663,2.428785247612007
bb_ipp_adaptive,wind,1189,99.0,2.4063531560772495
bb_ipp_adaptive,wind,1190,99.08333333333337,2.3986863707193407
bb_ipp_adaptive,wind,1191,99.16666666666663,2.4132322739173246
bb_ipp_adaptive,wind,1192,99.25,2.454020549846225
bb_ipp_adaptive,wind,1193,99.33333333333337,2.434885426347728
bb_ipp_adaptive,wind,1194,99.41666666666663,2.4355949734730427
bb_ipp_adaptive,wind,1195,99.5,2.4640075983180143
bb_ipp_adaptive,wind,1196,99.58333333333337,2.453575405157949
bb_ipp_adaptive,wind,1197,99.66666666666663,2.4181974080336106
bb_ipp_adaptive,wind,1198,99.75,2.4229827913308877
bb_ipp_adaptive,wind,1199,99.83333333333337,2.42662947584112
bb_ipp_adaptive,wind,1200,99.91666666666663,2.4318001084215286
bb_ipp_adaptive,wind,1201,100.0,2.447472415940051
bb_ipp_adaptive,wind,1202,100.08333333333337,2.445388741488924
bb_ipp_adaptive,wind,1203,100.16666666666663,2.4336228546946184
bb_ipp_adaptive,wind,1204,100.25,2.4494119996204446
bb_ipp_adaptive,wind,1205,100.33333333333337,2.4354983736365217
bb_ipp_adaptive,wind,1206,100.41666666666663,2.4374025649829942
bb_ipp_adaptive,wind,1207,100.5,2.429948477845989
bb_ipp_adaptive,wind,1208,100.58333333333337,2.440513848098998
bb_ipp_adaptive,wind,1209,100.66666666666663,2.4558850089469253
bb_ipp_adaptive,wind,1210,100.75,2.480693300051281
bb_ipp_adaptive,wind,1211,100.83333333333337,2.4770408327092968
bb_ipp_adaptive,wind,1212,100.91666666666663,2.480536297102774
bb_ipp_adaptive,wind,1213,101.0,2.4398723005899665
bb_ipp_adaptive,wind,1214,101.08333333333337,2.423289135982957
bb_ipp_adaptive,wind,1215,101.16666666666663,2.432864339685797
bb_ipp_adaptive,wind,1216,101.25,2.419411401498672
bb_ipp_adaptive,wind,1217,101.33333333333337,2.4367619250294914
bb_ipp_adaptive,wind,1218,101.41666666666663,2.435046082866595
bb_ipp_adaptive,wind,1219,101.5,2.436771209289989
bb_ipp_adaptive,wind,1220,101.58333333333337,2.4666948000804076
bb_ipp_adaptive,wind,1221,101.66666666666663,2.4588645771353947
bb_ipp_adaptive,wind,1222,101.75,2.45047812421106
bb_ipp_adaptive,wind,1223,101.83333333333337,2.4376393173414543
bb_ipp_adaptive,wind,1224,101.91666666666663,2.3932085471256808
bb_ipp_adaptive,wind,1225,102.0,2.3958630656152837
bb_ipp_adaptive,wind,1226,102.08333333333337,2.3885434860083583
bb_ipp_adaptive,wind,1227,102.16666666666663,2.375851901432442
bb_ipp_adaptive,wind,1228,102.25,2.4179574574563323
bb_ipp_adaptive,wind,1229,102.33333333333337,2.4314979539273205
bb_ipp_adaptive,wind,1230,102.41666666666663,2.45871449921627
bb_ipp_adaptive,wind,1231,102.5,2.504162100123308
bb_ipp_adaptive,wind,1232,102.58333333333337,2.4692056438003385
bb_ipp_adaptive,wind,1233,102.66666666666663,2.4465749259746157
bb_ipp_adaptive,wind,1234,102.75,2.4420958934192893
bb_ipp_adaptive,wind,1235,102.83333333333337,2.408184926028953
bb_ipp_adaptive,wind,1236,102.91666666666663,2.403323353471062
bb_ipp_adaptive,wind,1237,103.0,2.408294718781011
bb_ipp_adaptive,wind,1238,103.08333333333337,2.41545844636211
bb_ipp_adaptive,wind,1239,103.16666666666663,2.427169386353824
bb_ipp_adaptive,wind,1240,103.25,2.4470357106175595
bb_ipp_adaptive,wind,1241,103.33333333333337,2.4482989739926864
bb_ipp_adaptive,wind,1242,103.41666666666663,2.4401772354336693
bb_ipp_adaptive,wind,1243,103.5,2.4171165000543406
bb_ipp_adaptive,wind,1244,103.58333333333337,2.390942237267008
bb_ipp_adaptive,wind,1245,103.66666666666663,2.3905879673798967
bb_ipp_adaptive,wind,1246,103.75,2.3984941361958105
bb_ipp_adaptive,wind,1247,103.83333333333337,2.4384244028952513
bb_ipp_adaptive,wind,1248,103.91666666666663,2.4122867782716617
bb_ipp_adaptive,wind,1249,104.0,2.3854307887682777
bb_ipp_adaptive,wind,1250,104.08333333333337,2.4002929486666065
bb_ipp_adaptive,wind,1251,104.16666666666663,2.398471883180766
bb_ipp_adaptive,wind,1252,104.25,2.392914285399395
bb_ipp_adaptive,wind,1253,104.33333333333337,2.4207321666994885
bb_ipp_adaptive,wind,1254,104.41666666666663,2.4373413408059115
bb_ipp_adaptive,wind,1255,104.5,2.4719939956199535
bb_ipp_adaptive,wind,1256,104.58333333333337,2.451744179585684
bb_ipp_adaptive,wind,1257,104.66666666666663,2.4523383217146564
bb_ipp_adaptive,wind,1258,104.75,2.4477044410669917
bb_ipp_adaptive,wind,1259,104.83333333333337,2.446956296354486
bb_ipp_adaptive,wind,1260,104.91666666666663,2.3893769434929433
bb_ipp_adaptive,wind,1261,105.0,2.400020924897432
bb_ipp_adaptive,wind,1262,105.08333333333337,2.3968357844975228
bb_ipp_adaptive,wind,1263,105.16666666666663,2.370169568866342
bb_ipp_adaptive,wind,1264,105.25,2.427402865158569
bb_ipp_adaptive,wind,1265,105.33333333333337,2.4802930453551966
bb_ipp_adaptive,wind,1266,105.41666666666663,2.475434367992532
bb_ipp_adaptive,wind,1267,105.5,2.4789615146058184
bb_ipp_adaptive,wind,1268,105.58333333333337,2.4660331548110976
bb_ipp_adaptive,wind,1269,105.66666666666663,2.445289570516194
bb_ipp_adaptive,wind,1270,105.75,2.4662788650151946
bb_ipp_adaptive,wind,1271,105.83333333333337,2.446894291085651
bb_ipp_adaptive,wind,1272,105.91666666666663,2.429457882484381
bb_ipp_adaptive,wind,1273,106.0,2.4300592967506156
bb_ipp_adaptive,wind,1274,106.08333333333337,2.454369834320747
bb_ipp_adaptive,wind,1275,106.16666666666663,2.470344174360586
bb_ipp_adaptive,wind,1276,106.25,2.45338126241619
bb_ipp_adaptive,wind,1277,106.33333333333337,2.472707294825682
bb_ipp_adaptive,wind,1278,106.41666666666663,2.4941664755411312
bb_ipp_adaptive,wind,1279,106.5,2.518357837760257
bb_ipp_adaptive,wind,1280,106.58333333333337,2.495085940198204
bb_ipp_adaptive,wind,1281,106.66666666666663,2.509791050416106
bb_ipp_adaptive,wind,1282,106.75,2.487058801893441
bb_ipp_adaptive,wind,1283,106.83333333333337,2.459830212810752
bb_ipp_adaptive,wind,1284,106.91666666666663,2.467153943436389
bb_ipp_adaptive,wind,1285,107.0,2.464370971139931
bb_ipp_adaptive,wind,1286,107.08333333333337,2.4717435171428934
bb_ipp_adaptive,wind,1287,107.16666666666663,2.479370471630879
bb_ipp_adaptive,wind,1288,107.25,2.4494890882795883
bb_ipp_adaptive,wind,1289,107.33333333333337,2.424209673724406
bb_ipp_adaptive,wind,1290,107.41666666666663,2.4581081299057774
bb_ipp_adaptive,wind,1291,107.5,2.437173752007768
bb_ipp_adaptive,wind,1292,107.58333333333337,2.435517295527978
bb_ipp_adaptive,wind,1293,107.66666666666663,2.431791532637898
bb_ipp_adaptive,wind,1294,107.75,2.437834810204578
bb_ipp_adaptive,wind,1295,107.83333333333337,2.4239879786214966
bb_ipp_adaptive,wind,1296,107.91666666666663,2.4110898269630185
bb_ipp_adaptive,wind,1297,108.0,2.4215659978783837
bb_ipp_adaptive,wind,1298,108.08333333333337,2.4071649801965114
bb_ipp_adaptive,wind,1299,108.16666666666663,2.4126291328232115
bb_ipp_adaptive,wind,1300,108.25,2.432207629710108
bb_ipp_adaptive,wind,1301,108.33333333333337,2.431393269721201
bb_ipp_adaptive,wind,1302,108.41666666666663,2.4548276705081764
bb_ipp_adaptive,wind,1303,108.5,2.441711253703319
bb_ipp_adaptive,wind,1304,108.58333333333337,2.425912107467759
bb_ipp_adaptive,wind,1305,108.66666666666663,2.4291888288285985
bb_ipp_adaptive,wind,1306,108.75,2.4259113176497964
bb_ipp_adaptive,wind,1307,108.83333333333337,2.453478713314729
bb_ipp_adaptive,wind,1308,108.91666666666663,2.422005019507806
bb_ipp_adaptive,wind,1309,109.0,2.418326204838507
bb_ipp_adaptive,wind,1310,109.08333333333337,2.4609277907666387
bb_ipp_adaptive,wind,1311,109.16666666666663,2.4680040238381835
bb_ipp_adaptive,wind,1312,109.25,2.4569253954098453
bb_ipp_adaptive,wind,1313,109.33333333333337,2.4567327872770357
bb_ipp_adaptive,wind,1314,109.41666666666663,2.461033552805456
bb_ipp_adaptive,wind,1315,109.5,2.4363654396473744
bb_ipp_adaptive,wind,1316,109.58333333333337,2.407620847947159
bb_ipp_adaptive,wind,1317,109.66666666666663,2.3918504128383504
bb_ipp_adaptive,wind,1318,109.75,2.370201908070287
bb_ipp_adaptive,wind,1319,109.83333333333337,2.3369212343325536
bb_ipp_adaptive,wind,1320,109.91666666666663,2.3474496067953434
bb_ipp_adaptive,wind,1321,110.0,2.333904547317003
bb_ipp_adaptive,wind,1322,110.08333333333337,2.358512340983076
bb_ipp_adaptive,wind,1323,110.16666666666663,2.3438125472055593
bb_ipp_adaptive,wind,1324,110.25,2.3373289877310564
bb_ipp_adaptive,wind,1325,110.33333333333337,2.339123024037072
bb_ipp_adaptive,wind,1326,110.41666666666663,2.3677253476657625
bb_ipp_adaptive,wind,1327,110.5,2.375633614815215
bb_ipp_adaptive,wind,1328,110.58333333333337,2.4155635983946153
bb_ipp_adaptive,wind,1329,110.66666666666663,2.4297493661267167
bb_ipp_adaptive,wind,1330,110.75,2.4317831864071526
bb_ipp_adaptive,wind,1331,110.83333333333337,2.4186999262577826
bb_ipp_adaptive,wind,1332,110.91666666666663,2.446012219528762
bb_ipp_adaptive,wind,1333,111.0,2.4282493972899895
bb_ipp_adaptive,wind,1334,111.08333333333337,2.4656359649519133
bb_ipp_adaptive,wind,1335,111.16666666666663,2.479919938132313
bb_ipp_adaptive,wind,1336,111.25,2.48491868468951
bb_ipp_adaptive,wind,1337,111.33333333333337,2.4754499152775904
bb_ipp_adaptive,wind,1338,111.41666666666663,2.474822851298816
bb_ipp_adaptive,wind,1339,111.5,2.472890770601527
bb_ipp_adaptive,wind,1340,111.58333333333337,2.483891941833799
bb_ipp_adaptive,wind,1341,111.66666666666663,2.485029619361522
bb_ipp_adaptive,wind,1342,111.75,2.494599076284511
bb_ipp_adaptive,wind,1343,111.83333333333337,2.498733013607503
bb_ipp_adaptive,wind,1344,111.91666666666663,2.4983454265339886
bb_ipp_adaptive,wind,1345,112.0,2.4742713931038303
bb_ipp_adaptive,wind,1346,112.08333333333337,2.4659164933804805
bb_ipp_adaptive,wind,1347,112.16666666666663,2.485855510221533
bb_ipp_adaptive,wind,1348,112.25,2.479278088308744
bb_ipp_adaptive,wind,1349,112.33333333333337,2.484097092298705
bb_ipp_adaptive,wind,1350,112.41666666666663,2.4920262989959605
bb_ipp_adaptive,wind,1351,112.5,2.4958403502435087
bb_ipp_adaptive,wind,1352,112.58333333333337,2.496021284510333
bb_ipp_adaptive,wind,1353,112.66666666666663,2.4695550380998186
bb_ipp_adaptive,wind,1354,112.75,2.481173493366183
bb_ipp_adaptive,wind,1355,112.83333333333337,2.4915420834930724
bb_ipp_adaptive,wind,1356,112.91666666666663,2.4861223926622658
bb_ipp_adaptive,wind,1357,113.0,2.4942256165040964
bb_ipp_adaptive,wind,1358,113.08333333333337,2.4759162227696367
bb_ipp_adaptive,wind,1359,113.16666666666663,2.47540248032893
bb_ipp_adaptive,wind,1360,113.25,2.495468898879884
bb_ipp_adaptive,wind,1361,113.33333333333337,2.4853663963280446
bb_ipp_adaptive,wind,1362,113.41666666666663,2.507505610237899
bb_ipp_adaptive,wind,1363,113.5,2.5052165008873932
bb_ipp_adaptive,wind,1364,113.58333333333337,2.486100212056764
bb_ipp_adaptive,wind,1365,113.66666666666663,2.4675518301415895
bb_ipp_adaptive,wind,1366,113.75,2.457228665048161
bb_ipp_adaptive,wind,1367,113.83333333333337,2.4646961616763545
bb_ipp_adaptive,wind,1368,113.91666666666663,2.478720349624114
bb_ipp_adaptive,wind,1369,114.0,2.493296555088684
bb_ipp_adaptive,wind,1370,114.08333333333337,2.483075364026566
bb_ipp_adaptive,wind,1371,114.16666666666663,2.4986997285626193
bb_ipp_adaptive,wind,1372,114.25,2.4944773110271328
bb_ipp_adaptive,wind,1373,114.33333333333337,2.4968900824176976
bb_ipp_adaptive,wind,1374,114.41666666666663,2.5155981307023287
bb_ipp_adaptive,wind,1375,114.5,2.4912421691473896
bb_ipp_adaptive,wind,1376,114.58333333333337,2.5139794871532954
bb_ipp_adaptive,wind,1377,114.66666666666663,2.5211689850962085
bb_ipp_adaptive,wind,1378,114.75,2.5191117120298
bb_ipp_adaptive,wind,1379,114.83333333333337,2.5231201731165958
bb_ipp_adaptive,wind,1380,114.91666666666663,2.5032335937067223
bb_ipp_adaptive,wind,1381,115.0,2.539240671959553
bb_ipp_adaptive,wind,1382,115.08333333333337,2.514501585805304
bb_ipp_adaptive,wind,1383,115.16666666666663,2.4851794455989498
bb_ipp_adaptive,wind,1384,115.25,2.50559826395546
bb_ipp_adaptive,wind,1385,115.33333333333337,2.4968609713910666
bb_ipp_adaptive,wind,1386,115.41666666666663,2.503092937572517
bb_ipp_adaptive,wind,1387,115.5,2.4868917610185437
bb_ipp_adaptive,wind,1388,115.58333333333337,2.4716787416514037
bb_ipp_adaptive,wind,1389,115.66666666666663,2.4374773070144125
bb_ipp_adaptive,wind,1390,115.75,2.4499149870840706
bb_ipp_adaptive,wind,1391,115.83333333333337,2.4260523795216593
bb_ipp_adaptive,wind,1392,115.91666666666663,2.4492685395334344
bb_ipp_adaptive,wind,1393,116.0,2.441089981614289
bb_ipp_adaptive,wind,1394,116.08333333333337,2.430305762791217
bb_ipp_adaptive,wind,1395,116.16666666666663,2.4445973669262275
bb_ipp_adaptive,wind,1396,116.25,2.4573794453674567
bb_ipp_adaptive,wind,1397,116.33333333333337,2.4460515524986124
bb_ipp_adaptive,wind,1398,116.41666666666663,2.4521558759191726
bb_ipp_adaptive,wind,1399,116.5,2.457009317519646
bb_ipp_adaptive,wind,1400,116.58333333333337,2.486843344740071
bb_ipp_adaptive,wind,1401,116.66666666666663,2.4740383217245028
bb_ipp_adaptive,wind,1402,116.75,2.4947174335250724
bb_ipp_adaptive,wind,1403,116.83333333333337,2.493779915623727
bb_ipp_adaptive,wind,1404,116.91666666666663,2.501014022411755
bb_ipp_adaptive,wind,1405,117.0,2.4827116535501492
bb_ipp_adaptive,wind,1406,117.08333333333337,2.4963368318957584
bb_ipp_adaptive,wind,1407,117.16666666666663,2.498632146420362
bb_ipp_adaptive,wind,1408,117.25,2.5143224505186423
bb_ipp_adaptive,wind,1409,117.33333333333337,2.4861477841590496
bb_ipp_adaptive,wind,1410,117.41666666666663,2.472885299052775
bb_ipp_adaptive,wind,1411,117.5,2.4682071801494057
bb_ipp_adaptive,wind,1412,117.58333333333337,2.437577855976147
bb_ipp_adaptive,wind,1413,117.66666666666663,2.444749095974665
bb_ipp_adaptive,wind,1414,117.75,2.4278943506980935
bb_ipp_adaptive,wind,1415,117.83333333333337,2.4649268801394832
bb_ipp_adaptive,wind,1416,117.91666666666663,2.460056527494201
bb_ipp_adaptive,wind,1417,118.0,2.4490194058708017
bb_ipp_adaptive,wind,1418,118.08333333333337,2.451631898464737
bb_ipp_adaptive,wind,1419,118.16666666666663,2.4423846326430305
bb_ipp_adaptive,wind,1420,118.25,2.405509286821391
bb_ipp_adaptive,wind,1421,118.33333333333337,2.420319191037192
bb_ipp_adaptive,wind,1422,118.41666666666663,2.4080426395709167
bb_ipp_adaptive,wind,1423,118.5,2.4058547893593096
bb_ipp_adaptive,wind,1424,118.58333333333337,2.45024784500315
bb_ipp_adaptive,wind,1425,118.66666666666663,2.445767138780717
bb_ipp_adaptive,wind,1426,118.75,2.428573825636005
bb_ipp_adaptive,wind,1427,118.83333333333337,2.4285161576237124
bb_ipp_adaptive,wind,1428,118.91666666666663,2.3924049083843704
bb_ipp_adaptive,wind,1429,119.0,2.4135763796470027
bb_ipp_adaptive,wind,1430,119.08333333333337,2.415751959350614
bb_ipp_adaptive,wind,1431,119.16666666666663,2.4102847216509615
bb_ipp_adaptive,wind,1432,119.25,2.411386407496875
bb_ipp_adaptive,wind,1433,119.33333333333337,2.390263929315762
bb_ipp_adaptive,wind,1434,119.41666666666663,2.417521325297416
bb_ipp_adaptive,wind,1435,119.5,2.4322959950479692
bb_ipp_adaptive,wind,1436,119.58333333333337,2.424368826756717
bb_ipp_adaptive,wind,1437,119.66666666666663,2.4222813428875956
bb_ipp_adaptive,wind,1438,119.75,2.418802654281946
bb_ipp_adaptive,wind,1439,119.83333333333337,2.426333581400877
bb_ipp_adaptive,wind,1440,119.91666666666663,2.4257065670975377
bb_ipp_adaptive,wind,1441,120.0,2.448608014870819
bb_ipp_adaptive,wind,1442,120.08333333333337,2.4587116591020513
bb_ipp_adaptive,wind,1443,120.16666666666663,2.426222992463999
bb_ipp_adaptive,wind,1444,120.25,2.4348835757006033
bb_ipp_adaptive,wind,1445,120.33333333333337,2.4461931889725355
bb_ipp_adaptive,wind,1446,120.41666666666663,2.4563349191786443
bb_ipp_adaptive,wind,1447,120.5,2.467419836272252
bb_ipp_adaptive,wind,1448,120.58333333333337,2.4661881924931106
bb_ipp_adaptive,wind,1449,120.66666666666663,2.4452928219885557
bb_ipp_adaptive,wind,1450,120.75,2.4400951951488556
bb_ipp_adaptive,wind,1451,120.83333333333337,2.4701990457969183
bb_ipp_adaptive,wind,1452,120.91666666666663,2.4401997678203036
bb_ipp_adaptive,wind,1453,121.0,2.453776365444877
bb_ipp_adaptive,wind,1454,121.08333333333337,2.466560738403362
bb_ipp_adaptive,wind,1455,121.16666666666663,2.4944514653233254
bb_ipp_adaptive,wind,1456,121.25,2.481900495361492
bb_ipp_adaptive,wind,1457,121.33333333333337,2.4867591590085887
bb_ipp_adaptive,wind,1458,121.41666666666663,2.4855041950612358
bb_ipp_adaptive,wind,1459,121.5,2.4923889589989847
bb_ipp_adaptive,wind,1460,121.58333333333337,2.451315541515764
bb_ipp_adaptive,wind,1461,121.66666666666663,2.446566957304319
bb_ipp_adaptive,wind,1462,121.75,2.4754201603327806
bb_ipp_adaptive,wind,1463,121.83333333333337,2.4669715765523605
bb_ipp_adaptive,wind,1464,121.91666666666663,2.4807156955064054
bb_ipp_adaptive,wind,1465,122.0,2.5017026783233924
bb_ipp_adaptive,wind,1466,122.08333333333337,2.478179132540233
bb_ipp_adaptive,wind,1467,122.16666666666663,2.487084561852212
bb_ipp_adaptive,wind,1468,122.25,2.4883905844778815
bb_ipp_adaptive,wind,1469,122.33333333333337,2.474657671236428
bb_ipp_adaptive,wind,1470,122.41666666666663,2.461059233013186
bb_ipp_adaptive,wind,1471,122.5,2.4755803186090213
bb_ipp_adaptive,wind,1472,122.58333333333337,2.4707772262579675
bb_ipp_adaptive,wind,1473,122.66666666666663,2.4667468818899634
bb_ipp_adaptive,wind,1474,122.75,2.444057333615991
bb_ipp_adaptive,wind,1475,122.83333333333337,2.446735975466761
bb_ipp_adaptive,wind,1476,122.91666666666663,2.4797846036125466
bb_ipp_adaptive,wind,1477,123.0,2.4756342455260216
bb_ipp_adaptive,wind,1478,123.08333333333337,2.4909851206549978
bb_ipp_adaptive,wind,1479,123.16666666666663,2.5008895526233
bb_ipp_adaptive,wind,1480,123.25,2.483463745103773
bb_ipp_adaptive,wind,1481,123.33333333333337,2.4637181766252954
bb_ipp_adaptive,wind,1482,123.41666666666663,2.453086921751186
bb_ipp_adaptive,wind,1483,123.5,2.445354649174677
bb_ipp_adaptive,wind,1484,123.58333333333337,2.4513340651820594
bb_ipp_adaptive,wind,1485,123.66666666666663,2.4631239617954312
bb_ipp_adaptive,wind,1486,123.75,2.4759429791810623
bb_ipp_adaptive,wind,1487,123.83333333333337,2.468014884146304
bb_ipp_adaptive,wind,1488,123.91666666666663,2.442916704134444
bb_ipp_adaptive,wind,1489,124.0,2.42448535061958
bb_ipp_adaptive,wind,1490,124.08333333333337,2.408019228986193
bb_ipp_adaptive,wind,1491,124.16666666666663,2.423698038759295
bb_ipp_adaptive,wind,1492,124.25,2.4228688168037475
bb_ipp_adaptive,wind,1493,124.33333333333337,2.434225841993587
bb_ipp_adaptive,wind,1494,124.41666666666663,2.42324862379002
bb_ipp_adaptive,wind,1495,124.5,2.417832576414721
bb_ipp_adaptive,wind,1496,124.58333333333337,2.430836619686136
bb_ipp_adaptive,wind,1497,124.66666666666663,2.433090555720609
bb_ipp_adaptive,wind,1498,124.75,2.4435215242461217
bb_ipp_adaptive,wind,1499,124.83333333333337,2.4476586387385417
bb_ipp_adaptive,wind,1500,124.91666666666663,2.455946882832381
bb_ipp_adaptive,wind,1501,125.0,2.464469373688637
bb_ipp_adaptive,wind,1502,125.08333333333337,2.4665743734763
bb_ipp_adaptive,wind,1503,125.16666666666663,2.4776155176374677
bb_ipp_adaptive,wind,1504,125.25,2.4578053621927696
bb_ipp_adaptive,wind,1505,125.33333333333337,2.4650850295131916
bb_ipp_adaptive,wind,1506,125.41666666666663,2.4590326929442803
bb_ipp_adaptive,wind,1507,125.5,2.455257152565259
bb_ipp_adaptive,wind,1508,125.58333333333337,2.4733679889450593
bb_ipp_adaptive,wind,1509,125.66666666666663,2.4648686301855123
bb_ipp_adaptive,wind,1510,125.75,2.479543446348727
bb_ipp_adaptive,wind,1511,125.83333333333337,2.482831464978447
bb_ipp_adaptive,wind,1512,125.91666666666663,2.5114583965490023
bb_ipp_adaptive,wind,1513,126.0,2.4902529000201827
bb_ipp_adaptive,wind,1514,126.08333333333337,2.4870486492930897
bb_ipp_adaptive,wind,1515,126.16666666666663,2.4929500069038952
bb_ipp_adaptive,wind,1516,126.25,2.4978008066095927
bb_ipp_adaptive,wind,1517,126.33333333333337,2.5359888573439675
bb_ipp_adaptive,wind,1518,126.41666666666663,2.550640305459682
bb_ipp_adaptive,wind,1519,126.5,2.5451342574101217
bb_ipp_adaptive,wind,1520,126.58333333333337,2.526053724297943
bb_ipp_adaptive,wind,1521,126.66666666666663,2.533531474458389
bb_ipp_adaptive,wind,1522,126.75,2.5108229624678513
bb_ipp_adaptive,wind,1523,126.83333333333337,2.5450865637697535
bb_ipp_adaptive,wind,1524,126.91666666666663,2.534925558822847
bb_ipp_adaptive,wind,1525,127.0,2.5536749298867423
bb_ipp_adaptive,wind,1526,127.08333333333337,2.552830813815071
bb_ipp_adaptive,wind,1527,127.16666666666663,2.5529117093912834
bb_ipp_adaptive,wind,1528,127.25,2.57343149769654
bb_ipp_adaptive,wind,1529,127.33333333333337,2.5602333778907194
bb_ipp_adaptive,wind,1530,127.41666666666663,2.5265563418509402
bb_ipp_adaptive,wind,1531,127.5,2.511568328808007
bb_ipp_adaptive,wind,1532,127.58333333333337,2.5564965407967595
bb_ipp_adaptive,wind,1533,127.66666666666663,2.542417557094416
bb_ipp_adaptive,wind,1534,127.75,2.5402468737808888
bb_ipp_adaptive,wind,1535,127.83333333333337,2.4892515399426576
bb_ipp_adaptive,wind,1536,127.91666666666663,2.5188069830851556
bb_ipp_adaptive,wind,1537,128.0,2.5219775541071776
bb_ipp_adaptive,wind,1538,128.08333333333337,2.523116277588425
bb_ipp_adaptive,wind,1539,128.16666666666663,2.518098913067184
bb_ipp_adaptive,wind,1540,128.25,2.5222290907781737
bb_ipp_adaptive,wind,1541,128.33333333333337,2.528782614814778
bb_ipp_adaptive,wind,1542,128.41666666666663,2.5099143297416537
bb_ipp_adaptive,wind,1543,128.5,2.4990040518572547
bb_ipp_adaptive,wind,1544,128.58333333333337,2.505986716316248
bb_ipp_adaptive,wind,1545,128.66666666666663,2.4913311545812404
bb_ipp_adaptive,wind,1546,128.75,2.5329125434387456
bb_ipp_adaptive,wind,1547,128.83333333333337,2.5294944471796987
bb_ipp_adaptive,wind,1548,128.91666666666663,2.5484968812649873
bb_ipp_adaptive,wind,1549,129.0,2.5146999814996955
bb_ipp_adaptive,wind,1550,129.08333333333337,2.4887931761725777
bb_ipp_adaptive,wind,1551,129.16666666666663,2.511340177486269
bb_ipp_adaptive,wind,1552,129.25,2.5208923890296493
bb_ipp_adaptive,wind,1553,129.33333333333337,2.515617594933655
bb_ipp_adaptive,wind,1554,129.41666666666663,2.5187231793242635
bb_ipp_adaptive,wind,1555,129.5,2.5428745991901454
bb_ipp_adaptive,wind,1556,129.58333333333337,2.547049615321876
bb_ipp_adaptive,wind,1557,129.66666666666663,2.5479654634078543
bb_ipp_adaptive,wind,1558,129.75,2.524911781011914
bb_ipp_adaptive,wind,1559,129.83333333333337,2.527195109993443
bb_ipp_adaptive,wind,1560,129.91666666666663,2.5296308655583193
bb_ipp_adaptive,wind,1561,130.0,2.5237893991889533
bb_ipp_adaptive,wind,1562,130.08333333333337,2.5334236460476407
bb_ipp_adaptive,wind,1563,130.16666666666663,2.5474547449255147
bb_ipp_adaptive,wind,1564,130.25,2.537194975485575
bb_ipp_adaptive,wind,1565,130.33333333333337,2.5333598348127855
bb_ipp_adaptive,wind,1566,130.41666666666663,2.5131394452828015
bb_ipp_adaptive,wind,1567,130.5,2.5104700925051686
bb_ipp_adaptive,wind,1568,130.58333333333337,2.5385090826859344
bb_ipp_adaptive,wind,1569,130.66666666666663,2.531734265372519
bb_ipp_adaptive,wind,1570,130.75,2.527736701599023
bb_ipp_adaptive,wind,1571,130.83333333333337,2.5251733638677862
bb_ipp_adaptive,wind,1572,130.91666666666663,2.5036200555919743
bb_ipp_adaptive,wind,1573,131.0,2.5235485580971653
bb_ipp_adaptive,wind,1574,131.08333333333337,2.5018458032778077
bb_ipp_adaptive,wind,1575,131.16666666666663,2.511972618897538
bb_ipp_adaptive,wind,1576,131.25,2.511420210836059
bb_ipp_adaptive,wind,1577,131.33333333333337,2.5339723348605423
bb_ipp_adaptive,wind,1578,131.41666666666663,2.5074188816544205
bb_ipp_adaptive,wind,1579,131.5,2.4690740314177453
bb_ipp_adaptive,wind,1580,131.58333333333337,2.4754091792835853
bb_ipp_adaptive,wind,1581,131.66666666666663,2.504162015141078
bb_ipp_adaptive,wind,1582,131.75,2.5086522449796687
bb_ipp_adaptive,wind,1583,131.83333333333337,2.5166304281454104
bb_ipp_adaptive,wind,1584,131.91666666666663,2.492978693749079
bb_ipp_adaptive,wind,1585,132.0,2.499021783234703
bb_ipp_adaptive,wind,1586,132.08333333333337,2.484819739342085
bb_ipp_adaptive,wind,1587,132.16666666666663,2.4990983931445574
bb_ipp_adaptive,wind,1588,132.25,2.5069613534609156
bb_ipp_adaptive,wind,1589,132.33333333333337,2.491043837362902
bb_ipp_adaptive,wind,1590,132.41666666666663,2.467109983866492
bb_ipp_adaptive,wind,1591,132.5,2.472931581588818
bb_ipp_adaptive,wind,1592,132.58333333333337,2.459412198203859
bb_ipp_adaptive,wind,1593,132.66666666666663,2.4648936710438822
bb_ipp_adaptive,wind,1594,132.75,2.4603554337912663
bb_ipp_adaptive,wind,1595,132.83333333333337,2.4853836196265147
bb_ipp_adaptive,wind,1596,132.91666666666663,2.4937422280207726
bb_ipp_adaptive,wind,1597,133.0,2.50629901124446
bb_ipp_adaptive,wind,1598,133.08333333333337,2.4977618111507582
bb_ipp_adaptive,wind,1599,133.16666666666663,2.4976292950016297
bb_ipp_adaptive,wind,1600,133.25,2.4849826642530943
bb_ipp_adaptive,wind,1601,133.33333333333337,2.525788876045075
bb_ipp_adaptive,wind,1602,133.41666666666663,2.5279385981536895
bb_ipp_adaptive,wind,1603,133.5,2.5284490005755873
bb_ipp_adaptive,wind,1604,133.58333333333337,2.537041485628686
bb_ipp_adaptive,wind,1605,133.66666666666663,2.533123157682308
bb_ipp_adaptive,wind,1606,133.75,2.527952180158647
bb_ipp_adaptive,wind,1607,133.83333333333337,2.4808627642567056
bb_ipp_adaptive,wind,1608,133.91666666666663,2.4794221990435634
bb_ipp_adaptive,wind,1609,134.0,2.4850313871431897
bb_ipp_adaptive,wind,1610,134.08333333333337,2.4707251954439546
bb_ipp_adaptive,wind,1611,134.16666666666663,2.5098608460559007
bb_ipp_adaptive,wind,1612,134.25,2.481088953304339
bb_ipp_adaptive,wind,1613,134.33333333333337,2.4282267897294845
bb_ipp_adaptive,wind,1614,134.41666666666663,2.456440978483605
bb_ipp_adaptive,wind,1615,134.5,2.4396024269410272
bb_ipp_adaptive,wind,1616,134.58333333333337,2.4942411512319502
bb_ipp_adaptive,wind,1617,134.66666666666663,2.5095516003660823
bb_ipp_adaptive,wind,1618,134.75,2.534979758698361
bb_ipp_adaptive,wind,1619,134.83333333333337,2.531638366328038
bb_ipp_adaptive,wind,1620,134.91666666666663,2.5058347495145954
bb_ipp_adaptive,wind,1621,135.0,2.5078399209840585
bb_ipp_adaptive,wind,1622,135.08333333333337,2.5168910367381208
bb_ipp_adaptive,wind,1623,135.16666666666663,2.5384317587997915
bb_ipp_adaptive,wind,1624,135.25,2.5742015503791458
bb_ipp_adaptive,wind,1625,135.33333333333337,2.564360008716026
bb_ipp_adaptive,wind,1626,135.41666666666663,2.522227101789995
bb_ipp_adaptive,wind,1627,135.5,2.529320219307377
bb_ipp_adaptive,wind,1628,135.58333333333337,2.538852664124164
bb_ipp_adaptive,wind,1629,135.66666666666663,2.5226637725614194
bb_ipp_adaptive,wind,1630,135.75,2.516407124223245
bb_ipp_adaptive,wind,1631,135.83333333333337,2.572021216431524
bb_ipp_adaptive,wind,1632,135.91666666666663,2.5795196662484257
bb_ipp_adaptive,wind,1633,136.0,2.5565561157461407
bb_ipp_adaptive,wind,1634,136.08333333333337,2.542579384157877
bb_ipp_adaptive,wind,1635,136.16666666666663,2.558238206884683
bb_ipp_adaptive,wind,1636,136.25,2.56067019395566
bb_ipp_adaptive,wind,1637,136.33333333333337,2.564353365382517
bb_ipp_adaptive,wind,1638,136.41666666666663,2.551203184982601
bb_ipp_adaptive,wind,1639,136.5,2.562078230675941
bb_ipp_adaptive,wind,1640,136.58333333333337,2.58020430861702
bb_ipp_adaptive,wind,1641,136.66666666666663,2.5704553262614693
bb_ipp_adaptive,wind,1642,136.75,2.5609512488534523
bb_ipp_adaptive,wind,1643,136.83333333333337,2.5748660685117466
bb_ipp_adaptive,wind,1644,136.91666666666663,2.5499649770048682
bb_ipp_adaptive,wind,1645,137.0,2.526332016097186
bb_ipp_adaptive,wind,1646,137.08333333333337,2.537438565722972
bb_ipp_adaptive,wind,1647,137.16666666666663,2.5295145490768425
bb_ipp_adaptive,wind,1648,137.25,2.5504451972940325
bb_ipp_adaptive,wind,1649,137.33333333333337,2.52488083829498
bb_ipp_adaptive,wind,1650,137.41666666666663,2.514387497703478
bb_ipp_adaptive,wind,1651,137.5,2.4986471416423592
bb_ipp_adaptive,wind,1652,137.58333333333337,2.5103312488663274
bb_ipp_adaptive,wind,1653,137.66666666666663,2.499898711531904
bb_ipp_adaptive,wind,1654,137.75,2.522102434770101
bb_ipp_adaptive,wind,1655,137.83333333333337,2.5100246002898974
bb_ipp_adaptive,wind,1656,137.91666666666663,2.512204197771712
bb_ipp_adaptive,wind,1657,138.0,2.502934982555776
bb_ipp_adaptive,wind,1658,138.08333333333337,2.513888078284137
bb_ipp_adaptive,wind,1659,138.16666666666663,2.532446580899266
bb_ipp_adaptive,wind,1660,138.25,2.5319132548800654
bb_ipp_adaptive,wind,1661,138.33333333333337,2.546024098017846
bb_ipp_adaptive,wind,1662,138.41666666666663,2.516817660611797
bb_ipp_adaptive,wind,1663,138.5,2.500605015824375
bb_ipp_adaptive,wind,1664,138.58333333333337,2.473340866448713
bb_ipp_adaptive,wind,1665,138.66666666666663,2.48145764856148
bb_ipp_adaptive,wind,1666,138.75,2.4667555291501824
bb_ipp_adaptive,wind,1667,138.83333333333337,2.4681120090946593
bb_ipp_adaptive,wind,1668,138.91666666666663,2.482904279053202
bb_ipp_adaptive,wind,1669,139.0,2.496360661880442
bb_ipp_adaptive,wind,1670,139.08333333333337,2.5036104197575124
bb_ipp_adaptive,wind,1671,139.16666666666663,2.520455909520098
bb_ipp_adaptive,wind,1672,139.25,2.514092974738588
bb_ipp_adaptive,wind,1673,139.33333333333337,2.529937958963444
bb_ipp_adaptive,wind,1674,139.41666666666663,2.5369761309738594
bb_ipp_adaptive,wind,1675,139.5,2.5624416195243684
bb_ipp_adaptive,wind,1676,139.58333333333337,2.567442590059127
bb_ipp_adaptive,wind,1677,139.66666666666663,2.5788790772477013
bb_ipp_adaptive,wind,1678,139.75,2.548034711859034
bb_ipp_adaptive,wind,1679,139.83333333333337,2.566129086018388
bb_ipp_adaptive,wind,1680,139.91666666666663,2.55576610802003
bb_ipp_adaptive,wind,1681,140.0,2.5369171233768033
bb_ipp_adaptive,wind,1682,140.08333333333337,2.5785583522845075
bb_ipp_adaptive,wind,1683,140.16666666666663,2.5627893652137006
bb_ipp_adaptive,wind,1684,140.25,2.5487627669914366
bb_ipp_adaptive,wind,1685,140.33333333333337,2.5763001838919224
bb_ipp_adaptive,wind,1686,140.41666666666663,2.5741889505894444
bb_ipp_adaptive,wind,1687,140.5,2.5573035976907903
bb_ipp_adaptive,wind,1688,140.58333333333337,2.577554107763
bb_ipp_adaptive,wind,1689,140.66666666666663,2.572207551389233
bb_ipp_adaptive,wind,1690,140.75,2.5597321449634105
bb_ipp_adaptive,wind,1691,140.83333333333337,2.5385735065753545
bb_ipp_adaptive,wind,1692,140.91666666666663,2.54747616067506
bb_ipp_adaptive,wind,1693,141.0,2.5512081535792626
bb_ipp_adaptive,wind,1694,141.08333333333337,2.5305844358786636
bb_ipp_adaptive,wind,1695,141.16666666666663,2.512103738326483
bb_ipp_adaptive,wind,1696,141.25,2.5280683064682647
bb_ipp_adaptive,wind,1697,141.33333333333337,2.5483515433940385
bb_ipp_adaptive,wind,1698,141.41666666666663,2.513756953770607
bb_ipp_adaptive,wind,1699,141.5,2.5081357651752154
bb_ipp_adaptive,wind,1700,141.58333333333337,2.508629792678634
bb_ipp_adaptive,wind,1701,141.66666666666663,2.533661515910316
bb_ipp_adaptive,wind,1702,141.75,2.5776559619879555
bb_ipp_adaptive,wind,1703,141.83333333333337,2.566170922166951
bb_ipp_adaptive,wind,1704,141.91666666666663,2.57874856839067
bb_ipp_adaptive,wind,1705,142.0,2.5862331626979786
bb_ipp_adaptive,wind,1706,142.08333333333337,2.6052635284002794
bb_ipp_adaptive,wind,1707,142.16666666666663,2.5996370687404604
bb_ipp_adaptive,wind,1708,142.25,2.5807013232727285
bb_ipp_adaptive,wind,1709,142.33333333333337,2.5698388899259723
bb_ipp_adaptive,wind,1710,142.41666666666663,2.5380878098046034
bb_ipp_adaptive,wind,1711,142.5,2.5646309578001487
bb_ipp_adaptive,wind,1712,142.58333333333337,2.5462101881399657
bb_ipp_adaptive,wind,1713,142.66666666666663,2.547520065375188
bb_ipp_adaptive,wind,1714,142.75,2.5575267741160777
bb_ipp_adaptive,wind,1715,142.83333333333337,2.557015525412525
bb_ipp_adaptive,wind,1716,142.91666666666663,2.5530996719886367
bb_ipp_adaptive,wind,1717,143.0,2.5610525206858417
bb_ipp_adaptive,wind,1718,143.08333333333337,2.5481671035996
bb_ipp_adaptive,wind,1719,143.16666666666663,2.577459563802852
bb_ipp_adaptive,wind,1720,143.25,2.589130263949391
bb_ipp_adaptive,wind,1721,143.33333333333337,2.5731102678564755
bb_ipp_adaptive,wind,1722,143.41666666666663,2.5774791067126346
bb_ipp_adaptive,wind,1723,143.5,2.5353098363826048
bb_ipp_adaptive,wind,1724,143.58333333333337,2.5586202344575733
bb_ipp_adaptive,wind,1725,143.66666666666663,2.5851212334649003
bb_ipp_adaptive,wind,1726,143.75,2.5750552324069664
bb_ipp_adaptive,wind,1727,143.83333333333337,2.5509012550763583
bb_ipp_adaptive,wind,1728,143.91666666666663,2.5484868538317547
bb_ipp_adaptive,wind,1729,144.0,2.5474018766672133
bb_ipp_adaptive,wind,1730,144.08333333333337,2.5766676994815065
bb_ipp_adaptive,wind,1731,144.16666666666663,2.568300335419631
bb_ipp_adaptive,wind,1732,144.25,2.563741528502225
bb_ipp_adaptive,wind,1733,144.33333333333337,2.539589795659129
bb_ipp_adaptive,wind,1734,144.41666666666663,2.5383427967014804
bb_ipp_adaptive,wind,1735,144.5,2.559333693204119
bb_ipp_adaptive,wind,1736,144.58333333333337,2.572609587003625
bb_ipp_adaptive,wind,1737,144.66666666666663,2.5691807759862284
bb_ipp_adaptive,wind,1738,144.75,2.567505521338883
bb_ipp_adaptive,wind,1739,144.83333333333337,2.5539994438674722
bb_ipp_adaptive,wind,1740,144.91666666666663,2.5404488673301797
bb_ipp_adaptive,wind,1741,145.0,2.5477765130165144
bb_ipp_adaptive,wind,1742,145.08333333333337,2.559597055405866
bb_ipp_adaptive,wind,1743,145.16666666666663,2.569704960430197
bb_ipp_adaptive,wind,1744,145.25,2.5955478279693884
bb_ipp_adaptive,wind,1745,145.33333333333337,2.5938054513198803
bb_ipp_adaptive,wind,1746,145.41666666666663,2.6039711552235287
bb_ipp_adaptive,wind,1747,145.5,2.6173364681229394
bb_ipp_adaptive,wind,1748,145.58333333333337,2.5952605302542513
bb_ipp_adaptive,wind,1749,145.66666666666663,2.59724970679331
bb_ipp_adaptive,wind,1750,145.75,2.6026572010629003
bb_ipp_adaptive,wind,1751,145.83333333333337,2.6209320227313624
bb_ipp_adaptive,wind,1752,145.91666666666663,2.6014873855643468
bb_ipp_adaptive,wind,1753,146.0,2.5819603836466785
bb_ipp_adaptive,wind,1754,146.08333333333337,2.5571906945545444
bb_ipp_adaptive,wind,1755,146.16666666666663,2.5975365804944244
bb_ipp_adaptive,wind,1756,146.25,2.6001764808584324
bb_ipp_adaptive,wind,1757,146.33333333333337,2.5731903498651345
bb_ipp_adaptive,wind,1758,146.41666666666663,2.605498466184836
bb_ipp_adaptive,wind,1759,146.5,2.5919402123758415
bb_ipp_adaptive,wind,1760,146.58333333333337,2.583646702795282
bb_ipp_adaptive,wind,1761,146.66666666666663,2.5703940737031314
bb_ipp_adaptive,wind,1762,146.75,2.555990685991083
bb_ipp_adaptive,wind,1763,146.83333333333337,2.5564970175641477
bb_ipp_adaptive,wind,1764,146.91666666666663,2.5399070034468703
bb_ipp_adaptive,wind,1765,147.0,2.5071870309294138
bb_ipp_adaptive,wind,1766,147.08333333333337,2.5129696966796193
bb_ipp_adaptive,wind,1767,147.16666666666663,2.508963094062899
bb_ipp_adaptive,wind,1768,147.25,2.499235289545098
bb_ipp_adaptive,wind,1769,147.33333333333337,2.4814410772691735
bb_ipp_adaptive,wind,1770,147.41666666666663,2.4904108296099854
bb_ipp_adaptive,wind,1771,147.5,2.4427384169214017
bb_ipp_adaptive,wind,1772,147.58333333333337,2.444753193071605
bb_ipp_adaptive,wind,1773,147.66666666666663,2.4575155730831177
bb_ipp_adaptive,wind,1774,147.75,2.4292223578764505
bb_ipp_adaptive,wind,1775,147.83333333333337,2.444575472240668
bb_ipp_adaptive,wind,1776,147.91666666666663,2.4707788276795757
bb_ipp_adaptive,wind,1777,148.0,2.479886537655091
bb_ipp_adaptive,wind,1778,148.08333333333337,2.4577737819769028
bb_ipp_adaptive,wind,1779,148.16666666666663,2.466859456353888
bb_ipp_adaptive,wind,1780,148.25,2.463915698225006
bb_ipp_adaptive,wind,1781,148.33333333333337,2.4490920756350056
bb_ipp_adaptive,wind,1782,148.41666666666663,2.4584376720269376
bb_ipp_adaptive,wind,1783,148.5,2.482450634702039
bb_ipp_adaptive,wind,1784,148.58333333333337,2.457144710361396
bb_ipp_adaptive,wind,1785,148.66666666666663,2.4926348265949785
bb_ipp_adaptive,wind,1786,148.75,2.5451729177529203
bb_ipp_adaptive,wind,1787,148.83333333333337,2.571854496328112
bb_ipp_adaptive,wind,1788,148.91666666666663,2.5925320287690052
bb_ipp_adaptive,wind,1789,149.0,2.5830205305101774
bb_ipp_adaptive,wind,1790,149.08333333333337,2.585269881728446
bb_ipp_adaptive,wind,1791,149.16666666666663,2.5941605602622695
bb_ipp_adaptive,wind,1792,149.25,2.5852676398146412
bb_ipp_adaptive,wind,1793,149.33333333333337,2.566363714911426
bb_ipp_adaptive,wind,1794,149.41666666666663,2.5619275961307753
bb_ipp_adaptive,wind,1795,149.5,2.5395767652224004
bb_ipp_adaptive,wind,1796,149.58333333333337,2.556367934311302
bb_ipp_adaptive,wind,1797,149.66666666666663,2.5749180953799486
bb_ipp_adaptive,wind,1798,149.75,2.5855076261827414
bb_ipp_adaptive,wind,1799,149.83333333333337,2.58478596893088
bb_ipp_adaptive,wind,1800,149.91666666666663,2.582526490052617
bb_ipp_adaptive,wind,1801,150.0,2.566789670293826
bb_ipp_adaptive,wind,1802,150.08333333333337,2.5627358948218246
bb_ipp_adaptive,wind,1803,150.16666666666663,2.571159845060672
bb_ipp_adaptive,wind,1804,150.25,2.5741250086664436
bb_ipp_adaptive,wind,1805,150.33333333333337,2.5427604452550723
bb_ipp_adaptive,wind,1806,150.41666666666663,2.537380075488303
bb_ipp_adaptive,wind,1807,150.5,2.57283915553124
bb_ipp_adaptive,wind,1808,150.58333333333337,2.550695699336022
bb_ipp_adaptive,wind,1809,150.66666666666663,2.5393693292052886
bb_ipp_adaptive,wind,1810,150.75,2.544564750120687
bb_ipp_adaptive,wind,1811,150.83333333333337,2.5411857825226067
bb_ipp_adaptive,wind,1812,150.91666666666663,2.5725846565842203
bb_ipp_adaptive,wind,1813,151.0,2.5577338457878662
bb_ipp_adaptive,wind,1814,151.08333333333337,2.5313411996842357
bb_ipp_adaptive,wind,1815,151.16666666666663,2.5355800436844977
bb_ipp_adaptive,wind,1816,151.25,2.559251002282938
bb_ipp_adaptive,wind,1817,151.33333333333337,2.5187053538878277
bb_ipp_adaptive,wind,1818,151.41666666666663,2.5336986131818393
bb_ipp_adaptive,wind,1819,151.5,2.5034921014452833
bb_ipp_adaptive,wind,1820,151.58333333333337,2.507088028583195
bb_ipp_adaptive,wind,1821,151.66666666666663,2.5063603467700886
bb_ipp_adaptive,wind,1822,151.75,2.5519589224622248
bb_ipp_adaptive,wind,1823,151.83333333333337,2.5797263472185272
bb_ipp_adaptive,wind,1824,151.91666666666663,2.5769314980638707
bb_ipp_adaptive,wind,1825,152.0,2.5711821387235028
bb_ipp_adaptive,wind,1826,152.08333333333337,2.5768761332899732
bb_ipp_adaptive,wind,1827,152.16666666666663,2.5895483009515736
bb_ipp_adaptive,wind,1828,152.25,2.573953213885757
bb_ipp_adaptive,wind,1829,152.33333333333337,2.5910943916279456
bb_ipp_adaptive,wind,1830,152.41666666666663,2.5903228999891303
bb_ipp_adaptive,wind,1831,152.5,2.5743056171640624
bb_ipp_adaptive,wind,1832,152.58333333333337,2.57128364823555
bb_ipp_adaptive,wind,1833,152.66666666666663,2.5555467371341196
bb_ipp_adaptive,wind,1834,152.75,2.5521116231480487
bb_ipp_adaptive,wind,1835,152.83333333333337,2.5416876414407037
bb_ipp_adaptive,wind,1836,152.91666666666663,2.5371745482201873
bb_ipp_adaptive,wind,1837,153.0,2.4977816813491187
bb_ipp_adaptive,wind,1838,153.08333333333337,2.480580327760919
bb_ipp_adaptive,wind,1839,153.16666666666663,2.4922071568702244
bb_ipp_adaptive,wind,1840,153.25,2.504796873442303
bb_ipp_adaptive,wind,1841,153.33333333333337,2.4879226685914047
bb_ipp_adaptive,wind,1842,153.41666666666663,2.483659364704704
bb_ipp_adaptive,wind,1843,153.5,2.494193709322544
bb_ipp_adaptive,wind,1844,153.58333333333337,2.4887383584887743
bb_ipp_adaptive,wind,1845,153.66666666666663,2.518965097926209
bb_ipp_adaptive,wind,1846,153.75,2.522249360455526
bb_ipp_adaptive,wind,1847,153.83333333333337,2.5245965605252554
bb_ipp_adaptive,wind,1848,153.91666666666663,2.5414093618181313
bb_ipp_adaptive,wind,1849,154.0,2.529368429862345
bb_ipp_adaptive,wind,1850,154.08333333333337,2.525798660893747
bb_ipp_adaptive,wind,1851,154.16666666666663,2.5193510339136687
bb_ipp_adaptive,wind,1852,154.25,2.5080863859847846
bb_ipp_adaptive,wind,1853,154.33333333333337,2.5233516485251704
bb_ipp_adaptive,wind,1854,154.41666666666663,2.502893682670663
bb_ipp_adaptive,wind,1855,154.5,2.513588111995326
bb_ipp_adaptive,wind,1856,154.58333333333337,2.5169667456282196
bb_ipp_adaptive,wind,1857,154.66666666666663,2.502906630614099
bb_ipp_adaptive,wind,1858,154.75,2.4960649850655563
bb_ipp_adaptive,wind,1859,154.83333333333337,2.521049066946893
bb_ipp_adaptive,wind,1860,154.91666666666663,2.5012488800727346
bb_ipp_adaptive,wind,1861,155.0,2.5213106487868857
bb_ipp_adaptive,wind,1862,155.08333333333337,2.5202124007730893
bb_ipp_adaptive,wind,1863,155.16666666666663,2.5794317491546104
bb_ipp_adaptive,wind,1864,155.25,2.5555872146402883
bb_ipp_adaptive,wind,1865,155.33333333333337,2.5452705202959125
bb_ipp_adaptive,wind,1866,155.41666666666663,2.5966923561752036
bb_ipp_adaptive,wind,1867,155.5,2.5994256257003827
bb_ipp_adaptive,wind,1868,155.58333333333337,2.555055878941941
bb_ipp_adaptive,wind,1869,155.66666666666663,2.553616277215103
bb_ipp_adaptive,wind,1870,155.75,2.5728742930388044
bb_ipp_adaptive,wind,1871,155.83333333333337,2.5703207922933164
bb_ipp_adaptive,wind,1872,155.91666666666663,2.5375547514961356
bb_ipp_adaptive,wind,1873,156.0,2.5352998340474064
bb_ipp_adaptive,wind,1874,156.08333333333337,2.509950426228609
bb_ipp_adaptive,wind,1875,156.16666666666663,2.5168891060186205
bb_ipp_adaptive,wind,1876,156.25,2.5486145048427717
bb_ipp_adaptive,wind,1877,156.33333333333337,2.5524525946555374
bb_ipp_adaptive,wind,1878,156.41666666666663,2.515102781893685
bb_ipp_adaptive,wind,1879,156.5,2.494405697796958
bb_ipp_adaptive,wind,1880,156.58333333333337,2.4779897867065532
bb_ipp_adaptive,wind,1881,156.66666666666663,2.492046107260267
bb_ipp_adaptive,wind,1882,156.75,2.5206648303498325
bb_ipp_adaptive,wind,1883,156.83333333333337,2.5000458617706416
bb_ipp_adaptive,wind,1884,156.91666666666663,2.4974959428188788
bb_ipp_adaptive,wind,1885,157.0,2.4803134148799617
bb_ipp_adaptive,wind,1886,157.08333333333337,2.4817867119535446
bb_ipp_adaptive,wind,1887,157.16666666666663,2.5030548949927947
bb_ipp_adaptive,wind,1888,157.25,2.513015315500603
bb_ipp_adaptive,wind,1889,157.33333333333337,2.4930728745754505
bb_ipp_adaptive,wind,1890,157.41666666666663,2.4679983513867354
bb_ipp_adaptive,wind,1891,157.5,2.4902675201137363
bb_ipp_adaptive,wind,1892,157.58333333333337,2.494712886509261
bb_ipp_adaptive,wind,1893,157.66666666666663,2.4968246401400966
bb_ipp_adaptive,wind,1894,157.75,2.514439331768558
bb_ipp_adaptive,wind,1895,157.83333333333337,2.5370822830055526
bb_ipp_adaptive,wind,1896,157.91666666666663,2.520291444832812
bb_ipp_adaptive,wind,1897,158.0,2.5100558993434934
bb_ipp_adaptive,wind,1898,158.08333333333337,2.4995410411469927
bb_ipp_adaptive,wind,1899,158.16666666666663,2.5072033829178633
bb_ipp_adaptive,wind,1900,158.25,2.5100106657027674
bb_ipp_adaptive,wind,1901,158.33333333333337,2.5300748529010377
bb_ipp_adaptive,wind,1902,158.41666666666663,2.5342124755819753
bb_ipp_adaptive,wind,1903,158.5,2.53750117476409
bb_ipp_adaptive,wind,1904,158.58333333333337,2.5479253067471523
bb_ipp_adaptive,wind,1905,158.66666666666663,2.5194546676315794
bb_ipp_adaptive,wind,1906,158.75,2.497667950262163
bb_ipp_adaptive,wind,1907,158.83333333333337,2.5050291705002916
bb_ipp_adaptive,wind,1908,158.91666666666663,2.514841578873149
bb_ipp_adaptive,wind,1909,159.0,2.551279918232463
bb_ipp_adaptive,wind,1910,159.08333333333337,2.51907822120985
bb_ipp_adaptive,wind,1911,159.16666666666663,2.515557807823724
bb_ipp_adaptive,wind,1912,159.25,2.5310614238479183
bb_ipp_adaptive,wind,1913,159.33333333333337,2.5236250779845117
bb_ipp_adaptive,wind,1914,159.41666666666663,2.524501716879477
bb_ipp_adaptive,wind,1915,159.5,2.511933856492833
bb_ipp_adaptive,wind,1916,159.58333333333337,2.503917317772211
bb_ipp_adaptive,wind,1917,159.66666666666663,2.521805967091105
bb_ipp_adaptive,wind,1918,159.75,2.562067163394902
bb_ipp_adaptive,wind,1919,159.83333333333337,2.5365407644652844
bb_ipp_adaptive,wind,1920,159.91666666666663,2.5415462998736453
bb_ipp_adaptive,wind,1921,160.0,2.522614492472147
bb_ipp_adaptive,wind,1922,160.08333333333337,2.536665446949671
bb_ipp_adaptive,wind,1923,160.16666666666663,2.5456842373983606
bb_ipp_adaptive,wind,1924,160.25,2.5319449754216037
bb_ipp_adaptive,wind,1925,160.33333333333337,2.5460651585671523
bb_ipp_adaptive,wind,1926,160.41666666666663,2.5511397877699533
bb_ipp_adaptive,wind,1927,160.5,2.5607280291682892
bb_ipp_adaptive,wind,1928,160.58333333333337,2.580561424210022
bb_ipp_adaptive,wind,1929,160.66666666666663,2.5900821856019975
bb_ipp_adaptive,wind,1930,160.75,2.584811355492946
bb_ipp_adaptive,wind,1931,160.83333333333337,2.5670751613854077
bb_ipp_adaptive,wind,1932,160.91666666666663,2.5906683898667726
bb_ipp_adaptive,wind,1933,161.0,2.560343601070276
bb_ipp_adaptive,wind,1934,161.08333333333337,2.5594555094149265
bb_ipp_adaptive,wind,1935,161.16666666666663,2.523498705744921
bb_ipp_adaptive,wind,1936,161.25,2.5174536617812637
bb_ipp_adaptive,wind,1937,161.33333333333337,2.515443002825927
bb_ipp_adaptive,wind,1938,161.41666666666663,2.4982267944181165
bb_ipp_adaptive,wind,1939,161.5,2.5183867874400794
bb_ipp_adaptive,wind,1940,161.58333333333337,2.4965062053890557
bb_ipp_adaptive,wind,1941,161.66666666666663,2.5057828490324234
bb_ipp_adaptive,wind,1942,161.75,2.516550220626611
bb_ipp_adaptive,wind,1943,161.83333333333337,2.51623691512255
bb_ipp_adaptive,wind,1944,161.91666666666663,2.5337449808348733
bb_ipp_adaptive,wind,1945,162.0,2.526104895183172
bb_ipp_adaptive,wind,1946,162.08333333333337,2.51842791219377
bb_ipp_adaptive,wind,1947,162.16666666666663,2.52869534391213
bb_ipp_adaptive,wind,1948,162.25,2.5184894685810284
bb_ipp_adaptive,wind,1949,162.33333333333337,2.5234245848098364
bb_ipp_adaptive,wind,1950,162.41666666666663,2.526274339868516
bb_ipp_adaptive,wind,1951,162.5,2.533518126859451
bb_ipp_adaptive,wind,1952,162.58333333333337,2.5231829995343813
bb_ipp_adaptive,wind,1953,162.66666666666663,2.5205854027221086
bb_ipp_adaptive,wind,1954,162.75,2.5156539913071296
bb_ipp_adaptive,wind,1955,162.83333333333337,2.52829742349669
bb_ipp_adaptive,wind,1956,162.91666666666663,2.5367162251457116
bb_ipp_adaptive,wind,1957,163.0,2.5405396211600064
bb_ipp_adaptive,wind,1958,163.08333333333337,2.533529480249077
bb_ipp_adaptive,wind,1959,163.16666666666663,2.5148486557889593
bb_ipp_adaptive,wind,1960,163.25,2.5072955637393277
bb_ipp_adaptive,wind,1961,163.33333333333337,2.5100917246170638
bb_ipp_adaptive,wind,1962,163.41666666666663,2.505055443700463
bb_ipp_adaptive,wind,1963,163.5,2.5026177881782194
bb_ipp_adaptive,wind,1964,163.58333333333337,2.5465474978280165
bb_ipp_adaptive,wind,1965,163.66666666666663,2.5276063234727255
bb_ipp_adaptive,wind,1966,163.75,2.508911351819693
bb_ipp_adaptive,wind,1967,163.83333333333337,2.5028887359001333
bb_ipp_adaptive,wind,1968,163.91666666666663,2.5265824657155114
bb_ipp_adaptive,wind,1969,164.0,2.550524806605189
bb_ipp_adaptive,wind,1970,164.08333333333337,2.563555642977118
bb_ipp_adaptive,wind,1971,164.16666666666663,2.5643614411260205
bb_ipp_adaptive,wind,1972,164.25,2.548586156828058
bb_ipp_adaptive,wind,1973,164.33333333333337,2.5274786992607576
bb_ipp_adaptive,wind,1974,164.41666666666663,2.5397556436251993
bb_ipp_adaptive,wind,1975,164.5,2.5420738556333062
bb_ipp_adaptive,wind,1976,164.58333333333337,2.5639527700082434
bb_ipp_adaptive,wind,1977,164.66666666666663,2.5634734722118364
bb_ipp_adaptive,wind,1978,164.75,2.5883860249051196
bb_ipp_adaptive,wind,1979,164.83333333333337,2.577250773159808
bb_ipp_adaptive,wind,1980,164.91666666666663,2.572614373731372
bb_ipp_adaptive,wind,1981,165.0,2.580307129518501
bb_ipp_adaptive,wind,1982,165.08333333333337,2.602269146507667
bb_ipp_adaptive,wind,1983,165.16666666666663,2.592077451835538
bb_ipp_adaptive,wind,1984,165.25,2.588179278708824
bb_ipp_adaptive,wind,1985,165.33333333333337,2.5756788336063954
bb_ipp_adaptive,wind,1986,165.41666666666663,2.595482473453753
bb_ipp_adaptive,wind,1987,165.5,2.597308156052513
bb_ipp_adaptive,wind,1988,165.58333333333337,2.541526347881956
bb_ipp_adaptive,wind,1989,165.66666666666663,2.5585820900146703
bb_ipp_adaptive,wind,1990,165.75,2.5790942949725246
bb_ipp_adaptive,wind,1991,165.83333333333337,2.578493898037818
bb_ipp_adaptive,wind,1992,165.91666666666663,2.563422335443351
bb_ipp_adaptive,wind,1993,166.0,2.583900422952809
bb_ipp_adaptive,wind,1994,166.08333333333337,2.564395637204312
bb_ipp_adaptive,wind,1995,166.16666666666663,2.559171459414258
bb_ipp_adaptive,wind,1996,166.25,2.542921784308786
bb_ipp_adaptive,wind,1997,166.33333333333337,2.5515910709496925
bb_ipp_adaptive,wind,1998,166.41666666666663,2.5565270440643935
bb_ipp_adaptive,wind,1999,166.5,2.5749857244322967
bb_ipp_adaptive,wind,2000,166.58333333333337,2.565289552122638
bb_ipp_adaptive,wind,2001,166.66666666666663,2.5777921069743215
bb_ipp_adaptive,wind,2002,166.75,2.5915803648029976
bb_ipp_adaptive,wind,2003,166.83333333333337,2.572983271742479
bb_ipp_adaptive,wind,2004,166.91666666666663,2.5937640732115446
bb_ipp_adaptive,wind,2005,167.0,2.5976976936625427
bb_ipp_adaptive,wind,2006,167.08333333333337,2.6072346336290457
bb_ipp_adaptive,wind,2007,167.16666666666663,2.5839198141026145
bb_ipp_adaptive,wind,2008,167.25,2.568637794893221
bb_ipp_adaptive,wind,2009,167.33333333333337,2.533973550100893
bb_ipp_adaptive,wind,2010,167.41666666666663,2.525456911364023
bb_ipp_adaptive,wind,2011,167.5,2.5161328639737888
bb_ipp_adaptive,wind,2012,167.58333333333337,2.5357141554883147
bb_ipp_adaptive,wind,2013,167.66666666666663,2.521374591282488
bb_ipp_adaptive,wind,2014,167.75,2.536170057982411
bb_ipp_adaptive,wind,2015,167.83333333333337,2.576115519031848
bb_ipp_adaptive,wind,2016,167.91666666666663,2.5588442774842015
bb_ipp_adaptive,wind,2017,168.0,2.5796658419896095
bb_ipp_adaptive,wind,2018,168.08333333333337,2.5668794706989093
bb_ipp_adaptive,wind,2019,168.16666666666663,2.5475036150000157
bb_ipp_adaptive,wind,2020,168.25,2.539919561153166
bb_ipp_adaptive,wind,2021,168.33333333333337,2.5233127669504483
bb_ipp_adaptive,wind,2022,168.41666666666663,2.5243891664447036
bb_ipp_adaptive,wind,2023,168.5,2.522550360945884
bb_ipp_adaptive,wind,2024,168.58333333333337,2.5504403452435684
bb_ipp_adaptive,wind,2025,168.66666666666663,2.530270994355157
bb_ipp_adaptive,wind,2026,168.75,2.5453852172919267
bb_ipp_adaptive,wind,2027,168.83333333333337,2.548007438586622
bb_ipp_adaptive,wind,2028,168.91666666666663,2.5344996005672575
bb_ipp_adaptive,wind,2029,169.0,2.5609880368555187
bb_ipp_adaptive,wind,2030,169.08333333333337,2.5587701384238004
bb_ipp_adaptive,wind,2031,169.16666666666663,2.521113549115857
bb_ipp_adaptive,wind,2032,169.25,2.5211231767421904
bb_ipp_adaptive,wind,2033,169.33333333333337,2.5335436937574385
bb_ipp_adaptive,wind,2034,169.41666666666663,2.524328892577638
bb_ipp_adaptive,wind,2035,169.5,2.5564757870477925
bb_ipp_adaptive,wind,2036,169.58333333333337,2.5610778154070863
bb_ipp_adaptive,wind,2037,169.66666666666663,2.5740927179391906
bb_ipp_adaptive,wind,2038,169.75,2.539982924201141
bb_ipp_adaptive,wind,2039,169.83333333333337,2.5692150846021793
bb_ipp_adaptive,wind,2040,169.91666666666663,2.594260154749898
bb_ipp_adaptive,wind,2041,170.0,2.5772362485788185
bb_ipp_adaptive,wind,2042,170.08333333333337,2.588980069427908
bb_ipp_adaptive,wind,2043,170.16666666666663,2.5884715916156247
bb_ipp_adaptive,wind,2044,170.25,2.617042190931961
bb_ipp_adaptive,wind,2045,170.33333333333337,2.600474616205756
bb_ipp_adaptive,wind,2046,170.41666666666663,2.6087758946922825
bb_ipp_adaptive,wind,2047,170.5,2.5686900121349012
bb_ipp_adaptive,wind,2048,170.58333333333337,2.6076140868875393
bb_ipp_adaptive,wind,2049,170.66666666666663,2.5986000504830478
bb_ipp_adaptive,wind,2050,170.75,2.599992430993414
bb_ipp_adaptive,wind,2051,170.83333333333337,2.5922791105678105
bb_ipp_adaptive,wind,2052,170.91666666666663,2.609293967789659
bb_ipp_adaptive,wind,2053,171.0,2.60508447649504
bb_ipp_adaptive,wind,2054,171.08333333333337,2.605269171393268
bb_ipp_adaptive,wind,2055,171.16666666666663,2.5874244984844226
bb_ipp_adaptive,wind,2056,171.25,2.5645322833140227
bb_ipp_adaptive,wind,2057,171.33333333333337,2.56336580480368
bb_ipp_adaptive,wind,2058,171.41666666666663,2.599210783589093
bb_ipp_adaptive,wind,2059,171.5,2.5748367494972118
bb_ipp_adaptive,wind,2060,171.58333333333337,2.5965896139368088
bb_ipp_adaptive,wind,2061,171.66666666666663,2.564511603318909
bb_ipp_adaptive,wind,2062,171.75,2.579652461691972
bb_ipp_adaptive,wind,2063,171.83333333333337,2.5645294970963577
bb_ipp_adaptive,wind,2064,171.91666666666663,2.5920594697564177
bb_ipp_adaptive,wind,2065,172.0,2.5868871654630694
bb_ipp_adaptive,wind,2066,172.08333333333337,2.601494867983589
bb_ipp_adaptive,wind,2067,172.16666666666663,2.6139426621143187
bb_ipp_adaptive,wind,2068,172.25,2.614595191090145
bb_ipp_adaptive,wind,2069,172.33333333333337,2.640995432359493
bb_ipp_adaptive,wind,2070,172.41666666666663,2.6366170251478818
bb_ipp_adaptive,wind,2071,172.5,2.599195504658585
bb_ipp_adaptive,wind,2072,172.58333333333337,2.621984263280937
bb_ipp_adaptive,wind,2073,172.66666666666663,2.5737438126150556
bb_ipp_adaptive,wind,2074,172.75,2.600135782452888
bb_ipp_adaptive,wind,2075,172.83333333333337,2.636748929712454
bb_ipp_adaptive,wind,2076,172.91666666666663,2.6137557031026226
bb_ipp_adaptive,wind,2077,173.0,2.583447746785188
bb_ipp_adaptive,wind,2078,173.08333333333337,2.5843034787094386
bb_ipp_adaptive,wind,2079,173.16666666666663,2.5785858721472694
bb_ipp_adaptive,wind,2080,173.25,2.614711727653697
bb_ipp_adaptive,wind,2081,173.33333333333337,2.5987713047915273
bb_ipp_adaptive,wind,2082,173.41666666666663,2.5784574392900783
bb_ipp_adaptive,wind,2083,173.5,2.5611100051601983
bb_ipp_adaptive,wind,2084,173.58333333333337,2.5764028776428836
bb_ipp_adaptive,wind,2085,173.66666666666663,2.576158747810051
bb_ipp_adaptive,wind,2086,173.75,2.5419733931174
bb_ipp_adaptive,wind,2087,173.83333333333337,2.57355786182802
bb_ipp_adaptive,wind,2088,173.91666666666663,2.575021449357245
bb_ipp_adaptive,wind,2089,174.0,2.5899918807965814
bb_ipp_adaptive,wind,2090,174.08333333333337,2.596584352907282
bb_ipp_adaptive,wind,2091,174.16666666666663,2.5693812479436287
bb_ipp_adaptive,wind,2092,174.25,2.561579676506404
bb_ipp_adaptive,wind,2093,174.33333333333337,2.5476011672845953
bb_ipp_adaptive,wind,2094,174.41666666666663,2.572246221777371
bb_ipp_adaptive,wind,2095,174.5,2.5793565916466887
bb_ipp_adaptive,wind,2096,174.58333333333337,2.567181894529046
bb_ipp_adaptive,wind,2097,174.66666666666663,2.5868713377710453
bb_ipp_adaptive,wind,2098,174.75,2.5986148730657668
bb_ipp_adaptive,wind,2099,174.83333333333337,2.5882321884736266
bb_ipp_adaptive,wind,2100,174.91666666666663,2.5965992910377995
bb_ipp_adaptive,wind,2101,175.0,2.6110198033959553
bb_ipp_adaptive,wind,2102,175.08333333333337,2.6026178076965465
bb_ipp_adaptive,wind,2103,175.16666666666663,2.6007745432078333
bb_ipp_adaptive,wind,2104,175.25,2.6305334473785402
bb_ipp_adaptive,wind,2105,175.33333333333337,2.6126944590126695
bb_ipp_adaptive,wind,2106,175.41666666666663,2.607784556113653
bb_ipp_adaptive,wind,2107,175.5,2.6036670491806104
bb_ipp_adaptive,wind,2108,175.58333333333337,2.597039680722541
bb_ipp_adaptive,wind,2109,175.66666666666663,2.5611446944935348
bb_ipp_adaptive,wind,2110,175.75,2.5672800368429782
bb_ipp_adaptive,wind,2111,175.83333333333337,2.585620037880021
bb_ipp_adaptive,wind,2112,175.91666666666663,2.5693557188169085
bb_ipp_adaptive,wind,2113,176.0,2.560241055895276
bb_ipp_adaptive,wind,2114,176.08333333333337,2.590659274866819
bb_ipp_adaptive,wind,2115,176.16666666666663,2.588307717504142
bb_ipp_adaptive,wind,2116,176.25,2.6239974557663057
bb_ipp_adaptive,wind,2117,176.33333333333337,2.6122287862300166
bb_ipp_adaptive,wind,2118,176.41666666666663,2.582969025929573
bb_ipp_adaptive,wind,2119,176.5,2.566392530679809
bb_ipp_adaptive,wind,2120,176.58333333333337,2.5406310179715548
bb_ipp_adaptive,wind,2121,176.66666666666663,2.5899314710867785
bb_ipp_adaptive,wind,2122,176.75,2.5805173936019994
bb_ipp_adaptive,wind,2123,176.83333333333337,2.601634304288571
bb_ipp_adaptive,wind,2124,176.91666666666663,2.5888909797348556
bb_ipp_adaptive,wind,2125,177.0,2.5741072594471026
bb_ipp_adaptive,wind,2126,177.08333333333337,2.5780283158199295
bb_ipp_adaptive,wind,2127,177.16666666666663,2.556888486931432
bb_ipp_adaptive,wind,2128,177.25,2.582888011840012
bb_ipp_adaptive,wind,2129,177.33333333333337,2.5614908475985594
bb_ipp_adaptive,wind,2130,177.41666666666663,2.5334604926181723
bb_ipp_adaptive,wind,2131,177.5,2.523433506970503
bb_ipp_adaptive,wind,2132,177.58333333333337,2.5143636752792875
bb_ipp_adaptive,wind,2133,177.66666666666663,2.4955318009943546
bb_ipp_adaptive,wind,2134,177.75,2.5057085145474494
bb_ipp_adaptive,wind,2135,177.83333333333337,2.506153594780503
bb_ipp_adaptive,wind,2136,177.91666666666663,2.514646646285049
bb_ipp_adaptive,wind,2137,178.0,2.5345449651530974
bb_ipp_adaptive,wind,2138,178.08333333333337,2.539473649493779
bb_ipp_adaptive,wind,2139,178.16666666666663,2.5313879562551227
bb_ipp_adaptive,wind,2140,178.25,2.512417581193824
bb_ipp_adaptive,wind,2141,178.33333333333337,2.497543933566543
bb_ipp_adaptive,wind,2142,178.41666666666663,2.498303476672056
bb_ipp_adaptive,wind,2143,178.5,2.5013236448104323
bb_ipp_adaptive,wind,2144,178.58333333333337,2.5178850845651377
bb_ipp_adaptive,wind,2145,178.66666666666663,2.5331061663840684
bb_ipp_adaptive,wind,2146,178.75,2.5596275765071366
bb_ipp_adaptive,wind,2147,178.83333333333337,2.573388038181329
bb_ipp_adaptive,wind,2148,178.91666666666663,2.5653564553949324
bb_ipp_adaptive,wind,2149,179.0,2.5776651137531528
bb_ipp_adaptive,wind,2150,179.08333333333337,2.581909074586195
bb_ipp_adaptive,wind,2151,179.16666666666663,2.5970755675932033
bb_ipp_adaptive,wind,2152,179.25,2.60607498648765
bb_ipp_adaptive,wind,2153,179.33333333333337,2.5904517592059597
bb_ipp_adaptive,wind,2154,179.41666666666663,2.595882382339061
bb_ipp_adaptive,wind,2155,179.5,2.6350796137295096
bb_ipp_adaptive,wind,2156,179.58333333333337,2.670288777562076
bb_ipp_adaptive,wind,2157,179.66666666666663,2.649363567350034
bb_ipp_adaptive,wind,2158,179.75,2.621019944147529
bb_ipp_adaptive,wind,2159,179.83333333333337,2.5866342832357474
bb_ipp_adaptive,wind,2160,179.91666666666663,2.6145508696336512
bb_ipp_adaptive,wind,2161,180.0,2.61613082669747
bb_ipp_adaptive,wind,2162,180.08333333333337,2.598900258166372
bb_ipp_adaptive,wind,2163,180.16666666666663,2.579479837344436
bb_ipp_adaptive,wind,2164,180.25,2.5783392561775207
bb_ipp_adaptive,wind,2165,180.33333333333337,2.592729719069084
bb_ipp_adaptive,wind,2166,180.41666666666663,2.5920312181944194
bb_ipp_adaptive,wind,2167,180.5,2.5849418830283026
bb_ipp_adaptive,wind,2168,180.58333333333337,2.594348599569384
bb_ipp_adaptive,wind,2169,180.66666666666663,2.6194385438426027
bb_ipp_adaptive,wind,2170,180.75,2.6495067233701053
bb_ipp_adaptive,wind,2171,180.83333333333337,2.6273866178165064
bb_ipp_adaptive,wind,2172,180.91666666666663,2.593261069658771
bb_ipp_adaptive,wind,2173,181.0,2.584536933219165
bb_ipp_adaptive,wind,2174,181.08333333333337,2.596186446980817
bb_ipp_adaptive,wind,2175,181.16666666666663,2.6080103757601396
bb_ipp_adaptive,wind,2176,181.25,2.6067431663593523
bb_ipp_adaptive,wind,2177,181.33333333333337,2.6130643748135998
bb_ipp_adaptive,wind,2178,181.41666666666663,2.6157768633591654
bb_ipp_adaptive,wind,2179,181.5,2.5902151736087724
bb_ipp_adaptive,wind,2180,181.58333333333337,2.610612628793967
bb_ipp_adaptive,wind,2181,181.66666666666663,2.6015581697797634
bb_ipp_adaptive,wind,2182,181.75,2.6242654981450286
bb_ipp_adaptive,wind,2183,181.83333333333337,2.597686553003039
bb_ipp_adaptive,wind,2184,181.91666666666663,2.597402492440569
bb_ipp_adaptive,wind,2185,182.0,2.601505779160503
bb_ipp_adaptive,wind,2186,182.08333333333337,2.6029792406509187
bb_ipp_adaptive,wind,2187,182.16666666666663,2.597189680476225
bb_ipp_adaptive,wind,2188,182.25,2.5680954488787395
bb_ipp_adaptive,wind,2189,182.33333333333337,2.595705766194586
bb_ipp_adaptive,wind,2190,182.41666666666663,2.5875260818672254
bb_ipp_adaptive,wind,2191,182.5,2.569640049855143
bb_ipp_adaptive,wind,2192,182.58333333333337,2.5929362085144154
bb_ipp_adaptive,wind,2193,182.66666666666663,2.600520460878147
bb_ipp_adaptive,wind,2194,182.75,2.5761647568929624
bb_ipp_adaptive,wind,2195,182.83333333333337,2.5823342520043155
bb_ipp_adaptive,wind,2196,182.91666666666663,2.5882726403452843
bb_ipp_adaptive,wind,2197,183.0,2.598503901171897
bb_ipp_adaptive,wind,2198,183.08333333333337,2.6040531005193555
bb_ipp_adaptive,wind,2199,183.16666666666663,2.5910901406055054
bb_ipp_adaptive,wind,2200,183.25,2.6092326962063535
bb_ipp_adaptive,wind,2201,183.33333333333337,2.585907396813427
bb_ipp_adaptive,wind,2202,183.41666666666663,2.578251199339274
bb_ipp_adaptive,wind,2203,183.5,2.5958199800559445
bb_ipp_adaptive,wind,2204,183.58333333333337,2.6049729388881295
bb_ipp_adaptive,wind,2205,183.66666666666663,2.564166653130536
bb_ipp_adaptive,wind,2206,183.75,2.5676201078782723
bb_ipp_adaptive,wind,2207,183.83333333333337,2.5707268341242973
bb_ipp_adaptive,wind,2208,183.91666666666663,2.5832536610567627
bb_ipp_adaptive,wind,2209,184.0,2.5614905674107495
bb_ipp_adaptive,wind,2210,184.08333333333337,2.568478501967569
bb_ipp_adaptive,wind,2211,184.16666666666663,2.5840570067718165
bb_ipp_adaptive,wind,2212,184.25,2.573169650898896
bb_ipp_adaptive,wind,2213,184.33333333333337,2.575747969836965
bb_ipp_adaptive,wind,2214,184.41666666666663,2.574558032602747
bb_ipp_adaptive,wind,2215,184.5,2.56664602900729
bb_ipp_adaptive,wind,2216,184.58333333333337,2.609131309361261
bb_ipp_adaptive,wind,2217,184.66666666666663,2.5910746300426912
bb_ipp_adaptive,wind,2218,184.75,2.591228612799889
bb_ipp_adaptive,wind,2219,184.83333333333337,2.5817702428730214
bb_ipp_adaptive,wind,2220,184.91666666666663,2.6391661754623024
bb_ipp_adaptive,wind,2221,185.0,2.607974644411407
bb_ipp_adaptive,wind,2222,185.08333333333337,2.631931381040355
bb_ipp_adaptive,wind,2223,185.16666666666663,2.6210190145443417
bb_ipp_adaptive,wind,2224,185.25,2.6091772461007166
bb_ipp_adaptive,wind,2225,185.33333333333337,2.615360360025764
bb_ipp_adaptive,wind,2226,185.41666666666663,2.6418686394632585
bb_ipp_adaptive,wind,2227,185.5,2.6509161441885762
bb_ipp_adaptive,wind,2228,185.58333333333337,2.6517158072938694
bb_ipp_adaptive,wind,2229,185.66666666666663,2.6213601588679416
bb_ipp_adaptive,wind,2230,185.75,2.6176160485223203
bb_ipp_adaptive,wind,2231,185.83333333333337,2.5970235534322694
bb_ipp_adaptive,wind,2232,185.91666666666663,2.5965310907243118
bb_ipp_adaptive,wind,2233,186.0,2.5747954387307237
bb_ipp_adaptive,wind,2234,186.08333333333337,2.5527391298491584
bb_ipp_adaptive,wind,2235,186.16666666666663,2.5754430241981217
bb_ipp_adaptive,wind,2236,186.25,2.5449322979052673
bb_ipp_adaptive,wind,2237,186.33333333333337,2.5878164554614798
bb_ipp_adaptive,wind,2238,186.41666666666663,2.6031565885063204
bb_ipp_adaptive,wind,2239,186.5,2.5983006758668163
bb_ipp_adaptive,wind,2240,186.58333333333337,2.6075054585784496
bb_ipp_adaptive,wind,2241,186.66666666666663,2.602804636000813
bb_ipp_adaptive,wind,2242,186.75,2.640560471275682
bb_ipp_adaptive,wind,2243,186.83333333333337,2.627250803099169
bb_ipp_adaptive,wind,2244,186.91666666666663,2.5971266081364246
bb_ipp_adaptive,wind,2245,187.0,2.5661566534814337
bb_ipp_adaptive,wind,2246,187.08333333333337,2.545453560839074
bb_ipp_adaptive,wind,2247,187.16666666666663,2.5486013038684194
bb_ipp_adaptive,wind,2248,187.25,2.5473553980856796
bb_ipp_adaptive,wind,2249,187.33333333333337,2.582618134641713
bb_ipp_adaptive,wind,2250,187.41666666666663,2.598939787903556
bb_ipp_adaptive,wind,2251,187.5,2.607678687707623
bb_ipp_adaptive,wind,2252,187.58333333333337,2.5946205663303425
bb_ipp_adaptive,wind,2253,187.66666666666663,2.5787956290405014
bb_ipp_adaptive,wind,2254,187.75,2.558413445416915
bb_ipp_adaptive,wind,2255,187.83333333333337,2.5627129299289995
bb_ipp_adaptive,wind,2256,187.91666666666663,2.5715220647408668
bb_ipp_adaptive,wind,2257,188.0,2.5563675771534324
bb_ipp_adaptive,wind,2258,188.08333333333337,2.574832708345866
bb_ipp_adaptive,wind,2259,188.16666666666663,2.5650498545558813
bb_ipp_adaptive,wind,2260,188.25,2.554793967942557
bb_ipp_adaptive,wind,2261,188.33333333333337,2.5383976326917432
bb_ipp_adaptive,wind,2262,188.41666666666663,2.536821996614241
bb_ipp_adaptive,wind,2263,188.5,2.549619071333276
bb_ipp_adaptive,wind,2264,188.58333333333337,2.5647182388736667
bb_ipp_adaptive,wind,2265,188.66666666666663,2.5412022214194083
bb_ipp_adaptive,wind,2266,188.75,2.5636278140388975
bb_ipp_adaptive,wind,2267,188.83333333333337,2.594066397337943
bb_ipp_adaptive,wind,2268,188.91666666666663,2.5642838491169186
bb_ipp_adaptive,wind,2269,189.0,2.565074100272337
bb_ipp_adaptive,wind,2270,189.08333333333337,2.5655457471407703
bb_ipp_adaptive,wind,2271,189.16666666666663,2.560055383121736
bb_ipp_adaptive,wind,2272,189.25,2.5715955620958337
bb_ipp_adaptive,wind,2273,189.33333333333337,2.5878468842850313
bb_ipp_adaptive,wind,2274,189.41666666666663,2.568015720423436
bb_ipp_adaptive,wind,2275,189.5,2.6015592367740323
bb_ipp_adaptive,wind,2276,189.58333333333337,2.6009085516507793
bb_ipp_adaptive,wind,2277,189.66666666666663,2.618264353280064
bb_ipp_adaptive,wind,2278,189.75,2.5992298984749045
bb_ipp_adaptive,wind,2279,189.83333333333337,2.6154721360615767
bb_ipp_adaptive,wind,2280,189.91666666666663,2.5904806618824865
bb_ipp_adaptive,wind,2281,190.0,2.5815233353566476
bb_ipp_adaptive,wind,2282,190.08333333333337,2.5675370990602646
bb_ipp_adaptive,wind,2283,190.16666666666663,2.556330924336315
bb_ipp_adaptive,wind,2284,190.25,2.5360050715819833
bb_ipp_adaptive,wind,2285,190.33333333333337,2.547974396376905
bb_ipp_adaptive,wind,2286,190.41666666666663,2.5912484102937174
bb_ipp_adaptive,wind,2287,190.5,2.5951499916613767
bb_ipp_adaptive,wind,2288,190.58333333333337,2.557181839764007
bb_ipp_adaptive,wind,2289,190.66666666666663,2.5557909763081432
bb_ipp_adaptive,wind,2290,190.75,2.573233472472822
bb_ipp_adaptive,wind,2291,190.83333333333337,2.587940873997616
bb_ipp_adaptive,wind,2292,190.91666666666663,2.5742632897171247
bb_ipp_adaptive,wind,2293,191.0,2.5978511782803855
bb_ipp_adaptive,wind,2294,191.08333333333337,2.5678571147960843
bb_ipp_adaptive,wind,2295,191.16666666666663,2.5682108390066083
bb_ipp_adaptive,wind,2296,191.25,2.5756064454945076
bb_ipp_adaptive,wind,2297,191.33333333333337,2.542712124109967
bb_ipp_adaptive,wind,2298,191.41666666666663,2.5349930189882857
bb_ipp_adaptive,wind,2299,191.5,2.5436525492893423
bb_ipp_adaptive,wind,2300,191.58333333333337,2.554722143681755
bb_ipp_adaptive,wind,2301,191.66666666666663,2.5928464753431104
bb_ipp_adaptive,wind,2302,191.75,2.584060637493979
bb_ipp_adaptive,wind,2303,191.83333333333337,2.562508179926785
bb_ipp_adaptive,wind,2304,191.91666666666663,2.5352431552101717
bb_ipp_adaptive,wind,2305,192.0,2.540666830332897
bb_ipp_adaptive,wind,2306,192.08333333333337,2.5175111973567597
bb_ipp_adaptive,wind,2307,192.16666666666663,2.519564154252267
bb_ipp_adaptive,wind,2308,192.25,2.496038672592389
bb_ipp_adaptive,wind,2309,192.33333333333337,2.48528255864396
bb_ipp_adaptive,wind,2310,192.41666666666663,2.486864707912759
bb_ipp_adaptive,wind,2311,192.5,2.4800185771753336
bb_ipp_adaptive,wind,2312,192.58333333333337,2.5071489083790506
bb_ipp_adaptive,wind,2313,192.66666666666663,2.5042638401740933
bb_ipp_adaptive,wind,2314,192.75,2.5187772222693168
bb_ipp_adaptive,wind,2315,192.83333333333337,2.5284141749618594
bb_ipp_adaptive,wind,2316,192.91666666666663,2.51428049247283
bb_ipp_adaptive,wind,2317,193.0,2.509891979664681
bb_ipp_adaptive,wind,2318,193.08333333333337,2.502165243363682
bb_ipp_adaptive,wind,2319,193.16666666666663,2.4794824949457137
bb_ipp_adaptive,wind,2320,193.25,2.5050278464179496
bb_ipp_adaptive,wind,2321,193.33333333333337,2.5109569930290343
bb_ipp_adaptive,wind,2322,193.41666666666663,2.531696408931821
bb_ipp_adaptive,wind,2323,193.5,2.5372041116597637
bb_ipp_adaptive,wind,2324,193.58333333333337,2.5562764811203533
bb_ipp_adaptive,wind,2325,193.66666666666663,2.549600194706399
bb_ipp_adaptive,wind,2326,193.75,2.577200098892226
bb_ipp_adaptive,wind,2327,193.83333333333337,2.555734879076119
bb_ipp_adaptive,wind,2328,193.91666666666663,2.5405764580952397
bb_ipp_adaptive,wind,2329,194.0,2.5553716571192178
bb_ipp_adaptive,wind,2330,194.08333333333337,2.5552099521106055
bb_ipp_adaptive,wind,2331,194.16666666666663,2.5673580467029486
bb_ipp_adaptive,wind,2332,194.25,2.5666849713070987
bb_ipp_adaptive,wind,2333,194.33333333333337,2.5853582466007197
bb_ipp_adaptive,wind,2334,194.41666666666663,2.5488399036235987
bb_ipp_adaptive,wind,2335,194.5,2.5459070187477932
bb_ipp_adaptive,wind,2336,194.58333333333337,2.569118438755267
bb_ipp_adaptive,wind,2337,194.66666666666663,2.5661572782802553
bb_ipp_adaptive,wind,2338,194.75,2.5594670175698555
bb_ipp_adaptive,wind,2339,194.83333333333337,2.544600111110188
bb_ipp_adaptive,wind,2340,194.91666666666663,2.5835857948689998
bb_ipp_adaptive,wind,2341,195.0,2.5751337962104377
bb_ipp_adaptive,wind,2342,195.08333333333337,2.551265993646794
bb_ipp_adaptive,wind,2343,195.16666666666663,2.5754254044494918
bb_ipp_adaptive,wind,2344,195.25,2.589023384979508
bb_ipp_adaptive,wind,2345,195.33333333333337,2.5913874878959935
bb_ipp_adaptive,wind,2346,195.41666666666663,2.545008667132583
bb_ipp_adaptive,wind,2347,195.5,2.571621256548015
bb_ipp_adaptive,wind,2348,195.58333333333337,2.555325957923744
bb_ipp_adaptive,wind,2349,195.66666666666663,2.5821820605547696
bb_ipp_adaptive,wind,2350,195.75,2.578686608162392
bb_ipp_adaptive,wind,2351,195.83333333333337,2.580745759767266
bb_ipp_adaptive,wind,2352,195.91666666666663,2.5591970378511117
bb_ipp_adaptive,wind,2353,196.0,2.5767683423590335
bb_ipp_adaptive,wind,2354,196.08333333333337,2.605223666973794
bb_ipp_adaptive,wind,2355,196.16666666666663,2.604534497869197
bb_ipp_adaptive,wind,2356,196.25,2.571058596836158
bb_ipp_adaptive,wind,2357,196.33333333333337,2.555301371316784
bb_ipp_adaptive,wind,2358,196.41666666666663,2.5608666122469237
bb_ipp_adaptive,wind,2359,196.5,2.555016131845065
bb_ipp_adaptive,wind,2360,196.58333333333337,2.553540615391325
bb_ipp_adaptive,wind,2361,196.66666666666663,2.544251053079885
bb_ipp_adaptive,wind,2362,196.75,2.578211155453407
bb_ipp_adaptive,wind,2363,196.83333333333337,2.545919685823223
bb_ipp_adaptive,wind,2364,196.91666666666663,2.5466283876108258
bb_ipp_adaptive,wind,2365,197.0,2.569533204975924
bb_ipp_adaptive,wind,2366,197.08333333333337,2.56509152230647
bb_ipp_adaptive,wind,2367,197.16666666666663,2.5620415058308104
bb_ipp_adaptive,wind,2368,197.25,2.5785003413530014
bb_ipp_adaptive,wind,2369,197.33333333333337,2.5904369544007455
bb_ipp_adaptive,wind,2370,197.41666666666663,2.5940247196466517
bb_ipp_adaptive,wind,2371,197.5,2.5879245868843133
bb_ipp_adaptive,wind,2372,197.58333333333337,2.57699566015906
bb_ipp_adaptive,wind,2373,197.66666666666663,2.59453791975811
bb_ipp_adaptive,wind,2374,197.75,2.573761304014195
bb_ipp_adaptive,wind,2375,197.83333333333337,2.583816800702904
bb_ipp_adaptive,wind,2376,197.91666666666663,2.5892648117221255
bb_ipp_adaptive,wind,2377,198.0,2.5931209154940458
bb_ipp_adaptive,wind,2378,198.08333333333337,2.575646777723177
bb_ipp_adaptive,wind,2379,198.16666666666663,2.5785566540703755
bb_ipp_adaptive,wind,2380,198.25,2.558915387027642
bb_ipp_adaptive,wind,2381,198.33333333333337,2.525158272680383
bb_ipp_adaptive,wind,2382,198.41666666666663,2.527968782804783
bb_ipp_adaptive,wind,2383,198.5,2.5334729726648963
bb_ipp_adaptive,wind,2384,198.58333333333337,2.537343044597093
bb_ipp_adaptive,wind,2385,198.66666666666663,2.542473407197083
bb_ipp_adaptive,wind,2386,198.75,2.509578896665174
bb_ipp_adaptive,wind,2387,198.83333333333337,2.517821478519771
bb_ipp_adaptive,wind,2388,198.91666666666663,2.5406695705324296
bb_ipp_adaptive,wind,2389,199.0,2.5527507521038104
bb_ipp_adaptive,wind,2390,199.08333333333337,2.5244895384965864
bb_ipp_adaptive,wind,2391,199.16666666666663,2.520676572181427
bb_ipp_adaptive,wind,2392,199.25,2.5394151240485994
bb_ipp_adaptive,wind,2393,199.33333333333337,2.5367960424558995
bb_ipp_adaptive,wind,2394,199.41666666666663,2.528063873129822
bb_ipp_adaptive,wind,2395,199.5,2.5078934018475594
bb_ipp_adaptive,wind,2396,199.58333333333337,2.5243121448513746
bb_ipp_adaptive,wind,2397,199.66666666666663,2.535758941202411
bb_ipp_adaptive,wind,2398,199.75,2.561077102412035
bb_ipp_adaptive,wind,2399,199.83333333333337,2.564656825228161
bb_ipp_adaptive,wind,2400,199.91666666666663,2.5722735026714276
bb_ipp_adaptive,wind,2401,200.0,2.5569721587341814
bb_ipp_adaptive,wind,2402,200.08333333333337,2.5163077835881382
bb_ipp_adaptive,wind,2403,200.16666666666663,2.5283730454814024
bb_ipp_adaptive,wind,2404,200.25,2.5344978861183454
bb_ipp_adaptive,wind,2405,200.33333333333337,2.527127838174659
bb_ipp_adaptive,wind,2406,200.41666666666663,2.476237326784914
bb_ipp_adaptive,wind,2407,200.5,2.525361405563825
bb_ipp_adaptive,wind,2408,200.58333333333337,2.5091535835323158
bb_ipp_adaptive,wind,2409,200.66666666666663,2.534630470528222
bb_ipp_adaptive,wind,2410,200.75,2.534333279777191
bb_ipp_adaptive,wind,2411,200.83333333333337,2.5614330171847937
bb_ipp_adaptive,wind,2412,200.91666666666663,2.543416327446528
bb_ipp_adaptive,wind,2413,201.0,2.552143747616417
bb_ipp_adaptive,wind,2414,201.08333333333337,2.563821302006804
bb_ipp_adaptive,wind,2415,201.16666666666663,2.579834187324465
bb_ipp_adaptive,wind,2416,201.25,2.5893489695784484
bb_ipp_adaptive,wind,2417,201.33333333333337,2.5618562138087464
bb_ipp_adaptive,wind,2418,201.41666666666663,2.563908266328184
bb_ipp_adaptive,wind,2419,201.5,2.561349108073969
bb_ipp_adaptive,wind,2420,201.58333333333337,2.5770287540887358
bb_ipp_adaptive,wind,2421,201.66666666666663,2.533828515813585
bb_ipp_adaptive,wind,2422,201.75,2.5472096639208672
bb_ipp_adaptive,wind,2423,201.83333333333337,2.58156149116399
bb_ipp_adaptive,wind,2424,201.91666666666663,2.5945175072593893
bb_ipp_adaptive,wind,2425,202.0,2.6006263254676427
bb_ipp_adaptive,wind,2426,202.08333333333337,2.6005139667335975
bb_ipp_adaptive,wind,2427,202.16666666666663,2.634116320114932
bb_ipp_adaptive,wind,2428,202.25,2.627571033738224
bb_ipp_adaptive,wind,2429,202.33333333333337,2.6130412639344796
bb_ipp_adaptive,wind,2430,202.41666666666663,2.6026038221335086
bb_ipp_adaptive,wind,2431,202.5,2.568194203118484
bb_ipp_adaptive,wind,2432,202.58333333333337,2.550234372627063
bb_ipp_adaptive,wind,2433,202.66666666666663,2.548311917286746
bb_ipp_adaptive,wind,2434,202.75,2.5680370577748106
bb_ipp_adaptive,wind,2435,202.83333333333337,2.555435892946066
bb_ipp_adaptive,wind,2436,202.91666666666663,2.5698553305548657
bb_ipp_adaptive,wind,2437,203.0,2.566376763106793
bb_ipp_adaptive,wind,2438,203.08333333333337,2.553461789688336
bb_ipp_adaptive,wind,2439,203.16666666666663,2.5477734698654064
bb_ipp_adaptive,wind,2440,203.25,2.5695167602819544
bb_ipp_adaptive,wind,2441,203.33333333333337,2.5836621686689742
bb_ipp_adaptive,wind,2442,203.41666666666663,2.584498188016353
bb_ipp_adaptive,wind,2443,203.5,2.5916833406882387
bb_ipp_adaptive,wind,2444,203.58333333333337,2.612538137083164
bb_ipp_adaptive,wind,2445,203.66666666666663,2.612488542238928
bb_ipp_adaptive,wind,2446,203.75,2.6138106601123767
bb_ipp_adaptive,wind,2447,203.83333333333337,2.5926716630916715
bb_ipp_adaptive,wind,2448,203.91666666666663,2.585283688009803
bb_ipp_adaptive,wind,2449,204.0,2.5926649539650977
bb_ipp_adaptive,wind,2450,204.08333333333337,2.5767852453311337
bb_ipp_adaptive,wind,2451,204.16666666666663,2.5804220281905126
bb_ipp_adaptive,wind,2452,204.25,2.559881942278159
bb_ipp_adaptive,wind,2453,204.33333333333337,2.5553725261842977
bb_ipp_adaptive,wind,2454,204.41666666666663,2.540767274486204
bb_ipp_adaptive,wind,2455,204.5,2.5568506871393826
bb_ipp_adaptive,wind,2456,204.58333333333337,2.5587439657640987
bb_ipp_adaptive,wind,2457,204.66666666666663,2.5656428628520795
bb_ipp_adaptive,wind,2458,204.75,2.5713504175577193
bb_ipp_adaptive,wind,2459,204.83333333333337,2.5449725423014153
bb_ipp_adaptive,wind,2460,204.91666666666663,2.5439856930018863
bb_ipp_adaptive,wind,2461,205.0,2.550542441109721
bb_ipp_adaptive,wind,2462,205.08333333333337,2.530208779317896
bb_ipp_adaptive,wind,2463,205.16666666666663,2.540371225010662
bb_ipp_adaptive,wind,2464,205.25,2.569543142223418
bb_ipp_adaptive,wind,2465,205.33333333333337,2.542763649614315
bb_ipp_adaptive,wind,2466,205.41666666666663,2.550867853990297
bb_ipp_adaptive,wind,2467,205.5,2.5392265172631268
bb_ipp_adaptive,wind,2468,205.58333333333337,2.5687603910264483
bb_ipp_adaptive,wind,2469,205.66666666666663,2.547597307419767
bb_ipp_adaptive,wind,2470,205.75,2.5646587444788365
bb_ipp_adaptive,wind,2471,205.83333333333337,2.568791445970399
bb_ipp_adaptive,wind,2472,205.91666666666663,2.593947842622681
bb_ipp_adaptive,wind,2473,206.0,2.597784537624192
bb_ipp_adaptive,wind,2474,206.08333333333337,2.5912446103055227
bb_ipp_adaptive,wind,2475,206.16666666666663,2.587013057258982
bb_ipp_adaptive,wind,2476,206.25,2.5771681242754774
bb_ipp_adaptive,wind,2477,206.33333333333337,2.5898014728802403
bb_ipp_adaptive,wind,2478,206.41666666666663,2.621701527675357
bb_ipp_adaptive,wind,2479,206.5,2.6390248828627123
bb_ipp_adaptive,wind,2480,206.58333333333337,2.624166826600317
bb_ipp_adaptive,wind,2481,206.66666666666663,2.614186608198917
bb_ipp_adaptive,wind,2482,206.75,2.643748373766942
bb_ipp_adaptive,wind,2483,206.83333333333337,2.616796128243509
bb_ipp_adaptive,wind,2484,206.91666666666663,2.6124706925188943
bb_ipp_adaptive,wind,2485,207.0,2.598235753955258
bb_ipp_adaptive,wind,2486,207.08333333333337,2.565349065421735
bb_ipp_adaptive,wind,2487,207.16666666666663,2.5818800455349686
bb_ipp_adaptive,wind,2488,207.25,2.566627038557055
bb_ipp_adaptive,wind,2489,207.33333333333337,2.5589579551818056
bb_ipp_adaptive,wind,2490,207.41666666666663,2.5788171344508495
bb_ipp_adaptive,wind,2491,207.5,2.549361437784509
bb_ipp_adaptive,wind,2492,207.58333333333337,2.545877594194451
bb_ipp_adaptive,wind,2493,207.66666666666663,2.5453253742999244
bb_ipp_adaptive,wind,2494,207.75,2.5433599638929194
bb_ipp_adaptive,wind,2495,207.83333333333337,2.5759083243355994
bb_ipp_adaptive,wind,2496,207.91666666666663,2.5894379149351066
bb_ipp_adaptive,wind,2497,208.0,2.5880967369053494
bb_ipp_adaptive,wind,2498,208.08333333333337,2.5203200681281723
bb_ipp_adaptive,wind,2499,208.16666666666663,2.543583098917279
bb_ipp_adaptive,wind,2500,208.25,2.53729995744673
bb_ipp_adaptive,wind,2501,208.33333333333337,2.529438689424981
bb_ipp_adaptive,wind,2502,208.41666666666663,2.5000009002545247
bb_ipp_adaptive,wind,2503,208.5,2.5274231325369474
bb_ipp_adaptive,wind,2504,208.58333333333337,2.502534982051303
bb_ipp_adaptive,wind,2505,208.66666666666663,2.5193188803425293
bb_ipp_adaptive,wind,2506,208.75,2.525552890359986
bb_ipp_adaptive,wind,2507,208.83333333333337,2.5547147363814915
bb_ipp_adaptive,wind,2508,208.91666666666663,2.57088195352339
bb_ipp_adaptive,wind,2509,209.0,2.575111776546837
bb_ipp_adaptive,wind,2510,209.08333333333337,2.6237681523058236
bb_ipp_adaptive,wind,2511,209.16666666666663,2.6074577679310265
bb_ipp_adaptive,wind,2512,209.25,2.590889590879059
bb_ipp_adaptive,wind,2513,209.33333333333337,2.5469789047847606
bb_ipp_adaptive,wind,2514,209.41666666666663,2.5721839937531463
bb_ipp_adaptive,wind,2515,209.5,2.550423406375088
bb_ipp_adaptive,wind,2516,209.58333333333337,2.5560698988536914
bb_ipp_adaptive,wind,2517,209.66666666666663,2.5733522801255293
bb_ipp_adaptive,wind,2518,209.75,2.599631118905453
bb_ipp_adaptive,wind,2519,209.83333333333337,2.574508377419607
bb_ipp_adaptive,wind,2520,209.91666666666663,2.596680073140799
bb_ipp_adaptive,wind,2521,210.0,2.5974381236121826
bb_ipp_adaptive,wind,2522,210.08333333333337,2.609147331126032
bb_ipp_adaptive,wind,2523,210.16666666666663,2.6177230437208836
bb_ipp_adaptive,wind,2524,210.25,2.614078279530874
bb_ipp_adaptive,wind,2525,210.33333333333337,2.5990550798097183
bb_ipp_adaptive,wind,2526,210.41666666666663,2.642320492081296
bb_ipp_adaptive,wind,2527,210.5,2.6508334431512615
bb_ipp_adaptive,wind,2528,210.58333333333337,2.627116647641603
bb_ipp_adaptive,wind,2529,210.66666666666663,2.6002970546307216
bb_ipp_adaptive,wind,2530,210.75,2.5981441454939613
bb_ipp_adaptive,wind,2531,210.83333333333337,2.5912242112945982
bb_ipp_adaptive,wind,2532,210.91666666666663,2.597060554240275
bb_ipp_adaptive,wind,2533,211.0,2.5894172430988807
bb_ipp_adaptive,wind,2534,211.08333333333337,2.58795052482858
bb_ipp_adaptive,wind,2535,211.16666666666663,2.5907951080965823
bb_ipp_adaptive,wind,2536,211.25,2.5916305597133715
bb_ipp_adaptive,wind,2537,211.33333333333337,2.590381093690375
bb_ipp_adaptive,wind,2538,211.41666666666663,2.573431854924168
bb_ipp_adaptive,wind,2539,211.5,2.5906188605848923
bb_ipp_adaptive,wind,2540,211.58333333333337,2.608152430615897
bb_ipp_adaptive,wind,2541,211.66666666666663,2.629016334326592
bb_ipp_adaptive,wind,2542,211.75,2.6256824073004386
bb_ipp_adaptive,wind,2543,211.83333333333337,2.631548949087992
bb_ipp_adaptive,wind,2544,211.91666666666663,2.6067009043359923
bb_ipp_adaptive,wind,2545,212.0,2.6011223266284027
bb_ipp_adaptive,wind,2546,212.08333333333337,2.5948190540934832
bb_ipp_adaptive,wind,2547,212.16666666666663,2.583488424079121
bb_ipp_adaptive,wind,2548,212.25,2.574479417451081
bb_ipp_adaptive,wind,2549,212.33333333333337,2.5882173889114015
bb_ipp_adaptive,wind,2550,212.41666666666663,2.5691042294442727
bb_ipp_adaptive,wind,2551,212.5,2.588820403595859
bb_ipp_adaptive,wind,2552,212.58333333333337,2.5694056418516897
bb_ipp_adaptive,wind,2553,212.66666666666663,2.582029288695842
bb_ipp_adaptive,wind,2554,212.75,2.5867314423839898
bb_ipp_adaptive,wind,2555,212.83333333333337,2.566216843823743
bb_ipp_adaptive,wind,2556,212.91666666666663,2.5584793568015147
bb_ipp_adaptive,wind,2557,213.0,2.5486691696210872
bb_ipp_adaptive,wind,2558,213.08333333333337,2.5488075643360704
bb_ipp_adaptive,wind,2559,213.16666666666663,2.524276233440557
bb_ipp_adaptive,wind,2560,213.25,2.5107692453891866
bb_ipp_adaptive,wind,2561,213.33333333333337,2.5135155318808304
bb_ipp_adaptive,wind,2562,213.41666666666663,2.495995028895715
bb_ipp_adaptive,wind,2563,213.5,2.5210471585555507
bb_ipp_adaptive,wind,2564,213.58333333333337,2.5033231001187164
bb_ipp_adaptive,wind,2565,213.66666666666663,2.4906325931768465
bb_ipp_adaptive,wind,2566,213.75,2.473418818693402
bb_ipp_adaptive,wind,2567,213.83333333333337,2.4912506368523726
bb_ipp_adaptive,wind,2568,213.91666666666663,2.5218858287546024
bb_ipp_adaptive,wind,2569,214.0,2.540621180511749
bb_ipp_adaptive,wind,2570,214.08333333333337,2.5422075586089354
bb_ipp_adaptive,wind,2571,214.16666666666663,2.5728073704082437
bb_ipp_adaptive,wind,2572,214.25,2.5742608384470835
bb_ipp_adaptive,wind,2573,214.33333333333337,2.5808770436024346
bb_ipp_adaptive,wind,2574,214.41666666666663,2.5460898899301556
bb_ipp_adaptive,wind,2575,214.5,2.5501300041824537
bb_ipp_adaptive,wind,2576,214.58333333333337,2.569676892436104
bb_ipp_adaptive,wind,2577,214.66666666666663,2.5551220950022677
bb_ipp_adaptive,wind,2578,214.75,2.5676206101560073
bb_ipp_adaptive,wind,2579,214.83333333333337,2.596596298419068
bb_ipp_adaptive,wind,2580,214.91666666666663,2.5547607814368316
bb_ipp_adaptive,wind,2581,215.0,2.586283140429563
bb_ipp_adaptive,wind,2582,215.08333333333337,2.58861793500964
bb_ipp_adaptive,wind,2583,215.16666666666663,2.580821691403886
bb_ipp_adaptive,wind,2584,215.25,2.5923337034438325
bb_ipp_adaptive,wind,2585,215.33333333333337,2.564695932234433
bb_ipp_adaptive,wind,2586,215.41666666666663,2.565548230279896
bb_ipp_adaptive,wind,2587,215.5,2.5513762519566723
bb_ipp_adaptive,wind,2588,215.58333333333337,2.558497561162836
bb_ipp_adaptive,wind,2589,215.66666666666663,2.5692761938888253
bb_ipp_adaptive,wind,2590,215.75,2.566898323521691
bb_ipp_adaptive,wind,2591,215.83333333333337,2.5784490261088457
bb_ipp_adaptive,wind,2592,215.91666666666663,2.5781324226061466
bb_ipp_adaptive,wind,2593,216.0,2.5590534007154786
bb_ipp_adaptive,wind,2594,216.08333333333337,2.5357320717316214
bb_ipp_adaptive,wind,2595,216.16666666666663,2.5351157683062415
bb_ipp_adaptive,wind,2596,216.25,2.558937719871698
bb_ipp_adaptive,wind,2597,216.33333333333337,2.5758323723709613
bb_ipp_adaptive,wind,2598,216.41666666666663,2.541328629205009
bb_ipp_adaptive,wind,2599,216.5,2.516208878826732
bb_ipp_adaptive,wind,2600,216.58333333333337,2.5054360941890907
bb_ipp_adaptive,wind,2601,216.66666666666663,2.5019207251909936
bb_ipp_adaptive,wind,2602,216.75,2.5286817329570512
bb_ipp_adaptive,wind,2603,216.83333333333337,2.5578865992897897
bb_ipp_adaptive,wind,2604,216.91666666666663,2.564209908460836
bb_ipp_adaptive,wind,2605,217.0,2.5583910839447026
bb_ipp_adaptive,wind,2606,217.08333333333337,2.5661663775740617
bb_ipp_adaptive,wind,2607,217.16666666666663,2.5545754493544655
bb_ipp_adaptive,wind,2608,217.25,2.55685640285551
bb_ipp_adaptive,wind,2609,217.33333333333337,2.5119825303234817
bb_ipp_adaptive,wind,2610,217.41666666666663,2.4831188199751812
bb_ipp_adaptive,wind,2611,217.5,2.5123969183696135
bb_ipp_adaptive,wind,2612,217.58333333333337,2.5401226760996964
bb_ipp_adaptive,wind,2613,217.66666666666663,2.54290660982292
bb_ipp_adaptive,wind,2614,217.75,2.5282747802042453
bb_ipp_adaptive,wind,2615,217.83333333333337,2.507039967731508
bb_ipp_adaptive,wind,2616,217.91666666666663,2.5164256468999158
bb_ipp_adaptive,wind,2617,218.0,2.4802431064440693
bb_ipp_adaptive,wind,2618,218.08333333333337,2.5033155778771583
bb_ipp_adaptive,wind,2619,218.16666666666663,2.4990334403091605
bb_ipp_adaptive,wind,2620,218.25,2.5149916123560625
bb_ipp_adaptive,wind,2621,218.33333333333337,2.525654036226845
bb_ipp_adaptive,wind,2622,218.41666666666663,2.5249253618195002
bb_ipp_adaptive,wind,2623,218.5,2.509784843930792
bb_ipp_adaptive,wind,2624,218.58333333333337,2.4819241846130846
bb_ipp_adaptive,wind,2625,218.66666666666663,2.5000995263733374
bb_ipp_adaptive,wind,2626,218.75,2.526158095196013
bb_ipp_adaptive,wind,2627,218.83333333333337,2.4875361488429086
bb_ipp_adaptive,wind,2628,218.91666666666663,2.523609091425986
bb_ipp_adaptive,wind,2629,219.0,2.5118140671263602
bb_ipp_adaptive,wind,2630,219.08333333333337,2.5356722693271347
bb_ipp_adaptive,wind,2631,219.16666666666663,2.5384814997587544
bb_ipp_adaptive,wind,2632,219.25,2.5374551016915357
bb_ipp_adaptive,wind,2633,219.33333333333337,2.527025719810096
bb_ipp_adaptive,wind,2634,219.41666666666663,2.523670223975168
bb_ipp_adaptive,wind,2635,219.5,2.525129048096322
bb_ipp_adaptive,wind,2636,219.58333333333337,2.5174153203923653
bb_ipp_adaptive,wind,2637,219.66666666666663,2.5167179885301416
bb_ipp_adaptive,wind,2638,219.75,2.536574355938677
bb_ipp_adaptive,wind,2639,219.83333333333337,2.523916131781969
bb_ipp_adaptive,wind,2640,219.91666666666663,2.521032559002219
bb_ipp_adaptive,wind,2641,220.0,2.5234850029918254
bb_ipp_adaptive,wind,2642,220.08333333333337,2.5350360850677904
bb_ipp_adaptive,wind,2643,220.16666666666663,2.5720989037411552
bb_ipp_adaptive,wind,2644,220.25,2.5930018416086282
bb_ipp_adaptive,wind,2645,220.33333333333337,2.584118978032241
bb_ipp_adaptive,wind,2646,220.41666666666663,2.5753400490981977
bb_ipp_adaptive,wind,2647,220.5,2.5308221865688574
bb_ipp_adaptive,wind,2648,220.58333333333337,2.533823499917666
bb_ipp_adaptive,wind,2649,220.66666666666663,2.5338272455497295
bb_ipp_adaptive,wind,2650,220.75,2.520844679107572
bb_ipp_adaptive,wind,2651,220.83333333333337,2.499261644928664
bb_ipp_adaptive,wind,2652,220.91666666666663,2.489535558032593
bb_ipp_adaptive,wind,2653,221.0,2.5231174646157535
bb_ipp_adaptive,wind,2654,221.08333333333337,2.505240943639427
bb_ipp_adaptive,wind,2655,221.16666666666663,2.494049880161006
bb_ipp_adaptive,wind,2656,221.25,2.493181636906946
bb_ipp_adaptive,wind,2657,221.33333333333337,2.46561083830778
bb_ipp_adaptive,wind,2658,221.41666666666663,2.4624305372422755
bb_ipp_adaptive,wind,2659,221.5,2.472240420156069
bb_ipp_adaptive,wind,2660,221.58333333333337,2.4811670942090487
bb_ipp_adaptive,wind,2661,221.66666666666663,2.4742735803381386
bb_ipp_adaptive,wind,2662,221.75,2.4623602194090415
bb_ipp_adaptive,wind,2663,221.83333333333337,2.4551902627992783
bb_ipp_adaptive,wind,2664,221.91666666666663,2.4923607528206917
bb_ipp_adaptive,wind,2665,222.0,2.4976390824923222
bb_ipp_adaptive,wind,2666,222.08333333333337,2.5072896975374372
bb_ipp_adaptive,wind,2667,222.16666666666663,2.484423968426585
bb_ipp_adaptive,wind,2668,222.25,2.481427903371824
bb_ipp_adaptive,wind,2669,222.33333333333337,2.5015027383266237
bb_ipp_adaptive,wind,2670,222.41666666666663,2.5211246078649827
bb_ipp_adaptive,wind,2671,222.5,2.462685995434373
bb_ipp_adaptive,wind,2672,222.58333333333337,2.4584409788048287
bb_ipp_adaptive,wind,2673,222.66666666666663,2.4346184503744284
bb_ipp_adaptive,wind,2674,222.75,2.443329673634672
bb_ipp_adaptive,wind,2675,222.83333333333337,2.4507132353933674
bb_ipp_adaptive,wind,2676,222.91666666666663,2.460994905206074
bb_ipp_adaptive,wind,2677,223.0,2.4919401310663756
bb_ipp_adaptive,wind,2678,223.08333333333337,2.4810520454962477
bb_ipp_adaptive,wind,2679,223.16666666666663,2.492652514836295
bb_ipp_adaptive,wind,2680,223.25,2.5173909711699087
bb_ipp_adaptive,wind,2681,223.33333333333337,2.511599071581511
bb_ipp_adaptive,wind,2682,223.41666666666663,2.507291796598342
bb_ipp_adaptive,wind,2683,223.5,2.541843037120945
bb_ipp_adaptive,wind,2684,223.58333333333337,2.551513852435889
bb_ipp_adaptive,wind,2685,223.66666666666663,2.550870512606705
bb_ipp_adaptive,wind,2686,223.75,2.585501250849764
bb_ipp_adaptive,wind,2687,223.83333333333337,2.586053872354387
bb_ipp_adaptive,wind,2688,223.91666666666663,2.5567052331937554
bb_ipp_adaptive,wind,2689,224.0,2.5601500572209948
bb_ipp_adaptive,wind,2690,224.08333333333337,2.556297279357829
bb_ipp_adaptive,wind,2691,224.16666666666663,2.55698204528238
bb_ipp_adaptive,wind,2692,224.25,2.5873479978222655
bb_ipp_adaptive,wind,2693,224.33333333333337,2.5790285415202594
bb_ipp_adaptive,wind,2694,224.41666666666663,2.5417711074636586
bb_ipp_adaptive,wind,2695,224.5,2.545188213409003
bb_ipp_adaptive,wind,2696,224.58333333333337,2.543033761523949
bb_ipp_adaptive,wind,2697,224.66666666666663,2.5498817062132693
bb_ipp_adaptive,wind,2698,224.75,2.513794748734362
bb_ipp_adaptive,wind,2699,224.83333333333337,2.5179461190973824
bb_ipp_adaptive,wind,2700,224.91666666666663,2.535393862179421
bb_ipp_adaptive,wind,2701,225.0,2.5325361250610294
bb_ipp_adaptive,wind,2702,225.08333333333337,2.5316984558402105
bb_ipp_adaptive,wind,2703,225.16666666666663,2.535581793564495
bb_ipp_adaptive,wind,2704,225.25,2.530605178214724
bb_ipp_adaptive,wind,2705,225.33333333333337,2.532161488727083
bb_ipp_adaptive,wind,2706,225.41666666666663,2.522519578477488
bb_ipp_adaptive,wind,2707,225.5,2.5112330206896494
bb_ipp_adaptive,wind,2708,225.58333333333337,2.51311909982993
bb_ipp_adaptive,wind,2709,225.66666666666663,2.490121603805975
bb_ipp_adaptive,wind,2710,225.75,2.4866042197375693
bb_ipp_adaptive,wind,2711,225.83333333333337,2.5045406012905107
bb_ipp_adaptive,wind,2712,225.91666666666663,2.522110725671747
bb_ipp_adaptive,wind,2713,226.0,2.523396582784096
bb_ipp_adaptive,wind,2714,226.08333333333337,2.5255461200232423
bb_ipp_adaptive,wind,2715,226.16666666666663,2.5625030587950755
bb_ipp_adaptive,wind,2716,226.25,2.587777422545353
bb_ipp_adaptive,wind,2717,226.33333333333337,2.595914247585759
bb_ipp_adaptive,wind,2718,226.41666666666663,2.570893033880106
bb_ipp_adaptive,wind,2719,226.5,2.525125022119564
bb_ipp_adaptive,wind,2720,226.58333333333337,2.51331228833855
bb_ipp_adaptive,wind,2721,226.66666666666663,2.510557943612115
bb_ipp_adaptive,wind,2722,226.75,2.5169319405931936
bb_ipp_adaptive,wind,2723,226.83333333333337,2.51316532202904
bb_ipp_adaptive,wind,2724,226.91666666666663,2.5033566864246675
bb_ipp_adaptive,wind,2725,227.0,2.482421342593421
bb_ipp_adaptive,wind,2726,227.08333333333337,2.4628221921826383
bb_ipp_adaptive,wind,2727,227.16666666666663,2.462556593921687
bb_ipp_adaptive,wind,2728,227.25,2.449348942950484
bb_ipp_adaptive,wind,2729,227.33333333333337,2.4710226357704586
bb_ipp_adaptive,wind,2730,227.41666666666663,2.4645987184752833
bb_ipp_adaptive,wind,2731,227.5,2.4492894410278714
bb_ipp_adaptive,wind,2732,227.58333333333337,2.467041006393223
bb_ipp_adaptive,wind,2733,227.66666666666663,2.4814892417789247
bb_ipp_adaptive,wind,2734,227.75,2.4656350675437277
bb_ipp_adaptive,wind,2735,227.83333333333337,2.4720567748401288
bb_ipp_adaptive,wind,2736,227.91666666666663,2.479505542554197
bb_ipp_adaptive,wind,2737,228.0,2.4525080164171857
bb_ipp_adaptive,wind,2738,228.08333333333337,2.466450724099044
bb_ipp_adaptive,wind,2739,228.16666666666663,2.4625575878024026
bb_ipp_adaptive,wind,2740,228.25,2.4634295528989996
bb_ipp_adaptive,wind,2741,228.33333333333337,2.4757221666599984
bb_ipp_adaptive,wind,2742,228.41666666666663,2.461325866964758
bb_ipp_adaptive,wind,2743,228.5,2.4550287802378463
bb_ipp_adaptive,wind,2744,228.58333333333337,2.4561612153873935
bb_ipp_adaptive,wind,2745,228.66666666666663,2.480002433890594
bb_ipp_adaptive,wind,2746,228.75,2.4869640455684934
bb_ipp_adaptive,wind,2747,228.83333333333337,2.5096190608900115
bb_ipp_adaptive,wind,2748,228.91666666666663,2.523788302155067
bb_ipp_adaptive,wind,2749,229.0,2.4775121974619805
bb_ipp_adaptive,wind,2750,229.08333333333337,2.480630705057928
bb_ipp_adaptive,wind,2751,229.16666666666663,2.4952771598760464
bb_ipp_adaptive,wind,2752,229.25,2.4869024262857042
bb_ipp_adaptive,wind,2753,229.33333333333337,2.4654526649527506
bb_ipp_adaptive,wind,2754,229.41666666666663,2.496172366692796
bb_ipp_adaptive,wind,2755,229.5,2.522720635706554
bb_ipp_adaptive,wind,2756,229.58333333333337,2.521829211014406
bb_ipp_adaptive,wind,2757,229.66666666666663,2.513795602650131
bb_ipp_adaptive,wind,2758,229.75,2.495215421720773
bb_ipp_adaptive,wind,2759,229.83333333333337,2.4865797852046296
bb_ipp_adaptive,wind,2760,229.91666666666663,2.4661951703589304
bb_ipp_adaptive,wind,2761,230.0,2.516993071815141
bb_ipp_adaptive,wind,2762,230.08333333333337,2.553037273906894
bb_ipp_adaptive,wind,2763,230.16666666666663,2.523923991058012
bb_ipp_adaptive,wind,2764,230.25,2.5647850972418467
bb_ipp_adaptive,wind,2765,230.33333333333337,2.561386596157291
bb_ipp_adaptive,wind,2766,230.41666666666663,2.5435630968066785
bb_ipp_adaptive,wind,2767,230.5,2.5088946922906685
bb_ipp_adaptive,wind,2768,230.58333333333337,2.4906886125599197
bb_ipp_adaptive,wind,2769,230.66666666666663,2.515674574703568
bb_ipp_adaptive,wind,2770,230.75,2.548374500705376
bb_ipp_adaptive,wind,2771,230.83333333333337,2.510663777867224
bb_ipp_adaptive,wind,2772,230.91666666666663,2.5046407211230584
bb_ipp_adaptive,wind,2773,231.0,2.491038113920575
bb_ipp_adaptive,wind,2774,231.08333333333337,2.4891900807564533
bb_ipp_adaptive,wind,2775,231.16666666666663,2.5097937481334696
bb_ipp_adaptive,wind,2776,231.25,2.5154797718757753
bb_ipp_adaptive,wind,2777,231.33333333333337,2.5143490531059425
bb_ipp_adaptive,wind,2778,231.41666666666663,2.4908900793542537
bb_ipp_adaptive,wind,2779,231.5,2.483450854486896
bb_ipp_adaptive,wind,2780,231.58333333333337,2.4988408623864706
bb_ipp_adaptive,wind,2781,231.66666666666663,2.4745840499494145
bb_ipp_adaptive,wind,2782,231.75,2.470001950380423
bb_ipp_adaptive,wind,2783,231.83333333333337,2.450747998639841
bb_ipp_adaptive,wind,2784,231.91666666666663,2.467457370980982
bb_ipp_adaptive,wind,2785,232.0,2.47386108948338
bb_ipp_adaptive,wind,2786,232.08333333333337,2.4814953887939266
bb_ipp_adaptive,wind,2787,232.16666666666663,2.4823798865660223
bb_ipp_adaptive,wind,2788,232.25,2.4844189355203903
bb_ipp_adaptive,wind,2789,232.33333333333337,2.4801632702278056
bb_ipp_adaptive,wind,2790,232.41666666666663,2.461282669228345
bb_ipp_adaptive,wind,2791,232.5,2.463288945557646
bb_ipp_adaptive,wind,2792,232.58333333333337,2.4763194331017377
bb_ipp_adaptive,wind,2793,232.66666666666663,2.4952512953814234
bb_ipp_adaptive,wind,2794,232.75,2.5064411263092965
bb_ipp_adaptive,wind,2795,232.83333333333337,2.4904348305234443
bb_ipp_adaptive,wind,2796,232.91666666666663,2.48086606354006
bb_ipp_adaptive,wind,2797,233.0,2.5103458504301037
bb_ipp_adaptive,wind,2798,233.08333333333337,2.5243565173214675
bb_ipp_adaptive,wind,2799,233.16666666666663,2.524079208765955
bb_ipp_adaptive,wind,2800,233.25,2.5227820288028004
bb_ipp_adaptive,wind,2801,233.33333333333337,2.5346809667530357
bb_ipp_adaptive,wind,2802,233.41666666666663,2.559787137712783
bb_ipp_adaptive,wind,2803,233.5,2.5272534724814806
bb_ipp_adaptive,wind,2804,233.58333333333337,2.5400043300652166
bb_ipp_adaptive,wind,2805,233.66666666666663,2.515150723171884
bb_ipp_adaptive,wind,2806,233.75,2.510371223464708
bb_ipp_adaptive,wind,2807,233.83333333333337,2.4986515940956973
bb_ipp_adaptive,wind,2808,233.91666666666663,2.493865691439855
bb_ipp_adaptive,wind,2809,234.0,2.494181096917232
bb_ipp_adaptive,wind,2810,234.08333333333337,2.497399926728882
bb_ipp_adaptive,wind,2811,234.16666666666663,2.4603813986487277
bb_ipp_adaptive,wind,2812,234.25,2.472574669984204
bb_ipp_adaptive,wind,2813,234.33333333333337,2.476869174976122
bb_ipp_adaptive,wind,2814,234.41666666666663,2.495381287710846
bb_ipp_adaptive,wind,2815,234.5,2.522419740583499
bb_ipp_adaptive,wind,2816,234.58333333333337,2.5208828729099726
bb_ipp_adaptive,wind,2817,234.66666666666663,2.5365480921120214
bb_ipp_adaptive,wind,2818,234.75,2.5425524632346264
bb_ipp_adaptive,wind,2819,234.83333333333337,2.51860122619841
bb_ipp_adaptive,wind,2820,234.91666666666663,2.5114999284612707
bb_ipp_adaptive,wind,2821,235.0,2.5231097277740786
bb_ipp_adaptive,wind,2822,235.08333333333337,2.516057167649374
bb_ipp_adaptive,wind,2823,235.16666666666663,2.505194592091187
bb_ipp_adaptive,wind,2824,235.25,2.5054087503942513
bb_ipp_adaptive,wind,2825,235.33333333333337,2.5057585248693743
bb_ipp_adaptive,wind,2826,235.41666666666663,2.485062922699171
bb_ipp_adaptive,wind,2827,235.5,2.466536411725518
bb_ipp_adaptive,wind,2828,235.58333333333337,2.4572547287338415
bb_ipp_adaptive,wind,2829,235.66666666666663,2.4357991196217545
bb_ipp_adaptive,wind,2830,235.75,2.4591772884703396
bb_ipp_adaptive,wind,2831,235.83333333333337,2.463500005153436
bb_ipp_adaptive,wind,2832,235.91666666666663,2.468060710946037
bb_ipp_adaptive,wind,2833,236.0,2.461691627148763
bb_ipp_adaptive,wind,2834,236.08333333333337,2.4379955802669353
bb_ipp_adaptive,wind,2835,236.16666666666663,2.4666607148955344
bb_ipp_adaptive,wind,2836,236.25,2.471686673662948
bb_ipp_adaptive,wind,2837,236.33333333333337,2.4410299755250384
bb_ipp_adaptive,wind,2838,236.41666666666663,2.4228358725768087
bb_ipp_adaptive,wind,2839,236.5,2.4408243381636754
bb_ipp_adaptive,wind,2840,236.58333333333337,2.4585709338499737
bb_ipp_adaptive,wind,2841,236.66666666666663,2.4340755622448698
bb_ipp_adaptive,wind,2842,236.75,2.4198458413805484
bb_ipp_adaptive,wind,2843,236.83333333333337,2.4244532469061637
bb_ipp_adaptive,wind,2844,236.91666666666663,2.4132622325254958
bb_ipp_adaptive,wind,2845,237.0,2.41799801684702
bb_ipp_adaptive,wind,2846,237.08333333333337,2.419274945253514
bb_ipp_adaptive,wind,2847,237.16666666666663,2.4108265300631855
bb_ipp_adaptive,wind,2848,237.25,2.4180208805831156
bb_ipp_adaptive,wind,2849,237.33333333333337,2.395597139078174
bb_ipp_adaptive,wind,2850,237.41666666666663,2.409562295548551
bb_ipp_adaptive,wind,2851,237.5,2.3883289878319456
bb_ipp_adaptive,wind,2852,237.58333333333337,2.4090697888680728
bb_ipp_adaptive,wind,2853,237.66666666666663,2.4086296544973282
bb_ipp_adaptive,wind,2854,237.75,2.419283854147801
bb_ipp_adaptive,wind,2855,237.83333333333337,2.4383377755232583
bb_ipp_adaptive,wind,2856,237.91666666666663,2.4348732010561385
bb_ipp_adaptive,wind,2857,238.0,2.43320914739405
bb_ipp_adaptive,wind,2858,238.08333333333337,2.452900690943529
bb_ipp_adaptive,wind,2859,238.16666666666663,2.4610240307743445
bb_ipp_adaptive,wind,2860,238.25,2.467149001557451
bb_ipp_adaptive,wind,2861,238.33333333333337,2.4649217179663276
bb_ipp_adaptive,wind,2862,238.41666666666663,2.47449588289038
bb_ipp_adaptive,wind,2863,238.5,2.4941882253270355
bb_ipp_adaptive,wind,2864,238.58333333333337,2.497281113226175
bb_ipp_adaptive,wind,2865,238.66666666666663,2.479397338020917
bb_ipp_adaptive,wind,2866,238.75,2.5106784997575256
bb_ipp_adaptive,wind,2867,238.83333333333337,2.495564691751431
bb_ipp_adaptive,wind,2868,238.91666666666663,2.490167733371413
bb_ipp_adaptive,wind,2869,239.0,2.4809999240851943
bb_ipp_adaptive,wind,2870,239.08333333333337,2.4805491502165893
bb_ipp_adaptive,wind,2871,239.16666666666663,2.4850809070131983
bb_ipp_adaptive,wind,2872,239.25,2.493137142346526
bb_ipp_adaptive,wind,2873,239.33333333333337,2.4687215451310798
bb_ipp_adaptive,wind,2874,239.41666666666663,2.4465177896271006
bb_ipp_adaptive,wind,2875,239.5,2.4375977848477715
bb_ipp_adaptive,wind,2876,239.58333333333337,2.4323027611940446
bb_ipp_adaptive,wind,2877,239.66666666666663,2.4557180233091818
bb_ipp_adaptive,wind,2878,239.75,2.4972149217299617
bb_ipp_adaptive,wind,2879,239.83333333333337,2.503886578879149
bb_ipp_adaptive,wind,2880,239.91666666666663,2.4972631532952745
bb_ipp_adaptive,wind,2881,240.0,2.4884500484115586
bb_ipp_adaptive,wind,2882,240.08333333333337,2.5030068399405985
bb_ipp_adaptive,wind,2883,240.16666666666663,2.514303324832932
bb_ipp_adaptive,wind,2884,240.25,2.5432789996718435
bb_ipp_adaptive,wind,2885,240.33333333333337,2.5369292982507083
bb_ipp_adaptive,wind,2886,240.41666666666663,2.545950742991287
bb_ipp_adaptive,wind,2887,240.5,2.566131881668861
bb_ipp_adaptive,wind,2888,240.58333333333337,2.560657411830783
bb_ipp_adaptive,wind,2889,240.66666666666663,2.564858103973842
bb_ipp_adaptive,wind,2890,240.75,2.5757773365659453
bb_ipp_adaptive,wind,2891,240.83333333333337,2.5561356771916284
bb_ipp_adaptive,wind,2892,240.91666666666663,2.5530698248608608
bb_ipp_adaptive,wind,2893,241.0,2.5795680323462546
bb_ipp_adaptive,wind,2894,241.08333333333337,2.5495316463205544
bb_ipp_adaptive,wind,2895,241.16666666666663,2.5235541512490833
bb_ipp_adaptive,wind,2896,241.25,2.4877999352154054
bb_ipp_adaptive,wind,2897,241.33333333333337,2.5062077448080022
bb_ipp_adaptive,wind,2898,241.41666666666663,2.4781233143749675
bb_ipp_adaptive,wind,2899,241.5,2.4665509375533716
bb_ipp_adaptive,wind,2900,241.58333333333337,2.4553224604134694
bb_ipp_adaptive,wind,2901,241.66666666666663,2.430429049900596
bb_ipp_adaptive,wind,2902,241.75,2.434186098043806
bb_ipp_adaptive,wind,2903,241.83333333333337,2.432310514621035
bb_ipp_adaptive,wind,2904,241.91666666666663,2.4162061878470533
bb_ipp_adaptive,wind,2905,242.0,2.3861813728137147
bb_ipp_adaptive,wind,2906,242.08333333333337,2.4062303156485094
bb_ipp_adaptive,wind,2907,242.16666666666663,2.4190000821906676
bb_ipp_adaptive,wind,2908,242.25,2.4201169700885408
bb_ipp_adaptive,wind,2909,242.33333333333337,2.4391444499154398
bb_ipp_adaptive,wind,2910,242.41666666666663,2.4398620594708555
bb_ipp_adaptive,wind,2911,242.5,2.453728194783338
bb_ipp_adaptive,wind,2912,242.58333333333337,2.46853155340743
bb_ipp_adaptive,wind,2913,242.66666666666663,2.457715874647685
bb_ipp_adaptive,wind,2914,242.75,2.448601348901142
bb_ipp_adaptive,wind,2915,242.83333333333337,2.4589136969415235
bb_ipp_adaptive,wind,2916,242.91666666666663,2.474405079730477
bb_ipp_adaptive,wind,2917,243.0,2.4719888559780507
bb_ipp_adaptive,wind,2918,243.08333333333337,2.4641410765784593
bb_ipp_adaptive,wind,2919,243.16666666666663,2.4532426651711585
bb_ipp_adaptive,wind,2920,243.25,2.461734459702649
bb_ipp_adaptive,wind,2921,243.33333333333337,2.4441986026203
bb_ipp_adaptive,wind,2922,243.41666666666663,2.4537912619204607
bb_ipp_adaptive,wind,2923,243.5,2.456927769986181
bb_ipp_adaptive,wind,2924,243.58333333333337,2.434420897239458
bb_ipp_adaptive,wind,2925,243.66666666666663,2.421139353871514
bb_ipp_adaptive,wind,2926,243.75,2.436023560441225
bb_ipp_adaptive,wind,2927,243.83333333333337,2.4527446172499623
bb_ipp_adaptive,wind,2928,243.91666666666663,2.4627365420592744
bb_ipp_adaptive,wind,2929,244.0,2.4283624545261695
bb_ipp_adaptive,wind,2930,244.08333333333337,2.42399710049224
bb_ipp_adaptive,wind,2931,244.16666666666663,2.4162297601234384
bb_ipp_adaptive,wind,2932,244.25,2.431512146917645
bb_ipp_adaptive,wind,2933,244.33333333333337,2.4418776840188694
bb_ipp_adaptive,wind,2934,244.41666666666663,2.4573830008345867
bb_ipp_adaptive,wind,2935,244.5,2.5055226981740977
bb_ipp_adaptive,wind,2936,244.58333333333337,2.5525262258614125
bb_ipp_adaptive,wind,2937,244.66666666666663,2.539981060094016
bb_ipp_adaptive,wind,2938,244.75,2.4951183731475957
bb_ipp_adaptive,wind,2939,244.83333333333337,2.452343061884484
bb_ipp_adaptive,wind,2940,244.91666666666663,2.4448033377705976
bb_ipp_adaptive,wind,2941,245.0,2.401723604051949
bb_ipp_adaptive,wind,2942,245.08333333333337,2.3752799862094225
bb_ipp_adaptive,wind,2943,245.16666666666663,2.3736632830295825
bb_ipp_adaptive,wind,2944,245.25,2.3909439832390005
bb_ipp_adaptive,wind,2945,245.33333333333337,2.458545635562028
bb_ipp_adaptive,wind,2946,245.41666666666663,2.451867206490573
bb_ipp_adaptive,wind,2947,245.5,2.407235826059143
bb_ipp_adaptive,wind,2948,245.58333333333337,2.3954355864329617
bb_ipp_adaptive,wind,2949,245.66666666666663,2.4088443663784025
bb_ipp_adaptive,wind,2950,245.75,2.394374498003682
bb_ipp_adaptive,wind,2951,245.83333333333337,2.3832925281243154
bb_ipp_adaptive,wind,2952,245.91666666666663,2.410027019399871
bb_ipp_adaptive,wind,2953,246.0,2.386905679130331
bb_ipp_adaptive,wind,2954,246.08333333333337,2.405041738557609
bb_ipp_adaptive,wind,2955,246.16666666666663,2.4083991207404627
bb_ipp_adaptive,wind,2956,246.25,2.425374202653097
bb_ipp_adaptive,wind,2957,246.33333333333337,2.4075936606558366
bb_ipp_adaptive,wind,2958,246.41666666666663,2.41810146386656
bb_ipp_adaptive,wind,2959,246.5,2.4405527416636876
bb_ipp_adaptive,wind,2960,246.58333333333337,2.438239937545014
bb_ipp_adaptive,wind,2961,246.66666666666663,2.4535658209774054
bb_ipp_adaptive,wind,2962,246.75,2.4698150602501197
bb_ipp_adaptive,wind,2963,246.83333333333337,2.488567402958321
bb_ipp_adaptive,wind,2964,246.91666666666663,2.498088043579187
bb_ipp_adaptive,wind,2965,247.0,2.4909437838763133
bb_ipp_adaptive,wind,2966,247.08333333333337,2.49698536495087
bb_ipp_adaptive,wind,2967,247.16666666666663,2.5111606885195967
bb_ipp_adaptive,wind,2968,247.25,2.4929525831243953
bb_ipp_adaptive,wind,2969,247.33333333333337,2.501042877084606
bb_ipp_adaptive,wind,2970,247.41666666666663,2.5059433165241964
bb_ipp_adaptive,wind,2971,247.5,2.505305880208983
bb_ipp_adaptive,wind,2972,247.58333333333337,2.5170366939272233
bb_ipp_adaptive,wind,2973,247.66666666666663,2.538666808326316
bb_ipp_adaptive,wind,2974,247.75,2.5347018985021923
bb_ipp_adaptive,wind,2975,247.83333333333337,2.5187848428167388
bb_ipp_adaptive,wind,2976,247.91666666666663,2.5400735744037912
bb_ipp_adaptive,wind,2977,248.0,2.5290727443118777
bb_ipp_adaptive,wind,2978,248.08333333333337,2.527158992113601
bb_ipp_adaptive,wind,2979,248.16666666666663,2.521354678321441
bb_ipp_adaptive,wind,2980,248.25,2.518882872552953
bb_ipp_adaptive,wind,2981,248.33333333333337,2.530466036454056
bb_ipp_adaptive,wind,2982,248.41666666666663,2.5514745188402608
bb_ipp_adaptive,wind,2983,248.5,2.539078154360318
bb_ipp_adaptive,wind,2984,248.58333333333337,2.5573828917019936
bb_ipp_adaptive,wind,2985,248.66666666666663,2.5719689089581284
bb_ipp_adaptive,wind,2986,248.75,2.5428207791599906
bb_ipp_adaptive,wind,2987,248.83333333333337,2.514574469733008
bb_ipp_adaptive,wind,2988,248.91666666666663,2.519221337744891
bb_ipp_adaptive,wind,2989,249.0,2.5098227376277316
bb_ipp_adaptive,wind,2990,249.08333333333337,2.4723444354777384
bb_ipp_adaptive,wind,2991,249.16666666666663,2.459822612151759
bb_ipp_adaptive,wind,2992,249.25,2.4814550172879906
bb_ipp_adaptive,wind,2993,249.33333333333337,2.4907094035955737
bb_ipp_adaptive,wind,2994,249.41666666666663,2.4755369869351833
bb_ipp_adaptive,wind,2995,249.5,2.47705563730787
bb_ipp_adaptive,wind,2996,249.58333333333337,2.469837577390353
bb_ipp_adaptive,wind,2997,249.66666666666663,2.4596454394155254
bb_ipp_adaptive,wind,2998,249.75,2.4821412568792858
bb_ipp_adaptive,wind,2999,249.83333333333337,2.475648924879548
bb_ipp_adaptive,wind,3000,249.91666666666663,2.496309282709236
bb_ipp_adaptive,wind,3001,250.0,2.479005721781653
bb_ipp_adaptive,wind,3002,250.08333333333337,2.476926384778593
bb_ipp_adaptive,wind,3003,250.16666666666663,2.4708110573158986
bb_ipp_adaptive,wind,3004,250.25,2.4615996637672906
bb_ipp_adaptive,wind,3005,250.33333333333337,2.4664897548943574
bb_ipp_adaptive,wind,3006,250.41666666666663,2.4768538100627024
bb_ipp_adaptive,wind,3007,250.5,2.4893583868509834
bb_ipp_adaptive,wind,3008,250.58333333333337,2.5052703158317176
bb_ipp_adaptive,wind,3009,250.66666666666663,2.4681704196693963
bb_ipp_adaptive,wind,3010,250.75,2.4721375090804782
bb_ipp_adaptive,wind,3011,250.83333333333337,2.487953581581201
bb_ipp_adaptive,wind,3012,250.91666666666663,2.4802793908263236
bb_ipp_adaptive,wind,3013,251.0,2.4843877433410846
bb_ipp_adaptive,wind,3014,251.08333333333337,2.485703143244041
bb_ipp_adaptive,wind,3015,251.16666666666663,2.480156619010413
bb_ipp_adaptive,wind,3016,251.25,2.468941368354027
bb_ipp_adaptive,wind,3017,251.33333333333337,2.4933094584455384
bb_ipp_adaptive,wind,3018,251.41666666666663,2.5142751464242723
bb_ipp_adaptive,wind,3019,251.5,2.4884278355278924
bb_ipp_adaptive,wind,3020,251.58333333333337,2.5299626711405665
bb_ipp_adaptive,wind,3021,251.66666666666663,2.4765697672210063
bb_ipp_adaptive,wind,3022,251.75,2.4681168655385006
bb_ipp_adaptive,wind,3023,251.83333333333337,2.463481774752791
bb_ipp_adaptive,wind,3024,251.91666666666663,2.472844082108018
bb_ipp_adaptive,wind,3025,252.0,2.48302911622273
bb_ipp_adaptive,wind,3026,252.08333333333337,2.501864969799242
bb_ipp_adaptive,wind,3027,252.16666666666663,2.494726685841723
bb_ipp_adaptive,wind,3028,252.25,2.487083185052996
bb_ipp_adaptive,wind,3029,252.33333333333337,2.4872636880116317
bb_ipp_adaptive,wind,3030,252.41666666666663,2.488016549615068
bb_ipp_adaptive,wind,3031,252.5,2.477003607453726
bb_ipp_adaptive,wind,3032,252.58333333333337,2.505908008935671
bb_ipp_adaptive,wind,3033,252.66666666666663,2.515232932529842
bb_ipp_adaptive,wind,3034,252.75,2.525180444282502
bb_ipp_adaptive,wind,3035,252.83333333333337,2.5179923835879823
bb_ipp_adaptive,wind,3036,252.91666666666663,2.500061187678982
bb_ipp_adaptive,wind,3037,253.0,2.514748015134659
bb_ipp_adaptive,wind,3038,253.08333333333337,2.515685946433393
bb_ipp_adaptive,wind,3039,253.16666666666663,2.527079416766311
bb_ipp_adaptive,wind,3040,253.25,2.515693121735068
bb_ipp_adaptive,wind,3041,253.33333333333337,2.5423840210730386
bb_ipp_adaptive,wind,3042,253.41666666666663,2.546896000722715
bb_ipp_adaptive,wind,3043,253.5,2.5590962746840358
bb_ipp_adaptive,wind,3044,253.58333333333337,2.558607214091722
bb_ipp_adaptive,wind,3045,253.66666666666663,2.538467978122842
bb_ipp_adaptive,wind,3046,253.75,2.510170309616845
bb_ipp_adaptive,wind,3047,253.83333333333337,2.5030967918202034
bb_ipp_adaptive,wind,3048,253.91666666666663,2.5211221619976856
bb_ipp_adaptive,wind,3049,254.0,2.488197692393982
bb_ipp_adaptive,wind,3050,254.08333333333337,2.4975989255572277
bb_ipp_adaptive,wind,3051,254.16666666666663,2.4983471263186607
bb_ipp_adaptive,wind,3052,254.25,2.466297379434035
bb_ipp_adaptive,wind,3053,254.33333333333337,2.5027605339884027
bb_ipp_adaptive,wind,3054,254.41666666666663,2.498353233508352
bb_ipp_adaptive,wind,3055,254.5,2.5340706688214487
bb_ipp_adaptive,wind,3056,254.58333333333337,2.538549853459949
bb_ipp_adaptive,wind,3057,254.66666666666663,2.5084112222947663
bb_ipp_adaptive,wind,3058,254.75,2.5077292342928907
bb_ipp_adaptive,wind,3059,254.83333333333337,2.5059838811250748
bb_ipp_adaptive,wind,3060,254.91666666666663,2.485569050446506
bb_ipp_adaptive,wind,3061,255.0,2.480842584644184
bb_ipp_adaptive,wind,3062,255.08333333333337,2.453013314674086
bb_ipp_adaptive,wind,3063,255.16666666666663,2.468358430711894
bb_ipp_adaptive,wind,3064,255.25,2.4764903746265343
bb_ipp_adaptive,wind,3065,255.33333333333337,2.492274974868904
bb_ipp_adaptive,wind,3066,255.41666666666663,2.451921470011336
bb_ipp_adaptive,wind,3067,255.5,2.4567212628243165
bb_ipp_adaptive,wind,3068,255.58333333333337,2.461468028233034
bb_ipp_adaptive,wind,3069,255.66666666666663,2.470531345396184
bb_ipp_adaptive,wind,3070,255.75,2.464818151880784
bb_ipp_adaptive,wind,3071,255.83333333333337,2.4590036997501192
bb_ipp_adaptive,wind,3072,255.91666666666663,2.4580082195759987
bb_ipp_adaptive,wind,3073,256.0,2.4574633242632786
bb_ipp_adaptive,wind,3074,256.08333333333337,2.4557396717493485
bb_ipp_adaptive,wind,3075,256.16666666666663,2.447348306645041
bb_ipp_adaptive,wind,3076,256.25,2.462539941798013
bb_ipp_adaptive,wind,3077,256.33333333333337,2.4355624324911145
bb_ipp_adaptive,wind,3078,256.41666666666663,2.4183646265948022
bb_ipp_adaptive,wind,3079,256.5,2.4300596732259385
bb_ipp_adaptive,wind,3080,256.58333333333337,2.4353873284884364
bb_ipp_adaptive,wind,3081,256.66666666666663,2.404191880265493
bb_ipp_adaptive,wind,3082,256.75,2.43472310301261
bb_ipp_adaptive,wind,3083,256.83333333333337,2.429970829196194
bb_ipp_adaptive,wind,3084,256.91666666666663,2.4539862997279043
bb_ipp_adaptive,wind,3085,257.0,2.43667240339987
bb_ipp_adaptive,wind,3086,257.08333333333337,2.4670372574015422
bb_ipp_adaptive,wind,3087,257.16666666666663,2.476614382097387
bb_ipp_adaptive,wind,3088,257.25,2.459105526535553
bb_ipp_adaptive,wind,3089,257.33333333333337,2.4746137740153826
bb_ipp_adaptive,wind,3090,257.41666666666663,2.5164973443675853
bb_ipp_adaptive,wind,3091,257.5,2.496175163492146
bb_ipp_adaptive,wind,3092,257.58333333333337,2.503167161113039
bb_ipp_adaptive,wind,3093,257.66666666666663,2.4749596160873475
bb_ipp_adaptive,wind,3094,257.75,2.4577726727032276
bb_ipp_adaptive,wind,3095,257.83333333333337,2.4731514652902487
bb_ipp_adaptive,wind,3096,257.91666666666663,2.482293780248025
bb_ipp_adaptive,wind,3097,258.0,2.477877715059012
bb_ipp_adaptive,wind,3098,258.08333333333337,2.4932929772652996
bb_ipp_adaptive,wind,3099,258.16666666666663,2.5021896261149608
bb_ipp_adaptive,wind,3100,258.25,2.517785839010916
bb_ipp_adaptive,wind,3101,258.33333333333337,2.4816401647114543
bb_ipp_adaptive,wind,3102,258.41666666666663,2.4746220971727495
bb_ipp_adaptive,wind,3103,258.5,2.478215722187217
bb_ipp_adaptive,wind,3104,258.58333333333337,2.476444624773323
bb_ipp_adaptive,wind,3105,258.66666666666663,2.5197210821685454
bb_ipp_adaptive,wind,3106,258.75,2.4957414477826423
bb_ipp_adaptive,wind,3107,258.83333333333337,2.528451277171365
bb_ipp_adaptive,wind,3108,258.91666666666663,2.5113305588333024
bb_ipp_adaptive,wind,3109,259.0,2.493366810411105
bb_ipp_adaptive,wind,3110,259.08333333333337,2.484371724781165
bb_ipp_adaptive,wind,3111,259.16666666666663,2.5015254781452994
bb_ipp_adaptive,wind,3112,259.25,2.4898782308218874
bb_ipp_adaptive,wind,3113,259.33333333333337,2.5051673216065584
bb_ipp_adaptive,wind,3114,259.41666666666663,2.52485517132391
bb_ipp_adaptive,wind,3115,259.5,2.5165389264667097
bb_ipp_adaptive,wind,3116,259.58333333333337,2.5373214405952127
bb_ipp_adaptive,wind,3117,259.66666666666663,2.5717252966739745
bb_ipp_adaptive,wind,3118,259.75,2.5800701005767666
bb_ipp_adaptive,wind,3119,259.83333333333337,2.5352393680263408
bb_ipp_adaptive,wind,3120,259.91666666666663,2.520557987790069
bb_ipp_adaptive,wind,3121,260.0,2.537812957085445
bb_ipp_adaptive,wind,3122,260.08333333333337,2.542179840604501
bb_ipp_adaptive,wind,3123,260.16666666666663,2.525972241442073
bb_ipp_adaptive,wind,3124,260.25,2.5387615334787044
bb_ipp_adaptive,wind,3125,260.33333333333337,2.5060657281824743
bb_ipp_adaptive,wind,3126,260.41666666666663,2.5260850884108237
bb_ipp_adaptive,wind,3127,260.5,2.5217311842885777
bb_ipp_adaptive,wind,3128,260.58333333333337,2.496502744805079
bb_ipp_adaptive,wind,3129,260.66666666666663,2.5050080511265835
bb_ipp_adaptive,wind,3130,260.75,2.487603615906882
bb_ipp_adaptive,wind,3131,260.83333333333337,2.47993116981325
bb_ipp_adaptive,wind,3132,260.91666666666663,2.4877930174939924
bb_ipp_adaptive,wind,3133,261.0,2.495709136684193
bb_ipp_adaptive,wind,3134,261.08333333333337,2.497938194274588
bb_ipp_adaptive,wind,3135,261.16666666666663,2.4872933922180347
bb_ipp_adaptive,wind,3136,261.25,2.4982175349880382
bb_ipp_adaptive,wind,3137,261.33333333333337,2.497892431031124
bb_ipp_adaptive,wind,3138,261.41666666666663,2.494814684517476
bb_ipp_adaptive,wind,3139,261.5,2.48930586753806
bb_ipp_adaptive,wind,3140,261.58333333333337,2.446380173790665
bb_ipp_adaptive,wind,3141,261.66666666666663,2.440266832046553
bb_ipp_adaptive,wind,3142,261.75,2.4430732799420367
bb_ipp_adaptive,wind,3143,261.83333333333337,2.4444772670035833
bb_ipp_adaptive,wind,3144,261.91666666666663,2.455475230007033
bb_ipp_adaptive,wind,3145,262.0,2.449225631791524
bb_ipp_adaptive,wind,3146,262.08333333333337,2.461949260601811
bb_ipp_adaptive,wind,3147,262.16666666666663,2.4602165209890368
bb_ipp_adaptive,wind,3148,262.25,2.4551238174360828
bb_ipp_adaptive,wind,3149,262.33333333333337,2.4619655476762268
bb_ipp_adaptive,wind,3150,262.41666666666663,2.44563393131334
bb_ipp_adaptive,wind,3151,262.5,2.4468293761053914
bb_ipp_adaptive,wind,3152,262.58333333333337,2.4116488636215823
bb_ipp_adaptive,wind,3153,262.66666666666663,2.4617415147985304
bb_ipp_adaptive,wind,3154,262.75,2.449455682775236
bb_ipp_adaptive,wind,3155,262.83333333333337,2.4228418812965917
bb_ipp_adaptive,wind,3156,262.91666666666663,2.428332382196739
bb_ipp_adaptive,wind,3157,263.0,2.4448492660426306
bb_ipp_adaptive,wind,3158,263.08333333333337,2.439148841804735
bb_ipp_adaptive,wind,3159,263.16666666666663,2.407979130805589
bb_ipp_adaptive,wind,3160,263.25,2.3739857462615013
bb_ipp_adaptive,wind,3161,263.33333333333337,2.3618848019110943
bb_ipp_adaptive,wind,3162,263.41666666666663,2.358949700355623
bb_ipp_adaptive,wind,3163,263.5,2.3834139399553917
bb_ipp_adaptive,wind,3164,263.58333333333337,2.3624315907626987
bb_ipp_adaptive,wind,3165,263.66666666666663,2.3451296027829804
bb_ipp_adaptive,wind,3166,263.75,2.35304495576139
bb_ipp_adaptive,wind,3167,263.83333333333337,2.351271018620521
bb_ipp_adaptive,wind,3168,263.91666666666663,2.350703252476972
bb_ipp_adaptive,wind,3169,264.0,2.3644308411904382
bb_ipp_adaptive,wind,3170,264.08333333333337,2.382243453272368
bb_ipp_adaptive,wind,3171,264.16666666666663,2.4160770778976115
bb_ipp_adaptive,wind,3172,264.25,2.4345055793891928
bb_ipp_adaptive,wind,3173,264.33333333333337,2.42118088531187
bb_ipp_adaptive,wind,3174,264.41666666666663,2.4293760879955166
bb_ipp_adaptive,wind,3175,264.5,2.3919749940963455
bb_ipp_adaptive,wind,3176,264.58333333333337,2.3937053957761067
bb_ipp_adaptive,wind,3177,264.66666666666663,2.414462398680742
bb_ipp_adaptive,wind,3178,264.75,2.4377846182127394
bb_ipp_adaptive,wind,3179,264.83333333333337,2.4328521063131108
bb_ipp_adaptive,wind,3180,264.91666666666663,2.4413882067405015
bb_ipp_adaptive,wind,3181,265.0,2.429079873512222
bb_ipp_adaptive,wind,3182,265.08333333333337,2.414165456830501
bb_ipp_adaptive,wind,3183,265.16666666666663,2.430758245784025
bb_ipp_adaptive,wind,3184,265.25,2.4778333976147353
bb_ipp_adaptive,wind,3185,265.33333333333337,2.495230843236848
bb_ipp_adaptive,wind,3186,265.41666666666663,2.49696607736872
bb_ipp_adaptive,wind,3187,265.5,2.5139740307252234
bb_ipp_adaptive,wind,3188,265.58333333333337,2.5004465938777045
bb_ipp_adaptive,wind,3189,265.66666666666663,2.4970352282244472
bb_ipp_adaptive,wind,3190,265.75,2.526122667015477
bb_ipp_adaptive,wind,3191,265.83333333333337,2.5075008454597736
bb_ipp_adaptive,wind,3192,265.91666666666663,2.4782594113928575
bb_ipp_adaptive,wind,3193,266.0,2.5216799004367005
bb_ipp_adaptive,wind,3194,266.08333333333337,2.5212329972198733
bb_ipp_adaptive,wind,3195,266.16666666666663,2.486607255282238
bb_ipp_adaptive,wind,3196,266.25,2.473695902033938
bb_ipp_adaptive,wind,3197,266.33333333333337,2.4989327339178806
bb_ipp_adaptive,wind,3198,266.41666666666663,2.486500054612381
bb_ipp_adaptive,wind,3199,266.5,2.4800908044901298
bb_ipp_adaptive,wind,3200,266.58333333333337,2.499371720624736
bb_ipp_adaptive,wind,3201,266.66666666666663,2.517791183663512
bb_ipp_adaptive,wind,3202,266.75,2.5262306925117617
bb_ipp_adaptive,wind,3203,266.83333333333337,2.5325864009246994
bb_ipp_adaptive,wind,3204,266.91666666666663,2.5512802263326626
bb_ipp_adaptive,wind,3205,267.0,2.564549642272795
bb_ipp_adaptive,wind,3206,267.08333333333337,2.5262065056561016
bb_ipp_adaptive,wind,3207,267.16666666666663,2.538932093230565
bb_ipp_adaptive,wind,3208,267.25,2.513384813909764
bb_ipp_adaptive,wind,3209,267.33333333333337,2.519677421867123
bb_ipp_adaptive,wind,3210,267.41666666666663,2.508312159569157
bb_ipp_adaptive,wind,3211,267.5,2.5041154066566067
bb_ipp_adaptive,wind,3212,267.58333333333337,2.500472982785268
bb_ipp_adaptive,wind,3213,267.66666666666663,2.476235588923591
bb_ipp_adaptive,wind,3214,267.75,2.4461537506042372
bb_ipp_adaptive,wind,3215,267.83333333333337,2.4589247340014784
bb_ipp_adaptive,wind,3216,267.91666666666663,2.4667664847352992
bb_ipp_adaptive,wind,3217,268.0,2.4769568614812356
bb_ipp_adaptive,wind,3218,268.08333333333337,2.4681763580360188
bb_ipp_adaptive,wind,3219,268.16666666666663,2.4528918195947718
bb_ipp_adaptive,wind,3220,268.25,2.4467668867520778
bb_ipp_adaptive,wind,3221,268.33333333333337,2.44490754811925
bb_ipp_adaptive,wind,3222,268.41666666666663,2.4571853788883082
bb_ipp_adaptive,wind,3223,268.5,2.4216869237820067
bb_ipp_adaptive,wind,3224,268.58333333333337,2.394164049795146
bb_ipp_adaptive,wind,3225,268.66666666666663,2.4093812193999806
bb_ipp_adaptive,wind,3226,268.75,2.4074711735463463
bb_ipp_adaptive,wind,3227,268.83333333333337,2.3981525799028103
bb_ipp_adaptive,wind,3228,268.91666666666663,2.385646850461457
bb_ipp_adaptive,wind,3229,269.0,2.3991576616090127
bb_ipp_adaptive,wind,3230,269.08333333333337,2.3918953250773387
bb_ipp_adaptive,wind,3231,269.16666666666663,2.404726069379954
bb_ipp_adaptive,wind,3232,269.25,2.40556485952831
bb_ipp_adaptive,wind,3233,269.33333333333337,2.410155221164183
bb_ipp_adaptive,wind,3234,269.41666666666663,2.4228613307837468
bb_ipp_adaptive,wind,3235,269.5,2.433644874733469
bb_ipp_adaptive,wind,3236,269.58333333333337,2.4084596649294445
bb_ipp_adaptive,wind,3237,269.66666666666663,2.4145528568486516
bb_ipp_adaptive,wind,3238,269.75,2.4300445949969065
bb_ipp_adaptive,wind,3239,269.83333333333337,2.41826372321006
bb_ipp_adaptive,wind,3240,269.91666666666663,2.4169331793333657
bb_ipp_adaptive,wind,3241,270.0,2.377003038373096
bb_ipp_adaptive,wind,3242,270.08333333333337,2.397279584380516
bb_ipp_adaptive,wind,3243,270.16666666666663,2.4009264338793894
bb_ipp_adaptive,wind,3244,270.25,2.4258127765047006
bb_ipp_adaptive,wind,3245,270.33333333333337,2.4409966080053076
bb_ipp_adaptive,wind,3246,270.41666666666663,2.4431902568373016
bb_ipp_adaptive,wind,3247,270.5,2.447892198311723
bb_ipp_adaptive,wind,3248,270.58333333333337,2.4424457439821405
bb_ipp_adaptive,wind,3249,270.66666666666663,2.445734919922073
bb_ipp_adaptive,wind,3250,270.75,2.482072921901758
bb_ipp_adaptive,wind,3251,270.83333333333337,2.5057221077315557
bb_ipp_adaptive,wind,3252,270.91666666666663,2.5208541001719396
bb_ipp_adaptive,wind,3253,271.0,2.523147512123694
bb_ipp_adaptive,wind,3254,271.08333333333337,2.4970239662115925
bb_ipp_adaptive,wind,3255,271.16666666666663,2.4841830660393054
bb_ipp_adaptive,wind,3256,271.25,2.495166657958087
bb_ipp_adaptive,wind,3257,271.33333333333337,2.4891613552225555
bb_ipp_adaptive,wind,3258,271.41666666666663,2.504066843387024
bb_ipp_adaptive,wind,3259,271.5,2.4935119992660297
bb_ipp_adaptive,wind,3260,271.58333333333337,2.5196130223124165
bb_ipp_adaptive,wind,3261,271.66666666666663,2.512225823867638
bb_ipp_adaptive,wind,3262,271.75,2.5264401790178037
bb_ipp_adaptive,wind,3263,271.83333333333337,2.5287708315668755
bb_ipp_adaptive,wind,3264,271.91666666666663,2.536805332218428
bb_ipp_adaptive,wind,3265,272.0,2.529262766528996
bb_ipp_adaptive,wind,3266,272.08333333333337,2.5144760580847656
bb_ipp_adaptive,wind,3267,272.16666666666663,2.5099235718053414
bb_ipp_adaptive,wind,3268,272.25,2.517241827065465
bb_ipp_adaptive,wind,3269,272.33333333333337,2.532754616604878
bb_ipp_adaptive,wind,3270,272.41666666666663,2.5503580898820806
bb_ipp_adaptive,wind,3271,272.5,2.532211824767757
bb_ipp_adaptive,wind,3272,272.58333333333337,2.5537226967059774
bb_ipp_adaptive,wind,3273,272.66666666666663,2.54803421287854
bb_ipp_adaptive,wind,3274,272.75,2.5954312646518924
bb_ipp_adaptive,wind,3275,272.83333333333337,2.5942871978467505
bb_ipp_adaptive,wind,3276,272.91666666666663,2.5860970873326203
bb_ipp_adaptive,wind,3277,273.0,2.584269423503477
bb_ipp_adaptive,wind,3278,273.08333333333337,2.545444096870416
bb_ipp_adaptive,wind,3279,273.16666666666663,2.542380827163076
bb_ipp_adaptive,wind,3280,273.25,2.505340634317569
bb_ipp_adaptive,wind,3281,273.33333333333337,2.4928612107085715
bb_ipp_adaptive,wind,3282,273.41666666666663,2.5414329606317922
bb_ipp_adaptive,wind,3283,273.5,2.505083124416173
bb_ipp_adaptive,wind,3284,273.58333333333337,2.458155879200568
bb_ipp_adaptive,wind,3285,273.66666666666663,2.465203619111697
bb_ipp_adaptive,wind,3286,273.75,2.493917289784897
bb_ipp_adaptive,wind,3287,273.83333333333337,2.4833146005984505
bb_ipp_adaptive,wind,3288,273.91666666666663,2.4849105551282213
bb_ipp_adaptive,wind,3289,274.0,2.488728198965014
bb_ipp_adaptive,wind,3290,274.08333333333337,2.464993282969525
bb_ipp_adaptive,wind,3291,274.16666666666663,2.4433681863635868
bb_ipp_adaptive,wind,3292,274.25,2.4138018778456543
bb_ipp_adaptive,wind,3293,274.33333333333337,2.404513329231643
bb_ipp_adaptive,wind,3294,274.41666666666663,2.4116864367927056
bb_ipp_adaptive,wind,3295,274.5,2.4161868086157847
bb_ipp_adaptive,wind,3296,274.58333333333337,2.4142697956251573
bb_ipp_adaptive,wind,3297,274.66666666666663,2.4205266244235752
bb_ipp_adaptive,wind,3298,274.75,2.438382368483379
bb_ipp_adaptive,wind,3299,274.83333333333337,2.4513866460956693
bb_ipp_adaptive,wind,3300,274.91666666666663,2.462055274906158
bb_ipp_adaptive,wind,3301,275.0,2.477426559409144
bb_ipp_adaptive,wind,3302,275.08333333333337,2.4951253042950317
bb_ipp_adaptive,wind,3303,275.16666666666663,2.4961506956636454
bb_ipp_adaptive,wind,3304,275.25,2.4636321919942907
bb_ipp_adaptive,wind,3305,275.33333333333337,2.4438934131314363
bb_ipp_adaptive,wind,3306,275.41666666666663,2.4287483270482673
bb_ipp_adaptive,wind,3307,275.5,2.4198808049713287
bb_ipp_adaptive,wind,3308,275.58333333333337,2.4025081160828377
bb_ipp_adaptive,wind,3309,275.66666666666663,2.4218174712217038
bb_ipp_adaptive,wind,3310,275.75,2.403615457805944
bb_ipp_adaptive,wind,3311,275.83333333333337,2.40626847064719
bb_ipp_adaptive,wind,3312,275.91666666666663,2.4061975239723785
bb_ipp_adaptive,wind,3313,276.0,2.404295685889321
bb_ipp_adaptive,wind,3314,276.08333333333337,2.4030129007456806
bb_ipp_adaptive,wind,3315,276.16666666666663,2.428697987427211
bb_ipp_adaptive,wind,3316,276.25,2.450651905303454
bb_ipp_adaptive,wind,3317,276.33333333333337,2.478355700922673
bb_ipp_adaptive,wind,3318,276.41666666666663,2.4502065076698947
bb_ipp_adaptive,wind,3319,276.5,2.4384427945509937
bb_ipp_adaptive,wind,3320,276.58333333333337,2.435804746229278
bb_ipp_adaptive,wind,3321,276.66666666666663,2.4623919455168197
bb_ipp_adaptive,wind,3322,276.75,2.4206516182722213
bb_ipp_adaptive,wind,3323,276.83333333333337,2.3791494509805258
bb_ipp_adaptive,wind,3324,276.91666666666663,2.35724092824176
bb_ipp_adaptive,wind,3325,277.0,2.3609153008077914
bb_ipp_adaptive,wind,3326,277.08333333333337,2.3519582119879168
bb_ipp_adaptive,wind,3327,277.16666666666663,2.3802209319466425
bb_ipp_adaptive,wind,3328,277.25,2.385510391359505
bb_ipp_adaptive,wind,3329,277.33333333333337,2.340967870319899
bb_ipp_adaptive,wind,3330,277.41666666666663,2.3376802989002914
bb_ipp_adaptive,wind,3331,277.5,2.3516804824023447
bb_ipp_adaptive,wind,3332,277.58333333333337,2.3824310103664392
bb_ipp_adaptive,wind,3333,277.66666666666663,2.39217269451266
bb_ipp_adaptive,wind,3334,277.75,2.4016912173423703
bb_ipp_adaptive,wind,3335,277.83333333333337,2.3997289601523657
bb_ipp_adaptive,wind,3336,277.91666666666663,2.4026532295605114
bb_ipp_adaptive,wind,3337,278.0,2.395587913902799
bb_ipp_adaptive,wind,3338,278.08333333333337,2.4051526262367457
bb_ipp_adaptive,wind,3339,278.16666666666663,2.411321878141782
bb_ipp_adaptive,wind,3340,278.25,2.410517902886772
bb_ipp_adaptive,wind,3341,278.33333333333337,2.443321265054201
bb_ipp_adaptive,wind,3342,278.41666666666663,2.4585201179751217
bb_ipp_adaptive,wind,3343,278.5,2.4471671964941772
bb_ipp_adaptive,wind,3344,278.58333333333337,2.4611015134872187
bb_ipp_adaptive,wind,3345,278.66666666666663,2.4446746353082456
bb_ipp_adaptive,wind,3346,278.75,2.441056952986344
bb_ipp_adaptive,wind,3347,278.83333333333337,2.4527870196633375
bb_ipp_adaptive,wind,3348,278.91666666666663,2.465323074326085
bb_ipp_adaptive,wind,3349,279.0,2.4663094900420277
bb_ipp_adaptive,wind,3350,279.08333333333337,2.433676817553929
bb_ipp_adaptive,wind,3351,279.16666666666663,2.428412642258925
bb_ipp_adaptive,wind,3352,279.25,2.4239801570937116
bb_ipp_adaptive,wind,3353,279.33333333333337,2.4533039578741014
bb_ipp_adaptive,wind,3354,279.41666666666663,2.4300575782034293
bb_ipp_adaptive,wind,3355,279.5,2.394933345789826
bb_ipp_adaptive,wind,3356,279.58333333333337,2.4153078033635875
bb_ipp_adaptive,wind,3357,279.66666666666663,2.399189738394554
bb_ipp_adaptive,wind,3358,279.75,2.4032984745667343
bb_ipp_adaptive,wind,3359,279.83333333333337,2.396967316227037
bb_ipp_adaptive,wind,3360,279.91666666666663,2.413773674261697
bb_ipp_adaptive,wind,3361,280.0,2.412732013660121
bb_ipp_adaptive,wind,3362,280.08333333333337,2.3962375167406127
bb_ipp_adaptive,wind,3363,280.16666666666663,2.3913298334056994
bb_ipp_adaptive,wind,3364,280.25,2.3497331186496453
bb_ipp_adaptive,wind,3365,280.33333333333337,2.3795936740887784
bb_ipp_adaptive,wind,3366,280.41666666666663,2.35679890375088
bb_ipp_adaptive,wind,3367,280.5,2.39093694053876
bb_ipp_adaptive,wind,3368,280.58333333333337,2.38027617991917
bb_ipp_adaptive,wind,3369,280.66666666666663,2.37061357068289
bb_ipp_adaptive,wind,3370,280.75,2.3465149816808926
bb_ipp_adaptive,wind,3371,280.83333333333337,2.3303802669051525
bb_ipp_adaptive,wind,3372,280.91666666666663,2.3169375618981984
bb_ipp_adaptive,wind,3373,281.0,2.3236748209664584
bb_ipp_adaptive,wind,3374,281.08333333333337,2.328165261120183
bb_ipp_adaptive,wind,3375,281.16666666666663,2.320242451732265
bb_ipp_adaptive,wind,3376,281.25,2.316086911734124
bb_ipp_adaptive,wind,3377,281.33333333333337,2.334030245790294
bb_ipp_adaptive,wind,3378,281.41666666666663,2.304791383635338
bb_ipp_adaptive,wind,3379,281.5,2.296316822607091
bb_ipp_adaptive,wind,3380,281.58333333333337,2.3017762310463774
bb_ipp_adaptive,wind,3381,281.66666666666663,2.29924138044231
bb_ipp_adaptive,wind,3382,281.75,2.265190087687922
bb_ipp_adaptive,wind,3383,281.83333333333337,2.2554884228060588
bb_ipp_adaptive,wind,3384,281.91666666666663,2.275654673798968
bb_ipp_adaptive,wind,3385,282.0,2.2892492697507336
bb_ipp_adaptive,wind,3386,282.08333333333337,2.3007182066513745
bb_ipp_adaptive,wind,3387,282.16666666666663,2.3155447186597105
bb_ipp_adaptive,wind,3388,282.25,2.289783628800267
bb_ipp_adaptive,wind,3389,282.33333333333337,2.2825691299082513
bb_ipp_adaptive,wind,3390,282.41666666666663,2.2908995927199896
bb_ipp_adaptive,wind,3391,282.5,2.2909923920182105
bb_ipp_adaptive,wind,3392,282.58333333333337,2.2984750930672857
bb_ipp_adaptive,wind,3393,282.66666666666663,2.2928718859483905
bb_ipp_adaptive,wind,3394,282.75,2.30422844707671
bb_ipp_adaptive,wind,3395,282.83333333333337,2.320516516838918
bb_ipp_adaptive,wind,3396,282.91666666666663,2.319973703563717
bb_ipp_adaptive,wind,3397,283.0,2.3188933514527093
bb_ipp_adaptive,wind,3398,283.08333333333337,2.319383213900677
bb_ipp_adaptive,wind,3399,283.16666666666663,2.307706257194404
bb_ipp_adaptive,wind,3400,283.25,2.322014871405974
bb_ipp_adaptive,wind,3401,283.33333333333337,2.3220727448461798
bb_ipp_adaptive,wind,3402,283.41666666666663,2.30746712849128
bb_ipp_adaptive,wind,3403,283.5,2.3361831769459145
bb_ipp_adaptive,wind,3404,283.58333333333337,2.3181733902326105
bb_ipp_adaptive,wind,3405,283.66666666666663,2.333524501991664
bb_ipp_adaptive,wind,3406,283.75,2.3423636635332947
bb_ipp_adaptive,wind,3407,283.83333333333337,2.3221783870753825
bb_ipp_adaptive,wind,3408,283.91666666666663,2.3404099799815823
bb_ipp_adaptive,wind,3409,284.0,2.364245722440474
bb_ipp_adaptive,wind,3410,284.08333333333337,2.365239315871721
bb_ipp_adaptive,wind,3411,284.16666666666663,2.361702103526861
bb_ipp_adaptive,wind,3412,284.25,2.3762466766242687
bb_ipp_adaptive,wind,3413,284.33333333333337,2.3725804319445745
bb_ipp_adaptive,wind,3414,284.41666666666663,2.396060888628471
bb_ipp_adaptive,wind,3415,284.5,2.3806641020428607
bb_ipp_adaptive,wind,3416,284.58333333333337,2.3941675264245674
bb_ipp_adaptive,wind,3417,284.66666666666663,2.3936038807285107
bb_ipp_adaptive,wind,3418,284.75,2.384209425858694
bb_ipp_adaptive,wind,3419,284.83333333333337,2.409468988178724
bb_ipp_adaptive,wind,3420,284.91666666666663,2.39935279335328
bb_ipp_adaptive,wind,3421,285.0,2.4266768799144467
bb_ipp_adaptive,wind,3422,285.08333333333337,2.4276321244712835
bb_ipp_adaptive,wind,3423,285.16666666666663,2.4170880544707884
bb_ipp_adaptive,wind,3424,285.25,2.3827960513036808
bb_ipp_adaptive,wind,3425,285.33333333333337,2.41976818027446
bb_ipp_adaptive,wind,3426,285.41666666666663,2.3830834115854858
bb_ipp_adaptive,wind,3427,285.5,2.3948278405049463
bb_ipp_adaptive,wind,3428,285.58333333333337,2.40220594613175
bb_ipp_adaptive,wind,3429,285.66666666666663,2.4122137402300567
bb_ipp_adaptive,wind,3430,285.75,2.4364820253291923
bb_ipp_adaptive,wind,3431,285.83333333333337,2.422183479964893
bb_ipp_adaptive,wind,3432,285.91666666666663,2.430657147670659
bb_ipp_adaptive,wind,3433,286.0,2.4369198558587093
bb_ipp_adaptive,wind,3434,286.08333333333337,2.4127454436341185
bb_ipp_adaptive,wind,3435,286.16666666666663,2.4224521862664594
bb_ipp_adaptive,wind,3436,286.25,2.3897436132532723
bb_ipp_adaptive,wind,3437,286.33333333333337,2.3954017914862202
bb_ipp_adaptive,wind,3438,286.41666666666663,2.396887689867628
bb_ipp_adaptive,wind,3439,286.5,2.398252000605324
bb_ipp_adaptive,wind,3440,286.58333333333337,2.3982989544063202
bb_ipp_adaptive,wind,3441,286.66666666666663,2.3855780490493914
bb_ipp_adaptive,wind,3442,286.75,2.391881086276242
bb_ipp_adaptive,wind,3443,286.83333333333337,2.382269688566235
bb_ipp_adaptive,wind,3444,286.91666666666663,2.375729744566125
bb_ipp_adaptive,wind,3445,287.0,2.3725545551608773
bb_ipp_adaptive,wind,3446,287.08333333333337,2.3534243737321976
bb_ipp_adaptive,wind,3447,287.16666666666663,2.3298709508473623
bb_ipp_adaptive,wind,3448,287.25,2.338387890054883
bb_ipp_adaptive,wind,3449,287.33333333333337,2.356475803857708
bb_ipp_adaptive,wind,3450,287.41666666666663,2.355857533981462
bb_ipp_adaptive,wind,3451,287.5,2.3541140227910726
bb_ipp_adaptive,wind,3452,287.58333333333337,2.3282575149194384
bb_ipp_adaptive,wind,3453,287.66666666666663,2.336508981092308
bb_ipp_adaptive,wind,3454,287.75,2.343099598447864
bb_ipp_adaptive,wind,3455,287.83333333333337,2.3444821713624626
bb_ipp_adaptive,wind,3456,287.91666666666663,2.3242413549507464
bb_ipp_adaptive,wind,3457,288.0,2.2998202950287605
bb_ipp_adaptive,wind,3458,288.08333333333337,2.2725856381669804
bb_ipp_adaptive,wind,3459,288.16666666666663,2.2421396164623104
bb_ipp_adaptive,wind,3460,288.25,2.2500772623317724
bb_ipp_adaptive,wind,3461,288.33333333333337,2.2453359544023708
bb_ipp_adaptive,wind,3462,288.41666666666663,2.2529370419042207
bb_ipp_adaptive,wind,3463,288.5,2.247501607787984
bb_ipp_adaptive,wind,3464,288.58333333333337,2.2806026044980126
bb_ipp_adaptive,wind,3465,288.66666666666663,2.282553937244635
bb_ipp_adaptive,wind,3466,288.75,2.280632349812
bb_ipp_adaptive,wind,3467,288.83333333333337,2.255505795209913
bb_ipp_adaptive,wind,3468,288.91666666666663,2.2662545333810815
bb_ipp_adaptive,wind,3469,289.0,2.2661816001620267
bb_ipp_adaptive,wind,3470,289.08333333333337,2.2654635084297743
bb_ipp_adaptive,wind,3471,289.16666666666663,2.2832516520072192
bb_ipp_adaptive,wind,3472,289.25,2.281258110879708
bb_ipp_adaptive,wind,3473,289.33333333333337,2.256785437258886
bb_ipp_adaptive,wind,3474,289.41666666666663,2.2336662683645976
bb_ipp_adaptive,wind,3475,289.5,2.243321864770786
bb_ipp_adaptive,wind,3476,289.58333333333337,2.268766049614791
bb_ipp_adaptive,wind,3477,289.66666666666663,2.275514480412282
bb_ipp_adaptive,wind,3478,289.75,2.264261659053172
bb_ipp_adaptive,wind,3479,289.83333333333337,2.2803974310686805
bb_ipp_adaptive,wind,3480,289.91666666666663,2.2865752475709007
bb_ipp_adaptive,wind,3481,290.0,2.269866546826449
bb_ipp_adaptive,wind,3482,290.08333333333337,2.302608018800768
bb_ipp_adaptive,wind,3483,290.16666666666663,2.2976915996472993
bb_ipp_adaptive,wind,3484,290.25,2.302571959132515
bb_ipp_adaptive,wind,3485,290.33333333333337,2.301771857765955
bb_ipp_adaptive,wind,3486,290.41666666666663,2.3107272435064106
bb_ipp_adaptive,wind,3487,290.5,2.3276598277023393
bb_ipp_adaptive,wind,3488,290.58333333333337,2.33099584561615
bb_ipp_adaptive,wind,3489,290.66666666666663,2.3207838035128643
bb_ipp_adaptive,wind,3490,290.75,2.339082809400276
bb_ipp_adaptive,wind,3491,290.83333333333337,2.3244133329527585
bb_ipp_adaptive,wind,3492,290.91666666666663,2.3278068356745822
bb_ipp_adaptive,wind,3493,291.0,2.3280668090379057
bb_ipp_adaptive,wind,3494,291.08333333333337,2.3735377777615243
bb_ipp_adaptive,wind,3495,291.16666666666663,2.3622156320410754
bb_ipp_adaptive,wind,3496,291.25,2.3583942674231717
bb_ipp_adaptive,wind,3497,291.33333333333337,2.380996280352457
bb_ipp_adaptive,wind,3498,291.41666666666663,2.3915706893468602
bb_ipp_adaptive,wind,3499,291.5,2.391239118197162
bb_ipp_adaptive,wind,3500,291.58333333333337,2.398471610629969
bb_ipp_adaptive,wind,3501,291.66666666666663,2.37319498045931
bb_ipp_adaptive,wind,3502,291.75,2.3660469965297457
bb_ipp_adaptive,wind,3503,291.83333333333337,2.372365083180029
bb_ipp_adaptive,wind,3504,291.91666666666663,2.3801092173820755
bb_ipp_adaptive,wind,3505,292.0,2.367709715169842
bb_ipp_adaptive,wind,3506,292.08333333333337,2.3674605273680815
bb_ipp_adaptive,wind,3507,292.16666666666663,2.3573632373197144
bb_ipp_adaptive,wind,3508,292.25,2.3579046844133873
bb_ipp_adaptive,wind,3509,292.33333333333337,2.3642423407919075
bb_ipp_adaptive,wind,3510,292.41666666666663,2.3544599941759388
bb_ipp_adaptive,wind,3511,292.5,2.353638830285031
bb_ipp_adaptive,wind,3512,292.58333333333337,2.3590985430769895
bb_ipp_adaptive,wind,3513,292.66666666666663,2.354980277192489
bb_ipp_adaptive,wind,3514,292.75,2.3460670642564416
bb_ipp_adaptive,wind,3515,292.83333333333337,2.3547835226566707
bb_ipp_adaptive,wind,3516,292.91666666666663,2.3663114978140456
bb_ipp_adaptive,wind,3517,293.0,2.3792964935971326
bb_ipp_adaptive,wind,3518,293.08333333333337,2.3556736135484684
bb_ipp_adaptive,wind,3519,293.16666666666663,2.3490442385624335
bb_ipp_adaptive,wind,3520,293.25,2.348384961909439
bb_ipp_adaptive,wind,3521,293.33333333333337,2.313043930520054
bb_ipp_adaptive,wind,3522,293.41666666666663,2.312458090243925
bb_ipp_adaptive,wind,3523,293.5,2.323882621864201
bb_ipp_adaptive,wind,3524,293.58333333333337,2.3274548727921305
bb_ipp_adaptive,wind,3525,293.66666666666663,2.3520141800161163
bb_ipp_adaptive,wind,3526,293.75,2.35515301459504
bb_ipp_adaptive,wind,3527,293.83333333333337,2.331166345051433
bb_ipp_adaptive,wind,3528,293.91666666666663,2.339481748422271
bb_ipp_adaptive,wind,3529,294.0,2.3409760261273322
bb_ipp_adaptive,wind,3530,294.08333333333337,2.3420840626891386
bb_ipp_adaptive,wind,3531,294.16666666666663,2.3299332023075245
bb_ipp_adaptive,wind,3532,294.25,2.3104347150870126
bb_ipp_adaptive,wind,3533,294.33333333333337,2.331074955500722
bb_ipp_adaptive,wind,3534,294.41666666666663,2.338108549452403
bb_ipp_adaptive,wind,3535,294.5,2.3231601421391788
bb_ipp_adaptive,wind,3536,294.58333333333337,2.31756407949854
bb_ipp_adaptive,wind,3537,294.66666666666663,2.2971298177028636
bb_ipp_adaptive,wind,3538,294.75,2.2975087807837644
bb_ipp_adaptive,wind,3539,294.83333333333337,2.294826072074794
bb_ipp_adaptive,wind,3540,294.91666666666663,2.2746988260773175
bb_ipp_adaptive,wind,3541,295.0,2.2615157503986727
bb_ipp_adaptive,wind,3542,295.08333333333337,2.2713710263878273
bb_ipp_adaptive,wind,3543,295.16666666666663,2.266653392219582
bb_ipp_adaptive,wind,3544,295.25,2.2810339236321187
bb_ipp_adaptive,wind,3545,295.33333333333337,2.27718609227418
bb_ipp_adaptive,wind,3546,295.41666666666663,2.2779167673801526
bb_ipp_adaptive,wind,3547,295.5,2.249404186077479
bb_ipp_adaptive,wind,3548,295.58333333333337,2.2560808381254605
bb_ipp_adaptive,wind,3549,295.66666666666663,2.2386603166804666
bb_ipp_adaptive,wind,3550,295.75,2.241207001158256
bb_ipp_adaptive,wind,3551,295.83333333333337,2.2482309722903877
bb_ipp_adaptive,wind,3552,295.91666666666663,2.2603646214895483
bb_ipp_adaptive,wind,3553,296.0,2.253527001569929
bb_ipp_adaptive,wind,3554,296.08333333333337,2.237707124714891
bb_ipp_adaptive,wind,3555,296.16666666666663,2.2485703466424036
bb_ipp_adaptive,wind,3556,296.25,2.2528271552089674
bb_ipp_adaptive,wind,3557,296.33333333333337,2.242637018035123
bb_ipp_adaptive,wind,3558,296.41666666666663,2.2328383596093118
bb_ipp_adaptive,wind,3559,296.5,2.2317540396922095
bb_ipp_adaptive,wind,3560,296.58333333333337,2.221550123098609
bb_ipp_adaptive,wind,3561,296.66666666666663,2.2593582501160623
bb_ipp_adaptive,wind,3562,296.75,2.2444514884438957
bb_ipp_adaptive,wind,3563,296.83333333333337,2.20115612837935
bb_ipp_adaptive,wind,3564,296.91666666666663,2.2242866559236845
bb_ipp_adaptive,wind,3565,297.0,2.253322476082132
bb_ipp_adaptive,wind,3566,297.08333333333337,2.2325970201021508
bb_ipp_adaptive,wind,3567,297.16666666666663,2.2721316445403277
bb_ipp_adaptive,wind,3568,297.25,2.29446883577592
bb_ipp_adaptive,wind,3569,297.33333333333337,2.2836134913280954
bb_ipp_adaptive,wind,3570,297.41666666666663,2.318276439943883
bb_ipp_adaptive,wind,3571,297.5,2.326754550012092
bb_ipp_adaptive,wind,3572,297.58333333333337,2.347683769558245
bb_ipp_adaptive,wind,3573,297.66666666666663,2.3461117691355646
bb_ipp_adaptive,wind,3574,297.75,2.3320910187191024
bb_ipp_adaptive,wind,3575,297.83333333333337,2.3337262959333342
bb_ipp_adaptive,wind,3576,297.91666666666663,2.342912147051106
bb_ipp_adaptive,wind,3577,298.0,2.3414729225969597
bb_ipp_adaptive,wind,3578,298.08333333333337,2.3452115722890636
bb_ipp_adaptive,wind,3579,298.16666666666663,2.3263277810582728
bb_ipp_adaptive,wind,3580,298.25,2.322208809871947
bb_ipp_adaptive,wind,3581,298.33333333333337,2.3336802091057667
bb_ipp_adaptive,wind,3582,298.41666666666663,2.3389344552548437
bb_ipp_adaptive,wind,3583,298.5,2.36159012061222
bb_ipp_adaptive,wind,3584,298.58333333333337,2.369656253392915
bb_ipp_adaptive,wind,3585,298.66666666666663,2.3694995721569065
bb_ipp_adaptive,wind,3586,298.75,2.3718126745299495
bb_ipp_adaptive,wind,3587,298.83333333333337,2.3561685053108317
bb_ipp_adaptive,wind,3588,298.91666666666663,2.348114678272236
bb_ipp_adaptive,wind,3589,299.0,2.35443782543257
bb_ipp_adaptive,wind,3590,299.08333333333337,2.343140357830868
bb_ipp_adaptive,wind,3591,299.16666666666663,2.3687449951469595
bb_ipp_adaptive,wind,3592,299.25,2.3681280257786095
bb_ipp_adaptive,wind,3593,299.33333333333337,2.3370791889176536
bb_ipp_adaptive,wind,3594,299.41666666666663,2.3269812852136487
bb_ipp_adaptive,wind,3595,299.5,2.3149694243144436
bb_ipp_adaptive,wind,3596,299.58333333333337,2.2846972893516138
bb_ipp_adaptive,wind,3597,299.66666666666663,2.277751348959239
bb_ipp_adaptive,wind,3598,299.75,2.2731483862342134
bb_ipp_adaptive,wind,3599,299.83333333333337,2.2845888635130596
bb_ipp_adaptive,wind,3600,299.91666666666663,2.2535592302372156
bb_ipp_adaptive,wind,3601,300.0,2.232500873810631
bb_ipp_adaptive,wind,3602,300.08333333333337,2.259170310718316
bb_ipp_adaptive,wind,3603,300.16666666666663,2.2517710013676004
bb_ipp_adaptive,wind,3604,300.25,2.2649064665882293
bb_ipp_adaptive,wind,3605,300.33333333333337,2.2655536554598132
bb_ipp_adaptive,wind,3606,300.41666666666663,2.253658849926634
bb_ipp_adaptive,wind,3607,300.5,2.2293678398504384
bb_ipp_adaptive,wind,3608,300.58333333333337,2.2297074966733916
bb_ipp_adaptive,wind,3609,300.66666666666663,2.228740343482606
bb_ipp_adaptive,wind,3610,300.75,2.205685661727468
bb_ipp_adaptive,wind,3611,300.83333333333337,2.188618113591445
bb_ipp_adaptive,wind,3612,300.91666666666663,2.1879096791259864
bb_ipp_adaptive,wind,3613,301.0,2.180058874123075
bb_ipp_adaptive,wind,3614,301.08333333333337,2.2002086202882274
bb_ipp_adaptive,wind,3615,301.16666666666663,2.2023699903091676
bb_ipp_adaptive,wind,3616,301.25,2.1874605234835554
bb_ipp_adaptive,wind,3617,301.33333333333337,2.19597983192984
bb_ipp_adaptive,wind,3618,301.41666666666663,2.196924626205518
bb_ipp_adaptive,wind,3619,301.5,2.1912592076838466
bb_ipp_adaptive,wind,3620,301.58333333333337,2.199108289797764
bb_ipp_adaptive,wind,3621,301.66666666666663,2.1898232551049164
bb_ipp_adaptive,wind,3622,301.75,2.1771667141222073
bb_ipp_adaptive,wind,3623,301.83333333333337,2.2066228773273813
bb_ipp_adaptive,wind,3624,301.91666666666663,2.1971520144220653
bb_ipp_adaptive,wind,3625,302.0,2.181560078894512
bb_ipp_adaptive,wind,3626,302.08333333333337,2.1762191842655305
bb_ipp_adaptive,wind,3627,302.16666666666663,2.1760720980117307
bb_ipp_adaptive,wind,3628,302.25,2.184484517902803
bb_ipp_adaptive,wind,3629,302.33333333333337,2.1873850817696265
bb_ipp_adaptive,wind,3630,302.41666666666663,2.185453187546653
bb_ipp_adaptive,wind,3631,302.5,2.1818591844284394
bb_ipp_adaptive,wind,3632,302.58333333333337,2.178978592015963
bb_ipp_adaptive,wind,3633,302.66666666666663,2.1586049906223352
bb_ipp_adaptive,wind,3634,302.75,2.151395360498104
bb_ipp_adaptive,wind,3635,302.83333333333337,2.1774306384819835
bb_ipp_adaptive,wind,3636,302.91666666666663,2.1658536384473104
bb_ipp_adaptive,wind,3637,303.0,2.1477918750176976
bb_ipp_adaptive,wind,3638,303.08333333333337,2.138811861418551
bb_ipp_adaptive,wind,3639,303.16666666666663,2.1343001231134813
bb_ipp_adaptive,wind,3640,303.25,2.155525968240604
bb_ipp_adaptive,wind,3641,303.33333333333337,2.1469590053496566
bb_ipp_adaptive,wind,3642,303.41666666666663,2.1611716625357804
bb_ipp_adaptive,wind,3643,303.5,2.146270192122497
bb_ipp_adaptive,wind,3644,303.58333333333337,2.147553470155999
bb_ipp_adaptive,wind,3645,303.66666666666663,2.1561337063388732
bb_ipp_adaptive,wind,3646,303.75,2.1454193864161115
bb_ipp_adaptive,wind,3647,303.83333333333337,2.1726183795342107
bb_ipp_adaptive,wind,3648,303.91666666666663,2.182517403979338
bb_ipp_adaptive,wind,3649,304.0,2.1797055959643767
bb_ipp_adaptive,wind,3650,304.08333333333337,2.2078102618951614
bb_ipp_adaptive,wind,3651,304.16666666666663,2.212092567200394
bb_ipp_adaptive,wind,3652,304.25,2.242540461907866
bb_ipp_adaptive,wind,3653,304.33333333333337,2.223120043849135
bb_ipp_adaptive,wind,3654,304.41666666666663,2.2244021985535998
bb_ipp_adaptive,wind,3655,304.5,2.212925069186873
bb_ipp_adaptive,wind,3656,304.58333333333337,2.233028200557595
bb_ipp_adaptive,wind,3657,304.66666666666663,2.23061332599267
bb_ipp_adaptive,wind,3658,304.75,2.258511974842498
bb_ipp_adaptive,wind,3659,304.83333333333337,2.2404011284035796
bb_ipp_adaptive,wind,3660,304.91666666666663,2.2319774199987035
bb_ipp_adaptive,wind,3661,305.0,2.2642001288762206
bb_ipp_adaptive,wind,3662,305.08333333333337,2.2609870577350337
bb_ipp_adaptive,wind,3663,305.16666666666663,2.2529885890693238
bb_ipp_adaptive,wind,3664,305.25,2.2672795467937785
bb_ipp_adaptive,wind,3665,305.33333333333337,2.2617933291581354
bb_ipp_adaptive,wind,3666,305.41666666666663,2.2784239306055825
bb_ipp_adaptive,wind,3667,305.5,2.2987998742365514
bb_ipp_adaptive,wind,3668,305.58333333333337,2.300313790686525
bb_ipp_adaptive,wind,3669,305.66666666666663,2.322677744042708
bb_ipp_adaptive,wind,3670,305.75,2.3208950377358204
bb_ipp_adaptive,wind,3671,305.83333333333337,2.3282394717390025
bb_ipp_adaptive,wind,3672,305.91666666666663,2.3163225420873377
bb_ipp_adaptive,wind,3673,306.0,2.3253966694043293
bb_ipp_adaptive,wind,3674,306.08333333333337,2.2908885082664745
bb_ipp_adaptive,wind,3675,306.16666666666663,2.3269854858020325
bb_ipp_adaptive,wind,3676,306.25,2.321325570512093
bb_ipp_adaptive,wind,3677,306.33333333333337,2.332549647516748
bb_ipp_adaptive,wind,3678,306.41666666666663,2.338380557624774
bb_ipp_adaptive,wind,3679,306.5,2.340675291157601
bb_ipp_adaptive,wind,3680,306.58333333333337,2.335103504334705
bb_ipp_adaptive,wind,3681,306.66666666666663,2.315109976350952
bb_ipp_adaptive,wind,3682,306.75,2.2868849733754764
bb_ipp_adaptive,wind,3683,306.83333333333337,2.2823977461158225
bb_ipp_adaptive,wind,3684,306.91666666666663,2.2584240401049254
bb_ipp_adaptive,wind,3685,307.0,2.2325599481641234
bb_ipp_adaptive,wind,3686,307.08333333333337,2.2370599583822575
bb_ipp_adaptive,wind,3687,307.16666666666663,2.267152888576316
bb_ipp_adaptive,wind,3688,307.25,2.2321067597811832
bb_ipp_adaptive,wind,3689,307.33333333333337,2.2580492673533734
bb_ipp_adaptive,wind,3690,307.41666666666663,2.2418330563655546
bb_ipp_adaptive,wind,3691,307.5,2.2556798621009757
bb_ipp_adaptive,wind,3692,307.58333333333337,2.2645138355566345
bb_ipp_adaptive,wind,3693,307.66666666666663,2.229179820458832
bb_ipp_adaptive,wind,3694,307.75,2.2133276797792476
bb_ipp_adaptive,wind,3695,307.83333333333337,2.195290336091392
bb_ipp_adaptive,wind,3696,307.91666666666663,2.1833479817179233
bb_ipp_adaptive,wind,3697,308.0,2.196946124704088
bb_ipp_adaptive,wind,3698,308.08333333333337,2.2003802988790846
bb_ipp_adaptive,wind,3699,308.16666666666663,2.199137741284744
bb_ipp_adaptive,wind,3700,308.25,2.206577897321118
bb_ipp_adaptive,wind,3701,308.33333333333337,2.1849792516046063
bb_ipp_adaptive,wind,3702,308.41666666666663,2.1607871998039556
bb_ipp_adaptive,wind,3703,308.5,2.151192290032206
bb_ipp_adaptive,wind,3704,308.58333333333337,2.136016484712436
bb_ipp_adaptive,wind,3705,308.66666666666663,2.14886101198059
bb_ipp_adaptive,wind,3706,308.75,2.161101209617014
bb_ipp_adaptive,wind,3707,308.83333333333337,2.1390549692077316
bb_ipp_adaptive,wind,3708,308.91666666666663,2.1283155255782713
bb_ipp_adaptive,wind,3709,309.0,2.1191379225242377
bb_ipp_adaptive,wind,3710,309.08333333333337,2.149071389676068
bb_ipp_adaptive,wind,3711,309.16666666666663,2.1439128575781004
bb_ipp_adaptive,wind,3712,309.25,2.1312685954659263
bb_ipp_adaptive,wind,3713,309.33333333333337,2.1253030492185743
bb_ipp_adaptive,wind,3714,309.41666666666663,2.1434714386467237
bb_ipp_adaptive,wind,3715,309.5,2.126966806688052
bb_ipp_adaptive,wind,3716,309.58333333333337,2.1234367080183207
bb_ipp_adaptive,wind,3717,309.66666666666663,2.14552495908097
bb_ipp_adaptive,wind,3718,309.75,2.1492073545331674
bb_ipp_adaptive,wind,3719,309.83333333333337,2.142049935410852
bb_ipp_adaptive,wind,3720,309.91666666666663,2.1402546884343505
bb_ipp_adaptive,wind,3721,310.0,2.140244663839288
bb_ipp_adaptive,wind,3722,310.08333333333337,2.1139934629963006
bb_ipp_adaptive,wind,3723,310.16666666666663,2.120067433264502
bb_ipp_adaptive,wind,3724,310.25,2.1441004379388477
bb_ipp_adaptive,wind,3725,310.33333333333337,2.136271772209024
bb_ipp_adaptive,wind,3726,310.41666666666663,2.1225351911045793
bb_ipp_adaptive,wind,3727,310.5,2.118770013315686
bb_ipp_adaptive,wind,3728,310.58333333333337,2.119944211091305
bb_ipp_adaptive,wind,3729,310.66666666666663,2.096928928555725
bb_ipp_adaptive,wind,3730,310.75,2.110842098668283
bb_ipp_adaptive,wind,3731,310.83333333333337,2.1313239368799435
bb_ipp_adaptive,wind,3732,310.91666666666663,2.120176394120836
bb_ipp_adaptive,wind,3733,311.0,2.1464065710125984
bb_ipp_adaptive,wind,3734,311.08333333333337,2.117607211979329
bb_ipp_adaptive,wind,3735,311.16666666666663,2.1266647295519983
bb_ipp_adaptive,wind,3736,311.25,2.1375135398279395
bb_ipp_adaptive,wind,3737,311.33333333333337,2.162385786569443
bb_ipp_adaptive,wind,3738,311.41666666666663,2.162726829848436
bb_ipp_adaptive,wind,3739,311.5,2.177736807078808
bb_ipp_adaptive,wind,3740,311.58333333333337,2.169553477641982
bb_ipp_adaptive,wind,3741,311.66666666666663,2.1749887249805027
bb_ipp_adaptive,wind,3742,311.75,2.178052274437662
bb_ipp_adaptive,wind,3743,311.83333333333337,2.1850824879086406
bb_ipp_adaptive,wind,3744,311.91666666666663,2.1801626214341487
bb_ipp_adaptive,wind,3745,312.0,2.158850180858496
bb_ipp_adaptive,wind,3746,312.08333333333337,2.1588351157795067
bb_ipp_adaptive,wind,3747,312.16666666666663,2.1901823399089673
bb_ipp_adaptive,wind,3748,312.25,2.1792967255621125
bb_ipp_adaptive,wind,3749,312.33333333333337,2.2007755486772114
bb_ipp_adaptive,wind,3750,312.41666666666663,2.1963647862761886
bb_ipp_adaptive,wind,3751,312.5,2.1903156362533314
bb_ipp_adaptive,wind,3752,312.58333333333337,2.1669870692846303
bb_ipp_adaptive,wind,3753,312.66666666666663,2.1738235980481524
bb_ipp_adaptive,wind,3754,312.75,2.1519345179189053
bb_ipp_adaptive,wind,3755,312.83333333333337,2.164815789978876
bb_ipp_adaptive,wind,3756,312.91666666666663,2.1784482257545448
bb_ipp_adaptive,wind,3757,313.0,2.199665533990947
bb_ipp_adaptive,wind,3758,313.08333333333337,2.213003461571045
bb_ipp_adaptive,wind,3759,313.16666666666663,2.2216061717515125
bb_ipp_adaptive,wind,3760,313.25,2.2218961357446334
bb_ipp_adaptive,wind,3761,313.33333333333337,2.2434844494753956
bb_ipp_adaptive,wind,3762,313.41666666666663,2.250814300677673
bb_ipp_adaptive,wind,3763,313.5,2.246242966648348
bb_ipp_adaptive,wind,3764,313.58333333333337,2.2504062740975437
bb_ipp_adaptive,wind,3765,313.66666666666663,2.2312396867868163
bb_ipp_adaptive,wind,3766,313.75,2.232220085149052
bb_ipp_adaptive,wind,3767,313.83333333333337,2.2467851233242278
bb_ipp_adaptive,wind,3768,313.91666666666663,2.216900923476703
bb_ipp_adaptive,wind,3769,314.0,2.1860483129945125
bb_ipp_adaptive,wind,3770,314.08333333333337,2.199526759096746
bb_ipp_adaptive,wind,3771,314.16666666666663,2.1920254813495026
bb_ipp_adaptive,wind,3772,314.25,2.1920269697606565
bb_ipp_adaptive,wind,3773,314.33333333333337,2.182787877363618
bb_ipp_adaptive,wind,3774,314.41666666666663,2.191188159645607
bb_ipp_adaptive,wind,3775,314.5,2.174244642816329
bb_ipp_adaptive,wind,3776,314.58333333333337,2.160158076173793
bb_ipp_adaptive,wind,3777,314.66666666666663,2.1541921118872702
bb_ipp_adaptive,wind,3778,314.75,2.1671943216255194
bb_ipp_adaptive,wind,3779,314.83333333333337,2.1633701077757945
bb_ipp_adaptive,wind,3780,314.91666666666663,2.173143619700036
bb_ipp_adaptive,wind,3781,315.0,2.143056788610577
bb_ipp_adaptive,wind,3782,315.08333333333337,2.119630428139247
bb_ipp_adaptive,wind,3783,315.16666666666663,2.113976490918592
bb_ipp_adaptive,wind,3784,315.25,2.124140534148566
bb_ipp_adaptive,wind,3785,315.33333333333337,2.1019509590811114
bb_ipp_adaptive,wind,3786,315.41666666666663,2.104725298863864
bb_ipp_adaptive,wind,3787,315.5,2.114760024772503
bb_ipp_adaptive,wind,3788,315.58333333333337,2.122140609324893
bb_ipp_adaptive,wind,3789,315.66666666666663,2.0900667669187603
bb_ipp_adaptive,wind,3790,315.75,2.082542671122262
bb_ipp_adaptive,wind,3791,315.83333333333337,2.106123317282166
bb_ipp_adaptive,wind,3792,315.91666666666663,2.115200079439326
bb_ipp_adaptive,wind,3793,316.0,2.1141322987220605
bb_ipp_adaptive,wind,3794,316.08333333333337,2.1230543154653376
bb_ipp_adaptive,wind,3795,316.16666666666663,2.1074711422772645
bb_ipp_adaptive,wind,3796,316.25,2.0838639821735625
bb_ipp_adaptive,wind,3797,316.33333333333337,2.078964232949003
bb_ipp_adaptive,wind,3798,316.41666666666663,2.0717603753928526
bb_ipp_adaptive,wind,3799,316.5,2.0796096228876806
bb_ipp_adaptive,wind,3800,316.58333333333337,2.089933445713243
bb_ipp_adaptive,wind,3801,316.66666666666663,2.086945907627612
bb_ipp_adaptive,wind,3802,316.75,2.0926115524876745
bb_ipp_adaptive,wind,3803,316.83333333333337,2.1046895468512608
bb_ipp_adaptive,wind,3804,316.91666666666663,2.1035802148829115
bb_ipp_adaptive,wind,3805,317.0,2.0919042382561597
bb_ipp_adaptive,wind,3806,317.08333333333337,2.1002925280779476
bb_ipp_adaptive,wind,3807,317.16666666666663,2.086154788419885
bb_ipp_adaptive,wind,3808,317.25,2.073918180728468
bb_ipp_adaptive,wind,3809,317.33333333333337,2.0702442396910676
bb_ipp_adaptive,wind,3810,317.41666666666663,2.06994393944857
bb_ipp_adaptive,wind,3811,317.5,2.0819680065780766
bb_ipp_adaptive,wind,3812,317.58333333333337,2.0741945514734943
bb_ipp_adaptive,wind,3813,317.66666666666663,2.0843930653412848
bb_ipp_adaptive,wind,3814,317.75,2.0859790180642577
bb_ipp_adaptive,wind,3815,317.83333333333337,2.083985790128921
bb_ipp_adaptive,wind,3816,317.91666666666663,2.091096355506242
bb_ipp_adaptive,wind,3817,318.0,2.0913939920182467
bb_ipp_adaptive,wind,3818,318.08333333333337,2.0864025900057275
bb_ipp_adaptive,wind,3819,318.16666666666663,2.0945788178612643
bb_ipp_adaptive,wind,3820,318.25,2.096324283950478
bb_ipp_adaptive,wind,3821,318.33333333333337,2.0876633436543086
bb_ipp_adaptive,wind,3822,318.41666666666663,2.091737557159001
bb_ipp_adaptive,wind,3823,318.5,2.1013831054806595
bb_ipp_adaptive,wind,3824,318.58333333333337,2.093362266426096
bb_ipp_adaptive,wind,3825,318.66666666666663,2.089864689134907
bb_ipp_adaptive,wind,3826,318.75,2.0994406113591917
bb_ipp_adaptive,wind,3827,318.83333333333337,2.121079697727208
bb_ipp_adaptive,wind,3828,318.91666666666663,2.0866252614712213
bb_ipp_adaptive,wind,3829,319.0,2.092667046408146
bb_ipp_adaptive,wind,3830,319.08333333333337,2.10016834009199
bb_ipp_adaptive,wind,3831,319.16666666666663,2.0987142450645018
bb_ipp_adaptive,wind,3832,319.25,2.0912233009399013
bb_ipp_adaptive,wind,3833,319.33333333333337,2.095157728733527
bb_ipp_adaptive,wind,3834,319.41666666666663,2.109854673252577
bb_ipp_adaptive,wind,3835,319.5,2.1193990065758705
bb_ipp_adaptive,wind,3836,319.58333333333337,2.1061483769718943
bb_ipp_adaptive,wind,3837,319.66666666666663,2.11890230385036
bb_ipp_adaptive,wind,3838,319.75,2.1152470439423547
bb_ipp_adaptive,wind,3839,319.83333333333337,2.139658265891044
bb_ipp_adaptive,wind,3840,319.91666666666663,2.1550791563720466
bb_ipp_adaptive,wind,3841,320.0,2.175193536736603
bb_ipp_adaptive,wind,3842,320.08333333333337,2.175434639540194
bb_ipp_adaptive,wind,3843,320.16666666666663,2.1842060657775444
bb_ipp_adaptive,wind,3844,320.25,2.1990387061642616
bb_ipp_adaptive,wind,3845,320.33333333333337,2.1882577106690078
bb_ipp_adaptive,wind,3846,320.41666666666663,2.1836590724297285
bb_ipp_adaptive,wind,3847,320.5,2.1709926604519
bb_ipp_adaptive,wind,3848,320.58333333333337,2.1978397508443077
bb_ipp_adaptive,wind,3849,320.66666666666663,2.1971171990663305
bb_ipp_adaptive,wind,3850,320.75,2.2096622543875184
bb_ipp_adaptive,wind,3851,320.83333333333337,2.2334788197842625
bb_ipp_adaptive,wind,3852,320.91666666666663,2.2262372595812305
bb_ipp_adaptive,wind,3853,321.0,2.2173653133495437
bb_ipp_adaptive,wind,3854,321.08333333333337,2.2461428518905477
bb_ipp_adaptive,wind,3855,321.16666666666663,2.258754896459413
bb_ipp_adaptive,wind,3856,321.25,2.2405624370165254
bb_ipp_adaptive,wind,3857,321.33333333333337,2.243394823191718
bb_ipp_adaptive,wind,3858,321.41666666666663,2.2351319812303454
bb_ipp_adaptive,wind,3859,321.5,2.226197887432731
bb_ipp_adaptive,wind,3860,321.58333333333337,2.1991250345725684
bb_ipp_adaptive,wind,3861,321.66666666666663,2.1733807107292424
bb_ipp_adaptive,wind,3862,321.75,2.205953960257083
bb_ipp_adaptive,wind,3863,321.83333333333337,2.213281617375951
bb_ipp_adaptive,wind,3864,321.91666666666663,2.1980568974454466
bb_ipp_adaptive,wind,3865,322.0,2.198413670972287
bb_ipp_adaptive,wind,3866,322.08333333333337,2.200454373878002
bb_ipp_adaptive,wind,3867,322.16666666666663,2.190502025331892
bb_ipp_adaptive,wind,3868,322.25,2.2009463404351255
bb_ipp_adaptive,wind,3869,322.33333333333337,2.2106771925278093
bb_ipp_adaptive,wind,3870,322.41666666666663,2.232723296921164
bb_ipp_adaptive,wind,3871,322.5,2.2221326647441226
bb_ipp_adaptive,wind,3872,322.58333333333337,2.208400505155454
bb_ipp_adaptive,wind,3873,322.66666666666663,2.189981182823859
bb_ipp_adaptive,wind,3874,322.75,2.1866328029047333
bb_ipp_adaptive,wind,3875,322.83333333333337,2.1637659664192874
bb_ipp_adaptive,wind,3876,322.91666666666663,2.140410612118321
bb_ipp_adaptive,wind,3877,323.0,2.1409600102440285
bb_ipp_adaptive,wind,3878,323.08333333333337,2.1538072032336855
bb_ipp_adaptive,wind,3879,323.16666666666663,2.1474656617768972
bb_ipp_adaptive,wind,3880,323.25,2.1549141774160265
bb_ipp_adaptive,wind,3881,323.33333333333337,2.1665810067417537
bb_ipp_adaptive,wind,3882,323.41666666666663,2.1561910453621094
bb_ipp_adaptive,wind,3883,323.5,2.1402059098170576
bb_ipp_adaptive,wind,3884,323.58333333333337,2.110307871037516
bb_ipp_adaptive,wind,3885,323.66666666666663,2.0865484044739158
bb_ipp_adaptive,wind,3886,323.75,2.0810908118718694
bb_ipp_adaptive,wind,3887,323.83333333333337,2.092431660210851
bb_ipp_adaptive,wind,3888,323.91666666666663,2.0893264532760933
bb_ipp_adaptive,wind,3889,324.0,2.0798959894559483
bb_ipp_adaptive,wind,3890,324.08333333333337,2.076933552864026
bb_ipp_adaptive,wind,3891,324.16666666666663,2.0825603205581587
bb_ipp_adaptive,wind,3892,324.25,2.1108638676295115
bb_ipp_adaptive,wind,3893,324.33333333333337,2.1030701208322418
bb_ipp_adaptive,wind,3894,324.41666666666663,2.1136354720239123
bb_ipp_adaptive,wind,3895,324.5,2.080464882187872
bb_ipp_adaptive,wind,3896,324.58333333333337,2.0944672956305337
bb_ipp_adaptive,wind,3897,324.66666666666663,2.0859691270684046
bb_ipp_adaptive,wind,3898,324.75,2.0894053642848247
bb_ipp_adaptive,wind,3899,324.83333333333337,2.0770019358899607
bb_ipp_adaptive,wind,3900,324.91666666666663,2.057284212478752
bb_ipp_adaptive,wind,3901,325.0,2.0536155288196225
bb_ipp_adaptive,wind,3902,325.08333333333337,2.0462431969390265
bb_ipp_adaptive,wind,3903,325.16666666666663,2.060215491168539
bb_ipp_adaptive,wind,3904,325.25,2.0428160059855465
bb_ipp_adaptive,wind,3905,325.33333333333337,2.0548341196020146
bb_ipp_adaptive,wind,3906,325.41666666666663,2.0658306098027315
bb_ipp_adaptive,wind,3907,325.5,2.073809533100742
bb_ipp_adaptive,wind,3908,325.58333333333337,2.0488626104119585
bb_ipp_adaptive,wind,3909,325.66666666666663,2.0543475242290596
bb_ipp_adaptive,wind,3910,325.75,2.0470730794479843
bb_ipp_adaptive,wind,3911,325.83333333333337,2.043618462051911
bb_ipp_adaptive,wind,3912,325.91666666666663,2.08764246356196
bb_ipp_adaptive,wind,3913,326.0,2.115925295226967
bb_ipp_adaptive,wind,3914,326.08333333333337,2.092931078683776
bb_ipp_adaptive,wind,3915,326.16666666666663,2.0759526599714673
bb_ipp_adaptive,wind,3916,326.25,2.0907863360595966
bb_ipp_adaptive,wind,3917,326.33333333333337,2.0798462354741885
bb_ipp_adaptive,wind,3918,326.41666666666663,2.071535897659962
bb_ipp_adaptive,wind,3919,326.5,2.0668444100704524
bb_ipp_adaptive,wind,3920,326.58333333333337,2.0635323172780593
bb_ipp_adaptive,wind,3921,326.66666666666663,2.069648975047937
bb_ipp_adaptive,wind,3922,326.75,2.07520593944627
bb_ipp_adaptive,wind,3923,326.83333333333337,2.068245331091389
bb_ipp_adaptive,wind,3924,326.91666666666663,2.0879582396885374
bb_ipp_adaptive,wind,3925,327.0,2.104583113489115
bb_ipp_adaptive,wind,3926,327.08333333333337,2.1203216166257026
bb_ipp_adaptive,wind,3927,327.16666666666663,2.122916755400941
bb_ipp_adaptive,wind,3928,327.25,2.142241393149759
bb_ipp_adaptive,wind,3929,327.33333333333337,2.1382474815031554
bb_ipp_adaptive,wind,3930,327.41666666666663,2.105652367236831
bb_ipp_adaptive,wind,3931,327.5,2.1015245715591684
bb_ipp_adaptive,wind,3932,327.58333333333337,2.1201242647491023
bb_ipp_adaptive,wind,3933,327.66666666666663,2.1162839789280268
bb_ipp_adaptive,wind,3934,327.75,2.1113668848662472
bb_ipp_adaptive,wind,3935,327.83333333333337,2.1271329058401856
bb_ipp_adaptive,wind,3936,327.91666666666663,2.12279605543675
bb_ipp_adaptive,wind,3937,328.0,2.120818279725522
bb_ipp_adaptive,wind,3938,328.08333333333337,2.1288238042472654
bb_ipp_adaptive,wind,3939,328.16666666666663,2.1552886112354064
bb_ipp_adaptive,wind,3940,328.25,2.137549151506654
bb_ipp_adaptive,wind,3941,328.33333333333337,2.116338561880108
bb_ipp_adaptive,wind,3942,328.41666666666663,2.080548933392426
bb_ipp_adaptive,wind,3943,328.5,2.1055910563179205
bb_ipp_adaptive,wind,3944,328.58333333333337,2.1045630303192406
bb_ipp_adaptive,wind,3945,328.66666666666663,2.1112133578294316
bb_ipp_adaptive,wind,3946,328.75,2.093208021493027
bb_ipp_adaptive,wind,3947,328.83333333333337,2.10545450513094
bb_ipp_adaptive,wind,3948,328.91666666666663,2.1225255223520043
bb_ipp_adaptive,wind,3949,329.0,2.1103089975462295
bb_ipp_adaptive,wind,3950,329.08333333333337,2.1389169369435455
bb_ipp_adaptive,wind,3951,329.16666666666663,2.098770944386071
bb_ipp_adaptive,wind,3952,329.25,2.1003937911686674
bb_ipp_adaptive,wind,3953,329.33333333333337,2.086432999643456
bb_ipp_adaptive,wind,3954,329.41666666666663,2.0461885322344826
bb_ipp_adaptive,wind,3955,329.5,2.0327567319997715
bb_ipp_adaptive,wind,3956,329.58333333333337,2.0245008064029992
bb_ipp_adaptive,wind,3957,329.66666666666663,1.9881036348953782
bb_ipp_adaptive,wind,3958,329.75,1.9971932278195987
bb_ipp_adaptive,wind,3959,329.83333333333337,1.9787513430703054
bb_ipp_adaptive,wind,3960,329.91666666666663,1.9729297512880566
bb_ipp_adaptive,wind,3961,330.0,1.9997322443310859
bb_ipp_adaptive,wind,3962,330.08333333333337,2.0109834315932544
bb_ipp_adaptive,wind,3963,330.16666666666663,1.9911956663829333
bb_ipp_adaptive,wind,3964,330.25,1.9724577888589263
bb_ipp_adaptive,wind,3965,330.33333333333337,1.9683625171691994
bb_ipp_adaptive,wind,3966,330.41666666666663,1.9745273950978877
bb_ipp_adaptive,wind,3967,330.5,1.9580642545375913
bb_ipp_adaptive,wind,3968,330.58333333333337,1.9709208788453272
bb_ipp_adaptive,wind,3969,330.66666666666663,1.981382653012713
bb_ipp_adaptive,wind,3970,330.75,1.9798279033887238
bb_ipp_adaptive,wind,3971,330.83333333333337,1.9850952784798992
bb_ipp_adaptive,wind,3972,330.91666666666663,1.9791524282743693
bb_ipp_adaptive,wind,3973,331.0,1.9567168865954874
bb_ipp_adaptive,wind,3974,331.08333333333337,1.9655809096806998
bb_ipp_adaptive,wind,3975,331.16666666666663,1.9712899009434368
bb_ipp_adaptive,wind,3976,331.25,1.9779687307638194
bb_ipp_adaptive,wind,3977,331.33333333333337,1.9739058683837452
bb_ipp_adaptive,wind,3978,331.41666666666663,1.9683758247392407
bb_ipp_adaptive,wind,3979,331.5,1.9669040501858825
bb_ipp_adaptive,wind,3980,331.58333333333337,1.9577743437026802
bb_ipp_adaptive,wind,3981,331.66666666666663,1.9510948403521295
bb_ipp_adaptive,wind,3982,331.75,1.9598052047420615
bb_ipp_adaptive,wind,3983,331.83333333333337,1.9850068137960921
bb_ipp_adaptive,wind,3984,331.91666666666663,1.960088045246136
bb_ipp_adaptive,wind,3985,332.0,1.9829106989218648
bb_ipp_adaptive,wind,3986,332.08333333333337,1.981574510165214
bb_ipp_adaptive,wind,3987,332.16666666666663,1.9942587829567238
bb_ipp_adaptive,wind,3988,332.25,1.9711238732578311
bb_ipp_adaptive,wind,3989,332.33333333333337,1.9741649708055515
bb_ipp_adaptive,wind,3990,332.41666666666663,1.9882734104310937
bb_ipp_adaptive,wind,3991,332.5,1.9922836461044915
bb_ipp_adaptive,wind,3992,332.58333333333337,1.9582541953573056
bb_ipp_adaptive,wind,3993,332.66666666666663,1.9598984022159651
bb_ipp_adaptive,wind,3994,332.75,1.9837345369974082
bb_ipp_adaptive,wind,3995,332.83333333333337,1.9754397664770562
bb_ipp_adaptive,wind,3996,332.91666666666663,1.990098208779692
bb_ipp_adaptive,wind,3997,333.0,1.9888500317251172
bb_ipp_adaptive,wind,3998,333.08333333333337,2.0024222867216186
bb_ipp_adaptive,wind,3999,333.16666666666663,2.0205320533794535
bb_ipp_adaptive,wind,4000,333.25,2.013879857240659
bb_ipp_adaptive,wind,4001,333.33333333333337,1.97927266303555
bb_ipp_adaptive,wind,4002,333.41666666666663,2.0034185088173753
bb_ipp_adaptive,wind,4003,333.5,1.9970946458167993
bb_ipp_adaptive,wind,4004,333.58333333333337,2.025868051637153
bb_ipp_adaptive,wind,4005,333.66666666666663,2.0256730324516505
bb_ipp_adaptive,wind,4006,333.75,2.021410197047985
bb_ipp_adaptive,wind,4007,333.83333333333337,2.0166709366506526
bb_ipp_adaptive,wind,4008,333.91666666666663,2.0112740198346586
bb_ipp_adaptive,wind,4009,334.0,2.0177919655503787
bb_ipp_adaptive,wind,4010,334.08333333333337,2.0163908200113285
bb_ipp_adaptive,wind,4011,334.16666666666663,2.032722907070831
bb_ipp_adaptive,wind,4012,334.25,2.056721761948961
bb_ipp_adaptive,wind,4013,334.33333333333337,2.079243284459559
bb_ipp_adaptive,wind,4014,334.41666666666663,2.0953546443030033
bb_ipp_adaptive,wind,4015,334.5,2.084695676968823
bb_ipp_adaptive,wind,4016,334.58333333333337,2.090174411511327
bb_ipp_adaptive,wind,4017,334.66666666666663,2.1025100706190054
bb_ipp_adaptive,wind,4018,334.75,2.1203461368960017
bb_ipp_adaptive,wind,4019,334.83333333333337,2.135500869866472
bb_ipp_adaptive,wind,4020,334.91666666666663,2.1207317316371412
bb_ipp_adaptive,wind,4021,335.0,2.1332290886992844
bb_ipp_adaptive,wind,4022,335.08333333333337,2.1065049566443554
bb_ipp_adaptive,wind,4023,335.16666666666663,2.086115113611231
bb_ipp_adaptive,wind,4024,335.25,2.1122081668315187
bb_ipp_adaptive,wind,4025,335.33333333333337,2.113103025150819
bb_ipp_adaptive,wind,4026,335.41666666666663,2.1403456435377177
bb_ipp_adaptive,wind,4027,335.5,2.1299321267972076
bb_ipp_adaptive,wind,4028,335.58333333333337,2.118177230200937
bb_ipp_adaptive,wind,4029,335.66666666666663,2.1062480409625914
bb_ipp_adaptive,wind,4030,335.75,2.093451202150766
bb_ipp_adaptive,wind,4031,335.83333333333337,2.0816958468892084
bb_ipp_adaptive,wind,4032,335.91666666666663,2.0766796501149187
bb_ipp_adaptive,wind,4033,336.0,2.0771163469481646
bb_ipp_adaptive,wind,4034,336.08333333333337,2.090832546778306
bb_ipp_adaptive,wind,4035,336.16666666666663,2.0992601322748765
bb_ipp_adaptive,wind,4036,336.25,2.105889643598053
bb_ipp_adaptive,wind,4037,336.33333333333337,2.0989254737625016
bb_ipp_adaptive,wind,4038,336.41666666666663,2.103130749111443
bb_ipp_adaptive,wind,4039,336.5,2.097898974380663
bb_ipp_adaptive,wind,4040,336.58333333333337,2.0815923874650903
bb_ipp_adaptive,wind,4041,336.66666666666663,2.0812660835276247
bb_ipp_adaptive,wind,4042,336.75,2.0804926824138112
bb_ipp_adaptive,wind,4043,336.83333333333337,2.071212031958422
bb_ipp_adaptive,wind,4044,336.91666666666663,2.0854524592036605
bb_ipp_adaptive,wind,4045,337.0,2.063010214236722
bb_ipp_adaptive,wind,4046,337.08333333333337,2.0782921778762766
bb_ipp_adaptive,wind,4047,337.16666666666663,2.0647713553067613
bb_ipp_adaptive,wind,4048,337.25,2.0648319862531865
bb_ipp_adaptive,wind,4049,337.33333333333337,2.0740276424571458
bb_ipp_adaptive,wind,4050,337.41666666666663,2.0552847546426163
bb_ipp_adaptive,wind,4051,337.5,2.070649521254524
bb_ipp_adaptive,wind,4052,337.58333333333337,2.0674335714273298
bb_ipp_adaptive,wind,4053,337.66666666666663,2.048910794689597
bb_ipp_adaptive,wind,4054,337.75,2.03415403425068
bb_ipp_adaptive,wind,4055,337.83333333333337,2.040022718055953
bb_ipp_adaptive,wind,4056,337.91666666666663,2.0333821221879242
bb_ipp_adaptive,wind,4057,338.0,2.0342050139289642
bb_ipp_adaptive,wind,4058,338.08333333333337,2.023989579080528
bb_ipp_adaptive,wind,4059,338.16666666666663,2.025313294069215
bb_ipp_adaptive,wind,4060,338.25,2.029690520427852
bb_ipp_adaptive,wind,4061,338.33333333333337,2.0110235128253233
bb_ipp_adaptive,wind,4062,338.41666666666663,2.0426641074651744
bb_ipp_adaptive,wind,4063,338.5,2.0745336365183213
bb_ipp_adaptive,wind,4064,338.58333333333337,2.0839821164713976
bb_ipp_adaptive,wind,4065,338.66666666666663,2.053505382087705
bb_ipp_adaptive,wind,4066,338.75,2.037925614143284
bb_ipp_adaptive,wind,4067,338.83333333333337,2.032226964925182
bb_ipp_adaptive,wind,4068,338.91666666666663,2.0139615793894574
bb_ipp_adaptive,wind,4069,339.0,2.01243645967521
bb_ipp_adaptive,wind,4070,339.08333333333337,1.984962254072989
bb_ipp_adaptive,wind,4071,339.16666666666663,1.9936683434770688
bb_ipp_adaptive,wind,4072,339.25,1.9916326332073955
bb_ipp_adaptive,wind,4073,339.33333333333337,2.0020791153678434
bb_ipp_adaptive,wind,4074,339.41666666666663,2.009939789561825
bb_ipp_adaptive,wind,4075,339.5,1.993098316065745
bb_ipp_adaptive,wind,4076,339.58333333333337,1.999016494305723
bb_ipp_adaptive,wind,4077,339.66666666666663,2.007638351460557
bb_ipp_adaptive,wind,4078,339.75,1.9751977880861602
bb_ipp_adaptive,wind,4079,339.83333333333337,1.980718340459242
bb_ipp_adaptive,wind,4080,339.91666666666663,1.9770050819713092
bb_ipp_adaptive,wind,4081,340.0,1.9760295270860515
bb_ipp_adaptive,wind,4082,340.08333333333337,1.9528432079065827
bb_ipp_adaptive,wind,4083,340.16666666666663,1.9557079608836592
bb_ipp_adaptive,wind,4084,340.25,1.9721663288544349
bb_ipp_adaptive,wind,4085,340.33333333333337,1.950218872428816
bb_ipp_adaptive,wind,4086,340.41666666666663,1.9679790863999336
bb_ipp_adaptive,wind,4087,340.5,1.9727610288211166
bb_ipp_adaptive,wind,4088,340.58333333333337,1.9712382017460195
bb_ipp_adaptive,wind,4089,340.66666666666663,1.9876724956675398
bb_ipp_adaptive,wind,4090,340.75,1.995992853039924
bb_ipp_adaptive,wind,4091,340.83333333333337,1.988541309590396
bb_ipp_adaptive,wind,4092,340.91666666666663,1.9775428853889514
bb_ipp_adaptive,wind,4093,341.0,1.95012135760524
bb_ipp_adaptive,wind,4094,341.08333333333337,1.9561537522587027
bb_ipp_adaptive,wind,4095,341.16666666666663,1.9656168465522266
bb_ipp_adaptive,wind,4096,341.25,1.9780726045133517
bb_ipp_adaptive,wind,4097,341.33333333333337,1.9671939921649844
bb_ipp_adaptive,wind,4098,341.41666666666663,1.9695307185196935
bb_ipp_adaptive,wind,4099,341.5,1.9749358255958103
bb_ipp_adaptive,wind,4100,341.58333333333337,1.9886324707912264
bb_ipp_adaptive,wind,4101,341.66666666666663,1.9877832977378753
bb_ipp_adaptive,wind,4102,341.75,1.9967353283970912
bb_ipp_adaptive,wind,4103,341.83333333333337,2.0027088979832715
bb_ipp_adaptive,wind,4104,341.91666666666663,2.0235493046721276
bb_ipp_adaptive,wind,4105,342.0,2.0333826641042236
bb_ipp_adaptive,wind,4106,342.08333333333337,2.041109195052967
bb_ipp_adaptive,wind,4107,342.16666666666663,2.0575809984374476
bb_ipp_adaptive,wind,4108,342.25,2.0502699668171176
bb_ipp_adaptive,wind,4109,342.33333333333337,2.0734654752567874
bb_ipp_adaptive,wind,4110,342.41666666666663,2.0778408203503638
bb_ipp_adaptive,wind,4111,342.5,2.075347080610676
bb_ipp_adaptive,wind,4112,342.58333333333337,2.110217536646358
bb_ipp_adaptive,wind,4113,342.66666666666663,2.1391515695241807
bb_ipp_adaptive,wind,4114,342.75,2.1280285099567573
bb_ipp_adaptive,wind,4115,342.83333333333337,2.0816974561759682
bb_ipp_adaptive,wind,4116,342.91666666666663,2.051235182915023
bb_ipp_adaptive,wind,4117,343.0,2.049138700962176
bb_ipp_adaptive,wind,4118,343.08333333333337,2.072535458316829
bb_ipp_adaptive,wind,4119,343.16666666666663,2.0727932560768063
bb_ipp_adaptive,wind,4120,343.25,2.0953119589088827
bb_ipp_adaptive,wind,4121,343.33333333333337,2.0813985968325373
bb_ipp_adaptive,wind,4122,343.41666666666663,2.0761927333483943
bb_ipp_adaptive,wind,4123,343.5,2.0771785477333484
bb_ipp_adaptive,wind,4124,343.58333333333337,2.070783575633402
bb_ipp_adaptive,wind,4125,343.66666666666663,2.0306238992155836
bb_ipp_adaptive,wind,4126,343.75,2.055114343938429
bb_ipp_adaptive,wind,4127,343.83333333333337,2.0816717681232553
bb_ipp_adaptive,wind,4128,343.91666666666663,2.0929412302791395
bb_ipp_adaptive,wind,4129,344.0,2.107151263364249
bb_ipp_adaptive,wind,4130,344.08333333333337,2.121750606327733
bb_ipp_adaptive,wind,4131,344.16666666666663,2.0755459638877825
bb_ipp_adaptive,wind,4132,344.25,2.0349730431567035
bb_ipp_adaptive,wind,4133,344.33333333333337,2.017441274147449
bb_ipp_adaptive,wind,4134,344.41666666666663,2.0268230437962678
bb_ipp_adaptive,wind,4135,344.5,2.0094031143615703
bb_ipp_adaptive,wind,4136,344.58333333333337,2.002159304196468
bb_ipp_adaptive,wind,4137,344.66666666666663,1.9960277012752545
bb_ipp_adaptive,wind,4138,344.75,1.9859509100222636
bb_ipp_adaptive,wind,4139,344.83333333333337,1.999713427753107
bb_ipp_adaptive,wind,4140,344.91666666666663,1.9999782874832133
bb_ipp_adaptive,wind,4141,345.0,2.0028057375116637
bb_ipp_adaptive,wind,4142,345.08333333333337,1.9999844297967877
bb_ipp_adaptive,wind,4143,345.16666666666663,2.0034835604980543
bb_ipp_adaptive,wind,4144,345.25,1.9972440028078124
bb_ipp_adaptive,wind,4145,345.33333333333337,2.0067223148791817
bb_ipp_adaptive,wind,4146,345.41666666666663,1.9904448647714612
bb_ipp_adaptive,wind,4147,345.5,2.0039606467247095
bb_ipp_adaptive,wind,4148,345.58333333333337,2.0023114186521047
bb_ipp_adaptive,wind,4149,345.66666666666663,2.0115685513997166
bb_ipp_adaptive,wind,4150,345.75,1.9899597619737104
bb_ipp_adaptive,wind,4151,345.83333333333337,1.9813783569377903
bb_ipp_adaptive,wind,4152,345.91666666666663,1.9663217844190168
bb_ipp_adaptive,wind,4153,346.0,1.9697282744993732
bb_ipp_adaptive,wind,4154,346.08333333333337,1.9720891750854117
bb_ipp_adaptive,wind,4155,346.16666666666663,1.9806220225076345
bb_ipp_adaptive,wind,4156,346.25,1.9713499295231798
bb_ipp_adaptive,wind,4157,346.33333333333337,1.9724982233912678
bb_ipp_adaptive,wind,4158,346.41666666666663,1.964476857987572
bb_ipp_adaptive,wind,4159,346.5,1.9763488281436912
bb_ipp_adaptive,wind,4160,346.58333333333337,1.9650601043247102
bb_ipp_adaptive,wind,4161,346.66666666666663,1.9594680551375778
bb_ipp_adaptive,wind,4162,346.75,1.9780163476220793
bb_ipp_adaptive,wind,4163,346.83333333333337,1.9847124252920316
bb_ipp_adaptive,wind,4164,346.91666666666663,1.972674147736234
bb_ipp_adaptive,wind,4165,347.0,1.9640763846459743
bb_ipp_adaptive,wind,4166,347.08333333333337,1.9527500365924348
bb_ipp_adaptive,wind,4167,347.16666666666663,1.9361513331227032
bb_ipp_adaptive,wind,4168,347.25,1.9453744601932463
bb_ipp_adaptive,wind,4169,347.33333333333337,1.9561840248901292
bb_ipp_adaptive,wind,4170,347.41666666666663,1.945626840348912
bb_ipp_adaptive,wind,4171,347.5,1.9480638105064985
bb_ipp_adaptive,wind,4172,347.58333333333337,1.9559408351114422
bb_ipp_adaptive,wind,4173,347.66666666666663,1.9618757201374346
bb_ipp_adaptive,wind,4174,347.75,1.9608135491897045
bb_ipp_adaptive,wind,4175,347.83333333333337,1.9670841390906328
bb_ipp_adaptive,wind,4176,347.91666666666663,1.9804977677297653
bb_ipp_adaptive,wind,4177,348.0,1.9949671830363478
bb_ipp_adaptive,wind,4178,348.08333333333337,1.9847875358602929
bb_ipp_adaptive,wind,4179,348.16666666666663,1.99066997399169
bb_ipp_adaptive,wind,4180,348.25,2.0079039928097164
bb_ipp_adaptive,wind,4181,348.33333333333337,1.9917071879383832
bb_ipp_adaptive,wind,4182,348.41666666666663,1.9982585923022003
bb_ipp_adaptive,wind,4183,348.5,2.0083698333412965
bb_ipp_adaptive,wind,4184,348.58333333333337,2.028104927763286
bb_ipp_adaptive,wind,4185,348.66666666666663,2.036098893454317
bb_ipp_adaptive,wind,4186,348.75,2.022462620275769
bb_ipp_adaptive,wind,4187,348.83333333333337,2.0352958112229773
bb_ipp_adaptive,wind,4188,348.91666666666663,2.0406533047805877
bb_ipp_adaptive,wind,4189,349.0,2.04368654361698
bb_ipp_adaptive,wind,4190,349.08333333333337,2.073029380253164
bb_ipp_adaptive,wind,4191,349.16666666666663,2.0753989521942238
bb_ipp_adaptive,wind,4192,349.25,2.0695501791047217
bb_ipp_adaptive,wind,4193,349.33333333333337,2.0631606605863535
bb_ipp_adaptive,wind,4194,349.41666666666663,2.057879300156205
bb_ipp_adaptive,wind,4195,349.5,2.0578833229012905
bb_ipp_adaptive,wind,4196,349.58333333333337,2.045952511962278
bb_ipp_adaptive,wind,4197,349.66666666666663,2.0483621783802795
bb_ipp_adaptive,wind,4198,349.75,2.071685397778894
bb_ipp_adaptive,wind,4199,349.83333333333337,2.0913340083760215
bb_ipp_adaptive,wind,4200,349.91666666666663,2.100061371820604
bb_ipp_adaptive,wind,4201,350.0,2.085350935868154
bb_ipp_adaptive,wind,4202,350.08333333333337,2.106400632667118
bb_ipp_adaptive,wind,4203,350.16666666666663,2.1123183643037855
bb_ipp_adaptive,wind,4204,350.25,2.0946457922186608
bb_ipp_adaptive,wind,4205,350.33333333333337,2.1164202267094154
bb_ipp_adaptive,wind,4206,350.41666666666663,2.1041712228159906
bb_ipp_adaptive,wind,4207,350.5,2.1211716797700726
bb_ipp_adaptive,wind,4208,350.58333333333337,2.096707995410562
bb_ipp_adaptive,wind,4209,350.66666666666663,2.0848252611602764
bb_ipp_adaptive,wind,4210,350.75,2.0902079689806135
bb_ipp_adaptive,wind,4211,350.83333333333337,2.0813512434008974
bb_ipp_adaptive,wind,4212,350.91666666666663,2.0398028045958876
bb_ipp_adaptive,wind,4213,351.0,2.0278608976790022
bb_ipp_adaptive,wind,4214,351.08333333333337,2.0316416619932824
bb_ipp_adaptive,wind,4215,351.16666666666663,2.043141674572447
bb_ipp_adaptive,wind,4216,351.25,2.041833264404741
bb_ipp_adaptive,wind,4217,351.33333333333337,2.0662141779465033
bb_ipp_adaptive,wind,4218,351.41666666666663,2.0622346502540805
bb_ipp_adaptive,wind,4219,351.5,2.0662107147095354
bb_ipp_adaptive,wind,4220,351.58333333333337,2.0664129790730996
bb_ipp_adaptive,wind,4221,351.66666666666663,2.0427747785925976
bb_ipp_adaptive,wind,4222,351.75,2.0516812172728103
bb_ipp_adaptive,wind,4223,351.83333333333337,2.057995944586381
bb_ipp_adaptive,wind,4224,351.91666666666663,2.042013174110675
bb_ipp_adaptive,wind,4225,352.0,2.051080619523178
bb_ipp_adaptive,wind,4226,352.08333333333337,2.047920353907458
bb_ipp_adaptive,wind,4227,352.16666666666663,2.0399204551606367
bb_ipp_adaptive,wind,4228,352.25,2.0339864561158336
bb_ipp_adaptive,wind,4229,352.33333333333337,2.0213531999748375
bb_ipp_adaptive,wind,4230,352.41666666666663,2.00842109853366
bb_ipp_adaptive,wind,4231,352.5,2.0159006342878034
bb_ipp_adaptive,wind,4232,352.58333333333337,2.014623263419885
bb_ipp_adaptive,wind,4233,352.66666666666663,2.026036147905908
bb_ipp_adaptive,wind,4234,352.75,2.038469526723187
bb_ipp_adaptive,wind,4235,352.83333333333337,2.028403316393797
bb_ipp_adaptive,wind,4236,352.91666666666663,2.0363429717968105
bb_ipp_adaptive,wind,4237,353.0,2.0237365928940263
bb_ipp_adaptive,wind,4238,353.08333333333337,2.0335485548309937
bb_ipp_adaptive,wind,4239,353.16666666666663,2.035834077902062
bb_ipp_adaptive,wind,4240,353.25,2.024676352851206
bb_ipp_adaptive,wind,4241,353.33333333333337,2.004830658356462
bb_ipp_adaptive,wind,4242,353.41666666666663,2.0055019668813743
bb_ipp_adaptive,wind,4243,353.5,2.0085318825141787
bb_ipp_adaptive,wind,4244,353.58333333333337,2.0162480593913776
bb_ipp_adaptive,wind,4245,353.66666666666663,2.002836106884765
bb_ipp_adaptive,wind,4246,353.75,2.007273523739201
bb_ipp_adaptive,wind,4247,353.83333333333337,1.9809199386294842
bb_ipp_adaptive,wind,4248,353.91666666666663,1.9834953502812827
bb_ipp_adaptive,wind,4249,354.0,1.9732977336254036
bb_ipp_adaptive,wind,4250,354.08333333333337,1.9817064483661697
bb_ipp_adaptive,wind,4251,354.16666666666663,1.9734433943025294
bb_ipp_adaptive,wind,4252,354.25,1.9759268954322133
bb_ipp_adaptive,wind,4253,354.33333333333337,1.983358116509434
bb_ipp_adaptive,wind,4254,354.41666666666663,2.0104595666311194
bb_ipp_adaptive,wind,4255,354.5,2.0136976705151572
bb_ipp_adaptive,wind,4256,354.58333333333337,2.002500986886657
bb_ipp_adaptive,wind,4257,354.66666666666663,1.9899045727050673
bb_ipp_adaptive,wind,4258,354.75,1.994989962647012
bb_ipp_adaptive,wind,4259,354.83333333333337,1.9719524513989624
bb_ipp_adaptive,wind,4260,354.91666666666663,1.985909957031688
bb_ipp_adaptive,wind,4261,355.0,1.9744128173903364
bb_ipp_adaptive,wind,4262,355.08333333333337,1.9741974699323916
bb_ipp_adaptive,wind,4263,355.16666666666663,1.9726549497559513
bb_ipp_adaptive,wind,4264,355.25,1.9891076697354815
bb_ipp_adaptive,wind,4265,355.33333333333337,1.9807289145149196
bb_ipp_adaptive,wind,4266,355.41666666666663,1.9916520386074006
bb_ipp_adaptive,wind,4267,355.5,1.969432453372901
bb_ipp_adaptive,wind,4268,355.58333333333337,1.9638823348138206
bb_ipp_adaptive,wind,4269,355.66666666666663,1.9937470511522974
bb_ipp_adaptive,wind,4270,355.75,2.0220679181182493
bb_ipp_adaptive,wind,4271,355.83333333333337,2.0248226971126386
bb_ipp_adaptive,wind,4272,355.91666666666663,2.00903805052851
bb_ipp_adaptive,wind,4273,356.0,2.0207693929088366
bb_ipp_adaptive,wind,4274,356.08333333333337,2.0212650901159854
bb_ipp_adaptive,wind,4275,356.16666666666663,2.0299124493672216
bb_ipp_adaptive,wind,4276,356.25,2.0286034814415412
bb_ipp_adaptive,wind,4277,356.33333333333337,2.0335133679059316
bb_ipp_adaptive,wind,4278,356.41666666666663,2.0486532448936847
bb_ipp_adaptive,wind,4279,356.5,2.0732276556737563
bb_ipp_adaptive,wind,4280,356.58333333333337,2.078910791077721
bb_ipp_adaptive,wind,4281,356.66666666666663,2.0808395661963024
bb_ipp_adaptive,wind,4282,356.75,2.082040388515921
bb_ipp_adaptive,wind,4283,356.83333333333337,2.075482889491243
bb_ipp_adaptive,wind,4284,356.91666666666663,2.0632145189137745
bb_ipp_adaptive,wind,4285,357.0,2.078944191147513
bb_ipp_adaptive,wind,4286,357.08333333333337,2.0531172974894316
bb_ipp_adaptive,wind,4287,357.16666666666663,2.064323412421525
bb_ipp_adaptive,wind,4288,357.25,2.054626491320252
bb_ipp_adaptive,wind,4289,357.33333333333337,2.055287880652859
bb_ipp_adaptive,wind,4290,357.41666666666663,2.04971365821877
bb_ipp_adaptive,wind,4291,357.5,2.039509535552744
bb_ipp_adaptive,wind,4292,357.58333333333337,2.05598929283908
bb_ipp_adaptive,wind,4293,357.66666666666663,2.073595813836416
bb_ipp_adaptive,wind,4294,357.75,2.0831106852384584
bb_ipp_adaptive,wind,4295,357.83333333333337,2.0971040355721127
bb_ipp_adaptive,wind,4296,357.91666666666663,2.1036223699081757
bb_ipp_adaptive,wind,4297,358.0,2.09273837518345
bb_ipp_adaptive,wind,4298,358.08333333333337,2.081869180516639
bb_ipp_adaptive,wind,4299,358.16666666666663,2.072750976423733
bb_ipp_adaptive,wind,4300,358.25,2.062440608944306
bb_ipp_adaptive,wind,4301,358.33333333333337,2.063078596396483
bb_ipp_adaptive,wind,4302,358.41666666666663,2.081643654018959
bb_ipp_adaptive,wind,4303,358.5,2.091118387387993
bb_ipp_adaptive,wind,4304,358.58333333333337,2.083396388880805
bb_ipp_adaptive,wind,4305,358.66666666666663,2.0810240790601053
bb_ipp_adaptive,wind,4306,358.75,2.061689091721692
bb_ipp_adaptive,wind,4307,358.83333333333337,2.073327561468031
bb_ipp_adaptive,wind,4308,358.91666666666663,2.0798510813490454
bb_ipp_adaptive,wind,4309,359.0,2.068841838199265
bb_ipp_adaptive,wind,4310,359.08333333333337,2.071597782139419
bb_ipp_adaptive,wind,4311,359.16666666666663,2.0469416769433426
bb_ipp_adaptive,wind,4312,359.25,2.059835355554305
bb_ipp_adaptive,wind,4313,359.33333333333337,2.0712154227152935
bb_ipp_adaptive,wind,4314,359.41666666666663,2.0702138707522555
bb_ipp_adaptive,wind,4315,359.5,2.0541255440064243
bb_ipp_adaptive,wind,4316,359.58333333333337,2.053201818592434
bb_ipp_adaptive,wind,4317,359.66666666666663,2.0469087470452387
bb_ipp_adaptive,wind,4318,359.75,2.043897255575317
bb_ipp_adaptive,wind,4319,359.83333333333337,2.0610249853979763
bb_ipp_adaptive,wind,4320,359.91666666666663,2.0712153806903038
bb_ipp_adaptive,wind,4321,360.0,2.070074407590322
bb_ipp_adaptive,estimated,1,0.0,0.5482123617960044
bb_ipp_adaptive,estimated,2,0.08333333333337123,0.5580717432284854
bb_ipp_adaptive,estimated,3,0.16666666666662877,0.5608571701441848
bb_ipp_adaptive,estimated,4,0.25,0.5623466796953409
bb_ipp_adaptive,estimated,5,0.33333333333337123,0.5633470819444526
bb_ipp_adaptive,estimated,6,0.41666666666662877,0.56410057928482
bb_ipp_adaptive,estimated,7,0.5,0.5647028742246916
bb_ipp_adaptive,estimated,8,0.5833333333333712,0.5651784049745923
bb_ipp_adaptive,estimated,9,0.6666666666666288,0.565563706539949
bb_ipp_adaptive,estimated,10,0.75,0.5659130531190053
bb_ipp_adaptive,estimated,11,0.8333333333333712,0.5662635372308179
bb_ipp_adaptive,estimated,12,0.9166666666666288,0.5666306472901165
bb_ipp_adaptive,estimated,13,1.0,0.5670480875429099
bb_ipp_adaptive,estimated,14,1.0833333333333712,0.5674908801248583
bb_ipp_adaptive,estimated,15,1.1666666666666288,0.567927196291656
bb_ipp_adaptive,estimated,16,1.25,0.5683665754752829
bb_ipp_adaptive,estimated,17,1.3333333333333712,0.568786131935766
bb_ipp_adaptive,estimated,18,1.4166666666666288,0.5691807487995394
bb_ipp_adaptive,estimated,19,1.5,0.5695085867634894
bb_ipp_adaptive,estimated,20,1.5833333333333712,0.569750947718028
bb_ipp_adaptive,estimated,21,1.6666666666666288,0.5699932247307627
bb_ipp_adaptive,estimated,22,1.75,0.5703730016588444
bb_ipp_adaptive,estimated,23,1.8333333333333712,0.5708858334704658
bb_ipp_adaptive,estimated,24,1.9166666666666288,0.5714874185114242
bb_ipp_adaptive,estimated,25,2.0,0.572083297499407
bb_ipp_adaptive,estimated,26,2.0833333333333712,0.5726384412483204
bb_ipp_adaptive,estimated,27,2.1666666666666288,0.5731463532925402
bb_ipp_adaptive,estimated,28,2.25,0.5736047708879163
bb_ipp_adaptive,estimated,29,2.3333333333333712,0.5740013501896927
bb_ipp_adaptive,estimated,30,2.4166666666666288,0.5743530584442164
bb_ipp_adaptive,estimated,31,2.5,0.5747275665006026
bb_ipp_adaptive,estimated,32,2.5833333333333712,0.5752044581258203
bb_ipp_adaptive,estimated,33,2.6666666666666288,0.5757489028699528
bb_ipp_adaptive,estimated,34,2.75,0.5763086912126986
bb_ipp_adaptive,estimated,35,2.8333333333333712,0.5768481603723162
bb_ipp_adaptive,estimated,36,2.9166666666666288,0.5773710828114789
bb_ipp_adaptive,estimated,37,3.0,0.577858347928523
bb_ipp_adaptive,estimated,38,3.0833333333333712,0.578299860120452
bb_ipp_adaptive,estimated,39,3.1666666666666288,0.5788028497397104
bb_ipp_adaptive,estimated,40,3.25,0.5792821981894406
bb_ipp_adaptive,estimated,41,3.3333333333333712,0.5798089919728584
bb_ipp_adaptive,estimated,42,3.4166666666666288,0.5803381605368824
bb_ipp_adaptive,estimated,43,3.5,0.5807830363420408
bb_ipp_adaptive,estimated,44,3.5833333333333712,0.5813090568695319
bb_ipp_adaptive,estimated,45,3.6666666666666288,0.5817701499384726
bb_ipp_adaptive,estimated,46,3.75,0.5822806414346792
bb_ipp_adaptive,estimated,47,3.8333333333333712,0.5827443818339169
bb_ipp_adaptive,estimated,48,3.9166666666666288,0.5832879977895581
bb_ipp_adaptive,estimated,49,4.0,0.583583829188942
bb_ipp_adaptive,estimated,50,4.083333333333371,0.5840457804191314
bb_ipp_adaptive,estimated,51,4.166666666666629,0.58439620881513
bb_ipp_adaptive,estimated,52,4.25,0.5849795319726591
bb_ipp_adaptive,estimated,53,4.333333333333371,0.5855174023968398
bb_ipp_adaptive,estimated,54,4.416666666666629,0.5856402497910764
bb_ipp_adaptive,estimated,55,4.5,0.5856957680550484
bb_ipp_adaptive,estimated,56,4.583333333333371,0.5859803863483625
bb_ipp_adaptive,estimated,57,4.666666666666629,0.5851983866020241
bb_ipp_adaptive,estimated,58,4.75,0.5859655097135871
bb_ipp_adaptive,estimated,59,4.833333333333371,0.5857992253338917
bb_ipp_adaptive,estimated,60,4.916666666666629,0.5866813020498478
bb_ipp_adaptive,estimated,61,5.0,0.5872143520134938
bb_ipp_adaptive,estimated,62,5.083333333333371,0.5876314285682558
bb_ipp_adaptive,estimated,63,5.166666666666629,0.5880616481973564
bb_ipp_adaptive,estimated,64,5.25,0.5866270943339085
bb_ipp_adaptive,estimated,65,5.333333333333371,0.5867741586957085
bb_ipp_adaptive,estimated,66,5.416666666666629,0.5830524444053051
bb_ipp_adaptive,estimated,67,5.5,0.5820653251467108
bb_ipp_adaptive,estimated,68,5.583333333333371,0.5831970278718154
bb_ipp_adaptive,estimated,69,5.666666666666629,0.5810559174906508
bb_ipp_adaptive,estimated,70,5.75,0.5771964236293802
bb_ipp_adaptive,estimated,71,5.833333333333371,0.578110619422568
bb_ipp_adaptive,estimated,72,5.916666666666629,0.5792234155554015
bb_ipp_adaptive,estimated,73,6.0,0.5803690487539971
bb_ipp_adaptive,estimated,74,6.083333333333371,0.5799405090756262
bb_ipp_adaptive,estimated,75,6.166666666666629,0.5780405353738337
bb_ipp_adaptive,estimated,76,6.25,0.5762761450952532
bb_ipp_adaptive,estimated,77,6.333333333333371,0.5751674285241826
bb_ipp_adaptive,estimated,78,6.416666666666629,0.5740917492594629
bb_ipp_adaptive,estimated,79,6.5,0.5742977386981416
bb_ipp_adaptive,estimated,80,6.583333333333371,0.5754271112673026
bb_ipp_adaptive,estimated,81,6.666666666666629,0.5770340946516266
bb_ipp_adaptive,estimated,82,6.75,0.5805021339508903
bb_ipp_adaptive,estimated,83,6.833333333333371,0.5814548584778247
bb_ipp_adaptive,estimated,84,6.916666666666629,0.5833072822229043
bb_ipp_adaptive,estimated,85,7.0,0.5835938999162895
bb_ipp_adaptive,estimated,86,7.083333333333371,0.5819957270379001
bb_ipp_adaptive,estimated,87,7.166666666666629,0.5839171826618413
bb_ipp_adaptive,estimated,88,7.25,0.5852482541230771
bb_ipp_adaptive,estimated,89,7.333333333333371,0.5845204011876366
bb_ipp_adaptive,estimated,90,7.416666666666629,0.5876419114230184
bb_ipp_adaptive,estimated,91,7.5,0.5888613173926819
bb_ipp_adaptive,estimated,92,7.583333333333371,0.5889383044405414
bb_ipp_adaptive,estimated,93,7.666666666666629,0.5908473507258454
bb_ipp_adaptive,estimated,94,7.75,0.5928713991504
bb_ipp_adaptive,estimated,95,7.833333333333371,0.5952371100226188
bb_ipp_adaptive,estimated,96,7.916666666666629,0.595994708205126
bb_ipp_adaptive,estimated,97,8.0,0.5964122974156396
bb_ipp_adaptive,estimated,98,8.083333333333371,0.5967096539657539
bb_ipp_adaptive,estimated,99,8.166666666666629,0.5976554981756607
bb_ipp_adaptive,estimated,100,8.25,0.5984029248447081
bb_ipp_adaptive,estimated,101,8.333333333333371,0.5990547881905898
bb_ipp_adaptive,estimated,102,8.416666666666629,0.5992763914072974
bb_ipp_adaptive,estimated,103,8.5,0.5997073954489611
bb_ipp_adaptive,estimated,104,8.583333333333371,0.5998235450067849
bb_ipp_adaptive,estimated,105,8.666666666666629,0.600649230709593
bb_ipp_adaptive,estimated,106,8.75,0.6009866347617895
bb_ipp_adaptive,estimated,107,8.833333333333371,0.6013391007167463
bb_ipp_adaptive,estimated,108,8.916666666666629,0.6017048068169167
bb_ipp_adaptive,estimated,109,9.0,0.6022288564023444
bb_ipp_adaptive,estimated,110,9.083333333333371,0.6021332604119296
bb_ipp_adaptive,estimated,111,9.166666666666629,0.6025807008238905
bb_ipp_adaptive,estimated,112,9.25,0.6032121275618882
bb_ipp_adaptive,estimated,113,9.333333333333371,0.6037099985144695
bb_ipp_adaptive,estimated,114,9.416666666666629,0.603883101946739
bb_ipp_adaptive,estimated,115,9.5,0.6038273004523101
bb_ipp_adaptive,estimated,116,9.583333333333371,0.6042133094305081
bb_ipp_adaptive,estimated,117,9.666666666666629,0.604439752448308
bb_ipp_adaptive,estimated,118,9.75,0.6046416979615894
bb_ipp_adaptive,estimated,119,9.833333333333371,0.6050358726541546
bb_ipp_adaptive,estimated,120,9.916666666666629,0.6054403357917678
bb_ipp_adaptive,estimated,121,10.0,0.6055001638408868
bb_ipp_adaptive,estimated,122,10.083333333333371,0.6055121434043128
bb_ipp_adaptive,estimated,123,10.166666666666629,0.6054127765678414
bb_ipp_adaptive,estimated,124,10.25,0.6055428180961044
bb_ipp_adaptive,estimated,125,10.333333333333371,0.6053257325755329
bb_ipp_adaptive,estimated,126,10.416666666666629,0.6059270365648788
bb_ipp_adaptive,estimated,127,10.5,0.6062003707918892
bb_ipp_adaptive,estimated,128,10.583333333333371,0.6061691513919569
bb_ipp_adaptive,estimated,129,10.666666666666629,0.6061829846081953
bb_ipp_adaptive,estimated,130,10.75,0.6065644424702205
bb_ipp_adaptive,estimated,131,10.833333333333371,0.6069779070729144
bb_ipp_adaptive,estimated,132,10.916666666666629,0.606837821461561
bb_ipp_adaptive,estimated,133,11.0,0.6070228566732526
bb_ipp_adaptive,estimated,134,11.083333333333371,0.6073439916100627
bb_ipp_adaptive,estimated,135,11.166666666666629,0.6073919634453577
bb_ipp_adaptive,estimated,136,11.25,0.6075457576724559
bb_ipp_adaptive,estimated,137,11.333333333333371,0.6077466589782021
bb_ipp_adaptive,estimated,138,11.416666666666629,0.6079916543861273
bb_ipp_adaptive,estimated,139,11.5,0.6080758871834965
bb_ipp_adaptive,estimated,140,11.583333333333371,0.6083071987668377
bb_ipp_adaptive,estimated,141,11.666666666666629,0.6082574443809043
bb_ipp_adaptive,estimated,142,11.75,0.608123502395654
bb_ipp_adaptive,estimated,143,11.833333333333371,0.6082345006972628
bb_ipp_adaptive,estimated,144,11.916666666666629,0.6083487585401263
bb_ipp_adaptive,estimated,145,12.0,0.6081992018393164
bb_ipp_adaptive,estimated,146,12.083333333333371,0.6089129619318816
bb_ipp_adaptive,estimated,147,12.166666666666629,0.6088839792016926
bb_ipp_adaptive,estimated,148,12.25,0.609190258459466
bb_ipp_adaptive,estimated,149,12.333333333333371,0.6092633771769399
bb_ipp_adaptive,estimated,150,12.416666666666629,0.6092097988951579
bb_ipp_adaptive,estimated,151,12.5,0.608964398949781
bb_ipp_adaptive,estimated,152,12.583333333333371,0.6100990780533675
bb_ipp_adaptive,estimated,153,12.666666666666629,0.6112603198425212
bb_ipp_adaptive,estimated,154,12.75,0.6112745623646129
bb_ipp_adaptive,estimated,155,12.833333333333371,0.6107330119702064
bb_ipp_adaptive,estimated,156,12.916666666666629,0.6108831091155575
bb_ipp_adaptive,estimated,157,13.0,0.6107981498570669
bb_ipp_adaptive,estimated,158,13.083333333333371,0.6102113936472728
bb_ipp_adaptive,estimated,159,13.166666666666629,0.6104524831944846
bb_ipp_adaptive,estimated,160,13.25,0.6111251821352008
bb_ipp_adaptive,estimated,161,13.333333333333371,0.6106188800205825
bb_ipp_adaptive,estimated,162,13.416666666666629,0.610542881066193
bb_ipp_adaptive,estimated,163,13.5,0.6103137478047772
bb_ipp_adaptive,estimated,164,13.583333333333371,0.6098683174750281
bb_ipp_adaptive,estimated,165,13.666666666666629,0.6106311165658463
bb_ipp_adaptive,estimated,166,13.75,0.6101286087358397
bb_ipp_adaptive,estimated,167,13.833333333333371,0.6094604647688922
bb_ipp_adaptive,estimated,168,13.916666666666629,0.6087740562152572
bb_ipp_adaptive,estimated,169,14.0,0.6078304530969919
bb_ipp_adaptive,estimated,170,14.083333333333371,0.6074017534858471
bb_ipp_adaptive,estimated,171,14.166666666666629,0.6080734586337531
bb_ipp_adaptive,estimated,172,14.25,0.6074006366894996
bb_ipp_adaptive,estimated,173,14.333333333333371,0.6075044554008685
bb_ipp_adaptive,estimated,174,14.416666666666629,0.6070397259608732
bb_ipp_adaptive,estimated,175,14.5,0.6059056618949972
bb_ipp_adaptive,estimated,176,14.583333333333371,0.6053585148295373
bb_ipp_adaptive,estimated,177,14.666666666666629,0.6046338042687047
bb_ipp_adaptive,estimated,178,14.75,0.6037656719490483
bb_ipp_adaptive,estimated,179,14.833333333333371,0.6025882958063438
bb_ipp_adaptive,estimated,180,14.916666666666629,0.6025693679757823
bb_ipp_adaptive,estimated,181,15.0,0.6022234050494422
bb_ipp_adaptive,estimated,182,15.083333333333371,0.6020456517444999
bb_ipp_adaptive,estimated,183,15.166666666666629,0.6014700509221375
bb_ipp_adaptive,estimated,184,15.25,0.6016617377108715
bb_ipp_adaptive,estimated,185,15.333333333333371,0.6012644920154256
bb_ipp_adaptive,estimated,186,15.416666666666629,0.6020214778895561
bb_ipp_adaptive,estimated,187,15.5,0.6015144557482679
bb_ipp_adaptive,estimated,188,15.583333333333371,0.6006679891694044
bb_ipp_adaptive,estimated,189,15.666666666666629,0.6014256225858271
bb_ipp_adaptive,estimated,190,15.75,0.6017154959365653
bb_ipp_adaptive,estimated,191,15.833333333333371,0.6002488664748935
bb_ipp_adaptive,estimated,192,15.916666666666629,0.6010337590095866
bb_ipp_adaptive,estimated,193,16.0,0.6005343788519372
bb_ipp_adaptive,estimated,194,16.08333333333337,0.600938859792368
bb_ipp_adaptive,estimated,195,16.16666666666663,0.6006212551523157
bb_ipp_adaptive,estimated,196,16.25,0.6003744003632283
bb_ipp_adaptive,estimated,197,16.33333333333337,0.5998695118726454
bb_ipp_adaptive,estimated,198,16.41666666666663,0.5997100640217673
bb_ipp_adaptive,estimated,199,16.5,0.5991481733363296
bb_ipp_adaptive,estimated,200,16.58333333333337,0.5995377609353976
bb_ipp_adaptive,estimated,201,16.66666666666663,0.5995752349501399
bb_ipp_adaptive,estimated,202,16.75,0.599291831291037
bb_ipp_adaptive,estimated,203,16.83333333333337,0.5998623793261642
bb_ipp_adaptive,estimated,204,16.91666666666663,0.600484962679752
bb_ipp_adaptive,estimated,205,17.0,0.6004549294271133
bb_ipp_adaptive,estimated,206,17.08333333333337,0.600519389173513
bb_ipp_adaptive,estimated,207,17.16666666666663,0.601291808943312
bb_ipp_adaptive,estimated,208,17.25,0.6010167290924249
bb_ipp_adaptive,estimated,209,17.33333333333337,0.6011180935788287
bb_ipp_adaptive,estimated,210,17.41666666666663,0.6013626223825106
bb_ipp_adaptive,estimated,211,17.5,0.6011535343887018
bb_ipp_adaptive,estimated,212,17.58333333333337,0.601364120854056
bb_ipp_adaptive,estimated,213,17.66666666666663,0.6022638988148582
bb_ipp_adaptive,estimated,214,17.75,0.6026333758925784
bb_ipp_adaptive,estimated,215,17.83333333333337,0.6031407410521605
bb_ipp_adaptive,estimated,216,17.91666666666663,0.6033425454438855
bb_ipp_adaptive,estimated,217,18.0,0.6032422590665368
bb_ipp_adaptive,estimated,218,18.08333333333337,0.6040958592110234
bb_ipp_adaptive,estimated,219,18.16666666666663,0.6046546963990584
bb_ipp_adaptive,estimated,220,18.25,0.6048095121064935
bb_ipp_adaptive,estimated,221,18.33333333333337,0.6050331108622543
bb_ipp_adaptive,estimated,222,18.41666666666663,0.6056008159441141
bb_ipp_adaptive,estimated,223,18.5,0.6055455002374002
bb_ipp_adaptive,estimated,224,18.58333333333337,0.6050318697369236
bb_ipp_adaptive,estimated,225,18.66666666666663,0.604687560130696
bb_ipp_adaptive,estimated,226,18.75,0.6061085361459799
bb_ipp_adaptive,estimated,227,18.83333333333337,0.6061335766829821
bb_ipp_adaptive,estimated,228,18.91666666666663,0.6058381934433141
bb_ipp_adaptive,estimated,229,19.0,0.605200130424507
bb_ipp_adaptive,estimated,230,19.08333333333337,0.6060481958923194
bb_ipp_adaptive,estimated,231,19.16666666666663,0.6063264505345043
bb_ipp_adaptive,estimated,232,19.25,0.6062487351980035
bb_ipp_adaptive,estimated,233,19.33333333333337,0.6055698066607036
bb_ipp_adaptive,estimated,234,19.41666666666663,0.6061037476114027
bb_ipp_adaptive,estimated,235,19.5,0.60571835124923
bb_ipp_adaptive,estimated,236,19.58333333333337,0.6056023525994723
bb_ipp_adaptive,estimated,237,19.66666666666663,0.6057466464388647
bb_ipp_adaptive,estimated,238,19.75,0.6054473375742014
bb_ipp_adaptive,estimated,239,19.83333333333337,0.605321099424999
bb_ipp_adaptive,estimated,240,19.91666666666663,0.6054779390753744
bb_ipp_adaptive,estimated,241,20.0,0.6050476836215856
bb_ipp_adaptive,estimated,242,20.08333333333337,0.6061248857268434
bb_ipp_adaptive,estimated,243,20.16666666666663,0.6052626187670542
bb_ipp_adaptive,estimated,244,20.25,0.6047161886404409
bb_ipp_adaptive,estimated,245,20.33333333333337,0.604013807945164
bb_ipp_adaptive,estimated,246,20.41666666666663,0.6028958476300404
bb_ipp_adaptive,estimated,247,20.5,0.6041808619201197
bb_ipp_adaptive,estimated,248,20.58333333333337,0.6045650700906935
bb_ipp_adaptive,estimated,249,20.66666666666663,0.6042155266466088
bb_ipp_adaptive,estimated,250,20.75,0.6038277753678366
bb_ipp_adaptive,estimated,251,20.83333333333337,0.6036130052881877
bb_ipp_adaptive,estimated,252,20.91666666666663,0.6035182450275173
bb_ipp_adaptive,estimated,253,21.0,0.603141634260306
bb_ipp_adaptive,estimated,254,21.08333333333337,0.602064138652504
bb_ipp_adaptive,estimated,255,21.16666666666663,0.6022447582485845
bb_ipp_adaptive,estimated,256,21.25,0.6016594368504697
bb_ipp_adaptive,estimated,257,21.33333333333337,0.6019188840755162
bb_ipp_adaptive,estimated,258,21.41666666666663,0.6008200224859157
bb_ipp_adaptive,estimated,259,21.5,0.6005598679127001
bb_ipp_adaptive,estimated,260,21.58333333333337,0.6005685979813123
bb_ipp_adaptive,estimated,261,21.66666666666663,0.5995597147918241
bb_ipp_adaptive,estimated,262,21.75,0.5990594700644617
bb_ipp_adaptive,estimated,263,21.83333333333337,0.5996453831955546
bb_ipp_adaptive,estimated,264,21.91666666666663,0.5977377704075792
bb_ipp_adaptive,estimated,265,22.0,0.5978197039281515
bb_ipp_adaptive,estimated,266,22.08333333333337,0.5971443893686196
bb_ipp_adaptive,estimated,267,22.16666666666663,0.5981593328575728
bb_ipp_adaptive,estimated,268,22.25,0.5971032475405393
bb_ipp_adaptive,estimated,269,22.33333333333337,0.5968845319397732
bb_ipp_adaptive,estimated,270,22.41666666666663,0.595917641266124
bb_ipp_adaptive,estimated,271,22.5,0.595891481533168
bb_ipp_adaptive,estimated,272,22.58333333333337,0.5951687907556781
bb_ipp_adaptive,estimated,273,22.66666666666663,0.5948908620540553
bb_ipp_adaptive,estimated,274,22.75,0.5952742319985572
bb_ipp_adaptive,estimated,275,22.83333333333337,0.5962181373378255
bb_ipp_adaptive,estimated,276,22.91666666666663,0.5955687961912163
bb_ipp_adaptive,estimated,277,23.0,0.5952669018383899
bb_ipp_adaptive,estimated,278,23.08333333333337,0.5943849560158545
bb_ipp_adaptive,estimated,279,23.16666666666663,0.595462115641284
bb_ipp_adaptive,estimated,280,23.25,0.5960977309664399
bb_ipp_adaptive,estimated,281,23.33333333333337,0.5960930511658981
bb_ipp_adaptive,estimated,282,23.41666666666663,0.5969471313419334
bb_ipp_adaptive,estimated,283,23.5,0.5977513612171881
bb_ipp_adaptive,estimated,284,23.58333333333337,0.5969822874782206
bb_ipp_adaptive,estimated,285,23.66666666666663,0.5970717522436487
bb_ipp_adaptive,estimated,286,23.75,0.5972427276039589
bb_ipp_adaptive,estimated,287,23.83333333333337,0.5970806936409367
bb_ipp_adaptive,estimated,288,23.91666666666663,0.597136740822595
bb_ipp_adaptive,estimated,289,24.0,0.597807189674096
bb_ipp_adaptive,estimated,290,24.08333333333337,0.5977208129483371
bb_ipp_adaptive,estimated,291,24.16666666666663,0.5982461526176096
bb_ipp_adaptive,estimated,292,24.25,0.5978737875027227
bb_ipp_adaptive,estimated,293,24.33333333333337,0.5974863316403016
bb_ipp_adaptive,estimated,294,24.41666666666663,0.5977360851658354
bb_ipp_adaptive,estimated,295,24.5,0.5976303675334567
bb_ipp_adaptive,estimated,296,24.58333333333337,0.5979644652127665
bb_ipp_adaptive,estimated,297,24.66666666666663,0.5981695778384257
bb_ipp_adaptive,estimated,298,24.75,0.5980429743830926
bb_ipp_adaptive,estimated,299,24.83333333333337,0.5975395651770432
bb_ipp_adaptive,estimated,300,24.91666666666663,0.5979041273677065
bb_ipp_adaptive,estimated,301,25.0,0.598466038688955
bb_ipp_adaptive,estimated,302,25.08333333333337,0.5983214285638374
bb_ipp_adaptive,estimated,303,25.16666666666663,0.5987560804498877
bb_ipp_adaptive,estimated,304,25.25,0.5976755787239422
bb_ipp_adaptive,estimated,305,25.33333333333337,0.5979651144336736
bb_ipp_adaptive,estimated,306,25.41666666666663,0.5980283982083395
bb_ipp_adaptive,estimated,307,25.5,0.5974268691356306
bb_ipp_adaptive,estimated,308,25.58333333333337,0.597605058491116
bb_ipp_adaptive,estimated,309,25.66666666666663,0.5984399875437424
bb_ipp_adaptive,estimated,310,25.75,0.5988130452479872
bb_ipp_adaptive,estimated,311,25.83333333333337,0.5993470570402831
bb_ipp_adaptive,estimated,312,25.91666666666663,0.5989725780146004
bb_ipp_adaptive,estimated,313,26.0,0.5978982056917654
bb_ipp_adaptive,estimated,314,26.08333333333337,0.5977062613731021
bb_ipp_adaptive,estimated,315,26.16666666666663,0.59848945902707
bb_ipp_adaptive,estimated,316,26.25,0.598164562364497
bb_ipp_adaptive,estimated,317,26.33333333333337,0.5982179829197123
bb_ipp_adaptive,estimated,318,26.41666666666663,0.5989626302293679
bb_ipp_adaptive,estimated,319,26.5,0.5981873411118461
bb_ipp_adaptive,estimated,320,26.58333333333337,0.5977339646333116
bb_ipp_adaptive,estimated,321,26.66666666666663,0.5978514741588598
bb_ipp_adaptive,estimated,322,26.75,0.5975314682485182
bb_ipp_adaptive,estimated,323,26.83333333333337,0.5976121813295696
bb_ipp_adaptive,estimated,324,26.91666666666663,0.5981395172010714
bb_ipp_adaptive,estimated,325,27.0,0.5982214611849453
bb_ipp_adaptive,estimated,326,27.08333333333337,0.5985605985951002
bb_ipp_adaptive,estimated,327,27.16666666666663,0.5987019181645078
bb_ipp_adaptive,estimated,328,27.25,0.59769405105081
bb_ipp_adaptive,estimated,329,27.33333333333337,0.5978572916173422
bb_ipp_adaptive,estimated,330,27.41666666666663,0.5980172172686039
bb_ipp_adaptive,estimated,331,27.5,0.5981892108359174
bb_ipp_adaptive,estimated,332,27.58333333333337,0.597101798562266
bb_ipp_adaptive,estimated,333,27.66666666666663,0.5967273632073661
bb_ipp_adaptive,estimated,334,27.75,0.5966526487691024
bb_ipp_adaptive,estimated,335,27.83333333333337,0.5972404965395601
bb_ipp_adaptive,estimated,336,27.91666666666663,0.5967538129567832
bb_ipp_adaptive,estimated,337,28.0,0.5971055909091518
bb_ipp_adaptive,estimated,338,28.08333333333337,0.5978790951653347
bb_ipp_adaptive,estimated,339,28.16666666666663,0.5971890936461626
bb_ipp_adaptive,estimated,340,28.25,0.5974039246081939
bb_ipp_adaptive,estimated,341,28.33333333333337,0.5979619408785849
bb_ipp_adaptive,estimated,342,28.41666666666663,0.5969100097977946
bb_ipp_adaptive,estimated,343,28.5,0.59718984100357
bb_ipp_adaptive,estimated,344,28.58333333333337,0.5969440435914564
bb_ipp_adaptive,estimated,345,28.66666666666663,0.596345406704652
bb_ipp_adaptive,estimated,346,28.75,0.5952714768656658
bb_ipp_adaptive,estimated,347,28.83333333333337,0.5954377553049371
bb_ipp_adaptive,estimated,348,28.91666666666663,0.5945398710204259
bb_ipp_adaptive,estimated,349,29.0,0.5932506750298874
bb_ipp_adaptive,estimated,350,29.08333333333337,0.5932548686963022
bb_ipp_adaptive,estimated,351,29.16666666666663,0.5938079124808192
bb_ipp_adaptive,estimated,352,29.25,0.5918836638948797
bb_ipp_adaptive,estimated,353,29.33333333333337,0.5916155954451673
bb_ipp_adaptive,estimated,354,29.41666666666663,0.5925436131681661
bb_ipp_adaptive,estimated,355,29.5,0.5922650756568151
bb_ipp_adaptive,estimated,356,29.58333333333337,0.5917451723181062
bb_ipp_adaptive,estimated,357,29.66666666666663,0.5925343695490867
bb_ipp_adaptive,estimated,358,29.75,0.592201525441926
bb_ipp_adaptive,estimated,359,29.83333333333337,0.5916228873758648
bb_ipp_adaptive,estimated,360,29.91666666666663,0.5917707198322641
bb_ipp_adaptive,estimated,361,30.0,0.5926117530276767
bb_ipp_adaptive,estimated,362,30.08333333333337,0.5918525745934706
bb_ipp_adaptive,estimated,363,30.16666666666663,0.5907244961550091
bb_ipp_adaptive,estimated,364,30.25,0.5911146196987135
bb_ipp_adaptive,estimated,365,30.33333333333337,0.5907923371118159
bb_ipp_adaptive,estimated,366,30.41666666666663,0.5910256001750336
bb_ipp_adaptive,estimated,367,30.5,0.5900509623198749
bb_ipp_adaptive,estimated,368,30.58333333333337,0.5905702459670763
bb_ipp_adaptive,estimated,369,30.66666666666663,0.5906740648396539
bb_ipp_adaptive,estimated,370,30.75,0.5897145511160197
bb_ipp_adaptive,estimated,371,30.83333333333337,0.5907625604200604
bb_ipp_adaptive,estimated,372,30.91666666666663,0.5913318472076959
bb_ipp_adaptive,estimated,373,31.0,0.5919801825267368
bb_ipp_adaptive,estimated,374,31.08333333333337,0.5930434160344525
bb_ipp_adaptive,estimated,375,31.16666666666663,0.5933479141202923
bb_ipp_adaptive,estimated,376,31.25,0.5928136559735635
bb_ipp_adaptive,estimated,377,31.33333333333337,0.5920884880634192
bb_ipp_adaptive,estimated,378,31.41666666666663,0.5921918479424193
bb_ipp_adaptive,estimated,379,31.5,0.5930521423224903
bb_ipp_adaptive,estimated,380,31.58333333333337,0.5930124296967468
bb_ipp_adaptive,estimated,381,31.66666666666663,0.5939572009487101
bb_ipp_adaptive,estimated,382,31.75,0.5935404791372788
bb_ipp_adaptive,estimated,383,31.83333333333337,0.5938107079856594
bb_ipp_adaptive,estimated,384,31.91666666666663,0.5945219915349284
bb_ipp_adaptive,estimated,385,32.0,0.5944885852738496
bb_ipp_adaptive,estimated,386,32.08333333333337,0.5944311653730959
bb_ipp_adaptive,estimated,387,32.16666666666663,0.5946941742125822
bb_ipp_adaptive,estimated,388,32.25,0.5953235468550507
bb_ipp_adaptive,estimated,389,32.33333333333337,0.595491217880198
bb_ipp_adaptive,estimated,390,32.41666666666663,0.5953011286852893
bb_ipp_adaptive,estimated,391,32.5,0.5941404939851401
bb_ipp_adaptive,estimated,392,32.58333333333337,0.5943274989428297
bb_ipp_adaptive,estimated,393,32.66666666666663,0.594086811902489
bb_ipp_adaptive,estimated,394,32.75,0.5938639776728364
bb_ipp_adaptive,estimated,395,32.83333333333337,0.5947317119365214
bb_ipp_adaptive,estimated,396,32.91666666666663,0.5949600827630058
bb_ipp_adaptive,estimated,397,33.0,0.5944568451526934
bb_ipp_adaptive,estimated,398,33.08333333333337,0.5945860213731128
bb_ipp_adaptive,estimated,399,33.16666666666663,0.5942049988161933
bb_ipp_adaptive,estimated,400,33.25,0.5948745111095659
bb_ipp_adaptive,estimated,401,33.33333333333337,0.5940859444198933
bb_ipp_adaptive,estimated,402,33.41666666666663,0.5946479775559316
bb_ipp_adaptive,estimated,403,33.5,0.5948774580744257
bb_ipp_adaptive,estimated,404,33.58333333333337,0.5953150322905383
bb_ipp_adaptive,estimated,405,33.66666666666663,0.5950303961392361
bb_ipp_adaptive,estimated,406,33.75,0.5955717623467643
bb_ipp_adaptive,estimated,407,33.83333333333337,0.5955768510293968
bb_ipp_adaptive,estimated,408,33.91666666666663,0.595014086410168
bb_ipp_adaptive,estimated,409,34.0,0.5947554498733424
bb_ipp_adaptive,estimated,410,34.08333333333337,0.5950682851960506
bb_ipp_adaptive,estimated,411,34.16666666666663,0.5948433560986973
bb_ipp_adaptive,estimated,412,34.25,0.5942043788179773
bb_ipp_adaptive,estimated,413,34.33333333333337,0.5949211580641098
bb_ipp_adaptive,estimated,414,34.41666666666663,0.5941040661089304
bb_ipp_adaptive,estimated,415,34.5,0.5942578225111289
bb_ipp_adaptive,estimated,416,34.58333333333337,0.5938933718376933
bb_ipp_adaptive,estimated,417,34.66666666666663,0.5932046799216237
bb_ipp_adaptive,estimated,418,34.75,0.5933575441083828
bb_ipp_adaptive,estimated,419,34.83333333333337,0.5935030023762464
bb_ipp_adaptive,estimated,420,34.91666666666663,0.5933466788223976
bb_ipp_adaptive,estimated,421,35.0,0.5923874731560292
bb_ipp_adaptive,estimated,422,35.08333333333337,0.5921049832271843
bb_ipp_adaptive,estimated,423,35.16666666666663,0.5918523627939
bb_ipp_adaptive,estimated,424,35.25,0.5919431199696205
bb_ipp_adaptive,estimated,425,35.33333333333337,0.5910113089133336
bb_ipp_adaptive,estimated,426,35.41666666666663,0.5906314728009802
bb_ipp_adaptive,estimated,427,35.5,0.5908020488199663
bb_ipp_adaptive,estimated,428,35.58333333333337,0.5914110631854567
bb_ipp_adaptive,estimated,429,35.66666666666663,0.5913616046295035
bb_ipp_adaptive,estimated,430,35.75,0.5916018286312602
bb_ipp_adaptive,estimated,431,35.83333333333337,0.5906767251013441
bb_ipp_adaptive,estimated,432,35.91666666666663,0.5901522528595894
bb_ipp_adaptive,estimated,433,36.0,0.5904545188201863
bb_ipp_adaptive,estimated,434,36.08333333333337,0.5891474444664292
bb_ipp_adaptive,estimated,435,36.16666666666663,0.5894538077166058
bb_ipp_adaptive,estimated,436,36.25,0.5895304624677261
bb_ipp_adaptive,estimated,437,36.33333333333337,0.5894605625394976
bb_ipp_adaptive,estimated,438,36.41666666666663,0.5889405011820341
bb_ipp_adaptive,estimated,439,36.5,0.5891327337669555
bb_ipp_adaptive,estimated,440,36.58333333333337,0.5876843310610625
bb_ipp_adaptive,estimated,441,36.66666666666663,0.5878913866105576
bb_ipp_adaptive,estimated,442,36.75,0.5880299619343199
bb_ipp_adaptive,estimated,443,36.83333333333337,0.588315751726567
bb_ipp_adaptive,estimated,444,36.91666666666663,0.5873208330816851
bb_ipp_adaptive,estimated,445,37.0,0.5876953337241713
bb_ipp_adaptive,estimated,446,37.08333333333337,0.5848122432467717
bb_ipp_adaptive,estimated,447,37.16666666666663,0.5842531258520157
bb_ipp_adaptive,estimated,448,37.25,0.584021588292251
bb_ipp_adaptive,estimated,449,37.33333333333337,0.5846172097748494
bb_ipp_adaptive,estimated,450,37.41666666666663,0.5844723534737162
bb_ipp_adaptive,estimated,451,37.5,0.5847071477769638
bb_ipp_adaptive,estimated,452,37.58333333333337,0.5850208389073761
bb_ipp_adaptive,estimated,453,37.66666666666663,0.5840712927035187
bb_ipp_adaptive,estimated,454,37.75,0.5844988591637411
bb_ipp_adaptive,estimated,455,37.83333333333337,0.5841957807139126
bb_ipp_adaptive,estimated,456,37.91666666666663,0.5844020345767442
bb_ipp_adaptive,estimated,457,38.0,0.5846537667135946
bb_ipp_adaptive,estimated,458,38.08333333333337,0.5851462839709619
bb_ipp_adaptive,estimated,459,38.16666666666663,0.5849739593041718
bb_ipp_adaptive,estimated,460,38.25,0.5859293136893535
bb_ipp_adaptive,estimated,461,38.33333333333337,0.5859702339807126
bb_ipp_adaptive,estimated,462,38.41666666666663,0.5856948039241409
bb_ipp_adaptive,estimated,463,38.5,0.5855768093194936
bb_ipp_adaptive,estimated,464,38.58333333333337,0.5866885726495682
bb_ipp_adaptive,estimated,465,38.66666666666663,0.5869393007559249
bb_ipp_adaptive,estimated,466,38.75,0.5874851057233913
bb_ipp_adaptive,estimated,467,38.83333333333337,0.5887888212217515
bb_ipp_adaptive,estimated,468,38.91666666666663,0.5892360529361719
bb_ipp_adaptive,estimated,469,39.0,0.5909704391126813
bb_ipp_adaptive,estimated,470,39.08333333333337,0.5903067859709371
bb_ipp_adaptive,estimated,471,39.16666666666663,0.5896523067653722
bb_ipp_adaptive,estimated,472,39.25,0.589318865799882
bb_ipp_adaptive,estimated,473,39.33333333333337,0.5889506664546754
bb_ipp_adaptive,estimated,474,39.41666666666663,0.5901378249630054
bb_ipp_adaptive,estimated,475,39.5,0.5899487629362201
bb_ipp_adaptive,estimated,476,39.58333333333337,0.59075157048926
bb_ipp_adaptive,estimated,477,39.66666666666663,0.5903005629861374
bb_ipp_adaptive,estimated,478,39.75,0.5902916220259607
bb_ipp_adaptive,estimated,479,39.83333333333337,0.5901996951125685
bb_ipp_adaptive,estimated,480,39.91666666666663,0.5899924848227789
bb_ipp_adaptive,estimated,481,40.0,0.589741941167868
bb_ipp_adaptive,estimated,482,40.08333333333337,0.5905645394988088
bb_ipp_adaptive,estimated,483,40.16666666666663,0.5916448335685719
bb_ipp_adaptive,estimated,484,40.25,0.5920209292115014
bb_ipp_adaptive,estimated,485,40.33333333333337,0.591959013380851
bb_ipp_adaptive,estimated,486,40.41666666666663,0.5908007327497181
bb_ipp_adaptive,estimated,487,40.5,0.5911417179895475
bb_ipp_adaptive,estimated,488,40.58333333333337,0.5916806609408779
bb_ipp_adaptive,estimated,489,40.66666666666663,0.5919786566981364
bb_ipp_adaptive,estimated,490,40.75,0.5916942516448573
bb_ipp_adaptive,estimated,491,40.83333333333337,0.5917686676349306
bb_ipp_adaptive,estimated,492,40.91666666666663,0.5923574280111794
bb_ipp_adaptive,estimated,493,41.0,0.5910613116909436
bb_ipp_adaptive,estimated,494,41.08333333333337,0.5918520861791585
bb_ipp_adaptive,estimated,495,41.16666666666663,0.5917804773242639
bb_ipp_adaptive,estimated,496,41.25,0.5913953006309831
bb_ipp_adaptive,estimated,497,41.33333333333337,0.5915733066773425
bb_ipp_adaptive,estimated,498,41.41666666666663,0.5918331277342231
bb_ipp_adaptive,estimated,499,41.5,0.5913758878387277
bb_ipp_adaptive,estimated,500,41.58333333333337,0.5911153051666492
bb_ipp_adaptive,estimated,501,41.66666666666663,0.5913918446244224
bb_ipp_adaptive,estimated,502,41.75,0.5904168091309784
bb_ipp_adaptive,estimated,503,41.83333333333337,0.5900807356176133
bb_ipp_adaptive,estimated,504,41.91666666666663,0.5902297092909059
bb_ipp_adaptive,estimated,505,42.0,0.5915397156282346
bb_ipp_adaptive,estimated,506,42.08333333333337,0.5906673269261524
bb_ipp_adaptive,estimated,507,42.16666666666663,0.5902698671820606
bb_ipp_adaptive,estimated,508,42.25,0.5895286956384185
bb_ipp_adaptive,estimated,509,42.33333333333337,0.5898550712841597
bb_ipp_adaptive,estimated,510,42.41666666666663,0.5896680582387597
bb_ipp_adaptive,estimated,511,42.5,0.588666731232241
bb_ipp_adaptive,estimated,512,42.58333333333337,0.588678160731473
bb_ipp_adaptive,estimated,513,42.66666666666663,0.5868734604548057
bb_ipp_adaptive,estimated,514,42.75,0.587315950142969
bb_ipp_adaptive,estimated,515,42.83333333333337,0.5862364282941495
bb_ipp_adaptive,estimated,516,42.91666666666663,0.5863344204401331
bb_ipp_adaptive,estimated,517,43.0,0.5857762694250688
bb_ipp_adaptive,estimated,518,43.08333333333337,0.5851717357645386
bb_ipp_adaptive,estimated,519,43.16666666666663,0.5852120846301035
bb_ipp_adaptive,estimated,520,43.25,0.5845602584664845
bb_ipp_adaptive,estimated,521,43.33333333333337,0.5851178173795526
bb_ipp_adaptive,estimated,522,43.41666666666663,0.5855029544417937
bb_ipp_adaptive,estimated,523,43.5,0.5860076760685128
bb_ipp_adaptive,estimated,524,43.58333333333337,0.584747375572887
bb_ipp_adaptive,estimated,525,43.66666666666663,0.5849631117143137
bb_ipp_adaptive,estimated,526,43.75,0.5855816872173947
bb_ipp_adaptive,estimated,527,43.83333333333337,0.5861377971880464
bb_ipp_adaptive,estimated,528,43.91666666666663,0.5854549855163339
bb_ipp_adaptive,estimated,529,44.0,0.5854653847589977
bb_ipp_adaptive,estimated,530,44.08333333333337,0.5869436512502639
bb_ipp_adaptive,estimated,531,44.16666666666663,0.587432882981998
bb_ipp_adaptive,estimated,532,44.25,0.5862592951363171
bb_ipp_adaptive,estimated,533,44.33333333333337,0.5863125303175711
bb_ipp_adaptive,estimated,534,44.41666666666663,0.5863431270152986
bb_ipp_adaptive,estimated,535,44.5,0.5859057969070984
bb_ipp_adaptive,estimated,536,44.58333333333337,0.5828555358302061
bb_ipp_adaptive,estimated,537,44.66666666666663,0.5833444204160315
bb_ipp_adaptive,estimated,538,44.75,0.5821169565057784
bb_ipp_adaptive,estimated,539,44.83333333333337,0.5832548288994237
bb_ipp_adaptive,estimated,540,44.91666666666663,0.5829959555332804
bb_ipp_adaptive,estimated,541,45.0,0.5842821194616974
bb_ipp_adaptive,estimated,542,45.08333333333337,0.5838425993235773
bb_ipp_adaptive,estimated,543,45.16666666666663,0.5845331589201676
bb_ipp_adaptive,estimated,544,45.25,0.5853555153715129
bb_ipp_adaptive,estimated,545,45.33333333333337,0.5864882760279407
bb_ipp_adaptive,estimated,546,45.41666666666663,0.587037671768927
bb_ipp_adaptive,estimated,547,45.5,0.585652211927193
bb_ipp_adaptive,estimated,548,45.58333333333337,0.58601567118123
bb_ipp_adaptive,estimated,549,45.66666666666663,0.5855899820569579
bb_ipp_adaptive,estimated,550,45.75,0.5859163726479125
bb_ipp_adaptive,estimated,551,45.83333333333337,0.5860079055380354
bb_ipp_adaptive,estimated,552,45.91666666666663,0.5865085635848003
bb_ipp_adaptive,estimated,553,46.0,0.585876983843401
bb_ipp_adaptive,estimated,554,46.08333333333337,0.5866841489334536
bb_ipp_adaptive,estimated,555,46.16666666666663,0.586040092688311
bb_ipp_adaptive,estimated,556,46.25,0.5853720537887773
bb_ipp_adaptive,estimated,557,46.33333333333337,0.5856219814608054
bb_ipp_adaptive,estimated,558,46.41666666666663,0.585915582719807
bb_ipp_adaptive,estimated,559,46.5,0.5866602143594463
bb_ipp_adaptive,estimated,560,46.58333333333337,0.5878943365960253
bb_ipp_adaptive,estimated,561,46.66666666666663,0.5876429935490263
bb_ipp_adaptive,estimated,562,46.75,0.5883989387260355
bb_ipp_adaptive,estimated,563,46.83333333333337,0.5876293005641932
bb_ipp_adaptive,estimated,564,46.91666666666663,0.5866984074077501
bb_ipp_adaptive,estimated,565,47.0,0.587405756618618
bb_ipp_adaptive,estimated,566,47.08333333333337,0.585817960591723
bb_ipp_adaptive,estimated,567,47.16666666666663,0.5862660888381804
bb_ipp_adaptive,estimated,568,47.25,0.5860411411696845
bb_ipp_adaptive,estimated,569,47.33333333333337,0.5860689577445882
bb_ipp_adaptive,estimated,570,47.41666666666663,0.5860401061393564
bb_ipp_adaptive,estimated,571,47.5,0.5862470540601948
bb_ipp_adaptive,estimated,572,47.58333333333337,0.5864207768055272
bb_ipp_adaptive,estimated,573,47.66666666666663,0.5856527367739742
bb_ipp_adaptive,estimated,574,47.75,0.5869118199719937
bb_ipp_adaptive,estimated,575,47.83333333333337,0.5874099656118776
bb_ipp_adaptive,estimated,576,47.91666666666663,0.587262646949573
bb_ipp_adaptive,estimated,577,48.0,0.5863933724654196
bb_ipp_adaptive,estimated,578,48.08333333333337,0.5867722386771046
bb_ipp_adaptive,estimated,579,48.16666666666663,0.5877433204927466
bb_ipp_adaptive,estimated,580,48.25,0.5878463104754725
bb_ipp_adaptive,estimated,581,48.33333333333337,0.5869135865117567
bb_ipp_adaptive,estimated,582,48.41666666666663,0.5855906610633625
bb_ipp_adaptive,estimated,583,48.5,0.5860455571074563
bb_ipp_adaptive,estimated,584,48.58333333333337,0.5857322729569718
bb_ipp_adaptive,estimated,585,48.66666666666663,0.5867993811821361
bb_ipp_adaptive,estimated,586,48.75,0.5878341959856263
bb_ipp_adaptive,estimated,587,48.83333333333337,0.5865058393710363
bb_ipp_adaptive,estimated,588,48.91666666666663,0.5859153743424972
bb_ipp_adaptive,estimated,589,49.0,0.586212464118153
bb_ipp_adaptive,estimated,590,49.08333333333337,0.586301688840413
bb_ipp_adaptive,estimated,591,49.16666666666663,0.5861946265713772
bb_ipp_adaptive,estimated,592,49.25,0.5867783166475496
bb_ipp_adaptive,estimated,593,49.33333333333337,0.585526221410135
bb_ipp_adaptive,estimated,594,49.41666666666663,0.584840706942019
bb_ipp_adaptive,estimated,595,49.5,0.5838217021641507
bb_ipp_adaptive,estimated,596,49.58333333333337,0.5845563844418832
bb_ipp_adaptive,estimated,597,49.66666666666663,0.5843424207036848
bb_ipp_adaptive,estimated,598,49.75,0.584005199623083
bb_ipp_adaptive,estimated,599,49.83333333333337,0.5822250376563866
bb_ipp_adaptive,estimated,600,49.91666666666663,0.581672278516593
bb_ipp_adaptive,estimated,601,50.0,0.5808250119317461
bb_ipp_adaptive,estimated,602,50.08333333333337,0.5810673811750012
bb_ipp_adaptive,estimated,603,50.16666666666663,0.5798111762562934
bb_ipp_adaptive,estimated,604,50.25,0.5802672183285125
bb_ipp_adaptive,estimated,605,50.33333333333337,0.5806456403204838
bb_ipp_adaptive,estimated,606,50.41666666666663,0.5803988819041012
bb_ipp_adaptive,estimated,607,50.5,0.5812205336293236
bb_ipp_adaptive,estimated,608,50.58333333333337,0.5801500263432271
bb_ipp_adaptive,estimated,609,50.66666666666663,0.5785201938923877
bb_ipp_adaptive,estimated,610,50.75,0.5783094002779329
bb_ipp_adaptive,estimated,611,50.83333333333337,0.5775442616564628
bb_ipp_adaptive,estimated,612,50.91666666666663,0.5769529002607263
bb_ipp_adaptive,estimated,613,51.0,0.5774832613033004
bb_ipp_adaptive,estimated,614,51.08333333333337,0.5753076508639138
bb_ipp_adaptive,estimated,615,51.16666666666663,0.5775388991510437
bb_ipp_adaptive,estimated,616,51.25,0.5775601532730462
bb_ipp_adaptive,estimated,617,51.33333333333337,0.5772923457215103
bb_ipp_adaptive,estimated,618,51.41666666666663,0.5786387304733676
bb_ipp_adaptive,estimated,619,51.5,0.580143041452549
bb_ipp_adaptive,estimated,620,51.58333333333337,0.5802517762124485
bb_ipp_adaptive,estimated,621,51.66666666666663,0.5830369977734607
bb_ipp_adaptive,estimated,622,51.75,0.5827895986288004
bb_ipp_adaptive,estimated,623,51.83333333333337,0.5821183952843088
bb_ipp_adaptive,estimated,624,51.91666666666663,0.5819917467123685
bb_ipp_adaptive,estimated,625,52.0,0.5820482025054631
bb_ipp_adaptive,estimated,626,52.08333333333337,0.5843002813996663
bb_ipp_adaptive,estimated,627,52.16666666666663,0.5855387295667471
bb_ipp_adaptive,estimated,628,52.25,0.5864318063907416
bb_ipp_adaptive,estimated,629,52.33333333333337,0.5860618608279442
bb_ipp_adaptive,estimated,630,52.41666666666663,0.5847794329303305
bb_ipp_adaptive,estimated,631,52.5,0.5847168597129534
bb_ipp_adaptive,estimated,632,52.58333333333337,0.5860782509109167
bb_ipp_adaptive,estimated,633,52.66666666666663,0.5864059220636262
bb_ipp_adaptive,estimated,634,52.75,0.5879943314162769
bb_ipp_adaptive,estimated,635,52.83333333333337,0.5884832480238986
bb_ipp_adaptive,estimated,636,52.91666666666663,0.5889584898685162
bb_ipp_adaptive,estimated,637,53.0,0.589437699614466
bb_ipp_adaptive,estimated,638,53.08333333333337,0.5891381624739409
bb_ipp_adaptive,estimated,639,53.16666666666663,0.5892207097465555
bb_ipp_adaptive,estimated,640,53.25,0.5896307362142171
bb_ipp_adaptive,estimated,641,53.33333333333337,0.5896894123371531
bb_ipp_adaptive,estimated,642,53.41666666666663,0.5897749195191725
bb_ipp_adaptive,estimated,643,53.5,0.5903193646906086
bb_ipp_adaptive,estimated,644,53.58333333333337,0.5892275026284564
bb_ipp_adaptive,estimated,645,53.66666666666663,0.5882567235102981
bb_ipp_adaptive,estimated,646,53.75,0.5888324817266107
bb_ipp_adaptive,estimated,647,53.83333333333337,0.5891132678406772
bb_ipp_adaptive,estimated,648,53.91666666666663,0.5897008731557536
bb_ipp_adaptive,estimated,649,54.0,0.5889832240773946
bb_ipp_adaptive,estimated,650,54.08333333333337,0.5890693760017098
bb_ipp_adaptive,estimated,651,54.16666666666663,0.5892710543807476
bb_ipp_adaptive,estimated,652,54.25,0.5905837000572011
bb_ipp_adaptive,estimated,653,54.33333333333337,0.5910263385135711
bb_ipp_adaptive,estimated,654,54.41666666666663,0.590268324873893
bb_ipp_adaptive,estimated,655,54.5,0.5875531075789915
bb_ipp_adaptive,estimated,656,54.58333333333337,0.5860177951557765
bb_ipp_adaptive,estimated,657,54.66666666666663,0.5863851970381274
bb_ipp_adaptive,estimated,658,54.75,0.5854109067734137
bb_ipp_adaptive,estimated,659,54.83333333333337,0.586554842134076
bb_ipp_adaptive,estimated,660,54.91666666666663,0.5858343965945466
bb_ipp_adaptive,estimated,661,55.0,0.5845919065855357
bb_ipp_adaptive,estimated,662,55.08333333333337,0.58529961763344
bb_ipp_adaptive,estimated,663,55.16666666666663,0.5852224275981223
bb_ipp_adaptive,estimated,664,55.25,0.5845494118184715
bb_ipp_adaptive,estimated,665,55.33333333333337,0.584193995489029
bb_ipp_adaptive,estimated,666,55.41666666666663,0.5834280146387422
bb_ipp_adaptive,estimated,667,55.5,0.5831437541152446
bb_ipp_adaptive,estimated,668,55.58333333333337,0.5827784511912277
bb_ipp_adaptive,estimated,669,55.66666666666663,0.5811814825241554
bb_ipp_adaptive,estimated,670,55.75,0.5823836525167736
bb_ipp_adaptive,estimated,671,55.83333333333337,0.5827935714258404
bb_ipp_adaptive,estimated,672,55.91666666666663,0.5811423565796888
bb_ipp_adaptive,estimated,673,56.0,0.5815617779717971
bb_ipp_adaptive,estimated,674,56.08333333333337,0.5823445452373407
bb_ipp_adaptive,estimated,675,56.16666666666663,0.5813355616525451
bb_ipp_adaptive,estimated,676,56.25,0.5826820889105023
bb_ipp_adaptive,estimated,677,56.33333333333337,0.5828804576097034
bb_ipp_adaptive,estimated,678,56.41666666666663,0.5820164755552992
bb_ipp_adaptive,estimated,679,56.5,0.5819447507974447
bb_ipp_adaptive,estimated,680,56.58333333333337,0.5818036970300193
bb_ipp_adaptive,estimated,681,56.66666666666663,0.5834875043100549
bb_ipp_adaptive,estimated,682,56.75,0.5838063895151584
bb_ipp_adaptive,estimated,683,56.83333333333337,0.5839869488482037
bb_ipp_adaptive,estimated,684,56.91666666666663,0.5826212376085634
bb_ipp_adaptive,estimated,685,57.0,0.5846453873571458
bb_ipp_adaptive,estimated,686,57.08333333333337,0.5841777421804634
bb_ipp_adaptive,estimated,687,57.16666666666663,0.5839368315824472
bb_ipp_adaptive,estimated,688,57.25,0.5839139409192634
bb_ipp_adaptive,estimated,689,57.33333333333337,0.5829938245331038
bb_ipp_adaptive,estimated,690,57.41666666666663,0.5827727417901367
bb_ipp_adaptive,estimated,691,57.5,0.5828478232729607
bb_ipp_adaptive,estimated,692,57.58333333333337,0.5819348088342285
bb_ipp_adaptive,estimated,693,57.66666666666663,0.5819930051627483
bb_ipp_adaptive,estimated,694,57.75,0.5825508440342178
bb_ipp_adaptive,estimated,695,57.83333333333337,0.5830566790814132
bb_ipp_adaptive,estimated,696,57.91666666666663,0.5802326604138995
bb_ipp_adaptive,estimated,697,58.0,0.5797249165277387
bb_ipp_adaptive,estimated,698,58.08333333333337,0.5789046844714801
bb_ipp_adaptive,estimated,699,58.16666666666663,0.578624823613873
bb_ipp_adaptive,estimated,700,58.25,0.5789046657482295
bb_ipp_adaptive,estimated,701,58.33333333333337,0.5783828389360617
bb_ipp_adaptive,estimated,702,58.41666666666663,0.578702278251785
bb_ipp_adaptive,estimated,703,58.5,0.5784390947206949
bb_ipp_adaptive,estimated,704,58.58333333333337,0.5778222116185703
bb_ipp_adaptive,estimated,705,58.66666666666663,0.5762556026909452
bb_ipp_adaptive,estimated,706,58.75,0.5763171388065399
bb_ipp_adaptive,estimated,707,58.83333333333337,0.5759556353233366
bb_ipp_adaptive,estimated,708,58.91666666666663,0.5769570081840343
bb_ipp_adaptive,estimated,709,59.0,0.5771896713269187
bb_ipp_adaptive,estimated,710,59.08333333333337,0.5746814619788461
bb_ipp_adaptive,estimated,711,59.16666666666663,0.5737208759295738
bb_ipp_adaptive,estimated,712,59.25,0.572435607625012
bb_ipp_adaptive,estimated,713,59.33333333333337,0.5750107726052697
bb_ipp_adaptive,estimated,714,59.41666666666663,0.5741413954662925
bb_ipp_adaptive,estimated,715,59.5,0.5714164154907109
bb_ipp_adaptive,estimated,716,59.58333333333337,0.5719443289360344
bb_ipp_adaptive,estimated,717,59.66666666666663,0.5736677682936391
bb_ipp_adaptive,estimated,718,59.75,0.5733179173197266
bb_ipp_adaptive,estimated,719,59.83333333333337,0.5748186964535547
bb_ipp_adaptive,estimated,720,59.91666666666663,0.5749665928402465
bb_ipp_adaptive,estimated,721,60.0,0.5770457871403679
bb_ipp_adaptive,estimated,722,60.08333333333337,0.5784642826414549
bb_ipp_adaptive,estimated,723,60.16666666666663,0.5776691018967973
bb_ipp_adaptive,estimated,724,60.25,0.5774798519793957
bb_ipp_adaptive,estimated,725,60.33333333333337,0.5767579871929205
bb_ipp_adaptive,estimated,726,60.41666666666663,0.5769158787620516
bb_ipp_adaptive,estimated,727,60.5,0.5792320513667079
bb_ipp_adaptive,estimated,728,60.58333333333337,0.5801547147952392
bb_ipp_adaptive,estimated,729,60.66666666666663,0.5794688722767392
bb_ipp_adaptive,estimated,730,60.75,0.5791058643724921
bb_ipp_adaptive,estimated,731,60.83333333333337,0.5798113947052195
bb_ipp_adaptive,estimated,732,60.91666666666663,0.5788203181718016
bb_ipp_adaptive,estimated,733,61.0,0.5796379266846746
bb_ipp_adaptive,estimated,734,61.08333333333337,0.5796416340742706
bb_ipp_adaptive,estimated,735,61.16666666666663,0.5796178384800401
bb_ipp_adaptive,estimated,736,61.25,0.5782880921479163
bb_ipp_adaptive,estimated,737,61.33333333333337,0.57959881803269
bb_ipp_adaptive,estimated,738,61.41666666666663,0.5809232161317117
bb_ipp_adaptive,estimated,739,61.5,0.5823040574366745
bb_ipp_adaptive,estimated,740,61.58333333333337,0.5817350121215102
bb_ipp_adaptive,estimated,741,61.66666666666663,0.5830354154744911
bb_ipp_adaptive,estimated,742,61.75,0.5828021815809893
bb_ipp_adaptive,estimated,743,61.83333333333337,0.5824849031792
bb_ipp_adaptive,estimated,744,61.91666666666663,0.5836182881877238
bb_ipp_adaptive,estimated,745,62.0,0.582536651943417
bb_ipp_adaptive,estimated,746,62.08333333333337,0.5823612121356873
bb_ipp_adaptive,estimated,747,62.16666666666663,0.5831687491951449
bb_ipp_adaptive,estimated,748,62.25,0.58303986035135
bb_ipp_adaptive,estimated,749,62.33333333333337,0.584666318850798
bb_ipp_adaptive,estimated,750,62.41666666666663,0.5848878030651443
bb_ipp_adaptive,estimated,751,62.5,0.5839020633675932
bb_ipp_adaptive,estimated,752,62.58333333333337,0.5836842575129668
bb_ipp_adaptive,estimated,753,62.66666666666663,0.5835569237240904
bb_ipp_adaptive,estimated,754,62.75,0.5842707630344419
bb_ipp_adaptive,estimated,755,62.83333333333337,0.5841653602149479
bb_ipp_adaptive,estimated,756,62.91666666666663,0.5855102166250645
bb_ipp_adaptive,estimated,757,63.0,0.5867614080152983
bb_ipp_adaptive,estimated,758,63.08333333333337,0.5863498698986811
bb_ipp_adaptive,estimated,759,63.16666666666663,0.5863163639492103
bb_ipp_adaptive,estimated,760,63.25,0.5838148502180817
bb_ipp_adaptive,estimated,761,63.33333333333337,0.5826238610547833
bb_ipp_adaptive,estimated,762,63.41666666666663,0.5824448886211927
bb_ipp_adaptive,estimated,763,63.5,0.582600024159099
bb_ipp_adaptive,estimated,764,63.58333333333337,0.5822381339760923
bb_ipp_adaptive,estimated,765,63.66666666666663,0.5838982105580995
bb_ipp_adaptive,estimated,766,63.75,0.5830342291613483
bb_ipp_adaptive,estimated,767,63.83333333333337,0.5825279387791495
bb_ipp_adaptive,estimated,768,63.91666666666663,0.5814476299963811
bb_ipp_adaptive,estimated,769,64.0,0.5809456562585961
bb_ipp_adaptive,estimated,770,64.08333333333337,0.5806050455762474
bb_ipp_adaptive,estimated,771,64.16666666666663,0.5807947601128278
bb_ipp_adaptive,estimated,772,64.25,0.5796602992667013
bb_ipp_adaptive,estimated,773,64.33333333333337,0.5806874525964743
bb_ipp_adaptive,estimated,774,64.41666666666663,0.5785428490015526
bb_ipp_adaptive,estimated,775,64.5,0.5768235741010428
bb_ipp_adaptive,estimated,776,64.58333333333337,0.5788728870709989
bb_ipp_adaptive,estimated,777,64.66666666666663,0.5788814895711051
bb_ipp_adaptive,estimated,778,64.75,0.5777770390651304
bb_ipp_adaptive,estimated,779,64.83333333333337,0.5762620002373661
bb_ipp_adaptive,estimated,780,64.91666666666663,0.5766653931513642
bb_ipp_adaptive,estimated,781,65.0,0.5774639186955222
bb_ipp_adaptive,estimated,782,65.08333333333337,0.5773557635768939
bb_ipp_adaptive,estimated,783,65.16666666666663,0.5772243182129899
bb_ipp_adaptive,estimated,784,65.25,0.5776568724172197
bb_ipp_adaptive,estimated,785,65.33333333333337,0.5764880745954634
bb_ipp_adaptive,estimated,786,65.41666666666663,0.5744731407038612
bb_ipp_adaptive,estimated,787,65.5,0.5763657532986911
bb_ipp_adaptive,estimated,788,65.58333333333337,0.5758301475459542
bb_ipp_adaptive,estimated,789,65.66666666666663,0.5755150688036701
bb_ipp_adaptive,estimated,790,65.75,0.5772813050202015
bb_ipp_adaptive,estimated,791,65.83333333333337,0.5784095214856615
bb_ipp_adaptive,estimated,792,65.91666666666663,0.5786949274005263
bb_ipp_adaptive,estimated,793,66.0,0.5784094401347686
bb_ipp_adaptive,estimated,794,66.08333333333337,0.5792059956772969
bb_ipp_adaptive,estimated,795,66.16666666666663,0.5794405869765014
bb_ipp_adaptive,estimated,796,66.25,0.5798689364539404
bb_ipp_adaptive,estimated,797,66.33333333333337,0.5797720217329995
bb_ipp_adaptive,estimated,798,66.41666666666663,0.5782404866563414
bb_ipp_adaptive,estimated,799,66.5,0.5788832541673511
bb_ipp_adaptive,estimated,800,66.58333333333337,0.5761304815309642
bb_ipp_adaptive,estimated,801,66.66666666666663,0.5775538156304892
bb_ipp_adaptive,estimated,802,66.75,0.577873707376905
bb_ipp_adaptive,estimated,803,66.83333333333337,0.5799817234717466
bb_ipp_adaptive,estimated,804,66.91666666666663,0.5798306315191203
bb_ipp_adaptive,estimated,805,67.0,0.5787128635738283
bb_ipp_adaptive,estimated,806,67.08333333333337,0.5819075054121504
bb_ipp_adaptive,estimated,807,67.16666666666663,0.58233784130335
bb_ipp_adaptive,estimated,808,67.25,0.5820227874729872
bb_ipp_adaptive,estimated,809,67.33333333333337,0.5813028813502203
bb_ipp_adaptive,estimated,810,67.41666666666663,0.5806060121912509
bb_ipp_adaptive,estimated,811,67.5,0.5806467082760514
bb_ipp_adaptive,estimated,812,67.58333333333337,0.5813727432412803
bb_ipp_adaptive,estimated,813,67.66666666666663,0.5791957443641446
bb_ipp_adaptive,estimated,814,67.75,0.5781459240208847
bb_ipp_adaptive,estimated,815,67.83333333333337,0.5799629746165675
bb_ipp_adaptive,estimated,816,67.91666666666663,0.5813004382044823
bb_ipp_adaptive,estimated,817,68.0,0.5798567821718218
bb_ipp_adaptive,estimated,818,68.08333333333337,0.5799615371357868
bb_ipp_adaptive,estimated,819,68.16666666666663,0.5799668990128564
bb_ipp_adaptive,estimated,820,68.25,0.5788789854256541
bb_ipp_adaptive,estimated,821,68.33333333333337,0.5793901969543744
bb_ipp_adaptive,estimated,822,68.41666666666663,0.5786922579434101
bb_ipp_adaptive,estimated,823,68.5,0.578818754138526
bb_ipp_adaptive,estimated,824,68.58333333333337,0.5789667141759135
bb_ipp_adaptive,estimated,825,68.66666666666663,0.57793702124029
bb_ipp_adaptive,estimated,826,68.75,0.5767198808731897
bb_ipp_adaptive,estimated,827,68.83333333333337,0.5757860120123721
bb_ipp_adaptive,estimated,828,68.91666666666663,0.5783777586265877
bb_ipp_adaptive,estimated,829,69.0,0.5781453612938544
bb_ipp_adaptive,estimated,830,69.08333333333337,0.5788518433448809
bb_ipp_adaptive,estimated,831,69.16666666666663,0.5809446311848631
bb_ipp_adaptive,estimated,832,69.25,0.5800011466008913
bb_ipp_adaptive,estimated,833,69.33333333333337,0.577054514960354
bb_ipp_adaptive,estimated,834,69.41666666666663,0.5757143869018445
bb_ipp_adaptive,estimated,835,69.5,0.5772634295928116
bb_ipp_adaptive,estimated,836,69.58333333333337,0.5772512016359905
bb_ipp_adaptive,estimated,837,69.66666666666663,0.5773924095116447
bb_ipp_adaptive,estimated,838,69.75,0.5773409597868271
bb_ipp_adaptive,estimated,839,69.83333333333337,0.5768524239019984
bb_ipp_adaptive,estimated,840,69.91666666666663,0.5769246455829806
bb_ipp_adaptive,estimated,841,70.0,0.5758931387017463
bb_ipp_adaptive,estimated,842,70.08333333333337,0.5772735933692307
bb_ipp_adaptive,estimated,843,70.16666666666663,0.5773148781847944
bb_ipp_adaptive,estimated,844,70.25,0.5767964546639134
bb_ipp_adaptive,estimated,845,70.33333333333337,0.5749326117221831
bb_ipp_adaptive,estimated,846,70.41666666666663,0.5749285574603611
bb_ipp_adaptive,estimated,847,70.5,0.5742293883637184
bb_ipp_adaptive,estimated,848,70.58333333333337,0.5753766934557899
bb_ipp_adaptive,estimated,849,70.66666666666663,0.5747706997705635
bb_ipp_adaptive,estimated,850,70.75,0.5740684035117521
bb_ipp_adaptive,estimated,851,70.83333333333337,0.5759701614984843
bb_ipp_adaptive,estimated,852,70.91666666666663,0.575890521095864
bb_ipp_adaptive,estimated,853,71.0,0.5765399128688725
bb_ipp_adaptive,estimated,854,71.08333333333337,0.575967455358226
bb_ipp_adaptive,estimated,855,71.16666666666663,0.5774661089144775
bb_ipp_adaptive,estimated,856,71.25,0.5761914071831615
bb_ipp_adaptive,estimated,857,71.33333333333337,0.5759852162135044
bb_ipp_adaptive,estimated,858,71.41666666666663,0.5752213769813945
bb_ipp_adaptive,estimated,859,71.5,0.5736731420148051
bb_ipp_adaptive,estimated,860,71.58333333333337,0.573729316791969
bb_ipp_adaptive,estimated,861,71.66666666666663,0.5733349353556173
bb_ipp_adaptive,estimated,862,71.75,0.572686325758328
bb_ipp_adaptive,estimated,863,71.83333333333337,0.5730620098535637
bb_ipp_adaptive,estimated,864,71.91666666666663,0.5735418247174259
bb_ipp_adaptive,estimated,865,72.0,0.5719530184544334
bb_ipp_adaptive,estimated,866,72.08333333333337,0.5706408607728927
bb_ipp_adaptive,estimated,867,72.16666666666663,0.5729573783346733
bb_ipp_adaptive,estimated,868,72.25,0.5705021164401212
bb_ipp_adaptive,estimated,869,72.33333333333337,0.5689012943394587
bb_ipp_adaptive,estimated,870,72.41666666666663,0.5704736896506903
bb_ipp_adaptive,estimated,871,72.5,0.5688477401676628
bb_ipp_adaptive,estimated,872,72.58333333333337,0.5701813652248642
bb_ipp_adaptive,estimated,873,72.66666666666663,0.5705974327497642
bb_ipp_adaptive,estimated,874,72.75,0.5718035026920899
bb_ipp_adaptive,estimated,875,72.83333333333337,0.5688932277276079
bb_ipp_adaptive,estimated,876,72.91666666666663,0.5680924994189009
bb_ipp_adaptive,estimated,877,73.0,0.5679703526291587
bb_ipp_adaptive,estimated,878,73.08333333333337,0.5686457766990916
bb_ipp_adaptive,estimated,879,73.16666666666663,0.5686607192444074
bb_ipp_adaptive,estimated,880,73.25,0.5675019083436464
bb_ipp_adaptive,estimated,881,73.33333333333337,0.5674793307626705
bb_ipp_adaptive,estimated,882,73.41666666666663,0.5672939113562174
bb_ipp_adaptive,estimated,883,73.5,0.5683260280002846
bb_ipp_adaptive,estimated,884,73.58333333333337,0.5685069362016566
bb_ipp_adaptive,estimated,885,73.66666666666663,0.5690620103361288
bb_ipp_adaptive,estimated,886,73.75,0.5672102993284325
bb_ipp_adaptive,estimated,887,73.83333333333337,0.5714616562043616
bb_ipp_adaptive,estimated,888,73.91666666666663,0.5712500283316035
bb_ipp_adaptive,estimated,889,74.0,0.5728166391176615
bb_ipp_adaptive,estimated,890,74.08333333333337,0.5729547908745133
bb_ipp_adaptive,estimated,891,74.16666666666663,0.5708669686556974
bb_ipp_adaptive,estimated,892,74.25,0.5690262263729526
bb_ipp_adaptive,estimated,893,74.33333333333337,0.568011352807798
bb_ipp_adaptive,estimated,894,74.41666666666663,0.5695033461836588
bb_ipp_adaptive,estimated,895,74.5,0.5703836850512831
bb_ipp_adaptive,estimated,896,74.58333333333337,0.5719806424062819
bb_ipp_adaptive,estimated,897,74.66666666666663,0.5727089157702333
bb_ipp_adaptive,estimated,898,74.75,0.5722533388101928
bb_ipp_adaptive,estimated,899,74.83333333333337,0.5732582074977517
bb_ipp_adaptive,estimated,900,74.91666666666663,0.5724415335849368
bb_ipp_adaptive,estimated,901,75.0,0.5727699140297724
bb_ipp_adaptive,estimated,902,75.08333333333337,0.5722400086058841
bb_ipp_adaptive,estimated,903,75.16666666666663,0.5727656197732702
bb_ipp_adaptive,estimated,904,75.25,0.5734292174982176
bb_ipp_adaptive,estimated,905,75.33333333333337,0.5736336389147715
bb_ipp_adaptive,estimated,906,75.41666666666663,0.5726392152754097
bb_ipp_adaptive,estimated,907,75.5,0.5711025718121793
bb_ipp_adaptive,estimated,908,75.58333333333337,0.5721000084572423
bb_ipp_adaptive,estimated,909,75.66666666666663,0.5718612537217538
bb_ipp_adaptive,estimated,910,75.75,0.5725947483028769
bb_ipp_adaptive,estimated,911,75.83333333333337,0.573213618635964
bb_ipp_adaptive,estimated,912,75.91666666666663,0.5723914730126006
bb_ipp_adaptive,estimated,913,76.0,0.572737509238517
bb_ipp_adaptive,estimated,914,76.08333333333337,0.5721924748063711
bb_ipp_adaptive,estimated,915,76.16666666666663,0.5732433408794256
bb_ipp_adaptive,estimated,916,76.25,0.5743501574768101
bb_ipp_adaptive,estimated,917,76.33333333333337,0.5745139251266347
bb_ipp_adaptive,estimated,918,76.41666666666663,0.5741549492756445
bb_ipp_adaptive,estimated,919,76.5,0.5740686296216568
bb_ipp_adaptive,estimated,920,76.58333333333337,0.574488380489047
bb_ipp_adaptive,estimated,921,76.66666666666663,0.574103313459164
bb_ipp_adaptive,estimated,922,76.75,0.5753132018349425
bb_ipp_adaptive,estimated,923,76.83333333333337,0.5753795073955514
bb_ipp_adaptive,estimated,924,76.91666666666663,0.5749388235244449
bb_ipp_adaptive,estimated,925,77.0,0.5743105250256664
bb_ipp_adaptive,estimated,926,77.08333333333337,0.5749004463496254
bb_ipp_adaptive,estimated,927,77.16666666666663,0.5743267383122447
bb_ipp_adaptive,estimated,928,77.25,0.5748924356250501
bb_ipp_adaptive,estimated,929,77.33333333333337,0.5760888992089593
bb_ipp_adaptive,estimated,930,77.41666666666663,0.5744853957309849
bb_ipp_adaptive,estimated,931,77.5,0.5742589996216617
bb_ipp_adaptive,estimated,932,77.58333333333337,0.5743389996862299
bb_ipp_adaptive,estimated,933,77.66666666666663,0.5748368987373256
bb_ipp_adaptive,estimated,934,77.75,0.5734736211480707
bb_ipp_adaptive,estimated,935,77.83333333333337,0.5724366949907034
bb_ipp_adaptive,estimated,936,77.91666666666663,0.5736288119218285
bb_ipp_adaptive,estimated,937,78.0,0.5725550424106763
bb_ipp_adaptive,estimated,938,78.08333333333337,0.5693027791797218
bb_ipp_adaptive,estimated,939,78.16666666666663,0.5678588285201225
bb_ipp_adaptive,estimated,940,78.25,0.5658626589372857
bb_ipp_adaptive,estimated,941,78.33333333333337,0.5673929787432711
bb_ipp_adaptive,estimated,942,78.41666666666663,0.5682711066505897
bb_ipp_adaptive,estimated,943,78.5,0.5692750514337779
bb_ipp_adaptive,estimated,944,78.58333333333337,0.5697671770848791
bb_ipp_adaptive,estimated,945,78.66666666666663,0.5676570123684653
bb_ipp_adaptive,estimated,946,78.75,0.5638517486475442
bb_ipp_adaptive,estimated,947,78.83333333333337,0.5654016445252544
bb_ipp_adaptive,estimated,948,78.91666666666663,0.5628709684406962
bb_ipp_adaptive,estimated,949,79.0,0.5641144303865356
bb_ipp_adaptive,estimated,950,79.08333333333337,0.5646307614212782
bb_ipp_adaptive,estimated,951,79.16666666666663,0.5636722590915043
bb_ipp_adaptive,estimated,952,79.25,0.5634626294058633
bb_ipp_adaptive,estimated,953,79.33333333333337,0.563339276260654
bb_ipp_adaptive,estimated,954,79.41666666666663,0.5613307591646387
bb_ipp_adaptive,estimated,955,79.5,0.5603504085966181
bb_ipp_adaptive,estimated,956,79.58333333333337,0.5634689589939352
bb_ipp_adaptive,estimated,957,79.66666666666663,0.5663090791525729
bb_ipp_adaptive,estimated,958,79.75,0.5660757718857977
bb_ipp_adaptive,estimated,959,79.83333333333337,0.5663074980162814
bb_ipp_adaptive,estimated,960,79.91666666666663,0.566459436092736
bb_ipp_adaptive,estimated,961,80.0,0.5658846779568859
bb_ipp_adaptive,estimated,962,80.08333333333337,0.5662273946729665
bb_ipp_adaptive,estimated,963,80.16666666666663,0.5662770658984136
bb_ipp_adaptive,estimated,964,80.25,0.5713890880680232
bb_ipp_adaptive,estimated,965,80.33333333333337,0.5710587289150246
bb_ipp_adaptive,estimated,966,80.41666666666663,0.5714554009198026
bb_ipp_adaptive,estimated,967,80.5,0.5718918686576006
bb_ipp_adaptive,estimated,968,80.58333333333337,0.5699868063779016
bb_ipp_adaptive,estimated,969,80.66666666666663,0.5723727458766664
bb_ipp_adaptive,estimated,970,80.75,0.5717566408903763
bb_ipp_adaptive,estimated,971,80.83333333333337,0.5735927137458406
bb_ipp_adaptive,estimated,972,80.91666666666663,0.5740506373189134
bb_ipp_adaptive,estimated,973,81.0,0.5739750641447312
bb_ipp_adaptive,estimated,974,81.08333333333337,0.577089573481201
bb_ipp_adaptive,estimated,975,81.16666666666663,0.5768264790520282
bb_ipp_adaptive,estimated,976,81.25,0.5776760136290093
bb_ipp_adaptive,estimated,977,81.33333333333337,0.5786751464998279
bb_ipp_adaptive,estimated,978,81.41666666666663,0.5795577461405916
bb_ipp_adaptive,estimated,979,81.5,0.5782872272138848
bb_ipp_adaptive,estimated,980,81.58333333333337,0.5791671638757401
bb_ipp_adaptive,estimated,981,81.66666666666663,0.5797402203067736
bb_ipp_adaptive,estimated,982,81.75,0.5795883444065677
bb_ipp_adaptive,estimated,983,81.83333333333337,0.5796743652045667
bb_ipp_adaptive,estimated,984,81.91666666666663,0.5799526603460651
bb_ipp_adaptive,estimated,985,82.0,0.5806896048919693
bb_ipp_adaptive,estimated,986,82.08333333333337,0.5809750289513507
bb_ipp_adaptive,estimated,987,82.16666666666663,0.5816737987557247
bb_ipp_adaptive,estimated,988,82.25,0.581551311184546
bb_ipp_adaptive,estimated,989,82.33333333333337,0.5791350980141785
bb_ipp_adaptive,estimated,990,82.41666666666663,0.579603565398763
bb_ipp_adaptive,estimated,991,82.5,0.5776158056178183
bb_ipp_adaptive,estimated,992,82.58333333333337,0.578488787629508
bb_ipp_adaptive,estimated,993,82.66666666666663,0.5790340785409329
bb_ipp_adaptive,estimated,994,82.75,0.5761796268643586
bb_ipp_adaptive,estimated,995,82.83333333333337,0.5761265657985484
bb_ipp_adaptive,estimated,996,82.91666666666663,0.5750823044545934
bb_ipp_adaptive,estimated,997,83.0,0.574370373353244
bb_ipp_adaptive,estimated,998,83.08333333333337,0.5750854236875447
bb_ipp_adaptive,estimated,999,83.16666666666663,0.5731774821259678
bb_ipp_adaptive,estimated,1000,83.25,0.5741470145022909
bb_ipp_adaptive,estimated,1001,83.33333333333337,0.5712382961043642
bb_ipp_adaptive,estimated,1002,83.41666666666663,0.5712540131530368
bb_ipp_adaptive,estimated,1003,83.5,0.5731187469649852
bb_ipp_adaptive,estimated,1004,83.58333333333337,0.5750052251319507
bb_ipp_adaptive,estimated,1005,83.66666666666663,0.5751724871205632
bb_ipp_adaptive,estimated,1006,83.75,0.5752368585154889
bb_ipp_adaptive,estimated,1007,83.83333333333337,0.5734098129027628
bb_ipp_adaptive,estimated,1008,83.91666666666663,0.576237017934902
bb_ipp_adaptive,estimated,1009,84.0,0.574580302886621
bb_ipp_adaptive,estimated,1010,84.08333333333337,0.5710891244416756
bb_ipp_adaptive,estimated,1011,84.16666666666663,0.5737068024358952
bb_ipp_adaptive,estimated,1012,84.25,0.5744731769718503
bb_ipp_adaptive,estimated,1013,84.33333333333337,0.5741696847419983
bb_ipp_adaptive,estimated,1014,84.41666666666663,0.5726619714783481
bb_ipp_adaptive,estimated,1015,84.5,0.5718187442798487
bb_ipp_adaptive,estimated,1016,84.58333333333337,0.5702359075843867
bb_ipp_adaptive,estimated,1017,84.66666666666663,0.5684869202371989
bb_ipp_adaptive,estimated,1018,84.75,0.567526843498222
bb_ipp_adaptive,estimated,1019,84.83333333333337,0.5677987052539369
bb_ipp_adaptive,estimated,1020,84.91666666666663,0.5664931783459368
bb_ipp_adaptive,estimated,1021,85.0,0.5666963862093661
bb_ipp_adaptive,estimated,1022,85.08333333333337,0.5646953659186141
bb_ipp_adaptive,estimated,1023,85.16666666666663,0.5612471861986975
bb_ipp_adaptive,estimated,1024,85.25,0.5658447634370031
bb_ipp_adaptive,estimated,1025,85.33333333333337,0.5661926332158955
bb_ipp_adaptive,estimated,1026,85.41666666666663,0.5656072467665603
bb_ipp_adaptive,estimated,1027,85.5,0.564624685168863
bb_ipp_adaptive,estimated,1028,85.58333333333337,0.5662678455883806
bb_ipp_adaptive,estimated,1029,85.66666666666663,0.5659242795008348
bb_ipp_adaptive,estimated,1030,85.75,0.5625655255107189
bb_ipp_adaptive,estimated,1031,85.83333333333337,0.5643970039927143
bb_ipp_adaptive,estimated,1032,85.91666666666663,0.5651839580677753
bb_ipp_adaptive,estimated,1033,86.0,0.565309014396544
bb_ipp_adaptive,estimated,1034,86.08333333333337,0.5688599513901089
bb_ipp_adaptive,estimated,1035,86.16666666666663,0.5685904638573479
bb_ipp_adaptive,estimated,1036,86.25,0.5670257105683344
bb_ipp_adaptive,estimated,1037,86.33333333333337,0.5648948519743816
bb_ipp_adaptive,estimated,1038,86.41666666666663,0.5625856362501493
bb_ipp_adaptive,estimated,1039,86.5,0.562881492284702
bb_ipp_adaptive,estimated,1040,86.58333333333337,0.5639441322935208
bb_ipp_adaptive,estimated,1041,86.66666666666663,0.5616662247320411
bb_ipp_adaptive,estimated,1042,86.75,0.5603368868120313
bb_ipp_adaptive,estimated,1043,86.83333333333337,0.5603553890015908
bb_ipp_adaptive,estimated,1044,86.91666666666663,0.56040865702133
bb_ipp_adaptive,estimated,1045,87.0,0.5605196410550509
bb_ipp_adaptive,estimated,1046,87.08333333333337,0.5606073833996081
bb_ipp_adaptive,estimated,1047,87.16666666666663,0.5604243427076882
bb_ipp_adaptive,estimated,1048,87.25,0.5633168301377295
bb_ipp_adaptive,estimated,1049,87.33333333333337,0.5639593256482602
bb_ipp_adaptive,estimated,1050,87.41666666666663,0.564541146723315
bb_ipp_adaptive,estimated,1051,87.5,0.5635956488589415
bb_ipp_adaptive,estimated,1052,87.58333333333337,0.5653426239586979
bb_ipp_adaptive,estimated,1053,87.66666666666663,0.5671793369320115
bb_ipp_adaptive,estimated,1054,87.75,0.5672684479683684
bb_ipp_adaptive,estimated,1055,87.83333333333337,0.5630986255574363
bb_ipp_adaptive,estimated,1056,87.91666666666663,0.5635701772327755
bb_ipp_adaptive,estimated,1057,88.0,0.5639687324709035
bb_ipp_adaptive,estimated,1058,88.08333333333337,0.5628624542802997
bb_ipp_adaptive,estimated,1059,88.16666666666663,0.5625650904693679
bb_ipp_adaptive,estimated,1060,88.25,0.562621321876649
bb_ipp_adaptive,estimated,1061,88.33333333333337,0.5622720998888165
bb_ipp_adaptive,estimated,1062,88.41666666666663,0.5626762216728468
bb_ipp_adaptive,estimated,1063,88.5,0.5623700219228696
bb_ipp_adaptive,estimated,1064,88.58333333333337,0.5618768070690434
bb_ipp_adaptive,estimated,1065,88.66666666666663,0.5638449054105514
bb_ipp_adaptive,estimated,1066,88.75,0.5655567743666651
bb_ipp_adaptive,estimated,1067,88.83333333333337,0.5646478474400718
bb_ipp_adaptive,estimated,1068,88.91666666666663,0.5636192123136905
bb_ipp_adaptive,estimated,1069,89.0,0.5660335591820634
bb_ipp_adaptive,estimated,1070,89.08333333333337,0.5664665893372621
bb_ipp_adaptive,estimated,1071,89.16666666666663,0.5661944629348573
bb_ipp_adaptive,estimated,1072,89.25,0.5649424539409603
bb_ipp_adaptive,estimated,1073,89.33333333333337,0.5647900179246872
bb_ipp_adaptive,estimated,1074,89.41666666666663,0.5651302738010948
bb_ipp_adaptive,estimated,1075,89.5,0.5646767835659904
bb_ipp_adaptive,estimated,1076,89.58333333333337,0.5655834560280625
bb_ipp_adaptive,estimated,1077,89.66666666666663,0.5653521281360792
bb_ipp_adaptive,estimated,1078,89.75,0.5630347820488215
bb_ipp_adaptive,estimated,1079,89.83333333333337,0.5641481259787846
bb_ipp_adaptive,estimated,1080,89.91666666666663,0.5644832848540783
bb_ipp_adaptive,estimated,1081,90.0,0.5624705969407158
bb_ipp_adaptive,estimated,1082,90.08333333333337,0.5585292702346009
bb_ipp_adaptive,estimated,1083,90.16666666666663,0.557587357718285
bb_ipp_adaptive,estimated,1084,90.25,0.5576577172813231
bb_ipp_adaptive,estimated,1085,90.33333333333337,0.5583647765762544
bb_ipp_adaptive,estimated,1086,90.41666666666663,0.5609139417004562
bb_ipp_adaptive,estimated,1087,90.5,0.5620133113730241
bb_ipp_adaptive,estimated,1088,90.58333333333337,0.5621178065949288
bb_ipp_adaptive,estimated,1089,90.66666666666663,0.5645135508726533
bb_ipp_adaptive,estimated,1090,90.75,0.5649632655632887
bb_ipp_adaptive,estimated,1091,90.83333333333337,0.5680468698968203
bb_ipp_adaptive,estimated,1092,90.91666666666663,0.5656348118958121
bb_ipp_adaptive,estimated,1093,91.0,0.5641869983907262
bb_ipp_adaptive,estimated,1094,91.08333333333337,0.5643968693149138
bb_ipp_adaptive,estimated,1095,91.16666666666663,0.5631836603529983
bb_ipp_adaptive,estimated,1096,91.25,0.5561521551020131
bb_ipp_adaptive,estimated,1097,91.33333333333337,0.5577252596021787
bb_ipp_adaptive,estimated,1098,91.41666666666663,0.5593627589957652
bb_ipp_adaptive,estimated,1099,91.5,0.5563044631942485
bb_ipp_adaptive,estimated,1100,91.58333333333337,0.5527271126601204
bb_ipp_adaptive,estimated,1101,91.66666666666663,0.5564948177676565
bb_ipp_adaptive,estimated,1102,91.75,0.5587095805308404
bb_ipp_adaptive,estimated,1103,91.83333333333337,0.5587523826034595
bb_ipp_adaptive,estimated,1104,91.91666666666663,0.5576445710072625
bb_ipp_adaptive,estimated,1105,92.0,0.557438969806777
bb_ipp_adaptive,estimated,1106,92.08333333333337,0.5551721201770726
bb_ipp_adaptive,estimated,1107,92.16666666666663,0.5550209925346614
bb_ipp_adaptive,estimated,1108,92.25,0.5523116344283685
bb_ipp_adaptive,estimated,1109,92.33333333333337,0.5554515082863246
bb_ipp_adaptive,estimated,1110,92.41666666666663,0.5546333019980432
bb_ipp_adaptive,estimated,1111,92.5,0.5493449561202466
bb_ipp_adaptive,estimated,1112,92.58333333333337,0.5480373896435418
bb_ipp_adaptive,estimated,1113,92.66666666666663,0.5501807258313551
bb_ipp_adaptive,estimated,1114,92.75,0.5541044089738832
bb_ipp_adaptive,estimated,1115,92.83333333333337,0.5554765398182143
bb_ipp_adaptive,estimated,1116,92.91666666666663,0.5539800760707679
bb_ipp_adaptive,estimated,1117,93.0,0.5557025752364224
bb_ipp_adaptive,estimated,1118,93.08333333333337,0.5538640148969416
bb_ipp_adaptive,estimated,1119,93.16666666666663,0.5546340855120212
bb_ipp_adaptive,estimated,1120,93.25,0.5575044498433853
bb_ipp_adaptive,estimated,1121,93.33333333333337,0.5560781753929972
bb_ipp_adaptive,estimated,1122,93.41666666666663,0.555133216888113
bb_ipp_adaptive,estimated,1123,93.5,0.554879311118712
bb_ipp_adaptive,estimated,1124,93.58333333333337,0.5529432493742149
bb_ipp_adaptive,estimated,1125,93.66666666666663,0.5534927731646793
bb_ipp_adaptive,estimated,1126,93.75,0.554847850553818
bb_ipp_adaptive,estimated,1127,93.83333333333337,0.5520897892511265
bb_ipp_adaptive,estimated,1128,93.91666666666663,0.5513555239426409
bb_ipp_adaptive,estimated,1129,94.0,0.5494046463437149
bb_ipp_adaptive,estimated,1130,94.08333333333337,0.5496860945680511
bb_ipp_adaptive,estimated,1131,94.16666666666663,0.5500331607432729
bb_ipp_adaptive,estimated,1132,94.25,0.5502405180611647
bb_ipp_adaptive,estimated,1133,94.33333333333337,0.5483193983322907
bb_ipp_adaptive,estimated,1134,94.41666666666663,0.5458319226888765
bb_ipp_adaptive,estimated,1135,94.5,0.5486049938179062
bb_ipp_adaptive,estimated,1136,94.58333333333337,0.5485594668483315
bb_ipp_adaptive,estimated,1137,94.66666666666663,0.5501093331789196
bb_ipp_adaptive,estimated,1138,94.75,0.5484806142812878
bb_ipp_adaptive,estimated,1139,94.83333333333337,0.5503548270941746
bb_ipp_adaptive,estimated,1140,94.91666666666663,0.5533743809984697
bb_ipp_adaptive,estimated,1141,95.0,0.5513142827802058
bb_ipp_adaptive,estimated,1142,95.08333333333337,0.5534732443746109
bb_ipp_adaptive,estimated,1143,95.16666666666663,0.5551714800905563
bb_ipp_adaptive,estimated,1144,95.25,0.5530368099429834
bb_ipp_adaptive,estimated,1145,95.33333333333337,0.5540845509572657
bb_ipp_adaptive,estimated,1146,95.41666666666663,0.5531961363354772
bb_ipp_adaptive,estimated,1147,95.5,0.5556164402019479
bb_ipp_adaptive,estimated,1148,95.58333333333337,0.5586509402913779
bb_ipp_adaptive,estimated,1149,95.66666666666663,0.559024168871106
bb_ipp_adaptive,estimated,1150,95.75,0.5600586975616688
bb_ipp_adaptive,estimated,1151,95.83333333333337,0.5598479355177842
bb_ipp_adaptive,estimated,1152,95.91666666666663,0.5633242600935908
bb_ipp_adaptive,estimated,1153,96.0,0.562622311015527
bb_ipp_adaptive,estimated,1154,96.08333333333337,0.5606814192950351
bb_ipp_adaptive,estimated,1155,96.16666666666663,0.5593310573743598
bb_ipp_adaptive,estimated,1156,96.25,0.560071251481788
bb_ipp_adaptive,estimated,1157,96.33333333333337,0.5605028904332344
bb_ipp_adaptive,estimated,1158,96.41666666666663,0.557955375547427
bb_ipp_adaptive,estimated,1159,96.5,0.5596906873334984
bb_ipp_adaptive,estimated,1160,96.58333333333337,0.5563834398864775
bb_ipp_adaptive,estimated,1161,96.66666666666663,0.5569354056884649
bb_ipp_adaptive,estimated,1162,96.75,0.558278698927129
bb_ipp_adaptive,estimated,1163,96.83333333333337,0.5558863309050996
bb_ipp_adaptive,estimated,1164,96.91666666666663,0.5560315268434879
bb_ipp_adaptive,estimated,1165,97.0,0.5529154987996882
bb_ipp_adaptive,estimated,1166,97.08333333333337,0.5522155727889853
bb_ipp_adaptive,estimated,1167,97.16666666666663,0.553396258275934
bb_ipp_adaptive,estimated,1168,97.25,0.5530682359177476
bb_ipp_adaptive,estimated,1169,97.33333333333337,0.5537735854360234
bb_ipp_adaptive,estimated,1170,97.41666666666663,0.5501859295746214
bb_ipp_adaptive,estimated,1171,97.5,0.5469816805448294
bb_ipp_adaptive,estimated,1172,97.58333333333337,0.5484609959290375
bb_ipp_adaptive,estimated,1173,97.66666666666663,0.548758495674579
bb_ipp_adaptive,estimated,1174,97.75,0.548314545725414
bb_ipp_adaptive,estimated,1175,97.83333333333337,0.545513786859305
bb_ipp_adaptive,estimated,1176,97.91666666666663,0.5431348101355216
bb_ipp_adaptive,estimated,1177,98.0,0.546556529690338
bb_ipp_adaptive,estimated,1178,98.08333333333337,0.549394522902473
bb_ipp_adaptive,estimated,1179,98.16666666666663,0.5509379762780117
bb_ipp_adaptive,estimated,1180,98.25,0.5472925390867767
bb_ipp_adaptive,estimated,1181,98.33333333333337,0.5497697587923979
bb_ipp_adaptive,estimated,1182,98.41666666666663,0.5484085489393452
bb_ipp_adaptive,estimated,1183,98.5,0.5490974085316846
bb_ipp_adaptive,estimated,1184,98.58333333333337,0.545699221066621
bb_ipp_adaptive,estimated,1185,98.66666666666663,0.5450798888720098
bb_ipp_adaptive,estimated,1186,98.75,0.5423583421443187
bb_ipp_adaptive,estimated,1187,98.83333333333337,0.5430436093120462
bb_ipp_adaptive,estimated,1188,98.91666666666663,0.5457838135326473
bb_ipp_adaptive,estimated,1189,99.0,0.549656303899115
bb_ipp_adaptive,estimated,1190,99.08333333333337,0.5509968696528588
bb_ipp_adaptive,estimated,1191,99.16666666666663,0.5485692312907321
bb_ipp_adaptive,estimated,1192,99.25,0.5414649772398407
bb_ipp_adaptive,estimated,1193,99.33333333333337,0.5448332066075166
bb_ipp_adaptive,estimated,1194,99.41666666666663,0.5447374479678943
bb_ipp_adaptive,estimated,1195,99.5,0.5398200488789408
bb_ipp_adaptive,estimated,1196,99.58333333333337,0.5416363768086995
bb_ipp_adaptive,estimated,1197,99.66666666666663,0.5475162128027432
bb_ipp_adaptive,estimated,1198,99.75,0.5467069574616225
bb_ipp_adaptive,estimated,1199,99.83333333333337,0.5461157286073107
bb_ipp_adaptive,estimated,1200,99.91666666666663,0.5453040961127176
bb_ipp_adaptive,estimated,1201,100.0,0.5428914460037501
bb_ipp_adaptive,estimated,1202,100.08333333333337,0.5431970086068056
bb_ipp_adaptive,estimated,1203,100.16666666666663,0.5449648383712263
bb_ipp_adaptive,estimated,1204,100.25,0.5426386163072253
bb_ipp_adaptive,estimated,1205,100.33333333333337,0.5446012362791962
bb_ipp_adaptive,estimated,1206,100.41666666666663,0.5443267946181293
bb_ipp_adaptive,estimated,1207,100.5,0.5453426492848233
bb_ipp_adaptive,estimated,1208,100.58333333333337,0.5439021765703335
bb_ipp_adaptive,estimated,1209,100.66666666666663,0.5418311093137141
bb_ipp_adaptive,estimated,1210,100.75,0.538533535613754
bb_ipp_adaptive,estimated,1211,100.83333333333337,0.5389776556545934
bb_ipp_adaptive,estimated,1212,100.91666666666663,0.5385069661714768
bb_ipp_adaptive,estimated,1213,101.0,0.5436199806661557
bb_ipp_adaptive,estimated,1214,101.08333333333337,0.5456714050787207
bb_ipp_adaptive,estimated,1215,101.16666666666663,0.5444356389351582
bb_ipp_adaptive,estimated,1216,101.25,0.5460699760112879
bb_ipp_adaptive,estimated,1217,101.33333333333337,0.5439067967512874
bb_ipp_adaptive,estimated,1218,101.41666666666663,0.5440397873434231
bb_ipp_adaptive,estimated,1219,101.5,0.5437783093913842
bb_ipp_adaptive,estimated,1220,101.58333333333337,0.5402726326553616
bb_ipp_adaptive,estimated,1221,101.66666666666663,0.5411961022170515
bb_ipp_adaptive,estimated,1222,101.75,0.5421740521218574
bb_ipp_adaptive,estimated,1223,101.83333333333337,0.54362884007269
bb_ipp_adaptive,estimated,1224,101.91666666666663,0.5486637384921783
bb_ipp_adaptive,estimated,1225,102.0,0.5483281691054407
bb_ipp_adaptive,estimated,1226,102.08333333333337,0.5492027857850819
bb_ipp_adaptive,estimated,1227,102.16666666666663,0.5507311582897637
bb_ipp_adaptive,estimated,1228,102.25,0.5462614989381159
bb_ipp_adaptive,estimated,1229,102.33333333333337,0.5449811876009417
bb_ipp_adaptive,estimated,1230,102.41666666666663,0.5423988715147008
bb_ipp_adaptive,estimated,1231,102.5,0.538147065461356
bb_ipp_adaptive,estimated,1232,102.58333333333337,0.5417592540268161
bb_ipp_adaptive,estimated,1233,102.66666666666663,0.5441735111955586
bb_ipp_adaptive,estimated,1234,102.75,0.544838339261398
bb_ipp_adaptive,estimated,1235,102.83333333333337,0.5486199623868842
bb_ipp_adaptive,estimated,1236,102.91666666666663,0.5492639277878537
bb_ipp_adaptive,estimated,1237,103.0,0.5487647356747072
bb_ipp_adaptive,estimated,1238,103.08333333333337,0.5479391305315621
bb_ipp_adaptive,estimated,1239,103.16666666666663,0.5465477877472981
bb_ipp_adaptive,estimated,1240,103.25,0.5442222549208098
bb_ipp_adaptive,estimated,1241,103.33333333333337,0.5441943511157148
bb_ipp_adaptive,estimated,1242,103.41666666666663,0.5453359317445007
bb_ipp_adaptive,estimated,1243,103.5,0.5482998143003421
bb_ipp_adaptive,estimated,1244,103.58333333333337,0.5516293403943439
bb_ipp_adaptive,estimated,1245,103.66666666666663,0.5517082546273966
bb_ipp_adaptive,estimated,1246,103.75,0.5507714368684985
bb_ipp_adaptive,estimated,1247,103.83333333333337,0.5455638553323278
bb_ipp_adaptive,estimated,1248,103.91666666666663,0.5492684951451529
bb_ipp_adaptive,estimated,1249,104.0,0.5530125888266437
bb_ipp_adaptive,estimated,1250,104.08333333333337,0.5511097744835655
bb_ipp_adaptive,estimated,1251,104.16666666666663,0.5514937452457003
bb_ipp_adaptive,estimated,1252,104.25,0.5524056038028965
bb_ipp_adaptive,estimated,1253,104.33333333333337,0.5485023761407621
bb_ipp_adaptive,estimated,1254,104.41666666666663,0.5461112854474535
bb_ipp_adaptive,estimated,1255,104.5,0.5407857372215951
bb_ipp_adaptive,estimated,1256,104.58333333333337,0.5441431590051404
bb_ipp_adaptive,estimated,1257,104.66666666666663,0.5441297193093473
bb_ipp_adaptive,estimated,1258,104.75,0.5449452286327678
bb_ipp_adaptive,estimated,1259,104.83333333333337,0.5451311487417633
bb_ipp_adaptive,estimated,1260,104.91666666666663,0.5546012072024687
bb_ipp_adaptive,estimated,1261,105.0,0.5530124565129946
bb_ipp_adaptive,estimated,1262,105.08333333333337,0.5535936948523379
bb_ipp_adaptive,estimated,1263,105.16666666666663,0.5579400357137021
bb_ipp_adaptive,estimated,1264,105.25,0.5485512378114636
bb_ipp_adaptive,estimated,1265,105.33333333333337,0.5391314420787081
bb_ipp_adaptive,estimated,1266,105.41666666666663,0.5401160724978215
bb_ipp_adaptive,estimated,1267,105.5,0.539505503659208
bb_ipp_adaptive,estimated,1268,105.58333333333337,0.5419731501254763
bb_ipp_adaptive,estimated,1269,105.66666666666663,0.5459180706741331
bb_ipp_adaptive,estimated,1270,105.75,0.5420133023559751
bb_ipp_adaptive,estimated,1271,105.83333333333337,0.5457227826360584
bb_ipp_adaptive,estimated,1272,105.91666666666663,0.5489795205112096
bb_ipp_adaptive,estimated,1273,106.0,0.5489325722334252
bb_ipp_adaptive,estimated,1274,106.08333333333337,0.5444705533082371
bb_ipp_adaptive,estimated,1275,106.16666666666663,0.5415003315769116
bb_ipp_adaptive,estimated,1276,106.25,0.5447577957636794
bb_ipp_adaptive,estimated,1277,106.33333333333337,0.5411148396191492
bb_ipp_adaptive,estimated,1278,106.41666666666663,0.5370741005691122
bb_ipp_adaptive,estimated,1279,106.5,0.5325344611132028
bb_ipp_adaptive,estimated,1280,106.58333333333337,0.5368799211720192
bb_ipp_adaptive,estimated,1281,106.66666666666663,0.534144173418482
bb_ipp_adaptive,estimated,1282,106.75,0.5383099937668221
bb_ipp_adaptive,estimated,1283,106.83333333333337,0.5432855539642794
bb_ipp_adaptive,estimated,1284,106.91666666666663,0.542123614186134
bb_ipp_adaptive,estimated,1285,107.0,0.5426590003194999
bb_ipp_adaptive,estimated,1286,107.08333333333337,0.5413961362559435
bb_ipp_adaptive,estimated,1287,107.16666666666663,0.5401007198602802
bb_ipp_adaptive,estimated,1288,107.25,0.5449256924783983
bb_ipp_adaptive,estimated,1289,107.33333333333337,0.5489516235963685
bb_ipp_adaptive,estimated,1290,107.41666666666663,0.5438100288122563
bb_ipp_adaptive,estimated,1291,107.5,0.5470373575195497
bb_ipp_adaptive,estimated,1292,107.58333333333337,0.5473111556750786
bb_ipp_adaptive,estimated,1293,107.66666666666663,0.5478916680221808
bb_ipp_adaptive,estimated,1294,107.75,0.5470818619246834
bb_ipp_adaptive,estimated,1295,107.83333333333337,0.5490812461184753
bb_ipp_adaptive,estimated,1296,107.91666666666663,0.5509021015066806
bb_ipp_adaptive,estimated,1297,108.0,0.549476503177112
bb_ipp_adaptive,estimated,1298,108.08333333333337,0.5514819946286301
bb_ipp_adaptive,estimated,1299,108.16666666666663,0.5507785885195049
bb_ipp_adaptive,estimated,1300,108.25,0.5481488391869764
bb_ipp_adaptive,estimated,1301,108.33333333333337,0.5482660004402483
bb_ipp_adaptive,estimated,1302,108.41666666666663,0.5451746312726774
bb_ipp_adaptive,estimated,1303,108.5,0.5468993676804237
bb_ipp_adaptive,estimated,1304,108.58333333333337,0.5489680030695032
bb_ipp_adaptive,estimated,1305,108.66666666666663,0.5485054255358587
bb_ipp_adaptive,estimated,1306,108.75,0.5488943670241316
bb_ipp_adaptive,estimated,1307,108.83333333333337,0.5453816691838776
bb_ipp_adaptive,estimated,1308,108.91666666666663,0.5493840794805469
bb_ipp_adaptive,estimated,1309,109.0,0.5498896726129758
bb_ipp_adaptive,estimated,1310,109.08333333333337,0.5446582315856113
bb_ipp_adaptive,estimated,1311,109.16666666666663,0.5438001156859199
bb_ipp_adaptive,estimated,1312,109.25,0.5451104593488666
bb_ipp_adaptive,estimated,1313,109.33333333333337,0.5451573220252024
bb_ipp_adaptive,estimated,1314,109.41666666666663,0.5447054382453125
bb_ipp_adaptive,estimated,1315,109.5,0.5476867905773526
bb_ipp_adaptive,estimated,1316,109.58333333333337,0.5511414997836287
bb_ipp_adaptive,estimated,1317,109.66666666666663,0.5530416056635971
bb_ipp_adaptive,estimated,1318,109.75,0.5556414861866529
bb_ipp_adaptive,estimated,1319,109.83333333333337,0.5594532662877515
bb_ipp_adaptive,estimated,1320,109.91666666666663,0.5584505714662623
bb_ipp_adaptive,estimated,1321,110.0,0.5600604345581259
bb_ipp_adaptive,estimated,1322,110.08333333333337,0.557381357847653
bb_ipp_adaptive,estimated,1323,110.16666666666663,0.5592356252979735
bb_ipp_adaptive,estimated,1324,110.25,0.5600800780216677
bb_ipp_adaptive,estimated,1325,110.33333333333337,0.5598898302612835
bb_ipp_adaptive,estimated,1326,110.41666666666663,0.5562432804753155
bb_ipp_adaptive,estimated,1327,110.5,0.5552895335443991
bb_ipp_adaptive,estimated,1328,110.58333333333337,0.5500967774092906
bb_ipp_adaptive,estimated,1329,110.66666666666663,0.5482639129849073
bb_ipp_adaptive,estimated,1330,110.75,0.5480481638399086
bb_ipp_adaptive,estimated,1331,110.83333333333337,0.5499516744101136
bb_ipp_adaptive,estimated,1332,110.91666666666663,0.5459835739636311
bb_ipp_adaptive,estimated,1333,111.0,0.5486440325048568
bb_ipp_adaptive,estimated,1334,111.08333333333337,0.5431466436238558
bb_ipp_adaptive,estimated,1335,111.16666666666663,0.541046171691955
bb_ipp_adaptive,estimated,1336,111.25,0.5403274141935739
bb_ipp_adaptive,estimated,1337,111.33333333333337,0.5418510233000123
bb_ipp_adaptive,estimated,1338,111.41666666666663,0.5420006244620468
bb_ipp_adaptive,estimated,1339,111.5,0.5423803644962629
bb_ipp_adaptive,estimated,1340,111.58333333333337,0.5406186790418115
bb_ipp_adaptive,estimated,1341,111.66666666666663,0.5404692709931491
bb_ipp_adaptive,estimated,1342,111.75,0.5389059218396196
bb_ipp_adaptive,estimated,1343,111.83333333333337,0.5382581807325225
bb_ipp_adaptive,estimated,1344,111.91666666666663,0.5383660695795985
bb_ipp_adaptive,estimated,1345,112.0,0.542659215122227
bb_ipp_adaptive,estimated,1346,112.08333333333337,0.5441917508134401
bb_ipp_adaptive,estimated,1347,112.16666666666663,0.5406749952898757
bb_ipp_adaptive,estimated,1348,112.25,0.5419676815508928
bb_ipp_adaptive,estimated,1349,112.33333333333337,0.5411295133580601
bb_ipp_adaptive,estimated,1350,112.41666666666663,0.5395820356345898
bb_ipp_adaptive,estimated,1351,112.5,0.5388340106316138
bb_ipp_adaptive,estimated,1352,112.58333333333337,0.5388516848491102
bb_ipp_adaptive,estimated,1353,112.66666666666663,0.5440616813577386
bb_ipp_adaptive,estimated,1354,112.75,0.5418711668922747
bb_ipp_adaptive,estimated,1355,112.83333333333337,0.5398501971480281
bb_ipp_adaptive,estimated,1356,112.91666666666663,0.540882374898203
bb_ipp_adaptive,estimated,1357,113.0,0.5392376296912132
bb_ipp_adaptive,estimated,1358,113.08333333333337,0.5429551122139868
bb_ipp_adaptive,estimated,1359,113.16666666666663,0.5431498662597682
bb_ipp_adaptive,estimated,1360,113.25,0.5391829815605621
bb_ipp_adaptive,estimated,1361,113.33333333333337,0.5412692584491775
bb_ipp_adaptive,estimated,1362,113.41666666666663,0.5368085599051658
bb_ipp_adaptive,estimated,1363,113.5,0.5373083824661838
bb_ipp_adaptive,estimated,1364,113.58333333333337,0.5411939237414299
bb_ipp_adaptive,estimated,1365,113.66666666666663,0.5449056374702378
bb_ipp_adaptive,estimated,1366,113.75,0.5469328747191184
bb_ipp_adaptive,estimated,1367,113.83333333333337,0.5454903121830382
bb_ipp_adaptive,estimated,1368,113.91666666666663,0.5428222856250128
bb_ipp_adaptive,estimated,1369,114.0,0.5400183722881655
bb_ipp_adaptive,estimated,1370,114.08333333333337,0.5418706369569363
bb_ipp_adaptive,estimated,1371,114.16666666666663,0.5389317240785148
bb_ipp_adaptive,estimated,1372,114.25,0.5397244710810861
bb_ipp_adaptive,estimated,1373,114.33333333333337,0.5392948069245107
bb_ipp_adaptive,estimated,1374,114.41666666666663,0.5359468653185836
bb_ipp_adaptive,estimated,1375,114.5,0.5401942539159114
bb_ipp_adaptive,estimated,1376,114.58333333333337,0.536245685840266
bb_ipp_adaptive,estimated,1377,114.66666666666663,0.5349871143670091
bb_ipp_adaptive,estimated,1378,114.75,0.5353349105394277
bb_ipp_adaptive,estimated,1379,114.83333333333337,0.534711999425419
bb_ipp_adaptive,estimated,1380,114.91666666666663,0.5379742264146711
bb_ipp_adaptive,estimated,1381,115.0,0.5322406553313334
bb_ipp_adaptive,estimated,1382,115.08333333333337,0.5361520229968855
bb_ipp_adaptive,estimated,1383,115.16666666666663,0.5407282433178963
bb_ipp_adaptive,estimated,1384,115.25,0.5376920071794699
bb_ipp_adaptive,estimated,1385,115.33333333333337,0.5390477511735282
bb_ipp_adaptive,estimated,1386,115.41666666666663,0.538153034827473
bb_ipp_adaptive,estimated,1387,115.5,0.5405736148687673
bb_ipp_adaptive,estimated,1388,115.58333333333337,0.5428284567508721
bb_ipp_adaptive,estimated,1389,115.66666666666663,0.547770672817826
bb_ipp_adaptive,estimated,1390,115.75,0.5460172444491251
bb_ipp_adaptive,estimated,1391,115.83333333333337,0.5494236081029833
bb_ipp_adaptive,estimated,1392,115.91666666666663,0.5461349945374385
bb_ipp_adaptive,estimated,1393,116.0,0.5473070012580511
bb_ipp_adaptive,estimated,1394,116.08333333333337,0.5488385306250837
bb_ipp_adaptive,estimated,1395,116.16666666666663,0.5467672099392897
bb_ipp_adaptive,estimated,1396,116.25,0.5449112365901819
bb_ipp_adaptive,estimated,1397,116.33333333333337,0.5465181382519556
bb_ipp_adaptive,estimated,1398,116.41666666666663,0.5455674785054834
bb_ipp_adaptive,estimated,1399,116.5,0.5447894649076748
bb_ipp_adaptive,estimated,1400,116.58333333333337,0.540424561801818
bb_ipp_adaptive,estimated,1401,116.66666666666663,0.542213576107494
bb_ipp_adaptive,estimated,1402,116.75,0.5392352943721486
bb_ipp_adaptive,estimated,1403,116.83333333333337,0.539309865128659
bb_ipp_adaptive,estimated,1404,116.91666666666663,0.538270153020638
bb_ipp_adaptive,estimated,1405,117.0,0.5407599384741504
bb_ipp_adaptive,estimated,1406,117.08333333333337,0.5389478937718987
bb_ipp_adaptive,estimated,1407,117.16666666666663,0.5386692151919681
bb_ipp_adaptive,estimated,1408,117.25,0.5366431132118412
bb_ipp_adaptive,estimated,1409,117.33333333333337,0.5403031470685351
bb_ipp_adaptive,estimated,1410,117.41666666666663,0.5421655760294131
bb_ipp_adaptive,estimated,1411,117.5,0.5429533038466924
bb_ipp_adaptive,estimated,1412,117.58333333333337,0.5469097859360916
bb_ipp_adaptive,estimated,1413,117.66666666666663,0.5462471901485437
bb_ipp_adaptive,estimated,1414,117.75,0.5485311150906085
bb_ipp_adaptive,estimated,1415,117.83333333333337,0.5442851722302996
bb_ipp_adaptive,estimated,1416,117.91666666666663,0.5451315851736954
bb_ipp_adaptive,estimated,1417,118.0,0.5467219812845173
bb_ipp_adaptive,estimated,1418,118.08333333333337,0.5466062415920788
bb_ipp_adaptive,estimated,1419,118.16666666666663,0.5479891924702824
bb_ipp_adaptive,estimated,1420,118.25,0.5528519901929377
bb_ipp_adaptive,estimated,1421,118.33333333333337,0.5511522360069269
bb_ipp_adaptive,estimated,1422,118.41666666666663,0.5529014005175319
bb_ipp_adaptive,estimated,1423,118.5,0.5533540644376459
bb_ipp_adaptive,estimated,1424,118.58333333333337,0.547236088927159
bb_ipp_adaptive,estimated,1425,118.66666666666663,0.5479853748408589
bb_ipp_adaptive,estimated,1426,118.75,0.5506627325193609
bb_ipp_adaptive,estimated,1427,118.83333333333337,0.5508902800739963
bb_ipp_adaptive,estimated,1428,118.91666666666663,0.5563610904421962
bb_ipp_adaptive,estimated,1429,119.0,0.5533963217720008
bb_ipp_adaptive,estimated,1430,119.08333333333337,0.5532067617420638
bb_ipp_adaptive,estimated,1431,119.16666666666663,0.5542204930382206
bb_ipp_adaptive,estimated,1432,119.25,0.5542189072051532
bb_ipp_adaptive,estimated,1433,119.33333333333337,0.5577659244957726
bb_ipp_adaptive,estimated,1434,119.41666666666663,0.5532134774721322
bb_ipp_adaptive,estimated,1435,119.5,0.550650285694844
bb_ipp_adaptive,estimated,1436,119.58333333333337,0.5521978288232064
bb_ipp_adaptive,estimated,1437,119.66666666666663,0.5526233263549977
bb_ipp_adaptive,estimated,1438,119.75,0.553306974304399
bb_ipp_adaptive,estimated,1439,119.83333333333337,0.5519738151696099
bb_ipp_adaptive,estimated,1440,119.91666666666663,0.5522036572407593
bb_ipp_adaptive,estimated,1441,120.0,0.5478846970402061
bb_ipp_adaptive,estimated,1442,120.08333333333337,0.5459407292220022
bb_ipp_adaptive,estimated,1443,120.16666666666663,0.5522931676207207
bb_ipp_adaptive,estimated,1444,120.25,0.5506096133702396
bb_ipp_adaptive,estimated,1445,120.33333333333337,0.5484647176025921
bb_ipp_adaptive,estimated,1446,120.41666666666663,0.5465573433593864
bb_ipp_adaptive,estimated,1447,120.5,0.5444173803825821
bb_ipp_adaptive,estimated,1448,120.58333333333337,0.5447379388829033
bb_ipp_adaptive,estimated,1449,120.66666666666663,0.5490926545944794
bb_ipp_adaptive,estimated,1450,120.75,0.5501899957269402
bb_ipp_adaptive,estimated,1451,120.83333333333337,0.543946546548233
bb_ipp_adaptive,estimated,1452,120.91666666666663,0.550210328685525
bb_ipp_adaptive,estimated,1453,121.0,0.5473666717238288
bb_ipp_adaptive,estimated,1454,121.08333333333337,0.5447125630425912
bb_ipp_adaptive,estimated,1455,121.16666666666663,0.5389594310016649
bb_ipp_adaptive,estimated,1456,121.25,0.5415836840058772
bb_ipp_adaptive,estimated,1457,121.33333333333337,0.540581056054753
bb_ipp_adaptive,estimated,1458,121.41666666666663,0.540844309852039
bb_ipp_adaptive,estimated,1459,121.5,0.5395118944512814
bb_ipp_adaptive,estimated,1460,121.58333333333337,0.5477073382888971
bb_ipp_adaptive,estimated,1461,121.66666666666663,0.5487333112539593
bb_ipp_adaptive,estimated,1462,121.75,0.5432900349141427
bb_ipp_adaptive,estimated,1463,121.83333333333337,0.5449672090729489
bb_ipp_adaptive,estimated,1464,121.91666666666663,0.5424615628044022
bb_ipp_adaptive,estimated,1465,122.0,0.5386444082262252
bb_ipp_adaptive,estimated,1466,122.08333333333337,0.5428921367677918
bb_ipp_adaptive,estimated,1467,122.16666666666663,0.5412827487872718
bb_ipp_adaptive,estimated,1468,122.25,0.5410916543299011
bb_ipp_adaptive,estimated,1469,122.33333333333337,0.5435236240247694
bb_ipp_adaptive,estimated,1470,122.41666666666663,0.5459013361280026
bb_ipp_adaptive,estimated,1471,122.5,0.5435049725295392
bb_ipp_adaptive,estimated,1472,122.58333333333337,0.5443439176616764
bb_ipp_adaptive,estimated,1473,122.66666666666663,0.5450306216986309
bb_ipp_adaptive,estimated,1474,122.75,0.5487068521634713
bb_ipp_adaptive,estimated,1475,122.83333333333337,0.5482996324011838
bb_ipp_adaptive,estimated,1476,122.91666666666663,0.5430767604997804
bb_ipp_adaptive,estimated,1477,123.0,0.5437428475178046
bb_ipp_adaptive,estimated,1478,123.08333333333337,0.5413610543235926
bb_ipp_adaptive,estimated,1479,123.16666666666663,0.5398301191045033
bb_ipp_adaptive,estimated,1480,123.25,0.5424794779674015
bb_ipp_adaptive,estimated,1481,123.33333333333337,0.5454824089090441
bb_ipp_adaptive,estimated,1482,123.41666666666663,0.5471133762212518
bb_ipp_adaptive,estimated,1483,123.5,0.548279017349249
bb_ipp_adaptive,estimated,1484,123.58333333333337,0.547410010156656
bb_ipp_adaptive,estimated,1485,123.66666666666663,0.5456867689290386
bb_ipp_adaptive,estimated,1486,123.75,0.5438610069996054
bb_ipp_adaptive,estimated,1487,123.83333333333337,0.5450417388566545
bb_ipp_adaptive,estimated,1488,123.91666666666663,0.5486812654802486
bb_ipp_adaptive,estimated,1489,124.0,0.5513576148277096
bb_ipp_adaptive,estimated,1490,124.08333333333337,0.5537420890357091
bb_ipp_adaptive,estimated,1491,124.16666666666663,0.5514525527155394
bb_ipp_adaptive,estimated,1492,124.25,0.5515424481988701
bb_ipp_adaptive,estimated,1493,124.33333333333337,0.5498849047575493
bb_ipp_adaptive,estimated,1494,124.41666666666663,0.5515165780156401
bb_ipp_adaptive,estimated,1495,124.5,0.5523272642790433
bb_ipp_adaptive,estimated,1496,124.58333333333337,0.5503751183490342
bb_ipp_adaptive,estimated,1497,124.66666666666663,0.5500210666048687
bb_ipp_adaptive,estimated,1498,124.75,0.5484559096965783
bb_ipp_adaptive,estimated,1499,124.83333333333337,0.5478395860033091
bb_ipp_adaptive,estimated,1500,124.91666666666663,0.5465920331109523
bb_ipp_adaptive,estimated,1501,125.0,0.5452870563581269
bb_ipp_adaptive,estimated,1502,125.08333333333337,0.5449335925145641
bb_ipp_adaptive,estimated,1503,125.16666666666663,0.5432086883779461
bb_ipp_adaptive,estimated,1504,125.25,0.546235018215746
bb_ipp_adaptive,estimated,1505,125.33333333333337,0.5450097143356175
bb_ipp_adaptive,estimated,1506,125.41666666666663,0.5458894929294933
bb_ipp_adaptive,estimated,1507,125.5,0.546465816556533
bb_ipp_adaptive,estimated,1508,125.58333333333337,0.5435537874401525
bb_ipp_adaptive,estimated,1509,125.66666666666663,0.5449462599412194
bb_ipp_adaptive,estimated,1510,125.75,0.5425581327870106
bb_ipp_adaptive,estimated,1511,125.83333333333337,0.5419876216792676
bb_ipp_adaptive,estimated,1512,125.91666666666663,0.5371868394304564
bb_ipp_adaptive,estimated,1513,126.0,0.54071574782523
bb_ipp_adaptive,estimated,1514,126.08333333333337,0.5412864424192844
bb_ipp_adaptive,estimated,1515,126.16666666666663,0.5403559128505204
bb_ipp_adaptive,estimated,1516,126.25,0.5396046749200903
bb_ipp_adaptive,estimated,1517,126.33333333333337,0.5331383034318121
bb_ipp_adaptive,estimated,1518,126.41666666666663,0.5306701762738997
bb_ipp_adaptive,estimated,1519,126.5,0.5317151122381624
bb_ipp_adaptive,estimated,1520,126.58333333333337,0.535139716806852
bb_ipp_adaptive,estimated,1521,126.66666666666663,0.5339136840953884
bb_ipp_adaptive,estimated,1522,126.75,0.5380249306973044
bb_ipp_adaptive,estimated,1523,126.83333333333337,0.531959454284759
bb_ipp_adaptive,estimated,1524,126.91666666666663,0.533971046624065
bb_ipp_adaptive,estimated,1525,127.0,0.5305888484838125
bb_ipp_adaptive,estimated,1526,127.08333333333337,0.5308330310106876
bb_ipp_adaptive,estimated,1527,127.16666666666663,0.5309253736414633
bb_ipp_adaptive,estimated,1528,127.25,0.5269868723108238
bb_ipp_adaptive,estimated,1529,127.33333333333337,0.5296745089497641
bb_ipp_adaptive,estimated,1530,127.41666666666663,0.5364411607420901
bb_ipp_adaptive,estimated,1531,127.5,0.5394401144568047
bb_ipp_adaptive,estimated,1532,127.58333333333337,0.5304305705516054
bb_ipp_adaptive,estimated,1533,127.66666666666663,0.533397701942091
bb_ipp_adaptive,estimated,1534,127.75,0.5339679629981174
bb_ipp_adaptive,estimated,1535,127.83333333333337,0.5443883316164971
bb_ipp_adaptive,estimated,1536,127.91666666666663,0.5385451088401766
bb_ipp_adaptive,estimated,1537,128.0,0.5379037004576264
bb_ipp_adaptive,estimated,1538,128.08333333333337,0.5376734482752221
bb_ipp_adaptive,estimated,1539,128.16666666666663,0.5388128524993651
bb_ipp_adaptive,estimated,1540,128.25,0.5380829984067526
bb_ipp_adaptive,estimated,1541,128.33333333333337,0.536802342925357
bb_ipp_adaptive,estimated,1542,128.41666666666663,0.5408446811164466
bb_ipp_adaptive,estimated,1543,128.5,0.5431793597870704
bb_ipp_adaptive,estimated,1544,128.58333333333337,0.5417735803686479
bb_ipp_adaptive,estimated,1545,128.66666666666663,0.5448708467745926
bb_ipp_adaptive,estimated,1546,128.75,0.5362075881599969
bb_ipp_adaptive,estimated,1547,128.83333333333337,0.5368997070804647
bb_ipp_adaptive,estimated,1548,128.91666666666663,0.5329524122059695
bb_ipp_adaptive,estimated,1549,129.0,0.5398923717478976
bb_ipp_adaptive,estimated,1550,129.08333333333337,0.545048847123542
bb_ipp_adaptive,estimated,1551,129.16666666666663,0.5405586273837774
bb_ipp_adaptive,estimated,1552,129.25,0.5386959491001729
bb_ipp_adaptive,estimated,1553,129.33333333333337,0.5397490043473481
bb_ipp_adaptive,estimated,1554,129.41666666666663,0.539192111781584
bb_ipp_adaptive,estimated,1555,129.5,0.5347085628376641
bb_ipp_adaptive,estimated,1556,129.58333333333337,0.5339085927915198
bb_ipp_adaptive,estimated,1557,129.66666666666663,0.5336954190333648
bb_ipp_adaptive,estimated,1558,129.75,0.5378027505923061
bb_ipp_adaptive,estimated,1559,129.83333333333337,0.5374280046348309
bb_ipp_adaptive,estimated,1560,129.91666666666663,0.5370422518307286
bb_ipp_adaptive,estimated,1561,130.0,0.5380609387566712
bb_ipp_adaptive,estimated,1562,130.08333333333337,0.5364523591507201
bb_ipp_adaptive,estimated,1563,130.16666666666663,0.5341422618685486
bb_ipp_adaptive,estimated,1564,130.25,0.535873646518861
bb_ipp_adaptive,estimated,1565,130.33333333333337,0.5365084587237656
bb_ipp_adaptive,estimated,1566,130.41666666666663,0.5397912500560056
bb_ipp_adaptive,estimated,1567,130.5,0.5402445299332967
bb_ipp_adaptive,estimated,1568,130.58333333333337,0.5357931733006122
bb_ipp_adaptive,estimated,1569,130.66666666666663,0.5368744442345147
bb_ipp_adaptive,estimated,1570,130.75,0.5374943455949301
bb_ipp_adaptive,estimated,1571,130.83333333333337,0.5378752810674504
bb_ipp_adaptive,estimated,1572,130.91666666666663,0.5412753592271301
bb_ipp_adaptive,estimated,1573,131.0,0.5381083903579369
bb_ipp_adaptive,estimated,1574,131.08333333333337,0.5414894945118386
bb_ipp_adaptive,estimated,1575,131.16666666666663,0.5398651438556408
bb_ipp_adaptive,estimated,1576,131.25,0.539963010788326
bb_ipp_adaptive,estimated,1577,131.33333333333337,0.5366413676339145
bb_ipp_adaptive,estimated,1578,131.41666666666663,0.5406346282227134
bb_ipp_adaptive,estimated,1579,131.5,0.5463406312339816
bb_ipp_adaptive,estimated,1580,131.58333333333337,0.5454331172058686
bb_ipp_adaptive,estimated,1581,131.66666666666663,0.5413063081830632
bb_ipp_adaptive,estimated,1582,131.75,0.5407582955981186
bb_ipp_adaptive,estimated,1583,131.83333333333337,0.5397385971642581
bb_ipp_adaptive,estimated,1584,131.91666666666663,0.5431825340615692
bb_ipp_adaptive,estimated,1585,132.0,0.5424417331068756
bb_ipp_adaptive,estimated,1586,132.08333333333337,0.5445367243865903
bb_ipp_adaptive,estimated,1587,132.16666666666663,0.5427033536616892
bb_ipp_adaptive,estimated,1588,132.25,0.541753279935076
bb_ipp_adaptive,estimated,1589,132.33333333333337,0.5440741452513421
bb_ipp_adaptive,estimated,1590,132.41666666666663,0.547486485547234
bb_ipp_adaptive,estimated,1591,132.5,0.5468101641711588
bb_ipp_adaptive,estimated,1592,132.58333333333337,0.5488231484724654
bb_ipp_adaptive,estimated,1593,132.66666666666663,0.5481619869002164
bb_ipp_adaptive,estimated,1594,132.75,0.5488812349260086
bb_ipp_adaptive,estimated,1595,132.83333333333337,0.5453282161446691
bb_ipp_adaptive,estimated,1596,132.91666666666663,0.5441979681650265
bb_ipp_adaptive,estimated,1597,133.0,0.5423666902926905
bb_ipp_adaptive,estimated,1598,133.08333333333337,0.5437230703424408
bb_ipp_adaptive,estimated,1599,133.16666666666663,0.5438060611986384
bb_ipp_adaptive,estimated,1600,133.25,0.5458683931983105
bb_ipp_adaptive,estimated,1601,133.33333333333337,0.5395720856123158
bb_ipp_adaptive,estimated,1602,133.41666666666663,0.5393253146828477
bb_ipp_adaptive,estimated,1603,133.5,0.539324262142062
bb_ipp_adaptive,estimated,1604,133.58333333333337,0.5379294978974016
bb_ipp_adaptive,estimated,1605,133.66666666666663,0.5386535137067515
bb_ipp_adaptive,estimated,1606,133.75,0.5396236509157087
bb_ipp_adaptive,estimated,1607,133.83333333333337,0.5475674924048337
bb_ipp_adaptive,estimated,1608,133.91666666666663,0.5479051088264911
bb_ipp_adaptive,estimated,1609,134.0,0.5471300164450936
bb_ipp_adaptive,estimated,1610,134.08333333333337,0.5496667050372531
bb_ipp_adaptive,estimated,1611,134.16666666666663,0.5432845359538767
bb_ipp_adaptive,estimated,1612,134.25,0.5483849725773189
bb_ipp_adaptive,estimated,1613,134.33333333333337,0.5571986086788353
bb_ipp_adaptive,estimated,1614,134.41666666666663,0.5527354173782857
bb_ipp_adaptive,estimated,1615,134.5,0.5557343613293949
bb_ipp_adaptive,estimated,1616,134.58333333333337,0.5460847745219566
bb_ipp_adaptive,estimated,1617,134.66666666666663,0.5432028982313686
bb_ipp_adaptive,estimated,1618,134.75,0.5381292409719508
bb_ipp_adaptive,estimated,1619,134.83333333333337,0.5388840990584659
bb_ipp_adaptive,estimated,1620,134.91666666666663,0.5442846071529892
bb_ipp_adaptive,estimated,1621,135.0,0.5438361725474297
bb_ipp_adaptive,estimated,1622,135.08333333333337,0.5419362775065972
bb_ipp_adaptive,estimated,1623,135.16666666666663,0.5373128878440242
bb_ipp_adaptive,estimated,1624,135.25,0.5294396435770206
bb_ipp_adaptive,estimated,1625,135.33333333333337,0.5316710670121064
bb_ipp_adaptive,estimated,1626,135.41666666666663,0.5410919283209397
bb_ipp_adaptive,estimated,1627,135.5,0.5394595317749257
bb_ipp_adaptive,estimated,1628,135.58333333333337,0.537278631281193
bb_ipp_adaptive,estimated,1629,135.66666666666663,0.5409701490558061
bb_ipp_adaptive,estimated,1630,135.75,0.5424275906383422
bb_ipp_adaptive,estimated,1631,135.83333333333337,0.5297962464154393
bb_ipp_adaptive,estimated,1632,135.91666666666663,0.5280833816200373
bb_ipp_adaptive,estimated,1633,136.0,0.5333210499267752
bb_ipp_adaptive,estimated,1634,136.08333333333337,0.5365061168567579
bb_ipp_adaptive,estimated,1635,136.16666666666663,0.5329681921673268
bb_ipp_adaptive,estimated,1636,136.25,0.5324078127539809
bb_ipp_adaptive,estimated,1637,136.33333333333337,0.5315809235603823
bb_ipp_adaptive,estimated,1638,136.41666666666663,0.534520509646216
bb_ipp_adaptive,estimated,1639,136.5,0.5321531250255152
bb_ipp_adaptive,estimated,1640,136.58333333333337,0.5281704115782933
bb_ipp_adaptive,estimated,1641,136.66666666666663,0.5302641673973111
bb_ipp_adaptive,estimated,1642,136.75,0.5323048130857568
bb_ipp_adaptive,estimated,1643,136.83333333333337,0.5294365564759146
bb_ipp_adaptive,estimated,1644,136.91666666666663,0.5346397194316158
bb_ipp_adaptive,estimated,1645,137.0,0.5393929484115692
bb_ipp_adaptive,estimated,1646,137.08333333333337,0.5372218848516154
bb_ipp_adaptive,estimated,1647,137.16666666666663,0.5388302538694634
bb_ipp_adaptive,estimated,1648,137.25,0.5348165244378671
bb_ipp_adaptive,estimated,1649,137.33333333333337,0.5397779194503067
bb_ipp_adaptive,estimated,1650,137.41666666666663,0.5417784006986551
bb_ipp_adaptive,estimated,1651,137.5,0.5446645246230121
bb_ipp_adaptive,estimated,1652,137.58333333333337,0.5426029911493383
bb_ipp_adaptive,estimated,1653,137.66666666666663,0.5444710265269154
bb_ipp_adaptive,estimated,1654,137.75,0.5406015029743408
bb_ipp_adaptive,estimated,1655,137.83333333333337,0.5427897384955432
bb_ipp_adaptive,estimated,1656,137.91666666666663,0.5424514346235557
bb_ipp_adaptive,estimated,1657,138.0,0.5440668122893083
bb_ipp_adaptive,estimated,1658,138.08333333333337,0.5421961285280499
bb_ipp_adaptive,estimated,1659,138.16666666666663,0.5390141975074271
bb_ipp_adaptive,estimated,1660,138.25,0.5391028544224771
bb_ipp_adaptive,estimated,1661,138.33333333333337,0.5366372931254438
bb_ipp_adaptive,estimated,1662,138.41666666666663,0.541665629100819
bb_ipp_adaptive,estimated,1663,138.5,0.5444540951077312
bb_ipp_adaptive,estimated,1664,138.58333333333337,0.5491631599423595
bb_ipp_adaptive,estimated,1665,138.66666666666663,0.5476682973213063
bb_ipp_adaptive,estimated,1666,138.75,0.5500867261979194
bb_ipp_adaptive,estimated,1667,138.83333333333337,0.5497815329239502
bb_ipp_adaptive,estimated,1668,138.91666666666663,0.5471911834120572
bb_ipp_adaptive,estimated,1669,139.0,0.5448161814975507
bb_ipp_adaptive,estimated,1670,139.08333333333337,0.5434994125283128
bb_ipp_adaptive,estimated,1671,139.16666666666663,0.5404869013059875
bb_ipp_adaptive,estimated,1672,139.25,0.5414414801654652
bb_ipp_adaptive,estimated,1673,139.33333333333337,0.5386938618081554
bb_ipp_adaptive,estimated,1674,139.41666666666663,0.5375070256440306
bb_ipp_adaptive,estimated,1675,139.5,0.5334257840736875
bb_ipp_adaptive,estimated,1676,139.58333333333337,0.5326392760133845
bb_ipp_adaptive,estimated,1677,139.66666666666663,0.5308564807413317
bb_ipp_adaptive,estimated,1678,139.75,0.5356294066505077
bb_ipp_adaptive,estimated,1679,139.83333333333337,0.5328506600749549
bb_ipp_adaptive,estimated,1680,139.91666666666663,0.5344761939000446
bb_ipp_adaptive,estimated,1681,140.0,0.537364642206057
bb_ipp_adaptive,estimated,1682,140.08333333333337,0.5311000819294577
bb_ipp_adaptive,estimated,1683,140.16666666666663,0.5335289163764029
bb_ipp_adaptive,estimated,1684,140.25,0.5357524116409143
bb_ipp_adaptive,estimated,1685,140.33333333333337,0.5317837717664888
bb_ipp_adaptive,estimated,1686,140.41666666666663,0.5321831236446477
bb_ipp_adaptive,estimated,1687,140.5,0.5348180451310119
bb_ipp_adaptive,estimated,1688,140.58333333333337,0.5320309432619561
bb_ipp_adaptive,estimated,1689,140.66666666666663,0.5330245551683198
bb_ipp_adaptive,estimated,1690,140.75,0.5350584786917277
bb_ipp_adaptive,estimated,1691,140.83333333333337,0.5383923824984261
bb_ipp_adaptive,estimated,1692,140.91666666666663,0.5372271537885465
bb_ipp_adaptive,estimated,1693,141.0,0.5368189931298933
bb_ipp_adaptive,estimated,1694,141.08333333333337,0.5401703987957058
bb_ipp_adaptive,estimated,1695,141.16666666666663,0.5431790399719734
bb_ipp_adaptive,estimated,1696,141.25,0.5407649655593324
bb_ipp_adaptive,estimated,1697,141.33333333333337,0.5376058568526193
bb_ipp_adaptive,estimated,1698,141.41666666666663,0.5434363824002038
bb_ipp_adaptive,estimated,1699,141.5,0.5445393192192818
bb_ipp_adaptive,estimated,1700,141.58333333333337,0.5445546168735323
bb_ipp_adaptive,estimated,1701,141.66666666666663,0.5403485573409372
bb_ipp_adaptive,estimated,1702,141.75,0.5324757197688169
bb_ipp_adaptive,estimated,1703,141.83333333333337,0.5347190525474071
bb_ipp_adaptive,estimated,1704,141.91666666666663,0.5323657449104724
bb_ipp_adaptive,estimated,1705,142.0,0.5309422155912688
bb_ipp_adaptive,estimated,1706,142.08333333333337,0.5271623599470658
bb_ipp_adaptive,estimated,1707,142.16666666666663,0.5283432992155265
bb_ipp_adaptive,estimated,1708,142.25,0.5322520145392784
bb_ipp_adaptive,estimated,1709,142.33333333333337,0.5345295868775648
bb_ipp_adaptive,estimated,1710,142.41666666666663,0.5410778656098059
bb_ipp_adaptive,estimated,1711,142.5,0.5356340911669277
bb_ipp_adaptive,estimated,1712,142.58333333333337,0.5395521521215104
bb_ipp_adaptive,estimated,1713,142.66666666666663,0.5392347406333543
bb_ipp_adaptive,estimated,1714,142.75,0.5370498472562322
bb_ipp_adaptive,estimated,1715,142.83333333333337,0.5371850785043478
bb_ipp_adaptive,estimated,1716,142.91666666666663,0.5380970557811897
bb_ipp_adaptive,estimated,1717,143.0,0.5364208644678831
bb_ipp_adaptive,estimated,1718,143.08333333333337,0.5392918414828821
bb_ipp_adaptive,estimated,1719,143.16666666666663,0.5328201786955055
bb_ipp_adaptive,estimated,1720,143.25,0.5301613538772667
bb_ipp_adaptive,estimated,1721,143.33333333333337,0.5337920353625198
bb_ipp_adaptive,estimated,1722,143.41666666666663,0.5328104055384132
bb_ipp_adaptive,estimated,1723,143.5,0.5423969751801238
bb_ipp_adaptive,estimated,1724,143.58333333333337,0.5371445755861244
bb_ipp_adaptive,estimated,1725,143.66666666666663,0.5310226350145133
bb_ipp_adaptive,estimated,1726,143.75,0.5332801595840917
bb_ipp_adaptive,estimated,1727,143.83333333333337,0.5387840652997359
bb_ipp_adaptive,estimated,1728,143.91666666666663,0.5393266126440293
bb_ipp_adaptive,estimated,1729,144.0,0.5395313365612863
bb_ipp_adaptive,estimated,1730,144.08333333333337,0.5328481340430777
bb_ipp_adaptive,estimated,1731,144.16666666666663,0.5346847009081119
bb_ipp_adaptive,estimated,1732,144.25,0.535677493868293
bb_ipp_adaptive,estimated,1733,144.33333333333337,0.5409676358877398
bb_ipp_adaptive,estimated,1734,144.41666666666663,0.541185355241623
bb_ipp_adaptive,estimated,1735,144.5,0.5365459715224508
bb_ipp_adaptive,estimated,1736,144.58333333333337,0.533629136165995
bb_ipp_adaptive,estimated,1737,144.66666666666663,0.534289757545444
bb_ipp_adaptive,estimated,1738,144.75,0.5345312909073218
bb_ipp_adaptive,estimated,1739,144.83333333333337,0.5371851802608851
bb_ipp_adaptive,estimated,1740,144.91666666666663,0.5398576652605364
bb_ipp_adaptive,estimated,1741,145.0,0.5382642160671114
bb_ipp_adaptive,estimated,1742,145.08333333333337,0.5358018038452796
bb_ipp_adaptive,estimated,1743,145.16666666666663,0.5337102390907063
bb_ipp_adaptive,estimated,1744,145.25,0.5286541298548831
bb_ipp_adaptive,estimated,1745,145.33333333333337,0.5288853945253842
bb_ipp_adaptive,estimated,1746,145.41666666666663,0.5269404194827939
bb_ipp_adaptive,estimated,1747,145.5,0.5244438990746817
bb_ipp_adaptive,estimated,1748,145.58333333333337,0.5282652538336892
bb_ipp_adaptive,estimated,1749,145.66666666666663,0.527880200047746
bb_ipp_adaptive,estimated,1750,145.75,0.5269450216950364
bb_ipp_adaptive,estimated,1751,145.83333333333337,0.5238475398154097
bb_ipp_adaptive,estimated,1752,145.91666666666663,0.5271058542525145
bb_ipp_adaptive,estimated,1753,146.0,0.5303667268349372
bb_ipp_adaptive,estimated,1754,146.08333333333337,0.534481268843031
bb_ipp_adaptive,estimated,1755,146.16666666666663,0.5281740605716411
bb_ipp_adaptive,estimated,1756,146.25,0.5279131609321622
bb_ipp_adaptive,estimated,1757,146.33333333333337,0.5322684747912335
bb_ipp_adaptive,estimated,1758,146.41666666666663,0.527444751525636
bb_ipp_adaptive,estimated,1759,146.5,0.5296644886043607
bb_ipp_adaptive,estimated,1760,146.58333333333337,0.5310638515476577
bb_ipp_adaptive,estimated,1761,146.66666666666663,0.5331679625374313
bb_ipp_adaptive,estimated,1762,146.75,0.5353962440441262
bb_ipp_adaptive,estimated,1763,146.83333333333337,0.5354346890181161
bb_ipp_adaptive,estimated,1764,146.91666666666663,0.537976789050407
bb_ipp_adaptive,estimated,1765,147.0,0.5428325087520887
bb_ipp_adaptive,estimated,1766,147.08333333333337,0.5421449720975652
bb_ipp_adaptive,estimated,1767,147.16666666666663,0.5428293846062328
bb_ipp_adaptive,estimated,1768,147.25,0.5442786078696136
bb_ipp_adaptive,estimated,1769,147.33333333333337,0.5468699879862107
bb_ipp_adaptive,estimated,1770,147.41666666666663,0.5456823439623527
bb_ipp_adaptive,estimated,1771,147.5,0.5526583174740413
bb_ipp_adaptive,estimated,1772,147.58333333333337,0.5524680807466034
bb_ipp_adaptive,estimated,1773,147.66666666666663,0.5506086908436535
bb_ipp_adaptive,estimated,1774,147.75,0.5548990191508991
bb_ipp_adaptive,estimated,1775,147.83333333333337,0.5525969654161391
bb_ipp_adaptive,estimated,1776,147.91666666666663,0.5484582361558833
bb_ipp_adaptive,estimated,1777,148.0,0.5469131349542443
bb_ipp_adaptive,estimated,1778,148.08333333333337,0.5506015864586284
bb_ipp_adaptive,estimated,1779,148.16666666666663,0.5490546654420324
bb_ipp_adaptive,estimated,1780,148.25,0.5495490924807088
bb_ipp_adaptive,estimated,1781,148.33333333333337,0.5521446213502377
bb_ipp_adaptive,estimated,1782,148.41666666666663,0.5504365250769779
bb_ipp_adaptive,estimated,1783,148.5,0.5458775538833754
bb_ipp_adaptive,estimated,1784,148.58333333333337,0.5505143691861873
bb_ipp_adaptive,estimated,1785,148.66666666666663,0.543713354658213
bb_ipp_adaptive,estimated,1786,148.75,0.5334343665678353
bb_ipp_adaptive,estimated,1787,148.83333333333337,0.5281789268634445
bb_ipp_adaptive,estimated,1788,148.91666666666663,0.524091217444057
bb_ipp_adaptive,estimated,1789,149.0,0.5258261428915197
bb_ipp_adaptive,estimated,1790,149.08333333333337,0.5253033223398547
bb_ipp_adaptive,estimated,1791,149.16666666666663,0.5235468817246263
bb_ipp_adaptive,estimated,1792,149.25,0.5252169008144076
bb_ipp_adaptive,estimated,1793,149.33333333333337,0.528799221086209
bb_ipp_adaptive,estimated,1794,149.41666666666663,0.5296453256886434
bb_ipp_adaptive,estimated,1795,149.5,0.5339508490039087
bb_ipp_adaptive,estimated,1796,149.58333333333337,0.5309071700737538
bb_ipp_adaptive,estimated,1797,149.66666666666663,0.5274744970211529
bb_ipp_adaptive,estimated,1798,149.75,0.5255222485047256
bb_ipp_adaptive,estimated,1799,149.83333333333337,0.5257806762520824
bb_ipp_adaptive,estimated,1800,149.91666666666663,0.5263716915565134
bb_ipp_adaptive,estimated,1801,150.0,0.529630797790573
bb_ipp_adaptive,estimated,1802,150.08333333333337,0.5305256466705915
bb_ipp_adaptive,estimated,1803,150.16666666666663,0.5289229842379879
bb_ipp_adaptive,estimated,1804,150.25,0.5284428326338597
bb_ipp_adaptive,estimated,1805,150.33333333333337,0.5349950817813403
bb_ipp_adaptive,estimated,1806,150.41666666666663,0.5362066087169316
bb_ipp_adaptive,estimated,1807,150.5,0.5288872068710604
bb_ipp_adaptive,estimated,1808,150.58333333333337,0.5336821581242556
bb_ipp_adaptive,estimated,1809,150.66666666666663,0.5362137333209614
bb_ipp_adaptive,estimated,1810,150.75,0.535223844443606
bb_ipp_adaptive,estimated,1811,150.83333333333337,0.5360007148004894
bb_ipp_adaptive,estimated,1812,150.91666666666663,0.5291053017221078
bb_ipp_adaptive,estimated,1813,151.0,0.5324394271132074
bb_ipp_adaptive,estimated,1814,151.08333333333337,0.5383067219490578
bb_ipp_adaptive,estimated,1815,151.16666666666663,0.5374127961705143
bb_ipp_adaptive,estimated,1816,151.25,0.5321758691407317
bb_ipp_adaptive,estimated,1817,151.33333333333337,0.5411334383361915
bb_ipp_adaptive,estimated,1818,151.41666666666663,0.5379775236006614
bb_ipp_adaptive,estimated,1819,151.5,0.5445400410683359
bb_ipp_adaptive,estimated,1820,151.58333333333337,0.5438230343472102
bb_ipp_adaptive,estimated,1821,151.66666666666663,0.5439941804197189
bb_ipp_adaptive,estimated,1822,151.75,0.5342849084052244
bb_ipp_adaptive,estimated,1823,151.83333333333337,0.5283335443111428
bb_ipp_adaptive,estimated,1824,151.91666666666663,0.5289133133087932
bb_ipp_adaptive,estimated,1825,152.0,0.5300633250816511
bb_ipp_adaptive,estimated,1826,152.08333333333337,0.5288934765721822
bb_ipp_adaptive,estimated,1827,152.16666666666663,0.5263568455874877
bb_ipp_adaptive,estimated,1828,152.25,0.5295015439837548
bb_ipp_adaptive,estimated,1829,152.33333333333337,0.5260693552599724
bb_ipp_adaptive,estimated,1830,152.41666666666663,0.526201639597024
bb_ipp_adaptive,estimated,1831,152.5,0.5292151160779524
bb_ipp_adaptive,estimated,1832,152.58333333333337,0.5297643935762015
bb_ipp_adaptive,estimated,1833,152.66666666666663,0.5327517626062733
bb_ipp_adaptive,estimated,1834,152.75,0.5334376583412671
bb_ipp_adaptive,estimated,1835,152.83333333333337,0.5353599623094016
bb_ipp_adaptive,estimated,1836,152.91666666666663,0.5361493925539529
bb_ipp_adaptive,estimated,1837,153.0,0.5432388845563757
bb_ipp_adaptive,estimated,1838,153.08333333333337,0.5462546675218333
bb_ipp_adaptive,estimated,1839,153.16666666666663,0.544230440700968
bb_ipp_adaptive,estimated,1840,153.25,0.5420072964754277
bb_ipp_adaptive,estimated,1841,153.33333333333337,0.5448978873138255
bb_ipp_adaptive,estimated,1842,153.41666666666663,0.5456189331857425
bb_ipp_adaptive,estimated,1843,153.5,0.5437983003862764
bb_ipp_adaptive,estimated,1844,153.58333333333337,0.5447112006981624
bb_ipp_adaptive,estimated,1845,153.66666666666663,0.5394381821203755
bb_ipp_adaptive,estimated,1846,153.75,0.5388224182274785
bb_ipp_adaptive,estimated,1847,153.83333333333337,0.5383688366630355
bb_ipp_adaptive,estimated,1848,153.91666666666663,0.5354191151027263
bb_ipp_adaptive,estimated,1849,154.0,0.537378428321395
bb_ipp_adaptive,estimated,1850,154.08333333333337,0.5378763359495945
bb_ipp_adaptive,estimated,1851,154.16666666666663,0.5388859112534524
bb_ipp_adaptive,estimated,1852,154.25,0.5407573180672528
bb_ipp_adaptive,estimated,1853,154.33333333333337,0.5382401855776254
bb_ipp_adaptive,estimated,1854,154.41666666666663,0.5416052681646233
bb_ipp_adaptive,estimated,1855,154.5,0.539831691944048
bb_ipp_adaptive,estimated,1856,154.58333333333337,0.5391999065921825
bb_ipp_adaptive,estimated,1857,154.66666666666663,0.5414165726294002
bb_ipp_adaptive,estimated,1858,154.75,0.5425316542821492
bb_ipp_adaptive,estimated,1859,154.83333333333337,0.538638042525675
bb_ipp_adaptive,estimated,1860,154.91666666666663,0.5418386647223016
bb_ipp_adaptive,estimated,1861,155.0,0.5387222442182231
bb_ipp_adaptive,estimated,1862,155.08333333333337,0.5389548581332987
bb_ipp_adaptive,estimated,1863,155.16666666666663,0.5298377548392142
bb_ipp_adaptive,estimated,1864,155.25,0.5336284258462196
bb_ipp_adaptive,estimated,1865,155.33333333333337,0.5353309312913317
bb_ipp_adaptive,estimated,1866,155.41666666666663,0.5276214911615349
bb_ipp_adaptive,estimated,1867,155.5,0.5273765549423516
bb_ipp_adaptive,estimated,1868,155.58333333333337,0.5341964112217379
bb_ipp_adaptive,estimated,1869,155.66666666666663,0.5346290214051883
bb_ipp_adaptive,estimated,1870,155.75,0.5319832709578608
bb_ipp_adaptive,estimated,1871,155.83333333333337,0.5325737283118863
bb_ipp_adaptive,estimated,1872,155.91666666666663,0.5376530234901393
bb_ipp_adaptive,estimated,1873,156.0,0.5382136288532684
bb_ipp_adaptive,estimated,1874,156.08333333333337,0.5421469688336912
bb_ipp_adaptive,estimated,1875,156.16666666666663,0.5413130006694767
bb_ipp_adaptive,estimated,1876,156.25,0.5367373978065318
bb_ipp_adaptive,estimated,1877,156.33333333333337,0.5363358592412096
bb_ipp_adaptive,estimated,1878,156.41666666666663,0.542398967576741
bb_ipp_adaptive,estimated,1879,156.5,0.5457807348200421
bb_ipp_adaptive,estimated,1880,156.58333333333337,0.5484604543142578
bb_ipp_adaptive,estimated,1881,156.66666666666663,0.5463923391131219
bb_ipp_adaptive,estimated,1882,156.75,0.5417987299751577
bb_ipp_adaptive,estimated,1883,156.83333333333337,0.5454056100454118
bb_ipp_adaptive,estimated,1884,156.91666666666663,0.5459479821956557
bb_ipp_adaptive,estimated,1885,157.0,0.5489984020035281
bb_ipp_adaptive,estimated,1886,157.08333333333337,0.5489718826414847
bb_ipp_adaptive,estimated,1887,157.16666666666663,0.5454974723899166
bb_ipp_adaptive,estimated,1888,157.25,0.5438595997682715
bb_ipp_adaptive,estimated,1889,157.33333333333337,0.5476383433627605
bb_ipp_adaptive,estimated,1890,157.41666666666663,0.552283278058245
bb_ipp_adaptive,estimated,1891,157.5,0.5483816208124901
bb_ipp_adaptive,estimated,1892,157.58333333333337,0.5475959256113174
bb_ipp_adaptive,estimated,1893,157.66666666666663,0.5471992204138899
bb_ipp_adaptive,estimated,1894,157.75,0.5436593325336834
bb_ipp_adaptive,estimated,1895,157.83333333333337,0.5389005828039736
bb_ipp_adaptive,estimated,1896,157.91666666666663,0.5425998208376214
bb_ipp_adaptive,estimated,1897,158.0,0.5448389301328508
bb_ipp_adaptive,estimated,1898,158.08333333333337,0.547182080821241
bb_ipp_adaptive,estimated,1899,158.16666666666663,0.5456558729601595
bb_ipp_adaptive,estimated,1900,158.25,0.5451248720583817
bb_ipp_adaptive,estimated,1901,158.33333333333337,0.5406540265902876
bb_ipp_adaptive,estimated,1902,158.41666666666663,0.5396648453450247
bb_ipp_adaptive,estimated,1903,158.5,0.5388639712307697
bb_ipp_adaptive,estimated,1904,158.58333333333337,0.5364383397039989
bb_ipp_adaptive,estimated,1905,158.66666666666663,0.543099609454278
bb_ipp_adaptive,estimated,1906,158.75,0.5480973512387006
bb_ipp_adaptive,estimated,1907,158.83333333333337,0.5464386503555501
bb_ipp_adaptive,estimated,1908,158.91666666666663,0.5442044799479738
bb_ipp_adaptive,estimated,1909,159.0,0.5357440729557227
bb_ipp_adaptive,estimated,1910,159.08333333333337,0.5432240308051156
bb_ipp_adaptive,estimated,1911,159.16666666666663,0.5440383715024277
bb_ipp_adaptive,estimated,1912,159.25,0.540512470323759
bb_ipp_adaptive,estimated,1913,159.33333333333337,0.5421774380357078
bb_ipp_adaptive,estimated,1914,159.41666666666663,0.5420033105537105
bb_ipp_adaptive,estimated,1915,159.5,0.5447637822502768
bb_ipp_adaptive,estimated,1916,159.58333333333337,0.5465207310687555
bb_ipp_adaptive,estimated,1917,159.66666666666663,0.5426747813213753
bb_ipp_adaptive,estimated,1918,159.75,0.534014755146388
bb_ipp_adaptive,estimated,1919,159.83333333333337,0.5394484800905047
bb_ipp_adaptive,estimated,1920,159.91666666666663,0.5383590787273518
bb_ipp_adaptive,estimated,1921,160.0,0.5422219666938076
bb_ipp_adaptive,estimated,1922,160.08333333333337,0.539344316897831
bb_ipp_adaptive,estimated,1923,160.16666666666663,0.5375080693792973
bb_ipp_adaptive,estimated,1924,160.25,0.5402785439077551
bb_ipp_adaptive,estimated,1925,160.33333333333337,0.5374976904268116
bb_ipp_adaptive,estimated,1926,160.41666666666663,0.5364829195056046
bb_ipp_adaptive,estimated,1927,160.5,0.5345941163837971
bb_ipp_adaptive,estimated,1928,160.58333333333337,0.5307883089498895
bb_ipp_adaptive,estimated,1929,160.66666666666663,0.529009178637501
bb_ipp_adaptive,estimated,1930,160.75,0.5299913423706879
bb_ipp_adaptive,estimated,1931,160.83333333333337,0.5332337179345196
bb_ipp_adaptive,estimated,1932,160.91666666666663,0.5289561708666889
bb_ipp_adaptive,estimated,1933,161.0,0.5343878164798577
bb_ipp_adaptive,estimated,1934,161.08333333333337,0.5345920767723468
bb_ipp_adaptive,estimated,1935,161.16666666666663,0.5408617676750647
bb_ipp_adaptive,estimated,1936,161.25,0.5419186825218693
bb_ipp_adaptive,estimated,1937,161.33333333333337,0.5422831938558141
bb_ipp_adaptive,estimated,1938,161.41666666666663,0.5451989176802166
bb_ipp_adaptive,estimated,1939,161.5,0.5418766049286514
bb_ipp_adaptive,estimated,1940,161.58333333333337,0.5455637843505065
bb_ipp_adaptive,estimated,1941,161.66666666666663,0.5440168645873931
bb_ipp_adaptive,estimated,1942,161.75,0.5422048912306874
bb_ipp_adaptive,estimated,1943,161.83333333333337,0.5422578390607864
bb_ipp_adaptive,estimated,1944,161.91666666666663,0.5393052118936247
bb_ipp_adaptive,estimated,1945,162.0,0.5405404569438138
bb_ipp_adaptive,estimated,1946,162.08333333333337,0.5417670125372557
bb_ipp_adaptive,estimated,1947,162.16666666666663,0.5400850947895216
bb_ipp_adaptive,estimated,1948,162.25,0.5418020170167811
bb_ipp_adaptive,estimated,1949,162.33333333333337,0.5410648324119273
bb_ipp_adaptive,estimated,1950,162.41666666666663,0.5406551089466192
bb_ipp_adaptive,estimated,1951,162.5,0.5395115455427147
bb_ipp_adaptive,estimated,1952,162.58333333333337,0.5411305489526391
bb_ipp_adaptive,estimated,1953,162.66666666666663,0.5415784243075015
bb_ipp_adaptive,estimated,1954,162.75,0.5424290001746677
bb_ipp_adaptive,estimated,1955,162.83333333333337,0.5404826797266453
bb_ipp_adaptive,estimated,1956,162.91666666666663,0.5391790163043759
bb_ipp_adaptive,estimated,1957,163.0,0.5386095839937058
bb_ipp_adaptive,estimated,1958,163.08333333333337,0.5397866478340829
bb_ipp_adaptive,estimated,1959,163.16666666666663,0.5428348907642985
bb_ipp_adaptive,estimated,1960,163.25,0.5440958987939705
bb_ipp_adaptive,estimated,1961,163.33333333333337,0.5436961111999896
bb_ipp_adaptive,estimated,1962,163.41666666666663,0.5445605829352788
bb_ipp_adaptive,estimated,1963,163.5,0.5450315189550412
bb_ipp_adaptive,estimated,1964,163.58333333333337,0.5379924925161096
bb_ipp_adaptive,estimated,1965,163.66666666666663,0.5411662086061536
bb_ipp_adaptive,estimated,1966,163.75,0.5443056742420705
bb_ipp_adaptive,estimated,1967,163.83333333333337,0.5453437331259605
bb_ipp_adaptive,estimated,1968,163.91666666666663,0.5412332068488019
bb_ipp_adaptive,estimated,1969,164.0,0.5368277600599177
bb_ipp_adaptive,estimated,1970,164.08333333333337,0.5343476707462168
bb_ipp_adaptive,estimated,1971,164.16666666666663,0.5341463220765993
bb_ipp_adaptive,estimated,1972,164.25,0.5371094202274337
bb_ipp_adaptive,estimated,1973,164.33333333333337,0.5411433239063527
bb_ipp_adaptive,estimated,1974,164.41666666666663,0.5387402133735059
bb_ipp_adaptive,estimated,1975,164.5,0.5382641058836484
bb_ipp_adaptive,estimated,1976,164.58333333333337,0.5338350468722736
bb_ipp_adaptive,estimated,1977,164.66666666666663,0.5338865511399116
bb_ipp_adaptive,estimated,1978,164.75,0.5287155942168759
bb_ipp_adaptive,estimated,1979,164.83333333333337,0.5309775816159903
bb_ipp_adaptive,estimated,1980,164.91666666666663,0.5319067967969126
bb_ipp_adaptive,estimated,1981,165.0,0.5302442763760329
bb_ipp_adaptive,estimated,1982,165.08333333333337,0.5255930051662561
bb_ipp_adaptive,estimated,1983,165.16666666666663,0.5277264886493985
bb_ipp_adaptive,estimated,1984,165.25,0.528572957499461
bb_ipp_adaptive,estimated,1985,165.33333333333337,0.5312309998216208
bb_ipp_adaptive,estimated,1986,165.41666666666663,0.5269941982884818
bb_ipp_adaptive,estimated,1987,165.5,0.5266217122489509
bb_ipp_adaptive,estimated,1988,165.58333333333337,0.538600723579058
bb_ipp_adaptive,estimated,1989,165.66666666666663,0.5350135816410467
bb_ipp_adaptive,estimated,1990,165.75,0.530540788113578
bb_ipp_adaptive,estimated,1991,165.83333333333337,0.5306575285382449
bb_ipp_adaptive,estimated,1992,165.91666666666663,0.5339888061656916
bb_ipp_adaptive,estimated,1993,166.0,0.5294001677475882
bb_ipp_adaptive,estimated,1994,166.08333333333337,0.533787103560186
bb_ipp_adaptive,estimated,1995,166.16666666666663,0.5349528066198463
bb_ipp_adaptive,estimated,1996,166.25,0.5385941702455964
bb_ipp_adaptive,estimated,1997,166.33333333333337,0.5365967160220143
bb_ipp_adaptive,estimated,1998,166.41666666666663,0.5353764833747672
bb_ipp_adaptive,estimated,1999,166.5,0.5310420026599858
bb_ipp_adaptive,estimated,2000,166.58333333333337,0.5332353556507944
bb_ipp_adaptive,estimated,2001,166.66666666666663,0.5303207965406457
bb_ipp_adaptive,estimated,2002,166.75,0.5271253125186123
bb_ipp_adaptive,estimated,2003,166.83333333333337,0.5312976185190657
bb_ipp_adaptive,estimated,2004,166.91666666666663,0.526594773185655
bb_ipp_adaptive,estimated,2005,167.0,0.5257141461477501
bb_ipp_adaptive,estimated,2006,167.08333333333337,0.5235843850680396
bb_ipp_adaptive,estimated,2007,167.16666666666663,0.5286511835922495
bb_ipp_adaptive,estimated,2008,167.25,0.5319140029860295
bb_ipp_adaptive,estimated,2009,167.33333333333337,0.5392685265039712
bb_ipp_adaptive,estimated,2010,167.41666666666663,0.5410532474617147
bb_ipp_adaptive,estimated,2011,167.5,0.5429146664907426
bb_ipp_adaptive,estimated,2012,167.58333333333337,0.5389338187304852
bb_ipp_adaptive,estimated,2013,167.66666666666663,0.5417928482656295
bb_ipp_adaptive,estimated,2014,167.75,0.538901900521357
bb_ipp_adaptive,estimated,2015,167.83333333333337,0.5310057270289452
bb_ipp_adaptive,estimated,2016,167.91666666666663,0.5344032288962434
bb_ipp_adaptive,estimated,2017,168.0,0.5303720432633414
bb_ipp_adaptive,estimated,2018,168.08333333333337,0.5327301401526201
bb_ipp_adaptive,estimated,2019,168.16666666666663,0.5363547037314484
bb_ipp_adaptive,estimated,2020,168.25,0.5377724746115564
bb_ipp_adaptive,estimated,2021,168.33333333333337,0.5408371831057763
bb_ipp_adaptive,estimated,2022,168.41666666666663,0.5405805433201296
bb_ipp_adaptive,estimated,2023,168.5,0.540866354882899
bb_ipp_adaptive,estimated,2024,168.58333333333337,0.5357245709246976
bb_ipp_adaptive,estimated,2025,168.66666666666663,0.5393755869953605
bb_ipp_adaptive,estimated,2026,168.75,0.5366206026385688
bb_ipp_adaptive,estimated,2027,168.83333333333337,0.5360853588946211
bb_ipp_adaptive,estimated,2028,168.91666666666663,0.538431537543402
bb_ipp_adaptive,estimated,2029,169.0,0.5338631213040906
bb_ipp_adaptive,estimated,2030,169.08333333333337,0.5342477217464403
bb_ipp_adaptive,estimated,2031,169.16666666666663,0.5405531733488944
bb_ipp_adaptive,estimated,2032,169.25,0.5405800609438773
bb_ipp_adaptive,estimated,2033,169.33333333333337,0.5386263159354082
bb_ipp_adaptive,estimated,2034,169.41666666666663,0.5402161002270235
bb_ipp_adaptive,estimated,2035,169.5,0.535089006320301
bb_ipp_adaptive,estimated,2036,169.58333333333337,0.5344253358513315
bb_ipp_adaptive,estimated,2037,169.66666666666663,0.5324121793628757
bb_ipp_adaptive,estimated,2038,169.75,0.537899988705001
bb_ipp_adaptive,estimated,2039,169.83333333333337,0.5334024298153738
bb_ipp_adaptive,estimated,2040,169.91666666666663,0.5295753836033122
bb_ipp_adaptive,estimated,2041,170.0,0.5322835569272167
bb_ipp_adaptive,estimated,2042,170.08333333333337,0.5305398509528233
bb_ipp_adaptive,estimated,2043,170.16666666666663,0.5307238093431658
bb_ipp_adaptive,estimated,2044,170.25,0.5264501187315033
bb_ipp_adaptive,estimated,2045,170.33333333333337,0.5290493737998901
bb_ipp_adaptive,estimated,2046,170.41666666666663,0.5278949293470324
bb_ipp_adaptive,estimated,2047,170.5,0.5341200753488662
bb_ipp_adaptive,estimated,2048,170.58333333333337,0.5283291493548469
bb_ipp_adaptive,estimated,2049,170.66666666666663,0.5298175592182257
bb_ipp_adaptive,estimated,2050,170.75,0.5297147415105713
bb_ipp_adaptive,estimated,2051,170.83333333333337,0.531023868786683
bb_ipp_adaptive,estimated,2052,170.91666666666663,0.528501781476228
bb_ipp_adaptive,estimated,2053,171.0,0.5292984203006368
bb_ipp_adaptive,estimated,2054,171.08333333333337,0.5293710081639184
bb_ipp_adaptive,estimated,2055,171.16666666666663,0.5323176055385727
bb_ipp_adaptive,estimated,2056,171.25,0.536096409888612
bb_ipp_adaptive,estimated,2057,171.33333333333337,0.5364179130259059
bb_ipp_adaptive,estimated,2058,171.41666666666663,0.530546345664093
bb_ipp_adaptive,estimated,2059,171.5,0.5346981094298974
bb_ipp_adaptive,estimated,2060,171.58333333333337,0.5311587101570914
bb_ipp_adaptive,estimated,2061,171.66666666666663,0.5367822400953209
bb_ipp_adaptive,estimated,2062,171.75,0.5343227752568528
bb_ipp_adaptive,estimated,2063,171.83333333333337,0.537090341400941
bb_ipp_adaptive,estimated,2064,171.91666666666663,0.5321561630527973
bb_ipp_adaptive,estimated,2065,172.0,0.5331394444522991
bb_ipp_adaptive,estimated,2066,172.08333333333337,0.5304622513915002
bb_ipp_adaptive,estimated,2067,172.16666666666663,0.5281451161920458
bb_ipp_adaptive,estimated,2068,172.25,0.5280602124385613
bb_ipp_adaptive,estimated,2069,172.33333333333337,0.522868470394942
bb_ipp_adaptive,estimated,2070,172.41666666666663,0.5238055094193643
bb_ipp_adaptive,estimated,2071,172.5,0.5314728371231833
bb_ipp_adaptive,estimated,2072,172.58333333333337,0.5268385284458478
bb_ipp_adaptive,estimated,2073,172.66666666666663,0.5368505017433581
bb_ipp_adaptive,estimated,2074,172.75,0.5313717839068192
bb_ipp_adaptive,estimated,2075,172.83333333333337,0.5234811296061596
bb_ipp_adaptive,estimated,2076,172.91666666666663,0.5285583770216777
bb_ipp_adaptive,estimated,2077,173.0,0.535297559009013
bb_ipp_adaptive,estimated,2078,173.08333333333337,0.5350895742639795
bb_ipp_adaptive,estimated,2079,173.16666666666663,0.536354960291858
bb_ipp_adaptive,estimated,2080,173.25,0.528052966620141
bb_ipp_adaptive,estimated,2081,173.33333333333337,0.5317099125483914
bb_ipp_adaptive,estimated,2082,173.41666666666663,0.536354630282467
bb_ipp_adaptive,estimated,2083,173.5,0.5403079377992119
bb_ipp_adaptive,estimated,2084,173.58333333333337,0.5367855609482205
bb_ipp_adaptive,estimated,2085,173.66666666666663,0.5368396920369002
bb_ipp_adaptive,estimated,2086,173.75,0.5447660194565125
bb_ipp_adaptive,estimated,2087,173.83333333333337,0.5372992160995095
bb_ipp_adaptive,estimated,2088,173.91666666666663,0.5368553506503423
bb_ipp_adaptive,estimated,2089,174.0,0.5332267242230627
bb_ipp_adaptive,estimated,2090,174.08333333333337,0.5315987303479238
bb_ipp_adaptive,estimated,2091,174.16666666666663,0.5379883071076162
bb_ipp_adaptive,estimated,2092,174.25,0.5397374953099044
bb_ipp_adaptive,estimated,2093,174.33333333333337,0.5429036528910246
bb_ipp_adaptive,estimated,2094,174.41666666666663,0.53713419859121
bb_ipp_adaptive,estimated,2095,174.5,0.5353958398904997
bb_ipp_adaptive,estimated,2096,174.58333333333337,0.5381202787720968
bb_ipp_adaptive,estimated,2097,174.66666666666663,0.5334875443792829
bb_ipp_adaptive,estimated,2098,174.75,0.5307066524717393
bb_ipp_adaptive,estimated,2099,174.83333333333337,0.5329529755073482
bb_ipp_adaptive,estimated,2100,174.91666666666663,0.5309526744889314
bb_ipp_adaptive,estimated,2101,175.0,0.5276110239899289
bb_ipp_adaptive,estimated,2102,175.08333333333337,0.5292840411609506
bb_ipp_adaptive,estimated,2103,175.16666666666663,0.5295914207835681
bb_ipp_adaptive,estimated,2104,175.25,0.5232728727769783
bb_ipp_adaptive,estimated,2105,175.33333333333337,0.5268431240094887
bb_ipp_adaptive,estimated,2106,175.41666666666663,0.5277466757726389
bb_ipp_adaptive,estimated,2107,175.5,0.5285120933189639
bb_ipp_adaptive,estimated,2108,175.58333333333337,0.5297460457753259
bb_ipp_adaptive,estimated,2109,175.66666666666663,0.5367523039027502
bb_ipp_adaptive,estimated,2110,175.75,0.5355701603816824
bb_ipp_adaptive,estimated,2111,175.83333333333337,0.532083309540551
bb_ipp_adaptive,estimated,2112,175.91666666666663,0.5351208803390884
bb_ipp_adaptive,estimated,2113,176.0,0.536752091929126
bb_ipp_adaptive,estimated,2114,176.08333333333337,0.5311713696901278
bb_ipp_adaptive,estimated,2115,176.16666666666663,0.5316048773996549
bb_ipp_adaptive,estimated,2116,176.25,0.5252479262499498
bb_ipp_adaptive,estimated,2117,176.33333333333337,0.5273472187219203
bb_ipp_adaptive,estimated,2118,176.41666666666663,0.532447757573368
bb_ipp_adaptive,estimated,2119,176.5,0.5353108612452758
bb_ipp_adaptive,estimated,2120,176.58333333333337,0.5397392237557506
bb_ipp_adaptive,estimated,2121,176.66666666666663,0.5315203699121936
bb_ipp_adaptive,estimated,2122,176.75,0.5331146601027547
bb_ipp_adaptive,estimated,2123,176.83333333333337,0.5296104816826032
bb_ipp_adaptive,estimated,2124,176.91666666666663,0.5317720878937953
bb_ipp_adaptive,estimated,2125,177.0,0.5342810385994711
bb_ipp_adaptive,estimated,2126,177.08333333333337,0.5337177829799337
bb_ipp_adaptive,estimated,2127,177.16666666666663,0.5371938570900449
bb_ipp_adaptive,estimated,2128,177.25,0.5330707023646669
bb_ipp_adaptive,estimated,2129,177.33333333333337,0.5365390816441015
bb_ipp_adaptive,estimated,2130,177.41666666666663,0.5410427387541867
bb_ipp_adaptive,estimated,2131,177.5,0.5426699155769441
bb_ipp_adaptive,estimated,2132,177.58333333333337,0.5441233330132799
bb_ipp_adaptive,estimated,2133,177.66666666666663,0.5471255064576799
bb_ipp_adaptive,estimated,2134,177.75,0.5455420937057056
bb_ipp_adaptive,estimated,2135,177.83333333333337,0.5454563403236918
bb_ipp_adaptive,estimated,2136,177.91666666666663,0.5440642744250627
bb_ipp_adaptive,estimated,2137,178.0,0.5408407954970946
bb_ipp_adaptive,estimated,2138,178.08333333333337,0.5400725095656236
bb_ipp_adaptive,estimated,2139,178.16666666666663,0.5414377387067022
bb_ipp_adaptive,estimated,2140,178.25,0.5445596713675226
bb_ipp_adaptive,estimated,2141,178.33333333333337,0.5469923265552102
bb_ipp_adaptive,estimated,2142,178.41666666666663,0.5468993470120619
bb_ipp_adaptive,estimated,2143,178.5,0.5464369614048602
bb_ipp_adaptive,estimated,2144,178.58333333333337,0.5435919179231204
bb_ipp_adaptive,estimated,2145,178.66666666666663,0.5408525851948867
bb_ipp_adaptive,estimated,2146,178.75,0.5361007749454899
bb_ipp_adaptive,estimated,2147,178.83333333333337,0.5336447347909054
bb_ipp_adaptive,estimated,2148,178.91666666666663,0.5351119018170215
bb_ipp_adaptive,estimated,2149,179.0,0.5328826366675957
bb_ipp_adaptive,estimated,2150,179.08333333333337,0.5321086783022551
bb_ipp_adaptive,estimated,2151,179.16666666666663,0.5293269134744545
bb_ipp_adaptive,estimated,2152,179.25,0.5276829686242265
bb_ipp_adaptive,estimated,2153,179.33333333333337,0.5305945085819579
bb_ipp_adaptive,estimated,2154,179.41666666666663,0.529647041779431
bb_ipp_adaptive,estimated,2155,179.5,0.5224088178320754
bb_ipp_adaptive,estimated,2156,179.58333333333337,0.515883090398868
bb_ipp_adaptive,estimated,2157,179.66666666666663,0.5198316139446242
bb_ipp_adaptive,estimated,2158,179.75,0.5252236946927598
bb_ipp_adaptive,estimated,2159,179.83333333333337,0.5317845260678258
bb_ipp_adaptive,estimated,2160,179.91666666666663,0.526575268970883
bb_ipp_adaptive,estimated,2161,180.0,0.5263761567111204
bb_ipp_adaptive,estimated,2162,180.08333333333337,0.5298699109761646
bb_ipp_adaptive,estimated,2163,180.16666666666663,0.5337711237502278
bb_ipp_adaptive,estimated,2164,180.25,0.5340768616626873
bb_ipp_adaptive,estimated,2165,180.33333333333337,0.5312539004752361
bb_ipp_adaptive,estimated,2166,180.41666666666663,0.5314685974863899
bb_ipp_adaptive,estimated,2167,180.5,0.5330028588152778
bb_ipp_adaptive,estimated,2168,180.58333333333337,0.5310753625231648
bb_ipp_adaptive,estimated,2169,180.66666666666663,0.5256814124068778
bb_ipp_adaptive,estimated,2170,180.75,0.5189681941979404
bb_ipp_adaptive,estimated,2171,180.83333333333337,0.5239962839650656
bb_ipp_adaptive,estimated,2172,180.91666666666663,0.5317145216911502
bb_ipp_adaptive,estimated,2173,181.0,0.5337156150386866
bb_ipp_adaptive,estimated,2174,181.08333333333337,0.5310876984602707
bb_ipp_adaptive,estimated,2175,181.16666666666663,0.5283398625237627
bb_ipp_adaptive,estimated,2176,181.25,0.5286323802988574
bb_ipp_adaptive,estimated,2177,181.33333333333337,0.5271071534111459
bb_ipp_adaptive,estimated,2178,181.41666666666663,0.5263839047720905
bb_ipp_adaptive,estimated,2179,181.5,0.532415087868442
bb_ipp_adaptive,estimated,2180,181.58333333333337,0.5274750054519115
bb_ipp_adaptive,estimated,2181,181.66666666666663,0.5296233060482438
bb_ipp_adaptive,estimated,2182,181.75,0.5240916358997382
bb_ipp_adaptive,estimated,2183,181.83333333333337,0.5304121479151962
bb_ipp_adaptive,estimated,2184,181.91666666666663,0.5304009388683765
bb_ipp_adaptive,estimated,2185,182.0,0.5293470126352975
bb_ipp_adaptive,estimated,2186,182.08333333333337,0.5289081052275943
bb_ipp_adaptive,estimated,2187,182.16666666666663,0.5301466651948196
bb_ipp_adaptive,estimated,2188,182.25,0.5367299621394857
bb_ipp_adaptive,estimated,2189,182.33333333333337,0.5303186841897056
bb_ipp_adaptive,estimated,2190,182.41666666666663,0.5320769796821966
bb_ipp_adaptive,estimated,2191,182.5,0.5359270472930782
bb_ipp_adaptive,estimated,2192,182.58333333333337,0.5306703700994091
bb_ipp_adaptive,estimated,2193,182.66666666666663,0.5288690666827474
bb_ipp_adaptive,estimated,2194,182.75,0.5339975503153055
bb_ipp_adaptive,estimated,2195,182.83333333333337,0.532609436621485
bb_ipp_adaptive,estimated,2196,182.91666666666663,0.5312926772485106
bb_ipp_adaptive,estimated,2197,183.0,0.5291145397265548
bb_ipp_adaptive,estimated,2198,183.08333333333337,0.5278475101346437
bb_ipp_adaptive,estimated,2199,183.16666666666663,0.5303091325344228
bb_ipp_adaptive,estimated,2200,183.25,0.5266262719435924
bb_ipp_adaptive,estimated,2201,183.33333333333337,0.5311656345473728
bb_ipp_adaptive,estimated,2202,183.41666666666663,0.5326075095445161
bb_ipp_adaptive,estimated,2203,183.5,0.5291688650641512
bb_ipp_adaptive,estimated,2204,183.58333333333337,0.5273735281505217
bb_ipp_adaptive,estimated,2205,183.66666666666663,0.5349855740187894
bb_ipp_adaptive,estimated,2206,183.75,0.534330597737864
bb_ipp_adaptive,estimated,2207,183.83333333333337,0.5337162400436247
bb_ipp_adaptive,estimated,2208,183.91666666666663,0.5313665564249429
bb_ipp_adaptive,estimated,2209,184.0,0.5352580551079509
bb_ipp_adaptive,estimated,2210,184.08333333333337,0.5339857173232947
bb_ipp_adaptive,estimated,2211,184.16666666666663,0.5311825198648972
bb_ipp_adaptive,estimated,2212,184.25,0.5330366156426057
bb_ipp_adaptive,estimated,2213,184.33333333333337,0.5325537408382468
bb_ipp_adaptive,estimated,2214,184.41666666666663,0.5327491070428473
bb_ipp_adaptive,estimated,2215,184.5,0.5340720398911448
bb_ipp_adaptive,estimated,2216,184.58333333333337,0.5269451608515093
bb_ipp_adaptive,estimated,2217,184.66666666666663,0.5299244112353761
bb_ipp_adaptive,estimated,2218,184.75,0.5299769974486749
bb_ipp_adaptive,estimated,2219,184.83333333333337,0.5316109621613877
bb_ipp_adaptive,estimated,2220,184.91666666666663,0.5226514135812301
bb_ipp_adaptive,estimated,2221,185.0,0.5276709544702368
bb_ipp_adaptive,estimated,2222,185.08333333333337,0.5240186041883543
bb_ipp_adaptive,estimated,2223,185.16666666666663,0.5257970598718967
bb_ipp_adaptive,estimated,2224,185.25,0.5277430206031797
bb_ipp_adaptive,estimated,2225,185.33333333333337,0.5270300115283572
bb_ipp_adaptive,estimated,2226,185.41666666666663,0.5233686026714198
bb_ipp_adaptive,estimated,2227,185.5,0.5222670421605434
bb_ipp_adaptive,estimated,2228,185.58333333333337,0.522390565250007
bb_ipp_adaptive,estimated,2229,185.66666666666663,0.5269259819945755
bb_ipp_adaptive,estimated,2230,185.75,0.527707765461316
bb_ipp_adaptive,estimated,2231,185.83333333333337,0.5308369741859664
bb_ipp_adaptive,estimated,2232,185.91666666666663,0.5311252028525318
bb_ipp_adaptive,estimated,2233,186.0,0.53442728941715
bb_ipp_adaptive,estimated,2234,186.08333333333337,0.5377761899839736
bb_ipp_adaptive,estimated,2235,186.16666666666663,0.5347612354161676
bb_ipp_adaptive,estimated,2236,186.25,0.539361709665393
bb_ipp_adaptive,estimated,2237,186.33333333333337,0.533225092725616
bb_ipp_adaptive,estimated,2238,186.41666666666663,0.5310960067513364
bb_ipp_adaptive,estimated,2239,186.5,0.5319616493685974
bb_ipp_adaptive,estimated,2240,186.58333333333337,0.5305291991449939
bb_ipp_adaptive,estimated,2241,186.66666666666663,0.5313538493536328
bb_ipp_adaptive,estimated,2242,186.75,0.5253389651214372
bb_ipp_adaptive,estimated,2243,186.83333333333337,0.5277407496163197
bb_ipp_adaptive,estimated,2244,186.91666666666663,0.5329738623293506
bb_ipp_adaptive,estimated,2245,187.0,0.538347519658131
bb_ipp_adaptive,estimated,2246,187.08333333333337,0.5418762154371821
bb_ipp_adaptive,estimated,2247,187.16666666666663,0.5414417687428976
bb_ipp_adaptive,estimated,2248,187.25,0.5418067099947589
bb_ipp_adaptive,estimated,2249,187.33333333333337,0.5355700292504159
bb_ipp_adaptive,estimated,2250,187.41666666666663,0.5325902955019945
bb_ipp_adaptive,estimated,2251,187.5,0.5309819428227989
bb_ipp_adaptive,estimated,2252,187.58333333333337,0.5336883389993661
bb_ipp_adaptive,estimated,2253,187.66666666666663,0.5369972100962955
bb_ipp_adaptive,estimated,2254,187.75,0.5412232932664431
bb_ipp_adaptive,estimated,2255,187.83333333333337,0.5404096054631418
bb_ipp_adaptive,estimated,2256,187.91666666666663,0.5385879312055425
bb_ipp_adaptive,estimated,2257,188.0,0.5419035025845552
bb_ipp_adaptive,estimated,2258,188.08333333333337,0.53789421778715
bb_ipp_adaptive,estimated,2259,188.16666666666663,0.5400903324912002
bb_ipp_adaptive,estimated,2260,188.25,0.5423757789749615
bb_ipp_adaptive,estimated,2261,188.33333333333337,0.546013777987352
bb_ipp_adaptive,estimated,2262,188.41666666666663,0.5463715073875272
bb_ipp_adaptive,estimated,2263,188.5,0.5434063356691136
bb_ipp_adaptive,estimated,2264,188.58333333333337,0.5397927797515618
bb_ipp_adaptive,estimated,2265,188.66666666666663,0.5453255382736287
bb_ipp_adaptive,estimated,2266,188.75,0.5399457363651926
bb_ipp_adaptive,estimated,2267,188.83333333333337,0.5324181736557994
bb_ipp_adaptive,estimated,2268,188.91666666666663,0.539716399289017
bb_ipp_adaptive,estimated,2269,189.0,0.539414648400059
bb_ipp_adaptive,estimated,2270,189.08333333333337,0.5391814101630985
bb_ipp_adaptive,estimated,2271,189.16666666666663,0.540426969872709
bb_ipp_adaptive,estimated,2272,189.25,0.5374709393007558
bb_ipp_adaptive,estimated,2273,189.33333333333337,0.5332903448550204
bb_ipp_adaptive,estimated,2274,189.41666666666663,0.5379761503359024
bb_ipp_adaptive,estimated,2275,189.5,0.5297296505668281
bb_ipp_adaptive,estimated,2276,189.58333333333337,0.5297914678743032
bb_ipp_adaptive,estimated,2277,189.66666666666663,0.5255753491900896
bb_ipp_adaptive,estimated,2278,189.75,0.5298637525823775
bb_ipp_adaptive,estimated,2279,189.83333333333337,0.5260083651885529
bb_ipp_adaptive,estimated,2280,189.91666666666663,0.5316020028763204
bb_ipp_adaptive,estimated,2281,190.0,0.5335297127596375
bb_ipp_adaptive,estimated,2282,190.08333333333337,0.536504566915179
bb_ipp_adaptive,estimated,2283,190.16666666666663,0.5388415620809252
bb_ipp_adaptive,estimated,2284,190.25,0.543139799035394
bb_ipp_adaptive,estimated,2285,190.33333333333337,0.540594750334828
bb_ipp_adaptive,estimated,2286,190.41666666666663,0.5314262857847913
bb_ipp_adaptive,estimated,2287,190.5,0.5305715752689758
bb_ipp_adaptive,estimated,2288,190.58333333333337,0.5383447202257643
bb_ipp_adaptive,estimated,2289,190.66666666666663,0.5386190262097945
bb_ipp_adaptive,estimated,2290,190.75,0.5351500288230066
bb_ipp_adaptive,estimated,2291,190.83333333333337,0.5322588089524434
bb_ipp_adaptive,estimated,2292,190.91666666666663,0.5348760557707541
bb_ipp_adaptive,estimated,2293,191.0,0.5304190769388465
bb_ipp_adaptive,estimated,2294,191.08333333333337,0.5360768389869741
bb_ipp_adaptive,estimated,2295,191.16666666666663,0.5360712949624222
bb_ipp_adaptive,estimated,2296,191.25,0.5347603681225789
bb_ipp_adaptive,estimated,2297,191.33333333333337,0.5406501323163784
bb_ipp_adaptive,estimated,2298,191.41666666666663,0.5420744710329277
bb_ipp_adaptive,estimated,2299,191.5,0.5406864208630384
bb_ipp_adaptive,estimated,2300,191.58333333333337,0.5388513408496995
bb_ipp_adaptive,estimated,2301,191.66666666666663,0.532350538034109
bb_ipp_adaptive,estimated,2302,191.75,0.533873180759608
bb_ipp_adaptive,estimated,2303,191.83333333333337,0.5375459129229165
bb_ipp_adaptive,estimated,2304,191.91666666666663,0.5420849645915196
bb_ipp_adaptive,estimated,2305,192.0,0.5412637401651821
bb_ipp_adaptive,estimated,2306,192.08333333333337,0.5450072932012593
bb_ipp_adaptive,estimated,2307,192.16666666666663,0.54474607154024
bb_ipp_adaptive,estimated,2308,192.25,0.5484631886437206
bb_ipp_adaptive,estimated,2309,192.33333333333337,0.5501585942556294
bb_ipp_adaptive,estimated,2310,192.41666666666663,0.5499168096180903
bb_ipp_adaptive,estimated,2311,192.5,0.5509464762292936
bb_ipp_adaptive,estimated,2312,192.58333333333337,0.546828855741381
bb_ipp_adaptive,estimated,2313,192.66666666666663,0.5473293989593324
bb_ipp_adaptive,estimated,2314,192.75,0.5451280336930319
bb_ipp_adaptive,estimated,2315,192.83333333333337,0.5436529252389783
bb_ipp_adaptive,estimated,2316,192.91666666666663,0.5458960378571392
bb_ipp_adaptive,estimated,2317,193.0,0.546549633248066
bb_ipp_adaptive,estimated,2318,193.08333333333337,0.5477661015403399
bb_ipp_adaptive,estimated,2319,193.16666666666663,0.5514547144088557
bb_ipp_adaptive,estimated,2320,193.25,0.5472500463465002
bb_ipp_adaptive,estimated,2321,193.33333333333337,0.5462060917775501
bb_ipp_adaptive,estimated,2322,193.41666666666663,0.5426009441834829
bb_ipp_adaptive,estimated,2323,193.5,0.5416052844403544
bb_ipp_adaptive,estimated,2324,193.58333333333337,0.5382326751836073
bb_ipp_adaptive,estimated,2325,193.66666666666663,0.5393391784606503
bb_ipp_adaptive,estimated,2326,193.75,0.534405711563905
bb_ipp_adaptive,estimated,2327,193.83333333333337,0.5380771630585737
bb_ipp_adaptive,estimated,2328,193.91666666666663,0.540684694494696
bb_ipp_adaptive,estimated,2329,194.0,0.5380871065361009
bb_ipp_adaptive,estimated,2330,194.08333333333337,0.5380554282379388
bb_ipp_adaptive,estimated,2331,194.16666666666663,0.5358959044866652
bb_ipp_adaptive,estimated,2332,194.25,0.5360253290369007
bb_ipp_adaptive,estimated,2333,194.33333333333337,0.5327792855709489
bb_ipp_adaptive,estimated,2334,194.41666666666663,0.5392623227221849
bb_ipp_adaptive,estimated,2335,194.5,0.5397972757771184
bb_ipp_adaptive,estimated,2336,194.58333333333337,0.5356739632786719
bb_ipp_adaptive,estimated,2337,194.66666666666663,0.5362138706235371
bb_ipp_adaptive,estimated,2338,194.75,0.5374622485171905
bb_ipp_adaptive,estimated,2339,194.83333333333337,0.5401807531570816
bb_ipp_adaptive,estimated,2340,194.91666666666663,0.5331605068243571
bb_ipp_adaptive,estimated,2341,195.0,0.5347912355870847
bb_ipp_adaptive,estimated,2342,195.08333333333337,0.5392750919622364
bb_ipp_adaptive,estimated,2343,195.16666666666663,0.5345747128535437
bb_ipp_adaptive,estimated,2344,195.25,0.5318973809799461
bb_ipp_adaptive,estimated,2345,195.33333333333337,0.5314532737449188
bb_ipp_adaptive,estimated,2346,195.41666666666663,0.5407464754409953
bb_ipp_adaptive,estimated,2347,195.5,0.5353932495011294
bb_ipp_adaptive,estimated,2348,195.58333333333337,0.5387453159080616
bb_ipp_adaptive,estimated,2349,195.66666666666663,0.5331867680133667
bb_ipp_adaptive,estimated,2350,195.75,0.5339929853645508
bb_ipp_adaptive,estimated,2351,195.83333333333337,0.5335405282356611
bb_ipp_adaptive,estimated,2352,195.91666666666663,0.5381871149765998
bb_ipp_adaptive,estimated,2353,196.0,0.534282941458515
bb_ipp_adaptive,estimated,2354,196.08333333333337,0.5278296858771508
bb_ipp_adaptive,estimated,2355,196.16666666666663,0.5279581815576638
bb_ipp_adaptive,estimated,2356,196.25,0.5355720021436947
bb_ipp_adaptive,estimated,2357,196.33333333333337,0.539112988022867
bb_ipp_adaptive,estimated,2358,196.41666666666663,0.5378494395499116
bb_ipp_adaptive,estimated,2359,196.5,0.539169962271579
bb_ipp_adaptive,estimated,2360,196.58333333333337,0.539477355919823
bb_ipp_adaptive,estimated,2361,196.66666666666663,0.5415286848548692
bb_ipp_adaptive,estimated,2362,196.75,0.5336731055751007
bb_ipp_adaptive,estimated,2363,196.83333333333337,0.5410647412569201
bb_ipp_adaptive,estimated,2364,196.91666666666663,0.5408683133243213
bb_ipp_adaptive,estimated,2365,197.0,0.5355421910765619
bb_ipp_adaptive,estimated,2366,197.08333333333337,0.5364871919142316
bb_ipp_adaptive,estimated,2367,197.16666666666663,0.5371371778941479
bb_ipp_adaptive,estimated,2368,197.25,0.5332934128806612
bb_ipp_adaptive,estimated,2369,197.33333333333337,0.53047188841453
bb_ipp_adaptive,estimated,2370,197.41666666666663,0.5295583711388664
bb_ipp_adaptive,estimated,2371,197.5,0.5308452222169879
bb_ipp_adaptive,estimated,2372,197.58333333333337,0.5332435037920185
bb_ipp_adaptive,estimated,2373,197.66666666666663,0.5292808587591332
bb_ipp_adaptive,estimated,2374,197.75,0.5337281888083123
bb_ipp_adaptive,estimated,2375,197.83333333333337,0.5314559905068561
bb_ipp_adaptive,estimated,2376,197.91666666666663,0.5302152227867137
bb_ipp_adaptive,estimated,2377,198.0,0.529341044960243
bb_ipp_adaptive,estimated,2378,198.08333333333337,0.5329611879547191
bb_ipp_adaptive,estimated,2379,198.16666666666663,0.5323039278718563
bb_ipp_adaptive,estimated,2380,198.25,0.5362694368445735
bb_ipp_adaptive,estimated,2381,198.33333333333337,0.5428877098318523
bb_ipp_adaptive,estimated,2382,198.41666666666663,0.5423247877679418
bb_ipp_adaptive,estimated,2383,198.5,0.5412441331433407
bb_ipp_adaptive,estimated,2384,198.58333333333337,0.5405224138612974
bb_ipp_adaptive,estimated,2385,198.66666666666663,0.539556834851488
bb_ipp_adaptive,estimated,2386,198.75,0.5454645798791276
bb_ipp_adaptive,estimated,2387,198.83333333333337,0.5439719633435993
bb_ipp_adaptive,estimated,2388,198.91666666666663,0.5398570492011143
bb_ipp_adaptive,estimated,2389,199.0,0.5376678968083684
bb_ipp_adaptive,estimated,2390,199.08333333333337,0.5426472401731326
bb_ipp_adaptive,estimated,2391,199.16666666666663,0.5432973333468445
bb_ipp_adaptive,estimated,2392,199.25,0.5400272553795828
bb_ipp_adaptive,estimated,2393,199.33333333333337,0.5404225030342391
bb_ipp_adaptive,estimated,2394,199.41666666666663,0.541877283503746
bb_ipp_adaptive,estimated,2395,199.5,0.5452422717898632
bb_ipp_adaptive,estimated,2396,199.58333333333337,0.5424668223853749
bb_ipp_adaptive,estimated,2397,199.66666666666663,0.5404924349876158
bb_ipp_adaptive,estimated,2398,199.75,0.5362357897682685
bb_ipp_adaptive,estimated,2399,199.83333333333337,0.5356456019160317
bb_ipp_adaptive,estimated,2400,199.91666666666663,0.5344259456334994
bb_ipp_adaptive,estimated,2401,200.0,0.5369201497479583
bb_ipp_adaptive,estimated,2402,200.08333333333337,0.543396510276805
bb_ipp_adaptive,estimated,2403,200.16666666666663,0.541566708414596
bb_ipp_adaptive,estimated,2404,200.25,0.5406623907625645
bb_ipp_adaptive,estimated,2405,200.33333333333337,0.541868144145789
bb_ipp_adaptive,estimated,2406,200.41666666666663,0.5496802773732993
bb_ipp_adaptive,estimated,2407,200.5,0.542299444313812
bb_ipp_adaptive,estimated,2408,200.58333333333337,0.5448463630506232
bb_ipp_adaptive,estimated,2409,200.66666666666663,0.5410165623256797
bb_ipp_adaptive,estimated,2410,200.75,0.541103519940879
bb_ipp_adaptive,estimated,2411,200.83333333333337,0.537043336619075
bb_ipp_adaptive,estimated,2412,200.91666666666663,0.5398651924853134
bb_ipp_adaptive,estimated,2413,201.0,0.5386787821411384
bb_ipp_adaptive,estimated,2414,201.08333333333337,0.5370359832177755
bb_ipp_adaptive,estimated,2415,201.16666666666663,0.5347260130539083
bb_ipp_adaptive,estimated,2416,201.25,0.533407240997044
bb_ipp_adaptive,estimated,2417,201.33333333333337,0.5376597822519611
bb_ipp_adaptive,estimated,2418,201.41666666666663,0.5374876913064967
bb_ipp_adaptive,estimated,2419,201.5,0.53798518946533
bb_ipp_adaptive,estimated,2420,201.58333333333337,0.5357103041085942
bb_ipp_adaptive,estimated,2421,201.66666666666663,0.54242395920583
bb_ipp_adaptive,estimated,2422,201.75,0.5404510347582901
bb_ipp_adaptive,estimated,2423,201.83333333333337,0.5350345800100534
bb_ipp_adaptive,estimated,2424,201.91666666666663,0.5329362665606369
bb_ipp_adaptive,estimated,2425,202.0,0.5320163863409441
bb_ipp_adaptive,estimated,2426,202.08333333333337,0.5321707343558336
bb_ipp_adaptive,estimated,2427,202.16666666666663,0.5266499616468041
bb_ipp_adaptive,estimated,2428,202.25,0.5278661266562086
bb_ipp_adaptive,estimated,2429,202.33333333333337,0.5304562521393635
bb_ipp_adaptive,estimated,2430,202.41666666666663,0.5323298536146607
bb_ipp_adaptive,estimated,2431,202.5,0.5386011302154018
bb_ipp_adaptive,estimated,2432,202.58333333333337,0.5419527323566024
bb_ipp_adaptive,estimated,2433,202.66666666666663,0.5423842949029362
bb_ipp_adaptive,estimated,2434,202.75,0.5387608449965384
bb_ipp_adaptive,estimated,2435,202.83333333333337,0.5411904057370505
bb_ipp_adaptive,estimated,2436,202.91666666666663,0.5383884877593268
bb_ipp_adaptive,estimated,2437,203.0,0.5391024894991612
bb_ipp_adaptive,estimated,2438,203.08333333333337,0.541751989315913
bb_ipp_adaptive,estimated,2439,203.16666666666663,0.5429520689511811
bb_ipp_adaptive,estimated,2440,203.25,0.5382950123411908
bb_ipp_adaptive,estimated,2441,203.33333333333337,0.5351503582928191
bb_ipp_adaptive,estimated,2442,203.41666666666663,0.5349554275358319
bb_ipp_adaptive,estimated,2443,203.5,0.5332960988804006
bb_ipp_adaptive,estimated,2444,203.58333333333337,0.5283931123550852
bb_ipp_adaptive,estimated,2445,203.66666666666663,0.5283474354717088
bb_ipp_adaptive,estimated,2446,203.75,0.5279844992153926
bb_ipp_adaptive,estimated,2447,203.83333333333337,0.5329197688014071
bb_ipp_adaptive,estimated,2448,203.91666666666663,0.5345774717455096
bb_ipp_adaptive,estimated,2449,204.0,0.5326860948313148
bb_ipp_adaptive,estimated,2450,204.08333333333337,0.5363538755440223
bb_ipp_adaptive,estimated,2451,204.16666666666663,0.5354765505131405
bb_ipp_adaptive,estimated,2452,204.25,0.5402579611480808
bb_ipp_adaptive,estimated,2453,204.33333333333337,0.5412903290851494
bb_ipp_adaptive,estimated,2454,204.41666666666663,0.5445512842379038
bb_ipp_adaptive,estimated,2455,204.5,0.5408014137958828
bb_ipp_adaptive,estimated,2456,204.58333333333337,0.5402930115244567
bb_ipp_adaptive,estimated,2457,204.66666666666663,0.5386862547627516
bb_ipp_adaptive,estimated,2458,204.75,0.5373540243542011
bb_ipp_adaptive,estimated,2459,204.83333333333337,0.5433571644456957
bb_ipp_adaptive,estimated,2460,204.91666666666663,0.543511519728082
bb_ipp_adaptive,estimated,2461,205.0,0.5419578951324782
bb_ipp_adaptive,estimated,2462,205.08333333333337,0.5464346565886883
bb_ipp_adaptive,estimated,2463,205.16666666666663,0.5441127764016861
bb_ipp_adaptive,estimated,2464,205.25,0.5374829310376436
bb_ipp_adaptive,estimated,2465,205.33333333333337,0.5433030083123245
bb_ipp_adaptive,estimated,2466,205.41666666666663,0.541404787079948
bb_ipp_adaptive,estimated,2467,205.5,0.5438115566365076
bb_ipp_adaptive,estimated,2468,205.58333333333337,0.5372954277941842
bb_ipp_adaptive,estimated,2469,205.66666666666663,0.54166055897571
bb_ipp_adaptive,estimated,2470,205.75,0.5379033961660313
bb_ipp_adaptive,estimated,2471,205.83333333333337,0.5369177501218165
bb_ipp_adaptive,estimated,2472,205.91666666666663,0.5315448015949585
bb_ipp_adaptive,estimated,2473,206.0,0.5306141458583941
bb_ipp_adaptive,estimated,2474,206.08333333333337,0.5316925875754478
bb_ipp_adaptive,estimated,2475,206.16666666666663,0.5323453259917924
bb_ipp_adaptive,estimated,2476,206.25,0.534142015387251
bb_ipp_adaptive,estimated,2477,206.33333333333337,0.5315711188096474
bb_ipp_adaptive,estimated,2478,206.41666666666663,0.5254009569701925
bb_ipp_adaptive,estimated,2479,206.5,0.5220669356916922
bb_ipp_adaptive,estimated,2480,206.58333333333337,0.5246945020984157
bb_ipp_adaptive,estimated,2481,206.66666666666663,0.5264439145139868
bb_ipp_adaptive,estimated,2482,206.75,0.5211095552705857
bb_ipp_adaptive,estimated,2483,206.83333333333337,0.5257643028701439
bb_ipp_adaptive,estimated,2484,206.91666666666663,0.5264544098375357
bb_ipp_adaptive,estimated,2485,207.0,0.5289123686890216
bb_ipp_adaptive,estimated,2486,207.08333333333337,0.5345315765461043
bb_ipp_adaptive,estimated,2487,207.16666666666663,0.5317998219013091
bb_ipp_adaptive,estimated,2488,207.25,0.5343609163953968
bb_ipp_adaptive,estimated,2489,207.33333333333337,0.5356507101997332
bb_ipp_adaptive,estimated,2490,207.41666666666663,0.5324885837416871
bb_ipp_adaptive,estimated,2491,207.5,0.5372831923258435
bb_ipp_adaptive,estimated,2492,207.58333333333337,0.5378635250960646
bb_ipp_adaptive,estimated,2493,207.66666666666663,0.5379514012608287
bb_ipp_adaptive,estimated,2494,207.75,0.5382936386607784
bb_ipp_adaptive,estimated,2495,207.83333333333337,0.533350232543956
bb_ipp_adaptive,estimated,2496,207.91666666666663,0.5313801479124455
bb_ipp_adaptive,estimated,2497,208.0,0.531688903794537
bb_ipp_adaptive,estimated,2498,208.08333333333337,0.5419910574193677
bb_ipp_adaptive,estimated,2499,208.16666666666663,0.5386104750297344
bb_ipp_adaptive,estimated,2500,208.25,0.5395949856299439
bb_ipp_adaptive,estimated,2501,208.33333333333337,0.5408516023625393
bb_ipp_adaptive,estimated,2502,208.41666666666663,0.5452943964081942
bb_ipp_adaptive,estimated,2503,208.5,0.5413626689375324
bb_ipp_adaptive,estimated,2504,208.58333333333337,0.5451513049430059
bb_ipp_adaptive,estimated,2505,208.66666666666663,0.542742095426695
bb_ipp_adaptive,estimated,2506,208.75,0.541909180664548
bb_ipp_adaptive,estimated,2507,208.83333333333337,0.5376433215574381
bb_ipp_adaptive,estimated,2508,208.91666666666663,0.535300067744539
bb_ipp_adaptive,estimated,2509,209.0,0.5347050593440533
bb_ipp_adaptive,estimated,2510,209.08333333333337,0.5272616983339071
bb_ipp_adaptive,estimated,2511,209.16666666666663,0.5298430713590818
bb_ipp_adaptive,estimated,2512,209.25,0.5325603038236273
bb_ipp_adaptive,estimated,2513,209.33333333333337,0.5398244082085514
bb_ipp_adaptive,estimated,2514,209.41666666666663,0.5355390412967064
bb_ipp_adaptive,estimated,2515,209.5,0.5392682283345638
bb_ipp_adaptive,estimated,2516,209.58333333333337,0.5383189612494954
bb_ipp_adaptive,estimated,2517,209.66666666666663,0.5352327513281074
bb_ipp_adaptive,estimated,2518,209.75,0.5304375972789306
bb_ipp_adaptive,estimated,2519,209.83333333333337,0.5351488440237333
bb_ipp_adaptive,estimated,2520,209.91666666666663,0.5308044438367571
bb_ipp_adaptive,estimated,2521,210.0,0.5306333336253223
bb_ipp_adaptive,estimated,2522,210.08333333333337,0.5283074870453351
bb_ipp_adaptive,estimated,2523,210.16666666666663,0.5265887278646387
bb_ipp_adaptive,estimated,2524,210.25,0.5272760192468224
bb_ipp_adaptive,estimated,2525,210.33333333333337,0.530305610786983
bb_ipp_adaptive,estimated,2526,210.41666666666663,0.5212578439246726
bb_ipp_adaptive,estimated,2527,210.5,0.5194179400177896
bb_ipp_adaptive,estimated,2528,210.58333333333337,0.5243776272633781
bb_ipp_adaptive,estimated,2529,210.66666666666663,0.5300039318943971
bb_ipp_adaptive,estimated,2530,210.75,0.5304053220953283
bb_ipp_adaptive,estimated,2531,210.83333333333337,0.5318612072061123
bb_ipp_adaptive,estimated,2532,210.91666666666663,0.530547565306029
bb_ipp_adaptive,estimated,2533,211.0,0.5321941647703287
bb_ipp_adaptive,estimated,2534,211.08333333333337,0.5324248962481946
bb_ipp_adaptive,estimated,2535,211.16666666666663,0.531663119011882
bb_ipp_adaptive,estimated,2536,211.25,0.5313662639196174
bb_ipp_adaptive,estimated,2537,211.33333333333337,0.5315355328298859
bb_ipp_adaptive,estimated,2538,211.41666666666663,0.535327852734143
bb_ipp_adaptive,estimated,2539,211.5,0.5311641782611362
bb_ipp_adaptive,estimated,2540,211.58333333333337,0.5268880048299595
bb_ipp_adaptive,estimated,2541,211.66666666666663,0.5218033347941334
bb_ipp_adaptive,estimated,2542,211.75,0.5224429827301962
bb_ipp_adaptive,estimated,2543,211.83333333333337,0.520917470929563
bb_ipp_adaptive,estimated,2544,211.91666666666663,0.5265756899161593
bb_ipp_adaptive,estimated,2545,212.0,0.5277287984998249
bb_ipp_adaptive,estimated,2546,212.08333333333337,0.5290598745906748
bb_ipp_adaptive,estimated,2547,212.16666666666663,0.5314712905528248
bb_ipp_adaptive,estimated,2548,212.25,0.5333212356191352
bb_ipp_adaptive,estimated,2549,212.33333333333337,0.5301901513074109
bb_ipp_adaptive,estimated,2550,212.41666666666663,0.5343146602201893
bb_ipp_adaptive,estimated,2551,212.5,0.5299882813652516
bb_ipp_adaptive,estimated,2552,212.58333333333337,0.5340385945255836
bb_ipp_adaptive,estimated,2553,212.66666666666663,0.5313084172234297
bb_ipp_adaptive,estimated,2554,212.75,0.5303278263511091
bb_ipp_adaptive,estimated,2555,212.83333333333337,0.5345989128358646
bb_ipp_adaptive,estimated,2556,212.91666666666663,0.5361761976589089
bb_ipp_adaptive,estimated,2557,213.0,0.5381341292133441
bb_ipp_adaptive,estimated,2558,213.08333333333337,0.5381245060243748
bb_ipp_adaptive,estimated,2559,213.16666666666663,0.5428283767822869
bb_ipp_adaptive,estimated,2560,213.25,0.5453364052178564
bb_ipp_adaptive,estimated,2561,213.33333333333337,0.5448292800327696
bb_ipp_adaptive,estimated,2562,213.41666666666663,0.5478486585445592
bb_ipp_adaptive,estimated,2563,213.5,0.5434585638547585
bb_ipp_adaptive,estimated,2564,213.58333333333337,0.5465552885542359
bb_ipp_adaptive,estimated,2565,213.66666666666663,0.5487182943678413
bb_ipp_adaptive,estimated,2566,213.75,0.5515522228146268
bb_ipp_adaptive,estimated,2567,213.83333333333337,0.5485663064020238
bb_ipp_adaptive,estimated,2568,213.91666666666663,0.5433702071512866
bb_ipp_adaptive,estimated,2569,214.0,0.5401346942566048
bb_ipp_adaptive,estimated,2570,214.08333333333337,0.5398043670139986
bb_ipp_adaptive,estimated,2571,214.16666666666663,0.5345499338679645
bb_ipp_adaptive,estimated,2572,214.25,0.5342385122997718
bb_ipp_adaptive,estimated,2573,214.33333333333337,0.533103031191776
bb_ipp_adaptive,estimated,2574,214.41666666666663,0.538792836215401
bb_ipp_adaptive,estimated,2575,214.5,0.538113092152704
bb_ipp_adaptive,estimated,2576,214.58333333333337,0.534967944417412
bb_ipp_adaptive,estimated,2577,214.66666666666663,0.537281468918509
bb_ipp_adaptive,estimated,2578,214.75,0.5353828230679325
bb_ipp_adaptive,estimated,2579,214.83333333333337,0.5309724265724914
bb_ipp_adaptive,estimated,2580,214.91666666666663,0.5372863747212233
bb_ipp_adaptive,estimated,2581,215.0,0.5326571570009813
bb_ipp_adaptive,estimated,2582,215.08333333333337,0.532411506491218
bb_ipp_adaptive,estimated,2583,215.16666666666663,0.5336723273933768
bb_ipp_adaptive,estimated,2584,215.25,0.532143071732976
bb_ipp_adaptive,estimated,2585,215.33333333333337,0.5361700999392842
bb_ipp_adaptive,estimated,2586,215.41666666666663,0.5361680146131017
bb_ipp_adaptive,estimated,2587,215.5,0.538244429694953
bb_ipp_adaptive,estimated,2588,215.58333333333337,0.5373935134311487
bb_ipp_adaptive,estimated,2589,215.66666666666663,0.5360690535058162
bb_ipp_adaptive,estimated,2590,215.75,0.5365321005319558
bb_ipp_adaptive,estimated,2591,215.83333333333337,0.535081540697147
bb_ipp_adaptive,estimated,2592,215.91666666666663,0.5351994948465277
bb_ipp_adaptive,estimated,2593,216.0,0.5378683820931792
bb_ipp_adaptive,estimated,2594,216.08333333333337,0.5411559055384029
bb_ipp_adaptive,estimated,2595,216.16666666666663,0.5413817790501968
bb_ipp_adaptive,estimated,2596,216.25,0.5381930839487568
bb_ipp_adaptive,estimated,2597,216.33333333333337,0.5359725124121846
bb_ipp_adaptive,estimated,2598,216.41666666666663,0.5408319851506401
bb_ipp_adaptive,estimated,2599,216.5,0.5444411338874813
bb_ipp_adaptive,estimated,2600,216.58333333333337,0.5460544544076946
bb_ipp_adaptive,estimated,2601,216.66666666666663,0.5466590670737984
bb_ipp_adaptive,estimated,2602,216.75,0.5430436305702412
bb_ipp_adaptive,estimated,2603,216.83333333333337,0.5389577507184977
bb_ipp_adaptive,estimated,2604,216.91666666666663,0.5381503724039339
bb_ipp_adaptive,estimated,2605,217.0,0.5391623087945556
bb_ipp_adaptive,estimated,2606,217.08333333333337,0.5379710963180628
bb_ipp_adaptive,estimated,2607,217.16666666666663,0.5398912812917399
bb_ipp_adaptive,estimated,2608,217.25,0.5395904343404017
bb_ipp_adaptive,estimated,2609,217.33333333333337,0.5471873778903413
bb_ipp_adaptive,estimated,2610,217.41666666666663,0.5520751454447259
bb_ipp_adaptive,estimated,2611,217.5,0.5472319574759712
bb_ipp_adaptive,estimated,2612,217.58333333333337,0.5422491923523385
bb_ipp_adaptive,estimated,2613,217.66666666666663,0.5417035313104313
bb_ipp_adaptive,estimated,2614,217.75,0.5444630820291515
bb_ipp_adaptive,estimated,2615,217.83333333333337,0.5484931278049483
bb_ipp_adaptive,estimated,2616,217.91666666666663,0.5467927763578387
bb_ipp_adaptive,estimated,2617,218.0,0.553628111904404
bb_ipp_adaptive,estimated,2618,218.08333333333337,0.5492911932475634
bb_ipp_adaptive,estimated,2619,218.16666666666663,0.5501757323744211
bb_ipp_adaptive,estimated,2620,218.25,0.5469512587829053
bb_ipp_adaptive,estimated,2621,218.33333333333337,0.5446392894048311
bb_ipp_adaptive,estimated,2622,218.41666666666663,0.5447237821269026
bb_ipp_adaptive,estimated,2623,218.5,0.5480032983879207
bb_ipp_adaptive,estimated,2624,218.58333333333337,0.5539480357999669
bb_ipp_adaptive,estimated,2625,218.66666666666663,0.5499561759847879
bb_ipp_adaptive,estimated,2626,218.75,0.5440270808213944
bb_ipp_adaptive,estimated,2627,218.83333333333337,0.5525615760893481
bb_ipp_adaptive,estimated,2628,218.91666666666663,0.5444451641699212
bb_ipp_adaptive,estimated,2629,219.0,0.5470750056685955
bb_ipp_adaptive,estimated,2630,219.08333333333337,0.5414231821232305
bb_ipp_adaptive,estimated,2631,219.16666666666663,0.540589654254558
bb_ipp_adaptive,estimated,2632,219.25,0.5406550011646241
bb_ipp_adaptive,estimated,2633,219.33333333333337,0.5429583537172059
bb_ipp_adaptive,estimated,2634,219.41666666666663,0.5435983241767381
bb_ipp_adaptive,estimated,2635,219.5,0.5430852969019242
bb_ipp_adaptive,estimated,2636,219.58333333333337,0.5446777535171173
bb_ipp_adaptive,estimated,2637,219.66666666666663,0.5446698502616193
bb_ipp_adaptive,estimated,2638,219.75,0.5399911485421182
bb_ipp_adaptive,estimated,2639,219.83333333333337,0.5427097029233573
bb_ipp_adaptive,estimated,2640,219.91666666666663,0.5431654439727328
bb_ipp_adaptive,estimated,2641,220.0,0.5424724505071747
bb_ipp_adaptive,estimated,2642,220.08333333333337,0.5398201650457904
bb_ipp_adaptive,estimated,2643,220.16666666666663,0.5316755922410783
bb_ipp_adaptive,estimated,2644,220.25,0.527084338811723
bb_ipp_adaptive,estimated,2645,220.33333333333337,0.5288020201895897
bb_ipp_adaptive,estimated,2646,220.41666666666663,0.5304977141065366
bb_ipp_adaptive,estimated,2647,220.5,0.5394730593964692
bb_ipp_adaptive,estimated,2648,220.58333333333337,0.5388115309513783
bb_ipp_adaptive,estimated,2649,220.66666666666663,0.5387131894136962
bb_ipp_adaptive,estimated,2650,220.75,0.5411147803524052
bb_ipp_adaptive,estimated,2651,220.83333333333337,0.5451333604831576
bb_ipp_adaptive,estimated,2652,220.91666666666663,0.54697339523794
bb_ipp_adaptive,estimated,2653,221.0,0.5410582843819105
bb_ipp_adaptive,estimated,2654,221.08333333333337,0.5443110093559573
bb_ipp_adaptive,estimated,2655,221.16666666666663,0.546309251823446
bb_ipp_adaptive,estimated,2656,221.25,0.5465228991144562
bb_ipp_adaptive,estimated,2657,221.33333333333337,0.5510288334942441
bb_ipp_adaptive,estimated,2658,221.41666666666663,0.5516345519360787
bb_ipp_adaptive,estimated,2659,221.5,0.5502855054630593
bb_ipp_adaptive,estimated,2660,221.58333333333337,0.549053174451029
bb_ipp_adaptive,estimated,2661,221.66666666666663,0.5501738210603315
bb_ipp_adaptive,estimated,2662,221.75,0.5520088667964914
bb_ipp_adaptive,estimated,2663,221.83333333333337,0.5531451447178091
bb_ipp_adaptive,estimated,2664,221.91666666666663,0.5478536731296649
bb_ipp_adaptive,estimated,2665,222.0,0.5471379923734667
bb_ipp_adaptive,estimated,2666,222.08333333333337,0.5457431763680869
bb_ipp_adaptive,estimated,2667,222.16666666666663,0.5491618190754756
bb_ipp_adaptive,estimated,2668,222.25,0.5496894873979024
bb_ipp_adaptive,estimated,2669,222.33333333333337,0.5468630531882795
bb_ipp_adaptive,estimated,2670,222.41666666666663,0.5440314461330245
bb_ipp_adaptive,estimated,2671,222.5,0.5525602274523579
bb_ipp_adaptive,estimated,2672,222.58333333333337,0.5532048201089447
bb_ipp_adaptive,estimated,2673,222.66666666666663,0.5566167515400237
bb_ipp_adaptive,estimated,2674,222.75,0.5553668502238355
bb_ipp_adaptive,estimated,2675,222.83333333333337,0.5542366654550996
bb_ipp_adaptive,estimated,2676,222.91666666666663,0.5526756004723479
bb_ipp_adaptive,estimated,2677,223.0,0.5479730511089106
bb_ipp_adaptive,estimated,2678,223.08333333333337,0.5496206249914144
bb_ipp_adaptive,estimated,2679,223.16666666666663,0.547831755781076
bb_ipp_adaptive,estimated,2680,223.25,0.5441133898894144
bb_ipp_adaptive,estimated,2681,223.33333333333337,0.5449849580891204
bb_ipp_adaptive,estimated,2682,223.41666666666663,0.545633773071109
bb_ipp_adaptive,estimated,2683,223.5,0.5405316670949042
bb_ipp_adaptive,estimated,2684,223.58333333333337,0.5390913619377177
bb_ipp_adaptive,estimated,2685,223.66666666666663,0.5391821613281289
bb_ipp_adaptive,estimated,2686,223.75,0.534281471730779
bb_ipp_adaptive,estimated,2687,223.83333333333337,0.5342427955883988
bb_ipp_adaptive,estimated,2688,223.91666666666663,0.5383795891565594
bb_ipp_adaptive,estimated,2689,224.0,0.5379311466353636
bb_ipp_adaptive,estimated,2690,224.08333333333337,0.5385621921729161
bb_ipp_adaptive,estimated,2691,224.16666666666663,0.5385811604527472
bb_ipp_adaptive,estimated,2692,224.25,0.5344550828650432
bb_ipp_adaptive,estimated,2693,224.33333333333337,0.535676318348742
bb_ipp_adaptive,estimated,2694,224.41666666666663,0.540925584978762
bb_ipp_adaptive,estimated,2695,224.5,0.5406015475965494
bb_ipp_adaptive,estimated,2696,224.58333333333337,0.5410530266295993
bb_ipp_adaptive,estimated,2697,224.66666666666663,0.5401918071523167
bb_ipp_adaptive,estimated,2698,224.75,0.5456253006749804
bb_ipp_adaptive,estimated,2699,224.83333333333337,0.5451558372549618
bb_ipp_adaptive,estimated,2700,224.91666666666663,0.5425137713298921
bb_ipp_adaptive,estimated,2701,225.0,0.54304099717865
bb_ipp_adaptive,estimated,2702,225.08333333333337,0.5431809137556883
bb_ipp_adaptive,estimated,2703,225.16666666666663,0.5425661985031033
bb_ipp_adaptive,estimated,2704,225.25,0.5434720945712506
bb_ipp_adaptive,estimated,2705,225.33333333333337,0.5432073369263468
bb_ipp_adaptive,estimated,2706,225.41666666666663,0.5449450289239185
bb_ipp_adaptive,estimated,2707,225.5,0.5470379641556326
bb_ipp_adaptive,estimated,2708,225.58333333333337,0.5466939062969632
bb_ipp_adaptive,estimated,2709,225.66666666666663,0.551012660776021
bb_ipp_adaptive,estimated,2710,225.75,0.5516839395056554
bb_ipp_adaptive,estimated,2711,225.83333333333337,0.5481768066778808
bb_ipp_adaptive,estimated,2712,225.91666666666663,0.5446199710553675
bb_ipp_adaptive,estimated,2713,226.0,0.5443228864629104
bb_ipp_adaptive,estimated,2714,226.08333333333337,0.5437844344454568
bb_ipp_adaptive,estimated,2715,226.16666666666663,0.5356940514886988
bb_ipp_adaptive,estimated,2716,226.25,0.5300219836959517
bb_ipp_adaptive,estimated,2717,226.33333333333337,0.5281293438737349
bb_ipp_adaptive,estimated,2718,226.41666666666663,0.533552618449028
bb_ipp_adaptive,estimated,2719,226.5,0.543345929977801
bb_ipp_adaptive,estimated,2720,226.58333333333337,0.5457710848465238
bb_ipp_adaptive,estimated,2721,226.66666666666663,0.5463343570905136
bb_ipp_adaptive,estimated,2722,226.75,0.5449843737644419
bb_ipp_adaptive,estimated,2723,226.83333333333337,0.5457598522186026
bb_ipp_adaptive,estimated,2724,226.91666666666663,0.5477702703773973
bb_ipp_adaptive,estimated,2725,227.0,0.5519938078228551
bb_ipp_adaptive,estimated,2726,227.08333333333337,0.555851439438937
bb_ipp_adaptive,estimated,2727,227.16666666666663,0.5558757058698623
bb_ipp_adaptive,estimated,2728,227.25,0.5584292875170196
bb_ipp_adaptive,estimated,2729,227.33333333333337,0.5541557278139757
bb_ipp_adaptive,estimated,2730,227.41666666666663,0.5553597194004425
bb_ipp_adaptive,estimated,2731,227.5,0.5582379651765338
bb_ipp_adaptive,estimated,2732,227.58333333333337,0.5548273816600329
bb_ipp_adaptive,estimated,2733,227.66666666666663,0.5519807026392591
bb_ipp_adaptive,estimated,2734,227.75,0.5549756864797005
bb_ipp_adaptive,estimated,2735,227.83333333333337,0.5536765624521199
bb_ipp_adaptive,estimated,2736,227.91666666666663,0.5521689916623834
bb_ipp_adaptive,estimated,2737,228.0,0.5571900412799329
bb_ipp_adaptive,estimated,2738,228.08333333333337,0.5545152000916186
bb_ipp_adaptive,estimated,2739,228.16666666666663,0.5551207525598504
bb_ipp_adaptive,estimated,2740,228.25,0.5548410852029175
bb_ipp_adaptive,estimated,2741,228.33333333333337,0.5524391174776729
bb_ipp_adaptive,estimated,2742,228.41666666666663,0.5549416414453865
bb_ipp_adaptive,estimated,2743,228.5,0.5559157636903904
bb_ipp_adaptive,estimated,2744,228.58333333333337,0.5555509957142333
bb_ipp_adaptive,estimated,2745,228.66666666666663,0.5510814657634048
bb_ipp_adaptive,estimated,2746,228.75,0.5496390210210195
bb_ipp_adaptive,estimated,2747,228.83333333333337,0.5453951463590765
bb_ipp_adaptive,estimated,2748,228.91666666666663,0.5427352656253436
bb_ipp_adaptive,estimated,2749,229.0,0.5505718345307202
bb_ipp_adaptive,estimated,2750,229.08333333333337,0.549932217751287
bb_ipp_adaptive,estimated,2751,229.16666666666663,0.5473879736122567
bb_ipp_adaptive,estimated,2752,229.25,0.5485828155976958
bb_ipp_adaptive,estimated,2753,229.33333333333337,0.5518221887695719
bb_ipp_adaptive,estimated,2754,229.41666666666663,0.5469944836203453
bb_ipp_adaptive,estimated,2755,229.5,0.5428433077752886
bb_ipp_adaptive,estimated,2756,229.58333333333337,0.542951086215991
bb_ipp_adaptive,estimated,2757,229.66666666666663,0.5441235763913437
bb_ipp_adaptive,estimated,2758,229.75,0.5468779960303538
bb_ipp_adaptive,estimated,2759,229.83333333333337,0.5481984308358223
bb_ipp_adaptive,estimated,2760,229.91666666666663,0.5511553675816593
bb_ipp_adaptive,estimated,2761,230.0,0.5441230207219003
bb_ipp_adaptive,estimated,2762,230.08333333333337,0.5392277653138479
bb_ipp_adaptive,estimated,2763,230.16666666666663,0.5433714883221337
bb_ipp_adaptive,estimated,2764,230.25,0.538058084699871
bb_ipp_adaptive,estimated,2765,230.33333333333337,0.5386706866209502
bb_ipp_adaptive,estimated,2766,230.41666666666663,0.5411384471203387
bb_ipp_adaptive,estimated,2767,230.5,0.5456993136007644
bb_ipp_adaptive,estimated,2768,230.58333333333337,0.5481085081751144
bb_ipp_adaptive,estimated,2769,230.66666666666663,0.5452674739809126
bb_ipp_adaptive,estimated,2770,230.75,0.5414681782894334
bb_ipp_adaptive,estimated,2771,230.83333333333337,0.5460244874031603
bb_ipp_adaptive,estimated,2772,230.91666666666663,0.5468489208618341
bb_ipp_adaptive,estimated,2773,231.0,0.5486268531806929
bb_ipp_adaptive,estimated,2774,231.08333333333337,0.5490075294693547
bb_ipp_adaptive,estimated,2775,231.16666666666663,0.5466966743833506
bb_ipp_adaptive,estimated,2776,231.25,0.5461526370230958
bb_ipp_adaptive,estimated,2777,231.33333333333337,0.546420224420437
bb_ipp_adaptive,estimated,2778,231.41666666666663,0.5493567194204741
bb_ipp_adaptive,estimated,2779,231.5,0.550371035003446
bb_ipp_adaptive,estimated,2780,231.58333333333337,0.5485277766636552
bb_ipp_adaptive,estimated,2781,231.66666666666663,0.5516780533808688
bb_ipp_adaptive,estimated,2782,231.75,0.55237879947312
bb_ipp_adaptive,estimated,2783,231.83333333333337,0.555006356716813
bb_ipp_adaptive,estimated,2784,231.91666666666663,0.5528169404298763
bb_ipp_adaptive,estimated,2785,232.0,0.5520017525562545
bb_ipp_adaptive,estimated,2786,232.08333333333337,0.5508952531412474
bb_ipp_adaptive,estimated,2787,232.16666666666663,0.5507817002915609
bb_ipp_adaptive,estimated,2788,232.25,0.5504373345728378
bb_ipp_adaptive,estimated,2789,232.33333333333337,0.5510551338699784
bb_ipp_adaptive,estimated,2790,232.41666666666663,0.5540044798211926
bb_ipp_adaptive,estimated,2791,232.5,0.5537468085373846
bb_ipp_adaptive,estimated,2792,232.58333333333337,0.5517290433224343
bb_ipp_adaptive,estimated,2793,232.66666666666663,0.5486054728607418
bb_ipp_adaptive,estimated,2794,232.75,0.5466488999241444
bb_ipp_adaptive,estimated,2795,232.83333333333337,0.5493741569962566
bb_ipp_adaptive,estimated,2796,232.91666666666663,0.5510240911217784
bb_ipp_adaptive,estimated,2797,233.0,0.5457645879031853
bb_ipp_adaptive,estimated,2798,233.08333333333337,0.5431971978163772
bb_ipp_adaptive,estimated,2799,233.16666666666663,0.5432274123233045
bb_ipp_adaptive,estimated,2800,233.25,0.5434446030925705
bb_ipp_adaptive,estimated,2801,233.33333333333337,0.5411699327908392
bb_ipp_adaptive,estimated,2802,233.41666666666663,0.5362811684496042
bb_ipp_adaptive,estimated,2803,233.5,0.5426294844197348
bb_ipp_adaptive,estimated,2804,233.58333333333337,0.5400548652071568
bb_ipp_adaptive,estimated,2805,233.66666666666663,0.5449733777551936
bb_ipp_adaptive,estimated,2806,233.75,0.5458875998185964
bb_ipp_adaptive,estimated,2807,233.83333333333337,0.548185887635016
bb_ipp_adaptive,estimated,2808,233.91666666666663,0.5490907016584142
bb_ipp_adaptive,estimated,2809,234.0,0.5489632666678654
bb_ipp_adaptive,estimated,2810,234.08333333333337,0.5482510249967337
bb_ipp_adaptive,estimated,2811,234.16666666666663,0.5556023246209272
bb_ipp_adaptive,estimated,2812,234.25,0.5531060702407533
bb_ipp_adaptive,estimated,2813,234.33333333333337,0.5521321005725944
bb_ipp_adaptive,estimated,2814,234.41666666666663,0.5482394211483689
bb_ipp_adaptive,estimated,2815,234.5,0.5424279855997685
bb_ipp_adaptive,estimated,2816,234.58333333333337,0.5426799891848191
bb_ipp_adaptive,estimated,2817,234.66666666666663,0.5391911057941983
bb_ipp_adaptive,estimated,2818,234.75,0.5377717952333719
bb_ipp_adaptive,estimated,2819,234.83333333333337,0.5427801917290732
bb_ipp_adaptive,estimated,2820,234.91666666666663,0.544187683927304
bb_ipp_adaptive,estimated,2821,235.0,0.5416726854965029
bb_ipp_adaptive,estimated,2822,235.08333333333337,0.543025549048205
bb_ipp_adaptive,estimated,2823,235.16666666666663,0.5451582619241343
bb_ipp_adaptive,estimated,2824,235.25,0.5450584749154322
bb_ipp_adaptive,estimated,2825,235.33333333333337,0.5449491532436629
bb_ipp_adaptive,estimated,2826,235.41666666666663,0.5489716382147595
bb_ipp_adaptive,estimated,2827,235.5,0.552442606655963
bb_ipp_adaptive,estimated,2828,235.58333333333337,0.5541226850025995
bb_ipp_adaptive,estimated,2829,235.66666666666663,0.5579390987986076
bb_ipp_adaptive,estimated,2830,235.75,0.5537713988894525
bb_ipp_adaptive,estimated,2831,235.83333333333337,0.5529259547507307
bb_ipp_adaptive,estimated,2832,235.91666666666663,0.5520240705040238
bb_ipp_adaptive,estimated,2833,236.0,0.5531106174354421
bb_ipp_adaptive,estimated,2834,236.08333333333337,0.5571709686729889
bb_ipp_adaptive,estimated,2835,236.16666666666663,0.5523669396655158
bb_ipp_adaptive,estimated,2836,236.25,0.5515384449767414
bb_ipp_adaptive,estimated,2837,236.33333333333337,0.5566471448764112
bb_ipp_adaptive,estimated,2838,236.41666666666663,0.5595674850292701
bb_ipp_adaptive,estimated,2839,236.5,0.5569068489568761
bb_ipp_adaptive,estimated,2840,236.58333333333337,0.5541851658318294
bb_ipp_adaptive,estimated,2841,236.66666666666663,0.5579139195631161
bb_ipp_adaptive,estimated,2842,236.75,0.5600286672362793
bb_ipp_adaptive,estimated,2843,236.83333333333337,0.5594391094716785
bb_ipp_adaptive,estimated,2844,236.91666666666663,0.5610809724318085
bb_ipp_adaptive,estimated,2845,237.0,0.5604592786938001
bb_ipp_adaptive,estimated,2846,237.08333333333337,0.560319389162707
bb_ipp_adaptive,estimated,2847,237.16666666666663,0.5615316984580567
bb_ipp_adaptive,estimated,2848,237.25,0.5606299376830854
bb_ipp_adaptive,estimated,2849,237.33333333333337,0.5636450115008025
bb_ipp_adaptive,estimated,2850,237.41666666666663,0.5618384339865172
bb_ipp_adaptive,estimated,2851,237.5,0.5646088071177275
bb_ipp_adaptive,estimated,2852,237.58333333333337,0.5619210021004128
bb_ipp_adaptive,estimated,2853,237.66666666666663,0.561972615815688
bb_ipp_adaptive,estimated,2854,237.75,0.5605107177957788
bb_ipp_adaptive,estimated,2855,237.83333333333337,0.557866875743786
bb_ipp_adaptive,estimated,2856,237.91666666666663,0.5582949127037827
bb_ipp_adaptive,estimated,2857,238.0,0.5584861654715428
bb_ipp_adaptive,estimated,2858,238.08333333333337,0.5556758132535984
bb_ipp_adaptive,estimated,2859,238.16666666666663,0.5544743066975207
bb_ipp_adaptive,estimated,2860,238.25,0.5535830950280981
bb_ipp_adaptive,estimated,2861,238.33333333333337,0.5538591628148524
bb_ipp_adaptive,estimated,2862,238.41666666666663,0.5525422115485731
bb_ipp_adaptive,estimated,2863,238.5,0.5499146722935973
bb_ipp_adaptive,estimated,2864,238.58333333333337,0.5494842391800199
bb_ipp_adaptive,estimated,2865,238.66666666666663,0.5517733629247594
bb_ipp_adaptive,estimated,2866,238.75,0.5477852144907536
bb_ipp_adaptive,estimated,2867,238.83333333333337,0.5497058734707023
bb_ipp_adaptive,estimated,2868,238.91666666666663,0.5503935538581521
bb_ipp_adaptive,estimated,2869,239.0,0.5515716151425519
bb_ipp_adaptive,estimated,2870,239.08333333333337,0.5516827641948098
bb_ipp_adaptive,estimated,2871,239.16666666666663,0.5511900411333926
bb_ipp_adaptive,estimated,2872,239.25,0.5502530244087883
bb_ipp_adaptive,estimated,2873,239.33333333333337,0.5533527454407369
bb_ipp_adaptive,estimated,2874,239.41666666666663,0.5561858180324865
bb_ipp_adaptive,estimated,2875,239.5,0.5573766239088003
bb_ipp_adaptive,estimated,2876,239.58333333333337,0.5581007117514281
bb_ipp_adaptive,estimated,2877,239.66666666666663,0.5548708548695662
bb_ipp_adaptive,estimated,2878,239.75,0.5487378212613478
bb_ipp_adaptive,estimated,2879,239.83333333333337,0.5476706485320211
bb_ipp_adaptive,estimated,2880,239.91666666666663,0.5486495190589056
bb_ipp_adaptive,estimated,2881,240.0,0.549963271733989
bb_ipp_adaptive,estimated,2882,240.08333333333337,0.5476130039178908
bb_ipp_adaptive,estimated,2883,240.16666666666663,0.5458052494001708
bb_ipp_adaptive,estimated,2884,240.25,0.5412951994997989
bb_ipp_adaptive,estimated,2885,240.33333333333337,0.5422897624454255
bb_ipp_adaptive,estimated,2886,240.41666666666663,0.5408523946177286
bb_ipp_adaptive,estimated,2887,240.5,0.5375390994487912
bb_ipp_adaptive,estimated,2888,240.58333333333337,0.5383554801988986
bb_ipp_adaptive,estimated,2889,240.66666666666663,0.5376202046800578
bb_ipp_adaptive,estimated,2890,240.75,0.5357837533164522
bb_ipp_adaptive,estimated,2891,240.83333333333337,0.5390714634102013
bb_ipp_adaptive,estimated,2892,240.91666666666663,0.5395608202036386
bb_ipp_adaptive,estimated,2893,241.0,0.5349013637649642
bb_ipp_adaptive,estimated,2894,241.08333333333337,0.5401601165242712
bb_ipp_adaptive,estimated,2895,241.16666666666663,0.544812292110271
bb_ipp_adaptive,estimated,2896,241.25,0.5511828963645214
bb_ipp_adaptive,estimated,2897,241.33333333333337,0.5478339910387736
bb_ipp_adaptive,estimated,2898,241.41666666666663,0.5529197235240503
bb_ipp_adaptive,estimated,2899,241.5,0.5550019102716439
bb_ipp_adaptive,estimated,2900,241.58333333333337,0.557000790453855
bb_ipp_adaptive,estimated,2901,241.66666666666663,0.5614005083541908
bb_ipp_adaptive,estimated,2902,241.75,0.560630035975722
bb_ipp_adaptive,estimated,2903,241.83333333333337,0.5608617681959784
bb_ipp_adaptive,estimated,2904,241.91666666666663,0.5636812362945941
bb_ipp_adaptive,estimated,2905,242.0,0.568790367292333
bb_ipp_adaptive,estimated,2906,242.08333333333337,0.5652006041406971
bb_ipp_adaptive,estimated,2907,242.16666666666663,0.5627258070585449
bb_ipp_adaptive,estimated,2908,242.25,0.5623143803478982
bb_ipp_adaptive,estimated,2909,242.33333333333337,0.5584264697999194
bb_ipp_adaptive,estimated,2910,242.41666666666663,0.5580729051611689
bb_ipp_adaptive,estimated,2911,242.5,0.5551645958913145
bb_ipp_adaptive,estimated,2912,242.58333333333337,0.5520513229293249
bb_ipp_adaptive,estimated,2913,242.66666666666663,0.5539426944643635
bb_ipp_adaptive,estimated,2914,242.75,0.5554743148097628
bb_ipp_adaptive,estimated,2915,242.83333333333337,0.5533228988148566
bb_ipp_adaptive,estimated,2916,242.91666666666663,0.5501926247201809
bb_ipp_adaptive,estimated,2917,243.0,0.5504272757048825
bb_ipp_adaptive,estimated,2918,243.08333333333337,0.551646321661479
bb_ipp_adaptive,estimated,2919,243.16666666666663,0.5534178930094278
bb_ipp_adaptive,estimated,2920,243.25,0.5517844997516799
bb_ipp_adaptive,estimated,2921,243.33333333333337,0.5546807133901814
bb_ipp_adaptive,estimated,2922,243.41666666666663,0.5529319168723649
bb_ipp_adaptive,estimated,2923,243.5,0.5522423066599461
bb_ipp_adaptive,estimated,2924,243.58333333333337,0.5557978567391902
bb_ipp_adaptive,estimated,2925,243.66666666666663,0.55784849730686
bb_ipp_adaptive,estimated,2926,243.75,0.5555068117031507
bb_ipp_adaptive,estimated,2927,243.83333333333337,0.5528578244406357
bb_ipp_adaptive,estimated,2928,243.91666666666663,0.5512077725103796
bb_ipp_adaptive,estimated,2929,244.0,0.5563014447324663
bb_ipp_adaptive,estimated,2930,244.08333333333337,0.5568659394943241
bb_ipp_adaptive,estimated,2931,244.16666666666663,0.5579731103578693
bb_ipp_adaptive,estimated,2932,244.25,0.5558229693349871
bb_ipp_adaptive,estimated,2933,244.33333333333337,0.5543875194333957
bb_ipp_adaptive,estimated,2934,244.41666666666663,0.552226825812366
bb_ipp_adaptive,estimated,2935,244.5,0.5455126427993973
bb_ipp_adaptive,estimated,2936,244.58333333333337,0.5390068082860169
bb_ipp_adaptive,estimated,2937,244.66666666666663,0.5407657359172169
bb_ipp_adaptive,estimated,2938,244.75,0.5468209869021935
bb_ipp_adaptive,estimated,2939,244.83333333333337,0.5524288525760951
bb_ipp_adaptive,estimated,2940,244.91666666666663,0.5534522445476084
bb_ipp_adaptive,estimated,2941,245.0,0.5587915308786016
bb_ipp_adaptive,estimated,2942,245.08333333333337,0.5619523411585956
bb_ipp_adaptive,estimated,2943,245.16666666666663,0.562279546418551
bb_ipp_adaptive,estimated,2944,245.25,0.5604999396143581
bb_ipp_adaptive,estimated,2945,245.33333333333337,0.5530433456740718
bb_ipp_adaptive,estimated,2946,245.41666666666663,0.5539260610043624
bb_ipp_adaptive,estimated,2947,245.5,0.5589394182838509
bb_ipp_adaptive,estimated,2948,245.58333333333337,0.5602642653519493
bb_ipp_adaptive,estimated,2949,245.66666666666663,0.5589020653197554
bb_ipp_adaptive,estimated,2950,245.75,0.5605000966172413
bb_ipp_adaptive,estimated,2951,245.83333333333337,0.561759974224575
bb_ipp_adaptive,estimated,2952,245.91666666666663,0.5591771285048198
bb_ipp_adaptive,estimated,2953,246.0,0.5616165960563673
bb_ipp_adaptive,estimated,2954,246.08333333333337,0.5598191385529148
bb_ipp_adaptive,estimated,2955,246.16666666666663,0.5594959304042142
bb_ipp_adaptive,estimated,2956,246.25,0.557683186040882
bb_ipp_adaptive,estimated,2957,246.33333333333337,0.5597453160405125
bb_ipp_adaptive,estimated,2958,246.41666666666663,0.5581524412190138
bb_ipp_adaptive,estimated,2959,246.5,0.5545246160967343
bb_ipp_adaptive,estimated,2960,246.58333333333337,0.5547365339040375
bb_ipp_adaptive,estimated,2961,246.66666666666663,0.551900798861964
bb_ipp_adaptive,estimated,2962,246.75,0.5489210051838836
bb_ipp_adaptive,estimated,2963,246.83333333333337,0.5455657343416326
bb_ipp_adaptive,estimated,2964,246.91666666666663,0.5437660346339365
bb_ipp_adaptive,estimated,2965,247.0,0.5446825679388163
bb_ipp_adaptive,estimated,2966,247.08333333333337,0.543491742981415
bb_ipp_adaptive,estimated,2967,247.16666666666663,0.5410636088768562
bb_ipp_adaptive,estimated,2968,247.25,0.5437441516421121
bb_ipp_adaptive,estimated,2969,247.33333333333337,0.5422592037784444
bb_ipp_adaptive,estimated,2970,247.41666666666663,0.5412492184822028
bb_ipp_adaptive,estimated,2971,247.5,0.5411425036365205
bb_ipp_adaptive,estimated,2972,247.58333333333337,0.5390784071935216
bb_ipp_adaptive,estimated,2973,247.66666666666663,0.5354201237290408
bb_ipp_adaptive,estimated,2974,247.75,0.535892488302473
bb_ipp_adaptive,estimated,2975,247.83333333333337,0.5383532640243859
bb_ipp_adaptive,estimated,2976,247.91666666666663,0.5346190340325625
bb_ipp_adaptive,estimated,2977,248.0,0.5363561758278548
bb_ipp_adaptive,estimated,2978,248.08333333333337,0.536546486599268
bb_ipp_adaptive,estimated,2979,248.16666666666663,0.5373982560385253
bb_ipp_adaptive,estimated,2980,248.25,0.5376970416991083
bb_ipp_adaptive,estimated,2981,248.33333333333337,0.5355897299835273
bb_ipp_adaptive,estimated,2982,248.41666666666663,0.5318231754844647
bb_ipp_adaptive,estimated,2983,248.5,0.5338807759996365
bb_ipp_adaptive,estimated,2984,248.58333333333337,0.5305133745918607
bb_ipp_adaptive,estimated,2985,248.66666666666663,0.5278279992050858
bb_ipp_adaptive,estimated,2986,248.75,0.5329547582578263
bb_ipp_adaptive,estimated,2987,248.83333333333337,0.5379035217300426
bb_ipp_adaptive,estimated,2988,248.91666666666663,0.5371384848360328
bb_ipp_adaptive,estimated,2989,249.0,0.5387803750667071
bb_ipp_adaptive,estimated,2990,249.08333333333337,0.5450419976947419
bb_ipp_adaptive,estimated,2991,249.16666666666663,0.5470590912898645
bb_ipp_adaptive,estimated,2992,249.25,0.5435727041835402
bb_ipp_adaptive,estimated,2993,249.33333333333337,0.5421288661808324
bb_ipp_adaptive,estimated,2994,249.41666666666663,0.5447278009468313
bb_ipp_adaptive,estimated,2995,249.5,0.5445219101571812
bb_ipp_adaptive,estimated,2996,249.58333333333337,0.5457213043001076
bb_ipp_adaptive,estimated,2997,249.66666666666663,0.5473716767493683
bb_ipp_adaptive,estimated,2998,249.75,0.543851245909728
bb_ipp_adaptive,estimated,2999,249.83333333333337,0.5448384159839748
bb_ipp_adaptive,estimated,3000,249.91666666666663,0.54153153815096
bb_ipp_adaptive,estimated,3001,250.0,0.5442107706981049
bb_ipp_adaptive,estimated,3002,250.08333333333337,0.5445308265932677
bb_ipp_adaptive,estimated,3003,250.16666666666663,0.5454356261143122
bb_ipp_adaptive,estimated,3004,250.25,0.5467642542345138
bb_ipp_adaptive,estimated,3005,250.33333333333337,0.5460246019004883
bb_ipp_adaptive,estimated,3006,250.41666666666663,0.5444733644468136
bb_ipp_adaptive,estimated,3007,250.5,0.5426340623339211
bb_ipp_adaptive,estimated,3008,250.58333333333337,0.5403281384010372
bb_ipp_adaptive,estimated,3009,250.66666666666663,0.5454723087423665
bb_ipp_adaptive,estimated,3010,250.75,0.5449013910070301
bb_ipp_adaptive,estimated,3011,250.83333333333337,0.5427453908875527
bb_ipp_adaptive,estimated,3012,250.91666666666663,0.5437416080610437
bb_ipp_adaptive,estimated,3013,251.0,0.5431829115223693
bb_ipp_adaptive,estimated,3014,251.08333333333337,0.5430021976248833
bb_ipp_adaptive,estimated,3015,251.16666666666663,0.5436884947295069
bb_ipp_adaptive,estimated,3016,251.25,0.5450705077383295
bb_ipp_adaptive,estimated,3017,251.33333333333337,0.5420375818571327
bb_ipp_adaptive,estimated,3018,251.41666666666663,0.5394765354271936
bb_ipp_adaptive,estimated,3019,251.5,0.5426218798059325
bb_ipp_adaptive,estimated,3020,251.58333333333337,0.5376788391149092
bb_ipp_adaptive,estimated,3021,251.66666666666663,0.5439867680097205
bb_ipp_adaptive,estimated,3022,251.75,0.5449854819825914
bb_ipp_adaptive,estimated,3023,251.83333333333337,0.5455589525959939
bb_ipp_adaptive,estimated,3024,251.91666666666663,0.5445257486931766
bb_ipp_adaptive,estimated,3025,252.0,0.5434069553207643
bb_ipp_adaptive,estimated,3026,252.08333333333337,0.5414007391727235
bb_ipp_adaptive,estimated,3027,252.16666666666663,0.5422686206174079
bb_ipp_adaptive,estimated,3028,252.25,0.5431819355258284
bb_ipp_adaptive,estimated,3029,252.33333333333337,0.5432601242234429
bb_ipp_adaptive,estimated,3030,252.41666666666663,0.5432732057897103
bb_ipp_adaptive,estimated,3031,252.5,0.544499421222514
bb_ipp_adaptive,estimated,3032,252.58333333333337,0.5417221375590238
bb_ipp_adaptive,estimated,3033,252.66666666666663,0.5407573136688465
bb_ipp_adaptive,estimated,3034,252.75,0.5395345810565902
bb_ipp_adaptive,estimated,3035,252.83333333333337,0.5403823999792636
bb_ipp_adaptive,estimated,3036,252.91666666666663,0.5427483609685652
bb_ipp_adaptive,estimated,3037,253.0,0.5405648296420569
bb_ipp_adaptive,estimated,3038,253.08333333333337,0.5403113309329438
bb_ipp_adaptive,estimated,3039,253.16666666666663,0.5385831221480669
bb_ipp_adaptive,estimated,3040,253.25,0.5400819194742699
bb_ipp_adaptive,estimated,3041,253.33333333333337,0.5362444658233873
bb_ipp_adaptive,estimated,3042,253.41666666666663,0.5355462956424907
bb_ipp_adaptive,estimated,3043,253.5,0.5338256990919188
bb_ipp_adaptive,estimated,3044,253.58333333333337,0.5338625524138265
bb_ipp_adaptive,estimated,3045,253.66666666666663,0.5366350055738544
bb_ipp_adaptive,estimated,3046,253.75,0.5405554841619953
bb_ipp_adaptive,estimated,3047,253.83333333333337,0.5415044927864476
bb_ipp_adaptive,estimated,3048,253.91666666666663,0.538964016852629
bb_ipp_adaptive,estimated,3049,254.0,0.5437473160612794
bb_ipp_adaptive,estimated,3050,254.08333333333337,0.54244337368977
bb_ipp_adaptive,estimated,3051,254.16666666666663,0.5423362417806233
bb_ipp_adaptive,estimated,3052,254.25,0.5472362278434055
bb_ipp_adaptive,estimated,3053,254.33333333333337,0.5415319142173397
bb_ipp_adaptive,estimated,3054,254.41666666666663,0.5422330787087157
bb_ipp_adaptive,estimated,3055,254.5,0.5362748087549933
bb_ipp_adaptive,estimated,3056,254.58333333333337,0.5354326453558392
bb_ipp_adaptive,estimated,3057,254.66666666666663,0.5405441395421342
bb_ipp_adaptive,estimated,3058,254.75,0.5406505780822568
bb_ipp_adaptive,estimated,3059,254.83333333333337,0.540945830072422
bb_ipp_adaptive,estimated,3060,254.91666666666663,0.5444709071075804
bb_ipp_adaptive,estimated,3061,255.0,0.5452699178452551
bb_ipp_adaptive,estimated,3062,255.08333333333337,0.5499644405862233
bb_ipp_adaptive,estimated,3063,255.16666666666663,0.5473654683648858
bb_ipp_adaptive,estimated,3064,255.25,0.5459271600734177
bb_ipp_adaptive,estimated,3065,255.33333333333337,0.5430919498152478
bb_ipp_adaptive,estimated,3066,255.41666666666663,0.5499945975248831
bb_ipp_adaptive,estimated,3067,255.5,0.5491602101131281
bb_ipp_adaptive,estimated,3068,255.58333333333337,0.5482978814004561
bb_ipp_adaptive,estimated,3069,255.66666666666663,0.5466520027489711
bb_ipp_adaptive,estimated,3070,255.75,0.54753044662598
bb_ipp_adaptive,estimated,3071,255.83333333333337,0.5484430221370947
bb_ipp_adaptive,estimated,3072,255.91666666666663,0.5485270013003278
bb_ipp_adaptive,estimated,3073,256.0,0.5484949773003548
bb_ipp_adaptive,estimated,3074,256.08333333333337,0.5486568535526407
bb_ipp_adaptive,estimated,3075,256.16666666666663,0.5499094842161703
bb_ipp_adaptive,estimated,3076,256.25,0.5474837326838742
bb_ipp_adaptive,estimated,3077,256.33333333333337,0.5515433839342436
bb_ipp_adaptive,estimated,3078,256.41666666666663,0.5539989874731079
bb_ipp_adaptive,estimated,3079,256.5,0.5522680976728532
bb_ipp_adaptive,estimated,3080,256.58333333333337,0.5514870348551706
bb_ipp_adaptive,estimated,3081,256.66666666666663,0.5557844818690697
bb_ipp_adaptive,estimated,3082,256.75,0.5515569205049132
bb_ipp_adaptive,estimated,3083,256.83333333333337,0.5521091703500643
bb_ipp_adaptive,estimated,3084,256.91666666666663,0.5487493178261809
bb_ipp_adaptive,estimated,3085,257.0,0.5510518247032956
bb_ipp_adaptive,estimated,3086,257.08333333333337,0.5469032638226448
bb_ipp_adaptive,estimated,3087,257.16666666666663,0.5455295267436826
bb_ipp_adaptive,estimated,3088,257.25,0.5477859812439494
bb_ipp_adaptive,estimated,3089,257.33333333333337,0.5456778854080293
bb_ipp_adaptive,estimated,3090,257.41666666666663,0.5401626430958564
bb_ipp_adaptive,estimated,3091,257.5,0.5427396824115388
bb_ipp_adaptive,estimated,3092,257.58333333333337,0.5417950838899503
bb_ipp_adaptive,estimated,3093,257.66666666666663,0.5452719061750232
bb_ipp_adaptive,estimated,3094,257.75,0.5473645920370042
bb_ipp_adaptive,estimated,3095,257.83333333333337,0.5454714851244912
bb_ipp_adaptive,estimated,3096,257.91666666666663,0.5443356155919078
bb_ipp_adaptive,estimated,3097,258.0,0.5448131807916005
bb_ipp_adaptive,estimated,3098,258.08333333333337,0.5429839518875086
bb_ipp_adaptive,estimated,3099,258.16666666666663,0.5419939185810616
bb_ipp_adaptive,estimated,3100,258.25,0.5402484348275908
bb_ipp_adaptive,estimated,3101,258.33333333333337,0.5443024581934035
bb_ipp_adaptive,estimated,3102,258.41666666666663,0.54511382016883
bb_ipp_adaptive,estimated,3103,258.5,0.5447631649235278
bb_ipp_adaptive,estimated,3104,258.58333333333337,0.5450132752593934
bb_ipp_adaptive,estimated,3105,258.66666666666663,0.5405197838096076
bb_ipp_adaptive,estimated,3106,258.75,0.5430657540792361
bb_ipp_adaptive,estimated,3107,258.83333333333337,0.5399293297521301
bb_ipp_adaptive,estimated,3108,258.91666666666663,0.5417606514520266
bb_ipp_adaptive,estimated,3109,259.0,0.543680100273804
bb_ipp_adaptive,estimated,3110,259.08333333333337,0.5446534454009746
bb_ipp_adaptive,estimated,3111,259.16666666666663,0.5424479589589225
bb_ipp_adaptive,estimated,3112,259.25,0.5439142276267611
bb_ipp_adaptive,estimated,3113,259.33333333333337,0.5417680739293275
bb_ipp_adaptive,estimated,3114,259.41666666666663,0.539013066196579
bb_ipp_adaptive,estimated,3115,259.5,0.5400448489035269
bb_ipp_adaptive,estimated,3116,259.58333333333337,0.5371361430932566
bb_ipp_adaptive,estimated,3117,259.66666666666663,0.5324412050951838
bb_ipp_adaptive,estimated,3118,259.75,0.5312674888055697
bb_ipp_adaptive,estimated,3119,259.83333333333337,0.5372742487850631
bb_ipp_adaptive,estimated,3120,259.91666666666663,0.5392614494880998
bb_ipp_adaptive,estimated,3121,260.0,0.5368305741328824
bb_ipp_adaptive,estimated,3122,260.08333333333337,0.5361311760537875
bb_ipp_adaptive,estimated,3123,260.16666666666663,0.5383772051030647
bb_ipp_adaptive,estimated,3124,260.25,0.5365249879207495
bb_ipp_adaptive,estimated,3125,260.33333333333337,0.5412895130643353
bb_ipp_adaptive,estimated,3126,260.41666666666663,0.5382734547952663
bb_ipp_adaptive,estimated,3127,260.5,0.5389195050279383
bb_ipp_adaptive,estimated,3128,260.58333333333337,0.5427480979520212
bb_ipp_adaptive,estimated,3129,260.66666666666663,0.5414000886658612
bb_ipp_adaptive,estimated,3130,260.75,0.5441075191909771
bb_ipp_adaptive,estimated,3131,260.83333333333337,0.5452904559700598
bb_ipp_adaptive,estimated,3132,260.91666666666663,0.5440039329647101
bb_ipp_adaptive,estimated,3133,261.0,0.5427035130688708
bb_ipp_adaptive,estimated,3134,261.08333333333337,0.542342179820439
bb_ipp_adaptive,estimated,3135,261.16666666666663,0.544111482948131
bb_ipp_adaptive,estimated,3136,261.25,0.5422718730180143
bb_ipp_adaptive,estimated,3137,261.33333333333337,0.5423109979981634
bb_ipp_adaptive,estimated,3138,261.41666666666663,0.5428198479292533
bb_ipp_adaptive,estimated,3139,261.5,0.543740337741312
bb_ipp_adaptive,estimated,3140,261.58333333333337,0.5507351247216691
bb_ipp_adaptive,estimated,3141,261.66666666666663,0.5516772090613548
bb_ipp_adaptive,estimated,3142,261.75,0.5512429562162801
bb_ipp_adaptive,estimated,3143,261.83333333333337,0.5510182735101353
bb_ipp_adaptive,estimated,3144,261.91666666666663,0.5492378015331763
bb_ipp_adaptive,estimated,3145,262.0,0.5501771460062381
bb_ipp_adaptive,estimated,3146,262.08333333333337,0.5481768953698573
bb_ipp_adaptive,estimated,3147,262.16666666666663,0.5484439748979127
bb_ipp_adaptive,estimated,3148,262.25,0.5491955911350814
bb_ipp_adaptive,estimated,3149,262.33333333333337,0.5481089809729517
bb_ipp_adaptive,estimated,3150,262.41666666666663,0.5505888783942972
bb_ipp_adaptive,estimated,3151,262.5,0.5504528902794451
bb_ipp_adaptive,estimated,3152,262.58333333333337,0.5554518708223065
bb_ipp_adaptive,estimated,3153,262.66666666666663,0.5483878481471015
bb_ipp_adaptive,estimated,3154,262.75,0.5501795963774451
bb_ipp_adaptive,estimated,3155,262.83333333333337,0.553920063310565
bb_ipp_adaptive,estimated,3156,262.91666666666663,0.5532455150845209
bb_ipp_adaptive,estimated,3157,263.0,0.5510775995638739
bb_ipp_adaptive,estimated,3158,263.08333333333337,0.5518741871443269
bb_ipp_adaptive,estimated,3159,263.16666666666663,0.5558620651482356
bb_ipp_adaptive,estimated,3160,263.25,0.5599850675007363
bb_ipp_adaptive,estimated,3161,263.33333333333337,0.5614211744874504
bb_ipp_adaptive,estimated,3162,263.41666666666663,0.5618094939747873
bb_ipp_adaptive,estimated,3163,263.5,0.5590417711812129
bb_ipp_adaptive,estimated,3164,263.58333333333337,0.5614377233946533
bb_ipp_adaptive,estimated,3165,263.66666666666663,0.5633295896537446
bb_ipp_adaptive,estimated,3166,263.75,0.562465810375667
bb_ipp_adaptive,estimated,3167,263.83333333333337,0.5626544001640255
bb_ipp_adaptive,estimated,3168,263.91666666666663,0.5626899752273287
bb_ipp_adaptive,estimated,3169,264.0,0.5611489248338566
bb_ipp_adaptive,estimated,3170,264.08333333333337,0.5591650177636467
bb_ipp_adaptive,estimated,3171,264.16666666666663,0.5554147388063216
bb_ipp_adaptive,estimated,3172,264.25,0.5533753010582946
bb_ipp_adaptive,estimated,3173,264.33333333333337,0.5547910243729526
bb_ipp_adaptive,estimated,3174,264.41666666666663,0.5538915108337515
bb_ipp_adaptive,estimated,3175,264.5,0.5578286722370308
bb_ipp_adaptive,estimated,3176,264.58333333333337,0.5576463615018757
bb_ipp_adaptive,estimated,3177,264.66666666666663,0.5554799184600616
bb_ipp_adaptive,estimated,3178,264.75,0.5530627168396811
bb_ipp_adaptive,estimated,3179,264.83333333333337,0.5535354331435831
bb_ipp_adaptive,estimated,3180,264.91666666666663,0.5527054365680838
bb_ipp_adaptive,estimated,3181,265.0,0.5539480337969925
bb_ipp_adaptive,estimated,3182,265.08333333333337,0.5554385457085147
bb_ipp_adaptive,estimated,3183,265.16666666666663,0.5538095018636571
bb_ipp_adaptive,estimated,3184,265.25,0.5493950116167614
bb_ipp_adaptive,estimated,3185,265.33333333333337,0.5478671640641355
bb_ipp_adaptive,estimated,3186,265.41666666666663,0.5477417730990749
bb_ipp_adaptive,estimated,3187,265.5,0.5457697194753444
bb_ipp_adaptive,estimated,3188,265.58333333333337,0.547267906912187
bb_ipp_adaptive,estimated,3189,265.66666666666663,0.5475541344339013
bb_ipp_adaptive,estimated,3190,265.75,0.5437719479886057
bb_ipp_adaptive,estimated,3191,265.83333333333337,0.545981668606843
bb_ipp_adaptive,estimated,3192,265.91666666666663,0.5495509312069852
bb_ipp_adaptive,estimated,3193,266.0,0.544004930573587
bb_ipp_adaptive,estimated,3194,266.08333333333337,0.5439553864868195
bb_ipp_adaptive,estimated,3195,266.16666666666663,0.5482413828840412
bb_ipp_adaptive,estimated,3196,266.25,0.5498310054686923
bb_ipp_adaptive,estimated,3197,266.33333333333337,0.5464889698555211
bb_ipp_adaptive,estimated,3198,266.41666666666663,0.5480714677936402
bb_ipp_adaptive,estimated,3199,266.5,0.5488603960057777
bb_ipp_adaptive,estimated,3200,266.58333333333337,0.5460734904552109
bb_ipp_adaptive,estimated,3201,266.66666666666663,0.5433814186654633
bb_ipp_adaptive,estimated,3202,266.75,0.5420752988440982
bb_ipp_adaptive,estimated,3203,266.83333333333337,0.5410118002570881
bb_ipp_adaptive,estimated,3204,266.91666666666663,0.5380565244526923
bb_ipp_adaptive,estimated,3205,267.0,0.5358890452567785
bb_ipp_adaptive,estimated,3206,267.08333333333337,0.5417260317435505
bb_ipp_adaptive,estimated,3207,267.16666666666663,0.5396475906573246
bb_ipp_adaptive,estimated,3208,267.25,0.5435458005636974
bb_ipp_adaptive,estimated,3209,267.33333333333337,0.5424849828836346
bb_ipp_adaptive,estimated,3210,267.41666666666663,0.5442059283976823
bb_ipp_adaptive,estimated,3211,267.5,0.5448212691477361
bb_ipp_adaptive,estimated,3212,267.58333333333337,0.5453333397107768
bb_ipp_adaptive,estimated,3213,267.66666666666663,0.5489541732757323
bb_ipp_adaptive,estimated,3214,267.75,0.5533073079211018
bb_ipp_adaptive,estimated,3215,267.83333333333337,0.5515284222778581
bb_ipp_adaptive,estimated,3216,267.91666666666663,0.550454487793837
bb_ipp_adaptive,estimated,3217,268.0,0.549011724440616
bb_ipp_adaptive,estimated,3218,268.08333333333337,0.5503440492819304
bb_ipp_adaptive,estimated,3219,268.16666666666663,0.5525075743224478
bb_ipp_adaptive,estimated,3220,268.25,0.5533620343384299
bb_ipp_adaptive,estimated,3221,268.33333333333337,0.5536843716763855
bb_ipp_adaptive,estimated,3222,268.41666666666663,0.5520732899751756
bb_ipp_adaptive,estimated,3223,268.5,0.5568522500133055
bb_ipp_adaptive,estimated,3224,268.58333333333337,0.5602477524811991
bb_ipp_adaptive,estimated,3225,268.66666666666663,0.5584319885039347
bb_ipp_adaptive,estimated,3226,268.75,0.5587018275042992
bb_ipp_adaptive,estimated,3227,268.83333333333337,0.5598341691823954
bb_ipp_adaptive,estimated,3228,268.91666666666663,0.5612429117327764
bb_ipp_adaptive,estimated,3229,269.0,0.5596732491674892
bb_ipp_adaptive,estimated,3230,269.08333333333337,0.5605156430726124
bb_ipp_adaptive,estimated,3231,269.16666666666663,0.5590627567453919
bb_ipp_adaptive,estimated,3232,269.25,0.5589548964708525
bb_ipp_adaptive,estimated,3233,269.33333333333337,0.5583949142675798
bb_ipp_adaptive,estimated,3234,269.41666666666663,0.5568486894708241
bb_ipp_adaptive,estimated,3235,269.5,0.5555220970864212
bb_ipp_adaptive,estimated,3236,269.58333333333337,0.5583753458457004
bb_ipp_adaptive,estimated,3237,269.66666666666663,0.5576834091580052
bb_ipp_adaptive,estimated,3238,269.75,0.5559225228781337
bb_ipp_adaptive,estimated,3239,269.83333333333337,0.5571991208824747
bb_ipp_adaptive,estimated,3240,269.91666666666663,0.5573167691872228
bb_ipp_adaptive,estimated,3241,270.0,0.5615154151959312
bb_ipp_adaptive,estimated,3242,270.08333333333337,0.5594481146906771
bb_ipp_adaptive,estimated,3243,270.16666666666663,0.5590504250905568
bb_ipp_adaptive,estimated,3244,270.25,0.5564560882538947
bb_ipp_adaptive,estimated,3245,270.33333333333337,0.5548575174515672
bb_ipp_adaptive,estimated,3246,270.41666666666663,0.5546196158087779
bb_ipp_adaptive,estimated,3247,270.5,0.5541149772108397
bb_ipp_adaptive,estimated,3248,270.58333333333337,0.5546246945531895
bb_ipp_adaptive,estimated,3249,270.66666666666663,0.5542644310848388
bb_ipp_adaptive,estimated,3250,270.75,0.5506987267011364
bb_ipp_adaptive,estimated,3251,270.83333333333337,0.5484134075464341
bb_ipp_adaptive,estimated,3252,270.91666666666663,0.5469559023036037
bb_ipp_adaptive,estimated,3253,271.0,0.5466836153301106
bb_ipp_adaptive,estimated,3254,271.08333333333337,0.5490366508254324
bb_ipp_adaptive,estimated,3255,271.16666666666663,0.5502104821753815
bb_ipp_adaptive,estimated,3256,271.25,0.549226564358916
bb_ipp_adaptive,estimated,3257,271.33333333333337,0.5497764217317487
bb_ipp_adaptive,estimated,3258,271.41666666666663,0.5484386498616982
bb_ipp_adaptive,estimated,3259,271.5,0.5493530470415009
bb_ipp_adaptive,estimated,3260,271.58333333333337,0.5471834071027196
bb_ipp_adaptive,estimated,3261,271.66666666666663,0.5477645566756923
bb_ipp_adaptive,estimated,3262,271.75,0.5462360041173101
bb_ipp_adaptive,estimated,3263,271.83333333333337,0.5458610254784738
bb_ipp_adaptive,estimated,3264,271.91666666666663,0.5448148316480207
bb_ipp_adaptive,estimated,3265,272.0,0.5455571436899868
bb_ipp_adaptive,estimated,3266,272.08333333333337,0.5471482669980131
bb_ipp_adaptive,estimated,3267,272.16666666666663,0.5475811519291666
bb_ipp_adaptive,estimated,3268,272.25,0.546652551521444
bb_ipp_adaptive,estimated,3269,272.33333333333337,0.5447921344833274
bb_ipp_adaptive,estimated,3270,272.41666666666663,0.5426883754001426
bb_ipp_adaptive,estimated,3271,272.5,0.5447632507567752
bb_ipp_adaptive,estimated,3272,272.58333333333337,0.5421380918511096
bb_ipp_adaptive,estimated,3273,272.66666666666663,0.5427270713862828
bb_ipp_adaptive,estimated,3274,272.75,0.5365904440290835
bb_ipp_adaptive,estimated,3275,272.83333333333337,0.5366525487785782
bb_ipp_adaptive,estimated,3276,272.91666666666663,0.5376495194302527
bb_ipp_adaptive,estimated,3277,273.0,0.5378377583643138
bb_ipp_adaptive,estimated,3278,273.08333333333337,0.5430477298231486
bb_ipp_adaptive,estimated,3279,273.16666666666663,0.5433909265461336
bb_ipp_adaptive,estimated,3280,273.25,0.5484618059674785
bb_ipp_adaptive,estimated,3281,273.33333333333337,0.5501257044058409
bb_ipp_adaptive,estimated,3282,273.41666666666663,0.5431525092310695
bb_ipp_adaptive,estimated,3283,273.5,0.5483425866292694
bb_ipp_adaptive,estimated,3284,273.58333333333337,0.5547305714946
bb_ipp_adaptive,estimated,3285,273.66666666666663,0.5537528185751637
bb_ipp_adaptive,estimated,3286,273.75,0.5497407725829896
bb_ipp_adaptive,estimated,3287,273.83333333333337,0.5511470017759335
bb_ipp_adaptive,estimated,3288,273.91666666666663,0.550845528166555
bb_ipp_adaptive,estimated,3289,274.0,0.5502823215693542
bb_ipp_adaptive,estimated,3290,274.08333333333337,0.5535507951340958
bb_ipp_adaptive,estimated,3291,274.16666666666663,0.5563707841344459
bb_ipp_adaptive,estimated,3292,274.25,0.5599684676199054
bb_ipp_adaptive,estimated,3293,274.33333333333337,0.5610106188452764
bb_ipp_adaptive,estimated,3294,274.41666666666663,0.5601826048012016
bb_ipp_adaptive,estimated,3295,274.5,0.5596776186382509
bb_ipp_adaptive,estimated,3296,274.58333333333337,0.55990851479861
bb_ipp_adaptive,estimated,3297,274.66666666666663,0.559151742467378
bb_ipp_adaptive,estimated,3298,274.75,0.557017290400133
bb_ipp_adaptive,estimated,3299,274.83333333333337,0.5554580207157249
bb_ipp_adaptive,estimated,3300,274.91666666666663,0.5541753165562229
bb_ipp_adaptive,estimated,3301,275.0,0.5522663790834637
bb_ipp_adaptive,estimated,3302,275.08333333333337,0.5500107512946019
bb_ipp_adaptive,estimated,3303,275.16666666666663,0.5498869137210747
bb_ipp_adaptive,estimated,3304,275.25,0.5539281980422766
bb_ipp_adaptive,estimated,3305,275.33333333333337,0.5562634181232439
bb_ipp_adaptive,estimated,3306,275.41666666666663,0.5579808362110674
bb_ipp_adaptive,estimated,3307,275.5,0.5589136210607927
bb_ipp_adaptive,estimated,3308,275.58333333333337,0.5607167857271379
bb_ipp_adaptive,estimated,3309,275.66666666666663,0.5587660841962433
bb_ipp_adaptive,estimated,3310,275.75,0.560710555618132
bb_ipp_adaptive,estimated,3311,275.83333333333337,0.5605260098610052
bb_ipp_adaptive,estimated,3312,275.91666666666663,0.5606127906547019
bb_ipp_adaptive,estimated,3313,276.0,0.5608270723177705
bb_ipp_adaptive,estimated,3314,276.08333333333337,0.5609864437393889
bb_ipp_adaptive,estimated,3315,276.16666666666663,0.5586198738502444
bb_ipp_adaptive,estimated,3316,276.25,0.5565591692850018
bb_ipp_adaptive,estimated,3317,276.33333333333337,0.5538594470767284
bb_ipp_adaptive,estimated,3318,276.41666666666663,0.5567489840579329
bb_ipp_adaptive,estimated,3319,276.5,0.5580028947509539
bb_ipp_adaptive,estimated,3320,276.58333333333337,0.5583761078447791
bb_ipp_adaptive,estimated,3321,276.66666666666663,0.5559713436015147
bb_ipp_adaptive,estimated,3322,276.75,0.5598736207284831
bb_ipp_adaptive,estimated,3323,276.83333333333337,0.5635599509570026
bb_ipp_adaptive,estimated,3324,276.91666666666663,0.5654602068100374
bb_ipp_adaptive,estimated,3325,277.0,0.5652144784965577
bb_ipp_adaptive,estimated,3326,277.08333333333337,0.5659139390913961
bb_ipp_adaptive,estimated,3327,277.16666666666663,0.5636302853846535
bb_ipp_adaptive,estimated,3328,277.25,0.5632668202380645
bb_ipp_adaptive,estimated,3329,277.33333333333337,0.566865031363527
bb_ipp_adaptive,estimated,3330,277.41666666666663,0.5672225453049935
bb_ipp_adaptive,estimated,3331,277.5,0.5661997387305259
bb_ipp_adaptive,estimated,3332,277.58333333333337,0.5637711866500028
bb_ipp_adaptive,estimated,3333,277.66666666666663,0.5629457338885704
bb_ipp_adaptive,estimated,3334,277.75,0.5622093606124666
bb_ipp_adaptive,estimated,3335,277.83333333333337,0.5625092176093482
bb_ipp_adaptive,estimated,3336,277.91666666666663,0.562190508701918
bb_ipp_adaptive,estimated,3337,278.0,0.5628681698453613
bb_ipp_adaptive,estimated,3338,278.08333333333337,0.5614447825810149
bb_ipp_adaptive,estimated,3339,278.16666666666663,0.5604541221409503
bb_ipp_adaptive,estimated,3340,278.25,0.560352722466294
bb_ipp_adaptive,estimated,3341,278.33333333333337,0.5560959800290691
bb_ipp_adaptive,estimated,3342,278.41666666666663,0.5540654901761894
bb_ipp_adaptive,estimated,3343,278.5,0.5551576418590055
bb_ipp_adaptive,estimated,3344,278.58333333333337,0.5533217950519593
bb_ipp_adaptive,estimated,3345,278.66666666666663,0.5549799402610643
bb_ipp_adaptive,estimated,3346,278.75,0.5553008253610019
bb_ipp_adaptive,estimated,3347,278.83333333333337,0.5540198508693382
bb_ipp_adaptive,estimated,3348,278.91666666666663,0.5526849062453135
bb_ipp_adaptive,estimated,3349,279.0,0.5525653413246192
bb_ipp_adaptive,estimated,3350,279.08333333333337,0.5558957975158876
bb_ipp_adaptive,estimated,3351,279.16666666666663,0.5564877855459484
bb_ipp_adaptive,estimated,3352,279.25,0.5570004588414397
bb_ipp_adaptive,estimated,3353,279.33333333333337,0.5540062260737649
bb_ipp_adaptive,estimated,3354,279.41666666666663,0.5564862996339395
bb_ipp_adaptive,estimated,3355,279.5,0.5602241859525207
bb_ipp_adaptive,estimated,3356,279.58333333333337,0.5581623510185892
bb_ipp_adaptive,estimated,3357,279.66666666666663,0.5600386268285484
bb_ipp_adaptive,estimated,3358,279.75,0.5596328216177487
bb_ipp_adaptive,estimated,3359,279.83333333333337,0.5604255520897667
bb_ipp_adaptive,estimated,3360,279.91666666666663,0.5585352117501461
bb_ipp_adaptive,estimated,3361,280.0,0.5587343141164922
bb_ipp_adaptive,estimated,3362,280.08333333333337,0.5607799672042575
bb_ipp_adaptive,estimated,3363,280.16666666666663,0.561429009896337
bb_ipp_adaptive,estimated,3364,280.25,0.566218260089884
bb_ipp_adaptive,estimated,3365,280.33333333333337,0.5629852941056535
bb_ipp_adaptive,estimated,3366,280.41666666666663,0.5656758524972096
bb_ipp_adaptive,estimated,3367,280.5,0.5618005960595166
bb_ipp_adaptive,estimated,3368,280.58333333333337,0.5631495197267974
bb_ipp_adaptive,estimated,3369,280.66666666666663,0.5643515091763004
bb_ipp_adaptive,estimated,3370,280.75,0.5671104020025735
bb_ipp_adaptive,estimated,3371,280.83333333333337,0.5688652477062506
bb_ipp_adaptive,estimated,3372,280.91666666666663,0.5702740912274351
bb_ipp_adaptive,estimated,3373,281.0,0.5696708524143798
bb_ipp_adaptive,estimated,3374,281.08333333333337,0.5692455853736025
bb_ipp_adaptive,estimated,3375,281.16666666666663,0.5700277704268392
bb_ipp_adaptive,estimated,3376,281.25,0.5704700999108537
bb_ipp_adaptive,estimated,3377,281.33333333333337,0.5687346514462173
bb_ipp_adaptive,estimated,3378,281.41666666666663,0.5716565524072534
bb_ipp_adaptive,estimated,3379,281.5,0.5724457690422997
bb_ipp_adaptive,estimated,3380,281.58333333333337,0.5719462314480405
bb_ipp_adaptive,estimated,3381,281.66666666666663,0.5722080080730406
bb_ipp_adaptive,estimated,3382,281.75,0.5752050584835029
bb_ipp_adaptive,estimated,3383,281.83333333333337,0.5759812227533837
bb_ipp_adaptive,estimated,3384,281.91666666666663,0.5742755747390542
bb_ipp_adaptive,estimated,3385,282.0,0.573099857165126
bb_ipp_adaptive,estimated,3386,282.08333333333337,0.5720922654441543
bb_ipp_adaptive,estimated,3387,282.16666666666663,0.5707238808692241
bb_ipp_adaptive,estimated,3388,282.25,0.5730589106497073
bb_ipp_adaptive,estimated,3389,282.33333333333337,0.573631965352116
bb_ipp_adaptive,estimated,3390,282.41666666666663,0.572833342490913
bb_ipp_adaptive,estimated,3391,282.5,0.572790662378525
bb_ipp_adaptive,estimated,3392,282.58333333333337,0.5721456408788893
bb_ipp_adaptive,estimated,3393,282.66666666666663,0.5726343866647293
bb_ipp_adaptive,estimated,3394,282.75,0.5716392243860297
bb_ipp_adaptive,estimated,3395,282.83333333333337,0.5701467030908713
bb_ipp_adaptive,estimated,3396,282.91666666666663,0.5701327162222042
bb_ipp_adaptive,estimated,3397,283.0,0.5701785347024797
bb_ipp_adaptive,estimated,3398,283.08333333333337,0.5700828786832381
bb_ipp_adaptive,estimated,3399,283.16666666666663,0.5710098061985202
bb_ipp_adaptive,estimated,3400,283.25,0.5696326143141516
bb_ipp_adaptive,estimated,3401,283.33333333333337,0.5695466840844318
bb_ipp_adaptive,estimated,3402,283.41666666666663,0.5707532264648885
bb_ipp_adaptive,estimated,3403,283.5,0.5681654396483504
bb_ipp_adaptive,estimated,3404,283.58333333333337,0.5695833065910036
bb_ipp_adaptive,estimated,3405,283.66666666666663,0.5681920205648759
bb_ipp_adaptive,estimated,3406,283.75,0.5673817998605356
bb_ipp_adaptive,estimated,3407,283.83333333333337,0.5690035929542436
bb_ipp_adaptive,estimated,3408,283.91666666666663,0.5674527209362064
bb_ipp_adaptive,estimated,3409,284.0,0.5654712106528005
bb_ipp_adaptive,estimated,3410,284.08333333333337,0.565298885784979
bb_ipp_adaptive,estimated,3411,284.16666666666663,0.5655109368058551
bb_ipp_adaptive,estimated,3412,284.25,0.5643698662768206
bb_ipp_adaptive,estimated,3413,284.33333333333337,0.564651819818003
bb_ipp_adaptive,estimated,3414,284.41666666666663,0.5629769822468347
bb_ipp_adaptive,estimated,3415,284.5,0.5641284883742491
bb_ipp_adaptive,estimated,3416,284.58333333333337,0.5632065554710596
bb_ipp_adaptive,estimated,3417,284.66666666666663,0.5632421163324526
bb_ipp_adaptive,estimated,3418,284.75,0.5639107579645355
bb_ipp_adaptive,estimated,3419,284.83333333333337,0.5617705383122523
bb_ipp_adaptive,estimated,3420,284.91666666666663,0.5625731467227951
bb_ipp_adaptive,estimated,3421,285.0,0.5600331041908749
bb_ipp_adaptive,estimated,3422,285.08333333333337,0.5598530614722057
bb_ipp_adaptive,estimated,3423,285.16666666666663,0.5607385200499797
bb_ipp_adaptive,estimated,3424,285.25,0.5638455035669443
bb_ipp_adaptive,estimated,3425,285.33333333333337,0.5602795916534212
bb_ipp_adaptive,estimated,3426,285.41666666666663,0.5636930212447121
bb_ipp_adaptive,estimated,3427,285.5,0.5624930373281195
bb_ipp_adaptive,estimated,3428,285.58333333333337,0.5617355391927907
bb_ipp_adaptive,estimated,3429,285.66666666666663,0.5607129211228346
bb_ipp_adaptive,estimated,3430,285.75,0.5582062962667489
bb_ipp_adaptive,estimated,3431,285.83333333333337,0.5596019834379905
bb_ipp_adaptive,estimated,3432,285.91666666666663,0.5586072697406752
bb_ipp_adaptive,estimated,3433,286.0,0.5578606508282048
bb_ipp_adaptive,estimated,3434,286.08333333333337,0.5604154172844138
bb_ipp_adaptive,estimated,3435,286.16666666666663,0.5592929981758763
bb_ipp_adaptive,estimated,3436,286.25,0.5628280340261786
bb_ipp_adaptive,estimated,3437,286.33333333333337,0.5621593508698405
bb_ipp_adaptive,estimated,3438,286.41666666666663,0.5619680574914822
bb_ipp_adaptive,estimated,3439,286.5,0.5618033531569789
bb_ipp_adaptive,estimated,3440,286.58333333333337,0.5617777792985836
bb_ipp_adaptive,estimated,3441,286.66666666666663,0.5631669139672517
bb_ipp_adaptive,estimated,3442,286.75,0.562485064525753
bb_ipp_adaptive,estimated,3443,286.83333333333337,0.5635616419646926
bb_ipp_adaptive,estimated,3444,286.91666666666663,0.5642758347397787
bb_ipp_adaptive,estimated,3445,287.0,0.5645856833187495
bb_ipp_adaptive,estimated,3446,287.08333333333337,0.5665303041245748
bb_ipp_adaptive,estimated,3447,287.16666666666663,0.5688351244625162
bb_ipp_adaptive,estimated,3448,287.25,0.5681514692267147
bb_ipp_adaptive,estimated,3449,287.33333333333337,0.5665225714119307
bb_ipp_adaptive,estimated,3450,287.41666666666663,0.5666557183640658
bb_ipp_adaptive,estimated,3451,287.5,0.5668490860925645
bb_ipp_adaptive,estimated,3452,287.58333333333337,0.5692624566008857
bb_ipp_adaptive,estimated,3453,287.66666666666663,0.5686147752488745
bb_ipp_adaptive,estimated,3454,287.75,0.568123949567841
bb_ipp_adaptive,estimated,3455,287.83333333333337,0.5680732218584317
bb_ipp_adaptive,estimated,3456,287.91666666666663,0.5699344476136369
bb_ipp_adaptive,estimated,3457,288.0,0.5720589236125047
bb_ipp_adaptive,estimated,3458,288.08333333333337,0.5742893526921985
bb_ipp_adaptive,estimated,3459,288.16666666666663,0.5765775231743804
bb_ipp_adaptive,estimated,3460,288.25,0.5760307915783925
bb_ipp_adaptive,estimated,3461,288.33333333333337,0.5763929469833884
bb_ipp_adaptive,estimated,3462,288.41666666666663,0.5759156264481574
bb_ipp_adaptive,estimated,3463,288.5,0.5763801568752939
bb_ipp_adaptive,estimated,3464,288.58333333333337,0.5739592166497023
bb_ipp_adaptive,estimated,3465,288.66666666666663,0.5738400488966051
bb_ipp_adaptive,estimated,3466,288.75,0.5739975738537103
bb_ipp_adaptive,estimated,3467,288.83333333333337,0.5759036804171138
bb_ipp_adaptive,estimated,3468,288.91666666666663,0.5751448523403797
bb_ipp_adaptive,estimated,3469,289.0,0.5751868470861278
bb_ipp_adaptive,estimated,3470,289.08333333333337,0.5752782364336505
bb_ipp_adaptive,estimated,3471,289.16666666666663,0.573956209205304
bb_ipp_adaptive,estimated,3472,289.25,0.5740894748580078
bb_ipp_adaptive,estimated,3473,289.33333333333337,0.5758651033444112
bb_ipp_adaptive,estimated,3474,289.41666666666663,0.5774950233608249
bb_ipp_adaptive,estimated,3475,289.5,0.5769097188902051
bb_ipp_adaptive,estimated,3476,289.58333333333337,0.5751689369514374
bb_ipp_adaptive,estimated,3477,289.66666666666663,0.574703598807139
bb_ipp_adaptive,estimated,3478,289.75,0.5755370748589848
bb_ipp_adaptive,estimated,3479,289.83333333333337,0.5743832205094541
bb_ipp_adaptive,estimated,3480,289.91666666666663,0.5739305126815033
bb_ipp_adaptive,estimated,3481,290.0,0.5751412270165843
bb_ipp_adaptive,estimated,3482,290.08333333333337,0.57264709189793
bb_ipp_adaptive,estimated,3483,290.16666666666663,0.5729718865397239
bb_ipp_adaptive,estimated,3484,290.25,0.5725604754809088
bb_ipp_adaptive,estimated,3485,290.33333333333337,0.5725426051365401
bb_ipp_adaptive,estimated,3486,290.41666666666663,0.5717824542513655
bb_ipp_adaptive,estimated,3487,290.5,0.5704788406022484
bb_ipp_adaptive,estimated,3488,290.58333333333337,0.5702096926387591
bb_ipp_adaptive,estimated,3489,290.66666666666663,0.5709075434294542
bb_ipp_adaptive,estimated,3490,290.75,0.5695595027200359
bb_ipp_adaptive,estimated,3491,290.83333333333337,0.5705149791572536
bb_ipp_adaptive,estimated,3492,290.91666666666663,0.5701954659377128
bb_ipp_adaptive,estimated,3493,291.0,0.570148544209227
bb_ipp_adaptive,estimated,3494,291.08333333333337,0.5671221027577383
bb_ipp_adaptive,estimated,3495,291.16666666666663,0.5678869497107144
bb_ipp_adaptive,estimated,3496,291.25,0.5680160189261781
bb_ipp_adaptive,estimated,3497,291.33333333333337,0.566080655929985
bb_ipp_adaptive,estimated,3498,291.41666666666663,0.5650732655515502
bb_ipp_adaptive,estimated,3499,291.5,0.5649700041525882
bb_ipp_adaptive,estimated,3500,291.58333333333337,0.5641962932955652
bb_ipp_adaptive,estimated,3501,291.66666666666663,0.566285922850366
bb_ipp_adaptive,estimated,3502,291.75,0.5667602047811763
bb_ipp_adaptive,estimated,3503,291.83333333333337,0.5660923159819787
bb_ipp_adaptive,estimated,3504,291.91666666666663,0.5653467876170668
bb_ipp_adaptive,estimated,3505,292.0,0.5663505161103957
bb_ipp_adaptive,estimated,3506,292.08333333333337,0.5663258644704409
bb_ipp_adaptive,estimated,3507,292.16666666666663,0.5671387423700082
bb_ipp_adaptive,estimated,3508,292.25,0.5670325755831018
bb_ipp_adaptive,estimated,3509,292.33333333333337,0.5664191625957679
bb_ipp_adaptive,estimated,3510,292.41666666666663,0.5672445343580161
bb_ipp_adaptive,estimated,3511,292.5,0.5672678240217488
bb_ipp_adaptive,estimated,3512,292.58333333333337,0.5667018882550202
bb_ipp_adaptive,estimated,3513,292.66666666666663,0.5670347809086347
bb_ipp_adaptive,estimated,3514,292.75,0.5677916366402581
bb_ipp_adaptive,estimated,3515,292.83333333333337,0.5668160789020134
bb_ipp_adaptive,estimated,3516,292.91666666666663,0.5655895481699382
bb_ipp_adaptive,estimated,3517,293.0,0.5642238439849024
bb_ipp_adaptive,estimated,3518,293.08333333333337,0.5665705412956228
bb_ipp_adaptive,estimated,3519,293.16666666666663,0.5671216497515423
bb_ipp_adaptive,estimated,3520,293.25,0.5671245463737368
bb_ipp_adaptive,estimated,3521,293.33333333333337,0.5703893493766817
bb_ipp_adaptive,estimated,3522,293.41666666666663,0.5704755093204325
bb_ipp_adaptive,estimated,3523,293.5,0.5694887474970876
bb_ipp_adaptive,estimated,3524,293.58333333333337,0.5691913406106965
bb_ipp_adaptive,estimated,3525,293.66666666666663,0.5669612629957835
bb_ipp_adaptive,estimated,3526,293.75,0.5666883530053066
bb_ipp_adaptive,estimated,3527,293.83333333333337,0.5688972541077854
bb_ipp_adaptive,estimated,3528,293.91666666666663,0.5682258214911882
bb_ipp_adaptive,estimated,3529,294.0,0.5681807932021526
bb_ipp_adaptive,estimated,3530,294.08333333333337,0.5681894647165545
bb_ipp_adaptive,estimated,3531,294.16666666666663,0.5693132636516607
bb_ipp_adaptive,estimated,3532,294.25,0.5709281283132313
bb_ipp_adaptive,estimated,3533,294.33333333333337,0.5693293863983866
bb_ipp_adaptive,estimated,3534,294.41666666666663,0.5688608054556881
bb_ipp_adaptive,estimated,3535,294.5,0.5702236863356399
bb_ipp_adaptive,estimated,3536,294.58333333333337,0.5707484627679236
bb_ipp_adaptive,estimated,3537,294.66666666666663,0.5723910521646536
bb_ipp_adaptive,estimated,3538,294.75,0.5724781252699306
bb_ipp_adaptive,estimated,3539,294.83333333333337,0.5728157635558014
bb_ipp_adaptive,estimated,3540,294.91666666666663,0.5743845488028883
bb_ipp_adaptive,estimated,3541,295.0,0.5753926655445236
bb_ipp_adaptive,estimated,3542,295.08333333333337,0.5747899324605785
bb_ipp_adaptive,estimated,3543,295.16666666666663,0.5751872712402998
bb_ipp_adaptive,estimated,3544,295.25,0.5742054140375542
bb_ipp_adaptive,estimated,3545,295.33333333333337,0.5745100521773715
bb_ipp_adaptive,estimated,3546,295.41666666666663,0.5744679231782451
bb_ipp_adaptive,estimated,3547,295.5,0.5765002817458522
bb_ipp_adaptive,estimated,3548,295.58333333333337,0.5760742620122021
bb_ipp_adaptive,estimated,3549,295.66666666666663,0.577268590458056
bb_ipp_adaptive,estimated,3550,295.75,0.577095020480939
bb_ipp_adaptive,estimated,3551,295.83333333333337,0.5766395472209048
bb_ipp_adaptive,estimated,3552,295.91666666666663,0.5758417342325571
bb_ipp_adaptive,estimated,3553,296.0,0.5763536515843225
bb_ipp_adaptive,estimated,3554,296.08333333333337,0.5774354294060474
bb_ipp_adaptive,estimated,3555,296.16666666666663,0.5767494889727741
bb_ipp_adaptive,estimated,3556,296.25,0.576507059346146
bb_ipp_adaptive,estimated,3557,296.33333333333337,0.5772219075446112
bb_ipp_adaptive,estimated,3558,296.41666666666663,0.5778780754435601
bb_ipp_adaptive,estimated,3559,296.5,0.5779624165271973
bb_ipp_adaptive,estimated,3560,296.58333333333337,0.5786338236185354
bb_ipp_adaptive,estimated,3561,296.66666666666663,0.5762243713790164
bb_ipp_adaptive,estimated,3562,296.75,0.577224908394601
bb_ipp_adaptive,estimated,3563,296.83333333333337,0.5799794207261033
bb_ipp_adaptive,estimated,3564,296.91666666666663,0.578517041568152
bb_ipp_adaptive,estimated,3565,297.0,0.5766589662365916
bb_ipp_adaptive,estimated,3566,297.08333333333337,0.5779710129831483
bb_ipp_adaptive,estimated,3567,297.16666666666663,0.5754691231941595
bb_ipp_adaptive,estimated,3568,297.25,0.574072169639634
bb_ipp_adaptive,estimated,3569,297.33333333333337,0.5747382273543773
bb_ipp_adaptive,estimated,3570,297.41666666666663,0.5726609853476676
bb_ipp_adaptive,estimated,3571,297.5,0.5721581705261098
bb_ipp_adaptive,estimated,3572,297.58333333333337,0.5708017282059901
bb_ipp_adaptive,estimated,3573,297.66666666666663,0.5707490322563429
bb_ipp_adaptive,estimated,3574,297.75,0.5717475898075428
bb_ipp_adaptive,estimated,3575,297.83333333333337,0.5713851530569041
bb_ipp_adaptive,estimated,3576,297.91666666666663,0.5702947124270512
bb_ipp_adaptive,estimated,3577,298.0,0.5702146145985658
bb_ipp_adaptive,estimated,3578,298.08333333333337,0.5696540307744251
bb_ipp_adaptive,estimated,3579,298.16666666666663,0.5711888339788794
bb_ipp_adaptive,estimated,3580,298.25,0.5713807071231161
bb_ipp_adaptive,estimated,3581,298.33333333333337,0.5702061619433185
bb_ipp_adaptive,estimated,3582,298.41666666666663,0.5696157185945769
bb_ipp_adaptive,estimated,3583,298.5,0.5675539012952282
bb_ipp_adaptive,estimated,3584,298.58333333333337,0.5667895978871386
bb_ipp_adaptive,estimated,3585,298.66666666666663,0.566741319558011
bb_ipp_adaptive,estimated,3586,298.75,0.5665481828001435
bb_ipp_adaptive,estimated,3587,298.83333333333337,0.5677879208175617
bb_ipp_adaptive,estimated,3588,298.91666666666663,0.5684501015318884
bb_ipp_adaptive,estimated,3589,299.0,0.5681049121048062
bb_ipp_adaptive,estimated,3590,299.08333333333337,0.5690948221480002
bb_ipp_adaptive,estimated,3591,299.16666666666663,0.5673525765558035
bb_ipp_adaptive,estimated,3592,299.25,0.5675296784686432
bb_ipp_adaptive,estimated,3593,299.33333333333337,0.5700452061186942
bb_ipp_adaptive,estimated,3594,299.41666666666663,0.5710121639121469
bb_ipp_adaptive,estimated,3595,299.5,0.5721516380494782
bb_ipp_adaptive,estimated,3596,299.58333333333337,0.5746095897788082
bb_ipp_adaptive,estimated,3597,299.66666666666663,0.575269806631427
bb_ipp_adaptive,estimated,3598,299.75,0.5757559775847289
bb_ipp_adaptive,estimated,3599,299.83333333333337,0.5750754170483201
bb_ipp_adaptive,estimated,3600,299.91666666666663,0.5774926669483178
bb_ipp_adaptive,estimated,3601,300.0,0.5790160901339158
bb_ipp_adaptive,estimated,3602,300.08333333333337,0.577327729987215
bb_ipp_adaptive,estimated,3603,300.16666666666663,0.5780240377466794
bb_ipp_adaptive,estimated,3604,300.25,0.5772707513079067
bb_ipp_adaptive,estimated,3605,300.33333333333337,0.5773804289995219
bb_ipp_adaptive,estimated,3606,300.41666666666663,0.5783787525390208
bb_ipp_adaptive,estimated,3607,300.5,0.5801630282672631
bb_ipp_adaptive,estimated,3608,300.58333333333337,0.5802745136866072
bb_ipp_adaptive,estimated,3609,300.66666666666663,0.5804431130663708
bb_ipp_adaptive,estimated,3610,300.75,0.5819709374672145
bb_ipp_adaptive,estimated,3611,300.83333333333337,0.5830648769619179
bb_ipp_adaptive,estimated,3612,300.91666666666663,0.5831968427954811
bb_ipp_adaptive,estimated,3613,301.0,0.5837268363036647
bb_ipp_adaptive,estimated,3614,301.08333333333337,0.5825058517598917
bb_ipp_adaptive,estimated,3615,301.16666666666663,0.5823939469652107
bb_ipp_adaptive,estimated,3616,301.25,0.5833912862130967
bb_ipp_adaptive,estimated,3617,301.33333333333337,0.582925163203103
bb_ipp_adaptive,estimated,3618,301.41666666666663,0.5828982606928397
bb_ipp_adaptive,estimated,3619,301.5,0.5832641841068718
bb_ipp_adaptive,estimated,3620,301.58333333333337,0.5828055104838139
bb_ipp_adaptive,estimated,3621,301.66666666666663,0.5834245060666515
bb_ipp_adaptive,estimated,3622,301.75,0.5842000127185574
bb_ipp_adaptive,estimated,3623,301.83333333333337,0.5823144039730612
bb_ipp_adaptive,estimated,3624,301.91666666666663,0.5829068421036696
bb_ipp_adaptive,estimated,3625,302.0,0.583901841439983
bb_ipp_adaptive,estimated,3626,302.08333333333337,0.5842507201948037
bb_ipp_adaptive,estimated,3627,302.16666666666663,0.5842737460525681
bb_ipp_adaptive,estimated,3628,302.25,0.5837842936228221
bb_ipp_adaptive,estimated,3629,302.33333333333337,0.5836298975171795
bb_ipp_adaptive,estimated,3630,302.41666666666663,0.5837819667877718
bb_ipp_adaptive,estimated,3631,302.5,0.5840228402516977
bb_ipp_adaptive,estimated,3632,302.58333333333337,0.5842079739074401
bb_ipp_adaptive,estimated,3633,302.66666666666663,0.5853659258430854
bb_ipp_adaptive,estimated,3634,302.75,0.5858096016870337
bb_ipp_adaptive,estimated,3635,302.83333333333337,0.5844693129088439
bb_ipp_adaptive,estimated,3636,302.91666666666663,0.5851616799437322
bb_ipp_adaptive,estimated,3637,303.0,0.5861623025529714
bb_ipp_adaptive,estimated,3638,303.08333333333337,0.5866725745168472
bb_ipp_adaptive,estimated,3639,303.16666666666663,0.586961870674451
bb_ipp_adaptive,estimated,3640,303.25,0.5859570186654017
bb_ipp_adaptive,estimated,3641,303.33333333333337,0.5863921046563145
bb_ipp_adaptive,estimated,3642,303.41666666666663,0.5856464161024842
bb_ipp_adaptive,estimated,3643,303.5,0.5864535998172359
bb_ipp_adaptive,estimated,3644,303.58333333333337,0.5864504101840062
bb_ipp_adaptive,estimated,3645,303.66666666666663,0.5860070827455461
bb_ipp_adaptive,estimated,3646,303.75,0.5865242829645825
bb_ipp_adaptive,estimated,3647,303.83333333333337,0.585037720341061
bb_ipp_adaptive,estimated,3648,303.91666666666663,0.5845055409183385
bb_ipp_adaptive,estimated,3649,304.0,0.5846765144841112
bb_ipp_adaptive,estimated,3650,304.08333333333337,0.5829819976580735
bb_ipp_adaptive,estimated,3651,304.16666666666663,0.5827035807121841
bb_ipp_adaptive,estimated,3652,304.25,0.5808892642754786
bb_ipp_adaptive,estimated,3653,304.33333333333337,0.5820344452096375
bb_ipp_adaptive,estimated,3654,304.41666666666663,0.5819294164785398
bb_ipp_adaptive,estimated,3655,304.5,0.5825111621821755
bb_ipp_adaptive,estimated,3656,304.58333333333337,0.5812844897486562
bb_ipp_adaptive,estimated,3657,304.66666666666663,0.5813979709663812
bb_ipp_adaptive,estimated,3658,304.75,0.5799758559783175
bb_ipp_adaptive,estimated,3659,304.83333333333337,0.5809529002829645
bb_ipp_adaptive,estimated,3660,304.91666666666663,0.5814341854721111
bb_ipp_adaptive,estimated,3661,305.0,0.5789751679799464
bb_ipp_adaptive,estimated,3662,305.08333333333337,0.5789946270405166
bb_ipp_adaptive,estimated,3663,305.16666666666663,0.5794404008885398
bb_ipp_adaptive,estimated,3664,305.25,0.5781011058662705
bb_ipp_adaptive,estimated,3665,305.33333333333337,0.5783745022809715
bb_ipp_adaptive,estimated,3666,305.41666666666663,0.5769271200779639
bb_ipp_adaptive,estimated,3667,305.5,0.5752139993890965
bb_ipp_adaptive,estimated,3668,305.58333333333337,0.5749448872734712
bb_ipp_adaptive,estimated,3669,305.66666666666663,0.5731445605474687
bb_ipp_adaptive,estimated,3670,305.75,0.5731863325718656
bb_ipp_adaptive,estimated,3671,305.83333333333337,0.5725773679346183
bb_ipp_adaptive,estimated,3672,305.91666666666663,0.5733609775577018
bb_ipp_adaptive,estimated,3673,306.0,0.5726657496228267
bb_ipp_adaptive,estimated,3674,306.08333333333337,0.5750529180556392
bb_ipp_adaptive,estimated,3675,306.16666666666663,0.572549193358889
bb_ipp_adaptive,estimated,3676,306.25,0.572926695506023
bb_ipp_adaptive,estimated,3677,306.33333333333337,0.5721437389974031
bb_ipp_adaptive,estimated,3678,306.41666666666663,0.5717397249304418
bb_ipp_adaptive,estimated,3679,306.5,0.5715942452743075
bb_ipp_adaptive,estimated,3680,306.58333333333337,0.5720246912548976
bb_ipp_adaptive,estimated,3681,306.66666666666663,0.5734744925860071
bb_ipp_adaptive,estimated,3682,306.75,0.5755076256504353
bb_ipp_adaptive,estimated,3683,306.83333333333337,0.5758557319964909
bb_ipp_adaptive,estimated,3684,306.91666666666663,0.5775764187487743
bb_ipp_adaptive,estimated,3685,307.0,0.5793418458265758
bb_ipp_adaptive,estimated,3686,307.08333333333337,0.5790885239955448
bb_ipp_adaptive,estimated,3687,307.16666666666663,0.5770607772048373
bb_ipp_adaptive,estimated,3688,307.25,0.5795337934268938
bb_ipp_adaptive,estimated,3689,307.33333333333337,0.5778476926772127
bb_ipp_adaptive,estimated,3690,307.41666666666663,0.5790033173938471
bb_ipp_adaptive,estimated,3691,307.5,0.5781639705419004
bb_ipp_adaptive,estimated,3692,307.58333333333337,0.5776508750671367
bb_ipp_adaptive,estimated,3693,307.66666666666663,0.5800512808611229
bb_ipp_adaptive,estimated,3694,307.75,0.581064088974044
bb_ipp_adaptive,estimated,3695,307.83333333333337,0.5821423500040386
bb_ipp_adaptive,estimated,3696,307.91666666666663,0.5828726419933731
bb_ipp_adaptive,estimated,3697,308.0,0.5822535829798865
bb_ipp_adaptive,estimated,3698,308.08333333333337,0.5821796590572375
bb_ipp_adaptive,estimated,3699,308.16666666666663,0.5823679070475304
bb_ipp_adaptive,estimated,3700,308.25,0.5820686750692541
bb_ipp_adaptive,estimated,3701,308.33333333333337,0.5833138376005103
bb_ipp_adaptive,estimated,3702,308.41666666666663,0.5846224718376128
bb_ipp_adaptive,estimated,3703,308.5,0.5852134171012807
bb_ipp_adaptive,estimated,3704,308.58333333333337,0.5860877524075521
bb_ipp_adaptive,estimated,3705,308.66666666666663,0.5855902754945488
bb_ipp_adaptive,estimated,3706,308.75,0.5850599341424236
bb_ipp_adaptive,estimated,3707,308.83333333333337,0.5862396819432556
bb_ipp_adaptive,estimated,3708,308.91666666666663,0.5868440935194261
bb_ipp_adaptive,estimated,3709,309.0,0.5873619132323591
bb_ipp_adaptive,estimated,3710,309.08333333333337,0.5858813510818592
bb_ipp_adaptive,estimated,3711,309.16666666666663,0.5861494080760492
bb_ipp_adaptive,estimated,3712,309.25,0.5868267293074134
bb_ipp_adaptive,estimated,3713,309.33333333333337,0.587170064607791
bb_ipp_adaptive,estimated,3714,309.41666666666663,0.5862559915452131
bb_ipp_adaptive,estimated,3715,309.5,0.5871140094359497
bb_ipp_adaptive,estimated,3716,309.58333333333337,0.5873193255454925
bb_ipp_adaptive,estimated,3717,309.66666666666663,0.5862270251619082
bb_ipp_adaptive,estimated,3718,309.75,0.586076033542141
bb_ipp_adaptive,estimated,3719,309.83333333333337,0.5864792907939931
bb_ipp_adaptive,estimated,3720,309.91666666666663,0.5865510896375733
bb_ipp_adaptive,estimated,3721,310.0,0.586528932155588
bb_ipp_adaptive,estimated,3722,310.08333333333337,0.5878654651598688
bb_ipp_adaptive,estimated,3723,310.16666666666663,0.5876486269298558
bb_ipp_adaptive,estimated,3724,310.25,0.5865130492437298
bb_ipp_adaptive,estimated,3725,310.33333333333337,0.5869501242679742
bb_ipp_adaptive,estimated,3726,310.41666666666663,0.5876410269395685
bb_ipp_adaptive,estimated,3727,310.5,0.5878380424025339
bb_ipp_adaptive,estimated,3728,310.58333333333337,0.5878287958197222
bb_ipp_adaptive,estimated,3729,310.66666666666663,0.5889289055804889
bb_ipp_adaptive,estimated,3730,310.75,0.5883264106880046
bb_ipp_adaptive,estimated,3731,310.83333333333337,0.5874064351636242
bb_ipp_adaptive,estimated,3732,310.91666666666663,0.5880123456084001
bb_ipp_adaptive,estimated,3733,311.0,0.5868250210863019
bb_ipp_adaptive,estimated,3734,311.08333333333337,0.588289581403137
bb_ipp_adaptive,estimated,3735,311.16666666666663,0.587893712140841
bb_ipp_adaptive,estimated,3736,311.25,0.5873893963252685
bb_ipp_adaptive,estimated,3737,311.33333333333337,0.5861205187495642
bb_ipp_adaptive,estimated,3738,311.41666666666663,0.5860985938502146
bb_ipp_adaptive,estimated,3739,311.5,0.5852215166582058
bb_ipp_adaptive,estimated,3740,311.58333333333337,0.585611041112345
bb_ipp_adaptive,estimated,3741,311.66666666666663,0.5852816544494384
bb_ipp_adaptive,estimated,3742,311.75,0.5850863162895441
bb_ipp_adaptive,estimated,3743,311.83333333333337,0.5846608451551223
bb_ipp_adaptive,estimated,3744,311.91666666666663,0.5848680729690208
bb_ipp_adaptive,estimated,3745,312.0,0.585956886265745
bb_ipp_adaptive,estimated,3746,312.08333333333337,0.5859623701781672
bb_ipp_adaptive,estimated,3747,312.16666666666663,0.5844205628205407
bb_ipp_adaptive,estimated,3748,312.25,0.5849380296646595
bb_ipp_adaptive,estimated,3749,312.33333333333337,0.5836947262010292
bb_ipp_adaptive,estimated,3750,312.41666666666663,0.5837722843261149
bb_ipp_adaptive,estimated,3751,312.5,0.5839816549016286
bb_ipp_adaptive,estimated,3752,312.58333333333337,0.5855749459603173
bb_ipp_adaptive,estimated,3753,312.66666666666663,0.5847912934282203
bb_ipp_adaptive,estimated,3754,312.75,0.5863755237097146
bb_ipp_adaptive,estimated,3755,312.83333333333337,0.5851795565136977
bb_ipp_adaptive,estimated,3756,312.91666666666663,0.5840049304012188
bb_ipp_adaptive,estimated,3757,313.0,0.5823286457939815
bb_ipp_adaptive,estimated,3758,313.08333333333337,0.5812739761504343
bb_ipp_adaptive,estimated,3759,313.16666666666663,0.5805296174522059
bb_ipp_adaptive,estimated,3760,313.25,0.5803677729788345
bb_ipp_adaptive,estimated,3761,313.33333333333337,0.5787923586466307
bb_ipp_adaptive,estimated,3762,313.41666666666663,0.5782290576506918
bb_ipp_adaptive,estimated,3763,313.5,0.5784894259240309
bb_ipp_adaptive,estimated,3764,313.58333333333337,0.5781589378901258
bb_ipp_adaptive,estimated,3765,313.66666666666663,0.5793238948010772
bb_ipp_adaptive,estimated,3766,313.75,0.5792558074844811
bb_ipp_adaptive,estimated,3767,313.83333333333337,0.5783945193155733
bb_ipp_adaptive,estimated,3768,313.91666666666663,0.5801900962289863
bb_ipp_adaptive,estimated,3769,314.0,0.5819465797197754
bb_ipp_adaptive,estimated,3770,314.08333333333337,0.5812430487522509
bb_ipp_adaptive,estimated,3771,314.16666666666663,0.5817584223746961
bb_ipp_adaptive,estimated,3772,314.25,0.5818643622746359
bb_ipp_adaptive,estimated,3773,314.33333333333337,0.5824794394793316
bb_ipp_adaptive,estimated,3774,314.41666666666663,0.5821030291036213
bb_ipp_adaptive,estimated,3775,314.5,0.5831472653614092
bb_ipp_adaptive,estimated,3776,314.58333333333337,0.5839898992847689
bb_ipp_adaptive,estimated,3777,314.66666666666663,0.5843904055384789
bb_ipp_adaptive,estimated,3778,314.75,0.5838170175555889
bb_ipp_adaptive,estimated,3779,314.83333333333337,0.5841487854992332
bb_ipp_adaptive,estimated,3780,314.91666666666663,0.5837442369577671
bb_ipp_adaptive,estimated,3781,315.0,0.5854028041411657
bb_ipp_adaptive,estimated,3782,315.08333333333337,0.5866068701990397
bb_ipp_adaptive,estimated,3783,315.16666666666663,0.5869733444885921
bb_ipp_adaptive,estimated,3784,315.25,0.5866247341997681
bb_ipp_adaptive,estimated,3785,315.33333333333337,0.5877140051891799
bb_ipp_adaptive,estimated,3786,315.41666666666663,0.5876601902861385
bb_ipp_adaptive,estimated,3787,315.5,0.5872865906869009
bb_ipp_adaptive,estimated,3788,315.58333333333337,0.58704675659994
bb_ipp_adaptive,estimated,3789,315.66666666666663,0.5885850840416462
bb_ipp_adaptive,estimated,3790,315.75,0.5890058406801305
bb_ipp_adaptive,estimated,3791,315.83333333333337,0.5880638795419366
bb_ipp_adaptive,estimated,3792,315.91666666666663,0.5877415124868105
bb_ipp_adaptive,estimated,3793,316.0,0.5878598320477786
bb_ipp_adaptive,estimated,3794,316.08333333333337,0.587519174431956
bb_ipp_adaptive,estimated,3795,316.16666666666663,0.5883667248069018
bb_ipp_adaptive,estimated,3796,316.25,0.5895701656364457
bb_ipp_adaptive,estimated,3797,316.33333333333337,0.5898908234319477
bb_ipp_adaptive,estimated,3798,316.41666666666663,0.5902918217451619
bb_ipp_adaptive,estimated,3799,316.5,0.5900084147702497
bb_ipp_adaptive,estimated,3800,316.58333333333337,0.5896083776033665
bb_ipp_adaptive,estimated,3801,316.66666666666663,0.5898285326319326
bb_ipp_adaptive,estimated,3802,316.75,0.5896000178205023
bb_ipp_adaptive,estimated,3803,316.83333333333337,0.5890320814978447
bb_ipp_adaptive,estimated,3804,316.91666666666663,0.5891319889981632
bb_ipp_adaptive,estimated,3805,317.0,0.5897696516991288
bb_ipp_adaptive,estimated,3806,317.08333333333337,0.5893464000666292
bb_ipp_adaptive,estimated,3807,317.16666666666663,0.5900378782500199
bb_ipp_adaptive,estimated,3808,317.25,0.5906576679156886
bb_ipp_adaptive,estimated,3809,317.33333333333337,0.5908939848149318
bb_ipp_adaptive,estimated,3810,317.41666666666663,0.5909704280797861
bb_ipp_adaptive,estimated,3811,317.5,0.5904162412946912
bb_ipp_adaptive,estimated,3812,317.58333333333337,0.590788948232203
bb_ipp_adaptive,estimated,3813,317.66666666666663,0.590219613310664
bb_ipp_adaptive,estimated,3814,317.75,0.5901339380048426
bb_ipp_adaptive,estimated,3815,317.83333333333337,0.5902677396734949
bb_ipp_adaptive,estimated,3816,317.91666666666663,0.5899217382227682
bb_ipp_adaptive,estimated,3817,318.0,0.5899059456479261
bb_ipp_adaptive,estimated,3818,318.08333333333337,0.5901405407800006
bb_ipp_adaptive,estimated,3819,318.16666666666663,0.589648796518915
bb_ipp_adaptive,estimated,3820,318.25,0.5895283136009861
bb_ipp_adaptive,estimated,3821,318.33333333333337,0.5899889187139885
bb_ipp_adaptive,estimated,3822,318.41666666666663,0.5897378009203719
bb_ipp_adaptive,estimated,3823,318.5,0.5891758343738799
bb_ipp_adaptive,estimated,3824,318.58333333333337,0.589598185188678
bb_ipp_adaptive,estimated,3825,318.66666666666663,0.5898023819885572
bb_ipp_adaptive,estimated,3826,318.75,0.5893009221169906
bb_ipp_adaptive,estimated,3827,318.83333333333337,0.5880741832295007
bb_ipp_adaptive,estimated,3828,318.91666666666663,0.5899321323810475
bb_ipp_adaptive,estimated,3829,319.0,0.5895968563952817
bb_ipp_adaptive,estimated,3830,319.08333333333337,0.5891687265303829
bb_ipp_adaptive,estimated,3831,319.16666666666663,0.5891909325350905
bb_ipp_adaptive,estimated,3832,319.25,0.5895141933448824
bb_ipp_adaptive,estimated,3833,319.33333333333337,0.5892437119073254
bb_ipp_adaptive,estimated,3834,319.41666666666663,0.5884111089580696
bb_ipp_adaptive,estimated,3835,319.5,0.5878426955597941
bb_ipp_adaptive,estimated,3836,319.58333333333337,0.5884834821907455
bb_ipp_adaptive,estimated,3837,319.66666666666663,0.5877986211969795
bb_ipp_adaptive,estimated,3838,319.75,0.5879680271224448
bb_ipp_adaptive,estimated,3839,319.83333333333337,0.5867684378787317
bb_ipp_adaptive,estimated,3840,319.91666666666663,0.5860380333069962
bb_ipp_adaptive,estimated,3841,320.0,0.5850710204248853
bb_ipp_adaptive,estimated,3842,320.08333333333337,0.5849793877133032
bb_ipp_adaptive,estimated,3843,320.16666666666663,0.5843436496252621
bb_ipp_adaptive,estimated,3844,320.25,0.5832594697481487
bb_ipp_adaptive,estimated,3845,320.33333333333337,0.5837446981365054
bb_ipp_adaptive,estimated,3846,320.41666666666663,0.5838483496537292
bb_ipp_adaptive,estimated,3847,320.5,0.5845287212977698
bb_ipp_adaptive,estimated,3848,320.58333333333337,0.5826722084288726
bb_ipp_adaptive,estimated,3849,320.66666666666663,0.5826210472011821
bb_ipp_adaptive,estimated,3850,320.75,0.5817420715001094
bb_ipp_adaptive,estimated,3851,320.83333333333337,0.5801683506190307
bb_ipp_adaptive,estimated,3852,320.91666666666663,0.5804985035259154
bb_ipp_adaptive,estimated,3853,321.0,0.5809691999723388
bb_ipp_adaptive,estimated,3854,321.08333333333337,0.5790110369381729
bb_ipp_adaptive,estimated,3855,321.16666666666663,0.5780809738156998
bb_ipp_adaptive,estimated,3856,321.25,0.5792218905393577
bb_ipp_adaptive,estimated,3857,321.33333333333337,0.5788872911101108
bb_ipp_adaptive,estimated,3858,321.41666666666663,0.5792952220267232
bb_ipp_adaptive,estimated,3859,321.5,0.5798061739132666
bb_ipp_adaptive,estimated,3860,321.58333333333337,0.5816448845317506
bb_ipp_adaptive,estimated,3861,321.66666666666663,0.583343498169991
bb_ipp_adaptive,estimated,3862,321.75,0.5808070420922732
bb_ipp_adaptive,estimated,3863,321.83333333333337,0.5800518566939092
bb_ipp_adaptive,estimated,3864,321.91666666666663,0.5809998271477778
bb_ipp_adaptive,estimated,3865,322.0,0.5808188598065251
bb_ipp_adaptive,estimated,3866,322.08333333333337,0.5805328569908128
bb_ipp_adaptive,estimated,3867,322.16666666666663,0.5810207000465711
bb_ipp_adaptive,estimated,3868,322.25,0.5802578833533812
bb_ipp_adaptive,estimated,3869,322.33333333333337,0.5795716832345328
bb_ipp_adaptive,estimated,3870,322.41666666666663,0.5781527281630897
bb_ipp_adaptive,estimated,3871,322.5,0.5787552328802634
bb_ipp_adaptive,estimated,3872,322.58333333333337,0.5794676217982737
bb_ipp_adaptive,estimated,3873,322.66666666666663,0.5804564962763175
bb_ipp_adaptive,estimated,3874,322.75,0.5807451049553177
bb_ipp_adaptive,estimated,3875,322.83333333333337,0.5820869990414006
bb_ipp_adaptive,estimated,3876,322.91666666666663,0.5834234246725447
bb_ipp_adaptive,estimated,3877,323.0,0.5836394272400988
bb_ipp_adaptive,estimated,3878,323.08333333333337,0.5832972262849215
bb_ipp_adaptive,estimated,3879,323.16666666666663,0.5838580469930768
bb_ipp_adaptive,estimated,3880,323.25,0.5838592132609538
bb_ipp_adaptive,estimated,3881,323.33333333333337,0.5836590201382972
bb_ipp_adaptive,estimated,3882,323.41666666666663,0.5844031782041718
bb_ipp_adaptive,estimated,3883,323.5,0.585377421266657
bb_ipp_adaptive,estimated,3884,323.58333333333337,0.5869081400226275
bb_ipp_adaptive,estimated,3885,323.66666666666663,0.5880986358266921
bb_ipp_adaptive,estimated,3886,323.75,0.5885140813083363
bb_ipp_adaptive,estimated,3887,323.83333333333337,0.5882521234557084
bb_ipp_adaptive,estimated,3888,323.91666666666663,0.5885332307615181
bb_ipp_adaptive,estimated,3889,324.0,0.5890388391563885
bb_ipp_adaptive,estimated,3890,324.08333333333337,0.5892357038458893
bb_ipp_adaptive,estimated,3891,324.16666666666663,0.5890195097495965
bb_ipp_adaptive,estimated,3892,324.25,0.5878145981391188
bb_ipp_adaptive,estimated,3893,324.33333333333337,0.5882234022228945
bb_ipp_adaptive,estimated,3894,324.41666666666663,0.5878168284413414
bb_ipp_adaptive,estimated,3895,324.5,0.5893500190354466
bb_ipp_adaptive,estimated,3896,324.58333333333337,0.5887851919134219
bb_ipp_adaptive,estimated,3897,324.66666666666663,0.5891959922393704
bb_ipp_adaptive,estimated,3898,324.75,0.5890855140958743
bb_ipp_adaptive,estimated,3899,324.83333333333337,0.5896488673211274
bb_ipp_adaptive,estimated,3900,324.91666666666663,0.5904247640369334
bb_ipp_adaptive,estimated,3901,325.0,0.5905178342154948
bb_ipp_adaptive,estimated,3902,325.08333333333337,0.5908321454225324
bb_ipp_adaptive,estimated,3903,325.16666666666663,0.5903269555618436
bb_ipp_adaptive,estimated,3904,325.25,0.5910582899133393
bb_ipp_adaptive,estimated,3905,325.33333333333337,0.5904916071130744
bb_ipp_adaptive,estimated,3906,325.41666666666663,0.5900009128135064
bb_ipp_adaptive,estimated,3907,325.5,0.5896764350154602
bb_ipp_adaptive,estimated,3908,325.58333333333337,0.5908325947819105
bb_ipp_adaptive,estimated,3909,325.66666666666663,0.5905299151943811
bb_ipp_adaptive,estimated,3910,325.75,0.5908213781734477
bb_ipp_adaptive,estimated,3911,325.83333333333337,0.590990294548903
bb_ipp_adaptive,estimated,3912,325.91666666666663,0.5889363523857486
bb_ipp_adaptive,estimated,3913,326.0,0.5875270443798695
bb_ipp_adaptive,estimated,3914,326.08333333333337,0.5886442457280402
bb_ipp_adaptive,estimated,3915,326.16666666666663,0.5894212635648708
bb_ipp_adaptive,estimated,3916,326.25,0.5886677955636513
bb_ipp_adaptive,estimated,3917,326.33333333333337,0.5891607940591512
bb_ipp_adaptive,estimated,3918,326.41666666666663,0.5895413250589484
bb_ipp_adaptive,estimated,3919,326.5,0.5897515000586796
bb_ipp_adaptive,estimated,3920,326.58333333333337,0.5898579093709719
bb_ipp_adaptive,estimated,3921,326.66666666666663,0.5893901594298194
bb_ipp_adaptive,estimated,3922,326.75,0.5888705015896726
bb_ipp_adaptive,estimated,3923,326.83333333333337,0.5891962381215782
bb_ipp_adaptive,estimated,3924,326.91666666666663,0.5876667562841517
bb_ipp_adaptive,estimated,3925,327.0,0.5864101308381905
bb_ipp_adaptive,estimated,3926,327.08333333333337,0.5852390506732675
bb_ipp_adaptive,estimated,3927,327.16666666666663,0.5849477078331549
bb_ipp_adaptive,estimated,3928,327.25,0.5836439956848405
bb_ipp_adaptive,estimated,3929,327.33333333333337,0.5837786592638252
bb_ipp_adaptive,estimated,3930,327.41666666666663,0.5855975049803431
bb_ipp_adaptive,estimated,3931,327.5,0.5857867653900102
bb_ipp_adaptive,estimated,3932,327.58333333333337,0.5847193956597069
bb_ipp_adaptive,estimated,3933,327.66666666666663,0.5849069365008938
bb_ipp_adaptive,estimated,3934,327.75,0.5851862285317474
bb_ipp_adaptive,estimated,3935,327.83333333333337,0.5843980533893665
bb_ipp_adaptive,estimated,3936,327.91666666666663,0.5846870499155404
bb_ipp_adaptive,estimated,3937,328.0,0.5848859532542893
bb_ipp_adaptive,estimated,3938,328.08333333333337,0.5845948741923619
bb_ipp_adaptive,estimated,3939,328.16666666666663,0.583417965926964
bb_ipp_adaptive,estimated,3940,328.25,0.5844269961130697
bb_ipp_adaptive,estimated,3941,328.33333333333337,0.5855814962775276
bb_ipp_adaptive,estimated,3942,328.41666666666663,0.5872810955815406
bb_ipp_adaptive,estimated,3943,328.5,0.586284306275989
bb_ipp_adaptive,estimated,3944,328.58333333333337,0.586516694491917
bb_ipp_adaptive,estimated,3945,328.66666666666663,0.5864384116351558
bb_ipp_adaptive,estimated,3946,328.75,0.5874653439301136
bb_ipp_adaptive,estimated,3947,328.83333333333337,0.5871087557431829
bb_ipp_adaptive,estimated,3948,328.91666666666663,0.5864575581883985
bb_ipp_adaptive,estimated,3949,329.0,0.587146228735389
bb_ipp_adaptive,estimated,3950,329.08333333333337,0.5859171232259758
bb_ipp_adaptive,estimated,3951,329.16666666666663,0.5880019959953445
bb_ipp_adaptive,estimated,3952,329.25,0.5881557317103546
bb_ipp_adaptive,estimated,3953,329.33333333333337,0.5889457614783034
bb_ipp_adaptive,estimated,3954,329.41666666666663,0.5906408570281059
bb_ipp_adaptive,estimated,3955,329.5,0.5912706407290995
bb_ipp_adaptive,estimated,3956,329.58333333333337,0.5917256435167979
bb_ipp_adaptive,estimated,3957,329.66666666666663,0.5930546201408404
bb_ipp_adaptive,estimated,3958,329.75,0.5928893301031387
bb_ipp_adaptive,estimated,3959,329.83333333333337,0.5935735972328492
bb_ipp_adaptive,estimated,3960,329.91666666666663,0.5938728597503654
bb_ipp_adaptive,estimated,3961,330.0,0.5931274213395408
bb_ipp_adaptive,estimated,3962,330.08333333333337,0.5928668626697838
bb_ipp_adaptive,estimated,3963,330.16666666666663,0.5936956444087341
bb_ipp_adaptive,estimated,3964,330.25,0.5944829616510635
bb_ipp_adaptive,estimated,3965,330.33333333333337,0.5946974350974226
bb_ipp_adaptive,estimated,3966,330.41666666666663,0.5945007240476702
bb_ipp_adaptive,estimated,3967,330.5,0.5952149380379606
bb_ipp_adaptive,estimated,3968,330.58333333333337,0.5948185501026304
bb_ipp_adaptive,estimated,3969,330.66666666666663,0.5945035325693975
bb_ipp_adaptive,estimated,3970,330.75,0.5946493051830226
bb_ipp_adaptive,estimated,3971,330.83333333333337,0.5944857713766964
bb_ipp_adaptive,estimated,3972,330.91666666666663,0.5948114539842824
bb_ipp_adaptive,estimated,3973,331.0,0.5958547962206244
bb_ipp_adaptive,estimated,3974,331.08333333333337,0.5955383288151551
bb_ipp_adaptive,estimated,3975,331.16666666666663,0.5953237731821216
bb_ipp_adaptive,estimated,3976,331.25,0.595048634556472
bb_ipp_adaptive,estimated,3977,331.33333333333337,0.5952677274067988
bb_ipp_adaptive,estimated,3978,331.41666666666663,0.5955338669200024
bb_ipp_adaptive,estimated,3979,331.5,0.5955565813501055
bb_ipp_adaptive,estimated,3980,331.58333333333337,0.5959216130513239
bb_ipp_adaptive,estimated,3981,331.66666666666663,0.5962097746317994
bb_ipp_adaptive,estimated,3982,331.75,0.5958194126474591
bb_ipp_adaptive,estimated,3983,331.83333333333337,0.5946193506214946
bb_ipp_adaptive,estimated,3984,331.91666666666663,0.5957416594314292
bb_ipp_adaptive,estimated,3985,332.0,0.5945760284753723
bb_ipp_adaptive,estimated,3986,332.08333333333337,0.5945382975017468
bb_ipp_adaptive,estimated,3987,332.16666666666663,0.5938991950043301
bb_ipp_adaptive,estimated,3988,332.25,0.5949653031851175
bb_ipp_adaptive,estimated,3989,332.33333333333337,0.5948425145298062
bb_ipp_adaptive,estimated,3990,332.41666666666663,0.5942007464760702
bb_ipp_adaptive,estimated,3991,332.5,0.5939536603256989
bb_ipp_adaptive,estimated,3992,332.58333333333337,0.5953172736398634
bb_ipp_adaptive,estimated,3993,332.66666666666663,0.5952651781075118
bb_ipp_adaptive,estimated,3994,332.75,0.5943674495380555
bb_ipp_adaptive,estimated,3995,332.83333333333337,0.594778585202076
bb_ipp_adaptive,estimated,3996,332.91666666666663,0.594201508855077
bb_ipp_adaptive,estimated,3997,333.0,0.5942635690401739
bb_ipp_adaptive,estimated,3998,333.08333333333337,0.5936715100674604
bb_ipp_adaptive,estimated,3999,333.16666666666663,0.5928346558334985
bb_ipp_adaptive,estimated,4000,333.25,0.5931288336527374
bb_ipp_adaptive,estimated,4001,333.33333333333337,0.594642476824239
bb_ipp_adaptive,estimated,4002,333.41666666666663,0.5935173369055118
bb_ipp_adaptive,estimated,4003,333.5,0.5937963734422621
bb_ipp_adaptive,estimated,4004,333.58333333333337,0.5924160124588959
bb_ipp_adaptive,estimated,4005,333.66666666666663,0.5923855558413664
bb_ipp_adaptive,estimated,4006,333.75,0.5925466804424543
bb_ipp_adaptive,estimated,4007,333.83333333333337,0.5927421420618926
bb_ipp_adaptive,estimated,4008,333.91666666666663,0.5929690251001037
bb_ipp_adaptive,estimated,4009,334.0,0.5926059193484804
bb_ipp_adaptive,estimated,4010,334.08333333333337,0.5925811669116623
bb_ipp_adaptive,estimated,4011,334.16666666666663,0.5917015103588052
bb_ipp_adaptive,estimated,4012,334.25,0.5905469073823861
bb_ipp_adaptive,estimated,4013,334.33333333333337,0.5895575681916203
bb_ipp_adaptive,estimated,4014,334.41666666666663,0.5889056894778454
bb_ipp_adaptive,estimated,4015,334.5,0.5893488972250084
bb_ipp_adaptive,estimated,4016,334.58333333333337,0.5890134993941709
bb_ipp_adaptive,estimated,4017,334.66666666666663,0.5882234336072842
bb_ipp_adaptive,estimated,4018,334.75,0.587138741330274
bb_ipp_adaptive,estimated,4019,334.83333333333337,0.5861688271001033
bb_ipp_adaptive,estimated,4020,334.91666666666663,0.5867976876426984
bb_ipp_adaptive,estimated,4021,335.0,0.5859677404034216
bb_ipp_adaptive,estimated,4022,335.08333333333337,0.58727978488491
bb_ipp_adaptive,estimated,4023,335.16666666666663,0.5882878082778448
bb_ipp_adaptive,estimated,4024,335.25,0.5867917263748664
bb_ipp_adaptive,estimated,4025,335.33333333333337,0.5866772001624929
bb_ipp_adaptive,estimated,4026,335.41666666666663,0.5851892901594168
bb_ipp_adaptive,estimated,4027,335.5,0.5856628928075276
bb_ipp_adaptive,estimated,4028,335.58333333333337,0.5861877728054218
bb_ipp_adaptive,estimated,4029,335.66666666666663,0.5867393900609659
bb_ipp_adaptive,estimated,4030,335.75,0.5873646207819887
bb_ipp_adaptive,estimated,4031,335.83333333333337,0.5879532315498125
bb_ipp_adaptive,estimated,4032,335.91666666666663,0.5882215505522376
bb_ipp_adaptive,estimated,4033,336.0,0.5882142734975382
bb_ipp_adaptive,estimated,4034,336.08333333333337,0.5875352633300195
bb_ipp_adaptive,estimated,4035,336.16666666666663,0.587094387330042
bb_ipp_adaptive,estimated,4036,336.25,0.586730817200298
bb_ipp_adaptive,estimated,4037,336.33333333333337,0.5870844940783015
bb_ipp_adaptive,estimated,4038,336.41666666666663,0.586818172409037
bb_ipp_adaptive,estimated,4039,336.5,0.5870261198962095
bb_ipp_adaptive,estimated,4040,336.58333333333337,0.5877420578649406
bb_ipp_adaptive,estimated,4041,336.66666666666663,0.5876124485041717
bb_ipp_adaptive,estimated,4042,336.75,0.5875859924730671
bb_ipp_adaptive,estimated,4043,336.83333333333337,0.5880036169710546
bb_ipp_adaptive,estimated,4044,336.91666666666663,0.5872668348969773
bb_ipp_adaptive,estimated,4045,337.0,0.5881825512433317
bb_ipp_adaptive,estimated,4046,337.08333333333337,0.5874652794608847
bb_ipp_adaptive,estimated,4047,337.16666666666663,0.5880845343048663
bb_ipp_adaptive,estimated,4048,337.25,0.5881200105111976
bb_ipp_adaptive,estimated,4049,337.33333333333337,0.5877578867229157
bb_ipp_adaptive,estimated,4050,337.41666666666663,0.5885831725663947
bb_ipp_adaptive,estimated,4051,337.5,0.5880028650891276
bb_ipp_adaptive,estimated,4052,337.58333333333337,0.5882043349606577
bb_ipp_adaptive,estimated,4053,337.66666666666663,0.5890440499072707
bb_ipp_adaptive,estimated,4054,337.75,0.5897357029366624
bb_ipp_adaptive,estimated,4055,337.83333333333337,0.5896537072978596
bb_ipp_adaptive,estimated,4056,337.91666666666663,0.5900542739687822
bb_ipp_adaptive,estimated,4057,338.0,0.5901172887407407
bb_ipp_adaptive,estimated,4058,338.08333333333337,0.5906071734173838
bb_ipp_adaptive,estimated,4059,338.16666666666663,0.5907256784182255
bb_ipp_adaptive,estimated,4060,338.25,0.590755917951522
bb_ipp_adaptive,estimated,4061,338.33333333333337,0.5916275851592425
bb_ipp_adaptive,estimated,4062,338.41666666666663,0.590506804282812
bb_ipp_adaptive,estimated,4063,338.5,0.589328662020549
bb_ipp_adaptive,estimated,4064,338.58333333333337,0.589085589769875
bb_ipp_adaptive,estimated,4065,338.66666666666663,0.5905336242489068
bb_ipp_adaptive,estimated,4066,338.75,0.5912861953315443
bb_ipp_adaptive,estimated,4067,338.83333333333337,0.5916409038136817
bb_ipp_adaptive,estimated,4068,338.91666666666663,0.5924809428333792
bb_ipp_adaptive,estimated,4069,339.0,0.5926669485873247
bb_ipp_adaptive,estimated,4070,339.08333333333337,0.5937312900781737
bb_ipp_adaptive,estimated,4071,339.16666666666663,0.5934227356991377
bb_ipp_adaptive,estimated,4072,339.25,0.5935381081635898
bb_ipp_adaptive,estimated,4073,339.33333333333337,0.5933095251968716
bb_ipp_adaptive,estimated,4074,339.41666666666663,0.5931961642578124
bb_ipp_adaptive,estimated,4075,339.5,0.5939264301892804
bb_ipp_adaptive,estimated,4076,339.58333333333337,0.593806950588631
bb_ipp_adaptive,estimated,4077,339.66666666666663,0.5934922219440302
bb_ipp_adaptive,estimated,4078,339.75,0.5946151209950438
bb_ipp_adaptive,estimated,4079,339.83333333333337,0.594507073804701
bb_ipp_adaptive,estimated,4080,339.91666666666663,0.5947676061255149
bb_ipp_adaptive,estimated,4081,340.0,0.5949281318058324
bb_ipp_adaptive,estimated,4082,340.08333333333337,0.5957792500824367
bb_ipp_adaptive,estimated,4083,340.16666666666663,0.5957338134430032
bb_ipp_adaptive,estimated,4084,340.25,0.5952249661181844
bb_ipp_adaptive,estimated,4085,340.33333333333337,0.596018930289043
bb_ipp_adaptive,estimated,4086,340.41666666666663,0.5954304304256991
bb_ipp_adaptive,estimated,4087,340.5,0.5952267391868719
bb_ipp_adaptive,estimated,4088,340.58333333333337,0.5952845886238786
bb_ipp_adaptive,estimated,4089,340.66666666666663,0.5946830558265197
bb_ipp_adaptive,estimated,4090,340.75,0.5943681114109947
bb_ipp_adaptive,estimated,4091,340.83333333333337,0.5946831724338033
bb_ipp_adaptive,estimated,4092,340.91666666666663,0.5951469679623523
bb_ipp_adaptive,estimated,4093,341.0,0.596284675480838
bb_ipp_adaptive,estimated,4094,341.08333333333337,0.5960471026166994
bb_ipp_adaptive,estimated,4095,341.16666666666663,0.595617852754551
bb_ipp_adaptive,estimated,4096,341.25,0.5949533354488692
bb_ipp_adaptive,estimated,4097,341.33333333333337,0.5953308672136404
bb_ipp_adaptive,estimated,4098,341.41666666666663,0.5951954787992987
bb_ipp_adaptive,estimated,4099,341.5,0.5949705411565305
bb_ipp_adaptive,estimated,4100,341.58333333333337,0.5943723416194875
bb_ipp_adaptive,estimated,4101,341.66666666666663,0.594396007087473
bb_ipp_adaptive,estimated,4102,341.75,0.5939189768906975
bb_ipp_adaptive,estimated,4103,341.83333333333337,0.593531978924068
bb_ipp_adaptive,estimated,4104,341.91666666666663,0.5923450133264427
bb_ipp_adaptive,estimated,4105,342.0,0.5917256947411594
bb_ipp_adaptive,estimated,4106,342.08333333333337,0.5911693058231107
bb_ipp_adaptive,estimated,4107,342.16666666666663,0.590057183008928
bb_ipp_adaptive,estimated,4108,342.25,0.5903059905776186
bb_ipp_adaptive,estimated,4109,342.33333333333337,0.5888311547250105
bb_ipp_adaptive,estimated,4110,342.41666666666663,0.5884646912475276
bb_ipp_adaptive,estimated,4111,342.5,0.5885055423952145
bb_ipp_adaptive,estimated,4112,342.58333333333337,0.5866205589696183
bb_ipp_adaptive,estimated,4113,342.66666666666663,0.5850608049257671
bb_ipp_adaptive,estimated,4114,342.75,0.5855224000749925
bb_ipp_adaptive,estimated,4115,342.83333333333337,0.5877333081152847
bb_ipp_adaptive,estimated,4116,342.91666666666663,0.589196131132219
bb_ipp_adaptive,estimated,4117,343.0,0.5892827878253053
bb_ipp_adaptive,estimated,4118,343.08333333333337,0.588145632749304
bb_ipp_adaptive,estimated,4119,343.16666666666663,0.5881382096532074
bb_ipp_adaptive,estimated,4120,343.25,0.5871076443564032
bb_ipp_adaptive,estimated,4121,343.33333333333337,0.5877766577396428
bb_ipp_adaptive,estimated,4122,343.41666666666663,0.5880639156219211
bb_ipp_adaptive,estimated,4123,343.5,0.5880542161117956
bb_ipp_adaptive,estimated,4124,343.58333333333337,0.5883336506015663
bb_ipp_adaptive,estimated,4125,343.66666666666663,0.5901012762023683
bb_ipp_adaptive,estimated,4126,343.75,0.5891112388539541
bb_ipp_adaptive,estimated,4127,343.83333333333337,0.5879846209843206
bb_ipp_adaptive,estimated,4128,343.91666666666663,0.5875228814802704
bb_ipp_adaptive,estimated,4129,344.0,0.586875563901937
bb_ipp_adaptive,estimated,4130,344.08333333333337,0.5861579559236184
bb_ipp_adaptive,estimated,4131,344.16666666666663,0.5883713404258363
bb_ipp_adaptive,estimated,4132,344.25,0.5901255770820855
bb_ipp_adaptive,estimated,4133,344.33333333333337,0.5908513026405223
bb_ipp_adaptive,estimated,4134,344.41666666666663,0.5905430179215414
bb_ipp_adaptive,estimated,4135,344.5,0.5912156957856455
bb_ipp_adaptive,estimated,4136,344.58333333333337,0.5915540749971953
bb_ipp_adaptive,estimated,4137,344.66666666666663,0.5918620987404069
bb_ipp_adaptive,estimated,4138,344.75,0.5922821643004369
bb_ipp_adaptive,estimated,4139,344.83333333333337,0.5919062788491309
bb_ipp_adaptive,estimated,4140,344.91666666666663,0.5919630226515035
bb_ipp_adaptive,estimated,4141,345.0,0.5919394758393449
bb_ipp_adaptive,estimated,4142,345.08333333333337,0.5921141701674993
bb_ipp_adaptive,estimated,4143,345.16666666666663,0.5920831321304494
bb_ipp_adaptive,estimated,4144,345.25,0.5923933127668425
bb_ipp_adaptive,estimated,4145,345.33333333333337,0.592158903770147
bb_ipp_adaptive,estimated,4146,345.41666666666663,0.5927549569037349
bb_ipp_adaptive,estimated,4147,345.5,0.592315237497911
bb_ipp_adaptive,estimated,4148,345.58333333333337,0.592464635952811
bb_ipp_adaptive,estimated,4149,345.66666666666663,0.5922325768833739
bb_ipp_adaptive,estimated,4150,345.75,0.5930782038270747
bb_ipp_adaptive,estimated,4151,345.83333333333337,0.5933921057322025
bb_ipp_adaptive,estimated,4152,345.91666666666663,0.5939877848720586
bb_ipp_adaptive,estimated,4153,346.0,0.5939318387885809
bb_ipp_adaptive,estimated,4154,346.08333333333337,0.5938944137351889
bb_ipp_adaptive,estimated,4155,346.16666666666663,0.5936020813140068
bb_ipp_adaptive,estimated,4156,346.25,0.5939775693557642
bb_ipp_adaptive,estimated,4157,346.33333333333337,0.5939994952439829
bb_ipp_adaptive,estimated,4158,346.41666666666663,0.5943524730716306
bb_ipp_adaptive,estimated,4159,346.5,0.593968145575195
bb_ipp_adaptive,estimated,4160,346.58333333333337,0.5943717684791251
bb_ipp_adaptive,estimated,4161,346.66666666666663,0.5945545451914288
bb_ipp_adaptive,estimated,4162,346.75,0.5939174792548078
bb_ipp_adaptive,estimated,4163,346.83333333333337,0.5937108155642276
bb_ipp_adaptive,estimated,4164,346.91666666666663,0.5941726928443486
bb_ipp_adaptive,estimated,4165,347.0,0.5944931062160027
bb_ipp_adaptive,estimated,4166,347.08333333333337,0.5948743457974272
bb_ipp_adaptive,estimated,4167,347.16666666666663,0.5953866294244514
bb_ipp_adaptive,estimated,4168,347.25,0.5950105454995667
bb_ipp_adaptive,estimated,4169,347.33333333333337,0.5946071197827821
bb_ipp_adaptive,estimated,4170,347.41666666666663,0.5949924741878244
bb_ipp_adaptive,estimated,4171,347.5,0.5948848092499416
bb_ipp_adaptive,estimated,4172,347.58333333333337,0.5945575509981882
bb_ipp_adaptive,estimated,4173,347.66666666666663,0.5943018484138535
bb_ipp_adaptive,estimated,4174,347.75,0.5943195658625385
bb_ipp_adaptive,estimated,4175,347.83333333333337,0.5940555524082577
bb_ipp_adaptive,estimated,4176,347.91666666666663,0.593482899104523
bb_ipp_adaptive,estimated,4177,348.0,0.5928427382059941
bb_ipp_adaptive,estimated,4178,348.08333333333337,0.5932215730252722
bb_ipp_adaptive,estimated,4179,348.16666666666663,0.592946682789682
bb_ipp_adaptive,estimated,4180,348.25,0.5921653942763753
bb_ipp_adaptive,estimated,4181,348.33333333333337,0.5927959602142269
bb_ipp_adaptive,estimated,4182,348.41666666666663,0.5924537487960634
bb_ipp_adaptive,estimated,4183,348.5,0.5919567613925872
bb_ipp_adaptive,estimated,4184,348.58333333333337,0.5910106254408761
bb_ipp_adaptive,estimated,4185,348.66666666666663,0.5905317765806558
bb_ipp_adaptive,estimated,4186,348.75,0.5910168175168506
bb_ipp_adaptive,estimated,4187,348.83333333333337,0.5904133080989821
bb_ipp_adaptive,estimated,4188,348.91666666666663,0.5901660025787486
bb_ipp_adaptive,estimated,4189,349.0,0.5900261887273216
bb_ipp_adaptive,estimated,4190,349.08333333333337,0.5888295087739089
bb_ipp_adaptive,estimated,4191,349.16666666666663,0.5886820174093018
bb_ipp_adaptive,estimated,4192,349.25,0.588826652890677
bb_ipp_adaptive,estimated,4193,349.33333333333337,0.5889991816759784
bb_ipp_adaptive,estimated,4194,349.41666666666663,0.5891075747736496
bb_ipp_adaptive,estimated,4195,349.5,0.5889751492036563
bb_ipp_adaptive,estimated,4196,349.58333333333337,0.5894435682986539
bb_ipp_adaptive,estimated,4197,349.66666666666663,0.5891568341581802
bb_ipp_adaptive,estimated,4198,349.75,0.5878368718029005
bb_ipp_adaptive,estimated,4199,349.83333333333337,0.5867907333580958
bb_ipp_adaptive,estimated,4200,349.91666666666663,0.5863032643410423
bb_ipp_adaptive,estimated,4201,350.0,0.5869526061829301
bb_ipp_adaptive,estimated,4202,350.08333333333337,0.5859015273218784
bb_ipp_adaptive,estimated,4203,350.16666666666663,0.5855735057666039
bb_ipp_adaptive,estimated,4204,350.25,0.5863509713480789
bb_ipp_adaptive,estimated,4205,350.33333333333337,0.5853318766923606
bb_ipp_adaptive,estimated,4206,350.41666666666663,0.5858765746210037
bb_ipp_adaptive,estimated,4207,350.5,0.5850649772289795
bb_ipp_adaptive,estimated,4208,350.58333333333337,0.5861849405382419
bb_ipp_adaptive,estimated,4209,350.66666666666663,0.5867485012454987
bb_ipp_adaptive,estimated,4210,350.75,0.5865251553410306
bb_ipp_adaptive,estimated,4211,350.83333333333337,0.5869488415783811
bb_ipp_adaptive,estimated,4212,350.91666666666663,0.5888493006307638
bb_ipp_adaptive,estimated,4213,351.0,0.589347633577512
bb_ipp_adaptive,estimated,4214,351.08333333333337,0.5891682088156697
bb_ipp_adaptive,estimated,4215,351.16666666666663,0.5886392064323746
bb_ipp_adaptive,estimated,4216,351.25,0.5886467311292627
bb_ipp_adaptive,estimated,4217,351.33333333333337,0.5874711557565042
bb_ipp_adaptive,estimated,4218,351.41666666666663,0.5876198468080215
bb_ipp_adaptive,estimated,4219,351.5,0.5874459350862156
bb_ipp_adaptive,estimated,4220,351.58333333333337,0.5874254882342554
bb_ipp_adaptive,estimated,4221,351.66666666666663,0.5883502039255102
bb_ipp_adaptive,estimated,4222,351.75,0.5879402788120531
bb_ipp_adaptive,estimated,4223,351.83333333333337,0.587698753768618
bb_ipp_adaptive,estimated,4224,351.91666666666663,0.5883874309116442
bb_ipp_adaptive,estimated,4225,352.0,0.5880763678654742
bb_ipp_adaptive,estimated,4226,352.08333333333337,0.5882342147162936
bb_ipp_adaptive,estimated,4227,352.16666666666663,0.5885575248736291
bb_ipp_adaptive,estimated,4228,352.25,0.5887712984925882
bb_ipp_adaptive,estimated,4229,352.33333333333337,0.5892552373135893
bb_ipp_adaptive,estimated,4230,352.41666666666663,0.5897936310098119
bb_ipp_adaptive,estimated,4231,352.5,0.5896065816308711
bb_ipp_adaptive,estimated,4232,352.58333333333337,0.5897522831366955
bb_ipp_adaptive,estimated,4233,352.66666666666663,0.5893968073936685
bb_ipp_adaptive,estimated,4234,352.75,0.5889849804635419
bb_ipp_adaptive,estimated,4235,352.83333333333337,0.5894606312216174
bb_ipp_adaptive,estimated,4236,352.91666666666663,0.5892404131990061
bb_ipp_adaptive,estimated,4237,353.0,0.5898050340741541
bb_ipp_adaptive,estimated,4238,353.08333333333337,0.5894638375723729
bb_ipp_adaptive,estimated,4239,353.16666666666663,0.5894060453523682
bb_ipp_adaptive,estimated,4240,353.25,0.5898968214642665
bb_ipp_adaptive,estimated,4241,353.33333333333337,0.590705023932562
bb_ipp_adaptive,estimated,4242,353.41666666666663,0.590641927617605
bb_ipp_adaptive,estimated,4243,353.5,0.5904861059753114
bb_ipp_adaptive,estimated,4244,353.58333333333337,0.5902065137140636
bb_ipp_adaptive,estimated,4245,353.66666666666663,0.5907923597198964
bb_ipp_adaptive,estimated,4246,353.75,0.5906791122239536
bb_ipp_adaptive,estimated,4247,353.83333333333337,0.5917142285226674
bb_ipp_adaptive,estimated,4248,353.91666666666663,0.5916120321932942
bb_ipp_adaptive,estimated,4249,354.0,0.5919590274161398
bb_ipp_adaptive,estimated,4250,354.08333333333337,0.5917031043677644
bb_ipp_adaptive,estimated,4251,354.16666666666663,0.5920802349399735
bb_ipp_adaptive,estimated,4252,354.25,0.5920902604833325
bb_ipp_adaptive,estimated,4253,354.33333333333337,0.5919007872568827
bb_ipp_adaptive,estimated,4254,354.41666666666663,0.5909430397152913
bb_ipp_adaptive,estimated,4255,354.5,0.5908300413907777
bb_ipp_adaptive,estimated,4256,354.58333333333337,0.5912883882818836
bb_ipp_adaptive,estimated,4257,354.66666666666663,0.5918032380655289
bb_ipp_adaptive,estimated,4258,354.75,0.5916524654549985
bb_ipp_adaptive,estimated,4259,354.83333333333337,0.592442384770945
bb_ipp_adaptive,estimated,4260,354.91666666666663,0.5920211539070788
bb_ipp_adaptive,estimated,4261,355.0,0.5924917570705877
bb_ipp_adaptive,estimated,4262,355.08333333333337,0.5925202609949144
bb_ipp_adaptive,estimated,4263,355.16666666666663,0.5925197602021105
bb_ipp_adaptive,estimated,4264,355.25,0.5918781813804403
bb_ipp_adaptive,estimated,4265,355.33333333333337,0.5922086500573241
bb_ipp_adaptive,estimated,4266,355.41666666666663,0.5917926149988691
bb_ipp_adaptive,estimated,4267,355.5,0.5926162839721728
bb_ipp_adaptive,estimated,4268,355.58333333333337,0.5928007907970901
bb_ipp_adaptive,estimated,4269,355.66666666666663,0.5916241934501689
bb_ipp_adaptive,estimated,4270,355.75,0.5904530354749076
bb_ipp_adaptive,estimated,4271,355.83333333333337,0.5903068659365467
bb_ipp_adaptive,estimated,4272,355.91666666666663,0.5909094748532217
bb_ipp_adaptive,estimated,4273,356.0,0.5903200843384367
bb_ipp_adaptive,estimated,4274,356.08333333333337,0.5902530351686693
bb_ipp_adaptive,estimated,4275,356.16666666666663,0.5898347873098276
bb_ipp_adaptive,estimated,4276,356.25,0.5897953843460391
bb_ipp_adaptive,estimated,4277,356.33333333333337,0.5894022148486032
bb_ipp_adaptive,estimated,4278,356.41666666666663,0.5884453011467905
bb_ipp_adaptive,estimated,4279,356.5,0.5870155647170744
bb_ipp_adaptive,estimated,4280,356.58333333333337,0.5866082828698589
bb_ipp_adaptive,estimated,4281,356.66666666666663,0.5863909292504794
bb_ipp_adaptive,estimated,4282,356.75,0.5861906643497959
bb_ipp_adaptive,estimated,4283,356.83333333333337,0.5863810004164391
bb_ipp_adaptive,estimated,4284,356.91666666666663,0.5869047965258433
bb_ipp_adaptive,estimated,4285,357.0,0.586132230805956
bb_ipp_adaptive,estimated,4286,357.08333333333337,0.5873370141532502
bb_ipp_adaptive,estimated,4287,357.16666666666663,0.5867929235020309
bb_ipp_adaptive,estimated,4288,357.25,0.5872150604196749
bb_ipp_adaptive,estimated,4289,357.33333333333337,0.5871766963715767
bb_ipp_adaptive,estimated,4290,357.41666666666663,0.5874416450777143
bb_ipp_adaptive,estimated,4291,357.5,0.5879307152346002
bb_ipp_adaptive,estimated,4292,357.58333333333337,0.5872370404683211
bb_ipp_adaptive,estimated,4293,357.66666666666663,0.5864633330220907
bb_ipp_adaptive,estimated,4294,357.75,0.5860434155427073
bb_ipp_adaptive,estimated,4295,357.83333333333337,0.5853715533069903
bb_ipp_adaptive,estimated,4296,357.91666666666663,0.5850213599816118
bb_ipp_adaptive,estimated,4297,358.0,0.5855485926561219
bb_ipp_adaptive,estimated,4298,358.08333333333337,0.5860791638389072
bb_ipp_adaptive,estimated,4299,358.16666666666663,0.5865071905904606
bb_ipp_adaptive,estimated,4300,358.25,0.5869579661999669
bb_ipp_adaptive,estimated,4301,358.33333333333337,0.5868493758404649
bb_ipp_adaptive,estimated,4302,358.41666666666663,0.5858975285323904
bb_ipp_adaptive,estimated,4303,358.5,0.5853980026354912
bb_ipp_adaptive,estimated,4304,358.58333333333337,0.5857313714534421
bb_ipp_adaptive,estimated,4305,358.66666666666663,0.5857915371065958
bb_ipp_adaptive,estimated,4306,358.75,0.586578516919729
bb_ipp_adaptive,estimated,4307,358.83333333333337,0.5860339552891476
bb_ipp_adaptive,estimated,4308,358.91666666666663,0.5857388014820781
bb_ipp_adaptive,estimated,4309,359.0,0.5862050451731415
bb_ipp_adaptive,estimated,4310,359.08333333333337,0.5861087392312071
bb_ipp_adaptive,estimated,4311,359.16666666666663,0.5871256998690634
bb_ipp_adaptive,estimated,4312,359.25,0.5866363245165633
bb_ipp_adaptive,estimated,4313,359.33333333333337,0.5861534650169037
bb_ipp_adaptive,estimated,4314,359.41666666666663,0.5862161847232966
bb_ipp_adaptive,estimated,4315,359.5,0.5869499173597074
bb_ipp_adaptive,estimated,4316,359.58333333333337,0.5871281327805967
bb_ipp_adaptive,estimated,4317,359.66666666666663,0.5874734492382024
bb_ipp_adaptive,estimated,4318,359.75,0.5876567705406865
bb_ipp_adaptive,estimated,4319,359.83333333333337,0.5871069901450745
bb_ipp_adaptive,estimated,4320,359.91666666666663,0.5868444549343517
bb_ipp_adaptive,estimated,4321,360.0,0.586994450950778
bb_ipp_adaptive,gt,1,0.0,0.5298262477282941
bb_ipp_adaptive,gt,2,0.08333333333337123,0.5391522257196306
bb_ipp_adaptive,gt,3,0.16666666666662877,0.5418048066283979
bb_ipp_adaptive,gt,4,0.25,0.5432292597032767
bb_ipp_adaptive,gt,5,0.33333333333337123,0.5442003140830775
bb_ipp_adaptive,gt,6,0.41666666666662877,0.5449365358976739
bb_ipp_adaptive,gt,7,0.5,0.5455187153517284
bb_ipp_adaptive,gt,8,0.5833333333333712,0.5459860370017792
bb_ipp_adaptive,gt,9,0.6666666666666288,0.5463705474563333
bb_ipp_adaptive,gt,10,0.75,0.5467111464675823
bb_ipp_adaptive,gt,11,0.8333333333333712,0.5470495754338667
bb_ipp_adaptive,gt,12,0.9166666666666288,0.547413324771287
bb_ipp_adaptive,gt,13,1.0,0.5478102976106348
bb_ipp_adaptive,gt,14,1.0833333333333712,0.5482318441280443
bb_ipp_adaptive,gt,15,1.1666666666666288,0.5486619037592767
bb_ipp_adaptive,gt,16,1.25,0.5490848999379168
bb_ipp_adaptive,gt,17,1.3333333333333712,0.5494860283380741
bb_ipp_adaptive,gt,18,1.4166666666666288,0.5498489524592615
bb_ipp_adaptive,gt,19,1.5,0.550154560366929
bb_ipp_adaptive,gt,20,1.5833333333333712,0.5503908564617986
bb_ipp_adaptive,gt,21,1.6666666666666288,0.5506269935745475
bb_ipp_adaptive,gt,22,1.75,0.5509843020812218
bb_ipp_adaptive,gt,23,1.8333333333333712,0.5514640700910368
bb_ipp_adaptive,gt,24,1.9166666666666288,0.5520123685478228
bb_ipp_adaptive,gt,25,2.0,0.5525687878129195
bb_ipp_adaptive,gt,26,2.0833333333333712,0.5530934342726761
bb_ipp_adaptive,gt,27,2.1666666666666288,0.5535698298881123
bb_ipp_adaptive,gt,28,2.25,0.5539919811877582
bb_ipp_adaptive,gt,29,2.3333333333333712,0.5543560601698567
bb_ipp_adaptive,gt,30,2.4166666666666288,0.5546788249519891
bb_ipp_adaptive,gt,31,2.5,0.5550286427646727
bb_ipp_adaptive,gt,32,2.5833333333333712,0.5554623592878136
bb_ipp_adaptive,gt,33,2.6666666666666288,0.5559641697140799
bb_ipp_adaptive,gt,34,2.75,0.5564808697475613
bb_ipp_adaptive,gt,35,2.8333333333333712,0.5569742147469549
bb_ipp_adaptive,gt,36,2.9166666666666288,0.557442278514982
bb_ipp_adaptive,gt,37,3.0,0.5578951895834154
bb_ipp_adaptive,gt,38,3.0833333333333712,0.5583333015719698
bb_ipp_adaptive,gt,39,3.1666666666666288,0.5587631502044363
bb_ipp_adaptive,gt,40,3.25,0.5592068357510073
bb_ipp_adaptive,gt,41,3.3333333333333712,0.5596671586404773
bb_ipp_adaptive,gt,42,3.4166666666666288,0.5601127993354711
bb_ipp_adaptive,gt,43,3.5,0.5605237842089937
bb_ipp_adaptive,gt,44,3.5833333333333712,0.5609387045587988
bb_ipp_adaptive,gt,45,3.6666666666666288,0.5613968738428616
bb_ipp_adaptive,gt,46,3.75,0.5618844443780024
bb_ipp_adaptive,gt,47,3.8333333333333712,0.5623714655002123
bb_ipp_adaptive,gt,48,3.9166666666666288,0.5628414020111346
bb_ipp_adaptive,gt,49,4.0,0.5632728558712007
bb_ipp_adaptive,gt,50,4.083333333333371,0.5636344011400665
bb_ipp_adaptive,gt,51,4.166666666666629,0.5639679873254521
bb_ipp_adaptive,gt,52,4.25,0.5643870056406479
bb_ipp_adaptive,gt,53,4.333333333333371,0.5648900548197469
bb_ipp_adaptive,gt,54,4.416666666666629,0.5654070584885073
bb_ipp_adaptive,gt,55,4.5,0.5658877483497448
bb_ipp_adaptive,gt,56,4.583333333333371,0.5663019422358231
bb_ipp_adaptive,gt,57,4.666666666666629,0.5666079331626682
bb_ipp_adaptive,gt,58,4.75,0.5668917998572468
bb_ipp_adaptive,gt,59,4.833333333333371,0.5673175913283218
bb_ipp_adaptive,gt,60,4.916666666666629,0.5678336625278599
bb_ipp_adaptive,gt,61,5.0,0.5683460375926337
bb_ipp_adaptive,gt,62,5.083333333333371,0.5687925030042964
bb_ipp_adaptive,gt,63,5.166666666666629,0.5691423346210701
bb_ipp_adaptive,gt,64,5.25,0.5694274541447042
bb_ipp_adaptive,gt,65,5.333333333333371,0.5697677128441078
bb_ipp_adaptive,gt,66,5.416666666666629,0.5701673858187254
bb_ipp_adaptive,gt,67,5.5,0.570534360912203
bb_ipp_adaptive,gt,68,5.583333333333371,0.5708405711245456
bb_ipp_adaptive,gt,69,5.666666666666629,0.5711746473390436
bb_ipp_adaptive,gt,70,5.75,0.5715646489326086
bb_ipp_adaptive,gt,71,5.833333333333371,0.5719593724415074
bb_ipp_adaptive,gt,72,5.916666666666629,0.572309658522034
bb_ipp_adaptive,gt,73,6.0,0.572613617227917
bb_ipp_adaptive,gt,74,6.083333333333371,0.5729172652797873
bb_ipp_adaptive,gt,75,6.166666666666629,0.5732541004666153
bb_ipp_adaptive,gt,76,6.25,0.5735808065638692
bb_ipp_adaptive,gt,77,6.333333333333371,0.5738221352196186
bb_ipp_adaptive,gt,78,6.416666666666629,0.5740718331332846
bb_ipp_adaptive,gt,79,6.5,0.5744487215601705
bb_ipp_adaptive,gt,80,6.583333333333371,0.5748901112084152
bb_ipp_adaptive,gt,81,6.666666666666629,0.5753109566015194
bb_ipp_adaptive,gt,82,6.75,0.5756563360233411
bb_ipp_adaptive,gt,83,6.833333333333371,0.5758793106473387
bb_ipp_adaptive,gt,84,6.916666666666629,0.5761096897112222
bb_ipp_adaptive,gt,85,7.0,0.5764916413901144
bb_ipp_adaptive,gt,86,7.083333333333371,0.5769038538584708
bb_ipp_adaptive,gt,87,7.166666666666629,0.5772393456681302
bb_ipp_adaptive,gt,88,7.25,0.5775292063905825
bb_ipp_adaptive,gt,89,7.333333333333371,0.5778419649496915
bb_ipp_adaptive,gt,90,7.416666666666629,0.5782292922351661
bb_ipp_adaptive,gt,91,7.5,0.5786349117791011
bb_ipp_adaptive,gt,92,7.583333333333371,0.5789553124372023
bb_ipp_adaptive,gt,93,7.666666666666629,0.5791950559009262
bb_ipp_adaptive,gt,94,7.75,0.5795505610219794
bb_ipp_adaptive,gt,95,7.833333333333371,0.5800024612207911
bb_ipp_adaptive,gt,96,7.916666666666629,0.5804493231258607
bb_ipp_adaptive,gt,97,8.0,0.5808501708527732
bb_ipp_adaptive,gt,98,8.083333333333371,0.581195169111427
bb_ipp_adaptive,gt,99,8.166666666666629,0.5814716275302099
bb_ipp_adaptive,gt,100,8.25,0.5817538156989852
bb_ipp_adaptive,gt,101,8.333333333333371,0.5821061242675879
bb_ipp_adaptive,gt,102,8.416666666666629,0.5824924351639151
bb_ipp_adaptive,gt,103,8.5,0.582848570557477
bb_ipp_adaptive,gt,104,8.583333333333371,0.5831345557270702
bb_ipp_adaptive,gt,105,8.666666666666629,0.5833764062784652
bb_ipp_adaptive,gt,106,8.75,0.5836320264866521
bb_ipp_adaptive,gt,107,8.833333333333371,0.5838997783379695
bb_ipp_adaptive,gt,108,8.916666666666629,0.5841337169685864
bb_ipp_adaptive,gt,109,9.0,0.584329618847425
bb_ipp_adaptive,gt,110,9.083333333333371,0.5845291037060716
bb_ipp_adaptive,gt,111,9.166666666666629,0.5847431130078105
bb_ipp_adaptive,gt,112,9.25,0.584937690942887
bb_ipp_adaptive,gt,113,9.333333333333371,0.5850708846484983
bb_ipp_adaptive,gt,114,9.416666666666629,0.5851615723155126
bb_ipp_adaptive,gt,115,9.5,0.5853058447122192
bb_ipp_adaptive,gt,116,9.583333333333371,0.58550426854768
bb_ipp_adaptive,gt,117,9.666666666666629,0.5856818098049444
bb_ipp_adaptive,gt,118,9.75,0.5858259789282719
bb_ipp_adaptive,gt,119,9.833333333333371,0.5859902190035694
bb_ipp_adaptive,gt,120,9.916666666666629,0.5861774039022627
bb_ipp_adaptive,gt,121,10.0,0.5863557328277572
bb_ipp_adaptive,gt,122,10.083333333333371,0.586486980097916
bb_ipp_adaptive,gt,123,10.166666666666629,0.5865450823487868
bb_ipp_adaptive,gt,124,10.25,0.5865929669968634
bb_ipp_adaptive,gt,125,10.333333333333371,0.5866961388366404
bb_ipp_adaptive,gt,126,10.416666666666629,0.5868130920512682
bb_ipp_adaptive,gt,127,10.5,0.5868950041531845
bb_ipp_adaptive,gt,128,10.583333333333371,0.5869648649191701
bb_ipp_adaptive,gt,129,10.666666666666629,0.5870548982892178
bb_ipp_adaptive,gt,130,10.75,0.5871564773396012
bb_ipp_adaptive,gt,131,10.833333333333371,0.587236737138395
bb_ipp_adaptive,gt,132,10.916666666666629,0.5872721429786874
bb_ipp_adaptive,gt,133,11.0,0.5872902980632859
bb_ipp_adaptive,gt,134,11.083333333333371,0.5873425122408528
bb_ipp_adaptive,gt,135,11.166666666666629,0.5874164775477649
bb_ipp_adaptive,gt,136,11.25,0.5874563906561501
bb_ipp_adaptive,gt,137,11.333333333333371,0.5874686176604419
bb_ipp_adaptive,gt,138,11.416666666666629,0.5875331656106525
bb_ipp_adaptive,gt,139,11.5,0.587651156179245
bb_ipp_adaptive,gt,140,11.583333333333371,0.5877638501834165
bb_ipp_adaptive,gt,141,11.666666666666629,0.5878562321666041
bb_ipp_adaptive,gt,142,11.75,0.587984403507048
bb_ipp_adaptive,gt,143,11.833333333333371,0.5881767883539075
bb_ipp_adaptive,gt,144,11.916666666666629,0.5884046838946262
bb_ipp_adaptive,gt,145,12.0,0.5886329002427317
bb_ipp_adaptive,gt,146,12.083333333333371,0.5888672547446583
bb_ipp_adaptive,gt,147,12.166666666666629,0.5891635298038804
bb_ipp_adaptive,gt,148,12.25,0.5895521433935764
bb_ipp_adaptive,gt,149,12.333333333333371,0.5899692395496313
bb_ipp_adaptive,gt,150,12.416666666666629,0.5903236777838831
bb_ipp_adaptive,gt,151,12.5,0.5906754840581439
bb_ipp_adaptive,gt,152,12.583333333333371,0.59106178230427
bb_ipp_adaptive,gt,153,12.666666666666629,0.5914118992269528
bb_ipp_adaptive,gt,154,12.75,0.5916650954758162
bb_ipp_adaptive,gt,155,12.833333333333371,0.5917893921680013
bb_ipp_adaptive,gt,156,12.916666666666629,0.5918046956908938
bb_ipp_adaptive,gt,157,13.0,0.5918667216989137
bb_ipp_adaptive,gt,158,13.083333333333371,0.5920067664293046
bb_ipp_adaptive,gt,159,13.166666666666629,0.5921465444183373
bb_ipp_adaptive,gt,160,13.25,0.5922448245119473
bb_ipp_adaptive,gt,161,13.333333333333371,0.5923346959462125
bb_ipp_adaptive,gt,162,13.416666666666629,0.5924457561488105
bb_ipp_adaptive,gt,163,13.5,0.5925591460361215
bb_ipp_adaptive,gt,164,13.583333333333371,0.5926353838047026
bb_ipp_adaptive,gt,165,13.666666666666629,0.5926698104990886
bb_ipp_adaptive,gt,166,13.75,0.5926993529119639
bb_ipp_adaptive,gt,167,13.833333333333371,0.5927358706610028
bb_ipp_adaptive,gt,168,13.916666666666629,0.5927515826142356
bb_ipp_adaptive,gt,169,14.0,0.5927233922657317
bb_ipp_adaptive,gt,170,14.083333333333371,0.5926702243373281
bb_ipp_adaptive,gt,171,14.166666666666629,0.5926291658984997
bb_ipp_adaptive,gt,172,14.25,0.5925931511776096
bb_ipp_adaptive,gt,173,14.333333333333371,0.5924942657124376
bb_ipp_adaptive,gt,174,14.416666666666629,0.5922534398049318
bb_ipp_adaptive,gt,175,14.5,0.5919310834471795
bb_ipp_adaptive,gt,176,14.583333333333371,0.5916058066111965
bb_ipp_adaptive,gt,177,14.666666666666629,0.5912940363563074
bb_ipp_adaptive,gt,178,14.75,0.5909855984452801
bb_ipp_adaptive,gt,179,14.833333333333371,0.590678225410328
bb_ipp_adaptive,gt,180,14.916666666666629,0.5903980075187386
bb_ipp_adaptive,gt,181,15.0,0.59016667850956
bb_ipp_adaptive,gt,182,15.083333333333371,0.5899598798140968
bb_ipp_adaptive,gt,183,15.166666666666629,0.589733035606251
bb_ipp_adaptive,gt,184,15.25,0.5895588066285957
bb_ipp_adaptive,gt,185,15.333333333333371,0.5895013956907115
bb_ipp_adaptive,gt,186,15.416666666666629,0.5895053879005779
bb_ipp_adaptive,gt,187,15.5,0.5894723079569635
bb_ipp_adaptive,gt,188,15.583333333333371,0.5894103076653957
bb_ipp_adaptive,gt,189,15.666666666666629,0.5894400389080153
bb_ipp_adaptive,gt,190,15.75,0.5895139343203287
bb_ipp_adaptive,gt,191,15.833333333333371,0.5895362058876117
bb_ipp_adaptive,gt,192,15.916666666666629,0.5894776681217537
bb_ipp_adaptive,gt,193,16.0,0.589372469475684
bb_ipp_adaptive,gt,194,16.08333333333337,0.5892324526712088
bb_ipp_adaptive,gt,195,16.16666666666663,0.5890574073159659
bb_ipp_adaptive,gt,196,16.25,0.5888505854080684
bb_ipp_adaptive,gt,197,16.33333333333337,0.5886264521621571
bb_ipp_adaptive,gt,198,16.41666666666663,0.5884203597408729
bb_ipp_adaptive,gt,199,16.5,0.5882377440856335
bb_ipp_adaptive,gt,200,16.58333333333337,0.5880360456366818
bb_ipp_adaptive,gt,201,16.66666666666663,0.5878074842534747
bb_ipp_adaptive,gt,202,16.75,0.5876630783605561
bb_ipp_adaptive,gt,203,16.83333333333337,0.5875957820080565
bb_ipp_adaptive,gt,204,16.91666666666663,0.5875340858486507
bb_ipp_adaptive,gt,205,17.0,0.5874475361869114
bb_ipp_adaptive,gt,206,17.08333333333337,0.5874149795290261
bb_ipp_adaptive,gt,207,17.16666666666663,0.5874671260652227
bb_ipp_adaptive,gt,208,17.25,0.5875664064411238
bb_ipp_adaptive,gt,209,17.33333333333337,0.5876624390579402
bb_ipp_adaptive,gt,210,17.41666666666663,0.58769623472079
bb_ipp_adaptive,gt,211,17.5,0.5876636389693818
bb_ipp_adaptive,gt,212,17.58333333333337,0.5877651255978086
bb_ipp_adaptive,gt,213,17.66666666666663,0.5879779513231286
bb_ipp_adaptive,gt,214,17.75,0.588213791575385
bb_ipp_adaptive,gt,215,17.83333333333337,0.5884182527753764
bb_ipp_adaptive,gt,216,17.91666666666663,0.5886025134082368
bb_ipp_adaptive,gt,217,18.0,0.588790888927455
bb_ipp_adaptive,gt,218,18.08333333333337,0.588972919831001
bb_ipp_adaptive,gt,219,18.16666666666663,0.5891131226932314
bb_ipp_adaptive,gt,220,18.25,0.5891961499473973
bb_ipp_adaptive,gt,221,18.33333333333337,0.5892611970062883
bb_ipp_adaptive,gt,222,18.41666666666663,0.5893374479480726
bb_ipp_adaptive,gt,223,18.5,0.5894106105356979
bb_ipp_adaptive,gt,224,18.58333333333337,0.5894628222159826
bb_ipp_adaptive,gt,225,18.66666666666663,0.5895075702963966
bb_ipp_adaptive,gt,226,18.75,0.5895621697964838
bb_ipp_adaptive,gt,227,18.83333333333337,0.5896141535604283
bb_ipp_adaptive,gt,228,18.91666666666663,0.5896157140651226
bb_ipp_adaptive,gt,229,19.0,0.5895223844384946
bb_ipp_adaptive,gt,230,19.08333333333337,0.5894660088553569
bb_ipp_adaptive,gt,231,19.16666666666663,0.5894982224684403
bb_ipp_adaptive,gt,232,19.25,0.5895642825074133
bb_ipp_adaptive,gt,233,19.33333333333337,0.5896077980033396
bb_ipp_adaptive,gt,234,19.41666666666663,0.5895889689715377
bb_ipp_adaptive,gt,235,19.5,0.5894702895534752
bb_ipp_adaptive,gt,236,19.58333333333337,0.5893769800014039
bb_ipp_adaptive,gt,237,19.66666666666663,0.589387958210035
bb_ipp_adaptive,gt,238,19.75,0.5894523736191766
bb_ipp_adaptive,gt,239,19.83333333333337,0.5895027074084627
bb_ipp_adaptive,gt,240,19.91666666666663,0.589513770484496
bb_ipp_adaptive,gt,241,20.0,0.5895140805550815
bb_ipp_adaptive,gt,242,20.08333333333337,0.5895260786569834
bb_ipp_adaptive,gt,243,20.16666666666663,0.5895338456188106
bb_ipp_adaptive,gt,244,20.25,0.5895094956682398
bb_ipp_adaptive,gt,245,20.33333333333337,0.589462690849089
bb_ipp_adaptive,gt,246,20.41666666666663,0.5894187688948179
bb_ipp_adaptive,gt,247,20.5,0.5893719366147938
bb_ipp_adaptive,gt,248,20.58333333333337,0.5892935019544049
bb_ipp_adaptive,gt,249,20.66666666666663,0.589160687206
bb_ipp_adaptive,gt,250,20.75,0.5890216105007241
bb_ipp_adaptive,gt,251,20.83333333333337,0.5889388325453639
bb_ipp_adaptive,gt,252,20.91666666666663,0.5888723362991095
bb_ipp_adaptive,gt,253,21.0,0.5887226408100948
bb_ipp_adaptive,gt,254,21.08333333333337,0.5885229984652854
bb_ipp_adaptive,gt,255,21.16666666666663,0.5883223262997785
bb_ipp_adaptive,gt,256,21.25,0.5881106596667603
bb_ipp_adaptive,gt,257,21.33333333333337,0.5878831192593804
bb_ipp_adaptive,gt,258,21.41666666666663,0.5876656787376494
bb_ipp_adaptive,gt,259,21.5,0.5874658436861973
bb_ipp_adaptive,gt,260,21.58333333333337,0.587260992954492
bb_ipp_adaptive,gt,261,21.66666666666663,0.58705056022422
bb_ipp_adaptive,gt,262,21.75,0.5868867182709634
bb_ipp_adaptive,gt,263,21.83333333333337,0.5867782266875115
bb_ipp_adaptive,gt,264,21.91666666666663,0.5866851821595811
bb_ipp_adaptive,gt,265,22.0,0.5865752007383818
bb_ipp_adaptive,gt,266,22.08333333333337,0.5864838685408399
bb_ipp_adaptive,gt,267,22.16666666666663,0.5864359225149529
bb_ipp_adaptive,gt,268,22.25,0.5864060733157913
bb_ipp_adaptive,gt,269,22.33333333333337,0.5863669606852421
bb_ipp_adaptive,gt,270,22.41666666666663,0.5863264429005393
bb_ipp_adaptive,gt,271,22.5,0.5863088662555734
bb_ipp_adaptive,gt,272,22.58333333333337,0.5863092242774591
bb_ipp_adaptive,gt,273,22.66666666666663,0.5862957166229232
bb_ipp_adaptive,gt,274,22.75,0.5862523814563015
bb_ipp_adaptive,gt,275,22.83333333333337,0.5862001347529842
bb_ipp_adaptive,gt,276,22.91666666666663,0.5861473358441484
bb_ipp_adaptive,gt,277,23.0,0.5860596703692129
bb_ipp_adaptive,gt,278,23.08333333333337,0.5859091213622029
bb_ipp_adaptive,gt,279,23.16666666666663,0.585785157901032
bb_ipp_adaptive,gt,280,23.25,0.5857412562769116
bb_ipp_adaptive,gt,281,23.33333333333337,0.5857401916627356
bb_ipp_adaptive,gt,282,23.41666666666663,0.585732731839109
bb_ipp_adaptive,gt,283,23.5,0.5856941466534651
bb_ipp_adaptive,gt,284,23.58333333333337,0.5856417807260894
bb_ipp_adaptive,gt,285,23.66666666666663,0.5856161027213186
bb_ipp_adaptive,gt,286,23.75,0.5856077460605664
bb_ipp_adaptive,gt,287,23.83333333333337,0.5855684967777549
bb_ipp_adaptive,gt,288,23.91666666666663,0.5855208301612096
bb_ipp_adaptive,gt,289,24.0,0.5855321253410295
bb_ipp_adaptive,gt,290,24.08333333333337,0.5855885429877672
bb_ipp_adaptive,gt,291,24.16666666666663,0.5856432348371067
bb_ipp_adaptive,gt,292,24.25,0.58568627763445
bb_ipp_adaptive,gt,293,24.33333333333337,0.5857298326477488
bb_ipp_adaptive,gt,294,24.41666666666663,0.5857755293559401
bb_ipp_adaptive,gt,295,24.5,0.5858108097589719
bb_ipp_adaptive,gt,296,24.58333333333337,0.5858127793287766
bb_ipp_adaptive,gt,297,24.66666666666663,0.5858003420844761
bb_ipp_adaptive,gt,298,24.75,0.5858212246446759
bb_ipp_adaptive,gt,299,24.83333333333337,0.5858603475388313
bb_ipp_adaptive,gt,300,24.91666666666663,0.5858662172488374
bb_ipp_adaptive,gt,301,25.0,0.5858476239765424
bb_ipp_adaptive,gt,302,25.08333333333337,0.5858431579431695
bb_ipp_adaptive,gt,303,25.16666666666663,0.5858457549926279
bb_ipp_adaptive,gt,304,25.25,0.5858250213039561
bb_ipp_adaptive,gt,305,25.33333333333337,0.5857697118546796
bb_ipp_adaptive,gt,306,25.41666666666663,0.5857040313008038
bb_ipp_adaptive,gt,307,25.5,0.5856467742883356
bb_ipp_adaptive,gt,308,25.58333333333337,0.5855840753126786
bb_ipp_adaptive,gt,309,25.66666666666663,0.5854870925032423
bb_ipp_adaptive,gt,310,25.75,0.5853679312658147
bb_ipp_adaptive,gt,311,25.83333333333337,0.5852786258148066
bb_ipp_adaptive,gt,312,25.91666666666663,0.5852229780906596
bb_ipp_adaptive,gt,313,26.0,0.5851540207029553
bb_ipp_adaptive,gt,314,26.08333333333337,0.5850524363853635
bb_ipp_adaptive,gt,315,26.16666666666663,0.5849795211673884
bb_ipp_adaptive,gt,316,26.25,0.5849456110204879
bb_ipp_adaptive,gt,317,26.33333333333337,0.584923122482891
bb_ipp_adaptive,gt,318,26.41666666666663,0.5848826594218512
bb_ipp_adaptive,gt,319,26.5,0.584800048049133
bb_ipp_adaptive,gt,320,26.58333333333337,0.5846870065951241
bb_ipp_adaptive,gt,321,26.66666666666663,0.5846022049420058
bb_ipp_adaptive,gt,322,26.75,0.584559002478051
bb_ipp_adaptive,gt,323,26.83333333333337,0.584532681079012
bb_ipp_adaptive,gt,324,26.91666666666663,0.5844959458575405
bb_ipp_adaptive,gt,325,27.0,0.584412543840252
bb_ipp_adaptive,gt,326,27.08333333333337,0.5842612663448343
bb_ipp_adaptive,gt,327,27.16666666666663,0.5841642559356504
bb_ipp_adaptive,gt,328,27.25,0.5841421642409307
bb_ipp_adaptive,gt,329,27.33333333333337,0.584130189526248
bb_ipp_adaptive,gt,330,27.41666666666663,0.5840669599161462
bb_ipp_adaptive,gt,331,27.5,0.5839764497219958
bb_ipp_adaptive,gt,332,27.58333333333337,0.5839132367438755
bb_ipp_adaptive,gt,333,27.66666666666663,0.5838679313964966
bb_ipp_adaptive,gt,334,27.75,0.5837869738134231
bb_ipp_adaptive,gt,335,27.83333333333337,0.5836577982469906
bb_ipp_adaptive,gt,336,27.91666666666663,0.583623936244707
bb_ipp_adaptive,gt,337,28.0,0.5836697352898969
bb_ipp_adaptive,gt,338,28.08333333333337,0.5836720346075965
bb_ipp_adaptive,gt,339,28.16666666666663,0.5835362254062905
bb_ipp_adaptive,gt,340,28.25,0.5833031072566288
bb_ipp_adaptive,gt,341,28.33333333333337,0.5830364505365877
bb_ipp_adaptive,gt,342,28.41666666666663,0.5827545115314542
bb_ipp_adaptive,gt,343,28.5,0.5824752822064398
bb_ipp_adaptive,gt,344,28.58333333333337,0.5822286082669724
bb_ipp_adaptive,gt,345,28.66666666666663,0.5820116319395906
bb_ipp_adaptive,gt,346,28.75,0.5817932623067806
bb_ipp_adaptive,gt,347,28.83333333333337,0.5815708182052278
bb_ipp_adaptive,gt,348,28.91666666666663,0.5813859664726465
bb_ipp_adaptive,gt,349,29.0,0.5812394940984226
bb_ipp_adaptive,gt,350,29.08333333333337,0.5811019904069017
bb_ipp_adaptive,gt,351,29.16666666666663,0.5809509666178393
bb_ipp_adaptive,gt,352,29.25,0.5808155995775137
bb_ipp_adaptive,gt,353,29.33333333333337,0.5807206512559324
bb_ipp_adaptive,gt,354,29.41666666666663,0.5806424505265699
bb_ipp_adaptive,gt,355,29.5,0.580533327041326
bb_ipp_adaptive,gt,356,29.58333333333337,0.5804385830533115
bb_ipp_adaptive,gt,357,29.66666666666663,0.5804220129510835
bb_ipp_adaptive,gt,358,29.75,0.5804562982046262
bb_ipp_adaptive,gt,359,29.83333333333337,0.5804901966313709
bb_ipp_adaptive,gt,360,29.91666666666663,0.5805035221124136
bb_ipp_adaptive,gt,361,30.0,0.5805172336852178
bb_ipp_adaptive,gt,362,30.08333333333337,0.5805452112465823
bb_ipp_adaptive,gt,363,30.16666666666663,0.580568906601719
bb_ipp_adaptive,gt,364,30.25,0.5805608737483205
bb_ipp_adaptive,gt,365,30.33333333333337,0.5805322614037486
bb_ipp_adaptive,gt,366,30.41666666666663,0.5805323213032312
bb_ipp_adaptive,gt,367,30.5,0.5805568153301266
bb_ipp_adaptive,gt,368,30.58333333333337,0.5805713088122879
bb_ipp_adaptive,gt,369,30.66666666666663,0.5805864481369304
bb_ipp_adaptive,gt,370,30.75,0.5806228404967131
bb_ipp_adaptive,gt,371,30.83333333333337,0.5806553194629787
bb_ipp_adaptive,gt,372,30.91666666666663,0.5806734267487839
bb_ipp_adaptive,gt,373,31.0,0.5807167228826435
bb_ipp_adaptive,gt,374,31.08333333333337,0.5807981651552621
bb_ipp_adaptive,gt,375,31.16666666666663,0.580891628120154
bb_ipp_adaptive,gt,376,31.25,0.5809648079235068
bb_ipp_adaptive,gt,377,31.33333333333337,0.5810195876974473
bb_ipp_adaptive,gt,378,31.41666666666663,0.5810837557107865
bb_ipp_adaptive,gt,379,31.5,0.5811591637206346
bb_ipp_adaptive,gt,380,31.58333333333337,0.5812102638664023
bb_ipp_adaptive,gt,381,31.66666666666663,0.5812022660753631
bb_ipp_adaptive,gt,382,31.75,0.581184273623688
bb_ipp_adaptive,gt,383,31.83333333333337,0.5812295251024133
bb_ipp_adaptive,gt,384,31.91666666666663,0.5813183674239116
bb_ipp_adaptive,gt,385,32.0,0.5814087557580933
bb_ipp_adaptive,gt,386,32.08333333333337,0.5814847506686384
bb_ipp_adaptive,gt,387,32.16666666666663,0.5815189593108964
bb_ipp_adaptive,gt,388,32.25,0.5814908823705597
bb_ipp_adaptive,gt,389,32.33333333333337,0.5814887899884214
bb_ipp_adaptive,gt,390,32.41666666666663,0.5815476889679572
bb_ipp_adaptive,gt,391,32.5,0.5816277308291541
bb_ipp_adaptive,gt,392,32.58333333333337,0.5816809785772253
bb_ipp_adaptive,gt,393,32.66666666666663,0.5816959603846177
bb_ipp_adaptive,gt,394,32.75,0.5816968131043311
bb_ipp_adaptive,gt,395,32.83333333333337,0.5816975232203829
bb_ipp_adaptive,gt,396,32.91666666666663,0.5816844415096248
bb_ipp_adaptive,gt,397,33.0,0.5816462519521999
bb_ipp_adaptive,gt,398,33.08333333333337,0.5815999821591094
bb_ipp_adaptive,gt,399,33.16666666666663,0.5815694284177485
bb_ipp_adaptive,gt,400,33.25,0.5815452578191732
bb_ipp_adaptive,gt,401,33.33333333333337,0.5814906408660063
bb_ipp_adaptive,gt,402,33.41666666666663,0.5814025472678995
bb_ipp_adaptive,gt,403,33.5,0.5813480230623461
bb_ipp_adaptive,gt,404,33.58333333333337,0.5813384614516153
bb_ipp_adaptive,gt,405,33.66666666666663,0.5813318780859696
bb_ipp_adaptive,gt,406,33.75,0.5812994262233425
bb_ipp_adaptive,gt,407,33.83333333333337,0.5812575140647828
bb_ipp_adaptive,gt,408,33.91666666666663,0.581214813893209
bb_ipp_adaptive,gt,409,34.0,0.5811670496317632
bb_ipp_adaptive,gt,410,34.08333333333337,0.5811018479412898
bb_ipp_adaptive,gt,411,34.16666666666663,0.5809964371752017
bb_ipp_adaptive,gt,412,34.25,0.5808740409235521
bb_ipp_adaptive,gt,413,34.33333333333337,0.580777199293739
bb_ipp_adaptive,gt,414,34.41666666666663,0.5806918439127832
bb_ipp_adaptive,gt,415,34.5,0.5805904587304549
bb_ipp_adaptive,gt,416,34.58333333333337,0.5804809178401331
bb_ipp_adaptive,gt,417,34.66666666666663,0.5803847631788936
bb_ipp_adaptive,gt,418,34.75,0.5803024538327274
bb_ipp_adaptive,gt,419,34.83333333333337,0.5802164277604204
bb_ipp_adaptive,gt,420,34.91666666666663,0.580113017032917
bb_ipp_adaptive,gt,421,35.0,0.5800071220152826
bb_ipp_adaptive,gt,422,35.08333333333337,0.5799257557208337
bb_ipp_adaptive,gt,423,35.16666666666663,0.5798726157029132
bb_ipp_adaptive,gt,424,35.25,0.5798368239150593
bb_ipp_adaptive,gt,425,35.33333333333337,0.5798223148253052
bb_ipp_adaptive,gt,426,35.41666666666663,0.5798442548980434
bb_ipp_adaptive,gt,427,35.5,0.5798979990779569
bb_ipp_adaptive,gt,428,35.58333333333337,0.579931839386775
bb_ipp_adaptive,gt,429,35.66666666666663,0.5798322292420914
bb_ipp_adaptive,gt,430,35.75,0.5796127365713111
bb_ipp_adaptive,gt,431,35.83333333333337,0.5793635653975856
bb_ipp_adaptive,gt,432,35.91666666666663,0.5791280737857429
bb_ipp_adaptive,gt,433,36.0,0.5789110385947674
bb_ipp_adaptive,gt,434,36.08333333333337,0.5786976498277204
bb_ipp_adaptive,gt,435,36.16666666666663,0.5784674575285148
bb_ipp_adaptive,gt,436,36.25,0.5782469417579259
bb_ipp_adaptive,gt,437,36.33333333333337,0.5780642260682738
bb_ipp_adaptive,gt,438,36.41666666666663,0.5779016686066722
bb_ipp_adaptive,gt,439,36.5,0.5777301794414659
bb_ipp_adaptive,gt,440,36.58333333333337,0.5775542581601045
bb_ipp_adaptive,gt,441,36.66666666666663,0.5773980944908651
bb_ipp_adaptive,gt,442,36.75,0.5772602444515192
bb_ipp_adaptive,gt,443,36.83333333333337,0.5771200923986887
bb_ipp_adaptive,gt,444,36.91666666666663,0.5769667066714808
bb_ipp_adaptive,gt,445,37.0,0.5768130131706217
bb_ipp_adaptive,gt,446,37.08333333333337,0.5766638161756721
bb_ipp_adaptive,gt,447,37.16666666666663,0.5765078625158071
bb_ipp_adaptive,gt,448,37.25,0.5763280702510081
bb_ipp_adaptive,gt,449,37.33333333333337,0.5761222269025367
bb_ipp_adaptive,gt,450,37.41666666666663,0.5759364189607289
bb_ipp_adaptive,gt,451,37.5,0.5758012232519781
bb_ipp_adaptive,gt,452,37.58333333333337,0.5757030377082211
bb_ipp_adaptive,gt,453,37.66666666666663,0.5756241630551324
bb_ipp_adaptive,gt,454,37.75,0.5755454215842588
bb_ipp_adaptive,gt,455,37.83333333333337,0.575433828840962
bb_ipp_adaptive,gt,456,37.91666666666663,0.5753296631888443
bb_ipp_adaptive,gt,457,38.0,0.5753067780189948
bb_ipp_adaptive,gt,458,38.08333333333337,0.5753390477701649
bb_ipp_adaptive,gt,459,38.16666666666663,0.5753505292172498
bb_ipp_adaptive,gt,460,38.25,0.5753330471458494
bb_ipp_adaptive,gt,461,38.33333333333337,0.5754092071953995
bb_ipp_adaptive,gt,462,38.41666666666663,0.5755745440245349
bb_ipp_adaptive,gt,463,38.5,0.5757709706743437
bb_ipp_adaptive,gt,464,38.58333333333337,0.5759682326068987
bb_ipp_adaptive,gt,465,38.66666666666663,0.5761701900110437
bb_ipp_adaptive,gt,466,38.75,0.576374035508448
bb_ipp_adaptive,gt,467,38.83333333333337,0.5765780144221172
bb_ipp_adaptive,gt,468,38.91666666666663,0.576778133588471
bb_ipp_adaptive,gt,469,39.0,0.5769684908908491
bb_ipp_adaptive,gt,470,39.08333333333337,0.5771493963668926
bb_ipp_adaptive,gt,471,39.16666666666663,0.577289666556373
bb_ipp_adaptive,gt,472,39.25,0.5773483636896534
bb_ipp_adaptive,gt,473,39.33333333333337,0.5773920006069508
bb_ipp_adaptive,gt,474,39.41666666666663,0.5774803037261975
bb_ipp_adaptive,gt,475,39.5,0.5775721074254097
bb_ipp_adaptive,gt,476,39.58333333333337,0.5776115747073816
bb_ipp_adaptive,gt,477,39.66666666666663,0.5776301597067856
bb_ipp_adaptive,gt,478,39.75,0.5776793852850581
bb_ipp_adaptive,gt,479,39.83333333333337,0.5777455709832817
bb_ipp_adaptive,gt,480,39.91666666666663,0.5777999622736125
bb_ipp_adaptive,gt,481,40.0,0.5778274795370111
bb_ipp_adaptive,gt,482,40.08333333333337,0.5778292781613267
bb_ipp_adaptive,gt,483,40.16666666666663,0.577833769255745
bb_ipp_adaptive,gt,484,40.25,0.5778490507993713
bb_ipp_adaptive,gt,485,40.33333333333337,0.5778537423900529
bb_ipp_adaptive,gt,486,40.41666666666663,0.5778497363591698
bb_ipp_adaptive,gt,487,40.5,0.577860941373416
bb_ipp_adaptive,gt,488,40.58333333333337,0.5778775078720035
bb_ipp_adaptive,gt,489,40.66666666666663,0.5778768129768623
bb_ipp_adaptive,gt,490,40.75,0.5778612122737099
bb_ipp_adaptive,gt,491,40.83333333333337,0.5778390626277325
bb_ipp_adaptive,gt,492,40.91666666666663,0.5778201960684847
bb_ipp_adaptive,gt,493,41.0,0.577797833139329
bb_ipp_adaptive,gt,494,41.08333333333337,0.5777312956343221
bb_ipp_adaptive,gt,495,41.16666666666663,0.5776207500840553
bb_ipp_adaptive,gt,496,41.25,0.57755949660386
bb_ipp_adaptive,gt,497,41.33333333333337,0.5775318717276727
bb_ipp_adaptive,gt,498,41.41666666666663,0.5774756408856658
bb_ipp_adaptive,gt,499,41.5,0.577346185506302
bb_ipp_adaptive,gt,500,41.58333333333337,0.5772313975224392
bb_ipp_adaptive,gt,501,41.66666666666663,0.5771542411477063
bb_ipp_adaptive,gt,502,41.75,0.577076985156577
bb_ipp_adaptive,gt,503,41.83333333333337,0.5769765649648477
bb_ipp_adaptive,gt,504,41.91666666666663,0.5768894844464164
bb_ipp_adaptive,gt,505,42.0,0.5768430648584554
bb_ipp_adaptive,gt,506,42.08333333333337,0.5768236109099071
bb_ipp_adaptive,gt,507,42.16666666666663,0.5767990461662048
bb_ipp_adaptive,gt,508,42.25,0.5766887109587715
bb_ipp_adaptive,gt,509,42.33333333333337,0.5764943852623041
bb_ipp_adaptive,gt,510,42.41666666666663,0.5762906949227117
bb_ipp_adaptive,gt,511,42.5,0.576106714926274
bb_ipp_adaptive,gt,512,42.58333333333337,0.575939291469475
bb_ipp_adaptive,gt,513,42.66666666666663,0.5757742733723049
bb_ipp_adaptive,gt,514,42.75,0.5756137293427346
bb_ipp_adaptive,gt,515,42.83333333333337,0.5754710597224807
bb_ipp_adaptive,gt,516,42.91666666666663,0.5753476795316583
bb_ipp_adaptive,gt,517,43.0,0.575226899200118
bb_ipp_adaptive,gt,518,43.08333333333337,0.5750977764826966
bb_ipp_adaptive,gt,519,43.16666666666663,0.5749878696787023
bb_ipp_adaptive,gt,520,43.25,0.5749136964345737
bb_ipp_adaptive,gt,521,43.33333333333337,0.5748556316600186
bb_ipp_adaptive,gt,522,43.41666666666663,0.5747938477074545
bb_ipp_adaptive,gt,523,43.5,0.5747425429286268
bb_ipp_adaptive,gt,524,43.58333333333337,0.5747212594137602
bb_ipp_adaptive,gt,525,43.66666666666663,0.5747178596215227
bb_ipp_adaptive,gt,526,43.75,0.574708745417349
bb_ipp_adaptive,gt,527,43.83333333333337,0.5746944311298089
bb_ipp_adaptive,gt,528,43.91666666666663,0.5746963773509022
bb_ipp_adaptive,gt,529,44.0,0.5747134429061121
bb_ipp_adaptive,gt,530,44.08333333333337,0.5747128422756727
bb_ipp_adaptive,gt,531,44.16666666666663,0.5746606988545482
bb_ipp_adaptive,gt,532,44.25,0.5746239913287445
bb_ipp_adaptive,gt,533,44.33333333333337,0.5746570269108966
bb_ipp_adaptive,gt,534,44.41666666666663,0.5747272129760153
bb_ipp_adaptive,gt,535,44.5,0.574796868741863
bb_ipp_adaptive,gt,536,44.58333333333337,0.5748394239398771
bb_ipp_adaptive,gt,537,44.66666666666663,0.5748127568354964
bb_ipp_adaptive,gt,538,44.75,0.5747577254243404
bb_ipp_adaptive,gt,539,44.83333333333337,0.574784765469324
bb_ipp_adaptive,gt,540,44.91666666666663,0.5748598220221965
bb_ipp_adaptive,gt,541,45.0,0.5749038861038311
bb_ipp_adaptive,gt,542,45.08333333333337,0.5748823088676998
bb_ipp_adaptive,gt,543,45.16666666666663,0.5748853219807364
bb_ipp_adaptive,gt,544,45.25,0.5749406341118751
bb_ipp_adaptive,gt,545,45.33333333333337,0.5749932527161415
bb_ipp_adaptive,gt,546,45.41666666666663,0.57499837644963
bb_ipp_adaptive,gt,547,45.5,0.5750150013084753
bb_ipp_adaptive,gt,548,45.58333333333337,0.5750801504678764
bb_ipp_adaptive,gt,549,45.66666666666663,0.5751614412186685
bb_ipp_adaptive,gt,550,45.75,0.575219865587392
bb_ipp_adaptive,gt,551,45.83333333333337,0.5752236968516565
bb_ipp_adaptive,gt,552,45.91666666666663,0.5751706978487467
bb_ipp_adaptive,gt,553,46.0,0.5751358306013178
bb_ipp_adaptive,gt,554,46.08333333333337,0.5751353822383735
bb_ipp_adaptive,gt,555,46.16666666666663,0.5751263102114902
bb_ipp_adaptive,gt,556,46.25,0.575078189059868
bb_ipp_adaptive,gt,557,46.33333333333337,0.5750181522695875
bb_ipp_adaptive,gt,558,46.41666666666663,0.574966859832602
bb_ipp_adaptive,gt,559,46.5,0.5749075020301089
bb_ipp_adaptive,gt,560,46.58333333333337,0.5748141992537898
bb_ipp_adaptive,gt,561,46.66666666666663,0.5746921937916765
bb_ipp_adaptive,gt,562,46.75,0.5745824331683284
bb_ipp_adaptive,gt,563,46.83333333333337,0.5745002451162684
bb_ipp_adaptive,gt,564,46.91666666666663,0.5744128558737112
bb_ipp_adaptive,gt,565,47.0,0.5742791149351316
bb_ipp_adaptive,gt,566,47.08333333333337,0.5741827263525526
bb_ipp_adaptive,gt,567,47.16666666666663,0.5741560225764936
bb_ipp_adaptive,gt,568,47.25,0.574160629630789
bb_ipp_adaptive,gt,569,47.33333333333337,0.5741519929787935
bb_ipp_adaptive,gt,570,47.41666666666663,0.5741253166131014
bb_ipp_adaptive,gt,571,47.5,0.5740831432351625
bb_ipp_adaptive,gt,572,47.58333333333337,0.5740388411720333
bb_ipp_adaptive,gt,573,47.66666666666663,0.5740038371160466
bb_ipp_adaptive,gt,574,47.75,0.5739671639259986
bb_ipp_adaptive,gt,575,47.83333333333337,0.5739309776290844
bb_ipp_adaptive,gt,576,47.91666666666663,0.573916097969242
bb_ipp_adaptive,gt,577,48.0,0.5739052881646055
bb_ipp_adaptive,gt,578,48.08333333333337,0.5738748590623803
bb_ipp_adaptive,gt,579,48.16666666666663,0.5738335172111242
bb_ipp_adaptive,gt,580,48.25,0.5738027446667208
bb_ipp_adaptive,gt,581,48.33333333333337,0.5737823867361223
bb_ipp_adaptive,gt,582,48.41666666666663,0.5737559329652461
bb_ipp_adaptive,gt,583,48.5,0.5737094231906656
bb_ipp_adaptive,gt,584,48.58333333333337,0.5736544528135799
bb_ipp_adaptive,gt,585,48.66666666666663,0.5736121852883626
bb_ipp_adaptive,gt,586,48.75,0.5735819247397611
bb_ipp_adaptive,gt,587,48.83333333333337,0.5735510818058246
bb_ipp_adaptive,gt,588,48.91666666666663,0.5735221984957022
bb_ipp_adaptive,gt,589,49.0,0.5735169013885809
bb_ipp_adaptive,gt,590,49.08333333333337,0.5735443086103864
bb_ipp_adaptive,gt,591,49.16666666666663,0.5735677983652067
bb_ipp_adaptive,gt,592,49.25,0.573476188063464
bb_ipp_adaptive,gt,593,49.33333333333337,0.5732721574090164
bb_ipp_adaptive,gt,594,49.41666666666663,0.5730349491522138
bb_ipp_adaptive,gt,595,49.5,0.572800576468467
bb_ipp_adaptive,gt,596,49.58333333333337,0.5725713056614982
bb_ipp_adaptive,gt,597,49.66666666666663,0.5723394270320944
bb_ipp_adaptive,gt,598,49.75,0.5720963717412376
bb_ipp_adaptive,gt,599,49.83333333333337,0.5718713836600458
bb_ipp_adaptive,gt,600,49.91666666666663,0.5716812171784681
bb_ipp_adaptive,gt,601,50.0,0.5715065120060994
bb_ipp_adaptive,gt,602,50.08333333333337,0.5713199295829089
bb_ipp_adaptive,gt,603,50.16666666666663,0.5711340307300106
bb_ipp_adaptive,gt,604,50.25,0.5709719595994591
bb_ipp_adaptive,gt,605,50.33333333333337,0.570826802991114
bb_ipp_adaptive,gt,606,50.41666666666663,0.5706838146703921
bb_ipp_adaptive,gt,607,50.5,0.5705420833332817
bb_ipp_adaptive,gt,608,50.58333333333337,0.5704212195255947
bb_ipp_adaptive,gt,609,50.66666666666663,0.5703288897314477
bb_ipp_adaptive,gt,610,50.75,0.5702479385813147
bb_ipp_adaptive,gt,611,50.83333333333337,0.5701597318457298
bb_ipp_adaptive,gt,612,50.91666666666663,0.5700996524777936
bb_ipp_adaptive,gt,613,51.0,0.5701098276329856
bb_ipp_adaptive,gt,614,51.08333333333337,0.5701709890577938
bb_ipp_adaptive,gt,615,51.16666666666663,0.5702286990310693
bb_ipp_adaptive,gt,616,51.25,0.5703157900437191
bb_ipp_adaptive,gt,617,51.33333333333337,0.5705004288610719
bb_ipp_adaptive,gt,618,51.41666666666663,0.5707356125760672
bb_ipp_adaptive,gt,619,51.5,0.5709351920061084
bb_ipp_adaptive,gt,620,51.58333333333337,0.5710674375220374
bb_ipp_adaptive,gt,621,51.66666666666663,0.5712304570396634
bb_ipp_adaptive,gt,622,51.75,0.571456556090891
bb_ipp_adaptive,gt,623,51.83333333333337,0.5716714380388773
bb_ipp_adaptive,gt,624,51.91666666666663,0.5718290023217808
bb_ipp_adaptive,gt,625,52.0,0.5720034687815062
bb_ipp_adaptive,gt,626,52.08333333333337,0.5722304951335302
bb_ipp_adaptive,gt,627,52.16666666666663,0.5724705473026722
bb_ipp_adaptive,gt,628,52.25,0.5726875124939068
bb_ipp_adaptive,gt,629,52.33333333333337,0.5728715925740773
bb_ipp_adaptive,gt,630,52.41666666666663,0.5730514243815478
bb_ipp_adaptive,gt,631,52.5,0.5732546705577171
bb_ipp_adaptive,gt,632,52.58333333333337,0.573437155127348
bb_ipp_adaptive,gt,633,52.66666666666663,0.573541147391985
bb_ipp_adaptive,gt,634,52.75,0.5736509532637483
bb_ipp_adaptive,gt,635,52.83333333333337,0.5738320466993364
bb_ipp_adaptive,gt,636,52.91666666666663,0.5740232616873732
bb_ipp_adaptive,gt,637,53.0,0.5741642700471069
bb_ipp_adaptive,gt,638,53.08333333333337,0.5742807811700256
bb_ipp_adaptive,gt,639,53.16666666666663,0.5744098153647562
bb_ipp_adaptive,gt,640,53.25,0.5745418606713493
bb_ipp_adaptive,gt,641,53.33333333333337,0.5746443134188929
bb_ipp_adaptive,gt,642,53.41666666666663,0.5746750987572335
bb_ipp_adaptive,gt,643,53.5,0.5746630832722813
bb_ipp_adaptive,gt,644,53.58333333333337,0.5747221008761569
bb_ipp_adaptive,gt,645,53.66666666666663,0.5748372840973746
bb_ipp_adaptive,gt,646,53.75,0.5749373797441987
bb_ipp_adaptive,gt,647,53.83333333333337,0.5749954379184782
bb_ipp_adaptive,gt,648,53.91666666666663,0.5750466639639061
bb_ipp_adaptive,gt,649,54.0,0.5751178155445371
bb_ipp_adaptive,gt,650,54.08333333333337,0.5751922834824615
bb_ipp_adaptive,gt,651,54.16666666666663,0.5752351984425698
bb_ipp_adaptive,gt,652,54.25,0.57523819801217
bb_ipp_adaptive,gt,653,54.33333333333337,0.5752272954154217
bb_ipp_adaptive,gt,654,54.41666666666663,0.5752129866092844
bb_ipp_adaptive,gt,655,54.5,0.5751640576657577
bb_ipp_adaptive,gt,656,54.58333333333337,0.5750472417387366
bb_ipp_adaptive,gt,657,54.66666666666663,0.5749270798923898
bb_ipp_adaptive,gt,658,54.75,0.5748364168093628
bb_ipp_adaptive,gt,659,54.83333333333337,0.5747448720346295
bb_ipp_adaptive,gt,660,54.91666666666663,0.5746260033741578
bb_ipp_adaptive,gt,661,55.0,0.574496804869013
bb_ipp_adaptive,gt,662,55.08333333333337,0.5743818445979689
bb_ipp_adaptive,gt,663,55.16666666666663,0.5742813548294594
bb_ipp_adaptive,gt,664,55.25,0.5741767616244325
bb_ipp_adaptive,gt,665,55.33333333333337,0.5740385903306886
bb_ipp_adaptive,gt,666,55.41666666666663,0.573871745018972
bb_ipp_adaptive,gt,667,55.5,0.5737549232632534
bb_ipp_adaptive,gt,668,55.58333333333337,0.5736942421990775
bb_ipp_adaptive,gt,669,55.66666666666663,0.5736491829161481
bb_ipp_adaptive,gt,670,55.75,0.5735894534303795
bb_ipp_adaptive,gt,671,55.83333333333337,0.5734946442895589
bb_ipp_adaptive,gt,672,55.91666666666663,0.5733549752869969
bb_ipp_adaptive,gt,673,56.0,0.5732299615263415
bb_ipp_adaptive,gt,674,56.08333333333337,0.5731680791224982
bb_ipp_adaptive,gt,675,56.16666666666663,0.5731506541959468
bb_ipp_adaptive,gt,676,56.25,0.573138745610968
bb_ipp_adaptive,gt,677,56.33333333333337,0.5731052213628672
bb_ipp_adaptive,gt,678,56.41666666666663,0.5730590827286249
bb_ipp_adaptive,gt,679,56.5,0.5730418281027176
bb_ipp_adaptive,gt,680,56.58333333333337,0.5730622242262492
bb_ipp_adaptive,gt,681,56.66666666666663,0.5730848456775891
bb_ipp_adaptive,gt,682,56.75,0.573103768116043
bb_ipp_adaptive,gt,683,56.83333333333337,0.5731676720551252
bb_ipp_adaptive,gt,684,56.91666666666663,0.573283467401488
bb_ipp_adaptive,gt,685,57.0,0.5734130438053017
bb_ipp_adaptive,gt,686,57.08333333333337,0.5735137874089611
bb_ipp_adaptive,gt,687,57.16666666666663,0.573480397848597
bb_ipp_adaptive,gt,688,57.25,0.5732750181912194
bb_ipp_adaptive,gt,689,57.33333333333337,0.5729897381137615
bb_ipp_adaptive,gt,690,57.41666666666663,0.5727315377910406
bb_ipp_adaptive,gt,691,57.5,0.5725151690973379
bb_ipp_adaptive,gt,692,57.58333333333337,0.5723246802004273
bb_ipp_adaptive,gt,693,57.66666666666663,0.5721417489469707
bb_ipp_adaptive,gt,694,57.75,0.5719516913783285
bb_ipp_adaptive,gt,695,57.83333333333337,0.5717628471703475
bb_ipp_adaptive,gt,696,57.91666666666663,0.5715972880112326
bb_ipp_adaptive,gt,697,58.0,0.5714458538516662
bb_ipp_adaptive,gt,698,58.08333333333337,0.5712738152981692
bb_ipp_adaptive,gt,699,58.16666666666663,0.5710983303166876
bb_ipp_adaptive,gt,700,58.25,0.570968794341997
bb_ipp_adaptive,gt,701,58.33333333333337,0.570868659060455
bb_ipp_adaptive,gt,702,58.41666666666663,0.5707520604473044
bb_ipp_adaptive,gt,703,58.5,0.5706059522947553
bb_ipp_adaptive,gt,704,58.58333333333337,0.5704786004372882
bb_ipp_adaptive,gt,705,58.66666666666663,0.5703714095876998
bb_ipp_adaptive,gt,706,58.75,0.5702570485690592
bb_ipp_adaptive,gt,707,58.83333333333337,0.5701104918179779
bb_ipp_adaptive,gt,708,58.91666666666663,0.569909484363647
bb_ipp_adaptive,gt,709,59.0,0.5696751411411747
bb_ipp_adaptive,gt,710,59.08333333333337,0.5694984773553281
bb_ipp_adaptive,gt,711,59.16666666666663,0.5693811465693877
bb_ipp_adaptive,gt,712,59.25,0.5692890653704914
bb_ipp_adaptive,gt,713,59.33333333333337,0.5691950873229289
bb_ipp_adaptive,gt,714,59.41666666666663,0.5691049120776456
bb_ipp_adaptive,gt,715,59.5,0.5690425150134587
bb_ipp_adaptive,gt,716,59.58333333333337,0.5690134712841151
bb_ipp_adaptive,gt,717,59.66666666666663,0.5689981691156829
bb_ipp_adaptive,gt,718,59.75,0.5689803870233132
bb_ipp_adaptive,gt,719,59.83333333333337,0.5689898575962601
bb_ipp_adaptive,gt,720,59.91666666666663,0.5690712991851493
bb_ipp_adaptive,gt,721,60.0,0.5692168565440999
bb_ipp_adaptive,gt,722,60.08333333333337,0.5693966879564132
bb_ipp_adaptive,gt,723,60.16666666666663,0.5696134687419665
bb_ipp_adaptive,gt,724,60.25,0.5698563057795377
bb_ipp_adaptive,gt,725,60.33333333333337,0.5700803475299495
bb_ipp_adaptive,gt,726,60.41666666666663,0.5702787543348135
bb_ipp_adaptive,gt,727,60.5,0.5704838494522253
bb_ipp_adaptive,gt,728,60.58333333333337,0.5706943302131823
bb_ipp_adaptive,gt,729,60.66666666666663,0.5708775592308221
bb_ipp_adaptive,gt,730,60.75,0.5710157939084782
bb_ipp_adaptive,gt,731,60.83333333333337,0.5711262648879122
bb_ipp_adaptive,gt,732,60.91666666666663,0.5712358916509008
bb_ipp_adaptive,gt,733,61.0,0.5713394195476728
bb_ipp_adaptive,gt,734,61.08333333333337,0.571410855056569
bb_ipp_adaptive,gt,735,61.16666666666663,0.57144611326197
bb_ipp_adaptive,gt,736,61.25,0.571482445755325
bb_ipp_adaptive,gt,737,61.33333333333337,0.5715365187413372
bb_ipp_adaptive,gt,738,61.41666666666663,0.5715745327698527
bb_ipp_adaptive,gt,739,61.5,0.5715690953328239
bb_ipp_adaptive,gt,740,61.58333333333337,0.5715876537302499
bb_ipp_adaptive,gt,741,61.66666666666663,0.5716572747246171
bb_ipp_adaptive,gt,742,61.75,0.5717377541901287
bb_ipp_adaptive,gt,743,61.83333333333337,0.5717883708221705
bb_ipp_adaptive,gt,744,61.91666666666663,0.5717776441717104
bb_ipp_adaptive,gt,745,62.0,0.5717058239393586
bb_ipp_adaptive,gt,746,62.08333333333337,0.5716632151086117
bb_ipp_adaptive,gt,747,62.16666666666663,0.5716693224298292
bb_ipp_adaptive,gt,748,62.25,0.5716819064257054
bb_ipp_adaptive,gt,749,62.33333333333337,0.5716722653992908
bb_ipp_adaptive,gt,750,62.41666666666663,0.5716540516188487
bb_ipp_adaptive,gt,751,62.5,0.5716452598108346
bb_ipp_adaptive,gt,752,62.58333333333337,0.5716407257062095
bb_ipp_adaptive,gt,753,62.66666666666663,0.5716185482268195
bb_ipp_adaptive,gt,754,62.75,0.5715714437068201
bb_ipp_adaptive,gt,755,62.83333333333337,0.571520949318649
bb_ipp_adaptive,gt,756,62.91666666666663,0.5714802303200656
bb_ipp_adaptive,gt,757,63.0,0.5714371264276872
bb_ipp_adaptive,gt,758,63.08333333333337,0.5713812372677773
bb_ipp_adaptive,gt,759,63.16666666666663,0.5713251933475049
bb_ipp_adaptive,gt,760,63.25,0.5712849068490886
bb_ipp_adaptive,gt,761,63.33333333333337,0.57125323497313
bb_ipp_adaptive,gt,762,63.41666666666663,0.5711705502973614
bb_ipp_adaptive,gt,763,63.5,0.5709765698670224
bb_ipp_adaptive,gt,764,63.58333333333337,0.5707243989241024
bb_ipp_adaptive,gt,765,63.66666666666663,0.5704742764418971
bb_ipp_adaptive,gt,766,63.75,0.5702382000140531
bb_ipp_adaptive,gt,767,63.83333333333337,0.5700063231645437
bb_ipp_adaptive,gt,768,63.91666666666663,0.569762988473263
bb_ipp_adaptive,gt,769,64.0,0.5695157257956103
bb_ipp_adaptive,gt,770,64.08333333333337,0.5693037339234821
bb_ipp_adaptive,gt,771,64.16666666666663,0.5691253899790709
bb_ipp_adaptive,gt,772,64.25,0.5689531908934381
bb_ipp_adaptive,gt,773,64.33333333333337,0.568775088305302
bb_ipp_adaptive,gt,774,64.41666666666663,0.5686190955435596
bb_ipp_adaptive,gt,775,64.5,0.5684979933949252
bb_ipp_adaptive,gt,776,64.58333333333337,0.5683993473159175
bb_ipp_adaptive,gt,777,64.66666666666663,0.5683050259732223
bb_ipp_adaptive,gt,778,64.75,0.5682221666681185
bb_ipp_adaptive,gt,779,64.83333333333337,0.5681770613911873
bb_ipp_adaptive,gt,780,64.91666666666663,0.5681657399492773
bb_ipp_adaptive,gt,781,65.0,0.5681496315722866
bb_ipp_adaptive,gt,782,65.08333333333337,0.5681177003784158
bb_ipp_adaptive,gt,783,65.16666666666663,0.5681444285832687
bb_ipp_adaptive,gt,784,65.25,0.5682187771738869
bb_ipp_adaptive,gt,785,65.33333333333337,0.5682859973359914
bb_ipp_adaptive,gt,786,65.41666666666663,0.5683092080355439
bb_ipp_adaptive,gt,787,65.5,0.5683284768496135
bb_ipp_adaptive,gt,788,65.58333333333337,0.5683811770169914
bb_ipp_adaptive,gt,789,65.66666666666663,0.5684355239627075
bb_ipp_adaptive,gt,790,65.75,0.5684359673908785
bb_ipp_adaptive,gt,791,65.83333333333337,0.5684203061550875
bb_ipp_adaptive,gt,792,65.91666666666663,0.5684580598314125
bb_ipp_adaptive,gt,793,66.0,0.568527973493298
bb_ipp_adaptive,gt,794,66.08333333333337,0.5685864509782024
bb_ipp_adaptive,gt,795,66.16666666666663,0.5685979630800543
bb_ipp_adaptive,gt,796,66.25,0.5685491833519547
bb_ipp_adaptive,gt,797,66.33333333333337,0.5685107603831853
bb_ipp_adaptive,gt,798,66.41666666666663,0.5685274568370335
bb_ipp_adaptive,gt,799,66.5,0.5685464021374307
bb_ipp_adaptive,gt,800,66.58333333333337,0.5684913615094903
bb_ipp_adaptive,gt,801,66.66666666666663,0.568442161899633
bb_ipp_adaptive,gt,802,66.75,0.5684779912871026
bb_ipp_adaptive,gt,803,66.83333333333337,0.5685457033213437
bb_ipp_adaptive,gt,804,66.91666666666663,0.5685648790989787
bb_ipp_adaptive,gt,805,67.0,0.5685588927614456
bb_ipp_adaptive,gt,806,67.08333333333337,0.5686107564017427
bb_ipp_adaptive,gt,807,67.16666666666663,0.5687081560959097
bb_ipp_adaptive,gt,808,67.25,0.5688028273228223
bb_ipp_adaptive,gt,809,67.33333333333337,0.5688531897966543
bb_ipp_adaptive,gt,810,67.41666666666663,0.5688219598458603
bb_ipp_adaptive,gt,811,67.5,0.568794849955944
bb_ipp_adaptive,gt,812,67.58333333333337,0.5688598125472215
bb_ipp_adaptive,gt,813,67.66666666666663,0.5689720994602722
bb_ipp_adaptive,gt,814,67.75,0.5690636894015129
bb_ipp_adaptive,gt,815,67.83333333333337,0.5691133165530889
bb_ipp_adaptive,gt,816,67.91666666666663,0.5691515399731972
bb_ipp_adaptive,gt,817,68.0,0.5691902471934726
bb_ipp_adaptive,gt,818,68.08333333333337,0.5692110157408933
bb_ipp_adaptive,gt,819,68.16666666666663,0.5691906629813615
bb_ipp_adaptive,gt,820,68.25,0.5691376672826202
bb_ipp_adaptive,gt,821,68.33333333333337,0.5690795881759553
bb_ipp_adaptive,gt,822,68.41666666666663,0.5690138753612147
bb_ipp_adaptive,gt,823,68.5,0.5689071469387461
bb_ipp_adaptive,gt,824,68.58333333333337,0.5687580395819005
bb_ipp_adaptive,gt,825,68.66666666666663,0.5686569504750975
bb_ipp_adaptive,gt,826,68.75,0.5686023414531461
bb_ipp_adaptive,gt,827,68.83333333333337,0.5685560840264405
bb_ipp_adaptive,gt,828,68.91666666666663,0.5684982758584403
bb_ipp_adaptive,gt,829,69.0,0.5684379119239982
bb_ipp_adaptive,gt,830,69.08333333333337,0.5683797236652686
bb_ipp_adaptive,gt,831,69.16666666666663,0.568317233222163
bb_ipp_adaptive,gt,832,69.25,0.5682372534535367
bb_ipp_adaptive,gt,833,69.33333333333337,0.56812373262213
bb_ipp_adaptive,gt,834,69.41666666666663,0.5680183496364837
bb_ipp_adaptive,gt,835,69.5,0.5679617073288858
bb_ipp_adaptive,gt,836,69.58333333333337,0.5679335473412574
bb_ipp_adaptive,gt,837,69.66666666666663,0.5678993389444026
bb_ipp_adaptive,gt,838,69.75,0.5678519620263982
bb_ipp_adaptive,gt,839,69.83333333333337,0.5678027901136109
bb_ipp_adaptive,gt,840,69.91666666666663,0.5677608399932166
bb_ipp_adaptive,gt,841,70.0,0.5677148048938189
bb_ipp_adaptive,gt,842,70.08333333333337,0.5676405510653239
bb_ipp_adaptive,gt,843,70.16666666666663,0.5675543406510497
bb_ipp_adaptive,gt,844,70.25,0.5675026692965918
bb_ipp_adaptive,gt,845,70.33333333333337,0.567481561767198
bb_ipp_adaptive,gt,846,70.41666666666663,0.5674554081305592
bb_ipp_adaptive,gt,847,70.5,0.567428556907911
bb_ipp_adaptive,gt,848,70.58333333333337,0.5674422107083628
bb_ipp_adaptive,gt,849,70.66666666666663,0.5674963540253358
bb_ipp_adaptive,gt,850,70.75,0.5675624562956725
bb_ipp_adaptive,gt,851,70.83333333333337,0.5676119877673889
bb_ipp_adaptive,gt,852,70.91666666666663,0.5675569408548538
bb_ipp_adaptive,gt,853,71.0,0.567346063043816
bb_ipp_adaptive,gt,854,71.08333333333337,0.5670868220704052
bb_ipp_adaptive,gt,855,71.16666666666663,0.5668687269582869
bb_ipp_adaptive,gt,856,71.25,0.5666881218415002
bb_ipp_adaptive,gt,857,71.33333333333337,0.5665216818865609
bb_ipp_adaptive,gt,858,71.41666666666663,0.5663562602395272
bb_ipp_adaptive,gt,859,71.5,0.5661968767876067
bb_ipp_adaptive,gt,860,71.58333333333337,0.5660537657131044
bb_ipp_adaptive,gt,861,71.66666666666663,0.565926032854075
bb_ipp_adaptive,gt,862,71.75,0.5657995118760676
bb_ipp_adaptive,gt,863,71.83333333333337,0.5656708753608286
bb_ipp_adaptive,gt,864,71.91666666666663,0.5655578667110371
bb_ipp_adaptive,gt,865,72.0,0.565466191456402
bb_ipp_adaptive,gt,866,72.08333333333337,0.5653781809427344
bb_ipp_adaptive,gt,867,72.16666666666663,0.5652658417442138
bb_ipp_adaptive,gt,868,72.25,0.565139002561041
bb_ipp_adaptive,gt,869,72.33333333333337,0.5650291038339179
bb_ipp_adaptive,gt,870,72.41666666666663,0.5649249854846541
bb_ipp_adaptive,gt,871,72.5,0.5648081450303044
bb_ipp_adaptive,gt,872,72.58333333333337,0.5646747172125435
bb_ipp_adaptive,gt,873,72.66666666666663,0.5645167653020676
bb_ipp_adaptive,gt,874,72.75,0.5643326279046146
bb_ipp_adaptive,gt,875,72.83333333333337,0.5641665225769559
bb_ipp_adaptive,gt,876,72.91666666666663,0.5640412920823784
bb_ipp_adaptive,gt,877,73.0,0.5639417129326123
bb_ipp_adaptive,gt,878,73.08333333333337,0.5638429198506837
bb_ipp_adaptive,gt,879,73.16666666666663,0.56373979176265
bb_ipp_adaptive,gt,880,73.25,0.5636532824502383
bb_ipp_adaptive,gt,881,73.33333333333337,0.5635963004754285
bb_ipp_adaptive,gt,882,73.41666666666663,0.563551845777218
bb_ipp_adaptive,gt,883,73.5,0.5634844584444245
bb_ipp_adaptive,gt,884,73.58333333333337,0.5634132327350485
bb_ipp_adaptive,gt,885,73.66666666666663,0.5634090460152288
bb_ipp_adaptive,gt,886,73.75,0.5634685984915649
bb_ipp_adaptive,gt,887,73.83333333333337,0.5635613284578713
bb_ipp_adaptive,gt,888,73.91666666666663,0.5636640150343986
bb_ipp_adaptive,gt,889,74.0,0.5637419344410793
bb_ipp_adaptive,gt,890,74.08333333333337,0.5637785715227929
bb_ipp_adaptive,gt,891,74.16666666666663,0.563883390319094
bb_ipp_adaptive,gt,892,74.25,0.5640539663836055
bb_ipp_adaptive,gt,893,74.33333333333337,0.5642282855492821
bb_ipp_adaptive,gt,894,74.41666666666663,0.5643510239608325
bb_ipp_adaptive,gt,895,74.5,0.5644482378115501
bb_ipp_adaptive,gt,896,74.58333333333337,0.5645619527887416
bb_ipp_adaptive,gt,897,74.66666666666663,0.5646732144244382
bb_ipp_adaptive,gt,898,74.75,0.5647281060596911
bb_ipp_adaptive,gt,899,74.83333333333337,0.564726556820784
bb_ipp_adaptive,gt,900,74.91666666666663,0.5647709368874633
bb_ipp_adaptive,gt,901,75.0,0.5648548806067671
bb_ipp_adaptive,gt,902,75.08333333333337,0.5649329439553575
bb_ipp_adaptive,gt,903,75.16666666666663,0.5649945825075053
bb_ipp_adaptive,gt,904,75.25,0.565057557082947
bb_ipp_adaptive,gt,905,75.33333333333337,0.565122325626723
bb_ipp_adaptive,gt,906,75.41666666666663,0.565181767956183
bb_ipp_adaptive,gt,907,75.5,0.5652195511447557
bb_ipp_adaptive,gt,908,75.58333333333337,0.5652246858941878
bb_ipp_adaptive,gt,909,75.66666666666663,0.5652318779014278
bb_ipp_adaptive,gt,910,75.75,0.5652582607308975
bb_ipp_adaptive,gt,911,75.83333333333337,0.5652721784145684
bb_ipp_adaptive,gt,912,75.91666666666663,0.5652533614296523
bb_ipp_adaptive,gt,913,76.0,0.5652369811305985
bb_ipp_adaptive,gt,914,76.08333333333337,0.5652420572587297
bb_ipp_adaptive,gt,915,76.16666666666663,0.565250228727018
bb_ipp_adaptive,gt,916,76.25,0.5652354445323704
bb_ipp_adaptive,gt,917,76.33333333333337,0.56519624657353
bb_ipp_adaptive,gt,918,76.41666666666663,0.5651529441259793
bb_ipp_adaptive,gt,919,76.5,0.5651126161355989
bb_ipp_adaptive,gt,920,76.58333333333337,0.5650602438887803
bb_ipp_adaptive,gt,921,76.66666666666663,0.5649866099681473
bb_ipp_adaptive,gt,922,76.75,0.5649135034557827
bb_ipp_adaptive,gt,923,76.83333333333337,0.5648663020561416
bb_ipp_adaptive,gt,924,76.91666666666663,0.5648305787286871
bb_ipp_adaptive,gt,925,77.0,0.5647573718419344
bb_ipp_adaptive,gt,926,77.08333333333337,0.5646000181263541
bb_ipp_adaptive,gt,927,77.16666666666663,0.5643835040759906
bb_ipp_adaptive,gt,928,77.25,0.5641473638857109
bb_ipp_adaptive,gt,929,77.33333333333337,0.5639057186536988
bb_ipp_adaptive,gt,930,77.41666666666663,0.5636572060565247
bb_ipp_adaptive,gt,931,77.5,0.5634006557769153
bb_ipp_adaptive,gt,932,77.58333333333337,0.563159759861768
bb_ipp_adaptive,gt,933,77.66666666666663,0.5629465545956162
bb_ipp_adaptive,gt,934,77.75,0.5627440487101062
bb_ipp_adaptive,gt,935,77.83333333333337,0.5625322283922116
bb_ipp_adaptive,gt,936,77.91666666666663,0.5623343358816018
bb_ipp_adaptive,gt,937,78.0,0.5621598024558286
bb_ipp_adaptive,gt,938,78.08333333333337,0.5619910038307049
bb_ipp_adaptive,gt,939,78.16666666666663,0.5618073750934315
bb_ipp_adaptive,gt,940,78.25,0.561596707924953
bb_ipp_adaptive,gt,941,78.33333333333337,0.5613684227995834
bb_ipp_adaptive,gt,942,78.41666666666663,0.5611612549217841
bb_ipp_adaptive,gt,943,78.5,0.56098725311826
bb_ipp_adaptive,gt,944,78.58333333333337,0.560833165910056
bb_ipp_adaptive,gt,945,78.66666666666663,0.5606993703468045
bb_ipp_adaptive,gt,946,78.75,0.5605996869227081
bb_ipp_adaptive,gt,947,78.83333333333337,0.5605469500135638
bb_ipp_adaptive,gt,948,78.91666666666663,0.5605573524910834
bb_ipp_adaptive,gt,949,79.0,0.5606243390287909
bb_ipp_adaptive,gt,950,79.08333333333337,0.5607001403579072
bb_ipp_adaptive,gt,951,79.16666666666663,0.5608095381909554
bb_ipp_adaptive,gt,952,79.25,0.5610279225278815
bb_ipp_adaptive,gt,953,79.33333333333337,0.5613064770353361
bb_ipp_adaptive,gt,954,79.41666666666663,0.5615580399935165
bb_ipp_adaptive,gt,955,79.5,0.561751615225094
bb_ipp_adaptive,gt,956,79.58333333333337,0.5619407461221488
bb_ipp_adaptive,gt,957,79.66666666666663,0.5621662296246631
bb_ipp_adaptive,gt,958,79.75,0.5624020688514527
bb_ipp_adaptive,gt,959,79.83333333333337,0.5625873448408975
bb_ipp_adaptive,gt,960,79.91666666666663,0.5627666309315643
bb_ipp_adaptive,gt,961,80.0,0.5630651385958675
bb_ipp_adaptive,gt,962,80.08333333333337,0.5634378752937045
bb_ipp_adaptive,gt,963,80.16666666666663,0.5638054417371351
bb_ipp_adaptive,gt,964,80.25,0.5641267877405093
bb_ipp_adaptive,gt,965,80.33333333333337,0.5643630740323166
bb_ipp_adaptive,gt,966,80.41666666666663,0.5645073640669298
bb_ipp_adaptive,gt,967,80.5,0.5647233234064112
bb_ipp_adaptive,gt,968,80.58333333333337,0.5650283533226117
bb_ipp_adaptive,gt,969,80.66666666666663,0.5653363327146751
bb_ipp_adaptive,gt,970,80.75,0.5655818960339926
bb_ipp_adaptive,gt,971,80.83333333333337,0.5657729004716046
bb_ipp_adaptive,gt,972,80.91666666666663,0.5659555850934418
bb_ipp_adaptive,gt,973,81.0,0.5661365393772189
bb_ipp_adaptive,gt,974,81.08333333333337,0.5662771839137907
bb_ipp_adaptive,gt,975,81.16666666666663,0.5663544552659242
bb_ipp_adaptive,gt,976,81.25,0.5664082697743603
bb_ipp_adaptive,gt,977,81.33333333333337,0.5664855804402829
bb_ipp_adaptive,gt,978,81.41666666666663,0.5665654534503907
bb_ipp_adaptive,gt,979,81.5,0.5665990664764664
bb_ipp_adaptive,gt,980,81.58333333333337,0.5666156730242086
bb_ipp_adaptive,gt,981,81.66666666666663,0.5666651890013749
bb_ipp_adaptive,gt,982,81.75,0.5667250994112555
bb_ipp_adaptive,gt,983,81.83333333333337,0.5667603500581085
bb_ipp_adaptive,gt,984,81.91666666666663,0.5667609938138626
bb_ipp_adaptive,gt,985,82.0,0.5667118354948567
bb_ipp_adaptive,gt,986,82.08333333333337,0.5665855391985889
bb_ipp_adaptive,gt,987,82.16666666666663,0.566411761514777
bb_ipp_adaptive,gt,988,82.25,0.5662078189069548
bb_ipp_adaptive,gt,989,82.33333333333337,0.5659686214935367
bb_ipp_adaptive,gt,990,82.41666666666663,0.5657039639074336
bb_ipp_adaptive,gt,991,82.5,0.5654981312126688
bb_ipp_adaptive,gt,992,82.58333333333337,0.5653560859796097
bb_ipp_adaptive,gt,993,82.66666666666663,0.5652438601081725
bb_ipp_adaptive,gt,994,82.75,0.5651379117834763
bb_ipp_adaptive,gt,995,82.83333333333337,0.5650365476957737
bb_ipp_adaptive,gt,996,82.91666666666663,0.5649549088108267
bb_ipp_adaptive,gt,997,83.0,0.5649100180552629
bb_ipp_adaptive,gt,998,83.08333333333337,0.564880952012431
bb_ipp_adaptive,gt,999,83.16666666666663,0.5648095650371644
bb_ipp_adaptive,gt,1000,83.25,0.5647420311938834
bb_ipp_adaptive,gt,1001,83.33333333333337,0.5647788633300882
bb_ipp_adaptive,gt,1002,83.41666666666663,0.5648805632710695
bb_ipp_adaptive,gt,1003,83.5,0.5649775197702506
bb_ipp_adaptive,gt,1004,83.58333333333337,0.565057517749316
bb_ipp_adaptive,gt,1005,83.66666666666663,0.5651631167528586
bb_ipp_adaptive,gt,1006,83.75,0.5653076340024568
bb_ipp_adaptive,gt,1007,83.83333333333337,0.5654716603929483
bb_ipp_adaptive,gt,1008,83.91666666666663,0.5656212098811726
bb_ipp_adaptive,gt,1009,84.0,0.5657052016763635
bb_ipp_adaptive,gt,1010,84.08333333333337,0.5657516694446757
bb_ipp_adaptive,gt,1011,84.16666666666663,0.5658166685198875
bb_ipp_adaptive,gt,1012,84.25,0.565865423630534
bb_ipp_adaptive,gt,1013,84.33333333333337,0.5658602125780441
bb_ipp_adaptive,gt,1014,84.41666666666663,0.565795747421475
bb_ipp_adaptive,gt,1015,84.5,0.5657018269245312
bb_ipp_adaptive,gt,1016,84.58333333333337,0.5656229816446338
bb_ipp_adaptive,gt,1017,84.66666666666663,0.5655700139839667
bb_ipp_adaptive,gt,1018,84.75,0.5655218628899819
bb_ipp_adaptive,gt,1019,84.83333333333337,0.5654797235954224
bb_ipp_adaptive,gt,1020,84.91666666666663,0.5654783194528221
bb_ipp_adaptive,gt,1021,85.0,0.565523613394632
bb_ipp_adaptive,gt,1022,85.08333333333337,0.5655860562032636
bb_ipp_adaptive,gt,1023,85.16666666666663,0.5656350554759574
bb_ipp_adaptive,gt,1024,85.25,0.565662452067934
bb_ipp_adaptive,gt,1025,85.33333333333337,0.5656974771899358
bb_ipp_adaptive,gt,1026,85.41666666666663,0.5657620316397216
bb_ipp_adaptive,gt,1027,85.5,0.5658385993921412
bb_ipp_adaptive,gt,1028,85.58333333333337,0.5659098912479781
bb_ipp_adaptive,gt,1029,85.66666666666663,0.5659599778186835
bb_ipp_adaptive,gt,1030,85.75,0.5659525366847585
bb_ipp_adaptive,gt,1031,85.83333333333337,0.5658952079497885
bb_ipp_adaptive,gt,1032,85.91666666666663,0.565896295560462
bb_ipp_adaptive,gt,1033,86.0,0.5659330666561776
bb_ipp_adaptive,gt,1034,86.08333333333337,0.5659408065306494
bb_ipp_adaptive,gt,1035,86.16666666666663,0.5658758424305743
bb_ipp_adaptive,gt,1036,86.25,0.565807982539399
bb_ipp_adaptive,gt,1037,86.33333333333337,0.5657741024702283
bb_ipp_adaptive,gt,1038,86.41666666666663,0.5657354257620457
bb_ipp_adaptive,gt,1039,86.5,0.5656515803773094
bb_ipp_adaptive,gt,1040,86.58333333333337,0.5655583135230394
bb_ipp_adaptive,gt,1041,86.66666666666663,0.5654948392380108
bb_ipp_adaptive,gt,1042,86.75,0.5654476586199685
bb_ipp_adaptive,gt,1043,86.83333333333337,0.565389708240159
bb_ipp_adaptive,gt,1044,86.91666666666663,0.5652931479901513
bb_ipp_adaptive,gt,1045,87.0,0.5651416822741276
bb_ipp_adaptive,gt,1046,87.08333333333337,0.5650211726195049
bb_ipp_adaptive,gt,1047,87.16666666666663,0.56496360730636
bb_ipp_adaptive,gt,1048,87.25,0.5649265218136997
bb_ipp_adaptive,gt,1049,87.33333333333337,0.5648640257722619
bb_ipp_adaptive,gt,1050,87.41666666666663,0.5647645415656578
bb_ipp_adaptive,gt,1051,87.5,0.5646396987007769
bb_ipp_adaptive,gt,1052,87.58333333333337,0.564494404465408
bb_ipp_adaptive,gt,1053,87.66666666666663,0.5643218450579403
bb_ipp_adaptive,gt,1054,87.75,0.5641217530586494
bb_ipp_adaptive,gt,1055,87.83333333333337,0.5639157798952872
bb_ipp_adaptive,gt,1056,87.91666666666663,0.5637238211514001
bb_ipp_adaptive,gt,1057,88.0,0.5635426159964754
bb_ipp_adaptive,gt,1058,88.08333333333337,0.5633615193110374
bb_ipp_adaptive,gt,1059,88.16666666666663,0.5631852557840826
bb_ipp_adaptive,gt,1060,88.25,0.5630313894984688
bb_ipp_adaptive,gt,1061,88.33333333333337,0.5629082346118651
bb_ipp_adaptive,gt,1062,88.41666666666663,0.5627972080480282
bb_ipp_adaptive,gt,1063,88.5,0.5626733448010026
bb_ipp_adaptive,gt,1064,88.58333333333337,0.5626162148877646
bb_ipp_adaptive,gt,1065,88.66666666666663,0.562684813573027
bb_ipp_adaptive,gt,1066,88.75,0.5628430043949282
bb_ipp_adaptive,gt,1067,88.83333333333337,0.5630257798876499
bb_ipp_adaptive,gt,1068,88.91666666666663,0.5631737589596197
bb_ipp_adaptive,gt,1069,89.0,0.5632601203231776
bb_ipp_adaptive,gt,1070,89.08333333333337,0.5633346430787621
bb_ipp_adaptive,gt,1071,89.16666666666663,0.5634067972030511
bb_ipp_adaptive,gt,1072,89.25,0.5633768600844128
bb_ipp_adaptive,gt,1073,89.33333333333337,0.5632453214468714
bb_ipp_adaptive,gt,1074,89.41666666666663,0.5631158439666119
bb_ipp_adaptive,gt,1075,89.5,0.5630311095727444
bb_ipp_adaptive,gt,1076,89.58333333333337,0.5629760713184068
bb_ipp_adaptive,gt,1077,89.66666666666663,0.5629224147537758
bb_ipp_adaptive,gt,1078,89.75,0.5628401561828734
bb_ipp_adaptive,gt,1079,89.83333333333337,0.5627185968623555
bb_ipp_adaptive,gt,1080,89.91666666666663,0.5626396839548388
bb_ipp_adaptive,gt,1081,90.0,0.562622541848006
bb_ipp_adaptive,gt,1082,90.08333333333337,0.5626302520366078
bb_ipp_adaptive,gt,1083,90.16666666666663,0.5626412301090971
bb_ipp_adaptive,gt,1084,90.25,0.5626525059852129
bb_ipp_adaptive,gt,1085,90.33333333333337,0.5626504183400207
bb_ipp_adaptive,gt,1086,90.41666666666663,0.5626346452042121
bb_ipp_adaptive,gt,1087,90.5,0.5626232976195115
bb_ipp_adaptive,gt,1088,90.58333333333337,0.5626164086146407
bb_ipp_adaptive,gt,1089,90.66666666666663,0.5626031586636069
bb_ipp_adaptive,gt,1090,90.75,0.5625682550455006
bb_ipp_adaptive,gt,1091,90.83333333333337,0.5624932660055489
bb_ipp_adaptive,gt,1092,90.91666666666663,0.5624262907191858
bb_ipp_adaptive,gt,1093,91.0,0.5624144860321233
bb_ipp_adaptive,gt,1094,91.08333333333337,0.5624288561191292
bb_ipp_adaptive,gt,1095,91.16666666666663,0.5624063302820548
bb_ipp_adaptive,gt,1096,91.25,0.5623709394614406
bb_ipp_adaptive,gt,1097,91.33333333333337,0.5623897936424878
bb_ipp_adaptive,gt,1098,91.41666666666663,0.5624374146375688
bb_ipp_adaptive,gt,1099,91.5,0.5624691824894201
bb_ipp_adaptive,gt,1100,91.58333333333337,0.5624866941034607
bb_ipp_adaptive,gt,1101,91.66666666666663,0.5625126516369393
bb_ipp_adaptive,gt,1102,91.75,0.5625416207532996
bb_ipp_adaptive,gt,1103,91.83333333333337,0.5625569787544867
bb_ipp_adaptive,gt,1104,91.91666666666663,0.5625430436390114
bb_ipp_adaptive,gt,1105,92.0,0.5625076091871655
bb_ipp_adaptive,gt,1106,92.08333333333337,0.5624892293114652
bb_ipp_adaptive,gt,1107,92.16666666666663,0.5624914312422603
bb_ipp_adaptive,gt,1108,92.25,0.5624808539982822
bb_ipp_adaptive,gt,1109,92.33333333333337,0.5624534574626644
bb_ipp_adaptive,gt,1110,92.41666666666663,0.5624465292604954
bb_ipp_adaptive,gt,1111,92.5,0.5624630221137286
bb_ipp_adaptive,gt,1112,92.58333333333337,0.5624779459640467
bb_ipp_adaptive,gt,1113,92.66666666666663,0.5624715477580405
bb_ipp_adaptive,gt,1114,92.75,0.5624516308344879
bb_ipp_adaptive,gt,1115,92.83333333333337,0.562435050774386
bb_ipp_adaptive,gt,1116,92.91666666666663,0.5624128861804185
bb_ipp_adaptive,gt,1117,93.0,0.56235415470065
bb_ipp_adaptive,gt,1118,93.08333333333337,0.5622453260610379
bb_ipp_adaptive,gt,1119,93.16666666666663,0.5621571375964808
bb_ipp_adaptive,gt,1120,93.25,0.5621034940086435
bb_ipp_adaptive,gt,1121,93.33333333333337,0.5620571906922649
bb_ipp_adaptive,gt,1122,93.41666666666663,0.5620035872228178
bb_ipp_adaptive,gt,1123,93.5,0.5619304731957883
bb_ipp_adaptive,gt,1124,93.58333333333337,0.5618125326652674
bb_ipp_adaptive,gt,1125,93.66666666666663,0.5617003500525128
bb_ipp_adaptive,gt,1126,93.75,0.5616377020111092
bb_ipp_adaptive,gt,1127,93.83333333333337,0.5616010569712542
bb_ipp_adaptive,gt,1128,93.91666666666663,0.5615582733072025
bb_ipp_adaptive,gt,1129,94.0,0.5614951935725572
bb_ipp_adaptive,gt,1130,94.08333333333337,0.5614200322644506
bb_ipp_adaptive,gt,1131,94.16666666666663,0.5613446615446628
bb_ipp_adaptive,gt,1132,94.25,0.5612651406807269
bb_ipp_adaptive,gt,1133,94.33333333333337,0.5611686394376554
bb_ipp_adaptive,gt,1134,94.41666666666663,0.5610609574718771
bb_ipp_adaptive,gt,1135,94.5,0.5609643086862894
bb_ipp_adaptive,gt,1136,94.58333333333337,0.5608805608824328
bb_ipp_adaptive,gt,1137,94.66666666666663,0.5607945144953143
bb_ipp_adaptive,gt,1138,94.75,0.5606980398782118
bb_ipp_adaptive,gt,1139,94.83333333333337,0.5606019591369912
bb_ipp_adaptive,gt,1140,94.91666666666663,0.5605217070097889
bb_ipp_adaptive,gt,1141,95.0,0.5604516435783238
bb_ipp_adaptive,gt,1142,95.08333333333337,0.5603649683590508
bb_ipp_adaptive,gt,1143,95.16666666666663,0.5602740147097174
bb_ipp_adaptive,gt,1144,95.25,0.5602235408711632
bb_ipp_adaptive,gt,1145,95.33333333333337,0.5602077438149222
bb_ipp_adaptive,gt,1146,95.41666666666663,0.5602039961753809
bb_ipp_adaptive,gt,1147,95.5,0.5601947316700692
bb_ipp_adaptive,gt,1148,95.58333333333337,0.5601712489733385
bb_ipp_adaptive,gt,1149,95.66666666666663,0.5601653464177395
bb_ipp_adaptive,gt,1150,95.75,0.5601998450896708
bb_ipp_adaptive,gt,1151,95.83333333333337,0.5601868984022969
bb_ipp_adaptive,gt,1152,95.91666666666663,0.5600791556944342
bb_ipp_adaptive,gt,1153,96.0,0.5599493373421587
bb_ipp_adaptive,gt,1154,96.08333333333337,0.5598427909701386
bb_ipp_adaptive,gt,1155,96.16666666666663,0.5597568443208597
bb_ipp_adaptive,gt,1156,96.25,0.559677189243064
bb_ipp_adaptive,gt,1157,96.33333333333337,0.5595861440684159
bb_ipp_adaptive,gt,1158,96.41666666666663,0.5594609803800443
bb_ipp_adaptive,gt,1159,96.5,0.5593544349128367
bb_ipp_adaptive,gt,1160,96.58333333333337,0.5592964261658209
bb_ipp_adaptive,gt,1161,96.66666666666663,0.5592668709716091
bb_ipp_adaptive,gt,1162,96.75,0.5592431168341604
bb_ipp_adaptive,gt,1163,96.83333333333337,0.5592091352132726
bb_ipp_adaptive,gt,1164,96.91666666666663,0.5591436501212648
bb_ipp_adaptive,gt,1165,97.0,0.5590705312276043
bb_ipp_adaptive,gt,1166,97.08333333333337,0.5590343985614402
bb_ipp_adaptive,gt,1167,97.16666666666663,0.559023140033219
bb_ipp_adaptive,gt,1168,97.25,0.559015883535685
bb_ipp_adaptive,gt,1169,97.33333333333337,0.5589993832616624
bb_ipp_adaptive,gt,1170,97.41666666666663,0.5589720807091078
bb_ipp_adaptive,gt,1171,97.5,0.5589575639481166
bb_ipp_adaptive,gt,1172,97.58333333333337,0.55896935074976
bb_ipp_adaptive,gt,1173,97.66666666666663,0.5589808074929732
bb_ipp_adaptive,gt,1174,97.75,0.5589634000385202
bb_ipp_adaptive,gt,1175,97.83333333333337,0.5589592011744481
bb_ipp_adaptive,gt,1176,97.91666666666663,0.5589919929289417
bb_ipp_adaptive,gt,1177,98.0,0.5590323883196326
bb_ipp_adaptive,gt,1178,98.08333333333337,0.5590546127838133
bb_ipp_adaptive,gt,1179,98.16666666666663,0.5590726870097581
bb_ipp_adaptive,gt,1180,98.25,0.5591007705291419
bb_ipp_adaptive,gt,1181,98.33333333333337,0.5591353498344421
bb_ipp_adaptive,gt,1182,98.41666666666663,0.5591608461822951
bb_ipp_adaptive,gt,1183,98.5,0.5591510209817986
bb_ipp_adaptive,gt,1184,98.58333333333337,0.5591307598130587
bb_ipp_adaptive,gt,1185,98.66666666666663,0.5591572483506708
bb_ipp_adaptive,gt,1186,98.75,0.5592121785773342
bb_ipp_adaptive,gt,1187,98.83333333333337,0.55925396981935
bb_ipp_adaptive,gt,1188,98.91666666666663,0.559264615912125
bb_ipp_adaptive,gt,1189,99.0,0.5592585361501242
bb_ipp_adaptive,gt,1190,99.08333333333337,0.5592534778376255
bb_ipp_adaptive,gt,1191,99.16666666666663,0.5592460634424106
bb_ipp_adaptive,gt,1192,99.25,0.5592238644125946
bb_ipp_adaptive,gt,1193,99.33333333333337,0.5591947424743031
bb_ipp_adaptive,gt,1194,99.41666666666663,0.559174994915801
bb_ipp_adaptive,gt,1195,99.5,0.5591608676814994
bb_ipp_adaptive,gt,1196,99.58333333333337,0.5591339898265051
bb_ipp_adaptive,gt,1197,99.66666666666663,0.5590819567088203
bb_ipp_adaptive,gt,1198,99.75,0.5590162953729246
bb_ipp_adaptive,gt,1199,99.83333333333337,0.5589638170503588
bb_ipp_adaptive,gt,1200,99.91666666666663,0.5589194778911505
bb_ipp_adaptive,gt,1201,100.0,0.5588698906278046
bb_ipp_adaptive,gt,1202,100.08333333333337,0.5588231757054856
bb_ipp_adaptive,gt,1203,100.16666666666663,0.5587762517299737
bb_ipp_adaptive,gt,1204,100.25,0.5587089624350258
bb_ipp_adaptive,gt,1205,100.33333333333337,0.5586334873162297
bb_ipp_adaptive,gt,1206,100.41666666666663,0.5585737253671684
bb_ipp_adaptive,gt,1207,100.5,0.5585242692773837
bb_ipp_adaptive,gt,1208,100.58333333333337,0.5584649282532343
bb_ipp_adaptive,gt,1209,100.66666666666663,0.558384524538459
bb_ipp_adaptive,gt,1210,100.75,0.5582937610090686
bb_ipp_adaptive,gt,1211,100.83333333333337,0.5582068442645903
bb_ipp_adaptive,gt,1212,100.91666666666663,0.5581181225211526
bb_ipp_adaptive,gt,1213,101.0,0.5580134293452603
bb_ipp_adaptive,gt,1214,101.08333333333337,0.557894089992481
bb_ipp_adaptive,gt,1215,101.16666666666663,0.557779040625454
bb_ipp_adaptive,gt,1216,101.25,0.5576750205546596
bb_ipp_adaptive,gt,1217,101.33333333333337,0.5575593884118029
bb_ipp_adaptive,gt,1218,101.41666666666663,0.5574051384467841
bb_ipp_adaptive,gt,1219,101.5,0.5572724787782226
bb_ipp_adaptive,gt,1220,101.58333333333337,0.5571872611571488
bb_ipp_adaptive,gt,1221,101.66666666666663,0.5571263180651871
bb_ipp_adaptive,gt,1222,101.75,0.5570615019242816
bb_ipp_adaptive,gt,1223,101.83333333333337,0.5569683520575157
bb_ipp_adaptive,gt,1224,101.91666666666663,0.5568254161783148
bb_ipp_adaptive,gt,1225,102.0,0.5567126152834171
bb_ipp_adaptive,gt,1226,102.08333333333337,0.5566793599568091
bb_ipp_adaptive,gt,1227,102.16666666666663,0.5567043681640609
bb_ipp_adaptive,gt,1228,102.25,0.5567547256170096
bb_ipp_adaptive,gt,1229,102.33333333333337,0.5568189768766425
bb_ipp_adaptive,gt,1230,102.41666666666663,0.5569114601187446
bb_ipp_adaptive,gt,1231,102.5,0.5570440257088952
bb_ipp_adaptive,gt,1232,102.58333333333337,0.5571924844521029
bb_ipp_adaptive,gt,1233,102.66666666666663,0.5572940879912032
bb_ipp_adaptive,gt,1234,102.75,0.5573407053732969
bb_ipp_adaptive,gt,1235,102.83333333333337,0.5573720896778962
bb_ipp_adaptive,gt,1236,102.91666666666663,0.5574004223643062
bb_ipp_adaptive,gt,1237,103.0,0.5574109934520339
bb_ipp_adaptive,gt,1238,103.08333333333337,0.557368428599935
bb_ipp_adaptive,gt,1239,103.16666666666663,0.5573117390943861
bb_ipp_adaptive,gt,1240,103.25,0.5573284678750805
bb_ipp_adaptive,gt,1241,103.33333333333337,0.5574090091441347
bb_ipp_adaptive,gt,1242,103.41666666666663,0.5575089715219124
bb_ipp_adaptive,gt,1243,103.5,0.5575848108545907
bb_ipp_adaptive,gt,1244,103.58333333333337,0.557599067717612
bb_ipp_adaptive,gt,1245,103.66666666666663,0.5575856046966661
bb_ipp_adaptive,gt,1246,103.75,0.5576304445496564
bb_ipp_adaptive,gt,1247,103.83333333333337,0.5577235004533253
bb_ipp_adaptive,gt,1248,103.91666666666663,0.5578170158063626
bb_ipp_adaptive,gt,1249,104.0,0.5578912441684173
bb_ipp_adaptive,gt,1250,104.08333333333337,0.5579651002645947
bb_ipp_adaptive,gt,1251,104.16666666666663,0.5580546244622017
bb_ipp_adaptive,gt,1252,104.25,0.5581496092716957
bb_ipp_adaptive,gt,1253,104.33333333333337,0.5582311046711735
bb_ipp_adaptive,gt,1254,104.41666666666663,0.5583054040432504
bb_ipp_adaptive,gt,1255,104.5,0.5583897174059071
bb_ipp_adaptive,gt,1256,104.58333333333337,0.558482475307667
bb_ipp_adaptive,gt,1257,104.66666666666663,0.5585621250656676
bb_ipp_adaptive,gt,1258,104.75,0.5586188941242851
bb_ipp_adaptive,gt,1259,104.83333333333337,0.5586743218579945
bb_ipp_adaptive,gt,1260,104.91666666666663,0.5587487922536757
bb_ipp_adaptive,gt,1261,105.0,0.5588133313282659
bb_ipp_adaptive,gt,1262,105.08333333333337,0.5588360826444854
bb_ipp_adaptive,gt,1263,105.16666666666663,0.5588675027164602
bb_ipp_adaptive,gt,1264,105.25,0.5589492287819169
bb_ipp_adaptive,gt,1265,105.33333333333337,0.5590542704249623
bb_ipp_adaptive,gt,1266,105.41666666666663,0.5591409192369367
bb_ipp_adaptive,gt,1267,105.5,0.5591823976851614
bb_ipp_adaptive,gt,1268,105.58333333333337,0.5591877585346084
bb_ipp_adaptive,gt,1269,105.66666666666663,0.5592036043032492
bb_ipp_adaptive,gt,1270,105.75,0.5592338700003081
bb_ipp_adaptive,gt,1271,105.83333333333337,0.5592246938750429
bb_ipp_adaptive,gt,1272,105.91666666666663,0.5591720633902805
bb_ipp_adaptive,gt,1273,106.0,0.5591791940964311
bb_ipp_adaptive,gt,1274,106.08333333333337,0.5592345880401333
bb_ipp_adaptive,gt,1275,106.16666666666663,0.5592752800931919
bb_ipp_adaptive,gt,1276,106.25,0.5592577112086718
bb_ipp_adaptive,gt,1277,106.33333333333337,0.5592389000662953
bb_ipp_adaptive,gt,1278,106.41666666666663,0.5592632526155026
bb_ipp_adaptive,gt,1279,106.5,0.5592888632753967
bb_ipp_adaptive,gt,1280,106.58333333333337,0.5592502039038485
bb_ipp_adaptive,gt,1281,106.66666666666663,0.5591916863399792
bb_ipp_adaptive,gt,1282,106.75,0.5591985247768232
bb_ipp_adaptive,gt,1283,106.83333333333337,0.5592461108812383
bb_ipp_adaptive,gt,1284,106.91666666666663,0.5592879070712672
bb_ipp_adaptive,gt,1285,107.0,0.559294973527595
bb_ipp_adaptive,gt,1286,107.08333333333337,0.5592416698596089
bb_ipp_adaptive,gt,1287,107.16666666666663,0.5591580403122032
bb_ipp_adaptive,gt,1288,107.25,0.5591297130649463
bb_ipp_adaptive,gt,1289,107.33333333333337,0.559144725534848
bb_ipp_adaptive,gt,1290,107.41666666666663,0.5591629951324789
bb_ipp_adaptive,gt,1291,107.5,0.5591554736797925
bb_ipp_adaptive,gt,1292,107.58333333333337,0.5591238890137379
bb_ipp_adaptive,gt,1293,107.66666666666663,0.5590923893311672
bb_ipp_adaptive,gt,1294,107.75,0.5590727671283592
bb_ipp_adaptive,gt,1295,107.83333333333337,0.5590464633671772
bb_ipp_adaptive,gt,1296,107.91666666666663,0.5589959186687512
bb_ipp_adaptive,gt,1297,108.0,0.5589438011037733
bb_ipp_adaptive,gt,1298,108.08333333333337,0.558905829758083
bb_ipp_adaptive,gt,1299,108.16666666666663,0.5588660369086871
bb_ipp_adaptive,gt,1300,108.25,0.5588087875363542
bb_ipp_adaptive,gt,1301,108.33333333333337,0.5587409300103279
bb_ipp_adaptive,gt,1302,108.41666666666663,0.5586745487320094
bb_ipp_adaptive,gt,1303,108.5,0.5586111809589267
bb_ipp_adaptive,gt,1304,108.58333333333337,0.5585361682921081
bb_ipp_adaptive,gt,1305,108.66666666666663,0.558420926798445
bb_ipp_adaptive,gt,1306,108.75,0.5583042526750841
bb_ipp_adaptive,gt,1307,108.83333333333337,0.5582294468001379
bb_ipp_adaptive,gt,1308,108.91666666666663,0.5581824930393873
bb_ipp_adaptive,gt,1309,109.0,0.5581410720169355
bb_ipp_adaptive,gt,1310,109.08333333333337,0.5580864872429012
bb_ipp_adaptive,gt,1311,109.16666666666663,0.5579933294798086
bb_ipp_adaptive,gt,1312,109.25,0.5578941257636095
bb_ipp_adaptive,gt,1313,109.33333333333337,0.5578412091563374
bb_ipp_adaptive,gt,1314,109.41666666666663,0.5578179655320415
bb_ipp_adaptive,gt,1315,109.5,0.5577988663365
bb_ipp_adaptive,gt,1316,109.58333333333337,0.5577803099088596
bb_ipp_adaptive,gt,1317,109.66666666666663,0.5577821355849404
bb_ipp_adaptive,gt,1318,109.75,0.5578181806861894
bb_ipp_adaptive,gt,1319,109.83333333333337,0.5578766816461004
bb_ipp_adaptive,gt,1320,109.91666666666663,0.5579330758842833
bb_ipp_adaptive,gt,1321,110.0,0.5579769794087819
bb_ipp_adaptive,gt,1322,110.08333333333337,0.5580060460319745
bb_ipp_adaptive,gt,1323,110.16666666666663,0.5580249031213945
bb_ipp_adaptive,gt,1324,110.25,0.5580248476402728
bb_ipp_adaptive,gt,1325,110.33333333333337,0.5579764213030415
bb_ipp_adaptive,gt,1326,110.41666666666663,0.5579195024567917
bb_ipp_adaptive,gt,1327,110.5,0.5579237900600851
bb_ipp_adaptive,gt,1328,110.58333333333337,0.5579691141698578
bb_ipp_adaptive,gt,1329,110.66666666666663,0.5580205343254718
bb_ipp_adaptive,gt,1330,110.75,0.5580556340102206
bb_ipp_adaptive,gt,1331,110.83333333333337,0.5580452852132622
bb_ipp_adaptive,gt,1332,110.91666666666663,0.5580002652069694
bb_ipp_adaptive,gt,1333,111.0,0.5580033677058456
bb_ipp_adaptive,gt,1334,111.08333333333337,0.5580514562238532
bb_ipp_adaptive,gt,1335,111.16666666666663,0.5581066542357532
bb_ipp_adaptive,gt,1336,111.25,0.558146108610296
bb_ipp_adaptive,gt,1337,111.33333333333337,0.558174572196999
bb_ipp_adaptive,gt,1338,111.41666666666663,0.558212462255384
bb_ipp_adaptive,gt,1339,111.5,0.5582620044252965
bb_ipp_adaptive,gt,1340,111.58333333333337,0.5583015329663614
bb_ipp_adaptive,gt,1341,111.66666666666663,0.5583246967057811
bb_ipp_adaptive,gt,1342,111.75,0.5583614383105082
bb_ipp_adaptive,gt,1343,111.83333333333337,0.558422099546253
bb_ipp_adaptive,gt,1344,111.91666666666663,0.5584825811297334
bb_ipp_adaptive,gt,1345,112.0,0.5585281751768133
bb_ipp_adaptive,gt,1346,112.08333333333337,0.5585726294408736
bb_ipp_adaptive,gt,1347,112.16666666666663,0.5586308521513703
bb_ipp_adaptive,gt,1348,112.25,0.5586951461376193
bb_ipp_adaptive,gt,1349,112.33333333333337,0.558724140736977
bb_ipp_adaptive,gt,1350,112.41666666666663,0.5586812557261333
bb_ipp_adaptive,gt,1351,112.5,0.5586642739525839
bb_ipp_adaptive,gt,1352,112.58333333333337,0.5587106029005007
bb_ipp_adaptive,gt,1353,112.66666666666663,0.558779187745322
bb_ipp_adaptive,gt,1354,112.75,0.5588306518066434
bb_ipp_adaptive,gt,1355,112.83333333333337,0.5588379275804387
bb_ipp_adaptive,gt,1356,112.91666666666663,0.5587752265333439
bb_ipp_adaptive,gt,1357,113.0,0.5587285776003525
bb_ipp_adaptive,gt,1358,113.08333333333337,0.5587490987221884
bb_ipp_adaptive,gt,1359,113.16666666666663,0.5587979459090728
bb_ipp_adaptive,gt,1360,113.25,0.5588275216896397
bb_ipp_adaptive,gt,1361,113.33333333333337,0.5588289320549069
bb_ipp_adaptive,gt,1362,113.41666666666663,0.558824808291349
bb_ipp_adaptive,gt,1363,113.5,0.5588230615865928
bb_ipp_adaptive,gt,1364,113.58333333333337,0.5588078591158465
bb_ipp_adaptive,gt,1365,113.66666666666663,0.5587695021118333
bb_ipp_adaptive,gt,1366,113.75,0.5587188179195839
bb_ipp_adaptive,gt,1367,113.83333333333337,0.5586738330034653
bb_ipp_adaptive,gt,1368,113.91666666666663,0.5586309314160999
bb_ipp_adaptive,gt,1369,114.0,0.5585615596726254
bb_ipp_adaptive,gt,1370,114.08333333333337,0.5584495483678583
bb_ipp_adaptive,gt,1371,114.16666666666663,0.5583749763646633
bb_ipp_adaptive,gt,1372,114.25,0.5583443678771003
bb_ipp_adaptive,gt,1373,114.33333333333337,0.5583251999423566
bb_ipp_adaptive,gt,1374,114.41666666666663,0.5582976206203819
bb_ipp_adaptive,gt,1375,114.5,0.5582451195681674
bb_ipp_adaptive,gt,1376,114.58333333333337,0.5581466274469347
bb_ipp_adaptive,gt,1377,114.66666666666663,0.5580636675012018
bb_ipp_adaptive,gt,1378,114.75,0.5580271393863826
bb_ipp_adaptive,gt,1379,114.83333333333337,0.558012939032497
bb_ipp_adaptive,gt,1380,114.91666666666663,0.5579948011717609
bb_ipp_adaptive,gt,1381,115.0,0.5579664153755843
bb_ipp_adaptive,gt,1382,115.08333333333337,0.5579391865636272
bb_ipp_adaptive,gt,1383,115.16666666666663,0.5579260911621362
bb_ipp_adaptive,gt,1384,115.25,0.5579181391721044
bb_ipp_adaptive,gt,1385,115.33333333333337,0.5578957090394479
bb_ipp_adaptive,gt,1386,115.41666666666663,0.5578639061479224
bb_ipp_adaptive,gt,1387,115.5,0.5578424219425807
bb_ipp_adaptive,gt,1388,115.58333333333337,0.557825869865426
bb_ipp_adaptive,gt,1389,115.66666666666663,0.5577934145720318
bb_ipp_adaptive,gt,1390,115.75,0.5577373107070039
bb_ipp_adaptive,gt,1391,115.83333333333337,0.5576677914128618
bb_ipp_adaptive,gt,1392,115.91666666666663,0.5576009126260021
bb_ipp_adaptive,gt,1393,116.0,0.5575360203198657
bb_ipp_adaptive,gt,1394,116.08333333333337,0.5574521919031937
bb_ipp_adaptive,gt,1395,116.16666666666663,0.557352133906335
bb_ipp_adaptive,gt,1396,116.25,0.5572526209697034
bb_ipp_adaptive,gt,1397,116.33333333333337,0.5571422272592998
bb_ipp_adaptive,gt,1398,116.41666666666663,0.5570131860214218
bb_ipp_adaptive,gt,1399,116.5,0.5568797509029635
bb_ipp_adaptive,gt,1400,116.58333333333337,0.5567554652177014
bb_ipp_adaptive,gt,1401,116.66666666666663,0.5566411586285449
bb_ipp_adaptive,gt,1402,116.75,0.5565258705013976
bb_ipp_adaptive,gt,1403,116.83333333333337,0.5563995861959438
bb_ipp_adaptive,gt,1404,116.91666666666663,0.5562782976793571
bb_ipp_adaptive,gt,1405,117.0,0.5561933771809399
bb_ipp_adaptive,gt,1406,117.08333333333337,0.5561426422276614
bb_ipp_adaptive,gt,1407,117.16666666666663,0.55609357260584
bb_ipp_adaptive,gt,1408,117.25,0.5560522923115363
bb_ipp_adaptive,gt,1409,117.33333333333337,0.5560863221818345
bb_ipp_adaptive,gt,1410,117.41666666666663,0.5561967910423493
bb_ipp_adaptive,gt,1411,117.5,0.5563289489491671
bb_ipp_adaptive,gt,1412,117.58333333333337,0.5564492527479591
bb_ipp_adaptive,gt,1413,117.66666666666663,0.5565997498961864
bb_ipp_adaptive,gt,1414,117.75,0.5567872938004453
bb_ipp_adaptive,gt,1415,117.83333333333337,0.5569759841899609
bb_ipp_adaptive,gt,1416,117.91666666666663,0.5571469625383955
bb_ipp_adaptive,gt,1417,118.0,0.5573029561841398
bb_ipp_adaptive,gt,1418,118.08333333333337,0.5574539055531995
bb_ipp_adaptive,gt,1419,118.16666666666663,0.5576059551877723
bb_ipp_adaptive,gt,1420,118.25,0.5577505780489618
bb_ipp_adaptive,gt,1421,118.33333333333337,0.5578831070980654
bb_ipp_adaptive,gt,1422,118.41666666666663,0.5580186911777852
bb_ipp_adaptive,gt,1423,118.5,0.5581406124029991
bb_ipp_adaptive,gt,1424,118.58333333333337,0.5582062761650631
bb_ipp_adaptive,gt,1425,118.66666666666663,0.5582799391617399
bb_ipp_adaptive,gt,1426,118.75,0.5584279026047605
bb_ipp_adaptive,gt,1427,118.83333333333337,0.5586138873265604
bb_ipp_adaptive,gt,1428,118.91666666666663,0.5587779910522123
bb_ipp_adaptive,gt,1429,119.0,0.5589029429254274
bb_ipp_adaptive,gt,1430,119.08333333333337,0.5590235774639231
bb_ipp_adaptive,gt,1431,119.16666666666663,0.5591527396762344
bb_ipp_adaptive,gt,1432,119.25,0.5592562111380637
bb_ipp_adaptive,gt,1433,119.33333333333337,0.5592991230814752
bb_ipp_adaptive,gt,1434,119.41666666666663,0.5593104197484317
bb_ipp_adaptive,gt,1435,119.5,0.5593511064156261
bb_ipp_adaptive,gt,1436,119.58333333333337,0.5594068403356874
bb_ipp_adaptive,gt,1437,119.66666666666663,0.5594299844171385
bb_ipp_adaptive,gt,1438,119.75,0.5594378267809091
bb_ipp_adaptive,gt,1439,119.83333333333337,0.5594839275190158
bb_ipp_adaptive,gt,1440,119.91666666666663,0.5595620282641014
bb_ipp_adaptive,gt,1441,120.0,0.5596374038386713
bb_ipp_adaptive,gt,1442,120.08333333333337,0.5596717823481964
bb_ipp_adaptive,gt,1443,120.16666666666663,0.5596311003114242
bb_ipp_adaptive,gt,1444,120.25,0.559593485996655
bb_ipp_adaptive,gt,1445,120.33333333333337,0.5596388279007208
bb_ipp_adaptive,gt,1446,120.41666666666663,0.5597317811430019
bb_ipp_adaptive,gt,1447,120.5,0.5598133811826399
bb_ipp_adaptive,gt,1448,120.58333333333337,0.5598447439567306
bb_ipp_adaptive,gt,1449,120.66666666666663,0.5598309748580824
bb_ipp_adaptive,gt,1450,120.75,0.5598090276141359
bb_ipp_adaptive,gt,1451,120.83333333333337,0.5597904464242228
bb_ipp_adaptive,gt,1452,120.91666666666663,0.5597428022298174
bb_ipp_adaptive,gt,1453,121.0,0.5596582430893412
bb_ipp_adaptive,gt,1454,121.08333333333337,0.5596045635940041
bb_ipp_adaptive,gt,1455,121.16666666666663,0.5595962316001474
bb_ipp_adaptive,gt,1456,121.25,0.5595813564060257
bb_ipp_adaptive,gt,1457,121.33333333333337,0.55952662287641
bb_ipp_adaptive,gt,1458,121.41666666666663,0.5594861349555303
bb_ipp_adaptive,gt,1459,121.5,0.5594881124573534
bb_ipp_adaptive,gt,1460,121.58333333333337,0.5595042620774533
bb_ipp_adaptive,gt,1461,121.66666666666663,0.5595094225379655
bb_ipp_adaptive,gt,1462,121.75,0.5595131526008543
bb_ipp_adaptive,gt,1463,121.83333333333337,0.5595280161650125
bb_ipp_adaptive,gt,1464,121.91666666666663,0.5595461076154525
bb_ipp_adaptive,gt,1465,122.0,0.5595407062546511
bb_ipp_adaptive,gt,1466,122.08333333333337,0.5594886338912146
bb_ipp_adaptive,gt,1467,122.16666666666663,0.5594353204347556
bb_ipp_adaptive,gt,1468,122.25,0.5594311731437377
bb_ipp_adaptive,gt,1469,122.33333333333337,0.5594569702223154
bb_ipp_adaptive,gt,1470,122.41666666666663,0.5594709821542545
bb_ipp_adaptive,gt,1471,122.5,0.5594606619279985
bb_ipp_adaptive,gt,1472,122.58333333333337,0.5594400374561616
bb_ipp_adaptive,gt,1473,122.66666666666663,0.559418593795332
bb_ipp_adaptive,gt,1474,122.75,0.5593877133696007
bb_ipp_adaptive,gt,1475,122.83333333333337,0.559334723576639
bb_ipp_adaptive,gt,1476,122.91666666666663,0.5592711235985962
bb_ipp_adaptive,gt,1477,123.0,0.5592160495517055
bb_ipp_adaptive,gt,1478,123.08333333333337,0.5591634788431955
bb_ipp_adaptive,gt,1479,123.16666666666663,0.5590977388988623
bb_ipp_adaptive,gt,1480,123.25,0.5590225980367722
bb_ipp_adaptive,gt,1481,123.33333333333337,0.5589560187541748
bb_ipp_adaptive,gt,1482,123.41666666666663,0.5589046923391572
bb_ipp_adaptive,gt,1483,123.5,0.5588540892383191
bb_ipp_adaptive,gt,1484,123.58333333333337,0.5587790907748412
bb_ipp_adaptive,gt,1485,123.66666666666663,0.558693052498557
bb_ipp_adaptive,gt,1486,123.75,0.5586378740413793
bb_ipp_adaptive,gt,1487,123.83333333333337,0.5586122258947188
bb_ipp_adaptive,gt,1488,123.91666666666663,0.5585887510975961
bb_ipp_adaptive,gt,1489,124.0,0.558553754640919
bb_ipp_adaptive,gt,1490,124.08333333333337,0.5584944041943701
bb_ipp_adaptive,gt,1491,124.16666666666663,0.5583945645687094
bb_ipp_adaptive,gt,1492,124.25,0.5582899447464771
bb_ipp_adaptive,gt,1493,124.33333333333337,0.558217695057987
bb_ipp_adaptive,gt,1494,124.41666666666663,0.5581641194476761
bb_ipp_adaptive,gt,1495,124.5,0.5581001207387926
bb_ipp_adaptive,gt,1496,124.58333333333337,0.558015871712244
bb_ipp_adaptive,gt,1497,124.66666666666663,0.5579274594721002
bb_ipp_adaptive,gt,1498,124.75,0.5578508790856057
bb_ipp_adaptive,gt,1499,124.83333333333337,0.5577804520029233
bb_ipp_adaptive,gt,1500,124.91666666666663,0.5576995595721134
bb_ipp_adaptive,gt,1501,125.0,0.5576055520871268
bb_ipp_adaptive,gt,1502,125.08333333333337,0.5575122442509742
bb_ipp_adaptive,gt,1503,125.16666666666663,0.5574254822088162
bb_ipp_adaptive,gt,1504,125.25,0.5573255084397128
bb_ipp_adaptive,gt,1505,125.33333333333337,0.5571884944609526
bb_ipp_adaptive,gt,1506,125.41666666666663,0.5570554391803713
bb_ipp_adaptive,gt,1507,125.5,0.5569722735148015
bb_ipp_adaptive,gt,1508,125.58333333333337,0.5569215644978525
bb_ipp_adaptive,gt,1509,125.66666666666663,0.5568761188533403
bb_ipp_adaptive,gt,1510,125.75,0.5568222500164389
bb_ipp_adaptive,gt,1511,125.83333333333337,0.5567445419002779
bb_ipp_adaptive,gt,1512,125.91666666666663,0.556650554543328
bb_ipp_adaptive,gt,1513,126.0,0.5565909936178072
bb_ipp_adaptive,gt,1514,126.08333333333337,0.5565820126531831
bb_ipp_adaptive,gt,1515,126.16666666666663,0.556604087810515
bb_ipp_adaptive,gt,1516,126.25,0.5566331079057536
bb_ipp_adaptive,gt,1517,126.33333333333337,0.5566547303245065
bb_ipp_adaptive,gt,1518,126.41666666666663,0.556687263147131
bb_ipp_adaptive,gt,1519,126.5,0.5567680037812556
bb_ipp_adaptive,gt,1520,126.58333333333337,0.556874816005058
bb_ipp_adaptive,gt,1521,126.66666666666663,0.5569463204524879
bb_ipp_adaptive,gt,1522,126.75,0.5569982056346524
bb_ipp_adaptive,gt,1523,126.83333333333337,0.5571026469401315
bb_ipp_adaptive,gt,1524,126.91666666666663,0.5572421602591474
bb_ipp_adaptive,gt,1525,127.0,0.5573646909512244
bb_ipp_adaptive,gt,1526,127.08333333333337,0.5574608133309792
bb_ipp_adaptive,gt,1527,127.16666666666663,0.5575592227260816
bb_ipp_adaptive,gt,1528,127.25,0.5576656590800456
bb_ipp_adaptive,gt,1529,127.33333333333337,0.5577616855191979
bb_ipp_adaptive,gt,1530,127.41666666666663,0.5578231425108252
bb_ipp_adaptive,gt,1531,127.5,0.557826487065685
bb_ipp_adaptive,gt,1532,127.58333333333337,0.5578499460816606
bb_ipp_adaptive,gt,1533,127.66666666666663,0.5579435669328765
bb_ipp_adaptive,gt,1534,127.75,0.5580659202826372
bb_ipp_adaptive,gt,1535,127.83333333333337,0.5581752192924879
bb_ipp_adaptive,gt,1536,127.91666666666663,0.5582409832629837
bb_ipp_adaptive,gt,1537,128.0,0.5582220104557704
bb_ipp_adaptive,gt,1538,128.08333333333337,0.5581968182903474
bb_ipp_adaptive,gt,1539,128.16666666666663,0.5582477933531326
bb_ipp_adaptive,gt,1540,128.25,0.5583310808626888
bb_ipp_adaptive,gt,1541,128.33333333333337,0.5583844712686693
bb_ipp_adaptive,gt,1542,128.41666666666663,0.5583892259222015
bb_ipp_adaptive,gt,1543,128.5,0.5583736301605685
bb_ipp_adaptive,gt,1544,128.58333333333337,0.558360349647118
bb_ipp_adaptive,gt,1545,128.66666666666663,0.5583361563307592
bb_ipp_adaptive,gt,1546,128.75,0.558280715189444
bb_ipp_adaptive,gt,1547,128.83333333333337,0.5582064955476445
bb_ipp_adaptive,gt,1548,128.91666666666663,0.5581484950937514
bb_ipp_adaptive,gt,1549,129.0,0.5581021443669505
bb_ipp_adaptive,gt,1550,129.08333333333337,0.5580323957260258
bb_ipp_adaptive,gt,1551,129.16666666666663,0.557946524768241
bb_ipp_adaptive,gt,1552,129.25,0.5578979478094349
bb_ipp_adaptive,gt,1553,129.33333333333337,0.5578881204802727
bb_ipp_adaptive,gt,1554,129.41666666666663,0.557887514223661
bb_ipp_adaptive,gt,1555,129.5,0.557868051626917
bb_ipp_adaptive,gt,1556,129.58333333333337,0.557805554476581
bb_ipp_adaptive,gt,1557,129.66666666666663,0.5577293138159538
bb_ipp_adaptive,gt,1558,129.75,0.5576951322507401
bb_ipp_adaptive,gt,1559,129.83333333333337,0.55768767670036
bb_ipp_adaptive,gt,1560,129.91666666666663,0.5576743118731576
bb_ipp_adaptive,gt,1561,130.0,0.5576485586551326
bb_ipp_adaptive,gt,1562,130.08333333333337,0.5576258422989734
bb_ipp_adaptive,gt,1563,130.16666666666663,0.5576139000227199
bb_ipp_adaptive,gt,1564,130.25,0.55760237429849
bb_ipp_adaptive,gt,1565,130.33333333333337,0.5575758872449346
bb_ipp_adaptive,gt,1566,130.41666666666663,0.5575382615519129
bb_ipp_adaptive,gt,1567,130.5,0.5575022982585909
bb_ipp_adaptive,gt,1568,130.58333333333337,0.5574668396881706
bb_ipp_adaptive,gt,1569,130.66666666666663,0.5574132531718942
bb_ipp_adaptive,gt,1570,130.75,0.5573357440981951
bb_ipp_adaptive,gt,1571,130.83333333333337,0.557249211854677
bb_ipp_adaptive,gt,1572,130.91666666666663,0.5571710186832783
bb_ipp_adaptive,gt,1573,131.0,0.5570914391044566
bb_ipp_adaptive,gt,1574,131.08333333333337,0.5569859461924611
bb_ipp_adaptive,gt,1575,131.16666666666663,0.556884376888928
bb_ipp_adaptive,gt,1576,131.25,0.5568295925178047
bb_ipp_adaptive,gt,1577,131.33333333333337,0.5568110707375434
bb_ipp_adaptive,gt,1578,131.41666666666663,0.556803829110972
bb_ipp_adaptive,gt,1579,131.5,0.5567850652772325
bb_ipp_adaptive,gt,1580,131.58333333333337,0.5567299145736218
bb_ipp_adaptive,gt,1581,131.66666666666663,0.5566855252125313
bb_ipp_adaptive,gt,1582,131.75,0.5566971211840943
bb_ipp_adaptive,gt,1583,131.83333333333337,0.5567359496203695
bb_ipp_adaptive,gt,1584,131.91666666666663,0.5567673049701425
bb_ipp_adaptive,gt,1585,132.0,0.5567937517689383
bb_ipp_adaptive,gt,1586,132.08333333333337,0.5568370734037635
bb_ipp_adaptive,gt,1587,132.16666666666663,0.5568994950601404
bb_ipp_adaptive,gt,1588,132.25,0.5569627217026624
bb_ipp_adaptive,gt,1589,132.33333333333337,0.557010312015164
bb_ipp_adaptive,gt,1590,132.41666666666663,0.5570507442060801
bb_ipp_adaptive,gt,1591,132.5,0.5571016051969512
bb_ipp_adaptive,gt,1592,132.58333333333337,0.55715796018637
bb_ipp_adaptive,gt,1593,132.66666666666663,0.5572028576252749
bb_ipp_adaptive,gt,1594,132.75,0.557228676625506
bb_ipp_adaptive,gt,1595,132.83333333333337,0.5572518035913798
bb_ipp_adaptive,gt,1596,132.91666666666663,0.5572856072930182
bb_ipp_adaptive,gt,1597,133.0,0.5573117147697446
bb_ipp_adaptive,gt,1598,133.08333333333337,0.5573092475746431
bb_ipp_adaptive,gt,1599,133.16666666666663,0.5573197697053563
bb_ipp_adaptive,gt,1600,133.25,0.557374171373888
bb_ipp_adaptive,gt,1601,133.33333333333337,0.5574517614954482
bb_ipp_adaptive,gt,1602,133.41666666666663,0.5575225371234408
bb_ipp_adaptive,gt,1603,133.5,0.5575657347947256
bb_ipp_adaptive,gt,1604,133.58333333333337,0.5575868576606579
bb_ipp_adaptive,gt,1605,133.66666666666663,0.5576307417937424
bb_ipp_adaptive,gt,1606,133.75,0.5577082684800031
bb_ipp_adaptive,gt,1607,133.83333333333337,0.557782672843676
bb_ipp_adaptive,gt,1608,133.91666666666663,0.557849430650433
bb_ipp_adaptive,gt,1609,134.0,0.5579584645981815
bb_ipp_adaptive,gt,1610,134.08333333333337,0.5581114930808916
bb_ipp_adaptive,gt,1611,134.16666666666663,0.5582720022733582
bb_ipp_adaptive,gt,1612,134.25,0.5584091240221286
bb_ipp_adaptive,gt,1613,134.33333333333337,0.5585298368621802
bb_ipp_adaptive,gt,1614,134.41666666666663,0.5586534207289293
bb_ipp_adaptive,gt,1615,134.5,0.5587727945762359
bb_ipp_adaptive,gt,1616,134.58333333333337,0.5588566610411453
bb_ipp_adaptive,gt,1617,134.66666666666663,0.5588971179411807
bb_ipp_adaptive,gt,1618,134.75,0.5589337571997611
bb_ipp_adaptive,gt,1619,134.83333333333337,0.558990262899152
bb_ipp_adaptive,gt,1620,134.91666666666663,0.5590287958092618
bb_ipp_adaptive,gt,1621,135.0,0.5590181845628882
bb_ipp_adaptive,gt,1622,135.08333333333337,0.5590147517251813
bb_ipp_adaptive,gt,1623,135.16666666666663,0.5590550311338695
bb_ipp_adaptive,gt,1624,135.25,0.5591151237804887
bb_ipp_adaptive,gt,1625,135.33333333333337,0.559157305416545
bb_ipp_adaptive,gt,1626,135.41666666666663,0.5591454284870473
bb_ipp_adaptive,gt,1627,135.5,0.5590800842523738
bb_ipp_adaptive,gt,1628,135.58333333333337,0.5590391418750159
bb_ipp_adaptive,gt,1629,135.66666666666663,0.5590457054302441
bb_ipp_adaptive,gt,1630,135.75,0.5590622084329459
bb_ipp_adaptive,gt,1631,135.83333333333337,0.5590591724369278
bb_ipp_adaptive,gt,1632,135.91666666666663,0.5590429078189467
bb_ipp_adaptive,gt,1633,136.0,0.5590285774413826
bb_ipp_adaptive,gt,1634,136.08333333333337,0.5590136952077609
bb_ipp_adaptive,gt,1635,136.16666666666663,0.5589818006292252
bb_ipp_adaptive,gt,1636,136.25,0.5589288935057173
bb_ipp_adaptive,gt,1637,136.33333333333337,0.5588797230617232
bb_ipp_adaptive,gt,1638,136.41666666666663,0.5588485190912323
bb_ipp_adaptive,gt,1639,136.5,0.5588191902726326
bb_ipp_adaptive,gt,1640,136.58333333333337,0.5587792696070215
bb_ipp_adaptive,gt,1641,136.66666666666663,0.5587443851242483
bb_ipp_adaptive,gt,1642,136.75,0.5587309663867573
bb_ipp_adaptive,gt,1643,136.83333333333337,0.5587332502603962
bb_ipp_adaptive,gt,1644,136.91666666666663,0.5587273410186391
bb_ipp_adaptive,gt,1645,137.0,0.5586970652821458
bb_ipp_adaptive,gt,1646,137.08333333333337,0.5586738034827758
bb_ipp_adaptive,gt,1647,137.16666666666663,0.558683297948769
bb_ipp_adaptive,gt,1648,137.25,0.5587020225127376
bb_ipp_adaptive,gt,1649,137.33333333333337,0.5587170334160706
bb_ipp_adaptive,gt,1650,137.41666666666663,0.5587342367980462
bb_ipp_adaptive,gt,1651,137.5,0.558734973017775
bb_ipp_adaptive,gt,1652,137.58333333333337,0.558702117603507
bb_ipp_adaptive,gt,1653,137.66666666666663,0.5586811199682206
bb_ipp_adaptive,gt,1654,137.75,0.5586873428814035
bb_ipp_adaptive,gt,1655,137.83333333333337,0.5586967416309597
bb_ipp_adaptive,gt,1656,137.91666666666663,0.558685380466459
bb_ipp_adaptive,gt,1657,138.0,0.5586510801533365
bb_ipp_adaptive,gt,1658,138.08333333333337,0.5586119206166543
bb_ipp_adaptive,gt,1659,138.16666666666663,0.5585752978917702
bb_ipp_adaptive,gt,1660,138.25,0.558524433637651
bb_ipp_adaptive,gt,1661,138.33333333333337,0.5584454743545005
bb_ipp_adaptive,gt,1662,138.41666666666663,0.5583480817036736
bb_ipp_adaptive,gt,1663,138.5,0.5582493440300756
bb_ipp_adaptive,gt,1664,138.58333333333337,0.5581458468040614
bb_ipp_adaptive,gt,1665,138.66666666666663,0.5580098019175163
bb_ipp_adaptive,gt,1666,138.75,0.5578401671114241
bb_ipp_adaptive,gt,1667,138.83333333333337,0.5577126254045354
bb_ipp_adaptive,gt,1668,138.91666666666663,0.5576192394758867
bb_ipp_adaptive,gt,1669,139.0,0.5575288095749862
bb_ipp_adaptive,gt,1670,139.08333333333337,0.5574171164968537
bb_ipp_adaptive,gt,1671,139.16666666666663,0.5572637617281859
bb_ipp_adaptive,gt,1672,139.25,0.5570711867774396
bb_ipp_adaptive,gt,1673,139.33333333333337,0.5569323618734632
bb_ipp_adaptive,gt,1674,139.41666666666663,0.5568556514454379
bb_ipp_adaptive,gt,1675,139.5,0.5568065625569634
bb_ipp_adaptive,gt,1676,139.58333333333337,0.5567544386782342
bb_ipp_adaptive,gt,1677,139.66666666666663,0.5566906524109135
bb_ipp_adaptive,gt,1678,139.75,0.556627684144857
bb_ipp_adaptive,gt,1679,139.83333333333337,0.5565869556480201
bb_ipp_adaptive,gt,1680,139.91666666666663,0.5565612439155432
bb_ipp_adaptive,gt,1681,140.0,0.5565101014222348
bb_ipp_adaptive,gt,1682,140.08333333333337,0.5564523179270816
bb_ipp_adaptive,gt,1683,140.16666666666663,0.5564710694324427
bb_ipp_adaptive,gt,1684,140.25,0.5565473737183173
bb_ipp_adaptive,gt,1685,140.33333333333337,0.5566138131714657
bb_ipp_adaptive,gt,1686,140.41666666666663,0.5566450154134742
bb_ipp_adaptive,gt,1687,140.5,0.556721888956427
bb_ipp_adaptive,gt,1688,140.58333333333337,0.5568562067847341
bb_ipp_adaptive,gt,1689,140.66666666666663,0.557006502553859
bb_ipp_adaptive,gt,1690,140.75,0.5571434334721955
bb_ipp_adaptive,gt,1691,140.83333333333337,0.557270967705714
bb_ipp_adaptive,gt,1692,140.91666666666663,0.5573998889905433
bb_ipp_adaptive,gt,1693,141.0,0.5575254932767036
bb_ipp_adaptive,gt,1694,141.08333333333337,0.5576294857746891
bb_ipp_adaptive,gt,1695,141.16666666666663,0.5576933877099037
bb_ipp_adaptive,gt,1696,141.25,0.5577594362560008
bb_ipp_adaptive,gt,1697,141.33333333333337,0.5578677085374462
bb_ipp_adaptive,gt,1698,141.41666666666663,0.5579928834417268
bb_ipp_adaptive,gt,1699,141.5,0.5580990016764582
bb_ipp_adaptive,gt,1700,141.58333333333337,0.558187629216622
bb_ipp_adaptive,gt,1701,141.66666666666663,0.5582765863853115
bb_ipp_adaptive,gt,1702,141.75,0.5583703890452014
bb_ipp_adaptive,gt,1703,141.83333333333337,0.5584523847803029
bb_ipp_adaptive,gt,1704,141.91666666666663,0.558505942238792
bb_ipp_adaptive,gt,1705,142.0,0.5585518306257952
bb_ipp_adaptive,gt,1706,142.08333333333337,0.5586137401156291
bb_ipp_adaptive,gt,1707,142.16666666666663,0.5586811790391183
bb_ipp_adaptive,gt,1708,142.25,0.5587382093182744
bb_ipp_adaptive,gt,1709,142.33333333333337,0.558789308093366
bb_ipp_adaptive,gt,1710,142.41666666666663,0.5588473771369837
bb_ipp_adaptive,gt,1711,142.5,0.5589072728446478
bb_ipp_adaptive,gt,1712,142.58333333333337,0.5589396198183505
bb_ipp_adaptive,gt,1713,142.66666666666663,0.5589127341539422
bb_ipp_adaptive,gt,1714,142.75,0.558884536061071
bb_ipp_adaptive,gt,1715,142.83333333333337,0.5589178880839347
bb_ipp_adaptive,gt,1716,142.91666666666663,0.5589822034131615
bb_ipp_adaptive,gt,1717,143.0,0.5590426190119684
bb_ipp_adaptive,gt,1718,143.08333333333337,0.5590862472300647
bb_ipp_adaptive,gt,1719,143.16666666666663,0.5590985828979963
bb_ipp_adaptive,gt,1720,143.25,0.559080592540807
bb_ipp_adaptive,gt,1721,143.33333333333337,0.5590743474329352
bb_ipp_adaptive,gt,1722,143.41666666666663,0.5590856601752194
bb_ipp_adaptive,gt,1723,143.5,0.5590947134827564
bb_ipp_adaptive,gt,1724,143.58333333333337,0.5590774533528184
bb_ipp_adaptive,gt,1725,143.66666666666663,0.5590174780981775
bb_ipp_adaptive,gt,1726,143.75,0.5589396574100659
bb_ipp_adaptive,gt,1727,143.83333333333337,0.5588824289407124
bb_ipp_adaptive,gt,1728,143.91666666666663,0.5588333746147358
bb_ipp_adaptive,gt,1729,144.0,0.5587502327161591
bb_ipp_adaptive,gt,1730,144.08333333333337,0.5586448144549969
bb_ipp_adaptive,gt,1731,144.16666666666663,0.5585625963004072
bb_ipp_adaptive,gt,1732,144.25,0.5584974539980457
bb_ipp_adaptive,gt,1733,144.33333333333337,0.5584221883318526
bb_ipp_adaptive,gt,1734,144.41666666666663,0.5583297713237136
bb_ipp_adaptive,gt,1735,144.5,0.5582324175198851
bb_ipp_adaptive,gt,1736,144.58333333333337,0.558133612654794
bb_ipp_adaptive,gt,1737,144.66666666666663,0.558026532033655
bb_ipp_adaptive,gt,1738,144.75,0.5578972201298381
bb_ipp_adaptive,gt,1739,144.83333333333337,0.5577474388079421
bb_ipp_adaptive,gt,1740,144.91666666666663,0.557609513176159
bb_ipp_adaptive,gt,1741,145.0,0.5574865249466913
bb_ipp_adaptive,gt,1742,145.08333333333337,0.5573622975816125
bb_ipp_adaptive,gt,1743,145.16666666666663,0.5572337398525712
bb_ipp_adaptive,gt,1744,145.25,0.5571127856500294
bb_ipp_adaptive,gt,1745,145.33333333333337,0.5570070048763512
bb_ipp_adaptive,gt,1746,145.41666666666663,0.556912888751334
bb_ipp_adaptive,gt,1747,145.5,0.5568120294465447
bb_ipp_adaptive,gt,1748,145.58333333333337,0.556701879362099
bb_ipp_adaptive,gt,1749,145.66666666666663,0.5566195189941195
bb_ipp_adaptive,gt,1750,145.75,0.5565851791786349
bb_ipp_adaptive,gt,1751,145.83333333333337,0.556569700983981
bb_ipp_adaptive,gt,1752,145.91666666666663,0.5565338132263751
bb_ipp_adaptive,gt,1753,146.0,0.5565262925368267
bb_ipp_adaptive,gt,1754,146.08333333333337,0.5565922653661485
bb_ipp_adaptive,gt,1755,146.16666666666663,0.5566969401792045
bb_ipp_adaptive,gt,1756,146.25,0.5567873490617532
bb_ipp_adaptive,gt,1757,146.33333333333337,0.5568647017077887
bb_ipp_adaptive,gt,1758,146.41666666666663,0.5569593679483624
bb_ipp_adaptive,gt,1759,146.5,0.5570692881748147
bb_ipp_adaptive,gt,1760,146.58333333333337,0.5571742499299774
bb_ipp_adaptive,gt,1761,146.66666666666663,0.5572515403885071
bb_ipp_adaptive,gt,1762,146.75,0.5572896524923265
bb_ipp_adaptive,gt,1763,146.83333333333337,0.5573310719534366
bb_ipp_adaptive,gt,1764,146.91666666666663,0.5573997534541547
bb_ipp_adaptive,gt,1765,147.0,0.5574779651582176
bb_ipp_adaptive,gt,1766,147.08333333333337,0.557547720365656
bb_ipp_adaptive,gt,1767,147.16666666666663,0.5575876214960914
bb_ipp_adaptive,gt,1768,147.25,0.5575600248199688
bb_ipp_adaptive,gt,1769,147.33333333333337,0.557527922558925
bb_ipp_adaptive,gt,1770,147.41666666666663,0.5575534753826908
bb_ipp_adaptive,gt,1771,147.5,0.5576038373462947
bb_ipp_adaptive,gt,1772,147.58333333333337,0.55762213884265
bb_ipp_adaptive,gt,1773,147.66666666666663,0.5575939027056516
bb_ipp_adaptive,gt,1774,147.75,0.5575684621002593
bb_ipp_adaptive,gt,1775,147.83333333333337,0.5575593381630416
bb_ipp_adaptive,gt,1776,147.91666666666663,0.5575321462803874
bb_ipp_adaptive,gt,1777,148.0,0.5574513050520807
bb_ipp_adaptive,gt,1778,148.08333333333337,0.5573692008644274
bb_ipp_adaptive,gt,1779,148.16666666666663,0.5573126121311425
bb_ipp_adaptive,gt,1780,148.25,0.5572613962497386
bb_ipp_adaptive,gt,1781,148.33333333333337,0.5571943482174724
bb_ipp_adaptive,gt,1782,148.41666666666663,0.5570953760867542
bb_ipp_adaptive,gt,1783,148.5,0.5569541265135848
bb_ipp_adaptive,gt,1784,148.58333333333337,0.5568167537175087
bb_ipp_adaptive,gt,1785,148.66666666666663,0.5567152500836131
bb_ipp_adaptive,gt,1786,148.75,0.5566355349803791
bb_ipp_adaptive,gt,1787,148.83333333333337,0.5565572823014426
bb_ipp_adaptive,gt,1788,148.91666666666663,0.5564648914703222
bb_ipp_adaptive,gt,1789,149.0,0.5563543460736341
bb_ipp_adaptive,gt,1790,149.08333333333337,0.556263076721193
bb_ipp_adaptive,gt,1791,149.16666666666663,0.5562143748446869
bb_ipp_adaptive,gt,1792,149.25,0.5561784527311847
bb_ipp_adaptive,gt,1793,149.33333333333337,0.5561250360793927
bb_ipp_adaptive,gt,1794,149.41666666666663,0.5561157045535678
bb_ipp_adaptive,gt,1795,149.5,0.556189939498364
bb_ipp_adaptive,gt,1796,149.58333333333337,0.5563098704718127
bb_ipp_adaptive,gt,1797,149.66666666666663,0.55642307742111
bb_ipp_adaptive,gt,1798,149.75,0.5565242507863809
bb_ipp_adaptive,gt,1799,149.83333333333337,0.5566567209672761
bb_ipp_adaptive,gt,1800,149.91666666666663,0.5568222790287661
bb_ipp_adaptive,gt,1801,150.0,0.5569745769157535
bb_ipp_adaptive,gt,1802,150.08333333333337,0.5570751996482141
bb_ipp_adaptive,gt,1803,150.16666666666663,0.5571716485430971
bb_ipp_adaptive,gt,1804,150.25,0.5573049019621915
bb_ipp_adaptive,gt,1805,150.33333333333337,0.5574356815643903
bb_ipp_adaptive,gt,1806,150.41666666666663,0.5575308517463791
bb_ipp_adaptive,gt,1807,150.5,0.5576207153213447
bb_ipp_adaptive,gt,1808,150.58333333333337,0.5577336696356046
bb_ipp_adaptive,gt,1809,150.66666666666663,0.5578490534485819
bb_ipp_adaptive,gt,1810,150.75,0.557932119670198
bb_ipp_adaptive,gt,1811,150.83333333333337,0.557962526442818
bb_ipp_adaptive,gt,1812,150.91666666666663,0.5579594306558721
bb_ipp_adaptive,gt,1813,151.0,0.5579698186004166
bb_ipp_adaptive,gt,1814,151.08333333333337,0.5579908074423864
bb_ipp_adaptive,gt,1815,151.16666666666663,0.5579750268255792
bb_ipp_adaptive,gt,1816,151.25,0.5579327716228013
bb_ipp_adaptive,gt,1817,151.33333333333337,0.5579283756914253
bb_ipp_adaptive,gt,1818,151.41666666666663,0.5579528937021403
bb_ipp_adaptive,gt,1819,151.5,0.5579613003187096
bb_ipp_adaptive,gt,1820,151.58333333333337,0.5579262276488207
bb_ipp_adaptive,gt,1821,151.66666666666663,0.5578774233786811
bb_ipp_adaptive,gt,1822,151.75,0.5578419963141407
bb_ipp_adaptive,gt,1823,151.83333333333337,0.5578018540020049
bb_ipp_adaptive,gt,1824,151.91666666666663,0.5577185525842858
bb_ipp_adaptive,gt,1825,152.0,0.5576295263953648
bb_ipp_adaptive,gt,1826,152.08333333333337,0.5575968663717961
bb_ipp_adaptive,gt,1827,152.16666666666663,0.5576016189620336
bb_ipp_adaptive,gt,1828,152.25,0.5576080925299295
bb_ipp_adaptive,gt,1829,152.33333333333337,0.5575964438248059
bb_ipp_adaptive,gt,1830,152.41666666666663,0.5575498375609431
bb_ipp_adaptive,gt,1831,152.5,0.5574826302254944
bb_ipp_adaptive,gt,1832,152.58333333333337,0.5574482746824665
bb_ipp_adaptive,gt,1833,152.66666666666663,0.5574425835470823
bb_ipp_adaptive,gt,1834,152.75,0.5574363785176122
bb_ipp_adaptive,gt,1835,152.83333333333337,0.5574073924944674
bb_ipp_adaptive,gt,1836,152.91666666666663,0.5573530942088041
bb_ipp_adaptive,gt,1837,153.0,0.5572963860905881
bb_ipp_adaptive,gt,1838,153.08333333333337,0.5572529208567413
bb_ipp_adaptive,gt,1839,153.16666666666663,0.5572063223855263
bb_ipp_adaptive,gt,1840,153.25,0.5571337310805528
bb_ipp_adaptive,gt,1841,153.33333333333337,0.5570552196913583
bb_ipp_adaptive,gt,1842,153.41666666666663,0.5569950499507144
bb_ipp_adaptive,gt,1843,153.5,0.5569382632561265
bb_ipp_adaptive,gt,1844,153.58333333333337,0.5568616927991316
bb_ipp_adaptive,gt,1845,153.66666666666663,0.5567696920061888
bb_ipp_adaptive,gt,1846,153.75,0.5566781169404743
bb_ipp_adaptive,gt,1847,153.83333333333337,0.5565871531771275
bb_ipp_adaptive,gt,1848,153.91666666666663,0.5564816180955028
bb_ipp_adaptive,gt,1849,154.0,0.5563411232794405
bb_ipp_adaptive,gt,1850,154.08333333333337,0.5561811854189391
bb_ipp_adaptive,gt,1851,154.16666666666663,0.5560700011366487
bb_ipp_adaptive,gt,1852,154.25,0.5560107780156179
bb_ipp_adaptive,gt,1853,154.33333333333337,0.5559690502640392
bb_ipp_adaptive,gt,1854,154.41666666666663,0.5559185242192815
bb_ipp_adaptive,gt,1855,154.5,0.5558348887436226
bb_ipp_adaptive,gt,1856,154.58333333333337,0.5557054158105353
bb_ipp_adaptive,gt,1857,154.66666666666663,0.5556133132990716
bb_ipp_adaptive,gt,1858,154.75,0.5555910667221946
bb_ipp_adaptive,gt,1859,154.83333333333337,0.5556013837364183
bb_ipp_adaptive,gt,1860,154.91666666666663,0.5556062083243427
bb_ipp_adaptive,gt,1861,155.0,0.5556025991639559
bb_ipp_adaptive,gt,1862,155.08333333333337,0.5556137347371961
bb_ipp_adaptive,gt,1863,155.16666666666663,0.5556534365890369
bb_ipp_adaptive,gt,1864,155.25,0.555709029325648
bb_ipp_adaptive,gt,1865,155.33333333333337,0.5557646627838002
bb_ipp_adaptive,gt,1866,155.41666666666663,0.5558360229125642
bb_ipp_adaptive,gt,1867,155.5,0.5559501819155503
bb_ipp_adaptive,gt,1868,155.58333333333337,0.5561072854459965
bb_ipp_adaptive,gt,1869,155.66666666666663,0.5562761082880632
bb_ipp_adaptive,gt,1870,155.75,0.5564342293996402
bb_ipp_adaptive,gt,1871,155.83333333333337,0.5566055398471719
bb_ipp_adaptive,gt,1872,155.91666666666663,0.5568014583920914
bb_ipp_adaptive,gt,1873,156.0,0.5569819119763283
bb_ipp_adaptive,gt,1874,156.08333333333337,0.557123224960597
bb_ipp_adaptive,gt,1875,156.16666666666663,0.5572862233657216
bb_ipp_adaptive,gt,1876,156.25,0.5574946005454497
bb_ipp_adaptive,gt,1877,156.33333333333337,0.5577104094665992
bb_ipp_adaptive,gt,1878,156.41666666666663,0.5578939194325735
bb_ipp_adaptive,gt,1879,156.5,0.5580212782480609
bb_ipp_adaptive,gt,1880,156.58333333333337,0.5581193083295288
bb_ipp_adaptive,gt,1881,156.66666666666663,0.5582483757027576
bb_ipp_adaptive,gt,1882,156.75,0.5583979363617041
bb_ipp_adaptive,gt,1883,156.83333333333337,0.5585060137256854
bb_ipp_adaptive,gt,1884,156.91666666666663,0.5586023197106068
bb_ipp_adaptive,gt,1885,157.0,0.55877133394884
bb_ipp_adaptive,gt,1886,157.08333333333337,0.5589891570007053
bb_ipp_adaptive,gt,1887,157.16666666666663,0.559189208732643
bb_ipp_adaptive,gt,1888,157.25,0.5593414347031727
bb_ipp_adaptive,gt,1889,157.33333333333337,0.5594829220473317
bb_ipp_adaptive,gt,1890,157.41666666666663,0.5596424844653786
bb_ipp_adaptive,gt,1891,157.5,0.5597854660136328
bb_ipp_adaptive,gt,1892,157.58333333333337,0.5598607492744488
bb_ipp_adaptive,gt,1893,157.66666666666663,0.5598841885295811
bb_ipp_adaptive,gt,1894,157.75,0.5599451384671461
bb_ipp_adaptive,gt,1895,157.83333333333337,0.5600453261734631
bb_ipp_adaptive,gt,1896,157.91666666666663,0.560129621905677
bb_ipp_adaptive,gt,1897,158.0,0.5601889613227173
bb_ipp_adaptive,gt,1898,158.08333333333337,0.5602694667410987
bb_ipp_adaptive,gt,1899,158.16666666666663,0.5603683971406594
bb_ipp_adaptive,gt,1900,158.25,0.5604540085827701
bb_ipp_adaptive,gt,1901,158.33333333333337,0.5604990367726818
bb_ipp_adaptive,gt,1902,158.41666666666663,0.5604849333037166
bb_ipp_adaptive,gt,1903,158.5,0.5604579500223964
bb_ipp_adaptive,gt,1904,158.58333333333337,0.5604702384645734
bb_ipp_adaptive,gt,1905,158.66666666666663,0.5604980998477721
bb_ipp_adaptive,gt,1906,158.75,0.560499155658964
bb_ipp_adaptive,gt,1907,158.83333333333337,0.560479127538752
bb_ipp_adaptive,gt,1908,158.91666666666663,0.5604626241227904
bb_ipp_adaptive,gt,1909,159.0,0.5604528795748768
bb_ipp_adaptive,gt,1910,159.08333333333337,0.5604319161052629
bb_ipp_adaptive,gt,1911,159.16666666666663,0.5603880575043421
bb_ipp_adaptive,gt,1912,159.25,0.5603357427196255
bb_ipp_adaptive,gt,1913,159.33333333333337,0.560293737590183
bb_ipp_adaptive,gt,1914,159.41666666666663,0.5602546466061232
bb_ipp_adaptive,gt,1915,159.5,0.560201835548536
bb_ipp_adaptive,gt,1916,159.58333333333337,0.5601429671335584
bb_ipp_adaptive,gt,1917,159.66666666666663,0.560095681386877
bb_ipp_adaptive,gt,1918,159.75,0.5600580560681103
bb_ipp_adaptive,gt,1919,159.83333333333337,0.5600128133166846
bb_ipp_adaptive,gt,1920,159.91666666666663,0.5599389328423687
bb_ipp_adaptive,gt,1921,160.0,0.5598592005994008
bb_ipp_adaptive,gt,1922,160.08333333333337,0.5598153089212109
bb_ipp_adaptive,gt,1923,160.16666666666663,0.5597929303187064
bb_ipp_adaptive,gt,1924,160.25,0.5597700588654761
bb_ipp_adaptive,gt,1925,160.33333333333337,0.5597404186113982
bb_ipp_adaptive,gt,1926,160.41666666666663,0.5596906593097717
bb_ipp_adaptive,gt,1927,160.5,0.5596114928527811
bb_ipp_adaptive,gt,1928,160.58333333333337,0.5595537443243012
bb_ipp_adaptive,gt,1929,160.66666666666663,0.5595319225469747
bb_ipp_adaptive,gt,1930,160.75,0.5595245431031247
bb_ipp_adaptive,gt,1931,160.83333333333337,0.5595101692207204
bb_ipp_adaptive,gt,1932,160.91666666666663,0.5594883527855917
bb_ipp_adaptive,gt,1933,161.0,0.5594748724077836
bb_ipp_adaptive,gt,1934,161.08333333333337,0.559478802083916
bb_ipp_adaptive,gt,1935,161.16666666666663,0.5594872608075112
bb_ipp_adaptive,gt,1936,161.25,0.5594782098965279
bb_ipp_adaptive,gt,1937,161.33333333333337,0.5594624922031429
bb_ipp_adaptive,gt,1938,161.41666666666663,0.5594603449590522
bb_ipp_adaptive,gt,1939,161.5,0.5594569142492279
bb_ipp_adaptive,gt,1940,161.58333333333337,0.5594302161037445
bb_ipp_adaptive,gt,1941,161.66666666666663,0.5593824433992111
bb_ipp_adaptive,gt,1942,161.75,0.5593285602078555
bb_ipp_adaptive,gt,1943,161.83333333333337,0.5592774355693404
bb_ipp_adaptive,gt,1944,161.91666666666663,0.5592204104589779
bb_ipp_adaptive,gt,1945,162.0,0.5591308432900806
bb_ipp_adaptive,gt,1946,162.08333333333337,0.5590266562959109
bb_ipp_adaptive,gt,1947,162.16666666666663,0.5589738441303466
bb_ipp_adaptive,gt,1948,162.25,0.5589634070523758
bb_ipp_adaptive,gt,1949,162.33333333333337,0.5589645804511312
bb_ipp_adaptive,gt,1950,162.41666666666663,0.5589538748611136
bb_ipp_adaptive,gt,1951,162.5,0.5589050894053995
bb_ipp_adaptive,gt,1952,162.58333333333337,0.5588341074285805
bb_ipp_adaptive,gt,1953,162.66666666666663,0.5588089383009501
bb_ipp_adaptive,gt,1954,162.75,0.5588135974696573
bb_ipp_adaptive,gt,1955,162.83333333333337,0.558806830786932
bb_ipp_adaptive,gt,1956,162.91666666666663,0.5587783108036778
bb_ipp_adaptive,gt,1957,163.0,0.5587556131799577
bb_ipp_adaptive,gt,1958,163.08333333333337,0.5587553644957299
bb_ipp_adaptive,gt,1959,163.16666666666663,0.5587634242273672
bb_ipp_adaptive,gt,1960,163.25,0.5587561826270394
bb_ipp_adaptive,gt,1961,163.33333333333337,0.5587424398431137
bb_ipp_adaptive,gt,1962,163.41666666666663,0.5587465961522626
bb_ipp_adaptive,gt,1963,163.5,0.5587731966759015
bb_ipp_adaptive,gt,1964,163.58333333333337,0.5587884982739506
bb_ipp_adaptive,gt,1965,163.66666666666663,0.5587601533372255
bb_ipp_adaptive,gt,1966,163.75,0.5587250221782402
bb_ipp_adaptive,gt,1967,163.83333333333337,0.5587155308436087
bb_ipp_adaptive,gt,1968,163.91666666666663,0.5587098316518816
bb_ipp_adaptive,gt,1969,164.0,0.5586872107587942
bb_ipp_adaptive,gt,1970,164.08333333333337,0.5586413290766227
bb_ipp_adaptive,gt,1971,164.16666666666663,0.5585627488488646
bb_ipp_adaptive,gt,1972,164.25,0.5584647800151347
bb_ipp_adaptive,gt,1973,164.33333333333337,0.5583972430615681
bb_ipp_adaptive,gt,1974,164.41666666666663,0.5583628801846691
bb_ipp_adaptive,gt,1975,164.5,0.5583406680098444
bb_ipp_adaptive,gt,1976,164.58333333333337,0.5583074609791758
bb_ipp_adaptive,gt,1977,164.66666666666663,0.5582575070059441
bb_ipp_adaptive,gt,1978,164.75,0.558210744791404
bb_ipp_adaptive,gt,1979,164.83333333333337,0.5581845166556919
bb_ipp_adaptive,gt,1980,164.91666666666663,0.5581630836630516
bb_ipp_adaptive,gt,1981,165.0,0.5581122723642264
bb_ipp_adaptive,gt,1982,165.08333333333337,0.5580665614798893
bb_ipp_adaptive,gt,1983,165.16666666666663,0.5580803864239517
bb_ipp_adaptive,gt,1984,165.25,0.5581260611928516
bb_ipp_adaptive,gt,1985,165.33333333333337,0.5581491083911493
bb_ipp_adaptive,gt,1986,165.41666666666663,0.5581569254187351
bb_ipp_adaptive,gt,1987,165.5,0.5581972994943531
bb_ipp_adaptive,gt,1988,165.58333333333337,0.5582623847045579
bb_ipp_adaptive,gt,1989,165.66666666666663,0.558317203405717
bb_ipp_adaptive,gt,1990,165.75,0.5583430253408734
bb_ipp_adaptive,gt,1991,165.83333333333337,0.5583400282221473
bb_ipp_adaptive,gt,1992,165.91666666666663,0.5583346394285782
bb_ipp_adaptive,gt,1993,166.0,0.5583439410925989
bb_ipp_adaptive,gt,1994,166.08333333333337,0.5583563830245067
bb_ipp_adaptive,gt,1995,166.16666666666663,0.558359740996547
bb_ipp_adaptive,gt,1996,166.25,0.5583503320910543
bb_ipp_adaptive,gt,1997,166.33333333333337,0.5583041442446931
bb_ipp_adaptive,gt,1998,166.41666666666663,0.5582074429235842
bb_ipp_adaptive,gt,1999,166.5,0.5581230432757829
bb_ipp_adaptive,gt,2000,166.58333333333337,0.5580722807056405
bb_ipp_adaptive,gt,2001,166.66666666666663,0.5580323381202512
bb_ipp_adaptive,gt,2002,166.75,0.5579785632762158
bb_ipp_adaptive,gt,2003,166.83333333333337,0.5579164793375619
bb_ipp_adaptive,gt,2004,166.91666666666663,0.5578682341408736
bb_ipp_adaptive,gt,2005,167.0,0.5578333812781662
bb_ipp_adaptive,gt,2006,167.08333333333337,0.5577951358442724
bb_ipp_adaptive,gt,2007,167.16666666666663,0.5577446467524165
bb_ipp_adaptive,gt,2008,167.25,0.5576977020157959
bb_ipp_adaptive,gt,2009,167.33333333333337,0.5576670166587994
bb_ipp_adaptive,gt,2010,167.41666666666663,0.5576406768032942
bb_ipp_adaptive,gt,2011,167.5,0.5575829633455486
bb_ipp_adaptive,gt,2012,167.58333333333337,0.5574968751683888
bb_ipp_adaptive,gt,2013,167.66666666666663,0.557454134953017
bb_ipp_adaptive,gt,2014,167.75,0.5574485324297266
bb_ipp_adaptive,gt,2015,167.83333333333337,0.5574482057847209
bb_ipp_adaptive,gt,2016,167.91666666666663,0.5574353647380794
bb_ipp_adaptive,gt,2017,168.0,0.5573868296971064
bb_ipp_adaptive,gt,2018,168.08333333333337,0.5572994597184595
bb_ipp_adaptive,gt,2019,168.16666666666663,0.5572417041318192
bb_ipp_adaptive,gt,2020,168.25,0.5572125462831852
bb_ipp_adaptive,gt,2021,168.33333333333337,0.5571732188943725
bb_ipp_adaptive,gt,2022,168.41666666666663,0.5571029570660522
bb_ipp_adaptive,gt,2023,168.5,0.5570265919738078
bb_ipp_adaptive,gt,2024,168.58333333333337,0.5569669125743778
bb_ipp_adaptive,gt,2025,168.66666666666663,0.5569118207952015
bb_ipp_adaptive,gt,2026,168.75,0.5568399515718188
bb_ipp_adaptive,gt,2027,168.83333333333337,0.5567610026504929
bb_ipp_adaptive,gt,2028,168.91666666666663,0.5567109558426009
bb_ipp_adaptive,gt,2029,169.0,0.5566943379189537
bb_ipp_adaptive,gt,2030,169.08333333333337,0.5566733177827228
bb_ipp_adaptive,gt,2031,169.16666666666663,0.556618691689124
bb_ipp_adaptive,gt,2032,169.25,0.5565863734306516
bb_ipp_adaptive,gt,2033,169.33333333333337,0.556612184634524
bb_ipp_adaptive,gt,2034,169.41666666666663,0.5566637793076213
bb_ipp_adaptive,gt,2035,169.5,0.5567016667729004
bb_ipp_adaptive,gt,2036,169.58333333333337,0.556730297028161
bb_ipp_adaptive,gt,2037,169.66666666666663,0.556765479774368
bb_ipp_adaptive,gt,2038,169.75,0.556807866578979
bb_ipp_adaptive,gt,2039,169.83333333333337,0.5568524499342496
bb_ipp_adaptive,gt,2040,169.91666666666663,0.5568833156319567
bb_ipp_adaptive,gt,2041,170.0,0.556891631548853
bb_ipp_adaptive,gt,2042,170.08333333333337,0.5569158987505209
bb_ipp_adaptive,gt,2043,170.16666666666663,0.5569628762858919
bb_ipp_adaptive,gt,2044,170.25,0.5570029387578949
bb_ipp_adaptive,gt,2045,170.33333333333337,0.5570327081572276
bb_ipp_adaptive,gt,2046,170.41666666666663,0.5570780918829121
bb_ipp_adaptive,gt,2047,170.5,0.5571461512071401
bb_ipp_adaptive,gt,2048,170.58333333333337,0.5572225848884628
bb_ipp_adaptive,gt,2049,170.66666666666663,0.5572865295171168
bb_ipp_adaptive,gt,2050,170.75,0.557336717966607
bb_ipp_adaptive,gt,2051,170.83333333333337,0.5573946913921358
bb_ipp_adaptive,gt,2052,170.91666666666663,0.5574676436394489
bb_ipp_adaptive,gt,2053,171.0,0.5575392509502711
bb_ipp_adaptive,gt,2054,171.08333333333337,0.5575984324163533
bb_ipp_adaptive,gt,2055,171.16666666666663,0.5576597344931814
bb_ipp_adaptive,gt,2056,171.25,0.5577390665620506
bb_ipp_adaptive,gt,2057,171.33333333333337,0.5578163355165747
bb_ipp_adaptive,gt,2058,171.41666666666663,0.5578519833377386
bb_ipp_adaptive,gt,2059,171.5,0.5578863173738335
bb_ipp_adaptive,gt,2060,171.58333333333337,0.5579774025630256
bb_ipp_adaptive,gt,2061,171.66666666666663,0.5581043793029944
bb_ipp_adaptive,gt,2062,171.75,0.5582256951012685
bb_ipp_adaptive,gt,2063,171.83333333333337,0.5583070490493549
bb_ipp_adaptive,gt,2064,171.91666666666663,0.5583345111478469
bb_ipp_adaptive,gt,2065,172.0,0.5583671957147673
bb_ipp_adaptive,gt,2066,172.08333333333337,0.558447374851078
bb_ipp_adaptive,gt,2067,172.16666666666663,0.5585423474711659
bb_ipp_adaptive,gt,2068,172.25,0.5586126537337067
bb_ipp_adaptive,gt,2069,172.33333333333337,0.5586824798787985
bb_ipp_adaptive,gt,2070,172.41666666666663,0.5587799289852766
bb_ipp_adaptive,gt,2071,172.5,0.5588910184482416
bb_ipp_adaptive,gt,2072,172.58333333333337,0.5589850407073775
bb_ipp_adaptive,gt,2073,172.66666666666663,0.5590525193668004
bb_ipp_adaptive,gt,2074,172.75,0.5591150353890798
bb_ipp_adaptive,gt,2075,172.83333333333337,0.5591858189494805
bb_ipp_adaptive,gt,2076,172.91666666666663,0.5592465681259079
bb_ipp_adaptive,gt,2077,173.0,0.5592774377043462
bb_ipp_adaptive,gt,2078,173.08333333333337,0.5592894780827565
bb_ipp_adaptive,gt,2079,173.16666666666663,0.559311496357177
bb_ipp_adaptive,gt,2080,173.25,0.5593347438451203
bb_ipp_adaptive,gt,2081,173.33333333333337,0.5593214318950627
bb_ipp_adaptive,gt,2082,173.41666666666663,0.5592829158100433
bb_ipp_adaptive,gt,2083,173.5,0.5592804932500981
bb_ipp_adaptive,gt,2084,173.58333333333337,0.5593045107713629
bb_ipp_adaptive,gt,2085,173.66666666666663,0.5593193058809465
bb_ipp_adaptive,gt,2086,173.75,0.5593018837029398
bb_ipp_adaptive,gt,2087,173.83333333333337,0.5592385561810013
bb_ipp_adaptive,gt,2088,173.91666666666663,0.5591613803991168
bb_ipp_adaptive,gt,2089,174.0,0.5591136228677617
bb_ipp_adaptive,gt,2090,174.08333333333337,0.5590797649041308
bb_ipp_adaptive,gt,2091,174.16666666666663,0.5590236884616445
bb_ipp_adaptive,gt,2092,174.25,0.5589467666858442
bb_ipp_adaptive,gt,2093,174.33333333333337,0.5588756796137861
bb_ipp_adaptive,gt,2094,174.41666666666663,0.5588119523295437
bb_ipp_adaptive,gt,2095,174.5,0.5587370775473904
bb_ipp_adaptive,gt,2096,174.58333333333337,0.5586395702294226
bb_ipp_adaptive,gt,2097,174.66666666666663,0.5585343110301422
bb_ipp_adaptive,gt,2098,174.75,0.5584371757044182
bb_ipp_adaptive,gt,2099,174.83333333333337,0.558339273263692
bb_ipp_adaptive,gt,2100,174.91666666666663,0.5582132812814348
bb_ipp_adaptive,gt,2101,175.0,0.558061754123395
bb_ipp_adaptive,gt,2102,175.08333333333337,0.5579382825524687
bb_ipp_adaptive,gt,2103,175.16666666666663,0.5578507346263877
bb_ipp_adaptive,gt,2104,175.25,0.5577752064180279
bb_ipp_adaptive,gt,2105,175.33333333333337,0.5576986939021465
bb_ipp_adaptive,gt,2106,175.41666666666663,0.5576220181497424
bb_ipp_adaptive,gt,2107,175.5,0.5575428234238758
bb_ipp_adaptive,gt,2108,175.58333333333337,0.5574719386730944
bb_ipp_adaptive,gt,2109,175.66666666666663,0.5574259642136467
bb_ipp_adaptive,gt,2110,175.75,0.5574060472510958
bb_ipp_adaptive,gt,2111,175.83333333333337,0.5574036861426596
bb_ipp_adaptive,gt,2112,175.91666666666663,0.5573996138695437
bb_ipp_adaptive,gt,2113,176.0,0.5573551590408601
bb_ipp_adaptive,gt,2114,176.08333333333337,0.5572966207084313
bb_ipp_adaptive,gt,2115,176.16666666666663,0.5572993632946132
bb_ipp_adaptive,gt,2116,176.25,0.5573426586981609
bb_ipp_adaptive,gt,2117,176.33333333333337,0.557369187392005
bb_ipp_adaptive,gt,2118,176.41666666666663,0.5573569751703662
bb_ipp_adaptive,gt,2119,176.5,0.5573688431844861
bb_ipp_adaptive,gt,2120,176.58333333333337,0.5574215206189763
bb_ipp_adaptive,gt,2121,176.66666666666663,0.5574718250347525
bb_ipp_adaptive,gt,2122,176.75,0.5574620415521845
bb_ipp_adaptive,gt,2123,176.83333333333337,0.5574480698334519
bb_ipp_adaptive,gt,2124,176.91666666666663,0.5574862578644404
bb_ipp_adaptive,gt,2125,177.0,0.5575473798842354
bb_ipp_adaptive,gt,2126,177.08333333333337,0.5575916368224941
bb_ipp_adaptive,gt,2127,177.16666666666663,0.5576146805275966
bb_ipp_adaptive,gt,2128,177.25,0.557630232722581
bb_ipp_adaptive,gt,2129,177.33333333333337,0.557643539554299
bb_ipp_adaptive,gt,2130,177.41666666666663,0.5576567158359156
bb_ipp_adaptive,gt,2131,177.5,0.5576562165372859
bb_ipp_adaptive,gt,2132,177.58333333333337,0.5576380089415887
bb_ipp_adaptive,gt,2133,177.66666666666663,0.5576213752190222
bb_ipp_adaptive,gt,2134,177.75,0.5576017442547623
bb_ipp_adaptive,gt,2135,177.83333333333337,0.5575525122622814
bb_ipp_adaptive,gt,2136,177.91666666666663,0.5574875006855855
bb_ipp_adaptive,gt,2137,178.0,0.5574517641773173
bb_ipp_adaptive,gt,2138,178.08333333333337,0.5574424608239846
bb_ipp_adaptive,gt,2139,178.16666666666663,0.5574291450833694
bb_ipp_adaptive,gt,2140,178.25,0.5573943015169067
bb_ipp_adaptive,gt,2141,178.33333333333337,0.5573584111886799
bb_ipp_adaptive,gt,2142,178.41666666666663,0.5573399803078137
bb_ipp_adaptive,gt,2143,178.5,0.5573258277643519
bb_ipp_adaptive,gt,2144,178.58333333333337,0.5572752269816079
bb_ipp_adaptive,gt,2145,178.66666666666663,0.5571863084649853
bb_ipp_adaptive,gt,2146,178.75,0.5571328777337686
bb_ipp_adaptive,gt,2147,178.83333333333337,0.5571211078600394
bb_ipp_adaptive,gt,2148,178.91666666666663,0.5571198009912872
bb_ipp_adaptive,gt,2149,179.0,0.5571126546021011
bb_ipp_adaptive,gt,2150,179.08333333333337,0.5571014921917148
bb_ipp_adaptive,gt,2151,179.16666666666663,0.5570899728214768
bb_ipp_adaptive,gt,2152,179.25,0.5570970051786616
bb_ipp_adaptive,gt,2153,179.33333333333337,0.5571327097279646
bb_ipp_adaptive,gt,2154,179.41666666666663,0.5571851675820801
bb_ipp_adaptive,gt,2155,179.5,0.5572493358122267
bb_ipp_adaptive,gt,2156,179.58333333333337,0.5573213164196371
bb_ipp_adaptive,gt,2157,179.66666666666663,0.5573771589611289
bb_ipp_adaptive,gt,2158,179.75,0.5574376013128262
bb_ipp_adaptive,gt,2159,179.83333333333337,0.5575469044433391
bb_ipp_adaptive,gt,2160,179.91666666666663,0.5576912218721523
bb_ipp_adaptive,gt,2161,180.0,0.5578364121438162
bb_ipp_adaptive,gt,2162,180.08333333333337,0.557955006085622
bb_ipp_adaptive,gt,2163,180.16666666666663,0.5580545508031386
bb_ipp_adaptive,gt,2164,180.25,0.5581626436998807
bb_ipp_adaptive,gt,2165,180.33333333333337,0.5582813522494174
bb_ipp_adaptive,gt,2166,180.41666666666663,0.5583879775200664
bb_ipp_adaptive,gt,2167,180.5,0.5584799347571165
bb_ipp_adaptive,gt,2168,180.58333333333337,0.5585795579879985
bb_ipp_adaptive,gt,2169,180.66666666666663,0.5586914234921826
bb_ipp_adaptive,gt,2170,180.75,0.5587915308416846
bb_ipp_adaptive,gt,2171,180.83333333333337,0.5588515244409549
bb_ipp_adaptive,gt,2172,180.91666666666663,0.5588756717272404
bb_ipp_adaptive,gt,2173,181.0,0.5589171484945529
bb_ipp_adaptive,gt,2174,181.08333333333337,0.5589771429293374
bb_ipp_adaptive,gt,2175,181.16666666666663,0.5590295223519639
bb_ipp_adaptive,gt,2176,181.25,0.5590678731509667
bb_ipp_adaptive,gt,2177,181.33333333333337,0.5590843229146778
bb_ipp_adaptive,gt,2178,181.41666666666663,0.559051691249773
bb_ipp_adaptive,gt,2179,181.5,0.5590078492727721
bb_ipp_adaptive,gt,2180,181.58333333333337,0.5589909056900446
bb_ipp_adaptive,gt,2181,181.66666666666663,0.5589827254006725
bb_ipp_adaptive,gt,2182,181.75,0.5589581137164532
bb_ipp_adaptive,gt,2183,181.83333333333337,0.5589057602423974
bb_ipp_adaptive,gt,2184,181.91666666666663,0.558841898209232
bb_ipp_adaptive,gt,2185,182.0,0.5587808903689525
bb_ipp_adaptive,gt,2186,182.08333333333337,0.5587173954480428
bb_ipp_adaptive,gt,2187,182.16666666666663,0.5586381438208956
bb_ipp_adaptive,gt,2188,182.25,0.5585433396636028
bb_ipp_adaptive,gt,2189,182.33333333333337,0.5584464136028897
bb_ipp_adaptive,gt,2190,182.41666666666663,0.558350634299645
bb_ipp_adaptive,gt,2191,182.5,0.5582383232723442
bb_ipp_adaptive,gt,2192,182.58333333333337,0.5580874524194283
bb_ipp_adaptive,gt,2193,182.66666666666663,0.5579528492658714
bb_ipp_adaptive,gt,2194,182.75,0.5578577360556771
bb_ipp_adaptive,gt,2195,182.83333333333337,0.5577835703350429
bb_ipp_adaptive,gt,2196,182.91666666666663,0.5577090565938888
bb_ipp_adaptive,gt,2197,183.0,0.5576098887904051
bb_ipp_adaptive,gt,2198,183.08333333333337,0.557460553471252
bb_ipp_adaptive,gt,2199,183.16666666666663,0.5573296348134268
bb_ipp_adaptive,gt,2200,183.25,0.5572515597247216
bb_ipp_adaptive,gt,2201,183.33333333333337,0.557196679026381
bb_ipp_adaptive,gt,2202,183.41666666666663,0.5571358328002528
bb_ipp_adaptive,gt,2203,183.5,0.5570685358097157
bb_ipp_adaptive,gt,2204,183.58333333333337,0.5570099504516637
bb_ipp_adaptive,gt,2205,183.66666666666663,0.5569649981598506
bb_ipp_adaptive,gt,2206,183.75,0.556920149389786
bb_ipp_adaptive,gt,2207,183.83333333333337,0.5568577663232599
bb_ipp_adaptive,gt,2208,183.91666666666663,0.5567862578809532
bb_ipp_adaptive,gt,2209,184.0,0.5567254464469183
bb_ipp_adaptive,gt,2210,184.08333333333337,0.5566717088585502
bb_ipp_adaptive,gt,2211,184.16666666666663,0.5566067238961723
bb_ipp_adaptive,gt,2212,184.25,0.556527317528073
bb_ipp_adaptive,gt,2213,184.33333333333337,0.5564553733167277
bb_ipp_adaptive,gt,2214,184.41666666666663,0.556409131593339
bb_ipp_adaptive,gt,2215,184.5,0.5563719109853027
bb_ipp_adaptive,gt,2216,184.58333333333337,0.5563028713834031
bb_ipp_adaptive,gt,2217,184.66666666666663,0.5562557028711239
bb_ipp_adaptive,gt,2218,184.75,0.5562892371481047
bb_ipp_adaptive,gt,2219,184.83333333333337,0.556374594498495
bb_ipp_adaptive,gt,2220,184.91666666666663,0.5564705885340147
bb_ipp_adaptive,gt,2221,185.0,0.5565465732607642
bb_ipp_adaptive,gt,2222,185.08333333333337,0.556575098205593
bb_ipp_adaptive,gt,2223,185.16666666666663,0.5566152884744219
bb_ipp_adaptive,gt,2224,185.25,0.5567257403485849
bb_ipp_adaptive,gt,2225,185.33333333333337,0.556882301981775
bb_ipp_adaptive,gt,2226,185.41666666666663,0.5570432052196838
bb_ipp_adaptive,gt,2227,185.5,0.5571995724713336
bb_ipp_adaptive,gt,2228,185.58333333333337,0.557368517388053
bb_ipp_adaptive,gt,2229,185.66666666666663,0.5575555273655374
bb_ipp_adaptive,gt,2230,185.75,0.5577413719475374
bb_ipp_adaptive,gt,2231,185.83333333333337,0.5579035348775612
bb_ipp_adaptive,gt,2232,185.91666666666663,0.5580545520614608
bb_ipp_adaptive,gt,2233,186.0,0.5582214693111128
bb_ipp_adaptive,gt,2234,186.08333333333337,0.5583958757269095
bb_ipp_adaptive,gt,2235,186.16666666666663,0.5585527128779461
bb_ipp_adaptive,gt,2236,186.25,0.5586907910852534
bb_ipp_adaptive,gt,2237,186.33333333333337,0.5588326943272931
bb_ipp_adaptive,gt,2238,186.41666666666663,0.5589833189052541
bb_ipp_adaptive,gt,2239,186.5,0.5591043407700548
bb_ipp_adaptive,gt,2240,186.58333333333337,0.5591495349094204
bb_ipp_adaptive,gt,2241,186.66666666666663,0.5592090722336568
bb_ipp_adaptive,gt,2242,186.75,0.5593676095317929
bb_ipp_adaptive,gt,2243,186.83333333333337,0.5595858454133465
bb_ipp_adaptive,gt,2244,186.91666666666663,0.5597975565824871
bb_ipp_adaptive,gt,2245,187.0,0.5599473130355247
bb_ipp_adaptive,gt,2246,187.08333333333337,0.5600035769132412
bb_ipp_adaptive,gt,2247,187.16666666666663,0.560071579084161
bb_ipp_adaptive,gt,2248,187.25,0.5602248026920253
bb_ipp_adaptive,gt,2249,187.33333333333337,0.5604066022821669
bb_ipp_adaptive,gt,2250,187.41666666666663,0.5605525674761239
bb_ipp_adaptive,gt,2251,187.5,0.5606779696850889
bb_ipp_adaptive,gt,2252,187.58333333333337,0.5608250445675179
bb_ipp_adaptive,gt,2253,187.66666666666663,0.560991749392885
bb_ipp_adaptive,gt,2254,187.75,0.5611420810039934
bb_ipp_adaptive,gt,2255,187.83333333333337,0.5612561678828073
bb_ipp_adaptive,gt,2256,187.91666666666663,0.5613542789644332
bb_ipp_adaptive,gt,2257,188.0,0.5614556997225808
bb_ipp_adaptive,gt,2258,188.08333333333337,0.5615490568011506
bb_ipp_adaptive,gt,2259,188.16666666666663,0.5616021502627138
bb_ipp_adaptive,gt,2260,188.25,0.5616167839899814
bb_ipp_adaptive,gt,2261,188.33333333333337,0.5616435423346249
bb_ipp_adaptive,gt,2262,188.41666666666663,0.5616900836099815
bb_ipp_adaptive,gt,2263,188.5,0.5617133022622943
bb_ipp_adaptive,gt,2264,188.58333333333337,0.5617057913164548
bb_ipp_adaptive,gt,2265,188.66666666666663,0.5617131439467331
bb_ipp_adaptive,gt,2266,188.75,0.5617395716849607
bb_ipp_adaptive,gt,2267,188.83333333333337,0.5617557911211619
bb_ipp_adaptive,gt,2268,188.91666666666663,0.5617400920185354
bb_ipp_adaptive,gt,2269,189.0,0.5616873666333605
bb_ipp_adaptive,gt,2270,189.08333333333337,0.5616190470193319
bb_ipp_adaptive,gt,2271,189.16666666666663,0.5615558479233237
bb_ipp_adaptive,gt,2272,189.25,0.5614796220591527
bb_ipp_adaptive,gt,2273,189.33333333333337,0.5613558301980659
bb_ipp_adaptive,gt,2274,189.41666666666663,0.5612372988316812
bb_ipp_adaptive,gt,2275,189.5,0.5611534807168224
bb_ipp_adaptive,gt,2276,189.58333333333337,0.5610791719311061
bb_ipp_adaptive,gt,2277,189.66666666666663,0.5609813088324067
bb_ipp_adaptive,gt,2278,189.75,0.5608704147858447
bb_ipp_adaptive,gt,2279,189.83333333333337,0.5607825491369258
bb_ipp_adaptive,gt,2280,189.91666666666663,0.560713459566827
bb_ipp_adaptive,gt,2281,190.0,0.5606279086427512
bb_ipp_adaptive,gt,2282,190.08333333333337,0.5605047480194486
bb_ipp_adaptive,gt,2283,190.16666666666663,0.5604062937484284
bb_ipp_adaptive,gt,2284,190.25,0.5603558603465515
bb_ipp_adaptive,gt,2285,190.33333333333337,0.5603234843764514
bb_ipp_adaptive,gt,2286,190.41666666666663,0.5602807530927777
bb_ipp_adaptive,gt,2287,190.5,0.5602386972253318
bb_ipp_adaptive,gt,2288,190.58333333333337,0.5602131951529332
bb_ipp_adaptive,gt,2289,190.66666666666663,0.5602029063910345
bb_ipp_adaptive,gt,2290,190.75,0.5602009789007559
bb_ipp_adaptive,gt,2291,190.83333333333337,0.5601878589703907
bb_ipp_adaptive,gt,2292,190.91666666666663,0.5601658321543117
bb_ipp_adaptive,gt,2293,191.0,0.5601871144894052
bb_ipp_adaptive,gt,2294,191.08333333333337,0.560249986592133
bb_ipp_adaptive,gt,2295,191.16666666666663,0.5603207776108934
bb_ipp_adaptive,gt,2296,191.25,0.5603789059498745
bb_ipp_adaptive,gt,2297,191.33333333333337,0.5604304927468681
bb_ipp_adaptive,gt,2298,191.41666666666663,0.5604892422802351
bb_ipp_adaptive,gt,2299,191.5,0.5605536918346534
bb_ipp_adaptive,gt,2300,191.58333333333337,0.5606014420202461
bb_ipp_adaptive,gt,2301,191.66666666666663,0.5606230520396845
bb_ipp_adaptive,gt,2302,191.75,0.5606508875907567
bb_ipp_adaptive,gt,2303,191.83333333333337,0.5607007427218859
bb_ipp_adaptive,gt,2304,191.91666666666663,0.560748517051967
bb_ipp_adaptive,gt,2305,192.0,0.560775640432975
bb_ipp_adaptive,gt,2306,192.08333333333337,0.5607993134497352
bb_ipp_adaptive,gt,2307,192.16666666666663,0.5608315412549166
bb_ipp_adaptive,gt,2308,192.25,0.5608586599184603
bb_ipp_adaptive,gt,2309,192.33333333333337,0.5608598248690863
bb_ipp_adaptive,gt,2310,192.41666666666663,0.5608195447495479
bb_ipp_adaptive,gt,2311,192.5,0.5607721332301058
bb_ipp_adaptive,gt,2312,192.58333333333337,0.5607623527855828
bb_ipp_adaptive,gt,2313,192.66666666666663,0.560775774222674
bb_ipp_adaptive,gt,2314,192.75,0.560786634046653
bb_ipp_adaptive,gt,2315,192.83333333333337,0.5607827665619474
bb_ipp_adaptive,gt,2316,192.91666666666663,0.560738446236873
bb_ipp_adaptive,gt,2317,193.0,0.5606496260710222
bb_ipp_adaptive,gt,2318,193.08333333333337,0.5605911525211988
bb_ipp_adaptive,gt,2319,193.16666666666663,0.5605601817593993
bb_ipp_adaptive,gt,2320,193.25,0.5605184231188076
bb_ipp_adaptive,gt,2321,193.33333333333337,0.5604449888047216
bb_ipp_adaptive,gt,2322,193.41666666666663,0.5603598250007416
bb_ipp_adaptive,gt,2323,193.5,0.5602864320703157
bb_ipp_adaptive,gt,2324,193.58333333333337,0.5602163813965337
bb_ipp_adaptive,gt,2325,193.66666666666663,0.5601265332900072
bb_ipp_adaptive,gt,2326,193.75,0.5600212613266287
bb_ipp_adaptive,gt,2327,193.83333333333337,0.5599458892806422
bb_ipp_adaptive,gt,2328,193.91666666666663,0.5599062077462613
bb_ipp_adaptive,gt,2329,194.0,0.5598591000769174
bb_ipp_adaptive,gt,2330,194.08333333333337,0.559770297769949
bb_ipp_adaptive,gt,2331,194.16666666666663,0.5597207753792908
bb_ipp_adaptive,gt,2332,194.25,0.5597305692894473
bb_ipp_adaptive,gt,2333,194.33333333333337,0.5597642236979921
bb_ipp_adaptive,gt,2334,194.41666666666663,0.5597931998537604
bb_ipp_adaptive,gt,2335,194.5,0.5598052805676417
bb_ipp_adaptive,gt,2336,194.58333333333337,0.5598012195402716
bb_ipp_adaptive,gt,2337,194.66666666666663,0.5598163953343515
bb_ipp_adaptive,gt,2338,194.75,0.5598729949430291
bb_ipp_adaptive,gt,2339,194.83333333333337,0.559952258035758
bb_ipp_adaptive,gt,2340,194.91666666666663,0.5600351410229006
bb_ipp_adaptive,gt,2341,195.0,0.5601020184038795
bb_ipp_adaptive,gt,2342,195.08333333333337,0.5601124813016018
bb_ipp_adaptive,gt,2343,195.16666666666663,0.560095071920892
bb_ipp_adaptive,gt,2344,195.25,0.5601414894284492
bb_ipp_adaptive,gt,2345,195.33333333333337,0.5602374135601936
bb_ipp_adaptive,gt,2346,195.41666666666663,0.5603282261677816
bb_ipp_adaptive,gt,2347,195.5,0.5603839944687679
bb_ipp_adaptive,gt,2348,195.58333333333337,0.5604350702672749
bb_ipp_adaptive,gt,2349,195.66666666666663,0.5605113159626761
bb_ipp_adaptive,gt,2350,195.75,0.5605908110292204
bb_ipp_adaptive,gt,2351,195.83333333333337,0.560626595416992
bb_ipp_adaptive,gt,2352,195.91666666666663,0.5606220824209999
bb_ipp_adaptive,gt,2353,196.0,0.5606461912797314
bb_ipp_adaptive,gt,2354,196.08333333333337,0.5607055208737499
bb_ipp_adaptive,gt,2355,196.16666666666663,0.5607567031211111
bb_ipp_adaptive,gt,2356,196.25,0.5607879349000255
bb_ipp_adaptive,gt,2357,196.33333333333337,0.5608291642360778
bb_ipp_adaptive,gt,2358,196.41666666666663,0.5608820236283005
bb_ipp_adaptive,gt,2359,196.5,0.5609257084648711
bb_ipp_adaptive,gt,2360,196.58333333333337,0.5609517212498343
bb_ipp_adaptive,gt,2361,196.66666666666663,0.5609494962409954
bb_ipp_adaptive,gt,2362,196.75,0.560940483509455
bb_ipp_adaptive,gt,2363,196.83333333333337,0.5609483984426794
bb_ipp_adaptive,gt,2364,196.91666666666663,0.5609509924259801
bb_ipp_adaptive,gt,2365,197.0,0.5609165765537137
bb_ipp_adaptive,gt,2366,197.08333333333337,0.5608790573655108
bb_ipp_adaptive,gt,2367,197.16666666666663,0.5608650878753961
bb_ipp_adaptive,gt,2368,197.25,0.5608560177453678
bb_ipp_adaptive,gt,2369,197.33333333333337,0.5608235092366759
bb_ipp_adaptive,gt,2370,197.41666666666663,0.5607673214790546
bb_ipp_adaptive,gt,2371,197.5,0.5607159933892495
bb_ipp_adaptive,gt,2372,197.58333333333337,0.5606768836303941
bb_ipp_adaptive,gt,2373,197.66666666666663,0.5606270736271812
bb_ipp_adaptive,gt,2374,197.75,0.5605416092159148
bb_ipp_adaptive,gt,2375,197.83333333333337,0.5604611713435281
bb_ipp_adaptive,gt,2376,197.91666666666663,0.5604187883175927
bb_ipp_adaptive,gt,2377,198.0,0.5603924594516755
bb_ipp_adaptive,gt,2378,198.08333333333337,0.560357048565642
bb_ipp_adaptive,gt,2379,198.16666666666663,0.5603195176126993
bb_ipp_adaptive,gt,2380,198.25,0.5602910845766524
bb_ipp_adaptive,gt,2381,198.33333333333337,0.5602701045620477
bb_ipp_adaptive,gt,2382,198.41666666666663,0.5602548282881556
bb_ipp_adaptive,gt,2383,198.5,0.5602352482528635
bb_ipp_adaptive,gt,2384,198.58333333333337,0.5602073984352437
bb_ipp_adaptive,gt,2385,198.66666666666663,0.5601878609847537
bb_ipp_adaptive,gt,2386,198.75,0.5601656974517821
bb_ipp_adaptive,gt,2387,198.83333333333337,0.560109313571182
bb_ipp_adaptive,gt,2388,198.91666666666663,0.5600363431956974
bb_ipp_adaptive,gt,2389,199.0,0.5599890750528855
bb_ipp_adaptive,gt,2390,199.08333333333337,0.5599641211010612
bb_ipp_adaptive,gt,2391,199.16666666666663,0.559931485257149
bb_ipp_adaptive,gt,2392,199.25,0.5598723414501231
bb_ipp_adaptive,gt,2393,199.33333333333337,0.5598060280588723
bb_ipp_adaptive,gt,2394,199.41666666666663,0.5597561960693291
bb_ipp_adaptive,gt,2395,199.5,0.5597114408212917
bb_ipp_adaptive,gt,2396,199.58333333333337,0.5596388944996878
bb_ipp_adaptive,gt,2397,199.66666666666663,0.5595402921600929
bb_ipp_adaptive,gt,2398,199.75,0.5594759580617897
bb_ipp_adaptive,gt,2399,199.83333333333337,0.5594589550824097
bb_ipp_adaptive,gt,2400,199.91666666666663,0.5594577710152515
bb_ipp_adaptive,gt,2401,200.0,0.5594547592787622
bb_ipp_adaptive,gt,2402,200.08333333333337,0.5594607308673246
bb_ipp_adaptive,gt,2403,200.16666666666663,0.5594736333084172
bb_ipp_adaptive,gt,2404,200.25,0.5594919270449191
bb_ipp_adaptive,gt,2405,200.33333333333337,0.5595089518647559
bb_ipp_adaptive,gt,2406,200.41666666666663,0.5595167811231881
bb_ipp_adaptive,gt,2407,200.5,0.5595296999250304
bb_ipp_adaptive,gt,2408,200.58333333333337,0.559560882341419
bb_ipp_adaptive,gt,2409,200.66666666666663,0.559587720211935
bb_ipp_adaptive,gt,2410,200.75,0.5595913326550072
bb_ipp_adaptive,gt,2411,200.83333333333337,0.5596097857145704
bb_ipp_adaptive,gt,2412,200.91666666666663,0.5596730772723885
bb_ipp_adaptive,gt,2413,201.0,0.5597594279551724
bb_ipp_adaptive,gt,2414,201.08333333333337,0.5598368950141539
bb_ipp_adaptive,gt,2415,201.16666666666663,0.5598989252208161
bb_ipp_adaptive,gt,2416,201.25,0.5599690435759906
bb_ipp_adaptive,gt,2417,201.33333333333337,0.560061168436876
bb_ipp_adaptive,gt,2418,201.41666666666663,0.5601579005188394
bb_ipp_adaptive,gt,2419,201.5,0.5602400662171769
bb_ipp_adaptive,gt,2420,201.58333333333337,0.5603173812256217
bb_ipp_adaptive,gt,2421,201.66666666666663,0.5604086512593055
bb_ipp_adaptive,gt,2422,201.75,0.5604968717166111
bb_ipp_adaptive,gt,2423,201.83333333333337,0.5605336759919916
bb_ipp_adaptive,gt,2424,201.91666666666663,0.5605352077113852
bb_ipp_adaptive,gt,2425,202.0,0.5606146671859494
bb_ipp_adaptive,gt,2426,202.08333333333337,0.5607552663092388
bb_ipp_adaptive,gt,2427,202.16666666666663,0.5609047894497615
bb_ipp_adaptive,gt,2428,202.25,0.5610322828665663
bb_ipp_adaptive,gt,2429,202.33333333333337,0.5611144051895991
bb_ipp_adaptive,gt,2430,202.41666666666663,0.5611522639861977
bb_ipp_adaptive,gt,2431,202.5,0.5612282189993238
bb_ipp_adaptive,gt,2432,202.58333333333337,0.5613574904150623
bb_ipp_adaptive,gt,2433,202.66666666666663,0.5615032577457091
bb_ipp_adaptive,gt,2434,202.75,0.5616259727609552
bb_ipp_adaptive,gt,2435,202.83333333333337,0.5617047146752004
bb_ipp_adaptive,gt,2436,202.91666666666663,0.5617642503998962
bb_ipp_adaptive,gt,2437,203.0,0.5618431607947985
bb_ipp_adaptive,gt,2438,203.08333333333337,0.5619254048397931
bb_ipp_adaptive,gt,2439,203.16666666666663,0.5619674882419268
bb_ipp_adaptive,gt,2440,203.25,0.5619927284966211
bb_ipp_adaptive,gt,2441,203.33333333333337,0.5620509764235795
bb_ipp_adaptive,gt,2442,203.41666666666663,0.5621302544161939
bb_ipp_adaptive,gt,2443,203.5,0.5621951243482769
bb_ipp_adaptive,gt,2444,203.58333333333337,0.5622418507794643
bb_ipp_adaptive,gt,2445,203.66666666666663,0.5622917668484209
bb_ipp_adaptive,gt,2446,203.75,0.5623522566415217
bb_ipp_adaptive,gt,2447,203.83333333333337,0.5624041366549019
bb_ipp_adaptive,gt,2448,203.91666666666663,0.56240917319497
bb_ipp_adaptive,gt,2449,204.0,0.562357500432694
bb_ipp_adaptive,gt,2450,204.08333333333337,0.5623615491184923
bb_ipp_adaptive,gt,2451,204.16666666666663,0.5624245556082986
bb_ipp_adaptive,gt,2452,204.25,0.5625068852675832
bb_ipp_adaptive,gt,2453,204.33333333333337,0.5625739468851929
bb_ipp_adaptive,gt,2454,204.41666666666663,0.5625944190619387
bb_ipp_adaptive,gt,2455,204.5,0.562547719381827
bb_ipp_adaptive,gt,2456,204.58333333333337,0.562535865165896
bb_ipp_adaptive,gt,2457,204.66666666666663,0.5625767096384106
bb_ipp_adaptive,gt,2458,204.75,0.5626225019891468
bb_ipp_adaptive,gt,2459,204.83333333333337,0.5626340871001763
bb_ipp_adaptive,gt,2460,204.91666666666663,0.5626143321471226
bb_ipp_adaptive,gt,2461,205.0,0.5625872770192392
bb_ipp_adaptive,gt,2462,205.08333333333337,0.5625582523740554
bb_ipp_adaptive,gt,2463,205.16666666666663,0.5625089228720137
bb_ipp_adaptive,gt,2464,205.25,0.562427683591833
bb_ipp_adaptive,gt,2465,205.33333333333337,0.562336704311548
bb_ipp_adaptive,gt,2466,205.41666666666663,0.5622532344257655
bb_ipp_adaptive,gt,2467,205.5,0.5621616004320235
bb_ipp_adaptive,gt,2468,205.58333333333337,0.5620401704140952
bb_ipp_adaptive,gt,2469,205.66666666666663,0.5619141843831086
bb_ipp_adaptive,gt,2470,205.75,0.561813030323756
bb_ipp_adaptive,gt,2471,205.83333333333337,0.5617205132637108
bb_ipp_adaptive,gt,2472,205.91666666666663,0.561613628060372
bb_ipp_adaptive,gt,2473,206.0,0.5614757012076678
bb_ipp_adaptive,gt,2474,206.08333333333337,0.5612961133244793
bb_ipp_adaptive,gt,2475,206.16666666666663,0.56113358872042
bb_ipp_adaptive,gt,2476,206.25,0.561024096413284
bb_ipp_adaptive,gt,2477,206.33333333333337,0.5609397242538213
bb_ipp_adaptive,gt,2478,206.41666666666663,0.5608515075931018
bb_ipp_adaptive,gt,2479,206.5,0.5607589449393612
bb_ipp_adaptive,gt,2480,206.58333333333337,0.5606771942390171
bb_ipp_adaptive,gt,2481,206.66666666666663,0.5606136986343923
bb_ipp_adaptive,gt,2482,206.75,0.5605587143033472
bb_ipp_adaptive,gt,2483,206.83333333333337,0.5604971693083982
bb_ipp_adaptive,gt,2484,206.91666666666663,0.5604401050287968
bb_ipp_adaptive,gt,2485,207.0,0.5604189127870952
bb_ipp_adaptive,gt,2486,207.08333333333337,0.5604288299109637
bb_ipp_adaptive,gt,2487,207.16666666666663,0.5604377696781241
bb_ipp_adaptive,gt,2488,207.25,0.560437480103714
bb_ipp_adaptive,gt,2489,207.33333333333337,0.5604492876741779
bb_ipp_adaptive,gt,2490,207.41666666666663,0.5604781228797182
bb_ipp_adaptive,gt,2491,207.5,0.5604994304056752
bb_ipp_adaptive,gt,2492,207.58333333333337,0.5604887989440573
bb_ipp_adaptive,gt,2493,207.66666666666663,0.560451569367508
bb_ipp_adaptive,gt,2494,207.75,0.5604387010010604
bb_ipp_adaptive,gt,2495,207.83333333333337,0.560472561327864
bb_ipp_adaptive,gt,2496,207.91666666666663,0.5605330264662097
bb_ipp_adaptive,gt,2497,208.0,0.5605977513621883
bb_ipp_adaptive,gt,2498,208.08333333333337,0.5606544417809861
bb_ipp_adaptive,gt,2499,208.16666666666663,0.5606763763025278
bb_ipp_adaptive,gt,2500,208.25,0.5606837822865111
bb_ipp_adaptive,gt,2501,208.33333333333337,0.5607312458753672
bb_ipp_adaptive,gt,2502,208.41666666666663,0.5608057988698736
bb_ipp_adaptive,gt,2503,208.5,0.560870303725319
bb_ipp_adaptive,gt,2504,208.58333333333337,0.5609111958419782
bb_ipp_adaptive,gt,2505,208.66666666666663,0.5609429789792246
bb_ipp_adaptive,gt,2506,208.75,0.5609884726595149
bb_ipp_adaptive,gt,2507,208.83333333333337,0.5610439351639191
bb_ipp_adaptive,gt,2508,208.91666666666663,0.5610899775102443
bb_ipp_adaptive,gt,2509,209.0,0.5611209414765742
bb_ipp_adaptive,gt,2510,209.08333333333337,0.5611506197928391
bb_ipp_adaptive,gt,2511,209.16666666666663,0.5611880190238805
bb_ipp_adaptive,gt,2512,209.25,0.5612128113431226
bb_ipp_adaptive,gt,2513,209.33333333333337,0.5611939713137698
bb_ipp_adaptive,gt,2514,209.41666666666663,0.5611651263271568
bb_ipp_adaptive,gt,2515,209.5,0.5611813024956811
bb_ipp_adaptive,gt,2516,209.58333333333337,0.5612199518554298
bb_ipp_adaptive,gt,2517,209.66666666666663,0.5612565370262821
bb_ipp_adaptive,gt,2518,209.75,0.5612785701100469
bb_ipp_adaptive,gt,2519,209.83333333333337,0.5612669069609831
bb_ipp_adaptive,gt,2520,209.91666666666663,0.5612261301225235
bb_ipp_adaptive,gt,2521,210.0,0.5612223653417139
bb_ipp_adaptive,gt,2522,210.08333333333337,0.5612571345047501
bb_ipp_adaptive,gt,2523,210.16666666666663,0.5613001097651429
bb_ipp_adaptive,gt,2524,210.25,0.5613266450415355
bb_ipp_adaptive,gt,2525,210.33333333333337,0.5613370214006479
bb_ipp_adaptive,gt,2526,210.41666666666663,0.5613551308799948
bb_ipp_adaptive,gt,2527,210.5,0.5613936684190951
bb_ipp_adaptive,gt,2528,210.58333333333337,0.561437429665322
bb_ipp_adaptive,gt,2529,210.66666666666663,0.5614640176085833
bb_ipp_adaptive,gt,2530,210.75,0.5614914465889149
bb_ipp_adaptive,gt,2531,210.83333333333337,0.561540025118855
bb_ipp_adaptive,gt,2532,210.91666666666663,0.5615912250722153
bb_ipp_adaptive,gt,2533,211.0,0.5616175779181081
bb_ipp_adaptive,gt,2534,211.08333333333337,0.5616193748870086
bb_ipp_adaptive,gt,2535,211.16666666666663,0.5616105456051037
bb_ipp_adaptive,gt,2536,211.25,0.5615986482207005
bb_ipp_adaptive,gt,2537,211.33333333333337,0.5615739631297028
bb_ipp_adaptive,gt,2538,211.41666666666663,0.5615168160930238
bb_ipp_adaptive,gt,2539,211.5,0.561452561740745
bb_ipp_adaptive,gt,2540,211.58333333333337,0.5614096611890999
bb_ipp_adaptive,gt,2541,211.66666666666663,0.5613727092302665
bb_ipp_adaptive,gt,2542,211.75,0.5613267107432359
bb_ipp_adaptive,gt,2543,211.83333333333337,0.5612731079451821
bb_ipp_adaptive,gt,2544,211.91666666666663,0.5612188478598766
bb_ipp_adaptive,gt,2545,212.0,0.5611749301683487
bb_ipp_adaptive,gt,2546,212.08333333333337,0.5611357940503644
bb_ipp_adaptive,gt,2547,212.16666666666663,0.5610714229512674
bb_ipp_adaptive,gt,2548,212.25,0.5609796305933981
bb_ipp_adaptive,gt,2549,212.33333333333337,0.5609321296917055
bb_ipp_adaptive,gt,2550,212.41666666666663,0.5609264098051279
bb_ipp_adaptive,gt,2551,212.5,0.5609168946222803
bb_ipp_adaptive,gt,2552,212.58333333333337,0.5608627335640237
bb_ipp_adaptive,gt,2553,212.66666666666663,0.5608423700047891
bb_ipp_adaptive,gt,2554,212.75,0.5608786913517098
bb_ipp_adaptive,gt,2555,212.83333333333337,0.5609340486106533
bb_ipp_adaptive,gt,2556,212.91666666666663,0.5609737215512474
bb_ipp_adaptive,gt,2557,213.0,0.5610071170568414
bb_ipp_adaptive,gt,2558,213.08333333333337,0.5610515584260387
bb_ipp_adaptive,gt,2559,213.16666666666663,0.5611027857346211
bb_ipp_adaptive,gt,2560,213.25,0.5611428204455141
bb_ipp_adaptive,gt,2561,213.33333333333337,0.5611408780059336
bb_ipp_adaptive,gt,2562,213.41666666666663,0.5610970299637505
bb_ipp_adaptive,gt,2563,213.5,0.5610798737175402
bb_ipp_adaptive,gt,2564,213.58333333333337,0.5610827876721213
bb_ipp_adaptive,gt,2565,213.66666666666663,0.5610688176781347
bb_ipp_adaptive,gt,2566,213.75,0.5610282811164071
bb_ipp_adaptive,gt,2567,213.83333333333337,0.5609789449472151
bb_ipp_adaptive,gt,2568,213.91666666666663,0.5609363345657752
bb_ipp_adaptive,gt,2569,214.0,0.5608951029712844
bb_ipp_adaptive,gt,2570,214.08333333333337,0.560839141928991
bb_ipp_adaptive,gt,2571,214.16666666666663,0.5607681588979955
bb_ipp_adaptive,gt,2572,214.25,0.5607022292843352
bb_ipp_adaptive,gt,2573,214.33333333333337,0.5606515293628728
bb_ipp_adaptive,gt,2574,214.41666666666663,0.5606046535023052
bb_ipp_adaptive,gt,2575,214.5,0.5605531320768634
bb_ipp_adaptive,gt,2576,214.58333333333337,0.5605135045063054
bb_ipp_adaptive,gt,2577,214.66666666666663,0.5605070220033334
bb_ipp_adaptive,gt,2578,214.75,0.560524659312409
bb_ipp_adaptive,gt,2579,214.83333333333337,0.5605209509546275
bb_ipp_adaptive,gt,2580,214.91666666666663,0.5604934151495006
bb_ipp_adaptive,gt,2581,215.0,0.5605163354152496
bb_ipp_adaptive,gt,2582,215.08333333333337,0.5605914745951494
bb_ipp_adaptive,gt,2583,215.16666666666663,0.5606800517232344
bb_ipp_adaptive,gt,2584,215.25,0.5607633472864425
bb_ipp_adaptive,gt,2585,215.33333333333337,0.5608386897650895
bb_ipp_adaptive,gt,2586,215.41666666666663,0.5608994817675027
bb_ipp_adaptive,gt,2587,215.5,0.5609623680616393
bb_ipp_adaptive,gt,2588,215.58333333333337,0.5610420876001571
bb_ipp_adaptive,gt,2589,215.66666666666663,0.561132345388257
bb_ipp_adaptive,gt,2590,215.75,0.5612200066287103
bb_ipp_adaptive,gt,2591,215.83333333333337,0.5612812043732559
bb_ipp_adaptive,gt,2592,215.91666666666663,0.5613051772001576
bb_ipp_adaptive,gt,2593,216.0,0.5613474837447598
bb_ipp_adaptive,gt,2594,216.08333333333337,0.5614380364917685
bb_ipp_adaptive,gt,2595,216.16666666666663,0.5615262561049119
bb_ipp_adaptive,gt,2596,216.25,0.5615547088055194
bb_ipp_adaptive,gt,2597,216.33333333333337,0.561601920743732
bb_ipp_adaptive,gt,2598,216.41666666666663,0.5617232769066195
bb_ipp_adaptive,gt,2599,216.5,0.5618657830084481
bb_ipp_adaptive,gt,2600,216.58333333333337,0.5619673009595266
bb_ipp_adaptive,gt,2601,216.66666666666663,0.5620627061229606
bb_ipp_adaptive,gt,2602,216.75,0.5622056407287841
bb_ipp_adaptive,gt,2603,216.83333333333337,0.5623724465708891
bb_ipp_adaptive,gt,2604,216.91666666666663,0.5625185001101366
bb_ipp_adaptive,gt,2605,217.0,0.562613748513419
bb_ipp_adaptive,gt,2606,217.08333333333337,0.5626519816284989
bb_ipp_adaptive,gt,2607,217.16666666666663,0.5627084219340885
bb_ipp_adaptive,gt,2608,217.25,0.5628241689454824
bb_ipp_adaptive,gt,2609,217.33333333333337,0.5629703467690782
bb_ipp_adaptive,gt,2610,217.41666666666663,0.5631087497641816
bb_ipp_adaptive,gt,2611,217.5,0.563200145548937
bb_ipp_adaptive,gt,2612,217.58333333333337,0.5632061309266344
bb_ipp_adaptive,gt,2613,217.66666666666663,0.5632325472673088
bb_ipp_adaptive,gt,2614,217.75,0.5633564314360412
bb_ipp_adaptive,gt,2615,217.83333333333337,0.5635212175672052
bb_ipp_adaptive,gt,2616,217.91666666666663,0.563650334598572
bb_ipp_adaptive,gt,2617,218.0,0.5637374969333796
bb_ipp_adaptive,gt,2618,218.08333333333337,0.5638339867897973
bb_ipp_adaptive,gt,2619,218.16666666666663,0.5639482102675197
bb_ipp_adaptive,gt,2620,218.25,0.5640411058211916
bb_ipp_adaptive,gt,2621,218.33333333333337,0.5640785608847415
bb_ipp_adaptive,gt,2622,218.41666666666663,0.5640949860537976
bb_ipp_adaptive,gt,2623,218.5,0.5641331773534266
bb_ipp_adaptive,gt,2624,218.58333333333337,0.5641696424723702
bb_ipp_adaptive,gt,2625,218.66666666666663,0.5641640601934218
bb_ipp_adaptive,gt,2626,218.75,0.5641471908284316
bb_ipp_adaptive,gt,2627,218.83333333333337,0.5641647118831323
bb_ipp_adaptive,gt,2628,218.91666666666663,0.5641982702705126
bb_ipp_adaptive,gt,2629,219.0,0.56421341146873
bb_ipp_adaptive,gt,2630,219.08333333333337,0.5641893350396574
bb_ipp_adaptive,gt,2631,219.16666666666663,0.5641129388453949
bb_ipp_adaptive,gt,2632,219.25,0.5640288559097709
bb_ipp_adaptive,gt,2633,219.33333333333337,0.5639683728112388
bb_ipp_adaptive,gt,2634,219.41666666666663,0.5639069868915885
bb_ipp_adaptive,gt,2635,219.5,0.5638198759042274
bb_ipp_adaptive,gt,2636,219.58333333333337,0.5637182482126807
bb_ipp_adaptive,gt,2637,219.66666666666663,0.5636221456198091
bb_ipp_adaptive,gt,2638,219.75,0.5635339524489152
bb_ipp_adaptive,gt,2639,219.83333333333337,0.5634408917085592
bb_ipp_adaptive,gt,2640,219.91666666666663,0.5633367297444034
bb_ipp_adaptive,gt,2641,220.0,0.5632355470634606
bb_ipp_adaptive,gt,2642,220.08333333333337,0.5631486910849895
bb_ipp_adaptive,gt,2643,220.16666666666663,0.5630666511972547
bb_ipp_adaptive,gt,2644,220.25,0.5629790050157841
bb_ipp_adaptive,gt,2645,220.33333333333337,0.5628941048835497
bb_ipp_adaptive,gt,2646,220.41666666666663,0.5628354626921042
bb_ipp_adaptive,gt,2647,220.5,0.5628085125602164
bb_ipp_adaptive,gt,2648,220.58333333333337,0.5627806677528369
bb_ipp_adaptive,gt,2649,220.66666666666663,0.5627194329595349
bb_ipp_adaptive,gt,2650,220.75,0.5626879877419866
bb_ipp_adaptive,gt,2651,220.83333333333337,0.5627343959343144
bb_ipp_adaptive,gt,2652,220.91666666666663,0.5628305583917791
bb_ipp_adaptive,gt,2653,221.0,0.5629362415879521
bb_ipp_adaptive,gt,2654,221.08333333333337,0.5630338177426797
bb_ipp_adaptive,gt,2655,221.16666666666663,0.5631089217671612
bb_ipp_adaptive,gt,2656,221.25,0.5631693735232385
bb_ipp_adaptive,gt,2657,221.33333333333337,0.5632601293137651
bb_ipp_adaptive,gt,2658,221.41666666666663,0.5633909513830985
bb_ipp_adaptive,gt,2659,221.5,0.5635391243324012
bb_ipp_adaptive,gt,2660,221.58333333333337,0.563671549726786
bb_ipp_adaptive,gt,2661,221.66666666666663,0.5637626879937482
bb_ipp_adaptive,gt,2662,221.75,0.5638317072415581
bb_ipp_adaptive,gt,2663,221.83333333333337,0.5639206373045765
bb_ipp_adaptive,gt,2664,221.91666666666663,0.5640129773527034
bb_ipp_adaptive,gt,2665,222.0,0.5640652431548109
bb_ipp_adaptive,gt,2666,222.08333333333337,0.5640887393097396
bb_ipp_adaptive,gt,2667,222.16666666666663,0.5641351211595586
bb_ipp_adaptive,gt,2668,222.25,0.5642023345624921
bb_ipp_adaptive,gt,2669,222.33333333333337,0.5642537386033682
bb_ipp_adaptive,gt,2670,222.41666666666663,0.5642795404925925
bb_ipp_adaptive,gt,2671,222.5,0.5642929827934949
bb_ipp_adaptive,gt,2672,222.58333333333337,0.5642971755582881
bb_ipp_adaptive,gt,2673,222.66666666666663,0.5642811084468992
bb_ipp_adaptive,gt,2674,222.75,0.5642284806004959
bb_ipp_adaptive,gt,2675,222.83333333333337,0.564148927023435
bb_ipp_adaptive,gt,2676,222.91666666666663,0.5640845850844692
bb_ipp_adaptive,gt,2677,223.0,0.5640386763067462
bb_ipp_adaptive,gt,2678,223.08333333333337,0.5639898672222143
bb_ipp_adaptive,gt,2679,223.16666666666663,0.5639359240803524
bb_ipp_adaptive,gt,2680,223.25,0.5638890004214415
bb_ipp_adaptive,gt,2681,223.33333333333337,0.5638547961720335
bb_ipp_adaptive,gt,2682,223.41666666666663,0.5638276770231595
bb_ipp_adaptive,gt,2683,223.5,0.5637877225261291
bb_ipp_adaptive,gt,2684,223.58333333333337,0.5637270235488924
bb_ipp_adaptive,gt,2685,223.66666666666663,0.5636843399020468
bb_ipp_adaptive,gt,2686,223.75,0.5636787077644239
bb_ipp_adaptive,gt,2687,223.83333333333337,0.5636824313947488
bb_ipp_adaptive,gt,2688,223.91666666666663,0.5636551910009897
bb_ipp_adaptive,gt,2689,224.0,0.5636508513795532
bb_ipp_adaptive,gt,2690,224.08333333333337,0.563708170731173
bb_ipp_adaptive,gt,2691,224.16666666666663,0.5637874496170794
bb_ipp_adaptive,gt,2692,224.25,0.5638287777659172
bb_ipp_adaptive,gt,2693,224.33333333333337,0.5638699306764637
bb_ipp_adaptive,gt,2694,224.41666666666663,0.5639755859814328
bb_ipp_adaptive,gt,2695,224.5,0.5641121717487634
bb_ipp_adaptive,gt,2696,224.58333333333337,0.5642330972684807
bb_ipp_adaptive,gt,2697,224.66666666666663,0.5643424819225209
bb_ipp_adaptive,gt,2698,224.75,0.564459165819946
bb_ipp_adaptive,gt,2699,224.83333333333337,0.5645771540035208
bb_ipp_adaptive,gt,2700,224.91666666666663,0.5646751584639933
bb_ipp_adaptive,gt,2701,225.0,0.5647315856248748
bb_ipp_adaptive,gt,2702,225.08333333333337,0.5647639787607402
bb_ipp_adaptive,gt,2703,225.16666666666663,0.564822211178438
bb_ipp_adaptive,gt,2704,225.25,0.5649027275026632
bb_ipp_adaptive,gt,2705,225.33333333333337,0.5649641736977417
bb_ipp_adaptive,gt,2706,225.41666666666663,0.5650097648355379
bb_ipp_adaptive,gt,2707,225.5,0.5650773264159794
bb_ipp_adaptive,gt,2708,225.58333333333337,0.5651636442067541
bb_ipp_adaptive,gt,2709,225.66666666666663,0.5652403908906989
bb_ipp_adaptive,gt,2710,225.75,0.5652907176352865
bb_ipp_adaptive,gt,2711,225.83333333333337,0.5653303751861307
bb_ipp_adaptive,gt,2712,225.91666666666663,0.5653774471888531
bb_ipp_adaptive,gt,2713,226.0,0.5654217961118896
bb_ipp_adaptive,gt,2714,226.08333333333337,0.5654453861678269
bb_ipp_adaptive,gt,2715,226.16666666666663,0.5654456187159297
bb_ipp_adaptive,gt,2716,226.25,0.5654571407314332
bb_ipp_adaptive,gt,2717,226.33333333333337,0.5654924173419521
bb_ipp_adaptive,gt,2718,226.41666666666663,0.5655192146673275
bb_ipp_adaptive,gt,2719,226.5,0.5655106524908761
bb_ipp_adaptive,gt,2720,226.58333333333337,0.5655366687878876
bb_ipp_adaptive,gt,2721,226.66666666666663,0.5656116208601099
bb_ipp_adaptive,gt,2722,226.75,0.5656984423572793
bb_ipp_adaptive,gt,2723,226.83333333333337,0.565763637157363
bb_ipp_adaptive,gt,2724,226.91666666666663,0.5657853471929949
bb_ipp_adaptive,gt,2725,227.0,0.5657458731042634
bb_ipp_adaptive,gt,2726,227.08333333333337,0.5657288077625593
bb_ipp_adaptive,gt,2727,227.16666666666663,0.5657556131541275
bb_ipp_adaptive,gt,2728,227.25,0.5657906219213342
bb_ipp_adaptive,gt,2729,227.33333333333337,0.5658061930679297
bb_ipp_adaptive,gt,2730,227.41666666666663,0.5658074004819797
bb_ipp_adaptive,gt,2731,227.5,0.5658134888510506
bb_ipp_adaptive,gt,2732,227.58333333333337,0.5658295683045818
bb_ipp_adaptive,gt,2733,227.66666666666663,0.5658401446399703
bb_ipp_adaptive,gt,2734,227.75,0.565825929472426
bb_ipp_adaptive,gt,2735,227.83333333333337,0.5657981422063312
bb_ipp_adaptive,gt,2736,227.91666666666663,0.5657727224024249
bb_ipp_adaptive,gt,2737,228.0,0.5657429489815449
bb_ipp_adaptive,gt,2738,228.08333333333337,0.5656917674469146
bb_ipp_adaptive,gt,2739,228.16666666666663,0.5656162002806816
bb_ipp_adaptive,gt,2740,228.25,0.5655267550216597
bb_ipp_adaptive,gt,2741,228.33333333333337,0.5654363797892722
bb_ipp_adaptive,gt,2742,228.41666666666663,0.5653373776299383
bb_ipp_adaptive,gt,2743,228.5,0.565211718308667
bb_ipp_adaptive,gt,2744,228.58333333333337,0.5650788782987941
bb_ipp_adaptive,gt,2745,228.66666666666663,0.5649500363385818
bb_ipp_adaptive,gt,2746,228.75,0.564811626040503
bb_ipp_adaptive,gt,2747,228.83333333333337,0.564666608189067
bb_ipp_adaptive,gt,2748,228.91666666666663,0.5645323733752622
bb_ipp_adaptive,gt,2749,229.0,0.5644192982200802
bb_ipp_adaptive,gt,2750,229.08333333333337,0.5643252520992584
bb_ipp_adaptive,gt,2751,229.16666666666663,0.5642297093461961
bb_ipp_adaptive,gt,2752,229.25,0.5640999301725997
bb_ipp_adaptive,gt,2753,229.33333333333337,0.5639810705940598
bb_ipp_adaptive,gt,2754,229.41666666666663,0.5639386618722111
bb_ipp_adaptive,gt,2755,229.5,0.5639401712367481
bb_ipp_adaptive,gt,2756,229.58333333333337,0.5639180897833582
bb_ipp_adaptive,gt,2757,229.66666666666663,0.5638710241999775
bb_ipp_adaptive,gt,2758,229.75,0.5638873549898741
bb_ipp_adaptive,gt,2759,229.83333333333337,0.5639679550393575
bb_ipp_adaptive,gt,2760,229.91666666666663,0.5640505974914491
bb_ipp_adaptive,gt,2761,230.0,0.5640767692044145
bb_ipp_adaptive,gt,2762,230.08333333333337,0.5641387553911601
bb_ipp_adaptive,gt,2763,230.16666666666663,0.5642762041324342
bb_ipp_adaptive,gt,2764,230.25,0.5644397520042846
bb_ipp_adaptive,gt,2765,230.33333333333337,0.5645853212882145
bb_ipp_adaptive,gt,2766,230.41666666666663,0.5647262878838142
bb_ipp_adaptive,gt,2767,230.5,0.5648821001147827
bb_ipp_adaptive,gt,2768,230.58333333333337,0.5650410245628017
bb_ipp_adaptive,gt,2769,230.66666666666663,0.565175683184029
bb_ipp_adaptive,gt,2770,230.75,0.5652456582991554
bb_ipp_adaptive,gt,2771,230.83333333333337,0.5652591627032277
bb_ipp_adaptive,gt,2772,230.91666666666663,0.5653127231206698
bb_ipp_adaptive,gt,2773,231.0,0.5654133928634594
bb_ipp_adaptive,gt,2774,231.08333333333337,0.5655136108670936
bb_ipp_adaptive,gt,2775,231.16666666666663,0.5655891893196275
bb_ipp_adaptive,gt,2776,231.25,0.5656516561722356
bb_ipp_adaptive,gt,2777,231.33333333333337,0.5657168961567831
bb_ipp_adaptive,gt,2778,231.41666666666663,0.5657819360251986
bb_ipp_adaptive,gt,2779,231.5,0.5658266455095922
bb_ipp_adaptive,gt,2780,231.58333333333337,0.5658509515297238
bb_ipp_adaptive,gt,2781,231.66666666666663,0.5658833678624189
bb_ipp_adaptive,gt,2782,231.75,0.5659320736901303
bb_ipp_adaptive,gt,2783,231.83333333333337,0.5659767741824914
bb_ipp_adaptive,gt,2784,231.91666666666663,0.5660021753310118
bb_ipp_adaptive,gt,2785,232.0,0.5660195846509549
bb_ipp_adaptive,gt,2786,232.08333333333337,0.5660413919310003
bb_ipp_adaptive,gt,2787,232.16666666666663,0.5660557784565672
bb_ipp_adaptive,gt,2788,232.25,0.5660292600312816
bb_ipp_adaptive,gt,2789,232.33333333333337,0.5659745400083194
bb_ipp_adaptive,gt,2790,232.41666666666663,0.5659776142798304
bb_ipp_adaptive,gt,2791,232.5,0.5660354061077368
bb_ipp_adaptive,gt,2792,232.58333333333337,0.5661051832220027
bb_ipp_adaptive,gt,2793,232.66666666666663,0.5661506417231691
bb_ipp_adaptive,gt,2794,232.75,0.5661432043859645
bb_ipp_adaptive,gt,2795,232.83333333333337,0.5661046147918934
bb_ipp_adaptive,gt,2796,232.91666666666663,0.5661111358645196
bb_ipp_adaptive,gt,2797,233.0,0.5661601483363894
bb_ipp_adaptive,gt,2798,233.08333333333337,0.5662114787238082
bb_ipp_adaptive,gt,2799,233.16666666666663,0.5662492165383105
bb_ipp_adaptive,gt,2800,233.25,0.5662912695463489
bb_ipp_adaptive,gt,2801,233.33333333333337,0.5663485749771558
bb_ipp_adaptive,gt,2802,233.41666666666663,0.566409166901766
bb_ipp_adaptive,gt,2803,233.5,0.5664539938286404
bb_ipp_adaptive,gt,2804,233.58333333333337,0.5664875148902403
bb_ipp_adaptive,gt,2805,233.66666666666663,0.5665297959064097
bb_ipp_adaptive,gt,2806,233.75,0.5665800178418462
bb_ipp_adaptive,gt,2807,233.83333333333337,0.5666183541414127
bb_ipp_adaptive,gt,2808,233.91666666666663,0.5666342439102527
bb_ipp_adaptive,gt,2809,234.0,0.566641853084988
bb_ipp_adaptive,gt,2810,234.08333333333337,0.5666586115671437
bb_ipp_adaptive,gt,2811,234.16666666666663,0.5666723083224071
bb_ipp_adaptive,gt,2812,234.25,0.5666498014817647
bb_ipp_adaptive,gt,2813,234.33333333333337,0.5666137607018802
bb_ipp_adaptive,gt,2814,234.41666666666663,0.5666102937763053
bb_ipp_adaptive,gt,2815,234.5,0.5666248051349103
bb_ipp_adaptive,gt,2816,234.58333333333337,0.5666304098115142
bb_ipp_adaptive,gt,2817,234.66666666666663,0.5666134085692273
bb_ipp_adaptive,gt,2818,234.75,0.5665713232135684
bb_ipp_adaptive,gt,2819,234.83333333333337,0.5665307807800969
bb_ipp_adaptive,gt,2820,234.91666666666663,0.5665133851814274
bb_ipp_adaptive,gt,2821,235.0,0.5664953304231067
bb_ipp_adaptive,gt,2822,235.08333333333337,0.5664515245416661
bb_ipp_adaptive,gt,2823,235.16666666666663,0.5664187924975342
bb_ipp_adaptive,gt,2824,235.25,0.5664266592256044
bb_ipp_adaptive,gt,2825,235.33333333333337,0.5664552348196767
bb_ipp_adaptive,gt,2826,235.41666666666663,0.5664707618839672
bb_ipp_adaptive,gt,2827,235.5,0.5664677247100565
bb_ipp_adaptive,gt,2828,235.58333333333337,0.5664733194398378
bb_ipp_adaptive,gt,2829,235.66666666666663,0.5664955260806848
bb_ipp_adaptive,gt,2830,235.75,0.5665074845524851
bb_ipp_adaptive,gt,2831,235.83333333333337,0.5664724313486436
bb_ipp_adaptive,gt,2832,235.91666666666663,0.5664165939452349
bb_ipp_adaptive,gt,2833,236.0,0.5664090259672788
bb_ipp_adaptive,gt,2834,236.08333333333337,0.566447522991365
bb_ipp_adaptive,gt,2835,236.16666666666663,0.5664961575114797
bb_ipp_adaptive,gt,2836,236.25,0.5665464567711141
bb_ipp_adaptive,gt,2837,236.33333333333337,0.5666131226809566
bb_ipp_adaptive,gt,2838,236.41666666666663,0.5666947680876668
bb_ipp_adaptive,gt,2839,236.5,0.5667783586359955
bb_ipp_adaptive,gt,2840,236.58333333333337,0.5668453866442871
bb_ipp_adaptive,gt,2841,236.66666666666663,0.5668839756690242
bb_ipp_adaptive,gt,2842,236.75,0.5669306469533042
bb_ipp_adaptive,gt,2843,236.83333333333337,0.5670022068324087
bb_ipp_adaptive,gt,2844,236.91666666666663,0.5670672966469539
bb_ipp_adaptive,gt,2845,237.0,0.5671071775967176
bb_ipp_adaptive,gt,2846,237.08333333333337,0.5671473235522924
bb_ipp_adaptive,gt,2847,237.16666666666663,0.5672040909936241
bb_ipp_adaptive,gt,2848,237.25,0.5672619803977024
bb_ipp_adaptive,gt,2849,237.33333333333337,0.5672982309295476
bb_ipp_adaptive,gt,2850,237.41666666666663,0.567312095207077
bb_ipp_adaptive,gt,2851,237.5,0.5673194941017414
bb_ipp_adaptive,gt,2852,237.58333333333337,0.5673231762932336
bb_ipp_adaptive,gt,2853,237.66666666666663,0.567309949886585
bb_ipp_adaptive,gt,2854,237.75,0.5672670486823641
bb_ipp_adaptive,gt,2855,237.83333333333337,0.5672088306242357
bb_ipp_adaptive,gt,2856,237.91666666666663,0.56715701518374
bb_ipp_adaptive,gt,2857,238.0,0.5671039153769263
bb_ipp_adaptive,gt,2858,238.08333333333337,0.5670290808770101
bb_ipp_adaptive,gt,2859,238.16666666666663,0.5669481779718306
bb_ipp_adaptive,gt,2860,238.25,0.5668858794952946
bb_ipp_adaptive,gt,2861,238.33333333333337,0.5668382140875021
bb_ipp_adaptive,gt,2862,238.41666666666663,0.5667961303689439
bb_ipp_adaptive,gt,2863,238.5,0.5667500188249465
bb_ipp_adaptive,gt,2864,238.58333333333337,0.5666893340999448
bb_ipp_adaptive,gt,2865,238.66666666666663,0.5666393927514133
bb_ipp_adaptive,gt,2866,238.75,0.5666150023747074
bb_ipp_adaptive,gt,2867,238.83333333333337,0.5665957071580264
bb_ipp_adaptive,gt,2868,238.91666666666663,0.566568825116171
bb_ipp_adaptive,gt,2869,239.0,0.566556107270427
bb_ipp_adaptive,gt,2870,239.08333333333337,0.5665711233578355
bb_ipp_adaptive,gt,2871,239.16666666666663,0.5666021137031824
bb_ipp_adaptive,gt,2872,239.25,0.5666269812980395
bb_ipp_adaptive,gt,2873,239.33333333333337,0.5666391908176246
bb_ipp_adaptive,gt,2874,239.41666666666663,0.5666589860595431
bb_ipp_adaptive,gt,2875,239.5,0.5666976369439614
bb_ipp_adaptive,gt,2876,239.58333333333337,0.5667187653325992
bb_ipp_adaptive,gt,2877,239.66666666666663,0.5666956234409045
bb_ipp_adaptive,gt,2878,239.75,0.56664565617375
bb_ipp_adaptive,gt,2879,239.83333333333337,0.5665960248074886
bb_ipp_adaptive,gt,2880,239.91666666666663,0.5665620496495835
bb_ipp_adaptive,gt,2881,240.0,0.5665243585906138
bb_ipp_adaptive,gt,2882,240.08333333333337,0.5664707634398756
bb_ipp_adaptive,gt,2883,240.16666666666663,0.5664429874918055
bb_ipp_adaptive,gt,2884,240.25,0.5664574151991992
bb_ipp_adaptive,gt,2885,240.33333333333337,0.5664923139410506
bb_ipp_adaptive,gt,2886,240.41666666666663,0.5665264348460035
bb_ipp_adaptive,gt,2887,240.5,0.5665364970899852
bb_ipp_adaptive,gt,2888,240.58333333333337,0.56652234534151
bb_ipp_adaptive,gt,2889,240.66666666666663,0.5665404233761303
bb_ipp_adaptive,gt,2890,240.75,0.5666006549827274
bb_ipp_adaptive,gt,2891,240.83333333333337,0.566666424424174
bb_ipp_adaptive,gt,2892,240.91666666666663,0.5667183590992175
bb_ipp_adaptive,gt,2893,241.0,0.5667744817293486
bb_ipp_adaptive,gt,2894,241.08333333333337,0.5668444813637447
bb_ipp_adaptive,gt,2895,241.16666666666663,0.5669186717746697
bb_ipp_adaptive,gt,2896,241.25,0.5669751324096366
bb_ipp_adaptive,gt,2897,241.33333333333337,0.567010342435968
bb_ipp_adaptive,gt,2898,241.41666666666663,0.5670439319742003
bb_ipp_adaptive,gt,2899,241.5,0.5670833955694774
bb_ipp_adaptive,gt,2900,241.58333333333337,0.5671074373939023
bb_ipp_adaptive,gt,2901,241.66666666666663,0.5670949431850318
bb_ipp_adaptive,gt,2902,241.75,0.5670511916263798
bb_ipp_adaptive,gt,2903,241.83333333333337,0.5670086853163895
bb_ipp_adaptive,gt,2904,241.91666666666663,0.5669729611897226
bb_ipp_adaptive,gt,2905,242.0,0.5669263147378947
bb_ipp_adaptive,gt,2906,242.08333333333337,0.566863678572644
bb_ipp_adaptive,gt,2907,242.16666666666663,0.5667772239404547
bb_ipp_adaptive,gt,2908,242.25,0.5666458437108433
bb_ipp_adaptive,gt,2909,242.33333333333337,0.566486979988199
bb_ipp_adaptive,gt,2910,242.41666666666663,0.5663489060456537
bb_ipp_adaptive,gt,2911,242.5,0.5662319283473729
bb_ipp_adaptive,gt,2912,242.58333333333337,0.5661124580662116
bb_ipp_adaptive,gt,2913,242.66666666666663,0.5659788492281028
bb_ipp_adaptive,gt,2914,242.75,0.5658399334790948
bb_ipp_adaptive,gt,2915,242.83333333333337,0.5657084863076646
bb_ipp_adaptive,gt,2916,242.91666666666663,0.5655811088763073
bb_ipp_adaptive,gt,2917,243.0,0.5654429162471867
bb_ipp_adaptive,gt,2918,243.08333333333337,0.5652988109937398
bb_ipp_adaptive,gt,2919,243.16666666666663,0.5651748507091947
bb_ipp_adaptive,gt,2920,243.25,0.565083105650475
bb_ipp_adaptive,gt,2921,243.33333333333337,0.5649966432275134
bb_ipp_adaptive,gt,2922,243.41666666666663,0.5648766944757849
bb_ipp_adaptive,gt,2923,243.5,0.5647597911006285
bb_ipp_adaptive,gt,2924,243.58333333333337,0.564707015802929
bb_ipp_adaptive,gt,2925,243.66666666666663,0.564699143005638
bb_ipp_adaptive,gt,2926,243.75,0.5646959204665759
bb_ipp_adaptive,gt,2927,243.83333333333337,0.564679012536507
bb_ipp_adaptive,gt,2928,243.91666666666663,0.5646360956488098
bb_ipp_adaptive,gt,2929,244.0,0.5645685992581975
bb_ipp_adaptive,gt,2930,244.08333333333337,0.5645266026567792
bb_ipp_adaptive,gt,2931,244.16666666666663,0.5645338850733964
bb_ipp_adaptive,gt,2932,244.25,0.5645707734675216
bb_ipp_adaptive,gt,2933,244.33333333333337,0.5646107238435524
bb_ipp_adaptive,gt,2934,244.41666666666663,0.5646334423806398
bb_ipp_adaptive,gt,2935,244.5,0.56464744841565
bb_ipp_adaptive,gt,2936,244.58333333333337,0.564695623820275
bb_ipp_adaptive,gt,2937,244.66666666666663,0.5647817265038515
bb_ipp_adaptive,gt,2938,244.75,0.5648648894487278
bb_ipp_adaptive,gt,2939,244.83333333333337,0.5649226478003131
bb_ipp_adaptive,gt,2940,244.91666666666663,0.5650191748065122
bb_ipp_adaptive,gt,2941,245.0,0.5651630198963183
bb_ipp_adaptive,gt,2942,245.08333333333337,0.5653072295979977
bb_ipp_adaptive,gt,2943,245.16666666666663,0.5654247773213744
bb_ipp_adaptive,gt,2944,245.25,0.5655395073939433
bb_ipp_adaptive,gt,2945,245.33333333333337,0.5656641750483038
bb_ipp_adaptive,gt,2946,245.41666666666663,0.5657843210570725
bb_ipp_adaptive,gt,2947,245.5,0.5658767162482057
bb_ipp_adaptive,gt,2948,245.58333333333337,0.5659132893293566
bb_ipp_adaptive,gt,2949,245.66666666666663,0.5659290983648471
bb_ipp_adaptive,gt,2950,245.75,0.5659934981645884
bb_ipp_adaptive,gt,2951,245.83333333333337,0.5660896024893204
bb_ipp_adaptive,gt,2952,245.91666666666663,0.5661827852417953
bb_ipp_adaptive,gt,2953,246.0,0.5662440919835202
bb_ipp_adaptive,gt,2954,246.08333333333337,0.5662419358557343
bb_ipp_adaptive,gt,2955,246.16666666666663,0.5662193614751018
bb_ipp_adaptive,gt,2956,246.25,0.5662041349824922
bb_ipp_adaptive,gt,2957,246.33333333333337,0.5661398232494468
bb_ipp_adaptive,gt,2958,246.41666666666663,0.5660350549748921
bb_ipp_adaptive,gt,2959,246.5,0.5659032006861754
bb_ipp_adaptive,gt,2960,246.58333333333337,0.5657504744747008
bb_ipp_adaptive,gt,2961,246.66666666666663,0.5655786098956086
bb_ipp_adaptive,gt,2962,246.75,0.5653971209411054
bb_ipp_adaptive,gt,2963,246.83333333333337,0.5652113782717642
bb_ipp_adaptive,gt,2964,246.91666666666663,0.5650149485467912
bb_ipp_adaptive,gt,2965,247.0,0.5648186040328833
bb_ipp_adaptive,gt,2966,247.08333333333337,0.5646437142656472
bb_ipp_adaptive,gt,2967,247.16666666666663,0.5644879226848973
bb_ipp_adaptive,gt,2968,247.25,0.564339840706553
bb_ipp_adaptive,gt,2969,247.33333333333337,0.5641847131105497
bb_ipp_adaptive,gt,2970,247.41666666666663,0.5640116841110413
bb_ipp_adaptive,gt,2971,247.5,0.5638489886510409
bb_ipp_adaptive,gt,2972,247.58333333333337,0.56372508744693
bb_ipp_adaptive,gt,2973,247.66666666666663,0.5636173134161483
bb_ipp_adaptive,gt,2974,247.75,0.5634976512724685
bb_ipp_adaptive,gt,2975,247.83333333333337,0.5633808153153232
bb_ipp_adaptive,gt,2976,247.91666666666663,0.5632909254116469
bb_ipp_adaptive,gt,2977,248.0,0.5632235090224271
bb_ipp_adaptive,gt,2978,248.08333333333337,0.5631586848891197
bb_ipp_adaptive,gt,2979,248.16666666666663,0.5630892730783835
bb_ipp_adaptive,gt,2980,248.25,0.5630331190070033
bb_ipp_adaptive,gt,2981,248.33333333333337,0.5630044944701829
bb_ipp_adaptive,gt,2982,248.41666666666663,0.5629876520293643
bb_ipp_adaptive,gt,2983,248.5,0.5629480585674206
bb_ipp_adaptive,gt,2984,248.58333333333337,0.5628845416885229
bb_ipp_adaptive,gt,2985,248.66666666666663,0.562872801603718
bb_ipp_adaptive,gt,2986,248.75,0.5629395903649685
bb_ipp_adaptive,gt,2987,248.83333333333337,0.5630516512425627
bb_ipp_adaptive,gt,2988,248.91666666666663,0.5631716129403075
bb_ipp_adaptive,gt,2989,249.0,0.5632656435662693
bb_ipp_adaptive,gt,2990,249.08333333333337,0.5632903371079192
bb_ipp_adaptive,gt,2991,249.16666666666663,0.5633152015124716
bb_ipp_adaptive,gt,2992,249.25,0.5634256670244336
bb_ipp_adaptive,gt,2993,249.33333333333337,0.5635844435713067
bb_ipp_adaptive,gt,2994,249.41666666666663,0.563722092401611
bb_ipp_adaptive,gt,2995,249.5,0.5638092879090103
bb_ipp_adaptive,gt,2996,249.58333333333337,0.5638794279314672
bb_ipp_adaptive,gt,2997,249.66666666666663,0.563958453174913
bb_ipp_adaptive,gt,2998,249.75,0.5640253601912867
bb_ipp_adaptive,gt,2999,249.83333333333337,0.5640328661798093
bb_ipp_adaptive,gt,3000,249.91666666666663,0.5639984486827748
bb_ipp_adaptive,gt,3001,250.0,0.5640027282425647
bb_ipp_adaptive,gt,3002,250.08333333333337,0.564032246682586
bb_ipp_adaptive,gt,3003,250.16666666666663,0.5640536893341038
bb_ipp_adaptive,gt,3004,250.25,0.5640561100910746
bb_ipp_adaptive,gt,3005,250.33333333333337,0.5640269567383083
bb_ipp_adaptive,gt,3006,250.41666666666663,0.5639615793082944
bb_ipp_adaptive,gt,3007,250.5,0.5639073529657301
bb_ipp_adaptive,gt,3008,250.58333333333337,0.5638854424046136
bb_ipp_adaptive,gt,3009,250.66666666666663,0.5638761017712741
bb_ipp_adaptive,gt,3010,250.75,0.5638550663666126
bb_ipp_adaptive,gt,3011,250.83333333333337,0.563815038084705
bb_ipp_adaptive,gt,3012,250.91666666666663,0.5637726585221893
bb_ipp_adaptive,gt,3013,251.0,0.5637431638996504
bb_ipp_adaptive,gt,3014,251.08333333333337,0.5637196810326139
bb_ipp_adaptive,gt,3015,251.16666666666663,0.5636818231420527
bb_ipp_adaptive,gt,3016,251.25,0.5636379793928931
bb_ipp_adaptive,gt,3017,251.33333333333337,0.5636144357908566
bb_ipp_adaptive,gt,3018,251.41666666666663,0.5636099570688639
bb_ipp_adaptive,gt,3019,251.5,0.5636067072097178
bb_ipp_adaptive,gt,3020,251.58333333333337,0.5635960911062005
bb_ipp_adaptive,gt,3021,251.66666666666663,0.5635870531734889
bb_ipp_adaptive,gt,3022,251.75,0.5635894507809908
bb_ipp_adaptive,gt,3023,251.83333333333337,0.5635954414703862
bb_ipp_adaptive,gt,3024,251.91666666666663,0.5635745308008558
bb_ipp_adaptive,gt,3025,252.0,0.5635344491882415
bb_ipp_adaptive,gt,3026,252.08333333333337,0.5635409146594258
bb_ipp_adaptive,gt,3027,252.16666666666663,0.5635859351805358
bb_ipp_adaptive,gt,3028,252.25,0.5636409153365128
bb_ipp_adaptive,gt,3029,252.33333333333337,0.5636855819352411
bb_ipp_adaptive,gt,3030,252.41666666666663,0.563708620244407
bb_ipp_adaptive,gt,3031,252.5,0.5637518839795741
bb_ipp_adaptive,gt,3032,252.58333333333337,0.5638293947265789
bb_ipp_adaptive,gt,3033,252.66666666666663,0.5638328800936288
bb_ipp_adaptive,gt,3034,252.75,0.5637604209127104
bb_ipp_adaptive,gt,3035,252.83333333333337,0.5636576293020041
bb_ipp_adaptive,gt,3036,252.91666666666663,0.5635487110058848
bb_ipp_adaptive,gt,3037,253.0,0.5634409134627809
bb_ipp_adaptive,gt,3038,253.08333333333337,0.5633417230837
bb_ipp_adaptive,gt,3039,253.16666666666663,0.5632527988178305
bb_ipp_adaptive,gt,3040,253.25,0.5631631211837603
bb_ipp_adaptive,gt,3041,253.33333333333337,0.563086359369276
bb_ipp_adaptive,gt,3042,253.41666666666663,0.5630476356731393
bb_ipp_adaptive,gt,3043,253.5,0.5630441177880242
bb_ipp_adaptive,gt,3044,253.58333333333337,0.563060069722407
bb_ipp_adaptive,gt,3045,253.66666666666663,0.5630739887317285
bb_ipp_adaptive,gt,3046,253.75,0.5630489395751958
bb_ipp_adaptive,gt,3047,253.83333333333337,0.5630416497146223
bb_ipp_adaptive,gt,3048,253.91666666666663,0.5631054978174416
bb_ipp_adaptive,gt,3049,254.0,0.563208014933411
bb_ipp_adaptive,gt,3050,254.08333333333337,0.5633046546369886
bb_ipp_adaptive,gt,3051,254.16666666666663,0.5633696985563902
bb_ipp_adaptive,gt,3052,254.25,0.5634071419547171
bb_ipp_adaptive,gt,3053,254.33333333333337,0.5634515181701593
bb_ipp_adaptive,gt,3054,254.41666666666663,0.5635134809710464
bb_ipp_adaptive,gt,3055,254.5,0.5635571278980201
bb_ipp_adaptive,gt,3056,254.58333333333337,0.5635684538884156
bb_ipp_adaptive,gt,3057,254.66666666666663,0.5636066481287711
bb_ipp_adaptive,gt,3058,254.75,0.5636859852086223
bb_ipp_adaptive,gt,3059,254.83333333333337,0.5637717755128425
bb_ipp_adaptive,gt,3060,254.91666666666663,0.563843722925249
bb_ipp_adaptive,gt,3061,255.0,0.5639106830771851
bb_ipp_adaptive,gt,3062,255.08333333333337,0.5639759094729563
bb_ipp_adaptive,gt,3063,255.16666666666663,0.56403321128593
bb_ipp_adaptive,gt,3064,255.25,0.5640685847136427
bb_ipp_adaptive,gt,3065,255.33333333333337,0.5640782373957112
bb_ipp_adaptive,gt,3066,255.41666666666663,0.5640927792379401
bb_ipp_adaptive,gt,3067,255.5,0.5641186058211787
bb_ipp_adaptive,gt,3068,255.58333333333337,0.5641177011966254
bb_ipp_adaptive,gt,3069,255.66666666666663,0.5640730697951188
bb_ipp_adaptive,gt,3070,255.75,0.5640408334999706
bb_ipp_adaptive,gt,3071,255.83333333333337,0.5640305442825264
bb_ipp_adaptive,gt,3072,255.91666666666663,0.5640080237312325
bb_ipp_adaptive,gt,3073,256.0,0.5639393856113466
bb_ipp_adaptive,gt,3074,256.08333333333337,0.5638681511883105
bb_ipp_adaptive,gt,3075,256.16666666666663,0.5638400419987285
bb_ipp_adaptive,gt,3076,256.25,0.563835056859
bb_ipp_adaptive,gt,3077,256.33333333333337,0.5638124646837318
bb_ipp_adaptive,gt,3078,256.41666666666663,0.563780278252848
bb_ipp_adaptive,gt,3079,256.5,0.5637676876644053
bb_ipp_adaptive,gt,3080,256.58333333333337,0.5637677932420415
bb_ipp_adaptive,gt,3081,256.66666666666663,0.5637614431924531
bb_ipp_adaptive,gt,3082,256.75,0.5637340337682535
bb_ipp_adaptive,gt,3083,256.83333333333337,0.5636672169225011
bb_ipp_adaptive,gt,3084,256.91666666666663,0.5636048976016576
bb_ipp_adaptive,gt,3085,257.0,0.5635764878413634
bb_ipp_adaptive,gt,3086,257.08333333333337,0.5635498439438966
bb_ipp_adaptive,gt,3087,257.16666666666663,0.5634956142733704
bb_ipp_adaptive,gt,3088,257.25,0.5634309100872126
bb_ipp_adaptive,gt,3089,257.33333333333337,0.5633833813129495
bb_ipp_adaptive,gt,3090,257.41666666666663,0.5633516705454389
bb_ipp_adaptive,gt,3091,257.5,0.5633157238524122
bb_ipp_adaptive,gt,3092,257.58333333333337,0.5632670250622921
bb_ipp_adaptive,gt,3093,257.66666666666663,0.5632188090564294
bb_ipp_adaptive,gt,3094,257.75,0.563186500559729
bb_ipp_adaptive,gt,3095,257.83333333333337,0.5631608795583344
bb_ipp_adaptive,gt,3096,257.91666666666663,0.5631185548773907
bb_ipp_adaptive,gt,3097,258.0,0.5630603027390746
bb_ipp_adaptive,gt,3098,258.08333333333337,0.5630245568301376
bb_ipp_adaptive,gt,3099,258.16666666666663,0.5630209556726202
bb_ipp_adaptive,gt,3100,258.25,0.5630217012360531
bb_ipp_adaptive,gt,3101,258.33333333333337,0.5630120799979283
bb_ipp_adaptive,gt,3102,258.41666666666663,0.5630125636674677
bb_ipp_adaptive,gt,3103,258.5,0.5630267037683815
bb_ipp_adaptive,gt,3104,258.58333333333337,0.5630461335720209
bb_ipp_adaptive,gt,3105,258.66666666666663,0.5630696090276197
bb_ipp_adaptive,gt,3106,258.75,0.563103737687024
bb_ipp_adaptive,gt,3107,258.83333333333337,0.5631820191000266
bb_ipp_adaptive,gt,3108,258.91666666666663,0.5633024297974777
bb_ipp_adaptive,gt,3109,259.0,0.5633257711859393
bb_ipp_adaptive,gt,3110,259.08333333333337,0.5632517591369554
bb_ipp_adaptive,gt,3111,259.16666666666663,0.5631509500364698
bb_ipp_adaptive,gt,3112,259.25,0.5630516850642403
bb_ipp_adaptive,gt,3113,259.33333333333337,0.5629598828613386
bb_ipp_adaptive,gt,3114,259.41666666666663,0.5628779678965135
bb_ipp_adaptive,gt,3115,259.5,0.5627999198242989
bb_ipp_adaptive,gt,3116,259.58333333333337,0.562719275375954
bb_ipp_adaptive,gt,3117,259.66666666666663,0.5626588438086394
bb_ipp_adaptive,gt,3118,259.75,0.562632578529651
bb_ipp_adaptive,gt,3119,259.83333333333337,0.5626319034403388
bb_ipp_adaptive,gt,3120,259.91666666666663,0.5626430004642397
bb_ipp_adaptive,gt,3121,260.0,0.5626418220450846
bb_ipp_adaptive,gt,3122,260.08333333333337,0.5626051073051245
bb_ipp_adaptive,gt,3123,260.16666666666663,0.5625997438909436
bb_ipp_adaptive,gt,3124,260.25,0.5626425328403833
bb_ipp_adaptive,gt,3125,260.33333333333337,0.5627028065490391
bb_ipp_adaptive,gt,3126,260.41666666666663,0.5627535278868963
bb_ipp_adaptive,gt,3127,260.5,0.5627880603285165
bb_ipp_adaptive,gt,3128,260.58333333333337,0.562820896401929
bb_ipp_adaptive,gt,3129,260.66666666666663,0.5628720056811181
bb_ipp_adaptive,gt,3130,260.75,0.5629319102054801
bb_ipp_adaptive,gt,3131,260.83333333333337,0.5629705951832182
bb_ipp_adaptive,gt,3132,260.91666666666663,0.563003368868714
bb_ipp_adaptive,gt,3133,261.0,0.5630659717669452
bb_ipp_adaptive,gt,3134,261.08333333333337,0.5631487317022674
bb_ipp_adaptive,gt,3135,261.16666666666663,0.5632259240058751
bb_ipp_adaptive,gt,3136,261.25,0.5632929248310204
bb_ipp_adaptive,gt,3137,261.33333333333337,0.5633560090158679
bb_ipp_adaptive,gt,3138,261.41666666666663,0.5634202806342418
bb_ipp_adaptive,gt,3139,261.5,0.5634837765454118
bb_ipp_adaptive,gt,3140,261.58333333333337,0.5635347832210691
bb_ipp_adaptive,gt,3141,261.66666666666663,0.5635830694967148
bb_ipp_adaptive,gt,3142,261.75,0.5636427144844015
bb_ipp_adaptive,gt,3143,261.83333333333337,0.5636892295620902
bb_ipp_adaptive,gt,3144,261.91666666666663,0.5636937814791879
bb_ipp_adaptive,gt,3145,262.0,0.563707924123942
bb_ipp_adaptive,gt,3146,262.08333333333337,0.5637562498335329
bb_ipp_adaptive,gt,3147,262.16666666666663,0.5638121177748606
bb_ipp_adaptive,gt,3148,262.25,0.5638405360254527
bb_ipp_adaptive,gt,3149,262.33333333333337,0.5638573217199474
bb_ipp_adaptive,gt,3150,262.41666666666663,0.5639156537870595
bb_ipp_adaptive,gt,3151,262.5,0.5640071294943708
bb_ipp_adaptive,gt,3152,262.58333333333337,0.56407760341504
bb_ipp_adaptive,gt,3153,262.66666666666663,0.5640996150663631
bb_ipp_adaptive,gt,3154,262.75,0.5641535406682133
bb_ipp_adaptive,gt,3155,262.83333333333337,0.5642478132050631
bb_ipp_adaptive,gt,3156,262.91666666666663,0.5643503799301686
bb_ipp_adaptive,gt,3157,263.0,0.5644362361472646
bb_ipp_adaptive,gt,3158,263.08333333333337,0.5644916178072134
bb_ipp_adaptive,gt,3159,263.16666666666663,0.5645055761260731
bb_ipp_adaptive,gt,3160,263.25,0.5645277344807925
bb_ipp_adaptive,gt,3161,263.33333333333337,0.5645826615172125
bb_ipp_adaptive,gt,3162,263.41666666666663,0.5646465751111271
bb_ipp_adaptive,gt,3163,263.5,0.5646946952117746
bb_ipp_adaptive,gt,3164,263.58333333333337,0.5647102896727934
bb_ipp_adaptive,gt,3165,263.66666666666663,0.5647081021878526
bb_ipp_adaptive,gt,3166,263.75,0.56470736215561
bb_ipp_adaptive,gt,3167,263.83333333333337,0.564702002616511
bb_ipp_adaptive,gt,3168,263.91666666666663,0.5646731666808477
bb_ipp_adaptive,gt,3169,264.0,0.564630859592255
bb_ipp_adaptive,gt,3170,264.08333333333337,0.5646008285963016
bb_ipp_adaptive,gt,3171,264.16666666666663,0.5645860370182146
bb_ipp_adaptive,gt,3172,264.25,0.5645701049082127
bb_ipp_adaptive,gt,3173,264.33333333333337,0.5645461998932968
bb_ipp_adaptive,gt,3174,264.41666666666663,0.5645210765273033
bb_ipp_adaptive,gt,3175,264.5,0.5645042268461221
bb_ipp_adaptive,gt,3176,264.58333333333337,0.5644875665226531
bb_ipp_adaptive,gt,3177,264.66666666666663,0.564443222651109
bb_ipp_adaptive,gt,3178,264.75,0.564370812261183
bb_ipp_adaptive,gt,3179,264.83333333333337,0.5643335126577737
bb_ipp_adaptive,gt,3180,264.91666666666663,0.5643288348898632
bb_ipp_adaptive,gt,3181,265.0,0.5643319258047854
bb_ipp_adaptive,gt,3182,265.08333333333337,0.5643257865106922
bb_ipp_adaptive,gt,3183,265.16666666666663,0.5643020825941193
bb_ipp_adaptive,gt,3184,265.25,0.5642970388646721
bb_ipp_adaptive,gt,3185,265.33333333333337,0.5643388195038749
bb_ipp_adaptive,gt,3186,265.41666666666663,0.5643215189360993
bb_ipp_adaptive,gt,3187,265.5,0.5642341430038489
bb_ipp_adaptive,gt,3188,265.58333333333337,0.564119835045275
bb_ipp_adaptive,gt,3189,265.66666666666663,0.5640030028360097
bb_ipp_adaptive,gt,3190,265.75,0.5638928341401869
bb_ipp_adaptive,gt,3191,265.83333333333337,0.5637994430912867
bb_ipp_adaptive,gt,3192,265.91666666666663,0.5637254730089908
bb_ipp_adaptive,gt,3193,266.0,0.5636560765570316
bb_ipp_adaptive,gt,3194,266.08333333333337,0.5635898046004403
bb_ipp_adaptive,gt,3195,266.16666666666663,0.5635483127933594
bb_ipp_adaptive,gt,3196,266.25,0.5635261736270345
bb_ipp_adaptive,gt,3197,266.33333333333337,0.5635077711360844
bb_ipp_adaptive,gt,3198,266.41666666666663,0.563480200505262
bb_ipp_adaptive,gt,3199,266.5,0.5634289429560191
bb_ipp_adaptive,gt,3200,266.58333333333337,0.5633754878328828
bb_ipp_adaptive,gt,3201,266.66666666666663,0.5633466508810171
bb_ipp_adaptive,gt,3202,266.75,0.5633249073073895
bb_ipp_adaptive,gt,3203,266.83333333333337,0.5632851103857246
bb_ipp_adaptive,gt,3204,266.91666666666663,0.5632396085492025
bb_ipp_adaptive,gt,3205,267.0,0.5632152621513365
bb_ipp_adaptive,gt,3206,267.08333333333337,0.5632128836977519
bb_ipp_adaptive,gt,3207,267.16666666666663,0.5632143003512993
bb_ipp_adaptive,gt,3208,267.25,0.5632109521105693
bb_ipp_adaptive,gt,3209,267.33333333333337,0.5632206488054368
bb_ipp_adaptive,gt,3210,267.41666666666663,0.5632573264685926
bb_ipp_adaptive,gt,3211,267.5,0.5633076616839906
bb_ipp_adaptive,gt,3212,267.58333333333337,0.5633372051558574
bb_ipp_adaptive,gt,3213,267.66666666666663,0.5633412315045679
bb_ipp_adaptive,gt,3214,267.75,0.5633912307028546
bb_ipp_adaptive,gt,3215,267.83333333333337,0.5634982202509806
bb_ipp_adaptive,gt,3216,267.91666666666663,0.5636285162585628
bb_ipp_adaptive,gt,3217,268.0,0.5637571468080694
bb_ipp_adaptive,gt,3218,268.08333333333337,0.5638616439360198
bb_ipp_adaptive,gt,3219,268.16666666666663,0.5639056025848003
bb_ipp_adaptive,gt,3220,268.25,0.5639626580105163
bb_ipp_adaptive,gt,3221,268.33333333333337,0.5640756623690638
bb_ipp_adaptive,gt,3222,268.41666666666663,0.564205162900392
bb_ipp_adaptive,gt,3223,268.5,0.5642974083833135
bb_ipp_adaptive,gt,3224,268.58333333333337,0.5643436692740721
bb_ipp_adaptive,gt,3225,268.66666666666663,0.5643929125371406
bb_ipp_adaptive,gt,3226,268.75,0.5644570926166838
bb_ipp_adaptive,gt,3227,268.83333333333337,0.5644989282441735
bb_ipp_adaptive,gt,3228,268.91666666666663,0.5644918482591468
bb_ipp_adaptive,gt,3229,269.0,0.5644962252929561
bb_ipp_adaptive,gt,3230,269.08333333333337,0.5645309400575754
bb_ipp_adaptive,gt,3231,269.16666666666663,0.5645683822197727
bb_ipp_adaptive,gt,3232,269.25,0.5645883446122384
bb_ipp_adaptive,gt,3233,269.33333333333337,0.5645751871569543
bb_ipp_adaptive,gt,3234,269.41666666666663,0.5645130461056163
bb_ipp_adaptive,gt,3235,269.5,0.5644712217023135
bb_ipp_adaptive,gt,3236,269.58333333333337,0.5644706716667733
bb_ipp_adaptive,gt,3237,269.66666666666663,0.5644849722117496
bb_ipp_adaptive,gt,3238,269.75,0.5644892788371448
bb_ipp_adaptive,gt,3239,269.83333333333337,0.5644830338941098
bb_ipp_adaptive,gt,3240,269.91666666666663,0.5644806189668746
bb_ipp_adaptive,gt,3241,270.0,0.5644949496752034
bb_ipp_adaptive,gt,3242,270.08333333333337,0.564513635120081
bb_ipp_adaptive,gt,3243,270.16666666666663,0.5645177959436475
bb_ipp_adaptive,gt,3244,270.25,0.5645110919127463
bb_ipp_adaptive,gt,3245,270.33333333333337,0.564509966665012
bb_ipp_adaptive,gt,3246,270.41666666666663,0.5645112617032014
bb_ipp_adaptive,gt,3247,270.5,0.56449889829566
bb_ipp_adaptive,gt,3248,270.58333333333337,0.5644728265505612
bb_ipp_adaptive,gt,3249,270.66666666666663,0.564447171097174
bb_ipp_adaptive,gt,3250,270.75,0.5644312877292464
bb_ipp_adaptive,gt,3251,270.83333333333337,0.5644145067558727
bb_ipp_adaptive,gt,3252,270.91666666666663,0.5643634201938575
bb_ipp_adaptive,gt,3253,271.0,0.5643004904251577
bb_ipp_adaptive,gt,3254,271.08333333333337,0.5642754865433245
bb_ipp_adaptive,gt,3255,271.16666666666663,0.5642755420256036
bb_ipp_adaptive,gt,3256,271.25,0.5642789550734866
bb_ipp_adaptive,gt,3257,271.33333333333337,0.564272812877307
bb_ipp_adaptive,gt,3258,271.41666666666663,0.5642543385335175
bb_ipp_adaptive,gt,3259,271.5,0.5642764525749823
bb_ipp_adaptive,gt,3260,271.58333333333337,0.5643190633847315
bb_ipp_adaptive,gt,3261,271.66666666666663,0.5642882159015802
bb_ipp_adaptive,gt,3262,271.75,0.5641991179682597
bb_ipp_adaptive,gt,3263,271.83333333333337,0.5640927171084505
bb_ipp_adaptive,gt,3264,271.91666666666663,0.5639895085306561
bb_ipp_adaptive,gt,3265,272.0,0.5638981926112774
bb_ipp_adaptive,gt,3266,272.08333333333337,0.5638274876406355
bb_ipp_adaptive,gt,3267,272.16666666666663,0.5637766006996439
bb_ipp_adaptive,gt,3268,272.25,0.5637251313766323
bb_ipp_adaptive,gt,3269,272.33333333333337,0.5636851624278718
bb_ipp_adaptive,gt,3270,272.41666666666663,0.5636745342828208
bb_ipp_adaptive,gt,3271,272.5,0.5636833623025432
bb_ipp_adaptive,gt,3272,272.58333333333337,0.5636958434112556
bb_ipp_adaptive,gt,3273,272.66666666666663,0.5636969775591703
bb_ipp_adaptive,gt,3274,272.75,0.5636749481840474
bb_ipp_adaptive,gt,3275,272.83333333333337,0.5636651917717523
bb_ipp_adaptive,gt,3276,272.91666666666663,0.5636859475922908
bb_ipp_adaptive,gt,3277,273.0,0.5637105221820726
bb_ipp_adaptive,gt,3278,273.08333333333337,0.5637134775150875
bb_ipp_adaptive,gt,3279,273.16666666666663,0.5637097894252742
bb_ipp_adaptive,gt,3280,273.25,0.5637243612067022
bb_ipp_adaptive,gt,3281,273.33333333333337,0.5637528549021722
bb_ipp_adaptive,gt,3282,273.41666666666663,0.5637733237519894
bb_ipp_adaptive,gt,3283,273.5,0.5637760417320292
bb_ipp_adaptive,gt,3284,273.58333333333337,0.5637824928361599
bb_ipp_adaptive,gt,3285,273.66666666666663,0.5638107937959302
bb_ipp_adaptive,gt,3286,273.75,0.5638396271206769
bb_ipp_adaptive,gt,3287,273.83333333333337,0.5638243845573637
bb_ipp_adaptive,gt,3288,273.91666666666663,0.5638141257339195
bb_ipp_adaptive,gt,3289,274.0,0.5638593306499662
bb_ipp_adaptive,gt,3290,274.08333333333337,0.5639349741936982
bb_ipp_adaptive,gt,3291,274.16666666666663,0.5640101315166673
bb_ipp_adaptive,gt,3292,274.25,0.5640645674681225
bb_ipp_adaptive,gt,3293,274.33333333333337,0.5640864903599062
bb_ipp_adaptive,gt,3294,274.41666666666663,0.5641090263621467
bb_ipp_adaptive,gt,3295,274.5,0.5641589306979264
bb_ipp_adaptive,gt,3296,274.58333333333337,0.5642064249266873
bb_ipp_adaptive,gt,3297,274.66666666666663,0.5641989891036145
bb_ipp_adaptive,gt,3298,274.75,0.5641877057537725
bb_ipp_adaptive,gt,3299,274.83333333333337,0.564228969614928
bb_ipp_adaptive,gt,3300,274.91666666666663,0.5642988655343846
bb_ipp_adaptive,gt,3301,275.0,0.5643564076312233
bb_ipp_adaptive,gt,3302,275.08333333333337,0.5644045079628339
bb_ipp_adaptive,gt,3303,275.16666666666663,0.5644739881042543
bb_ipp_adaptive,gt,3304,275.25,0.5645609542921084
bb_ipp_adaptive,gt,3305,275.33333333333337,0.5646477130397471
bb_ipp_adaptive,gt,3306,275.41666666666663,0.5647185809161531
bb_ipp_adaptive,gt,3307,275.5,0.564749649792705
bb_ipp_adaptive,gt,3308,275.58333333333337,0.5647815330984822
bb_ipp_adaptive,gt,3309,275.66666666666663,0.5648610725814329
bb_ipp_adaptive,gt,3310,275.75,0.5649736028375115
bb_ipp_adaptive,gt,3311,275.83333333333337,0.5650946904241261
bb_ipp_adaptive,gt,3312,275.91666666666663,0.5652012690115636
bb_ipp_adaptive,gt,3313,276.0,0.5652740570694336
bb_ipp_adaptive,gt,3314,276.08333333333337,0.5653557818575272
bb_ipp_adaptive,gt,3315,276.16666666666663,0.5654925227765676
bb_ipp_adaptive,gt,3316,276.25,0.5656551390694989
bb_ipp_adaptive,gt,3317,276.33333333333337,0.5657920726945382
bb_ipp_adaptive,gt,3318,276.41666666666663,0.5659222757900615
bb_ipp_adaptive,gt,3319,276.5,0.5660860689413568
bb_ipp_adaptive,gt,3320,276.58333333333337,0.5662624383867401
bb_ipp_adaptive,gt,3321,276.66666666666663,0.5664042286877133
bb_ipp_adaptive,gt,3322,276.75,0.5664946313424671
bb_ipp_adaptive,gt,3323,276.83333333333337,0.5665709351011969
bb_ipp_adaptive,gt,3324,276.91666666666663,0.5666568225444322
bb_ipp_adaptive,gt,3325,277.0,0.5667170940034576
bb_ipp_adaptive,gt,3326,277.08333333333337,0.5666916242481995
bb_ipp_adaptive,gt,3327,277.16666666666663,0.5666632166133178
bb_ipp_adaptive,gt,3328,277.25,0.5667225443168066
bb_ipp_adaptive,gt,3329,277.33333333333337,0.5668277864169665
bb_ipp_adaptive,gt,3330,277.41666666666663,0.5669219607829628
bb_ipp_adaptive,gt,3331,277.5,0.5669733477055211
bb_ipp_adaptive,gt,3332,277.58333333333337,0.5669517799085038
bb_ipp_adaptive,gt,3333,277.66666666666663,0.5668877126160404
bb_ipp_adaptive,gt,3334,277.75,0.5668907055616257
bb_ipp_adaptive,gt,3335,277.83333333333337,0.5669003188230782
bb_ipp_adaptive,gt,3336,277.91666666666663,0.566840640502748
bb_ipp_adaptive,gt,3337,278.0,0.566717460245884
bb_ipp_adaptive,gt,3338,278.08333333333337,0.5665607776232271
bb_ipp_adaptive,gt,3339,278.16666666666663,0.5664040362220318
bb_ipp_adaptive,gt,3340,278.25,0.5662483371071205
bb_ipp_adaptive,gt,3341,278.33333333333337,0.5660900973532049
bb_ipp_adaptive,gt,3342,278.41666666666663,0.5659289147620358
bb_ipp_adaptive,gt,3343,278.5,0.5657519212587764
bb_ipp_adaptive,gt,3344,278.58333333333337,0.565572455469317
bb_ipp_adaptive,gt,3345,278.66666666666663,0.5654583072191735
bb_ipp_adaptive,gt,3346,278.75,0.5654140358833636
bb_ipp_adaptive,gt,3347,278.83333333333337,0.5654161054745475
bb_ipp_adaptive,gt,3348,278.91666666666663,0.5654401611536899
bb_ipp_adaptive,gt,3349,279.0,0.5654846880144738
bb_ipp_adaptive,gt,3350,279.08333333333337,0.5655593325813564
bb_ipp_adaptive,gt,3351,279.16666666666663,0.5656682014569215
bb_ipp_adaptive,gt,3352,279.25,0.5657875220563757
bb_ipp_adaptive,gt,3353,279.33333333333337,0.5658767503445136
bb_ipp_adaptive,gt,3354,279.41666666666663,0.565969604705378
bb_ipp_adaptive,gt,3355,279.5,0.5661118141105088
bb_ipp_adaptive,gt,3356,279.58333333333337,0.5662781420565979
bb_ipp_adaptive,gt,3357,279.66666666666663,0.566432611054588
bb_ipp_adaptive,gt,3358,279.75,0.5665616123146032
bb_ipp_adaptive,gt,3359,279.83333333333337,0.5666807872033673
bb_ipp_adaptive,gt,3360,279.91666666666663,0.5668125831152544
bb_ipp_adaptive,gt,3361,280.0,0.56695206231879
bb_ipp_adaptive,gt,3362,280.08333333333337,0.5670772198723603
bb_ipp_adaptive,gt,3363,280.16666666666663,0.5671958207137381
bb_ipp_adaptive,gt,3364,280.25,0.5673350217388468
bb_ipp_adaptive,gt,3365,280.33333333333337,0.56748753199751
bb_ipp_adaptive,gt,3366,280.41666666666663,0.5676299921017199
bb_ipp_adaptive,gt,3367,280.5,0.5677541607972412
bb_ipp_adaptive,gt,3368,280.58333333333337,0.5678649661639009
bb_ipp_adaptive,gt,3369,280.66666666666663,0.5679739144657501
bb_ipp_adaptive,gt,3370,280.75,0.5680761858693163
bb_ipp_adaptive,gt,3371,280.83333333333337,0.5681613030399882
bb_ipp_adaptive,gt,3372,280.91666666666663,0.568244636224402
bb_ipp_adaptive,gt,3373,281.0,0.5683284562402398
bb_ipp_adaptive,gt,3374,281.08333333333337,0.5683752016057526
bb_ipp_adaptive,gt,3375,281.16666666666663,0.5683919822103426
bb_ipp_adaptive,gt,3376,281.25,0.5684474741120745
bb_ipp_adaptive,gt,3377,281.33333333333337,0.5685294851474825
bb_ipp_adaptive,gt,3378,281.41666666666663,0.5685954750002201
bb_ipp_adaptive,gt,3379,281.5,0.5686187931029658
bb_ipp_adaptive,gt,3380,281.58333333333337,0.5686373500199116
bb_ipp_adaptive,gt,3381,281.66666666666663,0.5686810997902672
bb_ipp_adaptive,gt,3382,281.75,0.5687251393289011
bb_ipp_adaptive,gt,3383,281.83333333333337,0.5687217501620583
bb_ipp_adaptive,gt,3384,281.91666666666663,0.5687043255814311
bb_ipp_adaptive,gt,3385,282.0,0.5687253361998047
bb_ipp_adaptive,gt,3386,282.08333333333337,0.5687649726643109
bb_ipp_adaptive,gt,3387,282.16666666666663,0.5687967402123412
bb_ipp_adaptive,gt,3388,282.25,0.5688038176932195
bb_ipp_adaptive,gt,3389,282.33333333333337,0.5687693151541271
bb_ipp_adaptive,gt,3390,282.41666666666663,0.5687207904479256
bb_ipp_adaptive,gt,3391,282.5,0.568712388422319
bb_ipp_adaptive,gt,3392,282.58333333333337,0.5687363656247935
bb_ipp_adaptive,gt,3393,282.66666666666663,0.5687657158548262
bb_ipp_adaptive,gt,3394,282.75,0.5687773609777623
bb_ipp_adaptive,gt,3395,282.83333333333337,0.5687553383475912
bb_ipp_adaptive,gt,3396,282.91666666666663,0.5687198388612269
bb_ipp_adaptive,gt,3397,283.0,0.568697849580533
bb_ipp_adaptive,gt,3398,283.08333333333337,0.5686695786263172
bb_ipp_adaptive,gt,3399,283.16666666666663,0.5685887244363951
bb_ipp_adaptive,gt,3400,283.25,0.5684905306947216
bb_ipp_adaptive,gt,3401,283.33333333333337,0.5684291685725976
bb_ipp_adaptive,gt,3402,283.41666666666663,0.5683809828268662
bb_ipp_adaptive,gt,3403,283.5,0.5683016964392924
bb_ipp_adaptive,gt,3404,283.58333333333337,0.5681976472630829
bb_ipp_adaptive,gt,3405,283.66666666666663,0.5681226523716119
bb_ipp_adaptive,gt,3406,283.75,0.5680768426493588
bb_ipp_adaptive,gt,3407,283.83333333333337,0.568035208987613
bb_ipp_adaptive,gt,3408,283.91666666666663,0.567981222661866
bb_ipp_adaptive,gt,3409,284.0,0.5679094953254208
bb_ipp_adaptive,gt,3410,284.08333333333337,0.5678297922296839
bb_ipp_adaptive,gt,3411,284.16666666666663,0.5677690480129609
bb_ipp_adaptive,gt,3412,284.25,0.5677406136426739
bb_ipp_adaptive,gt,3413,284.33333333333337,0.5677469108432128
bb_ipp_adaptive,gt,3414,284.41666666666663,0.5677835183932338
bb_ipp_adaptive,gt,3415,284.5,0.5678199809803359
bb_ipp_adaptive,gt,3416,284.58333333333337,0.5678320487759032
bb_ipp_adaptive,gt,3417,284.66666666666663,0.5678483265918705
bb_ipp_adaptive,gt,3418,284.75,0.5678256387769007
bb_ipp_adaptive,gt,3419,284.83333333333337,0.5677793076769767
bb_ipp_adaptive,gt,3420,284.91666666666663,0.5677212218285528
bb_ipp_adaptive,gt,3421,285.0,0.567661695172304
bb_ipp_adaptive,gt,3422,285.08333333333337,0.567602511342544
bb_ipp_adaptive,gt,3423,285.16666666666663,0.5675453966411246
bb_ipp_adaptive,gt,3424,285.25,0.5674972407896375
bb_ipp_adaptive,gt,3425,285.33333333333337,0.5674439890604351
bb_ipp_adaptive,gt,3426,285.41666666666663,0.5673800871222332
bb_ipp_adaptive,gt,3427,285.5,0.5673331430570896
bb_ipp_adaptive,gt,3428,285.58333333333337,0.5673153028785597
bb_ipp_adaptive,gt,3429,285.66666666666663,0.5673099268338107
bb_ipp_adaptive,gt,3430,285.75,0.567302630479282
bb_ipp_adaptive,gt,3431,285.83333333333337,0.5672788981813142
bb_ipp_adaptive,gt,3432,285.91666666666663,0.5672405702766297
bb_ipp_adaptive,gt,3433,286.0,0.5672235686994148
bb_ipp_adaptive,gt,3434,286.08333333333337,0.5672277060098175
bb_ipp_adaptive,gt,3435,286.16666666666663,0.5672242590111698
bb_ipp_adaptive,gt,3436,286.25,0.567206949936994
bb_ipp_adaptive,gt,3437,286.33333333333337,0.5672054691465799
bb_ipp_adaptive,gt,3438,286.41666666666663,0.5672324639937819
bb_ipp_adaptive,gt,3439,286.5,0.5672712835689678
bb_ipp_adaptive,gt,3440,286.58333333333337,0.5673025849850839
bb_ipp_adaptive,gt,3441,286.66666666666663,0.5673345025385002
bb_ipp_adaptive,gt,3442,286.75,0.5673868217301407
bb_ipp_adaptive,gt,3443,286.83333333333337,0.5674563398629737
bb_ipp_adaptive,gt,3444,286.91666666666663,0.567510853215214
bb_ipp_adaptive,gt,3445,287.0,0.5675202861638919
bb_ipp_adaptive,gt,3446,287.08333333333337,0.5675563895454571
bb_ipp_adaptive,gt,3447,287.16666666666663,0.5676507098110657
bb_ipp_adaptive,gt,3448,287.25,0.5677710567076697
bb_ipp_adaptive,gt,3449,287.33333333333337,0.567889197403287
bb_ipp_adaptive,gt,3450,287.41666666666663,0.5679859063025983
bb_ipp_adaptive,gt,3451,287.5,0.5680288618474046
bb_ipp_adaptive,gt,3452,287.58333333333337,0.5680739900672634
bb_ipp_adaptive,gt,3453,287.66666666666663,0.5681779025295796
bb_ipp_adaptive,gt,3454,287.75,0.5683052497905878
bb_ipp_adaptive,gt,3455,287.83333333333337,0.5683997671806132
bb_ipp_adaptive,gt,3456,287.91666666666663,0.5684507940321568
bb_ipp_adaptive,gt,3457,288.0,0.5685169022263107
bb_ipp_adaptive,gt,3458,288.08333333333337,0.5686090633517848
bb_ipp_adaptive,gt,3459,288.16666666666663,0.568688793689905
bb_ipp_adaptive,gt,3460,288.25,0.5687105997745827
bb_ipp_adaptive,gt,3461,288.33333333333337,0.5687440999668104
bb_ipp_adaptive,gt,3462,288.41666666666663,0.5688176589061723
bb_ipp_adaptive,gt,3463,288.5,0.5689000725457186
bb_ipp_adaptive,gt,3464,288.58333333333337,0.5689683336019444
bb_ipp_adaptive,gt,3465,288.66666666666663,0.5690194407591935
bb_ipp_adaptive,gt,3466,288.75,0.5690525449768558
bb_ipp_adaptive,gt,3467,288.83333333333337,0.5690853317342344
bb_ipp_adaptive,gt,3468,288.91666666666663,0.5691347461462949
bb_ipp_adaptive,gt,3469,289.0,0.5691910428174675
bb_ipp_adaptive,gt,3470,289.08333333333337,0.5692485028002755
bb_ipp_adaptive,gt,3471,289.16666666666663,0.5692974645029125
bb_ipp_adaptive,gt,3472,289.25,0.5693020911347833
bb_ipp_adaptive,gt,3473,289.33333333333337,0.5692897584783356
bb_ipp_adaptive,gt,3474,289.41666666666663,0.569338121454588
bb_ipp_adaptive,gt,3475,289.5,0.5694259120384416
bb_ipp_adaptive,gt,3476,289.58333333333337,0.5695051698833943
bb_ipp_adaptive,gt,3477,289.66666666666663,0.569554996106956
bb_ipp_adaptive,gt,3478,289.75,0.5695965218954036
bb_ipp_adaptive,gt,3479,289.83333333333337,0.5696407132147411
bb_ipp_adaptive,gt,3480,289.91666666666663,0.5696717595333463
bb_ipp_adaptive,gt,3481,290.0,0.5696682070183874
bb_ipp_adaptive,gt,3482,290.08333333333337,0.5696388679281872
bb_ipp_adaptive,gt,3483,290.16666666666663,0.5696144177499114
bb_ipp_adaptive,gt,3484,290.25,0.5695893341010944
bb_ipp_adaptive,gt,3485,290.33333333333337,0.5695324871146304
bb_ipp_adaptive,gt,3486,290.41666666666663,0.5694489161832628
bb_ipp_adaptive,gt,3487,290.5,0.5693978296838116
bb_ipp_adaptive,gt,3488,290.58333333333337,0.5693786393160758
bb_ipp_adaptive,gt,3489,290.66666666666663,0.5693601527825555
bb_ipp_adaptive,gt,3490,290.75,0.5693171431229831
bb_ipp_adaptive,gt,3491,290.83333333333337,0.5692399122260982
bb_ipp_adaptive,gt,3492,290.91666666666663,0.5691628608313917
bb_ipp_adaptive,gt,3493,291.0,0.5691339790305238
bb_ipp_adaptive,gt,3494,291.08333333333337,0.5691412659831983
bb_ipp_adaptive,gt,3495,291.16666666666663,0.5691167442832978
bb_ipp_adaptive,gt,3496,291.25,0.5689970427150682
bb_ipp_adaptive,gt,3497,291.33333333333337,0.5688746626352301
bb_ipp_adaptive,gt,3498,291.41666666666663,0.5687680184591366
bb_ipp_adaptive,gt,3499,291.5,0.5686671554132089
bb_ipp_adaptive,gt,3500,291.58333333333337,0.5685661055022756
bb_ipp_adaptive,gt,3501,291.66666666666663,0.5684579977374434
bb_ipp_adaptive,gt,3502,291.75,0.5683384714532014
bb_ipp_adaptive,gt,3503,291.83333333333337,0.5682468808266318
bb_ipp_adaptive,gt,3504,291.91666666666663,0.5682003891912064
bb_ipp_adaptive,gt,3505,292.0,0.5681798627940942
bb_ipp_adaptive,gt,3506,292.08333333333337,0.5681668788421418
bb_ipp_adaptive,gt,3507,292.16666666666663,0.5681539407253421
bb_ipp_adaptive,gt,3508,292.25,0.5681340691280199
bb_ipp_adaptive,gt,3509,292.33333333333337,0.5681100325224117
bb_ipp_adaptive,gt,3510,292.41666666666663,0.5680883681746811
bb_ipp_adaptive,gt,3511,292.5,0.5680695151376107
bb_ipp_adaptive,gt,3512,292.58333333333337,0.5680550275443714
bb_ipp_adaptive,gt,3513,292.66666666666663,0.5680372004296386
bb_ipp_adaptive,gt,3514,292.75,0.567982971933388
bb_ipp_adaptive,gt,3515,292.83333333333337,0.5678952321568753
bb_ipp_adaptive,gt,3516,292.91666666666663,0.5678601348463893
bb_ipp_adaptive,gt,3517,293.0,0.5678675877136243
bb_ipp_adaptive,gt,3518,293.08333333333337,0.5678634742968596
bb_ipp_adaptive,gt,3519,293.16666666666663,0.5678006540377843
bb_ipp_adaptive,gt,3520,293.25,0.5677679278697682
bb_ipp_adaptive,gt,3521,293.33333333333337,0.5677966548093777
bb_ipp_adaptive,gt,3522,293.41666666666663,0.5678508881936232
bb_ipp_adaptive,gt,3523,293.5,0.5678959228195626
bb_ipp_adaptive,gt,3524,293.58333333333337,0.567936309313279
bb_ipp_adaptive,gt,3525,293.66666666666663,0.5679786142155643
bb_ipp_adaptive,gt,3526,293.75,0.5680233771497213
bb_ipp_adaptive,gt,3527,293.83333333333337,0.5680772356134427
bb_ipp_adaptive,gt,3528,293.91666666666663,0.5681461987308583
bb_ipp_adaptive,gt,3529,294.0,0.56823817775866
bb_ipp_adaptive,gt,3530,294.08333333333337,0.5683521208319788
bb_ipp_adaptive,gt,3531,294.16666666666663,0.5684524693668092
bb_ipp_adaptive,gt,3532,294.25,0.5684946812598483
bb_ipp_adaptive,gt,3533,294.33333333333337,0.568565947658651
bb_ipp_adaptive,gt,3534,294.41666666666663,0.5686923233127854
bb_ipp_adaptive,gt,3535,294.5,0.568826942192656
bb_ipp_adaptive,gt,3536,294.58333333333337,0.5689108598573398
bb_ipp_adaptive,gt,3537,294.66666666666663,0.5689823056760864
bb_ipp_adaptive,gt,3538,294.75,0.5691040051755376
bb_ipp_adaptive,gt,3539,294.83333333333337,0.5692481861070231
bb_ipp_adaptive,gt,3540,294.91666666666663,0.5693727526436608
bb_ipp_adaptive,gt,3541,295.0,0.5694741802576707
bb_ipp_adaptive,gt,3542,295.08333333333337,0.5695633348642885
bb_ipp_adaptive,gt,3543,295.16666666666663,0.5696404808608604
bb_ipp_adaptive,gt,3544,295.25,0.5697022876739217
bb_ipp_adaptive,gt,3545,295.33333333333337,0.5697426679041001
bb_ipp_adaptive,gt,3546,295.41666666666663,0.5697715635606427
bb_ipp_adaptive,gt,3547,295.5,0.5698141663493685
bb_ipp_adaptive,gt,3548,295.58333333333337,0.5698629980931252
bb_ipp_adaptive,gt,3549,295.66666666666663,0.5698849397820627
bb_ipp_adaptive,gt,3550,295.75,0.5698982055134891
bb_ipp_adaptive,gt,3551,295.83333333333337,0.5699375293361922
bb_ipp_adaptive,gt,3552,295.91666666666663,0.5699969465815047
bb_ipp_adaptive,gt,3553,296.0,0.5700547924439215
bb_ipp_adaptive,gt,3554,296.08333333333337,0.570099135532211
bb_ipp_adaptive,gt,3555,296.16666666666663,0.5701424836424454
bb_ipp_adaptive,gt,3556,296.25,0.5702011640996625
bb_ipp_adaptive,gt,3557,296.33333333333337,0.5702655085373945
bb_ipp_adaptive,gt,3558,296.41666666666663,0.5703094247055563
bb_ipp_adaptive,gt,3559,296.5,0.5703399935454915
bb_ipp_adaptive,gt,3560,296.58333333333337,0.5703837547856304
bb_ipp_adaptive,gt,3561,296.66666666666663,0.5704320031333816
bb_ipp_adaptive,gt,3562,296.75,0.5704628232977277
bb_ipp_adaptive,gt,3563,296.83333333333337,0.5704693251571992
bb_ipp_adaptive,gt,3564,296.91666666666663,0.5704631530785055
bb_ipp_adaptive,gt,3565,297.0,0.5704641157640506
bb_ipp_adaptive,gt,3566,297.08333333333337,0.5704639386847449
bb_ipp_adaptive,gt,3567,297.16666666666663,0.570444996163668
bb_ipp_adaptive,gt,3568,297.25,0.5704300718735189
bb_ipp_adaptive,gt,3569,297.33333333333337,0.5704410905532844
bb_ipp_adaptive,gt,3570,297.41666666666663,0.570458101893433
bb_ipp_adaptive,gt,3571,297.5,0.5704658540007447
bb_ipp_adaptive,gt,3572,297.58333333333337,0.5704192319765494
bb_ipp_adaptive,gt,3573,297.66666666666663,0.5702976953247378
bb_ipp_adaptive,gt,3574,297.75,0.5701463558616893
bb_ipp_adaptive,gt,3575,297.83333333333337,0.5699816451883457
bb_ipp_adaptive,gt,3576,297.91666666666663,0.5698088910447324
bb_ipp_adaptive,gt,3577,298.0,0.5696314394742523
bb_ipp_adaptive,gt,3578,298.08333333333337,0.5694508015840459
bb_ipp_adaptive,gt,3579,298.16666666666663,0.5692791073934761
bb_ipp_adaptive,gt,3580,298.25,0.569134996650698
bb_ipp_adaptive,gt,3581,298.33333333333337,0.5690163510359779
bb_ipp_adaptive,gt,3582,298.41666666666663,0.5689097783123589
bb_ipp_adaptive,gt,3583,298.5,0.5688214869681696
bb_ipp_adaptive,gt,3584,298.58333333333337,0.5687694814568278
bb_ipp_adaptive,gt,3585,298.66666666666663,0.568762513776334
bb_ipp_adaptive,gt,3586,298.75,0.5687940638461667
bb_ipp_adaptive,gt,3587,298.83333333333337,0.5688496914519404
bb_ipp_adaptive,gt,3588,298.91666666666663,0.5689352184864057
bb_ipp_adaptive,gt,3589,299.0,0.5690867783155483
bb_ipp_adaptive,gt,3590,299.08333333333337,0.5692943069084491
bb_ipp_adaptive,gt,3591,299.16666666666663,0.5694973112433295
bb_ipp_adaptive,gt,3592,299.25,0.5696710617725856
bb_ipp_adaptive,gt,3593,299.33333333333337,0.5698912361312013
bb_ipp_adaptive,gt,3594,299.41666666666663,0.570163064332691
bb_ipp_adaptive,gt,3595,299.5,0.5704402162138156
bb_ipp_adaptive,gt,3596,299.58333333333337,0.5706815569958382
bb_ipp_adaptive,gt,3597,299.66666666666663,0.5708737985544435
bb_ipp_adaptive,gt,3598,299.75,0.571053310328205
bb_ipp_adaptive,gt,3599,299.83333333333337,0.5712510670141895
bb_ipp_adaptive,gt,3600,299.91666666666663,0.571431618608601
bb_ipp_adaptive,gt,3601,300.0,0.5715569927714066
bb_ipp_adaptive,gt,3602,300.08333333333337,0.5716933211596261
bb_ipp_adaptive,gt,3603,300.16666666666663,0.5718794934126922
bb_ipp_adaptive,gt,3604,300.25,0.5720728705031214
bb_ipp_adaptive,gt,3605,300.33333333333337,0.5722387130351361
bb_ipp_adaptive,gt,3606,300.41666666666663,0.5723879899041506
bb_ipp_adaptive,gt,3607,300.5,0.5725326278382508
bb_ipp_adaptive,gt,3608,300.58333333333337,0.5726666300173788
bb_ipp_adaptive,gt,3609,300.66666666666663,0.5727727768616833
bb_ipp_adaptive,gt,3610,300.75,0.5728422747475596
bb_ipp_adaptive,gt,3611,300.83333333333337,0.5729111160027232
bb_ipp_adaptive,gt,3612,300.91666666666663,0.5729975911667181
bb_ipp_adaptive,gt,3613,301.0,0.5730622964146327
bb_ipp_adaptive,gt,3614,301.08333333333337,0.5730756430419592
bb_ipp_adaptive,gt,3615,301.16666666666663,0.5731037346884266
bb_ipp_adaptive,gt,3616,301.25,0.573168156730604
bb_ipp_adaptive,gt,3617,301.33333333333337,0.5732362335994803
bb_ipp_adaptive,gt,3618,301.41666666666663,0.5732730386651456
bb_ipp_adaptive,gt,3619,301.5,0.5732919363194535
bb_ipp_adaptive,gt,3620,301.58333333333337,0.5733285212127291
bb_ipp_adaptive,gt,3621,301.66666666666663,0.5733738606983881
bb_ipp_adaptive,gt,3622,301.75,0.5733867205024209
bb_ipp_adaptive,gt,3623,301.83333333333337,0.5733516525994133
bb_ipp_adaptive,gt,3624,301.91666666666663,0.5733477751067537
bb_ipp_adaptive,gt,3625,302.0,0.5733760506440878
bb_ipp_adaptive,gt,3626,302.08333333333337,0.5734068711599629
bb_ipp_adaptive,gt,3627,302.16666666666663,0.5734289310091873
bb_ipp_adaptive,gt,3628,302.25,0.5734519427031296
bb_ipp_adaptive,gt,3629,302.33333333333337,0.5734823561114697
bb_ipp_adaptive,gt,3630,302.41666666666663,0.5735233747571502
bb_ipp_adaptive,gt,3631,302.5,0.5735650587661268
bb_ipp_adaptive,gt,3632,302.58333333333337,0.5735961499908755
bb_ipp_adaptive,gt,3633,302.66666666666663,0.5736367511179191
bb_ipp_adaptive,gt,3634,302.75,0.5737076763183102
bb_ipp_adaptive,gt,3635,302.83333333333337,0.5737863440554801
bb_ipp_adaptive,gt,3636,302.91666666666663,0.5738552921188342
bb_ipp_adaptive,gt,3637,303.0,0.5739216551995696
bb_ipp_adaptive,gt,3638,303.08333333333337,0.5739930122730148
bb_ipp_adaptive,gt,3639,303.16666666666663,0.5740716437889085
bb_ipp_adaptive,gt,3640,303.25,0.5741373971076568
bb_ipp_adaptive,gt,3641,303.33333333333337,0.5741508038459264
bb_ipp_adaptive,gt,3642,303.41666666666663,0.5741490175945728
bb_ipp_adaptive,gt,3643,303.5,0.5742045636813571
bb_ipp_adaptive,gt,3644,303.58333333333337,0.5742856135218771
bb_ipp_adaptive,gt,3645,303.66666666666663,0.5743087784615855
bb_ipp_adaptive,gt,3646,303.75,0.5742678827172113
bb_ipp_adaptive,gt,3647,303.83333333333337,0.5742821190552425
bb_ipp_adaptive,gt,3648,303.91666666666663,0.5743335108289177
bb_ipp_adaptive,gt,3649,304.0,0.5743592074604655
bb_ipp_adaptive,gt,3650,304.08333333333337,0.5743447887697257
bb_ipp_adaptive,gt,3651,304.16666666666663,0.5743413236474373
bb_ipp_adaptive,gt,3652,304.25,0.574362404659123
bb_ipp_adaptive,gt,3653,304.33333333333337,0.5743838443103265
bb_ipp_adaptive,gt,3654,304.41666666666663,0.5743762304662892
bb_ipp_adaptive,gt,3655,304.5,0.5743070474081513
bb_ipp_adaptive,gt,3656,304.58333333333337,0.5742197384866125
bb_ipp_adaptive,gt,3657,304.66666666666663,0.5742109409629736
bb_ipp_adaptive,gt,3658,304.75,0.5742600939780611
bb_ipp_adaptive,gt,3659,304.83333333333337,0.5742920354275298
bb_ipp_adaptive,gt,3660,304.91666666666663,0.5742130529313553
bb_ipp_adaptive,gt,3661,305.0,0.5740474762036184
bb_ipp_adaptive,gt,3662,305.08333333333337,0.5738448112629672
bb_ipp_adaptive,gt,3663,305.16666666666663,0.5736605676180134
bb_ipp_adaptive,gt,3664,305.25,0.5735040142036569
bb_ipp_adaptive,gt,3665,305.33333333333337,0.5733629773885415
bb_ipp_adaptive,gt,3666,305.41666666666663,0.5732283821613142
bb_ipp_adaptive,gt,3667,305.5,0.5730921978017388
bb_ipp_adaptive,gt,3668,305.58333333333337,0.5729594843419461
bb_ipp_adaptive,gt,3669,305.66666666666663,0.5728607146367763
bb_ipp_adaptive,gt,3670,305.75,0.5727995680058818
bb_ipp_adaptive,gt,3671,305.83333333333337,0.5727518168392806
bb_ipp_adaptive,gt,3672,305.91666666666663,0.572706876991043
bb_ipp_adaptive,gt,3673,306.0,0.5726817225399877
bb_ipp_adaptive,gt,3674,306.08333333333337,0.5726850536196617
bb_ipp_adaptive,gt,3675,306.16666666666663,0.5727055351580803
bb_ipp_adaptive,gt,3676,306.25,0.5727259875468673
bb_ipp_adaptive,gt,3677,306.33333333333337,0.5727455901517635
bb_ipp_adaptive,gt,3678,306.41666666666663,0.572779705544707
bb_ipp_adaptive,gt,3679,306.5,0.5728374898739269
bb_ipp_adaptive,gt,3680,306.58333333333337,0.5728953760908471
bb_ipp_adaptive,gt,3681,306.66666666666663,0.5729353797806351
bb_ipp_adaptive,gt,3682,306.75,0.5729876045639262
bb_ipp_adaptive,gt,3683,306.83333333333337,0.5730584332861981
bb_ipp_adaptive,gt,3684,306.91666666666663,0.5731225275731491
bb_ipp_adaptive,gt,3685,307.0,0.5731736601163492
bb_ipp_adaptive,gt,3686,307.08333333333337,0.5732302134396466
bb_ipp_adaptive,gt,3687,307.16666666666663,0.5733031857338984
bb_ipp_adaptive,gt,3688,307.25,0.5733859449723925
bb_ipp_adaptive,gt,3689,307.33333333333337,0.5734621433619194
bb_ipp_adaptive,gt,3690,307.41666666666663,0.5735341769268486
bb_ipp_adaptive,gt,3691,307.5,0.5736210228204763
bb_ipp_adaptive,gt,3692,307.58333333333337,0.5737227035330678
bb_ipp_adaptive,gt,3693,307.66666666666663,0.5738168711777858
bb_ipp_adaptive,gt,3694,307.75,0.573883678888846
bb_ipp_adaptive,gt,3695,307.83333333333337,0.5739374302197385
bb_ipp_adaptive,gt,3696,307.91666666666663,0.5740190497154299
bb_ipp_adaptive,gt,3697,308.0,0.5741257192096911
bb_ipp_adaptive,gt,3698,308.08333333333337,0.5742343515774939
bb_ipp_adaptive,gt,3699,308.16666666666663,0.5743460404033683
bb_ipp_adaptive,gt,3700,308.25,0.5744510838513432
bb_ipp_adaptive,gt,3701,308.33333333333337,0.5745168582593695
bb_ipp_adaptive,gt,3702,308.41666666666663,0.5745793091240387
bb_ipp_adaptive,gt,3703,308.5,0.5746880799129322
bb_ipp_adaptive,gt,3704,308.58333333333337,0.5748214248846549
bb_ipp_adaptive,gt,3705,308.66666666666663,0.5749362477697567
bb_ipp_adaptive,gt,3706,308.75,0.5750123198680992
bb_ipp_adaptive,gt,3707,308.83333333333337,0.5750763322598914
bb_ipp_adaptive,gt,3708,308.91666666666663,0.5751493491872187
bb_ipp_adaptive,gt,3709,309.0,0.5752146575993745
bb_ipp_adaptive,gt,3710,309.08333333333337,0.5752432307848171
bb_ipp_adaptive,gt,3711,309.16666666666663,0.5752458118397528
bb_ipp_adaptive,gt,3712,309.25,0.5752722068209333
bb_ipp_adaptive,gt,3713,309.33333333333337,0.5753148786980683
bb_ipp_adaptive,gt,3714,309.41666666666663,0.5753393825143869
bb_ipp_adaptive,gt,3715,309.5,0.5753491516775264
bb_ipp_adaptive,gt,3716,309.58333333333337,0.5753810266406589
bb_ipp_adaptive,gt,3717,309.66666666666663,0.5754323884503862
bb_ipp_adaptive,gt,3718,309.75,0.5754847702424224
bb_ipp_adaptive,gt,3719,309.83333333333337,0.5755168608400905
bb_ipp_adaptive,gt,3720,309.91666666666663,0.5755046470488862
bb_ipp_adaptive,gt,3721,310.0,0.5754927658044192
bb_ipp_adaptive,gt,3722,310.08333333333337,0.5755366017141679
bb_ipp_adaptive,gt,3723,310.16666666666663,0.5756167194741594
bb_ipp_adaptive,gt,3724,310.25,0.5756926805638866
bb_ipp_adaptive,gt,3725,310.33333333333337,0.5757423336319222
bb_ipp_adaptive,gt,3726,310.41666666666663,0.5757637922466318
bb_ipp_adaptive,gt,3727,310.5,0.5757916764062267
bb_ipp_adaptive,gt,3728,310.58333333333337,0.5758509926138323
bb_ipp_adaptive,gt,3729,310.66666666666663,0.5759129879040297
bb_ipp_adaptive,gt,3730,310.75,0.5759429935174173
bb_ipp_adaptive,gt,3731,310.83333333333337,0.5759925332897233
bb_ipp_adaptive,gt,3732,310.91666666666663,0.576086094742623
bb_ipp_adaptive,gt,3733,311.0,0.5761910786690116
bb_ipp_adaptive,gt,3734,311.08333333333337,0.5762696719285526
bb_ipp_adaptive,gt,3735,311.16666666666663,0.5763211599863545
bb_ipp_adaptive,gt,3736,311.25,0.5763704111479654
bb_ipp_adaptive,gt,3737,311.33333333333337,0.5764185046668685
bb_ipp_adaptive,gt,3738,311.41666666666663,0.5764383130677395
bb_ipp_adaptive,gt,3739,311.5,0.5764120892154627
bb_ipp_adaptive,gt,3740,311.58333333333337,0.5763749852709197
bb_ipp_adaptive,gt,3741,311.66666666666663,0.5763665369367595
bb_ipp_adaptive,gt,3742,311.75,0.5763620569956073
bb_ipp_adaptive,gt,3743,311.83333333333337,0.5763280304901941
bb_ipp_adaptive,gt,3744,311.91666666666663,0.5762939493598004
bb_ipp_adaptive,gt,3745,312.0,0.57629352822196
bb_ipp_adaptive,gt,3746,312.08333333333337,0.5763112546068495
bb_ipp_adaptive,gt,3747,312.16666666666663,0.5763243470031081
bb_ipp_adaptive,gt,3748,312.25,0.5763185722466071
bb_ipp_adaptive,gt,3749,312.33333333333337,0.5762450669424679
bb_ipp_adaptive,gt,3750,312.41666666666663,0.5761145927568285
bb_ipp_adaptive,gt,3751,312.5,0.5759601322696475
bb_ipp_adaptive,gt,3752,312.58333333333337,0.575782247984051
bb_ipp_adaptive,gt,3753,312.66666666666663,0.575572482369955
bb_ipp_adaptive,gt,3754,312.75,0.5753715639911635
bb_ipp_adaptive,gt,3755,312.83333333333337,0.5752050039585608
bb_ipp_adaptive,gt,3756,312.91666666666663,0.5750650568419133
bb_ipp_adaptive,gt,3757,313.0,0.5749417372486628
bb_ipp_adaptive,gt,3758,313.08333333333337,0.5748221698986651
bb_ipp_adaptive,gt,3759,313.16666666666663,0.5746828539036485
bb_ipp_adaptive,gt,3760,313.25,0.5745558614729204
bb_ipp_adaptive,gt,3761,313.33333333333337,0.5744799209253503
bb_ipp_adaptive,gt,3762,313.41666666666663,0.5744415863739118
bb_ipp_adaptive,gt,3763,313.5,0.5744149030340845
bb_ipp_adaptive,gt,3764,313.58333333333337,0.5743817828132931
bb_ipp_adaptive,gt,3765,313.66666666666663,0.5743490346109105
bb_ipp_adaptive,gt,3766,313.75,0.5743476754550749
bb_ipp_adaptive,gt,3767,313.83333333333337,0.5743856851877855
bb_ipp_adaptive,gt,3768,313.91666666666663,0.574433147339151
bb_ipp_adaptive,gt,3769,314.0,0.5744588429974125
bb_ipp_adaptive,gt,3770,314.08333333333337,0.5745107806000986
bb_ipp_adaptive,gt,3771,314.16666666666663,0.5746113551962436
bb_ipp_adaptive,gt,3772,314.25,0.5747254171038971
bb_ipp_adaptive,gt,3773,314.33333333333337,0.5748297126200904
bb_ipp_adaptive,gt,3774,314.41666666666663,0.574934928238289
bb_ipp_adaptive,gt,3775,314.5,0.5750347600419681
bb_ipp_adaptive,gt,3776,314.58333333333337,0.5751192507885289
bb_ipp_adaptive,gt,3777,314.66666666666663,0.5752097067122557
bb_ipp_adaptive,gt,3778,314.75,0.5753226503013207
bb_ipp_adaptive,gt,3779,314.83333333333337,0.5754503960696231
bb_ipp_adaptive,gt,3780,314.91666666666663,0.5755691912208857
bb_ipp_adaptive,gt,3781,315.0,0.5756643029047963
bb_ipp_adaptive,gt,3782,315.08333333333337,0.57575362139055
bb_ipp_adaptive,gt,3783,315.16666666666663,0.575855392551192
bb_ipp_adaptive,gt,3784,315.25,0.5759585045875182
bb_ipp_adaptive,gt,3785,315.33333333333337,0.5760411905553581
bb_ipp_adaptive,gt,3786,315.41666666666663,0.576098678900162
bb_ipp_adaptive,gt,3787,315.5,0.5761605161090757
bb_ipp_adaptive,gt,3788,315.58333333333337,0.576246609260804
bb_ipp_adaptive,gt,3789,315.66666666666663,0.5763366950220999
bb_ipp_adaptive,gt,3790,315.75,0.576420983204667
bb_ipp_adaptive,gt,3791,315.83333333333337,0.5765119086463938
bb_ipp_adaptive,gt,3792,315.91666666666663,0.5765959761409623
bb_ipp_adaptive,gt,3793,316.0,0.576654267416643
bb_ipp_adaptive,gt,3794,316.08333333333337,0.5767235809827485
bb_ipp_adaptive,gt,3795,316.16666666666663,0.5768251743317582
bb_ipp_adaptive,gt,3796,316.25,0.576934905337792
bb_ipp_adaptive,gt,3797,316.33333333333337,0.577024629666539
bb_ipp_adaptive,gt,3798,316.41666666666663,0.5770905291550494
bb_ipp_adaptive,gt,3799,316.5,0.5771566199506819
bb_ipp_adaptive,gt,3800,316.58333333333337,0.5772328792341305
bb_ipp_adaptive,gt,3801,316.66666666666663,0.577302837280272
bb_ipp_adaptive,gt,3802,316.75,0.5773483192244893
bb_ipp_adaptive,gt,3803,316.83333333333337,0.577380307489531
bb_ipp_adaptive,gt,3804,316.91666666666663,0.5774237879910606
bb_ipp_adaptive,gt,3805,317.0,0.5774681974446498
bb_ipp_adaptive,gt,3806,317.08333333333337,0.5774740652370659
bb_ipp_adaptive,gt,3807,317.16666666666663,0.5774533026392369
bb_ipp_adaptive,gt,3808,317.25,0.5774759813380552
bb_ipp_adaptive,gt,3809,317.33333333333337,0.5775353557199356
bb_ipp_adaptive,gt,3810,317.41666666666663,0.5775991778984454
bb_ipp_adaptive,gt,3811,317.5,0.5776422799093904
bb_ipp_adaptive,gt,3812,317.58333333333337,0.5776344738847566
bb_ipp_adaptive,gt,3813,317.66666666666663,0.5775851388175256
bb_ipp_adaptive,gt,3814,317.75,0.577585829652907
bb_ipp_adaptive,gt,3815,317.83333333333337,0.5776250973845156
bb_ipp_adaptive,gt,3816,317.91666666666663,0.57766128519713
bb_ipp_adaptive,gt,3817,318.0,0.5776710078204893
bb_ipp_adaptive,gt,3818,318.08333333333337,0.5776477827621649
bb_ipp_adaptive,gt,3819,318.16666666666663,0.5776098936785479
bb_ipp_adaptive,gt,3820,318.25,0.5775937237457398
bb_ipp_adaptive,gt,3821,318.33333333333337,0.5775939085431412
bb_ipp_adaptive,gt,3822,318.41666666666663,0.5775702219048404
bb_ipp_adaptive,gt,3823,318.5,0.577537322798553
bb_ipp_adaptive,gt,3824,318.58333333333337,0.5775438830344417
bb_ipp_adaptive,gt,3825,318.66666666666663,0.5775761262286889
bb_ipp_adaptive,gt,3826,318.75,0.577596573050654
bb_ipp_adaptive,gt,3827,318.83333333333337,0.5775891053440851
bb_ipp_adaptive,gt,3828,318.91666666666663,0.5775758221317742
bb_ipp_adaptive,gt,3829,319.0,0.5775719753168415
bb_ipp_adaptive,gt,3830,319.08333333333337,0.5775614593834324
bb_ipp_adaptive,gt,3831,319.16666666666663,0.5775152214484364
bb_ipp_adaptive,gt,3832,319.25,0.5774404928705434
bb_ipp_adaptive,gt,3833,319.33333333333337,0.5773863616329391
bb_ipp_adaptive,gt,3834,319.41666666666663,0.5773548566383918
bb_ipp_adaptive,gt,3835,319.5,0.5773124589941816
bb_ipp_adaptive,gt,3836,319.58333333333337,0.5772585516017891
bb_ipp_adaptive,gt,3837,319.66666666666663,0.577225772745222
bb_ipp_adaptive,gt,3838,319.75,0.5772146456643448
bb_ipp_adaptive,gt,3839,319.83333333333337,0.5772112958671134
bb_ipp_adaptive,gt,3840,319.91666666666663,0.5772152105484223
bb_ipp_adaptive,gt,3841,320.0,0.5771805382682685
bb_ipp_adaptive,gt,3842,320.08333333333337,0.5770721625286374
bb_ipp_adaptive,gt,3843,320.16666666666663,0.5769247120012173
bb_ipp_adaptive,gt,3844,320.25,0.5767590694871282
bb_ipp_adaptive,gt,3845,320.33333333333337,0.5765686450856014
bb_ipp_adaptive,gt,3846,320.41666666666663,0.5763788864267518
bb_ipp_adaptive,gt,3847,320.5,0.5762310989368875
bb_ipp_adaptive,gt,3848,320.58333333333337,0.5761199294733438
bb_ipp_adaptive,gt,3849,320.66666666666663,0.5760302302366996
bb_ipp_adaptive,gt,3850,320.75,0.5759495710552756
bb_ipp_adaptive,gt,3851,320.83333333333337,0.575857161795225
bb_ipp_adaptive,gt,3852,320.91666666666663,0.5757506352851459
bb_ipp_adaptive,gt,3853,321.0,0.5756751509182195
bb_ipp_adaptive,gt,3854,321.08333333333337,0.5756236372253
bb_ipp_adaptive,gt,3855,321.16666666666663,0.5755747512365093
bb_ipp_adaptive,gt,3856,321.25,0.5755030966959704
bb_ipp_adaptive,gt,3857,321.33333333333337,0.5753845113552333
bb_ipp_adaptive,gt,3858,321.41666666666663,0.5752255469583174
bb_ipp_adaptive,gt,3859,321.5,0.5751028725566572
bb_ipp_adaptive,gt,3860,321.58333333333337,0.5750019949155932
bb_ipp_adaptive,gt,3861,321.66666666666663,0.5748851552674895
bb_ipp_adaptive,gt,3862,321.75,0.5747336243377683
bb_ipp_adaptive,gt,3863,321.83333333333337,0.5745591171274388
bb_ipp_adaptive,gt,3864,321.91666666666663,0.5743923030845823
bb_ipp_adaptive,gt,3865,322.0,0.5742473373238197
bb_ipp_adaptive,gt,3866,322.08333333333337,0.5741101767049036
bb_ipp_adaptive,gt,3867,322.16666666666663,0.573975561613084
bb_ipp_adaptive,gt,3868,322.25,0.5738657210171215
bb_ipp_adaptive,gt,3869,322.33333333333337,0.5737947335045219
bb_ipp_adaptive,gt,3870,322.41666666666663,0.5737498707442048
bb_ipp_adaptive,gt,3871,322.5,0.5736971332176567
bb_ipp_adaptive,gt,3872,322.58333333333337,0.5736108716301056
bb_ipp_adaptive,gt,3873,322.66666666666663,0.5735928421018143
bb_ipp_adaptive,gt,3874,322.75,0.5736991592185605
bb_ipp_adaptive,gt,3875,322.83333333333337,0.5738930887119146
bb_ipp_adaptive,gt,3876,322.91666666666663,0.574121724740024
bb_ipp_adaptive,gt,3877,323.0,0.5743452252226731
bb_ipp_adaptive,gt,3878,323.08333333333337,0.574558662237613
bb_ipp_adaptive,gt,3879,323.16666666666663,0.5748122277722549
bb_ipp_adaptive,gt,3880,323.25,0.5751198907593095
bb_ipp_adaptive,gt,3881,323.33333333333337,0.57542229943328
bb_ipp_adaptive,gt,3882,323.41666666666663,0.5756726290437365
bb_ipp_adaptive,gt,3883,323.5,0.575926657433385
bb_ipp_adaptive,gt,3884,323.58333333333337,0.5761967001571758
bb_ipp_adaptive,gt,3885,323.66666666666663,0.5764352584641154
bb_ipp_adaptive,gt,3886,323.75,0.5766241176558939
bb_ipp_adaptive,gt,3887,323.83333333333337,0.5767888607122386
bb_ipp_adaptive,gt,3888,323.91666666666663,0.5769394839999802
bb_ipp_adaptive,gt,3889,324.0,0.5770652638702093
bb_ipp_adaptive,gt,3890,324.08333333333337,0.5771389161354588
bb_ipp_adaptive,gt,3891,324.16666666666663,0.5771489945654183
bb_ipp_adaptive,gt,3892,324.25,0.5771622873038997
bb_ipp_adaptive,gt,3893,324.33333333333337,0.5772237603850646
bb_ipp_adaptive,gt,3894,324.41666666666663,0.5773043019587252
bb_ipp_adaptive,gt,3895,324.5,0.577368643033053
bb_ipp_adaptive,gt,3896,324.58333333333337,0.577417306536651
bb_ipp_adaptive,gt,3897,324.66666666666663,0.5774625026331528
bb_ipp_adaptive,gt,3898,324.75,0.5775108704192758
bb_ipp_adaptive,gt,3899,324.83333333333337,0.5775445689611736
bb_ipp_adaptive,gt,3900,324.91666666666663,0.5775192776847845
bb_ipp_adaptive,gt,3901,325.0,0.5774746523483083
bb_ipp_adaptive,gt,3902,325.08333333333337,0.5775045164757137
bb_ipp_adaptive,gt,3903,325.16666666666663,0.5775737033737935
bb_ipp_adaptive,gt,3904,325.25,0.5775922209537767
bb_ipp_adaptive,gt,3905,325.33333333333337,0.5775380652003177
bb_ipp_adaptive,gt,3906,325.41666666666663,0.5775418126954327
bb_ipp_adaptive,gt,3907,325.5,0.5775930568306329
bb_ipp_adaptive,gt,3908,325.58333333333337,0.5776143194532278
bb_ipp_adaptive,gt,3909,325.66666666666663,0.577564684814616
bb_ipp_adaptive,gt,3910,325.75,0.5775319733371665
bb_ipp_adaptive,gt,3911,325.83333333333337,0.5775497434517445
bb_ipp_adaptive,gt,3912,325.91666666666663,0.5775798684299966
bb_ipp_adaptive,gt,3913,326.0,0.5775901560539747
bb_ipp_adaptive,gt,3914,326.08333333333337,0.5775725430875034
bb_ipp_adaptive,gt,3915,326.16666666666663,0.5775289718412624
bb_ipp_adaptive,gt,3916,326.25,0.5774886746413906
bb_ipp_adaptive,gt,3917,326.33333333333337,0.5774684245837178
bb_ipp_adaptive,gt,3918,326.41666666666663,0.5774619372679219
bb_ipp_adaptive,gt,3919,326.5,0.5774555358298944
bb_ipp_adaptive,gt,3920,326.58333333333337,0.577380749233524
bb_ipp_adaptive,gt,3921,326.66666666666663,0.577249635558067
bb_ipp_adaptive,gt,3922,326.75,0.5771019862753347
bb_ipp_adaptive,gt,3923,326.83333333333337,0.5769427527727382
bb_ipp_adaptive,gt,3924,326.91666666666663,0.5767826621438229
bb_ipp_adaptive,gt,3925,327.0,0.5766331399850656
bb_ipp_adaptive,gt,3926,327.08333333333337,0.5764916291214323
bb_ipp_adaptive,gt,3927,327.16666666666663,0.5763630813502122
bb_ipp_adaptive,gt,3928,327.25,0.576251889042665
bb_ipp_adaptive,gt,3929,327.33333333333337,0.5761551670292505
bb_ipp_adaptive,gt,3930,327.41666666666663,0.5760819578443598
bb_ipp_adaptive,gt,3931,327.5,0.5760374643461115
bb_ipp_adaptive,gt,3932,327.58333333333337,0.576007062284384
bb_ipp_adaptive,gt,3933,327.66666666666663,0.5759858266912257
bb_ipp_adaptive,gt,3934,327.75,0.5759965427949106
bb_ipp_adaptive,gt,3935,327.83333333333337,0.5760454337187935
bb_ipp_adaptive,gt,3936,327.91666666666663,0.5761248309159503
bb_ipp_adaptive,gt,3937,328.0,0.5762209698512448
bb_ipp_adaptive,gt,3938,328.08333333333337,0.5763212406772024
bb_ipp_adaptive,gt,3939,328.16666666666663,0.5764473891568895
bb_ipp_adaptive,gt,3940,328.25,0.5766115900484847
bb_ipp_adaptive,gt,3941,328.33333333333337,0.5767719949361788
bb_ipp_adaptive,gt,3942,328.41666666666663,0.5768648022375804
bb_ipp_adaptive,gt,3943,328.5,0.5769682948080561
bb_ipp_adaptive,gt,3944,328.58333333333337,0.5771578622107859
bb_ipp_adaptive,gt,3945,328.66666666666663,0.5773869299504952
bb_ipp_adaptive,gt,3946,328.75,0.5776045312877607
bb_ipp_adaptive,gt,3947,328.83333333333337,0.5777974103842545
bb_ipp_adaptive,gt,3948,328.91666666666663,0.5779484911171398
bb_ipp_adaptive,gt,3949,329.0,0.5780612347096377
bb_ipp_adaptive,gt,3950,329.08333333333337,0.578206443861844
bb_ipp_adaptive,gt,3951,329.16666666666663,0.5784038077432951
bb_ipp_adaptive,gt,3952,329.25,0.5786165900427708
bb_ipp_adaptive,gt,3953,329.33333333333337,0.5788023635512859
bb_ipp_adaptive,gt,3954,329.41666666666663,0.5789534374242187
bb_ipp_adaptive,gt,3955,329.5,0.5790998678858265
bb_ipp_adaptive,gt,3956,329.58333333333337,0.5792572108408209
bb_ipp_adaptive,gt,3957,329.66666666666663,0.5794025449706021
bb_ipp_adaptive,gt,3958,329.75,0.5795048349980677
bb_ipp_adaptive,gt,3959,329.83333333333337,0.5795749138384255
bb_ipp_adaptive,gt,3960,329.91666666666663,0.5796682362990269
bb_ipp_adaptive,gt,3961,330.0,0.5797901742279526
bb_ipp_adaptive,gt,3962,330.08333333333337,0.5799049882529157
bb_ipp_adaptive,gt,3963,330.16666666666663,0.580006750516176
bb_ipp_adaptive,gt,3964,330.25,0.5800985640910611
bb_ipp_adaptive,gt,3965,330.33333333333337,0.5801511161938915
bb_ipp_adaptive,gt,3966,330.41666666666663,0.5801765483956973
bb_ipp_adaptive,gt,3967,330.5,0.580238587673177
bb_ipp_adaptive,gt,3968,330.58333333333337,0.5803373089612872
bb_ipp_adaptive,gt,3969,330.66666666666663,0.5804341417535792
bb_ipp_adaptive,gt,3970,330.75,0.5805001555231082
bb_ipp_adaptive,gt,3971,330.83333333333337,0.5805483832532831
bb_ipp_adaptive,gt,3972,330.91666666666663,0.5806079895680775
bb_ipp_adaptive,gt,3973,331.0,0.5806790833797325
bb_ipp_adaptive,gt,3974,331.08333333333337,0.5807341025446743
bb_ipp_adaptive,gt,3975,331.16666666666663,0.5807582028029852
bb_ipp_adaptive,gt,3976,331.25,0.5807732080212904
bb_ipp_adaptive,gt,3977,331.33333333333337,0.5807954328964343
bb_ipp_adaptive,gt,3978,331.41666666666663,0.5808011421427424
bb_ipp_adaptive,gt,3979,331.5,0.5807509205582129
bb_ipp_adaptive,gt,3980,331.58333333333337,0.5806916132350627
bb_ipp_adaptive,gt,3981,331.66666666666663,0.5806713346265093
bb_ipp_adaptive,gt,3982,331.75,0.5806681032034617
bb_ipp_adaptive,gt,3983,331.83333333333337,0.5806494539450542
bb_ipp_adaptive,gt,3984,331.91666666666663,0.5805966219127763
bb_ipp_adaptive,gt,3985,332.0,0.5804918672828148
bb_ipp_adaptive,gt,3986,332.08333333333337,0.5803878777211661
bb_ipp_adaptive,gt,3987,332.16666666666663,0.5803442735163369
bb_ipp_adaptive,gt,3988,332.25,0.5803414825525918
bb_ipp_adaptive,gt,3989,332.33333333333337,0.5803465132896459
bb_ipp_adaptive,gt,3990,332.41666666666663,0.5803318266753633
bb_ipp_adaptive,gt,3991,332.5,0.5802623732127249
bb_ipp_adaptive,gt,3992,332.58333333333337,0.5801894054770569
bb_ipp_adaptive,gt,3993,332.66666666666663,0.580196314691788
bb_ipp_adaptive,gt,3994,332.75,0.58025814793477
bb_ipp_adaptive,gt,3995,332.83333333333337,0.5803212684588299
bb_ipp_adaptive,gt,3996,332.91666666666663,0.5803548562213623
bb_ipp_adaptive,gt,3997,333.0,0.5803609544240564
bb_ipp_adaptive,gt,3998,333.08333333333337,0.5803623714664748
bb_ipp_adaptive,gt,3999,333.16666666666663,0.5803660843570021
bb_ipp_adaptive,gt,4000,333.25,0.5803462935328844
bb_ipp_adaptive,gt,4001,333.33333333333337,0.5802883521820593
bb_ipp_adaptive,gt,4002,333.41666666666663,0.5802424680275892
bb_ipp_adaptive,gt,4003,333.5,0.5802290726450479
bb_ipp_adaptive,gt,4004,333.58333333333337,0.580214888311788
bb_ipp_adaptive,gt,4005,333.66666666666663,0.5801740335706379
bb_ipp_adaptive,gt,4006,333.75,0.5801278715464542
bb_ipp_adaptive,gt,4007,333.83333333333337,0.580091823093122
bb_ipp_adaptive,gt,4008,333.91666666666663,0.580054830620856
bb_ipp_adaptive,gt,4009,334.0,0.5799985023545652
bb_ipp_adaptive,gt,4010,334.08333333333337,0.5799036021674657
bb_ipp_adaptive,gt,4011,334.16666666666663,0.5797928705343944
bb_ipp_adaptive,gt,4012,334.25,0.5797324924330411
bb_ipp_adaptive,gt,4013,334.33333333333337,0.5797238472301925
bb_ipp_adaptive,gt,4014,334.41666666666663,0.5797423339484697
bb_ipp_adaptive,gt,4015,334.5,0.5797469816374158
bb_ipp_adaptive,gt,4016,334.58333333333337,0.5796535538166699
bb_ipp_adaptive,gt,4017,334.66666666666663,0.5794981774257184
bb_ipp_adaptive,gt,4018,334.75,0.5793260745871542
bb_ipp_adaptive,gt,4019,334.83333333333337,0.5791558803005808
bb_ipp_adaptive,gt,4020,334.91666666666663,0.5789985818891307
bb_ipp_adaptive,gt,4021,335.0,0.5788494856690628
bb_ipp_adaptive,gt,4022,335.08333333333337,0.5787114967858872
bb_ipp_adaptive,gt,4023,335.16666666666663,0.5785993908594023
bb_ipp_adaptive,gt,4024,335.25,0.5785118456874617
bb_ipp_adaptive,gt,4025,335.33333333333337,0.5784415382686355
bb_ipp_adaptive,gt,4026,335.41666666666663,0.5783843220005466
bb_ipp_adaptive,gt,4027,335.5,0.5783234164596525
bb_ipp_adaptive,gt,4028,335.58333333333337,0.5782504839241589
bb_ipp_adaptive,gt,4029,335.66666666666663,0.5782073509156546
bb_ipp_adaptive,gt,4030,335.75,0.5782072700180437
bb_ipp_adaptive,gt,4031,335.83333333333337,0.5782309036093916
bb_ipp_adaptive,gt,4032,335.91666666666663,0.5782545367771312
bb_ipp_adaptive,gt,4033,336.0,0.5782616291168522
bb_ipp_adaptive,gt,4034,336.08333333333337,0.5782492701257749
bb_ipp_adaptive,gt,4035,336.16666666666663,0.5782345392107081
bb_ipp_adaptive,gt,4036,336.25,0.5782225821034711
bb_ipp_adaptive,gt,4037,336.33333333333337,0.5782005575415354
bb_ipp_adaptive,gt,4038,336.41666666666663,0.5781607676807172
bb_ipp_adaptive,gt,4039,336.5,0.578084328353357
bb_ipp_adaptive,gt,4040,336.58333333333337,0.577933658152561
bb_ipp_adaptive,gt,4041,336.66666666666663,0.5777853772267728
bb_ipp_adaptive,gt,4042,336.75,0.5777122184960036
bb_ipp_adaptive,gt,4043,336.83333333333337,0.5776782094271053
bb_ipp_adaptive,gt,4044,336.91666666666663,0.577610856726028
bb_ipp_adaptive,gt,4045,337.0,0.5774981769290402
bb_ipp_adaptive,gt,4046,337.08333333333337,0.5774504782040538
bb_ipp_adaptive,gt,4047,337.16666666666663,0.5774610665686392
bb_ipp_adaptive,gt,4048,337.25,0.5774821045951187
bb_ipp_adaptive,gt,4049,337.33333333333337,0.57749979391032
bb_ipp_adaptive,gt,4050,337.41666666666663,0.577527315186542
bb_ipp_adaptive,gt,4051,337.5,0.5775628762275888
bb_ipp_adaptive,gt,4052,337.58333333333337,0.5776110215763851
bb_ipp_adaptive,gt,4053,337.66666666666663,0.5776829748139971
bb_ipp_adaptive,gt,4054,337.75,0.5777801132827953
bb_ipp_adaptive,gt,4055,337.83333333333337,0.5779027223010158
bb_ipp_adaptive,gt,4056,337.91666666666663,0.5780255804505895
bb_ipp_adaptive,gt,4057,338.0,0.5781007560613669
bb_ipp_adaptive,gt,4058,338.08333333333337,0.5781787117052244
bb_ipp_adaptive,gt,4059,338.16666666666663,0.5783242844757992
bb_ipp_adaptive,gt,4060,338.25,0.5784994773109957
bb_ipp_adaptive,gt,4061,338.33333333333337,0.5786316156959921
bb_ipp_adaptive,gt,4062,338.41666666666663,0.5787265891658506
bb_ipp_adaptive,gt,4063,338.5,0.5788549548831592
bb_ipp_adaptive,gt,4064,338.58333333333337,0.5790047942862179
bb_ipp_adaptive,gt,4065,338.66666666666663,0.5791343255790886
bb_ipp_adaptive,gt,4066,338.75,0.5792395558549318
bb_ipp_adaptive,gt,4067,338.83333333333337,0.5793525616190326
bb_ipp_adaptive,gt,4068,338.91666666666663,0.5794780054843308
bb_ipp_adaptive,gt,4069,339.0,0.5795934919301726
bb_ipp_adaptive,gt,4070,339.08333333333337,0.5796597984833932
bb_ipp_adaptive,gt,4071,339.16666666666663,0.5796472832744797
bb_ipp_adaptive,gt,4072,339.25,0.5796813963359094
bb_ipp_adaptive,gt,4073,339.33333333333337,0.5798052052507947
bb_ipp_adaptive,gt,4074,339.41666666666663,0.5799608581499047
bb_ipp_adaptive,gt,4075,339.5,0.5800957206818242
bb_ipp_adaptive,gt,4076,339.58333333333337,0.5801761529298071
bb_ipp_adaptive,gt,4077,339.66666666666663,0.5801687470449499
bb_ipp_adaptive,gt,4078,339.75,0.5801587871498242
bb_ipp_adaptive,gt,4079,339.83333333333337,0.5802352521558974
bb_ipp_adaptive,gt,4080,339.91666666666663,0.5803655812286177
bb_ipp_adaptive,gt,4081,340.0,0.580491430684462
bb_ipp_adaptive,gt,4082,340.08333333333337,0.5805758171123274
bb_ipp_adaptive,gt,4083,340.16666666666663,0.5806227057072164
bb_ipp_adaptive,gt,4084,340.25,0.5806693107832573
bb_ipp_adaptive,gt,4085,340.33333333333337,0.5807229247401899
bb_ipp_adaptive,gt,4086,340.41666666666663,0.5807427093587408
bb_ipp_adaptive,gt,4087,340.5,0.5807198119347898
bb_ipp_adaptive,gt,4088,340.58333333333337,0.5807216865451951
bb_ipp_adaptive,gt,4089,340.66666666666663,0.580763018354686
bb_ipp_adaptive,gt,4090,340.75,0.5807955582772505
bb_ipp_adaptive,gt,4091,340.83333333333337,0.5807950162021154
bb_ipp_adaptive,gt,4092,340.91666666666663,0.5807934944389447
bb_ipp_adaptive,gt,4093,341.0,0.5808063989407156
bb_ipp_adaptive,gt,4094,341.08333333333337,0.5808120195569412
bb_ipp_adaptive,gt,4095,341.16666666666663,0.5807757794543872
bb_ipp_adaptive,gt,4096,341.25,0.5806648471578293
bb_ipp_adaptive,gt,4097,341.33333333333337,0.5805500305652962
bb_ipp_adaptive,gt,4098,341.41666666666663,0.5805083696044716
bb_ipp_adaptive,gt,4099,341.5,0.5805131150278858
bb_ipp_adaptive,gt,4100,341.58333333333337,0.5805202288530572
bb_ipp_adaptive,gt,4101,341.66666666666663,0.5804945174949888
bb_ipp_adaptive,gt,4102,341.75,0.5804120393928335
bb_ipp_adaptive,gt,4103,341.83333333333337,0.5802941728913444
bb_ipp_adaptive,gt,4104,341.91666666666663,0.5801823327803233
bb_ipp_adaptive,gt,4105,342.0,0.5800797887735101
bb_ipp_adaptive,gt,4106,342.08333333333337,0.5799687406321088
bb_ipp_adaptive,gt,4107,342.16666666666663,0.5798283893729027
bb_ipp_adaptive,gt,4108,342.25,0.579648532120212
bb_ipp_adaptive,gt,4109,342.33333333333337,0.5794755921913655
bb_ipp_adaptive,gt,4110,342.41666666666663,0.5793513394478986
bb_ipp_adaptive,gt,4111,342.5,0.5792644353481596
bb_ipp_adaptive,gt,4112,342.58333333333337,0.5791906012238202
bb_ipp_adaptive,gt,4113,342.66666666666663,0.5791165079119479
bb_ipp_adaptive,gt,4114,342.75,0.5790355360439438
bb_ipp_adaptive,gt,4115,342.83333333333337,0.578964564011506
bb_ipp_adaptive,gt,4116,342.91666666666663,0.5789269181748379
bb_ipp_adaptive,gt,4117,343.0,0.5789123385408531
bb_ipp_adaptive,gt,4118,343.08333333333337,0.5789006376143705
bb_ipp_adaptive,gt,4119,343.16666666666663,0.5788978649946359
bb_ipp_adaptive,gt,4120,343.25,0.5789196239800884
bb_ipp_adaptive,gt,4121,343.33333333333337,0.5789707852525837
bb_ipp_adaptive,gt,4122,343.41666666666663,0.5790312752895079
bb_ipp_adaptive,gt,4123,343.5,0.579065520596793
bb_ipp_adaptive,gt,4124,343.58333333333337,0.5790576492579803
bb_ipp_adaptive,gt,4125,343.66666666666663,0.5790757673291063
bb_ipp_adaptive,gt,4126,343.75,0.5791389924796362
bb_ipp_adaptive,gt,4127,343.83333333333337,0.5792188840346822
bb_ipp_adaptive,gt,4128,343.91666666666663,0.5792882969575821
bb_ipp_adaptive,gt,4129,344.0,0.5793241145824761
bb_ipp_adaptive,gt,4130,344.08333333333337,0.5793267834893704
bb_ipp_adaptive,gt,4131,344.16666666666663,0.579349904217182
bb_ipp_adaptive,gt,4132,344.25,0.5794086546022492
bb_ipp_adaptive,gt,4133,344.33333333333337,0.5794604815973925
bb_ipp_adaptive,gt,4134,344.41666666666663,0.5794760009514048
bb_ipp_adaptive,gt,4135,344.5,0.5795070883399875
bb_ipp_adaptive,gt,4136,344.58333333333337,0.5795760091606722
bb_ipp_adaptive,gt,4137,344.66666666666663,0.5796545920922931
bb_ipp_adaptive,gt,4138,344.75,0.5797206248811377
bb_ipp_adaptive,gt,4139,344.83333333333337,0.5797731451501106
bb_ipp_adaptive,gt,4140,344.91666666666663,0.5798149190127381
bb_ipp_adaptive,gt,4141,345.0,0.5798623229848664
bb_ipp_adaptive,gt,4142,345.08333333333337,0.5799189755749404
bb_ipp_adaptive,gt,4143,345.16666666666663,0.5799818055221972
bb_ipp_adaptive,gt,4144,345.25,0.5800553451388293
bb_ipp_adaptive,gt,4145,345.33333333333337,0.5801218818363797
bb_ipp_adaptive,gt,4146,345.41666666666663,0.5801295241483037
bb_ipp_adaptive,gt,4147,345.5,0.5801390355391585
bb_ipp_adaptive,gt,4148,345.58333333333337,0.5802068337316607
bb_ipp_adaptive,gt,4149,345.66666666666663,0.5802886513531492
bb_ipp_adaptive,gt,4150,345.75,0.5803161651092077
bb_ipp_adaptive,gt,4151,345.83333333333337,0.5802934059442151
bb_ipp_adaptive,gt,4152,345.91666666666663,0.5803137968240579
bb_ipp_adaptive,gt,4153,346.0,0.5803642939239251
bb_ipp_adaptive,gt,4154,346.08333333333337,0.5803961676813097
bb_ipp_adaptive,gt,4155,346.16666666666663,0.5804006866036877
bb_ipp_adaptive,gt,4156,346.25,0.5804212404563913
bb_ipp_adaptive,gt,4157,346.33333333333337,0.5804675606412517
bb_ipp_adaptive,gt,4158,346.41666666666663,0.5805155288376155
bb_ipp_adaptive,gt,4159,346.5,0.5805431503569575
bb_ipp_adaptive,gt,4160,346.58333333333337,0.5805301614518026
bb_ipp_adaptive,gt,4161,346.66666666666663,0.5805038394106243
bb_ipp_adaptive,gt,4162,346.75,0.5805106592598258
bb_ipp_adaptive,gt,4163,346.83333333333337,0.5805348107181609
bb_ipp_adaptive,gt,4164,346.91666666666663,0.5805522971989967
bb_ipp_adaptive,gt,4165,347.0,0.5805567185687963
bb_ipp_adaptive,gt,4166,347.08333333333337,0.5805268917622752
bb_ipp_adaptive,gt,4167,347.16666666666663,0.5804473847469723
bb_ipp_adaptive,gt,4168,347.25,0.580389037634224
bb_ipp_adaptive,gt,4169,347.33333333333337,0.580369362606016
bb_ipp_adaptive,gt,4170,347.41666666666663,0.5803592362357509
bb_ipp_adaptive,gt,4171,347.5,0.580331246435206
bb_ipp_adaptive,gt,4172,347.58333333333337,0.5802854479018708
bb_ipp_adaptive,gt,4173,347.66666666666663,0.5802432727445367
bb_ipp_adaptive,gt,4174,347.75,0.5802132266238684
bb_ipp_adaptive,gt,4175,347.83333333333337,0.5801781645141743
bb_ipp_adaptive,gt,4176,347.91666666666663,0.5801209910392419
bb_ipp_adaptive,gt,4177,348.0,0.580060750814792
bb_ipp_adaptive,gt,4178,348.08333333333337,0.5800184494874461
bb_ipp_adaptive,gt,4179,348.16666666666663,0.5799794064383131
bb_ipp_adaptive,gt,4180,348.25,0.5799233766131799
bb_ipp_adaptive,gt,4181,348.33333333333337,0.5798529912958735
bb_ipp_adaptive,gt,4182,348.41666666666663,0.5797848471607469
bb_ipp_adaptive,gt,4183,348.5,0.5797218936189008
bb_ipp_adaptive,gt,4184,348.58333333333337,0.5796454937082048
bb_ipp_adaptive,gt,4185,348.66666666666663,0.5795205144769963
bb_ipp_adaptive,gt,4186,348.75,0.5794009359816175
bb_ipp_adaptive,gt,4187,348.83333333333337,0.5793427965878324
bb_ipp_adaptive,gt,4188,348.91666666666663,0.5793224544327317
bb_ipp_adaptive,gt,4189,349.0,0.5793063915469954
bb_ipp_adaptive,gt,4190,349.08333333333337,0.5792717861128132
bb_ipp_adaptive,gt,4191,349.16666666666663,0.5792144247131088
bb_ipp_adaptive,gt,4192,349.25,0.5791389259101095
bb_ipp_adaptive,gt,4193,349.33333333333337,0.579031305781769
bb_ipp_adaptive,gt,4194,349.41666666666663,0.5789003615302115
bb_ipp_adaptive,gt,4195,349.5,0.578756110453269
bb_ipp_adaptive,gt,4196,349.58333333333337,0.5785993806711953
bb_ipp_adaptive,gt,4197,349.66666666666663,0.5784281848975539
bb_ipp_adaptive,gt,4198,349.75,0.5782875528697846
bb_ipp_adaptive,gt,4199,349.83333333333337,0.5781957241550781
bb_ipp_adaptive,gt,4200,349.91666666666663,0.5781319429180296
bb_ipp_adaptive,gt,4201,350.0,0.5780766612386455
bb_ipp_adaptive,gt,4202,350.08333333333337,0.5780239599357763
bb_ipp_adaptive,gt,4203,350.16666666666663,0.5779733279335412
bb_ipp_adaptive,gt,4204,350.25,0.5779395061753073
bb_ipp_adaptive,gt,4205,350.33333333333337,0.5779284540960484
bb_ipp_adaptive,gt,4206,350.41666666666663,0.5779144853642612
bb_ipp_adaptive,gt,4207,350.5,0.5778926674674242
bb_ipp_adaptive,gt,4208,350.58333333333337,0.5778915374224073
bb_ipp_adaptive,gt,4209,350.66666666666663,0.5779129671058635
bb_ipp_adaptive,gt,4210,350.75,0.5779388048947848
bb_ipp_adaptive,gt,4211,350.83333333333337,0.5779484275228445
bb_ipp_adaptive,gt,4212,350.91666666666663,0.5779170003616299
bb_ipp_adaptive,gt,4213,351.0,0.5778694582996023
bb_ipp_adaptive,gt,4214,351.08333333333337,0.5778466050027676
bb_ipp_adaptive,gt,4215,351.16666666666663,0.5778227516471399
bb_ipp_adaptive,gt,4216,351.25,0.5777600093717874
bb_ipp_adaptive,gt,4217,351.33333333333337,0.5776809316143409
bb_ipp_adaptive,gt,4218,351.41666666666663,0.5776379473062533
bb_ipp_adaptive,gt,4219,351.5,0.5776271524405978
bb_ipp_adaptive,gt,4220,351.58333333333337,0.5775992603773993
bb_ipp_adaptive,gt,4221,351.66666666666663,0.5775161334005843
bb_ipp_adaptive,gt,4222,351.75,0.5774438893810533
bb_ipp_adaptive,gt,4223,351.83333333333337,0.577437684664658
bb_ipp_adaptive,gt,4224,351.91666666666663,0.5774681750973614
bb_ipp_adaptive,gt,4225,352.0,0.5774929051823681
bb_ipp_adaptive,gt,4226,352.08333333333337,0.5775036740287771
bb_ipp_adaptive,gt,4227,352.16666666666663,0.5774924045620374
bb_ipp_adaptive,gt,4228,352.25,0.5774550191974303
bb_ipp_adaptive,gt,4229,352.33333333333337,0.5774356534480406
bb_ipp_adaptive,gt,4230,352.41666666666663,0.5774677856374344
bb_ipp_adaptive,gt,4231,352.5,0.5775371379978496
bb_ipp_adaptive,gt,4232,352.58333333333337,0.5776118177936381
bb_ipp_adaptive,gt,4233,352.66666666666663,0.5776669501651149
bb_ipp_adaptive,gt,4234,352.75,0.5777142165142464
bb_ipp_adaptive,gt,4235,352.83333333333337,0.577775412485202
bb_ipp_adaptive,gt,4236,352.91666666666663,0.577841818863259
bb_ipp_adaptive,gt,4237,353.0,0.5778907505054669
bb_ipp_adaptive,gt,4238,353.08333333333337,0.5779158096077662
bb_ipp_adaptive,gt,4239,353.16666666666663,0.577933081630686
bb_ipp_adaptive,gt,4240,353.25,0.5779520909529363
bb_ipp_adaptive,gt,4241,353.33333333333337,0.5779556351399339
bb_ipp_adaptive,gt,4242,353.41666666666663,0.5779053157259282
bb_ipp_adaptive,gt,4243,353.5,0.5778551674029924
bb_ipp_adaptive,gt,4244,353.58333333333337,0.5778663481728236
bb_ipp_adaptive,gt,4245,353.66666666666663,0.5779129339494921
bb_ipp_adaptive,gt,4246,353.75,0.5779579730171361
bb_ipp_adaptive,gt,4247,353.83333333333337,0.5779821317548299
bb_ipp_adaptive,gt,4248,353.91666666666663,0.5779618282686433
bb_ipp_adaptive,gt,4249,354.0,0.5779293703866258
bb_ipp_adaptive,gt,4250,354.08333333333337,0.5779606826887221
bb_ipp_adaptive,gt,4251,354.16666666666663,0.5780385971201136
bb_ipp_adaptive,gt,4252,354.25,0.5781233968638739
bb_ipp_adaptive,gt,4253,354.33333333333337,0.5781803798272128
bb_ipp_adaptive,gt,4254,354.41666666666663,0.5781914779336508
bb_ipp_adaptive,gt,4255,354.5,0.5781932698014164
bb_ipp_adaptive,gt,4256,354.58333333333337,0.5782360501821044
bb_ipp_adaptive,gt,4257,354.66666666666663,0.5783001007584526
bb_ipp_adaptive,gt,4258,354.75,0.5783219521914938
bb_ipp_adaptive,gt,4259,354.83333333333337,0.5783204582125561
bb_ipp_adaptive,gt,4260,354.91666666666663,0.5783665682546401
bb_ipp_adaptive,gt,4261,355.0,0.5784306771664052
bb_ipp_adaptive,gt,4262,355.08333333333337,0.5784451113598018
bb_ipp_adaptive,gt,4263,355.16666666666663,0.5783844933324227
bb_ipp_adaptive,gt,4264,355.25,0.5783501537163636
bb_ipp_adaptive,gt,4265,355.33333333333337,0.578360859523757
bb_ipp_adaptive,gt,4266,355.41666666666663,0.5783608084967855
bb_ipp_adaptive,gt,4267,355.5,0.5783206399715202
bb_ipp_adaptive,gt,4268,355.58333333333337,0.5782844061722069
bb_ipp_adaptive,gt,4269,355.66666666666663,0.5782746666738762
bb_ipp_adaptive,gt,4270,355.75,0.5782669955248986
bb_ipp_adaptive,gt,4271,355.83333333333337,0.578229837354395
bb_ipp_adaptive,gt,4272,355.91666666666663,0.5781465571816186
bb_ipp_adaptive,gt,4273,356.0,0.5780505422608755
bb_ipp_adaptive,gt,4274,356.08333333333337,0.5779909318181571
bb_ipp_adaptive,gt,4275,356.16666666666663,0.5779330917364776
bb_ipp_adaptive,gt,4276,356.25,0.5778034313679977
bb_ipp_adaptive,gt,4277,356.33333333333337,0.5776448684954114
bb_ipp_adaptive,gt,4278,356.41666666666663,0.5775074952469577
bb_ipp_adaptive,gt,4279,356.5,0.5773859663738179
bb_ipp_adaptive,gt,4280,356.58333333333337,0.5772669415040015
bb_ipp_adaptive,gt,4281,356.66666666666663,0.5771412006519181
bb_ipp_adaptive,gt,4282,356.75,0.5769901422259035
bb_ipp_adaptive,gt,4283,356.83333333333337,0.5768530434902536
bb_ipp_adaptive,gt,4284,356.91666666666663,0.576776057276527
bb_ipp_adaptive,gt,4285,357.0,0.5767399194723224
bb_ipp_adaptive,gt,4286,357.08333333333337,0.576715634028654
bb_ipp_adaptive,gt,4287,357.16666666666663,0.5766876076160452
bb_ipp_adaptive,gt,4288,357.25,0.5766517347601946
bb_ipp_adaptive,gt,4289,357.33333333333337,0.5766283104348077
bb_ipp_adaptive,gt,4290,357.41666666666663,0.5766443690717643
bb_ipp_adaptive,gt,4291,357.5,0.5766786578426792
bb_ipp_adaptive,gt,4292,357.58333333333337,0.5766975651257475
bb_ipp_adaptive,gt,4293,357.66666666666663,0.5767153383790455
bb_ipp_adaptive,gt,4294,357.75,0.5767341368257339
bb_ipp_adaptive,gt,4295,357.83333333333337,0.5767343426685774
bb_ipp_adaptive,gt,4296,357.91666666666663,0.576713445718678
bb_ipp_adaptive,gt,4297,358.0,0.576682460599879
bb_ipp_adaptive,gt,4298,358.08333333333337,0.5766492494167162
bb_ipp_adaptive,gt,4299,358.16666666666663,0.576608235340947
bb_ipp_adaptive,gt,4300,358.25,0.5765410672549562
bb_ipp_adaptive,gt,4301,358.33333333333337,0.5764522887376596
bb_ipp_adaptive,gt,4302,358.41666666666663,0.5763776272861538
bb_ipp_adaptive,gt,4303,358.5,0.5763273131915396
bb_ipp_adaptive,gt,4304,358.58333333333337,0.5762796859563558
bb_ipp_adaptive,gt,4305,358.66666666666663,0.5762155822296453
bb_ipp_adaptive,gt,4306,358.75,0.576137244113951
bb_ipp_adaptive,gt,4307,358.83333333333337,0.5760690757154179
bb_ipp_adaptive,gt,4308,358.91666666666663,0.5760302841480982
bb_ipp_adaptive,gt,4309,359.0,0.5760108070527242
bb_ipp_adaptive,gt,4310,359.08333333333337,0.5760051018902151
bb_ipp_adaptive,gt,4311,359.16666666666663,0.5760150781252966
bb_ipp_adaptive,gt,4312,359.25,0.576006686908555
bb_ipp_adaptive,gt,4313,359.33333333333337,0.575951604508617
bb_ipp_adaptive,gt,4314,359.41666666666663,0.575947534847678
bb_ipp_adaptive,gt,4315,359.5,0.5760298943308177
bb_ipp_adaptive,gt,4316,359.58333333333337,0.5761440001092195
bb_ipp_adaptive,gt,4317,359.66666666666663,0.5762228144616404
bb_ipp_adaptive,gt,4318,359.75,0.576266317866888
bb_ipp_adaptive,gt,4319,359.83333333333337,0.5763393890815686
bb_ipp_adaptive,gt,4320,359.91666666666663,0.5764448780889511
bb_ipp_adaptive,gt,4321,360.0,0.576524228067725
bb_ipp_adaptive,target_error,1,0.0,0.16514549551861527
bb_ipp_adaptive,target_error,2,0.08333333333337123,0.16519476808878525
bb_ipp_adaptive,target_error,3,0.16666666666662877,0.16521534507895477
bb_ipp_adaptive,target_error,4,0.25,0.1652318716470378
bb_ipp_adaptive,target_error,5,0.33333333333337123,0.16524192319204692
bb_ipp_adaptive,target_error,6,0.41666666666662877,0.16525132643808238
bb_ipp_adaptive,target_error,7,0.5,0.1652651734726376
bb_ipp_adaptive,target_error,8,0.5833333333333712,0.1652752213663472
bb_ipp_adaptive,target_error,9,0.6666666666666288,0.1652826902093634
bb_ipp_adaptive,target_error,10,0.75,0.16529470208031918
bb_ipp_adaptive,target_error,11,0.8333333333333712,0.16530815765669996
bb_ipp_adaptive,target_error,12,0.9166666666666288,0.16531618279291788
bb_ipp_adaptive,target_error,13,1.0,0.16533238801523983
bb_ipp_adaptive,target_error,14,1.0833333333333712,0.16534800880267816
bb_ipp_adaptive,target_error,15,1.1666666666666288,0.1653548901447924
bb_ipp_adaptive,target_error,16,1.25,0.16536673172488517
bb_ipp_adaptive,target_error,17,1.3333333333333712,0.1653794987897091
bb_ipp_adaptive,target_error,18,1.4166666666666288,0.1653996578067009
bb_ipp_adaptive,target_error,19,1.5,0.16541530214319178
bb_ipp_adaptive,target_error,20,1.5833333333333712,0.1654233481580848
bb_ipp_adaptive,target_error,21,1.6666666666666288,0.1654306468153488
bb_ipp_adaptive,target_error,22,1.75,0.16544317603332595
bb_ipp_adaptive,target_error,23,1.8333333333333712,0.16545773528250587
bb_ipp_adaptive,target_error,24,1.9166666666666288,0.16548074144621908
bb_ipp_adaptive,target_error,25,2.0,0.16549536666962708
bb_ipp_adaptive,target_error,26,2.0833333333333712,0.16550549727605254
bb_ipp_adaptive,target_error,27,2.1666666666666288,0.1655167469659114
bb_ipp_adaptive,target_error,28,2.25,0.1655313584531083
bb_ipp_adaptive,target_error,29,2.3333333333333712,0.165544894875792
bb_ipp_adaptive,target_error,30,2.4166666666666288,0.16555694298985174
bb_ipp_adaptive,target_error,31,2.5,0.165564716932011
bb_ipp_adaptive,target_error,32,2.5833333333333712,0.16557875658129442
bb_ipp_adaptive,target_error,33,2.6666666666666288,0.16558908851227136
bb_ipp_adaptive,target_error,34,2.75,0.1655981386135323
bb_ipp_adaptive,target_error,35,2.8333333333333712,0.1656087708240517
bb_ipp_adaptive,target_error,36,2.9166666666666288,0.1656242539004032
bb_ipp_adaptive,target_error,37,3.0,0.16562717313464884
bb_ipp_adaptive,target_error,38,3.0833333333333712,0.16561032826513297
bb_ipp_adaptive,target_error,39,3.1666666666666288,0.16563466291203563
bb_ipp_adaptive,target_error,40,3.25,0.1656337918820039
bb_ipp_adaptive,target_error,41,3.3333333333333712,0.1656494663415845
bb_ipp_adaptive,target_error,42,3.4166666666666288,0.1656748603678016
bb_ipp_adaptive,target_error,43,3.5,0.16567010022792913
bb_ipp_adaptive,target_error,44,3.5833333333333712,0.16571048401636645
bb_ipp_adaptive,target_error,45,3.6666666666666288,0.1656796148695706
bb_ipp_adaptive,target_error,46,3.75,0.16565604023682218
bb_ipp_adaptive,target_error,47,3.8333333333333712,0.16559883962319544
bb_ipp_adaptive,target_error,48,3.9166666666666288,0.16560535707994162
bb_ipp_adaptive,target_error,49,4.0,0.1654691108703497
bb_ipp_adaptive,target_error,50,4.083333333333371,0.16550000602558101
bb_ipp_adaptive,target_error,51,4.166666666666629,0.1654730589017806
bb_ipp_adaptive,target_error,52,4.25,0.16553987081224522
bb_ipp_adaptive,target_error,53,4.333333333333371,0.16550550527597938
bb_ipp_adaptive,target_error,54,4.416666666666629,0.16515053422856116
bb_ipp_adaptive,target_error,55,4.5,0.1647651022328162
bb_ipp_adaptive,target_error,56,4.583333333333371,0.1646126999413141
bb_ipp_adaptive,target_error,57,4.666666666666629,0.16378378064401555
bb_ipp_adaptive,target_error,58,4.75,0.16409714705148903
bb_ipp_adaptive,target_error,59,4.833333333333371,0.1636089769576458
bb_ipp_adaptive,target_error,60,4.916666666666629,0.16381715378685527
bb_ipp_adaptive,target_error,61,5.0,0.16376527265772492
bb_ipp_adaptive,target_error,62,5.083333333333371,0.16368368955906337
bb_ipp_adaptive,target_error,63,5.166666666666629,0.16368731692318644
bb_ipp_adaptive,target_error,64,5.25,0.1622761417742082
bb_ipp_adaptive,target_error,65,5.333333333333371,0.1620590393309279
bb_ipp_adaptive,target_error,66,5.416666666666629,0.159084805672669
bb_ipp_adaptive,target_error,67,5.5,0.158331067713448
bb_ipp_adaptive,target_error,68,5.583333333333371,0.15874509242865156
bb_ipp_adaptive,target_error,69,5.666666666666629,0.15756275950076176
bb_ipp_adaptive,target_error,70,5.75,0.15731462351941125
bb_ipp_adaptive,target_error,71,5.833333333333371,0.15718262116688791
bb_ipp_adaptive,target_error,72,5.916666666666629,0.15706721452626196
bb_ipp_adaptive,target_error,73,6.0,0.15704591006573776
bb_ipp_adaptive,target_error,74,6.083333333333371,0.15706822741564155
bb_ipp_adaptive,target_error,75,6.166666666666629,0.15781263074781882
bb_ipp_adaptive,target_error,76,6.25,0.15952206875273892
bb_ipp_adaptive,target_error,77,6.333333333333371,0.16121841843047147
bb_ipp_adaptive,target_error,78,6.416666666666629,0.16331437769185378
bb_ipp_adaptive,target_error,79,6.5,0.16347598117930187
bb_ipp_adaptive,target_error,80,6.583333333333371,0.16210993080819375
bb_ipp_adaptive,target_error,81,6.666666666666629,0.16014973204615598
bb_ipp_adaptive,target_error,82,6.75,0.15670073238866813
bb_ipp_adaptive,target_error,83,6.833333333333371,0.15612371361006022
bb_ipp_adaptive,target_error,84,6.916666666666629,0.15507597551227023
bb_ipp_adaptive,target_error,85,7.0,0.1551255637903935
bb_ipp_adaptive,target_error,86,7.083333333333371,0.15650477225791282
bb_ipp_adaptive,target_error,87,7.166666666666629,0.1553413177517969
bb_ipp_adaptive,target_error,88,7.25,0.15472647735674885
bb_ipp_adaptive,target_error,89,7.333333333333371,0.15534506050477828
bb_ipp_adaptive,target_error,90,7.416666666666629,0.15396982813685595
bb_ipp_adaptive,target_error,91,7.5,0.1537207361687599
bb_ipp_adaptive,target_error,92,7.583333333333371,0.15381786314337398
bb_ipp_adaptive,target_error,93,7.666666666666629,0.1534644416513638
bb_ipp_adaptive,target_error,94,7.75,0.15335407659780279
bb_ipp_adaptive,target_error,95,7.833333333333371,0.1535739083548583
bb_ipp_adaptive,target_error,96,7.916666666666629,0.15369675864582857
bb_ipp_adaptive,target_error,97,8.0,0.1537474946543548
bb_ipp_adaptive,target_error,98,8.083333333333371,0.1537774925211286
bb_ipp_adaptive,target_error,99,8.166666666666629,0.15406884864689135
bb_ipp_adaptive,target_error,100,8.25,0.15435159222664366
bb_ipp_adaptive,target_error,101,8.333333333333371,0.1545846380873754
bb_ipp_adaptive,target_error,102,8.416666666666629,0.15451273991793868
bb_ipp_adaptive,target_error,103,8.5,0.1545994386479829
bb_ipp_adaptive,target_error,104,8.583333333333371,0.1545216773109663
bb_ipp_adaptive,target_error,105,8.666666666666629,0.15499880978294228
bb_ipp_adaptive,target_error,106,8.75,0.1551001304434173
bb_ipp_adaptive,target_error,107,8.833333333333371,0.1552069488493518
bb_ipp_adaptive,target_error,108,8.916666666666629,0.15536228407929076
bb_ipp_adaptive,target_error,109,9.0,0.15574206067428398
bb_ipp_adaptive,target_error,110,9.083333333333371,0.15543746375123382
bb_ipp_adaptive,target_error,111,9.166666666666629,0.15571381119507618
bb_ipp_adaptive,target_error,112,9.25,0.15627355934081505
bb_ipp_adaptive,target_error,113,9.333333333333371,0.1568055543734028
bb_ipp_adaptive,target_error,114,9.416666666666629,0.15694435084386502
bb_ipp_adaptive,target_error,115,9.5,0.15664757250757333
bb_ipp_adaptive,target_error,116,9.583333333333371,0.1569339578718111
bb_ipp_adaptive,target_error,117,9.666666666666629,0.15701312154377306
bb_ipp_adaptive,target_error,118,9.75,0.1571071471018958
bb_ipp_adaptive,target_error,119,9.833333333333371,0.15748958600578572
bb_ipp_adaptive,target_error,120,9.916666666666629,0.1578683046563087
bb_ipp_adaptive,target_error,121,10.0,0.15764560326486227
bb_ipp_adaptive,target_error,122,10.083333333333371,0.15743057399791419
bb_ipp_adaptive,target_error,123,10.166666666666629,0.15716557474809384
bb_ipp_adaptive,target_error,124,10.25,0.15731694144532393
bb_ipp_adaptive,target_error,125,10.333333333333371,0.1567821101664312
bb_ipp_adaptive,target_error,126,10.416666666666629,0.1576331918125766
bb_ipp_adaptive,target_error,127,10.5,0.1580036920831974
bb_ipp_adaptive,target_error,128,10.583333333333371,0.15782140895111704
bb_ipp_adaptive,target_error,129,10.666666666666629,0.15769094415453602
bb_ipp_adaptive,target_error,130,10.75,0.1582487048758143
bb_ipp_adaptive,target_error,131,10.833333333333371,0.15894988604799506
bb_ipp_adaptive,target_error,132,10.916666666666629,0.1585967692049192
bb_ipp_adaptive,target_error,133,11.0,0.15897073218986693
bb_ipp_adaptive,target_error,134,11.083333333333371,0.15958116000124056
bb_ipp_adaptive,target_error,135,11.166666666666629,0.15953620455973122
bb_ipp_adaptive,target_error,136,11.25,0.15980851470475008
bb_ipp_adaptive,target_error,137,11.333333333333371,0.16026158004338545
bb_ipp_adaptive,target_error,138,11.416666666666629,0.16069803585477274
bb_ipp_adaptive,target_error,139,11.5,0.16061105713357268
bb_ipp_adaptive,target_error,140,11.583333333333371,0.16089095625517724
bb_ipp_adaptive,target_error,141,11.666666666666629,0.1605326431774061
bb_ipp_adaptive,target_error,142,11.75,0.15988188666543046
bb_ipp_adaptive,target_error,143,11.833333333333371,0.15965880393868043
bb_ipp_adaptive,target_error,144,11.916666666666629,0.15934950736748396
bb_ipp_adaptive,target_error,145,12.0,0.1584329391198535
bb_ipp_adaptive,target_error,146,12.083333333333371,0.15950486930507995
bb_ipp_adaptive,target_error,147,12.166666666666629,0.15868469033694035
bb_ipp_adaptive,target_error,148,12.25,0.15842430392935639
bb_ipp_adaptive,target_error,149,12.333333333333371,0.1575748413371621
bb_ipp_adaptive,target_error,150,12.416666666666629,0.1566269899382579
bb_ipp_adaptive,target_error,151,12.5,0.15535185448958974
bb_ipp_adaptive,target_error,152,12.583333333333371,0.1568454570600819
bb_ipp_adaptive,target_error,153,12.666666666666629,0.15858767532065365
bb_ipp_adaptive,target_error,154,12.75,0.15798768984047357
bb_ipp_adaptive,target_error,155,12.833333333333371,0.15650202626078993
bb_ipp_adaptive,target_error,156,12.916666666666629,0.15677871354822906
bb_ipp_adaptive,target_error,157,13.0,0.15643692863354486
bb_ipp_adaptive,target_error,158,13.083333333333371,0.15492036771963416
bb_ipp_adaptive,target_error,159,13.166666666666629,0.1550950501552613
bb_ipp_adaptive,target_error,160,13.25,0.15624558061581992
bb_ipp_adaptive,target_error,161,13.333333333333371,0.15497909938659846
bb_ipp_adaptive,target_error,162,13.416666666666629,0.1545741707378683
bb_ipp_adaptive,target_error,163,13.5,0.1538647030792249
bb_ipp_adaptive,target_error,164,13.583333333333371,0.15282225455440718
bb_ipp_adaptive,target_error,165,13.666666666666629,0.1542751374376388
bb_ipp_adaptive,target_error,166,13.75,0.15312548037837495
bb_ipp_adaptive,target_error,167,13.833333333333371,0.15167155096345403
bb_ipp_adaptive,target_error,168,13.916666666666629,0.15030526904284214
bb_ipp_adaptive,target_error,169,14.0,0.14866656985416185
bb_ipp_adaptive,target_error,170,14.083333333333371,0.14803299549575114
bb_ipp_adaptive,target_error,171,14.166666666666629,0.1493112594819098
bb_ipp_adaptive,target_error,172,14.25,0.1481304902492981
bb_ipp_adaptive,target_error,173,14.333333333333371,0.14851262741813398
bb_ipp_adaptive,target_error,174,14.416666666666629,0.14810554003369436
bb_ipp_adaptive,target_error,175,14.5,0.14669307293872166
bb_ipp_adaptive,target_error,176,14.583333333333371,0.14631776395512935
bb_ipp_adaptive,target_error,177,14.666666666666629,0.14572215462213012
bb_ipp_adaptive,target_error,178,14.75,0.14510357921625264
bb_ipp_adaptive,target_error,179,14.833333333333371,0.14457876899349173
bb_ipp_adaptive,target_error,180,14.916666666666629,0.14467892697850077
bb_ipp_adaptive,target_error,181,15.0,0.1446299969090367
bb_ipp_adaptive,target_error,182,15.083333333333371,0.14463879925702647
bb_ipp_adaptive,target_error,183,15.166666666666629,0.1445423863411078
bb_ipp_adaptive,target_error,184,15.25,0.14464183725715302
bb_ipp_adaptive,target_error,185,15.333333333333371,0.14455024226898433
bb_ipp_adaptive,target_error,186,15.416666666666629,0.1448179208053922
bb_ipp_adaptive,target_error,187,15.5,0.14462394361209815
bb_ipp_adaptive,target_error,188,15.583333333333371,0.1445278063645346
bb_ipp_adaptive,target_error,189,15.666666666666629,0.14460388141632174
bb_ipp_adaptive,target_error,190,15.75,0.1446699210235861
bb_ipp_adaptive,target_error,191,15.833333333333371,0.14463035477507186
bb_ipp_adaptive,target_error,192,15.916666666666629,0.14455847019023402
bb_ipp_adaptive,target_error,193,16.0,0.14457374030302533
bb_ipp_adaptive,target_error,194,16.08333333333337,0.1445773697766564
bb_ipp_adaptive,target_error,195,16.16666666666663,0.14457852819193462
bb_ipp_adaptive,target_error,196,16.25,0.14458679444034617
bb_ipp_adaptive,target_error,197,16.33333333333337,0.14460166052367915
bb_ipp_adaptive,target_error,198,16.41666666666663,0.14460772453939758
bb_ipp_adaptive,target_error,199,16.5,0.1446401351062002
bb_ipp_adaptive,target_error,200,16.58333333333337,0.14462622991191076
bb_ipp_adaptive,target_error,201,16.66666666666663,0.14465110590100758
bb_ipp_adaptive,target_error,202,16.75,0.14465004770521372
bb_ipp_adaptive,target_error,203,16.83333333333337,0.1447459302870298
bb_ipp_adaptive,target_error,204,16.91666666666663,0.14494963896548715
bb_ipp_adaptive,target_error,205,17.0,0.14498461851453004
bb_ipp_adaptive,target_error,206,17.08333333333337,0.14503715577434775
bb_ipp_adaptive,target_error,207,17.16666666666663,0.1454123936433263
bb_ipp_adaptive,target_error,208,17.25,0.1452189836659111
bb_ipp_adaptive,target_error,209,17.33333333333337,0.1452336013065694
bb_ipp_adaptive,target_error,210,17.41666666666663,0.14535979348956096
bb_ipp_adaptive,target_error,211,17.5,0.14527876419906594
bb_ipp_adaptive,target_error,212,17.58333333333337,0.14534990773215417
bb_ipp_adaptive,target_error,213,17.66666666666663,0.14580323012454516
bb_ipp_adaptive,target_error,214,17.75,0.14591577971870745
bb_ipp_adaptive,target_error,215,17.83333333333337,0.14617607384026346
bb_ipp_adaptive,target_error,216,17.91666666666663,0.1462055954063605
bb_ipp_adaptive,target_error,217,18.0,0.14598404181991687
bb_ipp_adaptive,target_error,218,18.08333333333337,0.14658877505371506
bb_ipp_adaptive,target_error,219,18.16666666666663,0.14704324219504533
bb_ipp_adaptive,target_error,220,18.25,0.14714542063477293
bb_ipp_adaptive,target_error,221,18.33333333333337,0.14735167800295826
bb_ipp_adaptive,target_error,222,18.41666666666663,0.14799396546649446
bb_ipp_adaptive,target_error,223,18.5,0.14785167093012483
bb_ipp_adaptive,target_error,224,18.58333333333337,0.14720121549394422
bb_ipp_adaptive,target_error,225,18.66666666666663,0.14682395777557397
bb_ipp_adaptive,target_error,226,18.75,0.14849321163467846
bb_ipp_adaptive,target_error,227,18.83333333333337,0.14848630570535512
bb_ipp_adaptive,target_error,228,18.91666666666663,0.14811576184376765
bb_ipp_adaptive,target_error,229,19.0,0.14749291008294493
bb_ipp_adaptive,target_error,230,19.08333333333337,0.14868168404989227
bb_ipp_adaptive,target_error,231,19.16666666666663,0.14908220490670282
bb_ipp_adaptive,target_error,232,19.25,0.14891000563983248
bb_ipp_adaptive,target_error,233,19.33333333333337,0.148004551092003
bb_ipp_adaptive,target_error,234,19.41666666666663,0.14875767854643487
bb_ipp_adaptive,target_error,235,19.5,0.14845173448993748
bb_ipp_adaptive,target_error,236,19.58333333333337,0.14847056759250632
bb_ipp_adaptive,target_error,237,19.66666666666663,0.14869243206453028
bb_ipp_adaptive,target_error,238,19.75,0.14827508703951484
bb_ipp_adaptive,target_error,239,19.83333333333337,0.1481129145873504
bb_ipp_adaptive,target_error,240,19.91666666666663,0.14833345222238875
bb_ipp_adaptive,target_error,241,20.0,0.1478795186930225
bb_ipp_adaptive,target_error,242,20.08333333333337,0.149303714162126
bb_ipp_adaptive,target_error,243,20.16666666666663,0.14816821836676053
bb_ipp_adaptive,target_error,244,20.25,0.14762471417401238
bb_ipp_adaptive,target_error,245,20.33333333333337,0.14703064848411995
bb_ipp_adaptive,target_error,246,20.41666666666663,0.14636104974702602
bb_ipp_adaptive,target_error,247,20.5,0.14746190151878705
bb_ipp_adaptive,target_error,248,20.58333333333337,0.14804933733025274
bb_ipp_adaptive,target_error,249,20.66666666666663,0.14777854828191386
bb_ipp_adaptive,target_error,250,20.75,0.14745882924935105
bb_ipp_adaptive,target_error,251,20.83333333333337,0.14730279895987267
bb_ipp_adaptive,target_error,252,20.91666666666663,0.1472839503149793
bb_ipp_adaptive,target_error,253,21.0,0.1469907274546988
bb_ipp_adaptive,target_error,254,21.08333333333337,0.14595994675960522
bb_ipp_adaptive,target_error,255,21.16666666666663,0.14637070344449193
bb_ipp_adaptive,target_error,256,21.25,0.1459517923282385
bb_ipp_adaptive,target_error,257,21.33333333333337,0.14649119974333363
bb_ipp_adaptive,target_error,258,21.41666666666663,0.14557221924484232
bb_ipp_adaptive,target_error,259,21.5,0.14551989508556684
bb_ipp_adaptive,target_error,260,21.58333333333337,0.1456987649717475
bb_ipp_adaptive,target_error,261,21.66666666666663,0.14512463869632433
bb_ipp_adaptive,target_error,262,21.75,0.14496708070659645
bb_ipp_adaptive,target_error,263,21.83333333333337,0.1453513180861025
bb_ipp_adaptive,target_error,264,21.91666666666663,0.14479023748003025
bb_ipp_adaptive,target_error,265,22.0,0.14478403677957993
bb_ipp_adaptive,target_error,266,22.08333333333337,0.1448468413032533
bb_ipp_adaptive,target_error,267,22.16666666666663,0.1448488826069814
bb_ipp_adaptive,target_error,268,22.25,0.1448353873022366
bb_ipp_adaptive,target_error,269,22.33333333333337,0.1448748028897371
bb_ipp_adaptive,target_error,270,22.41666666666663,0.1452715188419261
bb_ipp_adaptive,target_error,271,22.5,0.14526760795931357
bb_ipp_adaptive,target_error,272,22.58333333333337,0.14576397825685578
bb_ipp_adaptive,target_error,273,22.66666666666663,0.14596943797116163
bb_ipp_adaptive,target_error,274,22.75,0.1456090673539465
bb_ipp_adaptive,target_error,275,22.83333333333337,0.14503202540825266
bb_ipp_adaptive,target_error,276,22.91666666666663,0.14532042725021307
bb_ipp_adaptive,target_error,277,23.0,0.14543420726052483
bb_ipp_adaptive,target_error,278,23.08333333333337,0.14593948834026993
bb_ipp_adaptive,target_error,279,23.16666666666663,0.1451937208130928
bb_ipp_adaptive,target_error,280,23.25,0.14493403133554067
bb_ipp_adaptive,target_error,281,23.33333333333337,0.14492767258644118
bb_ipp_adaptive,target_error,282,23.41666666666663,0.14476847070433552
bb_ipp_adaptive,target_error,283,23.5,0.14474633759756722
bb_ipp_adaptive,target_error,284,23.58333333333337,0.1447556010708601
bb_ipp_adaptive,target_error,285,23.66666666666663,0.14474951929852053
bb_ipp_adaptive,target_error,286,23.75,0.14474522967618902
bb_ipp_adaptive,target_error,287,23.83333333333337,0.14474935232062489
bb_ipp_adaptive,target_error,288,23.91666666666663,0.14474877980506765
bb_ipp_adaptive,target_error,289,24.0,0.14478599097881972
bb_ipp_adaptive,target_error,290,24.08333333333337,0.144773799097691
bb_ipp_adaptive,target_error,291,24.16666666666663,0.14484455471509866
bb_ipp_adaptive,target_error,292,24.25,0.14478454171288657
bb_ipp_adaptive,target_error,293,24.33333333333337,0.1447606671637329
bb_ipp_adaptive,target_error,294,24.41666666666663,0.14477147301311574
bb_ipp_adaptive,target_error,295,24.5,0.1447685493548198
bb_ipp_adaptive,target_error,296,24.58333333333337,0.14479354656951737
bb_ipp_adaptive,target_error,297,24.66666666666663,0.14482516014027827
bb_ipp_adaptive,target_error,298,24.75,0.1448103712322712
bb_ipp_adaptive,target_error,299,24.83333333333337,0.1447862783944028
bb_ipp_adaptive,target_error,300,24.91666666666663,0.14480224370320902
bb_ipp_adaptive,target_error,301,25.0,0.14489107597540266
bb_ipp_adaptive,target_error,302,25.08333333333337,0.1448706523612506
bb_ipp_adaptive,target_error,303,25.16666666666663,0.14498020019315114
bb_ipp_adaptive,target_error,304,25.25,0.14482569738004358
bb_ipp_adaptive,target_error,305,25.33333333333337,0.14485589008824287
bb_ipp_adaptive,target_error,306,25.41666666666663,0.14488067008443853
bb_ipp_adaptive,target_error,307,25.5,0.14485176160328403
bb_ipp_adaptive,target_error,308,25.58333333333337,0.14486881279365296
bb_ipp_adaptive,target_error,309,25.66666666666663,0.14505397803264972
bb_ipp_adaptive,target_error,310,25.75,0.14525729701376972
bb_ipp_adaptive,target_error,311,25.83333333333337,0.145615643382749
bb_ipp_adaptive,target_error,312,25.91666666666663,0.145442395519925
bb_ipp_adaptive,target_error,313,26.0,0.1450570514031414
bb_ipp_adaptive,target_error,314,26.08333333333337,0.14504977070678404
bb_ipp_adaptive,target_error,315,26.16666666666663,0.14536532275492717
bb_ipp_adaptive,target_error,316,26.25,0.14525755139706453
bb_ipp_adaptive,target_error,317,26.33333333333337,0.14530600057806628
bb_ipp_adaptive,target_error,318,26.41666666666663,0.14574029786559037
bb_ipp_adaptive,target_error,319,26.5,0.14538964936822227
bb_ipp_adaptive,target_error,320,26.58333333333337,0.14528139408626126
bb_ipp_adaptive,target_error,321,26.66666666666663,0.14537512358472662
bb_ipp_adaptive,target_error,322,26.75,0.14529982785374104
bb_ipp_adaptive,target_error,323,26.83333333333337,0.14535698557338433
bb_ipp_adaptive,target_error,324,26.91666666666663,0.1456263098589786
bb_ipp_adaptive,target_error,325,27.0,0.14574441847955938
bb_ipp_adaptive,target_error,326,27.08333333333337,0.1461016222654374
bb_ipp_adaptive,target_error,327,27.16666666666663,0.14632096895347757
bb_ipp_adaptive,target_error,328,27.25,0.14568595013661775
bb_ipp_adaptive,target_error,329,27.33333333333337,0.14581213626719328
bb_ipp_adaptive,target_error,330,27.41666666666663,0.14598583028728793
bb_ipp_adaptive,target_error,331,27.5,0.14620824265270488
bb_ipp_adaptive,target_error,332,27.58333333333337,0.14558755291772704
bb_ipp_adaptive,target_error,333,27.66666666666663,0.14547725005945067
bb_ipp_adaptive,target_error,334,27.75,0.1454970582983429
bb_ipp_adaptive,target_error,335,27.83333333333337,0.1459229086410599
bb_ipp_adaptive,target_error,336,27.91666666666663,0.14566419222833762
bb_ipp_adaptive,target_error,337,28.0,0.14589057593803467
bb_ipp_adaptive,target_error,338,28.08333333333337,0.14659555315665562
bb_ipp_adaptive,target_error,339,28.16666666666663,0.14607963984718136
bb_ipp_adaptive,target_error,340,28.25,0.14653026968567956
bb_ipp_adaptive,target_error,341,28.33333333333337,0.14756769674126033
bb_ipp_adaptive,target_error,342,28.41666666666663,0.14658429784573487
bb_ipp_adaptive,target_error,343,28.5,0.14727589266507438
bb_ipp_adaptive,target_error,344,28.58333333333337,0.14727010399294177
bb_ipp_adaptive,target_error,345,28.66666666666663,0.14678097250838734
bb_ipp_adaptive,target_error,346,28.75,0.1458982437436964
bb_ipp_adaptive,target_error,347,28.83333333333337,0.14626546344993188
bb_ipp_adaptive,target_error,348,28.91666666666663,0.14563211132045992
bb_ipp_adaptive,target_error,349,29.0,0.14501822105586418
bb_ipp_adaptive,target_error,350,29.08333333333337,0.14507176410019704
bb_ipp_adaptive,target_error,351,29.16666666666663,0.14543198127910326
bb_ipp_adaptive,target_error,352,29.25,0.14487117115858983
bb_ipp_adaptive,target_error,353,29.33333333333337,0.14487635379699434
bb_ipp_adaptive,target_error,354,29.41666666666663,0.14500226691510718
bb_ipp_adaptive,target_error,355,29.5,0.14496122791302782
bb_ipp_adaptive,target_error,356,29.58333333333337,0.14489462988849394
bb_ipp_adaptive,target_error,357,29.66666666666663,0.14508450063455605
bb_ipp_adaptive,target_error,358,29.75,0.14497762474230189
bb_ipp_adaptive,target_error,359,29.83333333333337,0.1448992137104335
bb_ipp_adaptive,target_error,360,29.91666666666663,0.144911369126852
bb_ipp_adaptive,target_error,361,30.0,0.14508127328033307
bb_ipp_adaptive,target_error,362,30.08333333333337,0.14492753415594709
bb_ipp_adaptive,target_error,363,30.16666666666663,0.14501655059050292
bb_ipp_adaptive,target_error,364,30.25,0.14495222451082207
bb_ipp_adaptive,target_error,365,30.33333333333337,0.14499982574955605
bb_ipp_adaptive,target_error,366,30.41666666666663,0.14496945370194012
bb_ipp_adaptive,target_error,367,30.5,0.14516643090004844
bb_ipp_adaptive,target_error,368,30.58333333333337,0.14505478390265464
bb_ipp_adaptive,target_error,369,30.66666666666663,0.14504454689682472
bb_ipp_adaptive,target_error,370,30.75,0.1452283326840339
bb_ipp_adaptive,target_error,371,30.83333333333337,0.1450580427249264
bb_ipp_adaptive,target_error,372,30.91666666666663,0.14502527400915796
bb_ipp_adaptive,target_error,373,31.0,0.14504458265892417
bb_ipp_adaptive,target_error,374,31.08333333333337,0.1451885315460396
bb_ipp_adaptive,target_error,375,31.16666666666663,0.1452448150290895
bb_ipp_adaptive,target_error,376,31.25,0.14511664374318675
bb_ipp_adaptive,target_error,377,31.33333333333337,0.14501910038358046
bb_ipp_adaptive,target_error,378,31.41666666666663,0.1450260465286492
bb_ipp_adaptive,target_error,379,31.5,0.14514918295395443
bb_ipp_adaptive,target_error,380,31.58333333333337,0.145132197580204
bb_ipp_adaptive,target_error,381,31.66666666666663,0.14541860797970993
bb_ipp_adaptive,target_error,382,31.75,0.14528268627849333
bb_ipp_adaptive,target_error,383,31.83333333333337,0.14536280231116727
bb_ipp_adaptive,target_error,384,31.91666666666663,0.14563113599689234
bb_ipp_adaptive,target_error,385,32.0,0.14557552070943644
bb_ipp_adaptive,target_error,386,32.08333333333337,0.1455190854239822
bb_ipp_adaptive,target_error,387,32.16666666666663,0.14563365169912385
bb_ipp_adaptive,target_error,388,32.25,0.14602419649543683
bb_ipp_adaptive,target_error,389,32.33333333333337,0.1461502220139092
bb_ipp_adaptive,target_error,390,32.41666666666663,0.1459916708370727
bb_ipp_adaptive,target_error,391,32.5,0.14538384246891067
bb_ipp_adaptive,target_error,392,32.58333333333337,0.1454437065179994
bb_ipp_adaptive,target_error,393,32.66666666666663,0.14536344604560195
bb_ipp_adaptive,target_error,394,32.75,0.14530695171871472
bb_ipp_adaptive,target_error,395,32.83333333333337,0.14565092787453596
bb_ipp_adaptive,target_error,396,32.91666666666663,0.14579092464253152
bb_ipp_adaptive,target_error,397,33.0,0.14558053649007108
bb_ipp_adaptive,target_error,398,33.08333333333337,0.14567688458631192
bb_ipp_adaptive,target_error,399,33.16666666666663,0.14554251356685255
bb_ipp_adaptive,target_error,400,33.25,0.14589082855392171
bb_ipp_adaptive,target_error,401,33.33333333333337,0.14556430417219454
bb_ipp_adaptive,target_error,402,33.41666666666663,0.14588342954978228
bb_ipp_adaptive,target_error,403,33.5,0.14606963248059188
bb_ipp_adaptive,target_error,404,33.58333333333337,0.14639333941383434
bb_ipp_adaptive,target_error,405,33.66666666666663,0.1462209948272191
bb_ipp_adaptive,target_error,406,33.75,0.1466690513396594
bb_ipp_adaptive,target_error,407,33.83333333333337,0.14673272396677284
bb_ipp_adaptive,target_error,408,33.91666666666663,0.14635854742256907
bb_ipp_adaptive,target_error,409,34.0,0.14624209386265652
bb_ipp_adaptive,target_error,410,34.08333333333337,0.1465331984659514
bb_ipp_adaptive,target_error,411,34.16666666666663,0.14647136708697145
bb_ipp_adaptive,target_error,412,34.25,0.1461556618485648
bb_ipp_adaptive,target_error,413,34.33333333333337,0.14675749202701302
bb_ipp_adaptive,target_error,414,34.41666666666663,0.146254372764316
bb_ipp_adaptive,target_error,415,34.5,0.14645146188173094
bb_ipp_adaptive,target_error,416,34.58333333333337,0.14630711231480548
bb_ipp_adaptive,target_error,417,34.66666666666663,0.14600555950530295
bb_ipp_adaptive,target_error,418,34.75,0.1461513773069458
bb_ipp_adaptive,target_error,419,34.83333333333337,0.14631391610158753
bb_ipp_adaptive,target_error,420,34.91666666666663,0.14630159634269937
bb_ipp_adaptive,target_error,421,35.0,0.14589875758957627
bb_ipp_adaptive,target_error,422,35.08333333333337,0.14585343387567618
bb_ipp_adaptive,target_error,423,35.16666666666663,0.1458128080902409
bb_ipp_adaptive,target_error,424,35.25,0.1458791364271731
bb_ipp_adaptive,target_error,425,35.33333333333337,0.1457213452800883
bb_ipp_adaptive,target_error,426,35.41666666666663,0.1457192161292704
bb_ipp_adaptive,target_error,427,35.5,0.1457231338049766
bb_ipp_adaptive,target_error,428,35.58333333333337,0.14581602230541948
bb_ipp_adaptive,target_error,429,35.66666666666663,0.14584556133255175
bb_ipp_adaptive,target_error,430,35.75,0.14604971350336068
bb_ipp_adaptive,target_error,431,35.83333333333337,0.14577497586862123
bb_ipp_adaptive,target_error,432,35.91666666666663,0.14569449232391035
bb_ipp_adaptive,target_error,433,36.0,0.14586991087350254
bb_ipp_adaptive,target_error,434,36.08333333333337,0.1456028801974146
bb_ipp_adaptive,target_error,435,36.16666666666663,0.14569501907882085
bb_ipp_adaptive,target_error,436,36.25,0.14578209904917827
bb_ipp_adaptive,target_error,437,36.33333333333337,0.1458266046732922
bb_ipp_adaptive,target_error,438,36.41666666666663,0.145697483279438
bb_ipp_adaptive,target_error,439,36.5,0.14582993998455657
bb_ipp_adaptive,target_error,440,36.58333333333337,0.14553119611510304
bb_ipp_adaptive,target_error,441,36.66666666666663,0.14556740848740768
bb_ipp_adaptive,target_error,442,36.75,0.14562071256625606
bb_ipp_adaptive,target_error,443,36.83333333333337,0.14574586564328834
bb_ipp_adaptive,target_error,444,36.91666666666663,0.14554561627209228
bb_ipp_adaptive,target_error,445,37.0,0.1456450226790478
bb_ipp_adaptive,target_error,446,37.08333333333337,0.1458893113421983
bb_ipp_adaptive,target_error,447,37.16666666666663,0.14606561722916148
bb_ipp_adaptive,target_error,448,37.25,0.14608022811090327
bb_ipp_adaptive,target_error,449,37.33333333333337,0.14574946221964064
bb_ipp_adaptive,target_error,450,37.41666666666663,0.14572841989231192
bb_ipp_adaptive,target_error,451,37.5,0.1456335511046177
bb_ipp_adaptive,target_error,452,37.58333333333337,0.14556016522024784
bb_ipp_adaptive,target_error,453,37.66666666666663,0.1457225033838207
bb_ipp_adaptive,target_error,454,37.75,0.14561133293863898
bb_ipp_adaptive,target_error,455,37.83333333333337,0.14564202920228553
bb_ipp_adaptive,target_error,456,37.91666666666663,0.14558546073665615
bb_ipp_adaptive,target_error,457,38.0,0.14554646447802547
bb_ipp_adaptive,target_error,458,38.08333333333337,0.1455033778529606
bb_ipp_adaptive,target_error,459,38.16666666666663,0.14551852613472635
bb_ipp_adaptive,target_error,460,38.25,0.14548979560611322
bb_ipp_adaptive,target_error,461,38.33333333333337,0.14549455491802593
bb_ipp_adaptive,target_error,462,38.41666666666663,0.14550107516930302
bb_ipp_adaptive,target_error,463,38.5,0.1455176395354824
bb_ipp_adaptive,target_error,464,38.58333333333337,0.1455157126155182
bb_ipp_adaptive,target_error,465,38.66666666666663,0.14552396175210885
bb_ipp_adaptive,target_error,466,38.75,0.14555561113099263
bb_ipp_adaptive,target_error,467,38.83333333333337,0.14574961217937987
bb_ipp_adaptive,target_error,468,38.91666666666663,0.14582573987100234
bb_ipp_adaptive,target_error,469,39.0,0.14649758990095718
bb_ipp_adaptive,target_error,470,39.08333333333337,0.14609350673188679
bb_ipp_adaptive,target_error,471,39.16666666666663,0.1458376296794873
bb_ipp_adaptive,target_error,472,39.25,0.1457598844070437
bb_ipp_adaptive,target_error,473,39.33333333333337,0.14570466699409546
bb_ipp_adaptive,target_error,474,39.41666666666663,0.14597386698103368
bb_ipp_adaptive,target_error,475,39.5,0.14590666299602378
bb_ipp_adaptive,target_error,476,39.58333333333337,0.1461978098811468
bb_ipp_adaptive,target_error,477,39.66666666666663,0.1460378074015331
bb_ipp_adaptive,target_error,478,39.75,0.14603975109067116
bb_ipp_adaptive,target_error,479,39.83333333333337,0.14601217856566362
bb_ipp_adaptive,target_error,480,39.91666666666663,0.1459630809509477
bb_ipp_adaptive,target_error,481,40.0,0.14592462495213668
bb_ipp_adaptive,target_error,482,40.08333333333337,0.14617176690702452
bb_ipp_adaptive,target_error,483,40.16666666666663,0.1467243706131764
bb_ipp_adaptive,target_error,484,40.25,0.14699413159795136
bb_ipp_adaptive,target_error,485,40.33333333333337,0.14698009622313582
bb_ipp_adaptive,target_error,486,40.41666666666663,0.14638463865473617
bb_ipp_adaptive,target_error,487,40.5,0.14656253341911465
bb_ipp_adaptive,target_error,488,40.58333333333337,0.14688429199891911
bb_ipp_adaptive,target_error,489,40.66666666666663,0.14711688954532168
bb_ipp_adaptive,target_error,490,40.75,0.14697256919597226
bb_ipp_adaptive,target_error,491,40.83333333333337,0.14707220056763137
bb_ipp_adaptive,target_error,492,40.91666666666663,0.14756528959710044
bb_ipp_adaptive,target_error,493,41.0,0.1467627808732967
bb_ipp_adaptive,target_error,494,41.08333333333337,0.1473274181377183
bb_ipp_adaptive,target_error,495,41.16666666666663,0.14739510266388628
bb_ipp_adaptive,target_error,496,41.25,0.1471996950933279
bb_ipp_adaptive,target_error,497,41.33333333333337,0.14738293283477455
bb_ipp_adaptive,target_error,498,41.41666666666663,0.14767549454238657
bb_ipp_adaptive,target_error,499,41.5,0.14742920910606439
bb_ipp_adaptive,target_error,500,41.58333333333337,0.14734518142810543
bb_ipp_adaptive,target_error,501,41.66666666666663,0.14768360488060453
bb_ipp_adaptive,target_error,502,41.75,0.14698536658366765
bb_ipp_adaptive,target_error,503,41.83333333333337,0.14684535150497238
bb_ipp_adaptive,target_error,504,41.91666666666663,0.14703960892724735
bb_ipp_adaptive,target_error,505,42.0,0.14843837379762823
bb_ipp_adaptive,target_error,506,42.08333333333337,0.14748891455664773
bb_ipp_adaptive,target_error,507,42.16666666666663,0.1471458410083217
bb_ipp_adaptive,target_error,508,42.25,0.14664429264122045
bb_ipp_adaptive,target_error,509,42.33333333333337,0.14708995453417736
bb_ipp_adaptive,target_error,510,42.41666666666663,0.14710967693925084
bb_ipp_adaptive,target_error,511,42.5,0.14643507492325422
bb_ipp_adaptive,target_error,512,42.58333333333337,0.14656713096663543
bb_ipp_adaptive,target_error,513,42.66666666666663,0.14580268080782977
bb_ipp_adaptive,target_error,514,42.75,0.1459876951391838
bb_ipp_adaptive,target_error,515,42.83333333333337,0.14575758918340068
bb_ipp_adaptive,target_error,516,42.91666666666663,0.14579463397656112
bb_ipp_adaptive,target_error,517,43.0,0.1457498168033063
bb_ipp_adaptive,target_error,518,43.08333333333337,0.1457585508758488
bb_ipp_adaptive,target_error,519,43.16666666666663,0.14575269401650037
bb_ipp_adaptive,target_error,520,43.25,0.14582249850754272
bb_ipp_adaptive,target_error,521,43.33333333333337,0.1457576779943547
bb_ipp_adaptive,target_error,522,43.41666666666663,0.14577062240405964
bb_ipp_adaptive,target_error,523,43.5,0.14585819752130064
bb_ipp_adaptive,target_error,524,43.58333333333337,0.14581293745190713
bb_ipp_adaptive,target_error,525,43.66666666666663,0.14579624880090658
bb_ipp_adaptive,target_error,526,43.75,0.1458085710969705
bb_ipp_adaptive,target_error,527,43.83333333333337,0.1459079480470847
bb_ipp_adaptive,target_error,528,43.91666666666663,0.14582351430204304
bb_ipp_adaptive,target_error,529,44.0,0.14583451402234335
bb_ipp_adaptive,target_error,530,44.08333333333337,0.14616862950273318
bb_ipp_adaptive,target_error,531,44.16666666666663,0.1464164175445814
bb_ipp_adaptive,target_error,532,44.25,0.14602112648790205
bb_ipp_adaptive,target_error,533,44.33333333333337,0.14604128668275357
bb_ipp_adaptive,target_error,534,44.41666666666663,0.1460468773591243
bb_ipp_adaptive,target_error,535,44.5,0.14596340153569468
bb_ipp_adaptive,target_error,536,44.58333333333337,0.14607973371854985
bb_ipp_adaptive,target_error,537,44.66666666666663,0.1459926772871427
bb_ipp_adaptive,target_error,538,44.75,0.14620207012762204
bb_ipp_adaptive,target_error,539,44.83333333333337,0.14602619913282183
bb_ipp_adaptive,target_error,540,44.91666666666663,0.14606056501484968
bb_ipp_adaptive,target_error,541,45.0,0.14600895119110396
bb_ipp_adaptive,target_error,542,45.08333333333337,0.14600269033452482
bb_ipp_adaptive,target_error,543,45.16666666666663,0.14603641759731006
bb_ipp_adaptive,target_error,544,45.25,0.1461468551206268
bb_ipp_adaptive,target_error,545,45.33333333333337,0.1464264060877223
bb_ipp_adaptive,target_error,546,45.41666666666663,0.14663746619061335
bb_ipp_adaptive,target_error,547,45.5,0.14617058036719674
bb_ipp_adaptive,target_error,548,45.58333333333337,0.14625261132540182
bb_ipp_adaptive,target_error,549,45.66666666666663,0.1461196090074586
bb_ipp_adaptive,target_error,550,45.75,0.14618975810533882
bb_ipp_adaptive,target_error,551,45.83333333333337,0.1462177691597452
bb_ipp_adaptive,target_error,552,45.91666666666663,0.14640902922457613
bb_ipp_adaptive,target_error,553,46.0,0.14621284151232122
bb_ipp_adaptive,target_error,554,46.08333333333337,0.14650411409711112
bb_ipp_adaptive,target_error,555,46.16666666666663,0.1462783410985516
bb_ipp_adaptive,target_error,556,46.25,0.14612189595922156
bb_ipp_adaptive,target_error,557,46.33333333333337,0.14620059192156673
bb_ipp_adaptive,target_error,558,46.41666666666663,0.1463077394423557
bb_ipp_adaptive,target_error,559,46.5,0.1466267693179855
bb_ipp_adaptive,target_error,560,46.58333333333337,0.1474018780371502
bb_ipp_adaptive,target_error,561,46.66666666666663,0.14732914754870113
bb_ipp_adaptive,target_error,562,46.75,0.1480014500456974
bb_ipp_adaptive,target_error,563,46.83333333333337,0.1474875917372482
bb_ipp_adaptive,target_error,564,46.91666666666663,0.1469894849211728
bb_ipp_adaptive,target_error,565,47.0,0.14751518685042006
bb_ipp_adaptive,target_error,566,47.08333333333337,0.14673460163595595
bb_ipp_adaptive,target_error,567,47.16666666666663,0.14696025195077422
bb_ipp_adaptive,target_error,568,47.25,0.14687751989855694
bb_ipp_adaptive,target_error,569,47.33333333333337,0.14691398269112274
bb_ipp_adaptive,target_error,570,47.41666666666663,0.14693693750575632
bb_ipp_adaptive,target_error,571,47.5,0.14707307291616417
bb_ipp_adaptive,target_error,572,47.58333333333337,0.14720562144233548
bb_ipp_adaptive,target_error,573,47.66666666666663,0.14691789053591164
bb_ipp_adaptive,target_error,574,47.75,0.14756789674834905
bb_ipp_adaptive,target_error,575,47.83333333333337,0.147955428565712
bb_ipp_adaptive,target_error,576,47.91666666666663,0.14789426019733865
bb_ipp_adaptive,target_error,577,48.0,0.14741581557890365
bb_ipp_adaptive,target_error,578,48.08333333333337,0.14767373734362704
bb_ipp_adaptive,target_error,579,48.16666666666663,0.14842946029061654
bb_ipp_adaptive,target_error,580,48.25,0.1485782865944379
bb_ipp_adaptive,target_error,581,48.33333333333337,0.14791591378689833
bb_ipp_adaptive,target_error,582,48.41666666666663,0.14728880225457616
bb_ipp_adaptive,target_error,583,48.5,0.14753570200725705
bb_ipp_adaptive,target_error,584,48.58333333333337,0.14745247683581209
bb_ipp_adaptive,target_error,585,48.66666666666663,0.14812702191903443
bb_ipp_adaptive,target_error,586,48.75,0.14907249917204132
bb_ipp_adaptive,target_error,587,48.83333333333337,0.14800771484218608
bb_ipp_adaptive,target_error,588,48.91666666666663,0.14768062977965496
bb_ipp_adaptive,target_error,589,49.0,0.1479067945645027
bb_ipp_adaptive,target_error,590,49.08333333333337,0.14798235935234907
bb_ipp_adaptive,target_error,591,49.16666666666663,0.14792374781863935
bb_ipp_adaptive,target_error,592,49.25,0.14849115840259547
bb_ipp_adaptive,target_error,593,49.33333333333337,0.14765614334584484
bb_ipp_adaptive,target_error,594,49.41666666666663,0.1473741126627184
bb_ipp_adaptive,target_error,595,49.5,0.14694537906548824
bb_ipp_adaptive,target_error,596,49.58333333333337,0.14752029477893833
bb_ipp_adaptive,target_error,597,49.66666666666663,0.1475359874396393
bb_ipp_adaptive,target_error,598,49.75,0.1474734584663325
bb_ipp_adaptive,target_error,599,49.83333333333337,0.14665598778123334
bb_ipp_adaptive,target_error,600,49.91666666666663,0.14654507818271928
bb_ipp_adaptive,target_error,601,50.0,0.1464111945662116
bb_ipp_adaptive,target_error,602,50.08333333333337,0.1464925222289412
bb_ipp_adaptive,target_error,603,50.16666666666663,0.1463702030692354
bb_ipp_adaptive,target_error,604,50.25,0.14641511171635768
bb_ipp_adaptive,target_error,605,50.33333333333337,0.14651674839747517
bb_ipp_adaptive,target_error,606,50.41666666666663,0.1464982688889235
bb_ipp_adaptive,target_error,607,50.5,0.1467834459306479
bb_ipp_adaptive,target_error,608,50.58333333333337,0.14652787719192556
bb_ipp_adaptive,target_error,609,50.66666666666663,0.14652512771921655
bb_ipp_adaptive,target_error,610,50.75,0.14655095744970795
bb_ipp_adaptive,target_error,611,50.83333333333337,0.14673517398213734
bb_ipp_adaptive,target_error,612,50.91666666666663,0.14694314372171638
bb_ipp_adaptive,target_error,613,51.0,0.14675279248809056
bb_ipp_adaptive,target_error,614,51.08333333333337,0.14800821156710545
bb_ipp_adaptive,target_error,615,51.16666666666663,0.14675783868012304
bb_ipp_adaptive,target_error,616,51.25,0.1468039557199399
bb_ipp_adaptive,target_error,617,51.33333333333337,0.14702818729206726
bb_ipp_adaptive,target_error,618,51.41666666666663,0.14654176036123306
bb_ipp_adaptive,target_error,619,51.5,0.14625095728278192
bb_ipp_adaptive,target_error,620,51.58333333333337,0.14627629140677537
bb_ipp_adaptive,target_error,621,51.66666666666663,0.14640563151307578
bb_ipp_adaptive,target_error,622,51.75,0.1463510293350765
bb_ipp_adaptive,target_error,623,51.83333333333337,0.14630913655439715
bb_ipp_adaptive,target_error,624,51.91666666666663,0.1463342755404113
bb_ipp_adaptive,target_error,625,52.0,0.14635629584632265
bb_ipp_adaptive,target_error,626,52.08333333333337,0.14660843134944035
bb_ipp_adaptive,target_error,627,52.16666666666663,0.14691079890109188
bb_ipp_adaptive,target_error,628,52.25,0.14720404148592628
bb_ipp_adaptive,target_error,629,52.33333333333337,0.1470105934007286
bb_ipp_adaptive,target_error,630,52.41666666666663,0.14656806760214575
bb_ipp_adaptive,target_error,631,52.5,0.14652014046285514
bb_ipp_adaptive,target_error,632,52.58333333333337,0.14692137302814404
bb_ipp_adaptive,target_error,633,52.66666666666663,0.14704063662405345
bb_ipp_adaptive,target_error,634,52.75,0.14783267935427685
bb_ipp_adaptive,target_error,635,52.83333333333337,0.14804634387146864
bb_ipp_adaptive,target_error,636,52.91666666666663,0.14825722488331625
bb_ipp_adaptive,target_error,637,53.0,0.14852566922452415
bb_ipp_adaptive,target_error,638,53.08333333333337,0.14819651018725943
bb_ipp_adaptive,target_error,639,53.16666666666663,0.14816209415686118
bb_ipp_adaptive,target_error,640,53.25,0.14837905865122275
bb_ipp_adaptive,target_error,641,53.33333333333337,0.14834148375471984
bb_ipp_adaptive,target_error,642,53.41666666666663,0.1483920511800762
bb_ipp_adaptive,target_error,643,53.5,0.14890008477483987
bb_ipp_adaptive,target_error,644,53.58333333333337,0.14793368241374383
bb_ipp_adaptive,target_error,645,53.66666666666663,0.14722000693594525
bb_ipp_adaptive,target_error,646,53.75,0.1475268946867879
bb_ipp_adaptive,target_error,647,53.83333333333337,0.1476923257833129
bb_ipp_adaptive,target_error,648,53.91666666666663,0.14811011321558679
bb_ipp_adaptive,target_error,649,54.0,0.14754747086642542
bb_ipp_adaptive,target_error,650,54.08333333333337,0.1475747296553548
bb_ipp_adaptive,target_error,651,54.16666666666663,0.1477110517433564
bb_ipp_adaptive,target_error,652,54.25,0.14883310116397325
bb_ipp_adaptive,target_error,653,54.33333333333337,0.14931517807406952
bb_ipp_adaptive,target_error,654,54.41666666666663,0.14859306560818122
bb_ipp_adaptive,target_error,655,54.5,0.14681034228793177
bb_ipp_adaptive,target_error,656,54.58333333333337,0.1463982143503415
bb_ipp_adaptive,target_error,657,54.66666666666663,0.14652586029088702
bb_ipp_adaptive,target_error,658,54.75,0.14637336649226262
bb_ipp_adaptive,target_error,659,54.83333333333337,0.14667222843205246
bb_ipp_adaptive,target_error,660,54.91666666666663,0.14651907840290276
bb_ipp_adaptive,target_error,661,55.0,0.14639844134403865
bb_ipp_adaptive,target_error,662,55.08333333333337,0.14649361790221363
bb_ipp_adaptive,target_error,663,55.16666666666663,0.14651895497433298
bb_ipp_adaptive,target_error,664,55.25,0.14647622938825255
bb_ipp_adaptive,target_error,665,55.33333333333337,0.14649424669718458
bb_ipp_adaptive,target_error,666,55.41666666666663,0.14654954851012572
bb_ipp_adaptive,target_error,667,55.5,0.1465912877139924
bb_ipp_adaptive,target_error,668,55.58333333333337,0.14666645153431865
bb_ipp_adaptive,target_error,669,55.66666666666663,0.14724586238554377
bb_ipp_adaptive,target_error,670,55.75,0.14676396996320992
bb_ipp_adaptive,target_error,671,55.83333333333337,0.14667148473016556
bb_ipp_adaptive,target_error,672,55.91666666666663,0.14718192569482488
bb_ipp_adaptive,target_error,673,56.0,0.14696832660754955
bb_ipp_adaptive,target_error,674,56.08333333333337,0.14674937750563236
bb_ipp_adaptive,target_error,675,56.16666666666663,0.14705815368830033
bb_ipp_adaptive,target_error,676,56.25,0.14673945563050275
bb_ipp_adaptive,target_error,677,56.33333333333337,0.1467436802915115
bb_ipp_adaptive,target_error,678,56.41666666666663,0.14687669565618353
bb_ipp_adaptive,target_error,679,56.5,0.14691146316220355
bb_ipp_adaptive,target_error,680,56.58333333333337,0.1469698351691048
bb_ipp_adaptive,target_error,681,56.66666666666663,0.14691915243215992
bb_ipp_adaptive,target_error,682,56.75,0.14700268327298383
bb_ipp_adaptive,target_error,683,56.83333333333337,0.14704916678590654
bb_ipp_adaptive,target_error,684,56.91666666666663,0.1468595266402583
bb_ipp_adaptive,target_error,685,57.0,0.14731893099696092
bb_ipp_adaptive,target_error,686,57.08333333333337,0.1470930526410502
bb_ipp_adaptive,target_error,687,57.16666666666663,0.14704390766447487
bb_ipp_adaptive,target_error,688,57.25,0.14712841514317196
bb_ipp_adaptive,target_error,689,57.33333333333337,0.14690377990020848
bb_ipp_adaptive,target_error,690,57.41666666666663,0.14692220141644527
bb_ipp_adaptive,target_error,691,57.5,0.14704097486844397
bb_ipp_adaptive,target_error,692,57.58333333333337,0.14678267848271154
bb_ipp_adaptive,target_error,693,57.66666666666663,0.14685519186940676
bb_ipp_adaptive,target_error,694,57.75,0.14717403939647183
bb_ipp_adaptive,target_error,695,57.83333333333337,0.1475822354926726
bb_ipp_adaptive,target_error,696,57.91666666666663,0.14652549618739685
bb_ipp_adaptive,target_error,697,58.0,0.14648767640775964
bb_ipp_adaptive,target_error,698,58.08333333333337,0.1464831038821487
bb_ipp_adaptive,target_error,699,58.16666666666663,0.14648566288525217
bb_ipp_adaptive,target_error,700,58.25,0.1464710378022474
bb_ipp_adaptive,target_error,701,58.33333333333337,0.1464763880556829
bb_ipp_adaptive,target_error,702,58.41666666666663,0.14646488155097553
bb_ipp_adaptive,target_error,703,58.5,0.14646007544304676
bb_ipp_adaptive,target_error,704,58.58333333333337,0.14647069866672605
bb_ipp_adaptive,target_error,705,58.66666666666663,0.14671910254143838
bb_ipp_adaptive,target_error,706,58.75,0.14666613638882223
bb_ipp_adaptive,target_error,707,58.83333333333337,0.14671067554408357
bb_ipp_adaptive,target_error,708,58.91666666666663,0.14648988593251744
bb_ipp_adaptive,target_error,709,59.0,0.14645596022188023
bb_ipp_adaptive,target_error,710,59.08333333333337,0.14684525979887922
bb_ipp_adaptive,target_error,711,59.16666666666663,0.14712492746550362
bb_ipp_adaptive,target_error,712,59.25,0.1476294106696215
bb_ipp_adaptive,target_error,713,59.33333333333337,0.1466710529384964
bb_ipp_adaptive,target_error,714,59.41666666666663,0.14685876458972794
bb_ipp_adaptive,target_error,715,59.5,0.14785628319222086
bb_ipp_adaptive,target_error,716,59.58333333333337,0.1475902710631419
bb_ipp_adaptive,target_error,717,59.66666666666663,0.14695354106811206
bb_ipp_adaptive,target_error,718,59.75,0.14704253100868367
bb_ipp_adaptive,target_error,719,59.83333333333337,0.14664112250192446
bb_ipp_adaptive,target_error,720,59.91666666666663,0.1466192434920133
bb_ipp_adaptive,target_error,721,60.0,0.14634780161460764
bb_ipp_adaptive,target_error,722,60.08333333333337,0.14632205324657174
bb_ipp_adaptive,target_error,723,60.16666666666663,0.14633794297995573
bb_ipp_adaptive,target_error,724,60.25,0.14636844567373367
bb_ipp_adaptive,target_error,725,60.33333333333337,0.14647772427779915
bb_ipp_adaptive,target_error,726,60.41666666666663,0.1464818329247388
bb_ipp_adaptive,target_error,727,60.5,0.14631606024951557
bb_ipp_adaptive,target_error,728,60.58333333333337,0.14634166817190258
bb_ipp_adaptive,target_error,729,60.66666666666663,0.14634049259432122
bb_ipp_adaptive,target_error,730,60.75,0.14637358519552335
bb_ipp_adaptive,target_error,731,60.83333333333337,0.1463580923514738
bb_ipp_adaptive,target_error,732,60.91666666666663,0.14645995830227043
bb_ipp_adaptive,target_error,733,61.0,0.14638763743057095
bb_ipp_adaptive,target_error,734,61.08333333333337,0.14640788030785784
bb_ipp_adaptive,target_error,735,61.16666666666663,0.1464291303760927
bb_ipp_adaptive,target_error,736,61.25,0.1466744880728641
bb_ipp_adaptive,target_error,737,61.33333333333337,0.14645899404387766
bb_ipp_adaptive,target_error,738,61.41666666666663,0.14641629524070576
bb_ipp_adaptive,target_error,739,61.5,0.14659172519916167
bb_ipp_adaptive,target_error,740,61.58333333333337,0.14652038123354408
bb_ipp_adaptive,target_error,741,61.66666666666663,0.14680346671366934
bb_ipp_adaptive,target_error,742,61.75,0.14674563306407012
bb_ipp_adaptive,target_error,743,61.83333333333337,0.14668921796345816
bb_ipp_adaptive,target_error,744,61.91666666666663,0.14705639954373628
bb_ipp_adaptive,target_error,745,62.0,0.1467745079686386
bb_ipp_adaptive,target_error,746,62.08333333333337,0.14677430727614182
bb_ipp_adaptive,target_error,747,62.16666666666663,0.147031279589676
bb_ipp_adaptive,target_error,748,62.25,0.14701597661650934
bb_ipp_adaptive,target_error,749,62.33333333333337,0.14783497991254782
bb_ipp_adaptive,target_error,750,62.41666666666663,0.148031643436165
bb_ipp_adaptive,target_error,751,62.5,0.14748266249924047
bb_ipp_adaptive,target_error,752,62.58333333333337,0.14741335536005515
bb_ipp_adaptive,target_error,753,62.66666666666663,0.14739724607755997
bb_ipp_adaptive,target_error,754,62.75,0.147846411145829
bb_ipp_adaptive,target_error,755,62.83333333333337,0.14785033846742487
bb_ipp_adaptive,target_error,756,62.91666666666663,0.14898388730637868
bb_ipp_adaptive,target_error,757,63.0,0.15042122755538376
bb_ipp_adaptive,target_error,758,63.08333333333337,0.15002668924246826
bb_ipp_adaptive,target_error,759,63.16666666666663,0.15008926440444337
bb_ipp_adaptive,target_error,760,63.25,0.14774033323979577
bb_ipp_adaptive,target_error,761,63.33333333333337,0.14709059477672526
bb_ipp_adaptive,target_error,762,63.41666666666663,0.14706692115421566
bb_ipp_adaptive,target_error,763,63.5,0.14726791068764233
bb_ipp_adaptive,target_error,764,63.58333333333337,0.14721159167390555
bb_ipp_adaptive,target_error,765,63.66666666666663,0.14879167670445848
bb_ipp_adaptive,target_error,766,63.75,0.14817445203954163
bb_ipp_adaptive,target_error,767,63.83333333333337,0.14793146050763906
bb_ipp_adaptive,target_error,768,63.91666666666663,0.14730594112908724
bb_ipp_adaptive,target_error,769,64.0,0.14715247770709156
bb_ipp_adaptive,target_error,770,64.08333333333337,0.14708350242016402
bb_ipp_adaptive,target_error,771,64.16666666666663,0.14730701223695938
bb_ipp_adaptive,target_error,772,64.25,0.1468047686615671
bb_ipp_adaptive,target_error,773,64.33333333333337,0.14746719827196786
bb_ipp_adaptive,target_error,774,64.41666666666663,0.14655835618706528
bb_ipp_adaptive,target_error,775,64.5,0.14640141064631984
bb_ipp_adaptive,target_error,776,64.58333333333337,0.14671641501808366
bb_ipp_adaptive,target_error,777,64.66666666666663,0.14675976057897322
bb_ipp_adaptive,target_error,778,64.75,0.1465462315821714
bb_ipp_adaptive,target_error,779,64.83333333333337,0.1465642182017691
bb_ipp_adaptive,target_error,780,64.91666666666663,0.14652715224082027
bb_ipp_adaptive,target_error,781,65.0,0.14652124374352682
bb_ipp_adaptive,target_error,782,65.08333333333337,0.14653603947702493
bb_ipp_adaptive,target_error,783,65.16666666666663,0.1465550669577432
bb_ipp_adaptive,target_error,784,65.25,0.14658072407959644
bb_ipp_adaptive,target_error,785,65.33333333333337,0.14671712041115711
bb_ipp_adaptive,target_error,786,65.41666666666663,0.1474788736594988
bb_ipp_adaptive,target_error,787,65.5,0.14680077760896987
bb_ipp_adaptive,target_error,788,65.58333333333337,0.14698530555549374
bb_ipp_adaptive,target_error,789,65.66666666666663,0.14711845584033678
bb_ipp_adaptive,target_error,790,65.75,0.14679240239029465
bb_ipp_adaptive,target_error,791,65.83333333333337,0.14682273376029448
bb_ipp_adaptive,target_error,792,65.91666666666663,0.14687424110691025
bb_ipp_adaptive,target_error,793,66.0,0.14687094812835536
bb_ipp_adaptive,target_error,794,66.08333333333337,0.14698283462787978
bb_ipp_adaptive,target_error,795,66.16666666666663,0.147049064493893
bb_ipp_adaptive,target_error,796,66.25,0.1471917851738125
bb_ipp_adaptive,target_error,797,66.33333333333337,0.1471958302304379
bb_ipp_adaptive,target_error,798,66.41666666666663,0.14684280317959292
bb_ipp_adaptive,target_error,799,66.5,0.14699089011649666
bb_ipp_adaptive,target_error,800,66.58333333333337,0.14656486261466195
bb_ipp_adaptive,target_error,801,66.66666666666663,0.14677989687275575
bb_ipp_adaptive,target_error,802,66.75,0.14685626766706628
bb_ipp_adaptive,target_error,803,66.83333333333337,0.14750549446786926
bb_ipp_adaptive,target_error,804,66.91666666666663,0.14743900494711284
bb_ipp_adaptive,target_error,805,67.0,0.14703380777997446
bb_ipp_adaptive,target_error,806,67.08333333333337,0.14850577391846356
bb_ipp_adaptive,target_error,807,67.16666666666663,0.14871503480374298
bb_ipp_adaptive,target_error,808,67.25,0.14845025933520764
bb_ipp_adaptive,target_error,809,67.33333333333337,0.14800004157852206
bb_ipp_adaptive,target_error,810,67.41666666666663,0.14765204261606102
bb_ipp_adaptive,target_error,811,67.5,0.14769316284770861
bb_ipp_adaptive,target_error,812,67.58333333333337,0.14805994244933843
bb_ipp_adaptive,target_error,813,67.66666666666663,0.14698501849781995
bb_ipp_adaptive,target_error,814,67.75,0.14664049752071565
bb_ipp_adaptive,target_error,815,67.83333333333337,0.1472433294138304
bb_ipp_adaptive,target_error,816,67.91666666666663,0.14790126917055763
bb_ipp_adaptive,target_error,817,68.0,0.1471865913501374
bb_ipp_adaptive,target_error,818,68.08333333333337,0.14723338664483446
bb_ipp_adaptive,target_error,819,68.16666666666663,0.14725831713229648
bb_ipp_adaptive,target_error,820,68.25,0.14689812277134512
bb_ipp_adaptive,target_error,821,68.33333333333337,0.1471028363752208
bb_ipp_adaptive,target_error,822,68.41666666666663,0.14690971679057677
bb_ipp_adaptive,target_error,823,68.5,0.14699591585727628
bb_ipp_adaptive,target_error,824,68.58333333333337,0.1471122359220159
bb_ipp_adaptive,target_error,825,68.66666666666663,0.146858968177895
bb_ipp_adaptive,target_error,826,68.75,0.1467046849752461
bb_ipp_adaptive,target_error,827,68.83333333333337,0.14671013978377592
bb_ipp_adaptive,target_error,828,68.91666666666663,0.14705190590334988
bb_ipp_adaptive,target_error,829,69.0,0.14702273125370896
bb_ipp_adaptive,target_error,830,69.08333333333337,0.14729139599723243
bb_ipp_adaptive,target_error,831,69.16666666666663,0.14845101855512222
bb_ipp_adaptive,target_error,832,69.25,0.14794028473981172
bb_ipp_adaptive,target_error,833,69.33333333333337,0.14697198737523334
bb_ipp_adaptive,target_error,834,69.41666666666663,0.14692653252592808
bb_ipp_adaptive,target_error,835,69.5,0.14707637331684734
bb_ipp_adaptive,target_error,836,69.58333333333337,0.14710570866750805
bb_ipp_adaptive,target_error,837,69.66666666666663,0.14716869062681684
bb_ipp_adaptive,target_error,838,69.75,0.1471940885948632
bb_ipp_adaptive,target_error,839,69.83333333333337,0.1471442775328589
bb_ipp_adaptive,target_error,840,69.91666666666663,0.14719109969360963
bb_ipp_adaptive,target_error,841,70.0,0.1471438855536358
bb_ipp_adaptive,target_error,842,70.08333333333337,0.1473397787588753
bb_ipp_adaptive,target_error,843,70.16666666666663,0.1474001043218199
bb_ipp_adaptive,target_error,844,70.25,0.1473342362822816
bb_ipp_adaptive,target_error,845,70.33333333333337,0.14731276814584474
bb_ipp_adaptive,target_error,846,70.41666666666663,0.14733906346996078
bb_ipp_adaptive,target_error,847,70.5,0.14746928253987301
bb_ipp_adaptive,target_error,848,70.58333333333337,0.14737355862834103
bb_ipp_adaptive,target_error,849,70.66666666666663,0.14744998414609065
bb_ipp_adaptive,target_error,850,70.75,0.14760468711621433
bb_ipp_adaptive,target_error,851,70.83333333333337,0.14748578431579645
bb_ipp_adaptive,target_error,852,70.91666666666663,0.14751622991848012
bb_ipp_adaptive,target_error,853,71.0,0.14773513761193016
bb_ipp_adaptive,target_error,854,71.08333333333337,0.14764990209778528
bb_ipp_adaptive,target_error,855,71.16666666666663,0.14844372388819352
bb_ipp_adaptive,target_error,856,71.25,0.14789445944569835
bb_ipp_adaptive,target_error,857,71.33333333333337,0.14789416115131646
bb_ipp_adaptive,target_error,858,71.41666666666663,0.1476883125204652
bb_ipp_adaptive,target_error,859,71.5,0.1474061693870101
bb_ipp_adaptive,target_error,860,71.58333333333337,0.14744629947099352
bb_ipp_adaptive,target_error,861,71.66666666666663,0.1474310026615535
bb_ipp_adaptive,target_error,862,71.75,0.14741578395200583
bb_ipp_adaptive,target_error,863,71.83333333333337,0.14746268012800812
bb_ipp_adaptive,target_error,864,71.91666666666663,0.1475585318736265
bb_ipp_adaptive,target_error,865,72.0,0.14746541556720683
bb_ipp_adaptive,target_error,866,72.08333333333337,0.14759503021966983
bb_ipp_adaptive,target_error,867,72.16666666666663,0.14759382444468144
bb_ipp_adaptive,target_error,868,72.25,0.14755454986421615
bb_ipp_adaptive,target_error,869,72.33333333333337,0.14783302981704852
bb_ipp_adaptive,target_error,870,72.41666666666663,0.14758044880565593
bb_ipp_adaptive,target_error,871,72.5,0.14776422064341801
bb_ipp_adaptive,target_error,872,72.58333333333337,0.14762985540882975
bb_ipp_adaptive,target_error,873,72.66666666666663,0.14764914369776494
bb_ipp_adaptive,target_error,874,72.75,0.14783802513024408
bb_ipp_adaptive,target_error,875,72.83333333333337,0.1475956921959845
bb_ipp_adaptive,target_error,876,72.91666666666663,0.14762854219749186
bb_ipp_adaptive,target_error,877,73.0,0.1476259013724628
bb_ipp_adaptive,target_error,878,73.08333333333337,0.14759498447348265
bb_ipp_adaptive,target_error,879,73.16666666666663,0.14759163691158136
bb_ipp_adaptive,target_error,880,73.25,0.1475956493666359
bb_ipp_adaptive,target_error,881,73.33333333333337,0.14758526630473398
bb_ipp_adaptive,target_error,882,73.41666666666663,0.14758053325235557
bb_ipp_adaptive,target_error,883,73.5,0.14757778622788667
bb_ipp_adaptive,target_error,884,73.58333333333337,0.14758047755546305
bb_ipp_adaptive,target_error,885,73.66666666666663,0.14761106673742924
bb_ipp_adaptive,target_error,886,73.75,0.14755728287037242
bb_ipp_adaptive,target_error,887,73.83333333333337,0.1479270494969894
bb_ipp_adaptive,target_error,888,73.91666666666663,0.147863490251787
bb_ipp_adaptive,target_error,889,74.0,0.14821435613456008
bb_ipp_adaptive,target_error,890,74.08333333333337,0.14825231133311229
bb_ipp_adaptive,target_error,891,74.16666666666663,0.1478075854596643
bb_ipp_adaptive,target_error,892,74.25,0.14767469812188985
bb_ipp_adaptive,target_error,893,74.33333333333337,0.14771447614202518
bb_ipp_adaptive,target_error,894,74.41666666666663,0.14767318907118063
bb_ipp_adaptive,target_error,895,74.5,0.1477038330006099
bb_ipp_adaptive,target_error,896,74.58333333333337,0.14785415008855116
bb_ipp_adaptive,target_error,897,74.66666666666663,0.1479731657113854
bb_ipp_adaptive,target_error,898,74.75,0.14791373006884148
bb_ipp_adaptive,target_error,899,74.83333333333337,0.1481060953028766
bb_ipp_adaptive,target_error,900,74.91666666666663,0.1479823133708684
bb_ipp_adaptive,target_error,901,75.0,0.14804374192998151
bb_ipp_adaptive,target_error,902,75.08333333333337,0.14799182986979545
bb_ipp_adaptive,target_error,903,75.16666666666663,0.14807290603371256
bb_ipp_adaptive,target_error,904,75.25,0.14818847927918427
bb_ipp_adaptive,target_error,905,75.33333333333337,0.1482485277291652
bb_ipp_adaptive,target_error,906,75.41666666666663,0.14815303840786506
bb_ipp_adaptive,target_error,907,75.5,0.14819529092984127
bb_ipp_adaptive,target_error,908,75.58333333333337,0.14818843052035213
bb_ipp_adaptive,target_error,909,75.66666666666663,0.1482251288890922
bb_ipp_adaptive,target_error,910,75.75,0.14826706827319866
bb_ipp_adaptive,target_error,911,75.83333333333337,0.14835189016126354
bb_ipp_adaptive,target_error,912,75.91666666666663,0.14833810318710944
bb_ipp_adaptive,target_error,913,76.0,0.14839074035281363
bb_ipp_adaptive,target_error,914,76.08333333333337,0.14841550072281692
bb_ipp_adaptive,target_error,915,76.16666666666663,0.14851848122037198
bb_ipp_adaptive,target_error,916,76.25,0.14879473014854858
bb_ipp_adaptive,target_error,917,76.33333333333337,0.14889593686527164
bb_ipp_adaptive,target_error,918,76.41666666666663,0.14884159740374486
bb_ipp_adaptive,target_error,919,76.5,0.1488656022777763
bb_ipp_adaptive,target_error,920,76.58333333333337,0.14906291208931513
bb_ipp_adaptive,target_error,921,76.66666666666663,0.1489959376450722
bb_ipp_adaptive,target_error,922,76.75,0.14959756737982385
bb_ipp_adaptive,target_error,923,76.83333333333337,0.14970110733781808
bb_ipp_adaptive,target_error,924,76.91666666666663,0.14952072609232606
bb_ipp_adaptive,target_error,925,77.0,0.14929034903116145
bb_ipp_adaptive,target_error,926,77.08333333333337,0.14971548996448603
bb_ipp_adaptive,target_error,927,77.16666666666663,0.14952918186478026
bb_ipp_adaptive,target_error,928,77.25,0.15009360778251585
bb_ipp_adaptive,target_error,929,77.33333333333337,0.15135246479291642
bb_ipp_adaptive,target_error,930,77.41666666666663,0.15015738608911944
bb_ipp_adaptive,target_error,931,77.5,0.15018617727060973
bb_ipp_adaptive,target_error,932,77.58333333333337,0.1504506431585228
bb_ipp_adaptive,target_error,933,77.66666666666663,0.1510785952336884
bb_ipp_adaptive,target_error,934,77.75,0.1501127188863253
bb_ipp_adaptive,target_error,935,77.83333333333337,0.14955469129695412
bb_ipp_adaptive,target_error,936,77.91666666666663,0.15056195991867177
bb_ipp_adaptive,target_error,937,78.0,0.14988635408405626
bb_ipp_adaptive,target_error,938,78.08333333333337,0.148376051565001
bb_ipp_adaptive,target_error,939,78.16666666666663,0.14810189515111202
bb_ipp_adaptive,target_error,940,78.25,0.14800484739760347
bb_ipp_adaptive,target_error,941,78.33333333333337,0.1481347625471206
bb_ipp_adaptive,target_error,942,78.41666666666663,0.14838916905413357
bb_ipp_adaptive,target_error,943,78.5,0.14880413374964002
bb_ipp_adaptive,target_error,944,78.58333333333337,0.14909582473752014
bb_ipp_adaptive,target_error,945,78.66666666666663,0.14840483521055783
bb_ipp_adaptive,target_error,946,78.75,0.14812093550801925
bb_ipp_adaptive,target_error,947,78.83333333333337,0.14809634804699612
bb_ipp_adaptive,target_error,948,78.91666666666663,0.1482738123696495
bb_ipp_adaptive,target_error,949,79.0,0.14812921232117562
bb_ipp_adaptive,target_error,950,79.08333333333337,0.1481101224200965
bb_ipp_adaptive,target_error,951,79.16666666666663,0.14823375476070635
bb_ipp_adaptive,target_error,952,79.25,0.14832970906734472
bb_ipp_adaptive,target_error,953,79.33333333333337,0.14844109003281503
bb_ipp_adaptive,target_error,954,79.41666666666663,0.1491319681610598
bb_ipp_adaptive,target_error,955,79.5,0.14963557815367107
bb_ipp_adaptive,target_error,956,79.58333333333337,0.14855024147081095
bb_ipp_adaptive,target_error,957,79.66666666666663,0.14797795299371488
bb_ipp_adaptive,target_error,958,79.75,0.14809157240486356
bb_ipp_adaptive,target_error,959,79.83333333333337,0.14810749147327448
bb_ipp_adaptive,target_error,960,79.91666666666663,0.14812793999661825
bb_ipp_adaptive,target_error,961,80.0,0.1484393618554477
bb_ipp_adaptive,target_error,962,80.08333333333337,0.14850499464247957
bb_ipp_adaptive,target_error,963,80.16666666666663,0.1486908968954054
bb_ipp_adaptive,target_error,964,80.25,0.14754940037283285
bb_ipp_adaptive,target_error,965,80.33333333333337,0.14764315085300161
bb_ipp_adaptive,target_error,966,80.41666666666663,0.14767182481528154
bb_ipp_adaptive,target_error,967,80.5,0.14770264335088562
bb_ipp_adaptive,target_error,968,80.58333333333337,0.14833196635210247
bb_ipp_adaptive,target_error,969,80.66666666666663,0.1478066384243913
bb_ipp_adaptive,target_error,970,80.75,0.14806183900712822
bb_ipp_adaptive,target_error,971,80.83333333333337,0.14783388803936862
bb_ipp_adaptive,target_error,972,80.91666666666663,0.1478867452922697
bb_ipp_adaptive,target_error,973,81.0,0.14796514011398473
bb_ipp_adaptive,target_error,974,81.08333333333337,0.1485605785410501
bb_ipp_adaptive,target_error,975,81.16666666666663,0.14848395888475632
bb_ipp_adaptive,target_error,976,81.25,0.14892693169528898
bb_ipp_adaptive,target_error,977,81.33333333333337,0.14957958779218544
bb_ipp_adaptive,target_error,978,81.41666666666663,0.1502912977190141
bb_ipp_adaptive,target_error,979,81.5,0.1493255120128883
bb_ipp_adaptive,target_error,980,81.58333333333337,0.15003601410125614
bb_ipp_adaptive,target_error,981,81.66666666666663,0.15055705713856896
bb_ipp_adaptive,target_error,982,81.75,0.15041183732464716
bb_ipp_adaptive,target_error,983,81.83333333333337,0.15050498653339553
bb_ipp_adaptive,target_error,984,81.91666666666663,0.15082630606910616
bb_ipp_adaptive,target_error,985,82.0,0.15173472440317481
bb_ipp_adaptive,target_error,986,82.08333333333337,0.1522646696288192
bb_ipp_adaptive,target_error,987,82.16666666666663,0.15341937649996695
bb_ipp_adaptive,target_error,988,82.25,0.15353989195226359
bb_ipp_adaptive,target_error,989,82.33333333333337,0.1508792982189858
bb_ipp_adaptive,target_error,990,82.41666666666663,0.15172488861081312
bb_ipp_adaptive,target_error,991,82.5,0.1498446829853444
bb_ipp_adaptive,target_error,992,82.58333333333337,0.1508759450659399
bb_ipp_adaptive,target_error,993,82.66666666666663,0.1516089920010757
bb_ipp_adaptive,target_error,994,82.75,0.148955249814509
bb_ipp_adaptive,target_error,995,82.83333333333337,0.14900904864258965
bb_ipp_adaptive,target_error,996,82.91666666666663,0.14834676592577054
bb_ipp_adaptive,target_error,997,83.0,0.14796905867041246
bb_ipp_adaptive,target_error,998,83.08333333333337,0.14843229802830504
bb_ipp_adaptive,target_error,999,83.16666666666663,0.14748447525262817
bb_ipp_adaptive,target_error,1000,83.25,0.14800593192690847
bb_ipp_adaptive,target_error,1001,83.33333333333337,0.14692395272784164
bb_ipp_adaptive,target_error,1002,83.41666666666663,0.14692669775496334
bb_ipp_adaptive,target_error,1003,83.5,0.14747710118627796
bb_ipp_adaptive,target_error,1004,83.58333333333337,0.148366202181377
bb_ipp_adaptive,target_error,1005,83.66666666666663,0.14842303415580949
bb_ipp_adaptive,target_error,1006,83.75,0.14839694826952715
bb_ipp_adaptive,target_error,1007,83.83333333333337,0.1475007427507782
bb_ipp_adaptive,target_error,1008,83.91666666666663,0.14883544012580455
bb_ipp_adaptive,target_error,1009,84.0,0.1479287024900684
bb_ipp_adaptive,target_error,1010,84.08333333333337,0.14690540917295994
bb_ipp_adaptive,target_error,1011,84.16666666666663,0.14757986499174858
bb_ipp_adaptive,target_error,1012,84.25,0.14789768653976362
bb_ipp_adaptive,target_error,1013,84.33333333333337,0.14778918893291587
bb_ipp_adaptive,target_error,1014,84.41666666666663,0.147286981902753
bb_ipp_adaptive,target_error,1015,84.5,0.14710784414832964
bb_ipp_adaptive,target_error,1016,84.58333333333337,0.1468521266771832
bb_ipp_adaptive,target_error,1017,84.66666666666663,0.14676260323938722
bb_ipp_adaptive,target_error,1018,84.75,0.14679116574789625
bb_ipp_adaptive,target_error,1019,84.83333333333337,0.14680006450293817
bb_ipp_adaptive,target_error,1020,84.91666666666663,0.14687299634039475
bb_ipp_adaptive,target_error,1021,85.0,0.1468626941247405
bb_ipp_adaptive,target_error,1022,85.08333333333337,0.14711610888076226
bb_ipp_adaptive,target_error,1023,85.16666666666663,0.14799195013415187
bb_ipp_adaptive,target_error,1024,85.25,0.14705772596301458
bb_ipp_adaptive,target_error,1025,85.33333333333337,0.1470339179237532
bb_ipp_adaptive,target_error,1026,85.41666666666663,0.1470446894960128
bb_ipp_adaptive,target_error,1027,85.5,0.14711871450171735
bb_ipp_adaptive,target_error,1028,85.58333333333337,0.14704077327466752
bb_ipp_adaptive,target_error,1029,85.66666666666663,0.1470334478865128
bb_ipp_adaptive,target_error,1030,85.75,0.14720112255162002
bb_ipp_adaptive,target_error,1031,85.83333333333337,0.1470320399255052
bb_ipp_adaptive,target_error,1032,85.91666666666663,0.1470143966463877
bb_ipp_adaptive,target_error,1033,86.0,0.14698784096213793
bb_ipp_adaptive,target_error,1034,86.08333333333337,0.14748365830184784
bb_ipp_adaptive,target_error,1035,86.16666666666663,0.14740260256587456
bb_ipp_adaptive,target_error,1036,86.25,0.14705787987800145
bb_ipp_adaptive,target_error,1037,86.33333333333337,0.14676352255163094
bb_ipp_adaptive,target_error,1038,86.41666666666663,0.14672082734063824
bb_ipp_adaptive,target_error,1039,86.5,0.14667064883347578
bb_ipp_adaptive,target_error,1040,86.58333333333337,0.1466303808274071
bb_ipp_adaptive,target_error,1041,86.66666666666663,0.14673360533073354
bb_ipp_adaptive,target_error,1042,86.75,0.1469536635936846
bb_ipp_adaptive,target_error,1043,86.83333333333337,0.1469076243864779
bb_ipp_adaptive,target_error,1044,86.91666666666663,0.14685533185904595
bb_ipp_adaptive,target_error,1045,87.0,0.14679462755392012
bb_ipp_adaptive,target_error,1046,87.08333333333337,0.14672758200504998
bb_ipp_adaptive,target_error,1047,87.16666666666663,0.14676443203733397
bb_ipp_adaptive,target_error,1048,87.25,0.14627372563534607
bb_ipp_adaptive,target_error,1049,87.33333333333337,0.14625759174788294
bb_ipp_adaptive,target_error,1050,87.41666666666663,0.14628143378510336
bb_ipp_adaptive,target_error,1051,87.5,0.14626179692953253
bb_ipp_adaptive,target_error,1052,87.58333333333337,0.14637934523260135
bb_ipp_adaptive,target_error,1053,87.66666666666663,0.14688544317591073
bb_ipp_adaptive,target_error,1054,87.75,0.14698723641329908
bb_ipp_adaptive,target_error,1055,87.83333333333337,0.14635660117782098
bb_ipp_adaptive,target_error,1056,87.91666666666663,0.14634614104986815
bb_ipp_adaptive,target_error,1057,88.0,0.14637183403886841
bb_ipp_adaptive,target_error,1058,88.08333333333337,0.14638133488308236
bb_ipp_adaptive,target_error,1059,88.16666666666663,0.14640641088171827
bb_ipp_adaptive,target_error,1060,88.25,0.1464065469561368
bb_ipp_adaptive,target_error,1061,88.33333333333337,0.1464456210238958
bb_ipp_adaptive,target_error,1062,88.41666666666663,0.14641902219168834
bb_ipp_adaptive,target_error,1063,88.5,0.1464464962546542
bb_ipp_adaptive,target_error,1064,88.58333333333337,0.14652086547270787
bb_ipp_adaptive,target_error,1065,88.66666666666663,0.14644267695128202
bb_ipp_adaptive,target_error,1066,88.75,0.14664142068662325
bb_ipp_adaptive,target_error,1067,88.83333333333337,0.14652186102267353
bb_ipp_adaptive,target_error,1068,88.91666666666663,0.14654849943336884
bb_ipp_adaptive,target_error,1069,89.0,0.14670062104896045
bb_ipp_adaptive,target_error,1070,89.08333333333337,0.14679542263744302
bb_ipp_adaptive,target_error,1071,89.16666666666663,0.14676223712180872
bb_ipp_adaptive,target_error,1072,89.25,0.14666868597294333
bb_ipp_adaptive,target_error,1073,89.33333333333337,0.14669950683177121
bb_ipp_adaptive,target_error,1074,89.41666666666663,0.14676581664091634
bb_ipp_adaptive,target_error,1075,89.5,0.14674920539229686
bb_ipp_adaptive,target_error,1076,89.58333333333337,0.14691592275049842
bb_ipp_adaptive,target_error,1077,89.66666666666663,0.14690772427494905
bb_ipp_adaptive,target_error,1078,89.75,0.1467734498897279
bb_ipp_adaptive,target_error,1079,89.83333333333337,0.1468308407709379
bb_ipp_adaptive,target_error,1080,89.91666666666663,0.14690004240301313
bb_ipp_adaptive,target_error,1081,90.0,0.1468967397698357
bb_ipp_adaptive,target_error,1082,90.08333333333337,0.1478710913633794
bb_ipp_adaptive,target_error,1083,90.16666666666663,0.14830270408491275
bb_ipp_adaptive,target_error,1084,90.25,0.14830066831234845
bb_ipp_adaptive,target_error,1085,90.33333333333337,0.14802190197126155
bb_ipp_adaptive,target_error,1086,90.41666666666663,0.14730075681198468
bb_ipp_adaptive,target_error,1087,90.5,0.1471646553402244
bb_ipp_adaptive,target_error,1088,90.58333333333337,0.1471822461059051
bb_ipp_adaptive,target_error,1089,90.66666666666663,0.14722988315869534
bb_ipp_adaptive,target_error,1090,90.75,0.14731893593177658
bb_ipp_adaptive,target_error,1091,90.83333333333337,0.1481281487571623
bb_ipp_adaptive,target_error,1092,90.91666666666663,0.14751774227891767
bb_ipp_adaptive,target_error,1093,91.0,0.14733102610712465
bb_ipp_adaptive,target_error,1094,91.08333333333337,0.14738167458118617
bb_ipp_adaptive,target_error,1095,91.16666666666663,0.1472872581971054
bb_ipp_adaptive,target_error,1096,91.25,0.1481371007349781
bb_ipp_adaptive,target_error,1097,91.33333333333337,0.1477443804528309
bb_ipp_adaptive,target_error,1098,91.41666666666663,0.14752909899453565
bb_ipp_adaptive,target_error,1099,91.5,0.14804969093646914
bb_ipp_adaptive,target_error,1100,91.58333333333337,0.14916134761629077
bb_ipp_adaptive,target_error,1101,91.66666666666663,0.14807759600643894
bb_ipp_adaptive,target_error,1102,91.75,0.14781726917536395
bb_ipp_adaptive,target_error,1103,91.83333333333337,0.1478003417701827
bb_ipp_adaptive,target_error,1104,91.91666666666663,0.14784369754370244
bb_ipp_adaptive,target_error,1105,92.0,0.14782942869498872
bb_ipp_adaptive,target_error,1106,92.08333333333337,0.14800891037412223
bb_ipp_adaptive,target_error,1107,92.16666666666663,0.14801471122112608
bb_ipp_adaptive,target_error,1108,92.25,0.14845685676859188
bb_ipp_adaptive,target_error,1109,92.33333333333337,0.14797779429088292
bb_ipp_adaptive,target_error,1110,92.41666666666663,0.14800554175860242
bb_ipp_adaptive,target_error,1111,92.5,0.14904589401502202
bb_ipp_adaptive,target_error,1112,92.58333333333337,0.14945966266294397
bb_ipp_adaptive,target_error,1113,92.66666666666663,0.14877813403454998
bb_ipp_adaptive,target_error,1114,92.75,0.14815586878614095
bb_ipp_adaptive,target_error,1115,92.83333333333337,0.14809054621221693
bb_ipp_adaptive,target_error,1116,92.91666666666663,0.1480627432323977
bb_ipp_adaptive,target_error,1117,93.0,0.1480118271135651
bb_ipp_adaptive,target_error,1118,93.08333333333337,0.14798413542097336
bb_ipp_adaptive,target_error,1119,93.16666666666663,0.14791167044170603
bb_ipp_adaptive,target_error,1120,93.25,0.14805422873295657
bb_ipp_adaptive,target_error,1121,93.33333333333337,0.1478901500746824
bb_ipp_adaptive,target_error,1122,93.41666666666663,0.1478470760619596
bb_ipp_adaptive,target_error,1123,93.5,0.14783493270434825
bb_ipp_adaptive,target_error,1124,93.58333333333337,0.14809419128467396
bb_ipp_adaptive,target_error,1125,93.66666666666663,0.14794284852334266
bb_ipp_adaptive,target_error,1126,93.75,0.14772737950216921
bb_ipp_adaptive,target_error,1127,93.83333333333337,0.14826791021669758
bb_ipp_adaptive,target_error,1128,93.91666666666663,0.14849366125789099
bb_ipp_adaptive,target_error,1129,94.0,0.14936162175091866
bb_ipp_adaptive,target_error,1130,94.08333333333337,0.14916823083389152
bb_ipp_adaptive,target_error,1131,94.16666666666663,0.14895549634470873
bb_ipp_adaptive,target_error,1132,94.25,0.14881989182982291
bb_ipp_adaptive,target_error,1133,94.33333333333337,0.14990358723944705
bb_ipp_adaptive,target_error,1134,94.41666666666663,0.15173901309568447
bb_ipp_adaptive,target_error,1135,94.5,0.1496137775834469
bb_ipp_adaptive,target_error,1136,94.58333333333337,0.14961611197532643
bb_ipp_adaptive,target_error,1137,94.66666666666663,0.14867440421578793
bb_ipp_adaptive,target_error,1138,94.75,0.14961106286254808
bb_ipp_adaptive,target_error,1139,94.83333333333337,0.14849281335039088
bb_ipp_adaptive,target_error,1140,94.91666666666663,0.14733217651657465
bb_ipp_adaptive,target_error,1141,95.0,0.14803978134462417
bb_ipp_adaptive,target_error,1142,95.08333333333337,0.14730929593910008
bb_ipp_adaptive,target_error,1143,95.16666666666663,0.1470172625162776
bb_ipp_adaptive,target_error,1144,95.25,0.14744540797629666
bb_ipp_adaptive,target_error,1145,95.33333333333337,0.14721165570088476
bb_ipp_adaptive,target_error,1146,95.41666666666663,0.14745480837940542
bb_ipp_adaptive,target_error,1147,95.5,0.147033595330548
bb_ipp_adaptive,target_error,1148,95.58333333333337,0.14717686712997427
bb_ipp_adaptive,target_error,1149,95.66666666666663,0.14726222985435358
bb_ipp_adaptive,target_error,1150,95.75,0.1475092201366873
bb_ipp_adaptive,target_error,1151,95.83333333333337,0.147484980237599
bb_ipp_adaptive,target_error,1152,95.91666666666663,0.14899020384535938
bb_ipp_adaptive,target_error,1153,96.0,0.14869381519774366
bb_ipp_adaptive,target_error,1154,96.08333333333337,0.1478763871861845
bb_ipp_adaptive,target_error,1155,96.16666666666663,0.14747966245016386
bb_ipp_adaptive,target_error,1156,96.25,0.147748422792567
bb_ipp_adaptive,target_error,1157,96.33333333333337,0.14795208176711802
bb_ipp_adaptive,target_error,1158,96.41666666666663,0.14731157149815313
bb_ipp_adaptive,target_error,1159,96.5,0.147776307551583
bb_ipp_adaptive,target_error,1160,96.58333333333337,0.1472058012864121
bb_ipp_adaptive,target_error,1161,96.66666666666663,0.14727633746207272
bb_ipp_adaptive,target_error,1162,96.75,0.14749980320292252
bb_ipp_adaptive,target_error,1163,96.83333333333337,0.14727500306854158
bb_ipp_adaptive,target_error,1164,96.91666666666663,0.14730833010106562
bb_ipp_adaptive,target_error,1165,97.0,0.14754160987551695
bb_ipp_adaptive,target_error,1166,97.08333333333337,0.1476922136882179
bb_ipp_adaptive,target_error,1167,97.16666666666663,0.1475130458006147
bb_ipp_adaptive,target_error,1168,97.25,0.14757916363207985
bb_ipp_adaptive,target_error,1169,97.33333333333337,0.14751592485519652
bb_ipp_adaptive,target_error,1170,97.41666666666663,0.14825582785197022
bb_ipp_adaptive,target_error,1171,97.5,0.14952977117917884
bb_ipp_adaptive,target_error,1172,97.58333333333337,0.14889758193047484
bb_ipp_adaptive,target_error,1173,97.66666666666663,0.1488057976361149
bb_ipp_adaptive,target_error,1174,97.75,0.14896199121798234
bb_ipp_adaptive,target_error,1175,97.83333333333337,0.15016154931031384
bb_ipp_adaptive,target_error,1176,97.91666666666663,0.1514555709892114
bb_ipp_adaptive,target_error,1177,98.0,0.14975266252948063
bb_ipp_adaptive,target_error,1178,98.08333333333337,0.14882835056124272
bb_ipp_adaptive,target_error,1179,98.16666666666663,0.14853006092721988
bb_ipp_adaptive,target_error,1180,98.25,0.14934401664169306
bb_ipp_adaptive,target_error,1181,98.33333333333337,0.14875477851192873
bb_ipp_adaptive,target_error,1182,98.41666666666663,0.14896804632136282
bb_ipp_adaptive,target_error,1183,98.5,0.14882639814487064
bb_ipp_adaptive,target_error,1184,98.58333333333337,0.14951345772455057
bb_ipp_adaptive,target_error,1185,98.66666666666663,0.14966827818018766
bb_ipp_adaptive,target_error,1186,98.75,0.15055952561535738
bb_ipp_adaptive,target_error,1187,98.83333333333337,0.150282923470286
bb_ipp_adaptive,target_error,1188,98.91666666666663,0.14955693623154426
bb_ipp_adaptive,target_error,1189,99.0,0.14913235128853825
bb_ipp_adaptive,target_error,1190,99.08333333333337,0.149147843667451
bb_ipp_adaptive,target_error,1191,99.16666666666663,0.14901391782070236
bb_ipp_adaptive,target_error,1192,99.25,0.14998792929090443
bb_ipp_adaptive,target_error,1193,99.33333333333337,0.1492142065859003
bb_ipp_adaptive,target_error,1194,99.41666666666663,0.14916577240997314
bb_ipp_adaptive,target_error,1195,99.5,0.15029654997030809
bb_ipp_adaptive,target_error,1196,99.58333333333337,0.14965548842443732
bb_ipp_adaptive,target_error,1197,99.66666666666663,0.1487736617480502
bb_ipp_adaptive,target_error,1198,99.75,0.14872295911983807
bb_ipp_adaptive,target_error,1199,99.83333333333337,0.14870679699030673
bb_ipp_adaptive,target_error,1200,99.91666666666663,0.14875812205685665
bb_ipp_adaptive,target_error,1201,100.0,0.14931073264118222
bb_ipp_adaptive,target_error,1202,100.08333333333337,0.14916086041489593
bb_ipp_adaptive,target_error,1203,100.16666666666663,0.14864561108102314
bb_ipp_adaptive,target_error,1204,100.25,0.1493499970450076
bb_ipp_adaptive,target_error,1205,100.33333333333337,0.14861764064153438
bb_ipp_adaptive,target_error,1206,100.41666666666663,0.14867613549438852
bb_ipp_adaptive,target_error,1207,100.5,0.14833589083852391
bb_ipp_adaptive,target_error,1208,100.58333333333337,0.14878855397998203
bb_ipp_adaptive,target_error,1209,100.66666666666663,0.14975550207126295
bb_ipp_adaptive,target_error,1210,100.75,0.15199543751251415
bb_ipp_adaptive,target_error,1211,100.83333333333337,0.1515981091600621
bb_ipp_adaptive,target_error,1212,100.91666666666663,0.151941687189129
bb_ipp_adaptive,target_error,1213,101.0,0.14868394126132348
bb_ipp_adaptive,target_error,1214,101.08333333333337,0.14796857841382285
bb_ipp_adaptive,target_error,1215,101.16666666666663,0.14831721914430923
bb_ipp_adaptive,target_error,1216,101.25,0.14784822997129676
bb_ipp_adaptive,target_error,1217,101.33333333333337,0.14846810175416
bb_ipp_adaptive,target_error,1218,101.41666666666663,0.14838253155816492
bb_ipp_adaptive,target_error,1219,101.5,0.14845210621194124
bb_ipp_adaptive,target_error,1220,101.58333333333337,0.15027580521759074
bb_ipp_adaptive,target_error,1221,101.66666666666663,0.14969557498370917
bb_ipp_adaptive,target_error,1222,101.75,0.14915512422096014
bb_ipp_adaptive,target_error,1223,101.83333333333337,0.1484857606356158
bb_ipp_adaptive,target_error,1224,101.91666666666663,0.14751613751973458
bb_ipp_adaptive,target_error,1225,102.0,0.1475314113757776
bb_ipp_adaptive,target_error,1226,102.08333333333337,0.14754971222762508
bb_ipp_adaptive,target_error,1227,102.16666666666663,0.14768646663275892
bb_ipp_adaptive,target_error,1228,102.25,0.1478903830378208
bb_ipp_adaptive,target_error,1229,102.33333333333337,0.1482788120554823
bb_ipp_adaptive,target_error,1230,102.41666666666663,0.14944615585950582
bb_ipp_adaptive,target_error,1231,102.5,0.15243813870544787
bb_ipp_adaptive,target_error,1232,102.58333333333337,0.1500195146730139
bb_ipp_adaptive,target_error,1233,102.66666666666663,0.14886193501163617
bb_ipp_adaptive,target_error,1234,102.75,0.14865767598636406
bb_ipp_adaptive,target_error,1235,102.83333333333337,0.1477463078443255
bb_ipp_adaptive,target_error,1236,102.91666666666663,0.14772007276437685
bb_ipp_adaptive,target_error,1237,103.0,0.14780645342655374
bb_ipp_adaptive,target_error,1238,103.08333333333337,0.1479578675848721
bb_ipp_adaptive,target_error,1239,103.16666666666663,0.14828913659916076
bb_ipp_adaptive,target_error,1240,103.25,0.14913330340410214
bb_ipp_adaptive,target_error,1241,103.33333333333337,0.14921425767756868
bb_ipp_adaptive,target_error,1242,103.41666666666663,0.1488393949806558
bb_ipp_adaptive,target_error,1243,103.5,0.148116231995645
bb_ipp_adaptive,target_error,1244,103.58333333333337,0.14793963573289623
bb_ipp_adaptive,target_error,1245,103.66666666666663,0.14798477779232092
bb_ipp_adaptive,target_error,1246,103.75,0.14801404282524097
bb_ipp_adaptive,target_error,1247,103.83333333333337,0.148918667341707
bb_ipp_adaptive,target_error,1248,103.91666666666663,0.148205854546548
bb_ipp_adaptive,target_error,1249,104.0,0.14822645766745415
bb_ipp_adaptive,target_error,1250,104.08333333333337,0.14818934347484566
bb_ipp_adaptive,target_error,1251,104.16666666666663,0.14823310728953237
bb_ipp_adaptive,target_error,1252,104.25,0.14830318287859579
bb_ipp_adaptive,target_error,1253,104.33333333333337,0.14848537410049517
bb_ipp_adaptive,target_error,1254,104.41666666666663,0.1489730437381594
bb_ipp_adaptive,target_error,1255,104.5,0.15092144718151032
bb_ipp_adaptive,target_error,1256,104.58333333333337,0.14968102698655336
bb_ipp_adaptive,target_error,1257,104.66666666666663,0.14971115163813634
bb_ipp_adaptive,target_error,1258,104.75,0.1495084468512205
bb_ipp_adaptive,target_error,1259,104.83333333333337,0.14947969225456223
bb_ipp_adaptive,target_error,1260,104.91666666666663,0.1495468108908368
bb_ipp_adaptive,target_error,1261,105.0,0.14926316426428096
bb_ipp_adaptive,target_error,1262,105.08333333333337,0.14938005857939615
bb_ipp_adaptive,target_error,1263,105.16666666666663,0.15063759866716905
bb_ipp_adaptive,target_error,1264,105.25,0.14870424333393567
bb_ipp_adaptive,target_error,1265,105.33333333333337,0.15031685454881336
bb_ipp_adaptive,target_error,1266,105.41666666666663,0.14997851846523824
bb_ipp_adaptive,target_error,1267,105.5,0.15017316383738682
bb_ipp_adaptive,target_error,1268,105.58333333333337,0.14956143253966078
bb_ipp_adaptive,target_error,1269,105.66666666666663,0.14920662278438912
bb_ipp_adaptive,target_error,1270,105.75,0.14944615905384764
bb_ipp_adaptive,target_error,1271,105.83333333333337,0.14924983571617717
bb_ipp_adaptive,target_error,1272,105.91666666666663,0.1496259439738794
bb_ipp_adaptive,target_error,1273,106.0,0.1495720172039276
bb_ipp_adaptive,target_error,1274,106.08333333333337,0.14892189561720365
bb_ipp_adaptive,target_error,1275,106.16666666666663,0.14890171111958742
bb_ipp_adaptive,target_error,1276,106.25,0.14887950497534858
bb_ipp_adaptive,target_error,1277,106.33333333333337,0.14879414162311966
bb_ipp_adaptive,target_error,1278,106.41666666666663,0.14939075221081183
bb_ipp_adaptive,target_error,1279,106.5,0.1510521289986655
bb_ipp_adaptive,target_error,1280,106.58333333333337,0.14929709066372268
bb_ipp_adaptive,target_error,1281,106.66666666666663,0.15022701769728009
bb_ipp_adaptive,target_error,1282,106.75,0.1487955426056277
bb_ipp_adaptive,target_error,1283,106.83333333333337,0.1482656505674993
bb_ipp_adaptive,target_error,1284,106.91666666666663,0.148295236567576
bb_ipp_adaptive,target_error,1285,107.0,0.14823504656475564
bb_ipp_adaptive,target_error,1286,107.08333333333337,0.14835792627942612
bb_ipp_adaptive,target_error,1287,107.16666666666663,0.1486505887479865
bb_ipp_adaptive,target_error,1288,107.25,0.14792884887671418
bb_ipp_adaptive,target_error,1289,107.33333333333337,0.1484071350564234
bb_ipp_adaptive,target_error,1290,107.41666666666663,0.14808850976626062
bb_ipp_adaptive,target_error,1291,107.5,0.14800606076262113
bb_ipp_adaptive,target_error,1292,107.58333333333337,0.148027378903264
bb_ipp_adaptive,target_error,1293,107.66666666666663,0.14808881525243617
bb_ipp_adaptive,target_error,1294,107.75,0.1480542190716819
bb_ipp_adaptive,target_error,1295,107.83333333333337,0.14825489597967992
bb_ipp_adaptive,target_error,1296,107.91666666666663,0.14867165717312503
bb_ipp_adaptive,target_error,1297,108.0,0.14835975618435182
bb_ipp_adaptive,target_error,1298,108.08333333333337,0.1488679253256219
bb_ipp_adaptive,target_error,1299,108.16666666666663,0.14867556126363635
bb_ipp_adaptive,target_error,1300,108.25,0.1482505811378432
bb_ipp_adaptive,target_error,1301,108.33333333333337,0.14828165100132706
bb_ipp_adaptive,target_error,1302,108.41666666666663,0.14843679415372324
bb_ipp_adaptive,target_error,1303,108.5,0.1482932233455443
bb_ipp_adaptive,target_error,1304,108.58333333333337,0.14843189011604474
bb_ipp_adaptive,target_error,1305,108.66666666666663,0.14840837729656575
bb_ipp_adaptive,target_error,1306,108.75,0.14848992527293742
bb_ipp_adaptive,target_error,1307,108.83333333333337,0.14850883189142433
bb_ipp_adaptive,target_error,1308,108.91666666666663,0.14860566175155182
bb_ipp_adaptive,target_error,1309,109.0,0.14872621455472773
bb_ipp_adaptive,target_error,1310,109.08333333333337,0.1487352355667403
bb_ipp_adaptive,target_error,1311,109.16666666666663,0.1489511058316693
bb_ipp_adaptive,target_error,1312,109.25,0.14870706372973966
bb_ipp_adaptive,target_error,1313,109.33333333333337,0.14873266452269013
bb_ipp_adaptive,target_error,1314,109.41666666666663,0.14885016411226618
bb_ipp_adaptive,target_error,1315,109.5,0.1486431948343221
bb_ipp_adaptive,target_error,1316,109.58333333333337,0.14914234030787357
bb_ipp_adaptive,target_error,1317,109.66666666666663,0.14972551808084913
bb_ipp_adaptive,target_error,1318,109.75,0.15082152583921418
bb_ipp_adaptive,target_error,1319,109.83333333333337,0.15294786511929756
bb_ipp_adaptive,target_error,1320,109.91666666666663,0.1523397269373692
bb_ipp_adaptive,target_error,1321,110.0,0.15334571409425304
bb_ipp_adaptive,target_error,1322,110.08333333333337,0.1517624366555126
bb_ipp_adaptive,target_error,1323,110.16666666666663,0.15286089529489502
bb_ipp_adaptive,target_error,1324,110.25,0.15343528210481316
bb_ipp_adaptive,target_error,1325,110.33333333333337,0.1533716993232978
bb_ipp_adaptive,target_error,1326,110.41666666666663,0.15141156025413752
bb_ipp_adaptive,target_error,1327,110.5,0.15102592526317785
bb_ipp_adaptive,target_error,1328,110.58333333333337,0.1496395993089526
bb_ipp_adaptive,target_error,1329,110.66666666666663,0.1495470073032872
bb_ipp_adaptive,target_error,1330,110.75,0.1495908610467189
bb_ipp_adaptive,target_error,1331,110.83333333333337,0.14975453760728727
bb_ipp_adaptive,target_error,1332,110.91666666666663,0.1497765649636022
bb_ipp_adaptive,target_error,1333,111.0,0.14974986776809818
bb_ipp_adaptive,target_error,1334,111.08333333333337,0.15038994277268083
bb_ipp_adaptive,target_error,1335,111.16666666666663,0.15110801430554696
bb_ipp_adaptive,target_error,1336,111.25,0.1514396534390851
bb_ipp_adaptive,target_error,1337,111.33333333333337,0.15093412655462743
bb_ipp_adaptive,target_error,1338,111.41666666666663,0.1509361530615759
bb_ipp_adaptive,target_error,1339,111.5,0.15088250306265552
bb_ipp_adaptive,target_error,1340,111.58333333333337,0.15146944691053016
bb_ipp_adaptive,target_error,1341,111.66666666666663,0.15156772430714827
bb_ipp_adaptive,target_error,1342,111.75,0.15220767266258833
bb_ipp_adaptive,target_error,1343,111.83333333333337,0.1525203177106017
bb_ipp_adaptive,target_error,1344,111.91666666666663,0.15248623757599372
bb_ipp_adaptive,target_error,1345,112.0,0.1512820537315167
bb_ipp_adaptive,target_error,1346,112.08333333333337,0.15108749996603435
bb_ipp_adaptive,target_error,1347,112.16666666666663,0.15169949550982043
bb_ipp_adaptive,target_error,1348,112.25,0.15150234230359436
bb_ipp_adaptive,target_error,1349,112.33333333333337,0.15167824425278634
bb_ipp_adaptive,target_error,1350,112.41666666666663,0.15192521814540208
bb_ipp_adaptive,target_error,1351,112.5,0.1520726383010816
bb_ipp_adaptive,target_error,1352,112.58333333333337,0.15207395601036094
bb_ipp_adaptive,target_error,1353,112.66666666666663,0.15157582653314494
bb_ipp_adaptive,target_error,1354,112.75,0.151570662227898
bb_ipp_adaptive,target_error,1355,112.83333333333337,0.15168844221771066
bb_ipp_adaptive,target_error,1356,112.91666666666663,0.15155328941760512
bb_ipp_adaptive,target_error,1357,113.0,0.15158991436437813
bb_ipp_adaptive,target_error,1358,113.08333333333337,0.15161637831011993
bb_ipp_adaptive,target_error,1359,113.16666666666663,0.15157710921719136
bb_ipp_adaptive,target_error,1360,113.25,0.15124256304194664
bb_ipp_adaptive,target_error,1361,113.33333333333337,0.15126333077183002
bb_ipp_adaptive,target_error,1362,113.41666666666663,0.1511285767988712
bb_ipp_adaptive,target_error,1363,113.5,0.15106211571883363
bb_ipp_adaptive,target_error,1364,113.58333333333337,0.15131992903001
bb_ipp_adaptive,target_error,1365,113.66666666666663,0.15212798865398683
bb_ipp_adaptive,target_error,1366,113.75,0.15279438475868268
bb_ipp_adaptive,target_error,1367,113.83333333333337,0.15217067244512733
bb_ipp_adaptive,target_error,1368,113.91666666666663,0.1512562246379169
bb_ipp_adaptive,target_error,1369,114.0,0.15065437015611888
bb_ipp_adaptive,target_error,1370,114.08333333333337,0.1509017293004761
bb_ipp_adaptive,target_error,1371,114.16666666666663,0.15044953773790623
bb_ipp_adaptive,target_error,1372,114.25,0.15043755270923448
bb_ipp_adaptive,target_error,1373,114.33333333333337,0.15033606926502416
bb_ipp_adaptive,target_error,1374,114.41666666666663,0.15052819782173535
bb_ipp_adaptive,target_error,1375,114.5,0.15013375332493978
bb_ipp_adaptive,target_error,1376,114.58333333333337,0.15050871506362995
bb_ipp_adaptive,target_error,1377,114.66666666666663,0.15082777200394154
bb_ipp_adaptive,target_error,1378,114.75,0.1506987065182362
bb_ipp_adaptive,target_error,1379,114.83333333333337,0.15092186257172385
bb_ipp_adaptive,target_error,1380,114.91666666666663,0.15000278647001664
bb_ipp_adaptive,target_error,1381,115.0,0.15218487005447706
bb_ipp_adaptive,target_error,1382,115.08333333333337,0.15041006296618187
bb_ipp_adaptive,target_error,1383,115.16666666666663,0.14950132017015935
bb_ipp_adaptive,target_error,1384,115.25,0.15004039641253966
bb_ipp_adaptive,target_error,1385,115.33333333333337,0.14974063407249308
bb_ipp_adaptive,target_error,1386,115.41666666666663,0.14996633785439573
bb_ipp_adaptive,target_error,1387,115.5,0.14951872510807632
bb_ipp_adaptive,target_error,1388,115.58333333333337,0.1494179662540178
bb_ipp_adaptive,target_error,1389,115.66666666666663,0.1502474226022133
bb_ipp_adaptive,target_error,1390,115.75,0.1498036982951099
bb_ipp_adaptive,target_error,1391,115.83333333333337,0.15088638524886924
bb_ipp_adaptive,target_error,1392,115.91666666666663,0.14987085431590302
bb_ipp_adaptive,target_error,1393,116.0,0.15018682140679432
bb_ipp_adaptive,target_error,1394,116.08333333333337,0.1507317920623846
bb_ipp_adaptive,target_error,1395,116.16666666666663,0.1500915687453376
bb_ipp_adaptive,target_error,1396,116.25,0.14973675720972193
bb_ipp_adaptive,target_error,1397,116.33333333333337,0.1501043874014979
bb_ipp_adaptive,target_error,1398,116.41666666666663,0.14991834125027798
bb_ipp_adaptive,target_error,1399,116.5,0.14981502695487114
bb_ipp_adaptive,target_error,1400,116.58333333333337,0.14985821322286014
bb_ipp_adaptive,target_error,1401,116.66666666666663,0.1497041839800311
bb_ipp_adaptive,target_error,1402,116.75,0.15016568887805032
bb_ipp_adaptive,target_error,1403,116.83333333333337,0.1501606300909517
bb_ipp_adaptive,target_error,1404,116.91666666666663,0.15048415825465883
bb_ipp_adaptive,target_error,1405,117.0,0.1499061953704888
bb_ipp_adaptive,target_error,1406,117.08333333333337,0.15035769632769685
bb_ipp_adaptive,target_error,1407,117.16666666666663,0.1504851392771055
bb_ipp_adaptive,target_error,1408,117.25,0.15131437218628438
bb_ipp_adaptive,target_error,1409,117.33333333333337,0.15006679052838326
bb_ipp_adaptive,target_error,1410,117.41666666666663,0.14978601374861342
bb_ipp_adaptive,target_error,1411,117.5,0.1497520722664675
bb_ipp_adaptive,target_error,1412,117.58333333333337,0.14968221850250807
bb_ipp_adaptive,target_error,1413,117.66666666666663,0.1496995056527439
bb_ipp_adaptive,target_error,1414,117.75,0.1498830484422423
bb_ipp_adaptive,target_error,1415,117.83333333333337,0.15002020434811925
bb_ipp_adaptive,target_error,1416,117.91666666666663,0.1500111738101465
bb_ipp_adaptive,target_error,1417,118.0,0.1499939784914985
bb_ipp_adaptive,target_error,1418,118.08333333333337,0.15007989780875103
bb_ipp_adaptive,target_error,1419,118.16666666666663,0.15012477632232593
bb_ipp_adaptive,target_error,1420,118.25,0.15073251353355438
bb_ipp_adaptive,target_error,1421,118.33333333333337,0.15049493106905712
bb_ipp_adaptive,target_error,1422,118.41666666666663,0.150851417644115
bb_ipp_adaptive,target_error,1423,118.5,0.15100739519198908
bb_ipp_adaptive,target_error,1424,118.58333333333337,0.1505040465307444
bb_ipp_adaptive,target_error,1425,118.66666666666663,0.1505642004270207
bb_ipp_adaptive,target_error,1426,118.75,0.15076796344999638
bb_ipp_adaptive,target_error,1427,118.83333333333337,0.15085505735263152
bb_ipp_adaptive,target_error,1428,118.91666666666663,0.1521761193748077
bb_ipp_adaptive,target_error,1429,119.0,0.1513578296222871
bb_ipp_adaptive,target_error,1430,119.08333333333337,0.15135600758194423
bb_ipp_adaptive,target_error,1431,119.16666666666663,0.15165243178216
bb_ipp_adaptive,target_error,1432,119.25,0.15172101715774727
bb_ipp_adaptive,target_error,1433,119.33333333333337,0.153138492839301
bb_ipp_adaptive,target_error,1434,119.41666666666663,0.15143176102773456
bb_ipp_adaptive,target_error,1435,119.5,0.15077528247922312
bb_ipp_adaptive,target_error,1436,119.58333333333337,0.1512440007037444
bb_ipp_adaptive,target_error,1437,119.66666666666663,0.15139922613874776
bb_ipp_adaptive,target_error,1438,119.75,0.15168000030003817
bb_ipp_adaptive,target_error,1439,119.83333333333337,0.15121771141002155
bb_ipp_adaptive,target_error,1440,119.91666666666663,0.15129493192360083
bb_ipp_adaptive,target_error,1441,120.0,0.1501233131791815
bb_ipp_adaptive,target_error,1442,120.08333333333337,0.1498158962118917
bb_ipp_adaptive,target_error,1443,120.16666666666663,0.1514644960749655
bb_ipp_adaptive,target_error,1444,120.25,0.15088134716783283
bb_ipp_adaptive,target_error,1445,120.33333333333337,0.150239747098189
bb_ipp_adaptive,target_error,1446,120.41666666666663,0.14973246861757186
bb_ipp_adaptive,target_error,1447,120.5,0.14933612508112598
bb_ipp_adaptive,target_error,1448,120.58333333333337,0.14939976075284409
bb_ipp_adaptive,target_error,1449,120.66666666666663,0.15073251013930983
bb_ipp_adaptive,target_error,1450,120.75,0.15116457505606068
bb_ipp_adaptive,target_error,1451,120.83333333333337,0.14888071370966338
bb_ipp_adaptive,target_error,1452,120.91666666666663,0.15126756509592262
bb_ipp_adaptive,target_error,1453,121.0,0.1498867635644544
bb_ipp_adaptive,target_error,1454,121.08333333333337,0.1487923579983729
bb_ipp_adaptive,target_error,1455,121.16666666666663,0.14735057157928458
bb_ipp_adaptive,target_error,1456,121.25,0.14779099149704172
bb_ipp_adaptive,target_error,1457,121.33333333333337,0.14752523128592238
bb_ipp_adaptive,target_error,1458,121.41666666666663,0.1475399378342292
bb_ipp_adaptive,target_error,1459,121.5,0.1472293960502265
bb_ipp_adaptive,target_error,1460,121.58333333333337,0.14987764743251222
bb_ipp_adaptive,target_error,1461,121.66666666666663,0.15033607687252407
bb_ipp_adaptive,target_error,1462,121.75,0.14809060055283882
bb_ipp_adaptive,target_error,1463,121.83333333333337,0.14857044782346127
bb_ipp_adaptive,target_error,1464,121.91666666666663,0.1478491532278533
bb_ipp_adaptive,target_error,1465,122.0,0.14755274902788848
bb_ipp_adaptive,target_error,1466,122.08333333333337,0.14782748938086712
bb_ipp_adaptive,target_error,1467,122.16666666666663,0.147633882305933
bb_ipp_adaptive,target_error,1468,122.25,0.14763612357139572
bb_ipp_adaptive,target_error,1469,122.33333333333337,0.14785551398915794
bb_ipp_adaptive,target_error,1470,122.41666666666663,0.1483625311182664
bb_ipp_adaptive,target_error,1471,122.5,0.1479170043969608
bb_ipp_adaptive,target_error,1472,122.58333333333337,0.14805826285990276
bb_ipp_adaptive,target_error,1473,122.66666666666663,0.1481964285767858
bb_ipp_adaptive,target_error,1474,122.75,0.14928959443320985
bb_ipp_adaptive,target_error,1475,122.83333333333337,0.14916121466044013
bb_ipp_adaptive,target_error,1476,122.91666666666663,0.1481069994415361
bb_ipp_adaptive,target_error,1477,123.0,0.1481874495089349
bb_ipp_adaptive,target_error,1478,123.08333333333337,0.14823708952173967
bb_ipp_adaptive,target_error,1479,123.16666666666663,0.14851005604779008
bb_ipp_adaptive,target_error,1480,123.25,0.14826975895344022
bb_ipp_adaptive,target_error,1481,123.33333333333337,0.14858040671486264
bb_ipp_adaptive,target_error,1482,123.41666666666663,0.14900812939995384
bb_ipp_adaptive,target_error,1483,123.5,0.1494098205706793
bb_ipp_adaptive,target_error,1484,123.58333333333337,0.1491909279636099
bb_ipp_adaptive,target_error,1485,123.66666666666663,0.14883972934231113
bb_ipp_adaptive,target_error,1486,123.75,0.14866190612474225
bb_ipp_adaptive,target_error,1487,123.83333333333337,0.14883411928249404
bb_ipp_adaptive,target_error,1488,123.91666666666663,0.14978668975380616
bb_ipp_adaptive,target_error,1489,124.0,0.15097836223674915
bb_ipp_adaptive,target_error,1490,124.08333333333337,0.1523865850294577
bb_ipp_adaptive,target_error,1491,124.16666666666663,0.1511396400723229
bb_ipp_adaptive,target_error,1492,124.25,0.15126365195389155
bb_ipp_adaptive,target_error,1493,124.33333333333337,0.15048401523376417
bb_ipp_adaptive,target_error,1494,124.41666666666663,0.15135021925730732
bb_ipp_adaptive,target_error,1495,124.5,0.1518593455210456
bb_ipp_adaptive,target_error,1496,124.58333333333337,0.1508452937788781
bb_ipp_adaptive,target_error,1497,124.66666666666663,0.15072996639367398
bb_ipp_adaptive,target_error,1498,124.75,0.1500904539183367
bb_ipp_adaptive,target_error,1499,124.83333333333337,0.14991065769503306
bb_ipp_adaptive,target_error,1500,124.91666666666663,0.1495531937881582
bb_ipp_adaptive,target_error,1501,125.0,0.1492679980741872
bb_ipp_adaptive,target_error,1502,125.08333333333337,0.14924194986875935
bb_ipp_adaptive,target_error,1503,125.16666666666663,0.1490004034717299
bb_ipp_adaptive,target_error,1504,125.25,0.14968825651358217
bb_ipp_adaptive,target_error,1505,125.33333333333337,0.14943602459075395
bb_ipp_adaptive,target_error,1506,125.41666666666663,0.14973171121743262
bb_ipp_adaptive,target_error,1507,125.5,0.1499605233266307
bb_ipp_adaptive,target_error,1508,125.58333333333337,0.14931056778531382
bb_ipp_adaptive,target_error,1509,125.66666666666663,0.14962928698471087
bb_ipp_adaptive,target_error,1510,125.75,0.14926268689536537
bb_ipp_adaptive,target_error,1511,125.83333333333337,0.14925709896206513
bb_ipp_adaptive,target_error,1512,125.91666666666663,0.1494651009805412
bb_ipp_adaptive,target_error,1513,126.0,0.14927821420574716
bb_ipp_adaptive,target_error,1514,126.08333333333337,0.14934517861843427
bb_ipp_adaptive,target_error,1515,126.16666666666663,0.14936354691976983
bb_ipp_adaptive,target_error,1516,126.25,0.1494303707709329
bb_ipp_adaptive,target_error,1517,126.33333333333337,0.15068780150103997
bb_ipp_adaptive,target_error,1518,126.41666666666663,0.15171180972667234
bb_ipp_adaptive,target_error,1519,126.5,0.15133217490791448
bb_ipp_adaptive,target_error,1520,126.58333333333337,0.15028143090154955
bb_ipp_adaptive,target_error,1521,126.66666666666663,0.15065991507195547
bb_ipp_adaptive,target_error,1522,126.75,0.14989370714384873
bb_ipp_adaptive,target_error,1523,126.83333333333337,0.15136669354961366
bb_ipp_adaptive,target_error,1524,126.91666666666663,0.15081368449686397
bb_ipp_adaptive,target_error,1525,127.0,0.15197017514139147
bb_ipp_adaptive,target_error,1526,127.08333333333337,0.15191845316686942
bb_ipp_adaptive,target_error,1527,127.16666666666663,0.15194939520280712
bb_ipp_adaptive,target_error,1528,127.25,0.15363067678840536
bb_ipp_adaptive,target_error,1529,127.33333333333337,0.15247782696309645
bb_ipp_adaptive,target_error,1530,127.41666666666663,0.15097568861044375
bb_ipp_adaptive,target_error,1531,127.5,0.15095092896630902
bb_ipp_adaptive,target_error,1532,127.58333333333337,0.1520799420673376
bb_ipp_adaptive,target_error,1533,127.66666666666663,0.1514013918784113
bb_ipp_adaptive,target_error,1534,127.75,0.15130817371783678
bb_ipp_adaptive,target_error,1535,127.83333333333337,0.15185930475175055
bb_ipp_adaptive,target_error,1536,127.91666666666663,0.15090791485376218
bb_ipp_adaptive,target_error,1537,128.0,0.1508278622336212
bb_ipp_adaptive,target_error,1538,128.08333333333337,0.15076900979504865
bb_ipp_adaptive,target_error,1539,128.16666666666663,0.15088499368837138
bb_ipp_adaptive,target_error,1540,128.25,0.15071038865219943
bb_ipp_adaptive,target_error,1541,128.33333333333337,0.15042867669570031
bb_ipp_adaptive,target_error,1542,128.41666666666663,0.15128715699128698
bb_ipp_adaptive,target_error,1543,128.5,0.15210278992468726
bb_ipp_adaptive,target_error,1544,128.58333333333337,0.15143613694787733
bb_ipp_adaptive,target_error,1545,128.66666666666663,0.15271995753004558
bb_ipp_adaptive,target_error,1546,128.75,0.1495115829422213
bb_ipp_adaptive,target_error,1547,128.83333333333337,0.14960174440032156
bb_ipp_adaptive,target_error,1548,128.91666666666663,0.1489256627548877
bb_ipp_adaptive,target_error,1549,129.0,0.1503158532086103
bb_ipp_adaptive,target_error,1550,129.08333333333337,0.1524999087182401
bb_ipp_adaptive,target_error,1551,129.16666666666663,0.1505140308903897
bb_ipp_adaptive,target_error,1552,129.25,0.1499606026501895
bb_ipp_adaptive,target_error,1553,129.33333333333337,0.15016552487589985
bb_ipp_adaptive,target_error,1554,129.41666666666663,0.14999073359976592
bb_ipp_adaptive,target_error,1555,129.5,0.14976075565241517
bb_ipp_adaptive,target_error,1556,129.58333333333337,0.1498550735453325
bb_ipp_adaptive,target_error,1557,129.66666666666663,0.14989409179038746
bb_ipp_adaptive,target_error,1558,129.75,0.14954103589833212
bb_ipp_adaptive,target_error,1559,129.83333333333337,0.14954762412097697
bb_ipp_adaptive,target_error,1560,129.91666666666663,0.14959186780724268
bb_ipp_adaptive,target_error,1561,130.0,0.14957742820662323
bb_ipp_adaptive,target_error,1562,130.08333333333337,0.14971672608859957
bb_ipp_adaptive,target_error,1563,130.16666666666663,0.15021236196779852
bb_ipp_adaptive,target_error,1564,130.25,0.14986905368776238
bb_ipp_adaptive,target_error,1565,130.33333333333337,0.1497997755835338
bb_ipp_adaptive,target_error,1566,130.41666666666663,0.14965677025251792
bb_ipp_adaptive,target_error,1567,130.5,0.14971582126983593
bb_ipp_adaptive,target_error,1568,130.58333333333337,0.1500706087045524
bb_ipp_adaptive,target_error,1569,130.66666666666663,0.1499310465433646
bb_ipp_adaptive,target_error,1570,130.75,0.14989973778863167
bb_ipp_adaptive,target_error,1571,130.83333333333337,0.14991082433967626
bb_ipp_adaptive,target_error,1572,130.91666666666663,0.150087828859572
bb_ipp_adaptive,target_error,1573,131.0,0.1499761453985551
bb_ipp_adaptive,target_error,1574,131.08333333333337,0.15021240084079926
bb_ipp_adaptive,target_error,1575,131.16666666666663,0.15008577584556476
bb_ipp_adaptive,target_error,1576,131.25,0.15013872475659656
bb_ipp_adaptive,target_error,1577,131.33333333333337,0.15039402046113293
bb_ipp_adaptive,target_error,1578,131.41666666666663,0.15024514195295605
bb_ipp_adaptive,target_error,1579,131.5,0.15147884877383347
bb_ipp_adaptive,target_error,1580,131.58333333333337,0.15124682366341993
bb_ipp_adaptive,target_error,1581,131.66666666666663,0.15052229773216955
bb_ipp_adaptive,target_error,1582,131.75,0.1505513236290255
bb_ipp_adaptive,target_error,1583,131.83333333333337,0.15060452903110053
bb_ipp_adaptive,target_error,1584,131.91666666666663,0.15088439326965553
bb_ipp_adaptive,target_error,1585,132.0,0.1508492105395375
bb_ipp_adaptive,target_error,1586,132.08333333333337,0.1512230554179836
bb_ipp_adaptive,target_error,1587,132.16666666666663,0.15100266822739308
bb_ipp_adaptive,target_error,1588,132.25,0.15099316031814172
bb_ipp_adaptive,target_error,1589,132.33333333333337,0.15128492652632236
bb_ipp_adaptive,target_error,1590,132.41666666666663,0.15213669603466576
bb_ipp_adaptive,target_error,1591,132.5,0.15198168273358012
bb_ipp_adaptive,target_error,1592,132.58333333333337,0.1526684470106623
bb_ipp_adaptive,target_error,1593,132.66666666666663,0.15248036434706333
bb_ipp_adaptive,target_error,1594,132.75,0.1527787951260926
bb_ipp_adaptive,target_error,1595,132.83333333333337,0.151837253098311
bb_ipp_adaptive,target_error,1596,132.91666666666663,0.15170200390512928
bb_ipp_adaptive,target_error,1597,133.0,0.15159179011948698
bb_ipp_adaptive,target_error,1598,133.08333333333337,0.15177116268619295
bb_ipp_adaptive,target_error,1599,133.16666666666663,0.15184505897113024
bb_ipp_adaptive,target_error,1600,133.25,0.15222294362668595
bb_ipp_adaptive,target_error,1601,133.33333333333337,0.1519587143711963
bb_ipp_adaptive,target_error,1602,133.41666666666663,0.15206273440499632
bb_ipp_adaptive,target_error,1603,133.5,0.15214122606713915
bb_ipp_adaptive,target_error,1604,133.58333333333337,0.15240358214087502
bb_ipp_adaptive,target_error,1605,133.66666666666663,0.1523694357391457
bb_ipp_adaptive,target_error,1606,133.75,0.15233611611888428
bb_ipp_adaptive,target_error,1607,133.83333333333337,0.15294771279936156
bb_ipp_adaptive,target_error,1608,133.91666666666663,0.15308770323267862
bb_ipp_adaptive,target_error,1609,134.0,0.15298113874080452
bb_ipp_adaptive,target_error,1610,134.08333333333337,0.15360629486654806
bb_ipp_adaptive,target_error,1611,134.16666666666663,0.15265870718651642
bb_ipp_adaptive,target_error,1612,134.25,0.15339849380549286
bb_ipp_adaptive,target_error,1613,134.33333333333337,0.1566977278002959
bb_ipp_adaptive,target_error,1614,134.41666666666663,0.1546945521006895
bb_ipp_adaptive,target_error,1615,134.5,0.15601309053338516
bb_ipp_adaptive,target_error,1616,134.58333333333337,0.15266082480608775
bb_ipp_adaptive,target_error,1617,134.66666666666663,0.1522434332376851
bb_ipp_adaptive,target_error,1618,134.75,0.15206280487842158
bb_ipp_adaptive,target_error,1619,134.83333333333337,0.15210979270414152
bb_ipp_adaptive,target_error,1620,134.91666666666663,0.15277014459807525
bb_ipp_adaptive,target_error,1621,135.0,0.15264577983338437
bb_ipp_adaptive,target_error,1622,135.08333333333337,0.15230749305439062
bb_ipp_adaptive,target_error,1623,135.16666666666663,0.15179159297265363
bb_ipp_adaptive,target_error,1624,135.25,0.15258047469993363
bb_ipp_adaptive,target_error,1625,135.33333333333337,0.15218695437614835
bb_ipp_adaptive,target_error,1626,135.41666666666663,0.15271247590317744
bb_ipp_adaptive,target_error,1627,135.5,0.1524038469861759
bb_ipp_adaptive,target_error,1628,135.58333333333337,0.15197659374177055
bb_ipp_adaptive,target_error,1629,135.66666666666663,0.15283814066486817
bb_ipp_adaptive,target_error,1630,135.75,0.15333210823914875
bb_ipp_adaptive,target_error,1631,135.83333333333337,0.15110587351903948
bb_ipp_adaptive,target_error,1632,135.91666666666663,0.15117842917823807
bb_ipp_adaptive,target_error,1633,136.0,0.1512021152776395
bb_ipp_adaptive,target_error,1634,136.08333333333337,0.151774738759253
bb_ipp_adaptive,target_error,1635,136.16666666666663,0.15099738862870504
bb_ipp_adaptive,target_error,1636,136.25,0.1508353073693932
bb_ipp_adaptive,target_error,1637,136.33333333333337,0.15063283835630945
bb_ipp_adaptive,target_error,1638,136.41666666666663,0.151122214008796
bb_ipp_adaptive,target_error,1639,136.5,0.15054429215024376
bb_ipp_adaptive,target_error,1640,136.58333333333337,0.1501241458313084
bb_ipp_adaptive,target_error,1641,136.66666666666663,0.15014768164382106
bb_ipp_adaptive,target_error,1642,136.75,0.1503132261324032
bb_ipp_adaptive,target_error,1643,136.83333333333337,0.1499911486347612
bb_ipp_adaptive,target_error,1644,136.91666666666663,0.15054615312914446
bb_ipp_adaptive,target_error,1645,137.0,0.15179889916380063
bb_ipp_adaptive,target_error,1646,137.08333333333337,0.15106771629426138
bb_ipp_adaptive,target_error,1647,137.16666666666663,0.15145300247443438
bb_ipp_adaptive,target_error,1648,137.25,0.1505940421233295
bb_ipp_adaptive,target_error,1649,137.33333333333337,0.15152803642099896
bb_ipp_adaptive,target_error,1650,137.41666666666663,0.15208409481983975
bb_ipp_adaptive,target_error,1651,137.5,0.15313065875162638
bb_ipp_adaptive,target_error,1652,137.58333333333337,0.1523753006765788
bb_ipp_adaptive,target_error,1653,137.66666666666663,0.15302442945610728
bb_ipp_adaptive,target_error,1654,137.75,0.15188066621364227
bb_ipp_adaptive,target_error,1655,137.83333333333337,0.15241635770592976
bb_ipp_adaptive,target_error,1656,137.91666666666663,0.15233328884547845
bb_ipp_adaptive,target_error,1657,138.0,0.15282709233177236
bb_ipp_adaptive,target_error,1658,138.08333333333337,0.15230910044935475
bb_ipp_adaptive,target_error,1659,138.16666666666663,0.1518442676558493
bb_ipp_adaptive,target_error,1660,138.25,0.15187194353411293
bb_ipp_adaptive,target_error,1661,138.33333333333337,0.1518982865769719
bb_ipp_adaptive,target_error,1662,138.41666666666663,0.1523905469517092
bb_ipp_adaptive,target_error,1663,138.5,0.15331200929428127
bb_ipp_adaptive,target_error,1664,138.58333333333337,0.155742275106872
bb_ipp_adaptive,target_error,1665,138.66666666666663,0.15492311778790074
bb_ipp_adaptive,target_error,1666,138.75,0.1564593578499868
bb_ipp_adaptive,target_error,1667,138.83333333333337,0.1563149508219387
bb_ipp_adaptive,target_error,1668,138.91666666666663,0.15480237995309556
bb_ipp_adaptive,target_error,1669,139.0,0.15366048995721895
bb_ipp_adaptive,target_error,1670,139.08333333333337,0.15316805717881746
bb_ipp_adaptive,target_error,1671,139.16666666666663,0.15234660666602812
bb_ipp_adaptive,target_error,1672,139.25,0.1526339750167386
bb_ipp_adaptive,target_error,1673,139.33333333333337,0.1521983975282069
bb_ipp_adaptive,target_error,1674,139.41666666666663,0.15216489782491993
bb_ipp_adaptive,target_error,1675,139.5,0.15267291062309793
bb_ipp_adaptive,target_error,1676,139.58333333333337,0.15293017557730473
bb_ipp_adaptive,target_error,1677,139.66666666666663,0.15360870336006222
bb_ipp_adaptive,target_error,1678,139.75,0.15237458658827246
bb_ipp_adaptive,target_error,1679,139.83333333333337,0.15300187362713746
bb_ipp_adaptive,target_error,1680,139.91666666666663,0.15266096605259896
bb_ipp_adaptive,target_error,1681,140.0,0.15235208368725883
bb_ipp_adaptive,target_error,1682,140.08333333333337,0.1537815415047418
bb_ipp_adaptive,target_error,1683,140.16666666666663,0.15305658319049228
bb_ipp_adaptive,target_error,1684,140.25,0.15267005949917442
bb_ipp_adaptive,target_error,1685,140.33333333333337,0.15378626529510078
bb_ipp_adaptive,target_error,1686,140.41666666666663,0.1537206434684428
bb_ipp_adaptive,target_error,1687,140.5,0.15305431040124587
bb_ipp_adaptive,target_error,1688,140.58333333333337,0.15400116727546329
bb_ipp_adaptive,target_error,1689,140.66666666666663,0.15377031013232412
bb_ipp_adaptive,target_error,1690,140.75,0.15328935705321056
bb_ipp_adaptive,target_error,1691,140.83333333333337,0.15281541944766083
bb_ipp_adaptive,target_error,1692,140.91666666666663,0.15304323900416222
bb_ipp_adaptive,target_error,1693,141.0,0.15319306901261334
bb_ipp_adaptive,target_error,1694,141.08333333333337,0.15294290210869024
bb_ipp_adaptive,target_error,1695,141.16666666666663,0.15311385108663156
bb_ipp_adaptive,target_error,1696,141.25,0.1530619625595585
bb_ipp_adaptive,target_error,1697,141.33333333333337,0.153334616192261
bb_ipp_adaptive,target_error,1698,141.41666666666663,0.15332511565068443
bb_ipp_adaptive,target_error,1699,141.5,0.15351969462712006
bb_ipp_adaptive,target_error,1700,141.58333333333337,0.15356293617966998
bb_ipp_adaptive,target_error,1701,141.66666666666663,0.15332461403606368
bb_ipp_adaptive,target_error,1702,141.75,0.15462885082172312
bb_ipp_adaptive,target_error,1703,141.83333333333337,0.1541219319756667
bb_ipp_adaptive,target_error,1704,141.91666666666663,0.15478031276932339
bb_ipp_adaptive,target_error,1705,142.0,0.1552945058307094
bb_ipp_adaptive,target_error,1706,142.08333333333337,0.15688584000963032
bb_ipp_adaptive,target_error,1707,142.16666666666663,0.156414491313892
bb_ipp_adaptive,target_error,1708,142.25,0.15514071658582623
bb_ipp_adaptive,target_error,1709,142.33333333333337,0.1547225289083207
bb_ipp_adaptive,target_error,1710,142.41666666666663,0.15449528571967228
bb_ipp_adaptive,target_error,1711,142.5,0.15453824178437292
bb_ipp_adaptive,target_error,1712,142.58333333333337,0.1545459752534442
bb_ipp_adaptive,target_error,1713,142.66666666666663,0.1545132835003845
bb_ipp_adaptive,target_error,1714,142.75,0.15441385350117
bb_ipp_adaptive,target_error,1715,142.83333333333337,0.15440375235438647
bb_ipp_adaptive,target_error,1716,142.91666666666663,0.15446054513665716
bb_ipp_adaptive,target_error,1717,143.0,0.15439117858843784
bb_ipp_adaptive,target_error,1718,143.08333333333337,0.1546706078191849
bb_ipp_adaptive,target_error,1719,143.16666666666663,0.1542775311548168
bb_ipp_adaptive,target_error,1720,143.25,0.15440940837574416
bb_ipp_adaptive,target_error,1721,143.33333333333337,0.15429955157693123
bb_ipp_adaptive,target_error,1722,143.41666666666663,0.15418029019428467
bb_ipp_adaptive,target_error,1723,143.5,0.15618466039405493
bb_ipp_adaptive,target_error,1724,143.58333333333337,0.1545300197880198
bb_ipp_adaptive,target_error,1725,143.66666666666663,0.1534510000516918
bb_ipp_adaptive,target_error,1726,143.75,0.15369585486356924
bb_ipp_adaptive,target_error,1727,143.83333333333337,0.15514293873353044
bb_ipp_adaptive,target_error,1728,143.91666666666663,0.1552773957583892
bb_ipp_adaptive,target_error,1729,144.0,0.1552931930551029
bb_ipp_adaptive,target_error,1730,144.08333333333337,0.15284115807441814
bb_ipp_adaptive,target_error,1731,144.16666666666663,0.15329594120651105
bb_ipp_adaptive,target_error,1732,144.25,0.1535392436923646
bb_ipp_adaptive,target_error,1733,144.33333333333337,0.15578980706919107
bb_ipp_adaptive,target_error,1734,144.41666666666663,0.15582453808784466
bb_ipp_adaptive,target_error,1735,144.5,0.1536545463103896
bb_ipp_adaptive,target_error,1736,144.58333333333337,0.15277420911994893
bb_ipp_adaptive,target_error,1737,144.66666666666663,0.15289599111347948
bb_ipp_adaptive,target_error,1738,144.75,0.1529033635630602
bb_ipp_adaptive,target_error,1739,144.83333333333337,0.1534841852694637
bb_ipp_adaptive,target_error,1740,144.91666666666663,0.15440334510003692
bb_ipp_adaptive,target_error,1741,145.0,0.15381454087278584
bb_ipp_adaptive,target_error,1742,145.08333333333337,0.15323742944138136
bb_ipp_adaptive,target_error,1743,145.16666666666663,0.15304226239514743
bb_ipp_adaptive,target_error,1744,145.25,0.1536968326387828
bb_ipp_adaptive,target_error,1745,145.33333333333337,0.1536192358438979
bb_ipp_adaptive,target_error,1746,145.41666666666663,0.15431184146079938
bb_ipp_adaptive,target_error,1747,145.5,0.15555265886964342
bb_ipp_adaptive,target_error,1748,145.58333333333337,0.15375057443223109
bb_ipp_adaptive,target_error,1749,145.66666666666663,0.1539243639688564
bb_ipp_adaptive,target_error,1750,145.75,0.15436136107371662
bb_ipp_adaptive,target_error,1751,145.83333333333337,0.15609102966194313
bb_ipp_adaptive,target_error,1752,145.91666666666663,0.1543590895283347
bb_ipp_adaptive,target_error,1753,146.0,0.15315768927762707
bb_ipp_adaptive,target_error,1754,146.08333333333337,0.15232387467083008
bb_ipp_adaptive,target_error,1755,146.16666666666663,0.15424256367174
bb_ipp_adaptive,target_error,1756,146.25,0.15449841999812736
bb_ipp_adaptive,target_error,1757,146.33333333333337,0.1529436534998843
bb_ipp_adaptive,target_error,1758,146.41666666666663,0.15506625327234363
bb_ipp_adaptive,target_error,1759,146.5,0.15409873425205112
bb_ipp_adaptive,target_error,1760,146.58333333333337,0.15363814145889046
bb_ipp_adaptive,target_error,1761,146.66666666666663,0.15303296815528503
bb_ipp_adaptive,target_error,1762,146.75,0.15259668477000862
bb_ipp_adaptive,target_error,1763,146.83333333333337,0.15267744054452795
bb_ipp_adaptive,target_error,1764,146.91666666666663,0.15245157629512626
bb_ipp_adaptive,target_error,1765,147.0,0.15279144000531245
bb_ipp_adaptive,target_error,1766,147.08333333333337,0.15273630668551566
bb_ipp_adaptive,target_error,1767,147.16666666666663,0.15289851829510312
bb_ipp_adaptive,target_error,1768,147.25,0.1532759085288601
bb_ipp_adaptive,target_error,1769,147.33333333333337,0.15414343264459154
bb_ipp_adaptive,target_error,1770,147.41666666666663,0.15377675415920264
bb_ipp_adaptive,target_error,1771,147.5,0.15703697261800123
bb_ipp_adaptive,target_error,1772,147.58333333333337,0.15694723799165106
bb_ipp_adaptive,target_error,1773,147.66666666666663,0.15592275246579862
bb_ipp_adaptive,target_error,1774,147.75,0.15864303129059987
bb_ipp_adaptive,target_error,1775,147.83333333333337,0.1571297671845413
bb_ipp_adaptive,target_error,1776,147.91666666666663,0.15484806411335753
bb_ipp_adaptive,target_error,1777,148.0,0.1541946595458035
bb_ipp_adaptive,target_error,1778,148.08333333333337,0.1561509733651307
bb_ipp_adaptive,target_error,1779,148.16666666666663,0.15532719404864678
bb_ipp_adaptive,target_error,1780,148.25,0.1556328861903115
bb_ipp_adaptive,target_error,1781,148.33333333333337,0.15724177860485747
bb_ipp_adaptive,target_error,1782,148.41666666666663,0.15625399294876827
bb_ipp_adaptive,target_error,1783,148.5,0.15399493995097607
bb_ipp_adaptive,target_error,1784,148.58333333333337,0.15648816241147545
bb_ipp_adaptive,target_error,1785,148.66666666666663,0.1532564392733196
bb_ipp_adaptive,target_error,1786,148.75,0.15185305822889178
bb_ipp_adaptive,target_error,1787,148.83333333333337,0.1530468475077935
bb_ipp_adaptive,target_error,1788,148.91666666666663,0.15488875685385686
bb_ipp_adaptive,target_error,1789,149.0,0.1539916886486927
bb_ipp_adaptive,target_error,1790,149.08333333333337,0.15422522853718867
bb_ipp_adaptive,target_error,1791,149.16666666666663,0.1551447266162605
bb_ipp_adaptive,target_error,1792,149.25,0.15428952050371655
bb_ipp_adaptive,target_error,1793,149.33333333333337,0.15288055860974892
bb_ipp_adaptive,target_error,1794,149.41666666666663,0.15265693213753778
bb_ipp_adaptive,target_error,1795,149.5,0.15179515433273352
bb_ipp_adaptive,target_error,1796,149.58333333333337,0.15244825274415336
bb_ipp_adaptive,target_error,1797,149.66666666666663,0.1536250381004381
bb_ipp_adaptive,target_error,1798,149.75,0.15453063962824085
bb_ipp_adaptive,target_error,1799,149.83333333333337,0.1544994775108246
bb_ipp_adaptive,target_error,1800,149.91666666666663,0.15433658111477308
bb_ipp_adaptive,target_error,1801,150.0,0.15328087318669276
bb_ipp_adaptive,target_error,1802,150.08333333333337,0.1530838613695036
bb_ipp_adaptive,target_error,1803,150.16666666666663,0.1535663992650033
bb_ipp_adaptive,target_error,1804,150.25,0.1537761708337647
bb_ipp_adaptive,target_error,1805,150.33333333333337,0.15265588623612766
bb_ipp_adaptive,target_error,1806,150.41666666666663,0.1526787666291096
bb_ipp_adaptive,target_error,1807,150.5,0.15344315204303868
bb_ipp_adaptive,target_error,1808,150.58333333333337,0.1528268087062819
bb_ipp_adaptive,target_error,1809,150.66666666666663,0.1528981564790437
bb_ipp_adaptive,target_error,1810,150.75,0.15286631655204463
bb_ipp_adaptive,target_error,1811,150.83333333333337,0.15290397293724356
bb_ipp_adaptive,target_error,1812,150.91666666666663,0.15262612422891267
bb_ipp_adaptive,target_error,1813,151.0,0.1526757126986982
bb_ipp_adaptive,target_error,1814,151.08333333333337,0.15375869527498617
bb_ipp_adaptive,target_error,1815,151.16666666666663,0.15334283935945964
bb_ipp_adaptive,target_error,1816,151.25,0.1520250751407121
bb_ipp_adaptive,target_error,1817,151.33333333333337,0.15473465350886198
bb_ipp_adaptive,target_error,1818,151.41666666666663,0.15331444021590615
bb_ipp_adaptive,target_error,1819,151.5,0.1562454587627363
bb_ipp_adaptive,target_error,1820,151.58333333333337,0.15573707457262131
bb_ipp_adaptive,target_error,1821,151.66666666666663,0.15574152406680972
bb_ipp_adaptive,target_error,1822,151.75,0.15138311107937377
bb_ipp_adaptive,target_error,1823,151.83333333333337,0.15034547168100257
bb_ipp_adaptive,target_error,1824,151.91666666666663,0.1503696796521894
bb_ipp_adaptive,target_error,1825,152.0,0.15036973304619006
bb_ipp_adaptive,target_error,1826,152.08333333333337,0.15029609040623298
bb_ipp_adaptive,target_error,1827,152.16666666666663,0.15051850836704334
bb_ipp_adaptive,target_error,1828,152.25,0.15006755860476786
bb_ipp_adaptive,target_error,1829,152.33333333333337,0.15051914740566066
bb_ipp_adaptive,target_error,1830,152.41666666666663,0.1505082007018724
bb_ipp_adaptive,target_error,1831,152.5,0.14968777909340533
bb_ipp_adaptive,target_error,1832,152.58333333333337,0.14957260473076478
bb_ipp_adaptive,target_error,1833,152.66666666666663,0.14922938318252613
bb_ipp_adaptive,target_error,1834,152.75,0.1492662894771614
bb_ipp_adaptive,target_error,1835,152.83333333333337,0.14926844196410374
bb_ipp_adaptive,target_error,1836,152.91666666666663,0.149318846636561
bb_ipp_adaptive,target_error,1837,153.0,0.15103301579286887
bb_ipp_adaptive,target_error,1838,153.08333333333337,0.15243488667122895
bb_ipp_adaptive,target_error,1839,153.16666666666663,0.15148859619856406
bb_ipp_adaptive,target_error,1840,153.25,0.15067136202810102
bb_ipp_adaptive,target_error,1841,153.33333333333337,0.1518665763799584
bb_ipp_adaptive,target_error,1842,153.41666666666663,0.15224086067897033
bb_ipp_adaptive,target_error,1843,153.5,0.15142130513325808
bb_ipp_adaptive,target_error,1844,153.58333333333337,0.1518602183401375
bb_ipp_adaptive,target_error,1845,153.66666666666663,0.15006808913245387
bb_ipp_adaptive,target_error,1846,153.75,0.14998176154215123
bb_ipp_adaptive,target_error,1847,153.83333333333337,0.1499413272941531
bb_ipp_adaptive,target_error,1848,153.91666666666663,0.14973370125016822
bb_ipp_adaptive,target_error,1849,154.0,0.14988620321252594
bb_ipp_adaptive,target_error,1850,154.08333333333337,0.1500038673130568
bb_ipp_adaptive,target_error,1851,154.16666666666663,0.15021264337627616
bb_ipp_adaptive,target_error,1852,154.25,0.15069027795630816
bb_ipp_adaptive,target_error,1853,154.33333333333337,0.150192553380223
bb_ipp_adaptive,target_error,1854,154.41666666666663,0.1509967224910035
bb_ipp_adaptive,target_error,1855,154.5,0.15058862214973104
bb_ipp_adaptive,target_error,1856,154.58333333333337,0.1505217579156563
bb_ipp_adaptive,target_error,1857,154.66666666666663,0.15109493800207238
bb_ipp_adaptive,target_error,1858,154.75,0.15146506033832755
bb_ipp_adaptive,target_error,1859,154.83333333333337,0.1505907993924858
bb_ipp_adaptive,target_error,1860,154.91666666666663,0.1513033697991134
bb_ipp_adaptive,target_error,1861,155.0,0.15070673673656063
bb_ipp_adaptive,target_error,1862,155.08333333333337,0.15077325626641583
bb_ipp_adaptive,target_error,1863,155.16666666666663,0.15184699418651412
bb_ipp_adaptive,target_error,1864,155.25,0.15094414884587215
bb_ipp_adaptive,target_error,1865,155.33333333333337,0.15079846444852693
bb_ipp_adaptive,target_error,1866,155.41666666666663,0.15322894218623226
bb_ipp_adaptive,target_error,1867,155.5,0.1535032125690278
bb_ipp_adaptive,target_error,1868,155.58333333333337,0.15104702451980595
bb_ipp_adaptive,target_error,1869,155.66666666666663,0.15107178218456183
bb_ipp_adaptive,target_error,1870,155.75,0.15198299223165668
bb_ipp_adaptive,target_error,1871,155.83333333333337,0.15191879330882718
bb_ipp_adaptive,target_error,1872,155.91666666666663,0.15079333210702592
bb_ipp_adaptive,target_error,1873,156.0,0.15082934314053326
bb_ipp_adaptive,target_error,1874,156.08333333333337,0.15074785618397527
bb_ipp_adaptive,target_error,1875,156.16666666666663,0.15084023556520576
bb_ipp_adaptive,target_error,1876,156.25,0.15150462583871213
bb_ipp_adaptive,target_error,1877,156.33333333333337,0.15173639875752504
bb_ipp_adaptive,target_error,1878,156.41666666666663,0.15113123825831493
bb_ipp_adaptive,target_error,1879,156.5,0.1514719749968478
bb_ipp_adaptive,target_error,1880,156.58333333333337,0.15206148028581887
bb_ipp_adaptive,target_error,1881,156.66666666666663,0.15170086632756408
bb_ipp_adaptive,target_error,1882,156.75,0.15141448693536783
bb_ipp_adaptive,target_error,1883,156.83333333333337,0.1517078049956609
bb_ipp_adaptive,target_error,1884,156.91666666666663,0.15184492702868982
bb_ipp_adaptive,target_error,1885,157.0,0.15247317891645723
bb_ipp_adaptive,target_error,1886,157.08333333333337,0.15249742862056043
bb_ipp_adaptive,target_error,1887,157.16666666666663,0.151934713916616
bb_ipp_adaptive,target_error,1888,157.25,0.15186304436482273
bb_ipp_adaptive,target_error,1889,157.33333333333337,0.152441577512193
bb_ipp_adaptive,target_error,1890,157.41666666666663,0.15378279767145492
bb_ipp_adaptive,target_error,1891,157.5,0.15261341630104128
bb_ipp_adaptive,target_error,1892,157.58333333333337,0.15245052364661887
bb_ipp_adaptive,target_error,1893,157.66666666666663,0.15240353157815092
bb_ipp_adaptive,target_error,1894,157.75,0.15168155120581178
bb_ipp_adaptive,target_error,1895,157.83333333333337,0.15121161527082647
bb_ipp_adaptive,target_error,1896,157.91666666666663,0.15162686731130015
bb_ipp_adaptive,target_error,1897,158.0,0.15210030541548827
bb_ipp_adaptive,target_error,1898,158.08333333333337,0.15288208746708978
bb_ipp_adaptive,target_error,1899,158.16666666666663,0.15241470778225433
bb_ipp_adaptive,target_error,1900,158.25,0.1522184486690677
bb_ipp_adaptive,target_error,1901,158.33333333333337,0.15099666928370267
bb_ipp_adaptive,target_error,1902,158.41666666666663,0.15072509472741896
bb_ipp_adaptive,target_error,1903,158.5,0.15050986958925555
bb_ipp_adaptive,target_error,1904,158.58333333333337,0.15000185098939042
bb_ipp_adaptive,target_error,1905,158.66666666666663,0.15184624274696618
bb_ipp_adaptive,target_error,1906,158.75,0.15422861993050943
bb_ipp_adaptive,target_error,1907,158.83333333333337,0.15325163583091167
bb_ipp_adaptive,target_error,1908,158.91666666666663,0.15196335433948857
bb_ipp_adaptive,target_error,1909,159.0,0.14851309148370948
bb_ipp_adaptive,target_error,1910,159.08333333333337,0.1514234452954575
bb_ipp_adaptive,target_error,1911,159.16666666666663,0.15177272847794046
bb_ipp_adaptive,target_error,1912,159.25,0.14989846162117693
bb_ipp_adaptive,target_error,1913,159.33333333333337,0.15067050740625232
bb_ipp_adaptive,target_error,1914,159.41666666666663,0.15048787480200504
bb_ipp_adaptive,target_error,1915,159.5,0.15199394457437707
bb_ipp_adaptive,target_error,1916,159.58333333333337,0.15303056248882058
bb_ipp_adaptive,target_error,1917,159.66666666666663,0.15064001289400158
bb_ipp_adaptive,target_error,1918,159.75,0.1472876809947558
bb_ipp_adaptive,target_error,1919,159.83333333333337,0.14890359250161955
bb_ipp_adaptive,target_error,1920,159.91666666666663,0.14849420354188542
bb_ipp_adaptive,target_error,1921,160.0,0.15000404670621498
bb_ipp_adaptive,target_error,1922,160.08333333333337,0.14885330323077295
bb_ipp_adaptive,target_error,1923,160.16666666666663,0.14831857268221346
bb_ipp_adaptive,target_error,1924,160.25,0.14906528139457909
bb_ipp_adaptive,target_error,1925,160.33333333333337,0.14849547459800774
bb_ipp_adaptive,target_error,1926,160.41666666666663,0.1484411351569395
bb_ipp_adaptive,target_error,1927,160.5,0.14853522213405715
bb_ipp_adaptive,target_error,1928,160.58333333333337,0.14931004195151548
bb_ipp_adaptive,target_error,1929,160.66666666666663,0.15004159342977694
bb_ipp_adaptive,target_error,1930,160.75,0.14972315591904972
bb_ipp_adaptive,target_error,1931,160.83333333333337,0.14882638568180667
bb_ipp_adaptive,target_error,1932,160.91666666666663,0.15034035010894353
bb_ipp_adaptive,target_error,1933,161.0,0.14870597897726115
bb_ipp_adaptive,target_error,1934,161.08333333333337,0.14875175822922446
bb_ipp_adaptive,target_error,1935,161.16666666666663,0.1487641833056086
bb_ipp_adaptive,target_error,1936,161.25,0.14899437665747428
bb_ipp_adaptive,target_error,1937,161.33333333333337,0.14912303060344556
bb_ipp_adaptive,target_error,1938,161.41666666666663,0.14996807832112477
bb_ipp_adaptive,target_error,1939,161.5,0.14911660574269076
bb_ipp_adaptive,target_error,1940,161.58333333333337,0.1502435526031515
bb_ipp_adaptive,target_error,1941,161.66666666666663,0.1497519110239607
bb_ipp_adaptive,target_error,1942,161.75,0.14930078082913095
bb_ipp_adaptive,target_error,1943,161.83333333333337,0.14936192752315244
bb_ipp_adaptive,target_error,1944,161.91666666666663,0.14888723465973716
bb_ipp_adaptive,target_error,1945,162.0,0.1491214316542256
bb_ipp_adaptive,target_error,1946,162.08333333333337,0.14943652852664707
bb_ipp_adaptive,target_error,1947,162.16666666666663,0.14917040084409156
bb_ipp_adaptive,target_error,1948,162.25,0.1495385853540876
bb_ipp_adaptive,target_error,1949,162.33333333333337,0.14943153960684566
bb_ipp_adaptive,target_error,1950,162.41666666666663,0.14941054901118303
bb_ipp_adaptive,target_error,1951,162.5,0.14931614034476548
bb_ipp_adaptive,target_error,1952,162.58333333333337,0.14961849521463155
bb_ipp_adaptive,target_error,1953,162.66666666666663,0.14975650358073797
bb_ipp_adaptive,target_error,1954,162.75,0.15000357345993307
bb_ipp_adaptive,target_error,1955,162.83333333333337,0.1496351572186373
bb_ipp_adaptive,target_error,1956,162.91666666666663,0.14951011150276655
bb_ipp_adaptive,target_error,1957,163.0,0.14950508501338236
bb_ipp_adaptive,target_error,1958,163.08333333333337,0.14967878316383135
bb_ipp_adaptive,target_error,1959,163.16666666666663,0.15034577534535978
bb_ipp_adaptive,target_error,1960,163.25,0.15076245351702214
bb_ipp_adaptive,target_error,1961,163.33333333333337,0.15067508549872993
bb_ipp_adaptive,target_error,1962,163.41666666666663,0.15097977350959418
bb_ipp_adaptive,target_error,1963,163.5,0.15117179745912537
bb_ipp_adaptive,target_error,1964,163.58333333333337,0.14981541067046258
bb_ipp_adaptive,target_error,1965,163.66666666666663,0.1502512621028872
bb_ipp_adaptive,target_error,1966,163.75,0.15111081436083018
bb_ipp_adaptive,target_error,1967,163.83333333333337,0.15149983006740958
bb_ipp_adaptive,target_error,1968,163.91666666666663,0.1503178584290743
bb_ipp_adaptive,target_error,1969,164.0,0.14974944131370574
bb_ipp_adaptive,target_error,1970,164.08333333333337,0.1497991722038054
bb_ipp_adaptive,target_error,1971,164.16666666666663,0.14985067804760271
bb_ipp_adaptive,target_error,1972,164.25,0.14991029092596675
bb_ipp_adaptive,target_error,1973,164.33333333333337,0.1505779306237403
bb_ipp_adaptive,target_error,1974,164.41666666666663,0.15015625149714149
bb_ipp_adaptive,target_error,1975,164.5,0.1501234023757795
bb_ipp_adaptive,target_error,1976,164.58333333333337,0.1499638652521776
bb_ipp_adaptive,target_error,1977,164.66666666666663,0.14999307353413385
bb_ipp_adaptive,target_error,1978,164.75,0.15077714732644734
bb_ipp_adaptive,target_error,1979,164.83333333333337,0.15034602352298237
bb_ipp_adaptive,target_error,1980,164.91666666666663,0.15025078560522911
bb_ipp_adaptive,target_error,1981,165.0,0.15052284785912712
bb_ipp_adaptive,target_error,1982,165.08333333333337,0.1517996209037577
bb_ipp_adaptive,target_error,1983,165.16666666666663,0.15116652328606836
bb_ipp_adaptive,target_error,1984,165.25,0.15099544865222836
bb_ipp_adaptive,target_error,1985,165.33333333333337,0.15056340465243506
bb_ipp_adaptive,target_error,1986,165.41666666666663,0.15144285166781216
bb_ipp_adaptive,target_error,1987,165.5,0.1515940040582982
bb_ipp_adaptive,target_error,1988,165.58333333333337,0.15081878853233216
bb_ipp_adaptive,target_error,1989,165.66666666666663,0.15050976842302843
bb_ipp_adaptive,target_error,1990,165.75,0.15062200813160193
bb_ipp_adaptive,target_error,1991,165.83333333333337,0.15063498813770546
bb_ipp_adaptive,target_error,1992,165.91666666666663,0.15064587651456893
bb_ipp_adaptive,target_error,1993,166.0,0.15066587508272114
bb_ipp_adaptive,target_error,1994,166.08333333333337,0.1506674356780696
bb_ipp_adaptive,target_error,1995,166.16666666666663,0.15074997962758588
bb_ipp_adaptive,target_error,1996,166.25,0.15150177573416104
bb_ipp_adaptive,target_error,1997,166.33333333333337,0.1509305917353853
bb_ipp_adaptive,target_error,1998,166.41666666666663,0.15060923247610436
bb_ipp_adaptive,target_error,1999,166.5,0.14978536530298553
bb_ipp_adaptive,target_error,2000,166.58333333333337,0.15009491977454661
bb_ipp_adaptive,target_error,2001,166.66666666666663,0.14958506483358963
bb_ipp_adaptive,target_error,2002,166.75,0.1493226564259584
bb_ipp_adaptive,target_error,2003,166.83333333333337,0.1496489751486812
bb_ipp_adaptive,target_error,2004,166.91666666666663,0.1491935659872592
bb_ipp_adaptive,target_error,2005,167.0,0.14915179497687578
bb_ipp_adaptive,target_error,2006,167.08333333333337,0.1492516577595288
bb_ipp_adaptive,target_error,2007,167.16666666666663,0.14914259029261587
bb_ipp_adaptive,target_error,2008,167.25,0.14953566574740262
bb_ipp_adaptive,target_error,2009,167.33333333333337,0.15173034405196698
bb_ipp_adaptive,target_error,2010,167.41666666666663,0.15245860109388684
bb_ipp_adaptive,target_error,2011,167.5,0.1532952401897783
bb_ipp_adaptive,target_error,2012,167.58333333333337,0.15165108506003241
bb_ipp_adaptive,target_error,2013,167.66666666666663,0.15275751707751772
bb_ipp_adaptive,target_error,2014,167.75,0.15166590142433328
bb_ipp_adaptive,target_error,2015,167.83333333333337,0.15056644065443556
bb_ipp_adaptive,target_error,2016,167.91666666666663,0.1506474723730389
bb_ipp_adaptive,target_error,2017,168.0,0.15089403791245268
bb_ipp_adaptive,target_error,2018,168.08333333333337,0.15066011920850939
bb_ipp_adaptive,target_error,2019,168.16666666666663,0.15079594034601612
bb_ipp_adaptive,target_error,2020,168.25,0.15102329589348715
bb_ipp_adaptive,target_error,2021,168.33333333333337,0.1517577065752403
bb_ipp_adaptive,target_error,2022,168.41666666666663,0.15171255405578943
bb_ipp_adaptive,target_error,2023,168.5,0.1518306156082379
bb_ipp_adaptive,target_error,2024,168.58333333333337,0.15095862756427655
bb_ipp_adaptive,target_error,2025,168.66666666666663,0.15150524658715278
bb_ipp_adaptive,target_error,2026,168.75,0.1511213140363914
bb_ipp_adaptive,target_error,2027,168.83333333333337,0.15111642217554352
bb_ipp_adaptive,target_error,2028,168.91666666666663,0.15139889605105544
bb_ipp_adaptive,target_error,2029,169.0,0.15126801335290424
bb_ipp_adaptive,target_error,2030,169.08333333333337,0.1512901750573677
bb_ipp_adaptive,target_error,2031,169.16666666666663,0.15183767649266539
bb_ipp_adaptive,target_error,2032,169.25,0.15190000432843473
bb_ipp_adaptive,target_error,2033,169.33333333333337,0.15161874338718323
bb_ipp_adaptive,target_error,2034,169.41666666666663,0.15189826122118733
bb_ipp_adaptive,target_error,2035,169.5,0.15160511851624528
bb_ipp_adaptive,target_error,2036,169.58333333333337,0.15171650706508033
bb_ipp_adaptive,target_error,2037,169.66666666666663,0.15207530820443793
bb_ipp_adaptive,target_error,2038,169.75,0.1517671235604717
bb_ipp_adaptive,target_error,2039,169.83333333333337,0.1520466449497214
bb_ipp_adaptive,target_error,2040,169.91666666666663,0.1530930927706113
bb_ipp_adaptive,target_error,2041,170.0,0.1524086098841551
bb_ipp_adaptive,target_error,2042,170.08333333333337,0.1529216657823277
bb_ipp_adaptive,target_error,2043,170.16666666666663,0.1529417875353824
bb_ipp_adaptive,target_error,2044,170.25,0.1547199753408118
bb_ipp_adaptive,target_error,2045,170.33333333333337,0.15366292734485287
bb_ipp_adaptive,target_error,2046,170.41666666666663,0.15421739502239365
bb_ipp_adaptive,target_error,2047,170.5,0.15260999402705103
bb_ipp_adaptive,target_error,2048,170.58333333333337,0.15419199163539576
bb_ipp_adaptive,target_error,2049,170.66666666666663,0.15372476125553622
bb_ipp_adaptive,target_error,2050,170.75,0.15384098527341847
bb_ipp_adaptive,target_error,2051,170.83333333333337,0.15353896344487042
bb_ipp_adaptive,target_error,2052,170.91666666666663,0.15442438009777562
bb_ipp_adaptive,target_error,2053,171.0,0.1542299396110736
bb_ipp_adaptive,target_error,2054,171.08333333333337,0.15427899089206465
bb_ipp_adaptive,target_error,2055,171.16666666666663,0.15354854062329298
bb_ipp_adaptive,target_error,2056,171.25,0.15315074408596663
bb_ipp_adaptive,target_error,2057,171.33333333333337,0.15318904965885058
bb_ipp_adaptive,target_error,2058,171.41666666666663,0.15415353292025907
bb_ipp_adaptive,target_error,2059,171.5,0.1534022543210175
bb_ipp_adaptive,target_error,2060,171.58333333333337,0.15412110871946455
bb_ipp_adaptive,target_error,2061,171.66666666666663,0.15337847869633445
bb_ipp_adaptive,target_error,2062,171.75,0.15363069088252768
bb_ipp_adaptive,target_error,2063,171.83333333333337,0.15348089603403575
bb_ipp_adaptive,target_error,2064,171.91666666666663,0.15407763954046869
bb_ipp_adaptive,target_error,2065,172.0,0.15393939883643692
bb_ipp_adaptive,target_error,2066,172.08333333333337,0.15457356242721731
bb_ipp_adaptive,target_error,2067,172.16666666666663,0.1553592918503525
bb_ipp_adaptive,target_error,2068,172.25,0.15544753410265139
bb_ipp_adaptive,target_error,2069,172.33333333333337,0.15788778654962088
bb_ipp_adaptive,target_error,2070,172.41666666666663,0.1574648729830519
bb_ipp_adaptive,target_error,2071,172.5,0.15476290687606367
bb_ipp_adaptive,target_error,2072,172.58333333333337,0.15616029503943107
bb_ipp_adaptive,target_error,2073,172.66666666666663,0.15432427845034946
bb_ipp_adaptive,target_error,2074,172.75,0.1548525260863445
bb_ipp_adaptive,target_error,2075,172.83333333333337,0.15735459128851698
bb_ipp_adaptive,target_error,2076,172.91666666666663,0.15562973272915115
bb_ipp_adaptive,target_error,2077,173.0,0.15490821465545462
bb_ipp_adaptive,target_error,2078,173.08333333333337,0.15490609037702074
bb_ipp_adaptive,target_error,2079,173.16666666666663,0.15493605154447718
bb_ipp_adaptive,target_error,2080,173.25,0.15537440267239452
bb_ipp_adaptive,target_error,2081,173.33333333333337,0.15494236788182952
bb_ipp_adaptive,target_error,2082,173.41666666666663,0.1551197230090352
bb_ipp_adaptive,target_error,2083,173.5,0.1558197396569652
bb_ipp_adaptive,target_error,2084,173.58333333333337,0.15505811848154513
bb_ipp_adaptive,target_error,2085,173.66666666666663,0.15502931935204797
bb_ipp_adaptive,target_error,2086,173.75,0.15742916322763237
bb_ipp_adaptive,target_error,2087,173.83333333333337,0.15475135106499524
bb_ipp_adaptive,target_error,2088,173.91666666666663,0.1545905995391298
bb_ipp_adaptive,target_error,2089,174.0,0.1537988701866832
bb_ipp_adaptive,target_error,2090,174.08333333333337,0.15352918156229342
bb_ipp_adaptive,target_error,2091,174.16666666666663,0.15489579195565562
bb_ipp_adaptive,target_error,2092,174.25,0.15545044856240292
bb_ipp_adaptive,target_error,2093,174.33333333333337,0.15676179605407858
bb_ipp_adaptive,target_error,2094,174.41666666666663,0.1543802224099692
bb_ipp_adaptive,target_error,2095,174.5,0.15380157818167697
bb_ipp_adaptive,target_error,2096,174.58333333333337,0.1546123919353459
bb_ipp_adaptive,target_error,2097,174.66666666666663,0.15322484000071487
bb_ipp_adaptive,target_error,2098,174.75,0.15274236276644418
bb_ipp_adaptive,target_error,2099,174.83333333333337,0.15300494483794505
bb_ipp_adaptive,target_error,2100,174.91666666666663,0.15273176709087757
bb_ipp_adaptive,target_error,2101,175.0,0.15272432039075434
bb_ipp_adaptive,target_error,2102,175.08333333333337,0.15256706299536282
bb_ipp_adaptive,target_error,2103,175.16666666666663,0.15255144459841066
bb_ipp_adaptive,target_error,2104,175.25,0.1539081379997309
bb_ipp_adaptive,target_error,2105,175.33333333333337,0.1527924341916808
bb_ipp_adaptive,target_error,2106,175.41666666666663,0.15257832809834768
bb_ipp_adaptive,target_error,2107,175.5,0.15246346770480862
bb_ipp_adaptive,target_error,2108,175.58333333333337,0.1522510577452111
bb_ipp_adaptive,target_error,2109,175.66666666666663,0.15224243746351385
bb_ipp_adaptive,target_error,2110,175.75,0.1521593864195216
bb_ipp_adaptive,target_error,2111,175.83333333333337,0.15226732139280677
bb_ipp_adaptive,target_error,2112,175.91666666666663,0.15213474506070382
bb_ipp_adaptive,target_error,2113,176.0,0.15221496444036356
bb_ipp_adaptive,target_error,2114,176.08333333333337,0.15265817451207958
bb_ipp_adaptive,target_error,2115,176.16666666666663,0.15262590543740484
bb_ipp_adaptive,target_error,2116,176.25,0.15498313276164402
bb_ipp_adaptive,target_error,2117,176.33333333333337,0.154053533636337
bb_ipp_adaptive,target_error,2118,176.41666666666663,0.15250676136503585
bb_ipp_adaptive,target_error,2119,176.5,0.1521702321651184
bb_ipp_adaptive,target_error,2120,176.58333333333337,0.1523119245492259
bb_ipp_adaptive,target_error,2121,176.66666666666663,0.15300796392030785
bb_ipp_adaptive,target_error,2122,176.75,0.15270370647736703
bb_ipp_adaptive,target_error,2123,176.83333333333337,0.1537973552049883
bb_ipp_adaptive,target_error,2124,176.91666666666663,0.15317136291487746
bb_ipp_adaptive,target_error,2125,177.0,0.15271066262338595
bb_ipp_adaptive,target_error,2126,177.08333333333337,0.15288814551252233
bb_ipp_adaptive,target_error,2127,177.16666666666663,0.15261288240235607
bb_ipp_adaptive,target_error,2128,177.25,0.1531550023354556
bb_ipp_adaptive,target_error,2129,177.33333333333337,0.15278235803190945
bb_ipp_adaptive,target_error,2130,177.41666666666663,0.153134355985048
bb_ipp_adaptive,target_error,2131,177.5,0.15352754097802981
bb_ipp_adaptive,target_error,2132,177.58333333333337,0.15397602338133384
bb_ipp_adaptive,target_error,2133,177.66666666666663,0.15519245535204065
bb_ipp_adaptive,target_error,2134,177.75,0.15454434188715088
bb_ipp_adaptive,target_error,2135,177.83333333333337,0.1545346724855367
bb_ipp_adaptive,target_error,2136,177.91666666666663,0.15403766880343456
bb_ipp_adaptive,target_error,2137,178.0,0.15309736977837984
bb_ipp_adaptive,target_error,2138,178.08333333333337,0.15295803745796646
bb_ipp_adaptive,target_error,2139,178.16666666666663,0.15331091420033924
bb_ipp_adaptive,target_error,2140,178.25,0.15436394002397608
bb_ipp_adaptive,target_error,2141,178.33333333333337,0.15544537618618653
bb_ipp_adaptive,target_error,2142,178.41666666666663,0.15541927761959431
bb_ipp_adaptive,target_error,2143,178.5,0.15522048889552906
bb_ipp_adaptive,target_error,2144,178.58333333333337,0.1540739737628983
bb_ipp_adaptive,target_error,2145,178.66666666666663,0.15325030893102665
bb_ipp_adaptive,target_error,2146,178.75,0.15250625585435754
bb_ipp_adaptive,target_error,2147,178.83333333333337,0.1525348681122666
bb_ipp_adaptive,target_error,2148,178.91666666666663,0.1525314758616726
bb_ipp_adaptive,target_error,2149,179.0,0.15266697427096357
bb_ipp_adaptive,target_error,2150,179.08333333333337,0.15279641602632424
bb_ipp_adaptive,target_error,2151,179.16666666666663,0.15340983024458496
bb_ipp_adaptive,target_error,2152,179.25,0.15396849429767667
bb_ipp_adaptive,target_error,2153,179.33333333333337,0.1531825719200271
bb_ipp_adaptive,target_error,2154,179.41666666666663,0.15347446809003057
bb_ipp_adaptive,target_error,2155,179.5,0.1566583558175982
bb_ipp_adaptive,target_error,2156,179.58333333333337,0.1614732964443417
bb_ipp_adaptive,target_error,2157,179.66666666666663,0.1584858166512942
bb_ipp_adaptive,target_error,2158,179.75,0.15541533219614742
bb_ipp_adaptive,target_error,2159,179.83333333333337,0.15319189197967084
bb_ipp_adaptive,target_error,2160,179.91666666666663,0.15493400765106738
bb_ipp_adaptive,target_error,2161,180.0,0.15510812792253914
bb_ipp_adaptive,target_error,2162,180.08333333333337,0.1539975129442978
bb_ipp_adaptive,target_error,2163,180.16666666666663,0.15325441186328176
bb_ipp_adaptive,target_error,2164,180.25,0.15325550825153406
bb_ipp_adaptive,target_error,2165,180.33333333333337,0.15373574550123398
bb_ipp_adaptive,target_error,2166,180.41666666666663,0.1537358567415805
bb_ipp_adaptive,target_error,2167,180.5,0.1535425489925077
bb_ipp_adaptive,target_error,2168,180.58333333333337,0.1538349190306927
bb_ipp_adaptive,target_error,2169,180.66666666666663,0.15515795432860982
bb_ipp_adaptive,target_error,2170,180.75,0.15797365260563792
bb_ipp_adaptive,target_error,2171,180.83333333333337,0.15587208336997807
bb_ipp_adaptive,target_error,2172,180.91666666666663,0.15439216815159706
bb_ipp_adaptive,target_error,2173,181.0,0.15438812813368313
bb_ipp_adaptive,target_error,2174,181.08333333333337,0.1544466036294421
bb_ipp_adaptive,target_error,2175,181.16666666666663,0.15464122918119397
bb_ipp_adaptive,target_error,2176,181.25,0.15457966481577703
bb_ipp_adaptive,target_error,2177,181.33333333333337,0.1546742609460276
bb_ipp_adaptive,target_error,2178,181.41666666666663,0.15467254937340313
bb_ipp_adaptive,target_error,2179,181.5,0.15474780837489122
bb_ipp_adaptive,target_error,2180,181.58333333333337,0.1543952277280688
bb_ipp_adaptive,target_error,2181,181.66666666666663,0.1544063199941946
bb_ipp_adaptive,target_error,2182,181.75,0.15436152802564537
bb_ipp_adaptive,target_error,2183,181.83333333333337,0.15441441224856423
bb_ipp_adaptive,target_error,2184,181.91666666666663,0.15432702478167148
bb_ipp_adaptive,target_error,2185,182.0,0.15411158091259264
bb_ipp_adaptive,target_error,2186,182.08333333333337,0.15398661745589798
bb_ipp_adaptive,target_error,2187,182.16666666666663,0.15406214839732543
bb_ipp_adaptive,target_error,2188,182.25,0.15567228286203433
bb_ipp_adaptive,target_error,2189,182.33333333333337,0.1539621336652794
bb_ipp_adaptive,target_error,2190,182.41666666666663,0.15420076135950736
bb_ipp_adaptive,target_error,2191,182.5,0.15508532871949948
bb_ipp_adaptive,target_error,2192,182.58333333333337,0.1540372593250538
bb_ipp_adaptive,target_error,2193,182.66666666666663,0.15391633852122494
bb_ipp_adaptive,target_error,2194,182.75,0.1543636651623088
bb_ipp_adaptive,target_error,2195,182.83333333333337,0.15411157933262837
bb_ipp_adaptive,target_error,2196,182.91666666666663,0.15398855394069144
bb_ipp_adaptive,target_error,2197,183.0,0.15406786040280515
bb_ipp_adaptive,target_error,2198,183.08333333333337,0.1542224452502746
bb_ipp_adaptive,target_error,2199,183.16666666666663,0.15393665046890392
bb_ipp_adaptive,target_error,2200,183.25,0.15446230170361477
bb_ipp_adaptive,target_error,2201,183.33333333333337,0.15385460817723018
bb_ipp_adaptive,target_error,2202,183.41666666666663,0.15384837594107792
bb_ipp_adaptive,target_error,2203,183.5,0.1540687407654975
bb_ipp_adaptive,target_error,2204,183.58333333333337,0.1544244759731726
bb_ipp_adaptive,target_error,2205,183.66666666666663,0.15387653678546553
bb_ipp_adaptive,target_error,2206,183.75,0.15384136139635257
bb_ipp_adaptive,target_error,2207,183.83333333333337,0.1538262268345074
bb_ipp_adaptive,target_error,2208,183.91666666666663,0.15390041272018803
bb_ipp_adaptive,target_error,2209,184.0,0.1539195412675977
bb_ipp_adaptive,target_error,2210,184.08333333333337,0.1538649342539034
bb_ipp_adaptive,target_error,2211,184.16666666666663,0.15399463205822955
bb_ipp_adaptive,target_error,2212,184.25,0.1538857747210911
bb_ipp_adaptive,target_error,2213,184.33333333333337,0.15392912678870999
bb_ipp_adaptive,target_error,2214,184.41666666666663,0.15394463131725628
bb_ipp_adaptive,target_error,2215,184.5,0.15392477024600318
bb_ipp_adaptive,target_error,2216,184.58333333333337,0.1551542062582279
bb_ipp_adaptive,target_error,2217,184.66666666666663,0.15437598377847433
bb_ipp_adaptive,target_error,2218,184.75,0.15441632661317536
bb_ipp_adaptive,target_error,2219,184.83333333333337,0.15416537329173655
bb_ipp_adaptive,target_error,2220,184.91666666666663,0.1575749320507333
bb_ipp_adaptive,target_error,2221,185.0,0.15528579475077078
bb_ipp_adaptive,target_error,2222,185.08333333333337,0.15699817182370351
bb_ipp_adaptive,target_error,2223,185.16666666666663,0.15618949051529937
bb_ipp_adaptive,target_error,2224,185.25,0.15546443343333008
bb_ipp_adaptive,target_error,2225,185.33333333333337,0.155882119981832
bb_ipp_adaptive,target_error,2226,185.41666666666663,0.15799843250555806
bb_ipp_adaptive,target_error,2227,185.5,0.1589077202089602
bb_ipp_adaptive,target_error,2228,185.58333333333337,0.1590206217362648
bb_ipp_adaptive,target_error,2229,185.66666666666663,0.15644326848478293
bb_ipp_adaptive,target_error,2230,185.75,0.15622305340210083
bb_ipp_adaptive,target_error,2231,185.83333333333337,0.15507869784673922
bb_ipp_adaptive,target_error,2232,185.91666666666663,0.15509774131689
bb_ipp_adaptive,target_error,2233,186.0,0.15433060045517252
bb_ipp_adaptive,target_error,2234,186.08333333333337,0.15398905516732
bb_ipp_adaptive,target_error,2235,186.16666666666663,0.15445747321013353
bb_ipp_adaptive,target_error,2236,186.25,0.1540507164085008
bb_ipp_adaptive,target_error,2237,186.33333333333337,0.15504725264532704
bb_ipp_adaptive,target_error,2238,186.41666666666663,0.15590964196373633
bb_ipp_adaptive,target_error,2239,186.5,0.15568803325521635
bb_ipp_adaptive,target_error,2240,186.58333333333337,0.1563502223253655
bb_ipp_adaptive,target_error,2241,186.66666666666663,0.156094436403717
bb_ipp_adaptive,target_error,2242,186.75,0.15952493705802093
bb_ipp_adaptive,target_error,2243,186.83333333333337,0.15818891038425378
bb_ipp_adaptive,target_error,2244,186.91666666666663,0.1559074795817515
bb_ipp_adaptive,target_error,2245,187.0,0.1547334947577167
bb_ipp_adaptive,target_error,2246,187.08333333333337,0.15459218145522155
bb_ipp_adaptive,target_error,2247,187.16666666666663,0.15465504359183913
bb_ipp_adaptive,target_error,2248,187.25,0.1547069684964221
bb_ipp_adaptive,target_error,2249,187.33333333333337,0.15533986213198947
bb_ipp_adaptive,target_error,2250,187.41666666666663,0.15620105308832613
bb_ipp_adaptive,target_error,2251,187.5,0.15684965484592203
bb_ipp_adaptive,target_error,2252,187.58333333333337,0.15610669120549484
bb_ipp_adaptive,target_error,2253,187.66666666666663,0.15555597799538512
bb_ipp_adaptive,target_error,2254,187.75,0.15539493457917605
bb_ipp_adaptive,target_error,2255,187.83333333333337,0.15539447281252003
bb_ipp_adaptive,target_error,2256,187.91666666666663,0.1554122229177771
bb_ipp_adaptive,target_error,2257,188.0,0.15554966583961002
bb_ipp_adaptive,target_error,2258,188.08333333333337,0.15540108384475754
bb_ipp_adaptive,target_error,2259,188.16666666666663,0.1554706087037603
bb_ipp_adaptive,target_error,2260,188.25,0.15574355939330697
bb_ipp_adaptive,target_error,2261,188.33333333333337,0.1564750121130766
bb_ipp_adaptive,target_error,2262,188.41666666666663,0.15654628528562758
bb_ipp_adaptive,target_error,2263,188.5,0.15571806954646605
bb_ipp_adaptive,target_error,2264,188.58333333333337,0.1550437693086241
bb_ipp_adaptive,target_error,2265,188.66666666666663,0.15630479908446712
bb_ipp_adaptive,target_error,2266,188.75,0.15489376707025876
bb_ipp_adaptive,target_error,2267,188.83333333333337,0.15435080237077253
bb_ipp_adaptive,target_error,2268,188.91666666666663,0.1549127965159054
bb_ipp_adaptive,target_error,2269,189.0,0.15477908934388887
bb_ipp_adaptive,target_error,2270,189.08333333333337,0.15467422575125722
bb_ipp_adaptive,target_error,2271,189.16666666666663,0.15494173024285618
bb_ipp_adaptive,target_error,2272,189.25,0.15416876057794077
bb_ipp_adaptive,target_error,2273,189.33333333333337,0.1535762412037115
bb_ipp_adaptive,target_error,2274,189.41666666666663,0.15423384207990531
bb_ipp_adaptive,target_error,2275,189.5,0.15350709687952177
bb_ipp_adaptive,target_error,2276,189.58333333333337,0.1534620852628351
bb_ipp_adaptive,target_error,2277,189.66666666666663,0.15406724471397054
bb_ipp_adaptive,target_error,2278,189.75,0.1533729739280899
bb_ipp_adaptive,target_error,2279,189.83333333333337,0.1539013650961551
bb_ipp_adaptive,target_error,2280,189.91666666666663,0.15321523618689972
bb_ipp_adaptive,target_error,2281,190.0,0.15323690153954656
bb_ipp_adaptive,target_error,2282,190.08333333333337,0.1535364537280288
bb_ipp_adaptive,target_error,2283,190.16666666666663,0.1539658632484178
bb_ipp_adaptive,target_error,2284,190.25,0.15518399809715716
bb_ipp_adaptive,target_error,2285,190.33333333333337,0.1543932736197426
bb_ipp_adaptive,target_error,2286,190.41666666666663,0.15365259498568676
bb_ipp_adaptive,target_error,2287,190.5,0.1537811059033613
bb_ipp_adaptive,target_error,2288,190.58333333333337,0.15372055100281354
bb_ipp_adaptive,target_error,2289,190.66666666666663,0.15376189543194094
bb_ipp_adaptive,target_error,2290,190.75,0.15362376114346823
bb_ipp_adaptive,target_error,2291,190.83333333333337,0.15397557841672857
bb_ipp_adaptive,target_error,2292,190.91666666666663,0.15365806809032492
bb_ipp_adaptive,target_error,2293,191.0,0.15457503762675331
bb_ipp_adaptive,target_error,2294,191.08333333333337,0.15355920739808385
bb_ipp_adaptive,target_error,2295,191.16666666666663,0.15359693512410977
bb_ipp_adaptive,target_error,2296,191.25,0.15380308863492992
bb_ipp_adaptive,target_error,2297,191.33333333333337,0.1535179498891824
bb_ipp_adaptive,target_error,2298,191.41666666666663,0.15367561881386602
bb_ipp_adaptive,target_error,2299,191.5,0.15362923994275784
bb_ipp_adaptive,target_error,2300,191.58333333333337,0.15369260910983182
bb_ipp_adaptive,target_error,2301,191.66666666666663,0.15506084397727354
bb_ipp_adaptive,target_error,2302,191.75,0.1546413521257552
bb_ipp_adaptive,target_error,2303,191.83333333333337,0.1539482665625548
bb_ipp_adaptive,target_error,2304,191.91666666666663,0.153877506075032
bb_ipp_adaptive,target_error,2305,192.0,0.15388162699202712
bb_ipp_adaptive,target_error,2306,192.08333333333337,0.15434117964756097
bb_ipp_adaptive,target_error,2307,192.16666666666663,0.15434502421583982
bb_ipp_adaptive,target_error,2308,192.25,0.1553281820697351
bb_ipp_adaptive,target_error,2309,192.33333333333337,0.15601458277053154
bb_ipp_adaptive,target_error,2310,192.41666666666663,0.1559380409113197
bb_ipp_adaptive,target_error,2311,192.5,0.15642349394369448
bb_ipp_adaptive,target_error,2312,192.58333333333337,0.15486624375785127
bb_ipp_adaptive,target_error,2313,192.66666666666663,0.15505157084036547
bb_ipp_adaptive,target_error,2314,192.75,0.1544393645591393
bb_ipp_adaptive,target_error,2315,192.83333333333337,0.15414088486689848
bb_ipp_adaptive,target_error,2316,192.91666666666663,0.15473123462384786
bb_ipp_adaptive,target_error,2317,193.0,0.15499008959571742
bb_ipp_adaptive,target_error,2318,193.08333333333337,0.1554614515053124
bb_ipp_adaptive,target_error,2319,193.16666666666663,0.1572474239019806
bb_ipp_adaptive,target_error,2320,193.25,0.15522918008113462
bb_ipp_adaptive,target_error,2321,193.33333333333337,0.15483614645776855
bb_ipp_adaptive,target_error,2322,193.41666666666663,0.15376456517549478
bb_ipp_adaptive,target_error,2323,193.5,0.15357618926396305
bb_ipp_adaptive,target_error,2324,193.58333333333337,0.15323884307562213
bb_ipp_adaptive,target_error,2325,193.66666666666663,0.153306914968172
bb_ipp_adaptive,target_error,2326,193.75,0.1535759294094002
bb_ipp_adaptive,target_error,2327,193.83333333333337,0.15324208258347868
bb_ipp_adaptive,target_error,2328,193.91666666666663,0.15337712901448405
bb_ipp_adaptive,target_error,2329,194.0,0.1532905040151731
bb_ipp_adaptive,target_error,2330,194.08333333333337,0.15334766966073918
bb_ipp_adaptive,target_error,2331,194.16666666666663,0.1535494101841595
bb_ipp_adaptive,target_error,2332,194.25,0.15356981350117546
bb_ipp_adaptive,target_error,2333,194.33333333333337,0.15430403145037275
bb_ipp_adaptive,target_error,2334,194.41666666666663,0.15337641979431932
bb_ipp_adaptive,target_error,2335,194.5,0.15340341647818403
bb_ipp_adaptive,target_error,2336,194.58333333333337,0.15379343614868582
bb_ipp_adaptive,target_error,2337,194.66666666666663,0.15374991033462745
bb_ipp_adaptive,target_error,2338,194.75,0.15362027339802192
bb_ipp_adaptive,target_error,2339,194.83333333333337,0.15347338202409427
bb_ipp_adaptive,target_error,2340,194.91666666666663,0.15462366625585755
bb_ipp_adaptive,target_error,2341,195.0,0.1542687967778993
bb_ipp_adaptive,target_error,2342,195.08333333333337,0.15370739210641854
bb_ipp_adaptive,target_error,2343,195.16666666666663,0.15434084598138872
bb_ipp_adaptive,target_error,2344,195.25,0.1550704030271456
bb_ipp_adaptive,target_error,2345,195.33333333333337,0.15525155162389037
bb_ipp_adaptive,target_error,2346,195.41666666666663,0.15389965052369645
bb_ipp_adaptive,target_error,2347,195.5,0.15431298664059268
bb_ipp_adaptive,target_error,2348,195.58333333333337,0.15400934262114385
bb_ipp_adaptive,target_error,2349,195.66666666666663,0.15478946636580432
bb_ipp_adaptive,target_error,2350,195.75,0.1547064155583136
bb_ipp_adaptive,target_error,2351,195.83333333333337,0.15483328001498264
bb_ipp_adaptive,target_error,2352,195.91666666666663,0.15438735680571794
bb_ipp_adaptive,target_error,2353,196.0,0.15471626580583386
bb_ipp_adaptive,target_error,2354,196.08333333333337,0.1562605404070194
bb_ipp_adaptive,target_error,2355,196.16666666666663,0.15623650874503028
bb_ipp_adaptive,target_error,2356,196.25,0.15474069273510316
bb_ipp_adaptive,target_error,2357,196.33333333333337,0.15470522921804794
bb_ipp_adaptive,target_error,2358,196.41666666666663,0.15464568153425726
bb_ipp_adaptive,target_error,2359,196.5,0.1547054866029753
bb_ipp_adaptive,target_error,2360,196.58333333333337,0.15473466109708395
bb_ipp_adaptive,target_error,2361,196.66666666666663,0.15499091509120502
bb_ipp_adaptive,target_error,2362,196.75,0.15450089985781973
bb_ipp_adaptive,target_error,2363,196.83333333333337,0.15500642472578707
bb_ipp_adaptive,target_error,2364,196.91666666666663,0.1549343338306577
bb_ipp_adaptive,target_error,2365,197.0,0.15425197370444704
bb_ipp_adaptive,target_error,2366,197.08333333333337,0.15428333872331387
bb_ipp_adaptive,target_error,2367,197.16666666666663,0.15431792384134474
bb_ipp_adaptive,target_error,2368,197.25,0.1540368199704433
bb_ipp_adaptive,target_error,2369,197.33333333333337,0.15409078690852707
bb_ipp_adaptive,target_error,2370,197.41666666666663,0.15412868254491632
bb_ipp_adaptive,target_error,2371,197.5,0.1540160038822367
bb_ipp_adaptive,target_error,2372,197.58333333333337,0.15398146532735246
bb_ipp_adaptive,target_error,2373,197.66666666666663,0.15405836176705615
bb_ipp_adaptive,target_error,2374,197.75,0.15392551604775973
bb_ipp_adaptive,target_error,2375,197.83333333333337,0.15386279502588238
bb_ipp_adaptive,target_error,2376,197.91666666666663,0.15390202823782118
bb_ipp_adaptive,target_error,2377,198.0,0.15397289794410088
bb_ipp_adaptive,target_error,2378,198.08333333333337,0.153710723589979
bb_ipp_adaptive,target_error,2379,198.16666666666663,0.15370756531138463
bb_ipp_adaptive,target_error,2380,198.25,0.1538067398728311
bb_ipp_adaptive,target_error,2381,198.33333333333337,0.1551141432426659
bb_ipp_adaptive,target_error,2382,198.41666666666663,0.15491848868444458
bb_ipp_adaptive,target_error,2383,198.5,0.1546206055380929
bb_ipp_adaptive,target_error,2384,198.58333333333337,0.15448221414120225
bb_ipp_adaptive,target_error,2385,198.66666666666663,0.15432164416495678
bb_ipp_adaptive,target_error,2386,198.75,0.1557459697962467
bb_ipp_adaptive,target_error,2387,198.83333333333337,0.15527567940086534
bb_ipp_adaptive,target_error,2388,198.91666666666663,0.15440993096987246
bb_ipp_adaptive,target_error,2389,199.0,0.1542306061765059
bb_ipp_adaptive,target_error,2390,199.08333333333337,0.15492492301491761
bb_ipp_adaptive,target_error,2391,199.16666666666663,0.15508631779652116
bb_ipp_adaptive,target_error,2392,199.25,0.1544659125478098
bb_ipp_adaptive,target_error,2393,199.33333333333337,0.15453231918929827
bb_ipp_adaptive,target_error,2394,199.41666666666663,0.1547905543861097
bb_ipp_adaptive,target_error,2395,199.5,0.1556912544006713
bb_ipp_adaptive,target_error,2396,199.58333333333337,0.15494102452902017
bb_ipp_adaptive,target_error,2397,199.66666666666663,0.1546053312865195
bb_ipp_adaptive,target_error,2398,199.75,0.15443584196195778
bb_ipp_adaptive,target_error,2399,199.83333333333337,0.15449570316199202
bb_ipp_adaptive,target_error,2400,199.91666666666663,0.15468022714582882
bb_ipp_adaptive,target_error,2401,200.0,0.15442907246057658
bb_ipp_adaptive,target_error,2402,200.08333333333337,0.15498245972574182
bb_ipp_adaptive,target_error,2403,200.16666666666663,0.1546721512969515
bb_ipp_adaptive,target_error,2404,200.25,0.15458262600576478
bb_ipp_adaptive,target_error,2405,200.33333333333337,0.15474149162257383
bb_ipp_adaptive,target_error,2406,200.41666666666663,0.15698989472307284
bb_ipp_adaptive,target_error,2407,200.5,0.15485960918437722
bb_ipp_adaptive,target_error,2408,200.58333333333337,0.15537012497154273
bb_ipp_adaptive,target_error,2409,200.66666666666663,0.15474320090618832
bb_ipp_adaptive,target_error,2410,200.75,0.15477027099586121
bb_ipp_adaptive,target_error,2411,200.83333333333337,0.15485962936390474
bb_ipp_adaptive,target_error,2412,200.91666666666663,0.15474116995846732
bb_ipp_adaptive,target_error,2413,201.0,0.1547986540214001
bb_ipp_adaptive,target_error,2414,201.08333333333337,0.1550011682022983
bb_ipp_adaptive,target_error,2415,201.16666666666663,0.15552015563215485
bb_ipp_adaptive,target_error,2416,201.25,0.15598352334707663
bb_ipp_adaptive,target_error,2417,201.33333333333337,0.15502700824035068
bb_ipp_adaptive,target_error,2418,201.41666666666663,0.15510334081747526
bb_ipp_adaptive,target_error,2419,201.5,0.15508339014459216
bb_ipp_adaptive,target_error,2420,201.58333333333337,0.15564033691076035
bb_ipp_adaptive,target_error,2421,201.66666666666663,0.15484985072301224
bb_ipp_adaptive,target_error,2422,201.75,0.15495512059146554
bb_ipp_adaptive,target_error,2423,201.83333333333337,0.1560797169226719
bb_ipp_adaptive,target_error,2424,201.91666666666663,0.1569154667485996
bb_ipp_adaptive,target_error,2425,202.0,0.157417010114845
bb_ipp_adaptive,target_error,2426,202.08333333333337,0.15746063053911477
bb_ipp_adaptive,target_error,2427,202.16666666666663,0.16091125937619555
bb_ipp_adaptive,target_error,2428,202.25,0.1601944847585005
bb_ipp_adaptive,target_error,2429,202.33333333333337,0.158720282063813
bb_ipp_adaptive,target_error,2430,202.41666666666663,0.15784952808347147
bb_ipp_adaptive,target_error,2431,202.5,0.1558711605910239
bb_ipp_adaptive,target_error,2432,202.58333333333337,0.15547356703965717
bb_ipp_adaptive,target_error,2433,202.66666666666663,0.1554795609929206
bb_ipp_adaptive,target_error,2434,202.75,0.15596381252753885
bb_ipp_adaptive,target_error,2435,202.83333333333337,0.15566644673104682
bb_ipp_adaptive,target_error,2436,202.91666666666663,0.15610173368624994
bb_ipp_adaptive,target_error,2437,203.0,0.1560259926913253
bb_ipp_adaptive,target_error,2438,203.08333333333337,0.15580578666327274
bb_ipp_adaptive,target_error,2439,203.16666666666663,0.15584255449410983
bb_ipp_adaptive,target_error,2440,203.25,0.15616058474227915
bb_ipp_adaptive,target_error,2441,203.33333333333337,0.1567392031787662
bb_ipp_adaptive,target_error,2442,203.41666666666663,0.1568202987148548
bb_ipp_adaptive,target_error,2443,203.5,0.15726190512165994
bb_ipp_adaptive,target_error,2444,203.58333333333337,0.15894474937799433
bb_ipp_adaptive,target_error,2445,203.66666666666663,0.15899077118941368
bb_ipp_adaptive,target_error,2446,203.75,0.15915135236165287
bb_ipp_adaptive,target_error,2447,203.83333333333337,0.15753990201937343
bb_ipp_adaptive,target_error,2448,203.91666666666663,0.1572362356320864
bb_ipp_adaptive,target_error,2449,204.0,0.15756904765141966
bb_ipp_adaptive,target_error,2450,204.08333333333337,0.1570091797443598
bb_ipp_adaptive,target_error,2451,204.16666666666663,0.1570945162117957
bb_ipp_adaptive,target_error,2452,204.25,0.1568911760653154
bb_ipp_adaptive,target_error,2453,204.33333333333337,0.1569161526308361
bb_ipp_adaptive,target_error,2454,204.41666666666663,0.1572695782175432
bb_ipp_adaptive,target_error,2455,204.5,0.15672289004744253
bb_ipp_adaptive,target_error,2456,204.58333333333337,0.15664262957018146
bb_ipp_adaptive,target_error,2457,204.66666666666663,0.15649834440017818
bb_ipp_adaptive,target_error,2458,204.75,0.15637484343339342
bb_ipp_adaptive,target_error,2459,204.83333333333337,0.15708172793097172
bb_ipp_adaptive,target_error,2460,204.91666666666663,0.15711168416100524
bb_ipp_adaptive,target_error,2461,205.0,0.15669529597784143
bb_ipp_adaptive,target_error,2462,205.08333333333337,0.15794120582506405
bb_ipp_adaptive,target_error,2463,205.16666666666663,0.15708836986368876
bb_ipp_adaptive,target_error,2464,205.25,0.15559157444042734
bb_ipp_adaptive,target_error,2465,205.33333333333337,0.1567918685340228
bb_ipp_adaptive,target_error,2466,205.41666666666663,0.15620344722147367
bb_ipp_adaptive,target_error,2467,205.5,0.15687326547179198
bb_ipp_adaptive,target_error,2468,205.58333333333337,0.15542021405318038
bb_ipp_adaptive,target_error,2469,205.66666666666663,0.15615106089975334
bb_ipp_adaptive,target_error,2470,205.75,0.1554242307312662
bb_ipp_adaptive,target_error,2471,205.83333333333337,0.15531477687701542
bb_ipp_adaptive,target_error,2472,205.91666666666663,0.15566728602853974
bb_ipp_adaptive,target_error,2473,206.0,0.1558719158232401
bb_ipp_adaptive,target_error,2474,206.08333333333337,0.15554260276744028
bb_ipp_adaptive,target_error,2475,206.16666666666663,0.15537528601463693
bb_ipp_adaptive,target_error,2476,206.25,0.15509465028302305
bb_ipp_adaptive,target_error,2477,206.33333333333337,0.15549617729161824
bb_ipp_adaptive,target_error,2478,206.41666666666663,0.15790947867173916
bb_ipp_adaptive,target_error,2479,206.5,0.1600582470410747
bb_ipp_adaptive,target_error,2480,206.58333333333337,0.15826779281532846
bb_ipp_adaptive,target_error,2481,206.66666666666663,0.1572893936806414
bb_ipp_adaptive,target_error,2482,206.75,0.16079199436567718
bb_ipp_adaptive,target_error,2483,206.83333333333337,0.1576362065253681
bb_ipp_adaptive,target_error,2484,206.91666666666663,0.15726500715350072
bb_ipp_adaptive,target_error,2485,207.0,0.15614779209753757
bb_ipp_adaptive,target_error,2486,207.08333333333337,0.15461530411759386
bb_ipp_adaptive,target_error,2487,207.16666666666663,0.15523130556154113
bb_ipp_adaptive,target_error,2488,207.25,0.15467837191120673
bb_ipp_adaptive,target_error,2489,207.33333333333337,0.1545109848009604
bb_ipp_adaptive,target_error,2490,207.41666666666663,0.15515256614465425
bb_ipp_adaptive,target_error,2491,207.5,0.15440597148649532
bb_ipp_adaptive,target_error,2492,207.58333333333337,0.15439683559959338
bb_ipp_adaptive,target_error,2493,207.66666666666663,0.15440919851617918
bb_ipp_adaptive,target_error,2494,207.75,0.15441887237361868
bb_ipp_adaptive,target_error,2495,207.83333333333337,0.15512361558101895
bb_ipp_adaptive,target_error,2496,207.91666666666663,0.15578150550975992
bb_ipp_adaptive,target_error,2497,208.0,0.15572837906037298
bb_ipp_adaptive,target_error,2498,208.08333333333337,0.15454284063713497
bb_ipp_adaptive,target_error,2499,208.16666666666663,0.15446704884608778
bb_ipp_adaptive,target_error,2500,208.25,0.15446565650582683
bb_ipp_adaptive,target_error,2501,208.33333333333337,0.1545167401767469
bb_ipp_adaptive,target_error,2502,208.41666666666663,0.1551380823700144
bb_ipp_adaptive,target_error,2503,208.5,0.15455380984273107
bb_ipp_adaptive,target_error,2504,208.58333333333337,0.15510146405388148
bb_ipp_adaptive,target_error,2505,208.66666666666663,0.15471569782065395
bb_ipp_adaptive,target_error,2506,208.75,0.15466140407879808
bb_ipp_adaptive,target_error,2507,208.83333333333337,0.15483490297174257
bb_ipp_adaptive,target_error,2508,208.91666666666663,0.15533357935644812
bb_ipp_adaptive,target_error,2509,209.0,0.15554542793946094
bb_ipp_adaptive,target_error,2510,209.08333333333337,0.15919294100614984
bb_ipp_adaptive,target_error,2511,209.16666666666663,0.1576843571234328
bb_ipp_adaptive,target_error,2512,209.25,0.1564490651591272
bb_ipp_adaptive,target_error,2513,209.33333333333337,0.15477248414522485
bb_ipp_adaptive,target_error,2514,209.41666666666663,0.15550989003162924
bb_ipp_adaptive,target_error,2515,209.5,0.1548823680655558
bb_ipp_adaptive,target_error,2516,209.58333333333337,0.15502523666925916
bb_ipp_adaptive,target_error,2517,209.66666666666663,0.15567402980918976
bb_ipp_adaptive,target_error,2518,209.75,0.157481854139548
bb_ipp_adaptive,target_error,2519,209.83333333333337,0.15581788298855562
bb_ipp_adaptive,target_error,2520,209.91666666666663,0.1573358490793102
bb_ipp_adaptive,target_error,2521,210.0,0.15743992348803576
bb_ipp_adaptive,target_error,2522,210.08333333333337,0.1586259391550998
bb_ipp_adaptive,target_error,2523,210.16666666666663,0.15966191561799115
bb_ipp_adaptive,target_error,2524,210.25,0.15929386175109353
bb_ipp_adaptive,target_error,2525,210.33333333333337,0.15780968054361472
bb_ipp_adaptive,target_error,2526,210.41666666666663,0.16334110894726506
bb_ipp_adaptive,target_error,2527,210.5,0.1648616759850235
bb_ipp_adaptive,target_error,2528,210.58333333333337,0.1612310086680812
bb_ipp_adaptive,target_error,2529,210.66666666666663,0.15821767464388728
bb_ipp_adaptive,target_error,2530,210.75,0.1580685879830091
bb_ipp_adaptive,target_error,2531,210.83333333333337,0.15754588032465666
bb_ipp_adaptive,target_error,2532,210.91666666666663,0.15804203921462015
bb_ipp_adaptive,target_error,2533,211.0,0.15751783696419927
bb_ipp_adaptive,target_error,2534,211.08333333333337,0.15743029108730175
bb_ipp_adaptive,target_error,2535,211.16666666666663,0.15760170725811273
bb_ipp_adaptive,target_error,2536,211.25,0.15766687473460056
bb_ipp_adaptive,target_error,2537,211.33333333333337,0.15758518509308217
bb_ipp_adaptive,target_error,2538,211.41666666666663,0.1568874539204202
bb_ipp_adaptive,target_error,2539,211.5,0.157560930501073
bb_ipp_adaptive,target_error,2540,211.58333333333337,0.15881916220163497
bb_ipp_adaptive,target_error,2541,211.66666666666663,0.16109419704593833
bb_ipp_adaptive,target_error,2542,211.75,0.16072514338805283
bb_ipp_adaptive,target_error,2543,211.83333333333337,0.16149197115246272
bb_ipp_adaptive,target_error,2544,211.91666666666663,0.15889416446982244
bb_ipp_adaptive,target_error,2545,212.0,0.15848309048184597
bb_ipp_adaptive,target_error,2546,212.08333333333337,0.1580721773079676
bb_ipp_adaptive,target_error,2547,212.16666666666663,0.15751984126793786
bb_ipp_adaptive,target_error,2548,212.25,0.15722267265681075
bb_ipp_adaptive,target_error,2549,212.33333333333337,0.15767002999632085
bb_ipp_adaptive,target_error,2550,212.41666666666663,0.15706488984474032
bb_ipp_adaptive,target_error,2551,212.5,0.157669025559933
bb_ipp_adaptive,target_error,2552,212.58333333333337,0.1570203532681671
bb_ipp_adaptive,target_error,2553,212.66666666666663,0.15733662153256003
bb_ipp_adaptive,target_error,2554,212.75,0.15751077837021707
bb_ipp_adaptive,target_error,2555,212.83333333333337,0.15689077979009025
bb_ipp_adaptive,target_error,2556,212.91666666666663,0.15678326643965432
bb_ipp_adaptive,target_error,2557,213.0,0.15675270223769427
bb_ipp_adaptive,target_error,2558,213.08333333333337,0.1567243486883909
bb_ipp_adaptive,target_error,2559,213.16666666666663,0.15710774267720895
bb_ipp_adaptive,target_error,2560,213.25,0.1575486646665714
bb_ipp_adaptive,target_error,2561,213.33333333333337,0.15741019474150403
bb_ipp_adaptive,target_error,2562,213.41666666666663,0.15815470526190123
bb_ipp_adaptive,target_error,2563,213.5,0.15707304151451926
bb_ipp_adaptive,target_error,2564,213.58333333333337,0.1577253571985184
bb_ipp_adaptive,target_error,2565,213.66666666666663,0.15836794502520393
bb_ipp_adaptive,target_error,2566,213.75,0.15946975585305306
bb_ipp_adaptive,target_error,2567,213.83333333333337,0.158254619099134
bb_ipp_adaptive,target_error,2568,213.91666666666663,0.1568917756567528
bb_ipp_adaptive,target_error,2569,214.0,0.15657983549935475
bb_ipp_adaptive,target_error,2570,214.08333333333337,0.15655952549395577
bb_ipp_adaptive,target_error,2571,214.16666666666663,0.15715685734328866
bb_ipp_adaptive,target_error,2572,214.25,0.15721795772147087
bb_ipp_adaptive,target_error,2573,214.33333333333337,0.15754076272318615
bb_ipp_adaptive,target_error,2574,214.41666666666663,0.15649092566530712
bb_ipp_adaptive,target_error,2575,214.5,0.15653012408558473
bb_ipp_adaptive,target_error,2576,214.58333333333337,0.15704802820560537
bb_ipp_adaptive,target_error,2577,214.66666666666663,0.15659775299965698
bb_ipp_adaptive,target_error,2578,214.75,0.15698769423221443
bb_ipp_adaptive,target_error,2579,214.83333333333337,0.15861462124425493
bb_ipp_adaptive,target_error,2580,214.91666666666663,0.15656292324091262
bb_ipp_adaptive,target_error,2581,215.0,0.15795104567046522
bb_ipp_adaptive,target_error,2582,215.08333333333337,0.15810643439741384
bb_ipp_adaptive,target_error,2583,215.16666666666663,0.15764832623221836
bb_ipp_adaptive,target_error,2584,215.25,0.15837109749225697
bb_ipp_adaptive,target_error,2585,215.33333333333337,0.1568990532576162
bb_ipp_adaptive,target_error,2586,215.41666666666663,0.15694513703580365
bb_ipp_adaptive,target_error,2587,215.5,0.15647701974142553
bb_ipp_adaptive,target_error,2588,215.58333333333337,0.15670732423910455
bb_ipp_adaptive,target_error,2589,215.66666666666663,0.15713936270907852
bb_ipp_adaptive,target_error,2590,215.75,0.15704908502442141
bb_ipp_adaptive,target_error,2591,215.83333333333337,0.15761455811059705
bb_ipp_adaptive,target_error,2592,215.91666666666663,0.15760884502740874
bb_ipp_adaptive,target_error,2593,216.0,0.15678140343539423
bb_ipp_adaptive,target_error,2594,216.08333333333337,0.15621697004309987
bb_ipp_adaptive,target_error,2595,216.16666666666663,0.1562261426569691
bb_ipp_adaptive,target_error,2596,216.25,0.15687716176942268
bb_ipp_adaptive,target_error,2597,216.33333333333337,0.15769246019690708
bb_ipp_adaptive,target_error,2598,216.41666666666663,0.1563306877380288
bb_ipp_adaptive,target_error,2599,216.5,0.1560165111425088
bb_ipp_adaptive,target_error,2600,216.58333333333337,0.15605057250699472
bb_ipp_adaptive,target_error,2601,216.66666666666663,0.15611077191055966
bb_ipp_adaptive,target_error,2602,216.75,0.1563451524460866
bb_ipp_adaptive,target_error,2603,216.83333333333337,0.15743751468460732
bb_ipp_adaptive,target_error,2604,216.91666666666663,0.1578439028237482
bb_ipp_adaptive,target_error,2605,217.0,0.15754047185197745
bb_ipp_adaptive,target_error,2606,217.08333333333337,0.1580644434204346
bb_ipp_adaptive,target_error,2607,217.16666666666663,0.15741711171115116
bb_ipp_adaptive,target_error,2608,217.25,0.15759602277713147
bb_ipp_adaptive,target_error,2609,217.33333333333337,0.15633448782416182
bb_ipp_adaptive,target_error,2610,217.41666666666663,0.1567276542773225
bb_ipp_adaptive,target_error,2611,217.5,0.15640904621969046
bb_ipp_adaptive,target_error,2612,217.58333333333337,0.15704432415603137
bb_ipp_adaptive,target_error,2613,217.66666666666663,0.15721560591036157
bb_ipp_adaptive,target_error,2614,217.75,0.15676155051016155
bb_ipp_adaptive,target_error,2615,217.83333333333337,0.15657883982190152
bb_ipp_adaptive,target_error,2616,217.91666666666663,0.15663016706994462
bb_ipp_adaptive,target_error,2617,218.0,0.15720611422692118
bb_ipp_adaptive,target_error,2618,218.08333333333337,0.1566760029831756
bb_ipp_adaptive,target_error,2619,218.16666666666663,0.15676172145359543
bb_ipp_adaptive,target_error,2620,218.25,0.15661506127161964
bb_ipp_adaptive,target_error,2621,218.33333333333337,0.1566872418459496
bb_ipp_adaptive,target_error,2622,218.41666666666663,0.15670385625875713
bb_ipp_adaptive,target_error,2623,218.5,0.15681222728342148
bb_ipp_adaptive,target_error,2624,218.58333333333337,0.1578681818170838
bb_ipp_adaptive,target_error,2625,218.66666666666663,0.15701834866745948
bb_ipp_adaptive,target_error,2626,218.75,0.15659254992750574
bb_ipp_adaptive,target_error,2627,218.83333333333337,0.15765635244549672
bb_ipp_adaptive,target_error,2628,218.91666666666663,0.1565077478169931
bb_ipp_adaptive,target_error,2629,219.0,0.15669033211170402
bb_ipp_adaptive,target_error,2630,219.08333333333337,0.15648613691449026
bb_ipp_adaptive,target_error,2631,219.16666666666663,0.15652453245151143
bb_ipp_adaptive,target_error,2632,219.25,0.1565167634138051
bb_ipp_adaptive,target_error,2633,219.33333333333337,0.15655594820655466
bb_ipp_adaptive,target_error,2634,219.41666666666663,0.15660307696976863
bb_ipp_adaptive,target_error,2635,219.5,0.1565612924043199
bb_ipp_adaptive,target_error,2636,219.58333333333337,0.15675450011791991
bb_ipp_adaptive,target_error,2637,219.66666666666663,0.15674518986294772
bb_ipp_adaptive,target_error,2638,219.75,0.1563958517876623
bb_ipp_adaptive,target_error,2639,219.83333333333337,0.15648908377905607
bb_ipp_adaptive,target_error,2640,219.91666666666663,0.15652419432649567
bb_ipp_adaptive,target_error,2641,220.0,0.1564586436519579
bb_ipp_adaptive,target_error,2642,220.08333333333337,0.15638276378206026
bb_ipp_adaptive,target_error,2643,220.16666666666663,0.15787121964492984
bb_ipp_adaptive,target_error,2644,220.25,0.15990907719210923
bb_ipp_adaptive,target_error,2645,220.33333333333337,0.15901357167553243
bb_ipp_adaptive,target_error,2646,220.41666666666663,0.1582612749638427
bb_ipp_adaptive,target_error,2647,220.5,0.15616245095454853
bb_ipp_adaptive,target_error,2648,220.58333333333337,0.15622538407215472
bb_ipp_adaptive,target_error,2649,220.66666666666663,0.15624064857386574
bb_ipp_adaptive,target_error,2650,220.75,0.15608372385772634
bb_ipp_adaptive,target_error,2651,220.83333333333337,0.15623842183887737
bb_ipp_adaptive,target_error,2652,220.91666666666663,0.15646747740629796
bb_ipp_adaptive,target_error,2653,221.0,0.1562125282432366
bb_ipp_adaptive,target_error,2654,221.08333333333337,0.1561892172465781
bb_ipp_adaptive,target_error,2655,221.16666666666663,0.15633868016166008
bb_ipp_adaptive,target_error,2656,221.25,0.15637752639061658
bb_ipp_adaptive,target_error,2657,221.33333333333337,0.15709748380940494
bb_ipp_adaptive,target_error,2658,221.41666666666663,0.15722012985324266
bb_ipp_adaptive,target_error,2659,221.5,0.1569214290097795
bb_ipp_adaptive,target_error,2660,221.58333333333337,0.1567279120347461
bb_ipp_adaptive,target_error,2661,221.66666666666663,0.15690816422879544
bb_ipp_adaptive,target_error,2662,221.75,0.15728521748572732
bb_ipp_adaptive,target_error,2663,221.83333333333337,0.15756717273531773
bb_ipp_adaptive,target_error,2664,221.91666666666663,0.1566315857041101
bb_ipp_adaptive,target_error,2665,222.0,0.15660565800516102
bb_ipp_adaptive,target_error,2666,222.08333333333337,0.1565951577292381
bb_ipp_adaptive,target_error,2667,222.16666666666663,0.15686885004255588
bb_ipp_adaptive,target_error,2668,222.25,0.15695065996936422
bb_ipp_adaptive,target_error,2669,222.33333333333337,0.15663449744969968
bb_ipp_adaptive,target_error,2670,222.41666666666663,0.15663787768275128
bb_ipp_adaptive,target_error,2671,222.5,0.15787774842372576
bb_ipp_adaptive,target_error,2672,222.58333333333337,0.15810251909912384
bb_ipp_adaptive,target_error,2673,222.66666666666663,0.1596387846481846
bb_ipp_adaptive,target_error,2674,222.75,0.15902646054396358
bb_ipp_adaptive,target_error,2675,222.83333333333337,0.15848484777966249
bb_ipp_adaptive,target_error,2676,222.91666666666663,0.15777218277078575
bb_ipp_adaptive,target_error,2677,223.0,0.15615719553553575
bb_ipp_adaptive,target_error,2678,223.08333333333337,0.15660643127912416
bb_ipp_adaptive,target_error,2679,223.16666666666663,0.1561076271709219
bb_ipp_adaptive,target_error,2680,223.25,0.15562581043348248
bb_ipp_adaptive,target_error,2681,223.33333333333337,0.15567075576908715
bb_ipp_adaptive,target_error,2682,223.41666666666663,0.15572527078018542
bb_ipp_adaptive,target_error,2683,223.5,0.155940423694764
bb_ipp_adaptive,target_error,2684,223.58333333333337,0.15626816780272396
bb_ipp_adaptive,target_error,2685,223.66666666666663,0.15624818039552887
bb_ipp_adaptive,target_error,2686,223.75,0.15834690744951138
bb_ipp_adaptive,target_error,2687,223.83333333333337,0.15839964526658645
bb_ipp_adaptive,target_error,2688,223.91666666666663,0.1564440138123165
bb_ipp_adaptive,target_error,2689,224.0,0.15663650154789643
bb_ipp_adaptive,target_error,2690,224.08333333333337,0.15644661361002787
bb_ipp_adaptive,target_error,2691,224.16666666666663,0.1565061488751451
bb_ipp_adaptive,target_error,2692,224.25,0.15867048999952132
bb_ipp_adaptive,target_error,2693,224.33333333333337,0.1580012217041609
bb_ipp_adaptive,target_error,2694,224.41666666666663,0.15570752647865907
bb_ipp_adaptive,target_error,2695,224.5,0.15589872800272156
bb_ipp_adaptive,target_error,2696,224.58333333333337,0.15581271292685747
bb_ipp_adaptive,target_error,2697,224.66666666666663,0.15620280039629417
bb_ipp_adaptive,target_error,2698,224.75,0.1548087282697183
bb_ipp_adaptive,target_error,2699,224.83333333333337,0.1549357924649215
bb_ipp_adaptive,target_error,2700,224.91666666666663,0.15559989276771452
bb_ipp_adaptive,target_error,2701,225.0,0.15550133941923355
bb_ipp_adaptive,target_error,2702,225.08333333333337,0.15550335074679014
bb_ipp_adaptive,target_error,2703,225.16666666666663,0.15572038842784416
bb_ipp_adaptive,target_error,2704,225.25,0.15553232345491996
bb_ipp_adaptive,target_error,2705,225.33333333333337,0.1556420807166395
bb_ipp_adaptive,target_error,2706,225.41666666666663,0.15530139659762268
bb_ipp_adaptive,target_error,2707,225.5,0.15504017491871364
bb_ipp_adaptive,target_error,2708,225.58333333333337,0.15511214326717965
bb_ipp_adaptive,target_error,2709,225.66666666666663,0.15498289164195392
bb_ipp_adaptive,target_error,2710,225.75,0.155046515133766
bb_ipp_adaptive,target_error,2711,225.83333333333337,0.15505081143928193
bb_ipp_adaptive,target_error,2712,225.91666666666663,0.15549907721435943
bb_ipp_adaptive,target_error,2713,226.0,0.15559361098707014
bb_ipp_adaptive,target_error,2714,226.08333333333337,0.15570959716585692
bb_ipp_adaptive,target_error,2715,226.16666666666663,0.1584522052379671
bb_ipp_adaptive,target_error,2716,226.25,0.16180878991845307
bb_ipp_adaptive,target_error,2717,226.33333333333337,0.16321764288312784
bb_ipp_adaptive,target_error,2718,226.41666666666663,0.15968633010767375
bb_ipp_adaptive,target_error,2719,226.5,0.15600431969309403
bb_ipp_adaptive,target_error,2720,226.58333333333337,0.15563262500448977
bb_ipp_adaptive,target_error,2721,226.66666666666663,0.15559598875987157
bb_ipp_adaptive,target_error,2722,226.75,0.1557648257435502
bb_ipp_adaptive,target_error,2723,226.83333333333337,0.1556840924736622
bb_ipp_adaptive,target_error,2724,226.91666666666663,0.15559795767527965
bb_ipp_adaptive,target_error,2725,227.0,0.15589797351519868
bb_ipp_adaptive,target_error,2726,227.08333333333337,0.15668802103460366
bb_ipp_adaptive,target_error,2727,227.16666666666663,0.15667814564939755
bb_ipp_adaptive,target_error,2728,227.25,0.1574742087395951
bb_ipp_adaptive,target_error,2729,227.33333333333337,0.15619143660569199
bb_ipp_adaptive,target_error,2730,227.41666666666663,0.15649218924823094
bb_ipp_adaptive,target_error,2731,227.5,0.15738604521631908
bb_ipp_adaptive,target_error,2732,227.58333333333337,0.15633119445250415
bb_ipp_adaptive,target_error,2733,227.66666666666663,0.15572353500384026
bb_ipp_adaptive,target_error,2734,227.75,0.15638865146357833
bb_ipp_adaptive,target_error,2735,227.83333333333337,0.15605662708116022
bb_ipp_adaptive,target_error,2736,227.91666666666663,0.15572934743143768
bb_ipp_adaptive,target_error,2737,228.0,0.15724261589518335
bb_ipp_adaptive,target_error,2738,228.08333333333337,0.15629153371103094
bb_ipp_adaptive,target_error,2739,228.16666666666663,0.1565066520619048
bb_ipp_adaptive,target_error,2740,228.25,0.15639866649297351
bb_ipp_adaptive,target_error,2741,228.33333333333337,0.15565207804331554
bb_ipp_adaptive,target_error,2742,228.41666666666663,0.15648951408096687
bb_ipp_adaptive,target_error,2743,228.5,0.15691978393995573
bb_ipp_adaptive,target_error,2744,228.58333333333337,0.15678299891770558
bb_ipp_adaptive,target_error,2745,228.66666666666663,0.15525125792174485
bb_ipp_adaptive,target_error,2746,228.75,0.1549566742959418
bb_ipp_adaptive,target_error,2747,228.83333333333337,0.1546962289613158
bb_ipp_adaptive,target_error,2748,228.91666666666663,0.15505675558216878
bb_ipp_adaptive,target_error,2749,229.0,0.15506749978626191
bb_ipp_adaptive,target_error,2750,229.08333333333337,0.15496126850826905
bb_ipp_adaptive,target_error,2751,229.16666666666663,0.15472506355661875
bb_ipp_adaptive,target_error,2752,229.25,0.15479835246360096
bb_ipp_adaptive,target_error,2753,229.33333333333337,0.15532589157327678
bb_ipp_adaptive,target_error,2754,229.41666666666663,0.15478602466083122
bb_ipp_adaptive,target_error,2755,229.5,0.15527193810310902
bb_ipp_adaptive,target_error,2756,229.58333333333337,0.15526614090938312
bb_ipp_adaptive,target_error,2757,229.66666666666663,0.15505415748558612
bb_ipp_adaptive,target_error,2758,229.75,0.1547928240224759
bb_ipp_adaptive,target_error,2759,229.83333333333337,0.15479680160900214
bb_ipp_adaptive,target_error,2760,229.91666666666663,0.1550444756396291
bb_ipp_adaptive,target_error,2761,230.0,0.15525177406543295
bb_ipp_adaptive,target_error,2762,230.08333333333337,0.15699111647887581
bb_ipp_adaptive,target_error,2763,230.16666666666663,0.15553247555163727
bb_ipp_adaptive,target_error,2764,230.25,0.1578645825803554
bb_ipp_adaptive,target_error,2765,230.33333333333337,0.1576403836557009
bb_ipp_adaptive,target_error,2766,230.41666666666663,0.15653622482471047
bb_ipp_adaptive,target_error,2767,230.5,0.15521371859710872
bb_ipp_adaptive,target_error,2768,230.58333333333337,0.15495777423868864
bb_ipp_adaptive,target_error,2769,230.66666666666663,0.1554285799755951
bb_ipp_adaptive,target_error,2770,230.75,0.15673187520136084
bb_ipp_adaptive,target_error,2771,230.83333333333337,0.15542305979172505
bb_ipp_adaptive,target_error,2772,230.91666666666663,0.15533643340314732
bb_ipp_adaptive,target_error,2773,231.0,0.1552889076628144
bb_ipp_adaptive,target_error,2774,231.08333333333337,0.15531024734450274
bb_ipp_adaptive,target_error,2775,231.16666666666663,0.15537195490682384
bb_ipp_adaptive,target_error,2776,231.25,0.15544628576183744
bb_ipp_adaptive,target_error,2777,231.33333333333337,0.15544395734735744
bb_ipp_adaptive,target_error,2778,231.41666666666663,0.15546171036823755
bb_ipp_adaptive,target_error,2779,231.5,0.15557005443325084
bb_ipp_adaptive,target_error,2780,231.58333333333337,0.15538068336144978
bb_ipp_adaptive,target_error,2781,231.66666666666663,0.1557790767797403
bb_ipp_adaptive,target_error,2782,231.75,0.1559109493501572
bb_ipp_adaptive,target_error,2783,231.83333333333337,0.15663441591601418
bb_ipp_adaptive,target_error,2784,231.91666666666663,0.15598228407561252
bb_ipp_adaptive,target_error,2785,232.0,0.15578765365313954
bb_ipp_adaptive,target_error,2786,232.08333333333337,0.15559322339691364
bb_ipp_adaptive,target_error,2787,232.16666666666663,0.15557520711187756
bb_ipp_adaptive,target_error,2788,232.25,0.15554081066684983
bb_ipp_adaptive,target_error,2789,232.33333333333337,0.15564100215533808
bb_ipp_adaptive,target_error,2790,232.41666666666663,0.15617323635638727
bb_ipp_adaptive,target_error,2791,232.5,0.15611000794675056
bb_ipp_adaptive,target_error,2792,232.58333333333337,0.15577929430355242
bb_ipp_adaptive,target_error,2793,232.66666666666663,0.1556540167699405
bb_ipp_adaptive,target_error,2794,232.75,0.15581011882557466
bb_ipp_adaptive,target_error,2795,232.83333333333337,0.1556659463315748
bb_ipp_adaptive,target_error,2796,232.91666666666663,0.1557234717777045
bb_ipp_adaptive,target_error,2797,233.0,0.15603840261880358
bb_ipp_adaptive,target_error,2798,233.08333333333337,0.15664124304998636
bb_ipp_adaptive,target_error,2799,233.16666666666663,0.15666759661813365
bb_ipp_adaptive,target_error,2800,233.25,0.15664655560968138
bb_ipp_adaptive,target_error,2801,233.33333333333337,0.15744378806882806
bb_ipp_adaptive,target_error,2802,233.41666666666663,0.15980987284755502
bb_ipp_adaptive,target_error,2803,233.5,0.1570467385813415
bb_ipp_adaptive,target_error,2804,233.58333333333337,0.15801935215010066
bb_ipp_adaptive,target_error,2805,233.66666666666663,0.15651218689863378
bb_ipp_adaptive,target_error,2806,233.75,0.156357433358295
bb_ipp_adaptive,target_error,2807,233.83333333333337,0.15607193833713562
bb_ipp_adaptive,target_error,2808,233.91666666666663,0.15604057324770482
bb_ipp_adaptive,target_error,2809,234.0,0.15607398395935065
bb_ipp_adaptive,target_error,2810,234.08333333333337,0.15613758280417772
bb_ipp_adaptive,target_error,2811,234.16666666666663,0.1566320629177762
bb_ipp_adaptive,target_error,2812,234.25,0.15626844702661802
bb_ipp_adaptive,target_error,2813,234.33333333333337,0.15617466902424532
bb_ipp_adaptive,target_error,2814,234.41666666666663,0.15603659978605694
bb_ipp_adaptive,target_error,2815,234.5,0.15673670773572504
bb_ipp_adaptive,target_error,2816,234.58333333333337,0.1566848479793783
bb_ipp_adaptive,target_error,2817,234.66666666666663,0.15759047700902495
bb_ipp_adaptive,target_error,2818,234.75,0.15807580135914523
bb_ipp_adaptive,target_error,2819,234.83333333333337,0.15669294452462199
bb_ipp_adaptive,target_error,2820,234.91666666666663,0.15647787078955736
bb_ipp_adaptive,target_error,2821,235.0,0.15694318820891767
bb_ipp_adaptive,target_error,2822,235.08333333333337,0.15667750907853153
bb_ipp_adaptive,target_error,2823,235.16666666666663,0.15638836000546136
bb_ipp_adaptive,target_error,2824,235.25,0.15641558231064498
bb_ipp_adaptive,target_error,2825,235.33333333333337,0.15644763029489683
bb_ipp_adaptive,target_error,2826,235.41666666666663,0.1562772210547597
bb_ipp_adaptive,target_error,2827,235.5,0.15656606749366442
bb_ipp_adaptive,target_error,2828,235.58333333333337,0.15684960445897134
bb_ipp_adaptive,target_error,2829,235.66666666666663,0.15781937957883377
bb_ipp_adaptive,target_error,2830,235.75,0.15677553526060503
bb_ipp_adaptive,target_error,2831,235.83333333333337,0.15664321034824788
bb_ipp_adaptive,target_error,2832,235.91666666666663,0.1565288776714497
bb_ipp_adaptive,target_error,2833,236.0,0.1567012873772627
bb_ipp_adaptive,target_error,2834,236.08333333333337,0.1576407400568131
bb_ipp_adaptive,target_error,2835,236.16666666666663,0.15666213973897805
bb_ipp_adaptive,target_error,2836,236.25,0.1566075917464808
bb_ipp_adaptive,target_error,2837,236.33333333333337,0.15741133896900147
bb_ipp_adaptive,target_error,2838,236.41666666666663,0.15823601272077648
bb_ipp_adaptive,target_error,2839,236.5,0.1575170036357595
bb_ipp_adaptive,target_error,2840,236.58333333333337,0.15707910417907864
bb_ipp_adaptive,target_error,2841,236.66666666666663,0.15776509970426011
bb_ipp_adaptive,target_error,2842,236.75,0.1583824160600445
bb_ipp_adaptive,target_error,2843,236.83333333333337,0.15819203577569213
bb_ipp_adaptive,target_error,2844,236.91666666666663,0.15874539935391485
bb_ipp_adaptive,target_error,2845,237.0,0.1585336472890234
bb_ipp_adaptive,target_error,2846,237.08333333333337,0.15849364738077465
bb_ipp_adaptive,target_error,2847,237.16666666666663,0.1589360381769178
bb_ipp_adaptive,target_error,2848,237.25,0.1585805669696201
bb_ipp_adaptive,target_error,2849,237.33333333333337,0.15985891229633237
bb_ipp_adaptive,target_error,2850,237.41666666666663,0.15904159718399447
bb_ipp_adaptive,target_error,2851,237.5,0.1603976180276754
bb_ipp_adaptive,target_error,2852,237.58333333333337,0.15901289355893844
bb_ipp_adaptive,target_error,2853,237.66666666666663,0.15902579958750518
bb_ipp_adaptive,target_error,2854,237.75,0.15835552290640997
bb_ipp_adaptive,target_error,2855,237.83333333333337,0.15736598065608265
bb_ipp_adaptive,target_error,2856,237.91666666666663,0.15751127916517196
bb_ipp_adaptive,target_error,2857,238.0,0.15760344682607833
bb_ipp_adaptive,target_error,2858,238.08333333333337,0.15665821337324073
bb_ipp_adaptive,target_error,2859,238.16666666666663,0.1563778924181581
bb_ipp_adaptive,target_error,2860,238.25,0.1562122922311173
bb_ipp_adaptive,target_error,2861,238.33333333333337,0.15626200151911518
bb_ipp_adaptive,target_error,2862,238.41666666666663,0.15607074634375936
bb_ipp_adaptive,target_error,2863,238.5,0.1560100787417131
bb_ipp_adaptive,target_error,2864,238.58333333333337,0.1560360135654125
bb_ipp_adaptive,target_error,2865,238.66666666666663,0.15601577705354747
bb_ipp_adaptive,target_error,2866,238.75,0.15623730582775214
bb_ipp_adaptive,target_error,2867,238.83333333333337,0.15600927727704833
bb_ipp_adaptive,target_error,2868,238.91666666666663,0.15598193942358696
bb_ipp_adaptive,target_error,2869,239.0,0.15600220281508395
bb_ipp_adaptive,target_error,2870,239.08333333333337,0.15600146920173777
bb_ipp_adaptive,target_error,2871,239.16666666666663,0.15597115955140775
bb_ipp_adaptive,target_error,2872,239.25,0.15596148225374282
bb_ipp_adaptive,target_error,2873,239.33333333333337,0.15613740271767074
bb_ipp_adaptive,target_error,2874,239.41666666666663,0.15669783147402952
bb_ipp_adaptive,target_error,2875,239.5,0.1570192131996694
bb_ipp_adaptive,target_error,2876,239.58333333333337,0.1572401174777851
bb_ipp_adaptive,target_error,2877,239.66666666666663,0.1562992253319316
bb_ipp_adaptive,target_error,2878,239.75,0.15590517950984406
bb_ipp_adaptive,target_error,2879,239.83333333333337,0.15604793748323717
bb_ipp_adaptive,target_error,2880,239.91666666666663,0.15588795455830817
bb_ipp_adaptive,target_error,2881,240.0,0.15576275796546316
bb_ipp_adaptive,target_error,2882,240.08333333333337,0.15606687454816745
bb_ipp_adaptive,target_error,2883,240.16666666666663,0.1565536528981852
bb_ipp_adaptive,target_error,2884,240.25,0.15863682676373328
bb_ipp_adaptive,target_error,2885,240.33333333333337,0.1580985279616219
bb_ipp_adaptive,target_error,2886,240.41666666666663,0.1589768941921289
bb_ipp_adaptive,target_error,2887,240.5,0.16137830005353743
bb_ipp_adaptive,target_error,2888,240.58333333333337,0.16073555181502666
bb_ipp_adaptive,target_error,2889,240.66666666666663,0.16133085447476606
bb_ipp_adaptive,target_error,2890,240.75,0.16293565130587845
bb_ipp_adaptive,target_error,2891,240.83333333333337,0.16033050797337944
bb_ipp_adaptive,target_error,2892,240.91666666666663,0.1600214815277875
bb_ipp_adaptive,target_error,2893,241.0,0.16378531600798407
bb_ipp_adaptive,target_error,2894,241.08333333333337,0.15972169522152835
bb_ipp_adaptive,target_error,2895,241.16666666666663,0.15726124248868506
bb_ipp_adaptive,target_error,2896,241.25,0.15541687271979354
bb_ipp_adaptive,target_error,2897,241.33333333333337,0.15618744316212582
bb_ipp_adaptive,target_error,2898,241.41666666666663,0.1553213143889152
bb_ipp_adaptive,target_error,2899,241.5,0.1553070584005341
bb_ipp_adaptive,target_error,2900,241.58333333333337,0.15546437046873093
bb_ipp_adaptive,target_error,2901,241.66666666666663,0.15639684294349676
bb_ipp_adaptive,target_error,2902,241.75,0.15619416921150422
bb_ipp_adaptive,target_error,2903,241.83333333333337,0.15626683783259265
bb_ipp_adaptive,target_error,2904,241.91666666666663,0.1573222798566994
bb_ipp_adaptive,target_error,2905,242.0,0.15994950364488564
bb_ipp_adaptive,target_error,2906,242.08333333333337,0.15796187141346937
bb_ipp_adaptive,target_error,2907,242.16666666666663,0.1567809530755594
bb_ipp_adaptive,target_error,2908,242.25,0.15662143749650628
bb_ipp_adaptive,target_error,2909,242.33333333333337,0.1550787656462076
bb_ipp_adaptive,target_error,2910,242.41666666666663,0.1549757367544926
bb_ipp_adaptive,target_error,2911,242.5,0.15417609967562174
bb_ipp_adaptive,target_error,2912,242.58333333333337,0.15373276868974758
bb_ipp_adaptive,target_error,2913,242.66666666666663,0.15394699528622402
bb_ipp_adaptive,target_error,2914,242.75,0.15426239746920176
bb_ipp_adaptive,target_error,2915,242.83333333333337,0.15386361870061163
bb_ipp_adaptive,target_error,2916,242.91666666666663,0.15366751046730132
bb_ipp_adaptive,target_error,2917,243.0,0.15365506856266864
bb_ipp_adaptive,target_error,2918,243.08333333333337,0.1536803363688265
bb_ipp_adaptive,target_error,2919,243.16666666666663,0.15385876203451204
bb_ipp_adaptive,target_error,2920,243.25,0.15371519822689017
bb_ipp_adaptive,target_error,2921,243.33333333333337,0.1540639621573075
bb_ipp_adaptive,target_error,2922,243.41666666666663,0.15385131187458978
bb_ipp_adaptive,target_error,2923,243.5,0.1538082022089314
bb_ipp_adaptive,target_error,2924,243.58333333333337,0.15433456022336914
bb_ipp_adaptive,target_error,2925,243.66666666666663,0.15488655643650534
bb_ipp_adaptive,target_error,2926,243.75,0.15428566444065503
bb_ipp_adaptive,target_error,2927,243.83333333333337,0.1539242698863777
bb_ipp_adaptive,target_error,2928,243.91666666666663,0.1538757104129602
bb_ipp_adaptive,target_error,2929,244.0,0.1544724481785444
bb_ipp_adaptive,target_error,2930,244.08333333333337,0.154627249872318
bb_ipp_adaptive,target_error,2931,244.16666666666663,0.15494495278673273
bb_ipp_adaptive,target_error,2932,244.25,0.1544116964213118
bb_ipp_adaptive,target_error,2933,244.33333333333337,0.15420422072072526
bb_ipp_adaptive,target_error,2934,244.41666666666663,0.15412019308729033
bb_ipp_adaptive,target_error,2935,244.5,0.1555226488206643
bb_ipp_adaptive,target_error,2936,244.58333333333337,0.15942671931850305
bb_ipp_adaptive,target_error,2937,244.66666666666663,0.15819639990919607
bb_ipp_adaptive,target_error,2938,244.75,0.1550659178290331
bb_ipp_adaptive,target_error,2939,244.83333333333337,0.15396524600054917
bb_ipp_adaptive,target_error,2940,244.91666666666663,0.1539618555834877
bb_ipp_adaptive,target_error,2941,245.0,0.15464105849082463
bb_ipp_adaptive,target_error,2942,245.08333333333337,0.1556573083496714
bb_ipp_adaptive,target_error,2943,245.16666666666663,0.1557678529242078
bb_ipp_adaptive,target_error,2944,245.25,0.1551065363560396
bb_ipp_adaptive,target_error,2945,245.33333333333337,0.1541855604158502
bb_ipp_adaptive,target_error,2946,245.41666666666663,0.15417391726124033
bb_ipp_adaptive,target_error,2947,245.5,0.1547654057911159
bb_ipp_adaptive,target_error,2948,245.58333333333337,0.1551682895158085
bb_ipp_adaptive,target_error,2949,245.66666666666663,0.15476446807448604
bb_ipp_adaptive,target_error,2950,245.75,0.1552773735553926
bb_ipp_adaptive,target_error,2951,245.83333333333337,0.15576292532921476
bb_ipp_adaptive,target_error,2952,245.91666666666663,0.15476763928868356
bb_ipp_adaptive,target_error,2953,246.0,0.15568798443149995
bb_ipp_adaptive,target_error,2954,246.08333333333337,0.15498036935948423
bb_ipp_adaptive,target_error,2955,246.16666666666663,0.15488004532671398
bb_ipp_adaptive,target_error,2956,246.25,0.15425654101053293
bb_ipp_adaptive,target_error,2957,246.33333333333337,0.15509346196697674
bb_ipp_adaptive,target_error,2958,246.41666666666663,0.1543313162160241
bb_ipp_adaptive,target_error,2959,246.5,0.15298384017583982
bb_ipp_adaptive,target_error,2960,246.58333333333337,0.15305839521990894
bb_ipp_adaptive,target_error,2961,246.66666666666663,0.15245253717160648
bb_ipp_adaptive,target_error,2962,246.75,0.15243178413797837
bb_ipp_adaptive,target_error,2963,246.83333333333337,0.153209994194211
bb_ipp_adaptive,target_error,2964,246.91666666666663,0.15393576141746293
bb_ipp_adaptive,target_error,2965,247.0,0.15340240117660964
bb_ipp_adaptive,target_error,2966,247.08333333333337,0.153890582601271
bb_ipp_adaptive,target_error,2967,247.16666666666663,0.1552709653555146
bb_ipp_adaptive,target_error,2968,247.25,0.153609006194861
bb_ipp_adaptive,target_error,2969,247.33333333333337,0.15432378166714714
bb_ipp_adaptive,target_error,2970,247.41666666666663,0.1548280561480749
bb_ipp_adaptive,target_error,2971,247.5,0.1547972624551911
bb_ipp_adaptive,target_error,2972,247.58333333333337,0.15611272147170155
bb_ipp_adaptive,target_error,2973,247.66666666666663,0.15904992327227804
bb_ipp_adaptive,target_error,2974,247.75,0.15851938572079077
bb_ipp_adaptive,target_error,2975,247.83333333333337,0.15645510034212842
bb_ipp_adaptive,target_error,2976,247.91666666666663,0.15939536242948013
bb_ipp_adaptive,target_error,2977,248.0,0.1578818337311936
bb_ipp_adaptive,target_error,2978,248.08333333333337,0.15766770159875707
bb_ipp_adaptive,target_error,2979,248.16666666666663,0.15696150562069439
bb_ipp_adaptive,target_error,2980,248.25,0.15669887992299175
bb_ipp_adaptive,target_error,2981,248.33333333333337,0.15820213850872217
bb_ipp_adaptive,target_error,2982,248.41666666666663,0.16134094461243803
bb_ipp_adaptive,target_error,2983,248.5,0.1595081566434338
bb_ipp_adaptive,target_error,2984,248.58333333333337,0.1623605028927197
bb_ipp_adaptive,target_error,2985,248.66666666666663,0.16492891223219358
bb_ipp_adaptive,target_error,2986,248.75,0.16023783028792798
bb_ipp_adaptive,target_error,2987,248.83333333333337,0.15667364195217345
bb_ipp_adaptive,target_error,2988,248.91666666666663,0.15721818702483245
bb_ipp_adaptive,target_error,2989,249.0,0.15622401070438677
bb_ipp_adaptive,target_error,2990,249.08333333333337,0.15331366712303923
bb_ipp_adaptive,target_error,2991,249.16666666666663,0.15267997331884128
bb_ipp_adaptive,target_error,2992,249.25,0.15381727209633894
bb_ipp_adaptive,target_error,2993,249.33333333333337,0.15444493046572255
bb_ipp_adaptive,target_error,2994,249.41666666666663,0.15346228956403155
bb_ipp_adaptive,target_error,2995,249.5,0.1535318430397602
bb_ipp_adaptive,target_error,2996,249.58333333333337,0.15314196686060422
bb_ipp_adaptive,target_error,2997,249.66666666666663,0.15271581999221143
bb_ipp_adaptive,target_error,2998,249.75,0.1537194227609031
bb_ipp_adaptive,target_error,2999,249.83333333333337,0.15336558822055482
bb_ipp_adaptive,target_error,3000,249.91666666666663,0.15457339561283237
bb_ipp_adaptive,target_error,3001,250.0,0.15350761635703913
bb_ipp_adaptive,target_error,3002,250.08333333333337,0.15338650590654504
bb_ipp_adaptive,target_error,3003,250.16666666666663,0.15309785671272408
bb_ipp_adaptive,target_error,3004,250.25,0.15274717508214997
bb_ipp_adaptive,target_error,3005,250.33333333333337,0.15288911717178125
bb_ipp_adaptive,target_error,3006,250.41666666666663,0.1533032802137811
bb_ipp_adaptive,target_error,3007,250.5,0.15397231172142495
bb_ipp_adaptive,target_error,3008,250.58333333333337,0.15509560235182696
bb_ipp_adaptive,target_error,3009,250.66666666666663,0.15287944354344907
bb_ipp_adaptive,target_error,3010,250.75,0.153026153478637
bb_ipp_adaptive,target_error,3011,250.83333333333337,0.1538294251408794
bb_ipp_adaptive,target_error,3012,250.91666666666663,0.153382725308597
bb_ipp_adaptive,target_error,3013,251.0,0.15358773139150478
bb_ipp_adaptive,target_error,3014,251.08333333333337,0.15364656246902852
bb_ipp_adaptive,target_error,3015,251.16666666666663,0.15333447263884914
bb_ipp_adaptive,target_error,3016,251.25,0.1528148691028413
bb_ipp_adaptive,target_error,3017,251.33333333333337,0.15405265988048655
bb_ipp_adaptive,target_error,3018,251.41666666666663,0.15557168781056324
bb_ipp_adaptive,target_error,3019,251.5,0.15373512323545793
bb_ipp_adaptive,target_error,3020,251.58333333333337,0.15692504525253426
bb_ipp_adaptive,target_error,3021,251.66666666666663,0.1530874018518371
bb_ipp_adaptive,target_error,3022,251.75,0.15270136070043513
bb_ipp_adaptive,target_error,3023,251.83333333333337,0.15251129852766476
bb_ipp_adaptive,target_error,3024,251.91666666666663,0.15288276689897357
bb_ipp_adaptive,target_error,3025,252.0,0.153360998784859
bb_ipp_adaptive,target_error,3026,252.08333333333337,0.15446180736022053
bb_ipp_adaptive,target_error,3027,252.16666666666663,0.15399383972118216
bb_ipp_adaptive,target_error,3028,252.25,0.15353641531672066
bb_ipp_adaptive,target_error,3029,252.33333333333337,0.15353650540405003
bb_ipp_adaptive,target_error,3030,252.41666666666663,0.15357170385266738
bb_ipp_adaptive,target_error,3031,252.5,0.15298866117354193
bb_ipp_adaptive,target_error,3032,252.58333333333337,0.1546551134247043
bb_ipp_adaptive,target_error,3033,252.66666666666663,0.15534566731421623
bb_ipp_adaptive,target_error,3034,252.75,0.1562276887946556
bb_ipp_adaptive,target_error,3035,252.83333333333337,0.15553607307318856
bb_ipp_adaptive,target_error,3036,252.91666666666663,0.15402242568979868
bb_ipp_adaptive,target_error,3037,253.0,0.15528038640810057
bb_ipp_adaptive,target_error,3038,253.08333333333337,0.15539539664600135
bb_ipp_adaptive,target_error,3039,253.16666666666663,0.15664618833475313
bb_ipp_adaptive,target_error,3040,253.25,0.1554482365834732
bb_ipp_adaptive,target_error,3041,253.33333333333337,0.1586090807071291
bb_ipp_adaptive,target_error,3042,253.41666666666663,0.15925635122901016
bb_ipp_adaptive,target_error,3043,253.5,0.16105538754896814
bb_ipp_adaptive,target_error,3044,253.58333333333337,0.16102777973538196
bb_ipp_adaptive,target_error,3045,253.66666666666663,0.15822643569906586
bb_ipp_adaptive,target_error,3046,253.75,0.15494482431509388
bb_ipp_adaptive,target_error,3047,253.83333333333337,0.15428942376550583
bb_ipp_adaptive,target_error,3048,253.91666666666663,0.15625042212540421
bb_ipp_adaptive,target_error,3049,254.0,0.15301466651304713
bb_ipp_adaptive,target_error,3050,254.08333333333337,0.153863589528713
bb_ipp_adaptive,target_error,3051,254.16666666666663,0.15397124653409422
bb_ipp_adaptive,target_error,3052,254.25,0.15160289961590498
bb_ipp_adaptive,target_error,3053,254.33333333333337,0.1544774802007556
bb_ipp_adaptive,target_error,3054,254.41666666666663,0.1540901735937761
bb_ipp_adaptive,target_error,3055,254.5,0.1582831752979745
bb_ipp_adaptive,target_error,3056,254.58333333333337,0.15896796949430345
bb_ipp_adaptive,target_error,3057,254.66666666666663,0.15526442628802817
bb_ipp_adaptive,target_error,3058,254.75,0.15523006050475746
bb_ipp_adaptive,target_error,3059,254.83333333333337,0.1550842550891826
bb_ipp_adaptive,target_error,3060,254.91666666666663,0.1533724214487989
bb_ipp_adaptive,target_error,3061,255.0,0.15306689035316873
bb_ipp_adaptive,target_error,3062,255.08333333333337,0.1517324890262887
bb_ipp_adaptive,target_error,3063,255.16666666666663,0.15234319574795727
bb_ipp_adaptive,target_error,3064,255.25,0.15278036995058134
bb_ipp_adaptive,target_error,3065,255.33333333333337,0.15381378959036424
bb_ipp_adaptive,target_error,3066,255.41666666666663,0.15190940268170117
bb_ipp_adaptive,target_error,3067,255.5,0.1519929069759173
bb_ipp_adaptive,target_error,3068,255.58333333333337,0.15211832735679584
bb_ipp_adaptive,target_error,3069,255.66666666666663,0.15243918307872492
bb_ipp_adaptive,target_error,3070,255.75,0.15221807839189302
bb_ipp_adaptive,target_error,3071,255.83333333333337,0.15203584576779755
bb_ipp_adaptive,target_error,3072,255.91666666666663,0.15200152412297205
bb_ipp_adaptive,target_error,3073,256.0,0.15197730348048066
bb_ipp_adaptive,target_error,3074,256.08333333333337,0.1519280121678063
bb_ipp_adaptive,target_error,3075,256.16666666666663,0.15177770022349601
bb_ipp_adaptive,target_error,3076,256.25,0.1520881132393799
bb_ipp_adaptive,target_error,3077,256.33333333333337,0.1516768883775382
bb_ipp_adaptive,target_error,3078,256.41666666666663,0.15181061867405743
bb_ipp_adaptive,target_error,3079,256.5,0.15166192844515078
bb_ipp_adaptive,target_error,3080,256.58333333333337,0.15163776274902077
bb_ipp_adaptive,target_error,3081,256.66666666666663,0.15206249463914606
bb_ipp_adaptive,target_error,3082,256.75,0.15162064236822545
bb_ipp_adaptive,target_error,3083,256.83333333333337,0.15161157387985352
bb_ipp_adaptive,target_error,3084,256.91666666666663,0.15183959134049374
bb_ipp_adaptive,target_error,3085,257.0,0.15160212425314942
bb_ipp_adaptive,target_error,3086,257.08333333333337,0.15222356908032583
bb_ipp_adaptive,target_error,3087,257.16666666666663,0.15264578053238956
bb_ipp_adaptive,target_error,3088,257.25,0.1519606687551546
bb_ipp_adaptive,target_error,3089,257.33333333333337,0.1525470697593879
bb_ipp_adaptive,target_error,3090,257.41666666666663,0.15551446974064237
bb_ipp_adaptive,target_error,3091,257.5,0.15384596050110888
bb_ipp_adaptive,target_error,3092,257.58333333333337,0.15436810108743507
bb_ipp_adaptive,target_error,3093,257.66666666666663,0.15264667193772205
bb_ipp_adaptive,target_error,3094,257.75,0.15201946667158944
bb_ipp_adaptive,target_error,3095,257.83333333333337,0.1525512863624737
bb_ipp_adaptive,target_error,3096,257.91666666666663,0.15297485221450763
bb_ipp_adaptive,target_error,3097,258.0,0.15275812725356872
bb_ipp_adaptive,target_error,3098,258.08333333333337,0.15357549815073443
bb_ipp_adaptive,target_error,3099,258.16666666666663,0.15412967332249478
bb_ipp_adaptive,target_error,3100,258.25,0.15527745221257933
bb_ipp_adaptive,target_error,3101,258.33333333333337,0.15296044219785424
bb_ipp_adaptive,target_error,3102,258.41666666666663,0.1526376198085984
bb_ipp_adaptive,target_error,3103,258.5,0.15278570760485338
bb_ipp_adaptive,target_error,3104,258.58333333333337,0.1527002370906126
bb_ipp_adaptive,target_error,3105,258.66666666666663,0.15521019063556574
bb_ipp_adaptive,target_error,3106,258.75,0.15364246756550223
bb_ipp_adaptive,target_error,3107,258.83333333333337,0.1557884162748775
bb_ipp_adaptive,target_error,3108,258.91666666666663,0.15457266230635977
bb_ipp_adaptive,target_error,3109,259.0,0.1534592831726225
bb_ipp_adaptive,target_error,3110,259.08333333333337,0.15297016146007697
bb_ipp_adaptive,target_error,3111,259.16666666666663,0.1540083277287571
bb_ipp_adaptive,target_error,3112,259.25,0.15323206133327183
bb_ipp_adaptive,target_error,3113,259.33333333333337,0.15429590882627067
bb_ipp_adaptive,target_error,3114,259.41666666666663,0.15613877597539863
bb_ipp_adaptive,target_error,3115,259.5,0.15531431027527515
bb_ipp_adaptive,target_error,3116,259.58333333333337,0.15759339910650755
bb_ipp_adaptive,target_error,3117,259.66666666666663,0.16235711358907953
bb_ipp_adaptive,target_error,3118,259.75,0.16371133049282136
bb_ipp_adaptive,target_error,3119,259.83333333333337,0.15738089961698642
bb_ipp_adaptive,target_error,3120,259.91666666666663,0.15574104204070857
bb_ipp_adaptive,target_error,3121,260.0,0.15776700356211498
bb_ipp_adaptive,target_error,3122,260.08333333333337,0.15836979112759678
bb_ipp_adaptive,target_error,3123,260.16666666666663,0.1563943141636617
bb_ipp_adaptive,target_error,3124,260.25,0.15801469422155465
bb_ipp_adaptive,target_error,3125,260.33333333333337,0.15433284278265785
bb_ipp_adaptive,target_error,3126,260.41666666666663,0.15652129484148675
bb_ipp_adaptive,target_error,3127,260.5,0.15604569761112239
bb_ipp_adaptive,target_error,3128,260.58333333333337,0.15354051847214248
bb_ipp_adaptive,target_error,3129,260.66666666666663,0.15433843933303354
bb_ipp_adaptive,target_error,3130,260.75,0.15286961896988746
bb_ipp_adaptive,target_error,3131,260.83333333333337,0.15234974811624502
bb_ipp_adaptive,target_error,3132,260.91666666666663,0.15292185084147286
bb_ipp_adaptive,target_error,3133,261.0,0.15356718507287948
bb_ipp_adaptive,target_error,3134,261.08333333333337,0.1537801264484958
bb_ipp_adaptive,target_error,3135,261.16666666666663,0.15296948271571997
bb_ipp_adaptive,target_error,3136,261.25,0.15383146367426595
bb_ipp_adaptive,target_error,3137,261.33333333333337,0.15382421217199932
bb_ipp_adaptive,target_error,3138,261.41666666666663,0.1535971878649493
bb_ipp_adaptive,target_error,3139,261.5,0.15320125101641247
bb_ipp_adaptive,target_error,3140,261.58333333333337,0.15119357014109827
bb_ipp_adaptive,target_error,3141,261.66666666666663,0.1510662353202945
bb_ipp_adaptive,target_error,3142,261.75,0.1511164065564484
bb_ipp_adaptive,target_error,3143,261.83333333333337,0.15113836491392715
bb_ipp_adaptive,target_error,3144,261.91666666666663,0.15142925377544658
bb_ipp_adaptive,target_error,3145,262.0,0.15124666903923806
bb_ipp_adaptive,target_error,3146,262.08333333333337,0.15165337330486636
bb_ipp_adaptive,target_error,3147,262.16666666666663,0.15158772687800734
bb_ipp_adaptive,target_error,3148,262.25,0.15140682953395948
bb_ipp_adaptive,target_error,3149,262.33333333333337,0.15166228402697782
bb_ipp_adaptive,target_error,3150,262.41666666666663,0.1511315053393072
bb_ipp_adaptive,target_error,3151,262.5,0.15116297767685735
bb_ipp_adaptive,target_error,3152,262.58333333333337,0.15075861123230283
bb_ipp_adaptive,target_error,3153,262.66666666666663,0.1517258706339586
bb_ipp_adaptive,target_error,3154,262.75,0.15127617856043396
bb_ipp_adaptive,target_error,3155,262.83333333333337,0.1507639261890667
bb_ipp_adaptive,target_error,3156,262.91666666666663,0.1508239871810212
bb_ipp_adaptive,target_error,3157,263.0,0.15118916271714603
bb_ipp_adaptive,target_error,3158,263.08333333333337,0.15104616455157416
bb_ipp_adaptive,target_error,3159,263.16666666666663,0.15071639842558693
bb_ipp_adaptive,target_error,3160,263.25,0.1512787357432729
bb_ipp_adaptive,target_error,3161,263.33333333333337,0.1516799476066556
bb_ipp_adaptive,target_error,3162,263.41666666666663,0.1517931979888372
bb_ipp_adaptive,target_error,3163,263.5,0.15104161494182972
bb_ipp_adaptive,target_error,3164,263.58333333333337,0.15168562784615885
bb_ipp_adaptive,target_error,3165,263.66666666666663,0.15245135230131948
bb_ipp_adaptive,target_error,3166,263.75,0.15207852444220069
bb_ipp_adaptive,target_error,3167,263.83333333333337,0.1521566185891729
bb_ipp_adaptive,target_error,3168,263.91666666666663,0.15217761492914578
bb_ipp_adaptive,target_error,3169,264.0,0.15152894581697948
bb_ipp_adaptive,target_error,3170,264.08333333333337,0.1509105837230877
bb_ipp_adaptive,target_error,3171,264.16666666666663,0.1505240196542685
bb_ipp_adaptive,target_error,3172,264.25,0.15078167512657473
bb_ipp_adaptive,target_error,3173,264.33333333333337,0.15056580198857342
bb_ipp_adaptive,target_error,3174,264.41666666666663,0.15067855583097803
bb_ipp_adaptive,target_error,3175,264.5,0.15067584386105723
bb_ipp_adaptive,target_error,3176,264.58333333333337,0.1506464584111884
bb_ipp_adaptive,target_error,3177,264.66666666666663,0.1504857818052258
bb_ipp_adaptive,target_error,3178,264.75,0.15073677981951816
bb_ipp_adaptive,target_error,3179,264.83333333333337,0.15064171257004003
bb_ipp_adaptive,target_error,3180,264.91666666666663,0.15080700180331086
bb_ipp_adaptive,target_error,3181,265.0,0.15058002667445222
bb_ipp_adaptive,target_error,3182,265.08333333333337,0.1504786307575085
bb_ipp_adaptive,target_error,3183,265.16666666666663,0.15059906157114422
bb_ipp_adaptive,target_error,3184,265.25,0.15210617559270403
bb_ipp_adaptive,target_error,3185,265.33333333333337,0.1530402289771436
bb_ipp_adaptive,target_error,3186,265.41666666666663,0.15312867431554814
bb_ipp_adaptive,target_error,3187,265.5,0.15441103871874692
bb_ipp_adaptive,target_error,3188,265.58333333333337,0.15332961892517488
bb_ipp_adaptive,target_error,3189,265.66666666666663,0.1530900748232461
bb_ipp_adaptive,target_error,3190,265.75,0.155709481927918
bb_ipp_adaptive,target_error,3191,265.83333333333337,0.15393273262059545
bb_ipp_adaptive,target_error,3192,265.91666666666663,0.15188506780183492
bb_ipp_adaptive,target_error,3193,266.0,0.1553334520421602
bb_ipp_adaptive,target_error,3194,266.08333333333337,0.15531689290288597
bb_ipp_adaptive,target_error,3195,266.16666666666663,0.15237803372943193
bb_ipp_adaptive,target_error,3196,266.25,0.15161796143528125
bb_ipp_adaptive,target_error,3197,266.33333333333337,0.15336366363121565
bb_ipp_adaptive,target_error,3198,266.41666666666663,0.15242490885644522
bb_ipp_adaptive,target_error,3199,266.5,0.15200878333497428
bb_ipp_adaptive,target_error,3200,266.58333333333337,0.15351109912115446
bb_ipp_adaptive,target_error,3201,266.66666666666663,0.15539713537025526
bb_ipp_adaptive,target_error,3202,266.75,0.15643024689011564
bb_ipp_adaptive,target_error,3203,266.83333333333337,0.15728160982289643
bb_ipp_adaptive,target_error,3204,266.91666666666663,0.1599759512441313
bb_ipp_adaptive,target_error,3205,267.0,0.16215191343131738
bb_ipp_adaptive,target_error,3206,267.08333333333337,0.15667831951472838
bb_ipp_adaptive,target_error,3207,267.16666666666663,0.15834742483143913
bb_ipp_adaptive,target_error,3208,267.25,0.15535955858240832
bb_ipp_adaptive,target_error,3209,267.33333333333337,0.15606160772912972
bb_ipp_adaptive,target_error,3210,267.41666666666663,0.15493463359619616
bb_ipp_adaptive,target_error,3211,267.5,0.15457169623151987
bb_ipp_adaptive,target_error,3212,267.58333333333337,0.15428077019659506
bb_ipp_adaptive,target_error,3213,267.66666666666663,0.15266455128901893
bb_ipp_adaptive,target_error,3214,267.75,0.15139579402273778
bb_ipp_adaptive,target_error,3215,267.83333333333337,0.15181490905904205
bb_ipp_adaptive,target_error,3216,267.91666666666663,0.15211809236396612
bb_ipp_adaptive,target_error,3217,268.0,0.1525796911717683
bb_ipp_adaptive,target_error,3218,268.08333333333337,0.15217238748096024
bb_ipp_adaptive,target_error,3219,268.16666666666663,0.15163779790183474
bb_ipp_adaptive,target_error,3220,268.25,0.15146993055116612
bb_ipp_adaptive,target_error,3221,268.33333333333337,0.15140772941947678
bb_ipp_adaptive,target_error,3222,268.41666666666663,0.15167409589884834
bb_ipp_adaptive,target_error,3223,268.5,0.15112589940289178
bb_ipp_adaptive,target_error,3224,268.58333333333337,0.15126582853259404
bb_ipp_adaptive,target_error,3225,268.66666666666663,0.15107563621279751
bb_ipp_adaptive,target_error,3226,268.75,0.15106072339966733
bb_ipp_adaptive,target_error,3227,268.83333333333337,0.15113524516312446
bb_ipp_adaptive,target_error,3228,268.91666666666663,0.1513313522559309
bb_ipp_adaptive,target_error,3229,269.0,0.15105940663223955
bb_ipp_adaptive,target_error,3230,269.08333333333337,0.15114726930872524
bb_ipp_adaptive,target_error,3231,269.16666666666663,0.15094494489785235
bb_ipp_adaptive,target_error,3232,269.25,0.15091056408465514
bb_ipp_adaptive,target_error,3233,269.33333333333337,0.15086909164577203
bb_ipp_adaptive,target_error,3234,269.41666666666663,0.15089353791856935
bb_ipp_adaptive,target_error,3235,269.5,0.15102705220127996
bb_ipp_adaptive,target_error,3236,269.58333333333337,0.15080656206721652
bb_ipp_adaptive,target_error,3237,269.66666666666663,0.15079489861668532
bb_ipp_adaptive,target_error,3238,269.75,0.1509568101760971
bb_ipp_adaptive,target_error,3239,269.83333333333337,0.15078079055107757
bb_ipp_adaptive,target_error,3240,269.91666666666663,0.15075722235752195
bb_ipp_adaptive,target_error,3241,270.0,0.15100827331482616
bb_ipp_adaptive,target_error,3242,270.08333333333337,0.15073318407406638
bb_ipp_adaptive,target_error,3243,270.16666666666663,0.15070628384102336
bb_ipp_adaptive,target_error,3244,270.25,0.150906915384096
bb_ipp_adaptive,target_error,3245,270.33333333333337,0.1512946822101124
bb_ipp_adaptive,target_error,3246,270.41666666666663,0.15136489249630106
bb_ipp_adaptive,target_error,3247,270.5,0.15153462829751865
bb_ipp_adaptive,target_error,3248,270.58333333333337,0.1513338386931668
bb_ipp_adaptive,target_error,3249,270.66666666666663,0.15144602345606817
bb_ipp_adaptive,target_error,3250,270.75,0.15333585834904018
bb_ipp_adaptive,target_error,3251,270.83333333333337,0.15514369119762347
bb_ipp_adaptive,target_error,3252,270.91666666666663,0.15647627545983614
bb_ipp_adaptive,target_error,3253,271.0,0.15668969091606302
bb_ipp_adaptive,target_error,3254,271.08333333333337,0.15449371778908294
bb_ipp_adaptive,target_error,3255,271.16666666666663,0.15359563502763057
bb_ipp_adaptive,target_error,3256,271.25,0.1543458110210054
bb_ipp_adaptive,target_error,3257,271.33333333333337,0.15391545627766173
bb_ipp_adaptive,target_error,3258,271.41666666666663,0.15495780857236813
bb_ipp_adaptive,target_error,3259,271.5,0.15422414587628716
bb_ipp_adaptive,target_error,3260,271.58333333333337,0.15612013852228976
bb_ipp_adaptive,target_error,3261,271.66666666666663,0.15554450163372036
bb_ipp_adaptive,target_error,3262,271.75,0.15680499295173164
bb_ipp_adaptive,target_error,3263,271.83333333333337,0.15703980307435342
bb_ipp_adaptive,target_error,3264,271.91666666666663,0.15791710730654715
bb_ipp_adaptive,target_error,3265,272.0,0.15710624394918696
bb_ipp_adaptive,target_error,3266,272.08333333333337,0.15564259174591794
bb_ipp_adaptive,target_error,3267,272.16666666666663,0.1552335668090279
bb_ipp_adaptive,target_error,3268,272.25,0.15592481032561464
bb_ipp_adaptive,target_error,3269,272.33333333333337,0.15755037884731038
bb_ipp_adaptive,target_error,3270,272.41666666666663,0.15967166342688446
bb_ipp_adaptive,target_error,3271,272.5,0.15752063766984223
bb_ipp_adaptive,target_error,3272,272.58333333333337,0.16020194615601963
bb_ipp_adaptive,target_error,3273,272.66666666666663,0.15950631801749734
bb_ipp_adaptive,target_error,3274,272.75,0.16668007225780923
bb_ipp_adaptive,target_error,3275,272.83333333333337,0.16653642178266262
bb_ipp_adaptive,target_error,3276,272.91666666666663,0.1652275452961976
bb_ipp_adaptive,target_error,3277,273.0,0.1649812295455146
bb_ipp_adaptive,target_error,3278,273.08333333333337,0.15930181035271948
bb_ipp_adaptive,target_error,3279,273.16666666666663,0.1589460403509557
bb_ipp_adaptive,target_error,3280,273.25,0.1549706743735106
bb_ipp_adaptive,target_error,3281,273.33333333333337,0.153960925490444
bb_ipp_adaptive,target_error,3282,273.41666666666663,0.15870449034801287
bb_ipp_adaptive,target_error,3283,273.5,0.15505907456668308
bb_ipp_adaptive,target_error,3284,273.58333333333337,0.15223135363022425
bb_ipp_adaptive,target_error,3285,273.66666666666663,0.15249395638428265
bb_ipp_adaptive,target_error,3286,273.75,0.1539986605906752
bb_ipp_adaptive,target_error,3287,273.83333333333337,0.15335501187240688
bb_ipp_adaptive,target_error,3288,273.91666666666663,0.15341107528861875
bb_ipp_adaptive,target_error,3289,274.0,0.1536004763897913
bb_ipp_adaptive,target_error,3290,274.08333333333337,0.15247865678900865
bb_ipp_adaptive,target_error,3291,274.16666666666663,0.15181846493348972
bb_ipp_adaptive,target_error,3292,274.25,0.151390548831901
bb_ipp_adaptive,target_error,3293,274.33333333333337,0.15133580961735396
bb_ipp_adaptive,target_error,3294,274.41666666666663,0.15130395547570888
bb_ipp_adaptive,target_error,3295,274.5,0.15128209478528387
bb_ipp_adaptive,target_error,3296,274.58333333333337,0.1512368678568136
bb_ipp_adaptive,target_error,3297,274.66666666666663,0.15124368532731183
bb_ipp_adaptive,target_error,3298,274.75,0.15144821349282447
bb_ipp_adaptive,target_error,3299,274.83333333333337,0.15172989293897715
bb_ipp_adaptive,target_error,3300,274.91666666666663,0.15205606637256638
bb_ipp_adaptive,target_error,3301,275.0,0.15271251518237813
bb_ipp_adaptive,target_error,3302,275.08333333333337,0.15373126685030436
bb_ipp_adaptive,target_error,3303,275.16666666666663,0.15378644069870376
bb_ipp_adaptive,target_error,3304,275.25,0.1519621728139435
bb_ipp_adaptive,target_error,3305,275.33333333333337,0.15121684239332764
bb_ipp_adaptive,target_error,3306,275.41666666666663,0.15081136084696367
bb_ipp_adaptive,target_error,3307,275.5,0.15061252603047398
bb_ipp_adaptive,target_error,3308,275.58333333333337,0.150402330704048
bb_ipp_adaptive,target_error,3309,275.66666666666663,0.1506269769493845
bb_ipp_adaptive,target_error,3310,275.75,0.15036093254922508
bb_ipp_adaptive,target_error,3311,275.83333333333337,0.1503685878733825
bb_ipp_adaptive,target_error,3312,275.91666666666663,0.15036472331269007
bb_ipp_adaptive,target_error,3313,276.0,0.15032323266095274
bb_ipp_adaptive,target_error,3314,276.08333333333337,0.15029204454896947
bb_ipp_adaptive,target_error,3315,276.16666666666663,0.15090113025985852
bb_ipp_adaptive,target_error,3316,276.25,0.15182701658486772
bb_ipp_adaptive,target_error,3317,276.33333333333337,0.15361507651703882
bb_ipp_adaptive,target_error,3318,276.41666666666663,0.15180815454745203
bb_ipp_adaptive,target_error,3319,276.5,0.15124155134452497
bb_ipp_adaptive,target_error,3320,276.58333333333337,0.15113329372344597
bb_ipp_adaptive,target_error,3321,276.66666666666663,0.15262116194833591
bb_ipp_adaptive,target_error,3322,276.75,0.1505789431340719
bb_ipp_adaptive,target_error,3323,276.83333333333337,0.14988840839985068
bb_ipp_adaptive,target_error,3324,276.91666666666663,0.14999121057870277
bb_ipp_adaptive,target_error,3325,277.0,0.14995302626826806
bb_ipp_adaptive,target_error,3326,277.08333333333337,0.15006916704620366
bb_ipp_adaptive,target_error,3327,277.16666666666663,0.14982349408524753
bb_ipp_adaptive,target_error,3328,277.25,0.14982918031356318
bb_ipp_adaptive,target_error,3329,277.33333333333337,0.15033705987657606
bb_ipp_adaptive,target_error,3330,277.41666666666663,0.1504261088405484
bb_ipp_adaptive,target_error,3331,277.5,0.15009928766683933
bb_ipp_adaptive,target_error,3332,277.58333333333337,0.14968855804320547
bb_ipp_adaptive,target_error,3333,277.66666666666663,0.1496684554934799
bb_ipp_adaptive,target_error,3334,277.75,0.14971056910642713
bb_ipp_adaptive,target_error,3335,277.83333333333337,0.14972116052793621
bb_ipp_adaptive,target_error,3336,277.91666666666663,0.14972326340760977
bb_ipp_adaptive,target_error,3337,278.0,0.14975296583844797
bb_ipp_adaptive,target_error,3338,278.08333333333337,0.14966065529263217
bb_ipp_adaptive,target_error,3339,278.16666666666663,0.1497043076302382
bb_ipp_adaptive,target_error,3340,278.25,0.14967955272417618
bb_ipp_adaptive,target_error,3341,278.33333333333337,0.15113850977146331
bb_ipp_adaptive,target_error,3342,278.41666666666663,0.15236365491341924
bb_ipp_adaptive,target_error,3343,278.5,0.1514748058112458
bb_ipp_adaptive,target_error,3344,278.58333333333337,0.15263918924795888
bb_ipp_adaptive,target_error,3345,278.66666666666663,0.15134592190609916
bb_ipp_adaptive,target_error,3346,278.75,0.15110603953098414
bb_ipp_adaptive,target_error,3347,278.83333333333337,0.15199502717400987
bb_ipp_adaptive,target_error,3348,278.91666666666663,0.15307091567013312
bb_ipp_adaptive,target_error,3349,279.0,0.15318066792252563
bb_ipp_adaptive,target_error,3350,279.08333333333337,0.15062686494390617
bb_ipp_adaptive,target_error,3351,279.16666666666663,0.15030061579705337
bb_ipp_adaptive,target_error,3352,279.25,0.15004320194733758
bb_ipp_adaptive,target_error,3353,279.33333333333337,0.15225079598124108
bb_ipp_adaptive,target_error,3354,279.41666666666663,0.15046196498896117
bb_ipp_adaptive,target_error,3355,279.5,0.1484890596268374
bb_ipp_adaptive,target_error,3356,279.58333333333337,0.1495615807365693
bb_ipp_adaptive,target_error,3357,279.66666666666663,0.1487280986586341
bb_ipp_adaptive,target_error,3358,279.75,0.14893759732901948
bb_ipp_adaptive,target_error,3359,279.83333333333337,0.14866813346833846
bb_ipp_adaptive,target_error,3360,279.91666666666663,0.14952176698639763
bb_ipp_adaptive,target_error,3361,280.0,0.14948074779102735
bb_ipp_adaptive,target_error,3362,280.08333333333337,0.148749540176092
bb_ipp_adaptive,target_error,3363,280.16666666666663,0.14859268441060114
bb_ipp_adaptive,target_error,3364,280.25,0.14780450001358916
bb_ipp_adaptive,target_error,3365,280.33333333333337,0.1482024480178578
bb_ipp_adaptive,target_error,3366,280.41666666666663,0.14789398539531143
bb_ipp_adaptive,target_error,3367,280.5,0.1483211439144555
bb_ipp_adaptive,target_error,3368,280.58333333333337,0.1481292620992372
bb_ipp_adaptive,target_error,3369,280.66666666666663,0.14803213028306555
bb_ipp_adaptive,target_error,3370,280.75,0.1480343878213548
bb_ipp_adaptive,target_error,3371,280.83333333333337,0.14817818173119854
bb_ipp_adaptive,target_error,3372,280.91666666666663,0.14839506316761264
bb_ipp_adaptive,target_error,3373,281.0,0.14824051081229522
bb_ipp_adaptive,target_error,3374,281.08333333333337,0.14812965123819644
bb_ipp_adaptive,target_error,3375,281.16666666666663,0.1482758220017857
bb_ipp_adaptive,target_error,3376,281.25,0.14835480666287504
bb_ipp_adaptive,target_error,3377,281.33333333333337,0.14797082352938282
bb_ipp_adaptive,target_error,3378,281.41666666666663,0.1486294948174439
bb_ipp_adaptive,target_error,3379,281.5,0.14887887354644477
bb_ipp_adaptive,target_error,3380,281.58333333333337,0.14868977532021155
bb_ipp_adaptive,target_error,3381,281.66666666666663,0.14875508982588953
bb_ipp_adaptive,target_error,3382,281.75,0.15004197747204426
bb_ipp_adaptive,target_error,3383,281.83333333333337,0.15048053338143846
bb_ipp_adaptive,target_error,3384,281.91666666666663,0.14956383260668718
bb_ipp_adaptive,target_error,3385,282.0,0.14903320496540187
bb_ipp_adaptive,target_error,3386,282.08333333333337,0.14865363777494975
bb_ipp_adaptive,target_error,3387,282.16666666666663,0.14827480615745367
bb_ipp_adaptive,target_error,3388,282.25,0.14897528269311153
bb_ipp_adaptive,target_error,3389,282.33333333333337,0.14922687191345513
bb_ipp_adaptive,target_error,3390,282.41666666666663,0.14891818509793692
bb_ipp_adaptive,target_error,3391,282.5,0.1489033005961664
bb_ipp_adaptive,target_error,3392,282.58333333333337,0.14867929323529644
bb_ipp_adaptive,target_error,3393,282.66666666666663,0.14882893803638655
bb_ipp_adaptive,target_error,3394,282.75,0.14852835420568958
bb_ipp_adaptive,target_error,3395,282.83333333333337,0.1482462218916671
bb_ipp_adaptive,target_error,3396,282.91666666666663,0.1482483273905275
bb_ipp_adaptive,target_error,3397,283.0,0.14825971887370246
bb_ipp_adaptive,target_error,3398,283.08333333333337,0.14824522303668283
bb_ipp_adaptive,target_error,3399,283.16666666666663,0.1484442507579379
bb_ipp_adaptive,target_error,3400,283.25,0.1481893831860204
bb_ipp_adaptive,target_error,3401,283.33333333333337,0.14818084357661535
bb_ipp_adaptive,target_error,3402,283.41666666666663,0.14844139550748703
bb_ipp_adaptive,target_error,3403,283.5,0.1480531301532562
bb_ipp_adaptive,target_error,3404,283.58333333333337,0.14820794224935893
bb_ipp_adaptive,target_error,3405,283.66666666666663,0.14804823051399996
bb_ipp_adaptive,target_error,3406,283.75,0.14804118309056458
bb_ipp_adaptive,target_error,3407,283.83333333333337,0.14813386529138825
bb_ipp_adaptive,target_error,3408,283.91666666666663,0.14802151549542272
bb_ipp_adaptive,target_error,3409,284.0,0.1482584027878022
bb_ipp_adaptive,target_error,3410,284.08333333333337,0.14827420414060646
bb_ipp_adaptive,target_error,3411,284.16666666666663,0.14820369550011425
bb_ipp_adaptive,target_error,3412,284.25,0.14851187632007193
bb_ipp_adaptive,target_error,3413,284.33333333333337,0.14841428634851506
bb_ipp_adaptive,target_error,3414,284.41666666666663,0.14911465473550856
bb_ipp_adaptive,target_error,3415,284.5,0.14861248392502233
bb_ipp_adaptive,target_error,3416,284.58333333333337,0.14902845200503836
bb_ipp_adaptive,target_error,3417,284.66666666666663,0.1490064532122014
bb_ipp_adaptive,target_error,3418,284.75,0.14869570053997472
bb_ipp_adaptive,target_error,3419,284.83333333333337,0.14968134770851824
bb_ipp_adaptive,target_error,3420,284.91666666666663,0.14922322758588535
bb_ipp_adaptive,target_error,3421,285.0,0.1506596361937687
bb_ipp_adaptive,target_error,3422,285.08333333333337,0.15072943485695028
bb_ipp_adaptive,target_error,3423,285.16666666666663,0.1500985665005179
bb_ipp_adaptive,target_error,3424,285.25,0.14858009811648545
bb_ipp_adaptive,target_error,3425,285.33333333333337,0.1502953751359944
bb_ipp_adaptive,target_error,3426,285.41666666666663,0.14857033921150797
bb_ipp_adaptive,target_error,3427,285.5,0.14901031772442325
bb_ipp_adaptive,target_error,3428,285.58333333333337,0.14935533381880137
bb_ipp_adaptive,target_error,3429,285.66666666666663,0.1499102679225106
bb_ipp_adaptive,target_error,3430,285.75,0.1516096109972981
bb_ipp_adaptive,target_error,3431,285.83333333333337,0.15057014457851983
bb_ipp_adaptive,target_error,3432,285.91666666666663,0.15120897675319347
bb_ipp_adaptive,target_error,3433,286.0,0.15172887854577302
bb_ipp_adaptive,target_error,3434,286.08333333333337,0.15000449614604755
bb_ipp_adaptive,target_error,3435,286.16666666666663,0.15065362970661894
bb_ipp_adaptive,target_error,3436,286.25,0.14887984108401878
bb_ipp_adaptive,target_error,3437,286.33333333333337,0.1491301612516798
bb_ipp_adaptive,target_error,3438,286.41666666666663,0.14919824570411788
bb_ipp_adaptive,target_error,3439,286.5,0.14927640898013453
bb_ipp_adaptive,target_error,3440,286.58333333333337,0.14928924088598106
bb_ipp_adaptive,target_error,3441,286.66666666666663,0.14882082697461574
bb_ipp_adaptive,target_error,3442,286.75,0.14901953319566266
bb_ipp_adaptive,target_error,3443,286.83333333333337,0.1487144017844361
bb_ipp_adaptive,target_error,3444,286.91666666666663,0.14854898581997567
bb_ipp_adaptive,target_error,3445,287.0,0.14847094105385938
bb_ipp_adaptive,target_error,3446,287.08333333333337,0.14821056310913683
bb_ipp_adaptive,target_error,3447,287.16666666666663,0.14811614090284334
bb_ipp_adaptive,target_error,3448,287.25,0.1480964011959241
bb_ipp_adaptive,target_error,3449,287.33333333333337,0.14814260286648906
bb_ipp_adaptive,target_error,3450,287.41666666666663,0.14812169690877858
bb_ipp_adaptive,target_error,3451,287.5,0.14809252299510464
bb_ipp_adaptive,target_error,3452,287.58333333333337,0.14808240481353985
bb_ipp_adaptive,target_error,3453,287.66666666666663,0.14803173365130862
bb_ipp_adaptive,target_error,3454,287.75,0.14800392260998102
bb_ipp_adaptive,target_error,3455,287.83333333333337,0.14798857220557787
bb_ipp_adaptive,target_error,3456,287.91666666666663,0.14804653510535395
bb_ipp_adaptive,target_error,3457,288.0,0.148331304008826
bb_ipp_adaptive,target_error,3458,288.08333333333337,0.14889721816534138
bb_ipp_adaptive,target_error,3459,288.16666666666663,0.14980728129749812
bb_ipp_adaptive,target_error,3460,288.25,0.1495341876792627
bb_ipp_adaptive,target_error,3461,288.33333333333337,0.1496891309847325
bb_ipp_adaptive,target_error,3462,288.41666666666663,0.14942450134028815
bb_ipp_adaptive,target_error,3463,288.5,0.14959897993303795
bb_ipp_adaptive,target_error,3464,288.58333333333337,0.1486518034020303
bb_ipp_adaptive,target_error,3465,288.66666666666663,0.1486047925933075
bb_ipp_adaptive,target_error,3466,288.75,0.1486285959623671
bb_ipp_adaptive,target_error,3467,288.83333333333337,0.14926838043524834
bb_ipp_adaptive,target_error,3468,288.91666666666663,0.14895884368580872
bb_ipp_adaptive,target_error,3469,289.0,0.1489551161847914
bb_ipp_adaptive,target_error,3470,289.08333333333337,0.14896993140179846
bb_ipp_adaptive,target_error,3471,289.16666666666663,0.14859086974331084
bb_ipp_adaptive,target_error,3472,289.25,0.1486227557093145
bb_ipp_adaptive,target_error,3473,289.33333333333337,0.14916982362238138
bb_ipp_adaptive,target_error,3474,289.41666666666663,0.14991522467680274
bb_ipp_adaptive,target_error,3475,289.5,0.14957994850798165
bb_ipp_adaptive,target_error,3476,289.58333333333337,0.14888485175709223
bb_ipp_adaptive,target_error,3477,289.66666666666663,0.14875295394217186
bb_ipp_adaptive,target_error,3478,289.75,0.1489888839420806
bb_ipp_adaptive,target_error,3479,289.83333333333337,0.1486673649521664
bb_ipp_adaptive,target_error,3480,289.91666666666663,0.14857807229639247
bb_ipp_adaptive,target_error,3481,290.0,0.14888208574205708
bb_ipp_adaptive,target_error,3482,290.08333333333337,0.14842328032740595
bb_ipp_adaptive,target_error,3483,290.16666666666663,0.14844943097469024
bb_ipp_adaptive,target_error,3484,290.25,0.14840977296796073
bb_ipp_adaptive,target_error,3485,290.33333333333337,0.14841653214199244
bb_ipp_adaptive,target_error,3486,290.41666666666663,0.14837343927031194
bb_ipp_adaptive,target_error,3487,290.5,0.14846313507253786
bb_ipp_adaptive,target_error,3488,290.58333333333337,0.14849637938635218
bb_ipp_adaptive,target_error,3489,290.66666666666663,0.14839926850161397
bb_ipp_adaptive,target_error,3490,290.75,0.14858955473854932
bb_ipp_adaptive,target_error,3491,290.83333333333337,0.14840944006633983
bb_ipp_adaptive,target_error,3492,290.91666666666663,0.14842288918975832
bb_ipp_adaptive,target_error,3493,291.0,0.14841767095626363
bb_ipp_adaptive,target_error,3494,291.08333333333337,0.14943915769053967
bb_ipp_adaptive,target_error,3495,291.16666666666663,0.14905864712778796
bb_ipp_adaptive,target_error,3496,291.25,0.1489424072563094
bb_ipp_adaptive,target_error,3497,291.33333333333337,0.14975869848633383
bb_ipp_adaptive,target_error,3498,291.41666666666663,0.15028993058542048
bb_ipp_adaptive,target_error,3499,291.5,0.1502745686448353
bb_ipp_adaptive,target_error,3500,291.58333333333337,0.15070868506750199
bb_ipp_adaptive,target_error,3501,291.66666666666663,0.1493918163426055
bb_ipp_adaptive,target_error,3502,291.75,0.14911198373981255
bb_ipp_adaptive,target_error,3503,291.83333333333337,0.14935955342025403
bb_ipp_adaptive,target_error,3504,291.91666666666663,0.14971854371515422
bb_ipp_adaptive,target_error,3505,292.0,0.1491648356501357
bb_ipp_adaptive,target_error,3506,292.08333333333337,0.14915432128265163
bb_ipp_adaptive,target_error,3507,292.16666666666663,0.14877756483035776
bb_ipp_adaptive,target_error,3508,292.25,0.14879932491857265
bb_ipp_adaptive,target_error,3509,292.33333333333337,0.14904114243621575
bb_ipp_adaptive,target_error,3510,292.41666666666663,0.14868430632194762
bb_ipp_adaptive,target_error,3511,292.5,0.14865997838137676
bb_ipp_adaptive,target_error,3512,292.58333333333337,0.14885127371993084
bb_ipp_adaptive,target_error,3513,292.66666666666663,0.1487125699594415
bb_ipp_adaptive,target_error,3514,292.75,0.14845697287223508
bb_ipp_adaptive,target_error,3515,292.83333333333337,0.148683857035893
bb_ipp_adaptive,target_error,3516,292.91666666666663,0.14908351371971193
bb_ipp_adaptive,target_error,3517,293.0,0.1496305319781395
bb_ipp_adaptive,target_error,3518,293.08333333333337,0.14874467665671437
bb_ipp_adaptive,target_error,3519,293.16666666666663,0.14858316307701666
bb_ipp_adaptive,target_error,3520,293.25,0.14855368470287153
bb_ipp_adaptive,target_error,3521,293.33333333333337,0.14814186954321745
bb_ipp_adaptive,target_error,3522,293.41666666666663,0.1481267067933616
bb_ipp_adaptive,target_error,3523,293.5,0.14816185429313306
bb_ipp_adaptive,target_error,3524,293.58333333333337,0.14816845022926978
bb_ipp_adaptive,target_error,3525,293.66666666666663,0.14840617589710534
bb_ipp_adaptive,target_error,3526,293.75,0.1484353204704684
bb_ipp_adaptive,target_error,3527,293.83333333333337,0.1481848205252086
bb_ipp_adaptive,target_error,3528,293.91666666666663,0.14821970296086903
bb_ipp_adaptive,target_error,3529,294.0,0.14821128779394985
bb_ipp_adaptive,target_error,3530,294.08333333333337,0.14820173404150944
bb_ipp_adaptive,target_error,3531,294.16666666666663,0.14812339723071058
bb_ipp_adaptive,target_error,3532,294.25,0.14810803326092858
bb_ipp_adaptive,target_error,3533,294.33333333333337,0.1480779739277459
bb_ipp_adaptive,target_error,3534,294.41666666666663,0.148086596938015
bb_ipp_adaptive,target_error,3535,294.5,0.14803937987595242
bb_ipp_adaptive,target_error,3536,294.58333333333337,0.14803234095983153
bb_ipp_adaptive,target_error,3537,294.66666666666663,0.14813056344741474
bb_ipp_adaptive,target_error,3538,294.75,0.14811678940513923
bb_ipp_adaptive,target_error,3539,294.83333333333337,0.14813055936077313
bb_ipp_adaptive,target_error,3540,294.91666666666663,0.14837512962433425
bb_ipp_adaptive,target_error,3541,295.0,0.14860319115657844
bb_ipp_adaptive,target_error,3542,295.08333333333337,0.1484174297376407
bb_ipp_adaptive,target_error,3543,295.16666666666663,0.148495777238539
bb_ipp_adaptive,target_error,3544,295.25,0.14826351914968577
bb_ipp_adaptive,target_error,3545,295.33333333333337,0.14831088304436665
bb_ipp_adaptive,target_error,3546,295.41666666666663,0.14829692260671892
bb_ipp_adaptive,target_error,3547,295.5,0.1488517783062468
bb_ipp_adaptive,target_error,3548,295.58333333333337,0.14869059009983518
bb_ipp_adaptive,target_error,3549,295.66666666666663,0.1491456032594236
bb_ipp_adaptive,target_error,3550,295.75,0.14907045633155636
bb_ipp_adaptive,target_error,3551,295.83333333333337,0.14887778422997872
bb_ipp_adaptive,target_error,3552,295.91666666666663,0.14860682429971644
bb_ipp_adaptive,target_error,3553,296.0,0.148748398448126
bb_ipp_adaptive,target_error,3554,296.08333333333337,0.14913924078459148
bb_ipp_adaptive,target_error,3555,296.16666666666663,0.1488752272038249
bb_ipp_adaptive,target_error,3556,296.25,0.14879034997421803
bb_ipp_adaptive,target_error,3557,296.33333333333337,0.1490198384865575
bb_ipp_adaptive,target_error,3558,296.41666666666663,0.14928276086252662
bb_ipp_adaptive,target_error,3559,296.5,0.1493209460701117
bb_ipp_adaptive,target_error,3560,296.58333333333337,0.14965183127052747
bb_ipp_adaptive,target_error,3561,296.66666666666663,0.1486485248500274
bb_ipp_adaptive,target_error,3562,296.75,0.14897385597197188
bb_ipp_adaptive,target_error,3563,296.83333333333337,0.15058302056490344
bb_ipp_adaptive,target_error,3564,296.91666666666663,0.14960531008529657
bb_ipp_adaptive,target_error,3565,297.0,0.14872476749448696
bb_ipp_adaptive,target_error,3566,297.08333333333337,0.149315955875925
bb_ipp_adaptive,target_error,3567,297.16666666666663,0.1483875050391244
bb_ipp_adaptive,target_error,3568,297.25,0.14825087134966902
bb_ipp_adaptive,target_error,3569,297.33333333333337,0.1482835529067278
bb_ipp_adaptive,target_error,3570,297.41666666666663,0.14837435054862255
bb_ipp_adaptive,target_error,3571,297.5,0.14849021967242612
bb_ipp_adaptive,target_error,3572,297.58333333333337,0.14893567080593706
bb_ipp_adaptive,target_error,3573,297.66666666666663,0.14888772954591725
bb_ipp_adaptive,target_error,3574,297.75,0.14860346394413063
bb_ipp_adaptive,target_error,3575,297.83333333333337,0.14860710557843143
bb_ipp_adaptive,target_error,3576,297.91666666666663,0.14877879946097708
bb_ipp_adaptive,target_error,3577,298.0,0.14873539385994713
bb_ipp_adaptive,target_error,3578,298.08333333333337,0.14883483117051116
bb_ipp_adaptive,target_error,3579,298.16666666666663,0.14846724353283386
bb_ipp_adaptive,target_error,3580,298.25,0.14842338717381262
bb_ipp_adaptive,target_error,3581,298.33333333333337,0.14855644649071895
bb_ipp_adaptive,target_error,3582,298.41666666666663,0.1486794701353742
bb_ipp_adaptive,target_error,3583,298.5,0.1495393607756133
bb_ipp_adaptive,target_error,3584,298.58333333333337,0.14996903799590344
bb_ipp_adaptive,target_error,3585,298.66666666666663,0.1499683800550392
bb_ipp_adaptive,target_error,3586,298.75,0.1501136696724764
bb_ipp_adaptive,target_error,3587,298.83333333333337,0.14928236808347348
bb_ipp_adaptive,target_error,3588,298.91666666666663,0.14891430041595674
bb_ipp_adaptive,target_error,3589,299.0,0.14924298624781082
bb_ipp_adaptive,target_error,3590,299.08333333333337,0.1487032733307743
bb_ipp_adaptive,target_error,3591,299.16666666666663,0.15010494747493228
bb_ipp_adaptive,target_error,3592,299.25,0.15006691386238466
bb_ipp_adaptive,target_error,3593,299.33333333333337,0.1483998963962788
bb_ipp_adaptive,target_error,3594,299.41666666666663,0.14799311597813547
bb_ipp_adaptive,target_error,3595,299.5,0.14757746348548884
bb_ipp_adaptive,target_error,3596,299.58333333333337,0.1468700733149599
bb_ipp_adaptive,target_error,3597,299.66666666666663,0.1467827257166056
bb_ipp_adaptive,target_error,3598,299.75,0.1467480791647928
bb_ipp_adaptive,target_error,3599,299.83333333333337,0.1468781269286547
bb_ipp_adaptive,target_error,3600,299.91666666666663,0.1467290656137336
bb_ipp_adaptive,target_error,3601,300.0,0.1468294204025544
bb_ipp_adaptive,target_error,3602,300.08333333333337,0.1466884048405559
bb_ipp_adaptive,target_error,3603,300.16666666666663,0.14672976348085898
bb_ipp_adaptive,target_error,3604,300.25,0.146660378895045
bb_ipp_adaptive,target_error,3605,300.33333333333337,0.14665604129722298
bb_ipp_adaptive,target_error,3606,300.41666666666663,0.14676407752517248
bb_ipp_adaptive,target_error,3607,300.5,0.14712259408501258
bb_ipp_adaptive,target_error,3608,300.58333333333337,0.1471145427668926
bb_ipp_adaptive,target_error,3609,300.66666666666663,0.14713423978515022
bb_ipp_adaptive,target_error,3610,300.75,0.14768498182472262
bb_ipp_adaptive,target_error,3611,300.83333333333337,0.14818943475730662
bb_ipp_adaptive,target_error,3612,300.91666666666663,0.14821860331455763
bb_ipp_adaptive,target_error,3613,301.0,0.14849754473636956
bb_ipp_adaptive,target_error,3614,301.08333333333337,0.14778724762069403
bb_ipp_adaptive,target_error,3615,301.16666666666663,0.14771519593434052
bb_ipp_adaptive,target_error,3616,301.25,0.14823684190347672
bb_ipp_adaptive,target_error,3617,301.33333333333337,0.14792615651598598
bb_ipp_adaptive,target_error,3618,301.41666666666663,0.14789246373618295
bb_ipp_adaptive,target_error,3619,301.5,0.1480872628894656
bb_ipp_adaptive,target_error,3620,301.58333333333337,0.14781730602772422
bb_ipp_adaptive,target_error,3621,301.66666666666663,0.14813474400037765
bb_ipp_adaptive,target_error,3622,301.75,0.14861429429733908
bb_ipp_adaptive,target_error,3623,301.83333333333337,0.14758139056093736
bb_ipp_adaptive,target_error,3624,301.91666666666663,0.14787937920902058
bb_ipp_adaptive,target_error,3625,302.0,0.14844764831554808
bb_ipp_adaptive,target_error,3626,302.08333333333337,0.14866387445828796
bb_ipp_adaptive,target_error,3627,302.16666666666663,0.14867293506516657
bb_ipp_adaptive,target_error,3628,302.25,0.14835950169077428
bb_ipp_adaptive,target_error,3629,302.33333333333337,0.14826175145002043
bb_ipp_adaptive,target_error,3630,302.41666666666663,0.148339945760927
bb_ipp_adaptive,target_error,3631,302.5,0.14846685621070077
bb_ipp_adaptive,target_error,3632,302.58333333333337,0.14857170414909562
bb_ipp_adaptive,target_error,3633,302.66666666666663,0.14933605775527
bb_ipp_adaptive,target_error,3634,302.75,0.149636500132407
bb_ipp_adaptive,target_error,3635,302.83333333333337,0.14867538383610798
bb_ipp_adaptive,target_error,3636,302.91666666666663,0.14908682747567603
bb_ipp_adaptive,target_error,3637,303.0,0.14978886089483842
bb_ipp_adaptive,target_error,3638,303.08333333333337,0.15017016972260583
bb_ipp_adaptive,target_error,3639,303.16666666666663,0.15037496247729834
bb_ipp_adaptive,target_error,3640,303.25,0.14954614738504746
bb_ipp_adaptive,target_error,3641,303.33333333333337,0.14988687248402582
bb_ipp_adaptive,target_error,3642,303.41666666666663,0.14937194086543976
bb_ipp_adaptive,target_error,3643,303.5,0.14994790920382917
bb_ipp_adaptive,target_error,3644,303.58333333333337,0.14989862864474696
bb_ipp_adaptive,target_error,3645,303.66666666666663,0.14956179415382917
bb_ipp_adaptive,target_error,3646,303.75,0.1500302784188818
bb_ipp_adaptive,target_error,3647,303.83333333333337,0.14895660559352386
bb_ipp_adaptive,target_error,3648,303.91666666666663,0.1486425161460202
bb_ipp_adaptive,target_error,3649,304.0,0.14874714876867023
bb_ipp_adaptive,target_error,3650,304.08333333333337,0.14799762337847838
bb_ipp_adaptive,target_error,3651,304.16666666666663,0.14792166591939687
bb_ipp_adaptive,target_error,3652,304.25,0.1476677108143242
bb_ipp_adaptive,target_error,3653,304.33333333333337,0.14778863743022788
bb_ipp_adaptive,target_error,3654,304.41666666666663,0.14778475024195517
bb_ipp_adaptive,target_error,3655,304.5,0.1479956300568566
bb_ipp_adaptive,target_error,3656,304.58333333333337,0.14764774606166214
bb_ipp_adaptive,target_error,3657,304.66666666666663,0.14767703455179082
bb_ipp_adaptive,target_error,3658,304.75,0.14747356634506675
bb_ipp_adaptive,target_error,3659,304.83333333333337,0.14757409803974375
bb_ipp_adaptive,target_error,3660,304.91666666666663,0.1478054198135101
bb_ipp_adaptive,target_error,3661,305.0,0.1471555051256943
bb_ipp_adaptive,target_error,3662,305.08333333333337,0.14715732469100112
bb_ipp_adaptive,target_error,3663,305.16666666666663,0.14726286360078253
bb_ipp_adaptive,target_error,3664,305.25,0.14708472104168524
bb_ipp_adaptive,target_error,3665,305.33333333333337,0.14708491875488383
bb_ipp_adaptive,target_error,3666,305.41666666666663,0.14714458014890944
bb_ipp_adaptive,target_error,3667,305.5,0.14762774951962895
bb_ipp_adaptive,target_error,3668,305.58333333333337,0.14767731776024537
bb_ipp_adaptive,target_error,3669,305.66666666666663,0.14866213072911408
bb_ipp_adaptive,target_error,3670,305.75,0.14857318046986068
bb_ipp_adaptive,target_error,3671,305.83333333333337,0.14896906966076826
bb_ipp_adaptive,target_error,3672,305.91666666666663,0.14835157474936755
bb_ipp_adaptive,target_error,3673,306.0,0.14882070716662635
bb_ipp_adaptive,target_error,3674,306.08333333333337,0.1473205122511227
bb_ipp_adaptive,target_error,3675,306.16666666666663,0.1489139552211154
bb_ipp_adaptive,target_error,3676,306.25,0.1486169897742742
bb_ipp_adaptive,target_error,3677,306.33333333333337,0.1492390950067566
bb_ipp_adaptive,target_error,3678,306.41666666666663,0.1495942865114718
bb_ipp_adaptive,target_error,3679,306.5,0.14974794905190272
bb_ipp_adaptive,target_error,3680,306.58333333333337,0.14940643475014453
bb_ipp_adaptive,target_error,3681,306.66666666666663,0.14830131344258016
bb_ipp_adaptive,target_error,3682,306.75,0.14711683875809944
bb_ipp_adaptive,target_error,3683,306.83333333333337,0.14696606577215998
bb_ipp_adaptive,target_error,3684,306.91666666666663,0.1463808481867419
bb_ipp_adaptive,target_error,3685,307.0,0.14606417554737997
bb_ipp_adaptive,target_error,3686,307.08333333333337,0.14609823212055742
bb_ipp_adaptive,target_error,3687,307.16666666666663,0.1464750447036743
bb_ipp_adaptive,target_error,3688,307.25,0.14607441857840386
bb_ipp_adaptive,target_error,3689,307.33333333333337,0.14629772541281885
bb_ipp_adaptive,target_error,3690,307.41666666666663,0.14614704565150893
bb_ipp_adaptive,target_error,3691,307.5,0.14623942841104687
bb_ipp_adaptive,target_error,3692,307.58333333333337,0.14631915112627852
bb_ipp_adaptive,target_error,3693,307.66666666666663,0.146129321737246
bb_ipp_adaptive,target_error,3694,307.75,0.14615172684139288
bb_ipp_adaptive,target_error,3695,307.83333333333337,0.14624134403432545
bb_ipp_adaptive,target_error,3696,307.91666666666663,0.14634567365197482
bb_ipp_adaptive,target_error,3697,308.0,0.1462194696531121
bb_ipp_adaptive,target_error,3698,308.08333333333337,0.14618850745356105
bb_ipp_adaptive,target_error,3699,308.16666666666663,0.1461944385855265
bb_ipp_adaptive,target_error,3700,308.25,0.14612970303544534
bb_ipp_adaptive,target_error,3701,308.33333333333337,0.14633431503702804
bb_ipp_adaptive,target_error,3702,308.41666666666663,0.14668394764777562
bb_ipp_adaptive,target_error,3703,308.5,0.1468608657906755
bb_ipp_adaptive,target_error,3704,308.58333333333337,0.14718621998858766
bb_ipp_adaptive,target_error,3705,308.66666666666663,0.14690755386060733
bb_ipp_adaptive,target_error,3706,308.75,0.1466698147182715
bb_ipp_adaptive,target_error,3707,308.83333333333337,0.14714683648831461
bb_ipp_adaptive,target_error,3708,308.91666666666663,0.14743121671744536
bb_ipp_adaptive,target_error,3709,309.0,0.14770743851028934
bb_ipp_adaptive,target_error,3710,309.08333333333337,0.14690370256898258
bb_ipp_adaptive,target_error,3711,309.16666666666663,0.14702579076085617
bb_ipp_adaptive,target_error,3712,309.25,0.14736563810199696
bb_ipp_adaptive,target_error,3713,309.33333333333337,0.14754622428457226
bb_ipp_adaptive,target_error,3714,309.41666666666663,0.1470465925176735
bb_ipp_adaptive,target_error,3715,309.5,0.14750318419022376
bb_ipp_adaptive,target_error,3716,309.58333333333337,0.14761506030252566
bb_ipp_adaptive,target_error,3717,309.66666666666663,0.14701319539669738
bb_ipp_adaptive,target_error,3718,309.75,0.14693183613397984
bb_ipp_adaptive,target_error,3719,309.83333333333337,0.1471035323318575
bb_ipp_adaptive,target_error,3720,309.91666666666663,0.14715234581102674
bb_ipp_adaptive,target_error,3721,310.0,0.14715712009856252
bb_ipp_adaptive,target_error,3722,310.08333333333337,0.147902115206678
bb_ipp_adaptive,target_error,3723,310.16666666666663,0.14772569348770362
bb_ipp_adaptive,target_error,3724,310.25,0.14710656483430049
bb_ipp_adaptive,target_error,3725,310.33333333333337,0.14729438553568533
bb_ipp_adaptive,target_error,3726,310.41666666666663,0.14766821056433088
bb_ipp_adaptive,target_error,3727,310.5,0.1477856229280794
bb_ipp_adaptive,target_error,3728,310.58333333333337,0.1477610228551907
bb_ipp_adaptive,target_error,3729,310.66666666666663,0.14847808848859323
bb_ipp_adaptive,target_error,3730,310.75,0.1480583498569648
bb_ipp_adaptive,target_error,3731,310.83333333333337,0.14754491765961555
bb_ipp_adaptive,target_error,3732,310.91666666666663,0.14782784274250493
bb_ipp_adaptive,target_error,3733,311.0,0.14727210107426167
bb_ipp_adaptive,target_error,3734,311.08333333333337,0.14792456455398653
bb_ipp_adaptive,target_error,3735,311.16666666666663,0.147707809306551
bb_ipp_adaptive,target_error,3736,311.25,0.14747828189573772
bb_ipp_adaptive,target_error,3737,311.33333333333337,0.1471044612491451
bb_ipp_adaptive,target_error,3738,311.41666666666663,0.14711537302777145
bb_ipp_adaptive,target_error,3739,311.5,0.14701550254471843
bb_ipp_adaptive,target_error,3740,311.58333333333337,0.14707251195371976
bb_ipp_adaptive,target_error,3741,311.66666666666663,0.14704223785392054
bb_ipp_adaptive,target_error,3742,311.75,0.14703563051747515
bb_ipp_adaptive,target_error,3743,311.83333333333337,0.14700920332577855
bb_ipp_adaptive,target_error,3744,311.91666666666663,0.14704198731197832
bb_ipp_adaptive,target_error,3745,312.0,0.14736650518255284
bb_ipp_adaptive,target_error,3746,312.08333333333337,0.1473796646244953
bb_ipp_adaptive,target_error,3747,312.16666666666663,0.14688095112627225
bb_ipp_adaptive,target_error,3748,312.25,0.1470083111866396
bb_ipp_adaptive,target_error,3749,312.33333333333337,0.14667283486154942
bb_ipp_adaptive,target_error,3750,312.41666666666663,0.14668314320146414
bb_ipp_adaptive,target_error,3751,312.5,0.1467786425495339
bb_ipp_adaptive,target_error,3752,312.58333333333337,0.14789958157103592
bb_ipp_adaptive,target_error,3753,312.66666666666663,0.14741411440088528
bb_ipp_adaptive,target_error,3754,312.75,0.1489984219152158
bb_ipp_adaptive,target_error,3755,312.83333333333337,0.14798609546251468
bb_ipp_adaptive,target_error,3756,312.91666666666663,0.14725260113545233
bb_ipp_adaptive,target_error,3757,313.0,0.1466556209296025
bb_ipp_adaptive,target_error,3758,313.08333333333337,0.14658160825060498
bb_ipp_adaptive,target_error,3759,313.16666666666663,0.14662840972256877
bb_ipp_adaptive,target_error,3760,313.25,0.14662863088554265
bb_ipp_adaptive,target_error,3761,313.33333333333337,0.14707118036115685
bb_ipp_adaptive,target_error,3762,313.41666666666663,0.14731170788996634
bb_ipp_adaptive,target_error,3763,313.5,0.1471613501637372
bb_ipp_adaptive,target_error,3764,313.58333333333337,0.14730588030003675
bb_ipp_adaptive,target_error,3765,313.66666666666663,0.14674949293042935
bb_ipp_adaptive,target_error,3766,313.75,0.14677649433089301
bb_ipp_adaptive,target_error,3767,313.83333333333337,0.14719198132502834
bb_ipp_adaptive,target_error,3768,313.91666666666663,0.14646847342113176
bb_ipp_adaptive,target_error,3769,314.0,0.1462026827273299
bb_ipp_adaptive,target_error,3770,314.08333333333337,0.14626728788682025
bb_ipp_adaptive,target_error,3771,314.16666666666663,0.14621568139877067
bb_ipp_adaptive,target_error,3772,314.25,0.14622024794839736
bb_ipp_adaptive,target_error,3773,314.33333333333337,0.14619268186858453
bb_ipp_adaptive,target_error,3774,314.41666666666663,0.1462323794690013
bb_ipp_adaptive,target_error,3775,314.5,0.14619760027665155
bb_ipp_adaptive,target_error,3776,314.58333333333337,0.14624302424411398
bb_ipp_adaptive,target_error,3777,314.66666666666663,0.14628127092251808
bb_ipp_adaptive,target_error,3778,314.75,0.14623215719577318
bb_ipp_adaptive,target_error,3779,314.83333333333337,0.14625413898557357
bb_ipp_adaptive,target_error,3780,314.91666666666663,0.14622921755111812
bb_ipp_adaptive,target_error,3781,315.0,0.1464204407707081
bb_ipp_adaptive,target_error,3782,315.08333333333337,0.14670072465591358
bb_ipp_adaptive,target_error,3783,315.16666666666663,0.14679253507029452
bb_ipp_adaptive,target_error,3784,315.25,0.14665330158177892
bb_ipp_adaptive,target_error,3785,315.33333333333337,0.14702411536516014
bb_ipp_adaptive,target_error,3786,315.41666666666663,0.14698235473018903
bb_ipp_adaptive,target_error,3787,315.5,0.14681405886004154
bb_ipp_adaptive,target_error,3788,315.58333333333337,0.14669515617246356
bb_ipp_adaptive,target_error,3789,315.66666666666663,0.14734550483426287
bb_ipp_adaptive,target_error,3790,315.75,0.14753857228568276
bb_ipp_adaptive,target_error,3791,315.83333333333337,0.14700696254767745
bb_ipp_adaptive,target_error,3792,315.91666666666663,0.14683161451883198
bb_ipp_adaptive,target_error,3793,316.0,0.1468630486485305
bb_ipp_adaptive,target_error,3794,316.08333333333337,0.14669846377709686
bb_ipp_adaptive,target_error,3795,316.16666666666663,0.14702972027420005
bb_ipp_adaptive,target_error,3796,316.25,0.14763979924685372
bb_ipp_adaptive,target_error,3797,316.33333333333337,0.14779654735484693
bb_ipp_adaptive,target_error,3798,316.41666666666663,0.14803646532906647
bb_ipp_adaptive,target_error,3799,316.5,0.14780549918890026
bb_ipp_adaptive,target_error,3800,316.58333333333337,0.14751411962334326
bb_ipp_adaptive,target_error,3801,316.66666666666663,0.1476151780722534
bb_ipp_adaptive,target_error,3802,316.75,0.14746113595061444
bb_ipp_adaptive,target_error,3803,316.83333333333337,0.1471481381298623
bb_ipp_adaptive,target_error,3804,316.91666666666663,0.1471872143600808
bb_ipp_adaptive,target_error,3805,317.0,0.14752482951040394
bb_ipp_adaptive,target_error,3806,317.08333333333337,0.14729757431349555
bb_ipp_adaptive,target_error,3807,317.16666666666663,0.14772717275189082
bb_ipp_adaptive,target_error,3808,317.25,0.14815122929460808
bb_ipp_adaptive,target_error,3809,317.33333333333337,0.14829974015585287
bb_ipp_adaptive,target_error,3810,317.41666666666663,0.1483260856083094
bb_ipp_adaptive,target_error,3811,317.5,0.1479145868968988
bb_ipp_adaptive,target_error,3812,317.58333333333337,0.14819979663521682
bb_ipp_adaptive,target_error,3813,317.66666666666663,0.1478604629819496
bb_ipp_adaptive,target_error,3814,317.75,0.14782409676534164
bb_ipp_adaptive,target_error,3815,317.83333333333337,0.1479032898816897
bb_ipp_adaptive,target_error,3816,317.91666666666663,0.1476817243092953
bb_ipp_adaptive,target_error,3817,318.0,0.14768490971992002
bb_ipp_adaptive,target_error,3818,318.08333333333337,0.14786442368467598
bb_ipp_adaptive,target_error,3819,318.16666666666663,0.14760746423610516
bb_ipp_adaptive,target_error,3820,318.25,0.14756946783709918
bb_ipp_adaptive,target_error,3821,318.33333333333337,0.14786269936901011
bb_ipp_adaptive,target_error,3822,318.41666666666663,0.1477469293608043
bb_ipp_adaptive,target_error,3823,318.5,0.1474869526440028
bb_ipp_adaptive,target_error,3824,318.58333333333337,0.1477240107546005
bb_ipp_adaptive,target_error,3825,318.66666666666663,0.1478436775414633
bb_ipp_adaptive,target_error,3826,318.75,0.14758319460412714
bb_ipp_adaptive,target_error,3827,318.83333333333337,0.14711479016730708
bb_ipp_adaptive,target_error,3828,318.91666666666663,0.14800226480795392
bb_ipp_adaptive,target_error,3829,319.0,0.14781983535032012
bb_ipp_adaptive,target_error,3830,319.08333333333337,0.1476036569006633
bb_ipp_adaptive,target_error,3831,319.16666666666663,0.14767116140438497
bb_ipp_adaptive,target_error,3832,319.25,0.14793904700194424
bb_ipp_adaptive,target_error,3833,319.33333333333337,0.14780875266922436
bb_ipp_adaptive,target_error,3834,319.41666666666663,0.1473559018471109
bb_ipp_adaptive,target_error,3835,319.5,0.14712133181700748
bb_ipp_adaptive,target_error,3836,319.58333333333337,0.14749976763110537
bb_ipp_adaptive,target_error,3837,319.66666666666663,0.147125807306269
bb_ipp_adaptive,target_error,3838,319.75,0.14723805793692388
bb_ipp_adaptive,target_error,3839,319.83333333333337,0.14665599254077039
bb_ipp_adaptive,target_error,3840,319.91666666666663,0.14643678976200872
bb_ipp_adaptive,target_error,3841,320.0,0.14627974107390734
bb_ipp_adaptive,target_error,3842,320.08333333333337,0.14629334435343755
bb_ipp_adaptive,target_error,3843,320.16666666666663,0.14621237465267728
bb_ipp_adaptive,target_error,3844,320.25,0.14619656781719106
bb_ipp_adaptive,target_error,3845,320.33333333333337,0.14616943585273792
bb_ipp_adaptive,target_error,3846,320.41666666666663,0.14618117225996405
bb_ipp_adaptive,target_error,3847,320.5,0.1463466946516719
bb_ipp_adaptive,target_error,3848,320.58333333333337,0.14618172439791344
bb_ipp_adaptive,target_error,3849,320.66666666666663,0.14617062052781538
bb_ipp_adaptive,target_error,3850,320.75,0.14633134026038538
bb_ipp_adaptive,target_error,3851,320.83333333333337,0.14695843789401025
bb_ipp_adaptive,target_error,3852,320.91666666666663,0.14672240874265158
bb_ipp_adaptive,target_error,3853,321.0,0.1464750904337686
bb_ipp_adaptive,target_error,3854,321.08333333333337,0.14750078686682178
bb_ipp_adaptive,target_error,3855,321.16666666666663,0.14814416928830249
bb_ipp_adaptive,target_error,3856,321.25,0.14725644025338297
bb_ipp_adaptive,target_error,3857,321.33333333333337,0.14738322862250902
bb_ipp_adaptive,target_error,3858,321.41666666666663,0.14703108098297485
bb_ipp_adaptive,target_error,3859,321.5,0.14670612351335766
bb_ipp_adaptive,target_error,3860,321.58333333333337,0.14612702043940043
bb_ipp_adaptive,target_error,3861,321.66666666666663,0.14610734645309345
bb_ipp_adaptive,target_error,3862,321.75,0.14619249581804833
bb_ipp_adaptive,target_error,3863,321.83333333333337,0.14632132817220633
bb_ipp_adaptive,target_error,3864,321.91666666666663,0.14608818514806268
bb_ipp_adaptive,target_error,3865,322.0,0.14608661441099408
bb_ipp_adaptive,target_error,3866,322.08333333333337,0.14610244193410687
bb_ipp_adaptive,target_error,3867,322.16666666666663,0.1460145707685019
bb_ipp_adaptive,target_error,3868,322.25,0.14609437066029396
bb_ipp_adaptive,target_error,3869,322.33333333333337,0.1461957507514234
bb_ipp_adaptive,target_error,3870,322.41666666666663,0.14650932315821721
bb_ipp_adaptive,target_error,3871,322.5,0.14633582029099185
bb_ipp_adaptive,target_error,3872,322.58333333333337,0.14616818590578753
bb_ipp_adaptive,target_error,3873,322.66666666666663,0.14602181327816388
bb_ipp_adaptive,target_error,3874,322.75,0.1460015806336712
bb_ipp_adaptive,target_error,3875,322.83333333333337,0.14594787580839924
bb_ipp_adaptive,target_error,3876,322.91666666666663,0.1459988771038557
bb_ipp_adaptive,target_error,3877,323.0,0.14600035506588477
bb_ipp_adaptive,target_error,3878,323.08333333333337,0.14595971383756
bb_ipp_adaptive,target_error,3879,323.16666666666663,0.1459812930721188
bb_ipp_adaptive,target_error,3880,323.25,0.14596120191611986
bb_ipp_adaptive,target_error,3881,323.33333333333337,0.14594354594749437
bb_ipp_adaptive,target_error,3882,323.41666666666663,0.14596199839775667
bb_ipp_adaptive,target_error,3883,323.5,0.14602675912006255
bb_ipp_adaptive,target_error,3884,323.58333333333337,0.1462621208449545
bb_ipp_adaptive,target_error,3885,323.66666666666663,0.14656227138520408
bb_ipp_adaptive,target_error,3886,323.75,0.146657191377603
bb_ipp_adaptive,target_error,3887,323.83333333333337,0.1465060598785578
bb_ipp_adaptive,target_error,3888,323.91666666666663,0.14656155334266732
bb_ipp_adaptive,target_error,3889,324.0,0.14672166440448411
bb_ipp_adaptive,target_error,3890,324.08333333333337,0.14678780942939987
bb_ipp_adaptive,target_error,3891,324.16666666666663,0.14670539833409527
bb_ipp_adaptive,target_error,3892,324.25,0.1463313424738945
bb_ipp_adaptive,target_error,3893,324.33333333333337,0.14643169619753507
bb_ipp_adaptive,target_error,3894,324.41666666666663,0.14632446365336513
bb_ipp_adaptive,target_error,3895,324.5,0.14681081992163597
bb_ipp_adaptive,target_error,3896,324.58333333333337,0.14658893314998708
bb_ipp_adaptive,target_error,3897,324.66666666666663,0.14674207718715274
bb_ipp_adaptive,target_error,3898,324.75,0.1466985780072947
bb_ipp_adaptive,target_error,3899,324.83333333333337,0.1469386479532865
bb_ipp_adaptive,target_error,3900,324.91666666666663,0.14738158890234138
bb_ipp_adaptive,target_error,3901,325.0,0.14749019304774202
bb_ipp_adaptive,target_error,3902,325.08333333333337,0.14770331005287185
bb_ipp_adaptive,target_error,3903,325.16666666666663,0.1473611239256078
bb_ipp_adaptive,target_error,3904,325.25,0.14785915393055005
bb_ipp_adaptive,target_error,3905,325.33333333333337,0.14752773171358038
bb_ipp_adaptive,target_error,3906,325.41666666666663,0.1472537539025224
bb_ipp_adaptive,target_error,3907,325.5,0.14708065068907045
bb_ipp_adaptive,target_error,3908,325.58333333333337,0.14780220130587338
bb_ipp_adaptive,target_error,3909,325.66666666666663,0.14764462391559682
bb_ipp_adaptive,target_error,3910,325.75,0.14790739785429416
bb_ipp_adaptive,target_error,3911,325.83333333333337,0.1480459721824954
bb_ipp_adaptive,target_error,3912,325.91666666666663,0.1467551818349578
bb_ipp_adaptive,target_error,3913,326.0,0.14639411883297482
bb_ipp_adaptive,target_error,3914,326.08333333333337,0.14669480870613824
bb_ipp_adaptive,target_error,3915,326.16666666666663,0.14713222618821878
bb_ipp_adaptive,target_error,3916,326.25,0.14675006055547699
bb_ipp_adaptive,target_error,3917,326.33333333333337,0.14704753313278457
bb_ipp_adaptive,target_error,3918,326.41666666666663,0.14732262041027053
bb_ipp_adaptive,target_error,3919,326.5,0.14750187023739444
bb_ipp_adaptive,target_error,3920,326.58333333333337,0.14767572894981376
bb_ipp_adaptive,target_error,3921,326.66666666666663,0.14734993150681844
bb_ipp_adaptive,target_error,3922,326.75,0.14699057397472234
bb_ipp_adaptive,target_error,3923,326.83333333333337,0.14743310709246507
bb_ipp_adaptive,target_error,3924,326.91666666666663,0.14630366103828318
bb_ipp_adaptive,target_error,3925,327.0,0.1457999588502939
bb_ipp_adaptive,target_error,3926,327.08333333333337,0.1456422378212486
bb_ipp_adaptive,target_error,3927,327.16666666666663,0.1456509254630977
bb_ipp_adaptive,target_error,3928,327.25,0.145894300573222
bb_ipp_adaptive,target_error,3929,327.33333333333337,0.1458186459829224
bb_ipp_adaptive,target_error,3930,327.41666666666663,0.14560301687796837
bb_ipp_adaptive,target_error,3931,327.5,0.1456323902738364
bb_ipp_adaptive,target_error,3932,327.58333333333337,0.14564677145825866
bb_ipp_adaptive,target_error,3933,327.66666666666663,0.14563105241521673
bb_ipp_adaptive,target_error,3934,327.75,0.14562283001856752
bb_ipp_adaptive,target_error,3935,327.83333333333337,0.14574823063901893
bb_ipp_adaptive,target_error,3936,327.91666666666663,0.14570501152330703
bb_ipp_adaptive,target_error,3937,328.0,0.14569577085672936
bb_ipp_adaptive,target_error,3938,328.08333333333337,0.14580018067107064
bb_ipp_adaptive,target_error,3939,328.16666666666663,0.14634573333199843
bb_ipp_adaptive,target_error,3940,328.25,0.14595157798328912
bb_ipp_adaptive,target_error,3941,328.33333333333337,0.1456708924135756
bb_ipp_adaptive,target_error,3942,328.41666666666663,0.14563178097756535
bb_ipp_adaptive,target_error,3943,328.5,0.14564533001979396
bb_ipp_adaptive,target_error,3944,328.58333333333337,0.14565148392497382
bb_ipp_adaptive,target_error,3945,328.66666666666663,0.1457085869115266
bb_ipp_adaptive,target_error,3946,328.75,0.14563864631982024
bb_ipp_adaptive,target_error,3947,328.83333333333337,0.1456968827103674
bb_ipp_adaptive,target_error,3948,328.91666666666663,0.1458406239682023
bb_ipp_adaptive,target_error,3949,329.0,0.1457625973951957
bb_ipp_adaptive,target_error,3950,329.08333333333337,0.14602522835288184
bb_ipp_adaptive,target_error,3951,329.16666666666663,0.14577141599423724
bb_ipp_adaptive,target_error,3952,329.25,0.14578684377123
bb_ipp_adaptive,target_error,3953,329.33333333333337,0.14580595586836817
bb_ipp_adaptive,target_error,3954,329.41666666666663,0.14604302659746093
bb_ipp_adaptive,target_error,3955,329.5,0.1461876391831813
bb_ipp_adaptive,target_error,3956,329.58333333333337,0.14629964068286536
bb_ipp_adaptive,target_error,3957,329.66666666666663,0.1468494466941276
bb_ipp_adaptive,target_error,3958,329.75,0.1467157586877173
bb_ipp_adaptive,target_error,3959,329.83333333333337,0.14709901756095925
bb_ipp_adaptive,target_error,3960,329.91666666666663,0.14725147894577348
bb_ipp_adaptive,target_error,3961,330.0,0.14670234643560734
bb_ipp_adaptive,target_error,3962,330.08333333333337,0.14649907534532502
bb_ipp_adaptive,target_error,3963,330.16666666666663,0.14694820639590087
bb_ipp_adaptive,target_error,3964,330.25,0.14747541254195823
bb_ipp_adaptive,target_error,3965,330.33333333333337,0.14762094551863808
bb_ipp_adaptive,target_error,3966,330.41666666666663,0.14744481790733335
bb_ipp_adaptive,target_error,3967,330.5,0.148043108906349
bb_ipp_adaptive,target_error,3968,330.58333333333337,0.1475948900784576
bb_ipp_adaptive,target_error,3969,330.66666666666663,0.14725859148256942
bb_ipp_adaptive,target_error,3970,330.75,0.1473345773527469
bb_ipp_adaptive,target_error,3971,330.83333333333337,0.1471752151995633
bb_ipp_adaptive,target_error,3972,330.91666666666663,0.1474027947022488
bb_ipp_adaptive,target_error,3973,331.0,0.1483389795525043
bb_ipp_adaptive,target_error,3974,331.08333333333337,0.1479720572301844
bb_ipp_adaptive,target_error,3975,331.16666666666663,0.1477579239636874
bb_ipp_adaptive,target_error,3976,331.25,0.14751004865186756
bb_ipp_adaptive,target_error,3977,331.33333333333337,0.14770220362628567
bb_ipp_adaptive,target_error,3978,331.41666666666663,0.147966201452895
bb_ipp_adaptive,target_error,3979,331.5,0.14805710736622535
bb_ipp_adaptive,target_error,3980,331.58333333333337,0.14852458032602994
bb_ipp_adaptive,target_error,3981,331.66666666666663,0.14889508519940262
bb_ipp_adaptive,target_error,3982,331.75,0.14847287733495054
bb_ipp_adaptive,target_error,3983,331.83333333333337,0.14735377732108096
bb_ipp_adaptive,target_error,3984,331.91666666666663,0.14850716084594506
bb_ipp_adaptive,target_error,3985,332.0,0.14748670110948256
bb_ipp_adaptive,target_error,3986,332.08333333333337,0.14756434021863135
bb_ipp_adaptive,target_error,3987,332.16666666666663,0.14709738726808905
bb_ipp_adaptive,target_error,3988,332.25,0.14804136227895173
bb_ipp_adaptive,target_error,3989,332.33333333333337,0.14793658621464484
bb_ipp_adaptive,target_error,3990,332.41666666666663,0.14740070034501354
bb_ipp_adaptive,target_error,3991,332.5,0.1472792225246909
bb_ipp_adaptive,target_error,3992,332.58333333333337,0.1486386336951436
bb_ipp_adaptive,target_error,3993,332.66666666666663,0.14859650033359031
bb_ipp_adaptive,target_error,3994,332.75,0.1476951631545606
bb_ipp_adaptive,target_error,3995,332.83333333333337,0.1480278240248034
bb_ipp_adaptive,target_error,3996,332.91666666666663,0.1475194873478908
bb_ipp_adaptive,target_error,3997,333.0,0.1475872900301568
bb_ipp_adaptive,target_error,3998,333.08333333333337,0.1471590400405027
bb_ipp_adaptive,target_error,3999,333.16666666666663,0.14666110679078273
bb_ipp_adaptive,target_error,4000,333.25,0.14685916947636235
bb_ipp_adaptive,target_error,4001,333.33333333333337,0.1481054765843041
bb_ipp_adaptive,target_error,4002,333.41666666666663,0.14722336928439714
bb_ipp_adaptive,target_error,4003,333.5,0.14746650628905444
bb_ipp_adaptive,target_error,4004,333.58333333333337,0.14659159616753234
bb_ipp_adaptive,target_error,4005,333.66666666666663,0.14660909268954453
bb_ipp_adaptive,target_error,4006,333.75,0.1467432111197882
bb_ipp_adaptive,target_error,4007,333.83333333333337,0.14690409533915155
bb_ipp_adaptive,target_error,4008,333.91666666666663,0.147107071065464
bb_ipp_adaptive,target_error,4009,334.0,0.1468854867227298
bb_ipp_adaptive,target_error,4010,334.08333333333337,0.14695806813201193
bb_ipp_adaptive,target_error,4011,334.16666666666663,0.14644190762081163
bb_ipp_adaptive,target_error,4012,334.25,0.14594845899520345
bb_ipp_adaptive,target_error,4013,334.33333333333337,0.1457717710510898
bb_ipp_adaptive,target_error,4014,334.41666666666663,0.14579937973258011
bb_ipp_adaptive,target_error,4015,334.5,0.1457830331115062
bb_ipp_adaptive,target_error,4016,334.58333333333337,0.14576817567036374
bb_ipp_adaptive,target_error,4017,334.66666666666663,0.14577660575832707
bb_ipp_adaptive,target_error,4018,334.75,0.14602203265354555
bb_ipp_adaptive,target_error,4019,334.83333333333337,0.146437447815321
bb_ipp_adaptive,target_error,4020,334.91666666666663,0.14601643817439344
bb_ipp_adaptive,target_error,4021,335.0,0.1463522899863423
bb_ipp_adaptive,target_error,4022,335.08333333333337,0.14577140395557597
bb_ipp_adaptive,target_error,4023,335.16666666666663,0.14573470564215485
bb_ipp_adaptive,target_error,4024,335.25,0.14584724984668193
bb_ipp_adaptive,target_error,4025,335.33333333333337,0.1458626430060345
bb_ipp_adaptive,target_error,4026,335.41666666666663,0.14656602422564494
bb_ipp_adaptive,target_error,4027,335.5,0.14623472424451744
bb_ipp_adaptive,target_error,4028,335.58333333333337,0.14593884936754134
bb_ipp_adaptive,target_error,4029,335.66666666666663,0.1457225217724897
bb_ipp_adaptive,target_error,4030,335.75,0.1455878590426439
bb_ipp_adaptive,target_error,4031,335.83333333333337,0.14555050438885814
bb_ipp_adaptive,target_error,4032,335.91666666666663,0.14556048067667382
bb_ipp_adaptive,target_error,4033,336.0,0.14555974780252492
bb_ipp_adaptive,target_error,4034,336.08333333333337,0.14558468209480416
bb_ipp_adaptive,target_error,4035,336.16666666666663,0.14565153897509228
bb_ipp_adaptive,target_error,4036,336.25,0.1457314983545045
bb_ipp_adaptive,target_error,4037,336.33333333333337,0.1456531367587634
bb_ipp_adaptive,target_error,4038,336.41666666666663,0.14570022246832204
bb_ipp_adaptive,target_error,4039,336.5,0.14564926384090665
bb_ipp_adaptive,target_error,4040,336.58333333333337,0.14558179267089022
bb_ipp_adaptive,target_error,4041,336.66666666666663,0.14558643540739674
bb_ipp_adaptive,target_error,4042,336.75,0.14559062943933543
bb_ipp_adaptive,target_error,4043,336.83333333333337,0.14561428263691054
bb_ipp_adaptive,target_error,4044,336.91666666666663,0.14559740374366392
bb_ipp_adaptive,target_error,4045,337.0,0.14567229884497393
bb_ipp_adaptive,target_error,4046,337.08333333333337,0.14561221997790488
bb_ipp_adaptive,target_error,4047,337.16666666666663,0.14568185071960418
bb_ipp_adaptive,target_error,4048,337.25,0.14568870963362374
bb_ipp_adaptive,target_error,4049,337.33333333333337,0.14564309383866478
bb_ipp_adaptive,target_error,4050,337.41666666666663,0.14578750775883093
bb_ipp_adaptive,target_error,4051,337.5,0.14567557465601563
bb_ipp_adaptive,target_error,4052,337.58333333333337,0.1457054874971621
bb_ipp_adaptive,target_error,4053,337.66666666666663,0.14588905604758856
bb_ipp_adaptive,target_error,4054,337.75,0.14609294306594872
bb_ipp_adaptive,target_error,4055,337.83333333333337,0.14602563508454247
bb_ipp_adaptive,target_error,4056,337.91666666666663,0.14613631603845076
bb_ipp_adaptive,target_error,4057,338.0,0.14613852888628248
bb_ipp_adaptive,target_error,4058,338.08333333333337,0.146324975582779
bb_ipp_adaptive,target_error,4059,338.16666666666663,0.1463195317772435
bb_ipp_adaptive,target_error,4060,338.25,0.14625965746540312
bb_ipp_adaptive,target_error,4061,338.33333333333337,0.1466458363894709
bb_ipp_adaptive,target_error,4062,338.41666666666663,0.14608008491735097
bb_ipp_adaptive,target_error,4063,338.5,0.1457287680598233
bb_ipp_adaptive,target_error,4064,338.58333333333337,0.1456724100194046
bb_ipp_adaptive,target_error,4065,338.66666666666663,0.14596327907059653
bb_ipp_adaptive,target_error,4066,338.75,0.14620680081011242
bb_ipp_adaptive,target_error,4067,338.83333333333337,0.1463225510448081
bb_ipp_adaptive,target_error,4068,338.91666666666663,0.14670250151840625
bb_ipp_adaptive,target_error,4069,339.0,0.1467568470458453
bb_ipp_adaptive,target_error,4070,339.08333333333337,0.14746217588745036
bb_ipp_adaptive,target_error,4071,339.16666666666663,0.14725681784899203
bb_ipp_adaptive,target_error,4072,339.25,0.14733754463134427
bb_ipp_adaptive,target_error,4073,339.33333333333337,0.14711115167624866
bb_ipp_adaptive,target_error,4074,339.41666666666663,0.14696283966019033
bb_ipp_adaptive,target_error,4075,339.5,0.1473780346087156
bb_ipp_adaptive,target_error,4076,339.58333333333337,0.14726210154076153
bb_ipp_adaptive,target_error,4077,339.66666666666663,0.1470884119542418
bb_ipp_adaptive,target_error,4078,339.75,0.14796017153146476
bb_ipp_adaptive,target_error,4079,339.83333333333337,0.14783135412192347
bb_ipp_adaptive,target_error,4080,339.91666666666663,0.14797308971873324
bb_ipp_adaptive,target_error,4081,340.0,0.14803437125930816
bb_ipp_adaptive,target_error,4082,340.08333333333337,0.14881718482619835
bb_ipp_adaptive,target_error,4083,340.16666666666663,0.14875393959431993
bb_ipp_adaptive,target_error,4084,340.25,0.14824355087112667
bb_ipp_adaptive,target_error,4085,340.33333333333337,0.14902622750125247
bb_ipp_adaptive,target_error,4086,340.41666666666663,0.148432779320668
bb_ipp_adaptive,target_error,4087,340.5,0.1482950431170064
bb_ipp_adaptive,target_error,4088,340.58333333333337,0.14838115157450854
bb_ipp_adaptive,target_error,4089,340.66666666666663,0.14785467777910913
bb_ipp_adaptive,target_error,4090,340.75,0.14762271379665134
bb_ipp_adaptive,target_error,4091,340.83333333333337,0.14789962021606096
bb_ipp_adaptive,target_error,4092,340.91666666666663,0.14834679766259334
bb_ipp_adaptive,target_error,4093,341.0,0.14963065568598702
bb_ipp_adaptive,target_error,4094,341.08333333333337,0.14934167415929198
bb_ipp_adaptive,target_error,4095,341.16666666666663,0.1488924260322048
bb_ipp_adaptive,target_error,4096,341.25,0.1482793380600905
bb_ipp_adaptive,target_error,4097,341.33333333333337,0.148865880083578
bb_ipp_adaptive,target_error,4098,341.41666666666663,0.1487695327386636
bb_ipp_adaptive,target_error,4099,341.5,0.14849371462235333
bb_ipp_adaptive,target_error,4100,341.58333333333337,0.1478070306254443
bb_ipp_adaptive,target_error,4101,341.66666666666663,0.14787692298192268
bb_ipp_adaptive,target_error,4102,341.75,0.1474615950686609
bb_ipp_adaptive,target_error,4103,341.83333333333337,0.14719121171185384
bb_ipp_adaptive,target_error,4104,341.91666666666663,0.14624865933271033
bb_ipp_adaptive,target_error,4105,342.0,0.1459240861758501
bb_ipp_adaptive,target_error,4106,342.08333333333337,0.14570819629358053
bb_ipp_adaptive,target_error,4107,342.16666666666663,0.14549226854492744
bb_ipp_adaptive,target_error,4108,342.25,0.145542510930895
bb_ipp_adaptive,target_error,4109,342.33333333333337,0.14559793100875876
bb_ipp_adaptive,target_error,4110,342.41666666666663,0.14567064371224692
bb_ipp_adaptive,target_error,4111,342.5,0.14562535125062362
bb_ipp_adaptive,target_error,4112,342.58333333333337,0.14667187422520253
bb_ipp_adaptive,target_error,4113,342.66666666666663,0.14812866805071415
bb_ipp_adaptive,target_error,4114,342.75,0.147513416020098
bb_ipp_adaptive,target_error,4115,342.83333333333337,0.1457255581455563
bb_ipp_adaptive,target_error,4116,342.91666666666663,0.14530513415251242
bb_ipp_adaptive,target_error,4117,343.0,0.14529771309170803
bb_ipp_adaptive,target_error,4118,343.08333333333337,0.14553822807677388
bb_ipp_adaptive,target_error,4119,343.16666666666663,0.14554474096517517
bb_ipp_adaptive,target_error,4120,343.25,0.1460987835928881
bb_ipp_adaptive,target_error,4121,343.33333333333337,0.14572205300968885
bb_ipp_adaptive,target_error,4122,343.41666666666663,0.14560724696486502
bb_ipp_adaptive,target_error,4123,343.5,0.14562825064152435
bb_ipp_adaptive,target_error,4124,343.58333333333337,0.14550593761710337
bb_ipp_adaptive,target_error,4125,343.66666666666663,0.14515662284264566
bb_ipp_adaptive,target_error,4126,343.75,0.14528532622690396
bb_ipp_adaptive,target_error,4127,343.83333333333337,0.14568703792782453
bb_ipp_adaptive,target_error,4128,343.91666666666663,0.14593997103384057
bb_ipp_adaptive,target_error,4129,344.0,0.14629485761470462
bb_ipp_adaptive,target_error,4130,344.08333333333337,0.14671944015167784
bb_ipp_adaptive,target_error,4131,344.16666666666663,0.14571560881139403
bb_ipp_adaptive,target_error,4132,344.25,0.1453958125154719
bb_ipp_adaptive,target_error,4133,344.33333333333337,0.1453960637871344
bb_ipp_adaptive,target_error,4134,344.41666666666663,0.14539356574917342
bb_ipp_adaptive,target_error,4135,344.5,0.14545282443021507
bb_ipp_adaptive,target_error,4136,344.58333333333337,0.14550501882625508
bb_ipp_adaptive,target_error,4137,344.66666666666663,0.14555993967567565
bb_ipp_adaptive,target_error,4138,344.75,0.1456652784212317
bb_ipp_adaptive,target_error,4139,344.83333333333337,0.1455499871344087
bb_ipp_adaptive,target_error,4140,344.91666666666663,0.1455610021458027
bb_ipp_adaptive,target_error,4141,345.0,0.14554486049168308
bb_ipp_adaptive,target_error,4142,345.08333333333337,0.1455842709020416
bb_ipp_adaptive,target_error,4143,345.16666666666663,0.14555773279002335
bb_ipp_adaptive,target_error,4144,345.25,0.1456435619938386
bb_ipp_adaptive,target_error,4145,345.33333333333337,0.14554159078459683
bb_ipp_adaptive,target_error,4146,345.41666666666663,0.1457754410563161
bb_ipp_adaptive,target_error,4147,345.5,0.14559550720783518
bb_ipp_adaptive,target_error,4148,345.58333333333337,0.14562979855144198
bb_ipp_adaptive,target_error,4149,345.66666666666663,0.1455175156903271
bb_ipp_adaptive,target_error,4150,345.75,0.14587015518040403
bb_ipp_adaptive,target_error,4151,345.83333333333337,0.14606549523518905
bb_ipp_adaptive,target_error,4152,345.91666666666663,0.14645952854855504
bb_ipp_adaptive,target_error,4153,346.0,0.14638942231864507
bb_ipp_adaptive,target_error,4154,346.08333333333337,0.14634836017673375
bb_ipp_adaptive,target_error,4155,346.16666666666663,0.14615791083633053
bb_ipp_adaptive,target_error,4156,346.25,0.14640878641443653
bb_ipp_adaptive,target_error,4157,346.33333333333337,0.14640085916108597
bb_ipp_adaptive,target_error,4158,346.41666666666663,0.14664443297139376
bb_ipp_adaptive,target_error,4159,346.5,0.14634716430376193
bb_ipp_adaptive,target_error,4160,346.58333333333337,0.14667502007504618
bb_ipp_adaptive,target_error,4161,346.66666666666663,0.1468663305611876
bb_ipp_adaptive,target_error,4162,346.75,0.1463760859157244
bb_ipp_adaptive,target_error,4163,346.83333333333337,0.14623471283033562
bb_ipp_adaptive,target_error,4164,346.91666666666663,0.14656330369945691
bb_ipp_adaptive,target_error,4165,347.0,0.14683657556829105
bb_ipp_adaptive,target_error,4166,347.08333333333337,0.14723259089403012
bb_ipp_adaptive,target_error,4167,347.16666666666663,0.1478845377603634
bb_ipp_adaptive,target_error,4168,347.25,0.14755390867131815
bb_ipp_adaptive,target_error,4169,347.33333333333337,0.14718472052371065
bb_ipp_adaptive,target_error,4170,347.41666666666663,0.14760918531759054
bb_ipp_adaptive,target_error,4171,347.5,0.14754501667741798
bb_ipp_adaptive,target_error,4172,347.58333333333337,0.14727875828104392
bb_ipp_adaptive,target_error,4173,347.66666666666663,0.1470959730939258
bb_ipp_adaptive,target_error,4174,347.75,0.14716076935051195
bb_ipp_adaptive,target_error,4175,347.83333333333337,0.14697299602623834
bb_ipp_adaptive,target_error,4176,347.91666666666663,0.14657473648741354
bb_ipp_adaptive,target_error,4177,348.0,0.14620506118464652
bb_ipp_adaptive,target_error,4178,348.08333333333337,0.14649691685900323
bb_ipp_adaptive,target_error,4179,348.16666666666663,0.1463521312671625
bb_ipp_adaptive,target_error,4180,348.25,0.14595891148863432
bb_ipp_adaptive,target_error,4181,348.33333333333337,0.1463760293301202
bb_ipp_adaptive,target_error,4182,348.41666666666663,0.14621387755247678
bb_ipp_adaptive,target_error,4183,348.5,0.14598831515782798
bb_ipp_adaptive,target_error,4184,348.58333333333337,0.14566155321179805
bb_ipp_adaptive,target_error,4185,348.66666666666663,0.14559172909317858
bb_ipp_adaptive,target_error,4186,348.75,0.14576331661771108
bb_ipp_adaptive,target_error,4187,348.83333333333337,0.14561447682053189
bb_ipp_adaptive,target_error,4188,348.91666666666663,0.14558280451302855
bb_ipp_adaptive,target_error,4189,349.0,0.14557346155837744
bb_ipp_adaptive,target_error,4190,349.08333333333337,0.14567412976681887
bb_ipp_adaptive,target_error,4191,349.16666666666663,0.14569930673646683
bb_ipp_adaptive,target_error,4192,349.25,0.1456380983074359
bb_ipp_adaptive,target_error,4193,349.33333333333337,0.14560270002902292
bb_ipp_adaptive,target_error,4194,349.41666666666663,0.1455974770147225
bb_ipp_adaptive,target_error,4195,349.5,0.1455992695836113
bb_ipp_adaptive,target_error,4196,349.58333333333337,0.14571447022360984
bb_ipp_adaptive,target_error,4197,349.66666666666663,0.14568248562875952
bb_ipp_adaptive,target_error,4198,349.75,0.14563528342836998
bb_ipp_adaptive,target_error,4199,349.83333333333337,0.14595176436988244
bb_ipp_adaptive,target_error,4200,349.91666666666663,0.14617765422458637
bb_ipp_adaptive,target_error,4201,350.0,0.14581363023783164
bb_ipp_adaptive,target_error,4202,350.08333333333337,0.14636249710604032
bb_ipp_adaptive,target_error,4203,350.16666666666663,0.14655928069466587
bb_ipp_adaptive,target_error,4204,350.25,0.14600193625301644
bb_ipp_adaptive,target_error,4205,350.33333333333337,0.14669716647403303
bb_ipp_adaptive,target_error,4206,350.41666666666663,0.14626275350404044
bb_ipp_adaptive,target_error,4207,350.5,0.14687607959598173
bb_ipp_adaptive,target_error,4208,350.58333333333337,0.14602633670829956
bb_ipp_adaptive,target_error,4209,350.66666666666663,0.14573144203600896
bb_ipp_adaptive,target_error,4210,350.75,0.14585122806644485
bb_ipp_adaptive,target_error,4211,350.83333333333337,0.14565907436724002
bb_ipp_adaptive,target_error,4212,350.91666666666663,0.14532905039879374
bb_ipp_adaptive,target_error,4213,351.0,0.14539056192679153
bb_ipp_adaptive,target_error,4214,351.08333333333337,0.14537493603264212
bb_ipp_adaptive,target_error,4215,351.16666666666663,0.14534695816992554
bb_ipp_adaptive,target_error,4216,351.25,0.14535502944383374
bb_ipp_adaptive,target_error,4217,351.33333333333337,0.1453994794709732
bb_ipp_adaptive,target_error,4218,351.41666666666663,0.14538722412714356
bb_ipp_adaptive,target_error,4219,351.5,0.1454032736422355
bb_ipp_adaptive,target_error,4220,351.58333333333337,0.14540576479642683
bb_ipp_adaptive,target_error,4221,351.66666666666663,0.14542226824329987
bb_ipp_adaptive,target_error,4222,351.75,0.14539942673583603
bb_ipp_adaptive,target_error,4223,351.83333333333337,0.1453901374151246
bb_ipp_adaptive,target_error,4224,351.91666666666663,0.14545534496564985
bb_ipp_adaptive,target_error,4225,352.0,0.14541796314150016
bb_ipp_adaptive,target_error,4226,352.08333333333337,0.1454383179013558
bb_ipp_adaptive,target_error,4227,352.16666666666663,0.14549703042101259
bb_ipp_adaptive,target_error,4228,352.25,0.1455577369226156
bb_ipp_adaptive,target_error,4229,352.33333333333337,0.14570772999474021
bb_ipp_adaptive,target_error,4230,352.41666666666663,0.1459059223814541
bb_ipp_adaptive,target_error,4231,352.5,0.14580747666932897
bb_ipp_adaptive,target_error,4232,352.58333333333337,0.1458413211212602
bb_ipp_adaptive,target_error,4233,352.66666666666663,0.14569296253519104
bb_ipp_adaptive,target_error,4234,352.75,0.14555714263203548
bb_ipp_adaptive,target_error,4235,352.83333333333337,0.14568773631573306
bb_ipp_adaptive,target_error,4236,352.91666666666663,0.14560050293655527
bb_ipp_adaptive,target_error,4237,353.0,0.14578363629101798
bb_ipp_adaptive,target_error,4238,353.08333333333337,0.1456565961815185
bb_ipp_adaptive,target_error,4239,353.16666666666663,0.14563751373003767
bb_ipp_adaptive,target_error,4240,353.25,0.1458174504930527
bb_ipp_adaptive,target_error,4241,353.33333333333337,0.14622880294170604
bb_ipp_adaptive,target_error,4242,353.41666666666663,0.14623312376687503
bb_ipp_adaptive,target_error,4243,353.5,0.14618420894138895
bb_ipp_adaptive,target_error,4244,353.58333333333337,0.14603938844354886
bb_ipp_adaptive,target_error,4245,353.66666666666663,0.14635476249284676
bb_ipp_adaptive,target_error,4246,353.75,0.14627173860693826
bb_ipp_adaptive,target_error,4247,353.83333333333337,0.14700106295474966
bb_ipp_adaptive,target_error,4248,353.91666666666663,0.1469528627431711
bb_ipp_adaptive,target_error,4249,354.0,0.14729621179055075
bb_ipp_adaptive,target_error,4250,354.08333333333337,0.1470679443304985
bb_ipp_adaptive,target_error,4251,354.16666666666663,0.14734550583328976
bb_ipp_adaptive,target_error,4252,354.25,0.14730036697820964
bb_ipp_adaptive,target_error,4253,354.33333333333337,0.14711552664398644
bb_ipp_adaptive,target_error,4254,354.41666666666663,0.1464705079138942
bb_ipp_adaptive,target_error,4255,354.5,0.14642808539158172
bb_ipp_adaptive,target_error,4256,354.58333333333337,0.14669217790575267
bb_ipp_adaptive,target_error,4257,354.66666666666663,0.14702710000985275
bb_ipp_adaptive,target_error,4258,354.75,0.1469282107538017
bb_ipp_adaptive,target_error,4259,354.83333333333337,0.14759105936446762
bb_ipp_adaptive,target_error,4260,354.91666666666663,0.14722429949157498
bb_ipp_adaptive,target_error,4261,355.0,0.1475979427451685
bb_ipp_adaptive,target_error,4262,355.08333333333337,0.1476396090507465
bb_ipp_adaptive,target_error,4263,355.16666666666663,0.14772369886167497
bb_ipp_adaptive,target_error,4264,355.25,0.14721741460366727
bb_ipp_adaptive,target_error,4265,355.33333333333337,0.14751023815357822
bb_ipp_adaptive,target_error,4266,355.41666666666663,0.1471830980988146
bb_ipp_adaptive,target_error,4267,355.5,0.14800545259633424
bb_ipp_adaptive,target_error,4268,355.58333333333337,0.14827075237061468
bb_ipp_adaptive,target_error,4269,355.66666666666663,0.14712738423573357
bb_ipp_adaptive,target_error,4270,355.75,0.14632451422497517
bb_ipp_adaptive,target_error,4271,355.83333333333337,0.14628173961564547
bb_ipp_adaptive,target_error,4272,355.91666666666663,0.14675384210162765
bb_ipp_adaptive,target_error,4273,356.0,0.14640216616888285
bb_ipp_adaptive,target_error,4274,356.08333333333337,0.1464004692402575
bb_ipp_adaptive,target_error,4275,356.16666666666663,0.14617595790518367
bb_ipp_adaptive,target_error,4276,356.25,0.14624208397447042
bb_ipp_adaptive,target_error,4277,356.33333333333337,0.1460962651426922
bb_ipp_adaptive,target_error,4278,356.41666666666663,0.14571338004672738
bb_ipp_adaptive,target_error,4279,356.5,0.14559844306596692
bb_ipp_adaptive,target_error,4280,356.58333333333337,0.14565388655725556
bb_ipp_adaptive,target_error,4281,356.66666666666663,0.14567703759848213
bb_ipp_adaptive,target_error,4282,356.75,0.14569209402476943
bb_ipp_adaptive,target_error,4283,356.83333333333337,0.14561283272667316
bb_ipp_adaptive,target_error,4284,356.91666666666663,0.14555378641557773
bb_ipp_adaptive,target_error,4285,357.0,0.14565385289073257
bb_ipp_adaptive,target_error,4286,357.08333333333337,0.14558067902617228
bb_ipp_adaptive,target_error,4287,357.16666666666663,0.1455665814239912
bb_ipp_adaptive,target_error,4288,357.25,0.14557564234562248
bb_ipp_adaptive,target_error,4289,357.33333333333337,0.14558497889522734
bb_ipp_adaptive,target_error,4290,357.41666666666663,0.14560101792108351
bb_ipp_adaptive,target_error,4291,357.5,0.1456707916101427
bb_ipp_adaptive,target_error,4292,357.58333333333337,0.14560818061528838
bb_ipp_adaptive,target_error,4293,357.66666666666663,0.14569881549264627
bb_ipp_adaptive,target_error,4294,357.75,0.14581861807906313
bb_ipp_adaptive,target_error,4295,357.83333333333337,0.14607929736910263
bb_ipp_adaptive,target_error,4296,357.91666666666663,0.14623232865802765
bb_ipp_adaptive,target_error,4297,358.0,0.14599747267949773
bb_ipp_adaptive,target_error,4298,358.08333333333337,0.14584474236998862
bb_ipp_adaptive,target_error,4299,358.16666666666663,0.14578193986837676
bb_ipp_adaptive,target_error,4300,358.25,0.14576195964648386
bb_ipp_adaptive,target_error,4301,358.33333333333337,0.14577132773809753
bb_ipp_adaptive,target_error,4302,358.41666666666663,0.14581383053988325
bb_ipp_adaptive,target_error,4303,358.5,0.1458689752419253
bb_ipp_adaptive,target_error,4304,358.58333333333337,0.1458401147185732
bb_ipp_adaptive,target_error,4305,358.66666666666663,0.14584070862299583
bb_ipp_adaptive,target_error,4306,358.75,0.14587631375538765
bb_ipp_adaptive,target_error,4307,358.83333333333337,0.1458469374000143
bb_ipp_adaptive,target_error,4308,358.91666666666663,0.14583793188083724
bb_ipp_adaptive,target_error,4309,359.0,0.14587760268632957
bb_ipp_adaptive,target_error,4310,359.08333333333337,0.14587212186515716
bb_ipp_adaptive,target_error,4311,359.16666666666663,0.14606846688727088
bb_ipp_adaptive,target_error,4312,359.25,0.1459589085472951
bb_ipp_adaptive,target_error,4313,359.33333333333337,0.1458843349533545
bb_ipp_adaptive,target_error,4314,359.41666666666663,0.14589780815529974
bb_ipp_adaptive,target_error,4315,359.5,0.14604870534376244
bb_ipp_adaptive,target_error,4316,359.58333333333337,0.14607215891893932
bb_ipp_adaptive,target_error,4317,359.66666666666663,0.1461613006837715
bb_ipp_adaptive,target_error,4318,359.75,0.1462184882977178
bb_ipp_adaptive,target_error,4319,359.83333333333337,0.1460132645556092
bb_ipp_adaptive,target_error,4320,359.91666666666663,0.14591980710837235
bb_ipp_adaptive,target_error,4321,360.0,0.14593953717915878
bb_ipp_ground_truth,wind,1,0.0,1.720421173780938
bb_ipp_ground_truth,wind,2,0.08333333333337123,1.6946049734864543
bb_ipp_ground_truth,wind,3,0.16666666666662877,1.689808463906206
bb_ipp_ground_truth,wind,4,0.25,1.688534167060115
bb_ipp_ground_truth,wind,5,0.33333333333337123,1.688845185669546
bb_ipp_ground_truth,wind,6,0.41666666666662877,1.6895138946022055
bb_ipp_ground_truth,wind,7,0.5,1.6890382758567122
bb_ipp_ground_truth,wind,8,0.5833333333333712,1.6896874831015753
bb_ipp_ground_truth,wind,9,0.6666666666666288,1.691937299068712
bb_ipp_ground_truth,wind,10,0.75,1.6921279355303882
bb_ipp_ground_truth,wind,11,0.8333333333333712,1.6914282771151767
bb_ipp_ground_truth,wind,12,0.9166666666666288,1.694599520365748
bb_ipp_ground_truth,wind,13,1.0,1.6919257124223932
bb_ipp_ground_truth,wind,14,1.0833333333333712,1.6898228649846825
bb_ipp_ground_truth,wind,15,1.1666666666666288,1.6941983766909978
bb_ipp_ground_truth,wind,16,1.25,1.6948851238021798
bb_ipp_ground_truth,wind,17,1.3333333333333712,1.6951180510766957
bb_ipp_ground_truth,wind,18,1.4166666666666288,1.6875189286438015
bb_ipp_ground_truth,wind,19,1.5,1.6845194433305561
bb_ipp_ground_truth,wind,20,1.5833333333333712,1.6897274797440995
bb_ipp_ground_truth,wind,21,1.6666666666666288,1.6963039090374255
bb_ipp_ground_truth,wind,22,1.75,1.6969052580000277
bb_ipp_ground_truth,wind,23,1.8333333333333712,1.6958390623775499
bb_ipp_ground_truth,wind,24,1.9166666666666288,1.68606339760147
bb_ipp_ground_truth,wind,25,2.0,1.6847647267314034
bb_ipp_ground_truth,wind,26,2.0833333333333712,1.6887632885916615
bb_ipp_ground_truth,wind,27,2.1666666666666288,1.6919910396978317
bb_ipp_ground_truth,wind,28,2.25,1.691211798189733
bb_ipp_ground_truth,wind,29,2.3333333333333712,1.6918978462110827
bb_ipp_ground_truth,wind,30,2.4166666666666288,1.694801904689385
bb_ipp_ground_truth,wind,31,2.5,1.70338285048896
bb_ipp_ground_truth,wind,32,2.5833333333333712,1.7043257710689192
bb_ipp_ground_truth,wind,33,2.6666666666666288,1.7102895892447376
bb_ipp_ground_truth,wind,34,2.75,1.719270820993585
bb_ipp_ground_truth,wind,35,2.8333333333333712,1.72774606504367
bb_ipp_ground_truth,wind,36,2.9166666666666288,1.730749172348892
bb_ipp_ground_truth,wind,37,3.0,1.750326780120955
bb_ipp_ground_truth,wind,38,3.0833333333333712,1.7854418871247035
bb_ipp_ground_truth,wind,39,3.1666666666666288,1.7839193200761567
bb_ipp_ground_truth,wind,40,3.25,1.800309843052919
bb_ipp_ground_truth,wind,41,3.3333333333333712,1.8042692649595375
bb_ipp_ground_truth,wind,42,3.4166666666666288,1.8035207263855941
bb_ipp_ground_truth,wind,43,3.5,1.8311336684366941
bb_ipp_ground_truth,wind,44,3.5833333333333712,1.8187408749344836
bb_ipp_ground_truth,wind,45,3.6666666666666288,1.8695504253093327
bb_ipp_ground_truth,wind,46,3.75,1.9028208659739447
bb_ipp_ground_truth,wind,47,3.8333333333333712,1.9418109990856425
bb_ipp_ground_truth,wind,48,3.9166666666666288,1.9562927866258497
bb_ipp_ground_truth,wind,49,4.0,2.0075099047393556
bb_ipp_ground_truth,wind,50,4.083333333333371,2.0209704354336724
bb_ipp_ground_truth,wind,51,4.166666666666629,2.0446492676689383
bb_ipp_ground_truth,wind,52,4.25,2.0455970806866706
bb_ipp_ground_truth,wind,53,4.333333333333371,2.0637517520092143
bb_ipp_ground_truth,wind,54,4.416666666666629,2.123506113540044
bb_ipp_ground_truth,wind,55,4.5,2.1694368627041447
bb_ipp_ground_truth,wind,56,4.583333333333371,2.1889058291038483
bb_ipp_ground_truth,wind,57,4.666666666666629,2.2404020226306396
bb_ipp_ground_truth,wind,58,4.75,2.227443239177864
bb_ipp_ground_truth,wind,59,4.833333333333371,2.251912913070659
bb_ipp_ground_truth,wind,60,4.916666666666629,2.239695717778237
bb_ipp_ground_truth,wind,61,5.0,2.2366068381583064
bb_ipp_ground_truth,wind,62,5.083333333333371,2.2313360720615756
bb_ipp_ground_truth,wind,63,5.166666666666629,2.218965836563537
bb_ipp_ground_truth,wind,64,5.25,2.2603115638836027
bb_ipp_ground_truth,wind,65,5.333333333333371,2.246313264469831
bb_ipp_ground_truth,wind,66,5.416666666666629,2.3032191931462482
bb_ipp_ground_truth,wind,67,5.5,2.2988569380870376
bb_ipp_ground_truth,wind,68,5.583333333333371,2.258653496037199
bb_ipp_ground_truth,wind,69,5.666666666666629,2.2695729431711746
bb_ipp_ground_truth,wind,70,5.75,2.2984147264096517
bb_ipp_ground_truth,wind,71,5.833333333333371,2.260782115251597
bb_ipp_ground_truth,wind,72,5.916666666666629,2.221539114050506
bb_ipp_ground_truth,wind,73,6.0,2.181282562351746
bb_ipp_ground_truth,wind,74,6.083333333333371,2.1646074045142973
bb_ipp_ground_truth,wind,75,6.166666666666629,2.169967584827129
bb_ipp_ground_truth,wind,76,6.25,2.17570778149834
bb_ipp_ground_truth,wind,77,6.333333333333371,2.175595306638227
bb_ipp_ground_truth,wind,78,6.416666666666629,2.1760875482194884
bb_ipp_ground_truth,wind,79,6.5,2.1598664529022806
bb_ipp_ground_truth,wind,80,6.583333333333371,2.1363558549489894
bb_ipp_ground_truth,wind,81,6.666666666666629,2.110595973115679
bb_ipp_ground_truth,wind,82,6.75,2.065079325351736
bb_ipp_ground_truth,wind,83,6.833333333333371,2.048432602271758
bb_ipp_ground_truth,wind,84,6.916666666666629,2.0277407064586295
bb_ipp_ground_truth,wind,85,7.0,2.028491506407598
bb_ipp_ground_truth,wind,86,7.083333333333371,2.048782817440209
bb_ipp_ground_truth,wind,87,7.166666666666629,2.0338224977702697
bb_ipp_ground_truth,wind,88,7.25,2.025752267094472
bb_ipp_ground_truth,wind,89,7.333333333333371,2.0392111194280886
bb_ipp_ground_truth,wind,90,7.416666666666629,2.019465079781192
bb_ipp_ground_truth,wind,91,7.5,2.0167919683977114
bb_ipp_ground_truth,wind,92,7.583333333333371,2.025298940031176
bb_ipp_ground_truth,wind,93,7.666666666666629,2.0102687450437444
bb_ipp_ground_truth,wind,94,7.75,1.9924433340047236
bb_ipp_ground_truth,wind,95,7.833333333333371,1.962736791126873
bb_ipp_ground_truth,wind,96,7.916666666666629,1.960647141082284
bb_ipp_ground_truth,wind,97,8.0,1.9657352919467468
bb_ipp_ground_truth,wind,98,8.083333333333371,1.972558637814846
bb_ipp_ground_truth,wind,99,8.166666666666629,1.9578653721074257
bb_ipp_ground_truth,wind,100,8.25,1.946991392738734
bb_ipp_ground_truth,wind,101,8.333333333333371,1.94165721419005
bb_ipp_ground_truth,wind,102,8.416666666666629,1.9543893865570732
bb_ipp_ground_truth,wind,103,8.5,1.9579419883585483
bb_ipp_ground_truth,wind,104,8.583333333333371,1.970572196963385
bb_ipp_ground_truth,wind,105,8.666666666666629,1.9538822022109699
bb_ipp_ground_truth,wind,106,8.75,1.9576996483387892
bb_ipp_ground_truth,wind,107,8.833333333333371,1.961978886423834
bb_ipp_ground_truth,wind,108,8.916666666666629,1.9640837275327767
bb_ipp_ground_truth,wind,109,9.0,1.9573263905835572
bb_ipp_ground_truth,wind,110,9.083333333333371,1.9776897243330351
bb_ipp_ground_truth,wind,111,9.166666666666629,1.9756876554211305
bb_ipp_ground_truth,wind,112,9.25,1.9623188675022356
bb_ipp_ground_truth,wind,113,9.333333333333371,1.949786572361537
bb_ipp_ground_truth,wind,114,9.416666666666629,1.9521099656983585
bb_ipp_ground_truth,wind,115,9.5,1.9713152164787393
bb_ipp_ground_truth,wind,116,9.583333333333371,1.9693319810220122
bb_ipp_ground_truth,wind,117,9.666666666666629,1.9750301636339112
bb_ipp_ground_truth,wind,118,9.75,1.9796601439635584
bb_ipp_ground_truth,wind,119,9.833333333333371,1.9732495146608793
bb_ipp_ground_truth,wind,120,9.916666666666629,1.9666418013244866
bb_ipp_ground_truth,wind,121,10.0,1.9830321608713557
bb_ipp_ground_truth,wind,122,10.083333333333371,1.9991465455265158
bb_ipp_ground_truth,wind,123,10.166666666666629,2.0182093772954883
bb_ipp_ground_truth,wind,124,10.25,2.021258661546507
bb_ipp_ground_truth,wind,125,10.333333333333371,2.054052136020889
bb_ipp_ground_truth,wind,126,10.416666666666629,2.0287600757738034
bb_ipp_ground_truth,wind,127,10.5,2.0221329555215113
bb_ipp_ground_truth,wind,128,10.583333333333371,2.037906802415029
bb_ipp_ground_truth,wind,129,10.666666666666629,2.052428184666314
bb_ipp_ground_truth,wind,130,10.75,2.038974647453416
bb_ipp_ground_truth,wind,131,10.833333333333371,2.0199072872108155
bb_ipp_ground_truth,wind,132,10.916666666666629,2.0372192368165027
bb_ipp_ground_truth,wind,133,11.0,2.0293237254802894
bb_ipp_ground_truth,wind,134,11.083333333333371,2.0136410213022273
bb_ipp_ground_truth,wind,135,11.166666666666629,2.017182681621209
bb_ipp_ground_truth,wind,136,11.25,2.0098012278207964
bb_ipp_ground_truth,wind,137,11.333333333333371,1.9961760492202567
bb_ipp_ground_truth,wind,138,11.416666666666629,1.9839196536668353
bb_ipp_ground_truth,wind,139,11.5,1.9856649477990986
bb_ipp_ground_truth,wind,140,11.583333333333371,1.9756507499100313
bb_ipp_ground_truth,wind,141,11.666666666666629,1.981985514974686
bb_ipp_ground_truth,wind,142,11.75,1.99409768398173
bb_ipp_ground_truth,wind,143,11.833333333333371,1.9925744433747468
bb_ipp_ground_truth,wind,144,11.916666666666629,1.9917421382147453
bb_ipp_ground_truth,wind,145,12.0,2.003051909698186
bb_ipp_ground_truth,wind,146,12.083333333333371,1.9705685930358257
bb_ipp_ground_truth,wind,147,12.166666666666629,1.9769354390992677
bb_ipp_ground_truth,wind,148,12.25,1.9699974761591408
bb_ipp_ground_truth,wind,149,12.333333333333371,1.971919403110888
bb_ipp_ground_truth,wind,150,12.416666666666629,1.975123369182098
bb_ipp_ground_truth,wind,151,12.5,1.9826415729655935
bb_ipp_ground_truth,wind,152,12.583333333333371,1.9465768057812873
bb_ipp_ground_truth,wind,153,12.666666666666629,1.9064033203642323
bb_ipp_ground_truth,wind,154,12.75,1.9052351087859476
bb_ipp_ground_truth,wind,155,12.833333333333371,1.919781562944476
bb_ipp_ground_truth,wind,156,12.916666666666629,1.9054612815114143
bb_ipp_ground_truth,wind,157,13.0,1.901482000114958
bb_ipp_ground_truth,wind,158,13.083333333333371,1.9127033164030087
bb_ipp_ground_truth,wind,159,13.166666666666629,1.8998031524747203
bb_ipp_ground_truth,wind,160,13.25,1.8729133660716317
bb_ipp_ground_truth,wind,161,13.333333333333371,1.8808747323605461
bb_ipp_ground_truth,wind,162,13.416666666666629,1.8768920787076657
bb_ipp_ground_truth,wind,163,13.5,1.8764327020518994
bb_ipp_ground_truth,wind,164,13.583333333333371,1.879923509033333
bb_ipp_ground_truth,wind,165,13.666666666666629,1.8554686124824715
bb_ipp_ground_truth,wind,166,13.75,1.8603470281906407
bb_ipp_ground_truth,wind,167,13.833333333333371,1.867885490624554
bb_ipp_ground_truth,wind,168,13.916666666666629,1.8757374194520295
bb_ipp_ground_truth,wind,169,14.0,1.890920134191494
bb_ipp_ground_truth,wind,170,14.083333333333371,1.893597326289672
bb_ipp_ground_truth,wind,171,14.166666666666629,1.8693939268080837
bb_ipp_ground_truth,wind,172,14.25,1.8783414638178935
bb_ipp_ground_truth,wind,173,14.333333333333371,1.8651091052987332
bb_ipp_ground_truth,wind,174,14.416666666666629,1.8660125275446393
bb_ipp_ground_truth,wind,175,14.5,1.8834134775304159
bb_ipp_ground_truth,wind,176,14.583333333333371,1.8829961488050493
bb_ipp_ground_truth,wind,177,14.666666666666629,1.8883833101324534
bb_ipp_ground_truth,wind,178,14.75,1.898132046703136
bb_ipp_ground_truth,wind,179,14.833333333333371,1.916480758925048
bb_ipp_ground_truth,wind,180,14.916666666666629,1.9102152955276557
bb_ipp_ground_truth,wind,181,15.0,1.9120094702875885
bb_ipp_ground_truth,wind,182,15.083333333333371,1.9119885427390415
bb_ipp_ground_truth,wind,183,15.166666666666629,1.9193344970466486
bb_ipp_ground_truth,wind,184,15.25,1.9146039624022073
bb_ipp_ground_truth,wind,185,15.333333333333371,1.9209000022635663
bb_ipp_ground_truth,wind,186,15.416666666666629,1.9105737448489102
bb_ipp_ground_truth,wind,187,15.5,1.9168947626168304
bb_ipp_ground_truth,wind,188,15.583333333333371,1.9289223147366694
bb_ipp_ground_truth,wind,189,15.666666666666629,1.919619312713312
bb_ipp_ground_truth,wind,190,15.75,1.9182578194868796
bb_ipp_ground_truth,wind,191,15.833333333333371,1.9400498286556502
bb_ipp_ground_truth,wind,192,15.916666666666629,1.9303682598509517
bb_ipp_ground_truth,wind,193,16.0,1.9406297594964739
bb_ipp_ground_truth,wind,194,16.08333333333337,1.9342596396188538
bb_ipp_ground_truth,wind,195,16.16666666666663,1.9398343511631524
bb_ipp_ground_truth,wind,196,16.25,1.9433225016466156
bb_ipp_ground_truth,wind,197,16.33333333333337,1.952898595038485
bb_ipp_ground_truth,wind,198,16.41666666666663,1.9547894536300048
bb_ipp_ground_truth,wind,199,16.5,1.967881640377673
bb_ipp_ground_truth,wind,200,16.58333333333337,1.9542227347316832
bb_ipp_ground_truth,wind,201,16.66666666666663,1.9483183576772747
bb_ipp_ground_truth,wind,202,16.75,1.955653864205235
bb_ipp_ground_truth,wind,203,16.83333333333337,1.9387007168401755
bb_ipp_ground_truth,wind,204,16.91666666666663,1.9183957156459428
bb_ipp_ground_truth,wind,205,17.0,1.919041398772605
bb_ipp_ground_truth,wind,206,17.08333333333337,1.9183821022893395
bb_ipp_ground_truth,wind,207,17.16666666666663,1.8954968332615003
bb_ipp_ground_truth,wind,208,17.25,1.9102152832911317
bb_ipp_ground_truth,wind,209,17.33333333333337,1.9112579145233968
bb_ipp_ground_truth,wind,210,17.41666666666663,1.9047999439603571
bb_ipp_ground_truth,wind,211,17.5,1.911106719089739
bb_ipp_ground_truth,wind,212,17.58333333333337,1.9075002127285376
bb_ipp_ground_truth,wind,213,17.66666666666663,1.8879322719522265
bb_ipp_ground_truth,wind,214,17.75,1.8855680709740568
bb_ipp_ground_truth,wind,215,17.83333333333337,1.879956040454017
bb_ipp_ground_truth,wind,216,17.91666666666663,1.8839044060669154
bb_ipp_ground_truth,wind,217,18.0,1.8986054413776758
bb_ipp_ground_truth,wind,218,18.08333333333337,1.8864012308965499
bb_ipp_ground_truth,wind,219,18.16666666666663,1.8819008981127723
bb_ipp_ground_truth,wind,220,18.25,1.8885184312469891
bb_ipp_ground_truth,wind,221,18.33333333333337,1.8927345957497126
bb_ipp_ground_truth,wind,222,18.41666666666663,1.8855893022892243
bb_ipp_ground_truth,wind,223,18.5,1.8987019521229174
bb_ipp_ground_truth,wind,224,18.58333333333337,1.9262983431835343
bb_ipp_ground_truth,wind,225,18.66666666666663,1.9475708651446488
bb_ipp_ground_truth,wind,226,18.75,1.9095446566245693
bb_ipp_ground_truth,wind,227,18.83333333333337,1.916681038526351
bb_ipp_ground_truth,wind,228,18.91666666666663,1.9319186503799703
bb_ipp_ground_truth,wind,229,19.0,1.9574347867863207
bb_ipp_ground_truth,wind,230,19.08333333333337,1.926054130791343
bb_ipp_ground_truth,wind,231,19.16666666666663,1.918590371063115
bb_ipp_ground_truth,wind,232,19.25,1.9238952341003588
bb_ipp_ground_truth,wind,233,19.33333333333337,1.9485353502276297
bb_ipp_ground_truth,wind,234,19.41666666666663,1.926068914428685
bb_ipp_ground_truth,wind,235,19.5,1.9342761503654287
bb_ipp_ground_truth,wind,236,19.58333333333337,1.9319832705570301
bb_ipp_ground_truth,wind,237,19.66666666666663,1.9239473088408638
bb_ipp_ground_truth,wind,238,19.75,1.932762301030437
bb_ipp_ground_truth,wind,239,19.83333333333337,1.93545876982007
bb_ipp_ground_truth,wind,240,19.91666666666663,1.927668147432466
bb_ipp_ground_truth,wind,241,20.0,1.9385031512617676
bb_ipp_ground_truth,wind,242,20.08333333333337,1.9025050411209
bb_ipp_ground_truth,wind,243,20.16666666666663,1.9286005688143586
bb_ipp_ground_truth,wind,244,20.25,1.9429621429662827
bb_ipp_ground_truth,wind,245,20.33333333333337,1.9591586000047851
bb_ipp_ground_truth,wind,246,20.41666666666663,1.9869075527162827
bb_ipp_ground_truth,wind,247,20.5,1.9460853724097318
bb_ipp_ground_truth,wind,248,20.58333333333337,1.9315879305958255
bb_ipp_ground_truth,wind,249,20.66666666666663,1.9376962766631385
bb_ipp_ground_truth,wind,250,20.75,1.9446119568259737
bb_ipp_ground_truth,wind,251,20.83333333333337,1.9471240995501573
bb_ipp_ground_truth,wind,252,20.91666666666663,1.9457276909323173
bb_ipp_ground_truth,wind,253,21.0,1.9503957996028132
bb_ipp_ground_truth,wind,254,21.08333333333337,1.971561789874904
bb_ipp_ground_truth,wind,255,21.16666666666663,1.9584529887545434
bb_ipp_ground_truth,wind,256,21.25,1.964704779854345
bb_ipp_ground_truth,wind,257,21.33333333333337,1.9515249192439739
bb_ipp_ground_truth,wind,258,21.41666666666663,1.9691977978411135
bb_ipp_ground_truth,wind,259,21.5,1.9679230049095262
bb_ipp_ground_truth,wind,260,21.58333333333337,1.960149474113803
bb_ipp_ground_truth,wind,261,21.66666666666663,1.9767087193443955
bb_ipp_ground_truth,wind,262,21.75,1.9798854655004008
bb_ipp_ground_truth,wind,263,21.83333333333337,1.959773792713736
bb_ipp_ground_truth,wind,264,21.91666666666663,1.995033562038758
bb_ipp_ground_truth,wind,265,22.0,1.98678165996715
bb_ipp_ground_truth,wind,266,22.08333333333337,1.995667701036841
bb_ipp_ground_truth,wind,267,22.16666666666663,1.9692516518675593
bb_ipp_ground_truth,wind,268,22.25,1.9859006963935197
bb_ipp_ground_truth,wind,269,22.33333333333337,1.9851413603353836
bb_ipp_ground_truth,wind,270,22.41666666666663,2.000632475367437
bb_ipp_ground_truth,wind,271,22.5,1.9974802236264704
bb_ipp_ground_truth,wind,272,22.58333333333337,2.0094712722158348
bb_ipp_ground_truth,wind,273,22.66666666666663,2.0141011476143564
bb_ipp_ground_truth,wind,274,22.75,2.006563952564686
bb_ipp_ground_truth,wind,275,22.83333333333337,1.9894772136509729
bb_ipp_ground_truth,wind,276,22.91666666666663,2.0025514279882923
bb_ipp_ground_truth,wind,277,23.0,2.0095529502336835
bb_ipp_ground_truth,wind,278,23.08333333333337,2.0284488662850024
bb_ipp_ground_truth,wind,279,23.16666666666663,2.0101851814333433
bb_ipp_ground_truth,wind,280,23.25,2.0015821189101475
bb_ipp_ground_truth,wind,281,23.33333333333337,2.006072291017678
bb_ipp_ground_truth,wind,282,23.41666666666663,1.9911412652181761
bb_ipp_ground_truth,wind,283,23.5,1.9724615857323347
bb_ipp_ground_truth,wind,284,23.58333333333337,1.994062776468214
bb_ipp_ground_truth,wind,285,23.66666666666663,1.9937567339817068
bb_ipp_ground_truth,wind,286,23.75,1.991813503167472
bb_ipp_ground_truth,wind,287,23.83333333333337,1.9985447017599662
bb_ipp_ground_truth,wind,288,23.91666666666663,1.9989013348567604
bb_ipp_ground_truth,wind,289,24.0,1.982160455390812
bb_ipp_ground_truth,wind,290,24.08333333333337,1.988949316268826
bb_ipp_ground_truth,wind,291,24.16666666666663,1.976843716057779
bb_ipp_ground_truth,wind,292,24.25,1.9917124186295292
bb_ipp_ground_truth,wind,293,24.33333333333337,2.0066611609240086
bb_ipp_ground_truth,wind,294,24.41666666666663,2.0023762843185944
bb_ipp_ground_truth,wind,295,24.5,2.0092622887780474
bb_ipp_ground_truth,wind,296,24.58333333333337,2.002057846078397
bb_ipp_ground_truth,wind,297,24.66666666666663,1.9985195990559723
bb_ipp_ground_truth,wind,298,24.75,2.0069031436458946
bb_ipp_ground_truth,wind,299,24.83333333333337,2.026558818762939
bb_ipp_ground_truth,wind,300,24.91666666666663,2.016777956902182
bb_ipp_ground_truth,wind,301,25.0,1.9993381850323093
bb_ipp_ground_truth,wind,302,25.08333333333337,2.0030689371576593
bb_ipp_ground_truth,wind,303,25.16666666666663,1.9874728140087867
bb_ipp_ground_truth,wind,304,25.25,2.019792268763902
bb_ipp_ground_truth,wind,305,25.33333333333337,2.006839548151561
bb_ipp_ground_truth,wind,306,25.41666666666663,2.001337007223194
bb_ipp_ground_truth,wind,307,25.5,2.0165321110194303
bb_ipp_ground_truth,wind,308,25.58333333333337,2.010080178681019
bb_ipp_ground_truth,wind,309,25.66666666666663,1.9849309551805234
bb_ipp_ground_truth,wind,310,25.75,1.9737214839337842
bb_ipp_ground_truth,wind,311,25.83333333333337,1.9604920488291844
bb_ipp_ground_truth,wind,312,25.91666666666663,1.973107140790577
bb_ipp_ground_truth,wind,313,26.0,2.003996934876758
bb_ipp_ground_truth,wind,314,26.08333333333337,2.011292815216154
bb_ipp_ground_truth,wind,315,26.16666666666663,1.99339031108209
bb_ipp_ground_truth,wind,316,26.25,2.003835454273131
bb_ipp_ground_truth,wind,317,26.33333333333337,2.0050457994670388
bb_ipp_ground_truth,wind,318,26.41666666666663,1.988651486411969
bb_ipp_ground_truth,wind,319,26.5,2.0098819935309744
bb_ipp_ground_truth,wind,320,26.58333333333337,2.022638262629627
bb_ipp_ground_truth,wind,321,26.66666666666663,2.0221660551600182
bb_ipp_ground_truth,wind,322,26.75,2.0342815879037994
bb_ipp_ground_truth,wind,323,26.83333333333337,2.0363051621745787
bb_ipp_ground_truth,wind,324,26.91666666666663,2.0261983439756537
bb_ipp_ground_truth,wind,325,27.0,2.0254210394805496
bb_ipp_ground_truth,wind,326,27.08333333333337,2.0142935869542096
bb_ipp_ground_truth,wind,327,27.16666666666663,2.011347904988787
bb_ipp_ground_truth,wind,328,27.25,2.0417050039890543
bb_ipp_ground_truth,wind,329,27.33333333333337,2.040693069595772
bb_ipp_ground_truth,wind,330,27.41666666666663,2.0385223992732064
bb_ipp_ground_truth,wind,331,27.5,2.034834493909466
bb_ipp_ground_truth,wind,332,27.58333333333337,2.0671954509630868
bb_ipp_ground_truth,wind,333,27.66666666666663,2.0760810422229197
bb_ipp_ground_truth,wind,334,27.75,2.0750958240272346
bb_ipp_ground_truth,wind,335,27.83333333333337,2.0504300698275646
bb_ipp_ground_truth,wind,336,27.91666666666663,2.062079831707586
bb_ipp_ground_truth,wind,337,28.0,2.049438219993458
bb_ipp_ground_truth,wind,338,28.08333333333337,2.023795556225414
bb_ipp_ground_truth,wind,339,28.16666666666663,2.0421547851439006
bb_ipp_ground_truth,wind,340,28.25,2.027688962101385
bb_ipp_ground_truth,wind,341,28.33333333333337,2.004190541822142
bb_ipp_ground_truth,wind,342,28.41666666666663,2.025308395326126
bb_ipp_ground_truth,wind,343,28.5,2.009830792425351
bb_ipp_ground_truth,wind,344,28.58333333333337,2.0094112357219065
bb_ipp_ground_truth,wind,345,28.66666666666663,2.018211377710594
bb_ipp_ground_truth,wind,346,28.75,2.039695462110264
bb_ipp_ground_truth,wind,347,28.83333333333337,2.030256611340069
bb_ipp_ground_truth,wind,348,28.91666666666663,2.0457983843970142
bb_ipp_ground_truth,wind,349,29.0,2.0686130009340973
bb_ipp_ground_truth,wind,350,29.08333333333337,2.0609427294080684
bb_ipp_ground_truth,wind,351,29.16666666666663,2.0391793879843685
bb_ipp_ground_truth,wind,352,29.25,2.0758893966766383
bb_ipp_ground_truth,wind,353,29.33333333333337,2.071897118134615
bb_ipp_ground_truth,wind,354,29.41666666666663,2.041832754891115
bb_ipp_ground_truth,wind,355,29.5,2.0388777629025068
bb_ipp_ground_truth,wind,356,29.58333333333337,2.0426332431464265
bb_ipp_ground_truth,wind,357,29.66666666666663,2.0198672863628477
bb_ipp_ground_truth,wind,358,29.75,2.0237766771595846
bb_ipp_ground_truth,wind,359,29.83333333333337,2.032638824088474
bb_ipp_ground_truth,wind,360,29.91666666666663,2.025878305232534
bb_ipp_ground_truth,wind,361,30.0,2.0045097216371923
bb_ipp_ground_truth,wind,362,30.08333333333337,2.0157243866912355
bb_ipp_ground_truth,wind,363,30.16666666666663,2.0318506865928803
bb_ipp_ground_truth,wind,364,30.25,2.019881922079844
bb_ipp_ground_truth,wind,365,30.33333333333337,2.021763104515267
bb_ipp_ground_truth,wind,366,30.41666666666663,2.0138523060599134
bb_ipp_ground_truth,wind,367,30.5,2.0293566040721696
bb_ipp_ground_truth,wind,368,30.58333333333337,2.018401700100333
bb_ipp_ground_truth,wind,369,30.66666666666663,2.016439431196673
bb_ipp_ground_truth,wind,370,30.75,2.0360330155015967
bb_ipp_ground_truth,wind,371,30.83333333333337,2.019762204653744
bb_ipp_ground_truth,wind,372,30.91666666666663,2.011615749303486
bb_ipp_ground_truth,wind,373,31.0,2.0022687342043786
bb_ipp_ground_truth,wind,374,31.08333333333337,1.9828607662416393
bb_ipp_ground_truth,wind,375,31.16666666666663,1.9815144152173656
bb_ipp_ground_truth,wind,376,31.25,2.001940845275464
bb_ipp_ground_truth,wind,377,31.33333333333337,2.0262867314006963
bb_ipp_ground_truth,wind,378,31.41666666666663,2.0287598464655257
bb_ipp_ground_truth,wind,379,31.5,2.0117587014056917
bb_ipp_ground_truth,wind,380,31.58333333333337,2.0182048312613907
bb_ipp_ground_truth,wind,381,31.66666666666663,1.993929831045513
bb_ipp_ground_truth,wind,382,31.75,2.009330272427477
bb_ipp_ground_truth,wind,383,31.83333333333337,2.0068689944602864
bb_ipp_ground_truth,wind,384,31.91666666666663,1.9927301731781042
bb_ipp_ground_truth,wind,385,32.0,1.9994025410462029
bb_ipp_ground_truth,wind,386,32.08333333333337,2.005582295644944
bb_ipp_ground_truth,wind,387,32.16666666666663,2.000872300152427
bb_ipp_ground_truth,wind,388,32.25,1.9835380809150078
bb_ipp_ground_truth,wind,389,32.33333333333337,1.980426698046509
bb_ipp_ground_truth,wind,390,32.41666666666663,1.9897160812094852
bb_ipp_ground_truth,wind,391,32.5,2.0251621785523106
bb_ipp_ground_truth,wind,392,32.58333333333337,2.022637263732913
bb_ipp_ground_truth,wind,393,32.66666666666663,2.029576375174714
bb_ipp_ground_truth,wind,394,32.75,2.035470574356481
bb_ipp_ground_truth,wind,395,32.83333333333337,2.0130551549656928
bb_ipp_ground_truth,wind,396,32.91666666666663,2.0066485066024415
bb_ipp_ground_truth,wind,397,33.0,2.01837140826738
bb_ipp_ground_truth,wind,398,33.08333333333337,2.013046989878663
bb_ipp_ground_truth,wind,399,33.16666666666663,2.0212087586628797
bb_ipp_ground_truth,wind,400,33.25,2.0027964056133682
bb_ipp_ground_truth,wind,401,33.33333333333337,2.0215337048479958
bb_ipp_ground_truth,wind,402,33.41666666666663,2.006182837280341
bb_ipp_ground_truth,wind,403,33.5,2.0006954392417065
bb_ipp_ground_truth,wind,404,33.58333333333337,1.9926350162003708
bb_ipp_ground_truth,wind,405,33.66666666666663,2.0020450025150303
bb_ipp_ground_truth,wind,406,33.75,1.990329848470994
bb_ipp_ground_truth,wind,407,33.83333333333337,1.99047685595932
bb_ipp_ground_truth,wind,408,33.91666666666663,2.003456788556469
bb_ipp_ground_truth,wind,409,34.0,2.008940119557753
bb_ipp_ground_truth,wind,410,34.08333333333337,2.000511075951671
bb_ipp_ground_truth,wind,411,34.16666666666663,2.003769294884831
bb_ipp_ground_truth,wind,412,34.25,2.016500841572088
bb_ipp_ground_truth,wind,413,34.33333333333337,1.9966824625806359
bb_ipp_ground_truth,wind,414,34.41666666666663,2.014025395615287
bb_ipp_ground_truth,wind,415,34.5,2.006815277027717
bb_ipp_ground_truth,wind,416,34.58333333333337,2.012162784936423
bb_ipp_ground_truth,wind,417,34.66666666666663,2.024531314006647
bb_ipp_ground_truth,wind,418,34.75,2.017298651447792
bb_ipp_ground_truth,wind,419,34.83333333333337,2.0102890315731905
bb_ipp_ground_truth,wind,420,34.91666666666663,2.010568950559719
bb_ipp_ground_truth,wind,421,35.0,2.030952941857709
bb_ipp_ground_truth,wind,422,35.08333333333337,2.0332208697738916
bb_ipp_ground_truth,wind,423,35.16666666666663,2.034673137402623
bb_ipp_ground_truth,wind,424,35.25,2.026786321997579
bb_ipp_ground_truth,wind,425,35.33333333333337,2.04590848839426
bb_ipp_ground_truth,wind,426,35.41666666666663,2.051654359264763
bb_ipp_ground_truth,wind,427,35.5,2.043664932643937
bb_ipp_ground_truth,wind,428,35.58333333333337,2.0232055301781195
bb_ipp_ground_truth,wind,429,35.66666666666663,2.0189283286973687
bb_ipp_ground_truth,wind,430,35.75,2.0038643655922423
bb_ipp_ground_truth,wind,431,35.83333333333337,2.0243647722813276
bb_ipp_ground_truth,wind,432,35.91666666666663,2.0335585580158457
bb_ipp_ground_truth,wind,433,36.0,2.0239674465501833
bb_ipp_ground_truth,wind,434,36.08333333333337,2.054770524197522
bb_ipp_ground_truth,wind,435,36.16666666666663,2.047959105164473
bb_ipp_ground_truth,wind,436,36.25,2.04525214397755
bb_ipp_ground_truth,wind,437,36.33333333333337,2.043435881543576
bb_ipp_ground_truth,wind,438,36.41666666666663,2.0501118705447405
bb_ipp_ground_truth,wind,439,36.5,2.0396023790848647
bb_ipp_ground_truth,wind,440,36.58333333333337,2.062051717476177
bb_ipp_ground_truth,wind,441,36.66666666666663,2.0484420260640643
bb_ipp_ground_truth,wind,442,36.75,2.036892546920237
bb_ipp_ground_truth,wind,443,36.83333333333337,2.022335857611957
bb_ipp_ground_truth,wind,444,36.91666666666663,2.0330519286132445
bb_ipp_ground_truth,wind,445,37.0,2.017837274506239
bb_ipp_ground_truth,wind,446,37.08333333333337,2.0654870654211086
bb_ipp_ground_truth,wind,447,37.16666666666663,2.069005204604182
bb_ipp_ground_truth,wind,448,37.25,2.0679024935757497
bb_ipp_ground_truth,wind,449,37.33333333333337,2.051873014557245
bb_ipp_ground_truth,wind,450,37.41666666666663,2.050148325171689
bb_ipp_ground_truth,wind,451,37.5,2.0435414383793273
bb_ipp_ground_truth,wind,452,37.58333333333337,2.036896751270477
bb_ipp_ground_truth,wind,453,37.66666666666663,2.05212055358252
bb_ipp_ground_truth,wind,454,37.75,2.044583176323537
bb_ipp_ground_truth,wind,455,37.83333333333337,2.0493816401512897
bb_ipp_ground_truth,wind,456,37.91666666666663,2.045285807314094
bb_ipp_ground_truth,wind,457,38.0,2.041156055431935
bb_ipp_ground_truth,wind,458,38.08333333333337,2.033267710698066
bb_ipp_ground_truth,wind,459,38.16666666666663,2.0363909611202256
bb_ipp_ground_truth,wind,460,38.25,2.0184151345827552
bb_ipp_ground_truth,wind,461,38.33333333333337,2.0207242131097427
bb_ipp_ground_truth,wind,462,38.41666666666663,2.031631271118549
bb_ipp_ground_truth,wind,463,38.5,2.0411944704510048
bb_ipp_ground_truth,wind,464,38.58333333333337,2.028738311220602
bb_ipp_ground_truth,wind,465,38.66666666666663,2.0336519514174416
bb_ipp_ground_truth,wind,466,38.75,2.0331229747095287
bb_ipp_ground_truth,wind,467,38.83333333333337,2.0166638054854173
bb_ipp_ground_truth,wind,468,38.91666666666663,2.0188712087534046
bb_ipp_ground_truth,wind,469,39.0,1.9861639477536694
bb_ipp_ground_truth,wind,470,39.08333333333337,2.0168424594584295
bb_ipp_ground_truth,wind,471,39.16666666666663,2.0444027938680334
bb_ipp_ground_truth,wind,472,39.25,2.060695880115634
bb_ipp_ground_truth,wind,473,39.33333333333337,2.0754024143283867
bb_ipp_ground_truth,wind,474,39.41666666666663,2.0463587569629946
bb_ipp_ground_truth,wind,475,39.5,2.0523953417361196
bb_ipp_ground_truth,wind,476,39.58333333333337,2.0291896564486698
bb_ipp_ground_truth,wind,477,39.66666666666663,2.0397158634247807
bb_ipp_ground_truth,wind,478,39.75,2.0401356316157258
bb_ipp_ground_truth,wind,479,39.83333333333337,2.0434687180658657
bb_ipp_ground_truth,wind,480,39.91666666666663,2.049572448597693
bb_ipp_ground_truth,wind,481,40.0,2.0561820847263292
bb_ipp_ground_truth,wind,482,40.08333333333337,2.0368016476469126
bb_ipp_ground_truth,wind,483,40.16666666666663,2.010509537859724
bb_ipp_ground_truth,wind,484,40.25,2.0020077385732917
bb_ipp_ground_truth,wind,485,40.33333333333337,2.0030972447060607
bb_ipp_ground_truth,wind,486,40.41666666666663,2.0299461223405584
bb_ipp_ground_truth,wind,487,40.5,2.02185623428598
bb_ipp_ground_truth,wind,488,40.58333333333337,2.009841040711891
bb_ipp_ground_truth,wind,489,40.66666666666663,2.0030335301563205
bb_ipp_ground_truth,wind,490,40.75,2.0092139031912297
bb_ipp_ground_truth,wind,491,40.83333333333337,2.0074061618056787
bb_ipp_ground_truth,wind,492,40.91666666666663,1.994376502102665
bb_ipp_ground_truth,wind,493,41.0,2.022067893687322
bb_ipp_ground_truth,wind,494,41.08333333333337,2.0040413635494407
bb_ipp_ground_truth,wind,495,41.16666666666663,2.004153651713224
bb_ipp_ground_truth,wind,496,41.25,2.0150078648996046
bb_ipp_ground_truth,wind,497,41.33333333333337,2.015641404493321
bb_ipp_ground_truth,wind,498,41.41666666666663,2.014488965253939
bb_ipp_ground_truth,wind,499,41.5,2.027572899742582
bb_ipp_ground_truth,wind,500,41.58333333333337,2.035885580473933
bb_ipp_ground_truth,wind,501,41.66666666666663,2.031304479386292
bb_ipp_ground_truth,wind,502,41.75,2.053173768978585
bb_ipp_ground_truth,wind,503,41.83333333333337,2.0595416809340676
bb_ipp_ground_truth,wind,504,41.91666666666663,2.053713265757885
bb_ipp_ground_truth,wind,505,42.0,2.0203333664485537
bb_ipp_ground_truth,wind,506,42.08333333333337,2.0386011309004934
bb_ipp_ground_truth,wind,507,42.16666666666663,2.0445517658263115
bb_ipp_ground_truth,wind,508,42.25,2.0578001673013078
bb_ipp_ground_truth,wind,509,42.33333333333337,2.0406981651848595
bb_ipp_ground_truth,wind,510,42.41666666666663,2.0367256482039915
bb_ipp_ground_truth,wind,511,42.5,2.052356556084192
bb_ipp_ground_truth,wind,512,42.58333333333337,2.044071291036268
bb_ipp_ground_truth,wind,513,42.66666666666663,2.076984972897365
bb_ipp_ground_truth,wind,514,42.75,2.057950090435641
bb_ipp_ground_truth,wind,515,42.83333333333337,2.0736596139461856
bb_ipp_ground_truth,wind,516,42.91666666666663,2.0620214242210686
bb_ipp_ground_truth,wind,517,43.0,2.065625404169744
bb_ipp_ground_truth,wind,518,43.08333333333337,2.070653878846116
bb_ipp_ground_truth,wind,519,43.16666666666663,2.0621619595676823
bb_ipp_ground_truth,wind,520,43.25,2.068769323739468
bb_ipp_ground_truth,wind,521,43.33333333333337,2.052132167617102
bb_ipp_ground_truth,wind,522,43.41666666666663,2.0404704737040564
bb_ipp_ground_truth,wind,523,43.5,2.028203452672222
bb_ipp_ground_truth,wind,524,43.58333333333337,2.05329048064653
bb_ipp_ground_truth,wind,525,43.66666666666663,2.0508568779160514
bb_ipp_ground_truth,wind,526,43.75,2.041383751176875
bb_ipp_ground_truth,wind,527,43.83333333333337,2.0327314798804004
bb_ipp_ground_truth,wind,528,43.91666666666663,2.0480168546832678
bb_ipp_ground_truth,wind,529,44.0,2.049695776163168
bb_ipp_ground_truth,wind,530,44.08333333333337,2.0233630478730253
bb_ipp_ground_truth,wind,531,44.16666666666663,2.0138347920330237
bb_ipp_ground_truth,wind,532,44.25,2.0362242630496814
bb_ipp_ground_truth,wind,533,44.33333333333337,2.0361630752906423
bb_ipp_ground_truth,wind,534,44.41666666666663,2.0367834415603796
bb_ipp_ground_truth,wind,535,44.5,2.0448145523111716
bb_ipp_ground_truth,wind,536,44.58333333333337,2.0914611864254793
bb_ipp_ground_truth,wind,537,44.66666666666663,2.0845533342870843
bb_ipp_ground_truth,wind,538,44.75,2.1033580263339364
bb_ipp_ground_truth,wind,539,44.83333333333337,2.089001369757125
bb_ipp_ground_truth,wind,540,44.91666666666663,2.0955064623757296
bb_ipp_ground_truth,wind,541,45.0,2.0794358092961303
bb_ipp_ground_truth,wind,542,45.08333333333337,2.0886985511666785
bb_ipp_ground_truth,wind,543,45.16666666666663,2.0812962766998786
bb_ipp_ground_truth,wind,544,45.25,2.073314301094846
bb_ipp_ground_truth,wind,545,45.33333333333337,2.05879607482171
bb_ipp_ground_truth,wind,546,45.41666666666663,2.052013779787192
bb_ipp_ground_truth,wind,547,45.5,2.0825527907738985
bb_ipp_ground_truth,wind,548,45.58333333333337,2.0816774785351413
bb_ipp_ground_truth,wind,549,45.66666666666663,2.0956000830927026
bb_ipp_ground_truth,wind,550,45.75,2.0949625202474054
bb_ipp_ground_truth,wind,551,45.83333333333337,2.0970375043539815
bb_ipp_ground_truth,wind,552,45.91666666666663,2.0886692585353583
bb_ipp_ground_truth,wind,553,46.0,2.1026179358034254
bb_ipp_ground_truth,wind,554,46.08333333333337,2.0873634304604707
bb_ipp_ground_truth,wind,555,46.16666666666663,2.1002652557117076
bb_ipp_ground_truth,wind,556,46.25,2.1118252869534566
bb_ipp_ground_truth,wind,557,46.33333333333337,2.104819531147638
bb_ipp_ground_truth,wind,558,46.41666666666663,2.0973453395223602
bb_ipp_ground_truth,wind,559,46.5,2.0807721668487917
bb_ipp_ground_truth,wind,560,46.58333333333337,2.0521569133795032
bb_ipp_ground_truth,wind,561,46.66666666666663,2.0555069025287436
bb_ipp_ground_truth,wind,562,46.75,2.037776363105367
bb_ipp_ground_truth,wind,563,46.83333333333337,2.053148104068976
bb_ipp_ground_truth,wind,564,46.91666666666663,2.070884282974499
bb_ipp_ground_truth,wind,565,47.0,2.0533567606836796
bb_ipp_ground_truth,wind,566,47.08333333333337,2.0820582159200347
bb_ipp_ground_truth,wind,567,47.16666666666663,2.0717938309882045
bb_ipp_ground_truth,wind,568,47.25,2.07439350615168
bb_ipp_ground_truth,wind,569,47.33333333333337,2.0716819846771006
bb_ipp_ground_truth,wind,570,47.41666666666663,2.0695041847501963
bb_ipp_ground_truth,wind,571,47.5,2.0626873089798057
bb_ipp_ground_truth,wind,572,47.58333333333337,2.056234430676964
bb_ipp_ground_truth,wind,573,47.66666666666663,2.0681852329157673
bb_ipp_ground_truth,wind,574,47.75,2.042694432327472
bb_ipp_ground_truth,wind,575,47.83333333333337,2.0333079261500555
bb_ipp_ground_truth,wind,576,47.91666666666663,2.0368219382767294
bb_ipp_ground_truth,wind,577,48.0,2.054967364344805
bb_ipp_ground_truth,wind,578,48.08333333333337,2.048804973720329
bb_ipp_ground_truth,wind,579,48.16666666666663,2.0314920497257414
bb_ipp_ground_truth,wind,580,48.25,2.03193977816743
bb_ipp_ground_truth,wind,581,48.33333333333337,2.0498390794317114
bb_ipp_ground_truth,wind,582,48.41666666666663,2.075982326683342
bb_ipp_ground_truth,wind,583,48.5,2.0709048988825893
bb_ipp_ground_truth,wind,584,48.58333333333337,2.080882934785777
bb_ipp_ground_truth,wind,585,48.66666666666663,2.0633402669071614
bb_ipp_ground_truth,wind,586,48.75,2.046649675316723
bb_ipp_ground_truth,wind,587,48.83333333333337,2.075657364342644
bb_ipp_ground_truth,wind,588,48.91666666666663,2.08897462336703
bb_ipp_ground_truth,wind,589,49.0,2.0824175034276506
bb_ipp_ground_truth,wind,590,49.08333333333337,2.0801565364846546
bb_ipp_ground_truth,wind,591,49.16666666666663,2.081006695446554
bb_ipp_ground_truth,wind,592,49.25,2.0639864018499794
bb_ipp_ground_truth,wind,593,49.33333333333337,2.086853322847576
bb_ipp_ground_truth,wind,594,49.41666666666663,2.0936311431479253
bb_ipp_ground_truth,wind,595,49.5,2.106888743827668
bb_ipp_ground_truth,wind,596,49.58333333333337,2.0854834804960167
bb_ipp_ground_truth,wind,597,49.66666666666663,2.0847608368292394
bb_ipp_ground_truth,wind,598,49.75,2.0873503555328226
bb_ipp_ground_truth,wind,599,49.83333333333337,2.1161809328475747
bb_ipp_ground_truth,wind,600,49.91666666666663,2.120426090392557
bb_ipp_ground_truth,wind,601,50.0,2.1302396707600058
bb_ipp_ground_truth,wind,602,50.08333333333337,2.1195875311555716
bb_ipp_ground_truth,wind,603,50.16666666666663,2.13510470478821
bb_ipp_ground_truth,wind,604,50.25,2.1168297748430005
bb_ipp_ground_truth,wind,605,50.33333333333337,2.100086960651654
bb_ipp_ground_truth,wind,606,50.41666666666663,2.094771819655567
bb_ipp_ground_truth,wind,607,50.5,2.072269567633862
bb_ipp_ground_truth,wind,608,50.58333333333337,2.0837819598860645
bb_ipp_ground_truth,wind,609,50.66666666666663,2.106729916490205
bb_ipp_ground_truth,wind,610,50.75,2.1076250939061465
bb_ipp_ground_truth,wind,611,50.83333333333337,2.1191223199940206
bb_ipp_ground_truth,wind,612,50.91666666666663,2.128253697684902
bb_ipp_ground_truth,wind,613,51.0,2.119704288620202
bb_ipp_ground_truth,wind,614,51.08333333333337,2.152600665954335
bb_ipp_ground_truth,wind,615,51.16666666666663,2.121038527706959
bb_ipp_ground_truth,wind,616,51.25,2.1226140815835954
bb_ipp_ground_truth,wind,617,51.33333333333337,2.1319678860192215
bb_ipp_ground_truth,wind,618,51.41666666666663,2.121852606983276
bb_ipp_ground_truth,wind,619,51.5,2.109235707472931
bb_ipp_ground_truth,wind,620,51.58333333333337,2.1158213722815864
bb_ipp_ground_truth,wind,621,51.66666666666663,2.081292220882329
bb_ipp_ground_truth,wind,622,51.75,2.093775047136025
bb_ipp_ground_truth,wind,623,51.83333333333337,2.111791463292549
bb_ipp_ground_truth,wind,624,51.91666666666663,2.1204623416927757
bb_ipp_ground_truth,wind,625,52.0,2.126304335759786
bb_ipp_ground_truth,wind,626,52.08333333333337,2.0996524871097813
bb_ipp_ground_truth,wind,627,52.16666666666663,2.0851612122968963
bb_ipp_ground_truth,wind,628,52.25,2.0750904589308545
bb_ipp_ground_truth,wind,629,52.33333333333337,2.093964840267026
bb_ipp_ground_truth,wind,630,52.41666666666663,2.131610838249062
bb_ipp_ground_truth,wind,631,52.5,2.145818485657299
bb_ipp_ground_truth,wind,632,52.58333333333337,2.132320738654759
bb_ipp_ground_truth,wind,633,52.66666666666663,2.1360361772442094
bb_ipp_ground_truth,wind,634,52.75,2.107937457435443
bb_ipp_ground_truth,wind,635,52.83333333333337,2.1071385033482217
bb_ipp_ground_truth,wind,636,52.91666666666663,2.105520142630147
bb_ipp_ground_truth,wind,637,53.0,2.1007877144807106
bb_ipp_ground_truth,wind,638,53.08333333333337,2.116136352436007
bb_ipp_ground_truth,wind,639,53.16666666666663,2.121170499837624
bb_ipp_ground_truth,wind,640,53.25,2.1175780046883865
bb_ipp_ground_truth,wind,641,53.33333333333337,2.1223015629371105
bb_ipp_ground_truth,wind,642,53.41666666666663,2.124653959283635
bb_ipp_ground_truth,wind,643,53.5,2.1143949444507797
bb_ipp_ground_truth,wind,644,53.58333333333337,2.1446584059099467
bb_ipp_ground_truth,wind,645,53.66666666666663,2.1702306806957776
bb_ipp_ground_truth,wind,646,53.75,2.163870249278548
bb_ipp_ground_truth,wind,647,53.83333333333337,2.160880320738069
bb_ipp_ground_truth,wind,648,53.91666666666663,2.1510966818046313
bb_ipp_ground_truth,wind,649,54.0,2.165789332220903
bb_ipp_ground_truth,wind,650,54.08333333333337,2.165559271871686
bb_ipp_ground_truth,wind,651,54.16666666666663,2.162496096413592
bb_ipp_ground_truth,wind,652,54.25,2.1379920150708394
bb_ipp_ground_truth,wind,653,54.33333333333337,2.1282557753732045
bb_ipp_ground_truth,wind,654,54.41666666666663,2.1387450866699695
bb_ipp_ground_truth,wind,655,54.5,2.1803082405562404
bb_ipp_ground_truth,wind,656,54.58333333333337,2.201614672210302
bb_ipp_ground_truth,wind,657,54.66666666666663,2.189872914959979
bb_ipp_ground_truth,wind,658,54.75,2.1972674287123395
bb_ipp_ground_truth,wind,659,54.83333333333337,2.171634926109222
bb_ipp_ground_truth,wind,660,54.91666666666663,2.175035064426946
bb_ipp_ground_truth,wind,661,55.0,2.1880072736084855
bb_ipp_ground_truth,wind,662,55.08333333333337,2.172102989916162
bb_ipp_ground_truth,wind,663,55.16666666666663,2.170103348091331
bb_ipp_ground_truth,wind,664,55.25,2.1789419053079215
bb_ipp_ground_truth,wind,665,55.33333333333337,2.1829487407831705
bb_ipp_ground_truth,wind,666,55.41666666666663,2.1942463909096444
bb_ipp_ground_truth,wind,667,55.5,2.1954041902163333
bb_ipp_ground_truth,wind,668,55.58333333333337,2.1959701743429556
bb_ipp_ground_truth,wind,669,55.66666666666663,2.216110516436348
bb_ipp_ground_truth,wind,670,55.75,2.1864295997317567
bb_ipp_ground_truth,wind,671,55.83333333333337,2.1694746889858005
bb_ipp_ground_truth,wind,672,55.91666666666663,2.192249188848046
bb_ipp_ground_truth,wind,673,56.0,2.1760102080791004
bb_ipp_ground_truth,wind,674,56.08333333333337,2.155534007370667
bb_ipp_ground_truth,wind,675,56.16666666666663,2.1690787758049623
bb_ipp_ground_truth,wind,676,56.25,2.1407070671977766
bb_ipp_ground_truth,wind,677,56.33333333333337,2.1339336356206946
bb_ipp_ground_truth,wind,678,56.41666666666663,2.148487556163699
bb_ipp_ground_truth,wind,679,56.5,2.1497370196855634
bb_ipp_ground_truth,wind,680,56.58333333333337,2.1533671817549855
bb_ipp_ground_truth,wind,681,56.66666666666663,2.1236480197536216
bb_ipp_ground_truth,wind,682,56.75,2.1182947444551856
bb_ipp_ground_truth,wind,683,56.83333333333337,2.116840048441745
bb_ipp_ground_truth,wind,684,56.91666666666663,2.14580223962885
bb_ipp_ground_truth,wind,685,57.0,2.1080017464831804
bb_ipp_ground_truth,wind,686,57.08333333333337,2.120456096293797
bb_ipp_ground_truth,wind,687,57.16666666666663,2.124697724350972
bb_ipp_ground_truth,wind,688,57.25,2.11891651778614
bb_ipp_ground_truth,wind,689,57.33333333333337,2.133690783505978
bb_ipp_ground_truth,wind,690,57.41666666666663,2.1297148842335587
bb_ipp_ground_truth,wind,691,57.5,2.1199998440534134
bb_ipp_ground_truth,wind,692,57.58333333333337,2.1302623086221386
bb_ipp_ground_truth,wind,693,57.66666666666663,2.121485877060484
bb_ipp_ground_truth,wind,694,57.75,2.1029590600976396
bb_ipp_ground_truth,wind,695,57.83333333333337,2.0842673389206845
bb_ipp_ground_truth,wind,696,57.91666666666663,2.1221606664661725
bb_ipp_ground_truth,wind,697,58.0,2.1178839967226186
bb_ipp_ground_truth,wind,698,58.08333333333337,2.119627345175673
bb_ipp_ground_truth,wind,699,58.16666666666663,2.114054385916981
bb_ipp_ground_truth,wind,700,58.25,2.1022211002749813
bb_ipp_ground_truth,wind,701,58.33333333333337,2.1061462762191123
bb_ipp_ground_truth,wind,702,58.41666666666663,2.0986713696077914
bb_ipp_ground_truth,wind,703,58.5,2.100226569153569
bb_ipp_ground_truth,wind,704,58.58333333333337,2.107196527808082
bb_ipp_ground_truth,wind,705,58.66666666666663,2.1272834977038886
bb_ipp_ground_truth,wind,706,58.75,2.1234963584704114
bb_ipp_ground_truth,wind,707,58.83333333333337,2.127669405490211
bb_ipp_ground_truth,wind,708,58.91666666666663,2.110673703426771
bb_ipp_ground_truth,wind,709,59.0,2.1067767494714498
bb_ipp_ground_truth,wind,710,59.08333333333337,2.14260221935206
bb_ipp_ground_truth,wind,711,59.16666666666663,2.1547434316394773
bb_ipp_ground_truth,wind,712,59.25,2.171102994907723
bb_ipp_ground_truth,wind,713,59.33333333333337,2.134475325771777
bb_ipp_ground_truth,wind,714,59.41666666666663,2.1442265381711807
bb_ipp_ground_truth,wind,715,59.5,2.1755301171959496
bb_ipp_ground_truth,wind,716,59.58333333333337,2.1663312427849006
bb_ipp_ground_truth,wind,717,59.66666666666663,2.144231366924645
bb_ipp_ground_truth,wind,718,59.75,2.147428670342477
bb_ipp_ground_truth,wind,719,59.83333333333337,2.1302323822416396
bb_ipp_ground_truth,wind,720,59.91666666666663,2.1305246983738995
bb_ipp_ground_truth,wind,721,60.0,2.109884519736257
bb_ipp_ground_truth,wind,722,60.08333333333337,2.0986538604436085
bb_ipp_ground_truth,wind,723,60.16666666666663,2.1158790644175403
bb_ipp_ground_truth,wind,724,60.25,2.129108769736631
bb_ipp_ground_truth,wind,725,60.33333333333337,2.1501982034655707
bb_ipp_ground_truth,wind,726,60.41666666666663,2.1594084823736344
bb_ipp_ground_truth,wind,727,60.5,2.1406123286350844
bb_ipp_ground_truth,wind,728,60.58333333333337,2.137455411847314
bb_ipp_ground_truth,wind,729,60.66666666666663,2.1548308389366744
bb_ipp_ground_truth,wind,730,60.75,2.166268025583519
bb_ipp_ground_truth,wind,731,60.83333333333337,2.162304386958707
bb_ipp_ground_truth,wind,732,60.91666666666663,2.180118730632569
bb_ipp_ground_truth,wind,733,61.0,2.1733408510485495
bb_ipp_ground_truth,wind,734,61.08333333333337,2.177244070660914
bb_ipp_ground_truth,wind,735,61.16666666666663,2.1803945059320116
bb_ipp_ground_truth,wind,736,61.25,2.2005777296726325
bb_ipp_ground_truth,wind,737,61.33333333333337,2.186613566281201
bb_ipp_ground_truth,wind,738,61.41666666666663,2.1708863706838475
bb_ipp_ground_truth,wind,739,61.5,2.1514400673609204
bb_ipp_ground_truth,wind,740,61.58333333333337,2.1634800249867387
bb_ipp_ground_truth,wind,741,61.66666666666663,2.1477819691659876
bb_ipp_ground_truth,wind,742,61.75,2.1559744757038843
bb_ipp_ground_truth,wind,743,61.83333333333337,2.165258995588205
bb_ipp_ground_truth,wind,744,61.91666666666663,2.14948468595116
bb_ipp_ground_truth,wind,745,62.0,2.1695294169804935
bb_ipp_ground_truth,wind,746,62.08333333333337,2.173750658298008
bb_ipp_ground_truth,wind,747,62.16666666666663,2.1619990117816412
bb_ipp_ground_truth,wind,748,62.25,2.163788229361427
bb_ipp_ground_truth,wind,749,62.33333333333337,2.1342698390863686
bb_ipp_ground_truth,wind,750,62.41666666666663,2.128001235507478
bb_ipp_ground_truth,wind,751,62.5,2.143594081686964
bb_ipp_ground_truth,wind,752,62.58333333333337,2.1478297687128354
bb_ipp_ground_truth,wind,753,62.66666666666663,2.1519714898825386
bb_ipp_ground_truth,wind,754,62.75,2.1411528080996742
bb_ipp_ground_truth,wind,755,62.83333333333337,2.1447737365709973
bb_ipp_ground_truth,wind,756,62.91666666666663,2.121280839447994
bb_ipp_ground_truth,wind,757,63.0,2.0976656867758123
bb_ipp_ground_truth,wind,758,63.08333333333337,2.103495278212325
bb_ipp_ground_truth,wind,759,63.16666666666663,2.1011981229523475
bb_ipp_ground_truth,wind,760,63.25,2.1445810426788197
bb_ipp_ground_truth,wind,761,63.33333333333337,2.163977766800856
bb_ipp_ground_truth,wind,762,63.41666666666663,2.1636522403330223
bb_ipp_ground_truth,wind,763,63.5,2.1512915123980796
bb_ipp_ground_truth,wind,764,63.58333333333337,2.147411236736241
bb_ipp_ground_truth,wind,765,63.66666666666663,2.1035577125619174
bb_ipp_ground_truth,wind,766,63.75,2.1102803383515285
bb_ipp_ground_truth,wind,767,63.83333333333337,2.109346774762557
bb_ipp_ground_truth,wind,768,63.91666666666663,2.11803843537765
bb_ipp_ground_truth,wind,769,64.0,2.1158845824375985
bb_ipp_ground_truth,wind,770,64.08333333333337,2.110214734303724
bb_ipp_ground_truth,wind,771,64.16666666666663,2.0976827477830167
bb_ipp_ground_truth,wind,772,64.25,2.1062746770883924
bb_ipp_ground_truth,wind,773,64.33333333333337,2.0826962470718646
bb_ipp_ground_truth,wind,774,64.41666666666663,2.105944011253504
bb_ipp_ground_truth,wind,775,64.5,2.1214919203699694
bb_ipp_ground_truth,wind,776,64.58333333333337,2.088244258913707
bb_ipp_ground_truth,wind,777,64.66666666666663,2.082774413884157
bb_ipp_ground_truth,wind,778,64.75,2.0927076854567224
bb_ipp_ground_truth,wind,779,64.83333333333337,2.1079952674781173
bb_ipp_ground_truth,wind,780,64.91666666666663,2.1012919288714196
bb_ipp_ground_truth,wind,781,65.0,2.092277204320125
bb_ipp_ground_truth,wind,782,65.08333333333337,2.095024422159758
bb_ipp_ground_truth,wind,783,65.16666666666663,2.0994023410431604
bb_ipp_ground_truth,wind,784,65.25,2.0971084157513205
bb_ipp_ground_truth,wind,785,65.33333333333337,2.113866364698451
bb_ipp_ground_truth,wind,786,65.41666666666663,2.1393326384516342
bb_ipp_ground_truth,wind,787,65.5,2.1201859460784576
bb_ipp_ground_truth,wind,788,65.58333333333337,2.1289851591367723
bb_ipp_ground_truth,wind,789,65.66666666666663,2.1355913196069802
bb_ipp_ground_truth,wind,790,65.75,2.1176670807591638
bb_ipp_ground_truth,wind,791,65.83333333333337,2.107341178234693
bb_ipp_ground_truth,wind,792,65.91666666666663,2.1097854450847833
bb_ipp_ground_truth,wind,793,66.0,2.119874838981928
bb_ipp_ground_truth,wind,794,66.08333333333337,2.1165462668910955
bb_ipp_ground_truth,wind,795,66.16666666666663,2.1186466944460225
bb_ipp_ground_truth,wind,796,66.25,2.1159522154208106
bb_ipp_ground_truth,wind,797,66.33333333333337,2.1212813212325923
bb_ipp_ground_truth,wind,798,66.41666666666663,2.14893143588912
bb_ipp_ground_truth,wind,799,66.5,2.1456745040250738
bb_ipp_ground_truth,wind,800,66.58333333333337,2.1901782486033032
bb_ipp_ground_truth,wind,801,66.66666666666663,2.1752028218426234
bb_ipp_ground_truth,wind,802,66.75,2.1745045533143244
bb_ipp_ground_truth,wind,803,66.83333333333337,2.1454751428818444
bb_ipp_ground_truth,wind,804,66.91666666666663,2.146792267790006
bb_ipp_ground_truth,wind,805,67.0,2.16294643776981
bb_ipp_ground_truth,wind,806,67.08333333333337,2.1152711169279774
bb_ipp_ground_truth,wind,807,67.16666666666663,2.111829443043788
bb_ipp_ground_truth,wind,808,67.25,2.1212290575471138
bb_ipp_ground_truth,wind,809,67.33333333333337,2.136414367226065
bb_ipp_ground_truth,wind,810,67.41666666666663,2.149768956668753
bb_ipp_ground_truth,wind,811,67.5,2.149464757610469
bb_ipp_ground_truth,wind,812,67.58333333333337,2.1377539940229005
bb_ipp_ground_truth,wind,813,67.66666666666663,2.16429897166694
bb_ipp_ground_truth,wind,814,67.75,2.1745567113859607
bb_ipp_ground_truth,wind,815,67.83333333333337,2.150491535459742
bb_ipp_ground_truth,wind,816,67.91666666666663,2.13302164900195
bb_ipp_ground_truth,wind,817,68.0,2.152253151391899
bb_ipp_ground_truth,wind,818,68.08333333333337,2.1525673232931677
bb_ipp_ground_truth,wind,819,68.16666666666663,2.1535791014814234
bb_ipp_ground_truth,wind,820,68.25,2.1668233378923665
bb_ipp_ground_truth,wind,821,68.33333333333337,2.157909653611454
bb_ipp_ground_truth,wind,822,68.41666666666663,2.1618473659455137
bb_ipp_ground_truth,wind,823,68.5,2.153107803954248
bb_ipp_ground_truth,wind,824,68.58333333333337,2.1422578985732317
bb_ipp_ground_truth,wind,825,68.66666666666663,2.148710443287942
bb_ipp_ground_truth,wind,826,68.75,2.1581315843609463
bb_ipp_ground_truth,wind,827,68.83333333333337,2.165838108266228
bb_ipp_ground_truth,wind,828,68.91666666666663,2.1330577100415433
bb_ipp_ground_truth,wind,829,69.0,2.1366429825262765
bb_ipp_ground_truth,wind,830,69.08333333333337,2.1284183321975925
bb_ipp_ground_truth,wind,831,69.16666666666663,2.100523022310319
bb_ipp_ground_truth,wind,832,69.25,2.113666742826659
bb_ipp_ground_truth,wind,833,69.33333333333337,2.1542570005751793
bb_ipp_ground_truth,wind,834,69.41666666666663,2.171729748236282
bb_ipp_ground_truth,wind,835,69.5,2.14968232437107
bb_ipp_ground_truth,wind,836,69.58333333333337,2.1496199188106115
bb_ipp_ground_truth,wind,837,69.66666666666663,2.1475227638923333
bb_ipp_ground_truth,wind,838,69.75,2.147280283906492
bb_ipp_ground_truth,wind,839,69.83333333333337,2.152480961882022
bb_ipp_ground_truth,wind,840,69.91666666666663,2.14882291203548
bb_ipp_ground_truth,wind,841,70.0,2.1609261801627677
bb_ipp_ground_truth,wind,842,70.08333333333337,2.135563914912359
bb_ipp_ground_truth,wind,843,70.16666666666663,2.1315832817782456
bb_ipp_ground_truth,wind,844,70.25,2.1382088969972113
bb_ipp_ground_truth,wind,845,70.33333333333337,2.1675898976179178
bb_ipp_ground_truth,wind,846,70.41666666666663,2.1689931786451417
bb_ipp_ground_truth,wind,847,70.5,2.182645694642657
bb_ipp_ground_truth,wind,848,70.58333333333337,2.167696367365089
bb_ipp_ground_truth,wind,849,70.66666666666663,2.1811445996737295
bb_ipp_ground_truth,wind,850,70.75,2.1958433627863934
bb_ipp_ground_truth,wind,851,70.83333333333337,2.1634885636757044
bb_ipp_ground_truth,wind,852,70.91666666666663,2.162747376705656
bb_ipp_ground_truth,wind,853,71.0,2.1454679337804152
bb_ipp_ground_truth,wind,854,71.08333333333337,2.149380462257867
bb_ipp_ground_truth,wind,855,71.16666666666663,2.122064372280897
bb_ipp_ground_truth,wind,856,71.25,2.1382977330330837
bb_ipp_ground_truth,wind,857,71.33333333333337,2.139292903883011
bb_ipp_ground_truth,wind,858,71.41666666666663,2.1474084625012946
bb_ipp_ground_truth,wind,859,71.5,2.164737347010085
bb_ipp_ground_truth,wind,860,71.58333333333337,2.160889555039137
bb_ipp_ground_truth,wind,861,71.66666666666663,2.162023461113422
bb_ipp_ground_truth,wind,862,71.75,2.1665709220466174
bb_ipp_ground_truth,wind,863,71.83333333333337,2.159995437322949
bb_ipp_ground_truth,wind,864,71.91666666666663,2.1528562478670645
bb_ipp_ground_truth,wind,865,72.0,2.170248991702187
bb_ipp_ground_truth,wind,866,72.08333333333337,2.183553413869524
bb_ipp_ground_truth,wind,867,72.16666666666663,2.157922339022003
bb_ipp_ground_truth,wind,868,72.25,2.18441264752598
bb_ipp_ground_truth,wind,869,72.33333333333337,2.200987417013362
bb_ipp_ground_truth,wind,870,72.41666666666663,2.1839987945758392
bb_ipp_ground_truth,wind,871,72.5,2.2000471538180637
bb_ipp_ground_truth,wind,872,72.58333333333337,2.183989046791894
bb_ipp_ground_truth,wind,873,72.66666666666663,2.1768812207265698
bb_ipp_ground_truth,wind,874,72.75,2.1598103327421345
bb_ipp_ground_truth,wind,875,72.83333333333337,2.192532018303759
bb_ipp_ground_truth,wind,876,72.91666666666663,2.2008284897874644
bb_ipp_ground_truth,wind,877,73.0,2.2022655568936713
bb_ipp_ground_truth,wind,878,73.08333333333337,2.1955825140189162
bb_ipp_ground_truth,wind,879,73.16666666666663,2.19634606501475
bb_ipp_ground_truth,wind,880,73.25,2.2098117889940663
bb_ipp_ground_truth,wind,881,73.33333333333337,2.210564783325128
bb_ipp_ground_truth,wind,882,73.41666666666663,2.212639331048791
bb_ipp_ground_truth,wind,883,73.5,2.201278926274533
bb_ipp_ground_truth,wind,884,73.58333333333337,2.199009702229433
bb_ipp_ground_truth,wind,885,73.66666666666663,2.1938173191127284
bb_ipp_ground_truth,wind,886,73.75,2.2134428563057686
bb_ipp_ground_truth,wind,887,73.83333333333337,2.1725423507084223
bb_ipp_ground_truth,wind,888,73.91666666666663,2.1788055369526407
bb_ipp_ground_truth,wind,889,74.0,2.1661567788369167
bb_ipp_ground_truth,wind,890,74.08333333333337,2.169050370405927
bb_ipp_ground_truth,wind,891,74.16666666666663,2.1975813385364673
bb_ipp_ground_truth,wind,892,74.25,2.2196916244125244
bb_ipp_ground_truth,wind,893,74.33333333333337,2.2319104593353036
bb_ipp_ground_truth,wind,894,74.41666666666663,2.2185479002907766
bb_ipp_ground_truth,wind,895,74.5,2.210851317089014
bb_ipp_ground_truth,wind,896,74.58333333333337,2.196257551094456
bb_ipp_ground_truth,wind,897,74.66666666666663,2.1910163627184636
bb_ipp_ground_truth,wind,898,74.75,2.19656406366877
bb_ipp_ground_truth,wind,899,74.83333333333337,2.182237372093143
bb_ipp_ground_truth,wind,900,74.91666666666663,2.1890057386189357
bb_ipp_ground_truth,wind,901,75.0,2.1820279709871397
bb_ipp_ground_truth,wind,902,75.08333333333337,2.1843831711485113
bb_ipp_ground_truth,wind,903,75.16666666666663,2.176112607325412
bb_ipp_ground_truth,wind,904,75.25,2.166661503198435
bb_ipp_ground_truth,wind,905,75.33333333333337,2.1632296563445776
bb_ipp_ground_truth,wind,906,75.41666666666663,2.1723918274313645
bb_ipp_ground_truth,wind,907,75.5,2.1860464943620515
bb_ipp_ground_truth,wind,908,75.58333333333337,2.1729561752913282
bb_ipp_ground_truth,wind,909,75.66666666666663,2.173185079750569
bb_ipp_ground_truth,wind,910,75.75,2.1628397271334574
bb_ipp_ground_truth,wind,911,75.83333333333337,2.154541124467749
bb_ipp_ground_truth,wind,912,75.91666666666663,2.161764858045922
bb_ipp_ground_truth,wind,913,76.0,2.1558775063440496
bb_ipp_ground_truth,wind,914,76.08333333333337,2.161699270463091
bb_ipp_ground_truth,wind,915,76.16666666666663,2.1499317224988728
bb_ipp_ground_truth,wind,916,76.25,2.1380959720006887
bb_ipp_ground_truth,wind,917,76.33333333333337,2.1397137664417643
bb_ipp_ground_truth,wind,918,76.41666666666663,2.1499038172224645
bb_ipp_ground_truth,wind,919,76.5,2.157885797669182
bb_ipp_ground_truth,wind,920,76.58333333333337,2.159278045747208
bb_ipp_ground_truth,wind,921,76.66666666666663,2.170697337281273
bb_ipp_ground_truth,wind,922,76.75,2.159353133577082
bb_ipp_ground_truth,wind,923,76.83333333333337,2.164467678524064
bb_ipp_ground_truth,wind,924,76.91666666666663,2.1774141866600916
bb_ipp_ground_truth,wind,925,77.0,2.192282582038295
bb_ipp_ground_truth,wind,926,77.08333333333337,2.183311347423801
bb_ipp_ground_truth,wind,927,77.16666666666663,2.18997577945876
bb_ipp_ground_truth,wind,928,77.25,2.177177462261068
bb_ipp_ground_truth,wind,929,77.33333333333337,2.156299041162329
bb_ipp_ground_truth,wind,930,77.41666666666663,2.1731676344882564
bb_ipp_ground_truth,wind,931,77.5,2.1702704725745976
bb_ipp_ground_truth,wind,932,77.58333333333337,2.161550094089881
bb_ipp_ground_truth,wind,933,77.66666666666663,2.14645276757151
bb_ipp_ground_truth,wind,934,77.75,2.1547948641411483
bb_ipp_ground_truth,wind,935,77.83333333333337,2.1588845262024
bb_ipp_ground_truth,wind,936,77.91666666666663,2.134520000695543
bb_ipp_ground_truth,wind,937,78.0,2.137337568052016
bb_ipp_ground_truth,wind,938,78.08333333333337,2.16553958520036
bb_ipp_ground_truth,wind,939,78.16666666666663,2.1728017244697044
bb_ipp_ground_truth,wind,940,78.25,2.187984969746453
bb_ipp_ground_truth,wind,941,78.33333333333337,2.1619882671552726
bb_ipp_ground_truth,wind,942,78.41666666666663,2.1434518321455442
bb_ipp_ground_truth,wind,943,78.5,2.125165384833679
bb_ipp_ground_truth,wind,944,78.58333333333337,2.113681600472591
bb_ipp_ground_truth,wind,945,78.66666666666663,2.1312953250937836
bb_ipp_ground_truth,wind,946,78.75,2.164461115803412
bb_ipp_ground_truth,wind,947,78.83333333333337,2.146581999624656
bb_ipp_ground_truth,wind,948,78.91666666666663,2.167880969525408
bb_ipp_ground_truth,wind,949,79.0,2.1564912687488538
bb_ipp_ground_truth,wind,950,79.08333333333337,2.152050723853367
bb_ipp_ground_truth,wind,951,79.16666666666663,2.1611693893906754
bb_ipp_ground_truth,wind,952,79.25,2.1625629851088
bb_ipp_ground_truth,wind,953,79.33333333333337,2.163276903639913
bb_ipp_ground_truth,wind,954,79.41666666666663,2.1785864183681904
bb_ipp_ground_truth,wind,955,79.5,2.187012909936595
bb_ipp_ground_truth,wind,956,79.58333333333337,2.163803549624887
bb_ipp_ground_truth,wind,957,79.66666666666663,2.1423029749972504
bb_ipp_ground_truth,wind,958,79.75,2.1477467530246432
bb_ipp_ground_truth,wind,959,79.83333333333337,2.150355750970585
bb_ipp_ground_truth,wind,960,79.91666666666663,2.1549419456248016
bb_ipp_ground_truth,wind,961,80.0,2.1665336093310406
bb_ipp_ground_truth,wind,962,80.08333333333337,2.171094185052749
bb_ipp_ground_truth,wind,963,80.16666666666663,2.179615890449411
bb_ipp_ground_truth,wind,964,80.25,2.1348758192800963
bb_ipp_ground_truth,wind,965,80.33333333333337,2.147770159212803
bb_ipp_ground_truth,wind,966,80.41666666666663,2.1508760205322384
bb_ipp_ground_truth,wind,967,80.5,2.1545295283940513
bb_ipp_ground_truth,wind,968,80.58333333333337,2.1912395043823563
bb_ipp_ground_truth,wind,969,80.66666666666663,2.173751491313408
bb_ipp_ground_truth,wind,970,80.75,2.1946522801875834
bb_ipp_ground_truth,wind,971,80.83333333333337,2.1799551706863785
bb_ipp_ground_truth,wind,972,80.91666666666663,2.1839748176040916
bb_ipp_ground_truth,wind,973,81.0,2.1964548743150885
bb_ipp_ground_truth,wind,974,81.08333333333337,2.148611875148351
bb_ipp_ground_truth,wind,975,81.16666666666663,2.159686912177616
bb_ipp_ground_truth,wind,976,81.25,2.1466939871803183
bb_ipp_ground_truth,wind,977,81.33333333333337,2.129712320677183
bb_ipp_ground_truth,wind,978,81.41666666666663,2.11501916898577
bb_ipp_ground_truth,wind,979,81.5,2.145497796173133
bb_ipp_ground_truth,wind,980,81.58333333333337,2.1310436334362586
bb_ipp_ground_truth,wind,981,81.66666666666663,2.1238892550333883
bb_ipp_ground_truth,wind,982,81.75,2.132899087413199
bb_ipp_ground_truth,wind,983,81.83333333333337,2.136369270045837
bb_ipp_ground_truth,wind,984,81.91666666666663,2.1364685144449145
bb_ipp_ground_truth,wind,985,82.0,2.127914244376631
bb_ipp_ground_truth,wind,986,82.08333333333337,2.1253544564470093
bb_ipp_ground_truth,wind,987,82.16666666666663,2.1151574611680797
bb_ipp_ground_truth,wind,988,82.25,2.116100096923282
bb_ipp_ground_truth,wind,989,82.33333333333337,2.1443416075478825
bb_ipp_ground_truth,wind,990,82.41666666666663,2.137940749088957
bb_ipp_ground_truth,wind,991,82.5,2.1586321469490266
bb_ipp_ground_truth,wind,992,82.58333333333337,2.1490623171241614
bb_ipp_ground_truth,wind,993,82.66666666666663,2.1428379057065046
bb_ipp_ground_truth,wind,994,82.75,2.169350213767792
bb_ipp_ground_truth,wind,995,82.83333333333337,2.170037738369512
bb_ipp_ground_truth,wind,996,82.91666666666663,2.1797615492685565
bb_ipp_ground_truth,wind,997,83.0,2.1872263569401658
bb_ipp_ground_truth,wind,998,83.08333333333337,2.1826236362652653
bb_ipp_ground_truth,wind,999,83.16666666666663,2.201711409202453
bb_ipp_ground_truth,wind,1000,83.25,2.1934475124021526
bb_ipp_ground_truth,wind,1001,83.33333333333337,2.218872528874199
bb_ipp_ground_truth,wind,1002,83.41666666666663,2.2204650170691056
bb_ipp_ground_truth,wind,1003,83.5,2.2060987375799512
bb_ipp_ground_truth,wind,1004,83.58333333333337,2.1914281996840073
bb_ipp_ground_truth,wind,1005,83.66666666666663,2.1908845231573117
bb_ipp_ground_truth,wind,1006,83.75,2.1904054919356444
bb_ipp_ground_truth,wind,1007,83.83333333333337,2.2045648794719765
bb_ipp_ground_truth,wind,1008,83.91666666666663,2.1808411972193147
bb_ipp_ground_truth,wind,1009,84.0,2.192351898878271
bb_ipp_ground_truth,wind,1010,84.08333333333337,2.217891018576054
bb_ipp_ground_truth,wind,1011,84.16666666666663,2.193927202984341
bb_ipp_ground_truth,wind,1012,84.25,2.1840852455863695
bb_ipp_ground_truth,wind,1013,84.33333333333337,2.1830748185688686
bb_ipp_ground_truth,wind,1014,84.41666666666663,2.1926097613536983
bb_ipp_ground_truth,wind,1015,84.5,2.1958853007799024
bb_ipp_ground_truth,wind,1016,84.58333333333337,2.205481219085042
bb_ipp_ground_truth,wind,1017,84.66666666666663,2.216168062403265
bb_ipp_ground_truth,wind,1018,84.75,2.2204730065766207
bb_ipp_ground_truth,wind,1019,84.83333333333337,2.216501170174117
bb_ipp_ground_truth,wind,1020,84.91666666666663,2.226095291349222
bb_ipp_ground_truth,wind,1021,85.0,2.225512022287226
bb_ipp_ground_truth,wind,1022,85.08333333333337,2.242160461850917
bb_ipp_ground_truth,wind,1023,85.16666666666663,2.2682376441615233
bb_ipp_ground_truth,wind,1024,85.25,2.235977924667162
bb_ipp_ground_truth,wind,1025,85.33333333333337,2.2322932413972714
bb_ipp_ground_truth,wind,1026,85.41666666666663,2.2344135817777846
bb_ipp_ground_truth,wind,1027,85.5,2.238268225858248
bb_ipp_ground_truth,wind,1028,85.58333333333337,2.222019338447276
bb_ipp_ground_truth,wind,1029,85.66666666666663,2.218997402409626
bb_ipp_ground_truth,wind,1030,85.75,2.2390568542523397
bb_ipp_ground_truth,wind,1031,85.83333333333337,2.216738083444126
bb_ipp_ground_truth,wind,1032,85.91666666666663,2.203695882665058
bb_ipp_ground_truth,wind,1033,86.0,2.1971898715693263
bb_ipp_ground_truth,wind,1034,86.08333333333337,2.1611394564857767
bb_ipp_ground_truth,wind,1035,86.16666666666663,2.156327085490949
bb_ipp_ground_truth,wind,1036,86.25,2.1636975249028145
bb_ipp_ground_truth,wind,1037,86.33333333333337,2.174683163717952
bb_ipp_ground_truth,wind,1038,86.41666666666663,2.185940217644985
bb_ipp_ground_truth,wind,1039,86.5,2.1761853243351914
bb_ipp_ground_truth,wind,1040,86.58333333333337,2.1617257577064484
bb_ipp_ground_truth,wind,1041,86.66666666666663,2.1775110884645295
bb_ipp_ground_truth,wind,1042,86.75,2.1859975179019826
bb_ipp_ground_truth,wind,1043,86.83333333333337,2.1836993563116036
bb_ipp_ground_truth,wind,1044,86.91666666666663,2.1812782295859345
bb_ipp_ground_truth,wind,1045,87.0,2.178322860536513
bb_ipp_ground_truth,wind,1046,87.08333333333337,2.1772755107038257
bb_ipp_ground_truth,wind,1047,87.16666666666663,2.1798364550557214
bb_ipp_ground_truth,wind,1048,87.25,2.159034844854536
bb_ipp_ground_truth,wind,1049,87.33333333333337,2.156645069726205
bb_ipp_ground_truth,wind,1050,87.41666666666663,2.1543517352142008
bb_ipp_ground_truth,wind,1051,87.5,2.1646996998237658
bb_ipp_ground_truth,wind,1052,87.58333333333337,2.1490820467618312
bb_ipp_ground_truth,wind,1053,87.66666666666663,2.1314798941268323
bb_ipp_ground_truth,wind,1054,87.75,2.1288481210447934
bb_ipp_ground_truth,wind,1055,87.83333333333337,2.1724932724597807
bb_ipp_ground_truth,wind,1056,87.91666666666663,2.1643066352333737
bb_ipp_ground_truth,wind,1057,88.0,2.157215018508793
bb_ipp_ground_truth,wind,1058,88.08333333333337,2.1656409440585365
bb_ipp_ground_truth,wind,1059,88.16666666666663,2.1667933719452726
bb_ipp_ground_truth,wind,1060,88.25,2.1666428831983855
bb_ipp_ground_truth,wind,1061,88.33333333333337,2.1727316827276204
bb_ipp_ground_truth,wind,1062,88.41666666666663,2.173095057490979
bb_ipp_ground_truth,wind,1063,88.5,2.182222622742388
bb_ipp_ground_truth,wind,1064,88.58333333333337,2.194179564234669
bb_ipp_ground_truth,wind,1065,88.66666666666663,2.185418157876649
bb_ipp_ground_truth,wind,1066,88.75,2.179752131435846
bb_ipp_ground_truth,wind,1067,88.83333333333337,2.197754444154366
bb_ipp_ground_truth,wind,1068,88.91666666666663,2.2169110266222343
bb_ipp_ground_truth,wind,1069,89.0,2.200401566028199
bb_ipp_ground_truth,wind,1070,89.08333333333337,2.203722816427491
bb_ipp_ground_truth,wind,1071,89.16666666666663,2.2152662713542255
bb_ipp_ground_truth,wind,1072,89.25,2.2372684959143845
bb_ipp_ground_truth,wind,1073,89.33333333333337,2.243856076688254
bb_ipp_ground_truth,wind,1074,89.41666666666663,2.2428055970710816
bb_ipp_ground_truth,wind,1075,89.5,2.249507413893178
bb_ipp_ground_truth,wind,1076,89.58333333333337,2.2417340144841873
bb_ipp_ground_truth,wind,1077,89.66666666666663,2.2427584082883225
bb_ipp_ground_truth,wind,1078,89.75,2.259701763001719
bb_ipp_ground_truth,wind,1079,89.83333333333337,2.2434148474030975
bb_ipp_ground_truth,wind,1080,89.91666666666663,2.2329882443939035
bb_ipp_ground_truth,wind,1081,90.0,2.2427524318674337
bb_ipp_ground_truth,wind,1082,90.08333333333337,2.266364415115617
bb_ipp_ground_truth,wind,1083,90.16666666666663,2.2650537061984073
bb_ipp_ground_truth,wind,1084,90.25,2.256696543321779
bb_ipp_ground_truth,wind,1085,90.33333333333337,2.244308434598519
bb_ipp_ground_truth,wind,1086,90.41666666666663,2.2193476140368755
bb_ipp_ground_truth,wind,1087,90.5,2.205478910692601
bb_ipp_ground_truth,wind,1088,90.58333333333337,2.1996679304874434
bb_ipp_ground_truth,wind,1089,90.66666666666663,2.1804980601879334
bb_ipp_ground_truth,wind,1090,90.75,2.174440313866012
bb_ipp_ground_truth,wind,1091,90.83333333333337,2.1508903952936476
bb_ipp_ground_truth,wind,1092,90.91666666666663,2.1645780869880964
bb_ipp_ground_truth,wind,1093,91.0,2.1722503195826257
bb_ipp_ground_truth,wind,1094,91.08333333333337,2.1708797089882914
bb_ipp_ground_truth,wind,1095,91.16666666666663,2.178978858196078
bb_ipp_ground_truth,wind,1096,91.25,2.2206453533247337
bb_ipp_ground_truth,wind,1097,91.33333333333337,2.2109609378496162
bb_ipp_ground_truth,wind,1098,91.41666666666663,2.200700458530953
bb_ipp_ground_truth,wind,1099,91.5,2.2158632631360686
bb_ipp_ground_truth,wind,1100,91.58333333333337,2.2329646314341365
bb_ipp_ground_truth,wind,1101,91.66666666666663,2.2107535975587034
bb_ipp_ground_truth,wind,1102,91.75,2.197302630397648
bb_ipp_ground_truth,wind,1103,91.83333333333337,2.1956711754090192
bb_ipp_ground_truth,wind,1104,91.91666666666663,2.200003800107882
bb_ipp_ground_truth,wind,1105,92.0,2.198505066808226
bb_ipp_ground_truth,wind,1106,92.08333333333337,2.208737071826001
bb_ipp_ground_truth,wind,1107,92.16666666666663,2.2054380961655853
bb_ipp_ground_truth,wind,1108,92.25,2.2171372707043835
bb_ipp_ground_truth,wind,1109,92.33333333333337,2.1942978705045473
bb_ipp_ground_truth,wind,1110,92.41666666666663,2.1964382622657888
bb_ipp_ground_truth,wind,1111,92.5,2.2241846179359097
bb_ipp_ground_truth,wind,1112,92.58333333333337,2.229542562509317
bb_ipp_ground_truth,wind,1113,92.66666666666663,2.21588585498075
bb_ipp_ground_truth,wind,1114,92.75,2.1917143645707378
bb_ipp_ground_truth,wind,1115,92.83333333333337,2.1859496262452693
bb_ipp_ground_truth,wind,1116,92.91666666666663,2.1991128037892986
bb_ipp_ground_truth,wind,1117,93.0,2.186788158820134
bb_ipp_ground_truth,wind,1118,93.08333333333337,2.201628523827622
bb_ipp_ground_truth,wind,1119,93.16666666666663,2.1954485545736944
bb_ipp_ground_truth,wind,1120,93.25,2.172974943645853
bb_ipp_ground_truth,wind,1121,93.33333333333337,2.186278847553864
bb_ipp_ground_truth,wind,1122,93.41666666666663,2.1953695051701976
bb_ipp_ground_truth,wind,1123,93.5,2.1983868739436745
bb_ipp_ground_truth,wind,1124,93.58333333333337,2.215469116907836
bb_ipp_ground_truth,wind,1125,93.66666666666663,2.2098915921046713
bb_ipp_ground_truth,wind,1126,93.75,2.196851203227259
bb_ipp_ground_truth,wind,1127,93.83333333333337,2.2194894626091624
bb_ipp_ground_truth,wind,1128,93.91666666666663,2.2241910065201247
bb_ipp_ground_truth,wind,1129,94.0,2.2394135271778524
bb_ipp_ground_truth,wind,1130,94.08333333333337,2.233592086071086
bb_ipp_ground_truth,wind,1131,94.16666666666663,2.2269135638742004
bb_ipp_ground_truth,wind,1132,94.25,2.2210833607189535
bb_ipp_ground_truth,wind,1133,94.33333333333337,2.2357536403194596
bb_ipp_ground_truth,wind,1134,94.41666666666663,2.25564252333988
bb_ipp_ground_truth,wind,1135,94.5,2.229371729482067
bb_ipp_ground_truth,wind,1136,94.58333333333337,2.2320937573539834
bb_ipp_ground_truth,wind,1137,94.66666666666663,2.2211097289483153
bb_ipp_ground_truth,wind,1138,94.75,2.242178881313975
bb_ipp_ground_truth,wind,1139,94.83333333333337,2.229480861265358
bb_ipp_ground_truth,wind,1140,94.91666666666663,2.20740024958117
bb_ipp_ground_truth,wind,1141,95.0,2.234064326968378
bb_ipp_ground_truth,wind,1142,95.08333333333337,2.2183126409670786
bb_ipp_ground_truth,wind,1143,95.16666666666663,2.205948452621178
bb_ipp_ground_truth,wind,1144,95.25,2.230881069831393
bb_ipp_ground_truth,wind,1145,95.33333333333337,2.224702248229021
bb_ipp_ground_truth,wind,1146,95.41666666666663,2.2359628026488894
bb_ipp_ground_truth,wind,1147,95.5,2.2158907909960166
bb_ipp_ground_truth,wind,1148,95.58333333333337,2.1899079019407623
bb_ipp_ground_truth,wind,1149,95.66666666666663,2.189571898812651
bb_ipp_ground_truth,wind,1150,95.75,2.1844677077504437
bb_ipp_ground_truth,wind,1151,95.83333333333337,2.1904037333966535
bb_ipp_ground_truth,wind,1152,95.91666666666663,2.1603425456837484
bb_ipp_ground_truth,wind,1153,96.0,2.167468910869376
bb_ipp_ground_truth,wind,1154,96.08333333333337,2.184333027371561
bb_ipp_ground_truth,wind,1155,96.16666666666663,2.19538888907812
bb_ipp_ground_truth,wind,1156,96.25,2.1887798345094405
bb_ipp_ground_truth,wind,1157,96.33333333333337,2.183677280507877
bb_ipp_ground_truth,wind,1158,96.41666666666663,2.199562147899198
bb_ipp_ground_truth,wind,1159,96.5,2.185411354797138
bb_ipp_ground_truth,wind,1160,96.58333333333337,2.2062583262487157
bb_ipp_ground_truth,wind,1161,96.66666666666663,2.1999906434688534
bb_ipp_ground_truth,wind,1162,96.75,2.1886675611009543
bb_ipp_ground_truth,wind,1163,96.83333333333337,2.2007218239703015
bb_ipp_ground_truth,wind,1164,96.91666666666663,2.1966885666723965
bb_ipp_ground_truth,wind,1165,97.0,2.21219514406011
bb_ipp_ground_truth,wind,1166,97.08333333333337,2.2111864229993863
bb_ipp_ground_truth,wind,1167,97.16666666666663,2.1992254456852973
bb_ipp_ground_truth,wind,1168,97.25,2.195778654108457
bb_ipp_ground_truth,wind,1169,97.33333333333337,2.1873995188371618
bb_ipp_ground_truth,wind,1170,97.41666666666663,2.2017222652529407
bb_ipp_ground_truth,wind,1171,97.5,2.2147358358426796
bb_ipp_ground_truth,wind,1172,97.58333333333337,2.2080568501303173
bb_ipp_ground_truth,wind,1173,97.66666666666663,2.2087537386460285
bb_ipp_ground_truth,wind,1174,97.75,2.214139898255863
bb_ipp_ground_truth,wind,1175,97.83333333333337,2.230077345634352
bb_ipp_ground_truth,wind,1176,97.91666666666663,2.2438816888960265
bb_ipp_ground_truth,wind,1177,98.0,2.2338361249034544
bb_ipp_ground_truth,wind,1178,98.08333333333337,2.2258350883135334
bb_ipp_ground_truth,wind,1179,98.16666666666663,2.222790421821262
bb_ipp_ground_truth,wind,1180,98.25,2.2400122012984647
bb_ipp_ground_truth,wind,1181,98.33333333333337,2.230517500230215
bb_ipp_ground_truth,wind,1182,98.41666666666663,2.236175823248589
bb_ipp_ground_truth,wind,1183,98.5,2.231897527488219
bb_ipp_ground_truth,wind,1184,98.58333333333337,2.2449669156244068
bb_ipp_ground_truth,wind,1185,98.66666666666663,2.2451433683605093
bb_ipp_ground_truth,wind,1186,98.75,2.2538685248906867
bb_ipp_ground_truth,wind,1187,98.83333333333337,2.2474289824491898
bb_ipp_ground_truth,wind,1188,98.91666666666663,2.2315201220538183
bb_ipp_ground_truth,wind,1189,99.0,2.210610408666423
bb_ipp_ground_truth,wind,1190,99.08333333333337,2.201651335605298
bb_ipp_ground_truth,wind,1191,99.16666666666663,2.2125195037395406
bb_ipp_ground_truth,wind,1192,99.25,2.2476068279992
bb_ipp_ground_truth,wind,1193,99.33333333333337,2.228427987563617
bb_ipp_ground_truth,wind,1194,99.41666666666663,2.227862946951492
bb_ipp_ground_truth,wind,1195,99.5,2.2526838782890777
bb_ipp_ground_truth,wind,1196,99.58333333333337,2.239596286381766
bb_ipp_ground_truth,wind,1197,99.66666666666663,2.1994625634816143
bb_ipp_ground_truth,wind,1198,99.75,2.202167293506559
bb_ipp_ground_truth,wind,1199,99.83333333333337,2.2047668923037826
bb_ipp_ground_truth,wind,1200,99.91666666666663,2.2097451080674895
bb_ipp_ground_truth,wind,1201,100.0,2.2267523411053993
bb_ipp_ground_truth,wind,1202,100.08333333333337,2.2235402379854716
bb_ipp_ground_truth,wind,1203,100.16666666666663,2.211087156850781
bb_ipp_ground_truth,wind,1204,100.25,2.230731954693415
bb_ipp_ground_truth,wind,1205,100.33333333333337,2.220778484698501
bb_ipp_ground_truth,wind,1206,100.41666666666663,2.230416179004421
bb_ipp_ground_truth,wind,1207,100.5,2.230211776375326
bb_ipp_ground_truth,wind,1208,100.58333333333337,2.249634172830226
bb_ipp_ground_truth,wind,1209,100.66666666666663,2.2746821448112042
bb_ipp_ground_truth,wind,1210,100.75,2.309752987368519
bb_ipp_ground_truth,wind,1211,100.83333333333337,2.3100377114080417
bb_ipp_ground_truth,wind,1212,100.91666666666663,2.3166633242341663
bb_ipp_ground_truth,wind,1213,101.0,2.274000889453986
bb_ipp_ground_truth,wind,1214,101.08333333333337,2.2569736729039986
bb_ipp_ground_truth,wind,1215,101.16666666666663,2.268469888038069
bb_ipp_ground_truth,wind,1216,101.25,2.2539679348044936
bb_ipp_ground_truth,wind,1217,101.33333333333337,2.2724041247092677
bb_ipp_ground_truth,wind,1218,101.41666666666663,2.2694155944760217
bb_ipp_ground_truth,wind,1219,101.5,2.2696213626400494
bb_ipp_ground_truth,wind,1220,101.58333333333337,2.2972414852524445
bb_ipp_ground_truth,wind,1221,101.66666666666663,2.2869383644008945
bb_ipp_ground_truth,wind,1222,101.75,2.2771413539477425
bb_ipp_ground_truth,wind,1223,101.83333333333337,2.2639351598769255
bb_ipp_ground_truth,wind,1224,101.91666666666663,2.218928836927505
bb_ipp_ground_truth,wind,1225,102.0,2.221761175368612
bb_ipp_ground_truth,wind,1226,102.08333333333337,2.217811440067459
bb_ipp_ground_truth,wind,1227,102.16666666666663,2.211355012601701
bb_ipp_ground_truth,wind,1228,102.25,2.2498126793410544
bb_ipp_ground_truth,wind,1229,102.33333333333337,2.265322378864085
bb_ipp_ground_truth,wind,1230,102.41666666666663,2.291270354730746
bb_ipp_ground_truth,wind,1231,102.5,2.3321324029901778
bb_ipp_ground_truth,wind,1232,102.58333333333337,2.3088726428549524
bb_ipp_ground_truth,wind,1233,102.66666666666663,2.2942640488797794
bb_ipp_ground_truth,wind,1234,102.75,2.2930967614590294
bb_ipp_ground_truth,wind,1235,102.83333333333337,2.268681326183059
bb_ipp_ground_truth,wind,1236,102.91666666666663,2.2675597380056716
bb_ipp_ground_truth,wind,1237,103.0,2.2747549935363884
bb_ipp_ground_truth,wind,1238,103.08333333333337,2.284022318270751
bb_ipp_ground_truth,wind,1239,103.16666666666663,2.2958927156339057
bb_ipp_ground_truth,wind,1240,103.25,2.310123585380463
bb_ipp_ground_truth,wind,1241,103.33333333333337,2.3080791520961625
bb_ipp_ground_truth,wind,1242,103.41666666666663,2.298588073433663
bb_ipp_ground_truth,wind,1243,103.5,2.2769424446649795
bb_ipp_ground_truth,wind,1244,103.58333333333337,2.251224025390476
bb_ipp_ground_truth,wind,1245,103.66666666666663,2.244482743617271
bb_ipp_ground_truth,wind,1246,103.75,2.2440481528245386
bb_ipp_ground_truth,wind,1247,103.83333333333337,2.265893253384673
bb_ipp_ground_truth,wind,1248,103.91666666666663,2.2422983678135338
bb_ipp_ground_truth,wind,1249,104.0,2.218647290280871
bb_ipp_ground_truth,wind,1250,104.08333333333337,2.2254538233433316
bb_ipp_ground_truth,wind,1251,104.16666666666663,2.2223092430687332
bb_ipp_ground_truth,wind,1252,104.25,2.2179338481199564
bb_ipp_ground_truth,wind,1253,104.33333333333337,2.237168503120202
bb_ipp_ground_truth,wind,1254,104.41666666666663,2.2487989650636457
bb_ipp_ground_truth,wind,1255,104.5,2.2716087227365303
bb_ipp_ground_truth,wind,1256,104.58333333333337,2.2572740210862325
bb_ipp_ground_truth,wind,1257,104.66666666666663,2.2557304157151874
bb_ipp_ground_truth,wind,1258,104.75,2.2500085925408446
bb_ipp_ground_truth,wind,1259,104.83333333333337,2.246236131906363
bb_ipp_ground_truth,wind,1260,104.91666666666663,2.2082694418548194
bb_ipp_ground_truth,wind,1261,105.0,2.2106903633499195
bb_ipp_ground_truth,wind,1262,105.08333333333337,2.204134268425201
bb_ipp_ground_truth,wind,1263,105.16666666666663,2.1831645510808997
bb_ipp_ground_truth,wind,1264,105.25,2.218308149430531
bb_ipp_ground_truth,wind,1265,105.33333333333337,2.250300317308851
bb_ipp_ground_truth,wind,1266,105.41666666666663,2.250307270350845
bb_ipp_ground_truth,wind,1267,105.5,2.2578226765800244
bb_ipp_ground_truth,wind,1268,105.58333333333337,2.255577509798285
bb_ipp_ground_truth,wind,1269,105.66666666666663,2.248315055167877
bb_ipp_ground_truth,wind,1270,105.75,2.2674855178174753
bb_ipp_ground_truth,wind,1271,105.83333333333337,2.2563764442601966
bb_ipp_ground_truth,wind,1272,105.91666666666663,2.2430716890707596
bb_ipp_ground_truth,wind,1273,106.0,2.2437120638658636
bb_ipp_ground_truth,wind,1274,106.08333333333337,2.2614839085801486
bb_ipp_ground_truth,wind,1275,106.16666666666663,2.274397034395761
bb_ipp_ground_truth,wind,1276,106.25,2.2612321308440455
bb_ipp_ground_truth,wind,1277,106.33333333333337,2.2776270720087535
bb_ipp_ground_truth,wind,1278,106.41666666666663,2.293761057019272
bb_ipp_ground_truth,wind,1279,106.5,2.313306293605214
bb_ipp_ground_truth,wind,1280,106.58333333333337,2.292894030600021
bb_ipp_ground_truth,wind,1281,106.66666666666663,2.3074589856126724
bb_ipp_ground_truth,wind,1282,106.75,2.2884958872778562
bb_ipp_ground_truth,wind,1283,106.83333333333337,2.2672628999900795
bb_ipp_ground_truth,wind,1284,106.91666666666663,2.2782724877032505
bb_ipp_ground_truth,wind,1285,107.0,2.2800713631499794
bb_ipp_ground_truth,wind,1286,107.08333333333337,2.2927733897913267
bb_ipp_ground_truth,wind,1287,107.16666666666663,2.3065073868996757
bb_ipp_ground_truth,wind,1288,107.25,2.278289708063265
bb_ipp_ground_truth,wind,1289,107.33333333333337,2.2546705907908104
bb_ipp_ground_truth,wind,1290,107.41666666666663,2.2904653003940143
bb_ipp_ground_truth,wind,1291,107.5,2.2677771140796845
bb_ipp_ground_truth,wind,1292,107.58333333333337,2.2652556761537888
bb_ipp_ground_truth,wind,1293,107.66666666666663,2.2615549534548505
bb_ipp_ground_truth,wind,1294,107.75,2.2707643003420244
bb_ipp_ground_truth,wind,1295,107.83333333333337,2.2603341556494847
bb_ipp_ground_truth,wind,1296,107.91666666666663,2.2509043378142284
bb_ipp_ground_truth,wind,1297,108.0,2.267090531805798
bb_ipp_ground_truth,wind,1298,108.08333333333337,2.253200956677185
bb_ipp_ground_truth,wind,1299,108.16666666666663,2.260285094166966
bb_ipp_ground_truth,wind,1300,108.25,2.2832158584505526
bb_ipp_ground_truth,wind,1301,108.33333333333337,2.282785648952502
bb_ipp_ground_truth,wind,1302,108.41666666666663,2.3094983947063206
bb_ipp_ground_truth,wind,1303,108.5,2.2953640074920347
bb_ipp_ground_truth,wind,1304,108.58333333333337,2.2782216987499533
bb_ipp_ground_truth,wind,1305,108.66666666666663,2.2818747312828433
bb_ipp_ground_truth,wind,1306,108.75,2.276415418613686
bb_ipp_ground_truth,wind,1307,108.83333333333337,2.3054115126614567
bb_ipp_ground_truth,wind,1308,108.91666666666663,2.265497008094501
bb_ipp_ground_truth,wind,1309,109.0,2.2566003933974983
bb_ipp_ground_truth,wind,1310,109.08333333333337,2.295373417889579
bb_ipp_ground_truth,wind,1311,109.16666666666663,2.2983090591855
bb_ipp_ground_truth,wind,1312,109.25,2.2839307218041256
bb_ipp_ground_truth,wind,1313,109.33333333333337,2.2851255450941066
bb_ipp_ground_truth,wind,1314,109.41666666666663,2.2920703325394163
bb_ipp_ground_truth,wind,1315,109.5,2.271232973429542
bb_ipp_ground_truth,wind,1316,109.58333333333337,2.2453873292501405
bb_ipp_ground_truth,wind,1317,109.66666666666663,2.2310855717933604
bb_ipp_ground_truth,wind,1318,109.75,2.2117037488447466
bb_ipp_ground_truth,wind,1319,109.83333333333337,2.185957916107711
bb_ipp_ground_truth,wind,1320,109.91666666666663,2.1931609625603192
bb_ipp_ground_truth,wind,1321,110.0,2.183005118694107
bb_ipp_ground_truth,wind,1322,110.08333333333337,2.2009718845474264
bb_ipp_ground_truth,wind,1323,110.16666666666663,2.189526086571124
bb_ipp_ground_truth,wind,1324,110.25,2.185257892072291
bb_ipp_ground_truth,wind,1325,110.33333333333337,2.1875928681834185
bb_ipp_ground_truth,wind,1326,110.41666666666663,2.2095651478549385
bb_ipp_ground_truth,wind,1327,110.5,2.2128963648228526
bb_ipp_ground_truth,wind,1328,110.58333333333337,2.2363572545235337
bb_ipp_ground_truth,wind,1329,110.66666666666663,2.2394357075540965
bb_ipp_ground_truth,wind,1330,110.75,2.2344409592333
bb_ipp_ground_truth,wind,1331,110.83333333333337,2.2205129353012794
bb_ipp_ground_truth,wind,1332,110.91666666666663,2.2360529512684537
bb_ipp_ground_truth,wind,1333,111.0,2.2211983373744633
bb_ipp_ground_truth,wind,1334,111.08333333333337,2.243592465616483
bb_ipp_ground_truth,wind,1335,111.16666666666663,2.2504162943189114
bb_ipp_ground_truth,wind,1336,111.25,2.251759500443723
bb_ipp_ground_truth,wind,1337,111.33333333333337,2.244280013673022
bb_ipp_ground_truth,wind,1338,111.41666666666663,2.2434484860368857
bb_ipp_ground_truth,wind,1339,111.5,2.2423518034913847
bb_ipp_ground_truth,wind,1340,111.58333333333337,2.2495561907087502
bb_ipp_ground_truth,wind,1341,111.66666666666663,2.25005922535333
bb_ipp_ground_truth,wind,1342,111.75,2.255215940588474
bb_ipp_ground_truth,wind,1343,111.83333333333337,2.2558745576879113
bb_ipp_ground_truth,wind,1344,111.91666666666663,2.253434839382781
bb_ipp_ground_truth,wind,1345,112.0,2.2365461475061457
bb_ipp_ground_truth,wind,1346,112.08333333333337,2.229883076830207
bb_ipp_ground_truth,wind,1347,112.16666666666663,2.2413134433094664
bb_ipp_ground_truth,wind,1348,112.25,2.237241832239084
bb_ipp_ground_truth,wind,1349,112.33333333333337,2.238835555135122
bb_ipp_ground_truth,wind,1350,112.41666666666663,2.2415379110525206
bb_ipp_ground_truth,wind,1351,112.5,2.2426482613843612
bb_ipp_ground_truth,wind,1352,112.58333333333337,2.242943965961686
bb_ipp_ground_truth,wind,1353,112.66666666666663,2.2278549987771075
bb_ipp_ground_truth,wind,1354,112.75,2.2370076893037054
bb_ipp_ground_truth,wind,1355,112.83333333333337,2.2469513562693764
bb_ipp_ground_truth,wind,1356,112.91666666666663,2.248121819945516
bb_ipp_ground_truth,wind,1357,113.0,2.2583256452911664
bb_ipp_ground_truth,wind,1358,113.08333333333337,2.248971796636511
bb_ipp_ground_truth,wind,1359,113.16666666666663,2.2501703669934257
bb_ipp_ground_truth,wind,1360,113.25,2.2648996399182417
bb_ipp_ground_truth,wind,1361,113.33333333333337,2.2567688755233917
bb_ipp_ground_truth,wind,1362,113.41666666666663,2.272975335133074
bb_ipp_ground_truth,wind,1363,113.5,2.270180993703101
bb_ipp_ground_truth,wind,1364,113.58333333333337,2.253989984351555
bb_ipp_ground_truth,wind,1365,113.66666666666663,2.2375542903999244
bb_ipp_ground_truth,wind,1366,113.75,2.227659620757566
bb_ipp_ground_truth,wind,1367,113.83333333333337,2.233248727158877
bb_ipp_ground_truth,wind,1368,113.91666666666663,2.2459385633053954
bb_ipp_ground_truth,wind,1369,114.0,2.2614500884178326
bb_ipp_ground_truth,wind,1370,114.08333333333337,2.2540057298146903
bb_ipp_ground_truth,wind,1371,114.16666666666663,2.2712064445334046
bb_ipp_ground_truth,wind,1372,114.25,2.268206881451434
bb_ipp_ground_truth,wind,1373,114.33333333333337,2.2718834313019074
bb_ipp_ground_truth,wind,1374,114.41666666666663,2.2920930665100228
bb_ipp_ground_truth,wind,1375,114.5,2.2695190309769084
bb_ipp_ground_truth,wind,1376,114.58333333333337,2.2971939126093255
bb_ipp_ground_truth,wind,1377,114.66666666666663,2.3080645652793708
bb_ipp_ground_truth,wind,1378,114.75,2.3070387296636814
bb_ipp_ground_truth,wind,1379,114.83333333333337,2.3111158776068756
bb_ipp_ground_truth,wind,1380,114.91666666666663,2.289165301032405
bb_ipp_ground_truth,wind,1381,115.0,2.3271816015161404
bb_ipp_ground_truth,wind,1382,115.08333333333337,2.2984570050474638
bb_ipp_ground_truth,wind,1383,115.16666666666663,2.268270627628788
bb_ipp_ground_truth,wind,1384,115.25,2.2933547811408435
bb_ipp_ground_truth,wind,1385,115.33333333333337,2.2870043542139182
bb_ipp_ground_truth,wind,1386,115.41666666666663,2.2971703253569578
bb_ipp_ground_truth,wind,1387,115.5,2.2813009618536824
bb_ipp_ground_truth,wind,1388,115.58333333333337,2.266012745366071
bb_ipp_ground_truth,wind,1389,115.66666666666663,2.2264943865500544
bb_ipp_ground_truth,wind,1390,115.75,2.2394992481074425
bb_ipp_ground_truth,wind,1391,115.83333333333337,2.209086061145428
bb_ipp_ground_truth,wind,1392,115.91666666666663,2.2348662521893816
bb_ipp_ground_truth,wind,1393,116.0,2.2247568549324233
bb_ipp_ground_truth,wind,1394,116.08333333333337,2.2120193168593816
bb_ipp_ground_truth,wind,1395,116.16666666666663,2.2280396404060645
bb_ipp_ground_truth,wind,1396,116.25,2.241851418857821
bb_ipp_ground_truth,wind,1397,116.33333333333337,2.226778870932019
bb_ipp_ground_truth,wind,1398,116.41666666666663,2.2308129814616655
bb_ipp_ground_truth,wind,1399,116.5,2.2318324407557513
bb_ipp_ground_truth,wind,1400,116.58333333333337,2.2593897435001016
bb_ipp_ground_truth,wind,1401,116.66666666666663,2.241007552277379
bb_ipp_ground_truth,wind,1402,116.75,2.260317688519517
bb_ipp_ground_truth,wind,1403,116.83333333333337,2.259228720975221
bb_ipp_ground_truth,wind,1404,116.91666666666663,2.2668117334101785
bb_ipp_ground_truth,wind,1405,117.0,2.2494395405914833
bb_ipp_ground_truth,wind,1406,117.08333333333337,2.260417609804904
bb_ipp_ground_truth,wind,1407,117.16666666666663,2.2616584852800385
bb_ipp_ground_truth,wind,1408,117.25,2.2758879311869693
bb_ipp_ground_truth,wind,1409,117.33333333333337,2.2587725176932683
bb_ipp_ground_truth,wind,1410,117.41666666666663,2.2540298554093434
bb_ipp_ground_truth,wind,1411,117.5,2.2562387106758406
bb_ipp_ground_truth,wind,1412,117.58333333333337,2.242491584476551
bb_ipp_ground_truth,wind,1413,117.66666666666663,2.2516161040133595
bb_ipp_ground_truth,wind,1414,117.75,2.2452896241408014
bb_ipp_ground_truth,wind,1415,117.83333333333337,2.2689549664153827
bb_ipp_ground_truth,wind,1416,117.91666666666663,2.2659872310945604
bb_ipp_ground_truth,wind,1417,118.0,2.2574311284266897
bb_ipp_ground_truth,wind,1418,118.08333333333337,2.2563140870923792
bb_ipp_ground_truth,wind,1419,118.16666666666663,2.247658100133131
bb_ipp_ground_truth,wind,1420,118.25,2.223628089214228
bb_ipp_ground_truth,wind,1421,118.33333333333337,2.2317329423404724
bb_ipp_ground_truth,wind,1422,118.41666666666663,2.223700902130677
bb_ipp_ground_truth,wind,1423,118.5,2.222190687412096
bb_ipp_ground_truth,wind,1424,118.58333333333337,2.25028893880203
bb_ipp_ground_truth,wind,1425,118.66666666666663,2.2482466099187115
bb_ipp_ground_truth,wind,1426,118.75,2.2377428631272345
bb_ipp_ground_truth,wind,1427,118.83333333333337,2.237162694254511
bb_ipp_ground_truth,wind,1428,118.91666666666663,2.214536677875843
bb_ipp_ground_truth,wind,1429,119.0,2.22522703710733
bb_ipp_ground_truth,wind,1430,119.08333333333337,2.2240493484549972
bb_ipp_ground_truth,wind,1431,119.16666666666663,2.217820052674009
bb_ipp_ground_truth,wind,1432,119.25,2.2153608598800307
bb_ipp_ground_truth,wind,1433,119.33333333333337,2.1986239475215488
bb_ipp_ground_truth,wind,1434,119.41666666666663,2.2135314167789755
bb_ipp_ground_truth,wind,1435,119.5,2.221081398810058
bb_ipp_ground_truth,wind,1436,119.58333333333337,2.21452670481387
bb_ipp_ground_truth,wind,1437,119.66666666666663,2.212199251571867
bb_ipp_ground_truth,wind,1438,119.75,2.2091275692671775
bb_ipp_ground_truth,wind,1439,119.83333333333337,2.211686752423955
bb_ipp_ground_truth,wind,1440,119.91666666666663,2.2077863338968404
bb_ipp_ground_truth,wind,1441,120.0,2.219330681140303
bb_ipp_ground_truth,wind,1442,120.08333333333337,2.223329808097527
bb_ipp_ground_truth,wind,1443,120.16666666666663,2.19841257760667
bb_ipp_ground_truth,wind,1444,120.25,2.201320542027854
bb_ipp_ground_truth,wind,1445,120.33333333333337,2.2064935347716728
bb_ipp_ground_truth,wind,1446,120.41666666666663,2.211891296303695
bb_ipp_ground_truth,wind,1447,120.5,2.2186865915785656
bb_ipp_ground_truth,wind,1448,120.58333333333337,2.2174804124487175
bb_ipp_ground_truth,wind,1449,120.66666666666663,2.2022838008947585
bb_ipp_ground_truth,wind,1450,120.75,2.1972525268268073
bb_ipp_ground_truth,wind,1451,120.83333333333337,2.215943639961106
bb_ipp_ground_truth,wind,1452,120.91666666666663,2.1925276141951455
bb_ipp_ground_truth,wind,1453,121.0,2.2002373805405173
bb_ipp_ground_truth,wind,1454,121.08333333333337,2.207339224115019
bb_ipp_ground_truth,wind,1455,121.16666666666663,2.2253186566235597
bb_ipp_ground_truth,wind,1456,121.25,2.2151781779953796
bb_ipp_ground_truth,wind,1457,121.33333333333337,2.2183569774337024
bb_ipp_ground_truth,wind,1458,121.41666666666663,2.217110220100147
bb_ipp_ground_truth,wind,1459,121.5,2.222168621507092
bb_ipp_ground_truth,wind,1460,121.58333333333337,2.1903366014546246
bb_ipp_ground_truth,wind,1461,121.66666666666663,2.1868088901646274
bb_ipp_ground_truth,wind,1462,121.75,2.209292119240272
bb_ipp_ground_truth,wind,1463,121.83333333333337,2.202983424202801
bb_ipp_ground_truth,wind,1464,121.91666666666663,2.215001729184897
bb_ipp_ground_truth,wind,1465,122.0,2.236184965933556
bb_ipp_ground_truth,wind,1466,122.08333333333337,2.2157109251536364
bb_ipp_ground_truth,wind,1467,122.16666666666663,2.226317611122222
bb_ipp_ground_truth,wind,1468,122.25,2.228893718188239
bb_ipp_ground_truth,wind,1469,122.33333333333337,2.218289541286692
bb_ipp_ground_truth,wind,1470,122.41666666666663,2.2078909308715757
bb_ipp_ground_truth,wind,1471,122.5,2.223781742977391
bb_ipp_ground_truth,wind,1472,122.58333333333337,2.2193133029025
bb_ipp_ground_truth,wind,1473,122.66666666666663,2.2140966825331736
bb_ipp_ground_truth,wind,1474,122.75,2.1877766845207867
bb_ipp_ground_truth,wind,1475,122.83333333333337,2.1887255695420778
bb_ipp_ground_truth,wind,1476,122.91666666666663,2.2248345222887465
bb_ipp_ground_truth,wind,1477,123.0,2.2182715252970824
bb_ipp_ground_truth,wind,1478,123.08333333333337,2.2350022509409126
bb_ipp_ground_truth,wind,1479,123.16666666666663,2.2465357107205643
bb_ipp_ground_truth,wind,1480,123.25,2.2257862316759955
bb_ipp_ground_truth,wind,1481,123.33333333333337,2.202828375954083
bb_ipp_ground_truth,wind,1482,123.41666666666663,2.1909640893532036
bb_ipp_ground_truth,wind,1483,123.5,2.1817604619129423
bb_ipp_ground_truth,wind,1484,123.58333333333337,2.1873574406067826
bb_ipp_ground_truth,wind,1485,123.66666666666663,2.1996005943230528
bb_ipp_ground_truth,wind,1486,123.75,2.21173045141264
bb_ipp_ground_truth,wind,1487,123.83333333333337,2.20216375918403
bb_ipp_ground_truth,wind,1488,123.91666666666663,2.175414507037944
bb_ipp_ground_truth,wind,1489,124.0,2.1559449017570746
bb_ipp_ground_truth,wind,1490,124.08333333333337,2.1390137689590474
bb_ipp_ground_truth,wind,1491,124.16666666666663,2.1582621320503232
bb_ipp_ground_truth,wind,1492,124.25,2.1584384385376483
bb_ipp_ground_truth,wind,1493,124.33333333333337,2.1690360894354535
bb_ipp_ground_truth,wind,1494,124.41666666666663,2.155376603530304
bb_ipp_ground_truth,wind,1495,124.5,2.1459344519544192
bb_ipp_ground_truth,wind,1496,124.58333333333337,2.1543424434776184
bb_ipp_ground_truth,wind,1497,124.66666666666663,2.150976881240882
bb_ipp_ground_truth,wind,1498,124.75,2.1549588215672597
bb_ipp_ground_truth,wind,1499,124.83333333333337,2.1528778250806146
bb_ipp_ground_truth,wind,1500,124.91666666666663,2.155774216651599
bb_ipp_ground_truth,wind,1501,125.0,2.159659038774925
bb_ipp_ground_truth,wind,1502,125.08333333333337,2.1581158541508922
bb_ipp_ground_truth,wind,1503,125.16666666666663,2.1649890877136158
bb_ipp_ground_truth,wind,1504,125.25,2.146320880358772
bb_ipp_ground_truth,wind,1505,125.33333333333337,2.150838025357628
bb_ipp_ground_truth,wind,1506,125.41666666666663,2.144122837517406
bb_ipp_ground_truth,wind,1507,125.5,2.1386148742138116
bb_ipp_ground_truth,wind,1508,125.58333333333337,2.1474860533947986
bb_ipp_ground_truth,wind,1509,125.66666666666663,2.1379524790030104
bb_ipp_ground_truth,wind,1510,125.75,2.1439688889544577
bb_ipp_ground_truth,wind,1511,125.83333333333337,2.1427509611130864
bb_ipp_ground_truth,wind,1512,125.91666666666663,2.158894966690568
bb_ipp_ground_truth,wind,1513,126.0,2.1437508573534134
bb_ipp_ground_truth,wind,1514,126.08333333333337,2.1409181871252807
bb_ipp_ground_truth,wind,1515,126.16666666666663,2.1442413615707316
bb_ipp_ground_truth,wind,1516,126.25,2.147174621261474
bb_ipp_ground_truth,wind,1517,126.33333333333337,2.1681907633118787
bb_ipp_ground_truth,wind,1518,126.41666666666663,2.177302208382361
bb_ipp_ground_truth,wind,1519,126.5,2.1754054161177265
bb_ipp_ground_truth,wind,1520,126.58333333333337,2.1668210620888786
bb_ipp_ground_truth,wind,1521,126.66666666666663,2.1701837083721203
bb_ipp_ground_truth,wind,1522,126.75,2.1580976935969867
bb_ipp_ground_truth,wind,1523,126.83333333333337,2.1740473928775064
bb_ipp_ground_truth,wind,1524,126.91666666666663,2.167633028058686
bb_ipp_ground_truth,wind,1525,127.0,2.1758054726774514
bb_ipp_ground_truth,wind,1526,127.08333333333337,2.1751357729604246
bb_ipp_ground_truth,wind,1527,127.16666666666663,2.17587709382213
bb_ipp_ground_truth,wind,1528,127.25,2.1886225873262335
bb_ipp_ground_truth,wind,1529,127.33333333333337,2.184612192655582
bb_ipp_ground_truth,wind,1530,127.41666666666663,2.1713797883324486
bb_ipp_ground_truth,wind,1531,127.5,2.167932904673937
bb_ipp_ground_truth,wind,1532,127.58333333333337,2.2001829737737326
bb_ipp_ground_truth,wind,1533,127.66666666666663,2.198806811457874
bb_ipp_ground_truth,wind,1534,127.75,2.2035035459315417
bb_ipp_ground_truth,wind,1535,127.83333333333337,2.1787388332249282
bb_ipp_ground_truth,wind,1536,127.91666666666663,2.1984437889244295
bb_ipp_ground_truth,wind,1537,128.0,2.2018072028147846
bb_ipp_ground_truth,wind,1538,128.08333333333337,2.2028742159428534
bb_ipp_ground_truth,wind,1539,128.16666666666663,2.1996377384729096
bb_ipp_ground_truth,wind,1540,128.25,2.2022934731414945
bb_ipp_ground_truth,wind,1541,128.33333333333337,2.2071459295312104
bb_ipp_ground_truth,wind,1542,128.41666666666663,2.1947590355359305
bb_ipp_ground_truth,wind,1543,128.5,2.1867988100850986
bb_ipp_ground_truth,wind,1544,128.58333333333337,2.191220441562527
bb_ipp_ground_truth,wind,1545,128.66666666666663,2.179892498477183
bb_ipp_ground_truth,wind,1546,128.75,2.209374736161509
bb_ipp_ground_truth,wind,1547,128.83333333333337,2.2055998877749396
bb_ipp_ground_truth,wind,1548,128.91666666666663,2.217102443223606
bb_ipp_ground_truth,wind,1549,129.0,2.1894351453826904
bb_ipp_ground_truth,wind,1550,129.08333333333337,2.1662614870127306
bb_ipp_ground_truth,wind,1551,129.16666666666663,2.1818133498471552
bb_ipp_ground_truth,wind,1552,129.25,2.188148390863785
bb_ipp_ground_truth,wind,1553,129.33333333333337,2.184225023904572
bb_ipp_ground_truth,wind,1554,129.41666666666663,2.187103619320296
bb_ipp_ground_truth,wind,1555,129.5,2.207095165392126
bb_ipp_ground_truth,wind,1556,129.58333333333337,2.2114657206316837
bb_ipp_ground_truth,wind,1557,129.66666666666663,2.2122563072934502
bb_ipp_ground_truth,wind,1558,129.75,2.19219437681546
bb_ipp_ground_truth,wind,1559,129.83333333333337,2.192809059621635
bb_ipp_ground_truth,wind,1560,129.91666666666663,2.1936109370561128
bb_ipp_ground_truth,wind,1561,130.0,2.1876640629639814
bb_ipp_ground_truth,wind,1562,130.08333333333337,2.194822324333137
bb_ipp_ground_truth,wind,1563,130.16666666666663,2.2062078153177676
bb_ipp_ground_truth,wind,1564,130.25,2.197039161342014
bb_ipp_ground_truth,wind,1565,130.33333333333337,2.1943154595623784
bb_ipp_ground_truth,wind,1566,130.41666666666663,2.1785405813574945
bb_ipp_ground_truth,wind,1567,130.5,2.1799158713296793
bb_ipp_ground_truth,wind,1568,130.58333333333337,2.2104309516685268
bb_ipp_ground_truth,wind,1569,130.66666666666663,2.2083563512125766
bb_ipp_ground_truth,wind,1570,130.75,2.208614557419718
bb_ipp_ground_truth,wind,1571,130.83333333333337,2.2092988710601773
bb_ipp_ground_truth,wind,1572,130.91666666666663,2.190428148275786
bb_ipp_ground_truth,wind,1573,131.0,2.2117750524011655
bb_ipp_ground_truth,wind,1574,131.08333333333337,2.191221784154154
bb_ipp_ground_truth,wind,1575,131.16666666666663,2.2033305741564804
bb_ipp_ground_truth,wind,1576,131.25,2.206257004720162
bb_ipp_ground_truth,wind,1577,131.33333333333337,2.2330276557268283
bb_ipp_ground_truth,wind,1578,131.41666666666663,2.213668059967022
bb_ipp_ground_truth,wind,1579,131.5,2.1837450944243315
bb_ipp_ground_truth,wind,1580,131.58333333333337,2.1948011700484193
bb_ipp_ground_truth,wind,1581,131.66666666666663,2.2276795789978663
bb_ipp_ground_truth,wind,1582,131.75,2.2357964538092125
bb_ipp_ground_truth,wind,1583,131.83333333333337,2.2454467494970998
bb_ipp_ground_truth,wind,1584,131.91666666666663,2.2276825273944203
bb_ipp_ground_truth,wind,1585,132.0,2.236879148106495
bb_ipp_ground_truth,wind,1586,132.08333333333337,2.2272986582931407
bb_ipp_ground_truth,wind,1587,132.16666666666663,2.242197871364559
bb_ipp_ground_truth,wind,1588,132.25,2.2501004887869587
bb_ipp_ground_truth,wind,1589,132.33333333333337,2.236379759479404
bb_ipp_ground_truth,wind,1590,132.41666666666663,2.2153094770312443
bb_ipp_ground_truth,wind,1591,132.5,2.216908519514241
bb_ipp_ground_truth,wind,1592,132.58333333333337,2.2016963273059758
bb_ipp_ground_truth,wind,1593,132.66666666666663,2.2012643092340847
bb_ipp_ground_truth,wind,1594,132.75,2.1936545522135775
bb_ipp_ground_truth,wind,1595,132.83333333333337,2.208785514291214
bb_ipp_ground_truth,wind,1596,132.91666666666663,2.2121517541152595
bb_ipp_ground_truth,wind,1597,133.0,2.2186876061312617
bb_ipp_ground_truth,wind,1598,133.08333333333337,2.210636699703405
bb_ipp_ground_truth,wind,1599,133.16666666666663,2.20866173279933
bb_ipp_ground_truth,wind,1600,133.25,2.198506227597427
bb_ipp_ground_truth,wind,1601,133.33333333333337,2.224924720423013
bb_ipp_ground_truth,wind,1602,133.41666666666663,2.225729386177359
bb_ipp_ground_truth,wind,1603,133.5,2.226002572871136
bb_ipp_ground_truth,wind,1604,133.58333333333337,2.2323198302484273
bb_ipp_ground_truth,wind,1605,133.66666666666663,2.230365006614501
bb_ipp_ground_truth,wind,1606,133.75,2.227486278539121
bb_ipp_ground_truth,wind,1607,133.83333333333337,2.199040545230824
bb_ipp_ground_truth,wind,1608,133.91666666666663,2.19722287249962
bb_ipp_ground_truth,wind,1609,134.0,2.1990138108908486
bb_ipp_ground_truth,wind,1610,134.08333333333337,2.190493279654916
bb_ipp_ground_truth,wind,1611,134.16666666666663,2.2100606715877738
bb_ipp_ground_truth,wind,1612,134.25,2.1951235586608275
bb_ipp_ground_truth,wind,1613,134.33333333333337,2.1686679543703318
bb_ipp_ground_truth,wind,1614,134.41666666666663,2.1846131194528096
bb_ipp_ground_truth,wind,1615,134.5,2.1772793696076933
bb_ipp_ground_truth,wind,1616,134.58333333333337,2.208471057403177
bb_ipp_ground_truth,wind,1617,134.66666666666663,2.21873922945763
bb_ipp_ground_truth,wind,1618,134.75,2.233966662597211
bb_ipp_ground_truth,wind,1619,134.83333333333337,2.2313362130645924
bb_ipp_ground_truth,wind,1620,134.91666666666663,2.214763592800292
bb_ipp_ground_truth,wind,1621,135.0,2.215975133394111
bb_ipp_ground_truth,wind,1622,135.08333333333337,2.222752764501336
bb_ipp_ground_truth,wind,1623,135.16666666666663,2.237467449516921
bb_ipp_ground_truth,wind,1624,135.25,2.2616225406815778
bb_ipp_ground_truth,wind,1625,135.33333333333337,2.257171906702184
bb_ipp_ground_truth,wind,1626,135.41666666666663,2.229555618689758
bb_ipp_ground_truth,wind,1627,135.5,2.2351730484789356
bb_ipp_ground_truth,wind,1628,135.58333333333337,2.2416290667833265
bb_ipp_ground_truth,wind,1629,135.66666666666663,2.2304774404478573
bb_ipp_ground_truth,wind,1630,135.75,2.225290359365641
bb_ipp_ground_truth,wind,1631,135.83333333333337,2.2627324497125314
bb_ipp_ground_truth,wind,1632,135.91666666666663,2.2679527865965943
bb_ipp_ground_truth,wind,1633,136.0,2.2524590155663895
bb_ipp_ground_truth,wind,1634,136.08333333333337,2.243483464355839
bb_ipp_ground_truth,wind,1635,136.16666666666663,2.2545159919899542
bb_ipp_ground_truth,wind,1636,136.25,2.2563386015245186
bb_ipp_ground_truth,wind,1637,136.33333333333337,2.258788998062646
bb_ipp_ground_truth,wind,1638,136.41666666666663,2.2491507441003185
bb_ipp_ground_truth,wind,1639,136.5,2.256301866797081
bb_ipp_ground_truth,wind,1640,136.58333333333337,2.268306974394552
bb_ipp_ground_truth,wind,1641,136.66666666666663,2.2601546384896882
bb_ipp_ground_truth,wind,1642,136.75,2.251518010831801
bb_ipp_ground_truth,wind,1643,136.83333333333337,2.2587662726628754
bb_ipp_ground_truth,wind,1644,136.91666666666663,2.2389217559047543
bb_ipp_ground_truth,wind,1645,137.0,2.2194076424539846
bb_ipp_ground_truth,wind,1646,137.08333333333337,2.224920651755141
bb_ipp_ground_truth,wind,1647,137.16666666666663,2.2178598726508065
bb_ipp_ground_truth,wind,1648,137.25,2.233103309165373
bb_ipp_ground_truth,wind,1649,137.33333333333337,2.21510776288756
bb_ipp_ground_truth,wind,1650,137.41666666666663,2.2088568573450083
bb_ipp_ground_truth,wind,1651,137.5,2.1984783612576675
bb_ipp_ground_truth,wind,1652,137.58333333333337,2.2097792809875503
bb_ipp_ground_truth,wind,1653,137.66666666666663,2.2025982580794476
bb_ipp_ground_truth,wind,1654,137.75,2.220667326307786
bb_ipp_ground_truth,wind,1655,137.83333333333337,2.2117423640153566
bb_ipp_ground_truth,wind,1656,137.91666666666663,2.2150615584374003
bb_ipp_ground_truth,wind,1657,138.0,2.207970179778988
bb_ipp_ground_truth,wind,1658,138.08333333333337,2.2197545432414496
bb_ipp_ground_truth,wind,1659,138.16666666666663,2.2382561858423977
bb_ipp_ground_truth,wind,1660,138.25,2.2397297974628683
bb_ipp_ground_truth,wind,1661,138.33333333333337,2.256194959851766
bb_ipp_ground_truth,wind,1662,138.41666666666663,2.2286137206961105
bb_ipp_ground_truth,wind,1663,138.5,2.2155394225249707
bb_ipp_ground_truth,wind,1664,138.58333333333337,2.190503370379443
bb_ipp_ground_truth,wind,1665,138.66666666666663,2.200782579060876
bb_ipp_ground_truth,wind,1666,138.75,2.1838965603438365
bb_ipp_ground_truth,wind,1667,138.83333333333337,2.1854063288376295
bb_ipp_ground_truth,wind,1668,138.91666666666663,2.2010789756897795
bb_ipp_ground_truth,wind,1669,139.0,2.21648185411608
bb_ipp_ground_truth,wind,1670,139.08333333333337,2.2271971629031877
bb_ipp_ground_truth,wind,1671,139.16666666666663,2.2509659237495985
bb_ipp_ground_truth,wind,1672,139.25,2.248128080286048
bb_ipp_ground_truth,wind,1673,139.33333333333337,2.270075225307809
bb_ipp_ground_truth,wind,1674,139.41666666666663,2.2803529599270784
bb_ipp_ground_truth,wind,1675,139.5,2.3072206179160326
bb_ipp_ground_truth,wind,1676,139.58333333333337,2.3147423774418705
bb_ipp_ground_truth,wind,1677,139.66666666666663,2.32869587855391
bb_ipp_ground_truth,wind,1678,139.75,2.303271793464811
bb_ipp_ground_truth,wind,1679,139.83333333333337,2.3223469278393174
bb_ipp_ground_truth,wind,1680,139.91666666666663,2.315931222703048
bb_ipp_ground_truth,wind,1681,140.0,2.3026243861756135
bb_ipp_ground_truth,wind,1682,140.08333333333337,2.3389871057986205
bb_ipp_ground_truth,wind,1683,140.16666666666663,2.328803649594507
bb_ipp_ground_truth,wind,1684,140.25,2.3210560255272936
bb_ipp_ground_truth,wind,1685,140.33333333333337,2.3414597247420637
bb_ipp_ground_truth,wind,1686,140.41666666666663,2.342664433994161
bb_ipp_ground_truth,wind,1687,140.5,2.334184447856689
bb_ipp_ground_truth,wind,1688,140.58333333333337,2.3491292532610726
bb_ipp_ground_truth,wind,1689,140.66666666666663,2.3480043616993007
bb_ipp_ground_truth,wind,1690,140.75,2.3423628678808757
bb_ipp_ground_truth,wind,1691,140.83333333333337,2.3302522624523285
bb_ipp_ground_truth,wind,1692,140.91666666666663,2.3373170745827787
bb_ipp_ground_truth,wind,1693,141.0,2.340419361627957
bb_ipp_ground_truth,wind,1694,141.08333333333337,2.3273791236612125
bb_ipp_ground_truth,wind,1695,141.16666666666663,2.315641280400376
bb_ipp_ground_truth,wind,1696,141.25,2.3265646489591054
bb_ipp_ground_truth,wind,1697,141.33333333333337,2.3397585669546173
bb_ipp_ground_truth,wind,1698,141.41666666666663,2.3141701662475223
bb_ipp_ground_truth,wind,1699,141.5,2.3072759236594393
bb_ipp_ground_truth,wind,1700,141.58333333333337,2.303786883994923
bb_ipp_ground_truth,wind,1701,141.66666666666663,2.315576185061517
bb_ipp_ground_truth,wind,1702,141.75,2.338220986095722
bb_ipp_ground_truth,wind,1703,141.83333333333337,2.324051604982291
bb_ipp_ground_truth,wind,1704,141.91666666666663,2.326747389856636
bb_ipp_ground_truth,wind,1705,142.0,2.326714601795492
bb_ipp_ground_truth,wind,1706,142.08333333333337,2.3350698111111403
bb_ipp_ground_truth,wind,1707,142.16666666666663,2.328540607977365
bb_ipp_ground_truth,wind,1708,142.25,2.3145811950140582
bb_ipp_ground_truth,wind,1709,142.33333333333337,2.306373546772066
bb_ipp_ground_truth,wind,1710,142.41666666666663,2.2849142116601824
bb_ipp_ground_truth,wind,1711,142.5,2.30149562425321
bb_ipp_ground_truth,wind,1712,142.58333333333337,2.287711706002401
bb_ipp_ground_truth,wind,1713,142.66666666666663,2.2863377716502744
bb_ipp_ground_truth,wind,1714,142.75,2.291365975088498
bb_ipp_ground_truth,wind,1715,142.83333333333337,2.2875443366203925
bb_ipp_ground_truth,wind,1716,142.91666666666663,2.2814014288436066
bb_ipp_ground_truth,wind,1717,143.0,2.2826155564032016
bb_ipp_ground_truth,wind,1718,143.08333333333337,2.2691624159594492
bb_ipp_ground_truth,wind,1719,143.16666666666663,2.2841883807903827
bb_ipp_ground_truth,wind,1720,143.25,2.288462946460185
bb_ipp_ground_truth,wind,1721,143.33333333333337,2.2751828111525545
bb_ipp_ground_truth,wind,1722,143.41666666666663,2.2759627489502283
bb_ipp_ground_truth,wind,1723,143.5,2.2474200211910005
bb_ipp_ground_truth,wind,1724,143.58333333333337,2.26052132107674
bb_ipp_ground_truth,wind,1725,143.66666666666663,2.2758912293294995
bb_ipp_ground_truth,wind,1726,143.75,2.2673971888104867
bb_ipp_ground_truth,wind,1727,143.83333333333337,2.249229092918184
bb_ipp_ground_truth,wind,1728,143.91666666666663,2.2453819827827863
bb_ipp_ground_truth,wind,1729,144.0,2.2427445100366024
bb_ipp_ground_truth,wind,1730,144.08333333333337,2.261760803063263
bb_ipp_ground_truth,wind,1731,144.16666666666663,2.2555469186986823
bb_ipp_ground_truth,wind,1732,144.25,2.2526645968882413
bb_ipp_ground_truth,wind,1733,144.33333333333337,2.236103091135804
bb_ipp_ground_truth,wind,1734,144.41666666666663,2.234836292050727
bb_ipp_ground_truth,wind,1735,144.5,2.24890600430323
bb_ipp_ground_truth,wind,1736,144.58333333333337,2.2564902980553647
bb_ipp_ground_truth,wind,1737,144.66666666666663,2.2502449430795677
bb_ipp_ground_truth,wind,1738,144.75,2.2450126446286265
bb_ipp_ground_truth,wind,1739,144.83333333333337,2.229692836069143
bb_ipp_ground_truth,wind,1740,144.91666666666663,2.2159707414528547
bb_ipp_ground_truth,wind,1741,145.0,2.2223667839503927
bb_ipp_ground_truth,wind,1742,145.08333333333337,2.233715829646046
bb_ipp_ground_truth,wind,1743,145.16666666666663,2.243754149697858
bb_ipp_ground_truth,wind,1744,145.25,2.2678861202449374
bb_ipp_ground_truth,wind,1745,145.33333333333337,2.266256765197672
bb_ipp_ground_truth,wind,1746,145.41666666666663,2.2757057952381285
bb_ipp_ground_truth,wind,1747,145.5,2.2886985782996616
bb_ipp_ground_truth,wind,1748,145.58333333333337,2.2687523567987626
bb_ipp_ground_truth,wind,1749,145.66666666666663,2.271157889061333
bb_ipp_ground_truth,wind,1750,145.75,2.2761826236270384
bb_ipp_ground_truth,wind,1751,145.83333333333337,2.2947436683763303
bb_ipp_ground_truth,wind,1752,145.91666666666663,2.282131297144983
bb_ipp_ground_truth,wind,1753,146.0,2.2704147984323364
bb_ipp_ground_truth,wind,1754,146.08333333333337,2.2563330558523695
bb_ipp_ground_truth,wind,1755,146.16666666666663,2.295122255865997
bb_ipp_ground_truth,wind,1756,146.25,2.302152173972821
bb_ipp_ground_truth,wind,1757,146.33333333333337,2.283064958597608
bb_ipp_ground_truth,wind,1758,146.41666666666663,2.315816445636649
bb_ipp_ground_truth,wind,1759,146.5,2.30821883554151
bb_ipp_ground_truth,wind,1760,146.58333333333337,2.306294404149366
bb_ipp_ground_truth,wind,1761,146.66666666666663,2.300478803349333
bb_ipp_ground_truth,wind,1762,146.75,2.2934057745538574
bb_ipp_ground_truth,wind,1763,146.83333333333337,2.299635156245089
bb_ipp_ground_truth,wind,1764,146.91666666666663,2.2889134765221217
bb_ipp_ground_truth,wind,1765,147.0,2.2616326836728677
bb_ipp_ground_truth,wind,1766,147.08333333333337,2.271034447872056
bb_ipp_ground_truth,wind,1767,147.16666666666663,2.270202901750384
bb_ipp_ground_truth,wind,1768,147.25,2.262678203234225
bb_ipp_ground_truth,wind,1769,147.33333333333337,2.2472352710238965
bb_ipp_ground_truth,wind,1770,147.41666666666663,2.257446547872184
bb_ipp_ground_truth,wind,1771,147.5,2.215374531176829
bb_ipp_ground_truth,wind,1772,147.58333333333337,2.2181516876855945
bb_ipp_ground_truth,wind,1773,147.66666666666663,2.2304684255082967
bb_ipp_ground_truth,wind,1774,147.75,2.205143417578999
bb_ipp_ground_truth,wind,1775,147.83333333333337,2.2178229525061233
bb_ipp_ground_truth,wind,1776,147.91666666666663,2.239812574491744
bb_ipp_ground_truth,wind,1777,148.0,2.2469385564194497
bb_ipp_ground_truth,wind,1778,148.08333333333337,2.2240930162618904
bb_ipp_ground_truth,wind,1779,148.16666666666663,2.227065105568713
bb_ipp_ground_truth,wind,1780,148.25,2.218974395546823
bb_ipp_ground_truth,wind,1781,148.33333333333337,2.2003296959617433
bb_ipp_ground_truth,wind,1782,148.41666666666663,2.202567762097791
bb_ipp_ground_truth,wind,1783,148.5,2.2184101507065512
bb_ipp_ground_truth,wind,1784,148.58333333333337,2.191656670247499
bb_ipp_ground_truth,wind,1785,148.66666666666663,2.216239965800706
bb_ipp_ground_truth,wind,1786,148.75,2.253172510071495
bb_ipp_ground_truth,wind,1787,148.83333333333337,2.268264293491872
bb_ipp_ground_truth,wind,1788,148.91666666666663,2.279167476618767
bb_ipp_ground_truth,wind,1789,149.0,2.2677455873054155
bb_ipp_ground_truth,wind,1790,149.08333333333337,2.2654958287363844
bb_ipp_ground_truth,wind,1791,149.16666666666663,2.2675501526285347
bb_ipp_ground_truth,wind,1792,149.25,2.256209163220868
bb_ipp_ground_truth,wind,1793,149.33333333333337,2.2380826051811136
bb_ipp_ground_truth,wind,1794,149.41666666666663,2.2313992575714328
bb_ipp_ground_truth,wind,1795,149.5,2.215992064555215
bb_ipp_ground_truth,wind,1796,149.58333333333337,2.2224881732219726
bb_ipp_ground_truth,wind,1797,149.66666666666663,2.2304708246818428
bb_ipp_ground_truth,wind,1798,149.75,2.2346166556791043
bb_ipp_ground_truth,wind,1799,149.83333333333337,2.2333553209906487
bb_ipp_ground_truth,wind,1800,149.91666666666663,2.232322818497766
bb_ipp_ground_truth,wind,1801,150.0,2.225997782896885
bb_ipp_ground_truth,wind,1802,150.08333333333337,2.2259567312967223
bb_ipp_ground_truth,wind,1803,150.16666666666663,2.232938090680172
bb_ipp_ground_truth,wind,1804,150.25,2.237899732422558
bb_ipp_ground_truth,wind,1805,150.33333333333337,2.2262960350507077
bb_ipp_ground_truth,wind,1806,150.41666666666663,2.226843950824085
bb_ipp_ground_truth,wind,1807,150.5,2.2473041418506625
bb_ipp_ground_truth,wind,1808,150.58333333333337,2.2381038377426656
bb_ipp_ground_truth,wind,1809,150.66666666666663,2.23396720396273
bb_ipp_ground_truth,wind,1810,150.75,2.238164619140941
bb_ipp_ground_truth,wind,1811,150.83333333333337,2.2380422935807176
bb_ipp_ground_truth,wind,1812,150.91666666666663,2.2578909675672403
bb_ipp_ground_truth,wind,1813,151.0,2.25266917843066
bb_ipp_ground_truth,wind,1814,151.08333333333337,2.2419007494141967
bb_ipp_ground_truth,wind,1815,151.16666666666663,2.24616465674643
bb_ipp_ground_truth,wind,1816,151.25,2.261600054369905
bb_ipp_ground_truth,wind,1817,151.33333333333337,2.241285803220652
bb_ipp_ground_truth,wind,1818,151.41666666666663,2.251243979594278
bb_ipp_ground_truth,wind,1819,151.5,2.236101827524917
bb_ipp_ground_truth,wind,1820,151.58333333333337,2.2395704188500525
bb_ipp_ground_truth,wind,1821,151.66666666666663,2.2409411333486746
bb_ipp_ground_truth,wind,1822,151.75,2.272247503529013
bb_ipp_ground_truth,wind,1823,151.83333333333337,2.2932853083666287
bb_ipp_ground_truth,wind,1824,151.91666666666663,2.295956406240355
bb_ipp_ground_truth,wind,1825,152.0,2.2962449476057123
bb_ipp_ground_truth,wind,1826,152.08333333333337,2.3032368307106763
bb_ipp_ground_truth,wind,1827,152.16666666666663,2.313741044571274
bb_ipp_ground_truth,wind,1828,152.25,2.303395693256878
bb_ipp_ground_truth,wind,1829,152.33333333333337,2.3144320555340445
bb_ipp_ground_truth,wind,1830,152.41666666666663,2.311600397971625
bb_ipp_ground_truth,wind,1831,152.5,2.2967094926680462
bb_ipp_ground_truth,wind,1832,152.58333333333337,2.2936764448739266
bb_ipp_ground_truth,wind,1833,152.66666666666663,2.2824385743680864
bb_ipp_ground_truth,wind,1834,152.75,2.282138628724791
bb_ipp_ground_truth,wind,1835,152.83333333333337,2.274559790408305
bb_ipp_ground_truth,wind,1836,152.91666666666663,2.2712380252153883
bb_ipp_ground_truth,wind,1837,153.0,2.234605587027446
bb_ipp_ground_truth,wind,1838,153.08333333333337,2.2192354293325964
bb_ipp_ground_truth,wind,1839,153.16666666666663,2.230742432656306
bb_ipp_ground_truth,wind,1840,153.25,2.243453558725653
bb_ipp_ground_truth,wind,1841,153.33333333333337,2.2267841912205344
bb_ipp_ground_truth,wind,1842,153.41666666666663,2.222401382604969
bb_ipp_ground_truth,wind,1843,153.5,2.2326838393461843
bb_ipp_ground_truth,wind,1844,153.58333333333337,2.2258402482293094
bb_ipp_ground_truth,wind,1845,153.66666666666663,2.255742271814474
bb_ipp_ground_truth,wind,1846,153.75,2.256085362233246
bb_ipp_ground_truth,wind,1847,153.83333333333337,2.2547748579316855
bb_ipp_ground_truth,wind,1848,153.91666666666663,2.2701179813676733
bb_ipp_ground_truth,wind,1849,154.0,2.2536219745338957
bb_ipp_ground_truth,wind,1850,154.08333333333337,2.246878094716753
bb_ipp_ground_truth,wind,1851,154.16666666666663,2.237902861893017
bb_ipp_ground_truth,wind,1852,154.25,2.2246475753260957
bb_ipp_ground_truth,wind,1853,154.33333333333337,2.2395692025631058
bb_ipp_ground_truth,wind,1854,154.41666666666663,2.217799329591906
bb_ipp_ground_truth,wind,1855,154.5,2.2287407278794005
bb_ipp_ground_truth,wind,1856,154.58333333333337,2.2330244013223006
bb_ipp_ground_truth,wind,1857,154.66666666666663,2.2171346411147996
bb_ipp_ground_truth,wind,1858,154.75,2.208842436376177
bb_ipp_ground_truth,wind,1859,154.83333333333337,2.229489000394529
bb_ipp_ground_truth,wind,1860,154.91666666666663,2.2090266230320075
bb_ipp_ground_truth,wind,1861,155.0,2.226078434966713
bb_ipp_ground_truth,wind,1862,155.08333333333337,2.2256455621016458
bb_ipp_ground_truth,wind,1863,155.16666666666663,2.2778123285759757
bb_ipp_ground_truth,wind,1864,155.25,2.2597083370988362
bb_ipp_ground_truth,wind,1865,155.33333333333337,2.2527098123997633
bb_ipp_ground_truth,wind,1866,155.41666666666663,2.293006295995142
bb_ipp_ground_truth,wind,1867,155.5,2.2942444913088953
bb_ipp_ground_truth,wind,1868,155.58333333333337,2.261341022542222
bb_ipp_ground_truth,wind,1869,155.66666666666663,2.2595854615032573
bb_ipp_ground_truth,wind,1870,155.75,2.27241738518308
bb_ipp_ground_truth,wind,1871,155.83333333333337,2.2728584875170115
bb_ipp_ground_truth,wind,1872,155.91666666666663,2.255510014812763
bb_ipp_ground_truth,wind,1873,156.0,2.257879376703886
bb_ipp_ground_truth,wind,1874,156.08333333333337,2.2449797166241816
bb_ipp_ground_truth,wind,1875,156.16666666666663,2.2495774746959634
bb_ipp_ground_truth,wind,1876,156.25,2.267385481037857
bb_ipp_ground_truth,wind,1877,156.33333333333337,2.2672895730300864
bb_ipp_ground_truth,wind,1878,156.41666666666663,2.2426322878807743
bb_ipp_ground_truth,wind,1879,156.5,2.227919012771418
bb_ipp_ground_truth,wind,1880,156.58333333333337,2.215754252131261
bb_ipp_ground_truth,wind,1881,156.66666666666663,2.222951357115062
bb_ipp_ground_truth,wind,1882,156.75,2.2404698732240167
bb_ipp_ground_truth,wind,1883,156.83333333333337,2.2288958131309355
bb_ipp_ground_truth,wind,1884,156.91666666666663,2.2292463239740288
bb_ipp_ground_truth,wind,1885,157.0,2.220652387777583
bb_ipp_ground_truth,wind,1886,157.08333333333337,2.220744408883219
bb_ipp_ground_truth,wind,1887,157.16666666666663,2.2313658632827393
bb_ipp_ground_truth,wind,1888,157.25,2.2347921155658
bb_ipp_ground_truth,wind,1889,157.33333333333337,2.2190809278378607
bb_ipp_ground_truth,wind,1890,157.41666666666663,2.201006739544423
bb_ipp_ground_truth,wind,1891,157.5,2.211604108406696
bb_ipp_ground_truth,wind,1892,157.58333333333337,2.212774065313508
bb_ipp_ground_truth,wind,1893,157.66666666666663,2.213397119358048
bb_ipp_ground_truth,wind,1894,157.75,2.2242185230873144
bb_ipp_ground_truth,wind,1895,157.83333333333337,2.2373081452487447
bb_ipp_ground_truth,wind,1896,157.91666666666663,2.228482447432779
bb_ipp_ground_truth,wind,1897,158.0,2.2225651939771742
bb_ipp_ground_truth,wind,1898,158.08333333333337,2.216822298311214
bb_ipp_ground_truth,wind,1899,158.16666666666663,2.2202863462672187
bb_ipp_ground_truth,wind,1900,158.25,2.2207652065852606
bb_ipp_ground_truth,wind,1901,158.33333333333337,2.231713879618806
bb_ipp_ground_truth,wind,1902,158.41666666666663,2.234320784506289
bb_ipp_ground_truth,wind,1903,158.5,2.2371063431508897
bb_ipp_ground_truth,wind,1904,158.58333333333337,2.2442936608455493
bb_ipp_ground_truth,wind,1905,158.66666666666663,2.230524402703491
bb_ipp_ground_truth,wind,1906,158.75,2.21948556450663
bb_ipp_ground_truth,wind,1907,158.83333333333337,2.2236243440604344
bb_ipp_ground_truth,wind,1908,158.91666666666663,2.2288280043709428
bb_ipp_ground_truth,wind,1909,159.0,2.2487921185154165
bb_ipp_ground_truth,wind,1910,159.08333333333337,2.2293415328919166
bb_ipp_ground_truth,wind,1911,159.16666666666663,2.2256931402493847
bb_ipp_ground_truth,wind,1912,159.25,2.2329951468937077
bb_ipp_ground_truth,wind,1913,159.33333333333337,2.226434214843348
bb_ipp_ground_truth,wind,1914,159.41666666666663,2.2250810991550543
bb_ipp_ground_truth,wind,1915,159.5,2.2161966912314974
bb_ipp_ground_truth,wind,1916,159.58333333333337,2.2109343068164122
bb_ipp_ground_truth,wind,1917,159.66666666666663,2.2233830039669327
bb_ipp_ground_truth,wind,1918,159.75,2.2516280480257405
bb_ipp_ground_truth,wind,1919,159.83333333333337,2.2386609502110906
bb_ipp_ground_truth,wind,1920,159.91666666666663,2.24723437133922
bb_ipp_ground_truth,wind,1921,160.0,2.23851638469201
bb_ipp_ground_truth,wind,1922,160.08333333333337,2.252005129071203
bb_ipp_ground_truth,wind,1923,160.16666666666663,2.2601165727938404
bb_ipp_ground_truth,wind,1924,160.25,2.249981492182728
bb_ipp_ground_truth,wind,1925,160.33333333333337,2.2594341015560206
bb_ipp_ground_truth,wind,1926,160.41666666666663,2.2614645253201884
bb_ipp_ground_truth,wind,1927,160.5,2.2675138480321455
bb_ipp_ground_truth,wind,1928,160.58333333333337,2.283068036516631
bb_ipp_ground_truth,wind,1929,160.66666666666663,2.2915264820135595
bb_ipp_ground_truth,wind,1930,160.75,2.288771167941265
bb_ipp_ground_truth,wind,1931,160.83333333333337,2.2762705690740277
bb_ipp_ground_truth,wind,1932,160.91666666666663,2.298709706523058
bb_ipp_ground_truth,wind,1933,161.0,2.276201800065411
bb_ipp_ground_truth,wind,1934,161.08333333333337,2.278782522304629
bb_ipp_ground_truth,wind,1935,161.16666666666663,2.252146125856852
bb_ipp_ground_truth,wind,1936,161.25,2.2502983303818542
bb_ipp_ground_truth,wind,1937,161.33333333333337,2.2514610087015434
bb_ipp_ground_truth,wind,1938,161.41666666666663,2.238771466581503
bb_ipp_ground_truth,wind,1939,161.5,2.258806485881369
bb_ipp_ground_truth,wind,1940,161.58333333333337,2.239297184054571
bb_ipp_ground_truth,wind,1941,161.66666666666663,2.24920116567852
bb_ipp_ground_truth,wind,1942,161.75,2.2606022992051797
bb_ipp_ground_truth,wind,1943,161.83333333333337,2.2604926441780724
bb_ipp_ground_truth,wind,1944,161.91666666666663,2.2793511250493332
bb_ipp_ground_truth,wind,1945,162.0,2.272231456619726
bb_ipp_ground_truth,wind,1946,162.08333333333337,2.2643786643753008
bb_ipp_ground_truth,wind,1947,162.16666666666663,2.2752948681497633
bb_ipp_ground_truth,wind,1948,162.25,2.265393242282858
bb_ipp_ground_truth,wind,1949,162.33333333333337,2.2707385124725152
bb_ipp_ground_truth,wind,1950,162.41666666666663,2.274041990346967
bb_ipp_ground_truth,wind,1951,162.5,2.2817701736964024
bb_ipp_ground_truth,wind,1952,162.58333333333337,2.271612157498512
bb_ipp_ground_truth,wind,1953,162.66666666666663,2.2684693008605894
bb_ipp_ground_truth,wind,1954,162.75,2.2627644045522626
bb_ipp_ground_truth,wind,1955,162.83333333333337,2.272965407422852
bb_ipp_ground_truth,wind,1956,162.91666666666663,2.279696298344983
bb_ipp_ground_truth,wind,1957,163.0,2.281934957328794
bb_ipp_ground_truth,wind,1958,163.08333333333337,2.275802516688706
bb_ipp_ground_truth,wind,1959,163.16666666666663,2.2616620228928714
bb_ipp_ground_truth,wind,1960,163.25,2.256284384332691
bb_ipp_ground_truth,wind,1961,163.33333333333337,2.25902727457619
bb_ipp_ground_truth,wind,1962,163.41666666666663,2.2552486971486005
bb_ipp_ground_truth,wind,1963,163.5,2.2525583264486357
bb_ipp_ground_truth,wind,1964,163.58333333333337,2.284615786707374
bb_ipp_ground_truth,wind,1965,163.66666666666663,2.26894196868261
bb_ipp_ground_truth,wind,1966,163.75,2.253080391578308
bb_ipp_ground_truth,wind,1967,163.83333333333337,2.2469084843436162
bb_ipp_ground_truth,wind,1968,163.91666666666663,2.2613934175410355
bb_ipp_ground_truth,wind,1969,164.0,2.2759983979628684
bb_ipp_ground_truth,wind,1970,164.08333333333337,2.28267792735179
bb_ipp_ground_truth,wind,1971,164.16666666666663,2.280844082638924
bb_ipp_ground_truth,wind,1972,164.25,2.2673943860385664
bb_ipp_ground_truth,wind,1973,164.33333333333337,2.2504093657870077
bb_ipp_ground_truth,wind,1974,164.41666666666663,2.2553997239183863
bb_ipp_ground_truth,wind,1975,164.5,2.253965260544161
bb_ipp_ground_truth,wind,1976,164.58333333333337,2.2648215793563664
bb_ipp_ground_truth,wind,1977,164.66666666666663,2.2624896783353363
bb_ipp_ground_truth,wind,1978,164.75,2.275718853043848
bb_ipp_ground_truth,wind,1979,164.83333333333337,2.267133944428183
bb_ipp_ground_truth,wind,1980,164.91666666666663,2.2626088758632377
bb_ipp_ground_truth,wind,1981,165.0,2.265406047026232
bb_ipp_ground_truth,wind,1982,165.08333333333337,2.277291412033736
bb_ipp_ground_truth,wind,1983,165.16666666666663,2.270784778618558
bb_ipp_ground_truth,wind,1984,165.25,2.2681889784069185
bb_ipp_ground_truth,wind,1985,165.33333333333337,2.261125370111721
bb_ipp_ground_truth,wind,1986,165.41666666666663,2.2722471725227282
bb_ipp_ground_truth,wind,1987,165.5,2.2733443409600387
bb_ipp_ground_truth,wind,1988,165.58333333333337,2.242492937047988
bb_ipp_ground_truth,wind,1989,165.66666666666663,2.252115214178719
bb_ipp_ground_truth,wind,1990,165.75,2.263968639290116
bb_ipp_ground_truth,wind,1991,165.83333333333337,2.2646633392809
bb_ipp_ground_truth,wind,1992,165.91666666666663,2.2576698770617156
bb_ipp_ground_truth,wind,1993,166.0,2.272552175843114
bb_ipp_ground_truth,wind,1994,166.08333333333337,2.26353156420948
bb_ipp_ground_truth,wind,1995,166.16666666666663,2.262096053932097
bb_ipp_ground_truth,wind,1996,166.25,2.2523181934544603
bb_ipp_ground_truth,wind,1997,166.33333333333337,2.256884974880079
bb_ipp_ground_truth,wind,1998,166.41666666666663,2.2585370789771355
bb_ipp_ground_truth,wind,1999,166.5,2.2689471487089006
bb_ipp_ground_truth,wind,2000,166.58333333333337,2.2596855924786015
bb_ipp_ground_truth,wind,2001,166.66666666666663,2.2651081557506436
bb_ipp_ground_truth,wind,2002,166.75,2.27139366689619
bb_ipp_ground_truth,wind,2003,166.83333333333337,2.2572042298359754
bb_ipp_ground_truth,wind,2004,166.91666666666663,2.267807552102889
bb_ipp_ground_truth,wind,2005,167.0,2.2677388179135263
bb_ipp_ground_truth,wind,2006,167.08333333333337,2.2712602237545902
bb_ipp_ground_truth,wind,2007,167.16666666666663,2.2546124360437108
bb_ipp_ground_truth,wind,2008,167.25,2.2441401966254806
bb_ipp_ground_truth,wind,2009,167.33333333333337,2.2224776753515787
bb_ipp_ground_truth,wind,2010,167.41666666666663,2.219084529724398
bb_ipp_ground_truth,wind,2011,167.5,2.2155041963247983
bb_ipp_ground_truth,wind,2012,167.58333333333337,2.231730346712696
bb_ipp_ground_truth,wind,2013,167.66666666666663,2.2231447524192687
bb_ipp_ground_truth,wind,2014,167.75,2.233905353536873
bb_ipp_ground_truth,wind,2015,167.83333333333337,2.260783781276684
bb_ipp_ground_truth,wind,2016,167.91666666666663,2.2470986018642956
bb_ipp_ground_truth,wind,2017,168.0,2.262708699648537
bb_ipp_ground_truth,wind,2018,168.08333333333337,2.254263768144275
bb_ipp_ground_truth,wind,2019,168.16666666666663,2.241459134587276
bb_ipp_ground_truth,wind,2020,168.25,2.2393356501747865
bb_ipp_ground_truth,wind,2021,168.33333333333337,2.2300448434044675
bb_ipp_ground_truth,wind,2022,168.41666666666663,2.2344670585290096
bb_ipp_ground_truth,wind,2023,168.5,2.236153285444591
bb_ipp_ground_truth,wind,2024,168.58333333333337,2.263505109788398
bb_ipp_ground_truth,wind,2025,168.66666666666663,2.2466324750767863
bb_ipp_ground_truth,wind,2026,168.75,2.261472179324074
bb_ipp_ground_truth,wind,2027,168.83333333333337,2.265137360039918
bb_ipp_ground_truth,wind,2028,168.91666666666663,2.2539338935319813
bb_ipp_ground_truth,wind,2029,169.0,2.2796390092761674
bb_ipp_ground_truth,wind,2030,169.08333333333337,2.2802378238793013
bb_ipp_ground_truth,wind,2031,169.16666666666663,2.2485897270685378
bb_ipp_ground_truth,wind,2032,169.25,2.251837460929032
bb_ipp_ground_truth,wind,2033,169.33333333333337,2.267046808798072
bb_ipp_ground_truth,wind,2034,169.41666666666663,2.263723598509111
bb_ipp_ground_truth,wind,2035,169.5,2.2972134343528783
bb_ipp_ground_truth,wind,2036,169.58333333333337,2.3058164293800907
bb_ipp_ground_truth,wind,2037,169.66666666666663,2.320978941702466
bb_ipp_ground_truth,wind,2038,169.75,2.2913925074034167
bb_ipp_ground_truth,wind,2039,169.83333333333337,2.319279019504997
bb_ipp_ground_truth,wind,2040,169.91666666666663,2.3439161211179176
bb_ipp_ground_truth,wind,2041,170.0,2.3285106484594134
bb_ipp_ground_truth,wind,2042,170.08333333333337,2.3404514592525056
bb_ipp_ground_truth,wind,2043,170.16666666666663,2.33981677305515
bb_ipp_ground_truth,wind,2044,170.25,2.3662754486973268
bb_ipp_ground_truth,wind,2045,170.33333333333337,2.352374071556269
bb_ipp_ground_truth,wind,2046,170.41666666666663,2.360523521899963
bb_ipp_ground_truth,wind,2047,170.5,2.3274349541576735
bb_ipp_ground_truth,wind,2048,170.58333333333337,2.3597686066528007
bb_ipp_ground_truth,wind,2049,170.66666666666663,2.35296943021987
bb_ipp_ground_truth,wind,2050,170.75,2.3540470775019453
bb_ipp_ground_truth,wind,2051,170.83333333333337,2.347032021847973
bb_ipp_ground_truth,wind,2052,170.91666666666663,2.358771146074148
bb_ipp_ground_truth,wind,2053,171.0,2.3542848770265175
bb_ipp_ground_truth,wind,2054,171.08333333333337,2.3530357665400157
bb_ipp_ground_truth,wind,2055,171.16666666666663,2.3389479328618505
bb_ipp_ground_truth,wind,2056,171.25,2.322151579700922
bb_ipp_ground_truth,wind,2057,171.33333333333337,2.3209395103292656
bb_ipp_ground_truth,wind,2058,171.41666666666663,2.3442814592929757
bb_ipp_ground_truth,wind,2059,171.5,2.32751264461403
bb_ipp_ground_truth,wind,2060,171.58333333333337,2.339985084554268
bb_ipp_ground_truth,wind,2061,171.66666666666663,2.3186961423277634
bb_ipp_ground_truth,wind,2062,171.75,2.3253784836901192
bb_ipp_ground_truth,wind,2063,171.83333333333337,2.3133808754315854
bb_ipp_ground_truth,wind,2064,171.91666666666663,2.3276575460183713
bb_ipp_ground_truth,wind,2065,172.0,2.322106763628606
bb_ipp_ground_truth,wind,2066,172.08333333333337,2.328870898657958
bb_ipp_ground_truth,wind,2067,172.16666666666663,2.3348258622972473
bb_ipp_ground_truth,wind,2068,172.25,2.3341390864409264
bb_ipp_ground_truth,wind,2069,172.33333333333337,2.348325979837576
bb_ipp_ground_truth,wind,2070,172.41666666666663,2.344296512717092
bb_ipp_ground_truth,wind,2071,172.5,2.3216631346147265
bb_ipp_ground_truth,wind,2072,172.58333333333337,2.3328493551608065
bb_ipp_ground_truth,wind,2073,172.66666666666663,2.3031945037846477
bb_ipp_ground_truth,wind,2074,172.75,2.3168746008098786
bb_ipp_ground_truth,wind,2075,172.83333333333337,2.3365035701055303
bb_ipp_ground_truth,wind,2076,172.91666666666663,2.3208114552200563
bb_ipp_ground_truth,wind,2077,173.0,2.299828811409861
bb_ipp_ground_truth,wind,2078,173.08333333333337,2.2979762708171414
bb_ipp_ground_truth,wind,2079,173.16666666666663,2.2927708333871557
bb_ipp_ground_truth,wind,2080,173.25,2.312455515492526
bb_ipp_ground_truth,wind,2081,173.33333333333337,2.3029336219866816
bb_ipp_ground_truth,wind,2082,173.41666666666663,2.290470892213085
bb_ipp_ground_truth,wind,2083,173.5,2.280243013651342
bb_ipp_ground_truth,wind,2084,173.58333333333337,2.289044235047191
bb_ipp_ground_truth,wind,2085,173.66666666666663,2.2880874947883965
bb_ipp_ground_truth,wind,2086,173.75,2.2665473801063287
bb_ipp_ground_truth,wind,2087,173.83333333333337,2.2850714146948627
bb_ipp_ground_truth,wind,2088,173.91666666666663,2.2845492982652975
bb_ipp_ground_truth,wind,2089,174.0,2.292196359388805
bb_ipp_ground_truth,wind,2090,174.08333333333337,2.2944412163558527
bb_ipp_ground_truth,wind,2091,174.16666666666663,2.2764853404579513
bb_ipp_ground_truth,wind,2092,174.25,2.2705359610728224
bb_ipp_ground_truth,wind,2093,174.33333333333337,2.260912380694479
bb_ipp_ground_truth,wind,2094,174.41666666666663,2.276415669971233
bb_ipp_ground_truth,wind,2095,174.5,2.2808512104729455
bb_ipp_ground_truth,wind,2096,174.58333333333337,2.2728146877176196
bb_ipp_ground_truth,wind,2097,174.66666666666663,2.286650557713157
bb_ipp_ground_truth,wind,2098,174.75,2.2946847471478495
bb_ipp_ground_truth,wind,2099,174.83333333333337,2.2861739372100263
bb_ipp_ground_truth,wind,2100,174.91666666666663,2.2907109755014003
bb_ipp_ground_truth,wind,2101,175.0,2.3004159914286153
bb_ipp_ground_truth,wind,2102,175.08333333333337,2.2923337592250945
bb_ipp_ground_truth,wind,2103,175.16666666666663,2.289405838844874
bb_ipp_ground_truth,wind,2104,175.25,2.31060140442953
bb_ipp_ground_truth,wind,2105,175.33333333333337,2.297936914741357
bb_ipp_ground_truth,wind,2106,175.41666666666663,2.2976404406589723
bb_ipp_ground_truth,wind,2107,175.5,2.30010410378623
bb_ipp_ground_truth,wind,2108,175.58333333333337,2.30160560638208
bb_ipp_ground_truth,wind,2109,175.66666666666663,2.279999206343654
bb_ipp_ground_truth,wind,2110,175.75,2.2914692354285777
bb_ipp_ground_truth,wind,2111,175.83333333333337,2.3118257331404273
bb_ipp_ground_truth,wind,2112,175.91666666666663,2.3035978652032263
bb_ipp_ground_truth,wind,2113,176.0,2.2997275072059193
bb_ipp_ground_truth,wind,2114,176.08333333333337,2.3282408302384865
bb_ipp_ground_truth,wind,2115,176.16666666666663,2.328333964800376
bb_ipp_ground_truth,wind,2116,176.25,2.36050858059031
bb_ipp_ground_truth,wind,2117,176.33333333333337,2.35146402228258
bb_ipp_ground_truth,wind,2118,176.41666666666663,2.3259965524673936
bb_ipp_ground_truth,wind,2119,176.5,2.311548501381802
bb_ipp_ground_truth,wind,2120,176.58333333333337,2.288434567050387
bb_ipp_ground_truth,wind,2121,176.66666666666663,2.3335728773975637
bb_ipp_ground_truth,wind,2122,176.75,2.32456221118702
bb_ipp_ground_truth,wind,2123,176.83333333333337,2.345329001831979
bb_ipp_ground_truth,wind,2124,176.91666666666663,2.3337774840241745
bb_ipp_ground_truth,wind,2125,177.0,2.320462369782146
bb_ipp_ground_truth,wind,2126,177.08333333333337,2.3252191144745558
bb_ipp_ground_truth,wind,2127,177.16666666666663,2.3047365465623
bb_ipp_ground_truth,wind,2128,177.25,2.3306981605325507
bb_ipp_ground_truth,wind,2129,177.33333333333337,2.3085571683132398
bb_ipp_ground_truth,wind,2130,177.41666666666663,2.27912430904024
bb_ipp_ground_truth,wind,2131,177.5,2.267686251612433
bb_ipp_ground_truth,wind,2132,177.58333333333337,2.256776519615038
bb_ipp_ground_truth,wind,2133,177.66666666666663,2.236142800106141
bb_ipp_ground_truth,wind,2134,177.75,2.2445632992501565
bb_ipp_ground_truth,wind,2135,177.83333333333337,2.242708604842529
bb_ipp_ground_truth,wind,2136,177.91666666666663,2.247857927673527
bb_ipp_ground_truth,wind,2137,178.0,2.263118130326662
bb_ipp_ground_truth,wind,2138,178.08333333333337,2.2614756510228555
bb_ipp_ground_truth,wind,2139,178.16666666666663,2.2486266905612724
bb_ipp_ground_truth,wind,2140,178.25,2.2262139448480798
bb_ipp_ground_truth,wind,2141,178.33333333333337,2.2084158083843795
bb_ipp_ground_truth,wind,2142,178.41666666666663,2.2057562283423544
bb_ipp_ground_truth,wind,2143,178.5,2.2048002458608655
bb_ipp_ground_truth,wind,2144,178.58333333333337,2.214391421221524
bb_ipp_ground_truth,wind,2145,178.66666666666663,2.224159158079569
bb_ipp_ground_truth,wind,2146,178.75,2.2422691735871236
bb_ipp_ground_truth,wind,2147,178.83333333333337,2.2489791333686697
bb_ipp_ground_truth,wind,2148,178.91666666666663,2.2393157806873183
bb_ipp_ground_truth,wind,2149,179.0,2.244145834104562
bb_ipp_ground_truth,wind,2150,179.08333333333337,2.2429002641885845
bb_ipp_ground_truth,wind,2151,179.16666666666663,2.248572370831156
bb_ipp_ground_truth,wind,2152,179.25,2.249658086964223
bb_ipp_ground_truth,wind,2153,179.33333333333337,2.2365026682363376
bb_ipp_ground_truth,wind,2154,179.41666666666663,2.237161600483777
bb_ipp_ground_truth,wind,2155,179.5,2.2586064358457105
bb_ipp_ground_truth,wind,2156,179.58333333333337,2.2782034974943413
bb_ipp_ground_truth,wind,2157,179.66666666666663,2.2673656644680316
bb_ipp_ground_truth,wind,2158,179.75,2.2523968733100683
bb_ipp_ground_truth,wind,2159,179.83333333333337,2.2341667191153585
bb_ipp_ground_truth,wind,2160,179.91666666666663,2.247297302701447
bb_ipp_ground_truth,wind,2161,180.0,2.2472280187471445
bb_ipp_ground_truth,wind,2162,180.08333333333337,2.2380838590855627
bb_ipp_ground_truth,wind,2163,180.16666666666663,2.2279785122588347
bb_ipp_ground_truth,wind,2164,180.25,2.2276951533794307
bb_ipp_ground_truth,wind,2165,180.33333333333337,2.235425478379747
bb_ipp_ground_truth,wind,2166,180.41666666666663,2.236077337001051
bb_ipp_ground_truth,wind,2167,180.5,2.233695492855212
bb_ipp_ground_truth,wind,2168,180.58333333333337,2.239321450861002
bb_ipp_ground_truth,wind,2169,180.66666666666663,2.252021527315203
bb_ipp_ground_truth,wind,2170,180.75,2.265739014010575
bb_ipp_ground_truth,wind,2171,180.83333333333337,2.254937054781392
bb_ipp_ground_truth,wind,2172,180.91666666666663,2.237083011472393
bb_ipp_ground_truth,wind,2173,181.0,2.233707530559673
bb_ipp_ground_truth,wind,2174,181.08333333333337,2.242043237760418
bb_ipp_ground_truth,wind,2175,181.16666666666663,2.250358667096343
bb_ipp_ground_truth,wind,2176,181.25,2.2511881994527294
bb_ipp_ground_truth,wind,2177,181.33333333333337,2.2556585119185635
bb_ipp_ground_truth,wind,2178,181.41666666666663,2.2582186616131703
bb_ipp_ground_truth,wind,2179,181.5,2.2427573999666093
bb_ipp_ground_truth,wind,2180,181.58333333333337,2.254253470725627
bb_ipp_ground_truth,wind,2181,181.66666666666663,2.2471551840695487
bb_ipp_ground_truth,wind,2182,181.75,2.2590802410472577
bb_ipp_ground_truth,wind,2183,181.83333333333337,2.2402170216114863
bb_ipp_ground_truth,wind,2184,181.91666666666663,2.2381708457827427
bb_ipp_ground_truth,wind,2185,182.0,2.2392837848677387
bb_ipp_ground_truth,wind,2186,182.08333333333337,2.2390741480073717
bb_ipp_ground_truth,wind,2187,182.16666666666663,2.234484569588355
bb_ipp_ground_truth,wind,2188,182.25,2.2140260209565756
bb_ipp_ground_truth,wind,2189,182.33333333333337,2.2329898538496575
bb_ipp_ground_truth,wind,2190,182.41666666666663,2.226374859892804
bb_ipp_ground_truth,wind,2191,182.5,2.2117667802665406
bb_ipp_ground_truth,wind,2192,182.58333333333337,2.227344068205239
bb_ipp_ground_truth,wind,2193,182.66666666666663,2.230674471287735
bb_ipp_ground_truth,wind,2194,182.75,2.2088654488453963
bb_ipp_ground_truth,wind,2195,182.83333333333337,2.21080675870685
bb_ipp_ground_truth,wind,2196,182.91666666666663,2.214065576596849
bb_ipp_ground_truth,wind,2197,183.0,2.2224798666082566
bb_ipp_ground_truth,wind,2198,183.08333333333337,2.228854391826614
bb_ipp_ground_truth,wind,2199,183.16666666666663,2.21907994928097
bb_ipp_ground_truth,wind,2200,183.25,2.234228584576965
bb_ipp_ground_truth,wind,2201,183.33333333333337,2.216252459995152
bb_ipp_ground_truth,wind,2202,183.41666666666663,2.209248834069637
bb_ipp_ground_truth,wind,2203,183.5,2.221740572022441
bb_ipp_ground_truth,wind,2204,183.58333333333337,2.2258164337068536
bb_ipp_ground_truth,wind,2205,183.66666666666663,2.187052932532519
bb_ipp_ground_truth,wind,2206,183.75,2.18621989300468
bb_ipp_ground_truth,wind,2207,183.83333333333337,2.184987645768693
bb_ipp_ground_truth,wind,2208,183.91666666666663,2.1918655297252485
bb_ipp_ground_truth,wind,2209,184.0,2.1699076926139154
bb_ipp_ground_truth,wind,2210,184.08333333333337,2.1737853479123257
bb_ipp_ground_truth,wind,2211,184.16666666666663,2.1854498004473406
bb_ipp_ground_truth,wind,2212,184.25,2.173456689767174
bb_ipp_ground_truth,wind,2213,184.33333333333337,2.1742376846060725
bb_ipp_ground_truth,wind,2214,184.41666666666663,2.171455453176777
bb_ipp_ground_truth,wind,2215,184.5,2.162759014485513
bb_ipp_ground_truth,wind,2216,184.58333333333337,2.200887276173926
bb_ipp_ground_truth,wind,2217,184.66666666666663,2.1838338292906143
bb_ipp_ground_truth,wind,2218,184.75,2.1831040183963957
bb_ipp_ground_truth,wind,2219,184.83333333333337,2.1754816478835517
bb_ipp_ground_truth,wind,2220,184.91666666666663,2.2195460026933618
bb_ipp_ground_truth,wind,2221,185.0,2.1964792830882742
bb_ipp_ground_truth,wind,2222,185.08333333333337,2.222327837996715
bb_ipp_ground_truth,wind,2223,185.16666666666663,2.2173002068923817
bb_ipp_ground_truth,wind,2224,185.25,2.2117638849236076
bb_ipp_ground_truth,wind,2225,185.33333333333337,2.219830263200231
bb_ipp_ground_truth,wind,2226,185.41666666666663,2.242728471154137
bb_ipp_ground_truth,wind,2227,185.5,2.2533569741253454
bb_ipp_ground_truth,wind,2228,185.58333333333337,2.257972215535842
bb_ipp_ground_truth,wind,2229,185.66666666666663,2.237013599995139
bb_ipp_ground_truth,wind,2230,185.75,2.2365976871193705
bb_ipp_ground_truth,wind,2231,185.83333333333337,2.2217128011423966
bb_ipp_ground_truth,wind,2232,185.91666666666663,2.2226665193133646
bb_ipp_ground_truth,wind,2233,186.0,2.20786937977816
bb_ipp_ground_truth,wind,2234,186.08333333333337,2.1941027682201497
bb_ipp_ground_truth,wind,2235,186.16666666666663,2.213783964826785
bb_ipp_ground_truth,wind,2236,186.25,2.194730931758455
bb_ipp_ground_truth,wind,2237,186.33333333333337,2.228827139511571
bb_ipp_ground_truth,wind,2238,186.41666666666663,2.2433624861287633
bb_ipp_ground_truth,wind,2239,186.5,2.2433615589550246
bb_ipp_ground_truth,wind,2240,186.58333333333337,2.253416542785442
bb_ipp_ground_truth,wind,2241,186.66666666666663,2.2531766748951836
bb_ipp_ground_truth,wind,2242,186.75,2.279414320776043
bb_ipp_ground_truth,wind,2243,186.83333333333337,2.2726115141004577
bb_ipp_ground_truth,wind,2244,186.91666666666663,2.2562741870175747
bb_ipp_ground_truth,wind,2245,187.0,2.23735851277084
bb_ipp_ground_truth,wind,2246,187.08333333333337,2.222182783072782
bb_ipp_ground_truth,wind,2247,187.16666666666663,2.2236963171790474
bb_ipp_ground_truth,wind,2248,187.25,2.2226311891670556
bb_ipp_ground_truth,wind,2249,187.33333333333337,2.241855152489061
bb_ipp_ground_truth,wind,2250,187.41666666666663,2.2520777670787346
bb_ipp_ground_truth,wind,2251,187.5,2.2588708003906115
bb_ipp_ground_truth,wind,2252,187.58333333333337,2.252101523952757
bb_ipp_ground_truth,wind,2253,187.66666666666663,2.2429194593292863
bb_ipp_ground_truth,wind,2254,187.75,2.229961579159467
bb_ipp_ground_truth,wind,2255,187.83333333333337,2.2307362203260195
bb_ipp_ground_truth,wind,2256,187.91666666666663,2.2344399292985107
bb_ipp_ground_truth,wind,2257,188.0,2.2237304212879256
bb_ipp_ground_truth,wind,2258,188.08333333333337,2.2338460699874756
bb_ipp_ground_truth,wind,2259,188.16666666666663,2.2272442984057466
bb_ipp_ground_truth,wind,2260,188.25,2.2203370402572147
bb_ipp_ground_truth,wind,2261,188.33333333333337,2.2094430562222467
bb_ipp_ground_truth,wind,2262,188.41666666666663,2.2081103448600246
bb_ipp_ground_truth,wind,2263,188.5,2.2147401171746806
bb_ipp_ground_truth,wind,2264,188.58333333333337,2.22282063234046
bb_ipp_ground_truth,wind,2265,188.66666666666663,2.207986910043703
bb_ipp_ground_truth,wind,2266,188.75,2.2180383891858755
bb_ipp_ground_truth,wind,2267,188.83333333333337,2.232387056612531
bb_ipp_ground_truth,wind,2268,188.91666666666663,2.2152545221067745
bb_ipp_ground_truth,wind,2269,189.0,2.2156227393388424
bb_ipp_ground_truth,wind,2270,189.08333333333337,2.2162466961357694
bb_ipp_ground_truth,wind,2271,189.16666666666663,2.2136801579488017
bb_ipp_ground_truth,wind,2272,189.25,2.220664748781881
bb_ipp_ground_truth,wind,2273,189.33333333333337,2.231174267126192
bb_ipp_ground_truth,wind,2274,189.41666666666663,2.21982051669245
bb_ipp_ground_truth,wind,2275,189.5,2.237992210830105
bb_ipp_ground_truth,wind,2276,189.58333333333337,2.2360024089882766
bb_ipp_ground_truth,wind,2277,189.66666666666663,2.2450964369967443
bb_ipp_ground_truth,wind,2278,189.75,2.234256961332193
bb_ipp_ground_truth,wind,2279,189.83333333333337,2.2448688205267606
bb_ipp_ground_truth,wind,2280,189.91666666666663,2.2315890011051875
bb_ipp_ground_truth,wind,2281,190.0,2.2279357583226487
bb_ipp_ground_truth,wind,2282,190.08333333333337,2.220712092951418
bb_ipp_ground_truth,wind,2283,190.16666666666663,2.2152997162723445
bb_ipp_ground_truth,wind,2284,190.25,2.2054400453049094
bb_ipp_ground_truth,wind,2285,190.33333333333337,2.2146232689451018
bb_ipp_ground_truth,wind,2286,190.41666666666663,2.2420482850933365
bb_ipp_ground_truth,wind,2287,190.5,2.246774019316277
bb_ipp_ground_truth,wind,2288,190.58333333333337,2.224458950638836
bb_ipp_ground_truth,wind,2289,190.66666666666663,2.2254913996688166
bb_ipp_ground_truth,wind,2290,190.75,2.2385924396620482
bb_ipp_ground_truth,wind,2291,190.83333333333337,2.25098539435794
bb_ipp_ground_truth,wind,2292,190.91666666666663,2.245350660011652
bb_ipp_ground_truth,wind,2293,191.0,2.26369780102154
bb_ipp_ground_truth,wind,2294,191.08333333333337,2.246905111698714
bb_ipp_ground_truth,wind,2295,191.16666666666663,2.2497231177240264
bb_ipp_ground_truth,wind,2296,191.25,2.2564012378406493
bb_ipp_ground_truth,wind,2297,191.33333333333337,2.235548355276225
bb_ipp_ground_truth,wind,2298,191.41666666666663,2.2321323192237092
bb_ipp_ground_truth,wind,2299,191.5,2.2400289569989518
bb_ipp_ground_truth,wind,2300,191.58333333333337,2.2498684966946003
bb_ipp_ground_truth,wind,2301,191.66666666666663,2.2810173522583725
bb_ipp_ground_truth,wind,2302,191.75,2.2776281834259
bb_ipp_ground_truth,wind,2303,191.83333333333337,2.264431404737228
bb_ipp_ground_truth,wind,2304,191.91666666666663,2.2465569203454128
bb_ipp_ground_truth,wind,2305,192.0,2.2535863795458284
bb_ipp_ground_truth,wind,2306,192.08333333333337,2.2370587299344966
bb_ipp_ground_truth,wind,2307,192.16666666666663,2.2409006409670282
bb_ipp_ground_truth,wind,2308,192.25,2.222863633435595
bb_ipp_ground_truth,wind,2309,192.33333333333337,2.2132366536283667
bb_ipp_ground_truth,wind,2310,192.41666666666663,2.21327198288607
bb_ipp_ground_truth,wind,2311,192.5,2.2031314835474
bb_ipp_ground_truth,wind,2312,192.58333333333337,2.2248685792825307
bb_ipp_ground_truth,wind,2313,192.66666666666663,2.215997251593931
bb_ipp_ground_truth,wind,2314,192.75,2.2252400505248966
bb_ipp_ground_truth,wind,2315,192.83333333333337,2.2317522337385127
bb_ipp_ground_truth,wind,2316,192.91666666666663,2.2153943462158274
bb_ipp_ground_truth,wind,2317,193.0,2.2088589053365215
bb_ipp_ground_truth,wind,2318,193.08333333333337,2.1980196865858064
bb_ipp_ground_truth,wind,2319,193.16666666666663,2.1729013990235964
bb_ipp_ground_truth,wind,2320,193.25,2.195634093732812
bb_ipp_ground_truth,wind,2321,193.33333333333337,2.199250992716352
bb_ipp_ground_truth,wind,2322,193.41666666666663,2.2182174866109055
bb_ipp_ground_truth,wind,2323,193.5,2.219885677474927
bb_ipp_ground_truth,wind,2324,193.58333333333337,2.2344641999273955
bb_ipp_ground_truth,wind,2325,193.66666666666663,2.2229184272051223
bb_ipp_ground_truth,wind,2326,193.75,2.2469886092248474
bb_ipp_ground_truth,wind,2327,193.83333333333337,2.22373059987247
bb_ipp_ground_truth,wind,2328,193.91666666666663,2.2089596647617302
bb_ipp_ground_truth,wind,2329,194.0,2.220968836660913
bb_ipp_ground_truth,wind,2330,194.08333333333337,2.218898612226217
bb_ipp_ground_truth,wind,2331,194.16666666666663,2.2278895449575815
bb_ipp_ground_truth,wind,2332,194.25,2.2247825623317143
bb_ipp_ground_truth,wind,2333,194.33333333333337,2.2362101428717787
bb_ipp_ground_truth,wind,2334,194.41666666666663,2.2055809861201845
bb_ipp_ground_truth,wind,2335,194.5,2.199502900658361
bb_ipp_ground_truth,wind,2336,194.58333333333337,2.2123827090744284
bb_ipp_ground_truth,wind,2337,194.66666666666663,2.2062076186647093
bb_ipp_ground_truth,wind,2338,194.75,2.198732818572536
bb_ipp_ground_truth,wind,2339,194.83333333333337,2.1874296733303047
bb_ipp_ground_truth,wind,2340,194.91666666666663,2.2106583506297413
bb_ipp_ground_truth,wind,2341,195.0,2.2047828516331003
bb_ipp_ground_truth,wind,2342,195.08333333333337,2.1889296858873752
bb_ipp_ground_truth,wind,2343,195.16666666666663,2.203002943772061
bb_ipp_ground_truth,wind,2344,195.25,2.208325832763935
bb_ipp_ground_truth,wind,2345,195.33333333333337,2.2068655040538716
bb_ipp_ground_truth,wind,2346,195.41666666666663,2.17777497940935
bb_ipp_ground_truth,wind,2347,195.5,2.1909119925257836
bb_ipp_ground_truth,wind,2348,195.58333333333337,2.180365127525908
bb_ipp_ground_truth,wind,2349,195.66666666666663,2.1946374652736953
bb_ipp_ground_truth,wind,2350,195.75,2.192344114608289
bb_ipp_ground_truth,wind,2351,195.83333333333337,2.1936552574729595
bb_ipp_ground_truth,wind,2352,195.91666666666663,2.1813177444940517
bb_ipp_ground_truth,wind,2353,196.0,2.1923946141849178
bb_ipp_ground_truth,wind,2354,196.08333333333337,2.2097728168303634
bb_ipp_ground_truth,wind,2355,196.16666666666663,2.2116182652450194
bb_ipp_ground_truth,wind,2356,196.25,2.194695157918844
bb_ipp_ground_truth,wind,2357,196.33333333333337,2.1878632679406733
bb_ipp_ground_truth,wind,2358,196.41666666666663,2.1913821505979865
bb_ipp_ground_truth,wind,2359,196.5,2.187439562997777
bb_ipp_ground_truth,wind,2360,196.58333333333337,2.1854476392428523
bb_ipp_ground_truth,wind,2361,196.66666666666663,2.1792574366555653
bb_ipp_ground_truth,wind,2362,196.75,2.198880946127716
bb_ipp_ground_truth,wind,2363,196.83333333333337,2.1821358094720456
bb_ipp_ground_truth,wind,2364,196.91666666666663,2.1839614327714694
bb_ipp_ground_truth,wind,2365,197.0,2.1981586333064937
bb_ipp_ground_truth,wind,2366,197.08333333333337,2.196228487991977
bb_ipp_ground_truth,wind,2367,197.16666666666663,2.1937268688378673
bb_ipp_ground_truth,wind,2368,197.25,2.2011596531418594
bb_ipp_ground_truth,wind,2369,197.33333333333337,2.2048603456362743
bb_ipp_ground_truth,wind,2370,197.41666666666663,2.2033444498948844
bb_ipp_ground_truth,wind,2371,197.5,2.1972846625430553
bb_ipp_ground_truth,wind,2372,197.58333333333337,2.1892172451866805
bb_ipp_ground_truth,wind,2373,197.66666666666663,2.19899245052121
bb_ipp_ground_truth,wind,2374,197.75,2.186367226051192
bb_ipp_ground_truth,wind,2375,197.83333333333337,2.1931115093081197
bb_ipp_ground_truth,wind,2376,197.91666666666663,2.1979445114616207
bb_ipp_ground_truth,wind,2377,198.0,2.202320395005497
bb_ipp_ground_truth,wind,2378,198.08333333333337,2.19392739200637
bb_ipp_ground_truth,wind,2379,198.16666666666663,2.197215630716361
bb_ipp_ground_truth,wind,2380,198.25,2.1870016495159823
bb_ipp_ground_truth,wind,2381,198.33333333333337,2.1679130636632444
bb_ipp_ground_truth,wind,2382,198.41666666666663,2.170738552266802
bb_ipp_ground_truth,wind,2383,198.5,2.175159978829918
bb_ipp_ground_truth,wind,2384,198.58333333333337,2.1786914934933526
bb_ipp_ground_truth,wind,2385,198.66666666666663,2.1827521322140533
bb_ipp_ground_truth,wind,2386,198.75,2.1624274942081008
bb_ipp_ground_truth,wind,2387,198.83333333333337,2.1686236864772876
bb_ipp_ground_truth,wind,2388,198.91666666666663,2.185415060118287
bb_ipp_ground_truth,wind,2389,199.0,2.194211152584508
bb_ipp_ground_truth,wind,2390,199.08333333333337,2.1751777793528513
bb_ipp_ground_truth,wind,2391,199.16666666666663,2.172534166374526
bb_ipp_ground_truth,wind,2392,199.25,2.1862549123629593
bb_ipp_ground_truth,wind,2393,199.33333333333337,2.1833317048505525
bb_ipp_ground_truth,wind,2394,199.41666666666663,2.1757378056111216
bb_ipp_ground_truth,wind,2395,199.5,2.1596133484695716
bb_ipp_ground_truth,wind,2396,199.58333333333337,2.1718663773606783
bb_ipp_ground_truth,wind,2397,199.66666666666663,2.181680356922261
bb_ipp_ground_truth,wind,2398,199.75,2.2028623027273837
bb_ipp_ground_truth,wind,2399,199.83333333333337,2.2081081684468393
bb_ipp_ground_truth,wind,2400,199.91666666666663,2.2182530291786646
bb_ipp_ground_truth,wind,2401,200.0,2.210873796594575
bb_ipp_ground_truth,wind,2402,200.08333333333337,2.1833596163334947
bb_ipp_ground_truth,wind,2403,200.16666666666663,2.1968781682846954
bb_ipp_ground_truth,wind,2404,200.25,2.204266806610196
bb_ipp_ground_truth,wind,2405,200.33333333333337,2.1990955253629156
bb_ipp_ground_truth,wind,2406,200.41666666666663,2.1571437626206844
bb_ipp_ground_truth,wind,2407,200.5,2.1970909294588528
bb_ipp_ground_truth,wind,2408,200.58333333333337,2.1838139316515353
bb_ipp_ground_truth,wind,2409,200.66666666666663,2.206147959009165
bb_ipp_ground_truth,wind,2410,200.75,2.2082285383223157
bb_ipp_ground_truth,wind,2411,200.83333333333337,2.233237281752834
bb_ipp_ground_truth,wind,2412,200.91666666666663,2.2189808050995437
bb_ipp_ground_truth,wind,2413,201.0,2.2262039243906804
bb_ipp_ground_truth,wind,2414,201.08333333333337,2.235083442579661
bb_ipp_ground_truth,wind,2415,201.16666666666663,2.247272207007697
bb_ipp_ground_truth,wind,2416,201.25,2.2539869712365284
bb_ipp_ground_truth,wind,2417,201.33333333333337,2.2304468056843914
bb_ipp_ground_truth,wind,2418,201.41666666666663,2.2332090228807195
bb_ipp_ground_truth,wind,2419,201.5,2.2336867690391027
bb_ipp_ground_truth,wind,2420,201.58333333333337,2.2497086070337615
bb_ipp_ground_truth,wind,2421,201.66666666666663,2.223591390621959
bb_ipp_ground_truth,wind,2422,201.75,2.24002637558104
bb_ipp_ground_truth,wind,2423,201.83333333333337,2.273838226112755
bb_ipp_ground_truth,wind,2424,201.91666666666663,2.291074069964279
bb_ipp_ground_truth,wind,2425,202.0,2.2988175264914514
bb_ipp_ground_truth,wind,2426,202.08333333333337,2.298951601758742
bb_ipp_ground_truth,wind,2427,202.16666666666663,2.3216188495098877
bb_ipp_ground_truth,wind,2428,202.25,2.313619897539551
bb_ipp_ground_truth,wind,2429,202.33333333333337,2.2990021942784096
bb_ipp_ground_truth,wind,2430,202.41666666666663,2.2872820412654487
bb_ipp_ground_truth,wind,2431,202.5,2.2600191627317683
bb_ipp_ground_truth,wind,2432,202.58333333333337,2.2478514229484405
bb_ipp_ground_truth,wind,2433,202.66666666666663,2.2477010576573417
bb_ipp_ground_truth,wind,2434,202.75,2.261431548918333
bb_ipp_ground_truth,wind,2435,202.83333333333337,2.2512525090163207
bb_ipp_ground_truth,wind,2436,202.91666666666663,2.2598776246485643
bb_ipp_ground_truth,wind,2437,203.0,2.2543237231012188
bb_ipp_ground_truth,wind,2438,203.08333333333337,2.2418828186574404
bb_ipp_ground_truth,wind,2439,203.16666666666663,2.2343800510625713
bb_ipp_ground_truth,wind,2440,203.25,2.2463522392296835
bb_ipp_ground_truth,wind,2441,203.33333333333337,2.2536089578852003
bb_ipp_ground_truth,wind,2442,203.41666666666663,2.252406668834927
bb_ipp_ground_truth,wind,2443,203.5,2.2560035889205348
bb_ipp_ground_truth,wind,2444,203.58333333333337,2.2690776567911546
bb_ipp_ground_truth,wind,2445,203.66666666666663,2.269928642457294
bb_ipp_ground_truth,wind,2446,203.75,2.2717450017972096
bb_ipp_ground_truth,wind,2447,203.83333333333337,2.261208813338189
bb_ipp_ground_truth,wind,2448,203.91666666666663,2.2586562733769897
bb_ipp_ground_truth,wind,2449,204.0,2.2654030898427204
bb_ipp_ground_truth,wind,2450,204.08333333333337,2.2579409695237467
bb_ipp_ground_truth,wind,2451,204.16666666666663,2.261733352819798
bb_ipp_ground_truth,wind,2452,204.25,2.2514923652791996
bb_ipp_ground_truth,wind,2453,204.33333333333337,2.2494499467155897
bb_ipp_ground_truth,wind,2454,204.41666666666663,2.2410999612513542
bb_ipp_ground_truth,wind,2455,204.5,2.2509099850070666
bb_ipp_ground_truth,wind,2456,204.58333333333337,2.2532453698352763
bb_ipp_ground_truth,wind,2457,204.66666666666663,2.2582756668663335
bb_ipp_ground_truth,wind,2458,204.75,2.2629420510338742
bb_ipp_ground_truth,wind,2459,204.83333333333337,2.248361014956409
bb_ipp_ground_truth,wind,2460,204.91666666666663,2.2479475792354147
bb_ipp_ground_truth,wind,2461,205.0,2.251929969542618
bb_ipp_ground_truth,wind,2462,205.08333333333337,2.2389545834634266
bb_ipp_ground_truth,wind,2463,205.16666666666663,2.2454800663551655
bb_ipp_ground_truth,wind,2464,205.25,2.2654721342460227
bb_ipp_ground_truth,wind,2465,205.33333333333337,2.247851770778129
bb_ipp_ground_truth,wind,2466,205.41666666666663,2.2532455006849896
bb_ipp_ground_truth,wind,2467,205.5,2.244663629977461
bb_ipp_ground_truth,wind,2468,205.58333333333337,2.264319037690924
bb_ipp_ground_truth,wind,2469,205.66666666666663,2.248070717143779
bb_ipp_ground_truth,wind,2470,205.75,2.2592505134974084
bb_ipp_ground_truth,wind,2471,205.83333333333337,2.2607592014925815
bb_ipp_ground_truth,wind,2472,205.91666666666663,2.277790686631158
bb_ipp_ground_truth,wind,2473,206.0,2.2792078405742853
bb_ipp_ground_truth,wind,2474,206.08333333333337,2.2722685513795526
bb_ipp_ground_truth,wind,2475,206.16666666666663,2.2671078603088635
bb_ipp_ground_truth,wind,2476,206.25,2.2584970710400367
bb_ipp_ground_truth,wind,2477,206.33333333333337,2.2665645469394606
bb_ipp_ground_truth,wind,2478,206.41666666666663,2.290316160048421
bb_ipp_ground_truth,wind,2479,206.5,2.3038363581016763
bb_ipp_ground_truth,wind,2480,206.58333333333337,2.292286224719972
bb_ipp_ground_truth,wind,2481,206.66666666666663,2.2842073285247326
bb_ipp_ground_truth,wind,2482,206.75,2.305632799751122
bb_ipp_ground_truth,wind,2483,206.83333333333337,2.284441660542675
bb_ipp_ground_truth,wind,2484,206.91666666666663,2.280267256228243
bb_ipp_ground_truth,wind,2485,207.0,2.2685936089571626
bb_ipp_ground_truth,wind,2486,207.08333333333337,2.243677988105232
bb_ipp_ground_truth,wind,2487,207.16666666666663,2.255338115684285
bb_ipp_ground_truth,wind,2488,207.25,2.2444446001572023
bb_ipp_ground_truth,wind,2489,207.33333333333337,2.239995208141414
bb_ipp_ground_truth,wind,2490,207.41666666666663,2.2570529965757156
bb_ipp_ground_truth,wind,2491,207.5,2.237045370813845
bb_ipp_ground_truth,wind,2492,207.58333333333337,2.2365530321654514
bb_ipp_ground_truth,wind,2493,207.66666666666663,2.2373883033668704
bb_ipp_ground_truth,wind,2494,207.75,2.2358580587352885
bb_ipp_ground_truth,wind,2495,207.83333333333337,2.2623225659053534
bb_ipp_ground_truth,wind,2496,207.91666666666663,2.2720585698079825
bb_ipp_ground_truth,wind,2497,208.0,2.269806557233103
bb_ipp_ground_truth,wind,2498,208.08333333333337,2.2125679183648037
bb_ipp_ground_truth,wind,2499,208.16666666666663,2.2322768186511306
bb_ipp_ground_truth,wind,2500,208.25,2.2272456657422577
bb_ipp_ground_truth,wind,2501,208.33333333333337,2.220835012811777
bb_ipp_ground_truth,wind,2502,208.41666666666663,2.196925819952703
bb_ipp_ground_truth,wind,2503,208.5,2.219717761131706
bb_ipp_ground_truth,wind,2504,208.58333333333337,2.1950363467997267
bb_ipp_ground_truth,wind,2505,208.66666666666663,2.207752686932702
bb_ipp_ground_truth,wind,2506,208.75,2.2100564371469362
bb_ipp_ground_truth,wind,2507,208.83333333333337,2.2324240703981513
bb_ipp_ground_truth,wind,2508,208.91666666666663,2.244572401637505
bb_ipp_ground_truth,wind,2509,209.0,2.2485316266868365
bb_ipp_ground_truth,wind,2510,209.08333333333337,2.2933210347705564
bb_ipp_ground_truth,wind,2511,209.16666666666663,2.2809098839413124
bb_ipp_ground_truth,wind,2512,209.25,2.269886698939999
bb_ipp_ground_truth,wind,2513,209.33333333333337,2.2336308680975705
bb_ipp_ground_truth,wind,2514,209.41666666666663,2.258176769724527
bb_ipp_ground_truth,wind,2515,209.5,2.238899333576857
bb_ipp_ground_truth,wind,2516,209.58333333333337,2.241208758235761
bb_ipp_ground_truth,wind,2517,209.66666666666663,2.2511005463804117
bb_ipp_ground_truth,wind,2518,209.75,2.266754145522499
bb_ipp_ground_truth,wind,2519,209.83333333333337,2.238923790712436
bb_ipp_ground_truth,wind,2520,209.91666666666663,2.251321378201507
bb_ipp_ground_truth,wind,2521,210.0,2.2504648508727323
bb_ipp_ground_truth,wind,2522,210.08333333333337,2.2593011222191586
bb_ipp_ground_truth,wind,2523,210.16666666666663,2.267855099882405
bb_ipp_ground_truth,wind,2524,210.25,2.2690968707095274
bb_ipp_ground_truth,wind,2525,210.33333333333337,2.263495013129371
bb_ipp_ground_truth,wind,2526,210.41666666666663,2.2954668727331566
bb_ipp_ground_truth,wind,2527,210.5,2.3045309171123134
bb_ipp_ground_truth,wind,2528,210.58333333333337,2.292815088599674
bb_ipp_ground_truth,wind,2529,210.66666666666663,2.27904651395997
bb_ipp_ground_truth,wind,2530,210.75,2.2802808387994222
bb_ipp_ground_truth,wind,2531,210.83333333333337,2.2786931117376494
bb_ipp_ground_truth,wind,2532,210.91666666666663,2.284757766469244
bb_ipp_ground_truth,wind,2533,211.0,2.2820065671703857
bb_ipp_ground_truth,wind,2534,211.08333333333337,2.28248476128012
bb_ipp_ground_truth,wind,2535,211.16666666666663,2.285361125296901
bb_ipp_ground_truth,wind,2536,211.25,2.2865780858818434
bb_ipp_ground_truth,wind,2537,211.33333333333337,2.2861022825962336
bb_ipp_ground_truth,wind,2538,211.41666666666663,2.2741570659706847
bb_ipp_ground_truth,wind,2539,211.5,2.285777590539839
bb_ipp_ground_truth,wind,2540,211.58333333333337,2.2970523083309518
bb_ipp_ground_truth,wind,2541,211.66666666666663,2.3104622089829094
bb_ipp_ground_truth,wind,2542,211.75,2.305259264061901
bb_ipp_ground_truth,wind,2543,211.83333333333337,2.3070366487897624
bb_ipp_ground_truth,wind,2544,211.91666666666663,2.287257762286451
bb_ipp_ground_truth,wind,2545,212.0,2.2817571556428713
bb_ipp_ground_truth,wind,2546,212.08333333333337,2.276326871425249
bb_ipp_ground_truth,wind,2547,212.16666666666663,2.2677623623741647
bb_ipp_ground_truth,wind,2548,212.25,2.260741460698094
bb_ipp_ground_truth,wind,2549,212.33333333333337,2.2689113262091483
bb_ipp_ground_truth,wind,2550,212.41666666666663,2.257687175742028
bb_ipp_ground_truth,wind,2551,212.5,2.269901010968659
bb_ipp_ground_truth,wind,2552,212.58333333333337,2.2598560602729627
bb_ipp_ground_truth,wind,2553,212.66666666666663,2.2685823770854245
bb_ipp_ground_truth,wind,2554,212.75,2.272177131276524
bb_ipp_ground_truth,wind,2555,212.83333333333337,2.2622258906983035
bb_ipp_ground_truth,wind,2556,212.91666666666663,2.2592525396143803
bb_ipp_ground_truth,wind,2557,213.0,2.255426522545498
bb_ipp_ground_truth,wind,2558,213.08333333333337,2.2574362537343116
bb_ipp_ground_truth,wind,2559,213.16666666666663,2.2457104377193033
bb_ipp_ground_truth,wind,2560,213.25,2.23949142784987
bb_ipp_ground_truth,wind,2561,213.33333333333337,2.2414420996713647
bb_ipp_ground_truth,wind,2562,213.41666666666663,2.2299036183138212
bb_ipp_ground_truth,wind,2563,213.5,2.2460318169581384
bb_ipp_ground_truth,wind,2564,213.58333333333337,2.2343369951054437
bb_ipp_ground_truth,wind,2565,213.66666666666663,2.226239302261071
bb_ipp_ground_truth,wind,2566,213.75,2.2139636923547275
bb_ipp_ground_truth,wind,2567,213.83333333333337,2.226198523067882
bb_ipp_ground_truth,wind,2568,213.91666666666663,2.2471588690572335
bb_ipp_ground_truth,wind,2569,214.0,2.258720801318291
bb_ipp_ground_truth,wind,2570,214.08333333333337,2.2573754647623456
bb_ipp_ground_truth,wind,2571,214.16666666666663,2.2785882223757654
bb_ipp_ground_truth,wind,2572,214.25,2.278494374168349
bb_ipp_ground_truth,wind,2573,214.33333333333337,2.282893008992728
bb_ipp_ground_truth,wind,2574,214.41666666666663,2.2552176341763426
bb_ipp_ground_truth,wind,2575,214.5,2.2581031909496945
bb_ipp_ground_truth,wind,2576,214.58333333333337,2.273328161697423
bb_ipp_ground_truth,wind,2577,214.66666666666663,2.2629399190783204
bb_ipp_ground_truth,wind,2578,214.75,2.273865120538799
bb_ipp_ground_truth,wind,2579,214.83333333333337,2.2987677080779734
bb_ipp_ground_truth,wind,2580,214.91666666666663,2.267460138746052
bb_ipp_ground_truth,wind,2581,215.0,2.293559616638718
bb_ipp_ground_truth,wind,2582,215.08333333333337,2.2964022821590917
bb_ipp_ground_truth,wind,2583,215.16666666666663,2.291143849643214
bb_ipp_ground_truth,wind,2584,215.25,2.3012274812420404
bb_ipp_ground_truth,wind,2585,215.33333333333337,2.2800048908047135
bb_ipp_ground_truth,wind,2586,215.41666666666663,2.282195818769849
bb_ipp_ground_truth,wind,2587,215.5,2.27176429522234
bb_ipp_ground_truth,wind,2588,215.58333333333337,2.2800350436821066
bb_ipp_ground_truth,wind,2589,215.66666666666663,2.291161773785897
bb_ipp_ground_truth,wind,2590,215.75,2.2886226705315815
bb_ipp_ground_truth,wind,2591,215.83333333333337,2.2977724512282465
bb_ipp_ground_truth,wind,2592,215.91666666666663,2.2938249217081443
bb_ipp_ground_truth,wind,2593,216.0,2.270080720541439
bb_ipp_ground_truth,wind,2594,216.08333333333337,2.243027032408719
bb_ipp_ground_truth,wind,2595,216.16666666666663,2.2377095067169552
bb_ipp_ground_truth,wind,2596,216.25,2.255456512395325
bb_ipp_ground_truth,wind,2597,216.33333333333337,2.2686605714356944
bb_ipp_ground_truth,wind,2598,216.41666666666663,2.233251950459166
bb_ipp_ground_truth,wind,2599,216.5,2.2083073499226424
bb_ipp_ground_truth,wind,2600,216.58333333333337,2.1978646253014102
bb_ipp_ground_truth,wind,2601,216.66666666666663,2.195188643752332
bb_ipp_ground_truth,wind,2602,216.75,2.219014048025381
bb_ipp_ground_truth,wind,2603,216.83333333333337,2.2457153563473753
bb_ipp_ground_truth,wind,2604,216.91666666666663,2.2540989878196505
bb_ipp_ground_truth,wind,2605,217.0,2.2520645478583816
bb_ipp_ground_truth,wind,2606,217.08333333333337,2.260519445344648
bb_ipp_ground_truth,wind,2607,217.16666666666663,2.250208324376578
bb_ipp_ground_truth,wind,2608,217.25,2.249483733865397
bb_ipp_ground_truth,wind,2609,217.33333333333337,2.2132741192526124
bb_ipp_ground_truth,wind,2610,217.41666666666663,2.1914336288307967
bb_ipp_ground_truth,wind,2611,217.5,2.2106080550531195
bb_ipp_ground_truth,wind,2612,217.58333333333337,2.2324687284857374
bb_ipp_ground_truth,wind,2613,217.66666666666663,2.236115476747958
bb_ipp_ground_truth,wind,2614,217.75,2.227558479228245
bb_ipp_ground_truth,wind,2615,217.83333333333337,2.2153579668042234
bb_ipp_ground_truth,wind,2616,217.91666666666663,2.223582428276663
bb_ipp_ground_truth,wind,2617,218.0,2.200195873393349
bb_ipp_ground_truth,wind,2618,218.08333333333337,2.216640510472053
bb_ipp_ground_truth,wind,2619,218.16666666666663,2.2141795137398512
bb_ipp_ground_truth,wind,2620,218.25,2.2254182617576994
bb_ipp_ground_truth,wind,2621,218.33333333333337,2.233154225129425
bb_ipp_ground_truth,wind,2622,218.41666666666663,2.2326057621078435
bb_ipp_ground_truth,wind,2623,218.5,2.2214418973881846
bb_ipp_ground_truth,wind,2624,218.58333333333337,2.2005254462263943
bb_ipp_ground_truth,wind,2625,218.66666666666663,2.212523087850925
bb_ipp_ground_truth,wind,2626,218.75,2.230256585846668
bb_ipp_ground_truth,wind,2627,218.83333333333337,2.2026062352740294
bb_ipp_ground_truth,wind,2628,218.91666666666663,2.2261910799678155
bb_ipp_ground_truth,wind,2629,219.0,2.217107999991772
bb_ipp_ground_truth,wind,2630,219.08333333333337,2.232984816359862
bb_ipp_ground_truth,wind,2631,219.16666666666663,2.2353029585873156
bb_ipp_ground_truth,wind,2632,219.25,2.2349599271997307
bb_ipp_ground_truth,wind,2633,219.33333333333337,2.228097050767378
bb_ipp_ground_truth,wind,2634,219.41666666666663,2.2259896436585658
bb_ipp_ground_truth,wind,2635,219.5,2.2267920456875405
bb_ipp_ground_truth,wind,2636,219.58333333333337,2.2208643287062055
bb_ipp_ground_truth,wind,2637,219.66666666666663,2.2197570895260235
bb_ipp_ground_truth,wind,2638,219.75,2.2330077120043637
bb_ipp_ground_truth,wind,2639,219.83333333333337,2.2236225059383243
bb_ipp_ground_truth,wind,2640,219.91666666666663,2.221290246605044
bb_ipp_ground_truth,wind,2641,220.0,2.2227970358136844
bb_ipp_ground_truth,wind,2642,220.08333333333337,2.230533052535956
bb_ipp_ground_truth,wind,2643,220.16666666666663,2.255745038866583
bb_ipp_ground_truth,wind,2644,220.25,2.269394739917553
bb_ipp_ground_truth,wind,2645,220.33333333333337,2.263516131664789
bb_ipp_ground_truth,wind,2646,220.41666666666663,2.2592755812317424
bb_ipp_ground_truth,wind,2647,220.5,2.2334801944215488
bb_ipp_ground_truth,wind,2648,220.58333333333337,2.237948383587046
bb_ipp_ground_truth,wind,2649,220.66666666666663,2.240680947857287
bb_ipp_ground_truth,wind,2650,220.75,2.235195532348123
bb_ipp_ground_truth,wind,2651,220.83333333333337,2.224510993340878
bb_ipp_ground_truth,wind,2652,220.91666666666663,2.220685924278127
bb_ipp_ground_truth,wind,2653,221.0,2.2413272938780207
bb_ipp_ground_truth,wind,2654,221.08333333333337,2.2326616996294266
bb_ipp_ground_truth,wind,2655,221.16666666666663,2.2275075787971197
bb_ipp_ground_truth,wind,2656,221.25,2.2282877973058306
bb_ipp_ground_truth,wind,2657,221.33333333333337,2.2136305216250016
bb_ipp_ground_truth,wind,2658,221.41666666666663,2.2137625481317382
bb_ipp_ground_truth,wind,2659,221.5,2.221819780105826
bb_ipp_ground_truth,wind,2660,221.58333333333337,2.231151313549116
bb_ipp_ground_truth,wind,2661,221.66666666666663,2.2322292352986457
bb_ipp_ground_truth,wind,2662,221.75,2.229732147276193
bb_ipp_ground_truth,wind,2663,221.83333333333337,2.2291209915930725
bb_ipp_ground_truth,wind,2664,221.91666666666663,2.256680549489403
bb_ipp_ground_truth,wind,2665,222.0,2.2626145975845375
bb_ipp_ground_truth,wind,2666,222.08333333333337,2.271785220084124
bb_ipp_ground_truth,wind,2667,222.16666666666663,2.2560577952520777
bb_ipp_ground_truth,wind,2668,222.25,2.255248675500032
bb_ipp_ground_truth,wind,2669,222.33333333333337,2.271551534404755
bb_ipp_ground_truth,wind,2670,222.41666666666663,2.288143430675238
bb_ipp_ground_truth,wind,2671,222.5,2.2381872618609133
bb_ipp_ground_truth,wind,2672,222.58333333333337,2.2335952145076465
bb_ipp_ground_truth,wind,2673,222.66666666666663,2.210515920935022
bb_ipp_ground_truth,wind,2674,222.75,2.215611670396159
bb_ipp_ground_truth,wind,2675,222.83333333333337,2.2196107420423288
bb_ipp_ground_truth,wind,2676,222.91666666666663,2.2262569830314276
bb_ipp_ground_truth,wind,2677,223.0,2.253267599679066
bb_ipp_ground_truth,wind,2678,223.08333333333337,2.2374828350148643
bb_ipp_ground_truth,wind,2679,223.16666666666663,2.2456591828531747
bb_ipp_ground_truth,wind,2680,223.25,2.267766055670855
bb_ipp_ground_truth,wind,2681,223.33333333333337,2.2581738048822544
bb_ipp_ground_truth,wind,2682,223.41666666666663,2.2499165399297003
bb_ipp_ground_truth,wind,2683,223.5,2.280492124460261
bb_ipp_ground_truth,wind,2684,223.58333333333337,2.2857153390629303
bb_ipp_ground_truth,wind,2685,223.66666666666663,2.280484340610562
bb_ipp_ground_truth,wind,2686,223.75,2.311916946045253
bb_ipp_ground_truth,wind,2687,223.83333333333337,2.311542913958952
bb_ipp_ground_truth,wind,2688,223.91666666666663,2.2837268525691794
bb_ipp_ground_truth,wind,2689,224.0,2.2872548439576517
bb_ipp_ground_truth,wind,2690,224.08333333333337,2.283967764307434
bb_ipp_ground_truth,wind,2691,224.16666666666663,2.284020892512047
bb_ipp_ground_truth,wind,2692,224.25,2.309504246742342
bb_ipp_ground_truth,wind,2693,224.33333333333337,2.3031577876423177
bb_ipp_ground_truth,wind,2694,224.41666666666663,2.275768296165079
bb_ipp_ground_truth,wind,2695,224.5,2.281663078142887
bb_ipp_ground_truth,wind,2696,224.58333333333337,2.2839151115385996
bb_ipp_ground_truth,wind,2697,224.66666666666663,2.2937017282534007
bb_ipp_ground_truth,wind,2698,224.75,2.2685849997552685
bb_ipp_ground_truth,wind,2699,224.83333333333337,2.274289280345375
bb_ipp_ground_truth,wind,2700,224.91666666666663,2.2885682091801143
bb_ipp_ground_truth,wind,2701,225.0,2.286039130159942
bb_ipp_ground_truth,wind,2702,225.08333333333337,2.2846237701815038
bb_ipp_ground_truth,wind,2703,225.16666666666663,2.287512364967438
bb_ipp_ground_truth,wind,2704,225.25,2.284019074587032
bb_ipp_ground_truth,wind,2705,225.33333333333337,2.2858525098502245
bb_ipp_ground_truth,wind,2706,225.41666666666663,2.278898471474511
bb_ipp_ground_truth,wind,2707,225.5,2.2701191105064176
bb_ipp_ground_truth,wind,2708,225.58333333333337,2.270153547256558
bb_ipp_ground_truth,wind,2709,225.66666666666663,2.251702584088335
bb_ipp_ground_truth,wind,2710,225.75,2.247748805566712
bb_ipp_ground_truth,wind,2711,225.83333333333337,2.2593063471820285
bb_ipp_ground_truth,wind,2712,225.91666666666663,2.2709068551860305
bb_ipp_ground_truth,wind,2713,226.0,2.271749967374285
bb_ipp_ground_truth,wind,2714,226.08333333333337,2.2733462912279077
bb_ipp_ground_truth,wind,2715,226.16666666666663,2.299277844370093
bb_ipp_ground_truth,wind,2716,226.25,2.316148126036687
bb_ipp_ground_truth,wind,2717,226.33333333333337,2.320805340601279
bb_ipp_ground_truth,wind,2718,226.41666666666663,2.302007594757104
bb_ipp_ground_truth,wind,2719,226.5,2.2674708093345703
bb_ipp_ground_truth,wind,2720,226.58333333333337,2.2583009377169168
bb_ipp_ground_truth,wind,2721,226.66666666666663,2.2566474686359
bb_ipp_ground_truth,wind,2722,226.75,2.262190718575907
bb_ipp_ground_truth,wind,2723,226.83333333333337,2.261637615176848
bb_ipp_ground_truth,wind,2724,226.91666666666663,2.2570663933956197
bb_ipp_ground_truth,wind,2725,227.0,2.2435428414075087
bb_ipp_ground_truth,wind,2726,227.08333333333337,2.2286790943554733
bb_ipp_ground_truth,wind,2727,227.16666666666663,2.2261850244948738
bb_ipp_ground_truth,wind,2728,227.25,2.2138288179134182
bb_ipp_ground_truth,wind,2729,227.33333333333337,2.2245517485846666
bb_ipp_ground_truth,wind,2730,227.41666666666663,2.2160347238401434
bb_ipp_ground_truth,wind,2731,227.5,2.201804034789384
bb_ipp_ground_truth,wind,2732,227.58333333333337,2.209763392812076
bb_ipp_ground_truth,wind,2733,227.66666666666663,2.2158501725858946
bb_ipp_ground_truth,wind,2734,227.75,2.203461888570008
bb_ipp_ground_truth,wind,2735,227.83333333333337,2.2081582625755405
bb_ipp_ground_truth,wind,2736,227.91666666666663,2.215607106900605
bb_ipp_ground_truth,wind,2737,228.0,2.200191182516868
bb_ipp_ground_truth,wind,2738,228.08333333333337,2.2136277634306363
bb_ipp_ground_truth,wind,2739,228.16666666666663,2.212048329977893
bb_ipp_ground_truth,wind,2740,228.25,2.2117329465689255
bb_ipp_ground_truth,wind,2741,228.33333333333337,2.2176301756331633
bb_ipp_ground_truth,wind,2742,228.41666666666663,2.2012701753615866
bb_ipp_ground_truth,wind,2743,228.5,2.1904378540727794
bb_ipp_ground_truth,wind,2744,228.58333333333337,2.184242619497965
bb_ipp_ground_truth,wind,2745,228.66666666666663,2.195910994227305
bb_ipp_ground_truth,wind,2746,228.75,2.1945308604735594
bb_ipp_ground_truth,wind,2747,228.83333333333337,2.206766530828396
bb_ipp_ground_truth,wind,2748,228.91666666666663,2.212408865815097
bb_ipp_ground_truth,wind,2749,229.0,2.173478772036767
bb_ipp_ground_truth,wind,2750,229.08333333333337,2.1735668788063642
bb_ipp_ground_truth,wind,2751,229.16666666666663,2.1835216391760213
bb_ipp_ground_truth,wind,2752,229.25,2.17768205193164
bb_ipp_ground_truth,wind,2753,229.33333333333337,2.162227581322386
bb_ipp_ground_truth,wind,2754,229.41666666666663,2.1826678365980587
bb_ipp_ground_truth,wind,2755,229.5,2.199235207094212
bb_ipp_ground_truth,wind,2756,229.58333333333337,2.1991537948038844
bb_ipp_ground_truth,wind,2757,229.66666666666663,2.194699724820971
bb_ipp_ground_truth,wind,2758,229.75,2.1835932376261216
bb_ipp_ground_truth,wind,2759,229.83333333333337,2.180142022032702
bb_ipp_ground_truth,wind,2760,229.91666666666663,2.1683363522675796
bb_ipp_ground_truth,wind,2761,230.0,2.2061614217192864
bb_ipp_ground_truth,wind,2762,230.08333333333337,2.2349629617652864
bb_ipp_ground_truth,wind,2763,230.16666666666663,2.216553532623178
bb_ipp_ground_truth,wind,2764,230.25,2.246527733928404
bb_ipp_ground_truth,wind,2765,230.33333333333337,2.247061036670433
bb_ipp_ground_truth,wind,2766,230.41666666666663,2.2371772512762553
bb_ipp_ground_truth,wind,2767,230.5,2.2155401935552472
bb_ipp_ground_truth,wind,2768,230.58333333333337,2.205996671867428
bb_ipp_ground_truth,wind,2769,230.66666666666663,2.230918892133732
bb_ipp_ground_truth,wind,2770,230.75,2.2657731575679363
bb_ipp_ground_truth,wind,2771,230.83333333333337,2.2380915499902825
bb_ipp_ground_truth,wind,2772,230.91666666666663,2.238405731052457
bb_ipp_ground_truth,wind,2773,231.0,2.2321385244921452
bb_ipp_ground_truth,wind,2774,231.08333333333337,2.234250492221465
bb_ipp_ground_truth,wind,2775,231.16666666666663,2.256376707331681
bb_ipp_ground_truth,wind,2776,231.25,2.2642984254690144
bb_ipp_ground_truth,wind,2777,231.33333333333337,2.2649789382063217
bb_ipp_ground_truth,wind,2778,231.41666666666663,2.2443406743240546
bb_ipp_ground_truth,wind,2779,231.5,2.2392821336699256
bb_ipp_ground_truth,wind,2780,231.58333333333337,2.2564569795152867
bb_ipp_ground_truth,wind,2781,231.66666666666663,2.235705314977293
bb_ipp_ground_truth,wind,2782,231.75,2.233671705311286
bb_ipp_ground_truth,wind,2783,231.83333333333337,2.2170927355998904
bb_ipp_ground_truth,wind,2784,231.91666666666663,2.2316818131225813
bb_ipp_ground_truth,wind,2785,232.0,2.2357203337843794
bb_ipp_ground_truth,wind,2786,232.08333333333337,2.2403259291173154
bb_ipp_ground_truth,wind,2787,232.16666666666663,2.2394970783817714
bb_ipp_ground_truth,wind,2788,232.25,2.24157499617548
bb_ipp_ground_truth,wind,2789,232.33333333333337,2.2374910876828626
bb_ipp_ground_truth,wind,2790,232.41666666666663,2.221143878518503
bb_ipp_ground_truth,wind,2791,232.5,2.2232219650525904
bb_ipp_ground_truth,wind,2792,232.58333333333337,2.233639492127018
bb_ipp_ground_truth,wind,2793,232.66666666666663,2.2482319400883983
bb_ipp_ground_truth,wind,2794,232.75,2.2562755098804046
bb_ipp_ground_truth,wind,2795,232.83333333333337,2.2404170849014937
bb_ipp_ground_truth,wind,2796,232.91666666666663,2.2309624254742633
bb_ipp_ground_truth,wind,2797,233.0,2.2522982284772435
bb_ipp_ground_truth,wind,2798,233.08333333333337,2.2626691356053588
bb_ipp_ground_truth,wind,2799,233.16666666666663,2.2619207675212265
bb_ipp_ground_truth,wind,2800,233.25,2.2600438386971415
bb_ipp_ground_truth,wind,2801,233.33333333333337,2.2678997409725996
bb_ipp_ground_truth,wind,2802,233.41666666666663,2.2857009369059713
bb_ipp_ground_truth,wind,2803,233.5,2.2615685974568405
bb_ipp_ground_truth,wind,2804,233.58333333333337,2.2708156113667792
bb_ipp_ground_truth,wind,2805,233.66666666666663,2.2536831062459055
bb_ipp_ground_truth,wind,2806,233.75,2.2508091105557964
bb_ipp_ground_truth,wind,2807,233.83333333333337,2.2425083095069827
bb_ipp_ground_truth,wind,2808,233.91666666666663,2.238644747800911
bb_ipp_ground_truth,wind,2809,234.0,2.2379085452479175
bb_ipp_ground_truth,wind,2810,234.08333333333337,2.2384739627641954
bb_ipp_ground_truth,wind,2811,234.16666666666663,2.2096364871600773
bb_ipp_ground_truth,wind,2812,234.25,2.215602348575767
bb_ipp_ground_truth,wind,2813,234.33333333333337,2.2170240437579385
bb_ipp_ground_truth,wind,2814,234.41666666666663,2.2289796702499727
bb_ipp_ground_truth,wind,2815,234.5,2.24684650894361
bb_ipp_ground_truth,wind,2816,234.58333333333337,2.2475961241871745
bb_ipp_ground_truth,wind,2817,234.66666666666663,2.259882529497444
bb_ipp_ground_truth,wind,2818,234.75,2.2662072482036906
bb_ipp_ground_truth,wind,2819,234.83333333333337,2.2536258660939357
bb_ipp_ground_truth,wind,2820,234.91666666666663,2.2513100792008682
bb_ipp_ground_truth,wind,2821,235.0,2.259205720385706
bb_ipp_ground_truth,wind,2822,235.08333333333337,2.2564017498524658
bb_ipp_ground_truth,wind,2823,235.16666666666663,2.251433468610258
bb_ipp_ground_truth,wind,2824,235.25,2.2531729544874275
bb_ipp_ground_truth,wind,2825,235.33333333333337,2.2554626114158105
bb_ipp_ground_truth,wind,2826,235.41666666666663,2.246988481672024
bb_ipp_ground_truth,wind,2827,235.5,2.240306199395622
bb_ipp_ground_truth,wind,2828,235.58333333333337,2.2397236250330277
bb_ipp_ground_truth,wind,2829,235.66666666666663,2.2332809379191523
bb_ipp_ground_truth,wind,2830,235.75,2.2517560816181135
bb_ipp_ground_truth,wind,2831,235.83333333333337,2.259233699495123
bb_ipp_ground_truth,wind,2832,235.91666666666663,2.2658475305197348
bb_ipp_ground_truth,wind,2833,236.0,2.263668780738182
bb_ipp_ground_truth,wind,2834,236.08333333333337,2.249680625615941
bb_ipp_ground_truth,wind,2835,236.16666666666663,2.2657630663265946
bb_ipp_ground_truth,wind,2836,236.25,2.267834594512152
bb_ipp_ground_truth,wind,2837,236.33333333333337,2.2477882587518394
bb_ipp_ground_truth,wind,2838,236.41666666666663,2.235965336702493
bb_ipp_ground_truth,wind,2839,236.5,2.2487253703787875
bb_ipp_ground_truth,wind,2840,236.58333333333337,2.2615683192375684
bb_ipp_ground_truth,wind,2841,236.66666666666663,2.2459425058924305
bb_ipp_ground_truth,wind,2842,236.75,2.2373676757187617
bb_ipp_ground_truth,wind,2843,236.83333333333337,2.2415138983233005
bb_ipp_ground_truth,wind,2844,236.91666666666663,2.2342235703952698
bb_ipp_ground_truth,wind,2845,237.0,2.2386359256166313
bb_ipp_ground_truth,wind,2846,237.08333333333337,2.240474981522497
bb_ipp_ground_truth,wind,2847,237.16666666666663,2.234578725283201
bb_ipp_ground_truth,wind,2848,237.25,2.240165208849691
bb_ipp_ground_truth,wind,2849,237.33333333333337,2.2207549192810414
bb_ipp_ground_truth,wind,2850,237.41666666666663,2.2297161522939857
bb_ipp_ground_truth,wind,2851,237.5,2.208291711578112
bb_ipp_ground_truth,wind,2852,237.58333333333337,2.2230517781376595
bb_ipp_ground_truth,wind,2853,237.66666666666663,2.219616663749225
bb_ipp_ground_truth,wind,2854,237.75,2.226644148934274
bb_ipp_ground_truth,wind,2855,237.83333333333337,2.241514185980421
bb_ipp_ground_truth,wind,2856,237.91666666666663,2.233882192077931
bb_ipp_ground_truth,wind,2857,238.0,2.226931649090859
bb_ipp_ground_truth,wind,2858,238.08333333333337,2.242291758901417
bb_ipp_ground_truth,wind,2859,238.16666666666663,2.2450875164207926
bb_ipp_ground_truth,wind,2860,238.25,2.245113710155756
bb_ipp_ground_truth,wind,2861,238.33333333333337,2.2358108947931
bb_ipp_ground_truth,wind,2862,238.41666666666663,2.2387469368067654
bb_ipp_ground_truth,wind,2863,238.5,2.2528245136340463
bb_ipp_ground_truth,wind,2864,238.58333333333337,2.2491915170552557
bb_ipp_ground_truth,wind,2865,238.66666666666663,2.2230059541524105
bb_ipp_ground_truth,wind,2866,238.75,2.2519503093984135
bb_ipp_ground_truth,wind,2867,238.83333333333337,2.231701025925825
bb_ipp_ground_truth,wind,2868,238.91666666666663,2.2239897120957535
bb_ipp_ground_truth,wind,2869,239.0,2.2128615409577717
bb_ipp_ground_truth,wind,2870,239.08333333333337,2.210415394721797
bb_ipp_ground_truth,wind,2871,239.16666666666663,2.2127756872019435
bb_ipp_ground_truth,wind,2872,239.25,2.218308829799435
bb_ipp_ground_truth,wind,2873,239.33333333333337,2.19203197884679
bb_ipp_ground_truth,wind,2874,239.41666666666663,2.1690711305633172
bb_ipp_ground_truth,wind,2875,239.5,2.1590495106208096
bb_ipp_ground_truth,wind,2876,239.58333333333337,2.152707667609113
bb_ipp_ground_truth,wind,2877,239.66666666666663,2.171245507290993
bb_ipp_ground_truth,wind,2878,239.75,2.2061808716346007
bb_ipp_ground_truth,wind,2879,239.83333333333337,2.2115200100251418
bb_ipp_ground_truth,wind,2880,239.91666666666663,2.2064456858558685
bb_ipp_ground_truth,wind,2881,240.0,2.20046936080491
bb_ipp_ground_truth,wind,2882,240.08333333333337,2.2135738940382814
bb_ipp_ground_truth,wind,2883,240.16666666666663,2.22456834422053
bb_ipp_ground_truth,wind,2884,240.25,2.250074737456274
bb_ipp_ground_truth,wind,2885,240.33333333333337,2.246015407939922
bb_ipp_ground_truth,wind,2886,240.41666666666663,2.253641653207924
bb_ipp_ground_truth,wind,2887,240.5,2.26863071807891
bb_ipp_ground_truth,wind,2888,240.58333333333337,2.2649295652316215
bb_ipp_ground_truth,wind,2889,240.66666666666663,2.2699149681536612
bb_ipp_ground_truth,wind,2890,240.75,2.2808630520940842
bb_ipp_ground_truth,wind,2891,240.83333333333337,2.2687279423971725
bb_ipp_ground_truth,wind,2892,240.91666666666663,2.26890605210736
bb_ipp_ground_truth,wind,2893,241.0,2.290442862367311
bb_ipp_ground_truth,wind,2894,241.08333333333337,2.2700568730014186
bb_ipp_ground_truth,wind,2895,241.16666666666663,2.252493106804057
bb_ipp_ground_truth,wind,2896,241.25,2.2278992321652415
bb_ipp_ground_truth,wind,2897,241.33333333333337,2.242262005536429
bb_ipp_ground_truth,wind,2898,241.41666666666663,2.2235762299022457
bb_ipp_ground_truth,wind,2899,241.5,2.2173396179014406
bb_ipp_ground_truth,wind,2900,241.58333333333337,2.211629252405933
bb_ipp_ground_truth,wind,2901,241.66666666666663,2.196046989794971
bb_ipp_ground_truth,wind,2902,241.75,2.199880496696801
bb_ipp_ground_truth,wind,2903,241.83333333333337,2.198900565555305
bb_ipp_ground_truth,wind,2904,241.91666666666663,2.1868177072372066
bb_ipp_ground_truth,wind,2905,242.0,2.165016551225355
bb_ipp_ground_truth,wind,2906,242.08333333333337,2.1790732006107767
bb_ipp_ground_truth,wind,2907,242.16666666666663,2.188768500513744
bb_ipp_ground_truth,wind,2908,242.25,2.18992412264109
bb_ipp_ground_truth,wind,2909,242.33333333333337,2.207862159930042
bb_ipp_ground_truth,wind,2910,242.41666666666663,2.2072137669484246
bb_ipp_ground_truth,wind,2911,242.5,2.2165027847894523
bb_ipp_ground_truth,wind,2912,242.58333333333337,2.224917364233808
bb_ipp_ground_truth,wind,2913,242.66666666666663,2.2115904786039775
bb_ipp_ground_truth,wind,2914,242.75,2.199133536645663
bb_ipp_ground_truth,wind,2915,242.83333333333337,2.204043246588021
bb_ipp_ground_truth,wind,2916,242.91666666666663,2.213352955546501
bb_ipp_ground_truth,wind,2917,243.0,2.2081294698186467
bb_ipp_ground_truth,wind,2918,243.08333333333337,2.1991996170362795
bb_ipp_ground_truth,wind,2919,243.16666666666663,2.1886747856771267
bb_ipp_ground_truth,wind,2920,243.25,2.1938081782961607
bb_ipp_ground_truth,wind,2921,243.33333333333337,2.181121941885631
bb_ipp_ground_truth,wind,2922,243.41666666666663,2.187599799788937
bb_ipp_ground_truth,wind,2923,243.5,2.1903867858477963
bb_ipp_ground_truth,wind,2924,243.58333333333337,2.175598129228181
bb_ipp_ground_truth,wind,2925,243.66666666666663,2.1673059567719473
bb_ipp_ground_truth,wind,2926,243.75,2.1762106227899944
bb_ipp_ground_truth,wind,2927,243.83333333333337,2.1865161257708787
bb_ipp_ground_truth,wind,2928,243.91666666666663,2.193093680489043
bb_ipp_ground_truth,wind,2929,244.0,2.169302021809849
bb_ipp_ground_truth,wind,2930,244.08333333333337,2.166671787581065
bb_ipp_ground_truth,wind,2931,244.16666666666663,2.1628846136842377
bb_ipp_ground_truth,wind,2932,244.25,2.1726506052402375
bb_ipp_ground_truth,wind,2933,244.33333333333337,2.179904458328285
bb_ipp_ground_truth,wind,2934,244.41666666666663,2.1914613364917983
bb_ipp_ground_truth,wind,2935,244.5,2.2256710563554587
bb_ipp_ground_truth,wind,2936,244.58333333333337,2.25916455376749
bb_ipp_ground_truth,wind,2937,244.66666666666663,2.2545744113419333
bb_ipp_ground_truth,wind,2938,244.75,2.2297117221178233
bb_ipp_ground_truth,wind,2939,244.83333333333337,2.2044303030877352
bb_ipp_ground_truth,wind,2940,244.91666666666663,2.2032260065026676
bb_ipp_ground_truth,wind,2941,245.0,2.18005944381178
bb_ipp_ground_truth,wind,2942,245.08333333333337,2.1664946043708215
bb_ipp_ground_truth,wind,2943,245.16666666666663,2.1681479120531706
bb_ipp_ground_truth,wind,2944,245.25,2.1826403819311357
bb_ipp_ground_truth,wind,2945,245.33333333333337,2.2337611160948274
bb_ipp_ground_truth,wind,2946,245.41666666666663,2.230619302670615
bb_ipp_ground_truth,wind,2947,245.5,2.197587245062204
bb_ipp_ground_truth,wind,2948,245.58333333333337,2.1890752197008854
bb_ipp_ground_truth,wind,2949,245.66666666666663,2.202117464962279
bb_ipp_ground_truth,wind,2950,245.75,2.1911515417882694
bb_ipp_ground_truth,wind,2951,245.83333333333337,2.18218001554367
bb_ipp_ground_truth,wind,2952,245.91666666666663,2.205916220917686
bb_ipp_ground_truth,wind,2953,246.0,2.1825396980094207
bb_ipp_ground_truth,wind,2954,246.08333333333337,2.199479805140732
bb_ipp_ground_truth,wind,2955,246.16666666666663,2.201821946935391
bb_ipp_ground_truth,wind,2956,246.25,2.216720126773087
bb_ipp_ground_truth,wind,2957,246.33333333333337,2.191275085873481
bb_ipp_ground_truth,wind,2958,246.41666666666663,2.1958485770088214
bb_ipp_ground_truth,wind,2959,246.5,2.216612040204407
bb_ipp_ground_truth,wind,2960,246.58333333333337,2.2034354309714077
bb_ipp_ground_truth,wind,2961,246.66666666666663,2.216680489439868
bb_ipp_ground_truth,wind,2962,246.75,2.231165347257133
bb_ipp_ground_truth,wind,2963,246.83333333333337,2.2493121700719523
bb_ipp_ground_truth,wind,2964,246.91666666666663,2.254619299736291
bb_ipp_ground_truth,wind,2965,247.0,2.2357731079173235
bb_ipp_ground_truth,wind,2966,247.08333333333337,2.235538243609363
bb_ipp_ground_truth,wind,2967,247.16666666666663,2.2446312358947234
bb_ipp_ground_truth,wind,2968,247.25,2.2126611267954504
bb_ipp_ground_truth,wind,2969,247.33333333333337,2.2147801429965113
bb_ipp_ground_truth,wind,2970,247.41666666666663,2.2138525377237768
bb_ipp_ground_truth,wind,2971,247.5,2.206705163541543
bb_ipp_ground_truth,wind,2972,247.58333333333337,2.211660269265231
bb_ipp_ground_truth,wind,2973,247.66666666666663,2.225695108066084
bb_ipp_ground_truth,wind,2974,247.75,2.2135194152141966
bb_ipp_ground_truth,wind,2975,247.83333333333337,2.1913740070244576
bb_ipp_ground_truth,wind,2976,247.91666666666663,2.2035984999355613
bb_ipp_ground_truth,wind,2977,248.0,2.185716640703913
bb_ipp_ground_truth,wind,2978,248.08333333333337,2.1771767366952113
bb_ipp_ground_truth,wind,2979,248.16666666666663,2.1667977288329534
bb_ipp_ground_truth,wind,2980,248.25,2.161702540119195
bb_ipp_ground_truth,wind,2981,248.33333333333337,2.1692230409233395
bb_ipp_ground_truth,wind,2982,248.41666666666663,2.1853188229565554
bb_ipp_ground_truth,wind,2983,248.5,2.1782654494767875
bb_ipp_ground_truth,wind,2984,248.58333333333337,2.195475815298483
bb_ipp_ground_truth,wind,2985,248.66666666666663,2.2113120470039807
bb_ipp_ground_truth,wind,2986,248.75,2.200088005105145
bb_ipp_ground_truth,wind,2987,248.83333333333337,2.191802116154829
bb_ipp_ground_truth,wind,2988,248.91666666666663,2.2058688776527364
bb_ipp_ground_truth,wind,2989,249.0,2.2097950878387653
bb_ipp_ground_truth,wind,2990,249.08333333333337,2.1923026265306733
bb_ipp_ground_truth,wind,2991,249.16666666666663,2.189509983094924
bb_ipp_ground_truth,wind,2992,249.25,2.209482800044721
bb_ipp_ground_truth,wind,2993,249.33333333333337,2.220374248373146
bb_ipp_ground_truth,wind,2994,249.41666666666663,2.215952293770151
bb_ipp_ground_truth,wind,2995,249.5,2.2214918970819797
bb_ipp_ground_truth,wind,2996,249.58333333333337,2.220601361499643
bb_ipp_ground_truth,wind,2997,249.66666666666663,2.2169666893394724
bb_ipp_ground_truth,wind,2998,249.75,2.2316330390050845
bb_ipp_ground_truth,wind,2999,249.83333333333337,2.227583032962112
bb_ipp_ground_truth,wind,3000,249.91666666666663,2.2402354475049324
bb_ipp_ground_truth,wind,3001,250.0,2.2282427367846607
bb_ipp_ground_truth,wind,3002,250.08333333333337,2.225767165517559
bb_ipp_ground_truth,wind,3003,250.16666666666663,2.2207790315487093
bb_ipp_ground_truth,wind,3004,250.25,2.214133365705945
bb_ipp_ground_truth,wind,3005,250.33333333333337,2.2160751034409016
bb_ipp_ground_truth,wind,3006,250.41666666666663,2.2223970303046596
bb_ipp_ground_truth,wind,3007,250.5,2.2309264658744516
bb_ipp_ground_truth,wind,3008,250.58333333333337,2.2413137469901265
bb_ipp_ground_truth,wind,3009,250.66666666666663,2.2219574376689364
bb_ipp_ground_truth,wind,3010,250.75,2.2281361176458816
bb_ipp_ground_truth,wind,3011,250.83333333333337,2.2426472336469927
bb_ipp_ground_truth,wind,3012,250.91666666666663,2.240375627272776
bb_ipp_ground_truth,wind,3013,251.0,2.244412767106148
bb_ipp_ground_truth,wind,3014,251.08333333333337,2.2453649760443604
bb_ipp_ground_truth,wind,3015,251.16666666666663,2.240521356754913
bb_ipp_ground_truth,wind,3016,251.25,2.2312373339500557
bb_ipp_ground_truth,wind,3017,251.33333333333337,2.245284275894011
bb_ipp_ground_truth,wind,3018,251.41666666666663,2.256343525059
bb_ipp_ground_truth,wind,3019,251.5,2.2369512909731064
bb_ipp_ground_truth,wind,3020,251.58333333333337,2.2635874470398263
bb_ipp_ground_truth,wind,3021,251.66666666666663,2.223051454238009
bb_ipp_ground_truth,wind,3022,251.75,2.213529852016581
bb_ipp_ground_truth,wind,3023,251.83333333333337,2.2052494274385173
bb_ipp_ground_truth,wind,3024,251.91666666666663,2.206268182279247
bb_ipp_ground_truth,wind,3025,252.0,2.209139789416416
bb_ipp_ground_truth,wind,3026,252.08333333333337,2.2200821146418392
bb_ipp_ground_truth,wind,3027,252.16666666666663,2.2140028188125807
bb_ipp_ground_truth,wind,3028,252.25,2.2092879746839698
bb_ipp_ground_truth,wind,3029,252.33333333333337,2.2114167438325247
bb_ipp_ground_truth,wind,3030,252.41666666666663,2.21371263444703
bb_ipp_ground_truth,wind,3031,252.5,2.2060095136697826
bb_ipp_ground_truth,wind,3032,252.58333333333337,2.2265633939972065
bb_ipp_ground_truth,wind,3033,252.66666666666663,2.229746065442936
bb_ipp_ground_truth,wind,3034,252.75,2.231666908979044
bb_ipp_ground_truth,wind,3035,252.83333333333337,2.216803791628602
bb_ipp_ground_truth,wind,3036,252.91666666666663,2.1911615875788883
bb_ipp_ground_truth,wind,3037,253.0,2.1998724153392413
bb_ipp_ground_truth,wind,3038,253.08333333333337,2.1955699168591356
bb_ipp_ground_truth,wind,3039,253.16666666666663,2.2026952003029328
bb_ipp_ground_truth,wind,3040,253.25,2.187684661332868
bb_ipp_ground_truth,wind,3041,253.33333333333337,2.209932981488619
bb_ipp_ground_truth,wind,3042,253.41666666666663,2.2090379700509764
bb_ipp_ground_truth,wind,3043,253.5,2.215060754876259
bb_ipp_ground_truth,wind,3044,253.58333333333337,2.2119345171942317
bb_ipp_ground_truth,wind,3045,253.66666666666663,2.193372065680895
bb_ipp_ground_truth,wind,3046,253.75,2.1684893053237637
bb_ipp_ground_truth,wind,3047,253.83333333333337,2.1635887929727784
bb_ipp_ground_truth,wind,3048,253.91666666666663,2.181459148205753
bb_ipp_ground_truth,wind,3049,254.0,2.1577880708321358
bb_ipp_ground_truth,wind,3050,254.08333333333337,2.1677244563639353
bb_ipp_ground_truth,wind,3051,254.16666666666663,2.1701822175506633
bb_ipp_ground_truth,wind,3052,254.25,2.143320201140159
bb_ipp_ground_truth,wind,3053,254.33333333333337,2.1745806688709393
bb_ipp_ground_truth,wind,3054,254.41666666666663,2.1695915186227652
bb_ipp_ground_truth,wind,3055,254.5,2.201529788380621
bb_ipp_ground_truth,wind,3056,254.58333333333337,2.2053830554258904
bb_ipp_ground_truth,wind,3057,254.66666666666663,2.17893144892724
bb_ipp_ground_truth,wind,3058,254.75,2.179648773974784
bb_ipp_ground_truth,wind,3059,254.83333333333337,2.179764599238597
bb_ipp_ground_truth,wind,3060,254.91666666666663,2.164082448674545
bb_ipp_ground_truth,wind,3061,255.0,2.1638748746154275
bb_ipp_ground_truth,wind,3062,255.08333333333337,2.145623661986014
bb_ipp_ground_truth,wind,3063,255.16666666666663,2.1635129313576766
bb_ipp_ground_truth,wind,3064,255.25,2.175255650492738
bb_ipp_ground_truth,wind,3065,255.33333333333337,2.194098348272407
bb_ipp_ground_truth,wind,3066,255.41666666666663,2.1601145714357592
bb_ipp_ground_truth,wind,3067,255.5,2.16728166872483
bb_ipp_ground_truth,wind,3068,255.58333333333337,2.1732876079280654
bb_ipp_ground_truth,wind,3069,255.66666666666663,2.1833562823576314
bb_ipp_ground_truth,wind,3070,255.75,2.180125915639918
bb_ipp_ground_truth,wind,3071,255.83333333333337,2.1769398961589554
bb_ipp_ground_truth,wind,3072,255.91666666666663,2.1783878182471823
bb_ipp_ground_truth,wind,3073,256.0,2.1802176030411724
bb_ipp_ground_truth,wind,3074,256.08333333333337,2.1805820691594255
bb_ipp_ground_truth,wind,3075,256.16666666666663,2.1745101848802566
bb_ipp_ground_truth,wind,3076,256.25,2.1887862694568314
bb_ipp_ground_truth,wind,3077,256.33333333333337,2.1653901520735794
bb_ipp_ground_truth,wind,3078,256.41666666666663,2.1520306095596253
bb_ipp_ground_truth,wind,3079,256.5,2.163900047790012
bb_ipp_ground_truth,wind,3080,256.58333333333337,2.171150930506053
bb_ipp_ground_truth,wind,3081,256.66666666666663,2.147226164469689
bb_ipp_ground_truth,wind,3082,256.75,2.1750386966368036
bb_ipp_ground_truth,wind,3083,256.83333333333337,2.1725177766271595
bb_ipp_ground_truth,wind,3084,256.91666666666663,2.194385527885365
bb_ipp_ground_truth,wind,3085,257.0,2.1814967730889556
bb_ipp_ground_truth,wind,3086,257.08333333333337,2.2066750200521077
bb_ipp_ground_truth,wind,3087,257.16666666666663,2.215231742788912
bb_ipp_ground_truth,wind,3088,257.25,2.201965761674881
bb_ipp_ground_truth,wind,3089,257.33333333333337,2.21342710562274
bb_ipp_ground_truth,wind,3090,257.41666666666663,2.242217059118124
bb_ipp_ground_truth,wind,3091,257.5,2.2238086882337176
bb_ipp_ground_truth,wind,3092,257.58333333333337,2.2245494576951597
bb_ipp_ground_truth,wind,3093,257.66666666666663,2.2009479047179403
bb_ipp_ground_truth,wind,3094,257.75,2.185271295236092
bb_ipp_ground_truth,wind,3095,257.83333333333337,2.1912107656669946
bb_ipp_ground_truth,wind,3096,257.91666666666663,2.192942263123521
bb_ipp_ground_truth,wind,3097,258.0,2.1859038377477185
bb_ipp_ground_truth,wind,3098,258.08333333333337,2.191759876388992
bb_ipp_ground_truth,wind,3099,258.16666666666663,2.1928614839066976
bb_ipp_ground_truth,wind,3100,258.25,2.198142024423269
bb_ipp_ground_truth,wind,3101,258.33333333333337,2.1719109054594314
bb_ipp_ground_truth,wind,3102,258.41666666666663,2.1644868998113647
bb_ipp_ground_truth,wind,3103,258.5,2.16384681224647
bb_ipp_ground_truth,wind,3104,258.58333333333337,2.1601221827460617
bb_ipp_ground_truth,wind,3105,258.66666666666663,2.1839552370786923
bb_ipp_ground_truth,wind,3106,258.75,2.166188741132028
bb_ipp_ground_truth,wind,3107,258.83333333333337,2.1825504861501535
bb_ipp_ground_truth,wind,3108,258.91666666666663,2.168526181255629
bb_ipp_ground_truth,wind,3109,259.0,2.1523999761790513
bb_ipp_ground_truth,wind,3110,259.08333333333337,2.141435203646068
bb_ipp_ground_truth,wind,3111,259.16666666666663,2.149263387991765
bb_ipp_ground_truth,wind,3112,259.25,2.1372724106558705
bb_ipp_ground_truth,wind,3113,259.33333333333337,2.1462295367229713
bb_ipp_ground_truth,wind,3114,259.41666666666663,2.1588585149321333
bb_ipp_ground_truth,wind,3115,259.5,2.151818553235272
bb_ipp_ground_truth,wind,3116,259.58333333333337,2.16521461838464
bb_ipp_ground_truth,wind,3117,259.66666666666663,2.186444746392893
bb_ipp_ground_truth,wind,3118,259.75,2.1893060180575747
bb_ipp_ground_truth,wind,3119,259.83333333333337,2.159304043064223
bb_ipp_ground_truth,wind,3120,259.91666666666663,2.1508886149939537
bb_ipp_ground_truth,wind,3121,260.0,2.1645489188853424
bb_ipp_ground_truth,wind,3122,260.08333333333337,2.1711569747135724
bb_ipp_ground_truth,wind,3123,260.16666666666663,2.165034166894336
bb_ipp_ground_truth,wind,3124,260.25,2.1782716890615075
bb_ipp_ground_truth,wind,3125,260.33333333333337,2.1619307854246483
bb_ipp_ground_truth,wind,3126,260.41666666666663,2.1805893302796
bb_ipp_ground_truth,wind,3127,260.5,2.1826182897818946
bb_ipp_ground_truth,wind,3128,260.58333333333337,2.170362396032649
bb_ipp_ground_truth,wind,3129,260.66666666666663,2.182570649593554
bb_ipp_ground_truth,wind,3130,260.75,2.17551023582347
bb_ipp_ground_truth,wind,3131,260.83333333333337,2.174930790921578
bb_ipp_ground_truth,wind,3132,260.91666666666663,2.185421665414296
bb_ipp_ground_truth,wind,3133,261.0,2.195485364485575
bb_ipp_ground_truth,wind,3134,261.08333333333337,2.200497429078589
bb_ipp_ground_truth,wind,3135,261.16666666666663,2.1949298494376612
bb_ipp_ground_truth,wind,3136,261.25,2.209646562421745
bb_ipp_ground_truth,wind,3137,261.33333333333337,2.2162244212724156
bb_ipp_ground_truth,wind,3138,261.41666666666663,2.221432243952662
bb_ipp_ground_truth,wind,3139,261.5,2.224983003553913
bb_ipp_ground_truth,wind,3140,261.58333333333337,2.19196373144969
bb_ipp_ground_truth,wind,3141,261.66666666666663,2.1933914725326833
bb_ipp_ground_truth,wind,3142,261.75,2.2017944697100953
bb_ipp_ground_truth,wind,3143,261.83333333333337,2.206765087834034
bb_ipp_ground_truth,wind,3144,261.91666666666663,2.2198620718464372
bb_ipp_ground_truth,wind,3145,262.0,2.214843658435435
bb_ipp_ground_truth,wind,3146,262.08333333333337,2.229547257510249
bb_ipp_ground_truth,wind,3147,262.16666666666663,2.2296951293355582
bb_ipp_ground_truth,wind,3148,262.25,2.2271826336398264
bb_ipp_ground_truth,wind,3149,262.33333333333337,2.2373300630290167
bb_ipp_ground_truth,wind,3150,262.41666666666663,2.2251669766009363
bb_ipp_ground_truth,wind,3151,262.5,2.2303580031421277
bb_ipp_ground_truth,wind,3152,262.58333333333337,2.2017640335449498
bb_ipp_ground_truth,wind,3153,262.66666666666663,2.2516802698481766
bb_ipp_ground_truth,wind,3154,262.75,2.243011184201893
bb_ipp_ground_truth,wind,3155,262.83333333333337,2.2213552017077234
bb_ipp_ground_truth,wind,3156,262.91666666666663,2.228507213339182
bb_ipp_ground_truth,wind,3157,263.0,2.24529558572303
bb_ipp_ground_truth,wind,3158,263.08333333333337,2.2418754503389953
bb_ipp_ground_truth,wind,3159,263.16666666666663,2.215136270353201
bb_ipp_ground_truth,wind,3160,263.25,2.187068247023494
bb_ipp_ground_truth,wind,3161,263.33333333333337,2.180780090455056
bb_ipp_ground_truth,wind,3162,263.41666666666663,2.183024468857194
bb_ipp_ground_truth,wind,3163,263.5,2.2086870371463214
bb_ipp_ground_truth,wind,3164,263.58333333333337,2.1914158554948386
bb_ipp_ground_truth,wind,3165,263.66666666666663,2.175761482900732
bb_ipp_ground_truth,wind,3166,263.75,2.1819581775031773
bb_ipp_ground_truth,wind,3167,263.83333333333337,2.1768082665769284
bb_ipp_ground_truth,wind,3168,263.91666666666663,2.1708472977314917
bb_ipp_ground_truth,wind,3169,264.0,2.1775441898372128
bb_ipp_ground_truth,wind,3170,264.08333333333337,2.187309678692693
bb_ipp_ground_truth,wind,3171,264.16666666666663,2.210734157031902
bb_ipp_ground_truth,wind,3172,264.25,2.219438453477594
bb_ipp_ground_truth,wind,3173,264.33333333333337,2.2005209549051075
bb_ipp_ground_truth,wind,3174,264.41666666666663,2.20134870151749
bb_ipp_ground_truth,wind,3175,264.5,2.164575369135381
bb_ipp_ground_truth,wind,3176,264.58333333333337,2.1609688136222562
bb_ipp_ground_truth,wind,3177,264.66666666666663,2.171474345955186
bb_ipp_ground_truth,wind,3178,264.75,2.184168623938526
bb_ipp_ground_truth,wind,3179,264.83333333333337,2.17352328710245
bb_ipp_ground_truth,wind,3180,264.91666666666663,2.1726919580446493
bb_ipp_ground_truth,wind,3181,265.0,2.157786913093875
bb_ipp_ground_truth,wind,3182,265.08333333333337,2.1413625783780663
bb_ipp_ground_truth,wind,3183,265.16666666666663,2.14882095867101
bb_ipp_ground_truth,wind,3184,265.25,2.1787116936223865
bb_ipp_ground_truth,wind,3185,265.33333333333337,2.1853862551364927
bb_ipp_ground_truth,wind,3186,265.41666666666663,2.1794170831355237
bb_ipp_ground_truth,wind,3187,265.5,2.1853534254095415
bb_ipp_ground_truth,wind,3188,265.58333333333337,2.168396668301319
bb_ipp_ground_truth,wind,3189,265.66666666666663,2.1611991511611386
bb_ipp_ground_truth,wind,3190,265.75,2.180525178905691
bb_ipp_ground_truth,wind,3191,265.83333333333337,2.1656828403475594
bb_ipp_ground_truth,wind,3192,265.91666666666663,2.145956890917298
bb_ipp_ground_truth,wind,3193,266.0,2.17560693317228
bb_ipp_ground_truth,wind,3194,266.08333333333337,2.175895437903847
bb_ipp_ground_truth,wind,3195,266.16666666666663,2.152906377170006
bb_ipp_ground_truth,wind,3196,266.25,2.143429529773717
bb_ipp_ground_truth,wind,3197,266.33333333333337,2.156715804067974
bb_ipp_ground_truth,wind,3198,266.41666666666663,2.146858801750793
bb_ipp_ground_truth,wind,3199,266.5,2.1410752527776995
bb_ipp_ground_truth,wind,3200,266.58333333333337,2.1515818570118355
bb_ipp_ground_truth,wind,3201,266.66666666666663,2.16226325919435
bb_ipp_ground_truth,wind,3202,266.75,2.1680122626816427
bb_ipp_ground_truth,wind,3203,266.83333333333337,2.1735207012163564
bb_ipp_ground_truth,wind,3204,266.91666666666663,2.186595906942247
bb_ipp_ground_truth,wind,3205,267.0,2.1956945807682966
bb_ipp_ground_truth,wind,3206,267.08333333333337,2.1729248231776555
bb_ipp_ground_truth,wind,3207,267.16666666666663,2.1836538454860626
bb_ipp_ground_truth,wind,3208,267.25,2.167803755707975
bb_ipp_ground_truth,wind,3209,267.33333333333337,2.1737883320572156
bb_ipp_ground_truth,wind,3210,267.41666666666663,2.1674141854842968
bb_ipp_ground_truth,wind,3211,267.5,2.1670259952368998
bb_ipp_ground_truth,wind,3212,267.58333333333337,2.168758142043467
bb_ipp_ground_truth,wind,3213,267.66666666666663,2.155988629332089
bb_ipp_ground_truth,wind,3214,267.75,2.139797770365055
bb_ipp_ground_truth,wind,3215,267.83333333333337,2.155681044064436
bb_ipp_ground_truth,wind,3216,267.91666666666663,2.167085482760837
bb_ipp_ground_truth,wind,3217,268.0,2.179345337404843
bb_ipp_ground_truth,wind,3218,268.08333333333337,2.1754806802029556
bb_ipp_ground_truth,wind,3219,268.16666666666663,2.1646983489830416
bb_ipp_ground_truth,wind,3220,268.25,2.1612055420398706
bb_ipp_ground_truth,wind,3221,268.33333333333337,2.161886074445969
bb_ipp_ground_truth,wind,3222,268.41666666666663,2.1747953199586223
bb_ipp_ground_truth,wind,3223,268.5,2.147620998802453
bb_ipp_ground_truth,wind,3224,268.58333333333337,2.125449611037012
bb_ipp_ground_truth,wind,3225,268.66666666666663,2.1404412294096904
bb_ipp_ground_truth,wind,3226,268.75,2.139141326397696
bb_ipp_ground_truth,wind,3227,268.83333333333337,2.130123735362398
bb_ipp_ground_truth,wind,3228,268.91666666666663,2.1172246376413963
bb_ipp_ground_truth,wind,3229,269.0,2.129220068603648
bb_ipp_ground_truth,wind,3230,269.08333333333337,2.1226064111501053
bb_ipp_ground_truth,wind,3231,269.16666666666663,2.136667382428918
bb_ipp_ground_truth,wind,3232,269.25,2.1385698383114096
bb_ipp_ground_truth,wind,3233,269.33333333333337,2.144236661904293
bb_ipp_ground_truth,wind,3234,269.41666666666663,2.157915271710411
bb_ipp_ground_truth,wind,3235,269.5,2.1687012120259945
bb_ipp_ground_truth,wind,3236,269.58333333333337,2.1440738952873892
bb_ipp_ground_truth,wind,3237,269.66666666666663,2.1504326432414462
bb_ipp_ground_truth,wind,3238,269.75,2.1659518807036027
bb_ipp_ground_truth,wind,3239,269.83333333333337,2.153651551850286
bb_ipp_ground_truth,wind,3240,269.91666666666663,2.1513896683538953
bb_ipp_ground_truth,wind,3241,270.0,2.112917024365587
bb_ipp_ground_truth,wind,3242,270.08333333333337,2.1305042008489066
bb_ipp_ground_truth,wind,3243,270.16666666666663,2.1324282950103175
bb_ipp_ground_truth,wind,3244,270.25,2.15392079902865
bb_ipp_ground_truth,wind,3245,270.33333333333337,2.166787608667779
bb_ipp_ground_truth,wind,3246,270.41666666666663,2.168288415497844
bb_ipp_ground_truth,wind,3247,270.5,2.1720885857366787
bb_ipp_ground_truth,wind,3248,270.58333333333337,2.166126895240137
bb_ipp_ground_truth,wind,3249,270.66666666666663,2.167861734522471
bb_ipp_ground_truth,wind,3250,270.75,2.1990716646244035
bb_ipp_ground_truth,wind,3251,270.83333333333337,2.2179300249259386
bb_ipp_ground_truth,wind,3252,270.91666666666663,2.2287733866973385
bb_ipp_ground_truth,wind,3253,271.0,2.228138415129082
bb_ipp_ground_truth,wind,3254,271.08333333333337,2.2034861331168587
bb_ipp_ground_truth,wind,3255,271.16666666666663,2.1923880210201427
bb_ipp_ground_truth,wind,3256,271.25,2.2044400877779977
bb_ipp_ground_truth,wind,3257,271.33333333333337,2.2014502228916712
bb_ipp_ground_truth,wind,3258,271.41666666666663,2.2179963762312345
bb_ipp_ground_truth,wind,3259,271.5,2.2107610392781423
bb_ipp_ground_truth,wind,3260,271.58333333333337,2.2333550627563543
bb_ipp_ground_truth,wind,3261,271.66666666666663,2.224419718658357
bb_ipp_ground_truth,wind,3262,271.75,2.2343639029594606
bb_ipp_ground_truth,wind,3263,271.83333333333337,2.2305687064927255
bb_ipp_ground_truth,wind,3264,271.91666666666663,2.232294256058883
bb_ipp_ground_truth,wind,3265,272.0,2.218161546298238
bb_ipp_ground_truth,wind,3266,272.08333333333337,2.198489543603101
bb_ipp_ground_truth,wind,3267,272.16666666666663,2.1908757578635814
bb_ipp_ground_truth,wind,3268,272.25,2.195049961234492
bb_ipp_ground_truth,wind,3269,272.33333333333337,2.206030233179189
bb_ipp_ground_truth,wind,3270,272.41666666666663,2.218133986842919
bb_ipp_ground_truth,wind,3271,272.5,2.2010746206612226
bb_ipp_ground_truth,wind,3272,272.58333333333337,2.216092720290642
bb_ipp_ground_truth,wind,3273,272.66666666666663,2.210313642095564
bb_ipp_ground_truth,wind,3274,272.75,2.246485963491457
bb_ipp_ground_truth,wind,3275,272.83333333333337,2.245977701088348
bb_ipp_ground_truth,wind,3276,272.91666666666663,2.240272421486128
bb_ipp_ground_truth,wind,3277,273.0,2.23908241659813
bb_ipp_ground_truth,wind,3278,273.08333333333337,2.2119119514277146
bb_ipp_ground_truth,wind,3279,273.16666666666663,2.209252264307873
bb_ipp_ground_truth,wind,3280,273.25,2.1813120606938634
bb_ipp_ground_truth,wind,3281,273.33333333333337,2.172194582963518
bb_ipp_ground_truth,wind,3282,273.41666666666663,2.2064453279514216
bb_ipp_ground_truth,wind,3283,273.5,2.18025819012756
bb_ipp_ground_truth,wind,3284,273.58333333333337,2.150021963344579
bb_ipp_ground_truth,wind,3285,273.66666666666663,2.1570850591866693
bb_ipp_ground_truth,wind,3286,273.75,2.179334300309556
bb_ipp_ground_truth,wind,3287,273.83333333333337,2.1749749634621347
bb_ipp_ground_truth,wind,3288,273.91666666666663,2.1787884597063183
bb_ipp_ground_truth,wind,3289,274.0,2.1844154346512323
bb_ipp_ground_truth,wind,3290,274.08333333333337,2.172200784931057
bb_ipp_ground_truth,wind,3291,274.16666666666663,2.161629319677712
bb_ipp_ground_truth,wind,3292,274.25,2.1457577973001207
bb_ipp_ground_truth,wind,3293,274.33333333333337,2.1427310813690763
bb_ipp_ground_truth,wind,3294,274.41666666666663,2.1501444293559167
bb_ipp_ground_truth,wind,3295,274.5,2.1549011956751554
bb_ipp_ground_truth,wind,3296,274.58333333333337,2.154337643715181
bb_ipp_ground_truth,wind,3297,274.66666666666663,2.158402167380325
bb_ipp_ground_truth,wind,3298,274.75,2.1700254288827368
bb_ipp_ground_truth,wind,3299,274.83333333333337,2.1773702398406707
bb_ipp_ground_truth,wind,3300,274.91666666666663,2.1824275839054956
bb_ipp_ground_truth,wind,3301,275.0,2.19031445393607
bb_ipp_ground_truth,wind,3302,275.08333333333337,2.200664621032754
bb_ipp_ground_truth,wind,3303,275.16666666666663,2.2013973235496387
bb_ipp_ground_truth,wind,3304,275.25,2.180432885622314
bb_ipp_ground_truth,wind,3305,275.33333333333337,2.1683822145340947
bb_ipp_ground_truth,wind,3306,275.41666666666663,2.159288285259455
bb_ipp_ground_truth,wind,3307,275.5,2.154118132987211
bb_ipp_ground_truth,wind,3308,275.58333333333337,2.1438754500788035
bb_ipp_ground_truth,wind,3309,275.66666666666663,2.159465607543137
bb_ipp_ground_truth,wind,3310,275.75,2.1504320015579053
bb_ipp_ground_truth,wind,3311,275.83333333333337,2.155707305129272
bb_ipp_ground_truth,wind,3312,275.91666666666663,2.1589605526852256
bb_ipp_ground_truth,wind,3313,276.0,2.1606444395968842
bb_ipp_ground_truth,wind,3314,276.08333333333337,2.1625167594341512
bb_ipp_ground_truth,wind,3315,276.16666666666663,2.1823303363271616
bb_ipp_ground_truth,wind,3316,276.25,2.199188290603023
bb_ipp_ground_truth,wind,3317,276.33333333333337,2.2221875936471176
bb_ipp_ground_truth,wind,3318,276.41666666666663,2.2075284979236085
bb_ipp_ground_truth,wind,3319,276.5,2.205786526205167
bb_ipp_ground_truth,wind,3320,276.58333333333337,2.211137206737153
bb_ipp_ground_truth,wind,3321,276.66666666666663,2.2378332176457394
bb_ipp_ground_truth,wind,3322,276.75,2.210476436757315
bb_ipp_ground_truth,wind,3323,276.83333333333337,2.179556919530522
bb_ipp_ground_truth,wind,3324,276.91666666666663,2.1638455907583096
bb_ipp_ground_truth,wind,3325,277.0,2.1689025481539708
bb_ipp_ground_truth,wind,3326,277.08333333333337,2.1602721126170303
bb_ipp_ground_truth,wind,3327,277.16666666666663,2.188228098332369
bb_ipp_ground_truth,wind,3328,277.25,2.1934808918932345
bb_ipp_ground_truth,wind,3329,277.33333333333337,2.1508024152897547
bb_ipp_ground_truth,wind,3330,277.41666666666663,2.1460025921947183
bb_ipp_ground_truth,wind,3331,277.5,2.1561903599605454
bb_ipp_ground_truth,wind,3332,277.58333333333337,2.1861718104705106
bb_ipp_ground_truth,wind,3333,277.66666666666663,2.1956637706965108
bb_ipp_ground_truth,wind,3334,277.75,2.20454903281105
bb_ipp_ground_truth,wind,3335,277.83333333333337,2.198770618026024
bb_ipp_ground_truth,wind,3336,277.91666666666663,2.1972177542398827
bb_ipp_ground_truth,wind,3337,278.0,2.181306440543468
bb_ipp_ground_truth,wind,3338,278.08333333333337,2.1871460582827984
bb_ipp_ground_truth,wind,3339,278.16666666666663,2.187244997331771
bb_ipp_ground_truth,wind,3340,278.25,2.17702077041084
bb_ipp_ground_truth,wind,3341,278.33333333333337,2.2120914804348173
bb_ipp_ground_truth,wind,3342,278.41666666666663,2.2239031080103806
bb_ipp_ground_truth,wind,3343,278.5,2.20323637339257
bb_ipp_ground_truth,wind,3344,278.58333333333337,2.214917231862858
bb_ipp_ground_truth,wind,3345,278.66666666666663,2.190983822841069
bb_ipp_ground_truth,wind,3346,278.75,2.1811175755437255
bb_ipp_ground_truth,wind,3347,278.83333333333337,2.186797434088572
bb_ipp_ground_truth,wind,3348,278.91666666666663,2.193607766861126
bb_ipp_ground_truth,wind,3349,279.0,2.1921191323806553
bb_ipp_ground_truth,wind,3350,279.08333333333337,2.1660319050309123
bb_ipp_ground_truth,wind,3351,279.16666666666663,2.1657151936129173
bb_ipp_ground_truth,wind,3352,279.25,2.16810393255953
bb_ipp_ground_truth,wind,3353,279.33333333333337,2.197993731705078
bb_ipp_ground_truth,wind,3354,279.41666666666663,2.1862535351993015
bb_ipp_ground_truth,wind,3355,279.5,2.1654783856114515
bb_ipp_ground_truth,wind,3356,279.58333333333337,2.185575657508798
bb_ipp_ground_truth,wind,3357,279.66666666666663,2.17806169351551
bb_ipp_ground_truth,wind,3358,279.75,2.1858790364485063
bb_ipp_ground_truth,wind,3359,279.83333333333337,2.1852629125199967
bb_ipp_ground_truth,wind,3360,279.91666666666663,2.2018524535894786
bb_ipp_ground_truth,wind,3361,280.0,2.2043960161704472
bb_ipp_ground_truth,wind,3362,280.08333333333337,2.1952808068734817
bb_ipp_ground_truth,wind,3363,280.16666666666663,2.1954558336851666
bb_ipp_ground_truth,wind,3364,280.25,2.1684065968673525
bb_ipp_ground_truth,wind,3365,280.33333333333337,2.1958922434701633
bb_ipp_ground_truth,wind,3366,280.41666666666663,2.183160524120695
bb_ipp_ground_truth,wind,3367,280.5,2.2150321470658714
bb_ipp_ground_truth,wind,3368,280.58333333333337,2.210446451612395
bb_ipp_ground_truth,wind,3369,280.66666666666663,2.206088053341545
bb_ipp_ground_truth,wind,3370,280.75,2.1897541422095745
bb_ipp_ground_truth,wind,3371,280.83333333333337,2.1793804660858793
bb_ipp_ground_truth,wind,3372,280.91666666666663,2.1712087951144157
bb_ipp_ground_truth,wind,3373,281.0,2.179572504055092
bb_ipp_ground_truth,wind,3374,281.08333333333337,2.1857791040836085
bb_ipp_ground_truth,wind,3375,281.16666666666663,2.1834836335553347
bb_ipp_ground_truth,wind,3376,281.25,2.1857565945007287
bb_ipp_ground_truth,wind,3377,281.33333333333337,2.2062404782882448
bb_ipp_ground_truth,wind,3378,281.41666666666663,2.190397817161418
bb_ipp_ground_truth,wind,3379,281.5,2.190325102956205
bb_ipp_ground_truth,wind,3380,281.58333333333337,2.2008382412018817
bb_ipp_ground_truth,wind,3381,281.66666666666663,2.205105159485955
bb_ipp_ground_truth,wind,3382,281.75,2.185780171996512
bb_ipp_ground_truth,wind,3383,281.83333333333337,2.183606681044527
bb_ipp_ground_truth,wind,3384,281.91666666666663,2.201935699225322
bb_ipp_ground_truth,wind,3385,282.0,2.2143617843839185
bb_ipp_ground_truth,wind,3386,282.08333333333337,2.225750282471664
bb_ipp_ground_truth,wind,3387,282.16666666666663,2.2388424435637377
bb_ipp_ground_truth,wind,3388,282.25,2.2227645341459943
bb_ipp_ground_truth,wind,3389,282.33333333333337,2.2184260704772925
bb_ipp_ground_truth,wind,3390,282.41666666666663,2.223931466968589
bb_ipp_ground_truth,wind,3391,282.5,2.2231927163136076
bb_ipp_ground_truth,wind,3392,282.58333333333337,2.2274700660172106
bb_ipp_ground_truth,wind,3393,282.66666666666663,2.2220440200641156
bb_ipp_ground_truth,wind,3394,282.75,2.2292033985320128
bb_ipp_ground_truth,wind,3395,282.83333333333337,2.2411467215257974
bb_ipp_ground_truth,wind,3396,282.91666666666663,2.241804243349561
bb_ipp_ground_truth,wind,3397,283.0,2.2426938488749006
bb_ipp_ground_truth,wind,3398,283.08333333333337,2.245391865216759
bb_ipp_ground_truth,wind,3399,283.16666666666663,2.2387683251471535
bb_ipp_ground_truth,wind,3400,283.25,2.251714404570839
bb_ipp_ground_truth,wind,3401,283.33333333333337,2.2504840111508835
bb_ipp_ground_truth,wind,3402,283.41666666666663,2.235004931426479
bb_ipp_ground_truth,wind,3403,283.5,2.256235772032853
bb_ipp_ground_truth,wind,3404,283.58333333333337,2.23455294467273
bb_ipp_ground_truth,wind,3405,283.66666666666663,2.241647599770828
bb_ipp_ground_truth,wind,3406,283.75,2.24101809553959
bb_ipp_ground_truth,wind,3407,283.83333333333337,2.2148231567319785
bb_ipp_ground_truth,wind,3408,283.91666666666663,2.2238095827801185
bb_ipp_ground_truth,wind,3409,284.0,2.240546906222954
bb_ipp_ground_truth,wind,3410,284.08333333333337,2.236649187915254
bb_ipp_ground_truth,wind,3411,284.16666666666663,2.229291123112701
bb_ipp_ground_truth,wind,3412,284.25,2.239691229829361
bb_ipp_ground_truth,wind,3413,284.33333333333337,2.234054271064391
bb_ipp_ground_truth,wind,3414,284.41666666666663,2.25421703589448
bb_ipp_ground_truth,wind,3415,284.5,2.23962948667037
bb_ipp_ground_truth,wind,3416,284.58333333333337,2.2518668874795984
bb_ipp_ground_truth,wind,3417,284.66666666666663,2.250807356811224
bb_ipp_ground_truth,wind,3418,284.75,2.239537184830653
bb_ipp_ground_truth,wind,3419,284.83333333333337,2.263034947627892
bb_ipp_ground_truth,wind,3420,284.91666666666663,2.247602217739771
bb_ipp_ground_truth,wind,3421,285.0,2.2728786836130324
bb_ipp_ground_truth,wind,3422,285.08333333333337,2.268829792949424
bb_ipp_ground_truth,wind,3423,285.16666666666663,2.251756714158368
bb_ipp_ground_truth,wind,3424,285.25,2.210264940549454
bb_ipp_ground_truth,wind,3425,285.33333333333337,2.246018344917962
bb_ipp_ground_truth,wind,3426,285.41666666666663,2.2019029343411614
bb_ipp_ground_truth,wind,3427,285.5,2.2111635631839155
bb_ipp_ground_truth,wind,3428,285.58333333333337,2.2162025234600473
bb_ipp_ground_truth,wind,3429,285.66666666666663,2.224589408831139
bb_ipp_ground_truth,wind,3430,285.75,2.248420457233414
bb_ipp_ground_truth,wind,3431,285.83333333333337,2.236231340942332
bb_ipp_ground_truth,wind,3432,285.91666666666663,2.2477153275720534
bb_ipp_ground_truth,wind,3433,286.0,2.256563459240493
bb_ipp_ground_truth,wind,3434,286.08333333333337,2.2353272750726787
bb_ipp_ground_truth,wind,3435,286.16666666666663,2.247836455094371
bb_ipp_ground_truth,wind,3436,286.25,2.2158446719653826
bb_ipp_ground_truth,wind,3437,286.33333333333337,2.224029295332421
bb_ipp_ground_truth,wind,3438,286.41666666666663,2.2277658980392046
bb_ipp_ground_truth,wind,3439,286.5,2.2317620867422527
bb_ipp_ground_truth,wind,3440,286.58333333333337,2.235635869681159
bb_ipp_ground_truth,wind,3441,286.66666666666663,2.227910902480591
bb_ipp_ground_truth,wind,3442,286.75,2.2400498120061134
bb_ipp_ground_truth,wind,3443,286.83333333333337,2.236531186492336
bb_ipp_ground_truth,wind,3444,286.91666666666663,2.2353230088895963
bb_ipp_ground_truth,wind,3445,287.0,2.2364878544341473
bb_ipp_ground_truth,wind,3446,287.08333333333337,2.2191825610598706
bb_ipp_ground_truth,wind,3447,287.16666666666663,2.198458724364581
bb_ipp_ground_truth,wind,3448,287.25,2.2085712289163837
bb_ipp_ground_truth,wind,3449,287.33333333333337,2.2274780181348826
bb_ipp_ground_truth,wind,3450,287.41666666666663,2.228972846148601
bb_ipp_ground_truth,wind,3451,287.5,2.229745133683602
bb_ipp_ground_truth,wind,3452,287.58333333333337,2.209140181492843
bb_ipp_ground_truth,wind,3453,287.66666666666663,2.2221018633882132
bb_ipp_ground_truth,wind,3454,287.75,2.2338492340320455
bb_ipp_ground_truth,wind,3455,287.83333333333337,2.2404975048771205
bb_ipp_ground_truth,wind,3456,287.91666666666663,2.2259253525191633
bb_ipp_ground_truth,wind,3457,288.0,2.2086521303101017
bb_ipp_ground_truth,wind,3458,288.08333333333337,2.188810762520892
bb_ipp_ground_truth,wind,3459,288.16666666666663,2.1656668416086053
bb_ipp_ground_truth,wind,3460,288.25,2.1776845421368214
bb_ipp_ground_truth,wind,3461,288.33333333333337,2.177522806076294
bb_ipp_ground_truth,wind,3462,288.41666666666663,2.1880790927449403
bb_ipp_ground_truth,wind,3463,288.5,2.1862634552837443
bb_ipp_ground_truth,wind,3464,288.58333333333337,2.2168331089546203
bb_ipp_ground_truth,wind,3465,288.66666666666663,2.218568666664596
bb_ipp_ground_truth,wind,3466,288.75,2.2165210602753205
bb_ipp_ground_truth,wind,3467,288.83333333333337,2.1977285110864098
bb_ipp_ground_truth,wind,3468,288.91666666666663,2.208080142013725
bb_ipp_ground_truth,wind,3469,289.0,2.2113725596197913
bb_ipp_ground_truth,wind,3470,289.08333333333337,2.215097910890041
bb_ipp_ground_truth,wind,3471,289.16666666666663,2.2328685368006114
bb_ipp_ground_truth,wind,3472,289.25,2.23636477589713
bb_ipp_ground_truth,wind,3473,289.33333333333337,2.222726145533957
bb_ipp_ground_truth,wind,3474,289.41666666666663,2.209446965792367
bb_ipp_ground_truth,wind,3475,289.5,2.2178865392278806
bb_ipp_ground_truth,wind,3476,289.58333333333337,2.2353629226513814
bb_ipp_ground_truth,wind,3477,289.66666666666663,2.2406691176215237
bb_ipp_ground_truth,wind,3478,289.75,2.233172617199744
bb_ipp_ground_truth,wind,3479,289.83333333333337,2.2450825602521527
bb_ipp_ground_truth,wind,3480,289.91666666666663,2.2480400234856024
bb_ipp_ground_truth,wind,3481,290.0,2.232140155133119
bb_ipp_ground_truth,wind,3482,290.08333333333337,2.2522383916522273
bb_ipp_ground_truth,wind,3483,290.16666666666663,2.241177590613326
bb_ipp_ground_truth,wind,3484,290.25,2.236746163643903
bb_ipp_ground_truth,wind,3485,290.33333333333337,2.2272507114395124
bb_ipp_ground_truth,wind,3486,290.41666666666663,2.2265721669191603
bb_ipp_ground_truth,wind,3487,290.5,2.2334540435651635
bb_ipp_ground_truth,wind,3488,290.58333333333337,2.230257382912476
bb_ipp_ground_truth,wind,3489,290.66666666666663,2.216456429961258
bb_ipp_ground_truth,wind,3490,290.75,2.2279642681117076
bb_ipp_ground_truth,wind,3491,290.83333333333337,2.210490876948312
bb_ipp_ground_truth,wind,3492,290.91666666666663,2.20940278184891
bb_ipp_ground_truth,wind,3493,291.0,2.205690030595756
bb_ipp_ground_truth,wind,3494,291.08333333333337,2.2396385487512798
bb_ipp_ground_truth,wind,3495,291.16666666666663,2.226832036056889
bb_ipp_ground_truth,wind,3496,291.25,2.2199702212035466
bb_ipp_ground_truth,wind,3497,291.33333333333337,2.2382151288662997
bb_ipp_ground_truth,wind,3498,291.41666666666663,2.2432815872731835
bb_ipp_ground_truth,wind,3499,291.5,2.2378135854217165
bb_ipp_ground_truth,wind,3500,291.58333333333337,2.240930286715064
bb_ipp_ground_truth,wind,3501,291.66666666666663,2.212595197225459
bb_ipp_ground_truth,wind,3502,291.75,2.2030909322471572
bb_ipp_ground_truth,wind,3503,291.83333333333337,2.2070854585951634
bb_ipp_ground_truth,wind,3504,291.91666666666663,2.2126164099858676
bb_ipp_ground_truth,wind,3505,292.0,2.199193710922175
bb_ipp_ground_truth,wind,3506,292.08333333333337,2.1979863304325717
bb_ipp_ground_truth,wind,3507,292.16666666666663,2.188633377552716
bb_ipp_ground_truth,wind,3508,292.25,2.1902489211823486
bb_ipp_ground_truth,wind,3509,292.33333333333337,2.198520273975719
bb_ipp_ground_truth,wind,3510,292.41666666666663,2.1920989824399597
bb_ipp_ground_truth,wind,3511,292.5,2.1951270203420186
bb_ipp_ground_truth,wind,3512,292.58333333333337,2.2045668431409537
bb_ipp_ground_truth,wind,3513,292.66666666666663,2.2038394526038503
bb_ipp_ground_truth,wind,3514,292.75,2.197806196020694
bb_ipp_ground_truth,wind,3515,292.83333333333337,2.2113037533008675
bb_ipp_ground_truth,wind,3516,292.91666666666663,2.2274083219702545
bb_ipp_ground_truth,wind,3517,293.0,2.2438652972790374
bb_ipp_ground_truth,wind,3518,293.08333333333337,2.219378877532651
bb_ipp_ground_truth,wind,3519,293.16666666666663,2.212330273262548
bb_ipp_ground_truth,wind,3520,293.25,2.211471862660074
bb_ipp_ground_truth,wind,3521,293.33333333333337,2.1734582508820743
bb_ipp_ground_truth,wind,3522,293.41666666666663,2.1740591098621325
bb_ipp_ground_truth,wind,3523,293.5,2.187354249098457
bb_ipp_ground_truth,wind,3524,293.58333333333337,2.192805502336308
bb_ipp_ground_truth,wind,3525,293.66666666666663,2.22176471901246
bb_ipp_ground_truth,wind,3526,293.75,2.2284271021678146
bb_ipp_ground_truth,wind,3527,293.83333333333337,2.207376439655223
bb_ipp_ground_truth,wind,3528,293.91666666666663,2.2209502682319466
bb_ipp_ground_truth,wind,3529,294.0,2.2283755600713637
bb_ipp_ground_truth,wind,3530,294.08333333333337,2.235927728839558
bb_ipp_ground_truth,wind,3531,294.16666666666663,2.230521905031999
bb_ipp_ground_truth,wind,3532,294.25,2.2173018145238106
bb_ipp_ground_truth,wind,3533,294.33333333333337,2.242366880065219
bb_ipp_ground_truth,wind,3534,294.41666666666663,2.254660851218261
bb_ipp_ground_truth,wind,3535,294.5,2.2459366795834295
bb_ipp_ground_truth,wind,3536,294.58333333333337,2.2455958831446647
bb_ipp_ground_truth,wind,3537,294.66666666666663,2.2311045091512276
bb_ipp_ground_truth,wind,3538,294.75,2.2382139796063485
bb_ipp_ground_truth,wind,3539,294.83333333333337,2.2423711522344094
bb_ipp_ground_truth,wind,3540,294.91666666666663,2.2303918843033563
bb_ipp_ground_truth,wind,3541,295.0,2.2232376301239247
bb_ipp_ground_truth,wind,3542,295.08333333333337,2.2375767060512155
bb_ipp_ground_truth,wind,3543,295.16666666666663,2.23757855282778
bb_ipp_ground_truth,wind,3544,295.25,2.2563683968695654
bb_ipp_ground_truth,wind,3545,295.33333333333337,2.2597729258255517
bb_ipp_ground_truth,wind,3546,295.41666666666663,2.268337600023701
bb_ipp_ground_truth,wind,3547,295.5,2.250588467110147
bb_ipp_ground_truth,wind,3548,295.58333333333337,2.264279379903611
bb_ipp_ground_truth,wind,3549,295.66666666666663,2.255768540474132
bb_ipp_ground_truth,wind,3550,295.75,2.2645594755294316
bb_ipp_ground_truth,wind,3551,295.83333333333337,2.2762751509744197
bb_ipp_ground_truth,wind,3552,295.91666666666663,2.2906708903713215
bb_ipp_ground_truth,wind,3553,296.0,2.2874583480141264
bb_ipp_ground_truth,wind,3554,296.08333333333337,2.2748947700764153
bb_ipp_ground_truth,wind,3555,296.16666666666663,2.284439360579745
bb_ipp_ground_truth,wind,3556,296.25,2.2866937408434147
bb_ipp_ground_truth,wind,3557,296.33333333333337,2.276033122953185
bb_ipp_ground_truth,wind,3558,296.41666666666663,2.26482323179189
bb_ipp_ground_truth,wind,3559,296.5,2.2598223020859165
bb_ipp_ground_truth,wind,3560,296.58333333333337,2.2465988677845745
bb_ipp_ground_truth,wind,3561,296.66666666666663,2.2732435144640872
bb_ipp_ground_truth,wind,3562,296.75,2.25543643262202
bb_ipp_ground_truth,wind,3563,296.83333333333337,2.2130368238858336
bb_ipp_ground_truth,wind,3564,296.91666666666663,2.2253036127187964
bb_ipp_ground_truth,wind,3565,297.0,2.242183504309878
bb_ipp_ground_truth,wind,3566,297.08333333333337,2.2169466326791754
bb_ipp_ground_truth,wind,3567,297.16666666666663,2.2433407287511464
bb_ipp_ground_truth,wind,3568,297.25,2.2569735011686065
bb_ipp_ground_truth,wind,3569,297.33333333333337,2.2434041720825046
bb_ipp_ground_truth,wind,3570,297.41666666666663,2.2674070329341
bb_ipp_ground_truth,wind,3571,297.5,2.2700351902083744
bb_ipp_ground_truth,wind,3572,297.58333333333337,2.2830388188156863
bb_ipp_ground_truth,wind,3573,297.66666666666663,2.2751237517086733
bb_ipp_ground_truth,wind,3574,297.75,2.252242655784165
bb_ipp_ground_truth,wind,3575,297.83333333333337,2.24671375636314
bb_ipp_ground_truth,wind,3576,297.91666666666663,2.249953030629626
bb_ipp_ground_truth,wind,3577,298.0,2.2414125962826184
bb_ipp_ground_truth,wind,3578,298.08333333333337,2.238822737529249
bb_ipp_ground_truth,wind,3579,298.16666666666663,2.2107199405404203
bb_ipp_ground_truth,wind,3580,298.25,2.1997142667642096
bb_ipp_ground_truth,wind,3581,298.33333333333337,2.204309436134744
bb_ipp_ground_truth,wind,3582,298.41666666666663,2.202862357338274
bb_ipp_ground_truth,wind,3583,298.5,2.2169396320953076
bb_ipp_ground_truth,wind,3584,298.58333333333337,2.218705490627938
bb_ipp_ground_truth,wind,3585,298.66666666666663,2.2149175134261734
bb_ipp_ground_truth,wind,3586,298.75,2.214154370621652
bb_ipp_ground_truth,wind,3587,298.83333333333337,2.2017499217256336
bb_ipp_ground_truth,wind,3588,298.91666666666663,2.1970337620213467
bb_ipp_ground_truth,wind,3589,299.0,2.2043213946118128
bb_ipp_ground_truth,wind,3590,299.08333333333337,2.2031527037874916
bb_ipp_ground_truth,wind,3591,299.16666666666663,2.228263518755204
bb_ipp_ground_truth,wind,3592,299.25,2.238748688266058
bb_ipp_ground_truth,wind,3593,299.33333333333337,2.2301857850884494
bb_ipp_ground_truth,wind,3594,299.41666666666663,2.2359936843264125
bb_ipp_ground_truth,wind,3595,299.5,2.2407039791831664
bb_ipp_ground_truth,wind,3596,299.58333333333337,2.2314512378812617
bb_ipp_ground_truth,wind,3597,299.66666666666663,2.237326079407653
bb_ipp_ground_truth,wind,3598,299.75,2.2436240583294147
bb_ipp_ground_truth,wind,3599,299.83333333333337,2.262851868599251
bb_ipp_ground_truth,wind,3600,299.91666666666663,2.2447188861074348
bb_ipp_ground_truth,wind,3601,300.0,2.232700140060653
bb_ipp_ground_truth,wind,3602,300.08333333333337,2.26389332286392
bb_ipp_ground_truth,wind,3603,300.16666666666663,2.2638170856692903
bb_ipp_ground_truth,wind,3604,300.25,2.285394723135627
bb_ipp_ground_truth,wind,3605,300.33333333333337,2.296158815257813
bb_ipp_ground_truth,wind,3606,300.41666666666663,2.293032557645958
bb_ipp_ground_truth,wind,3607,300.5,2.2748013533419917
bb_ipp_ground_truth,wind,3608,300.58333333333337,2.2827873412494455
bb_ipp_ground_truth,wind,3609,300.66666666666663,2.288002179517897
bb_ipp_ground_truth,wind,3610,300.75,2.263612133623454
bb_ipp_ground_truth,wind,3611,300.83333333333337,2.24598889332052
bb_ipp_ground_truth,wind,3612,300.91666666666663,2.2501479830861335
bb_ipp_ground_truth,wind,3613,301.0,2.244724798026614
bb_ipp_ground_truth,wind,3614,301.08333333333337,2.27653438921863
bb_ipp_ground_truth,wind,3615,301.16666666666663,2.283397595813926
bb_ipp_ground_truth,wind,3616,301.25,2.2664079855085904
bb_ipp_ground_truth,wind,3617,301.33333333333337,2.2788618179563724
bb_ipp_ground_truth,wind,3618,301.41666666666663,2.2817226878589567
bb_ipp_ground_truth,wind,3619,301.5,2.276118549402762
bb_ipp_ground_truth,wind,3620,301.58333333333337,2.2880875842536255
bb_ipp_ground_truth,wind,3621,301.66666666666663,2.2773955749948387
bb_ipp_ground_truth,wind,3622,301.75,2.2611911287465
bb_ipp_ground_truth,wind,3623,301.83333333333337,2.3015828588708693
bb_ipp_ground_truth,wind,3624,301.91666666666663,2.289646878099403
bb_ipp_ground_truth,wind,3625,302.0,2.2702127313222937
bb_ipp_ground_truth,wind,3626,302.08333333333337,2.264497676338606
bb_ipp_ground_truth,wind,3627,302.16666666666663,2.26472097858621
bb_ipp_ground_truth,wind,3628,302.25,2.2735534966849023
bb_ipp_ground_truth,wind,3629,302.33333333333337,2.2741252832319683
bb_ipp_ground_truth,wind,3630,302.41666666666663,2.2677730246993937
bb_ipp_ground_truth,wind,3631,302.5,2.259298432965947
bb_ipp_ground_truth,wind,3632,302.58333333333337,2.2519005967848207
bb_ipp_ground_truth,wind,3633,302.66666666666663,2.2250850946015874
bb_ipp_ground_truth,wind,3634,302.75,2.214153646986778
bb_ipp_ground_truth,wind,3635,302.83333333333337,2.2389841289353813
bb_ipp_ground_truth,wind,3636,302.91666666666663,2.2243313242139973
bb_ipp_ground_truth,wind,3637,303.0,2.203740199499573
bb_ipp_ground_truth,wind,3638,303.08333333333337,2.192587277805863
bb_ipp_ground_truth,wind,3639,303.16666666666663,2.1861323398876076
bb_ipp_ground_truth,wind,3640,303.25,2.2043382084960945
bb_ipp_ground_truth,wind,3641,303.33333333333337,2.1930870293960947
bb_ipp_ground_truth,wind,3642,303.41666666666663,2.2028056975531505
bb_ipp_ground_truth,wind,3643,303.5,2.183104493167618
bb_ipp_ground_truth,wind,3644,303.58333333333337,2.1770078158095294
bb_ipp_ground_truth,wind,3645,303.66666666666663,2.176730301939531
bb_ipp_ground_truth,wind,3646,303.75,2.160007212478882
bb_ipp_ground_truth,wind,3647,303.83333333333337,2.176038236177613
bb_ipp_ground_truth,wind,3648,303.91666666666663,2.1762972506501637
bb_ipp_ground_truth,wind,3649,304.0,2.1658615041837415
bb_ipp_ground_truth,wind,3650,304.08333333333337,2.1838456213591675
bb_ipp_ground_truth,wind,3651,304.16666666666663,2.1814404204364957
bb_ipp_ground_truth,wind,3652,304.25,2.2009435417586922
bb_ipp_ground_truth,wind,3653,304.33333333333337,2.1810108279303626
bb_ipp_ground_truth,wind,3654,304.41666666666663,2.179817489570811
bb_ipp_ground_truth,wind,3655,304.5,2.1673774563835755
bb_ipp_ground_truth,wind,3656,304.58333333333337,2.1837816282744744
bb_ipp_ground_truth,wind,3657,304.66666666666663,2.17726953474661
bb_ipp_ground_truth,wind,3658,304.75,2.193989480074924
bb_ipp_ground_truth,wind,3659,304.83333333333337,2.1707128205536255
bb_ipp_ground_truth,wind,3660,304.91666666666663,2.1520132352013057
bb_ipp_ground_truth,wind,3661,305.0,2.1754143673522917
bb_ipp_ground_truth,wind,3662,305.08333333333337,2.1602090161530225
bb_ipp_ground_truth,wind,3663,305.16666666666663,2.139651951350155
bb_ipp_ground_truth,wind,3664,305.25,2.14435629484994
bb_ipp_ground_truth,wind,3665,305.33333333333337,2.128634700241329
bb_ipp_ground_truth,wind,3666,305.41666666666663,2.135401027957728
bb_ipp_ground_truth,wind,3667,305.5,2.146786689650778
bb_ipp_ground_truth,wind,3668,305.58333333333337,2.1422818387824263
bb_ipp_ground_truth,wind,3669,305.66666666666663,2.1558806681987663
bb_ipp_ground_truth,wind,3670,305.75,2.1509922857764594
bb_ipp_ground_truth,wind,3671,305.83333333333337,2.15564444444666
bb_ipp_ground_truth,wind,3672,305.91666666666663,2.1472989576693355
bb_ipp_ground_truth,wind,3673,306.0,2.1569960050385903
bb_ipp_ground_truth,wind,3674,306.08333333333337,2.1356062077275957
bb_ipp_ground_truth,wind,3675,306.16666666666663,2.1662584090709607
bb_ipp_ground_truth,wind,3676,306.25,2.1675772007074987
bb_ipp_ground_truth,wind,3677,306.33333333333337,2.1810439386259004
bb_ipp_ground_truth,wind,3678,306.41666666666663,2.190123585393543
bb_ipp_ground_truth,wind,3679,306.5,2.1965281389684095
bb_ipp_ground_truth,wind,3680,306.58333333333337,2.199015011473328
bb_ipp_ground_truth,wind,3681,306.66666666666663,2.1916585593576303
bb_ipp_ground_truth,wind,3682,306.75,2.177626620915552
bb_ipp_ground_truth,wind,3683,306.83333333333337,2.182086963780533
bb_ipp_ground_truth,wind,3684,306.91666666666663,2.169609514309159
bb_ipp_ground_truth,wind,3685,307.0,2.153229514313221
bb_ipp_ground_truth,wind,3686,307.08333333333337,2.1623767085238996
bb_ipp_ground_truth,wind,3687,307.16666666666663,2.1949372174460464
bb_ipp_ground_truth,wind,3688,307.25,2.1685857657239356
bb_ipp_ground_truth,wind,3689,307.33333333333337,2.2004630005833574
bb_ipp_ground_truth,wind,3690,307.41666666666663,2.1937549066249935
bb_ipp_ground_truth,wind,3691,307.5,2.21835884982428
bb_ipp_ground_truth,wind,3692,307.58333333333337,2.235716909766035
bb_ipp_ground_truth,wind,3693,307.66666666666663,2.204840908830788
bb_ipp_ground_truth,wind,3694,307.75,2.1913997671857874
bb_ipp_ground_truth,wind,3695,307.83333333333337,2.1730769271594474
bb_ipp_ground_truth,wind,3696,307.91666666666663,2.1613637336114975
bb_ipp_ground_truth,wind,3697,308.0,2.1783820124910753
bb_ipp_ground_truth,wind,3698,308.08333333333337,2.1845075496036968
bb_ipp_ground_truth,wind,3699,308.16666666666663,2.1885518746811994
bb_ipp_ground_truth,wind,3700,308.25,2.2054689847449223
bb_ipp_ground_truth,wind,3701,308.33333333333337,2.1900698365980533
bb_ipp_ground_truth,wind,3702,308.41666666666663,2.1706695777840537
bb_ipp_ground_truth,wind,3703,308.5,2.168571093658153
bb_ipp_ground_truth,wind,3704,308.58333333333337,2.158912389173236
bb_ipp_ground_truth,wind,3705,308.66666666666663,2.1818887566698404
bb_ipp_ground_truth,wind,3706,308.75,2.2028389141626485
bb_ipp_ground_truth,wind,3707,308.83333333333337,2.17982245741596
bb_ipp_ground_truth,wind,3708,308.91666666666663,2.1695730223738017
bb_ipp_ground_truth,wind,3709,309.0,2.1599769280549865
bb_ipp_ground_truth,wind,3710,309.08333333333337,2.1990898206583083
bb_ipp_ground_truth,wind,3711,309.16666666666663,2.1932353706860996
bb_ipp_ground_truth,wind,3712,309.25,2.177623669991288
bb_ipp_ground_truth,wind,3713,309.33333333333337,2.1703618372443674
bb_ipp_ground_truth,wind,3714,309.41666666666663,2.1943750087783735
bb_ipp_ground_truth,wind,3715,309.5,2.1740932121871954
bb_ipp_ground_truth,wind,3716,309.58333333333337,2.1713201926688304
bb_ipp_ground_truth,wind,3717,309.66666666666663,2.198664912909832
bb_ipp_ground_truth,wind,3718,309.75,2.2048247585023466
bb_ipp_ground_truth,wind,3719,309.83333333333337,2.1990166350769127
bb_ipp_ground_truth,wind,3720,309.91666666666663,2.1993427608794676
bb_ipp_ground_truth,wind,3721,310.0,2.202049882076882
bb_ipp_ground_truth,wind,3722,310.08333333333337,2.177286055556514
bb_ipp_ground_truth,wind,3723,310.16666666666663,2.1864978515499516
bb_ipp_ground_truth,wind,3724,310.25,2.212751754724803
bb_ipp_ground_truth,wind,3725,310.33333333333337,2.207064301720679
bb_ipp_ground_truth,wind,3726,310.41666666666663,2.1952298472755736
bb_ipp_ground_truth,wind,3727,310.5,2.1948084189772596
bb_ipp_ground_truth,wind,3728,310.58333333333337,2.2006080669029284
bb_ipp_ground_truth,wind,3729,310.66666666666663,2.186149545331786
bb_ipp_ground_truth,wind,3730,310.75,2.20399130838958
bb_ipp_ground_truth,wind,3731,310.83333333333337,2.2280074113049584
bb_ipp_ground_truth,wind,3732,310.91666666666663,2.224671776259121
bb_ipp_ground_truth,wind,3733,311.0,2.2511315082979144
bb_ipp_ground_truth,wind,3734,311.08333333333337,2.231330683905518
bb_ipp_ground_truth,wind,3735,311.16666666666663,2.242717661298978
bb_ipp_ground_truth,wind,3736,311.25,2.2550158034721135
bb_ipp_ground_truth,wind,3737,311.33333333333337,2.2785089116067394
bb_ipp_ground_truth,wind,3738,311.41666666666663,2.2800523137056086
bb_ipp_ground_truth,wind,3739,311.5,2.2950118255563954
bb_ipp_ground_truth,wind,3740,311.58333333333337,2.2877457441143405
bb_ipp_ground_truth,wind,3741,311.66666666666663,2.2918300423178537
bb_ipp_ground_truth,wind,3742,311.75,2.292468602682476
bb_ipp_ground_truth,wind,3743,311.83333333333337,2.2963478490943836
bb_ipp_ground_truth,wind,3744,311.91666666666663,2.2881631961787168
bb_ipp_ground_truth,wind,3745,312.0,2.2641381016395954
bb_ipp_ground_truth,wind,3746,312.08333333333337,2.2596375099041484
bb_ipp_ground_truth,wind,3747,312.16666666666663,2.283059549660117
bb_ipp_ground_truth,wind,3748,312.25,2.2694048211446507
bb_ipp_ground_truth,wind,3749,312.33333333333337,2.2877054518976983
bb_ipp_ground_truth,wind,3750,312.41666666666663,2.2775484362944436
bb_ipp_ground_truth,wind,3751,312.5,2.264917141245999
bb_ipp_ground_truth,wind,3752,312.58333333333337,2.2295913241554097
bb_ipp_ground_truth,wind,3753,312.66666666666663,2.2302514490975147
bb_ipp_ground_truth,wind,3754,312.75,2.193365049219701
bb_ipp_ground_truth,wind,3755,312.83333333333337,2.2015545504569087
bb_ipp_ground_truth,wind,3756,312.91666666666663,2.209730699772386
bb_ipp_ground_truth,wind,3757,313.0,2.226363108616506
bb_ipp_ground_truth,wind,3758,313.08333333333337,2.2358346640801634
bb_ipp_ground_truth,wind,3759,313.16666666666663,2.242049752080681
bb_ipp_ground_truth,wind,3760,313.25,2.239160014553108
bb_ipp_ground_truth,wind,3761,313.33333333333337,2.2554220683243265
bb_ipp_ground_truth,wind,3762,313.41666666666663,2.2587088369561874
bb_ipp_ground_truth,wind,3763,313.5,2.252344326364824
bb_ipp_ground_truth,wind,3764,313.58333333333337,2.2555150715442216
bb_ipp_ground_truth,wind,3765,313.66666666666663,2.2411211948577314
bb_ipp_ground_truth,wind,3766,313.75,2.2448538372612528
bb_ipp_ground_truth,wind,3767,313.83333333333337,2.259129751592748
bb_ipp_ground_truth,wind,3768,313.91666666666663,2.239130461349601
bb_ipp_ground_truth,wind,3769,314.0,2.216995198374356
bb_ipp_ground_truth,wind,3770,314.08333333333337,2.230100300267507
bb_ipp_ground_truth,wind,3771,314.16666666666663,2.22745048093149
bb_ipp_ground_truth,wind,3772,314.25,2.2315156857050416
bb_ipp_ground_truth,wind,3773,314.33333333333337,2.229454799513603
bb_ipp_ground_truth,wind,3774,314.41666666666663,2.2420492592680294
bb_ipp_ground_truth,wind,3775,314.5,2.234086184673028
bb_ipp_ground_truth,wind,3776,314.58333333333337,2.2277413217601834
bb_ipp_ground_truth,wind,3777,314.66666666666663,2.227422077890223
bb_ipp_ground_truth,wind,3778,314.75,2.2441548338965442
bb_ipp_ground_truth,wind,3779,314.83333333333337,2.245705762893998
bb_ipp_ground_truth,wind,3780,314.91666666666663,2.260802894050769
bb_ipp_ground_truth,wind,3781,315.0,2.2381774150795115
bb_ipp_ground_truth,wind,3782,315.08333333333337,2.220881302848424
bb_ipp_ground_truth,wind,3783,315.16666666666663,2.222491030796635
bb_ipp_ground_truth,wind,3784,315.25,2.2403885027385657
bb_ipp_ground_truth,wind,3785,315.33333333333337,2.2211915498319104
bb_ipp_ground_truth,wind,3786,315.41666666666663,2.2284005216902676
bb_ipp_ground_truth,wind,3787,315.5,2.2434544197624375
bb_ipp_ground_truth,wind,3788,315.58333333333337,2.2551138467047074
bb_ipp_ground_truth,wind,3789,315.66666666666663,2.215764432883927
bb_ipp_ground_truth,wind,3790,315.75,2.209247789428514
bb_ipp_ground_truth,wind,3791,315.83333333333337,2.244708518364341
bb_ipp_ground_truth,wind,3792,315.91666666666663,2.261957011834108
bb_ipp_ground_truth,wind,3793,316.0,2.268184047457018
bb_ipp_ground_truth,wind,3794,316.08333333333337,2.2885673387502337
bb_ipp_ground_truth,wind,3795,316.16666666666663,2.2752549758473033
bb_ipp_ground_truth,wind,3796,316.25,2.2501130493351567
bb_ipp_ground_truth,wind,3797,316.33333333333337,2.2485628998829053
bb_ipp_ground_truth,wind,3798,316.41666666666663,2.242342427101356
bb_ipp_ground_truth,wind,3799,316.5,2.2564970589178452
bb_ipp_ground_truth,wind,3800,316.58333333333337,2.2731138227877983
bb_ipp_ground_truth,wind,3801,316.66666666666663,2.2707274847968817
bb_ipp_ground_truth,wind,3802,316.75,2.280370011812175
bb_ipp_ground_truth,wind,3803,316.83333333333337,2.2993842283696115
bb_ipp_ground_truth,wind,3804,316.91666666666663,2.2991248826950206
bb_ipp_ground_truth,wind,3805,317.0,2.283204313546428
bb_ipp_ground_truth,wind,3806,317.08333333333337,2.295132411305961
bb_ipp_ground_truth,wind,3807,317.16666666666663,2.274684813257125
bb_ipp_ground_truth,wind,3808,317.25,2.2570148591587995
bb_ipp_ground_truth,wind,3809,317.33333333333337,2.252052602403695
bb_ipp_ground_truth,wind,3810,317.41666666666663,2.2511433835786767
bb_ipp_ground_truth,wind,3811,317.5,2.2658250935524378
bb_ipp_ground_truth,wind,3812,317.58333333333337,2.2526483104831923
bb_ipp_ground_truth,wind,3813,317.66666666666663,2.263113205523534
bb_ipp_ground_truth,wind,3814,317.75,2.2613526288961125
bb_ipp_ground_truth,wind,3815,317.83333333333337,2.254165944862817
bb_ipp_ground_truth,wind,3816,317.91666666666663,2.2570495202065017
bb_ipp_ground_truth,wind,3817,318.0,2.2514637427095785
bb_ipp_ground_truth,wind,3818,318.08333333333337,2.240303697419584
bb_ipp_ground_truth,wind,3819,318.16666666666663,2.2453422589981322
bb_ipp_ground_truth,wind,3820,318.25,2.2431201197640234
bb_ipp_ground_truth,wind,3821,318.33333333333337,2.2296108313887806
bb_ipp_ground_truth,wind,3822,318.41666666666663,2.231215823509161
bb_ipp_ground_truth,wind,3823,318.5,2.2386641178493822
bb_ipp_ground_truth,wind,3824,318.58333333333337,2.227918829871623
bb_ipp_ground_truth,wind,3825,318.66666666666663,2.2216973306805903
bb_ipp_ground_truth,wind,3826,318.75,2.228159962023818
bb_ipp_ground_truth,wind,3827,318.83333333333337,2.2454904485972005
bb_ipp_ground_truth,wind,3828,318.91666666666663,2.2116430788020587
bb_ipp_ground_truth,wind,3829,319.0,2.2165827306881947
bb_ipp_ground_truth,wind,3830,319.08333333333337,2.223183729808365
bb_ipp_ground_truth,wind,3831,319.16666666666663,2.221279243560425
bb_ipp_ground_truth,wind,3832,319.25,2.213148526338212
bb_ipp_ground_truth,wind,3833,319.33333333333337,2.2153841339450913
bb_ipp_ground_truth,wind,3834,319.41666666666663,2.2266546944297496
bb_ipp_ground_truth,wind,3835,319.5,2.233481500428622
bb_ipp_ground_truth,wind,3836,319.58333333333337,2.2199823913165053
bb_ipp_ground_truth,wind,3837,319.66666666666663,2.229082511788266
bb_ipp_ground_truth,wind,3838,319.75,2.223548412434332
bb_ipp_ground_truth,wind,3839,319.83333333333337,2.2415167238211664
bb_ipp_ground_truth,wind,3840,319.91666666666663,2.2521350448221984
bb_ipp_ground_truth,wind,3841,320.0,2.2690208251354
bb_ipp_ground_truth,wind,3842,320.08333333333337,2.2681714333592145
bb_ipp_ground_truth,wind,3843,320.16666666666663,2.2763264644125063
bb_ipp_ground_truth,wind,3844,320.25,2.289765835731587
bb_ipp_ground_truth,wind,3845,320.33333333333337,2.2731338074972034
bb_ipp_ground_truth,wind,3846,320.41666666666663,2.2626270454217674
bb_ipp_ground_truth,wind,3847,320.5,2.24472932140613
bb_ipp_ground_truth,wind,3848,320.58333333333337,2.270511316220677
bb_ipp_ground_truth,wind,3849,320.66666666666663,2.2673026714413123
bb_ipp_ground_truth,wind,3850,320.75,2.278517107770204
bb_ipp_ground_truth,wind,3851,320.83333333333337,2.3023800438769415
bb_ipp_ground_truth,wind,3852,320.91666666666663,2.29469318655205
bb_ipp_ground_truth,wind,3853,321.0,2.2832059351780707
bb_ipp_ground_truth,wind,3854,321.08333333333337,2.3087074250352897
bb_ipp_ground_truth,wind,3855,321.16666666666663,2.319321477624278
bb_ipp_ground_truth,wind,3856,321.25,2.2999840590269756
bb_ipp_ground_truth,wind,3857,321.33333333333337,2.3039393151101395
bb_ipp_ground_truth,wind,3858,321.41666666666663,2.2960785707424445
bb_ipp_ground_truth,wind,3859,321.5,2.2861855348442974
bb_ipp_ground_truth,wind,3860,321.58333333333337,2.2533033237137587
bb_ipp_ground_truth,wind,3861,321.66666666666663,2.2192463784603293
bb_ipp_ground_truth,wind,3862,321.75,2.262511081959149
bb_ipp_ground_truth,wind,3863,321.83333333333337,2.2729562476818588
bb_ipp_ground_truth,wind,3864,321.91666666666663,2.2510167124169254
bb_ipp_ground_truth,wind,3865,322.0,2.252218439918745
bb_ipp_ground_truth,wind,3866,322.08333333333337,2.256732028865183
bb_ipp_ground_truth,wind,3867,322.16666666666663,2.2455575030143513
bb_ipp_ground_truth,wind,3868,322.25,2.260916339165037
bb_ipp_ground_truth,wind,3869,322.33333333333337,2.2751176547457037
bb_ipp_ground_truth,wind,3870,322.41666666666663,2.3032017603874975
bb_ipp_ground_truth,wind,3871,322.5,2.2932461510357336
bb_ipp_ground_truth,wind,3872,322.58333333333337,2.2791955574238947
bb_ipp_ground_truth,wind,3873,322.66666666666663,2.2601985110661063
bb_ipp_ground_truth,wind,3874,322.75,2.2596485256869894
bb_ipp_ground_truth,wind,3875,322.83333333333337,2.2404116880322102
bb_ipp_ground_truth,wind,3876,322.91666666666663,2.2218950267767283
bb_ipp_ground_truth,wind,3877,323.0,2.2264181776488496
bb_ipp_ground_truth,wind,3878,323.08333333333337,2.2421970861027356
bb_ipp_ground_truth,wind,3879,323.16666666666663,2.2375590840894675
bb_ipp_ground_truth,wind,3880,323.25,2.2461462157505405
bb_ipp_ground_truth,wind,3881,323.33333333333337,2.2590967594211713
bb_ipp_ground_truth,wind,3882,323.41666666666663,2.2513615266504883
bb_ipp_ground_truth,wind,3883,323.5,2.2392967896276876
bb_ipp_ground_truth,wind,3884,323.58333333333337,2.214737006035593
bb_ipp_ground_truth,wind,3885,323.66666666666663,2.1954924614054225
bb_ipp_ground_truth,wind,3886,323.75,2.1959943380695695
bb_ipp_ground_truth,wind,3887,323.83333333333337,2.2154911044745766
bb_ipp_ground_truth,wind,3888,323.91666666666663,2.219048057461457
bb_ipp_ground_truth,wind,3889,324.0,2.215341588179228
bb_ipp_ground_truth,wind,3890,324.08333333333337,2.2176298371662786
bb_ipp_ground_truth,wind,3891,324.16666666666663,2.2285838127149424
bb_ipp_ground_truth,wind,3892,324.25,2.263599051688782
bb_ipp_ground_truth,wind,3893,324.33333333333337,2.2581804400444363
bb_ipp_ground_truth,wind,3894,324.41666666666663,2.2720592876532786
bb_ipp_ground_truth,wind,3895,324.5,2.239245049551138
bb_ipp_ground_truth,wind,3896,324.58333333333337,2.258028761031907
bb_ipp_ground_truth,wind,3897,324.66666666666663,2.252916551150064
bb_ipp_ground_truth,wind,3898,324.75,2.2617615078449886
bb_ipp_ground_truth,wind,3899,324.83333333333337,2.253074996172404
bb_ipp_ground_truth,wind,3900,324.91666666666663,2.234501430282393
bb_ipp_ground_truth,wind,3901,325.0,2.233855440286909
bb_ipp_ground_truth,wind,3902,325.08333333333337,2.2296348724262627
bb_ipp_ground_truth,wind,3903,325.16666666666663,2.2486670512351776
bb_ipp_ground_truth,wind,3904,325.25,2.2319250628702205
bb_ipp_ground_truth,wind,3905,325.33333333333337,2.2482159684890477
bb_ipp_ground_truth,wind,3906,325.41666666666663,2.2629869847414845
bb_ipp_ground_truth,wind,3907,325.5,2.2746833682369094
bb_ipp_ground_truth,wind,3908,325.58333333333337,2.24935956229983
bb_ipp_ground_truth,wind,3909,325.66666666666663,2.2580203981851903
bb_ipp_ground_truth,wind,3910,325.75,2.2509769601966907
bb_ipp_ground_truth,wind,3911,325.83333333333337,2.2463345440072584
bb_ipp_ground_truth,wind,3912,325.91666666666663,2.294669492629976
bb_ipp_ground_truth,wind,3913,326.0,2.3239336127574832
bb_ipp_ground_truth,wind,3914,326.08333333333337,2.2927551579650425
bb_ipp_ground_truth,wind,3915,326.16666666666663,2.268205270454853
bb_ipp_ground_truth,wind,3916,326.25,2.2804871285902033
bb_ipp_ground_truth,wind,3917,326.33333333333337,2.2635403307517237
bb_ipp_ground_truth,wind,3918,326.41666666666663,2.2510585790764317
bb_ipp_ground_truth,wind,3919,326.5,2.2434408859178094
bb_ipp_ground_truth,wind,3920,326.58333333333337,2.234135775908556
bb_ipp_ground_truth,wind,3921,326.66666666666663,2.234328375005739
bb_ipp_ground_truth,wind,3922,326.75,2.2323706504883605
bb_ipp_ground_truth,wind,3923,326.83333333333337,2.2106506813116464
bb_ipp_ground_truth,wind,3924,326.91666666666663,2.227518147546868
bb_ipp_ground_truth,wind,3925,327.0,2.237569939467971
bb_ipp_ground_truth,wind,3926,327.08333333333337,2.246913997708587
bb_ipp_ground_truth,wind,3927,327.16666666666663,2.2418460649107717
bb_ipp_ground_truth,wind,3928,327.25,2.2579201723263913
bb_ipp_ground_truth,wind,3929,327.33333333333337,2.2507747135907406
bb_ipp_ground_truth,wind,3930,327.41666666666663,2.2166627228764977
bb_ipp_ground_truth,wind,3931,327.5,2.2145439815844457
bb_ipp_ground_truth,wind,3932,327.58333333333337,2.235779384605698
bb_ipp_ground_truth,wind,3933,327.66666666666663,2.2385883512793554
bb_ipp_ground_truth,wind,3934,327.75,2.2405652081739875
bb_ipp_ground_truth,wind,3935,327.83333333333337,2.2601688577704184
bb_ipp_ground_truth,wind,3936,327.91666666666663,2.2609692111143365
bb_ipp_ground_truth,wind,3937,328.0,2.2619274436532666
bb_ipp_ground_truth,wind,3938,328.08333333333337,2.269181074495953
bb_ipp_ground_truth,wind,3939,328.16666666666663,2.2882824205919077
bb_ipp_ground_truth,wind,3940,328.25,2.2718372216790557
bb_ipp_ground_truth,wind,3941,328.33333333333337,2.251459879753138
bb_ipp_ground_truth,wind,3942,328.41666666666663,2.217454307236491
bb_ipp_ground_truth,wind,3943,328.5,2.2282128992781107
bb_ipp_ground_truth,wind,3944,328.58333333333337,2.221482708690923
bb_ipp_ground_truth,wind,3945,328.66666666666663,2.222231294067567
bb_ipp_ground_truth,wind,3946,328.75,2.2083172169177225
bb_ipp_ground_truth,wind,3947,328.83333333333337,2.2184180361351116
bb_ipp_ground_truth,wind,3948,328.91666666666663,2.235479381192506
bb_ipp_ground_truth,wind,3949,329.0,2.2323068869745897
bb_ipp_ground_truth,wind,3950,329.08333333333337,2.2627934424004565
bb_ipp_ground_truth,wind,3951,329.16666666666663,2.2409941475215605
bb_ipp_ground_truth,wind,3952,329.25,2.2529415892113134
bb_ipp_ground_truth,wind,3953,329.33333333333337,2.2522149005833847
bb_ipp_ground_truth,wind,3954,329.41666666666663,2.2247478427143723
bb_ipp_ground_truth,wind,3955,329.5,2.220212751872366
bb_ipp_ground_truth,wind,3956,329.58333333333337,2.2186210289863
bb_ipp_ground_truth,wind,3957,329.66666666666663,2.1827294617622326
bb_ipp_ground_truth,wind,3958,329.75,2.1960839421657234
bb_ipp_ground_truth,wind,3959,329.83333333333337,2.1735852984477924
bb_ipp_ground_truth,wind,3960,329.91666666666663,2.1668149994830186
bb_ipp_ground_truth,wind,3961,330.0,2.2029904857482223
bb_ipp_ground_truth,wind,3962,330.08333333333337,2.2193736971573936
bb_ipp_ground_truth,wind,3963,330.16666666666663,2.1943775279686624
bb_ipp_ground_truth,wind,3964,330.25,2.170525301472676
bb_ipp_ground_truth,wind,3965,330.33333333333337,2.168187551612386
bb_ipp_ground_truth,wind,3966,330.41666666666663,2.183160349764521
bb_ipp_ground_truth,wind,3967,330.5,2.1637929189625824
bb_ipp_ground_truth,wind,3968,330.58333333333337,2.1902569736896726
bb_ipp_ground_truth,wind,3969,330.66666666666663,2.210531558044808
bb_ipp_ground_truth,wind,3970,330.75,2.2113652190216153
bb_ipp_ground_truth,wind,3971,330.83333333333337,2.222236222850679
bb_ipp_ground_truth,wind,3972,330.91666666666663,2.2141095241498534
bb_ipp_ground_truth,wind,3973,331.0,2.1776924123840247
bb_ipp_ground_truth,wind,3974,331.08333333333337,2.193964817953897
bb_ipp_ground_truth,wind,3975,331.16666666666663,2.2036375121965692
bb_ipp_ground_truth,wind,3976,331.25,2.2148202151691647
bb_ipp_ground_truth,wind,3977,331.33333333333337,2.2076811560118097
bb_ipp_ground_truth,wind,3978,331.41666666666663,2.1966617578204337
bb_ipp_ground_truth,wind,3979,331.5,2.191027684735262
bb_ipp_ground_truth,wind,3980,331.58333333333337,2.1690603273116955
bb_ipp_ground_truth,wind,3981,331.66666666666663,2.1490990201125175
bb_ipp_ground_truth,wind,3982,331.75,2.154016047194645
bb_ipp_ground_truth,wind,3983,331.83333333333337,2.184731385565769
bb_ipp_ground_truth,wind,3984,331.91666666666663,2.1338613014934475
bb_ipp_ground_truth,wind,3985,332.0,2.1620657924748286
bb_ipp_ground_truth,wind,3986,332.08333333333337,2.1554230052728354
bb_ipp_ground_truth,wind,3987,332.16666666666663,2.1706457851760494
bb_ipp_ground_truth,wind,3988,332.25,2.138259697118046
bb_ipp_ground_truth,wind,3989,332.33333333333337,2.141900552030127
bb_ipp_ground_truth,wind,3990,332.41666666666663,2.1601968471633133
bb_ipp_ground_truth,wind,3991,332.5,2.1663680051324636
bb_ipp_ground_truth,wind,3992,332.58333333333337,2.1265323143079877
bb_ipp_ground_truth,wind,3993,332.66666666666663,2.131813406477466
bb_ipp_ground_truth,wind,3994,332.75,2.15898160430095
bb_ipp_ground_truth,wind,3995,332.83333333333337,2.150287196728364
bb_ipp_ground_truth,wind,3996,332.91666666666663,2.1656395388448066
bb_ipp_ground_truth,wind,3997,333.0,2.1620295287269697
bb_ipp_ground_truth,wind,3998,333.08333333333337,2.1746539059310916
bb_ipp_ground_truth,wind,3999,333.16666666666663,2.1906923854924987
bb_ipp_ground_truth,wind,4000,333.25,2.1816767398906194
bb_ipp_ground_truth,wind,4001,333.33333333333337,2.1417667874119464
bb_ipp_ground_truth,wind,4002,333.41666666666663,2.170067170325065
bb_ipp_ground_truth,wind,4003,333.5,2.163014109893466
bb_ipp_ground_truth,wind,4004,333.58333333333337,2.1946324478985995
bb_ipp_ground_truth,wind,4005,333.66666666666663,2.1930611863649268
bb_ipp_ground_truth,wind,4006,333.75,2.185881286958525
bb_ipp_ground_truth,wind,4007,333.83333333333337,2.177522401756655
bb_ipp_ground_truth,wind,4008,333.91666666666663,2.168115284753096
bb_ipp_ground_truth,wind,4009,334.0,2.1720469846950246
bb_ipp_ground_truth,wind,4010,334.08333333333337,2.1672895353290635
bb_ipp_ground_truth,wind,4011,334.16666666666663,2.1836806600657668
bb_ipp_ground_truth,wind,4012,334.25,2.207402271625391
bb_ipp_ground_truth,wind,4013,334.33333333333337,2.227227727363942
bb_ipp_ground_truth,wind,4014,334.41666666666663,2.239784532609207
bb_ipp_ground_truth,wind,4015,334.5,2.2251011367940445
bb_ipp_ground_truth,wind,4016,334.58333333333337,2.2278058062830777
bb_ipp_ground_truth,wind,4017,334.66666666666663,2.2388546693871603
bb_ipp_ground_truth,wind,4018,334.75,2.2536424338505805
bb_ipp_ground_truth,wind,4019,334.83333333333337,2.2645307001491624
bb_ipp_ground_truth,wind,4020,334.91666666666663,2.2352711802071057
bb_ipp_ground_truth,wind,4021,335.0,2.242520430318211
bb_ipp_ground_truth,wind,4022,335.08333333333337,2.2040797868245257
bb_ipp_ground_truth,wind,4023,335.16666666666663,2.179963748306019
bb_ipp_ground_truth,wind,4024,335.25,2.206062352690901
bb_ipp_ground_truth,wind,4025,335.33333333333337,2.206210242288107
bb_ipp_ground_truth,wind,4026,335.41666666666663,2.2344854391207427
bb_ipp_ground_truth,wind,4027,335.5,2.2250678585134285
bb_ipp_ground_truth,wind,4028,335.58333333333337,2.2149130243030717
bb_ipp_ground_truth,wind,4029,335.66666666666663,2.2047345757964347
bb_ipp_ground_truth,wind,4030,335.75,2.194128438129693
bb_ipp_ground_truth,wind,4031,335.83333333333337,2.184839707956186
bb_ipp_ground_truth,wind,4032,335.91666666666663,2.181978852157989
bb_ipp_ground_truth,wind,4033,336.0,2.1841888529514835
bb_ipp_ground_truth,wind,4034,336.08333333333337,2.1983252159368654
bb_ipp_ground_truth,wind,4035,336.16666666666663,2.207840753971051
bb_ipp_ground_truth,wind,4036,336.25,2.215544754390497
bb_ipp_ground_truth,wind,4037,336.33333333333337,2.21005091787937
bb_ipp_ground_truth,wind,4038,336.41666666666663,2.2159317565971985
bb_ipp_ground_truth,wind,4039,336.5,2.212469808182443
bb_ipp_ground_truth,wind,4040,336.58333333333337,2.1947072528639366
bb_ipp_ground_truth,wind,4041,336.66666666666663,2.1951695516927074
bb_ipp_ground_truth,wind,4042,336.75,2.195407744783124
bb_ipp_ground_truth,wind,4043,336.83333333333337,2.1866387521530397
bb_ipp_ground_truth,wind,4044,336.91666666666663,2.2039259981291983
bb_ipp_ground_truth,wind,4045,337.0,2.1789572961305885
bb_ipp_ground_truth,wind,4046,337.08333333333337,2.198675791632908
bb_ipp_ground_truth,wind,4047,337.16666666666663,2.1871292075195816
bb_ipp_ground_truth,wind,4048,337.25,2.1920842215297163
bb_ipp_ground_truth,wind,4049,337.33333333333337,2.2090417455261915
bb_ipp_ground_truth,wind,4050,337.41666666666663,2.196479687425733
bb_ipp_ground_truth,wind,4051,337.5,2.2221279500173083
bb_ipp_ground_truth,wind,4052,337.58333333333337,2.2258825722082927
bb_ipp_ground_truth,wind,4053,337.66666666666663,2.2112792661964584
bb_ipp_ground_truth,wind,4054,337.75,2.199304038554674
bb_ipp_ground_truth,wind,4055,337.83333333333337,2.210357396143355
bb_ipp_ground_truth,wind,4056,337.91666666666663,2.20670563156431
bb_ipp_ground_truth,wind,4057,338.0,2.2106468001333766
bb_ipp_ground_truth,wind,4058,338.08333333333337,2.200191145294826
bb_ipp_ground_truth,wind,4059,338.16666666666663,2.202462816745547
bb_ipp_ground_truth,wind,4060,338.25,2.207282206336727
bb_ipp_ground_truth,wind,4061,338.33333333333337,2.18536562713024
bb_ipp_ground_truth,wind,4062,338.41666666666663,2.2214054642653895
bb_ipp_ground_truth,wind,4063,338.5,2.2584833564364244
bb_ipp_ground_truth,wind,4064,338.58333333333337,2.2694823001679785
bb_ipp_ground_truth,wind,4065,338.66666666666663,2.2333943695097442
bb_ipp_ground_truth,wind,4066,338.75,2.214907875698022
bb_ipp_ground_truth,wind,4067,338.83333333333337,2.2084625029531217
bb_ipp_ground_truth,wind,4068,338.91666666666663,2.1861035966414657
bb_ipp_ground_truth,wind,4069,339.0,2.1848453476122702
bb_ipp_ground_truth,wind,4070,339.08333333333337,2.148623319136498
bb_ipp_ground_truth,wind,4071,339.16666666666663,2.1612290087224495
bb_ipp_ground_truth,wind,4072,339.25,2.1601891738265215
bb_ipp_ground_truth,wind,4073,339.33333333333337,2.1769947409423844
bb_ipp_ground_truth,wind,4074,339.41666666666663,2.1907196312857717
bb_ipp_ground_truth,wind,4075,339.5,2.1739677522176537
bb_ipp_ground_truth,wind,4076,339.58333333333337,2.183216041152337
bb_ipp_ground_truth,wind,4077,339.66666666666663,2.1949835893203486
bb_ipp_ground_truth,wind,4078,339.75,2.1523757483561985
bb_ipp_ground_truth,wind,4079,339.83333333333337,2.156342743928475
bb_ipp_ground_truth,wind,4080,339.91666666666663,2.150028389696458
bb_ipp_ground_truth,wind,4081,340.0,2.1474394527257012
bb_ipp_ground_truth,wind,4082,340.08333333333337,2.1214296787265634
bb_ipp_ground_truth,wind,4083,340.16666666666663,2.1253183032101326
bb_ipp_ground_truth,wind,4084,340.25,2.145827939805197
bb_ipp_ground_truth,wind,4085,340.33333333333337,2.126700771987938
bb_ipp_ground_truth,wind,4086,340.41666666666663,2.1512982437657584
bb_ipp_ground_truth,wind,4087,340.5,2.1633160826785574
bb_ipp_ground_truth,wind,4088,340.58333333333337,2.168376236904837
bb_ipp_ground_truth,wind,4089,340.66666666666663,2.1912564420327802
bb_ipp_ground_truth,wind,4090,340.75,2.2046720714335666
bb_ipp_ground_truth,wind,4091,340.83333333333337,2.1996803467591604
bb_ipp_ground_truth,wind,4092,340.91666666666663,2.1881020842396888
bb_ipp_ground_truth,wind,4093,341.0,2.1550347521645494
bb_ipp_ground_truth,wind,4094,341.08333333333337,2.1604873680359993
bb_ipp_ground_truth,wind,4095,341.16666666666663,2.1695908835263586
bb_ipp_ground_truth,wind,4096,341.25,2.1847068112781836
bb_ipp_ground_truth,wind,4097,341.33333333333337,2.1689008093680915
bb_ipp_ground_truth,wind,4098,341.41666666666663,2.1692038134111846
bb_ipp_ground_truth,wind,4099,341.5,2.1714704640668105
bb_ipp_ground_truth,wind,4100,341.58333333333337,2.1827464295067043
bb_ipp_ground_truth,wind,4101,341.66666666666663,2.175378457129723
bb_ipp_ground_truth,wind,4102,341.75,2.180771540998783
bb_ipp_ground_truth,wind,4103,341.83333333333337,2.1822933680205874
bb_ipp_ground_truth,wind,4104,341.91666666666663,2.2036865009825957
bb_ipp_ground_truth,wind,4105,342.0,2.208120242590291
bb_ipp_ground_truth,wind,4106,342.08333333333337,2.210403641372797
bb_ipp_ground_truth,wind,4107,342.16666666666663,2.2273639431916785
bb_ipp_ground_truth,wind,4108,342.25,2.209655457115327
bb_ipp_ground_truth,wind,4109,342.33333333333337,2.234870281677569
bb_ipp_ground_truth,wind,4110,342.41666666666663,2.2310195713617276
bb_ipp_ground_truth,wind,4111,342.5,2.2173386676521316
bb_ipp_ground_truth,wind,4112,342.58333333333337,2.2500695073308994
bb_ipp_ground_truth,wind,4113,342.66666666666663,2.2754365257567803
bb_ipp_ground_truth,wind,4114,342.75,2.260265596098121
bb_ipp_ground_truth,wind,4115,342.83333333333337,2.2123977911525614
bb_ipp_ground_truth,wind,4116,342.91666666666663,2.1858722076531127
bb_ipp_ground_truth,wind,4117,343.0,2.1904505005917985
bb_ipp_ground_truth,wind,4118,343.08333333333337,2.2195029195007985
bb_ipp_ground_truth,wind,4119,343.16666666666663,2.225228182394034
bb_ipp_ground_truth,wind,4120,343.25,2.2488781421892754
bb_ipp_ground_truth,wind,4121,343.33333333333337,2.2387793922468857
bb_ipp_ground_truth,wind,4122,343.41666666666663,2.2357881632547043
bb_ipp_ground_truth,wind,4123,343.5,2.238502880329766
bb_ipp_ground_truth,wind,4124,343.58333333333337,2.2352004465040145
bb_ipp_ground_truth,wind,4125,343.66666666666663,2.203436834281682
bb_ipp_ground_truth,wind,4126,343.75,2.225632055790835
bb_ipp_ground_truth,wind,4127,343.83333333333337,2.249262465506366
bb_ipp_ground_truth,wind,4128,343.91666666666663,2.2604419000949396
bb_ipp_ground_truth,wind,4129,344.0,2.274561029569849
bb_ipp_ground_truth,wind,4130,344.08333333333337,2.2895805772512676
bb_ipp_ground_truth,wind,4131,344.16666666666663,2.2505715472648076
bb_ipp_ground_truth,wind,4132,344.25,2.216871694132651
bb_ipp_ground_truth,wind,4133,344.33333333333337,2.204650151771626
bb_ipp_ground_truth,wind,4134,344.41666666666663,2.2186296164528625
bb_ipp_ground_truth,wind,4135,344.5,2.205950733232385
bb_ipp_ground_truth,wind,4136,344.58333333333337,2.2042001851183595
bb_ipp_ground_truth,wind,4137,344.66666666666663,2.2032177521348473
bb_ipp_ground_truth,wind,4138,344.75,2.196560675876
bb_ipp_ground_truth,wind,4139,344.83333333333337,2.2140444607521874
bb_ipp_ground_truth,wind,4140,344.91666666666663,2.2153303246667124
bb_ipp_ground_truth,wind,4141,345.0,2.2192226252955205
bb_ipp_ground_truth,wind,4142,345.08333333333337,2.2161775824486125
bb_ipp_ground_truth,wind,4143,345.16666666666663,2.2211463898269828
bb_ipp_ground_truth,wind,4144,345.25,2.2154682206845187
bb_ipp_ground_truth,wind,4145,345.33333333333337,2.2300788455289746
bb_ipp_ground_truth,wind,4146,345.41666666666663,2.215193938601058
bb_ipp_ground_truth,wind,4147,345.5,2.239537347244989
bb_ipp_ground_truth,wind,4148,345.58333333333337,2.2455336284041953
bb_ipp_ground_truth,wind,4149,345.66666666666663,2.264162164870973
bb_ipp_ground_truth,wind,4150,345.75,2.244896058715879
bb_ipp_ground_truth,wind,4151,345.83333333333337,2.2392775569754906
bb_ipp_ground_truth,wind,4152,345.91666666666663,2.224450283831722
bb_ipp_ground_truth,wind,4153,346.0,2.2343823733766928
bb_ipp_ground_truth,wind,4154,346.08333333333337,2.240165254141188
bb_ipp_ground_truth,wind,4155,346.16666666666663,2.2535207234256776
bb_ipp_ground_truth,wind,4156,346.25,2.2414604110711034
bb_ipp_ground_truth,wind,4157,346.33333333333337,2.243701471520238
bb_ipp_ground_truth,wind,4158,346.41666666666663,2.234165102857036
bb_ipp_ground_truth,wind,4159,346.5,2.2523561823649167
bb_ipp_ground_truth,wind,4160,346.58333333333337,2.241949225846505
bb_ipp_ground_truth,wind,4161,346.66666666666663,2.2394643792896423
bb_ipp_ground_truth,wind,4162,346.75,2.2673055616741187
bb_ipp_ground_truth,wind,4163,346.83333333333337,2.278801111303953
bb_ipp_ground_truth,wind,4164,346.91666666666663,2.268209345666996
bb_ipp_ground_truth,wind,4165,347.0,2.2604109579908305
bb_ipp_ground_truth,wind,4166,347.08333333333337,2.247315553704117
bb_ipp_ground_truth,wind,4167,347.16666666666663,2.2248752368495386
bb_ipp_ground_truth,wind,4168,347.25,2.237167406851818
bb_ipp_ground_truth,wind,4169,347.33333333333337,2.250729491338757
bb_ipp_ground_truth,wind,4170,347.41666666666663,2.2359569887850737
bb_ipp_ground_truth,wind,4171,347.5,2.2377707182832505
bb_ipp_ground_truth,wind,4172,347.58333333333337,2.24668501571646
bb_ipp_ground_truth,wind,4173,347.66666666666663,2.2534514087504216
bb_ipp_ground_truth,wind,4174,347.75,2.2521469342495215
bb_ipp_ground_truth,wind,4175,347.83333333333337,2.2613956224065035
bb_ipp_ground_truth,wind,4176,347.91666666666663,2.2801526030311488
bb_ipp_ground_truth,wind,4177,348.0,2.2990263710013563
bb_ipp_ground_truth,wind,4178,348.08333333333337,2.2805563009390353
bb_ipp_ground_truth,wind,4179,348.16666666666663,2.283263419412516
bb_ipp_ground_truth,wind,4180,348.25,2.301173738602133
bb_ipp_ground_truth,wind,4181,348.33333333333337,2.269448366941137
bb_ipp_ground_truth,wind,4182,348.41666666666663,2.2707108229597814
bb_ipp_ground_truth,wind,4183,348.5,2.2765691538691044
bb_ipp_ground_truth,wind,4184,348.58333333333337,2.296745232603888
bb_ipp_ground_truth,wind,4185,348.66666666666663,2.30201790877316
bb_ipp_ground_truth,wind,4186,348.75,2.276262073097804
bb_ipp_ground_truth,wind,4187,348.83333333333337,2.2872627971151838
bb_ipp_ground_truth,wind,4188,348.91666666666663,2.287406581603374
bb_ipp_ground_truth,wind,4189,349.0,2.283841292423278
bb_ipp_ground_truth,wind,4190,349.08333333333337,2.3133174503573053
bb_ipp_ground_truth,wind,4191,349.16666666666663,2.308551242436877
bb_ipp_ground_truth,wind,4192,349.25,2.2930001501098407
bb_ipp_ground_truth,wind,4193,349.33333333333337,2.2767528905505277
bb_ipp_ground_truth,wind,4194,349.41666666666663,2.2638301871327178
bb_ipp_ground_truth,wind,4195,349.5,2.258927608241337
bb_ipp_ground_truth,wind,4196,349.58333333333337,2.2372480456471213
bb_ipp_ground_truth,wind,4197,349.66666666666663,2.2356357478027737
bb_ipp_ground_truth,wind,4198,349.75,2.2603263284142003
bb_ipp_ground_truth,wind,4199,349.83333333333337,2.2762440484860313
bb_ipp_ground_truth,wind,4200,349.91666666666663,2.2783497816106957
bb_ipp_ground_truth,wind,4201,350.0,2.253374230171045
bb_ipp_ground_truth,wind,4202,350.08333333333337,2.271180142494285
bb_ipp_ground_truth,wind,4203,350.16666666666663,2.273994392214671
bb_ipp_ground_truth,wind,4204,350.25,2.2555103069147995
bb_ipp_ground_truth,wind,4205,350.33333333333337,2.2798917767461684
bb_ipp_ground_truth,wind,4206,350.41666666666663,2.2733761548166114
bb_ipp_ground_truth,wind,4207,350.5,2.2953410462768824
bb_ipp_ground_truth,wind,4208,350.58333333333337,2.2786583297150496
bb_ipp_ground_truth,wind,4209,350.66666666666663,2.2724545985563362
bb_ipp_ground_truth,wind,4210,350.75,2.2816675328057423
bb_ipp_ground_truth,wind,4211,350.83333333333337,2.2770123324581575
bb_ipp_ground_truth,wind,4212,350.91666666666663,2.2401030071849246
bb_ipp_ground_truth,wind,4213,351.0,2.2306973107907306
bb_ipp_ground_truth,wind,4214,351.08333333333337,2.2372474698034437
bb_ipp_ground_truth,wind,4215,351.16666666666663,2.2521111341033775
bb_ipp_ground_truth,wind,4216,351.25,2.2542445027364453
bb_ipp_ground_truth,wind,4217,351.33333333333337,2.2824321179249956
bb_ipp_ground_truth,wind,4218,351.41666666666663,2.2802108457003136
bb_ipp_ground_truth,wind,4219,351.5,2.286017591974409
bb_ipp_ground_truth,wind,4220,351.58333333333337,2.2877926037221212
bb_ipp_ground_truth,wind,4221,351.66666666666663,2.2633334146025943
bb_ipp_ground_truth,wind,4222,351.75,2.278128676726507
bb_ipp_ground_truth,wind,4223,351.83333333333337,2.292658975064045
bb_ipp_ground_truth,wind,4224,351.91666666666663,2.283608390468819
bb_ipp_ground_truth,wind,4225,352.0,2.3031483232789367
bb_ipp_ground_truth,wind,4226,352.08333333333337,2.307970204965697
bb_ipp_ground_truth,wind,4227,352.16666666666663,2.3055330533562715
bb_ipp_ground_truth,wind,4228,352.25,2.303940826275962
bb_ipp_ground_truth,wind,4229,352.33333333333337,2.2925332316856233
bb_ipp_ground_truth,wind,4230,352.41666666666663,2.2803886560127395
bb_ipp_ground_truth,wind,4231,352.5,2.292335756537905
bb_ipp_ground_truth,wind,4232,352.58333333333337,2.292078428215124
bb_ipp_ground_truth,wind,4233,352.66666666666663,2.3061755489186075
bb_ipp_ground_truth,wind,4234,352.75,2.320556226832726
bb_ipp_ground_truth,wind,4235,352.83333333333337,2.306918480260099
bb_ipp_ground_truth,wind,4236,352.91666666666663,2.3164206715968496
bb_ipp_ground_truth,wind,4237,353.0,2.300837215003071
bb_ipp_ground_truth,wind,4238,353.08333333333337,2.315011394934879
bb_ipp_ground_truth,wind,4239,353.16666666666663,2.3197162681869825
bb_ipp_ground_truth,wind,4240,353.25,2.306863483898304
bb_ipp_ground_truth,wind,4241,353.33333333333337,2.281288932250048
bb_ipp_ground_truth,wind,4242,353.41666666666663,2.282889918668188
bb_ipp_ground_truth,wind,4243,353.5,2.2875918763810694
bb_ipp_ground_truth,wind,4244,353.58333333333337,2.2968816700947223
bb_ipp_ground_truth,wind,4245,353.66666666666663,2.274048698535192
bb_ipp_ground_truth,wind,4246,353.75,2.2732394891556167
bb_ipp_ground_truth,wind,4247,353.83333333333337,2.2265368178161578
bb_ipp_ground_truth,wind,4248,353.91666666666663,2.219711182111894
bb_ipp_ground_truth,wind,4249,354.0,2.1970068260432374
bb_ipp_ground_truth,wind,4250,354.08333333333337,2.203033078376772
bb_ipp_ground_truth,wind,4251,354.16666666666663,2.1895401297826504
bb_ipp_ground_truth,wind,4252,354.25,2.191862916454458
bb_ipp_ground_truth,wind,4253,354.33333333333337,2.2020552689370647
bb_ipp_ground_truth,wind,4254,354.41666666666663,2.2395876425634653
bb_ipp_ground_truth,wind,4255,354.5,2.248895639921267
bb_ipp_ground_truth,wind,4256,354.58333333333337,2.2419205366948196
bb_ipp_ground_truth,wind,4257,354.66666666666663,2.2337228364709074
bb_ipp_ground_truth,wind,4258,354.75,2.2461018177710863
bb_ipp_ground_truth,wind,4259,354.83333333333337,2.2227418447375786
bb_ipp_ground_truth,wind,4260,354.91666666666663,2.242405207692803
bb_ipp_ground_truth,wind,4261,355.0,2.2305336078722706
bb_ipp_ground_truth,wind,4262,355.08333333333337,2.2296697528760396
bb_ipp_ground_truth,wind,4263,355.16666666666663,2.2254402463810967
bb_ipp_ground_truth,wind,4264,355.25,2.2422921129915654
bb_ipp_ground_truth,wind,4265,355.33333333333337,2.2273663986816556
bb_ipp_ground_truth,wind,4266,355.41666666666663,2.235872319588643
bb_ipp_ground_truth,wind,4267,355.5,2.2019844646037035
bb_ipp_ground_truth,wind,4268,355.58333333333337,2.187869671307282
bb_ipp_ground_truth,wind,4269,355.66666666666663,2.219724235579422
bb_ipp_ground_truth,wind,4270,355.75,2.248876715314186
bb_ipp_ground_truth,wind,4271,355.83333333333337,2.2462226025709358
bb_ipp_ground_truth,wind,4272,355.91666666666663,2.2185171830777617
bb_ipp_ground_truth,wind,4273,356.0,2.228187159926668
bb_ipp_ground_truth,wind,4274,356.08333333333337,2.2219342589416864
bb_ipp_ground_truth,wind,4275,356.16666666666663,2.2265986918347322
bb_ipp_ground_truth,wind,4276,356.25,2.2176655780863257
bb_ipp_ground_truth,wind,4277,356.33333333333337,2.217712130957811
bb_ipp_ground_truth,wind,4278,356.41666666666663,2.232970012906568
bb_ipp_ground_truth,wind,4279,356.5,2.2621337139720668
bb_ipp_ground_truth,wind,4280,356.58333333333337,2.2651705548163745
bb_ipp_ground_truth,wind,4281,356.66666666666663,2.265290587649442
bb_ipp_ground_truth,wind,4282,356.75,2.266575167620064
bb_ipp_ground_truth,wind,4283,356.83333333333337,2.2573253527068693
bb_ipp_ground_truth,wind,4284,356.91666666666663,2.239498678952979
bb_ipp_ground_truth,wind,4285,357.0,2.2532546673594944
bb_ipp_ground_truth,wind,4286,357.08333333333337,2.2175732793041134
bb_ipp_ground_truth,wind,4287,357.16666666666663,2.2248122463664592
bb_ipp_ground_truth,wind,4288,357.25,2.209868630005646
bb_ipp_ground_truth,wind,4289,357.33333333333337,2.2064857945757814
bb_ipp_ground_truth,wind,4290,357.41666666666663,2.1983568175967028
bb_ipp_ground_truth,wind,4291,357.5,2.187646845562409
bb_ipp_ground_truth,wind,4292,357.58333333333337,2.203091300544559
bb_ipp_ground_truth,wind,4293,357.66666666666663,2.2206255795564775
bb_ipp_ground_truth,wind,4294,357.75,2.2312209579675115
bb_ipp_ground_truth,wind,4295,357.83333333333337,2.247196255757526
bb_ipp_ground_truth,wind,4296,357.91666666666663,2.2566307237230765
bb_ipp_ground_truth,wind,4297,358.0,2.250133228559921
bb_ipp_ground_truth,wind,4298,358.08333333333337,2.244353133624846
bb_ipp_ground_truth,wind,4299,358.16666666666663,2.240474585689699
bb_ipp_ground_truth,wind,4300,358.25,2.2352520153968127
bb_ipp_ground_truth,wind,4301,358.33333333333337,2.242476281243075
bb_ipp_ground_truth,wind,4302,358.41666666666663,2.2688554755311827
bb_ipp_ground_truth,wind,4303,358.5,2.2810726416817806
bb_ipp_ground_truth,wind,4304,358.58333333333337,2.272550077479752
bb_ipp_ground_truth,wind,4305,358.66666666666663,2.269469534844684
bb_ipp_ground_truth,wind,4306,358.75,2.2452958646277765
bb_ipp_ground_truth,wind,4307,358.83333333333337,2.2596251129088913
bb_ipp_ground_truth,wind,4308,358.91666666666663,2.267255374317703
bb_ipp_ground_truth,wind,4309,359.0,2.2551569373155145
bb_ipp_ground_truth,wind,4310,359.08333333333337,2.2601194869897134
bb_ipp_ground_truth,wind,4311,359.16666666666663,2.235316730191115
bb_ipp_ground_truth,wind,4312,359.25,2.2554340383789553
bb_ipp_ground_truth,wind,4313,359.33333333333337,2.276345432021266
bb_ipp_ground_truth,wind,4314,359.41666666666663,2.2822132190116733
bb_ipp_ground_truth,wind,4315,359.5,2.2705008300765934
bb_ipp_ground_truth,wind,4316,359.58333333333337,2.2749090798449503
bb_ipp_ground_truth,wind,4317,359.66666666666663,2.272485928969613
bb_ipp_ground_truth,wind,4318,359.75,2.2725641313022895
bb_ipp_ground_truth,wind,4319,359.83333333333337,2.295830985257157
bb_ipp_ground_truth,wind,4320,359.91666666666663,2.308577873867512
bb_ipp_ground_truth,wind,4321,360.0,2.3067162237576047
bb_ipp_ground_truth,estimated,1,0.0,0.5298262477282941
bb_ipp_ground_truth,estimated,2,0.08333333333337123,0.5391489692881614
bb_ipp_ground_truth,estimated,3,0.16666666666662877,0.5417945784610236
bb_ipp_ground_truth,estimated,4,0.25,0.5432081485050723
bb_ipp_ground_truth,estimated,5,0.33333333333337123,0.5441648625619802
bb_ipp_ground_truth,estimated,6,0.41666666666662877,0.5448853776457822
bb_ipp_ground_truth,estimated,7,0.5,0.545455328723617
bb_ipp_ground_truth,estimated,8,0.5833333333333712,0.5459220008206818
bb_ipp_ground_truth,estimated,9,0.6666666666666288,0.5463229062397568
bb_ipp_ground_truth,estimated,10,0.75,0.5466873861685663
bb_ipp_ground_truth,estimated,11,0.8333333333333712,0.5470285938970995
bb_ipp_ground_truth,estimated,12,0.9166666666666288,0.5473406418840506
bb_ipp_ground_truth,estimated,13,1.0,0.5476048389386667
bb_ipp_ground_truth,estimated,14,1.0833333333333712,0.5478001939441546
bb_ipp_ground_truth,estimated,15,1.1666666666666288,0.547921896096096
bb_ipp_ground_truth,estimated,16,1.25,0.5481176546856106
bb_ipp_ground_truth,estimated,17,1.3333333333333712,0.5484367120156488
bb_ipp_ground_truth,estimated,18,1.4166666666666288,0.5488456487530604
bb_ipp_ground_truth,estimated,19,1.5,0.5492852667265941
bb_ipp_ground_truth,estimated,20,1.5833333333333712,0.5496943636314855
bb_ipp_ground_truth,estimated,21,1.6666666666666288,0.5500272573567895
bb_ipp_ground_truth,estimated,22,1.75,0.5502700244202596
bb_ipp_ground_truth,estimated,23,1.8333333333333712,0.5504876492324837
bb_ipp_ground_truth,estimated,24,1.9166666666666288,0.5507778581593126
bb_ipp_ground_truth,estimated,25,2.0,0.5511504825893154
bb_ipp_ground_truth,estimated,26,2.0833333333333712,0.5515654180815163
bb_ipp_ground_truth,estimated,27,2.1666666666666288,0.5519768169106383
bb_ipp_ground_truth,estimated,28,2.25,0.5523553422788001
bb_ipp_ground_truth,estimated,29,2.3333333333333712,0.5526874030352611
bb_ipp_ground_truth,estimated,30,2.4166666666666288,0.5529648192372294
bb_ipp_ground_truth,estimated,31,2.5,0.5531785555046776
bb_ipp_ground_truth,estimated,32,2.5833333333333712,0.5533533686024529
bb_ipp_ground_truth,estimated,33,2.6666666666666288,0.5535876850099987
bb_ipp_ground_truth,estimated,34,2.75,0.5539190140009782
bb_ipp_ground_truth,estimated,35,2.8333333333333712,0.5543098759603249
bb_ipp_ground_truth,estimated,36,2.9166666666666288,0.5547086516333982
bb_ipp_ground_truth,estimated,37,3.0,0.5550801947910564
bb_ipp_ground_truth,estimated,38,3.0833333333333712,0.5554037848534642
bb_ipp_ground_truth,estimated,39,3.1666666666666288,0.555658905578469
bb_ipp_ground_truth,estimated,40,3.25,0.555822623571836
bb_ipp_ground_truth,estimated,41,3.3333333333333712,0.5559838593623679
bb_ipp_ground_truth,estimated,42,3.4166666666666288,0.5562659753513934
bb_ipp_ground_truth,estimated,43,3.5,0.5566350611062744
bb_ipp_ground_truth,estimated,44,3.5833333333333712,0.557019792131631
bb_ipp_ground_truth,estimated,45,3.6666666666666288,0.5573694394777531
bb_ipp_ground_truth,estimated,46,3.75,0.5576624243907579
bb_ipp_ground_truth,estimated,47,3.8333333333333712,0.5578964802980051
bb_ipp_ground_truth,estimated,48,3.9166666666666288,0.5581049143633243
bb_ipp_ground_truth,estimated,49,4.0,0.5583417066437223
bb_ipp_ground_truth,estimated,50,4.083333333333371,0.5586082835726932
bb_ipp_ground_truth,estimated,51,4.166666666666629,0.5588500230051437
bb_ipp_ground_truth,estimated,52,4.25,0.559008922972509
bb_ipp_ground_truth,estimated,53,4.333333333333371,0.5591693592640568
bb_ipp_ground_truth,estimated,54,4.416666666666629,0.5594455908101018
bb_ipp_ground_truth,estimated,55,4.5,0.5597874090921444
bb_ipp_ground_truth,estimated,56,4.583333333333371,0.5600936384764198
bb_ipp_ground_truth,estimated,57,4.666666666666629,0.5602989716870724
bb_ipp_ground_truth,estimated,58,4.75,0.5605402535321933
bb_ipp_ground_truth,estimated,59,4.833333333333371,0.5609043288878734
bb_ipp_ground_truth,estimated,60,4.916666666666629,0.5613135926370998
bb_ipp_ground_truth,estimated,61,5.0,0.561653176627752
bb_ipp_ground_truth,estimated,62,5.083333333333371,0.5618906773704133
bb_ipp_ground_truth,estimated,63,5.166666666666629,0.5622179181546848
bb_ipp_ground_truth,estimated,64,5.25,0.5626540829868476
bb_ipp_ground_truth,estimated,65,5.333333333333371,0.5630876476865454
bb_ipp_ground_truth,estimated,66,5.416666666666629,0.5634518596656273
bb_ipp_ground_truth,estimated,67,5.5,0.5638111107435917
bb_ipp_ground_truth,estimated,68,5.583333333333371,0.5642081430316802
bb_ipp_ground_truth,estimated,69,5.666666666666629,0.5646117885766857
bb_ipp_ground_truth,estimated,70,5.75,0.5649833936759637
bb_ipp_ground_truth,estimated,71,5.833333333333371,0.5652970940733424
bb_ipp_ground_truth,estimated,72,5.916666666666629,0.565581374595414
bb_ipp_ground_truth,estimated,73,6.0,0.5659105548458695
bb_ipp_ground_truth,estimated,74,6.083333333333371,0.5662598367892171
bb_ipp_ground_truth,estimated,75,6.166666666666629,0.5665398423077889
bb_ipp_ground_truth,estimated,76,6.25,0.5667729394002124
bb_ipp_ground_truth,estimated,77,6.333333333333371,0.5670828780668733
bb_ipp_ground_truth,estimated,78,6.416666666666629,0.5674472795127775
bb_ipp_ground_truth,estimated,79,6.5,0.5677713128660142
bb_ipp_ground_truth,estimated,80,6.583333333333371,0.5680068035420661
bb_ipp_ground_truth,estimated,81,6.666666666666629,0.5682352390526818
bb_ipp_ground_truth,estimated,82,6.75,0.5685184876724917
bb_ipp_ground_truth,estimated,83,6.833333333333371,0.5687977980876748
bb_ipp_ground_truth,estimated,84,6.916666666666629,0.5689974646642147
bb_ipp_ground_truth,estimated,85,7.0,0.569178162646265
bb_ipp_ground_truth,estimated,86,7.083333333333371,0.5694279962381226
bb_ipp_ground_truth,estimated,87,7.166666666666629,0.5697105190918461
bb_ipp_ground_truth,estimated,88,7.25,0.5699657009806627
bb_ipp_ground_truth,estimated,89,7.333333333333371,0.5701534098982527
bb_ipp_ground_truth,estimated,90,7.416666666666629,0.5702614904915327
bb_ipp_ground_truth,estimated,91,7.5,0.5703881716870014
bb_ipp_ground_truth,estimated,92,7.583333333333371,0.570592898329129
bb_ipp_ground_truth,estimated,93,7.666666666666629,0.5708089340283441
bb_ipp_ground_truth,estimated,94,7.75,0.5709714331587684
bb_ipp_ground_truth,estimated,95,7.833333333333371,0.5711208164410921
bb_ipp_ground_truth,estimated,96,7.916666666666629,0.571314855786243
bb_ipp_ground_truth,estimated,97,8.0,0.5715286035050076
bb_ipp_ground_truth,estimated,98,8.083333333333371,0.5717038722310775
bb_ipp_ground_truth,estimated,99,8.166666666666629,0.5718270502844928
bb_ipp_ground_truth,estimated,100,8.25,0.571959255870017
bb_ipp_ground_truth,estimated,101,8.333333333333371,0.5721273030694523
bb_ipp_ground_truth,estimated,102,8.416666666666629,0.5722757289424559
bb_ipp_ground_truth,estimated,103,8.5,0.5723404954042507
bb_ipp_ground_truth,estimated,104,8.583333333333371,0.5724096448551702
bb_ipp_ground_truth,estimated,105,8.666666666666629,0.5725622158943185
bb_ipp_ground_truth,estimated,106,8.75,0.5727433991928538
bb_ipp_ground_truth,estimated,107,8.833333333333371,0.5728895566145602
bb_ipp_ground_truth,estimated,108,8.916666666666629,0.572962724965339
bb_ipp_ground_truth,estimated,109,9.0,0.5729453690410976
bb_ipp_ground_truth,estimated,110,9.083333333333371,0.5729371700989213
bb_ipp_ground_truth,estimated,111,9.166666666666629,0.5730134400384971
bb_ipp_ground_truth,estimated,112,9.25,0.5731225108930011
bb_ipp_ground_truth,estimated,113,9.333333333333371,0.5732037549459214
bb_ipp_ground_truth,estimated,114,9.416666666666629,0.5732594193743676
bb_ipp_ground_truth,estimated,115,9.5,0.5733238991433994
bb_ipp_ground_truth,estimated,116,9.583333333333371,0.5734104080452612
bb_ipp_ground_truth,estimated,117,9.666666666666629,0.5734998222577286
bb_ipp_ground_truth,estimated,118,9.75,0.5735653586234553
bb_ipp_ground_truth,estimated,119,9.833333333333371,0.5736265026576784
bb_ipp_ground_truth,estimated,120,9.916666666666629,0.5737375519734292
bb_ipp_ground_truth,estimated,121,10.0,0.5738963238063772
bb_ipp_ground_truth,estimated,122,10.083333333333371,0.5740484786907575
bb_ipp_ground_truth,estimated,123,10.166666666666629,0.5741956347223078
bb_ipp_ground_truth,estimated,124,10.25,0.574426108253627
bb_ipp_ground_truth,estimated,125,10.333333333333371,0.5747603276541113
bb_ipp_ground_truth,estimated,126,10.416666666666629,0.5751332982710674
bb_ipp_ground_truth,estimated,127,10.5,0.5755035836346057
bb_ipp_ground_truth,estimated,128,10.583333333333371,0.5759036310309572
bb_ipp_ground_truth,estimated,129,10.666666666666629,0.5763402024864843
bb_ipp_ground_truth,estimated,130,10.75,0.5767561497504347
bb_ipp_ground_truth,estimated,131,10.833333333333371,0.5770731463657895
bb_ipp_ground_truth,estimated,132,10.916666666666629,0.5772445160405966
bb_ipp_ground_truth,estimated,133,11.0,0.5773602330053375
bb_ipp_ground_truth,estimated,134,11.083333333333371,0.5775152881649125
bb_ipp_ground_truth,estimated,135,11.166666666666629,0.5776835811954131
bb_ipp_ground_truth,estimated,136,11.25,0.5778323178450927
bb_ipp_ground_truth,estimated,137,11.333333333333371,0.5779522050852428
bb_ipp_ground_truth,estimated,138,11.416666666666629,0.5780193917866011
bb_ipp_ground_truth,estimated,139,11.5,0.5780651650226429
bb_ipp_ground_truth,estimated,140,11.583333333333371,0.5782043300558783
bb_ipp_ground_truth,estimated,141,11.666666666666629,0.5784287621537353
bb_ipp_ground_truth,estimated,142,11.75,0.5786681183660141
bb_ipp_ground_truth,estimated,143,11.833333333333371,0.5788727820989803
bb_ipp_ground_truth,estimated,144,11.916666666666629,0.579044457015305
bb_ipp_ground_truth,estimated,145,12.0,0.5792229057970955
bb_ipp_ground_truth,estimated,146,12.083333333333371,0.5794263321009648
bb_ipp_ground_truth,estimated,147,12.166666666666629,0.5796114761845528
bb_ipp_ground_truth,estimated,148,12.25,0.5797440981868655
bb_ipp_ground_truth,estimated,149,12.333333333333371,0.5798752532169188
bb_ipp_ground_truth,estimated,150,12.416666666666629,0.5800416381496635
bb_ipp_ground_truth,estimated,151,12.5,0.5802054039586063
bb_ipp_ground_truth,estimated,152,12.583333333333371,0.5803225916968223
bb_ipp_ground_truth,estimated,153,12.666666666666629,0.580399062967286
bb_ipp_ground_truth,estimated,154,12.75,0.5804624717576583
bb_ipp_ground_truth,estimated,155,12.833333333333371,0.5805230114029939
bb_ipp_ground_truth,estimated,156,12.916666666666629,0.5805535899597785
bb_ipp_ground_truth,estimated,157,13.0,0.5805195491275805
bb_ipp_ground_truth,estimated,158,13.083333333333371,0.5804878781728929
bb_ipp_ground_truth,estimated,159,13.166666666666629,0.5805157926711252
bb_ipp_ground_truth,estimated,160,13.25,0.5805605320591101
bb_ipp_ground_truth,estimated,161,13.333333333333371,0.5805803902254898
bb_ipp_ground_truth,estimated,162,13.416666666666629,0.5805669151720904
bb_ipp_ground_truth,estimated,163,13.5,0.5805366665720052
bb_ipp_ground_truth,estimated,164,13.583333333333371,0.5805140754063772
bb_ipp_ground_truth,estimated,165,13.666666666666629,0.5804892353806858
bb_ipp_ground_truth,estimated,166,13.75,0.5804144025252688
bb_ipp_ground_truth,estimated,167,13.833333333333371,0.5803024968780757
bb_ipp_ground_truth,estimated,168,13.916666666666629,0.5802528240524811
bb_ipp_ground_truth,estimated,169,14.0,0.5802547128767732
bb_ipp_ground_truth,estimated,170,14.083333333333371,0.5802270443405709
bb_ipp_ground_truth,estimated,171,14.166666666666629,0.5801262067913263
bb_ipp_ground_truth,estimated,172,14.25,0.5800720545389849
bb_ipp_ground_truth,estimated,173,14.333333333333371,0.5800850712686825
bb_ipp_ground_truth,estimated,174,14.416666666666629,0.5800971475130151
bb_ipp_ground_truth,estimated,175,14.5,0.580062834558688
bb_ipp_ground_truth,estimated,176,14.583333333333371,0.5800222878488615
bb_ipp_ground_truth,estimated,177,14.666666666666629,0.580004992196454
bb_ipp_ground_truth,estimated,178,14.75,0.5799898123888517
bb_ipp_ground_truth,estimated,179,14.833333333333371,0.5799464623271884
bb_ipp_ground_truth,estimated,180,14.916666666666629,0.5798478797652777
bb_ipp_ground_truth,estimated,181,15.0,0.5796895704791285
bb_ipp_ground_truth,estimated,182,15.083333333333371,0.579542842961579
bb_ipp_ground_truth,estimated,183,15.166666666666629,0.5794209418721303
bb_ipp_ground_truth,estimated,184,15.25,0.5792964621513295
bb_ipp_ground_truth,estimated,185,15.333333333333371,0.5791457537382257
bb_ipp_ground_truth,estimated,186,15.416666666666629,0.5789518688529035
bb_ipp_ground_truth,estimated,187,15.5,0.5787259642962103
bb_ipp_ground_truth,estimated,188,15.583333333333371,0.5785324612290015
bb_ipp_ground_truth,estimated,189,15.666666666666629,0.5783774597027312
bb_ipp_ground_truth,estimated,190,15.75,0.5782102495476069
bb_ipp_ground_truth,estimated,191,15.833333333333371,0.5780009812395018
bb_ipp_ground_truth,estimated,192,15.916666666666629,0.5778258822924891
bb_ipp_ground_truth,estimated,193,16.0,0.577710810254423
bb_ipp_ground_truth,estimated,194,16.08333333333337,0.5776073450614133
bb_ipp_ground_truth,estimated,195,16.16666666666663,0.5774487008767424
bb_ipp_ground_truth,estimated,196,16.25,0.5772966443053218
bb_ipp_ground_truth,estimated,197,16.33333333333337,0.5772340998833293
bb_ipp_ground_truth,estimated,198,16.41666666666663,0.5772248162698744
bb_ipp_ground_truth,estimated,199,16.5,0.577214530285002
bb_ipp_ground_truth,estimated,200,16.58333333333337,0.5772037207279077
bb_ipp_ground_truth,estimated,201,16.66666666666663,0.5772189691041987
bb_ipp_ground_truth,estimated,202,16.75,0.5772662915364092
bb_ipp_ground_truth,estimated,203,16.83333333333337,0.5773414680368965
bb_ipp_ground_truth,estimated,204,16.91666666666663,0.5774178562121123
bb_ipp_ground_truth,estimated,205,17.0,0.5774772264869642
bb_ipp_ground_truth,estimated,206,17.08333333333337,0.5775718360732575
bb_ipp_ground_truth,estimated,207,17.16666666666663,0.5777109071946468
bb_ipp_ground_truth,estimated,208,17.25,0.577841375900704
bb_ipp_ground_truth,estimated,209,17.33333333333337,0.5779434924752392
bb_ipp_ground_truth,estimated,210,17.41666666666663,0.5780511796233894
bb_ipp_ground_truth,estimated,211,17.5,0.5781802249007583
bb_ipp_ground_truth,estimated,212,17.58333333333337,0.5783124126117913
bb_ipp_ground_truth,estimated,213,17.66666666666663,0.5784184796625453
bb_ipp_ground_truth,estimated,214,17.75,0.578496218144096
bb_ipp_ground_truth,estimated,215,17.83333333333337,0.5785769036349676
bb_ipp_ground_truth,estimated,216,17.91666666666663,0.5786771588395144
bb_ipp_ground_truth,estimated,217,18.0,0.5787779239162354
bb_ipp_ground_truth,estimated,218,18.08333333333337,0.5788599276426033
bb_ipp_ground_truth,estimated,219,18.16666666666663,0.5789383132344302
bb_ipp_ground_truth,estimated,220,18.25,0.5790322541227144
bb_ipp_ground_truth,estimated,221,18.33333333333337,0.5791318446297132
bb_ipp_ground_truth,estimated,222,18.41666666666663,0.5792072520762014
bb_ipp_ground_truth,estimated,223,18.5,0.5792476511361937
bb_ipp_ground_truth,estimated,224,18.58333333333337,0.5792887470488342
bb_ipp_ground_truth,estimated,225,18.66666666666663,0.5793424829307003
bb_ipp_ground_truth,estimated,226,18.75,0.5793732659648295
bb_ipp_ground_truth,estimated,227,18.83333333333337,0.5793759954468863
bb_ipp_ground_truth,estimated,228,18.91666666666663,0.5794098344400045
bb_ipp_ground_truth,estimated,229,19.0,0.579488210224201
bb_ipp_ground_truth,estimated,230,19.08333333333337,0.5795782969137258
bb_ipp_ground_truth,estimated,231,19.16666666666663,0.5796478813994532
bb_ipp_ground_truth,estimated,232,19.25,0.5796810532028976
bb_ipp_ground_truth,estimated,233,19.33333333333337,0.5797063407678864
bb_ipp_ground_truth,estimated,234,19.41666666666663,0.5797624285407493
bb_ipp_ground_truth,estimated,235,19.5,0.5798220848856062
bb_ipp_ground_truth,estimated,236,19.58333333333337,0.579823287777634
bb_ipp_ground_truth,estimated,237,19.66666666666663,0.5798301389143935
bb_ipp_ground_truth,estimated,238,19.75,0.5799033721982481
bb_ipp_ground_truth,estimated,239,19.83333333333337,0.5799983034533409
bb_ipp_ground_truth,estimated,240,19.91666666666663,0.5800489594945106
bb_ipp_ground_truth,estimated,241,20.0,0.5800517219249054
bb_ipp_ground_truth,estimated,242,20.08333333333337,0.5800716923960441
bb_ipp_ground_truth,estimated,243,20.16666666666663,0.5801158450148609
bb_ipp_ground_truth,estimated,244,20.25,0.5801263296036318
bb_ipp_ground_truth,estimated,245,20.33333333333337,0.5800460459437682
bb_ipp_ground_truth,estimated,246,20.41666666666663,0.5799885673954667
bb_ipp_ground_truth,estimated,247,20.5,0.5799969580627206
bb_ipp_ground_truth,estimated,248,20.58333333333337,0.5800205214021672
bb_ipp_ground_truth,estimated,249,20.66666666666663,0.5800208064143824
bb_ipp_ground_truth,estimated,250,20.75,0.5799981979836485
bb_ipp_ground_truth,estimated,251,20.83333333333337,0.5799535110206255
bb_ipp_ground_truth,estimated,252,20.91666666666663,0.5798934714731535
bb_ipp_ground_truth,estimated,253,21.0,0.5798350854862043
bb_ipp_ground_truth,estimated,254,21.08333333333337,0.5797778170433838
bb_ipp_ground_truth,estimated,255,21.16666666666663,0.5797193395653518
bb_ipp_ground_truth,estimated,256,21.25,0.5796512546188842
bb_ipp_ground_truth,estimated,257,21.33333333333337,0.5795383504792807
bb_ipp_ground_truth,estimated,258,21.41666666666663,0.5793886622342692
bb_ipp_ground_truth,estimated,259,21.5,0.5792980834885322
bb_ipp_ground_truth,estimated,260,21.58333333333337,0.5792556985516859
bb_ipp_ground_truth,estimated,261,21.66666666666663,0.5792026950363366
bb_ipp_ground_truth,estimated,262,21.75,0.5791024648205059
bb_ipp_ground_truth,estimated,263,21.83333333333337,0.5790056660814972
bb_ipp_ground_truth,estimated,264,21.91666666666663,0.5789408397774952
bb_ipp_ground_truth,estimated,265,22.0,0.5788763918534644
bb_ipp_ground_truth,estimated,266,22.08333333333337,0.5787633800807311
bb_ipp_ground_truth,estimated,267,22.16666666666663,0.5786312954070523
bb_ipp_ground_truth,estimated,268,22.25,0.5785465127425045
bb_ipp_ground_truth,estimated,269,22.33333333333337,0.5784857808160202
bb_ipp_ground_truth,estimated,270,22.41666666666663,0.5784078895649405
bb_ipp_ground_truth,estimated,271,22.5,0.5783153501433503
bb_ipp_ground_truth,estimated,272,22.58333333333337,0.5782324164133326
bb_ipp_ground_truth,estimated,273,22.66666666666663,0.5781564436915406
bb_ipp_ground_truth,estimated,274,22.75,0.5780747077112526
bb_ipp_ground_truth,estimated,275,22.83333333333337,0.577972884819526
bb_ipp_ground_truth,estimated,276,22.91666666666663,0.5778348388252939
bb_ipp_ground_truth,estimated,277,23.0,0.5776974993695371
bb_ipp_ground_truth,estimated,278,23.08333333333337,0.5775853494695907
bb_ipp_ground_truth,estimated,279,23.16666666666663,0.5774744748227115
bb_ipp_ground_truth,estimated,280,23.25,0.5773479639371386
bb_ipp_ground_truth,estimated,281,23.33333333333337,0.5772211515633106
bb_ipp_ground_truth,estimated,282,23.41666666666663,0.5771123798971955
bb_ipp_ground_truth,estimated,283,23.5,0.5770214677658339
bb_ipp_ground_truth,estimated,284,23.58333333333337,0.5769315741514878
bb_ipp_ground_truth,estimated,285,23.66666666666663,0.5768302972238868
bb_ipp_ground_truth,estimated,286,23.75,0.5767329309381932
bb_ipp_ground_truth,estimated,287,23.83333333333337,0.5766585511941789
bb_ipp_ground_truth,estimated,288,23.91666666666663,0.5765961260082997
bb_ipp_ground_truth,estimated,289,24.0,0.5765284145337186
bb_ipp_ground_truth,estimated,290,24.08333333333337,0.5764572727962715
bb_ipp_ground_truth,estimated,291,24.16666666666663,0.5764017828626333
bb_ipp_ground_truth,estimated,292,24.25,0.5763671025240983
bb_ipp_ground_truth,estimated,293,24.33333333333337,0.5763271106377458
bb_ipp_ground_truth,estimated,294,24.41666666666663,0.5762395890932793
bb_ipp_ground_truth,estimated,295,24.5,0.5761695742637403
bb_ipp_ground_truth,estimated,296,24.58333333333337,0.5761893505702832
bb_ipp_ground_truth,estimated,297,24.66666666666663,0.5762726368862053
bb_ipp_ground_truth,estimated,298,24.75,0.5763697121355548
bb_ipp_ground_truth,estimated,299,24.83333333333337,0.5764445934582424
bb_ipp_ground_truth,estimated,300,24.91666666666663,0.57646061051285
bb_ipp_ground_truth,estimated,301,25.0,0.576452269265765
bb_ipp_ground_truth,estimated,302,25.08333333333337,0.5765302039066202
bb_ipp_ground_truth,estimated,303,25.16666666666663,0.576681332705294
bb_ipp_ground_truth,estimated,304,25.25,0.5768500428592157
bb_ipp_ground_truth,estimated,305,25.33333333333337,0.5769983356644982
bb_ipp_ground_truth,estimated,306,25.41666666666663,0.5771259652683469
bb_ipp_ground_truth,estimated,307,25.5,0.5772558610524902
bb_ipp_ground_truth,estimated,308,25.58333333333337,0.5773968271380615
bb_ipp_ground_truth,estimated,309,25.66666666666663,0.5775187403124128
bb_ipp_ground_truth,estimated,310,25.75,0.5775998076203681
bb_ipp_ground_truth,estimated,311,25.83333333333337,0.5776778215586496
bb_ipp_ground_truth,estimated,312,25.91666666666663,0.5777766837677556
bb_ipp_ground_truth,estimated,313,26.0,0.5778734742661854
bb_ipp_ground_truth,estimated,314,26.08333333333337,0.5779405486287685
bb_ipp_ground_truth,estimated,315,26.16666666666663,0.5779805713923566
bb_ipp_ground_truth,estimated,316,26.25,0.5780089308788624
bb_ipp_ground_truth,estimated,317,26.33333333333337,0.5780310407877306
bb_ipp_ground_truth,estimated,318,26.41666666666663,0.5780273496280983
bb_ipp_ground_truth,estimated,319,26.5,0.5779770410754758
bb_ipp_ground_truth,estimated,320,26.58333333333337,0.5779362573556126
bb_ipp_ground_truth,estimated,321,26.66666666666663,0.577940395480651
bb_ipp_ground_truth,estimated,322,26.75,0.5779600312096661
bb_ipp_ground_truth,estimated,323,26.83333333333337,0.5779637872289514
bb_ipp_ground_truth,estimated,324,26.91666666666663,0.5779396106717507
bb_ipp_ground_truth,estimated,325,27.0,0.5778960726392897
bb_ipp_ground_truth,estimated,326,27.08333333333337,0.5778586187962864
bb_ipp_ground_truth,estimated,327,27.16666666666663,0.5778250374664222
bb_ipp_ground_truth,estimated,328,27.25,0.5777542849785336
bb_ipp_ground_truth,estimated,329,27.33333333333337,0.5776527493063668
bb_ipp_ground_truth,estimated,330,27.41666666666663,0.5776074346935857
bb_ipp_ground_truth,estimated,331,27.5,0.5776050291960426
bb_ipp_ground_truth,estimated,332,27.58333333333337,0.5775825466823795
bb_ipp_ground_truth,estimated,333,27.66666666666663,0.5775035522642146
bb_ipp_ground_truth,estimated,334,27.75,0.5774446877445996
bb_ipp_ground_truth,estimated,335,27.83333333333337,0.5774287135390117
bb_ipp_ground_truth,estimated,336,27.91666666666663,0.5774102310474916
bb_ipp_ground_truth,estimated,337,28.0,0.5773381704646293
bb_ipp_ground_truth,estimated,338,28.08333333333337,0.5772631301090447
bb_ipp_ground_truth,estimated,339,28.16666666666663,0.577231376800129
bb_ipp_ground_truth,estimated,340,28.25,0.577216619596875
bb_ipp_ground_truth,estimated,341,28.33333333333337,0.5771889224621368
bb_ipp_ground_truth,estimated,342,28.41666666666663,0.5771394629987404
bb_ipp_ground_truth,estimated,343,28.5,0.5770667816161503
bb_ipp_ground_truth,estimated,344,28.58333333333337,0.5769893236869106
bb_ipp_ground_truth,estimated,345,28.66666666666663,0.5769286316842736
bb_ipp_ground_truth,estimated,346,28.75,0.5768772867941128
bb_ipp_ground_truth,estimated,347,28.83333333333337,0.5768272480913826
bb_ipp_ground_truth,estimated,348,28.91666666666663,0.5767715016083547
bb_ipp_ground_truth,estimated,349,29.0,0.576682548488769
bb_ipp_ground_truth,estimated,350,29.08333333333337,0.5765630287104492
bb_ipp_ground_truth,estimated,351,29.16666666666663,0.5764939828046609
bb_ipp_ground_truth,estimated,352,29.25,0.5764643337157461
bb_ipp_ground_truth,estimated,353,29.33333333333337,0.5764295194689593
bb_ipp_ground_truth,estimated,354,29.41666666666663,0.5763637042260175
bb_ipp_ground_truth,estimated,355,29.5,0.5762925541753539
bb_ipp_ground_truth,estimated,356,29.58333333333337,0.576240728557874
bb_ipp_ground_truth,estimated,357,29.66666666666663,0.5761973955724746
bb_ipp_ground_truth,estimated,358,29.75,0.576135912461364
bb_ipp_ground_truth,estimated,359,29.83333333333337,0.5760588060720411
bb_ipp_ground_truth,estimated,360,29.91666666666663,0.5759984557546991
bb_ipp_ground_truth,estimated,361,30.0,0.5759498570338308
bb_ipp_ground_truth,estimated,362,30.08333333333337,0.5758774188474161
bb_ipp_ground_truth,estimated,363,30.16666666666663,0.5757758288836734
bb_ipp_ground_truth,estimated,364,30.25,0.5757047921073827
bb_ipp_ground_truth,estimated,365,30.33333333333337,0.5756697278736538
bb_ipp_ground_truth,estimated,366,30.41666666666663,0.575643833553952
bb_ipp_ground_truth,estimated,367,30.5,0.5756047539785861
bb_ipp_ground_truth,estimated,368,30.58333333333337,0.5755287015709881
bb_ipp_ground_truth,estimated,369,30.66666666666663,0.5754135340620061
bb_ipp_ground_truth,estimated,370,30.75,0.5753356698047146
bb_ipp_ground_truth,estimated,371,30.83333333333337,0.5752955771280297
bb_ipp_ground_truth,estimated,372,30.91666666666663,0.5752597286525505
bb_ipp_ground_truth,estimated,373,31.0,0.5752089067012082
bb_ipp_ground_truth,estimated,374,31.08333333333337,0.5751530542909801
bb_ipp_ground_truth,estimated,375,31.16666666666663,0.5751081446916108
bb_ipp_ground_truth,estimated,376,31.25,0.5750769039120482
bb_ipp_ground_truth,estimated,377,31.33333333333337,0.575042277239802
bb_ipp_ground_truth,estimated,378,31.41666666666663,0.5749941039440059
bb_ipp_ground_truth,estimated,379,31.5,0.5749526347032156
bb_ipp_ground_truth,estimated,380,31.58333333333337,0.5749305361409608
bb_ipp_ground_truth,estimated,381,31.66666666666663,0.5749107015094631
bb_ipp_ground_truth,estimated,382,31.75,0.5748785798136016
bb_ipp_ground_truth,estimated,383,31.83333333333337,0.5748389491349407
bb_ipp_ground_truth,estimated,384,31.91666666666663,0.5748089815365734
bb_ipp_ground_truth,estimated,385,32.0,0.5747939000034548
bb_ipp_ground_truth,estimated,386,32.08333333333337,0.5747698527232912
bb_ipp_ground_truth,estimated,387,32.16666666666663,0.5747022109059916
bb_ipp_ground_truth,estimated,388,32.25,0.5746523221877344
bb_ipp_ground_truth,estimated,389,32.33333333333337,0.5746550859407595
bb_ipp_ground_truth,estimated,390,32.41666666666663,0.5746863720877945
bb_ipp_ground_truth,estimated,391,32.5,0.5747186965388
bb_ipp_ground_truth,estimated,392,32.58333333333337,0.5747267563768681
bb_ipp_ground_truth,estimated,393,32.66666666666663,0.5746912694535343
bb_ipp_ground_truth,estimated,394,32.75,0.5746804244414823
bb_ipp_ground_truth,estimated,395,32.83333333333337,0.5747235824979258
bb_ipp_ground_truth,estimated,396,32.91666666666663,0.57478195825188
bb_ipp_ground_truth,estimated,397,33.0,0.5748280772584555
bb_ipp_ground_truth,estimated,398,33.08333333333337,0.5748824593220478
bb_ipp_ground_truth,estimated,399,33.16666666666663,0.5749671775151632
bb_ipp_ground_truth,estimated,400,33.25,0.5750754332366398
bb_ipp_ground_truth,estimated,401,33.33333333333337,0.575179656420917
bb_ipp_ground_truth,estimated,402,33.41666666666663,0.5752632377725417
bb_ipp_ground_truth,estimated,403,33.5,0.5753438714437037
bb_ipp_ground_truth,estimated,404,33.58333333333337,0.5754358742825958
bb_ipp_ground_truth,estimated,405,33.66666666666663,0.5755276591718057
bb_ipp_ground_truth,estimated,406,33.75,0.5755994368991154
bb_ipp_ground_truth,estimated,407,33.83333333333337,0.5756536293961604
bb_ipp_ground_truth,estimated,408,33.91666666666663,0.5757120466196318
bb_ipp_ground_truth,estimated,409,34.0,0.5757811601231743
bb_ipp_ground_truth,estimated,410,34.08333333333337,0.5758323314488373
bb_ipp_ground_truth,estimated,411,34.16666666666663,0.5758347551287307
bb_ipp_ground_truth,estimated,412,34.25,0.575870750503164
bb_ipp_ground_truth,estimated,413,34.33333333333337,0.5759755280473481
bb_ipp_ground_truth,estimated,414,34.41666666666663,0.57610915929188
bb_ipp_ground_truth,estimated,415,34.5,0.5762319961347097
bb_ipp_ground_truth,estimated,416,34.58333333333337,0.5763089329722315
bb_ipp_ground_truth,estimated,417,34.66666666666663,0.5763047620390758
bb_ipp_ground_truth,estimated,418,34.75,0.5763301861774429
bb_ipp_ground_truth,estimated,419,34.83333333333337,0.5764340537679152
bb_ipp_ground_truth,estimated,420,34.91666666666663,0.5765682435997432
bb_ipp_ground_truth,estimated,421,35.0,0.5766792202146722
bb_ipp_ground_truth,estimated,422,35.08333333333337,0.5767567023786644
bb_ipp_ground_truth,estimated,423,35.16666666666663,0.576821256327798
bb_ipp_ground_truth,estimated,424,35.25,0.5768884072978073
bb_ipp_ground_truth,estimated,425,35.33333333333337,0.5769440280227343
bb_ipp_ground_truth,estimated,426,35.41666666666663,0.5769667967865758
bb_ipp_ground_truth,estimated,427,35.5,0.5769739685193245
bb_ipp_ground_truth,estimated,428,35.58333333333337,0.57699283089581
bb_ipp_ground_truth,estimated,429,35.66666666666663,0.5770173493550508
bb_ipp_ground_truth,estimated,430,35.75,0.5770272202799617
bb_ipp_ground_truth,estimated,431,35.83333333333337,0.5770225295048848
bb_ipp_ground_truth,estimated,432,35.91666666666663,0.5770182816272401
bb_ipp_ground_truth,estimated,433,36.0,0.5770133102656874
bb_ipp_ground_truth,estimated,434,36.08333333333337,0.5769790284442824
bb_ipp_ground_truth,estimated,435,36.16666666666663,0.5768728903998757
bb_ipp_ground_truth,estimated,436,36.25,0.5767674561226956
bb_ipp_ground_truth,estimated,437,36.33333333333337,0.5767430105118516
bb_ipp_ground_truth,estimated,438,36.41666666666663,0.5767618682298542
bb_ipp_ground_truth,estimated,439,36.5,0.576776002514742
bb_ipp_ground_truth,estimated,440,36.58333333333337,0.5767539837019017
bb_ipp_ground_truth,estimated,441,36.66666666666663,0.5766636559576129
bb_ipp_ground_truth,estimated,442,36.75,0.5765405577302752
bb_ipp_ground_truth,estimated,443,36.83333333333337,0.5764842421047963
bb_ipp_ground_truth,estimated,444,36.91666666666663,0.5764801758722834
bb_ipp_ground_truth,estimated,445,37.0,0.5764818878706273
bb_ipp_ground_truth,estimated,446,37.08333333333337,0.5764546540453296
bb_ipp_ground_truth,estimated,447,37.16666666666663,0.5763984337139731
bb_ipp_ground_truth,estimated,448,37.25,0.5763384144447329
bb_ipp_ground_truth,estimated,449,37.33333333333337,0.5762863302465697
bb_ipp_ground_truth,estimated,450,37.41666666666663,0.576222048500325
bb_ipp_ground_truth,estimated,451,37.5,0.5761355663636156
bb_ipp_ground_truth,estimated,452,37.58333333333337,0.5760581034438045
bb_ipp_ground_truth,estimated,453,37.66666666666663,0.5760052946697926
bb_ipp_ground_truth,estimated,454,37.75,0.575956720294134
bb_ipp_ground_truth,estimated,455,37.83333333333337,0.575895967271231
bb_ipp_ground_truth,estimated,456,37.91666666666663,0.5758294716621252
bb_ipp_ground_truth,estimated,457,38.0,0.5757680891018299
bb_ipp_ground_truth,estimated,458,38.08333333333337,0.5757089325342365
bb_ipp_ground_truth,estimated,459,38.16666666666663,0.5756290120562908
bb_ipp_ground_truth,estimated,460,38.25,0.5755045218149679
bb_ipp_ground_truth,estimated,461,38.33333333333337,0.5753989196527162
bb_ipp_ground_truth,estimated,462,38.41666666666663,0.5753385183786791
bb_ipp_ground_truth,estimated,463,38.5,0.5752976703823993
bb_ipp_ground_truth,estimated,464,38.58333333333337,0.5752519308375832
bb_ipp_ground_truth,estimated,465,38.66666666666663,0.575183484660131
bb_ipp_ground_truth,estimated,466,38.75,0.5750818321807638
bb_ipp_ground_truth,estimated,467,38.83333333333337,0.5749896685324474
bb_ipp_ground_truth,estimated,468,38.91666666666663,0.5749297305244887
bb_ipp_ground_truth,estimated,469,39.0,0.574876171843333
bb_ipp_ground_truth,estimated,470,39.08333333333337,0.5748100791839499
bb_ipp_ground_truth,estimated,471,39.16666666666663,0.5747556955383049
bb_ipp_ground_truth,estimated,472,39.25,0.574730821664354
bb_ipp_ground_truth,estimated,473,39.33333333333337,0.5747252937632735
bb_ipp_ground_truth,estimated,474,39.41666666666663,0.574716098825296
bb_ipp_ground_truth,estimated,475,39.5,0.5746957920318225
bb_ipp_ground_truth,estimated,476,39.58333333333337,0.5746826347165643
bb_ipp_ground_truth,estimated,477,39.66666666666663,0.5746862527538407
bb_ipp_ground_truth,estimated,478,39.75,0.5746905210637558
bb_ipp_ground_truth,estimated,479,39.83333333333337,0.5746746847064552
bb_ipp_ground_truth,estimated,480,39.91666666666663,0.5746435068973866
bb_ipp_ground_truth,estimated,481,40.0,0.5746302190623517
bb_ipp_ground_truth,estimated,482,40.08333333333337,0.5746438307705761
bb_ipp_ground_truth,estimated,483,40.16666666666663,0.5746523199123527
bb_ipp_ground_truth,estimated,484,40.25,0.5746395557013707
bb_ipp_ground_truth,estimated,485,40.33333333333337,0.5746423983121434
bb_ipp_ground_truth,estimated,486,40.41666666666663,0.5746632058087742
bb_ipp_ground_truth,estimated,487,40.5,0.5746837217915318
bb_ipp_ground_truth,estimated,488,40.58333333333337,0.574698264233345
bb_ipp_ground_truth,estimated,489,40.66666666666663,0.5746980744862754
bb_ipp_ground_truth,estimated,490,40.75,0.5746930834365552
bb_ipp_ground_truth,estimated,491,40.83333333333337,0.5747053602905979
bb_ipp_ground_truth,estimated,492,40.91666666666663,0.5747147541475182
bb_ipp_ground_truth,estimated,493,41.0,0.5746824673634041
bb_ipp_ground_truth,estimated,494,41.08333333333337,0.574648513379961
bb_ipp_ground_truth,estimated,495,41.16666666666663,0.5746674636822277
bb_ipp_ground_truth,estimated,496,41.25,0.5747204539904012
bb_ipp_ground_truth,estimated,497,41.33333333333337,0.5747617131021716
bb_ipp_ground_truth,estimated,498,41.41666666666663,0.574780395039739
bb_ipp_ground_truth,estimated,499,41.5,0.5748100130117557
bb_ipp_ground_truth,estimated,500,41.58333333333337,0.5748664547700612
bb_ipp_ground_truth,estimated,501,41.66666666666663,0.5749175146367413
bb_ipp_ground_truth,estimated,502,41.75,0.5749246068722657
bb_ipp_ground_truth,estimated,503,41.83333333333337,0.5749083326030558
bb_ipp_ground_truth,estimated,504,41.91666666666663,0.5749282728141436
bb_ipp_ground_truth,estimated,505,42.0,0.5749778272567675
bb_ipp_ground_truth,estimated,506,42.08333333333337,0.5750161541047494
bb_ipp_ground_truth,estimated,507,42.16666666666663,0.5750413609043631
bb_ipp_ground_truth,estimated,508,42.25,0.575085266782736
bb_ipp_ground_truth,estimated,509,42.33333333333337,0.5751444485412618
bb_ipp_ground_truth,estimated,510,42.41666666666663,0.5752066429726099
bb_ipp_ground_truth,estimated,511,42.5,0.5752528506265997
bb_ipp_ground_truth,estimated,512,42.58333333333337,0.5752556963043722
bb_ipp_ground_truth,estimated,513,42.66666666666663,0.575256676395337
bb_ipp_ground_truth,estimated,514,42.75,0.575304864422548
bb_ipp_ground_truth,estimated,515,42.83333333333337,0.5753759565123819
bb_ipp_ground_truth,estimated,516,42.91666666666663,0.575433864542802
bb_ipp_ground_truth,estimated,517,43.0,0.5754712928735511
bb_ipp_ground_truth,estimated,518,43.08333333333337,0.5755029448664651
bb_ipp_ground_truth,estimated,519,43.16666666666663,0.5755402029236008
bb_ipp_ground_truth,estimated,520,43.25,0.575571294910853
bb_ipp_ground_truth,estimated,521,43.33333333333337,0.5755735449272416
bb_ipp_ground_truth,estimated,522,43.41666666666663,0.5755603906235793
bb_ipp_ground_truth,estimated,523,43.5,0.5755660394125509
bb_ipp_ground_truth,estimated,524,43.58333333333337,0.5755853864433125
bb_ipp_ground_truth,estimated,525,43.66666666666663,0.5755904373068501
bb_ipp_ground_truth,estimated,526,43.75,0.5755830605384374
bb_ipp_ground_truth,estimated,527,43.83333333333337,0.5755930747582553
bb_ipp_ground_truth,estimated,528,43.91666666666663,0.5756253533655793
bb_ipp_ground_truth,estimated,529,44.0,0.5756533294623875
bb_ipp_ground_truth,estimated,530,44.08333333333337,0.5756524749590494
bb_ipp_ground_truth,estimated,531,44.16666666666663,0.5756231520082085
bb_ipp_ground_truth,estimated,532,44.25,0.5755872096145647
bb_ipp_ground_truth,estimated,533,44.33333333333337,0.5755447560209372
bb_ipp_ground_truth,estimated,534,44.41666666666663,0.5754799131489686
bb_ipp_ground_truth,estimated,535,44.5,0.5754051993829292
bb_ipp_ground_truth,estimated,536,44.58333333333337,0.5753443405045271
bb_ipp_ground_truth,estimated,537,44.66666666666663,0.5752846448683226
bb_ipp_ground_truth,estimated,538,44.75,0.5752079955757756
bb_ipp_ground_truth,estimated,539,44.83333333333337,0.5751298783186914
bb_ipp_ground_truth,estimated,540,44.91666666666663,0.5750583149128031
bb_ipp_ground_truth,estimated,541,45.0,0.5749846374265852
bb_ipp_ground_truth,estimated,542,45.08333333333337,0.5748933154794994
bb_ipp_ground_truth,estimated,543,45.16666666666663,0.5747794457485723
bb_ipp_ground_truth,estimated,544,45.25,0.5746638198740941
bb_ipp_ground_truth,estimated,545,45.33333333333337,0.5745644375957807
bb_ipp_ground_truth,estimated,546,45.41666666666663,0.5744710255792477
bb_ipp_ground_truth,estimated,547,45.5,0.5743691320558765
bb_ipp_ground_truth,estimated,548,45.58333333333337,0.5742707707275659
bb_ipp_ground_truth,estimated,549,45.66666666666663,0.5741915704252294
bb_ipp_ground_truth,estimated,550,45.75,0.5741250906264517
bb_ipp_ground_truth,estimated,551,45.83333333333337,0.574052953152015
bb_ipp_ground_truth,estimated,552,45.91666666666663,0.5739712672167162
bb_ipp_ground_truth,estimated,553,46.0,0.5738940597880887
bb_ipp_ground_truth,estimated,554,46.08333333333337,0.5738318307552439
bb_ipp_ground_truth,estimated,555,46.16666666666663,0.5737689430786213
bb_ipp_ground_truth,estimated,556,46.25,0.5736775815694906
bb_ipp_ground_truth,estimated,557,46.33333333333337,0.5735913302461267
bb_ipp_ground_truth,estimated,558,46.41666666666663,0.5735425322336227
bb_ipp_ground_truth,estimated,559,46.5,0.5735116922437106
bb_ipp_ground_truth,estimated,560,46.58333333333337,0.5734767282010453
bb_ipp_ground_truth,estimated,561,46.66666666666663,0.5734246733234996
bb_ipp_ground_truth,estimated,562,46.75,0.5733505554633523
bb_ipp_ground_truth,estimated,563,46.83333333333337,0.5732820383082322
bb_ipp_ground_truth,estimated,564,46.91666666666663,0.5732329825012331
bb_ipp_ground_truth,estimated,565,47.0,0.5731727409693207
bb_ipp_ground_truth,estimated,566,47.08333333333337,0.573075227026624
bb_ipp_ground_truth,estimated,567,47.16666666666663,0.5729884342948404
bb_ipp_ground_truth,estimated,568,47.25,0.5729377590188921
bb_ipp_ground_truth,estimated,569,47.33333333333337,0.5728940230612284
bb_ipp_ground_truth,estimated,570,47.41666666666663,0.5728149928461913
bb_ipp_ground_truth,estimated,571,47.5,0.5727167596878971
bb_ipp_ground_truth,estimated,572,47.58333333333337,0.572659723020625
bb_ipp_ground_truth,estimated,573,47.66666666666663,0.5726366076857372
bb_ipp_ground_truth,estimated,574,47.75,0.5725914153763539
bb_ipp_ground_truth,estimated,575,47.83333333333337,0.5725064823759424
bb_ipp_ground_truth,estimated,576,47.91666666666663,0.5724592935715977
bb_ipp_ground_truth,estimated,577,48.0,0.5724569669850964
bb_ipp_ground_truth,estimated,578,48.08333333333337,0.5724603025851873
bb_ipp_ground_truth,estimated,579,48.16666666666663,0.5724336108577097
bb_ipp_ground_truth,estimated,580,48.25,0.5723448378454139
bb_ipp_ground_truth,estimated,581,48.33333333333337,0.5721949580560279
bb_ipp_ground_truth,estimated,582,48.41666666666663,0.5721102111058695
bb_ipp_ground_truth,estimated,583,48.5,0.5720967103821413
bb_ipp_ground_truth,estimated,584,48.58333333333337,0.5721055953259189
bb_ipp_ground_truth,estimated,585,48.66666666666663,0.5720999650896653
bb_ipp_ground_truth,estimated,586,48.75,0.5720782069418061
bb_ipp_ground_truth,estimated,587,48.83333333333337,0.5720613842492432
bb_ipp_ground_truth,estimated,588,48.91666666666663,0.5720591214454855
bb_ipp_ground_truth,estimated,589,49.0,0.5720511043698745
bb_ipp_ground_truth,estimated,590,49.08333333333337,0.5720154012207522
bb_ipp_ground_truth,estimated,591,49.16666666666663,0.5719803861487761
bb_ipp_ground_truth,estimated,592,49.25,0.5719781421053395
bb_ipp_ground_truth,estimated,593,49.33333333333337,0.571993857373064
bb_ipp_ground_truth,estimated,594,49.41666666666663,0.5720010762188447
bb_ipp_ground_truth,estimated,595,49.5,0.5720020980893421
bb_ipp_ground_truth,estimated,596,49.58333333333337,0.5720196820393466
bb_ipp_ground_truth,estimated,597,49.66666666666663,0.5720519343264113
bb_ipp_ground_truth,estimated,598,49.75,0.5720734176518891
bb_ipp_ground_truth,estimated,599,49.83333333333337,0.5720518157385652
bb_ipp_ground_truth,estimated,600,49.91666666666663,0.5720066209531292
bb_ipp_ground_truth,estimated,601,50.0,0.5720120814185063
bb_ipp_ground_truth,estimated,602,50.08333333333337,0.5720716702763681
bb_ipp_ground_truth,estimated,603,50.16666666666663,0.5721485090380114
bb_ipp_ground_truth,estimated,604,50.25,0.5722141384369485
bb_ipp_ground_truth,estimated,605,50.33333333333337,0.5722472129725261
bb_ipp_ground_truth,estimated,606,50.41666666666663,0.5722322698032661
bb_ipp_ground_truth,estimated,607,50.5,0.5722297194324024
bb_ipp_ground_truth,estimated,608,50.58333333333337,0.572280702906305
bb_ipp_ground_truth,estimated,609,50.66666666666663,0.5723612296196294
bb_ipp_ground_truth,estimated,610,50.75,0.5724356141124931
bb_ipp_ground_truth,estimated,611,50.83333333333337,0.5724896183486629
bb_ipp_ground_truth,estimated,612,50.91666666666663,0.5725343104691725
bb_ipp_ground_truth,estimated,613,51.0,0.5725941990042074
bb_ipp_ground_truth,estimated,614,51.08333333333337,0.5726629354164393
bb_ipp_ground_truth,estimated,615,51.16666666666663,0.5727049615633402
bb_ipp_ground_truth,estimated,616,51.25,0.5727196281730199
bb_ipp_ground_truth,estimated,617,51.33333333333337,0.5727465284667558
bb_ipp_ground_truth,estimated,618,51.41666666666663,0.5727879518645513
bb_ipp_ground_truth,estimated,619,51.5,0.5728112564951471
bb_ipp_ground_truth,estimated,620,51.58333333333337,0.5728051550945494
bb_ipp_ground_truth,estimated,621,51.66666666666663,0.5727842378152048
bb_ipp_ground_truth,estimated,622,51.75,0.5727599930013453
bb_ipp_ground_truth,estimated,623,51.83333333333337,0.5727231519452224
bb_ipp_ground_truth,estimated,624,51.91666666666663,0.5726460575883848
bb_ipp_ground_truth,estimated,625,52.0,0.5725361688211803
bb_ipp_ground_truth,estimated,626,52.08333333333337,0.5724517736453201
bb_ipp_ground_truth,estimated,627,52.16666666666663,0.5724003164235549
bb_ipp_ground_truth,estimated,628,52.25,0.5723537924004561
bb_ipp_ground_truth,estimated,629,52.33333333333337,0.5722943221261237
bb_ipp_ground_truth,estimated,630,52.41666666666663,0.5722240497130678
bb_ipp_ground_truth,estimated,631,52.5,0.5721550131965509
bb_ipp_ground_truth,estimated,632,52.58333333333337,0.5720916608313088
bb_ipp_ground_truth,estimated,633,52.66666666666663,0.5720151874782535
bb_ipp_ground_truth,estimated,634,52.75,0.5719096844762448
bb_ipp_ground_truth,estimated,635,52.83333333333337,0.5718190156825352
bb_ipp_ground_truth,estimated,636,52.91666666666663,0.5717667780319847
bb_ipp_ground_truth,estimated,637,53.0,0.5717159144423836
bb_ipp_ground_truth,estimated,638,53.08333333333337,0.5716293820957552
bb_ipp_ground_truth,estimated,639,53.16666666666663,0.5715480774669153
bb_ipp_ground_truth,estimated,640,53.25,0.5715061784143174
bb_ipp_ground_truth,estimated,641,53.33333333333337,0.5714772158024608
bb_ipp_ground_truth,estimated,642,53.41666666666663,0.5714298663072294
bb_ipp_ground_truth,estimated,643,53.5,0.571371893553807
bb_ipp_ground_truth,estimated,644,53.58333333333337,0.5713200270574735
bb_ipp_ground_truth,estimated,645,53.66666666666663,0.5712726707206219
bb_ipp_ground_truth,estimated,646,53.75,0.5712177295117562
bb_ipp_ground_truth,estimated,647,53.83333333333337,0.5711323651879556
bb_ipp_ground_truth,estimated,648,53.91666666666663,0.5710234946324808
bb_ipp_ground_truth,estimated,649,54.0,0.5709473848467541
bb_ipp_ground_truth,estimated,650,54.08333333333337,0.5708979818953612
bb_ipp_ground_truth,estimated,651,54.16666666666663,0.5708480085341361
bb_ipp_ground_truth,estimated,652,54.25,0.5707828865514502
bb_ipp_ground_truth,estimated,653,54.33333333333337,0.5707047050811961
bb_ipp_ground_truth,estimated,654,54.41666666666663,0.5706266000650149
bb_ipp_ground_truth,estimated,655,54.5,0.5705538735216487
bb_ipp_ground_truth,estimated,656,54.58333333333337,0.5704703340264737
bb_ipp_ground_truth,estimated,657,54.66666666666663,0.570359487767743
bb_ipp_ground_truth,estimated,658,54.75,0.5702547882829752
bb_ipp_ground_truth,estimated,659,54.83333333333337,0.5701790996038516
bb_ipp_ground_truth,estimated,660,54.91666666666663,0.5701109667696476
bb_ipp_ground_truth,estimated,661,55.0,0.5700257933182248
bb_ipp_ground_truth,estimated,662,55.08333333333337,0.5699444539918055
bb_ipp_ground_truth,estimated,663,55.16666666666663,0.5698941495832887
bb_ipp_ground_truth,estimated,664,55.25,0.5698669921872721
bb_ipp_ground_truth,estimated,665,55.33333333333337,0.569837404577542
bb_ipp_ground_truth,estimated,666,55.41666666666663,0.5697884009704044
bb_ipp_ground_truth,estimated,667,55.5,0.5697317192872108
bb_ipp_ground_truth,estimated,668,55.58333333333337,0.5697073670286674
bb_ipp_ground_truth,estimated,669,55.66666666666663,0.5697279781617803
bb_ipp_ground_truth,estimated,670,55.75,0.5697675885983
bb_ipp_ground_truth,estimated,671,55.83333333333337,0.5698166368237536
bb_ipp_ground_truth,estimated,672,55.91666666666663,0.5698695559786912
bb_ipp_ground_truth,estimated,673,56.0,0.5699058081723922
bb_ipp_ground_truth,estimated,674,56.08333333333337,0.5699356802713094
bb_ipp_ground_truth,estimated,675,56.16666666666663,0.5699954838746302
bb_ipp_ground_truth,estimated,676,56.25,0.5700825115696795
bb_ipp_ground_truth,estimated,677,56.33333333333337,0.5701691432192806
bb_ipp_ground_truth,estimated,678,56.41666666666663,0.5702295510028942
bb_ipp_ground_truth,estimated,679,56.5,0.5702648440473901
bb_ipp_ground_truth,estimated,680,56.58333333333337,0.5703019714995842
bb_ipp_ground_truth,estimated,681,56.66666666666663,0.5703526908353583
bb_ipp_ground_truth,estimated,682,56.75,0.5703958218708343
bb_ipp_ground_truth,estimated,683,56.83333333333337,0.5704202494230958
bb_ipp_ground_truth,estimated,684,56.91666666666663,0.5704497668293862
bb_ipp_ground_truth,estimated,685,57.0,0.5705068024001897
bb_ipp_ground_truth,estimated,686,57.08333333333337,0.5705845860080433
bb_ipp_ground_truth,estimated,687,57.16666666666663,0.5706550554505098
bb_ipp_ground_truth,estimated,688,57.25,0.570712559522591
bb_ipp_ground_truth,estimated,689,57.33333333333337,0.5708004582285032
bb_ipp_ground_truth,estimated,690,57.41666666666663,0.5709232958746289
bb_ipp_ground_truth,estimated,691,57.5,0.5710382546563734
bb_ipp_ground_truth,estimated,692,57.58333333333337,0.5711347373818653
bb_ipp_ground_truth,estimated,693,57.66666666666663,0.5712466618852146
bb_ipp_ground_truth,estimated,694,57.75,0.5713737945124336
bb_ipp_ground_truth,estimated,695,57.83333333333337,0.5714935447706899
bb_ipp_ground_truth,estimated,696,57.91666666666663,0.5715890325754112
bb_ipp_ground_truth,estimated,697,58.0,0.5716550017375528
bb_ipp_ground_truth,estimated,698,58.08333333333337,0.5717177120596209
bb_ipp_ground_truth,estimated,699,58.16666666666663,0.5717935461101424
bb_ipp_ground_truth,estimated,700,58.25,0.5718421675177675
bb_ipp_ground_truth,estimated,701,58.33333333333337,0.5718231602679483
bb_ipp_ground_truth,estimated,702,58.41666666666663,0.5718447552520767
bb_ipp_ground_truth,estimated,703,58.5,0.5719233142624527
bb_ipp_ground_truth,estimated,704,58.58333333333337,0.5720036684852479
bb_ipp_ground_truth,estimated,705,58.66666666666663,0.5720277349173775
bb_ipp_ground_truth,estimated,706,58.75,0.5720269987606273
bb_ipp_ground_truth,estimated,707,58.83333333333337,0.5720583992940391
bb_ipp_ground_truth,estimated,708,58.91666666666663,0.5720967008192308
bb_ipp_ground_truth,estimated,709,59.0,0.5720750971237567
bb_ipp_ground_truth,estimated,710,59.08333333333337,0.5719885083462646
bb_ipp_ground_truth,estimated,711,59.16666666666663,0.5719617762501917
bb_ipp_ground_truth,estimated,712,59.25,0.5719820720881917
bb_ipp_ground_truth,estimated,713,59.33333333333337,0.5719988242873686
bb_ipp_ground_truth,estimated,714,59.41666666666663,0.5719916511510661
bb_ipp_ground_truth,estimated,715,59.5,0.5719626739385069
bb_ipp_ground_truth,estimated,716,59.58333333333337,0.5719122389275003
bb_ipp_ground_truth,estimated,717,59.66666666666663,0.5718567351462944
bb_ipp_ground_truth,estimated,718,59.75,0.5718049824466942
bb_ipp_ground_truth,estimated,719,59.83333333333337,0.5717526712759965
bb_ipp_ground_truth,estimated,720,59.91666666666663,0.5716999987579168
bb_ipp_ground_truth,estimated,721,60.0,0.5716290261620305
bb_ipp_ground_truth,estimated,722,60.08333333333337,0.5714989868860145
bb_ipp_ground_truth,estimated,723,60.16666666666663,0.5713907171068391
bb_ipp_ground_truth,estimated,724,60.25,0.5713531227505386
bb_ipp_ground_truth,estimated,725,60.33333333333337,0.5713467679042427
bb_ipp_ground_truth,estimated,726,60.41666666666663,0.5713176549492981
bb_ipp_ground_truth,estimated,727,60.5,0.5712567312940335
bb_ipp_ground_truth,estimated,728,60.58333333333337,0.5712017197070655
bb_ipp_ground_truth,estimated,729,60.66666666666663,0.5711631312210612
bb_ipp_ground_truth,estimated,730,60.75,0.5711173058746696
bb_ipp_ground_truth,estimated,731,60.83333333333337,0.5710427621496557
bb_ipp_ground_truth,estimated,732,60.91666666666663,0.5709703683065375
bb_ipp_ground_truth,estimated,733,61.0,0.5709253520750591
bb_ipp_ground_truth,estimated,734,61.08333333333337,0.5708824971668732
bb_ipp_ground_truth,estimated,735,61.16666666666663,0.5708004389045879
bb_ipp_ground_truth,estimated,736,61.25,0.5707124280079248
bb_ipp_ground_truth,estimated,737,61.33333333333337,0.5706717744062434
bb_ipp_ground_truth,estimated,738,61.41666666666663,0.5706595893090193
bb_ipp_ground_truth,estimated,739,61.5,0.5706439265567805
bb_ipp_ground_truth,estimated,740,61.58333333333337,0.5706046841801617
bb_ipp_ground_truth,estimated,741,61.66666666666663,0.5705149644861646
bb_ipp_ground_truth,estimated,742,61.75,0.5704180397955305
bb_ipp_ground_truth,estimated,743,61.83333333333337,0.5703677875413323
bb_ipp_ground_truth,estimated,744,61.91666666666663,0.5703438050655973
bb_ipp_ground_truth,estimated,745,62.0,0.5703148193664243
bb_ipp_ground_truth,estimated,746,62.08333333333337,0.5702696880150996
bb_ipp_ground_truth,estimated,747,62.16666666666663,0.5702178266317592
bb_ipp_ground_truth,estimated,748,62.25,0.5701742907434237
bb_ipp_ground_truth,estimated,749,62.33333333333337,0.5701377245660607
bb_ipp_ground_truth,estimated,750,62.41666666666663,0.5700894171230048
bb_ipp_ground_truth,estimated,751,62.5,0.5700279945661747
bb_ipp_ground_truth,estimated,752,62.58333333333337,0.569979765001625
bb_ipp_ground_truth,estimated,753,62.66666666666663,0.5699504133722724
bb_ipp_ground_truth,estimated,754,62.75,0.5699189149218341
bb_ipp_ground_truth,estimated,755,62.83333333333337,0.5698740001512762
bb_ipp_ground_truth,estimated,756,62.91666666666663,0.5698290903424925
bb_ipp_ground_truth,estimated,757,63.0,0.5697977484396459
bb_ipp_ground_truth,estimated,758,63.08333333333337,0.569772613705766
bb_ipp_ground_truth,estimated,759,63.16666666666663,0.569719998424769
bb_ipp_ground_truth,estimated,760,63.25,0.5696177251831782
bb_ipp_ground_truth,estimated,761,63.33333333333337,0.5695673777007517
bb_ipp_ground_truth,estimated,762,63.41666666666663,0.5695961548048428
bb_ipp_ground_truth,estimated,763,63.5,0.5696628899807412
bb_ipp_ground_truth,estimated,764,63.58333333333337,0.569726643219056
bb_ipp_ground_truth,estimated,765,63.66666666666663,0.5697551940913393
bb_ipp_ground_truth,estimated,766,63.75,0.5697164563868927
bb_ipp_ground_truth,estimated,767,63.83333333333337,0.5697125445094329
bb_ipp_ground_truth,estimated,768,63.91666666666663,0.569788613757902
bb_ipp_ground_truth,estimated,769,64.0,0.5698938374071629
bb_ipp_ground_truth,estimated,770,64.08333333333337,0.569972240143888
bb_ipp_ground_truth,estimated,771,64.16666666666663,0.57001585472966
bb_ipp_ground_truth,estimated,772,64.25,0.5700561971927108
bb_ipp_ground_truth,estimated,773,64.33333333333337,0.5701083812220751
bb_ipp_ground_truth,estimated,774,64.41666666666663,0.5701540200618335
bb_ipp_ground_truth,estimated,775,64.5,0.5701713750235999
bb_ipp_ground_truth,estimated,776,64.58333333333337,0.5701681149188629
bb_ipp_ground_truth,estimated,777,64.66666666666663,0.5701666624934159
bb_ipp_ground_truth,estimated,778,64.75,0.5701702737515605
bb_ipp_ground_truth,estimated,779,64.83333333333337,0.570147008651672
bb_ipp_ground_truth,estimated,780,64.91666666666663,0.5700701874318779
bb_ipp_ground_truth,estimated,781,65.0,0.5700387973338649
bb_ipp_ground_truth,estimated,782,65.08333333333337,0.5700585872618606
bb_ipp_ground_truth,estimated,783,65.16666666666663,0.570091601805249
bb_ipp_ground_truth,estimated,784,65.25,0.5701089596122733
bb_ipp_ground_truth,estimated,785,65.33333333333337,0.5700949530373447
bb_ipp_ground_truth,estimated,786,65.41666666666663,0.5700431349655154
bb_ipp_ground_truth,estimated,787,65.5,0.5699960197814358
bb_ipp_ground_truth,estimated,788,65.58333333333337,0.5699845523428042
bb_ipp_ground_truth,estimated,789,65.66666666666663,0.569992565826342
bb_ipp_ground_truth,estimated,790,65.75,0.569994921076727
bb_ipp_ground_truth,estimated,791,65.83333333333337,0.5699703209191103
bb_ipp_ground_truth,estimated,792,65.91666666666663,0.569916378983678
bb_ipp_ground_truth,estimated,793,66.0,0.5698680216284499
bb_ipp_ground_truth,estimated,794,66.08333333333337,0.5698398778372799
bb_ipp_ground_truth,estimated,795,66.16666666666663,0.5697966628976691
bb_ipp_ground_truth,estimated,796,66.25,0.5697131587468939
bb_ipp_ground_truth,estimated,797,66.33333333333337,0.5696485419567345
bb_ipp_ground_truth,estimated,798,66.41666666666663,0.5696276995318715
bb_ipp_ground_truth,estimated,799,66.5,0.5696135542567539
bb_ipp_ground_truth,estimated,800,66.58333333333337,0.5695714698166802
bb_ipp_ground_truth,estimated,801,66.66666666666663,0.5695260663957475
bb_ipp_ground_truth,estimated,802,66.75,0.569503689156444
bb_ipp_ground_truth,estimated,803,66.83333333333337,0.5694913910251813
bb_ipp_ground_truth,estimated,804,66.91666666666663,0.5694681509088358
bb_ipp_ground_truth,estimated,805,67.0,0.5694245453377951
bb_ipp_ground_truth,estimated,806,67.08333333333337,0.5693684674454375
bb_ipp_ground_truth,estimated,807,67.16666666666663,0.5693320247646558
bb_ipp_ground_truth,estimated,808,67.25,0.5693194537143356
bb_ipp_ground_truth,estimated,809,67.33333333333337,0.569306171516029
bb_ipp_ground_truth,estimated,810,67.41666666666663,0.5692892489240485
bb_ipp_ground_truth,estimated,811,67.5,0.5692701029499658
bb_ipp_ground_truth,estimated,812,67.58333333333337,0.5692244115562344
bb_ipp_ground_truth,estimated,813,67.66666666666663,0.5691567672194277
bb_ipp_ground_truth,estimated,814,67.75,0.569104337463729
bb_ipp_ground_truth,estimated,815,67.83333333333337,0.5690698703335868
bb_ipp_ground_truth,estimated,816,67.91666666666663,0.5690318776736927
bb_ipp_ground_truth,estimated,817,68.0,0.5689732961754064
bb_ipp_ground_truth,estimated,818,68.08333333333337,0.5689031286188071
bb_ipp_ground_truth,estimated,819,68.16666666666663,0.5688427933175748
bb_ipp_ground_truth,estimated,820,68.25,0.5687928216703545
bb_ipp_ground_truth,estimated,821,68.33333333333337,0.5687393576873464
bb_ipp_ground_truth,estimated,822,68.41666666666663,0.5686814865758593
bb_ipp_ground_truth,estimated,823,68.5,0.5686375521548538
bb_ipp_ground_truth,estimated,824,68.58333333333337,0.5686142031998778
bb_ipp_ground_truth,estimated,825,68.66666666666663,0.5685874686803177
bb_ipp_ground_truth,estimated,826,68.75,0.5685274950392171
bb_ipp_ground_truth,estimated,827,68.83333333333337,0.5684555184557388
bb_ipp_ground_truth,estimated,828,68.91666666666663,0.568418459816828
bb_ipp_ground_truth,estimated,829,69.0,0.5684000532527161
bb_ipp_ground_truth,estimated,830,69.08333333333337,0.5683795389201847
bb_ipp_ground_truth,estimated,831,69.16666666666663,0.5683600812957265
bb_ipp_ground_truth,estimated,832,69.25,0.5683374657189579
bb_ipp_ground_truth,estimated,833,69.33333333333337,0.5682987385316369
bb_ipp_ground_truth,estimated,834,69.41666666666663,0.5682662620112513
bb_ipp_ground_truth,estimated,835,69.5,0.5682550439402232
bb_ipp_ground_truth,estimated,836,69.58333333333337,0.5682531223083314
bb_ipp_ground_truth,estimated,837,69.66666666666663,0.5682451467023233
bb_ipp_ground_truth,estimated,838,69.75,0.5682198104866147
bb_ipp_ground_truth,estimated,839,69.83333333333337,0.5681868068328709
bb_ipp_ground_truth,estimated,840,69.91666666666663,0.5681745596084634
bb_ipp_ground_truth,estimated,841,70.0,0.5681801707173049
bb_ipp_ground_truth,estimated,842,70.08333333333337,0.5681689197710841
bb_ipp_ground_truth,estimated,843,70.16666666666663,0.5681394366057418
bb_ipp_ground_truth,estimated,844,70.25,0.5681330983488598
bb_ipp_ground_truth,estimated,845,70.33333333333337,0.5681519039285725
bb_ipp_ground_truth,estimated,846,70.41666666666663,0.5681654195894397
bb_ipp_ground_truth,estimated,847,70.5,0.5681587834387529
bb_ipp_ground_truth,estimated,848,70.58333333333337,0.568145051380133
bb_ipp_ground_truth,estimated,849,70.66666666666663,0.5681350537217164
bb_ipp_ground_truth,estimated,850,70.75,0.5681270162701513
bb_ipp_ground_truth,estimated,851,70.83333333333337,0.568099348273896
bb_ipp_ground_truth,estimated,852,70.91666666666663,0.5680297358556456
bb_ipp_ground_truth,estimated,853,71.0,0.5679760738954202
bb_ipp_ground_truth,estimated,854,71.08333333333337,0.5679569785876991
bb_ipp_ground_truth,estimated,855,71.16666666666663,0.5679398277372465
bb_ipp_ground_truth,estimated,856,71.25,0.5679066894915235
bb_ipp_ground_truth,estimated,857,71.33333333333337,0.5678544010763215
bb_ipp_ground_truth,estimated,858,71.41666666666663,0.5677913916402486
bb_ipp_ground_truth,estimated,859,71.5,0.5677331868579084
bb_ipp_ground_truth,estimated,860,71.58333333333337,0.5676677832506168
bb_ipp_ground_truth,estimated,861,71.66666666666663,0.5675668656639872
bb_ipp_ground_truth,estimated,862,71.75,0.5674552826366926
bb_ipp_ground_truth,estimated,863,71.83333333333337,0.5673932018069585
bb_ipp_ground_truth,estimated,864,71.91666666666663,0.567363680961738
bb_ipp_ground_truth,estimated,865,72.0,0.56731546393566
bb_ipp_ground_truth,estimated,866,72.08333333333337,0.5672455719645015
bb_ipp_ground_truth,estimated,867,72.16666666666663,0.5672025585101499
bb_ipp_ground_truth,estimated,868,72.25,0.5671907185014539
bb_ipp_ground_truth,estimated,869,72.33333333333337,0.567179711028238
bb_ipp_ground_truth,estimated,870,72.41666666666663,0.567142552391776
bb_ipp_ground_truth,estimated,871,72.5,0.5670819520756216
bb_ipp_ground_truth,estimated,872,72.58333333333337,0.5670306835241046
bb_ipp_ground_truth,estimated,873,72.66666666666663,0.5670139711248452
bb_ipp_ground_truth,estimated,874,72.75,0.5670099748216794
bb_ipp_ground_truth,estimated,875,72.83333333333337,0.5670032557831373
bb_ipp_ground_truth,estimated,876,72.91666666666663,0.5670055730380706
bb_ipp_ground_truth,estimated,877,73.0,0.5670112911224569
bb_ipp_ground_truth,estimated,878,73.08333333333337,0.5669964031333493
bb_ipp_ground_truth,estimated,879,73.16666666666663,0.5669737248613266
bb_ipp_ground_truth,estimated,880,73.25,0.56697087757366
bb_ipp_ground_truth,estimated,881,73.33333333333337,0.566983159657756
bb_ipp_ground_truth,estimated,882,73.41666666666663,0.5669903012917963
bb_ipp_ground_truth,estimated,883,73.5,0.5669750074241393
bb_ipp_ground_truth,estimated,884,73.58333333333337,0.5669444263802847
bb_ipp_ground_truth,estimated,885,73.66666666666663,0.5669239722443544
bb_ipp_ground_truth,estimated,886,73.75,0.5669191441545947
bb_ipp_ground_truth,estimated,887,73.83333333333337,0.566914660430959
bb_ipp_ground_truth,estimated,888,73.91666666666663,0.5669094783511368
bb_ipp_ground_truth,estimated,889,74.0,0.5669221008071393
bb_ipp_ground_truth,estimated,890,74.08333333333337,0.5669604145570825
bb_ipp_ground_truth,estimated,891,74.16666666666663,0.5670026001882382
bb_ipp_ground_truth,estimated,892,74.25,0.5670299703117652
bb_ipp_ground_truth,estimated,893,74.33333333333337,0.5670478722102552
bb_ipp_ground_truth,estimated,894,74.41666666666663,0.5670711441458713
bb_ipp_ground_truth,estimated,895,74.5,0.5670892737202535
bb_ipp_ground_truth,estimated,896,74.58333333333337,0.567063135227935
bb_ipp_ground_truth,estimated,897,74.66666666666663,0.567003445578109
bb_ipp_ground_truth,estimated,898,74.75,0.5669808887968114
bb_ipp_ground_truth,estimated,899,74.83333333333337,0.5669967104499475
bb_ipp_ground_truth,estimated,900,74.91666666666663,0.5670144377258822
bb_ipp_ground_truth,estimated,901,75.0,0.567002913657964
bb_ipp_ground_truth,estimated,902,75.08333333333337,0.5669504491518588
bb_ipp_ground_truth,estimated,903,75.16666666666663,0.5668880187452356
bb_ipp_ground_truth,estimated,904,75.25,0.5668503634455859
bb_ipp_ground_truth,estimated,905,75.33333333333337,0.5668122857607973
bb_ipp_ground_truth,estimated,906,75.41666666666663,0.5667141754095633
bb_ipp_ground_truth,estimated,907,75.5,0.566622406460796
bb_ipp_ground_truth,estimated,908,75.58333333333337,0.5666002321279094
bb_ipp_ground_truth,estimated,909,75.66666666666663,0.5666054977845753
bb_ipp_ground_truth,estimated,910,75.75,0.5665644145057099
bb_ipp_ground_truth,estimated,911,75.83333333333337,0.5664778505438736
bb_ipp_ground_truth,estimated,912,75.91666666666663,0.5664459209498736
bb_ipp_ground_truth,estimated,913,76.0,0.5664568704088067
bb_ipp_ground_truth,estimated,914,76.08333333333337,0.566444897627832
bb_ipp_ground_truth,estimated,915,76.16666666666663,0.5663947754860521
bb_ipp_ground_truth,estimated,916,76.25,0.5663731226285568
bb_ipp_ground_truth,estimated,917,76.33333333333337,0.5663931099275211
bb_ipp_ground_truth,estimated,918,76.41666666666663,0.5664209711983699
bb_ipp_ground_truth,estimated,919,76.5,0.5664207022591586
bb_ipp_ground_truth,estimated,920,76.58333333333337,0.5663569751531111
bb_ipp_ground_truth,estimated,921,76.66666666666663,0.566258465632922
bb_ipp_ground_truth,estimated,922,76.75,0.5662240434972848
bb_ipp_ground_truth,estimated,923,76.83333333333337,0.5662480873913772
bb_ipp_ground_truth,estimated,924,76.91666666666663,0.5662829703966307
bb_ipp_ground_truth,estimated,925,77.0,0.5662943534774648
bb_ipp_ground_truth,estimated,926,77.08333333333337,0.5662806584585115
bb_ipp_ground_truth,estimated,927,77.16666666666663,0.5662632422885286
bb_ipp_ground_truth,estimated,928,77.25,0.5662544635164942
bb_ipp_ground_truth,estimated,929,77.33333333333337,0.5662371807393449
bb_ipp_ground_truth,estimated,930,77.41666666666663,0.5661960116424756
bb_ipp_ground_truth,estimated,931,77.5,0.5661580330123466
bb_ipp_ground_truth,estimated,932,77.58333333333337,0.5661431407191126
bb_ipp_ground_truth,estimated,933,77.66666666666663,0.5661320819563296
bb_ipp_ground_truth,estimated,934,77.75,0.566102941227824
bb_ipp_ground_truth,estimated,935,77.83333333333337,0.5660700889360423
bb_ipp_ground_truth,estimated,936,77.91666666666663,0.5660530021576442
bb_ipp_ground_truth,estimated,937,78.0,0.5660458160530122
bb_ipp_ground_truth,estimated,938,78.08333333333337,0.5660254821880871
bb_ipp_ground_truth,estimated,939,78.16666666666663,0.5659729881194403
bb_ipp_ground_truth,estimated,940,78.25,0.565904838212195
bb_ipp_ground_truth,estimated,941,78.33333333333337,0.5658652910959512
bb_ipp_ground_truth,estimated,942,78.41666666666663,0.565859149354939
bb_ipp_ground_truth,estimated,943,78.5,0.5658610034710082
bb_ipp_ground_truth,estimated,944,78.58333333333337,0.5658561214715944
bb_ipp_ground_truth,estimated,945,78.66666666666663,0.5658300177507692
bb_ipp_ground_truth,estimated,946,78.75,0.5657721612757701
bb_ipp_ground_truth,estimated,947,78.83333333333337,0.5657344279588326
bb_ipp_ground_truth,estimated,948,78.91666666666663,0.5657541578567751
bb_ipp_ground_truth,estimated,949,79.0,0.5658123045378529
bb_ipp_ground_truth,estimated,950,79.08333333333337,0.5658699530793624
bb_ipp_ground_truth,estimated,951,79.16666666666663,0.5659015462790411
bb_ipp_ground_truth,estimated,952,79.25,0.5659217300734167
bb_ipp_ground_truth,estimated,953,79.33333333333337,0.5659585433761234
bb_ipp_ground_truth,estimated,954,79.41666666666663,0.5660111895358771
bb_ipp_ground_truth,estimated,955,79.5,0.5660582155241911
bb_ipp_ground_truth,estimated,956,79.58333333333337,0.5660970667479548
bb_ipp_ground_truth,estimated,957,79.66666666666663,0.5661525128875081
bb_ipp_ground_truth,estimated,958,79.75,0.5662350953629123
bb_ipp_ground_truth,estimated,959,79.83333333333337,0.566326935805326
bb_ipp_ground_truth,estimated,960,79.91666666666663,0.5664085976831379
bb_ipp_ground_truth,estimated,961,80.0,0.5664872389336508
bb_ipp_ground_truth,estimated,962,80.08333333333337,0.5665851586266973
bb_ipp_ground_truth,estimated,963,80.16666666666663,0.5666932247124961
bb_ipp_ground_truth,estimated,964,80.25,0.5667662748081765
bb_ipp_ground_truth,estimated,965,80.33333333333337,0.5668145826883126
bb_ipp_ground_truth,estimated,966,80.41666666666663,0.5669175304844688
bb_ipp_ground_truth,estimated,967,80.5,0.5670712202062281
bb_ipp_ground_truth,estimated,968,80.58333333333337,0.5672260411676265
bb_ipp_ground_truth,estimated,969,80.66666666666663,0.5673440295327805
bb_ipp_ground_truth,estimated,970,80.75,0.5674036771162368
bb_ipp_ground_truth,estimated,971,80.83333333333337,0.5674447961133282
bb_ipp_ground_truth,estimated,972,80.91666666666663,0.5675255155987383
bb_ipp_ground_truth,estimated,973,81.0,0.5676220261938546
bb_ipp_ground_truth,estimated,974,81.08333333333337,0.5676823102343488
bb_ipp_ground_truth,estimated,975,81.16666666666663,0.567724511787184
bb_ipp_ground_truth,estimated,976,81.25,0.5677973422698014
bb_ipp_ground_truth,estimated,977,81.33333333333337,0.5678847370710469
bb_ipp_ground_truth,estimated,978,81.41666666666663,0.5679415295481277
bb_ipp_ground_truth,estimated,979,81.5,0.5679575063258557
bb_ipp_ground_truth,estimated,980,81.58333333333337,0.5679656033730721
bb_ipp_ground_truth,estimated,981,81.66666666666663,0.567983779659487
bb_ipp_ground_truth,estimated,982,81.75,0.5679777829404506
bb_ipp_ground_truth,estimated,983,81.83333333333337,0.567895588145716
bb_ipp_ground_truth,estimated,984,81.91666666666663,0.5677736299504299
bb_ipp_ground_truth,estimated,985,82.0,0.5677073755108009
bb_ipp_ground_truth,estimated,986,82.08333333333337,0.567675894945496
bb_ipp_ground_truth,estimated,987,82.16666666666663,0.5676378086229409
bb_ipp_ground_truth,estimated,988,82.25,0.5675804407768303
bb_ipp_ground_truth,estimated,989,82.33333333333337,0.5674992360110219
bb_ipp_ground_truth,estimated,990,82.41666666666663,0.5673897937870249
bb_ipp_ground_truth,estimated,991,82.5,0.5672799805179289
bb_ipp_ground_truth,estimated,992,82.58333333333337,0.5671845337077026
bb_ipp_ground_truth,estimated,993,82.66666666666663,0.5670958145783221
bb_ipp_ground_truth,estimated,994,82.75,0.5670015933648772
bb_ipp_ground_truth,estimated,995,82.83333333333337,0.5668827028604864
bb_ipp_ground_truth,estimated,996,82.91666666666663,0.5667382657537986
bb_ipp_ground_truth,estimated,997,83.0,0.5666132222072207
bb_ipp_ground_truth,estimated,998,83.08333333333337,0.5665182489873427
bb_ipp_ground_truth,estimated,999,83.16666666666663,0.566415879089905
bb_ipp_ground_truth,estimated,1000,83.25,0.5662707975808504
bb_ipp_ground_truth,estimated,1001,83.33333333333337,0.5661512748233883
bb_ipp_ground_truth,estimated,1002,83.41666666666663,0.5660782640003276
bb_ipp_ground_truth,estimated,1003,83.5,0.5660131384172225
bb_ipp_ground_truth,estimated,1004,83.58333333333337,0.5659014983838129
bb_ipp_ground_truth,estimated,1005,83.66666666666663,0.5657926249917256
bb_ipp_ground_truth,estimated,1006,83.75,0.5657372834123343
bb_ipp_ground_truth,estimated,1007,83.83333333333337,0.5657061832489849
bb_ipp_ground_truth,estimated,1008,83.91666666666663,0.5656597972089091
bb_ipp_ground_truth,estimated,1009,84.0,0.5656042660556897
bb_ipp_ground_truth,estimated,1010,84.08333333333337,0.5655652256980116
bb_ipp_ground_truth,estimated,1011,84.16666666666663,0.565540160525802
bb_ipp_ground_truth,estimated,1012,84.25,0.5655135432649124
bb_ipp_ground_truth,estimated,1013,84.33333333333337,0.5654638821062868
bb_ipp_ground_truth,estimated,1014,84.41666666666663,0.5653798496936884
bb_ipp_ground_truth,estimated,1015,84.5,0.5653158296917791
bb_ipp_ground_truth,estimated,1016,84.58333333333337,0.5652907411004497
bb_ipp_ground_truth,estimated,1017,84.66666666666663,0.5652775451485194
bb_ipp_ground_truth,estimated,1018,84.75,0.5652548220293141
bb_ipp_ground_truth,estimated,1019,84.83333333333337,0.5652288842162071
bb_ipp_ground_truth,estimated,1020,84.91666666666663,0.5652134807643301
bb_ipp_ground_truth,estimated,1021,85.0,0.5652095670315004
bb_ipp_ground_truth,estimated,1022,85.08333333333337,0.5652015102146499
bb_ipp_ground_truth,estimated,1023,85.16666666666663,0.5651784878757838
bb_ipp_ground_truth,estimated,1024,85.25,0.5651575736178858
bb_ipp_ground_truth,estimated,1025,85.33333333333337,0.5651531621291407
bb_ipp_ground_truth,estimated,1026,85.41666666666663,0.5651561360442758
bb_ipp_ground_truth,estimated,1027,85.5,0.5651507861917453
bb_ipp_ground_truth,estimated,1028,85.58333333333337,0.5651446435987779
bb_ipp_ground_truth,estimated,1029,85.66666666666663,0.5651591376081951
bb_ipp_ground_truth,estimated,1030,85.75,0.5651970137739025
bb_ipp_ground_truth,estimated,1031,85.83333333333337,0.5652321354568283
bb_ipp_ground_truth,estimated,1032,85.91666666666663,0.5652345745329583
bb_ipp_ground_truth,estimated,1033,86.0,0.5652334742450323
bb_ipp_ground_truth,estimated,1034,86.08333333333337,0.5652735817693646
bb_ipp_ground_truth,estimated,1035,86.16666666666663,0.5653383133351894
bb_ipp_ground_truth,estimated,1036,86.25,0.5654019002974835
bb_ipp_ground_truth,estimated,1037,86.33333333333337,0.5654535058123652
bb_ipp_ground_truth,estimated,1038,86.41666666666663,0.5654678391742782
bb_ipp_ground_truth,estimated,1039,86.5,0.5654332849176423
bb_ipp_ground_truth,estimated,1040,86.58333333333337,0.5654125272300974
bb_ipp_ground_truth,estimated,1041,86.66666666666663,0.5654266631428285
bb_ipp_ground_truth,estimated,1042,86.75,0.5654463909497555
bb_ipp_ground_truth,estimated,1043,86.83333333333337,0.5654402025338421
bb_ipp_ground_truth,estimated,1044,86.91666666666663,0.5654112714658709
bb_ipp_ground_truth,estimated,1045,87.0,0.56538640436988
bb_ipp_ground_truth,estimated,1046,87.08333333333337,0.5653717467949999
bb_ipp_ground_truth,estimated,1047,87.16666666666663,0.5653444953052148
bb_ipp_ground_truth,estimated,1048,87.25,0.5652827951488082
bb_ipp_ground_truth,estimated,1049,87.33333333333337,0.565204542572553
bb_ipp_ground_truth,estimated,1050,87.41666666666663,0.5651414961616613
bb_ipp_ground_truth,estimated,1051,87.5,0.565087495505273
bb_ipp_ground_truth,estimated,1052,87.58333333333337,0.5650004658308966
bb_ipp_ground_truth,estimated,1053,87.66666666666663,0.5648981768410443
bb_ipp_ground_truth,estimated,1054,87.75,0.5648535432022945
bb_ipp_ground_truth,estimated,1055,87.83333333333337,0.5648510437590144
bb_ipp_ground_truth,estimated,1056,87.91666666666663,0.5648469312052642
bb_ipp_ground_truth,estimated,1057,88.0,0.5648064259562541
bb_ipp_ground_truth,estimated,1058,88.08333333333337,0.5647019153612318
bb_ipp_ground_truth,estimated,1059,88.16666666666663,0.5645615007189997
bb_ipp_ground_truth,estimated,1060,88.25,0.5644818807531857
bb_ipp_ground_truth,estimated,1061,88.33333333333337,0.5644558920203387
bb_ipp_ground_truth,estimated,1062,88.41666666666663,0.5644411046443407
bb_ipp_ground_truth,estimated,1063,88.5,0.5644089358102019
bb_ipp_ground_truth,estimated,1064,88.58333333333337,0.5643626991980163
bb_ipp_ground_truth,estimated,1065,88.66666666666663,0.5643214975753047
bb_ipp_ground_truth,estimated,1066,88.75,0.564291159066999
bb_ipp_ground_truth,estimated,1067,88.83333333333337,0.5642523801031357
bb_ipp_ground_truth,estimated,1068,88.91666666666663,0.56418987643116
bb_ipp_ground_truth,estimated,1069,89.0,0.5641284054253716
bb_ipp_ground_truth,estimated,1070,89.08333333333337,0.564091619009572
bb_ipp_ground_truth,estimated,1071,89.16666666666663,0.5640663314862173
bb_ipp_ground_truth,estimated,1072,89.25,0.5640317828366438
bb_ipp_ground_truth,estimated,1073,89.33333333333337,0.5639937206639809
bb_ipp_ground_truth,estimated,1074,89.41666666666663,0.5639655719520155
bb_ipp_ground_truth,estimated,1075,89.5,0.5639458385019921
bb_ipp_ground_truth,estimated,1076,89.58333333333337,0.563915572621525
bb_ipp_ground_truth,estimated,1077,89.66666666666663,0.5638455925369702
bb_ipp_ground_truth,estimated,1078,89.75,0.563775904921386
bb_ipp_ground_truth,estimated,1079,89.83333333333337,0.5637671079163533
bb_ipp_ground_truth,estimated,1080,89.91666666666663,0.5637957295131226
bb_ipp_ground_truth,estimated,1081,90.0,0.563824045926165
bb_ipp_ground_truth,estimated,1082,90.08333333333337,0.5638317871039434
bb_ipp_ground_truth,estimated,1083,90.16666666666663,0.5637943885098846
bb_ipp_ground_truth,estimated,1084,90.25,0.5637181712652531
bb_ipp_ground_truth,estimated,1085,90.33333333333337,0.563681947125038
bb_ipp_ground_truth,estimated,1086,90.41666666666663,0.5636826181483194
bb_ipp_ground_truth,estimated,1087,90.5,0.5636859551874732
bb_ipp_ground_truth,estimated,1088,90.58333333333337,0.5636674537018138
bb_ipp_ground_truth,estimated,1089,90.66666666666663,0.5636262719946202
bb_ipp_ground_truth,estimated,1090,90.75,0.5635839012955656
bb_ipp_ground_truth,estimated,1091,90.83333333333337,0.5635518768260228
bb_ipp_ground_truth,estimated,1092,90.91666666666663,0.5635134859011335
bb_ipp_ground_truth,estimated,1093,91.0,0.5634598066724253
bb_ipp_ground_truth,estimated,1094,91.08333333333337,0.5634186957910564
bb_ipp_ground_truth,estimated,1095,91.16666666666663,0.5634046333773239
bb_ipp_ground_truth,estimated,1096,91.25,0.5633987540115873
bb_ipp_ground_truth,estimated,1097,91.33333333333337,0.563381661976696
bb_ipp_ground_truth,estimated,1098,91.41666666666663,0.5633560774917564
bb_ipp_ground_truth,estimated,1099,91.5,0.56333605988544
bb_ipp_ground_truth,estimated,1100,91.58333333333337,0.5633209602110564
bb_ipp_ground_truth,estimated,1101,91.66666666666663,0.5632864204243907
bb_ipp_ground_truth,estimated,1102,91.75,0.5632341679678644
bb_ipp_ground_truth,estimated,1103,91.83333333333337,0.563208310534152
bb_ipp_ground_truth,estimated,1104,91.91666666666663,0.5632177707768286
bb_ipp_ground_truth,estimated,1105,92.0,0.5632324503924734
bb_ipp_ground_truth,estimated,1106,92.08333333333337,0.5632364321971036
bb_ipp_ground_truth,estimated,1107,92.16666666666663,0.5632364772790545
bb_ipp_ground_truth,estimated,1108,92.25,0.5632410931869788
bb_ipp_ground_truth,estimated,1109,92.33333333333337,0.5632466258258492
bb_ipp_ground_truth,estimated,1110,92.41666666666663,0.5632333727937741
bb_ipp_ground_truth,estimated,1111,92.5,0.5631969500359009
bb_ipp_ground_truth,estimated,1112,92.58333333333337,0.5631828227304133
bb_ipp_ground_truth,estimated,1113,92.66666666666663,0.5632062797642756
bb_ipp_ground_truth,estimated,1114,92.75,0.5632279883811675
bb_ipp_ground_truth,estimated,1115,92.83333333333337,0.5632147353900288
bb_ipp_ground_truth,estimated,1116,92.91666666666663,0.5632106922853701
bb_ipp_ground_truth,estimated,1117,93.0,0.5632433713791825
bb_ipp_ground_truth,estimated,1118,93.08333333333337,0.5632832905647837
bb_ipp_ground_truth,estimated,1119,93.16666666666663,0.5633011986631662
bb_ipp_ground_truth,estimated,1120,93.25,0.5633079190803921
bb_ipp_ground_truth,estimated,1121,93.33333333333337,0.563319425960027
bb_ipp_ground_truth,estimated,1122,93.41666666666663,0.5633323559328911
bb_ipp_ground_truth,estimated,1123,93.5,0.563329964269061
bb_ipp_ground_truth,estimated,1124,93.58333333333337,0.5632804906514924
bb_ipp_ground_truth,estimated,1125,93.66666666666663,0.5631974843143278
bb_ipp_ground_truth,estimated,1126,93.75,0.5631672035519879
bb_ipp_ground_truth,estimated,1127,93.83333333333337,0.563178888692319
bb_ipp_ground_truth,estimated,1128,93.91666666666663,0.563197223271953
bb_ipp_ground_truth,estimated,1129,94.0,0.5632000773547239
bb_ipp_ground_truth,estimated,1130,94.08333333333337,0.5631729219665456
bb_ipp_ground_truth,estimated,1131,94.16666666666663,0.5631362385117173
bb_ipp_ground_truth,estimated,1132,94.25,0.5631341433052304
bb_ipp_ground_truth,estimated,1133,94.33333333333337,0.5631450019432178
bb_ipp_ground_truth,estimated,1134,94.41666666666663,0.5631063851233661
bb_ipp_ground_truth,estimated,1135,94.5,0.5630314010662035
bb_ipp_ground_truth,estimated,1136,94.58333333333337,0.5630189727954629
bb_ipp_ground_truth,estimated,1137,94.66666666666663,0.5630551222344123
bb_ipp_ground_truth,estimated,1138,94.75,0.5630707239543794
bb_ipp_ground_truth,estimated,1139,94.83333333333337,0.5630138815011599
bb_ipp_ground_truth,estimated,1140,94.91666666666663,0.5629896670834689
bb_ipp_ground_truth,estimated,1141,95.0,0.5630258226765453
bb_ipp_ground_truth,estimated,1142,95.08333333333337,0.5630826817950833
bb_ipp_ground_truth,estimated,1143,95.16666666666663,0.5631216851200683
bb_ipp_ground_truth,estimated,1144,95.25,0.563139209711089
bb_ipp_ground_truth,estimated,1145,95.33333333333337,0.5631473988620873
bb_ipp_ground_truth,estimated,1146,95.41666666666663,0.5631527504233343
bb_ipp_ground_truth,estimated,1147,95.5,0.5631512528976548
bb_ipp_ground_truth,estimated,1148,95.58333333333337,0.5631285527183755
bb_ipp_ground_truth,estimated,1149,95.66666666666663,0.5630944510690422
bb_ipp_ground_truth,estimated,1150,95.75,0.5630986753547595
bb_ipp_ground_truth,estimated,1151,95.83333333333337,0.5631335379448584
bb_ipp_ground_truth,estimated,1152,95.91666666666663,0.5631695827569918
bb_ipp_ground_truth,estimated,1153,96.0,0.5631989807204713
bb_ipp_ground_truth,estimated,1154,96.08333333333337,0.5632255584858431
bb_ipp_ground_truth,estimated,1155,96.16666666666663,0.5632510654901284
bb_ipp_ground_truth,estimated,1156,96.25,0.5632692411429794
bb_ipp_ground_truth,estimated,1157,96.33333333333337,0.563260517529671
bb_ipp_ground_truth,estimated,1158,96.41666666666663,0.5632214077359086
bb_ipp_ground_truth,estimated,1159,96.5,0.5631911543242962
bb_ipp_ground_truth,estimated,1160,96.58333333333337,0.5631814372337955
bb_ipp_ground_truth,estimated,1161,96.66666666666663,0.5631659008026522
bb_ipp_ground_truth,estimated,1162,96.75,0.5631303437333058
bb_ipp_ground_truth,estimated,1163,96.83333333333337,0.5631016065992605
bb_ipp_ground_truth,estimated,1164,96.91666666666663,0.5630908885520399
bb_ipp_ground_truth,estimated,1165,97.0,0.5630798052016576
bb_ipp_ground_truth,estimated,1166,97.08333333333337,0.5630514691931345
bb_ipp_ground_truth,estimated,1167,97.16666666666663,0.5630013899381553
bb_ipp_ground_truth,estimated,1168,97.25,0.5629376262608448
bb_ipp_ground_truth,estimated,1169,97.33333333333337,0.562872838139849
bb_ipp_ground_truth,estimated,1170,97.41666666666663,0.5627969851937817
bb_ipp_ground_truth,estimated,1171,97.5,0.5627055987207764
bb_ipp_ground_truth,estimated,1172,97.58333333333337,0.5626205096717779
bb_ipp_ground_truth,estimated,1173,97.66666666666663,0.5625467315289572
bb_ipp_ground_truth,estimated,1174,97.75,0.5624669624896076
bb_ipp_ground_truth,estimated,1175,97.83333333333337,0.5623824147184973
bb_ipp_ground_truth,estimated,1176,97.91666666666663,0.5623029266428812
bb_ipp_ground_truth,estimated,1177,98.0,0.5622288319034419
bb_ipp_ground_truth,estimated,1178,98.08333333333337,0.5621517261031632
bb_ipp_ground_truth,estimated,1179,98.16666666666663,0.5620543596923018
bb_ipp_ground_truth,estimated,1180,98.25,0.5619409687796604
bb_ipp_ground_truth,estimated,1181,98.33333333333337,0.5618513412592346
bb_ipp_ground_truth,estimated,1182,98.41666666666663,0.5617934366572609
bb_ipp_ground_truth,estimated,1183,98.5,0.5617260611969335
bb_ipp_ground_truth,estimated,1184,98.58333333333337,0.5616280087996551
bb_ipp_ground_truth,estimated,1185,98.66666666666663,0.5615570167295206
bb_ipp_ground_truth,estimated,1186,98.75,0.5615282740690047
bb_ipp_ground_truth,estimated,1187,98.83333333333337,0.5615050358073701
bb_ipp_ground_truth,estimated,1188,98.91666666666663,0.5614651964186131
bb_ipp_ground_truth,estimated,1189,99.0,0.5614308061775022
bb_ipp_ground_truth,estimated,1190,99.08333333333337,0.5614162165353312
bb_ipp_ground_truth,estimated,1191,99.16666666666663,0.5614091715649513
bb_ipp_ground_truth,estimated,1192,99.25,0.5613854319003375
bb_ipp_ground_truth,estimated,1193,99.33333333333337,0.5613115421895223
bb_ipp_ground_truth,estimated,1194,99.41666666666663,0.5612318862672722
bb_ipp_ground_truth,estimated,1195,99.5,0.561217711329038
bb_ipp_ground_truth,estimated,1196,99.58333333333337,0.5612482874844761
bb_ipp_ground_truth,estimated,1197,99.66666666666663,0.5612821024138699
bb_ipp_ground_truth,estimated,1198,99.75,0.5612920353455019
bb_ipp_ground_truth,estimated,1199,99.83333333333337,0.5612734198512227
bb_ipp_ground_truth,estimated,1200,99.91666666666663,0.5612569687003713
bb_ipp_ground_truth,estimated,1201,100.0,0.5612610737895303
bb_ipp_ground_truth,estimated,1202,100.08333333333337,0.5612586670266647
bb_ipp_ground_truth,estimated,1203,100.16666666666663,0.5612183915683855
bb_ipp_ground_truth,estimated,1204,100.25,0.5611914092794988
bb_ipp_ground_truth,estimated,1205,100.33333333333337,0.5612055008815415
bb_ipp_ground_truth,estimated,1206,100.41666666666663,0.5612245280619412
bb_ipp_ground_truth,estimated,1207,100.5,0.5612097326682818
bb_ipp_ground_truth,estimated,1208,100.58333333333337,0.5611857937650317
bb_ipp_ground_truth,estimated,1209,100.66666666666663,0.5611821377468564
bb_ipp_ground_truth,estimated,1210,100.75,0.5611853985929349
bb_ipp_ground_truth,estimated,1211,100.83333333333337,0.5611729070766759
bb_ipp_ground_truth,estimated,1212,100.91666666666663,0.561135462278835
bb_ipp_ground_truth,estimated,1213,101.0,0.561079333845584
bb_ipp_ground_truth,estimated,1214,101.08333333333337,0.5610307217751171
bb_ipp_ground_truth,estimated,1215,101.16666666666663,0.5610004927659118
bb_ipp_ground_truth,estimated,1216,101.25,0.5609728405480853
bb_ipp_ground_truth,estimated,1217,101.33333333333337,0.5609449433842444
bb_ipp_ground_truth,estimated,1218,101.41666666666663,0.5609193647768747
bb_ipp_ground_truth,estimated,1219,101.5,0.5608763245164369
bb_ipp_ground_truth,estimated,1220,101.58333333333337,0.5608197302655474
bb_ipp_ground_truth,estimated,1221,101.66666666666663,0.5607830150875028
bb_ipp_ground_truth,estimated,1222,101.75,0.5607731476948076
bb_ipp_ground_truth,estimated,1223,101.83333333333337,0.5607706827055478
bb_ipp_ground_truth,estimated,1224,101.91666666666663,0.5607529050952147
bb_ipp_ground_truth,estimated,1225,102.0,0.5607177298196301
bb_ipp_ground_truth,estimated,1226,102.08333333333337,0.5606878205012545
bb_ipp_ground_truth,estimated,1227,102.16666666666663,0.560675742548045
bb_ipp_ground_truth,estimated,1228,102.25,0.5606683542710078
bb_ipp_ground_truth,estimated,1229,102.33333333333337,0.5606546089944618
bb_ipp_ground_truth,estimated,1230,102.41666666666663,0.5606507994209546
bb_ipp_ground_truth,estimated,1231,102.5,0.5606776776824025
bb_ipp_ground_truth,estimated,1232,102.58333333333337,0.5607226270078844
bb_ipp_ground_truth,estimated,1233,102.66666666666663,0.5607417735298578
bb_ipp_ground_truth,estimated,1234,102.75,0.560711418142023
bb_ipp_ground_truth,estimated,1235,102.83333333333337,0.5606938345323139
bb_ipp_ground_truth,estimated,1236,102.91666666666663,0.5607310635652117
bb_ipp_ground_truth,estimated,1237,103.0,0.5607974442848563
bb_ipp_ground_truth,estimated,1238,103.08333333333337,0.5608567714062271
bb_ipp_ground_truth,estimated,1239,103.16666666666663,0.560895561778505
bb_ipp_ground_truth,estimated,1240,103.25,0.5608936345410993
bb_ipp_ground_truth,estimated,1241,103.33333333333337,0.5608712001860409
bb_ipp_ground_truth,estimated,1242,103.41666666666663,0.560886232305088
bb_ipp_ground_truth,estimated,1243,103.5,0.5609370296788354
bb_ipp_ground_truth,estimated,1244,103.58333333333337,0.5609931665740502
bb_ipp_ground_truth,estimated,1245,103.66666666666663,0.5610315307264674
bb_ipp_ground_truth,estimated,1246,103.75,0.5610499411638276
bb_ipp_ground_truth,estimated,1247,103.83333333333337,0.5610705249310761
bb_ipp_ground_truth,estimated,1248,103.91666666666663,0.5611085857747405
bb_ipp_ground_truth,estimated,1249,104.0,0.5611420232491172
bb_ipp_ground_truth,estimated,1250,104.08333333333337,0.5611446661166888
bb_ipp_ground_truth,estimated,1251,104.16666666666663,0.5611425497929585
bb_ipp_ground_truth,estimated,1252,104.25,0.5611641032898054
bb_ipp_ground_truth,estimated,1253,104.33333333333337,0.5611893153102517
bb_ipp_ground_truth,estimated,1254,104.41666666666663,0.5611871654003666
bb_ipp_ground_truth,estimated,1255,104.5,0.5611662407153233
bb_ipp_ground_truth,estimated,1256,104.58333333333337,0.5611440607769587
bb_ipp_ground_truth,estimated,1257,104.66666666666663,0.5611184124602916
bb_ipp_ground_truth,estimated,1258,104.75,0.561069118932879
bb_ipp_ground_truth,estimated,1259,104.83333333333337,0.5609641100826712
bb_ipp_ground_truth,estimated,1260,104.91666666666663,0.5608351446435395
bb_ipp_ground_truth,estimated,1261,105.0,0.5607558580295113
bb_ipp_ground_truth,estimated,1262,105.08333333333337,0.560712606816897
bb_ipp_ground_truth,estimated,1263,105.16666666666663,0.560668821515392
bb_ipp_ground_truth,estimated,1264,105.25,0.5605970512449767
bb_ipp_ground_truth,estimated,1265,105.33333333333337,0.5604880483984871
bb_ipp_ground_truth,estimated,1266,105.41666666666663,0.5603721333683614
bb_ipp_ground_truth,estimated,1267,105.5,0.5602812631906444
bb_ipp_ground_truth,estimated,1268,105.58333333333337,0.5601966260018388
bb_ipp_ground_truth,estimated,1269,105.66666666666663,0.5600702237189316
bb_ipp_ground_truth,estimated,1270,105.75,0.5599423378516483
bb_ipp_ground_truth,estimated,1271,105.83333333333337,0.5598645084792513
bb_ipp_ground_truth,estimated,1272,105.91666666666663,0.5598123333093656
bb_ipp_ground_truth,estimated,1273,106.0,0.55973431640869
bb_ipp_ground_truth,estimated,1274,106.08333333333337,0.5596255340301091
bb_ipp_ground_truth,estimated,1275,106.16666666666663,0.5595580399296398
bb_ipp_ground_truth,estimated,1276,106.25,0.5595237785634971
bb_ipp_ground_truth,estimated,1277,106.33333333333337,0.559476761412827
bb_ipp_ground_truth,estimated,1278,106.41666666666663,0.5594032535512434
bb_ipp_ground_truth,estimated,1279,106.5,0.5593518055758436
bb_ipp_ground_truth,estimated,1280,106.58333333333337,0.5593323739046537
bb_ipp_ground_truth,estimated,1281,106.66666666666663,0.5593225595723768
bb_ipp_ground_truth,estimated,1282,106.75,0.5592996424056985
bb_ipp_ground_truth,estimated,1283,106.83333333333337,0.5592402573420564
bb_ipp_ground_truth,estimated,1284,106.91666666666663,0.559149102448872
bb_ipp_ground_truth,estimated,1285,107.0,0.559103013782169
bb_ipp_ground_truth,estimated,1286,107.08333333333337,0.5590991732623806
bb_ipp_ground_truth,estimated,1287,107.16666666666663,0.559106697034084
bb_ipp_ground_truth,estimated,1288,107.25,0.559101732988518
bb_ipp_ground_truth,estimated,1289,107.33333333333337,0.5590790764935992
bb_ipp_ground_truth,estimated,1290,107.41666666666663,0.5590570684216098
bb_ipp_ground_truth,estimated,1291,107.5,0.5590542342604138
bb_ipp_ground_truth,estimated,1292,107.58333333333337,0.5590556603150304
bb_ipp_ground_truth,estimated,1293,107.66666666666663,0.5590334795053302
bb_ipp_ground_truth,estimated,1294,107.75,0.5590108753601236
bb_ipp_ground_truth,estimated,1295,107.83333333333337,0.559019421383229
bb_ipp_ground_truth,estimated,1296,107.91666666666663,0.5590418024627692
bb_ipp_ground_truth,estimated,1297,108.0,0.5590477905800839
bb_ipp_ground_truth,estimated,1298,108.08333333333337,0.5590438403023995
bb_ipp_ground_truth,estimated,1299,108.16666666666663,0.5590522304490988
bb_ipp_ground_truth,estimated,1300,108.25,0.5590716777100907
bb_ipp_ground_truth,estimated,1301,108.33333333333337,0.5590840613298247
bb_ipp_ground_truth,estimated,1302,108.41666666666663,0.5590662006271645
bb_ipp_ground_truth,estimated,1303,108.5,0.5590189600167689
bb_ipp_ground_truth,estimated,1304,108.58333333333337,0.5590071046488992
bb_ipp_ground_truth,estimated,1305,108.66666666666663,0.5590477813337374
bb_ipp_ground_truth,estimated,1306,108.75,0.5591106963689348
bb_ipp_ground_truth,estimated,1307,108.83333333333337,0.55917177006458
bb_ipp_ground_truth,estimated,1308,108.91666666666663,0.5592107485562497
bb_ipp_ground_truth,estimated,1309,109.0,0.5592050971933897
bb_ipp_ground_truth,estimated,1310,109.08333333333337,0.5592086424576098
bb_ipp_ground_truth,estimated,1311,109.16666666666663,0.559271170635264
bb_ipp_ground_truth,estimated,1312,109.25,0.5593652979817906
bb_ipp_ground_truth,estimated,1313,109.33333333333337,0.5594466371862022
bb_ipp_ground_truth,estimated,1314,109.41666666666663,0.5594986831706087
bb_ipp_ground_truth,estimated,1315,109.5,0.5595407182306631
bb_ipp_ground_truth,estimated,1316,109.58333333333337,0.559599484010322
bb_ipp_ground_truth,estimated,1317,109.66666666666663,0.5596664814087337
bb_ipp_ground_truth,estimated,1318,109.75,0.559712319812371
bb_ipp_ground_truth,estimated,1319,109.83333333333337,0.5597301665585032
bb_ipp_ground_truth,estimated,1320,109.91666666666663,0.5597415356785902
bb_ipp_ground_truth,estimated,1321,110.0,0.5597638642838492
bb_ipp_ground_truth,estimated,1322,110.08333333333337,0.5597796974436384
bb_ipp_ground_truth,estimated,1323,110.16666666666663,0.5597511582622027
bb_ipp_ground_truth,estimated,1324,110.25,0.5597257668870911
bb_ipp_ground_truth,estimated,1325,110.33333333333337,0.5597579152576029
bb_ipp_ground_truth,estimated,1326,110.41666666666663,0.5598180667373125
bb_ipp_ground_truth,estimated,1327,110.5,0.5598731706877178
bb_ipp_ground_truth,estimated,1328,110.58333333333337,0.559904877958061
bb_ipp_ground_truth,estimated,1329,110.66666666666663,0.5598921202489441
bb_ipp_ground_truth,estimated,1330,110.75,0.5598484063654644
bb_ipp_ground_truth,estimated,1331,110.83333333333337,0.5598377892717791
bb_ipp_ground_truth,estimated,1332,110.91666666666663,0.5598628895542092
bb_ipp_ground_truth,estimated,1333,111.0,0.5598921709398929
bb_ipp_ground_truth,estimated,1334,111.08333333333337,0.5599051332831525
bb_ipp_ground_truth,estimated,1335,111.16666666666663,0.5598963757912568
bb_ipp_ground_truth,estimated,1336,111.25,0.5598830795306349
bb_ipp_ground_truth,estimated,1337,111.33333333333337,0.5598783417815161
bb_ipp_ground_truth,estimated,1338,111.41666666666663,0.5598652189904659
bb_ipp_ground_truth,estimated,1339,111.5,0.5598242076726409
bb_ipp_ground_truth,estimated,1340,111.58333333333337,0.5597764373473088
bb_ipp_ground_truth,estimated,1341,111.66666666666663,0.5597473662585913
bb_ipp_ground_truth,estimated,1342,111.75,0.5597183101349728
bb_ipp_ground_truth,estimated,1343,111.83333333333337,0.5596704492301521
bb_ipp_ground_truth,estimated,1344,111.91666666666663,0.5596100989421208
bb_ipp_ground_truth,estimated,1345,112.0,0.5595478747600094
bb_ipp_ground_truth,estimated,1346,112.08333333333337,0.5594842419975558
bb_ipp_ground_truth,estimated,1347,112.16666666666663,0.5594062483483059
bb_ipp_ground_truth,estimated,1348,112.25,0.5592878108474185
bb_ipp_ground_truth,estimated,1349,112.33333333333337,0.559157232802385
bb_ipp_ground_truth,estimated,1350,112.41666666666663,0.5590648499086381
bb_ipp_ground_truth,estimated,1351,112.5,0.5589962045936628
bb_ipp_ground_truth,estimated,1352,112.58333333333337,0.5589251227738224
bb_ipp_ground_truth,estimated,1353,112.66666666666663,0.5588348360367467
bb_ipp_ground_truth,estimated,1354,112.75,0.5587200857754508
bb_ipp_ground_truth,estimated,1355,112.83333333333337,0.5586048697049915
bb_ipp_ground_truth,estimated,1356,112.91666666666663,0.558514083767941
bb_ipp_ground_truth,estimated,1357,113.0,0.5584300688242055
bb_ipp_ground_truth,estimated,1358,113.08333333333337,0.5583152286457016
bb_ipp_ground_truth,estimated,1359,113.16666666666663,0.5582051881912595
bb_ipp_ground_truth,estimated,1360,113.25,0.5581384165166027
bb_ipp_ground_truth,estimated,1361,113.33333333333337,0.5580950944330684
bb_ipp_ground_truth,estimated,1362,113.41666666666663,0.5580380265403347
bb_ipp_ground_truth,estimated,1363,113.5,0.5579620109683427
bb_ipp_ground_truth,estimated,1364,113.58333333333337,0.5579021431110309
bb_ipp_ground_truth,estimated,1365,113.66666666666663,0.5578630343120955
bb_ipp_ground_truth,estimated,1366,113.75,0.5578110838614678
bb_ipp_ground_truth,estimated,1367,113.83333333333337,0.5577140518374104
bb_ipp_ground_truth,estimated,1368,113.91666666666663,0.5576440974610828
bb_ipp_ground_truth,estimated,1369,114.0,0.5576222230520738
bb_ipp_ground_truth,estimated,1370,114.08333333333337,0.5576178040235895
bb_ipp_ground_truth,estimated,1371,114.16666666666663,0.5576094945466257
bb_ipp_ground_truth,estimated,1372,114.25,0.5575904923308397
bb_ipp_ground_truth,estimated,1373,114.33333333333337,0.5575508443726415
bb_ipp_ground_truth,estimated,1374,114.41666666666663,0.5575139639520929
bb_ipp_ground_truth,estimated,1375,114.5,0.5575074149482129
bb_ipp_ground_truth,estimated,1376,114.58333333333337,0.5575220445335126
bb_ipp_ground_truth,estimated,1377,114.66666666666663,0.5575444365276221
bb_ipp_ground_truth,estimated,1378,114.75,0.5575532283827376
bb_ipp_ground_truth,estimated,1379,114.83333333333337,0.5575327270245813
bb_ipp_ground_truth,estimated,1380,114.91666666666663,0.5575258496114782
bb_ipp_ground_truth,estimated,1381,115.0,0.557565986957908
bb_ipp_ground_truth,estimated,1382,115.08333333333337,0.5576200679447026
bb_ipp_ground_truth,estimated,1383,115.16666666666663,0.5576246982424599
bb_ipp_ground_truth,estimated,1384,115.25,0.5576332821742492
bb_ipp_ground_truth,estimated,1385,115.33333333333337,0.5576984963621774
bb_ipp_ground_truth,estimated,1386,115.41666666666663,0.5577849950014498
bb_ipp_ground_truth,estimated,1387,115.5,0.5578323727375155
bb_ipp_ground_truth,estimated,1388,115.58333333333337,0.5578516416833676
bb_ipp_ground_truth,estimated,1389,115.66666666666663,0.557914765525606
bb_ipp_ground_truth,estimated,1390,115.75,0.5580111579994006
bb_ipp_ground_truth,estimated,1391,115.83333333333337,0.5581046160859536
bb_ipp_ground_truth,estimated,1392,115.91666666666663,0.5581830319718166
bb_ipp_ground_truth,estimated,1393,116.0,0.5582492910102784
bb_ipp_ground_truth,estimated,1394,116.08333333333337,0.5583103426964351
bb_ipp_ground_truth,estimated,1395,116.16666666666663,0.5583747696395279
bb_ipp_ground_truth,estimated,1396,116.25,0.5584338724214951
bb_ipp_ground_truth,estimated,1397,116.33333333333337,0.5584831939254177
bb_ipp_ground_truth,estimated,1398,116.41666666666663,0.5585396329993193
bb_ipp_ground_truth,estimated,1399,116.5,0.5585955521873875
bb_ipp_ground_truth,estimated,1400,116.58333333333337,0.5586170745466233
bb_ipp_ground_truth,estimated,1401,116.66666666666663,0.5586258997053639
bb_ipp_ground_truth,estimated,1402,116.75,0.5586632617635899
bb_ipp_ground_truth,estimated,1403,116.83333333333337,0.5587189486245923
bb_ipp_ground_truth,estimated,1404,116.91666666666663,0.5587623093465771
bb_ipp_ground_truth,estimated,1405,117.0,0.5587816542897973
bb_ipp_ground_truth,estimated,1406,117.08333333333337,0.5587980733330121
bb_ipp_ground_truth,estimated,1407,117.16666666666663,0.558828173737691
bb_ipp_ground_truth,estimated,1408,117.25,0.5588526317847285
bb_ipp_ground_truth,estimated,1409,117.33333333333337,0.5588403212984294
bb_ipp_ground_truth,estimated,1410,117.41666666666663,0.5587947758970835
bb_ipp_ground_truth,estimated,1411,117.5,0.5587581638474077
bb_ipp_ground_truth,estimated,1412,117.58333333333337,0.5587446053143055
bb_ipp_ground_truth,estimated,1413,117.66666666666663,0.558723304597787
bb_ipp_ground_truth,estimated,1414,117.75,0.5586829708368023
bb_ipp_ground_truth,estimated,1415,117.83333333333337,0.5586635627136117
bb_ipp_ground_truth,estimated,1416,117.91666666666663,0.5586745257944323
bb_ipp_ground_truth,estimated,1417,118.0,0.5586995098497622
bb_ipp_ground_truth,estimated,1418,118.08333333333337,0.5587222096324204
bb_ipp_ground_truth,estimated,1419,118.16666666666663,0.5587133131134442
bb_ipp_ground_truth,estimated,1420,118.25,0.5586768181319673
bb_ipp_ground_truth,estimated,1421,118.33333333333337,0.5586824880566128
bb_ipp_ground_truth,estimated,1422,118.41666666666663,0.5587181532566026
bb_ipp_ground_truth,estimated,1423,118.5,0.5587446698798112
bb_ipp_ground_truth,estimated,1424,118.58333333333337,0.5587481372042008
bb_ipp_ground_truth,estimated,1425,118.66666666666663,0.5587481411907341
bb_ipp_ground_truth,estimated,1426,118.75,0.5587571634868614
bb_ipp_ground_truth,estimated,1427,118.83333333333337,0.5587692690199849
bb_ipp_ground_truth,estimated,1428,118.91666666666663,0.5587652294503798
bb_ipp_ground_truth,estimated,1429,119.0,0.5587413015088691
bb_ipp_ground_truth,estimated,1430,119.08333333333337,0.5587194452652756
bb_ipp_ground_truth,estimated,1431,119.16666666666663,0.5587031706823039
bb_ipp_ground_truth,estimated,1432,119.25,0.558677602652516
bb_ipp_ground_truth,estimated,1433,119.33333333333337,0.5586357641129419
bb_ipp_ground_truth,estimated,1434,119.41666666666663,0.5585877368531913
bb_ipp_ground_truth,estimated,1435,119.5,0.5585451000291912
bb_ipp_ground_truth,estimated,1436,119.58333333333337,0.5585029152771949
bb_ipp_ground_truth,estimated,1437,119.66666666666663,0.5584395041787198
bb_ipp_ground_truth,estimated,1438,119.75,0.5583365315284972
bb_ipp_ground_truth,estimated,1439,119.83333333333337,0.5582633626737438
bb_ipp_ground_truth,estimated,1440,119.91666666666663,0.5582339882985164
bb_ipp_ground_truth,estimated,1441,120.0,0.5582137682617866
bb_ipp_ground_truth,estimated,1442,120.08333333333337,0.5581806693423056
bb_ipp_ground_truth,estimated,1443,120.16666666666663,0.5581206093675741
bb_ipp_ground_truth,estimated,1444,120.25,0.5580118305437987
bb_ipp_ground_truth,estimated,1445,120.33333333333337,0.5579059913952942
bb_ipp_ground_truth,estimated,1446,120.41666666666663,0.5578454979704989
bb_ipp_ground_truth,estimated,1447,120.5,0.5578095957023045
bb_ipp_ground_truth,estimated,1448,120.58333333333337,0.5577680366039299
bb_ipp_ground_truth,estimated,1449,120.66666666666663,0.557702895672429
bb_ipp_ground_truth,estimated,1450,120.75,0.5576233804625832
bb_ipp_ground_truth,estimated,1451,120.83333333333337,0.5575523135396819
bb_ipp_ground_truth,estimated,1452,120.91666666666663,0.5574899922182216
bb_ipp_ground_truth,estimated,1453,121.0,0.5574146142975318
bb_ipp_ground_truth,estimated,1454,121.08333333333337,0.5573328253918421
bb_ipp_ground_truth,estimated,1455,121.16666666666663,0.5572769953774597
bb_ipp_ground_truth,estimated,1456,121.25,0.557246760876909
bb_ipp_ground_truth,estimated,1457,121.33333333333337,0.5572191640545848
bb_ipp_ground_truth,estimated,1458,121.41666666666663,0.5571887898599006
bb_ipp_ground_truth,estimated,1459,121.5,0.5571674209758775
bb_ipp_ground_truth,estimated,1460,121.58333333333337,0.5571584051744638
bb_ipp_ground_truth,estimated,1461,121.66666666666663,0.5571436343703337
bb_ipp_ground_truth,estimated,1462,121.75,0.5570861816539977
bb_ipp_ground_truth,estimated,1463,121.83333333333337,0.5569939026299856
bb_ipp_ground_truth,estimated,1464,121.91666666666663,0.5569659028956094
bb_ipp_ground_truth,estimated,1465,122.0,0.5570036699417473
bb_ipp_ground_truth,estimated,1466,122.08333333333337,0.55706389387533
bb_ipp_ground_truth,estimated,1467,122.16666666666663,0.5571041027396666
bb_ipp_ground_truth,estimated,1468,122.25,0.557090880441253
bb_ipp_ground_truth,estimated,1469,122.33333333333337,0.5570467413618405
bb_ipp_ground_truth,estimated,1470,122.41666666666663,0.5570588713800574
bb_ipp_ground_truth,estimated,1471,122.5,0.5571318661078
bb_ipp_ground_truth,estimated,1472,122.58333333333337,0.557215470184159
bb_ipp_ground_truth,estimated,1473,122.66666666666663,0.5572830445273376
bb_ipp_ground_truth,estimated,1474,122.75,0.557355737648589
bb_ipp_ground_truth,estimated,1475,122.83333333333337,0.5574476324016401
bb_ipp_ground_truth,estimated,1476,122.91666666666663,0.557546382652636
bb_ipp_ground_truth,estimated,1477,123.0,0.5576297181558799
bb_ipp_ground_truth,estimated,1478,123.08333333333337,0.5577012041016336
bb_ipp_ground_truth,estimated,1479,123.16666666666663,0.5577885868401526
bb_ipp_ground_truth,estimated,1480,123.25,0.5578964479863306
bb_ipp_ground_truth,estimated,1481,123.33333333333337,0.558002629383658
bb_ipp_ground_truth,estimated,1482,123.41666666666663,0.5580990369695312
bb_ipp_ground_truth,estimated,1483,123.5,0.5582008182510642
bb_ipp_ground_truth,estimated,1484,123.58333333333337,0.5583171580932071
bb_ipp_ground_truth,estimated,1485,123.66666666666663,0.5584241041444369
bb_ipp_ground_truth,estimated,1486,123.75,0.5584700570121509
bb_ipp_ground_truth,estimated,1487,123.83333333333337,0.5584862023247337
bb_ipp_ground_truth,estimated,1488,123.91666666666663,0.5585883556849423
bb_ipp_ground_truth,estimated,1489,124.0,0.5587526849472079
bb_ipp_ground_truth,estimated,1490,124.08333333333337,0.5589231806370518
bb_ipp_ground_truth,estimated,1491,124.16666666666663,0.5590621793245848
bb_ipp_ground_truth,estimated,1492,124.25,0.5591322462540064
bb_ipp_ground_truth,estimated,1493,124.33333333333337,0.5591475361853521
bb_ipp_ground_truth,estimated,1494,124.41666666666663,0.5592235759980058
bb_ipp_ground_truth,estimated,1495,124.5,0.5593507632240049
bb_ipp_ground_truth,estimated,1496,124.58333333333337,0.5594811703669854
bb_ipp_ground_truth,estimated,1497,124.66666666666663,0.5595861064674352
bb_ipp_ground_truth,estimated,1498,124.75,0.5596774997314348
bb_ipp_ground_truth,estimated,1499,124.83333333333337,0.5597741659776891
bb_ipp_ground_truth,estimated,1500,124.91666666666663,0.5598754455393621
bb_ipp_ground_truth,estimated,1501,125.0,0.5599614413778666
bb_ipp_ground_truth,estimated,1502,125.08333333333337,0.560025519886429
bb_ipp_ground_truth,estimated,1503,125.16666666666663,0.5600883540995211
bb_ipp_ground_truth,estimated,1504,125.25,0.560159856731857
bb_ipp_ground_truth,estimated,1505,125.33333333333337,0.5602195219724254
bb_ipp_ground_truth,estimated,1506,125.41666666666663,0.5602554506045437
bb_ipp_ground_truth,estimated,1507,125.5,0.5602742616972468
bb_ipp_ground_truth,estimated,1508,125.58333333333337,0.560295541171384
bb_ipp_ground_truth,estimated,1509,125.66666666666663,0.5603187113655582
bb_ipp_ground_truth,estimated,1510,125.75,0.5603127981739882
bb_ipp_ground_truth,estimated,1511,125.83333333333337,0.5602721787299423
bb_ipp_ground_truth,estimated,1512,125.91666666666663,0.5602527124297836
bb_ipp_ground_truth,estimated,1513,126.0,0.5602555109562124
bb_ipp_ground_truth,estimated,1514,126.08333333333337,0.5602535754709153
bb_ipp_ground_truth,estimated,1515,126.16666666666663,0.5602295672375386
bb_ipp_ground_truth,estimated,1516,126.25,0.5601737759323376
bb_ipp_ground_truth,estimated,1517,126.33333333333337,0.5600989965786725
bb_ipp_ground_truth,estimated,1518,126.41666666666663,0.5600326247400398
bb_ipp_ground_truth,estimated,1519,126.5,0.5599602001735206
bb_ipp_ground_truth,estimated,1520,126.58333333333337,0.5598478566179481
bb_ipp_ground_truth,estimated,1521,126.66666666666663,0.559723467547672
bb_ipp_ground_truth,estimated,1522,126.75,0.5596401652279674
bb_ipp_ground_truth,estimated,1523,126.83333333333337,0.5595879086186615
bb_ipp_ground_truth,estimated,1524,126.91666666666663,0.5595217029583741
bb_ipp_ground_truth,estimated,1525,127.0,0.5594277418133583
bb_ipp_ground_truth,estimated,1526,127.08333333333337,0.5593384652257777
bb_ipp_ground_truth,estimated,1527,127.16666666666663,0.5592682603111564
bb_ipp_ground_truth,estimated,1528,127.25,0.5591957384963052
bb_ipp_ground_truth,estimated,1529,127.33333333333337,0.5590825467371221
bb_ipp_ground_truth,estimated,1530,127.41666666666663,0.5589448989747772
bb_ipp_ground_truth,estimated,1531,127.5,0.5588441951112136
bb_ipp_ground_truth,estimated,1532,127.58333333333337,0.5587758547531206
bb_ipp_ground_truth,estimated,1533,127.66666666666663,0.5587041262355735
bb_ipp_ground_truth,estimated,1534,127.75,0.5586195620391698
bb_ipp_ground_truth,estimated,1535,127.83333333333337,0.5585355896272471
bb_ipp_ground_truth,estimated,1536,127.91666666666663,0.5584551595512591
bb_ipp_ground_truth,estimated,1537,128.0,0.5583778176528548
bb_ipp_ground_truth,estimated,1538,128.08333333333337,0.5582971168343308
bb_ipp_ground_truth,estimated,1539,128.16666666666663,0.558195980493917
bb_ipp_ground_truth,estimated,1540,128.25,0.5580987549702445
bb_ipp_ground_truth,estimated,1541,128.33333333333337,0.5580327796393595
bb_ipp_ground_truth,estimated,1542,128.41666666666663,0.557983661615314
bb_ipp_ground_truth,estimated,1543,128.5,0.557931144007034
bb_ipp_ground_truth,estimated,1544,128.58333333333337,0.5578675149015635
bb_ipp_ground_truth,estimated,1545,128.66666666666663,0.5577977976205652
bb_ipp_ground_truth,estimated,1546,128.75,0.5577324280832374
bb_ipp_ground_truth,estimated,1547,128.83333333333337,0.5576672062588668
bb_ipp_ground_truth,estimated,1548,128.91666666666663,0.5575838972244533
bb_ipp_ground_truth,estimated,1549,129.0,0.5574934938365383
bb_ipp_ground_truth,estimated,1550,129.08333333333337,0.5574318295791284
bb_ipp_ground_truth,estimated,1551,129.16666666666663,0.557390480908811
bb_ipp_ground_truth,estimated,1552,129.25,0.5573366793187509
bb_ipp_ground_truth,estimated,1553,129.33333333333337,0.5572747865248667
bb_ipp_ground_truth,estimated,1554,129.41666666666663,0.5572383942462348
bb_ipp_ground_truth,estimated,1555,129.5,0.5572291111948613
bb_ipp_ground_truth,estimated,1556,129.58333333333337,0.5572248816006548
bb_ipp_ground_truth,estimated,1557,129.66666666666663,0.5572108486536249
bb_ipp_ground_truth,estimated,1558,129.75,0.5571864277004767
bb_ipp_ground_truth,estimated,1559,129.83333333333337,0.5571657119181636
bb_ipp_ground_truth,estimated,1560,129.91666666666663,0.5571548232603442
bb_ipp_ground_truth,estimated,1561,130.0,0.5571398257746136
bb_ipp_ground_truth,estimated,1562,130.08333333333337,0.5571248302215027
bb_ipp_ground_truth,estimated,1563,130.16666666666663,0.5571305546169216
bb_ipp_ground_truth,estimated,1564,130.25,0.5571452334459861
bb_ipp_ground_truth,estimated,1565,130.33333333333337,0.5571504542613473
bb_ipp_ground_truth,estimated,1566,130.41666666666663,0.5571635636282054
bb_ipp_ground_truth,estimated,1567,130.5,0.5571959640095417
bb_ipp_ground_truth,estimated,1568,130.58333333333337,0.5572373552247919
bb_ipp_ground_truth,estimated,1569,130.66666666666663,0.5572644349372875
bb_ipp_ground_truth,estimated,1570,130.75,0.5572635650223969
bb_ipp_ground_truth,estimated,1571,130.83333333333337,0.5572597676887948
bb_ipp_ground_truth,estimated,1572,130.91666666666663,0.5572809162139385
bb_ipp_ground_truth,estimated,1573,131.0,0.5573147168566872
bb_ipp_ground_truth,estimated,1574,131.08333333333337,0.5573355022716358
bb_ipp_ground_truth,estimated,1575,131.16666666666663,0.5573556504334349
bb_ipp_ground_truth,estimated,1576,131.25,0.5574019597660778
bb_ipp_ground_truth,estimated,1577,131.33333333333337,0.5574665446917747
bb_ipp_ground_truth,estimated,1578,131.41666666666663,0.5575265323979831
bb_ipp_ground_truth,estimated,1579,131.5,0.5575764486924307
bb_ipp_ground_truth,estimated,1580,131.58333333333337,0.55763005980431
bb_ipp_ground_truth,estimated,1581,131.66666666666663,0.5576964309985719
bb_ipp_ground_truth,estimated,1582,131.75,0.5577603534836363
bb_ipp_ground_truth,estimated,1583,131.83333333333337,0.5577830447358181
bb_ipp_ground_truth,estimated,1584,131.91666666666663,0.5577867014509824
bb_ipp_ground_truth,estimated,1585,132.0,0.5578441409824021
bb_ipp_ground_truth,estimated,1586,132.08333333333337,0.5579419329908795
bb_ipp_ground_truth,estimated,1587,132.16666666666663,0.558040062295187
bb_ipp_ground_truth,estimated,1588,132.25,0.5581151788259667
bb_ipp_ground_truth,estimated,1589,132.33333333333337,0.5581476695350427
bb_ipp_ground_truth,estimated,1590,132.41666666666663,0.5581635477365086
bb_ipp_ground_truth,estimated,1591,132.5,0.5582106189060791
bb_ipp_ground_truth,estimated,1592,132.58333333333337,0.5582698825507836
bb_ipp_ground_truth,estimated,1593,132.66666666666663,0.5582969230350938
bb_ipp_ground_truth,estimated,1594,132.75,0.558300425415027
bb_ipp_ground_truth,estimated,1595,132.83333333333337,0.558323612299496
bb_ipp_ground_truth,estimated,1596,132.91666666666663,0.5583649449928316
bb_ipp_ground_truth,estimated,1597,133.0,0.5583914051903485
bb_ipp_ground_truth,estimated,1598,133.08333333333337,0.5583862347471396
bb_ipp_ground_truth,estimated,1599,133.16666666666663,0.5583890613723836
bb_ipp_ground_truth,estimated,1600,133.25,0.5584221955554948
bb_ipp_ground_truth,estimated,1601,133.33333333333337,0.5584564678558486
bb_ipp_ground_truth,estimated,1602,133.41666666666663,0.5584301070534344
bb_ipp_ground_truth,estimated,1603,133.5,0.5583664206016756
bb_ipp_ground_truth,estimated,1604,133.58333333333337,0.5583595578290788
bb_ipp_ground_truth,estimated,1605,133.66666666666663,0.5583947028154417
bb_ipp_ground_truth,estimated,1606,133.75,0.5584253981923082
bb_ipp_ground_truth,estimated,1607,133.83333333333337,0.5584264037468423
bb_ipp_ground_truth,estimated,1608,133.91666666666663,0.5583788070579151
bb_ipp_ground_truth,estimated,1609,134.0,0.5582881168621933
bb_ipp_ground_truth,estimated,1610,134.08333333333337,0.5582125841870347
bb_ipp_ground_truth,estimated,1611,134.16666666666663,0.5581692114484398
bb_ipp_ground_truth,estimated,1612,134.25,0.5581348574857303
bb_ipp_ground_truth,estimated,1613,134.33333333333337,0.5580824384150944
bb_ipp_ground_truth,estimated,1614,134.41666666666663,0.5580044678864315
bb_ipp_ground_truth,estimated,1615,134.5,0.557917747149577
bb_ipp_ground_truth,estimated,1616,134.58333333333337,0.5578443898949031
bb_ipp_ground_truth,estimated,1617,134.66666666666663,0.5577757102946098
bb_ipp_ground_truth,estimated,1618,134.75,0.5576845094891781
bb_ipp_ground_truth,estimated,1619,134.83333333333337,0.5575779817110936
bb_ipp_ground_truth,estimated,1620,134.91666666666663,0.55750431920357
bb_ipp_ground_truth,estimated,1621,135.0,0.5574609014058967
bb_ipp_ground_truth,estimated,1622,135.08333333333337,0.5574106317997192
bb_ipp_ground_truth,estimated,1623,135.16666666666663,0.5573398576198623
bb_ipp_ground_truth,estimated,1624,135.25,0.5572731320026538
bb_ipp_ground_truth,estimated,1625,135.33333333333337,0.5572187605201492
bb_ipp_ground_truth,estimated,1626,135.41666666666663,0.557161140815159
bb_ipp_ground_truth,estimated,1627,135.5,0.5570793204287083
bb_ipp_ground_truth,estimated,1628,135.58333333333337,0.5569662446868404
bb_ipp_ground_truth,estimated,1629,135.66666666666663,0.5568543207432296
bb_ipp_ground_truth,estimated,1630,135.75,0.5567713927952029
bb_ipp_ground_truth,estimated,1631,135.83333333333337,0.5567057069296314
bb_ipp_ground_truth,estimated,1632,135.91666666666663,0.556636937453384
bb_ipp_ground_truth,estimated,1633,136.0,0.5565608208998964
bb_ipp_ground_truth,estimated,1634,136.08333333333337,0.5564680754791734
bb_ipp_ground_truth,estimated,1635,136.16666666666663,0.5563577156965526
bb_ipp_ground_truth,estimated,1636,136.25,0.5562598907164397
bb_ipp_ground_truth,estimated,1637,136.33333333333337,0.5561861551309427
bb_ipp_ground_truth,estimated,1638,136.41666666666663,0.5561247963388969
bb_ipp_ground_truth,estimated,1639,136.5,0.5560595534714724
bb_ipp_ground_truth,estimated,1640,136.58333333333337,0.5559793535238354
bb_ipp_ground_truth,estimated,1641,136.66666666666663,0.5558953190529987
bb_ipp_ground_truth,estimated,1642,136.75,0.5558310955020647
bb_ipp_ground_truth,estimated,1643,136.83333333333337,0.5557795761939489
bb_ipp_ground_truth,estimated,1644,136.91666666666663,0.5557122937574477
bb_ipp_ground_truth,estimated,1645,137.0,0.5556384054315623
bb_ipp_ground_truth,estimated,1646,137.08333333333337,0.5555948064022438
bb_ipp_ground_truth,estimated,1647,137.16666666666663,0.5555767207275033
bb_ipp_ground_truth,estimated,1648,137.25,0.5555554047843431
bb_ipp_ground_truth,estimated,1649,137.33333333333337,0.55552642468675
bb_ipp_ground_truth,estimated,1650,137.41666666666663,0.5555079121493375
bb_ipp_ground_truth,estimated,1651,137.5,0.5555038571439346
bb_ipp_ground_truth,estimated,1652,137.58333333333337,0.5554983133965726
bb_ipp_ground_truth,estimated,1653,137.66666666666663,0.5554611489794039
bb_ipp_ground_truth,estimated,1654,137.75,0.5553853311188144
bb_ipp_ground_truth,estimated,1655,137.83333333333337,0.5553537093859245
bb_ipp_ground_truth,estimated,1656,137.91666666666663,0.5553819218454082
bb_ipp_ground_truth,estimated,1657,138.0,0.5554318808267148
bb_ipp_ground_truth,estimated,1658,138.08333333333337,0.5554681057262993
bb_ipp_ground_truth,estimated,1659,138.16666666666663,0.5554756217187155
bb_ipp_ground_truth,estimated,1660,138.25,0.5554718209906587
bb_ipp_ground_truth,estimated,1661,138.33333333333337,0.5554864626617622
bb_ipp_ground_truth,estimated,1662,138.41666666666663,0.5555081611014825
bb_ipp_ground_truth,estimated,1663,138.5,0.5554957656931969
bb_ipp_ground_truth,estimated,1664,138.58333333333337,0.5554740387190897
bb_ipp_ground_truth,estimated,1665,138.66666666666663,0.5554994618310357
bb_ipp_ground_truth,estimated,1666,138.75,0.555552708825884
bb_ipp_ground_truth,estimated,1667,138.83333333333337,0.5555808896287769
bb_ipp_ground_truth,estimated,1668,138.91666666666663,0.5555852590995992
bb_ipp_ground_truth,estimated,1669,139.0,0.5556153080932741
bb_ipp_ground_truth,estimated,1670,139.08333333333337,0.555669132138507
bb_ipp_ground_truth,estimated,1671,139.16666666666663,0.5557170806595627
bb_ipp_ground_truth,estimated,1672,139.25,0.5557448746999725
bb_ipp_ground_truth,estimated,1673,139.33333333333337,0.5557539461214234
bb_ipp_ground_truth,estimated,1674,139.41666666666663,0.5557558783375254
bb_ipp_ground_truth,estimated,1675,139.5,0.5557641378918246
bb_ipp_ground_truth,estimated,1676,139.58333333333337,0.5557669593899033
bb_ipp_ground_truth,estimated,1677,139.66666666666663,0.555757760724743
bb_ipp_ground_truth,estimated,1678,139.75,0.555752983256552
bb_ipp_ground_truth,estimated,1679,139.83333333333337,0.5557459179419041
bb_ipp_ground_truth,estimated,1680,139.91666666666663,0.555716592856047
bb_ipp_ground_truth,estimated,1681,140.0,0.5556773007051621
bb_ipp_ground_truth,estimated,1682,140.08333333333337,0.5556461961269616
bb_ipp_ground_truth,estimated,1683,140.16666666666663,0.5556195135540578
bb_ipp_ground_truth,estimated,1684,140.25,0.5555798879138145
bb_ipp_ground_truth,estimated,1685,140.33333333333337,0.5555150704509925
bb_ipp_ground_truth,estimated,1686,140.41666666666663,0.5554375843589373
bb_ipp_ground_truth,estimated,1687,140.5,0.5553686273815908
bb_ipp_ground_truth,estimated,1688,140.58333333333337,0.5553092022943229
bb_ipp_ground_truth,estimated,1689,140.66666666666663,0.5552439126939734
bb_ipp_ground_truth,estimated,1690,140.75,0.5551765418369865
bb_ipp_ground_truth,estimated,1691,140.83333333333337,0.5551320266742635
bb_ipp_ground_truth,estimated,1692,140.91666666666663,0.5551208447828929
bb_ipp_ground_truth,estimated,1693,141.0,0.5551173266390274
bb_ipp_ground_truth,estimated,1694,141.08333333333337,0.5550841295370872
bb_ipp_ground_truth,estimated,1695,141.16666666666663,0.5550345746716503
bb_ipp_ground_truth,estimated,1696,141.25,0.5550245122919986
bb_ipp_ground_truth,estimated,1697,141.33333333333337,0.5550560053079852
bb_ipp_ground_truth,estimated,1698,141.41666666666663,0.5550999771407851
bb_ipp_ground_truth,estimated,1699,141.5,0.5551399876326818
bb_ipp_ground_truth,estimated,1700,141.58333333333337,0.5551608885318507
bb_ipp_ground_truth,estimated,1701,141.66666666666663,0.5551350487769963
bb_ipp_ground_truth,estimated,1702,141.75,0.5550997235179217
bb_ipp_ground_truth,estimated,1703,141.83333333333337,0.5551038548354731
bb_ipp_ground_truth,estimated,1704,141.91666666666663,0.5551343227152454
bb_ipp_ground_truth,estimated,1705,142.0,0.5551529806477024
bb_ipp_ground_truth,estimated,1706,142.08333333333337,0.5551402505811329
bb_ipp_ground_truth,estimated,1707,142.16666666666663,0.5551109561708587
bb_ipp_ground_truth,estimated,1708,142.25,0.5550884589315932
bb_ipp_ground_truth,estimated,1709,142.33333333333337,0.5550732898096068
bb_ipp_ground_truth,estimated,1710,142.41666666666663,0.5550470360776647
bb_ipp_ground_truth,estimated,1711,142.5,0.5550105617200879
bb_ipp_ground_truth,estimated,1712,142.58333333333337,0.5549887476506419
bb_ipp_ground_truth,estimated,1713,142.66666666666663,0.5549890265663249
bb_ipp_ground_truth,estimated,1714,142.75,0.5549868459612164
bb_ipp_ground_truth,estimated,1715,142.83333333333337,0.5549571250279246
bb_ipp_ground_truth,estimated,1716,142.91666666666663,0.5549200397644193
bb_ipp_ground_truth,estimated,1717,143.0,0.5549069897227291
bb_ipp_ground_truth,estimated,1718,143.08333333333337,0.5548993282239744
bb_ipp_ground_truth,estimated,1719,143.16666666666663,0.5548671730188529
bb_ipp_ground_truth,estimated,1720,143.25,0.5548220686672604
bb_ipp_ground_truth,estimated,1721,143.33333333333337,0.5547815238259605
bb_ipp_ground_truth,estimated,1722,143.41666666666663,0.5547371498697989
bb_ipp_ground_truth,estimated,1723,143.5,0.5546770575385321
bb_ipp_ground_truth,estimated,1724,143.58333333333337,0.554595599202084
bb_ipp_ground_truth,estimated,1725,143.66666666666663,0.5544998863383885
bb_ipp_ground_truth,estimated,1726,143.75,0.5544122421960145
bb_ipp_ground_truth,estimated,1727,143.83333333333337,0.5543311697059221
bb_ipp_ground_truth,estimated,1728,143.91666666666663,0.5542232045577861
bb_ipp_ground_truth,estimated,1729,144.0,0.554100410597353
bb_ipp_ground_truth,estimated,1730,144.08333333333337,0.5540202106437144
bb_ipp_ground_truth,estimated,1731,144.16666666666663,0.5539720005129759
bb_ipp_ground_truth,estimated,1732,144.25,0.5539161023529152
bb_ipp_ground_truth,estimated,1733,144.33333333333337,0.5538329973440128
bb_ipp_ground_truth,estimated,1734,144.41666666666663,0.5537617644609543
bb_ipp_ground_truth,estimated,1735,144.5,0.5537200792058987
bb_ipp_ground_truth,estimated,1736,144.58333333333337,0.5536767316920956
bb_ipp_ground_truth,estimated,1737,144.66666666666663,0.5535834173634813
bb_ipp_ground_truth,estimated,1738,144.75,0.5534984790009055
bb_ipp_ground_truth,estimated,1739,144.83333333333337,0.5534750297614606
bb_ipp_ground_truth,estimated,1740,144.91666666666663,0.5534830901435056
bb_ipp_ground_truth,estimated,1741,145.0,0.553489494975418
bb_ipp_ground_truth,estimated,1742,145.08333333333337,0.5534903415579114
bb_ipp_ground_truth,estimated,1743,145.16666666666663,0.5534855316790892
bb_ipp_ground_truth,estimated,1744,145.25,0.5534763584560843
bb_ipp_ground_truth,estimated,1745,145.33333333333337,0.5534762852386625
bb_ipp_ground_truth,estimated,1746,145.41666666666663,0.5534852783886435
bb_ipp_ground_truth,estimated,1747,145.5,0.5535022478311472
bb_ipp_ground_truth,estimated,1748,145.58333333333337,0.5535233331949427
bb_ipp_ground_truth,estimated,1749,145.66666666666663,0.5535177093582777
bb_ipp_ground_truth,estimated,1750,145.75,0.5534704280480796
bb_ipp_ground_truth,estimated,1751,145.83333333333337,0.5534913307844728
bb_ipp_ground_truth,estimated,1752,145.91666666666663,0.5535780668720569
bb_ipp_ground_truth,estimated,1753,146.0,0.5536758258054225
bb_ipp_ground_truth,estimated,1754,146.08333333333337,0.5537407347983897
bb_ipp_ground_truth,estimated,1755,146.16666666666663,0.5537951294711759
bb_ipp_ground_truth,estimated,1756,146.25,0.5538745660208347
bb_ipp_ground_truth,estimated,1757,146.33333333333337,0.5539666882411048
bb_ipp_ground_truth,estimated,1758,146.41666666666663,0.5540351617727026
bb_ipp_ground_truth,estimated,1759,146.5,0.5540779687111578
bb_ipp_ground_truth,estimated,1760,146.58333333333337,0.5541501731265733
bb_ipp_ground_truth,estimated,1761,146.66666666666663,0.5542553965620771
bb_ipp_ground_truth,estimated,1762,146.75,0.5543431506004378
bb_ipp_ground_truth,estimated,1763,146.83333333333337,0.5543931197569201
bb_ipp_ground_truth,estimated,1764,146.91666666666663,0.5544767792869111
bb_ipp_ground_truth,estimated,1765,147.0,0.5546099187278982
bb_ipp_ground_truth,estimated,1766,147.08333333333337,0.5547548780779613
bb_ipp_ground_truth,estimated,1767,147.16666666666663,0.5548778003229137
bb_ipp_ground_truth,estimated,1768,147.25,0.5549474493176058
bb_ipp_ground_truth,estimated,1769,147.33333333333337,0.5549626166235562
bb_ipp_ground_truth,estimated,1770,147.41666666666663,0.5550251347545805
bb_ipp_ground_truth,estimated,1771,147.5,0.5551347033930429
bb_ipp_ground_truth,estimated,1772,147.58333333333337,0.5552457805234077
bb_ipp_ground_truth,estimated,1773,147.66666666666663,0.5553295915597625
bb_ipp_ground_truth,estimated,1774,147.75,0.5553903407912602
bb_ipp_ground_truth,estimated,1775,147.83333333333337,0.555446569780144
bb_ipp_ground_truth,estimated,1776,147.91666666666663,0.5555054573468645
bb_ipp_ground_truth,estimated,1777,148.0,0.5555499852682211
bb_ipp_ground_truth,estimated,1778,148.08333333333337,0.5555699215757341
bb_ipp_ground_truth,estimated,1779,148.16666666666663,0.5555908313634563
bb_ipp_ground_truth,estimated,1780,148.25,0.5556342835549269
bb_ipp_ground_truth,estimated,1781,148.33333333333337,0.555685563608879
bb_ipp_ground_truth,estimated,1782,148.41666666666663,0.5557203069875878
bb_ipp_ground_truth,estimated,1783,148.5,0.5557490018026553
bb_ipp_ground_truth,estimated,1784,148.58333333333337,0.5557912702651647
bb_ipp_ground_truth,estimated,1785,148.66666666666663,0.5558391205343994
bb_ipp_ground_truth,estimated,1786,148.75,0.5558676645044169
bb_ipp_ground_truth,estimated,1787,148.83333333333337,0.5558567636529682
bb_ipp_ground_truth,estimated,1788,148.91666666666663,0.5558305359487523
bb_ipp_ground_truth,estimated,1789,149.0,0.555837173786163
bb_ipp_ground_truth,estimated,1790,149.08333333333337,0.5558719616714453
bb_ipp_ground_truth,estimated,1791,149.16666666666663,0.5559097677040936
bb_ipp_ground_truth,estimated,1792,149.25,0.5559410360298475
bb_ipp_ground_truth,estimated,1793,149.33333333333337,0.55594529229697
bb_ipp_ground_truth,estimated,1794,149.41666666666663,0.5559012363292399
bb_ipp_ground_truth,estimated,1795,149.5,0.555863416368364
bb_ipp_ground_truth,estimated,1796,149.58333333333337,0.5558574473372371
bb_ipp_ground_truth,estimated,1797,149.66666666666663,0.5558572539005694
bb_ipp_ground_truth,estimated,1798,149.75,0.5558303223128066
bb_ipp_ground_truth,estimated,1799,149.83333333333337,0.5557738958271715
bb_ipp_ground_truth,estimated,1800,149.91666666666663,0.5557119093579712
bb_ipp_ground_truth,estimated,1801,150.0,0.5556541100046084
bb_ipp_ground_truth,estimated,1802,150.08333333333337,0.5555843805162088
bb_ipp_ground_truth,estimated,1803,150.16666666666663,0.555489278954557
bb_ipp_ground_truth,estimated,1804,150.25,0.5553864879144342
bb_ipp_ground_truth,estimated,1805,150.33333333333337,0.5553036931357301
bb_ipp_ground_truth,estimated,1806,150.41666666666663,0.555229519956958
bb_ipp_ground_truth,estimated,1807,150.5,0.5551226450455737
bb_ipp_ground_truth,estimated,1808,150.58333333333337,0.5549806630951735
bb_ipp_ground_truth,estimated,1809,150.66666666666663,0.5548738634538446
bb_ipp_ground_truth,estimated,1810,150.75,0.554793646013754
bb_ipp_ground_truth,estimated,1811,150.83333333333337,0.5547103997564554
bb_ipp_ground_truth,estimated,1812,150.91666666666663,0.5546078390986166
bb_ipp_ground_truth,estimated,1813,151.0,0.5544742976248745
bb_ipp_ground_truth,estimated,1814,151.08333333333337,0.5543083996241032
bb_ipp_ground_truth,estimated,1815,151.16666666666663,0.5541568581131009
bb_ipp_ground_truth,estimated,1816,151.25,0.5540367225895443
bb_ipp_ground_truth,estimated,1817,151.33333333333337,0.5539285562327684
bb_ipp_ground_truth,estimated,1818,151.41666666666663,0.5538158971694437
bb_ipp_ground_truth,estimated,1819,151.5,0.553691970145705
bb_ipp_ground_truth,estimated,1820,151.58333333333337,0.5535650992783083
bb_ipp_ground_truth,estimated,1821,151.66666666666663,0.553451358186878
bb_ipp_ground_truth,estimated,1822,151.75,0.5533473898270069
bb_ipp_ground_truth,estimated,1823,151.83333333333337,0.5532328247400238
bb_ipp_ground_truth,estimated,1824,151.91666666666663,0.5531107256081125
bb_ipp_ground_truth,estimated,1825,152.0,0.5530091521015016
bb_ipp_ground_truth,estimated,1826,152.08333333333337,0.5529298457211418
bb_ipp_ground_truth,estimated,1827,152.16666666666663,0.5528527738877527
bb_ipp_ground_truth,estimated,1828,152.25,0.5527713943039813
bb_ipp_ground_truth,estimated,1829,152.33333333333337,0.5526968716002307
bb_ipp_ground_truth,estimated,1830,152.41666666666663,0.552638879244849
bb_ipp_ground_truth,estimated,1831,152.5,0.5525932253106925
bb_ipp_ground_truth,estimated,1832,152.58333333333337,0.5525377659288209
bb_ipp_ground_truth,estimated,1833,152.66666666666663,0.5524543002345265
bb_ipp_ground_truth,estimated,1834,152.75,0.552414126836485
bb_ipp_ground_truth,estimated,1835,152.83333333333337,0.552435390697602
bb_ipp_ground_truth,estimated,1836,152.91666666666663,0.5524873122269781
bb_ipp_ground_truth,estimated,1837,153.0,0.5525423864434582
bb_ipp_ground_truth,estimated,1838,153.08333333333337,0.552581243203015
bb_ipp_ground_truth,estimated,1839,153.16666666666663,0.5525764816125996
bb_ipp_ground_truth,estimated,1840,153.25,0.5525851286178384
bb_ipp_ground_truth,estimated,1841,153.33333333333337,0.5526533349064289
bb_ipp_ground_truth,estimated,1842,153.41666666666663,0.5527507287557543
bb_ipp_ground_truth,estimated,1843,153.5,0.5528372485460205
bb_ipp_ground_truth,estimated,1844,153.58333333333337,0.5528981312682204
bb_ipp_ground_truth,estimated,1845,153.66666666666663,0.5529537191124463
bb_ipp_ground_truth,estimated,1846,153.75,0.5530240456803017
bb_ipp_ground_truth,estimated,1847,153.83333333333337,0.5531012882343166
bb_ipp_ground_truth,estimated,1848,153.91666666666663,0.5531698706956397
bb_ipp_ground_truth,estimated,1849,154.0,0.5532396992332179
bb_ipp_ground_truth,estimated,1850,154.08333333333337,0.553329658545259
bb_ipp_ground_truth,estimated,1851,154.16666666666663,0.5534356824212607
bb_ipp_ground_truth,estimated,1852,154.25,0.5535265392318431
bb_ipp_ground_truth,estimated,1853,154.33333333333337,0.5535750927790158
bb_ipp_ground_truth,estimated,1854,154.41666666666663,0.5536334299887635
bb_ipp_ground_truth,estimated,1855,154.5,0.5537355148762125
bb_ipp_ground_truth,estimated,1856,154.58333333333337,0.5538532495807702
bb_ipp_ground_truth,estimated,1857,154.66666666666663,0.5539681422943667
bb_ipp_ground_truth,estimated,1858,154.75,0.5540788606036003
bb_ipp_ground_truth,estimated,1859,154.83333333333337,0.5541695968724273
bb_ipp_ground_truth,estimated,1860,154.91666666666663,0.5542378531749202
bb_ipp_ground_truth,estimated,1861,155.0,0.5543242987725413
bb_ipp_ground_truth,estimated,1862,155.08333333333337,0.5544312530719546
bb_ipp_ground_truth,estimated,1863,155.16666666666663,0.5545380768365719
bb_ipp_ground_truth,estimated,1864,155.25,0.554625236733306
bb_ipp_ground_truth,estimated,1865,155.33333333333337,0.5546873166601404
bb_ipp_ground_truth,estimated,1866,155.41666666666663,0.5547460945230289
bb_ipp_ground_truth,estimated,1867,155.5,0.5548243912100695
bb_ipp_ground_truth,estimated,1868,155.58333333333337,0.5548998017973642
bb_ipp_ground_truth,estimated,1869,155.66666666666663,0.554940409190052
bb_ipp_ground_truth,estimated,1870,155.75,0.5549698028303998
bb_ipp_ground_truth,estimated,1871,155.83333333333337,0.5550215346378495
bb_ipp_ground_truth,estimated,1872,155.91666666666663,0.5550797112338741
bb_ipp_ground_truth,estimated,1873,156.0,0.5551158414031213
bb_ipp_ground_truth,estimated,1874,156.08333333333337,0.5551321632090715
bb_ipp_ground_truth,estimated,1875,156.16666666666663,0.5551485355488526
bb_ipp_ground_truth,estimated,1876,156.25,0.5551709917981437
bb_ipp_ground_truth,estimated,1877,156.33333333333337,0.5551844591916798
bb_ipp_ground_truth,estimated,1878,156.41666666666663,0.5551578729328006
bb_ipp_ground_truth,estimated,1879,156.5,0.5550990298001756
bb_ipp_ground_truth,estimated,1880,156.58333333333337,0.5550943887020131
bb_ipp_ground_truth,estimated,1881,156.66666666666663,0.5551403322339824
bb_ipp_ground_truth,estimated,1882,156.75,0.555200583941642
bb_ipp_ground_truth,estimated,1883,156.83333333333337,0.5552499772068269
bb_ipp_ground_truth,estimated,1884,156.91666666666663,0.5552624927237791
bb_ipp_ground_truth,estimated,1885,157.0,0.5552244846364093
bb_ipp_ground_truth,estimated,1886,157.08333333333337,0.55523472633871
bb_ipp_ground_truth,estimated,1887,157.16666666666663,0.5552998418848546
bb_ipp_ground_truth,estimated,1888,157.25,0.5553714847210426
bb_ipp_ground_truth,estimated,1889,157.33333333333337,0.555408797171883
bb_ipp_ground_truth,estimated,1890,157.41666666666663,0.5554162393325759
bb_ipp_ground_truth,estimated,1891,157.5,0.5554200803668488
bb_ipp_ground_truth,estimated,1892,157.58333333333337,0.5554244657396662
bb_ipp_ground_truth,estimated,1893,157.66666666666663,0.5554109258388863
bb_ipp_ground_truth,estimated,1894,157.75,0.5553678181963735
bb_ipp_ground_truth,estimated,1895,157.83333333333337,0.5553060477111906
bb_ipp_ground_truth,estimated,1896,157.91666666666663,0.5552421417353346
bb_ipp_ground_truth,estimated,1897,158.0,0.5551727344901484
bb_ipp_ground_truth,estimated,1898,158.08333333333337,0.5550687021937563
bb_ipp_ground_truth,estimated,1899,158.16666666666663,0.554940911060397
bb_ipp_ground_truth,estimated,1900,158.25,0.5548497750450456
bb_ipp_ground_truth,estimated,1901,158.33333333333337,0.5547819999820889
bb_ipp_ground_truth,estimated,1902,158.41666666666663,0.5547078630289644
bb_ipp_ground_truth,estimated,1903,158.5,0.5546151388859444
bb_ipp_ground_truth,estimated,1904,158.58333333333337,0.5544955039146695
bb_ipp_ground_truth,estimated,1905,158.66666666666663,0.5543485800881729
bb_ipp_ground_truth,estimated,1906,158.75,0.5542146963929511
bb_ipp_ground_truth,estimated,1907,158.83333333333337,0.5541070780023877
bb_ipp_ground_truth,estimated,1908,158.91666666666663,0.5540090934764469
bb_ipp_ground_truth,estimated,1909,159.0,0.5539061208836116
bb_ipp_ground_truth,estimated,1910,159.08333333333337,0.5537911844226472
bb_ipp_ground_truth,estimated,1911,159.16666666666663,0.5536746050532106
bb_ipp_ground_truth,estimated,1912,159.25,0.5535719699638022
bb_ipp_ground_truth,estimated,1913,159.33333333333337,0.5534778419680698
bb_ipp_ground_truth,estimated,1914,159.41666666666663,0.5533723515374297
bb_ipp_ground_truth,estimated,1915,159.5,0.5532617983373346
bb_ipp_ground_truth,estimated,1916,159.58333333333337,0.5531760143378873
bb_ipp_ground_truth,estimated,1917,159.66666666666663,0.5531110088613577
bb_ipp_ground_truth,estimated,1918,159.75,0.5530437306542324
bb_ipp_ground_truth,estimated,1919,159.83333333333337,0.5529713665426594
bb_ipp_ground_truth,estimated,1920,159.91666666666663,0.5529158439590293
bb_ipp_ground_truth,estimated,1921,160.0,0.5528824459056777
bb_ipp_ground_truth,estimated,1922,160.08333333333337,0.5528580955769968
bb_ipp_ground_truth,estimated,1923,160.16666666666663,0.5528297406746592
bb_ipp_ground_truth,estimated,1924,160.25,0.5527937366284549
bb_ipp_ground_truth,estimated,1925,160.33333333333337,0.552762311504804
bb_ipp_ground_truth,estimated,1926,160.41666666666663,0.5527405380176229
bb_ipp_ground_truth,estimated,1927,160.5,0.5527146456651489
bb_ipp_ground_truth,estimated,1928,160.58333333333337,0.552687278781944
bb_ipp_ground_truth,estimated,1929,160.66666666666663,0.5526776068080703
bb_ipp_ground_truth,estimated,1930,160.75,0.5526788252733568
bb_ipp_ground_truth,estimated,1931,160.83333333333337,0.552675397400427
bb_ipp_ground_truth,estimated,1932,160.91666666666663,0.5526811573692391
bb_ipp_ground_truth,estimated,1933,161.0,0.5527058436088261
bb_ipp_ground_truth,estimated,1934,161.08333333333337,0.552740418874345
bb_ipp_ground_truth,estimated,1935,161.16666666666663,0.5527666678013025
bb_ipp_ground_truth,estimated,1936,161.25,0.55277462552056
bb_ipp_ground_truth,estimated,1937,161.33333333333337,0.5527855058573823
bb_ipp_ground_truth,estimated,1938,161.41666666666663,0.5528218002551494
bb_ipp_ground_truth,estimated,1939,161.5,0.5528720619646524
bb_ipp_ground_truth,estimated,1940,161.58333333333337,0.5529156422639848
bb_ipp_ground_truth,estimated,1941,161.66666666666663,0.5529648998817228
bb_ipp_ground_truth,estimated,1942,161.75,0.553043854855826
bb_ipp_ground_truth,estimated,1943,161.83333333333337,0.5531483197998438
bb_ipp_ground_truth,estimated,1944,161.91666666666663,0.5532525366794728
bb_ipp_ground_truth,estimated,1945,162.0,0.5533449064250825
bb_ipp_ground_truth,estimated,1946,162.08333333333337,0.5534343345754084
bb_ipp_ground_truth,estimated,1947,162.16666666666663,0.5535310070524757
bb_ipp_ground_truth,estimated,1948,162.25,0.5536171177875429
bb_ipp_ground_truth,estimated,1949,162.33333333333337,0.5536788491469005
bb_ipp_ground_truth,estimated,1950,162.41666666666663,0.553746987445455
bb_ipp_ground_truth,estimated,1951,162.5,0.5538436324682532
bb_ipp_ground_truth,estimated,1952,162.58333333333337,0.5539466337575626
bb_ipp_ground_truth,estimated,1953,162.66666666666663,0.5540399488631601
bb_ipp_ground_truth,estimated,1954,162.75,0.5541335634158299
bb_ipp_ground_truth,estimated,1955,162.83333333333337,0.5542323417676572
bb_ipp_ground_truth,estimated,1956,162.91666666666663,0.5543267746730787
bb_ipp_ground_truth,estimated,1957,163.0,0.5543938408146855
bb_ipp_ground_truth,estimated,1958,163.08333333333337,0.5544245348879654
bb_ipp_ground_truth,estimated,1959,163.16666666666663,0.5544497433691707
bb_ipp_ground_truth,estimated,1960,163.25,0.5544913751288316
bb_ipp_ground_truth,estimated,1961,163.33333333333337,0.5545322983970825
bb_ipp_ground_truth,estimated,1962,163.41666666666663,0.5545534041829057
bb_ipp_ground_truth,estimated,1963,163.5,0.5545760227553053
bb_ipp_ground_truth,estimated,1964,163.58333333333337,0.554621612717789
bb_ipp_ground_truth,estimated,1965,163.66666666666663,0.5546755035687996
bb_ipp_ground_truth,estimated,1966,163.75,0.5547100139502659
bb_ipp_ground_truth,estimated,1967,163.83333333333337,0.5547164622813199
bb_ipp_ground_truth,estimated,1968,163.91666666666663,0.5547067159420618
bb_ipp_ground_truth,estimated,1969,164.0,0.5546962331298573
bb_ipp_ground_truth,estimated,1970,164.08333333333337,0.5546780885086928
bb_ipp_ground_truth,estimated,1971,164.16666666666663,0.5546314033565702
bb_ipp_ground_truth,estimated,1972,164.25,0.5545762195801144
bb_ipp_ground_truth,estimated,1973,164.33333333333337,0.5545300023813989
bb_ipp_ground_truth,estimated,1974,164.41666666666663,0.5544770887647607
bb_ipp_ground_truth,estimated,1975,164.5,0.5544101492292195
bb_ipp_ground_truth,estimated,1976,164.58333333333337,0.5543355977808828
bb_ipp_ground_truth,estimated,1977,164.66666666666663,0.5542616497730248
bb_ipp_ground_truth,estimated,1978,164.75,0.5541886995440868
bb_ipp_ground_truth,estimated,1979,164.83333333333337,0.5541002456104114
bb_ipp_ground_truth,estimated,1980,164.91666666666663,0.5539821927179828
bb_ipp_ground_truth,estimated,1981,165.0,0.5538580039173249
bb_ipp_ground_truth,estimated,1982,165.08333333333337,0.5537677563775479
bb_ipp_ground_truth,estimated,1983,165.16666666666663,0.5536992158028432
bb_ipp_ground_truth,estimated,1984,165.25,0.5536146315163588
bb_ipp_ground_truth,estimated,1985,165.33333333333337,0.5535145693769371
bb_ipp_ground_truth,estimated,1986,165.41666666666663,0.5534338082083851
bb_ipp_ground_truth,estimated,1987,165.5,0.5533735073396916
bb_ipp_ground_truth,estimated,1988,165.58333333333337,0.5533104917924226
bb_ipp_ground_truth,estimated,1989,165.66666666666663,0.5532263230402789
bb_ipp_ground_truth,estimated,1990,165.75,0.5531223776386055
bb_ipp_ground_truth,estimated,1991,165.83333333333337,0.5530243028301148
bb_ipp_ground_truth,estimated,1992,165.91666666666663,0.5529443766150592
bb_ipp_ground_truth,estimated,1993,166.0,0.5528688872123888
bb_ipp_ground_truth,estimated,1994,166.08333333333337,0.552789149567248
bb_ipp_ground_truth,estimated,1995,166.16666666666663,0.5527172996242575
bb_ipp_ground_truth,estimated,1996,166.25,0.5526490254600159
bb_ipp_ground_truth,estimated,1997,166.33333333333337,0.5525722883706198
bb_ipp_ground_truth,estimated,1998,166.41666666666663,0.5524996312028957
bb_ipp_ground_truth,estimated,1999,166.5,0.5524439924266988
bb_ipp_ground_truth,estimated,2000,166.58333333333337,0.5523991153709206
bb_ipp_ground_truth,estimated,2001,166.66666666666663,0.5523491134801177
bb_ipp_ground_truth,estimated,2002,166.75,0.552279804045557
bb_ipp_ground_truth,estimated,2003,166.83333333333337,0.5521947088782211
bb_ipp_ground_truth,estimated,2004,166.91666666666663,0.5521193781308211
bb_ipp_ground_truth,estimated,2005,167.0,0.5520601129384433
bb_ipp_ground_truth,estimated,2006,167.08333333333337,0.5519996223379503
bb_ipp_ground_truth,estimated,2007,167.16666666666663,0.5519330246088433
bb_ipp_ground_truth,estimated,2008,167.25,0.5518836810973298
bb_ipp_ground_truth,estimated,2009,167.33333333333337,0.551857343787945
bb_ipp_ground_truth,estimated,2010,167.41666666666663,0.5518335216231326
bb_ipp_ground_truth,estimated,2011,167.5,0.5518008884573491
bb_ipp_ground_truth,estimated,2012,167.58333333333337,0.5517683300414922
bb_ipp_ground_truth,estimated,2013,167.66666666666663,0.5517445120364172
bb_ipp_ground_truth,estimated,2014,167.75,0.5517254417666895
bb_ipp_ground_truth,estimated,2015,167.83333333333337,0.5516890794826732
bb_ipp_ground_truth,estimated,2016,167.91666666666663,0.5516259860561091
bb_ipp_ground_truth,estimated,2017,168.0,0.5515884867156726
bb_ipp_ground_truth,estimated,2018,168.08333333333337,0.551595361824989
bb_ipp_ground_truth,estimated,2019,168.16666666666663,0.5516185546208107
bb_ipp_ground_truth,estimated,2020,168.25,0.5516331335367938
bb_ipp_ground_truth,estimated,2021,168.33333333333337,0.5516313921944554
bb_ipp_ground_truth,estimated,2022,168.41666666666663,0.5516277979628155
bb_ipp_ground_truth,estimated,2023,168.5,0.5516396445516268
bb_ipp_ground_truth,estimated,2024,168.58333333333337,0.5516519163666626
bb_ipp_ground_truth,estimated,2025,168.66666666666663,0.5516358438834666
bb_ipp_ground_truth,estimated,2026,168.75,0.5516222391970709
bb_ipp_ground_truth,estimated,2027,168.83333333333337,0.551655450296107
bb_ipp_ground_truth,estimated,2028,168.91666666666663,0.551710894881196
bb_ipp_ground_truth,estimated,2029,169.0,0.5517397512656057
bb_ipp_ground_truth,estimated,2030,169.08333333333337,0.5517573060027593
bb_ipp_ground_truth,estimated,2031,169.16666666666663,0.5518116334212074
bb_ipp_ground_truth,estimated,2032,169.25,0.5518926861708745
bb_ipp_ground_truth,estimated,2033,169.33333333333337,0.5519705394290063
bb_ipp_ground_truth,estimated,2034,169.41666666666663,0.5520399840948883
bb_ipp_ground_truth,estimated,2035,169.5,0.5521126092620843
bb_ipp_ground_truth,estimated,2036,169.58333333333337,0.5522005599139662
bb_ipp_ground_truth,estimated,2037,169.66666666666663,0.5522964670656921
bb_ipp_ground_truth,estimated,2038,169.75,0.5523705465595714
bb_ipp_ground_truth,estimated,2039,169.83333333333337,0.5524254126631841
bb_ipp_ground_truth,estimated,2040,169.91666666666663,0.5525206525547698
bb_ipp_ground_truth,estimated,2041,170.0,0.5526568560987425
bb_ipp_ground_truth,estimated,2042,170.08333333333337,0.5527969062374369
bb_ipp_ground_truth,estimated,2043,170.16666666666663,0.5529135933417556
bb_ipp_ground_truth,estimated,2044,170.25,0.5530060852475944
bb_ipp_ground_truth,estimated,2045,170.33333333333337,0.5530947474447057
bb_ipp_ground_truth,estimated,2046,170.41666666666663,0.5531844904623153
bb_ipp_ground_truth,estimated,2047,170.5,0.5532558041579961
bb_ipp_ground_truth,estimated,2048,170.58333333333337,0.5533002467471771
bb_ipp_ground_truth,estimated,2049,170.66666666666663,0.5533533766809522
bb_ipp_ground_truth,estimated,2050,170.75,0.5534325497333045
bb_ipp_ground_truth,estimated,2051,170.83333333333337,0.5535062935537495
bb_ipp_ground_truth,estimated,2052,170.91666666666663,0.5535504628606379
bb_ipp_ground_truth,estimated,2053,171.0,0.5535908962219317
bb_ipp_ground_truth,estimated,2054,171.08333333333337,0.5536461757701064
bb_ipp_ground_truth,estimated,2055,171.16666666666663,0.5537028055566099
bb_ipp_ground_truth,estimated,2056,171.25,0.5537396338437378
bb_ipp_ground_truth,estimated,2057,171.33333333333337,0.5537474818929885
bb_ipp_ground_truth,estimated,2058,171.41666666666663,0.5537403556781599
bb_ipp_ground_truth,estimated,2059,171.5,0.5537374784626647
bb_ipp_ground_truth,estimated,2060,171.58333333333337,0.5537357638350736
bb_ipp_ground_truth,estimated,2061,171.66666666666663,0.5537243844627762
bb_ipp_ground_truth,estimated,2062,171.75,0.553709413412076
bb_ipp_ground_truth,estimated,2063,171.83333333333337,0.5536904856496647
bb_ipp_ground_truth,estimated,2064,171.91666666666663,0.5536498146510037
bb_ipp_ground_truth,estimated,2065,172.0,0.5536029786930807
bb_ipp_ground_truth,estimated,2066,172.08333333333337,0.5535732488494434
bb_ipp_ground_truth,estimated,2067,172.16666666666663,0.5535551439385004
bb_ipp_ground_truth,estimated,2068,172.25,0.553532400043459
bb_ipp_ground_truth,estimated,2069,172.33333333333337,0.5534888463078098
bb_ipp_ground_truth,estimated,2070,172.41666666666663,0.5534281011739651
bb_ipp_ground_truth,estimated,2071,172.5,0.553373554846228
bb_ipp_ground_truth,estimated,2072,172.58333333333337,0.5533290055974809
bb_ipp_ground_truth,estimated,2073,172.66666666666663,0.5532783263008751
bb_ipp_ground_truth,estimated,2074,172.75,0.5532145401336626
bb_ipp_ground_truth,estimated,2075,172.83333333333337,0.5531563049534435
bb_ipp_ground_truth,estimated,2076,172.91666666666663,0.5531123423056206
bb_ipp_ground_truth,estimated,2077,173.0,0.5530678904336009
bb_ipp_ground_truth,estimated,2078,173.08333333333337,0.5529970484281765
bb_ipp_ground_truth,estimated,2079,173.16666666666663,0.5528935849058797
bb_ipp_ground_truth,estimated,2080,173.25,0.5527915573894902
bb_ipp_ground_truth,estimated,2081,173.33333333333337,0.5527100954063485
bb_ipp_ground_truth,estimated,2082,173.41666666666663,0.5526371266619835
bb_ipp_ground_truth,estimated,2083,173.5,0.5525602549716796
bb_ipp_ground_truth,estimated,2084,173.58333333333337,0.5524789290038302
bb_ipp_ground_truth,estimated,2085,173.66666666666663,0.5523819744266354
bb_ipp_ground_truth,estimated,2086,173.75,0.5522747735140664
bb_ipp_ground_truth,estimated,2087,173.83333333333337,0.552184696865552
bb_ipp_ground_truth,estimated,2088,173.91666666666663,0.5521148362309125
bb_ipp_ground_truth,estimated,2089,174.0,0.5520500580157203
bb_ipp_ground_truth,estimated,2090,174.08333333333337,0.5519726193051987
bb_ipp_ground_truth,estimated,2091,174.16666666666663,0.5518748328415264
bb_ipp_ground_truth,estimated,2092,174.25,0.5517745533742714
bb_ipp_ground_truth,estimated,2093,174.33333333333337,0.5516891436795809
bb_ipp_ground_truth,estimated,2094,174.41666666666663,0.5516108662489289
bb_ipp_ground_truth,estimated,2095,174.5,0.5515247372294418
bb_ipp_ground_truth,estimated,2096,174.58333333333337,0.5514422598433276
bb_ipp_ground_truth,estimated,2097,174.66666666666663,0.5513805778103492
bb_ipp_ground_truth,estimated,2098,174.75,0.5513319480981317
bb_ipp_ground_truth,estimated,2099,174.83333333333337,0.5512783966104031
bb_ipp_ground_truth,estimated,2100,174.91666666666663,0.5512187371845458
bb_ipp_ground_truth,estimated,2101,175.0,0.5511627198379319
bb_ipp_ground_truth,estimated,2102,175.08333333333337,0.5511164800616483
bb_ipp_ground_truth,estimated,2103,175.16666666666663,0.5510710129163493
bb_ipp_ground_truth,estimated,2104,175.25,0.5510049095223372
bb_ipp_ground_truth,estimated,2105,175.33333333333337,0.5509371585812648
bb_ipp_ground_truth,estimated,2106,175.41666666666663,0.5509049542905397
bb_ipp_ground_truth,estimated,2107,175.5,0.5508970760796125
bb_ipp_ground_truth,estimated,2108,175.58333333333337,0.5508903229677264
bb_ipp_ground_truth,estimated,2109,175.66666666666663,0.5508752266933923
bb_ipp_ground_truth,estimated,2110,175.75,0.55085505424395
bb_ipp_ground_truth,estimated,2111,175.83333333333337,0.5508472082245969
bb_ipp_ground_truth,estimated,2112,175.91666666666663,0.550854836204589
bb_ipp_ground_truth,estimated,2113,176.0,0.5508480535381213
bb_ipp_ground_truth,estimated,2114,176.08333333333337,0.5508165167042991
bb_ipp_ground_truth,estimated,2115,176.16666666666663,0.5508208306847946
bb_ipp_ground_truth,estimated,2116,176.25,0.5508728689255838
bb_ipp_ground_truth,estimated,2117,176.33333333333337,0.5509267733993017
bb_ipp_ground_truth,estimated,2118,176.41666666666663,0.550940134237612
bb_ipp_ground_truth,estimated,2119,176.5,0.5509808252508172
bb_ipp_ground_truth,estimated,2120,176.58333333333337,0.5510784712427298
bb_ipp_ground_truth,estimated,2121,176.66666666666663,0.551187438398917
bb_ipp_ground_truth,estimated,2122,176.75,0.5512681100456754
bb_ipp_ground_truth,estimated,2123,176.83333333333337,0.5513526728957547
bb_ipp_ground_truth,estimated,2124,176.91666666666663,0.5514753676946914
bb_ipp_ground_truth,estimated,2125,177.0,0.5516220810110041
bb_ipp_ground_truth,estimated,2126,177.08333333333337,0.5517642213505554
bb_ipp_ground_truth,estimated,2127,177.16666666666663,0.55187274743366
bb_ipp_ground_truth,estimated,2128,177.25,0.5519390546318956
bb_ipp_ground_truth,estimated,2129,177.33333333333337,0.5520448141588629
bb_ipp_ground_truth,estimated,2130,177.41666666666663,0.5522074969916793
bb_ipp_ground_truth,estimated,2131,177.5,0.5523917643730168
bb_ipp_ground_truth,estimated,2132,177.58333333333337,0.5525648282093578
bb_ipp_ground_truth,estimated,2133,177.66666666666663,0.5526932287107023
bb_ipp_ground_truth,estimated,2134,177.75,0.5527676203861465
bb_ipp_ground_truth,estimated,2135,177.83333333333337,0.5528840548483769
bb_ipp_ground_truth,estimated,2136,177.91666666666663,0.5530662540427159
bb_ipp_ground_truth,estimated,2137,178.0,0.5532458312734689
bb_ipp_ground_truth,estimated,2138,178.08333333333337,0.55335754107601
bb_ipp_ground_truth,estimated,2139,178.16666666666663,0.553457054745759
bb_ipp_ground_truth,estimated,2140,178.25,0.5535973621057971
bb_ipp_ground_truth,estimated,2141,178.33333333333337,0.5537436094186861
bb_ipp_ground_truth,estimated,2142,178.41666666666663,0.5538294210249377
bb_ipp_ground_truth,estimated,2143,178.5,0.5538686440409268
bb_ipp_ground_truth,estimated,2144,178.58333333333337,0.5539559463225114
bb_ipp_ground_truth,estimated,2145,178.66666666666663,0.5540688159006556
bb_ipp_ground_truth,estimated,2146,178.75,0.5541586471369769
bb_ipp_ground_truth,estimated,2147,178.83333333333337,0.5542251583543032
bb_ipp_ground_truth,estimated,2148,178.91666666666663,0.5542946565501323
bb_ipp_ground_truth,estimated,2149,179.0,0.55436633824737
bb_ipp_ground_truth,estimated,2150,179.08333333333337,0.554430070830331
bb_ipp_ground_truth,estimated,2151,179.16666666666663,0.5544712040568186
bb_ipp_ground_truth,estimated,2152,179.25,0.5544678082403877
bb_ipp_ground_truth,estimated,2153,179.33333333333337,0.5544585822863849
bb_ipp_ground_truth,estimated,2154,179.41666666666663,0.5544719278030046
bb_ipp_ground_truth,estimated,2155,179.5,0.5544810704394706
bb_ipp_ground_truth,estimated,2156,179.58333333333337,0.5544632986770635
bb_ipp_ground_truth,estimated,2157,179.66666666666663,0.5544328970622392
bb_ipp_ground_truth,estimated,2158,179.75,0.5544072799235421
bb_ipp_ground_truth,estimated,2159,179.83333333333337,0.5543838642560707
bb_ipp_ground_truth,estimated,2160,179.91666666666663,0.554346416968757
bb_ipp_ground_truth,estimated,2161,180.0,0.5542875983417661
bb_ipp_ground_truth,estimated,2162,180.08333333333337,0.5542221018658099
bb_ipp_ground_truth,estimated,2163,180.16666666666663,0.5541615809494403
bb_ipp_ground_truth,estimated,2164,180.25,0.5540934030309839
bb_ipp_ground_truth,estimated,2165,180.33333333333337,0.5540071042900261
bb_ipp_ground_truth,estimated,2166,180.41666666666663,0.5539091044687847
bb_ipp_ground_truth,estimated,2167,180.5,0.5538140375531572
bb_ipp_ground_truth,estimated,2168,180.58333333333337,0.5537247505911324
bb_ipp_ground_truth,estimated,2169,180.66666666666663,0.5536192027774686
bb_ipp_ground_truth,estimated,2170,180.75,0.5534735437337724
bb_ipp_ground_truth,estimated,2171,180.83333333333337,0.5533533131036997
bb_ipp_ground_truth,estimated,2172,180.91666666666663,0.5532795157158357
bb_ipp_ground_truth,estimated,2173,181.0,0.5532212671177003
bb_ipp_ground_truth,estimated,2174,181.08333333333337,0.5531533128942141
bb_ipp_ground_truth,estimated,2175,181.16666666666663,0.5530589004821774
bb_ipp_ground_truth,estimated,2176,181.25,0.5529181479485324
bb_ipp_ground_truth,estimated,2177,181.33333333333337,0.5527815703654356
bb_ipp_ground_truth,estimated,2178,181.41666666666663,0.5526906686083618
bb_ipp_ground_truth,estimated,2179,181.5,0.5526225149644142
bb_ipp_ground_truth,estimated,2180,181.58333333333337,0.5525507765395596
bb_ipp_ground_truth,estimated,2181,181.66666666666663,0.5524704928700447
bb_ipp_ground_truth,estimated,2182,181.75,0.5523916056312214
bb_ipp_ground_truth,estimated,2183,181.83333333333337,0.5523234374581838
bb_ipp_ground_truth,estimated,2184,181.91666666666663,0.5522623003139191
bb_ipp_ground_truth,estimated,2185,182.0,0.5521945280857629
bb_ipp_ground_truth,estimated,2186,182.08333333333337,0.5521199455421301
bb_ipp_ground_truth,estimated,2187,182.16666666666663,0.5520574271863162
bb_ipp_ground_truth,estimated,2188,182.25,0.5520079279096122
bb_ipp_ground_truth,estimated,2189,182.33333333333337,0.5519554201750596
bb_ipp_ground_truth,estimated,2190,182.41666666666663,0.5518966733122387
bb_ipp_ground_truth,estimated,2191,182.5,0.5518442497291137
bb_ipp_ground_truth,estimated,2192,182.58333333333337,0.5518069280976271
bb_ipp_ground_truth,estimated,2193,182.66666666666663,0.551776620177097
bb_ipp_ground_truth,estimated,2194,182.75,0.5517293087099807
bb_ipp_ground_truth,estimated,2195,182.83333333333337,0.5516532724711106
bb_ipp_ground_truth,estimated,2196,182.91666666666663,0.5516251898961703
bb_ipp_ground_truth,estimated,2197,183.0,0.5516444787193859
bb_ipp_ground_truth,estimated,2198,183.08333333333337,0.5516775947389886
bb_ipp_ground_truth,estimated,2199,183.16666666666663,0.5517018107303762
bb_ipp_ground_truth,estimated,2200,183.25,0.5516938522809265
bb_ipp_ground_truth,estimated,2201,183.33333333333337,0.5516347166680681
bb_ipp_ground_truth,estimated,2202,183.41666666666663,0.5516211649877312
bb_ipp_ground_truth,estimated,2203,183.5,0.5516751712917991
bb_ipp_ground_truth,estimated,2204,183.58333333333337,0.5517586524172063
bb_ipp_ground_truth,estimated,2205,183.66666666666663,0.5518312645809125
bb_ipp_ground_truth,estimated,2206,183.75,0.5518856023463108
bb_ipp_ground_truth,estimated,2207,183.83333333333337,0.5519402699033571
bb_ipp_ground_truth,estimated,2208,183.91666666666663,0.5520086246018323
bb_ipp_ground_truth,estimated,2209,184.0,0.5520759320696205
bb_ipp_ground_truth,estimated,2210,184.08333333333337,0.5521256179151987
bb_ipp_ground_truth,estimated,2211,184.16666666666663,0.5521839914133253
bb_ipp_ground_truth,estimated,2212,184.25,0.552278066784122
bb_ipp_ground_truth,estimated,2213,184.33333333333337,0.5523905794652728
bb_ipp_ground_truth,estimated,2214,184.41666666666663,0.5524964228353964
bb_ipp_ground_truth,estimated,2215,184.5,0.5526001998295583
bb_ipp_ground_truth,estimated,2216,184.58333333333337,0.5527182144769497
bb_ipp_ground_truth,estimated,2217,184.66666666666663,0.5528467166226847
bb_ipp_ground_truth,estimated,2218,184.75,0.5529485790844758
bb_ipp_ground_truth,estimated,2219,184.83333333333337,0.5529757662338185
bb_ipp_ground_truth,estimated,2220,184.91666666666663,0.5530203312868838
bb_ipp_ground_truth,estimated,2221,185.0,0.5531639685935916
bb_ipp_ground_truth,estimated,2222,185.08333333333337,0.5533683039649978
bb_ipp_ground_truth,estimated,2223,185.16666666666663,0.5535687666627187
bb_ipp_ground_truth,estimated,2224,185.25,0.5537141615317285
bb_ipp_ground_truth,estimated,2225,185.33333333333337,0.5537809793244737
bb_ipp_ground_truth,estimated,2226,185.41666666666663,0.5538540638627324
bb_ipp_ground_truth,estimated,2227,185.5,0.5540055815169753
bb_ipp_ground_truth,estimated,2228,185.58333333333337,0.5542005096534499
bb_ipp_ground_truth,estimated,2229,185.66666666666663,0.5543805950040994
bb_ipp_ground_truth,estimated,2230,185.75,0.5545447882755412
bb_ipp_ground_truth,estimated,2231,185.83333333333337,0.5547201850434559
bb_ipp_ground_truth,estimated,2232,185.91666666666663,0.554907509419396
bb_ipp_ground_truth,estimated,2233,186.0,0.5550816764900713
bb_ipp_ground_truth,estimated,2234,186.08333333333337,0.5552250910736908
bb_ipp_ground_truth,estimated,2235,186.16666666666663,0.555357243062962
bb_ipp_ground_truth,estimated,2236,186.25,0.5554991316023791
bb_ipp_ground_truth,estimated,2237,186.33333333333337,0.5556369181801322
bb_ipp_ground_truth,estimated,2238,186.41666666666663,0.5557482935276874
bb_ipp_ground_truth,estimated,2239,186.5,0.5558341912883256
bb_ipp_ground_truth,estimated,2240,186.58333333333337,0.5559140800240484
bb_ipp_ground_truth,estimated,2241,186.66666666666663,0.5559922848819638
bb_ipp_ground_truth,estimated,2242,186.75,0.5560391768219304
bb_ipp_ground_truth,estimated,2243,186.83333333333337,0.5560335342854059
bb_ipp_ground_truth,estimated,2244,186.91666666666663,0.556042008568265
bb_ipp_ground_truth,estimated,2245,187.0,0.5560956267898696
bb_ipp_ground_truth,estimated,2246,187.08333333333337,0.5561663396913854
bb_ipp_ground_truth,estimated,2247,187.16666666666663,0.5562187676208673
bb_ipp_ground_truth,estimated,2248,187.25,0.5562318058844405
bb_ipp_ground_truth,estimated,2249,187.33333333333337,0.5562021600221944
bb_ipp_ground_truth,estimated,2250,187.41666666666663,0.5561807643369063
bb_ipp_ground_truth,estimated,2251,187.5,0.5561820548561681
bb_ipp_ground_truth,estimated,2252,187.58333333333337,0.5561772599358296
bb_ipp_ground_truth,estimated,2253,187.66666666666663,0.556152955370551
bb_ipp_ground_truth,estimated,2254,187.75,0.5561353113156304
bb_ipp_ground_truth,estimated,2255,187.83333333333337,0.5561371859513221
bb_ipp_ground_truth,estimated,2256,187.91666666666663,0.5561437561178547
bb_ipp_ground_truth,estimated,2257,188.0,0.5561330835196583
bb_ipp_ground_truth,estimated,2258,188.08333333333337,0.5561030904915752
bb_ipp_ground_truth,estimated,2259,188.16666666666663,0.5560713347719649
bb_ipp_ground_truth,estimated,2260,188.25,0.5560398399735837
bb_ipp_ground_truth,estimated,2261,188.33333333333337,0.5559892959215078
bb_ipp_ground_truth,estimated,2262,188.41666666666663,0.5559046347060541
bb_ipp_ground_truth,estimated,2263,188.5,0.5557977540520135
bb_ipp_ground_truth,estimated,2264,188.58333333333337,0.5556954544334121
bb_ipp_ground_truth,estimated,2265,188.66666666666663,0.5555995183640327
bb_ipp_ground_truth,estimated,2266,188.75,0.5554866068341044
bb_ipp_ground_truth,estimated,2267,188.83333333333337,0.5553577168171702
bb_ipp_ground_truth,estimated,2268,188.91666666666663,0.5552393001273299
bb_ipp_ground_truth,estimated,2269,189.0,0.5551276441769264
bb_ipp_ground_truth,estimated,2270,189.08333333333337,0.5550110120391554
bb_ipp_ground_truth,estimated,2271,189.16666666666663,0.554885503971945
bb_ipp_ground_truth,estimated,2272,189.25,0.5547497365125269
bb_ipp_ground_truth,estimated,2273,189.33333333333337,0.5546147417355943
bb_ipp_ground_truth,estimated,2274,189.41666666666663,0.5544897175588235
bb_ipp_ground_truth,estimated,2275,189.5,0.5543540778397776
bb_ipp_ground_truth,estimated,2276,189.58333333333337,0.5541873366386775
bb_ipp_ground_truth,estimated,2277,189.66666666666663,0.5540385670304637
bb_ipp_ground_truth,estimated,2278,189.75,0.5539330102251211
bb_ipp_ground_truth,estimated,2279,189.83333333333337,0.5538443992545681
bb_ipp_ground_truth,estimated,2280,189.91666666666663,0.5537406740851314
bb_ipp_ground_truth,estimated,2281,190.0,0.5536249098635222
bb_ipp_ground_truth,estimated,2282,190.08333333333337,0.5535285835254836
bb_ipp_ground_truth,estimated,2283,190.16666666666663,0.5534541515665321
bb_ipp_ground_truth,estimated,2284,190.25,0.5533715437198747
bb_ipp_ground_truth,estimated,2285,190.33333333333337,0.5532566287029116
bb_ipp_ground_truth,estimated,2286,190.41666666666663,0.5531511106341375
bb_ipp_ground_truth,estimated,2287,190.5,0.5530890929156451
bb_ipp_ground_truth,estimated,2288,190.58333333333337,0.5530498287516149
bb_ipp_ground_truth,estimated,2289,190.66666666666663,0.5530051004895987
bb_ipp_ground_truth,estimated,2290,190.75,0.5529602428906215
bb_ipp_ground_truth,estimated,2291,190.83333333333337,0.5529292764024295
bb_ipp_ground_truth,estimated,2292,190.91666666666663,0.5529092782911635
bb_ipp_ground_truth,estimated,2293,191.0,0.5528940583033871
bb_ipp_ground_truth,estimated,2294,191.08333333333337,0.5528660882188915
bb_ipp_ground_truth,estimated,2295,191.16666666666663,0.5528160906518916
bb_ipp_ground_truth,estimated,2296,191.25,0.5527886514383528
bb_ipp_ground_truth,estimated,2297,191.33333333333337,0.5527922227193456
bb_ipp_ground_truth,estimated,2298,191.41666666666663,0.5527992119013454
bb_ipp_ground_truth,estimated,2299,191.5,0.5527946581595348
bb_ipp_ground_truth,estimated,2300,191.58333333333337,0.5527916741530456
bb_ipp_ground_truth,estimated,2301,191.66666666666663,0.5528040707231997
bb_ipp_ground_truth,estimated,2302,191.75,0.552829270848601
bb_ipp_ground_truth,estimated,2303,191.83333333333337,0.5528502750488973
bb_ipp_ground_truth,estimated,2304,191.91666666666663,0.5528621326183711
bb_ipp_ground_truth,estimated,2305,192.0,0.5528871244590688
bb_ipp_ground_truth,estimated,2306,192.08333333333337,0.5529348947591061
bb_ipp_ground_truth,estimated,2307,192.16666666666663,0.5529889235555481
bb_ipp_ground_truth,estimated,2308,192.25,0.5530398251722246
bb_ipp_ground_truth,estimated,2309,192.33333333333337,0.5531035200550961
bb_ipp_ground_truth,estimated,2310,192.41666666666663,0.5531984725636998
bb_ipp_ground_truth,estimated,2311,192.5,0.5533181073664747
bb_ipp_ground_truth,estimated,2312,192.58333333333337,0.5534289988154125
bb_ipp_ground_truth,estimated,2313,192.66666666666663,0.5535074361477033
bb_ipp_ground_truth,estimated,2314,192.75,0.5536027732574528
bb_ipp_ground_truth,estimated,2315,192.83333333333337,0.5537393506137914
bb_ipp_ground_truth,estimated,2316,192.91666666666663,0.5538870205970142
bb_ipp_ground_truth,estimated,2317,193.0,0.5540283338873584
bb_ipp_ground_truth,estimated,2318,193.08333333333337,0.5541610790887331
bb_ipp_ground_truth,estimated,2319,193.16666666666663,0.5542556435545515
bb_ipp_ground_truth,estimated,2320,193.25,0.5543178197514116
bb_ipp_ground_truth,estimated,2321,193.33333333333337,0.554420806740667
bb_ipp_ground_truth,estimated,2322,193.41666666666663,0.5545662405332772
bb_ipp_ground_truth,estimated,2323,193.5,0.5547152570522256
bb_ipp_ground_truth,estimated,2324,193.58333333333337,0.5548398924951385
bb_ipp_ground_truth,estimated,2325,193.66666666666663,0.5549408850821623
bb_ipp_ground_truth,estimated,2326,193.75,0.5550443896721465
bb_ipp_ground_truth,estimated,2327,193.83333333333337,0.555160267753742
bb_ipp_ground_truth,estimated,2328,193.91666666666663,0.5552645662103709
bb_ipp_ground_truth,estimated,2329,194.0,0.5553447480629106
bb_ipp_ground_truth,estimated,2330,194.08333333333337,0.5554304066425674
bb_ipp_ground_truth,estimated,2331,194.16666666666663,0.5555366924124182
bb_ipp_ground_truth,estimated,2332,194.25,0.5556443088809231
bb_ipp_ground_truth,estimated,2333,194.33333333333337,0.555733809884287
bb_ipp_ground_truth,estimated,2334,194.41666666666663,0.5558122928063967
bb_ipp_ground_truth,estimated,2335,194.5,0.5558940695335922
bb_ipp_ground_truth,estimated,2336,194.58333333333337,0.5559763851837305
bb_ipp_ground_truth,estimated,2337,194.66666666666663,0.5560298108248846
bb_ipp_ground_truth,estimated,2338,194.75,0.5560264705120609
bb_ipp_ground_truth,estimated,2339,194.83333333333337,0.5560434185673959
bb_ipp_ground_truth,estimated,2340,194.91666666666663,0.5561101351273684
bb_ipp_ground_truth,estimated,2341,195.0,0.5561908921759289
bb_ipp_ground_truth,estimated,2342,195.08333333333337,0.5562534116227351
bb_ipp_ground_truth,estimated,2343,195.16666666666663,0.5562772863915398
bb_ipp_ground_truth,estimated,2344,195.25,0.5562569472499916
bb_ipp_ground_truth,estimated,2345,195.33333333333337,0.5562410536921608
bb_ipp_ground_truth,estimated,2346,195.41666666666663,0.5562467673768333
bb_ipp_ground_truth,estimated,2347,195.5,0.5562393215491154
bb_ipp_ground_truth,estimated,2348,195.58333333333337,0.5561959859862645
bb_ipp_ground_truth,estimated,2349,195.66666666666663,0.5561562268450583
bb_ipp_ground_truth,estimated,2350,195.75,0.5561434707363601
bb_ipp_ground_truth,estimated,2351,195.83333333333337,0.5561352510273225
bb_ipp_ground_truth,estimated,2352,195.91666666666663,0.5560976389064306
bb_ipp_ground_truth,estimated,2353,196.0,0.5560345919845764
bb_ipp_ground_truth,estimated,2354,196.08333333333337,0.5559761588559687
bb_ipp_ground_truth,estimated,2355,196.16666666666663,0.5559234511722414
bb_ipp_ground_truth,estimated,2356,196.25,0.5558496477513625
bb_ipp_ground_truth,estimated,2357,196.33333333333337,0.5557258850587304
bb_ipp_ground_truth,estimated,2358,196.41666666666663,0.5556086042725964
bb_ipp_ground_truth,estimated,2359,196.5,0.5555370515985778
bb_ipp_ground_truth,estimated,2360,196.58333333333337,0.555486810242379
bb_ipp_ground_truth,estimated,2361,196.66666666666663,0.5554279792521664
bb_ipp_ground_truth,estimated,2362,196.75,0.5553515866085197
bb_ipp_ground_truth,estimated,2363,196.83333333333337,0.5552543599676261
bb_ipp_ground_truth,estimated,2364,196.91666666666663,0.5551441446890625
bb_ipp_ground_truth,estimated,2365,197.0,0.5550436751566012
bb_ipp_ground_truth,estimated,2366,197.08333333333337,0.5549599538966894
bb_ipp_ground_truth,estimated,2367,197.16666666666663,0.554886367674814
bb_ipp_ground_truth,estimated,2368,197.25,0.5548141609501056
bb_ipp_ground_truth,estimated,2369,197.33333333333337,0.5547212860665889
bb_ipp_ground_truth,estimated,2370,197.41666666666663,0.5545904016699768
bb_ipp_ground_truth,estimated,2371,197.5,0.5544936597489564
bb_ipp_ground_truth,estimated,2372,197.58333333333337,0.5544358843854736
bb_ipp_ground_truth,estimated,2373,197.66666666666663,0.5543785019681421
bb_ipp_ground_truth,estimated,2374,197.75,0.554291414298905
bb_ipp_ground_truth,estimated,2375,197.83333333333337,0.5541958888045123
bb_ipp_ground_truth,estimated,2376,197.91666666666663,0.5541238770925504
bb_ipp_ground_truth,estimated,2377,198.0,0.5540664653933195
bb_ipp_ground_truth,estimated,2378,198.08333333333337,0.5539902423969721
bb_ipp_ground_truth,estimated,2379,198.16666666666663,0.5538854853245262
bb_ipp_ground_truth,estimated,2380,198.25,0.5538040450407042
bb_ipp_ground_truth,estimated,2381,198.33333333333337,0.5537541663135338
bb_ipp_ground_truth,estimated,2382,198.41666666666663,0.553707127775062
bb_ipp_ground_truth,estimated,2383,198.5,0.5536478505507512
bb_ipp_ground_truth,estimated,2384,198.58333333333337,0.5535952556431674
bb_ipp_ground_truth,estimated,2385,198.66666666666663,0.5535573763230652
bb_ipp_ground_truth,estimated,2386,198.75,0.5535251530621179
bb_ipp_ground_truth,estimated,2387,198.83333333333337,0.5534876871950161
bb_ipp_ground_truth,estimated,2388,198.91666666666663,0.55342643686579
bb_ipp_ground_truth,estimated,2389,199.0,0.5533544719528596
bb_ipp_ground_truth,estimated,2390,199.08333333333337,0.5533224918221403
bb_ipp_ground_truth,estimated,2391,199.16666666666663,0.5533241472664535
bb_ipp_ground_truth,estimated,2392,199.25,0.5533310799075728
bb_ipp_ground_truth,estimated,2393,199.33333333333337,0.5533270247001244
bb_ipp_ground_truth,estimated,2394,199.41666666666663,0.5533144447267241
bb_ipp_ground_truth,estimated,2395,199.5,0.5533093428897106
bb_ipp_ground_truth,estimated,2396,199.58333333333337,0.5533166419928295
bb_ipp_ground_truth,estimated,2397,199.66666666666663,0.5533169663271915
bb_ipp_ground_truth,estimated,2398,199.75,0.5533000736431645
bb_ipp_ground_truth,estimated,2399,199.83333333333337,0.5533030110560584
bb_ipp_ground_truth,estimated,2400,199.91666666666663,0.5533399924739292
bb_ipp_ground_truth,estimated,2401,200.0,0.553382725191089
bb_ipp_ground_truth,estimated,2402,200.08333333333337,0.5534102412035152
bb_ipp_ground_truth,estimated,2403,200.16666666666663,0.5534494199570653
bb_ipp_ground_truth,estimated,2404,200.25,0.5535173492070735
bb_ipp_ground_truth,estimated,2405,200.33333333333337,0.5536002696134842
bb_ipp_ground_truth,estimated,2406,200.41666666666663,0.5536750817147736
bb_ipp_ground_truth,estimated,2407,200.5,0.5537333031452109
bb_ipp_ground_truth,estimated,2408,200.58333333333337,0.5537860768301844
bb_ipp_ground_truth,estimated,2409,200.66666666666663,0.5538580158836005
bb_ipp_ground_truth,estimated,2410,200.75,0.5539445098368577
bb_ipp_ground_truth,estimated,2411,200.83333333333337,0.5540304163664239
bb_ipp_ground_truth,estimated,2412,200.91666666666663,0.5541272099854807
bb_ipp_ground_truth,estimated,2413,201.0,0.5542350620716433
bb_ipp_ground_truth,estimated,2414,201.08333333333337,0.5543307328405335
bb_ipp_ground_truth,estimated,2415,201.16666666666663,0.5544253901689429
bb_ipp_ground_truth,estimated,2416,201.25,0.5545400892245114
bb_ipp_ground_truth,estimated,2417,201.33333333333337,0.5546644193679764
bb_ipp_ground_truth,estimated,2418,201.41666666666663,0.5547723528066401
bb_ipp_ground_truth,estimated,2419,201.5,0.5548444662547554
bb_ipp_ground_truth,estimated,2420,201.58333333333337,0.5548945512873382
bb_ipp_ground_truth,estimated,2421,201.66666666666663,0.5549559996199995
bb_ipp_ground_truth,estimated,2422,201.75,0.5550314387724482
bb_ipp_ground_truth,estimated,2423,201.83333333333337,0.5550964109983151
bb_ipp_ground_truth,estimated,2424,201.91666666666663,0.5551522574448868
bb_ipp_ground_truth,estimated,2425,202.0,0.5552234650880451
bb_ipp_ground_truth,estimated,2426,202.08333333333337,0.5553124557160094
bb_ipp_ground_truth,estimated,2427,202.16666666666663,0.555401263102179
bb_ipp_ground_truth,estimated,2428,202.25,0.5554757417065601
bb_ipp_ground_truth,estimated,2429,202.33333333333337,0.5555450898243576
bb_ipp_ground_truth,estimated,2430,202.41666666666663,0.5556241025964088
bb_ipp_ground_truth,estimated,2431,202.5,0.5557063139856835
bb_ipp_ground_truth,estimated,2432,202.58333333333337,0.5557569889074921
bb_ipp_ground_truth,estimated,2433,202.66666666666663,0.5557711350996993
bb_ipp_ground_truth,estimated,2434,202.75,0.555823568897933
bb_ipp_ground_truth,estimated,2435,202.83333333333337,0.5559166235609759
bb_ipp_ground_truth,estimated,2436,202.91666666666663,0.556009586877313
bb_ipp_ground_truth,estimated,2437,203.0,0.55607553475539
bb_ipp_ground_truth,estimated,2438,203.08333333333337,0.5560993979484707
bb_ipp_ground_truth,estimated,2439,203.16666666666663,0.5560955638682313
bb_ipp_ground_truth,estimated,2440,203.25,0.5561078703697896
bb_ipp_ground_truth,estimated,2441,203.33333333333337,0.5561284577403559
bb_ipp_ground_truth,estimated,2442,203.41666666666663,0.5561092689050866
bb_ipp_ground_truth,estimated,2443,203.5,0.5560439868437417
bb_ipp_ground_truth,estimated,2444,203.58333333333337,0.5559914402034289
bb_ipp_ground_truth,estimated,2445,203.66666666666663,0.5559537634899337
bb_ipp_ground_truth,estimated,2446,203.75,0.5558912762247392
bb_ipp_ground_truth,estimated,2447,203.83333333333337,0.5557711428968778
bb_ipp_ground_truth,estimated,2448,203.91666666666663,0.5556550548772698
bb_ipp_ground_truth,estimated,2449,204.0,0.5555785678168468
bb_ipp_ground_truth,estimated,2450,204.08333333333337,0.5555107579019907
bb_ipp_ground_truth,estimated,2451,204.16666666666663,0.5554231576062173
bb_ipp_ground_truth,estimated,2452,204.25,0.5553235268228874
bb_ipp_ground_truth,estimated,2453,204.33333333333337,0.5552299081305747
bb_ipp_ground_truth,estimated,2454,204.41666666666663,0.5551397622248959
bb_ipp_ground_truth,estimated,2455,204.5,0.5550409549459445
bb_ipp_ground_truth,estimated,2456,204.58333333333337,0.5549161931273578
bb_ipp_ground_truth,estimated,2457,204.66666666666663,0.5547618499551683
bb_ipp_ground_truth,estimated,2458,204.75,0.554636583495272
bb_ipp_ground_truth,estimated,2459,204.83333333333337,0.5545517561669909
bb_ipp_ground_truth,estimated,2460,204.91666666666663,0.5544772654865275
bb_ipp_ground_truth,estimated,2461,205.0,0.5543936383572423
bb_ipp_ground_truth,estimated,2462,205.08333333333337,0.5543015536950544
bb_ipp_ground_truth,estimated,2463,205.16666666666663,0.5542105141161964
bb_ipp_ground_truth,estimated,2464,205.25,0.5541247544375006
bb_ipp_ground_truth,estimated,2465,205.33333333333337,0.5540342045466352
bb_ipp_ground_truth,estimated,2466,205.41666666666663,0.5539231465941199
bb_ipp_ground_truth,estimated,2467,205.5,0.5538096789087639
bb_ipp_ground_truth,estimated,2468,205.58333333333337,0.5537219748199318
bb_ipp_ground_truth,estimated,2469,205.66666666666663,0.5536517949205183
bb_ipp_ground_truth,estimated,2470,205.75,0.5535748089179764
bb_ipp_ground_truth,estimated,2471,205.83333333333337,0.55349257212178
bb_ipp_ground_truth,estimated,2472,205.91666666666663,0.5534276552148961
bb_ipp_ground_truth,estimated,2473,206.0,0.5533794134304106
bb_ipp_ground_truth,estimated,2474,206.08333333333337,0.55333101118896
bb_ipp_ground_truth,estimated,2475,206.16666666666663,0.5532673703669647
bb_ipp_ground_truth,estimated,2476,206.25,0.5531889806856817
bb_ipp_ground_truth,estimated,2477,206.33333333333337,0.5531178747490072
bb_ipp_ground_truth,estimated,2478,206.41666666666663,0.5530686841827211
bb_ipp_ground_truth,estimated,2479,206.5,0.5530306952288849
bb_ipp_ground_truth,estimated,2480,206.58333333333337,0.5529945159530559
bb_ipp_ground_truth,estimated,2481,206.66666666666663,0.5529640793257617
bb_ipp_ground_truth,estimated,2482,206.75,0.5529299134555594
bb_ipp_ground_truth,estimated,2483,206.83333333333337,0.5528926447953386
bb_ipp_ground_truth,estimated,2484,206.91666666666663,0.5528744195076064
bb_ipp_ground_truth,estimated,2485,207.0,0.5528805813302787
bb_ipp_ground_truth,estimated,2486,207.08333333333337,0.552898281110707
bb_ipp_ground_truth,estimated,2487,207.16666666666663,0.5529082660164687
bb_ipp_ground_truth,estimated,2488,207.25,0.5529001673656269
bb_ipp_ground_truth,estimated,2489,207.33333333333337,0.5528959214749102
bb_ipp_ground_truth,estimated,2490,207.41666666666663,0.5529203193682042
bb_ipp_ground_truth,estimated,2491,207.5,0.5529606371678794
bb_ipp_ground_truth,estimated,2492,207.58333333333337,0.5529915388282632
bb_ipp_ground_truth,estimated,2493,207.66666666666663,0.5530274674053548
bb_ipp_ground_truth,estimated,2494,207.75,0.5531000506898015
bb_ipp_ground_truth,estimated,2495,207.83333333333337,0.5531986469777361
bb_ipp_ground_truth,estimated,2496,207.91666666666663,0.5532927465771685
bb_ipp_ground_truth,estimated,2497,208.0,0.5533809144623437
bb_ipp_ground_truth,estimated,2498,208.08333333333337,0.5534798870515109
bb_ipp_ground_truth,estimated,2499,208.16666666666663,0.5535928774625838
bb_ipp_ground_truth,estimated,2500,208.25,0.5536997539674102
bb_ipp_ground_truth,estimated,2501,208.33333333333337,0.5537652775492411
bb_ipp_ground_truth,estimated,2502,208.41666666666663,0.5538107911453132
bb_ipp_ground_truth,estimated,2503,208.5,0.553914439911949
bb_ipp_ground_truth,estimated,2504,208.58333333333337,0.5540711479832592
bb_ipp_ground_truth,estimated,2505,208.66666666666663,0.5542394342577236
bb_ipp_ground_truth,estimated,2506,208.75,0.5543843813995447
bb_ipp_ground_truth,estimated,2507,208.83333333333337,0.5545000572151279
bb_ipp_ground_truth,estimated,2508,208.91666666666663,0.5546139523565906
bb_ipp_ground_truth,estimated,2509,209.0,0.55474324762374
bb_ipp_ground_truth,estimated,2510,209.08333333333337,0.5548513072291322
bb_ipp_ground_truth,estimated,2511,209.16666666666663,0.5549032236092196
bb_ipp_ground_truth,estimated,2512,209.25,0.5549784300589828
bb_ipp_ground_truth,estimated,2513,209.33333333333337,0.555115046535407
bb_ipp_ground_truth,estimated,2514,209.41666666666663,0.555257701843391
bb_ipp_ground_truth,estimated,2515,209.5,0.5553340735290744
bb_ipp_ground_truth,estimated,2516,209.58333333333337,0.5553970146749813
bb_ipp_ground_truth,estimated,2517,209.66666666666663,0.5555140675129677
bb_ipp_ground_truth,estimated,2518,209.75,0.555648112194339
bb_ipp_ground_truth,estimated,2519,209.83333333333337,0.5557487801782964
bb_ipp_ground_truth,estimated,2520,209.91666666666663,0.5558229708305059
bb_ipp_ground_truth,estimated,2521,210.0,0.5558970077212079
bb_ipp_ground_truth,estimated,2522,210.08333333333337,0.5559665594163143
bb_ipp_ground_truth,estimated,2523,210.16666666666663,0.5560158967380096
bb_ipp_ground_truth,estimated,2524,210.25,0.5560201013994848
bb_ipp_ground_truth,estimated,2525,210.33333333333337,0.5559729232359496
bb_ipp_ground_truth,estimated,2526,210.41666666666663,0.5559312477835393
bb_ipp_ground_truth,estimated,2527,210.5,0.5559058203398421
bb_ipp_ground_truth,estimated,2528,210.58333333333337,0.555869649057092
bb_ipp_ground_truth,estimated,2529,210.66666666666663,0.5558120845390159
bb_ipp_ground_truth,estimated,2530,210.75,0.5557458152726455
bb_ipp_ground_truth,estimated,2531,210.83333333333337,0.5556832020370974
bb_ipp_ground_truth,estimated,2532,210.91666666666663,0.5556215690813249
bb_ipp_ground_truth,estimated,2533,211.0,0.5555464182057456
bb_ipp_ground_truth,estimated,2534,211.08333333333337,0.5554526270047412
bb_ipp_ground_truth,estimated,2535,211.16666666666663,0.5553596501262505
bb_ipp_ground_truth,estimated,2536,211.25,0.5552835837720568
bb_ipp_ground_truth,estimated,2537,211.33333333333337,0.5552144567591023
bb_ipp_ground_truth,estimated,2538,211.41666666666663,0.5551383298703714
bb_ipp_ground_truth,estimated,2539,211.5,0.5550658036498773
bb_ipp_ground_truth,estimated,2540,211.58333333333337,0.5550160347619574
bb_ipp_ground_truth,estimated,2541,211.66666666666663,0.5549859956711708
bb_ipp_ground_truth,estimated,2542,211.75,0.5549456943249558
bb_ipp_ground_truth,estimated,2543,211.83333333333337,0.5548722969430161
bb_ipp_ground_truth,estimated,2544,211.91666666666663,0.5547876437154735
bb_ipp_ground_truth,estimated,2545,212.0,0.5547315963710922
bb_ipp_ground_truth,estimated,2546,212.08333333333337,0.5546974013105394
bb_ipp_ground_truth,estimated,2547,212.16666666666663,0.5546616494563875
bb_ipp_ground_truth,estimated,2548,212.25,0.5546132747635713
bb_ipp_ground_truth,estimated,2549,212.33333333333337,0.554534831868762
bb_ipp_ground_truth,estimated,2550,212.41666666666663,0.5544132900962881
bb_ipp_ground_truth,estimated,2551,212.5,0.5542909625486463
bb_ipp_ground_truth,estimated,2552,212.58333333333337,0.5542010158393564
bb_ipp_ground_truth,estimated,2553,212.66666666666663,0.5541282584910343
bb_ipp_ground_truth,estimated,2554,212.75,0.5540456156464063
bb_ipp_ground_truth,estimated,2555,212.83333333333337,0.553945998145852
bb_ipp_ground_truth,estimated,2556,212.91666666666663,0.5538464333485301
bb_ipp_ground_truth,estimated,2557,213.0,0.5537585318722337
bb_ipp_ground_truth,estimated,2558,213.08333333333337,0.5536736280654223
bb_ipp_ground_truth,estimated,2559,213.16666666666663,0.5535791290370308
bb_ipp_ground_truth,estimated,2560,213.25,0.5534853943552649
bb_ipp_ground_truth,estimated,2561,213.33333333333337,0.553415753995215
bb_ipp_ground_truth,estimated,2562,213.41666666666663,0.5533668044236094
bb_ipp_ground_truth,estimated,2563,213.5,0.5533038647819882
bb_ipp_ground_truth,estimated,2564,213.58333333333337,0.5532056186236491
bb_ipp_ground_truth,estimated,2565,213.66666666666663,0.5531369711000654
bb_ipp_ground_truth,estimated,2566,213.75,0.5531129817079931
bb_ipp_ground_truth,estimated,2567,213.83333333333337,0.5531052128090789
bb_ipp_ground_truth,estimated,2568,213.91666666666663,0.5530903800452386
bb_ipp_ground_truth,estimated,2569,214.0,0.5530576770857046
bb_ipp_ground_truth,estimated,2570,214.08333333333337,0.5529968445552914
bb_ipp_ground_truth,estimated,2571,214.16666666666663,0.5529342981421139
bb_ipp_ground_truth,estimated,2572,214.25,0.5529064009173944
bb_ipp_ground_truth,estimated,2573,214.33333333333337,0.5529043714961618
bb_ipp_ground_truth,estimated,2574,214.41666666666663,0.5529063264356713
bb_ipp_ground_truth,estimated,2575,214.5,0.5528984343685328
bb_ipp_ground_truth,estimated,2576,214.58333333333337,0.5528817211542582
bb_ipp_ground_truth,estimated,2577,214.66666666666663,0.5528768875258185
bb_ipp_ground_truth,estimated,2578,214.75,0.5528975068214562
bb_ipp_ground_truth,estimated,2579,214.83333333333337,0.5529201623867667
bb_ipp_ground_truth,estimated,2580,214.91666666666663,0.5529242237589791
bb_ipp_ground_truth,estimated,2581,215.0,0.5529438478371147
bb_ipp_ground_truth,estimated,2582,215.08333333333337,0.5529994471595752
bb_ipp_ground_truth,estimated,2583,215.16666666666663,0.5530661764678516
bb_ipp_ground_truth,estimated,2584,215.25,0.5531227651451497
bb_ipp_ground_truth,estimated,2585,215.33333333333337,0.5531863450645005
bb_ipp_ground_truth,estimated,2586,215.41666666666663,0.5532767389217564
bb_ipp_ground_truth,estimated,2587,215.5,0.5533887211850339
bb_ipp_ground_truth,estimated,2588,215.58333333333337,0.5534979784366537
bb_ipp_ground_truth,estimated,2589,215.66666666666663,0.5535720248507008
bb_ipp_ground_truth,estimated,2590,215.75,0.5536424449254348
bb_ipp_ground_truth,estimated,2591,215.83333333333337,0.5537880035675745
bb_ipp_ground_truth,estimated,2592,215.91666666666663,0.5539855699444528
bb_ipp_ground_truth,estimated,2593,216.0,0.5541923106778148
bb_ipp_ground_truth,estimated,2594,216.08333333333337,0.5543842840909221
bb_ipp_ground_truth,estimated,2595,216.16666666666663,0.5545261742583959
bb_ipp_ground_truth,estimated,2596,216.25,0.5546198698496996
bb_ipp_ground_truth,estimated,2597,216.33333333333337,0.5547913824988219
bb_ipp_ground_truth,estimated,2598,216.41666666666663,0.5550393241801288
bb_ipp_ground_truth,estimated,2599,216.5,0.5552977863738406
bb_ipp_ground_truth,estimated,2600,216.58333333333337,0.5555128671759517
bb_ipp_ground_truth,estimated,2601,216.66666666666663,0.5556848842558479
bb_ipp_ground_truth,estimated,2602,216.75,0.5558491113867454
bb_ipp_ground_truth,estimated,2603,216.83333333333337,0.5560187340260934
bb_ipp_ground_truth,estimated,2604,216.91666666666663,0.5561725827731102
bb_ipp_ground_truth,estimated,2605,217.0,0.5563058528251315
bb_ipp_ground_truth,estimated,2606,217.08333333333337,0.5564429516819267
bb_ipp_ground_truth,estimated,2607,217.16666666666663,0.5565945711327921
bb_ipp_ground_truth,estimated,2608,217.25,0.5567352268950218
bb_ipp_ground_truth,estimated,2609,217.33333333333337,0.5568186621987062
bb_ipp_ground_truth,estimated,2610,217.41666666666663,0.5568557446175143
bb_ipp_ground_truth,estimated,2611,217.5,0.5569343054680002
bb_ipp_ground_truth,estimated,2612,217.58333333333337,0.5570494451186417
bb_ipp_ground_truth,estimated,2613,217.66666666666663,0.5571606589227496
bb_ipp_ground_truth,estimated,2614,217.75,0.5572566359974103
bb_ipp_ground_truth,estimated,2615,217.83333333333337,0.5573283334264983
bb_ipp_ground_truth,estimated,2616,217.91666666666663,0.5573587898071883
bb_ipp_ground_truth,estimated,2617,218.0,0.557383467496799
bb_ipp_ground_truth,estimated,2618,218.08333333333337,0.5574291058704137
bb_ipp_ground_truth,estimated,2619,218.16666666666663,0.5574785218584482
bb_ipp_ground_truth,estimated,2620,218.25,0.5575099781800577
bb_ipp_ground_truth,estimated,2621,218.33333333333337,0.5575128622241117
bb_ipp_ground_truth,estimated,2622,218.41666666666663,0.5574954137296063
bb_ipp_ground_truth,estimated,2623,218.5,0.5574823741216426
bb_ipp_ground_truth,estimated,2624,218.58333333333337,0.5574734353044775
bb_ipp_ground_truth,estimated,2625,218.66666666666663,0.5574411372261381
bb_ipp_ground_truth,estimated,2626,218.75,0.5573839551987004
bb_ipp_ground_truth,estimated,2627,218.83333333333337,0.5573322517932922
bb_ipp_ground_truth,estimated,2628,218.91666666666663,0.5572910884469895
bb_ipp_ground_truth,estimated,2629,219.0,0.5572364574536128
bb_ipp_ground_truth,estimated,2630,219.08333333333337,0.5571587849510592
bb_ipp_ground_truth,estimated,2631,219.16666666666663,0.5570689091085641
bb_ipp_ground_truth,estimated,2632,219.25,0.5569770133076264
bb_ipp_ground_truth,estimated,2633,219.33333333333337,0.5568810617572523
bb_ipp_ground_truth,estimated,2634,219.41666666666663,0.5567605342885242
bb_ipp_ground_truth,estimated,2635,219.5,0.5565990728523686
bb_ipp_ground_truth,estimated,2636,219.58333333333337,0.5564627771220786
bb_ipp_ground_truth,estimated,2637,219.66666666666663,0.5563673854685612
bb_ipp_ground_truth,estimated,2638,219.75,0.5562867507214522
bb_ipp_ground_truth,estimated,2639,219.83333333333337,0.5561979942051657
bb_ipp_ground_truth,estimated,2640,219.91666666666663,0.5560891196875771
bb_ipp_ground_truth,estimated,2641,220.0,0.5559657122127861
bb_ipp_ground_truth,estimated,2642,220.08333333333337,0.5558587952025447
bb_ipp_ground_truth,estimated,2643,220.16666666666663,0.555769828245052
bb_ipp_ground_truth,estimated,2644,220.25,0.5556589985943057
bb_ipp_ground_truth,estimated,2645,220.33333333333337,0.5555068821569312
bb_ipp_ground_truth,estimated,2646,220.41666666666663,0.5553905407888666
bb_ipp_ground_truth,estimated,2647,220.5,0.5553190037285964
bb_ipp_ground_truth,estimated,2648,220.58333333333337,0.5552476889178748
bb_ipp_ground_truth,estimated,2649,220.66666666666663,0.5551250670073341
bb_ipp_ground_truth,estimated,2650,220.75,0.5550071263305854
bb_ipp_ground_truth,estimated,2651,220.83333333333337,0.5549389543779792
bb_ipp_ground_truth,estimated,2652,220.91666666666663,0.5548952237735748
bb_ipp_ground_truth,estimated,2653,221.0,0.5548416395207181
bb_ipp_ground_truth,estimated,2654,221.08333333333337,0.5547761721810326
bb_ipp_ground_truth,estimated,2655,221.16666666666663,0.5547199121644049
bb_ipp_ground_truth,estimated,2656,221.25,0.5546722280796523
bb_ipp_ground_truth,estimated,2657,221.33333333333337,0.5546250418323032
bb_ipp_ground_truth,estimated,2658,221.41666666666663,0.554558685734248
bb_ipp_ground_truth,estimated,2659,221.5,0.5544615731864799
bb_ipp_ground_truth,estimated,2660,221.58333333333337,0.5543902258415057
bb_ipp_ground_truth,estimated,2661,221.66666666666663,0.5543634277023747
bb_ipp_ground_truth,estimated,2662,221.75,0.5543539926331953
bb_ipp_ground_truth,estimated,2663,221.83333333333337,0.5543418056468631
bb_ipp_ground_truth,estimated,2664,221.91666666666663,0.5543284623577787
bb_ipp_ground_truth,estimated,2665,222.0,0.5543238932739637
bb_ipp_ground_truth,estimated,2666,222.08333333333337,0.5543337554981242
bb_ipp_ground_truth,estimated,2667,222.16666666666663,0.5543483584719101
bb_ipp_ground_truth,estimated,2668,222.25,0.5543485450980132
bb_ipp_ground_truth,estimated,2669,222.33333333333337,0.5543491785394623
bb_ipp_ground_truth,estimated,2670,222.41666666666663,0.554379647172573
bb_ipp_ground_truth,estimated,2671,222.5,0.5544292579847696
bb_ipp_ground_truth,estimated,2672,222.58333333333337,0.5544704248970761
bb_ipp_ground_truth,estimated,2673,222.66666666666663,0.554512091485847
bb_ipp_ground_truth,estimated,2674,222.75,0.5545825188597692
bb_ipp_ground_truth,estimated,2675,222.83333333333337,0.5546789657884378
bb_ipp_ground_truth,estimated,2676,222.91666666666663,0.5547788245293992
bb_ipp_ground_truth,estimated,2677,223.0,0.554872257153447
bb_ipp_ground_truth,estimated,2678,223.08333333333337,0.554958449631449
bb_ipp_ground_truth,estimated,2679,223.16666666666663,0.5550530494907518
bb_ipp_ground_truth,estimated,2680,223.25,0.5551531120687072
bb_ipp_ground_truth,estimated,2681,223.33333333333337,0.5552409283371483
bb_ipp_ground_truth,estimated,2682,223.41666666666663,0.5553321342945878
bb_ipp_ground_truth,estimated,2683,223.5,0.555447022421207
bb_ipp_ground_truth,estimated,2684,223.58333333333337,0.5555654419485093
bb_ipp_ground_truth,estimated,2685,223.66666666666663,0.5556736989309476
bb_ipp_ground_truth,estimated,2686,223.75,0.5557940905558516
bb_ipp_ground_truth,estimated,2687,223.83333333333337,0.5559299479375871
bb_ipp_ground_truth,estimated,2688,223.91666666666663,0.556062931140702
bb_ipp_ground_truth,estimated,2689,224.0,0.5561718724158947
bb_ipp_ground_truth,estimated,2690,224.08333333333337,0.5562556631809681
bb_ipp_ground_truth,estimated,2691,224.16666666666663,0.55634242418252
bb_ipp_ground_truth,estimated,2692,224.25,0.556447227794158
bb_ipp_ground_truth,estimated,2693,224.33333333333337,0.5565541146420331
bb_ipp_ground_truth,estimated,2694,224.41666666666663,0.5566497751069049
bb_ipp_ground_truth,estimated,2695,224.5,0.5567538822021302
bb_ipp_ground_truth,estimated,2696,224.58333333333337,0.5568852088009394
bb_ipp_ground_truth,estimated,2697,224.66666666666663,0.5570273337821476
bb_ipp_ground_truth,estimated,2698,224.75,0.5571479932693887
bb_ipp_ground_truth,estimated,2699,224.83333333333337,0.5572366606015003
bb_ipp_ground_truth,estimated,2700,224.91666666666663,0.5573198015860409
bb_ipp_ground_truth,estimated,2701,225.0,0.557410355367627
bb_ipp_ground_truth,estimated,2702,225.08333333333337,0.5574874733101527
bb_ipp_ground_truth,estimated,2703,225.16666666666663,0.5575458115998153
bb_ipp_ground_truth,estimated,2704,225.25,0.5576071013761366
bb_ipp_ground_truth,estimated,2705,225.33333333333337,0.5576646602061084
bb_ipp_ground_truth,estimated,2706,225.41666666666663,0.5577012676867605
bb_ipp_ground_truth,estimated,2707,225.5,0.5577362607843563
bb_ipp_ground_truth,estimated,2708,225.58333333333337,0.5577816809073524
bb_ipp_ground_truth,estimated,2709,225.66666666666663,0.5578250799248164
bb_ipp_ground_truth,estimated,2710,225.75,0.5578443002861272
bb_ipp_ground_truth,estimated,2711,225.83333333333337,0.5578285674565635
bb_ipp_ground_truth,estimated,2712,225.91666666666663,0.557795634041046
bb_ipp_ground_truth,estimated,2713,226.0,0.5577664469636865
bb_ipp_ground_truth,estimated,2714,226.08333333333337,0.5577357362129528
bb_ipp_ground_truth,estimated,2715,226.16666666666663,0.5576891057240444
bb_ipp_ground_truth,estimated,2716,226.25,0.5576347290303563
bb_ipp_ground_truth,estimated,2717,226.33333333333337,0.5575900161582079
bb_ipp_ground_truth,estimated,2718,226.41666666666663,0.5575569214895697
bb_ipp_ground_truth,estimated,2719,226.5,0.5575199883749817
bb_ipp_ground_truth,estimated,2720,226.58333333333337,0.5574665359456694
bb_ipp_ground_truth,estimated,2721,226.66666666666663,0.5574084265492462
bb_ipp_ground_truth,estimated,2722,226.75,0.5573632900710451
bb_ipp_ground_truth,estimated,2723,226.83333333333337,0.5573231415580464
bb_ipp_ground_truth,estimated,2724,226.91666666666663,0.5572591629955305
bb_ipp_ground_truth,estimated,2725,227.0,0.5571866841609039
bb_ipp_ground_truth,estimated,2726,227.08333333333337,0.5571406140031754
bb_ipp_ground_truth,estimated,2727,227.16666666666663,0.557109009715286
bb_ipp_ground_truth,estimated,2728,227.25,0.5570710844775563
bb_ipp_ground_truth,estimated,2729,227.33333333333337,0.5570174502086784
bb_ipp_ground_truth,estimated,2730,227.41666666666663,0.5569466851595342
bb_ipp_ground_truth,estimated,2731,227.5,0.5568806771546707
bb_ipp_ground_truth,estimated,2732,227.58333333333337,0.5568331741483243
bb_ipp_ground_truth,estimated,2733,227.66666666666663,0.5567789414334817
bb_ipp_ground_truth,estimated,2734,227.75,0.5566836904814241
bb_ipp_ground_truth,estimated,2735,227.83333333333337,0.5566012562906459
bb_ipp_ground_truth,estimated,2736,227.91666666666663,0.5565593923562359
bb_ipp_ground_truth,estimated,2737,228.0,0.5565310952753213
bb_ipp_ground_truth,estimated,2738,228.08333333333337,0.5564752385181672
bb_ipp_ground_truth,estimated,2739,228.16666666666663,0.5564037683352059
bb_ipp_ground_truth,estimated,2740,228.25,0.5563637077920102
bb_ipp_ground_truth,estimated,2741,228.33333333333337,0.5563443614673497
bb_ipp_ground_truth,estimated,2742,228.41666666666663,0.5563031160960921
bb_ipp_ground_truth,estimated,2743,228.5,0.5562297080138943
bb_ipp_ground_truth,estimated,2744,228.58333333333337,0.5561859567495416
bb_ipp_ground_truth,estimated,2745,228.66666666666663,0.5561718221484281
bb_ipp_ground_truth,estimated,2746,228.75,0.5561603576730567
bb_ipp_ground_truth,estimated,2747,228.83333333333337,0.5561370866799151
bb_ipp_ground_truth,estimated,2748,228.91666666666663,0.5560933079040982
bb_ipp_ground_truth,estimated,2749,229.0,0.556027980671442
bb_ipp_ground_truth,estimated,2750,229.08333333333337,0.5559765842008295
bb_ipp_ground_truth,estimated,2751,229.16666666666663,0.5559514744499046
bb_ipp_ground_truth,estimated,2752,229.25,0.5559382374352766
bb_ipp_ground_truth,estimated,2753,229.33333333333337,0.555921066300811
bb_ipp_ground_truth,estimated,2754,229.41666666666663,0.5558820119869307
bb_ipp_ground_truth,estimated,2755,229.5,0.5558227080602174
bb_ipp_ground_truth,estimated,2756,229.58333333333337,0.5557877466921591
bb_ipp_ground_truth,estimated,2757,229.66666666666663,0.5557857404285614
bb_ipp_ground_truth,estimated,2758,229.75,0.5557776815961071
bb_ipp_ground_truth,estimated,2759,229.83333333333337,0.5557302524671448
bb_ipp_ground_truth,estimated,2760,229.91666666666663,0.5557182179071285
bb_ipp_ground_truth,estimated,2761,230.0,0.5557590881649767
bb_ipp_ground_truth,estimated,2762,230.08333333333337,0.5558084105936044
bb_ipp_ground_truth,estimated,2763,230.16666666666663,0.5558087954372579
bb_ipp_ground_truth,estimated,2764,230.25,0.5558222243377691
bb_ipp_ground_truth,estimated,2765,230.33333333333337,0.5558984081127823
bb_ipp_ground_truth,estimated,2766,230.41666666666663,0.5559966701109135
bb_ipp_ground_truth,estimated,2767,230.5,0.5560731986855278
bb_ipp_ground_truth,estimated,2768,230.58333333333337,0.556147175128367
bb_ipp_ground_truth,estimated,2769,230.66666666666663,0.5562519497810539
bb_ipp_ground_truth,estimated,2770,230.75,0.5563768232244852
bb_ipp_ground_truth,estimated,2771,230.83333333333337,0.5564927911909843
bb_ipp_ground_truth,estimated,2772,230.91666666666663,0.5565616693799851
bb_ipp_ground_truth,estimated,2773,231.0,0.556578142277823
bb_ipp_ground_truth,estimated,2774,231.08333333333337,0.5566426756380095
bb_ipp_ground_truth,estimated,2775,231.16666666666663,0.5567765895629803
bb_ipp_ground_truth,estimated,2776,231.25,0.5569351317816263
bb_ipp_ground_truth,estimated,2777,231.33333333333337,0.5570766212377488
bb_ipp_ground_truth,estimated,2778,231.41666666666663,0.5571888528053591
bb_ipp_ground_truth,estimated,2779,231.5,0.557289341663493
bb_ipp_ground_truth,estimated,2780,231.58333333333337,0.5574001941856349
bb_ipp_ground_truth,estimated,2781,231.66666666666663,0.5575059030966619
bb_ipp_ground_truth,estimated,2782,231.75,0.5575781434171321
bb_ipp_ground_truth,estimated,2783,231.83333333333337,0.5576481862704605
bb_ipp_ground_truth,estimated,2784,231.91666666666663,0.5577654896679535
bb_ipp_ground_truth,estimated,2785,232.0,0.5579026210563756
bb_ipp_ground_truth,estimated,2786,232.08333333333337,0.5580046060189993
bb_ipp_ground_truth,estimated,2787,232.16666666666663,0.5580870569926291
bb_ipp_ground_truth,estimated,2788,232.25,0.5582018588274553
bb_ipp_ground_truth,estimated,2789,232.33333333333337,0.5583383716189662
bb_ipp_ground_truth,estimated,2790,232.41666666666663,0.5584632519727875
bb_ipp_ground_truth,estimated,2791,232.5,0.5585705099919166
bb_ipp_ground_truth,estimated,2792,232.58333333333337,0.5586702059013252
bb_ipp_ground_truth,estimated,2793,232.66666666666663,0.5587762253436704
bb_ipp_ground_truth,estimated,2794,232.75,0.5588749837531282
bb_ipp_ground_truth,estimated,2795,232.83333333333337,0.5589342795858423
bb_ipp_ground_truth,estimated,2796,232.91666666666663,0.5589686990682086
bb_ipp_ground_truth,estimated,2797,233.0,0.5590306645164618
bb_ipp_ground_truth,estimated,2798,233.08333333333337,0.5591222538874211
bb_ipp_ground_truth,estimated,2799,233.16666666666663,0.5592121237748956
bb_ipp_ground_truth,estimated,2800,233.25,0.5592806554883597
bb_ipp_ground_truth,estimated,2801,233.33333333333337,0.5593307130477734
bb_ipp_ground_truth,estimated,2802,233.41666666666663,0.5593709428838023
bb_ipp_ground_truth,estimated,2803,233.5,0.5594005374674598
bb_ipp_ground_truth,estimated,2804,233.58333333333337,0.5594068490440001
bb_ipp_ground_truth,estimated,2805,233.66666666666663,0.5593928081966208
bb_ipp_ground_truth,estimated,2806,233.75,0.5593883666434685
bb_ipp_ground_truth,estimated,2807,233.83333333333337,0.5593967525299257
bb_ipp_ground_truth,estimated,2808,233.91666666666663,0.5593911674313993
bb_ipp_ground_truth,estimated,2809,234.0,0.5593628807356782
bb_ipp_ground_truth,estimated,2810,234.08333333333337,0.5593387123334769
bb_ipp_ground_truth,estimated,2811,234.16666666666663,0.5593270545920865
bb_ipp_ground_truth,estimated,2812,234.25,0.5593099982464349
bb_ipp_ground_truth,estimated,2813,234.33333333333337,0.5592667705754237
bb_ipp_ground_truth,estimated,2814,234.41666666666663,0.5591948926703326
bb_ipp_ground_truth,estimated,2815,234.5,0.5591106736670766
bb_ipp_ground_truth,estimated,2816,234.58333333333337,0.5590276615960122
bb_ipp_ground_truth,estimated,2817,234.66666666666663,0.5589403319202214
bb_ipp_ground_truth,estimated,2818,234.75,0.5588439391757024
bb_ipp_ground_truth,estimated,2819,234.83333333333337,0.5587425715492322
bb_ipp_ground_truth,estimated,2820,234.91666666666663,0.5586242701059241
bb_ipp_ground_truth,estimated,2821,235.0,0.558480149794683
bb_ipp_ground_truth,estimated,2822,235.08333333333337,0.5583348947469109
bb_ipp_ground_truth,estimated,2823,235.16666666666663,0.5582108557319568
bb_ipp_ground_truth,estimated,2824,235.25,0.558100032079413
bb_ipp_ground_truth,estimated,2825,235.33333333333337,0.5579824991184582
bb_ipp_ground_truth,estimated,2826,235.41666666666663,0.557850595483737
bb_ipp_ground_truth,estimated,2827,235.5,0.5577166279173059
bb_ipp_ground_truth,estimated,2828,235.58333333333337,0.5575914181710621
bb_ipp_ground_truth,estimated,2829,235.66666666666663,0.5574666452463336
bb_ipp_ground_truth,estimated,2830,235.75,0.5573314448444685
bb_ipp_ground_truth,estimated,2831,235.83333333333337,0.5571923925101746
bb_ipp_ground_truth,estimated,2832,235.91666666666663,0.5570704189046155
bb_ipp_ground_truth,estimated,2833,236.0,0.5569680837497936
bb_ipp_ground_truth,estimated,2834,236.08333333333337,0.5568572247184082
bb_ipp_ground_truth,estimated,2835,236.16666666666663,0.5567132777554523
bb_ipp_ground_truth,estimated,2836,236.25,0.5565966875436533
bb_ipp_ground_truth,estimated,2837,236.33333333333337,0.55654344964363
bb_ipp_ground_truth,estimated,2838,236.41666666666663,0.5565270225733734
bb_ipp_ground_truth,estimated,2839,236.5,0.5565139905841661
bb_ipp_ground_truth,estimated,2840,236.58333333333337,0.5564890378504416
bb_ipp_ground_truth,estimated,2841,236.66666666666663,0.5564424666292012
bb_ipp_ground_truth,estimated,2842,236.75,0.5563901340585152
bb_ipp_ground_truth,estimated,2843,236.83333333333337,0.5563706242992674
bb_ipp_ground_truth,estimated,2844,236.91666666666663,0.556388037451049
bb_ipp_ground_truth,estimated,2845,237.0,0.5564251773595208
bb_ipp_ground_truth,estimated,2846,237.08333333333337,0.5564605476742097
bb_ipp_ground_truth,estimated,2847,237.16666666666663,0.5564735374280317
bb_ipp_ground_truth,estimated,2848,237.25,0.5564754653639741
bb_ipp_ground_truth,estimated,2849,237.33333333333337,0.5565044516225147
bb_ipp_ground_truth,estimated,2850,237.41666666666663,0.5565540008818418
bb_ipp_ground_truth,estimated,2851,237.5,0.5565785569837383
bb_ipp_ground_truth,estimated,2852,237.58333333333337,0.5565788658396
bb_ipp_ground_truth,estimated,2853,237.66666666666663,0.5566234303768998
bb_ipp_ground_truth,estimated,2854,237.75,0.5567050592207542
bb_ipp_ground_truth,estimated,2855,237.83333333333337,0.5567777097024627
bb_ipp_ground_truth,estimated,2856,237.91666666666663,0.5568311291936127
bb_ipp_ground_truth,estimated,2857,238.0,0.5569110780561776
bb_ipp_ground_truth,estimated,2858,238.08333333333337,0.5570304009259596
bb_ipp_ground_truth,estimated,2859,238.16666666666663,0.5571651930287201
bb_ipp_ground_truth,estimated,2860,238.25,0.5572921874501667
bb_ipp_ground_truth,estimated,2861,238.33333333333337,0.5573984982989151
bb_ipp_ground_truth,estimated,2862,238.41666666666663,0.5575089892369982
bb_ipp_ground_truth,estimated,2863,238.5,0.5576657773304715
bb_ipp_ground_truth,estimated,2864,238.58333333333337,0.5578506471316816
bb_ipp_ground_truth,estimated,2865,238.66666666666663,0.558038745883517
bb_ipp_ground_truth,estimated,2866,238.75,0.5582258226578646
bb_ipp_ground_truth,estimated,2867,238.83333333333337,0.5583832725584802
bb_ipp_ground_truth,estimated,2868,238.91666666666663,0.5584890813647827
bb_ipp_ground_truth,estimated,2869,239.0,0.5586352595226329
bb_ipp_ground_truth,estimated,2870,239.08333333333337,0.5588456851061697
bb_ipp_ground_truth,estimated,2871,239.16666666666663,0.5590736718713294
bb_ipp_ground_truth,estimated,2872,239.25,0.5592682366439996
bb_ipp_ground_truth,estimated,2873,239.33333333333337,0.5594258377174213
bb_ipp_ground_truth,estimated,2874,239.41666666666663,0.5595777185064779
bb_ipp_ground_truth,estimated,2875,239.5,0.5597337788684641
bb_ipp_ground_truth,estimated,2876,239.58333333333337,0.559865523840681
bb_ipp_ground_truth,estimated,2877,239.66666666666663,0.5599523490203941
bb_ipp_ground_truth,estimated,2878,239.75,0.5600206592622875
bb_ipp_ground_truth,estimated,2879,239.83333333333337,0.5601037131712343
bb_ipp_ground_truth,estimated,2880,239.91666666666663,0.5601805687438145
bb_ipp_ground_truth,estimated,2881,240.0,0.5602123246525978
bb_ipp_ground_truth,estimated,2882,240.08333333333337,0.5602349925952805
bb_ipp_ground_truth,estimated,2883,240.16666666666663,0.5603093569738753
bb_ipp_ground_truth,estimated,2884,240.25,0.560419346831668
bb_ipp_ground_truth,estimated,2885,240.33333333333337,0.5605251962006772
bb_ipp_ground_truth,estimated,2886,240.41666666666663,0.5605932352870119
bb_ipp_ground_truth,estimated,2887,240.5,0.5605912759612115
bb_ipp_ground_truth,estimated,2888,240.58333333333337,0.5605824609487624
bb_ipp_ground_truth,estimated,2889,240.66666666666663,0.5606307101226096
bb_ipp_ground_truth,estimated,2890,240.75,0.560707894031684
bb_ipp_ground_truth,estimated,2891,240.83333333333337,0.5607728238195431
bb_ipp_ground_truth,estimated,2892,240.91666666666663,0.5608093240024734
bb_ipp_ground_truth,estimated,2893,241.0,0.560828331011312
bb_ipp_ground_truth,estimated,2894,241.08333333333337,0.5608473896538909
bb_ipp_ground_truth,estimated,2895,241.16666666666663,0.5608641909386369
bb_ipp_ground_truth,estimated,2896,241.25,0.5608585527147678
bb_ipp_ground_truth,estimated,2897,241.33333333333337,0.5608298602750788
bb_ipp_ground_truth,estimated,2898,241.41666666666663,0.5608006146967589
bb_ipp_ground_truth,estimated,2899,241.5,0.5607701729839198
bb_ipp_ground_truth,estimated,2900,241.58333333333337,0.5607212183901439
bb_ipp_ground_truth,estimated,2901,241.66666666666663,0.5606484438677286
bb_ipp_ground_truth,estimated,2902,241.75,0.5605632234078727
bb_ipp_ground_truth,estimated,2903,241.83333333333337,0.5604808718629891
bb_ipp_ground_truth,estimated,2904,241.91666666666663,0.5603963306752684
bb_ipp_ground_truth,estimated,2905,242.0,0.560282038786983
bb_ipp_ground_truth,estimated,2906,242.08333333333337,0.560134485758493
bb_ipp_ground_truth,estimated,2907,242.16666666666663,0.5600396644795168
bb_ipp_ground_truth,estimated,2908,242.25,0.559994793593306
bb_ipp_ground_truth,estimated,2909,242.33333333333337,0.5599645332189086
bb_ipp_ground_truth,estimated,2910,242.41666666666663,0.5599219107752417
bb_ipp_ground_truth,estimated,2911,242.5,0.5598421426466188
bb_ipp_ground_truth,estimated,2912,242.58333333333337,0.5597189854550855
bb_ipp_ground_truth,estimated,2913,242.66666666666663,0.5596402625993099
bb_ipp_ground_truth,estimated,2914,242.75,0.5596118177872287
bb_ipp_ground_truth,estimated,2915,242.83333333333337,0.5595892159401736
bb_ipp_ground_truth,estimated,2916,242.91666666666663,0.5595399170191577
bb_ipp_ground_truth,estimated,2917,243.0,0.5594760061272208
bb_ipp_ground_truth,estimated,2918,243.08333333333337,0.5594212532034097
bb_ipp_ground_truth,estimated,2919,243.16666666666663,0.5593741934909794
bb_ipp_ground_truth,estimated,2920,243.25,0.5593110169379827
bb_ipp_ground_truth,estimated,2921,243.33333333333337,0.5592187280016824
bb_ipp_ground_truth,estimated,2922,243.41666666666663,0.5591214293717339
bb_ipp_ground_truth,estimated,2923,243.5,0.5590433939869577
bb_ipp_ground_truth,estimated,2924,243.58333333333337,0.5589719282591297
bb_ipp_ground_truth,estimated,2925,243.66666666666663,0.5588679016229029
bb_ipp_ground_truth,estimated,2926,243.75,0.5587596787342414
bb_ipp_ground_truth,estimated,2927,243.83333333333337,0.5586953837557781
bb_ipp_ground_truth,estimated,2928,243.91666666666663,0.55865530102504
bb_ipp_ground_truth,estimated,2929,244.0,0.5586108531272964
bb_ipp_ground_truth,estimated,2930,244.08333333333337,0.5585439382131873
bb_ipp_ground_truth,estimated,2931,244.16666666666663,0.5584345911141709
bb_ipp_ground_truth,estimated,2932,244.25,0.5583079730000781
bb_ipp_ground_truth,estimated,2933,244.33333333333337,0.5582265162321653
bb_ipp_ground_truth,estimated,2934,244.41666666666663,0.5581830595427498
bb_ipp_ground_truth,estimated,2935,244.5,0.5581477399036087
bb_ipp_ground_truth,estimated,2936,244.58333333333337,0.5581044565400075
bb_ipp_ground_truth,estimated,2937,244.66666666666663,0.5580581883407674
bb_ipp_ground_truth,estimated,2938,244.75,0.5580218687604128
bb_ipp_ground_truth,estimated,2939,244.83333333333337,0.5579990546739341
bb_ipp_ground_truth,estimated,2940,244.91666666666663,0.5579755261058819
bb_ipp_ground_truth,estimated,2941,245.0,0.557943699949013
bb_ipp_ground_truth,estimated,2942,245.08333333333337,0.5579238240354585
bb_ipp_ground_truth,estimated,2943,245.16666666666663,0.5579287792874728
bb_ipp_ground_truth,estimated,2944,245.25,0.5579438326239797
bb_ipp_ground_truth,estimated,2945,245.33333333333337,0.5579558091966107
bb_ipp_ground_truth,estimated,2946,245.41666666666663,0.5579737513013601
bb_ipp_ground_truth,estimated,2947,245.5,0.5580104677487747
bb_ipp_ground_truth,estimated,2948,245.58333333333337,0.5580621991034319
bb_ipp_ground_truth,estimated,2949,245.66666666666663,0.5581079697103739
bb_ipp_ground_truth,estimated,2950,245.75,0.5581225667314004
bb_ipp_ground_truth,estimated,2951,245.83333333333337,0.5581533581902773
bb_ipp_ground_truth,estimated,2952,245.91666666666663,0.5582441977255485
bb_ipp_ground_truth,estimated,2953,246.0,0.5583727220682534
bb_ipp_ground_truth,estimated,2954,246.08333333333337,0.5585081478735848
bb_ipp_ground_truth,estimated,2955,246.16666666666663,0.5586353598257814
bb_ipp_ground_truth,estimated,2956,246.25,0.5587293632232656
bb_ipp_ground_truth,estimated,2957,246.33333333333337,0.5588096690269604
bb_ipp_ground_truth,estimated,2958,246.41666666666663,0.5589527253229934
bb_ipp_ground_truth,estimated,2959,246.5,0.5591517907554391
bb_ipp_ground_truth,estimated,2960,246.58333333333337,0.5593655992191167
bb_ipp_ground_truth,estimated,2961,246.66666666666663,0.5595644741202899
bb_ipp_ground_truth,estimated,2962,246.75,0.5597440027610422
bb_ipp_ground_truth,estimated,2963,246.83333333333337,0.5599345823527961
bb_ipp_ground_truth,estimated,2964,246.91666666666663,0.5601499524805287
bb_ipp_ground_truth,estimated,2965,247.0,0.5603562926511905
bb_ipp_ground_truth,estimated,2966,247.08333333333337,0.560527716285837
bb_ipp_ground_truth,estimated,2967,247.16666666666663,0.5607124388934674
bb_ipp_ground_truth,estimated,2968,247.25,0.5609346184480458
bb_ipp_ground_truth,estimated,2969,247.33333333333337,0.5611588889454482
bb_ipp_ground_truth,estimated,2970,247.41666666666663,0.5613529661028827
bb_ipp_ground_truth,estimated,2971,247.5,0.5615249879367982
bb_ipp_ground_truth,estimated,2972,247.58333333333337,0.5616918020917855
bb_ipp_ground_truth,estimated,2973,247.66666666666663,0.5618487653016687
bb_ipp_ground_truth,estimated,2974,247.75,0.5619611274046626
bb_ipp_ground_truth,estimated,2975,247.83333333333337,0.5620082229381465
bb_ipp_ground_truth,estimated,2976,247.91666666666663,0.562076153456376
bb_ipp_ground_truth,estimated,2977,248.0,0.5622125168444798
bb_ipp_ground_truth,estimated,2978,248.08333333333337,0.562372826050743
bb_ipp_ground_truth,estimated,2979,248.16666666666663,0.5625078875591164
bb_ipp_ground_truth,estimated,2980,248.25,0.5625976471357044
bb_ipp_ground_truth,estimated,2981,248.33333333333337,0.5626567424610783
bb_ipp_ground_truth,estimated,2982,248.41666666666663,0.5627134761267265
bb_ipp_ground_truth,estimated,2983,248.5,0.5627574694902069
bb_ipp_ground_truth,estimated,2984,248.58333333333337,0.5627552198077554
bb_ipp_ground_truth,estimated,2985,248.66666666666663,0.562729589569361
bb_ipp_ground_truth,estimated,2986,248.75,0.5627444260109093
bb_ipp_ground_truth,estimated,2987,248.83333333333337,0.5627868822989707
bb_ipp_ground_truth,estimated,2988,248.91666666666663,0.5627988926957912
bb_ipp_ground_truth,estimated,2989,249.0,0.5627706316081794
bb_ipp_ground_truth,estimated,2990,249.08333333333337,0.5627667947914526
bb_ipp_ground_truth,estimated,2991,249.16666666666663,0.5627875642076838
bb_ipp_ground_truth,estimated,2992,249.25,0.5627937079904689
bb_ipp_ground_truth,estimated,2993,249.33333333333337,0.5627685800496978
bb_ipp_ground_truth,estimated,2994,249.41666666666663,0.562733351655636
bb_ipp_ground_truth,estimated,2995,249.5,0.5626975348110623
bb_ipp_ground_truth,estimated,2996,249.58333333333337,0.5626525323009038
bb_ipp_ground_truth,estimated,2997,249.66666666666663,0.5625837984745355
bb_ipp_ground_truth,estimated,2998,249.75,0.5624663095468732
bb_ipp_ground_truth,estimated,2999,249.83333333333337,0.5623385079710043
bb_ipp_ground_truth,estimated,3000,249.91666666666663,0.5622445953135391
bb_ipp_ground_truth,estimated,3001,250.0,0.5621657677199087
bb_ipp_ground_truth,estimated,3002,250.08333333333337,0.5620772707494838
bb_ipp_ground_truth,estimated,3003,250.16666666666663,0.5619698287682485
bb_ipp_ground_truth,estimated,3004,250.25,0.5618462514124292
bb_ipp_ground_truth,estimated,3005,250.33333333333337,0.5617236380641872
bb_ipp_ground_truth,estimated,3006,250.41666666666663,0.5616063563058832
bb_ipp_ground_truth,estimated,3007,250.5,0.5614711430745825
bb_ipp_ground_truth,estimated,3008,250.58333333333337,0.5613065398115588
bb_ipp_ground_truth,estimated,3009,250.66666666666663,0.561165102793742
bb_ipp_ground_truth,estimated,3010,250.75,0.5610655717471305
bb_ipp_ground_truth,estimated,3011,250.83333333333337,0.5609753458334018
bb_ipp_ground_truth,estimated,3012,250.91666666666663,0.5608625919075018
bb_ipp_ground_truth,estimated,3013,251.0,0.5607521356795859
bb_ipp_ground_truth,estimated,3014,251.08333333333337,0.5606698878399338
bb_ipp_ground_truth,estimated,3015,251.16666666666663,0.5606032444986347
bb_ipp_ground_truth,estimated,3016,251.25,0.5605287162936147
bb_ipp_ground_truth,estimated,3017,251.33333333333337,0.5604359788073443
bb_ipp_ground_truth,estimated,3018,251.41666666666663,0.5603298953353102
bb_ipp_ground_truth,estimated,3019,251.5,0.5602398366073503
bb_ipp_ground_truth,estimated,3020,251.58333333333337,0.5601804419752932
bb_ipp_ground_truth,estimated,3021,251.66666666666663,0.5601354455696933
bb_ipp_ground_truth,estimated,3022,251.75,0.5600985692052312
bb_ipp_ground_truth,estimated,3023,251.83333333333337,0.5600706852717248
bb_ipp_ground_truth,estimated,3024,251.91666666666663,0.5600341750076597
bb_ipp_ground_truth,estimated,3025,252.0,0.5599905633624719
bb_ipp_ground_truth,estimated,3026,252.08333333333337,0.5599693447338772
bb_ipp_ground_truth,estimated,3027,252.16666666666663,0.5599742368329261
bb_ipp_ground_truth,estimated,3028,252.25,0.55998816649204
bb_ipp_ground_truth,estimated,3029,252.33333333333337,0.5599939362241558
bb_ipp_ground_truth,estimated,3030,252.41666666666663,0.5599864147050161
bb_ipp_ground_truth,estimated,3031,252.5,0.559984279874686
bb_ipp_ground_truth,estimated,3032,252.58333333333337,0.5600017178386966
bb_ipp_ground_truth,estimated,3033,252.66666666666663,0.5600281107585942
bb_ipp_ground_truth,estimated,3034,252.75,0.5600520052149333
bb_ipp_ground_truth,estimated,3035,252.83333333333337,0.5600881464451473
bb_ipp_ground_truth,estimated,3036,252.91666666666663,0.5601542187018437
bb_ipp_ground_truth,estimated,3037,253.0,0.5602409802414096
bb_ipp_ground_truth,estimated,3038,253.08333333333337,0.5603309721612854
bb_ipp_ground_truth,estimated,3039,253.16666666666663,0.5604185057128284
bb_ipp_ground_truth,estimated,3040,253.25,0.5605186419651884
bb_ipp_ground_truth,estimated,3041,253.33333333333337,0.5606355328998416
bb_ipp_ground_truth,estimated,3042,253.41666666666663,0.5607362938911886
bb_ipp_ground_truth,estimated,3043,253.5,0.560799715852279
bb_ipp_ground_truth,estimated,3044,253.58333333333337,0.5608934160519131
bb_ipp_ground_truth,estimated,3045,253.66666666666663,0.5610518792289936
bb_ipp_ground_truth,estimated,3046,253.75,0.5612405700287897
bb_ipp_ground_truth,estimated,3047,253.83333333333337,0.5614146503386303
bb_ipp_ground_truth,estimated,3048,253.91666666666663,0.5615447176725502
bb_ipp_ground_truth,estimated,3049,254.0,0.56164668154442
bb_ipp_ground_truth,estimated,3050,254.08333333333337,0.5617785891026249
bb_ipp_ground_truth,estimated,3051,254.16666666666663,0.5619392318167373
bb_ipp_ground_truth,estimated,3052,254.25,0.562061185339338
bb_ipp_ground_truth,estimated,3053,254.33333333333337,0.5621442400489771
bb_ipp_ground_truth,estimated,3054,254.41666666666663,0.5622930690958461
bb_ipp_ground_truth,estimated,3055,254.5,0.5624915707188184
bb_ipp_ground_truth,estimated,3056,254.58333333333337,0.5626710068048112
bb_ipp_ground_truth,estimated,3057,254.66666666666663,0.562790376984498
bb_ipp_ground_truth,estimated,3058,254.75,0.5629171777311834
bb_ipp_ground_truth,estimated,3059,254.83333333333337,0.5630920389728896
bb_ipp_ground_truth,estimated,3060,254.91666666666663,0.5632628622261627
bb_ipp_ground_truth,estimated,3061,255.0,0.5633457732903596
bb_ipp_ground_truth,estimated,3062,255.08333333333337,0.5634078528991221
bb_ipp_ground_truth,estimated,3063,255.16666666666663,0.5635539438382576
bb_ipp_ground_truth,estimated,3064,255.25,0.563739795419308
bb_ipp_ground_truth,estimated,3065,255.33333333333337,0.5639083433059788
bb_ipp_ground_truth,estimated,3066,255.41666666666663,0.5640434651471128
bb_ipp_ground_truth,estimated,3067,255.5,0.5641376310791469
bb_ipp_ground_truth,estimated,3068,255.58333333333337,0.5642008394906182
bb_ipp_ground_truth,estimated,3069,255.66666666666663,0.5642786401086587
bb_ipp_ground_truth,estimated,3070,255.75,0.5643770004605432
bb_ipp_ground_truth,estimated,3071,255.83333333333337,0.5644792449032796
bb_ipp_ground_truth,estimated,3072,255.91666666666663,0.5645593983677454
bb_ipp_ground_truth,estimated,3073,256.0,0.5645840137150043
bb_ipp_ground_truth,estimated,3074,256.08333333333337,0.5645682386177143
bb_ipp_ground_truth,estimated,3075,256.16666666666663,0.5645929823356373
bb_ipp_ground_truth,estimated,3076,256.25,0.564655640972118
bb_ipp_ground_truth,estimated,3077,256.33333333333337,0.5646923912770762
bb_ipp_ground_truth,estimated,3078,256.41666666666663,0.5646646947790772
bb_ipp_ground_truth,estimated,3079,256.5,0.5646667053327584
bb_ipp_ground_truth,estimated,3080,256.58333333333337,0.5647134462584642
bb_ipp_ground_truth,estimated,3081,256.66666666666663,0.5647526339619465
bb_ipp_ground_truth,estimated,3082,256.75,0.5647239170330414
bb_ipp_ground_truth,estimated,3083,256.83333333333337,0.564687730632718
bb_ipp_ground_truth,estimated,3084,256.91666666666663,0.5646914411807952
bb_ipp_ground_truth,estimated,3085,257.0,0.5647021397457803
bb_ipp_ground_truth,estimated,3086,257.08333333333337,0.5646817813527509
bb_ipp_ground_truth,estimated,3087,257.16666666666663,0.5646405655852608
bb_ipp_ground_truth,estimated,3088,257.25,0.5645999083148462
bb_ipp_ground_truth,estimated,3089,257.33333333333337,0.5645577438563923
bb_ipp_ground_truth,estimated,3090,257.41666666666663,0.5645046384328074
bb_ipp_ground_truth,estimated,3091,257.5,0.5644270438517331
bb_ipp_ground_truth,estimated,3092,257.58333333333337,0.5643182983675741
bb_ipp_ground_truth,estimated,3093,257.66666666666663,0.5642204160267601
bb_ipp_ground_truth,estimated,3094,257.75,0.5641428479752786
bb_ipp_ground_truth,estimated,3095,257.83333333333337,0.5640651552725805
bb_ipp_ground_truth,estimated,3096,257.91666666666663,0.563976628716893
bb_ipp_ground_truth,estimated,3097,258.0,0.5638861512959648
bb_ipp_ground_truth,estimated,3098,258.08333333333337,0.5638048840739379
bb_ipp_ground_truth,estimated,3099,258.16666666666663,0.5637319021358391
bb_ipp_ground_truth,estimated,3100,258.25,0.5636542651685956
bb_ipp_ground_truth,estimated,3101,258.33333333333337,0.5635615692254317
bb_ipp_ground_truth,estimated,3102,258.41666666666663,0.5634705891713391
bb_ipp_ground_truth,estimated,3103,258.5,0.5633988762501876
bb_ipp_ground_truth,estimated,3104,258.58333333333337,0.5633362245389926
bb_ipp_ground_truth,estimated,3105,258.66666666666663,0.5632641015694388
bb_ipp_ground_truth,estimated,3106,258.75,0.5631921495548549
bb_ipp_ground_truth,estimated,3107,258.83333333333337,0.5631404202437584
bb_ipp_ground_truth,estimated,3108,258.91666666666663,0.5631032106902367
bb_ipp_ground_truth,estimated,3109,259.0,0.5630575547783344
bb_ipp_ground_truth,estimated,3110,259.08333333333337,0.5629885187634656
bb_ipp_ground_truth,estimated,3111,259.16666666666663,0.5629074474065521
bb_ipp_ground_truth,estimated,3112,259.25,0.5628386887527893
bb_ipp_ground_truth,estimated,3113,259.33333333333337,0.5627854433010977
bb_ipp_ground_truth,estimated,3114,259.41666666666663,0.562734917539028
bb_ipp_ground_truth,estimated,3115,259.5,0.5626837859819104
bb_ipp_ground_truth,estimated,3116,259.58333333333337,0.5626287966331545
bb_ipp_ground_truth,estimated,3117,259.66666666666663,0.5625536998939803
bb_ipp_ground_truth,estimated,3118,259.75,0.5624702931960162
bb_ipp_ground_truth,estimated,3119,259.83333333333337,0.5624088102510283
bb_ipp_ground_truth,estimated,3120,259.91666666666663,0.5623687947857964
bb_ipp_ground_truth,estimated,3121,260.0,0.5623297129247011
bb_ipp_ground_truth,estimated,3122,260.08333333333337,0.5622771256798433
bb_ipp_ground_truth,estimated,3123,260.16666666666663,0.5622198069561064
bb_ipp_ground_truth,estimated,3124,260.25,0.5621744455721337
bb_ipp_ground_truth,estimated,3125,260.33333333333337,0.5621395380584365
bb_ipp_ground_truth,estimated,3126,260.41666666666663,0.5621014142502406
bb_ipp_ground_truth,estimated,3127,260.5,0.5620591150966227
bb_ipp_ground_truth,estimated,3128,260.58333333333337,0.5620330945880824
bb_ipp_ground_truth,estimated,3129,260.66666666666663,0.5620343894688947
bb_ipp_ground_truth,estimated,3130,260.75,0.5620451117908049
bb_ipp_ground_truth,estimated,3131,260.83333333333337,0.5620359370975456
bb_ipp_ground_truth,estimated,3132,260.91666666666663,0.562031771892647
bb_ipp_ground_truth,estimated,3133,261.0,0.5620747400763391
bb_ipp_ground_truth,estimated,3134,261.08333333333337,0.562145981720313
bb_ipp_ground_truth,estimated,3135,261.16666666666663,0.5622150489392109
bb_ipp_ground_truth,estimated,3136,261.25,0.5622874325771787
bb_ipp_ground_truth,estimated,3137,261.33333333333337,0.562382440257707
bb_ipp_ground_truth,estimated,3138,261.41666666666663,0.5624964063683341
bb_ipp_ground_truth,estimated,3139,261.5,0.5626148595904901
bb_ipp_ground_truth,estimated,3140,261.58333333333337,0.5627182659669944
bb_ipp_ground_truth,estimated,3141,261.66666666666663,0.5628121007041172
bb_ipp_ground_truth,estimated,3142,261.75,0.5629274250288107
bb_ipp_ground_truth,estimated,3143,261.83333333333337,0.5630624793137179
bb_ipp_ground_truth,estimated,3144,261.91666666666663,0.5631711108563768
bb_ipp_ground_truth,estimated,3145,262.0,0.5632583676279571
bb_ipp_ground_truth,estimated,3146,262.08333333333337,0.5633867422785866
bb_ipp_ground_truth,estimated,3147,262.16666666666663,0.5635514908422047
bb_ipp_ground_truth,estimated,3148,262.25,0.5637052632285896
bb_ipp_ground_truth,estimated,3149,262.33333333333337,0.5638174352943314
bb_ipp_ground_truth,estimated,3150,262.41666666666663,0.5639153283329088
bb_ipp_ground_truth,estimated,3151,262.5,0.5640308980939194
bb_ipp_ground_truth,estimated,3152,262.58333333333337,0.5641472463442392
bb_ipp_ground_truth,estimated,3153,262.66666666666663,0.5642231906514531
bb_ipp_ground_truth,estimated,3154,262.75,0.5642655906797812
bb_ipp_ground_truth,estimated,3155,262.83333333333337,0.5643605807004893
bb_ipp_ground_truth,estimated,3156,262.91666666666663,0.5644947859908201
bb_ipp_ground_truth,estimated,3157,263.0,0.5646177210802242
bb_ipp_ground_truth,estimated,3158,263.08333333333337,0.5647235551853638
bb_ipp_ground_truth,estimated,3159,263.16666666666663,0.5648358392072295
bb_ipp_ground_truth,estimated,3160,263.25,0.5649559799101667
bb_ipp_ground_truth,estimated,3161,263.33333333333337,0.5650788814995116
bb_ipp_ground_truth,estimated,3162,263.41666666666663,0.565193258370783
bb_ipp_ground_truth,estimated,3163,263.5,0.5652868929939602
bb_ipp_ground_truth,estimated,3164,263.58333333333337,0.5653871130011353
bb_ipp_ground_truth,estimated,3165,263.66666666666663,0.5655040661427464
bb_ipp_ground_truth,estimated,3166,263.75,0.5655982855368963
bb_ipp_ground_truth,estimated,3167,263.83333333333337,0.5656607268292432
bb_ipp_ground_truth,estimated,3168,263.91666666666663,0.5657480479017016
bb_ipp_ground_truth,estimated,3169,264.0,0.5658676772819691
bb_ipp_ground_truth,estimated,3170,264.08333333333337,0.5659846991794392
bb_ipp_ground_truth,estimated,3171,264.16666666666663,0.5660676665621946
bb_ipp_ground_truth,estimated,3172,264.25,0.5661222949941147
bb_ipp_ground_truth,estimated,3173,264.33333333333337,0.5661736668883229
bb_ipp_ground_truth,estimated,3174,264.41666666666663,0.5662211443031246
bb_ipp_ground_truth,estimated,3175,264.5,0.566242353737678
bb_ipp_ground_truth,estimated,3176,264.58333333333337,0.5662311449550318
bb_ipp_ground_truth,estimated,3177,264.66666666666663,0.5662099231269031
bb_ipp_ground_truth,estimated,3178,264.75,0.5661951359715642
bb_ipp_ground_truth,estimated,3179,264.83333333333337,0.566167680381322
bb_ipp_ground_truth,estimated,3180,264.91666666666663,0.5661022083568205
bb_ipp_ground_truth,estimated,3181,265.0,0.5660414688160899
bb_ipp_ground_truth,estimated,3182,265.08333333333337,0.5660195749706036
bb_ipp_ground_truth,estimated,3183,265.16666666666663,0.5660134712312483
bb_ipp_ground_truth,estimated,3184,265.25,0.5659970242815827
bb_ipp_ground_truth,estimated,3185,265.33333333333337,0.5659511670827159
bb_ipp_ground_truth,estimated,3186,265.41666666666663,0.5658555601266547
bb_ipp_ground_truth,estimated,3187,265.5,0.5657632107148269
bb_ipp_ground_truth,estimated,3188,265.58333333333337,0.5657085937550242
bb_ipp_ground_truth,estimated,3189,265.66666666666663,0.5656666721372179
bb_ipp_ground_truth,estimated,3190,265.75,0.5656104538211009
bb_ipp_ground_truth,estimated,3191,265.83333333333337,0.5655387616758564
bb_ipp_ground_truth,estimated,3192,265.91666666666663,0.5654661126139447
bb_ipp_ground_truth,estimated,3193,266.0,0.5654012323023101
bb_ipp_ground_truth,estimated,3194,266.08333333333337,0.5653360935281018
bb_ipp_ground_truth,estimated,3195,266.16666666666663,0.5652554040515213
bb_ipp_ground_truth,estimated,3196,266.25,0.5651656700098192
bb_ipp_ground_truth,estimated,3197,266.33333333333337,0.5650846805895824
bb_ipp_ground_truth,estimated,3198,266.41666666666663,0.5650080930375483
bb_ipp_ground_truth,estimated,3199,266.5,0.5649203166118332
bb_ipp_ground_truth,estimated,3200,266.58333333333337,0.564816958544137
bb_ipp_ground_truth,estimated,3201,266.66666666666663,0.564709783145579
bb_ipp_ground_truth,estimated,3202,266.75,0.5646091884164354
bb_ipp_ground_truth,estimated,3203,266.83333333333337,0.5645071393304979
bb_ipp_ground_truth,estimated,3204,266.91666666666663,0.5643742602360136
bb_ipp_ground_truth,estimated,3205,267.0,0.5642248746319006
bb_ipp_ground_truth,estimated,3206,267.08333333333337,0.5641257141708327
bb_ipp_ground_truth,estimated,3207,267.16666666666663,0.5640703321287094
bb_ipp_ground_truth,estimated,3208,267.25,0.5640286983878656
bb_ipp_ground_truth,estimated,3209,267.33333333333337,0.5639768993428028
bb_ipp_ground_truth,estimated,3210,267.41666666666663,0.5638923839308413
bb_ipp_ground_truth,estimated,3211,267.5,0.5637937067056694
bb_ipp_ground_truth,estimated,3212,267.58333333333337,0.5637481964770633
bb_ipp_ground_truth,estimated,3213,267.66666666666663,0.5637441680938167
bb_ipp_ground_truth,estimated,3214,267.75,0.563745336593095
bb_ipp_ground_truth,estimated,3215,267.83333333333337,0.563743052251529
bb_ipp_ground_truth,estimated,3216,267.91666666666663,0.563759782725434
bb_ipp_ground_truth,estimated,3217,268.0,0.5638036644224427
bb_ipp_ground_truth,estimated,3218,268.08333333333337,0.5638598462676927
bb_ipp_ground_truth,estimated,3219,268.16666666666663,0.5639060321845585
bb_ipp_ground_truth,estimated,3220,268.25,0.5639417949480469
bb_ipp_ground_truth,estimated,3221,268.33333333333337,0.5639862674957387
bb_ipp_ground_truth,estimated,3222,268.41666666666663,0.5640418606694856
bb_ipp_ground_truth,estimated,3223,268.5,0.5640944459508218
bb_ipp_ground_truth,estimated,3224,268.58333333333337,0.5641362428984762
bb_ipp_ground_truth,estimated,3225,268.66666666666663,0.5641789266465187
bb_ipp_ground_truth,estimated,3226,268.75,0.564234725916401
bb_ipp_ground_truth,estimated,3227,268.83333333333337,0.564290572054245
bb_ipp_ground_truth,estimated,3228,268.91666666666663,0.5643103602352433
bb_ipp_ground_truth,estimated,3229,269.0,0.5643137083165978
bb_ipp_ground_truth,estimated,3230,269.08333333333337,0.5643834258749557
bb_ipp_ground_truth,estimated,3231,269.16666666666663,0.5645087408478723
bb_ipp_ground_truth,estimated,3232,269.25,0.5646465051678647
bb_ipp_ground_truth,estimated,3233,269.33333333333337,0.5647625899790745
bb_ipp_ground_truth,estimated,3234,269.41666666666663,0.5648206645038111
bb_ipp_ground_truth,estimated,3235,269.5,0.5648429932595427
bb_ipp_ground_truth,estimated,3236,269.58333333333337,0.5649359983094067
bb_ipp_ground_truth,estimated,3237,269.66666666666663,0.5650874076401698
bb_ipp_ground_truth,estimated,3238,269.75,0.565246071027891
bb_ipp_ground_truth,estimated,3239,269.83333333333337,0.5653828697395618
bb_ipp_ground_truth,estimated,3240,269.91666666666663,0.5655109300315667
bb_ipp_ground_truth,estimated,3241,270.0,0.5656493537622321
bb_ipp_ground_truth,estimated,3242,270.08333333333337,0.5657956229436951
bb_ipp_ground_truth,estimated,3243,270.16666666666663,0.5659250861156498
bb_ipp_ground_truth,estimated,3244,270.25,0.5660328598510078
bb_ipp_ground_truth,estimated,3245,270.33333333333337,0.5661469546591222
bb_ipp_ground_truth,estimated,3246,270.41666666666663,0.5662774138192213
bb_ipp_ground_truth,estimated,3247,270.5,0.5664036808893861
bb_ipp_ground_truth,estimated,3248,270.58333333333337,0.5665118158716661
bb_ipp_ground_truth,estimated,3249,270.66666666666663,0.5666136891628586
bb_ipp_ground_truth,estimated,3250,270.75,0.56672160793348
bb_ipp_ground_truth,estimated,3251,270.83333333333337,0.5668204504480029
bb_ipp_ground_truth,estimated,3252,270.91666666666663,0.5668664963968656
bb_ipp_ground_truth,estimated,3253,271.0,0.5668640797978234
bb_ipp_ground_truth,estimated,3254,271.08333333333337,0.5669248023317031
bb_ipp_ground_truth,estimated,3255,271.16666666666663,0.5670546026598663
bb_ipp_ground_truth,estimated,3256,271.25,0.5672070849991161
bb_ipp_ground_truth,estimated,3257,271.33333333333337,0.5673371262407019
bb_ipp_ground_truth,estimated,3258,271.41666666666663,0.5674020570320507
bb_ipp_ground_truth,estimated,3259,271.5,0.5673979438456068
bb_ipp_ground_truth,estimated,3260,271.58333333333337,0.5674545526039524
bb_ipp_ground_truth,estimated,3261,271.66666666666663,0.5675745304063401
bb_ipp_ground_truth,estimated,3262,271.75,0.5677052557782637
bb_ipp_ground_truth,estimated,3263,271.83333333333337,0.5678059016159336
bb_ipp_ground_truth,estimated,3264,271.91666666666663,0.5678810156150484
bb_ipp_ground_truth,estimated,3265,272.0,0.5679531533523833
bb_ipp_ground_truth,estimated,3266,272.08333333333337,0.5680289626027484
bb_ipp_ground_truth,estimated,3267,272.16666666666663,0.568087884668222
bb_ipp_ground_truth,estimated,3268,272.25,0.5681173514286713
bb_ipp_ground_truth,estimated,3269,272.33333333333337,0.5681448842026506
bb_ipp_ground_truth,estimated,3270,272.41666666666663,0.5681882663278675
bb_ipp_ground_truth,estimated,3271,272.5,0.5682273299456461
bb_ipp_ground_truth,estimated,3272,272.58333333333337,0.5682430833432388
bb_ipp_ground_truth,estimated,3273,272.66666666666663,0.5682453822294468
bb_ipp_ground_truth,estimated,3274,272.75,0.5682479409051829
bb_ipp_ground_truth,estimated,3275,272.83333333333337,0.56824668063734
bb_ipp_ground_truth,estimated,3276,272.91666666666663,0.5682187182162965
bb_ipp_ground_truth,estimated,3277,273.0,0.5681351105071025
bb_ipp_ground_truth,estimated,3278,273.08333333333337,0.5680628708239133
bb_ipp_ground_truth,estimated,3279,273.16666666666663,0.5680421069390635
bb_ipp_ground_truth,estimated,3280,273.25,0.568041018422332
bb_ipp_ground_truth,estimated,3281,273.33333333333337,0.5680298280151269
bb_ipp_ground_truth,estimated,3282,273.41666666666663,0.5679933536733824
bb_ipp_ground_truth,estimated,3283,273.5,0.567906767377868
bb_ipp_ground_truth,estimated,3284,273.58333333333337,0.5678067481620436
bb_ipp_ground_truth,estimated,3285,273.66666666666663,0.5677444724563689
bb_ipp_ground_truth,estimated,3286,273.75,0.5677014310476719
bb_ipp_ground_truth,estimated,3287,273.83333333333337,0.5676508788832642
bb_ipp_ground_truth,estimated,3288,273.91666666666663,0.5675855251754064
bb_ipp_ground_truth,estimated,3289,274.0,0.5675169608244336
bb_ipp_ground_truth,estimated,3290,274.08333333333337,0.5674567647586489
bb_ipp_ground_truth,estimated,3291,274.16666666666663,0.5673997118956068
bb_ipp_ground_truth,estimated,3292,274.25,0.5673301052560554
bb_ipp_ground_truth,estimated,3293,274.33333333333337,0.5672472284286209
bb_ipp_ground_truth,estimated,3294,274.41666666666663,0.5671676240786189
bb_ipp_ground_truth,estimated,3295,274.5,0.5670967525749704
bb_ipp_ground_truth,estimated,3296,274.58333333333337,0.5670201828509117
bb_ipp_ground_truth,estimated,3297,274.66666666666663,0.5669293935455413
bb_ipp_ground_truth,estimated,3298,274.75,0.5668351325777549
bb_ipp_ground_truth,estimated,3299,274.83333333333337,0.5667570958603907
bb_ipp_ground_truth,estimated,3300,274.91666666666663,0.5666905257797947
bb_ipp_ground_truth,estimated,3301,275.0,0.5666052894679396
bb_ipp_ground_truth,estimated,3302,275.08333333333337,0.5665066885479719
bb_ipp_ground_truth,estimated,3303,275.16666666666663,0.566435232434826
bb_ipp_ground_truth,estimated,3304,275.25,0.5663859733698727
bb_ipp_ground_truth,estimated,3305,275.33333333333337,0.5663414591833483
bb_ipp_ground_truth,estimated,3306,275.41666666666663,0.5662860390826249
bb_ipp_ground_truth,estimated,3307,275.5,0.5662065564345847
bb_ipp_ground_truth,estimated,3308,275.58333333333337,0.5661236541473263
bb_ipp_ground_truth,estimated,3309,275.66666666666663,0.5660686240347467
bb_ipp_ground_truth,estimated,3310,275.75,0.5660254154599242
bb_ipp_ground_truth,estimated,3311,275.83333333333337,0.5659640347454268
bb_ipp_ground_truth,estimated,3312,275.91666666666663,0.5658993804125946
bb_ipp_ground_truth,estimated,3313,276.0,0.565863713327168
bb_ipp_ground_truth,estimated,3314,276.08333333333337,0.5658513629642458
bb_ipp_ground_truth,estimated,3315,276.16666666666663,0.5658373463573184
bb_ipp_ground_truth,estimated,3316,276.25,0.5658106232868361
bb_ipp_ground_truth,estimated,3317,276.33333333333337,0.5657896355459349
bb_ipp_ground_truth,estimated,3318,276.41666666666663,0.5657881761984853
bb_ipp_ground_truth,estimated,3319,276.5,0.5657901002566467
bb_ipp_ground_truth,estimated,3320,276.58333333333337,0.5657691070079952
bb_ipp_ground_truth,estimated,3321,276.66666666666663,0.5657314289900779
bb_ipp_ground_truth,estimated,3322,276.75,0.5657249618532251
bb_ipp_ground_truth,estimated,3323,276.83333333333337,0.5657543923414982
bb_ipp_ground_truth,estimated,3324,276.91666666666663,0.5657868603890782
bb_ipp_ground_truth,estimated,3325,277.0,0.5658131288640408
bb_ipp_ground_truth,estimated,3326,277.08333333333337,0.5658629766944306
bb_ipp_ground_truth,estimated,3327,277.16666666666663,0.5659371996863404
bb_ipp_ground_truth,estimated,3328,277.25,0.5660232477840649
bb_ipp_ground_truth,estimated,3329,277.33333333333337,0.5661034740386943
bb_ipp_ground_truth,estimated,3330,277.41666666666663,0.5661489802867112
bb_ipp_ground_truth,estimated,3331,277.5,0.5661876538570354
bb_ipp_ground_truth,estimated,3332,277.58333333333337,0.5662734033876793
bb_ipp_ground_truth,estimated,3333,277.66666666666663,0.566385929109169
bb_ipp_ground_truth,estimated,3334,277.75,0.5664895583917889
bb_ipp_ground_truth,estimated,3335,277.83333333333337,0.5665780246934824
bb_ipp_ground_truth,estimated,3336,277.91666666666663,0.5666695805416955
bb_ipp_ground_truth,estimated,3337,278.0,0.566774631750144
bb_ipp_ground_truth,estimated,3338,278.08333333333337,0.5668806306208104
bb_ipp_ground_truth,estimated,3339,278.16666666666663,0.5669684011131984
bb_ipp_ground_truth,estimated,3340,278.25,0.567049423479034
bb_ipp_ground_truth,estimated,3341,278.33333333333337,0.5671504984678577
bb_ipp_ground_truth,estimated,3342,278.41666666666663,0.5672658887451992
bb_ipp_ground_truth,estimated,3343,278.5,0.567370704610571
bb_ipp_ground_truth,estimated,3344,278.58333333333337,0.5674682667146984
bb_ipp_ground_truth,estimated,3345,278.66666666666663,0.5675832144292513
bb_ipp_ground_truth,estimated,3346,278.75,0.5677259934186026
bb_ipp_ground_truth,estimated,3347,278.83333333333337,0.5678746343548636
bb_ipp_ground_truth,estimated,3348,278.91666666666663,0.5679837868159361
bb_ipp_ground_truth,estimated,3349,279.0,0.5680575081215096
bb_ipp_ground_truth,estimated,3350,279.08333333333337,0.5681600088349986
bb_ipp_ground_truth,estimated,3351,279.16666666666663,0.5682831918733616
bb_ipp_ground_truth,estimated,3352,279.25,0.5683995286529628
bb_ipp_ground_truth,estimated,3353,279.33333333333337,0.5685061362749031
bb_ipp_ground_truth,estimated,3354,279.41666666666663,0.56859726378234
bb_ipp_ground_truth,estimated,3355,279.5,0.5686547690052077
bb_ipp_ground_truth,estimated,3356,279.58333333333337,0.5687107432495115
bb_ipp_ground_truth,estimated,3357,279.66666666666663,0.5687912843660224
bb_ipp_ground_truth,estimated,3358,279.75,0.5688790511428369
bb_ipp_ground_truth,estimated,3359,279.83333333333337,0.5689494718949023
bb_ipp_ground_truth,estimated,3360,279.91666666666663,0.5689864582951426
bb_ipp_ground_truth,estimated,3361,280.0,0.5690002456115745
bb_ipp_ground_truth,estimated,3362,280.08333333333337,0.56902680727743
bb_ipp_ground_truth,estimated,3363,280.16666666666663,0.5690656606437885
bb_ipp_ground_truth,estimated,3364,280.25,0.5690793646007936
bb_ipp_ground_truth,estimated,3365,280.33333333333337,0.5690641374262713
bb_ipp_ground_truth,estimated,3366,280.41666666666663,0.5690666708219329
bb_ipp_ground_truth,estimated,3367,280.5,0.569093318629104
bb_ipp_ground_truth,estimated,3368,280.58333333333337,0.5691098948602663
bb_ipp_ground_truth,estimated,3369,280.66666666666663,0.5691022851513275
bb_ipp_ground_truth,estimated,3370,280.75,0.5690868104521376
bb_ipp_ground_truth,estimated,3371,280.83333333333337,0.5690730655773999
bb_ipp_ground_truth,estimated,3372,280.91666666666663,0.5690531964683703
bb_ipp_ground_truth,estimated,3373,281.0,0.5690063439822313
bb_ipp_ground_truth,estimated,3374,281.08333333333337,0.5689054109724425
bb_ipp_ground_truth,estimated,3375,281.16666666666663,0.5688115429649722
bb_ipp_ground_truth,estimated,3376,281.25,0.5687561800717398
bb_ipp_ground_truth,estimated,3377,281.33333333333337,0.5687131541507178
bb_ipp_ground_truth,estimated,3378,281.41666666666663,0.5686584965412866
bb_ipp_ground_truth,estimated,3379,281.5,0.568578544163176
bb_ipp_ground_truth,estimated,3380,281.58333333333337,0.5684673624637564
bb_ipp_ground_truth,estimated,3381,281.66666666666663,0.5683550277651325
bb_ipp_ground_truth,estimated,3382,281.75,0.5682572392414823
bb_ipp_ground_truth,estimated,3383,281.83333333333337,0.5681430363516784
bb_ipp_ground_truth,estimated,3384,281.91666666666663,0.5679797435162097
bb_ipp_ground_truth,estimated,3385,282.0,0.5678181509729943
bb_ipp_ground_truth,estimated,3386,282.08333333333337,0.5676945761351228
bb_ipp_ground_truth,estimated,3387,282.16666666666663,0.5675790901674469
bb_ipp_ground_truth,estimated,3388,282.25,0.5674203238714246
bb_ipp_ground_truth,estimated,3389,282.33333333333337,0.5672320772289794
bb_ipp_ground_truth,estimated,3390,282.41666666666663,0.5670944018051969
bb_ipp_ground_truth,estimated,3391,282.5,0.5669966273772576
bb_ipp_ground_truth,estimated,3392,282.58333333333337,0.5668994320342883
bb_ipp_ground_truth,estimated,3393,282.66666666666663,0.5667874852384305
bb_ipp_ground_truth,estimated,3394,282.75,0.5666808459638822
bb_ipp_ground_truth,estimated,3395,282.83333333333337,0.5665843894039645
bb_ipp_ground_truth,estimated,3396,282.91666666666663,0.5664852037169117
bb_ipp_ground_truth,estimated,3397,283.0,0.5663656933492695
bb_ipp_ground_truth,estimated,3398,283.08333333333337,0.5662072668165342
bb_ipp_ground_truth,estimated,3399,283.16666666666663,0.5660609598778202
bb_ipp_ground_truth,estimated,3400,283.25,0.5659727278251359
bb_ipp_ground_truth,estimated,3401,283.33333333333337,0.5659177430593435
bb_ipp_ground_truth,estimated,3402,283.41666666666663,0.5658631470680401
bb_ipp_ground_truth,estimated,3403,283.5,0.5658027856990615
bb_ipp_ground_truth,estimated,3404,283.58333333333337,0.5657465661055575
bb_ipp_ground_truth,estimated,3405,283.66666666666663,0.5657040994999705
bb_ipp_ground_truth,estimated,3406,283.75,0.5656666521863692
bb_ipp_ground_truth,estimated,3407,283.83333333333337,0.565614418077608
bb_ipp_ground_truth,estimated,3408,283.91666666666663,0.5655539487999326
bb_ipp_ground_truth,estimated,3409,284.0,0.5655270693178455
bb_ipp_ground_truth,estimated,3410,284.08333333333337,0.5655377961096035
bb_ipp_ground_truth,estimated,3411,284.16666666666663,0.5655520880388799
bb_ipp_ground_truth,estimated,3412,284.25,0.5655561750187941
bb_ipp_ground_truth,estimated,3413,284.33333333333337,0.5655760542797843
bb_ipp_ground_truth,estimated,3414,284.41666666666663,0.5656239675053076
bb_ipp_ground_truth,estimated,3415,284.5,0.5656831470555239
bb_ipp_ground_truth,estimated,3416,284.58333333333337,0.5657286025925177
bb_ipp_ground_truth,estimated,3417,284.66666666666663,0.5657498914781688
bb_ipp_ground_truth,estimated,3418,284.75,0.5657753328209096
bb_ipp_ground_truth,estimated,3419,284.83333333333337,0.5658332171850183
bb_ipp_ground_truth,estimated,3420,284.91666666666663,0.5659138997417087
bb_ipp_ground_truth,estimated,3421,285.0,0.5659984680889267
bb_ipp_ground_truth,estimated,3422,285.08333333333337,0.5660901992026739
bb_ipp_ground_truth,estimated,3423,285.16666666666663,0.5661810568851927
bb_ipp_ground_truth,estimated,3424,285.25,0.5662592539019681
bb_ipp_ground_truth,estimated,3425,285.33333333333337,0.5663569198242593
bb_ipp_ground_truth,estimated,3426,285.41666666666663,0.5664909224234069
bb_ipp_ground_truth,estimated,3427,285.5,0.5666395024830181
bb_ipp_ground_truth,estimated,3428,285.58333333333337,0.5667708300502274
bb_ipp_ground_truth,estimated,3429,285.66666666666663,0.5668678832275996
bb_ipp_ground_truth,estimated,3430,285.75,0.5669515102653666
bb_ipp_ground_truth,estimated,3431,285.83333333333337,0.5670524638452124
bb_ipp_ground_truth,estimated,3432,285.91666666666663,0.5671647273788322
bb_ipp_ground_truth,estimated,3433,286.0,0.5672639419388666
bb_ipp_ground_truth,estimated,3434,286.08333333333337,0.5673580524581094
bb_ipp_ground_truth,estimated,3435,286.16666666666663,0.5674756608653929
bb_ipp_ground_truth,estimated,3436,286.25,0.5676189033186887
bb_ipp_ground_truth,estimated,3437,286.33333333333337,0.5677659302450598
bb_ipp_ground_truth,estimated,3438,286.41666666666663,0.5678988907978975
bb_ipp_ground_truth,estimated,3439,286.5,0.5680308553923437
bb_ipp_ground_truth,estimated,3440,286.58333333333337,0.5681743704925459
bb_ipp_ground_truth,estimated,3441,286.66666666666663,0.5683053743116426
bb_ipp_ground_truth,estimated,3442,286.75,0.5683862727735303
bb_ipp_ground_truth,estimated,3443,286.83333333333337,0.5684607972289685
bb_ipp_ground_truth,estimated,3444,286.91666666666663,0.5685889565685915
bb_ipp_ground_truth,estimated,3445,287.0,0.5687507236557443
bb_ipp_ground_truth,estimated,3446,287.08333333333337,0.5689013179619972
bb_ipp_ground_truth,estimated,3447,287.16666666666663,0.5690107464331347
bb_ipp_ground_truth,estimated,3448,287.25,0.5690800801179715
bb_ipp_ground_truth,estimated,3449,287.33333333333337,0.5691520048560027
bb_ipp_ground_truth,estimated,3450,287.41666666666663,0.5692417192898777
bb_ipp_ground_truth,estimated,3451,287.5,0.5692988613973302
bb_ipp_ground_truth,estimated,3452,287.58333333333337,0.5692814592642443
bb_ipp_ground_truth,estimated,3453,287.66666666666663,0.5693054156982891
bb_ipp_ground_truth,estimated,3454,287.75,0.5693825120247954
bb_ipp_ground_truth,estimated,3455,287.83333333333337,0.5694519799487897
bb_ipp_ground_truth,estimated,3456,287.91666666666663,0.5694518229096779
bb_ipp_ground_truth,estimated,3457,288.0,0.5694460246781977
bb_ipp_ground_truth,estimated,3458,288.08333333333337,0.5694870781590164
bb_ipp_ground_truth,estimated,3459,288.16666666666663,0.5695334257717929
bb_ipp_ground_truth,estimated,3460,288.25,0.5695277608493217
bb_ipp_ground_truth,estimated,3461,288.33333333333337,0.5694952833134511
bb_ipp_ground_truth,estimated,3462,288.41666666666663,0.5694917637308292
bb_ipp_ground_truth,estimated,3463,288.5,0.5695030718843367
bb_ipp_ground_truth,estimated,3464,288.58333333333337,0.5695012920544075
bb_ipp_ground_truth,estimated,3465,288.66666666666663,0.5694694226871259
bb_ipp_ground_truth,estimated,3466,288.75,0.5693899064807738
bb_ipp_ground_truth,estimated,3467,288.83333333333337,0.5692925280251023
bb_ipp_ground_truth,estimated,3468,288.91666666666663,0.5692235037397952
bb_ipp_ground_truth,estimated,3469,289.0,0.5691687675428726
bb_ipp_ground_truth,estimated,3470,289.08333333333337,0.5691064893188814
bb_ipp_ground_truth,estimated,3471,289.16666666666663,0.5690236729088802
bb_ipp_ground_truth,estimated,3472,289.25,0.5689189002643603
bb_ipp_ground_truth,estimated,3473,289.33333333333337,0.5688109098136057
bb_ipp_ground_truth,estimated,3474,289.41666666666663,0.568712888459714
bb_ipp_ground_truth,estimated,3475,289.5,0.5686068520588737
bb_ipp_ground_truth,estimated,3476,289.58333333333337,0.5684703034941512
bb_ipp_ground_truth,estimated,3477,289.66666666666663,0.5683401843870878
bb_ipp_ground_truth,estimated,3478,289.75,0.5682457613592478
bb_ipp_ground_truth,estimated,3479,289.83333333333337,0.5681652564610125
bb_ipp_ground_truth,estimated,3480,289.91666666666663,0.5680654835714378
bb_ipp_ground_truth,estimated,3481,290.0,0.5679585033137148
bb_ipp_ground_truth,estimated,3482,290.08333333333337,0.5678725592121282
bb_ipp_ground_truth,estimated,3483,290.16666666666663,0.5678016893900596
bb_ipp_ground_truth,estimated,3484,290.25,0.5677250167274601
bb_ipp_ground_truth,estimated,3485,290.33333333333337,0.5676301917630409
bb_ipp_ground_truth,estimated,3486,290.41666666666663,0.5675205159797755
bb_ipp_ground_truth,estimated,3487,290.5,0.5674241507007958
bb_ipp_ground_truth,estimated,3488,290.58333333333337,0.567358657032476
bb_ipp_ground_truth,estimated,3489,290.66666666666663,0.5673072713705378
bb_ipp_ground_truth,estimated,3490,290.75,0.5672580142299483
bb_ipp_ground_truth,estimated,3491,290.83333333333337,0.5672117502935546
bb_ipp_ground_truth,estimated,3492,290.91666666666663,0.5671511880172208
bb_ipp_ground_truth,estimated,3493,291.0,0.5670757066988061
bb_ipp_ground_truth,estimated,3494,291.08333333333337,0.5670174357817408
bb_ipp_ground_truth,estimated,3495,291.16666666666663,0.5669855468945004
bb_ipp_ground_truth,estimated,3496,291.25,0.5669631483580875
bb_ipp_ground_truth,estimated,3497,291.33333333333337,0.5669294137037258
bb_ipp_ground_truth,estimated,3498,291.41666666666663,0.566881377058229
bb_ipp_ground_truth,estimated,3499,291.5,0.56683798457795
bb_ipp_ground_truth,estimated,3500,291.58333333333337,0.5668107997522133
bb_ipp_ground_truth,estimated,3501,291.66666666666663,0.5667889593610227
bb_ipp_ground_truth,estimated,3502,291.75,0.5667619641884886
bb_ipp_ground_truth,estimated,3503,291.83333333333337,0.5667437354617852
bb_ipp_ground_truth,estimated,3504,291.91666666666663,0.5667561534325853
bb_ipp_ground_truth,estimated,3505,292.0,0.5667952631697515
bb_ipp_ground_truth,estimated,3506,292.08333333333337,0.5668240255095052
bb_ipp_ground_truth,estimated,3507,292.16666666666663,0.5668220838804349
bb_ipp_ground_truth,estimated,3508,292.25,0.5668388738378631
bb_ipp_ground_truth,estimated,3509,292.33333333333337,0.5668971083323691
bb_ipp_ground_truth,estimated,3510,292.41666666666663,0.5669727345332628
bb_ipp_ground_truth,estimated,3511,292.5,0.5670498178395275
bb_ipp_ground_truth,estimated,3512,292.58333333333337,0.5671231118560323
bb_ipp_ground_truth,estimated,3513,292.66666666666663,0.5671777758242799
bb_ipp_ground_truth,estimated,3514,292.75,0.5672281586277337
bb_ipp_ground_truth,estimated,3515,292.83333333333337,0.5673155068862673
bb_ipp_ground_truth,estimated,3516,292.91666666666663,0.5674380261240213
bb_ipp_ground_truth,estimated,3517,293.0,0.5675697989760772
bb_ipp_ground_truth,estimated,3518,293.08333333333337,0.5676864265298178
bb_ipp_ground_truth,estimated,3519,293.16666666666663,0.5677812950887543
bb_ipp_ground_truth,estimated,3520,293.25,0.5678845680116404
bb_ipp_ground_truth,estimated,3521,293.33333333333337,0.5680215777738536
bb_ipp_ground_truth,estimated,3522,293.41666666666663,0.5681611503812551
bb_ipp_ground_truth,estimated,3523,293.5,0.5682566111466755
bb_ipp_ground_truth,estimated,3524,293.58333333333337,0.5683489813699425
bb_ipp_ground_truth,estimated,3525,293.66666666666663,0.5684848413366149
bb_ipp_ground_truth,estimated,3526,293.75,0.5686340691681591
bb_ipp_ground_truth,estimated,3527,293.83333333333337,0.5687533048173237
bb_ipp_ground_truth,estimated,3528,293.91666666666663,0.5688559044856705
bb_ipp_ground_truth,estimated,3529,294.0,0.5689703323473778
bb_ipp_ground_truth,estimated,3530,294.08333333333337,0.5690926868069931
bb_ipp_ground_truth,estimated,3531,294.16666666666663,0.5691973867634402
bb_ipp_ground_truth,estimated,3532,294.25,0.569245555042328
bb_ipp_ground_truth,estimated,3533,294.33333333333337,0.5692356056970365
bb_ipp_ground_truth,estimated,3534,294.41666666666663,0.5692873908315719
bb_ipp_ground_truth,estimated,3535,294.5,0.569394349175795
bb_ipp_ground_truth,estimated,3536,294.58333333333337,0.5695105205444116
bb_ipp_ground_truth,estimated,3537,294.66666666666663,0.5695991227109475
bb_ipp_ground_truth,estimated,3538,294.75,0.5696323317323152
bb_ipp_ground_truth,estimated,3539,294.83333333333337,0.5696259496045349
bb_ipp_ground_truth,estimated,3540,294.91666666666663,0.5696514536392356
bb_ipp_ground_truth,estimated,3541,295.0,0.5697065127492497
bb_ipp_ground_truth,estimated,3542,295.08333333333337,0.5697312614882013
bb_ipp_ground_truth,estimated,3543,295.16666666666663,0.5696967471447028
bb_ipp_ground_truth,estimated,3544,295.25,0.5696788740335539
bb_ipp_ground_truth,estimated,3545,295.33333333333337,0.5696927953347428
bb_ipp_ground_truth,estimated,3546,295.41666666666663,0.5696952930903508
bb_ipp_ground_truth,estimated,3547,295.5,0.5696373235302948
bb_ipp_ground_truth,estimated,3548,295.58333333333337,0.5695708497378287
bb_ipp_ground_truth,estimated,3549,295.66666666666663,0.5695420976405177
bb_ipp_ground_truth,estimated,3550,295.75,0.5695254290845025
bb_ipp_ground_truth,estimated,3551,295.83333333333337,0.569488691658345
bb_ipp_ground_truth,estimated,3552,295.91666666666663,0.569439655743585
bb_ipp_ground_truth,estimated,3553,296.0,0.5694039918050701
bb_ipp_ground_truth,estimated,3554,296.08333333333337,0.5693794964670134
bb_ipp_ground_truth,estimated,3555,296.16666666666663,0.5693508965793496
bb_ipp_ground_truth,estimated,3556,296.25,0.5692986407502344
bb_ipp_ground_truth,estimated,3557,296.33333333333337,0.5692016044217665
bb_ipp_ground_truth,estimated,3558,296.41666666666663,0.5691244587098051
bb_ipp_ground_truth,estimated,3559,296.5,0.5690884755617889
bb_ipp_ground_truth,estimated,3560,296.58333333333337,0.5690651574838861
bb_ipp_ground_truth,estimated,3561,296.66666666666663,0.5690307100294361
bb_ipp_ground_truth,estimated,3562,296.75,0.5689790299372249
bb_ipp_ground_truth,estimated,3563,296.83333333333337,0.5689190404418225
bb_ipp_ground_truth,estimated,3564,296.91666666666663,0.5688672959582997
bb_ipp_ground_truth,estimated,3565,297.0,0.568819933787734
bb_ipp_ground_truth,estimated,3566,297.08333333333337,0.5687504888100547
bb_ipp_ground_truth,estimated,3567,297.16666666666663,0.5686619570823035
bb_ipp_ground_truth,estimated,3568,297.25,0.5685936943136809
bb_ipp_ground_truth,estimated,3569,297.33333333333337,0.5685454310647753
bb_ipp_ground_truth,estimated,3570,297.41666666666663,0.5684877473755211
bb_ipp_ground_truth,estimated,3571,297.5,0.5684117363655933
bb_ipp_ground_truth,estimated,3572,297.58333333333337,0.5683412478442047
bb_ipp_ground_truth,estimated,3573,297.66666666666663,0.5682847730384751
bb_ipp_ground_truth,estimated,3574,297.75,0.5682300920290343
bb_ipp_ground_truth,estimated,3575,297.83333333333337,0.5681592021204854
bb_ipp_ground_truth,estimated,3576,297.91666666666663,0.568062036956161
bb_ipp_ground_truth,estimated,3577,298.0,0.5679698384542675
bb_ipp_ground_truth,estimated,3578,298.08333333333337,0.5679148303069258
bb_ipp_ground_truth,estimated,3579,298.16666666666663,0.5678849171616517
bb_ipp_ground_truth,estimated,3580,298.25,0.5678586172976855
bb_ipp_ground_truth,estimated,3581,298.33333333333337,0.5678259262682366
bb_ipp_ground_truth,estimated,3582,298.41666666666663,0.5677667513109754
bb_ipp_ground_truth,estimated,3583,298.5,0.5676762014451854
bb_ipp_ground_truth,estimated,3584,298.58333333333337,0.5676066595123109
bb_ipp_ground_truth,estimated,3585,298.66666666666663,0.5675727238344291
bb_ipp_ground_truth,estimated,3586,298.75,0.5675493862000754
bb_ipp_ground_truth,estimated,3587,298.83333333333337,0.5675105286641707
bb_ipp_ground_truth,estimated,3588,298.91666666666663,0.5674600487668969
bb_ipp_ground_truth,estimated,3589,299.0,0.5674212994482376
bb_ipp_ground_truth,estimated,3590,299.08333333333337,0.5673959662022724
bb_ipp_ground_truth,estimated,3591,299.16666666666663,0.5673597123526628
bb_ipp_ground_truth,estimated,3592,299.25,0.567297193963006
bb_ipp_ground_truth,estimated,3593,299.33333333333337,0.5672305577242109
bb_ipp_ground_truth,estimated,3594,299.41666666666663,0.5671894952206418
bb_ipp_ground_truth,estimated,3595,299.5,0.5671640758730371
bb_ipp_ground_truth,estimated,3596,299.58333333333337,0.5671204253147482
bb_ipp_ground_truth,estimated,3597,299.66666666666663,0.5670794746162595
bb_ipp_ground_truth,estimated,3598,299.75,0.5670841147953295
bb_ipp_ground_truth,estimated,3599,299.83333333333337,0.5671227860937225
bb_ipp_ground_truth,estimated,3600,299.91666666666663,0.5671662324630035
bb_ipp_ground_truth,estimated,3601,300.0,0.567191077442741
bb_ipp_ground_truth,estimated,3602,300.08333333333337,0.5671657441519989
bb_ipp_ground_truth,estimated,3603,300.16666666666663,0.567152429516546
bb_ipp_ground_truth,estimated,3604,300.25,0.5672140028864795
bb_ipp_ground_truth,estimated,3605,300.33333333333337,0.5673130987649758
bb_ipp_ground_truth,estimated,3606,300.41666666666663,0.5674078137435303
bb_ipp_ground_truth,estimated,3607,300.5,0.5674867860720331
bb_ipp_ground_truth,estimated,3608,300.58333333333337,0.5675654517263342
bb_ipp_ground_truth,estimated,3609,300.66666666666663,0.5676587471975497
bb_ipp_ground_truth,estimated,3610,300.75,0.5677607522111203
bb_ipp_ground_truth,estimated,3611,300.83333333333337,0.5678471011407837
bb_ipp_ground_truth,estimated,3612,300.91666666666663,0.5679148572622511
bb_ipp_ground_truth,estimated,3613,301.0,0.5679910358630493
bb_ipp_ground_truth,estimated,3614,301.08333333333337,0.568084861070705
bb_ipp_ground_truth,estimated,3615,301.16666666666663,0.5681731248588882
bb_ipp_ground_truth,estimated,3616,301.25,0.5682466657878555
bb_ipp_ground_truth,estimated,3617,301.33333333333337,0.5683207016518045
bb_ipp_ground_truth,estimated,3618,301.41666666666663,0.5684069526652621
bb_ipp_ground_truth,estimated,3619,301.5,0.5684955341951936
bb_ipp_ground_truth,estimated,3620,301.58333333333337,0.5685526532787049
bb_ipp_ground_truth,estimated,3621,301.66666666666663,0.568564243642763
bb_ipp_ground_truth,estimated,3622,301.75,0.5686431439769941
bb_ipp_ground_truth,estimated,3623,301.83333333333337,0.5687873974528538
bb_ipp_ground_truth,estimated,3624,301.91666666666663,0.5689493490741594
bb_ipp_ground_truth,estimated,3625,302.0,0.5690956491767416
bb_ipp_ground_truth,estimated,3626,302.08333333333337,0.5691961286526329
bb_ipp_ground_truth,estimated,3627,302.16666666666663,0.5692266052107553
bb_ipp_ground_truth,estimated,3628,302.25,0.5693074373690402
bb_ipp_ground_truth,estimated,3629,302.33333333333337,0.5694622889342282
bb_ipp_ground_truth,estimated,3630,302.41666666666663,0.5696406601244121
bb_ipp_ground_truth,estimated,3631,302.5,0.5698020434519093
bb_ipp_ground_truth,estimated,3632,302.58333333333337,0.5699430290713936
bb_ipp_ground_truth,estimated,3633,302.66666666666663,0.5700829284158462
bb_ipp_ground_truth,estimated,3634,302.75,0.5702295882410445
bb_ipp_ground_truth,estimated,3635,302.83333333333337,0.5703609569811923
bb_ipp_ground_truth,estimated,3636,302.91666666666663,0.5704566759189892
bb_ipp_ground_truth,estimated,3637,303.0,0.5705441648161035
bb_ipp_ground_truth,estimated,3638,303.08333333333337,0.5706519381397186
bb_ipp_ground_truth,estimated,3639,303.16666666666663,0.5707609288106776
bb_ipp_ground_truth,estimated,3640,303.25,0.5708460966328825
bb_ipp_ground_truth,estimated,3641,303.33333333333337,0.5709164563838464
bb_ipp_ground_truth,estimated,3642,303.41666666666663,0.5709899674277503
bb_ipp_ground_truth,estimated,3643,303.5,0.5710590718650163
bb_ipp_ground_truth,estimated,3644,303.58333333333337,0.5710843688992107
bb_ipp_ground_truth,estimated,3645,303.66666666666663,0.5710176185822716
bb_ipp_ground_truth,estimated,3646,303.75,0.5709637679756939
bb_ipp_ground_truth,estimated,3647,303.83333333333337,0.5710009721954736
bb_ipp_ground_truth,estimated,3648,303.91666666666663,0.571085667327882
bb_ipp_ground_truth,estimated,3649,304.0,0.5711599781748848
bb_ipp_ground_truth,estimated,3650,304.08333333333337,0.5711816959843478
bb_ipp_ground_truth,estimated,3651,304.16666666666663,0.5711176387701317
bb_ipp_ground_truth,estimated,3652,304.25,0.5710463699814763
bb_ipp_ground_truth,estimated,3653,304.33333333333337,0.5710537258126542
bb_ipp_ground_truth,estimated,3654,304.41666666666663,0.5711092653411182
bb_ipp_ground_truth,estimated,3655,304.5,0.5711575404673307
bb_ipp_ground_truth,estimated,3656,304.58333333333337,0.5711792448719667
bb_ipp_ground_truth,estimated,3657,304.66666666666663,0.571192616370982
bb_ipp_ground_truth,estimated,3658,304.75,0.5712118480110978
bb_ipp_ground_truth,estimated,3659,304.83333333333337,0.5712276267738297
bb_ipp_ground_truth,estimated,3660,304.91666666666663,0.571221530429104
bb_ipp_ground_truth,estimated,3661,305.0,0.5712010323996024
bb_ipp_ground_truth,estimated,3662,305.08333333333337,0.5711893170787686
bb_ipp_ground_truth,estimated,3663,305.16666666666663,0.5711841708580914
bb_ipp_ground_truth,estimated,3664,305.25,0.5711679066934571
bb_ipp_ground_truth,estimated,3665,305.33333333333337,0.5711341545448138
bb_ipp_ground_truth,estimated,3666,305.41666666666663,0.5710934933027125
bb_ipp_ground_truth,estimated,3667,305.5,0.5710573915984434
bb_ipp_ground_truth,estimated,3668,305.58333333333337,0.5710117076242105
bb_ipp_ground_truth,estimated,3669,305.66666666666663,0.5709321992919791
bb_ipp_ground_truth,estimated,3670,305.75,0.5708519924265828
bb_ipp_ground_truth,estimated,3671,305.83333333333337,0.5708105700570366
bb_ipp_ground_truth,estimated,3672,305.91666666666663,0.5707909083651748
bb_ipp_ground_truth,estimated,3673,306.0,0.5707629881184564
bb_ipp_ground_truth,estimated,3674,306.08333333333337,0.5707110524146697
bb_ipp_ground_truth,estimated,3675,306.16666666666663,0.5706368258330977
bb_ipp_ground_truth,estimated,3676,306.25,0.5705619263323187
bb_ipp_ground_truth,estimated,3677,306.33333333333337,0.570494064259092
bb_ipp_ground_truth,estimated,3678,306.41666666666663,0.57040701364052
bb_ipp_ground_truth,estimated,3679,306.5,0.5702828623445737
bb_ipp_ground_truth,estimated,3680,306.58333333333337,0.5701951044749459
bb_ipp_ground_truth,estimated,3681,306.66666666666663,0.570148756515666
bb_ipp_ground_truth,estimated,3682,306.75,0.5701033400070691
bb_ipp_ground_truth,estimated,3683,306.83333333333337,0.5700287138719223
bb_ipp_ground_truth,estimated,3684,306.91666666666663,0.5699620504249098
bb_ipp_ground_truth,estimated,3685,307.0,0.5699433475268548
bb_ipp_ground_truth,estimated,3686,307.08333333333337,0.5699493583707115
bb_ipp_ground_truth,estimated,3687,307.16666666666663,0.5699275390391944
bb_ipp_ground_truth,estimated,3688,307.25,0.5698759446564049
bb_ipp_ground_truth,estimated,3689,307.33333333333337,0.5698705991266214
bb_ipp_ground_truth,estimated,3690,307.41666666666663,0.56991528077871
bb_ipp_ground_truth,estimated,3691,307.5,0.569965877831499
bb_ipp_ground_truth,estimated,3692,307.58333333333337,0.5699997480165498
bb_ipp_ground_truth,estimated,3693,307.66666666666663,0.5700499326065235
bb_ipp_ground_truth,estimated,3694,307.75,0.5701263119039067
bb_ipp_ground_truth,estimated,3695,307.83333333333337,0.5702101386036169
bb_ipp_ground_truth,estimated,3696,307.91666666666663,0.5702772877858733
bb_ipp_ground_truth,estimated,3697,308.0,0.57029621881351
bb_ipp_ground_truth,estimated,3698,308.08333333333337,0.5702924270343094
bb_ipp_ground_truth,estimated,3699,308.16666666666663,0.5703415327339517
bb_ipp_ground_truth,estimated,3700,308.25,0.5704256472339418
bb_ipp_ground_truth,estimated,3701,308.33333333333337,0.5705052992019333
bb_ipp_ground_truth,estimated,3702,308.41666666666663,0.5705669534916977
bb_ipp_ground_truth,estimated,3703,308.5,0.5706282921348486
bb_ipp_ground_truth,estimated,3704,308.58333333333337,0.5707041359429013
bb_ipp_ground_truth,estimated,3705,308.66666666666663,0.5707902570086277
bb_ipp_ground_truth,estimated,3706,308.75,0.5708629715910076
bb_ipp_ground_truth,estimated,3707,308.83333333333337,0.5709184391416164
bb_ipp_ground_truth,estimated,3708,308.91666666666663,0.5709899242353673
bb_ipp_ground_truth,estimated,3709,309.0,0.5710838856695803
bb_ipp_ground_truth,estimated,3710,309.08333333333337,0.5711788505484856
bb_ipp_ground_truth,estimated,3711,309.16666666666663,0.5712657939798773
bb_ipp_ground_truth,estimated,3712,309.25,0.5713697794204573
bb_ipp_ground_truth,estimated,3713,309.33333333333337,0.5715083138651714
bb_ipp_ground_truth,estimated,3714,309.41666666666663,0.571660793055846
bb_ipp_ground_truth,estimated,3715,309.5,0.5717928934809525
bb_ipp_ground_truth,estimated,3716,309.58333333333337,0.5718892875436488
bb_ipp_ground_truth,estimated,3717,309.66666666666663,0.5719744441842867
bb_ipp_ground_truth,estimated,3718,309.75,0.5720688158786018
bb_ipp_ground_truth,estimated,3719,309.83333333333337,0.5721540225585517
bb_ipp_ground_truth,estimated,3720,309.91666666666663,0.5722247034512115
bb_ipp_ground_truth,estimated,3721,310.0,0.5722990827267724
bb_ipp_ground_truth,estimated,3722,310.08333333333337,0.5723693211719898
bb_ipp_ground_truth,estimated,3723,310.16666666666663,0.5724159808327695
bb_ipp_ground_truth,estimated,3724,310.25,0.5724633336133887
bb_ipp_ground_truth,estimated,3725,310.33333333333337,0.5725251678633383
bb_ipp_ground_truth,estimated,3726,310.41666666666663,0.5725850295202446
bb_ipp_ground_truth,estimated,3727,310.5,0.5726157103378907
bb_ipp_ground_truth,estimated,3728,310.58333333333337,0.5726058920366409
bb_ipp_ground_truth,estimated,3729,310.66666666666663,0.5725794911622981
bb_ipp_ground_truth,estimated,3730,310.75,0.5725616366452517
bb_ipp_ground_truth,estimated,3731,310.83333333333337,0.572543863331943
bb_ipp_ground_truth,estimated,3732,310.91666666666663,0.5725079005774721
bb_ipp_ground_truth,estimated,3733,311.0,0.572465544826926
bb_ipp_ground_truth,estimated,3734,311.08333333333337,0.5724395817873786
bb_ipp_ground_truth,estimated,3735,311.16666666666663,0.5724238212933404
bb_ipp_ground_truth,estimated,3736,311.25,0.5723989577357592
bb_ipp_ground_truth,estimated,3737,311.33333333333337,0.5723555894981341
bb_ipp_ground_truth,estimated,3738,311.41666666666663,0.5723084596859457
bb_ipp_ground_truth,estimated,3739,311.5,0.5722720893090829
bb_ipp_ground_truth,estimated,3740,311.58333333333337,0.5722322974121604
bb_ipp_ground_truth,estimated,3741,311.66666666666663,0.5721584127597097
bb_ipp_ground_truth,estimated,3742,311.75,0.5720784314963175
bb_ipp_ground_truth,estimated,3743,311.83333333333337,0.5720332110421492
bb_ipp_ground_truth,estimated,3744,311.91666666666663,0.5720068016753167
bb_ipp_ground_truth,estimated,3745,312.0,0.5719734730187898
bb_ipp_ground_truth,estimated,3746,312.08333333333337,0.5719171567552015
bb_ipp_ground_truth,estimated,3747,312.16666666666663,0.5718336140352588
bb_ipp_ground_truth,estimated,3748,312.25,0.5717500673513384
bb_ipp_ground_truth,estimated,3749,312.33333333333337,0.5716825124259607
bb_ipp_ground_truth,estimated,3750,312.41666666666663,0.5716029063715917
bb_ipp_ground_truth,estimated,3751,312.5,0.5714800467321746
bb_ipp_ground_truth,estimated,3752,312.58333333333337,0.5713647966327502
bb_ipp_ground_truth,estimated,3753,312.66666666666663,0.5712858546510585
bb_ipp_ground_truth,estimated,3754,312.75,0.5712161292669257
bb_ipp_ground_truth,estimated,3755,312.83333333333337,0.571115150936437
bb_ipp_ground_truth,estimated,3756,312.91666666666663,0.5709936998103572
bb_ipp_ground_truth,estimated,3757,313.0,0.5709053861678046
bb_ipp_ground_truth,estimated,3758,313.08333333333337,0.5708444214983784
bb_ipp_ground_truth,estimated,3759,313.16666666666663,0.5707656225130423
bb_ipp_ground_truth,estimated,3760,313.25,0.5706558249637794
bb_ipp_ground_truth,estimated,3761,313.33333333333337,0.5705723683578707
bb_ipp_ground_truth,estimated,3762,313.41666666666663,0.5705224657300586
bb_ipp_ground_truth,estimated,3763,313.5,0.5704785501209162
bb_ipp_ground_truth,estimated,3764,313.58333333333337,0.5704131844239967
bb_ipp_ground_truth,estimated,3765,313.66666666666663,0.5703004888327186
bb_ipp_ground_truth,estimated,3766,313.75,0.5701441225316907
bb_ipp_ground_truth,estimated,3767,313.83333333333337,0.5700364314872904
bb_ipp_ground_truth,estimated,3768,313.91666666666663,0.5699773178495827
bb_ipp_ground_truth,estimated,3769,314.0,0.5699300846587384
bb_ipp_ground_truth,estimated,3770,314.08333333333337,0.5698711576683794
bb_ipp_ground_truth,estimated,3771,314.16666666666663,0.569802024975081
bb_ipp_ground_truth,estimated,3772,314.25,0.5697386815390503
bb_ipp_ground_truth,estimated,3773,314.33333333333337,0.5696879115778685
bb_ipp_ground_truth,estimated,3774,314.41666666666663,0.5696341033002466
bb_ipp_ground_truth,estimated,3775,314.5,0.5695607629686804
bb_ipp_ground_truth,estimated,3776,314.58333333333337,0.569491472377081
bb_ipp_ground_truth,estimated,3777,314.66666666666663,0.5694527840222674
bb_ipp_ground_truth,estimated,3778,314.75,0.569434648714709
bb_ipp_ground_truth,estimated,3779,314.83333333333337,0.5694107946562432
bb_ipp_ground_truth,estimated,3780,314.91666666666663,0.5693832203724263
bb_ipp_ground_truth,estimated,3781,315.0,0.5693732051335735
bb_ipp_ground_truth,estimated,3782,315.08333333333337,0.5693834289595163
bb_ipp_ground_truth,estimated,3783,315.16666666666663,0.5693913872631817
bb_ipp_ground_truth,estimated,3784,315.25,0.5693703217369865
bb_ipp_ground_truth,estimated,3785,315.33333333333337,0.5693331515297525
bb_ipp_ground_truth,estimated,3786,315.41666666666663,0.5693333243686758
bb_ipp_ground_truth,estimated,3787,315.5,0.5693808800332147
bb_ipp_ground_truth,estimated,3788,315.58333333333337,0.5694483320488064
bb_ipp_ground_truth,estimated,3789,315.66666666666663,0.569518488661973
bb_ipp_ground_truth,estimated,3790,315.75,0.569578573884178
bb_ipp_ground_truth,estimated,3791,315.83333333333337,0.5696044602393483
bb_ipp_ground_truth,estimated,3792,315.91666666666663,0.5696233024394493
bb_ipp_ground_truth,estimated,3793,316.0,0.5696814511339177
bb_ipp_ground_truth,estimated,3794,316.08333333333337,0.5697698483985113
bb_ipp_ground_truth,estimated,3795,316.16666666666663,0.5698550794080326
bb_ipp_ground_truth,estimated,3796,316.25,0.569914879013007
bb_ipp_ground_truth,estimated,3797,316.33333333333337,0.5699601577124285
bb_ipp_ground_truth,estimated,3798,316.41666666666663,0.5700171099404888
bb_ipp_ground_truth,estimated,3799,316.5,0.5700902428758039
bb_ipp_ground_truth,estimated,3800,316.58333333333337,0.5701623779881375
bb_ipp_ground_truth,estimated,3801,316.66666666666663,0.5702310396401008
bb_ipp_ground_truth,estimated,3802,316.75,0.5703152686823325
bb_ipp_ground_truth,estimated,3803,316.83333333333337,0.5704270112812238
bb_ipp_ground_truth,estimated,3804,316.91666666666663,0.5705497359319492
bb_ipp_ground_truth,estimated,3805,317.0,0.5706571417606635
bb_ipp_ground_truth,estimated,3806,317.08333333333337,0.5707672302945679
bb_ipp_ground_truth,estimated,3807,317.16666666666663,0.570917749317927
bb_ipp_ground_truth,estimated,3808,317.25,0.5710836229888282
bb_ipp_ground_truth,estimated,3809,317.33333333333337,0.5712195377447012
bb_ipp_ground_truth,estimated,3810,317.41666666666663,0.5713506592897198
bb_ipp_ground_truth,estimated,3811,317.5,0.5715195119205007
bb_ipp_ground_truth,estimated,3812,317.58333333333337,0.5717089037966714
bb_ipp_ground_truth,estimated,3813,317.66666666666663,0.571881431733561
bb_ipp_ground_truth,estimated,3814,317.75,0.5720127724019346
bb_ipp_ground_truth,estimated,3815,317.83333333333337,0.5721080372481918
bb_ipp_ground_truth,estimated,3816,317.91666666666663,0.5722138126841081
bb_ipp_ground_truth,estimated,3817,318.0,0.572337127269988
bb_ipp_ground_truth,estimated,3818,318.08333333333337,0.5724187675148013
bb_ipp_ground_truth,estimated,3819,318.16666666666663,0.5724423342144438
bb_ipp_ground_truth,estimated,3820,318.25,0.5725122431057355
bb_ipp_ground_truth,estimated,3821,318.33333333333337,0.5726253546333339
bb_ipp_ground_truth,estimated,3822,318.41666666666663,0.5727167947288361
bb_ipp_ground_truth,estimated,3823,318.5,0.5727390427483031
bb_ipp_ground_truth,estimated,3824,318.58333333333337,0.5727553092725925
bb_ipp_ground_truth,estimated,3825,318.66666666666663,0.5728125920890357
bb_ipp_ground_truth,estimated,3826,318.75,0.5728679147847715
bb_ipp_ground_truth,estimated,3827,318.83333333333337,0.5728509375777114
bb_ipp_ground_truth,estimated,3828,318.91666666666663,0.5728024104267343
bb_ipp_ground_truth,estimated,3829,319.0,0.5728106153528001
bb_ipp_ground_truth,estimated,3830,319.08333333333337,0.5728494210708484
bb_ipp_ground_truth,estimated,3831,319.16666666666663,0.572874783288569
bb_ipp_ground_truth,estimated,3832,319.25,0.57287266047251
bb_ipp_ground_truth,estimated,3833,319.33333333333337,0.5728374195234543
bb_ipp_ground_truth,estimated,3834,319.41666666666663,0.5727752652092982
bb_ipp_ground_truth,estimated,3835,319.5,0.5727185065245233
bb_ipp_ground_truth,estimated,3836,319.58333333333337,0.5726709806054202
bb_ipp_ground_truth,estimated,3837,319.66666666666663,0.5726241660028311
bb_ipp_ground_truth,estimated,3838,319.75,0.5725653110925706
bb_ipp_ground_truth,estimated,3839,319.83333333333337,0.572474710708358
bb_ipp_ground_truth,estimated,3840,319.91666666666663,0.5723564410240491
bb_ipp_ground_truth,estimated,3841,320.0,0.5722586634726863
bb_ipp_ground_truth,estimated,3842,320.08333333333337,0.5721824436421553
bb_ipp_ground_truth,estimated,3843,320.16666666666663,0.5720880406000829
bb_ipp_ground_truth,estimated,3844,320.25,0.5719509934279872
bb_ipp_ground_truth,estimated,3845,320.33333333333337,0.5718415435456069
bb_ipp_ground_truth,estimated,3846,320.41666666666663,0.5717720124423803
bb_ipp_ground_truth,estimated,3847,320.5,0.5717033190316828
bb_ipp_ground_truth,estimated,3848,320.58333333333337,0.571588214643927
bb_ipp_ground_truth,estimated,3849,320.66666666666663,0.5714783204303366
bb_ipp_ground_truth,estimated,3850,320.75,0.5714149444458865
bb_ipp_ground_truth,estimated,3851,320.83333333333337,0.5713719082605805
bb_ipp_ground_truth,estimated,3852,320.91666666666663,0.571317028171991
bb_ipp_ground_truth,estimated,3853,321.0,0.5712517607686374
bb_ipp_ground_truth,estimated,3854,321.08333333333337,0.571190875917678
bb_ipp_ground_truth,estimated,3855,321.16666666666663,0.5711354786507381
bb_ipp_ground_truth,estimated,3856,321.25,0.5710835835519446
bb_ipp_ground_truth,estimated,3857,321.33333333333337,0.5710207436954357
bb_ipp_ground_truth,estimated,3858,321.41666666666663,0.5709373999303836
bb_ipp_ground_truth,estimated,3859,321.5,0.5708777286471461
bb_ipp_ground_truth,estimated,3860,321.58333333333337,0.5708472116252673
bb_ipp_ground_truth,estimated,3861,321.66666666666663,0.5708147191175893
bb_ipp_ground_truth,estimated,3862,321.75,0.5707684408483905
bb_ipp_ground_truth,estimated,3863,321.83333333333337,0.5707270887221862
bb_ipp_ground_truth,estimated,3864,321.91666666666663,0.570704325459389
bb_ipp_ground_truth,estimated,3865,322.0,0.5706941338714348
bb_ipp_ground_truth,estimated,3866,322.08333333333337,0.5706772142678058
bb_ipp_ground_truth,estimated,3867,322.16666666666663,0.5706462282184641
bb_ipp_ground_truth,estimated,3868,322.25,0.5706206962795298
bb_ipp_ground_truth,estimated,3869,322.33333333333337,0.5706152846948028
bb_ipp_ground_truth,estimated,3870,322.41666666666663,0.5706174255374677
bb_ipp_ground_truth,estimated,3871,322.5,0.570611042745756
bb_ipp_ground_truth,estimated,3872,322.58333333333337,0.5706100038038141
bb_ipp_ground_truth,estimated,3873,322.66666666666663,0.5706347532084097
bb_ipp_ground_truth,estimated,3874,322.75,0.570679829808443
bb_ipp_ground_truth,estimated,3875,322.83333333333337,0.570717629812098
bb_ipp_ground_truth,estimated,3876,322.91666666666663,0.5707257228234899
bb_ipp_ground_truth,estimated,3877,323.0,0.5707350739592032
bb_ipp_ground_truth,estimated,3878,323.08333333333337,0.5707794425647312
bb_ipp_ground_truth,estimated,3879,323.16666666666663,0.5708458157264228
bb_ipp_ground_truth,estimated,3880,323.25,0.570913310539968
bb_ipp_ground_truth,estimated,3881,323.33333333333337,0.5709740100253704
bb_ipp_ground_truth,estimated,3882,323.41666666666663,0.5710054759971691
bb_ipp_ground_truth,estimated,3883,323.5,0.5710041312754756
bb_ipp_ground_truth,estimated,3884,323.58333333333337,0.5710250262969125
bb_ipp_ground_truth,estimated,3885,323.66666666666663,0.571083487247575
bb_ipp_ground_truth,estimated,3886,323.75,0.5711489796924678
bb_ipp_ground_truth,estimated,3887,323.83333333333337,0.5711911637629172
bb_ipp_ground_truth,estimated,3888,323.91666666666663,0.5712100636852198
bb_ipp_ground_truth,estimated,3889,324.0,0.5712289414480161
bb_ipp_ground_truth,estimated,3890,324.08333333333337,0.5712553255812842
bb_ipp_ground_truth,estimated,3891,324.16666666666663,0.5712739079115305
bb_ipp_ground_truth,estimated,3892,324.25,0.5712745067288055
bb_ipp_ground_truth,estimated,3893,324.33333333333337,0.571276295268253
bb_ipp_ground_truth,estimated,3894,324.41666666666663,0.57130327293059
bb_ipp_ground_truth,estimated,3895,324.5,0.5713462110588041
bb_ipp_ground_truth,estimated,3896,324.58333333333337,0.5713690969988778
bb_ipp_ground_truth,estimated,3897,324.66666666666663,0.5713714888467628
bb_ipp_ground_truth,estimated,3898,324.75,0.5714188111329805
bb_ipp_ground_truth,estimated,3899,324.83333333333337,0.5715081177254989
bb_ipp_ground_truth,estimated,3900,324.91666666666663,0.5715946496980279
bb_ipp_ground_truth,estimated,3901,325.0,0.57166797459634
bb_ipp_ground_truth,estimated,3902,325.08333333333337,0.5717480715718677
bb_ipp_ground_truth,estimated,3903,325.16666666666663,0.5718391523261358
bb_ipp_ground_truth,estimated,3904,325.25,0.5719286176603278
bb_ipp_ground_truth,estimated,3905,325.33333333333337,0.57200555365757
bb_ipp_ground_truth,estimated,3906,325.41666666666663,0.572061129978178
bb_ipp_ground_truth,estimated,3907,325.5,0.5721202019137469
bb_ipp_ground_truth,estimated,3908,325.58333333333337,0.5721905183240615
bb_ipp_ground_truth,estimated,3909,325.66666666666663,0.5722315144950012
bb_ipp_ground_truth,estimated,3910,325.75,0.5722304645970191
bb_ipp_ground_truth,estimated,3911,325.83333333333337,0.5722703423343214
bb_ipp_ground_truth,estimated,3912,325.91666666666663,0.5723524134551237
bb_ipp_ground_truth,estimated,3913,326.0,0.5724259573609787
bb_ipp_ground_truth,estimated,3914,326.08333333333337,0.5724535947033251
bb_ipp_ground_truth,estimated,3915,326.16666666666663,0.5724619037446274
bb_ipp_ground_truth,estimated,3916,326.25,0.5724895226598177
bb_ipp_ground_truth,estimated,3917,326.33333333333337,0.5725205950556322
bb_ipp_ground_truth,estimated,3918,326.41666666666663,0.5725060481267796
bb_ipp_ground_truth,estimated,3919,326.5,0.5724449701851874
bb_ipp_ground_truth,estimated,3920,326.58333333333337,0.5724321101782102
bb_ipp_ground_truth,estimated,3921,326.66666666666663,0.5724548787600107
bb_ipp_ground_truth,estimated,3922,326.75,0.5724696193151427
bb_ipp_ground_truth,estimated,3923,326.83333333333337,0.5724655899465166
bb_ipp_ground_truth,estimated,3924,326.91666666666663,0.572455100982043
bb_ipp_ground_truth,estimated,3925,327.0,0.5724380972061346
bb_ipp_ground_truth,estimated,3926,327.08333333333337,0.5724148080933931
bb_ipp_ground_truth,estimated,3927,327.16666666666663,0.5723842727476948
bb_ipp_ground_truth,estimated,3928,327.25,0.572345109565196
bb_ipp_ground_truth,estimated,3929,327.33333333333337,0.5723099853363597
bb_ipp_ground_truth,estimated,3930,327.41666666666663,0.5722781128127656
bb_ipp_ground_truth,estimated,3931,327.5,0.5722133646513105
bb_ipp_ground_truth,estimated,3932,327.58333333333337,0.5721320466143868
bb_ipp_ground_truth,estimated,3933,327.66666666666663,0.5720941280538078
bb_ipp_ground_truth,estimated,3934,327.75,0.5720852296049038
bb_ipp_ground_truth,estimated,3935,327.83333333333337,0.5720668182484208
bb_ipp_ground_truth,estimated,3936,327.91666666666663,0.5720199217267478
bb_ipp_ground_truth,estimated,3937,328.0,0.5719671542892225
bb_ipp_ground_truth,estimated,3938,328.08333333333337,0.5719288240106545
bb_ipp_ground_truth,estimated,3939,328.16666666666663,0.571894742704175
bb_ipp_ground_truth,estimated,3940,328.25,0.5718422434507024
bb_ipp_ground_truth,estimated,3941,328.33333333333337,0.5717756130978968
bb_ipp_ground_truth,estimated,3942,328.41666666666663,0.5717236132018734
bb_ipp_ground_truth,estimated,3943,328.5,0.5716813395907075
bb_ipp_ground_truth,estimated,3944,328.58333333333337,0.5716198216899666
bb_ipp_ground_truth,estimated,3945,328.66666666666663,0.5715420542916477
bb_ipp_ground_truth,estimated,3946,328.75,0.5714940505045539
bb_ipp_ground_truth,estimated,3947,328.83333333333337,0.5714746300042529
bb_ipp_ground_truth,estimated,3948,328.91666666666663,0.5714612813301285
bb_ipp_ground_truth,estimated,3949,329.0,0.571434936048262
bb_ipp_ground_truth,estimated,3950,329.08333333333337,0.5713708596518087
bb_ipp_ground_truth,estimated,3951,329.16666666666663,0.571284413296389
bb_ipp_ground_truth,estimated,3952,329.25,0.5712418088966953
bb_ipp_ground_truth,estimated,3953,329.33333333333337,0.5712320079664601
bb_ipp_ground_truth,estimated,3954,329.41666666666663,0.5712210759944302
bb_ipp_ground_truth,estimated,3955,329.5,0.5711971307381325
bb_ipp_ground_truth,estimated,3956,329.58333333333337,0.5711744072013701
bb_ipp_ground_truth,estimated,3957,329.66666666666663,0.5711655860295376
bb_ipp_ground_truth,estimated,3958,329.75,0.5711672084652208
bb_ipp_ground_truth,estimated,3959,329.83333333333337,0.5711602052747339
bb_ipp_ground_truth,estimated,3960,329.91666666666663,0.5711402545521198
bb_ipp_ground_truth,estimated,3961,330.0,0.5711315477770632
bb_ipp_ground_truth,estimated,3962,330.08333333333337,0.5711403683518691
bb_ipp_ground_truth,estimated,3963,330.16666666666663,0.5711437354114469
bb_ipp_ground_truth,estimated,3964,330.25,0.5711289714890003
bb_ipp_ground_truth,estimated,3965,330.33333333333337,0.5711064790451518
bb_ipp_ground_truth,estimated,3966,330.41666666666663,0.571089744771351
bb_ipp_ground_truth,estimated,3967,330.5,0.5710760222637351
bb_ipp_ground_truth,estimated,3968,330.58333333333337,0.5710382498434294
bb_ipp_ground_truth,estimated,3969,330.66666666666663,0.5709522302475615
bb_ipp_ground_truth,estimated,3970,330.75,0.5709100299149605
bb_ipp_ground_truth,estimated,3971,330.83333333333337,0.5709340906022945
bb_ipp_ground_truth,estimated,3972,330.91666666666663,0.5709943173275819
bb_ipp_ground_truth,estimated,3973,331.0,0.5710584818692301
bb_ipp_ground_truth,estimated,3974,331.08333333333337,0.5710980918434958
bb_ipp_ground_truth,estimated,3975,331.16666666666663,0.571086382744579
bb_ipp_ground_truth,estimated,3976,331.25,0.5711246851893912
bb_ipp_ground_truth,estimated,3977,331.33333333333337,0.5712439387441525
bb_ipp_ground_truth,estimated,3978,331.41666666666663,0.571400356956209
bb_ipp_ground_truth,estimated,3979,331.5,0.5715511785809373
bb_ipp_ground_truth,estimated,3980,331.58333333333337,0.5716961347152746
bb_ipp_ground_truth,estimated,3981,331.66666666666663,0.5718536463317662
bb_ipp_ground_truth,estimated,3982,331.75,0.5720294708866025
bb_ipp_ground_truth,estimated,3983,331.83333333333337,0.5722015826514363
bb_ipp_ground_truth,estimated,3984,331.91666666666663,0.5723426545625944
bb_ipp_ground_truth,estimated,3985,332.0,0.5724656470795296
bb_ipp_ground_truth,estimated,3986,332.08333333333337,0.5725975096846583
bb_ipp_ground_truth,estimated,3987,332.16666666666663,0.5727331381903722
bb_ipp_ground_truth,estimated,3988,332.25,0.5728489521525217
bb_ipp_ground_truth,estimated,3989,332.33333333333337,0.5729466178384365
bb_ipp_ground_truth,estimated,3990,332.41666666666663,0.5730426710660523
bb_ipp_ground_truth,estimated,3991,332.5,0.5731394338482672
bb_ipp_ground_truth,estimated,3992,332.58333333333337,0.5732116536153424
bb_ipp_ground_truth,estimated,3993,332.66666666666663,0.5732165911700042
bb_ipp_ground_truth,estimated,3994,332.75,0.5732121902667826
bb_ipp_ground_truth,estimated,3995,332.83333333333337,0.5732761619691001
bb_ipp_ground_truth,estimated,3996,332.91666666666663,0.5733848354182103
bb_ipp_ground_truth,estimated,3997,333.0,0.5734972213056133
bb_ipp_ground_truth,estimated,3998,333.08333333333337,0.5735768763325576
bb_ipp_ground_truth,estimated,3999,333.16666666666663,0.5735876949403174
bb_ipp_ground_truth,estimated,4000,333.25,0.5735850240719954
bb_ipp_ground_truth,estimated,4001,333.33333333333337,0.573649625172793
bb_ipp_ground_truth,estimated,4002,333.41666666666663,0.5737570981883505
bb_ipp_ground_truth,estimated,4003,333.5,0.5738586903546765
bb_ipp_ground_truth,estimated,4004,333.58333333333337,0.5739376518812327
bb_ipp_ground_truth,estimated,4005,333.66666666666663,0.5740106387313664
bb_ipp_ground_truth,estimated,4006,333.75,0.5740894780535749
bb_ipp_ground_truth,estimated,4007,333.83333333333337,0.5741625424118172
bb_ipp_ground_truth,estimated,4008,333.91666666666663,0.5742092193801359
bb_ipp_ground_truth,estimated,4009,334.0,0.5742366524404354
bb_ipp_ground_truth,estimated,4010,334.08333333333337,0.5742677921795988
bb_ipp_ground_truth,estimated,4011,334.16666666666663,0.5743026182690708
bb_ipp_ground_truth,estimated,4012,334.25,0.5743241664269685
bb_ipp_ground_truth,estimated,4013,334.33333333333337,0.5743287836498966
bb_ipp_ground_truth,estimated,4014,334.41666666666663,0.574330188288103
bb_ipp_ground_truth,estimated,4015,334.5,0.574334557172078
bb_ipp_ground_truth,estimated,4016,334.58333333333337,0.5743191186010804
bb_ipp_ground_truth,estimated,4017,334.66666666666663,0.5742457271858904
bb_ipp_ground_truth,estimated,4018,334.75,0.5741644327538611
bb_ipp_ground_truth,estimated,4019,334.83333333333337,0.5741569284785704
bb_ipp_ground_truth,estimated,4020,334.91666666666663,0.5741958445969916
bb_ipp_ground_truth,estimated,4021,335.0,0.5742320756533753
bb_ipp_ground_truth,estimated,4022,335.08333333333337,0.5742324376073835
bb_ipp_ground_truth,estimated,4023,335.16666666666663,0.5741622244439869
bb_ipp_ground_truth,estimated,4024,335.25,0.5740623633501112
bb_ipp_ground_truth,estimated,4025,335.33333333333337,0.5740316840575126
bb_ipp_ground_truth,estimated,4026,335.41666666666663,0.5740507459801025
bb_ipp_ground_truth,estimated,4027,335.5,0.5740708625129834
bb_ipp_ground_truth,estimated,4028,335.58333333333337,0.5740621942179341
bb_ipp_ground_truth,estimated,4029,335.66666666666663,0.5740288060599108
bb_ipp_ground_truth,estimated,4030,335.75,0.5739931741606784
bb_ipp_ground_truth,estimated,4031,335.83333333333337,0.5739612994796961
bb_ipp_ground_truth,estimated,4032,335.91666666666663,0.573914634168489
bb_ipp_ground_truth,estimated,4033,336.0,0.5738512411924532
bb_ipp_ground_truth,estimated,4034,336.08333333333337,0.5737966304885256
bb_ipp_ground_truth,estimated,4035,336.16666666666663,0.5737585782807773
bb_ipp_ground_truth,estimated,4036,336.25,0.5737202084850994
bb_ipp_ground_truth,estimated,4037,336.33333333333337,0.5736697387183263
bb_ipp_ground_truth,estimated,4038,336.41666666666663,0.5736128761352681
bb_ipp_ground_truth,estimated,4039,336.5,0.5735608856279859
bb_ipp_ground_truth,estimated,4040,336.58333333333337,0.5735099483302393
bb_ipp_ground_truth,estimated,4041,336.66666666666663,0.5734343520277237
bb_ipp_ground_truth,estimated,4042,336.75,0.5733257836010022
bb_ipp_ground_truth,estimated,4043,336.83333333333337,0.5732465979513421
bb_ipp_ground_truth,estimated,4044,336.91666666666663,0.5732055293150579
bb_ipp_ground_truth,estimated,4045,337.0,0.5731780473881363
bb_ipp_ground_truth,estimated,4046,337.08333333333337,0.5731423464430436
bb_ipp_ground_truth,estimated,4047,337.16666666666663,0.5730803135736113
bb_ipp_ground_truth,estimated,4048,337.25,0.5729915688439051
bb_ipp_ground_truth,estimated,4049,337.33333333333337,0.5729273516990584
bb_ipp_ground_truth,estimated,4050,337.41666666666663,0.572889699186187
bb_ipp_ground_truth,estimated,4051,337.5,0.5728464887220455
bb_ipp_ground_truth,estimated,4052,337.58333333333337,0.5727871838173862
bb_ipp_ground_truth,estimated,4053,337.66666666666663,0.5727398357796726
bb_ipp_ground_truth,estimated,4054,337.75,0.5727181190388726
bb_ipp_ground_truth,estimated,4055,337.83333333333337,0.5727063018875483
bb_ipp_ground_truth,estimated,4056,337.91666666666663,0.5726823683246743
bb_ipp_ground_truth,estimated,4057,338.0,0.5726486145294855
bb_ipp_ground_truth,estimated,4058,338.08333333333337,0.5726243735625601
bb_ipp_ground_truth,estimated,4059,338.16666666666663,0.57261349683268
bb_ipp_ground_truth,estimated,4060,338.25,0.5725939727903555
bb_ipp_ground_truth,estimated,4061,338.33333333333337,0.5725462364223414
bb_ipp_ground_truth,estimated,4062,338.41666666666663,0.5724977167869626
bb_ipp_ground_truth,estimated,4063,338.5,0.572492993743849
bb_ipp_ground_truth,estimated,4064,338.58333333333337,0.5725198357525881
bb_ipp_ground_truth,estimated,4065,338.66666666666663,0.5725397658024661
bb_ipp_ground_truth,estimated,4066,338.75,0.5725604729046045
bb_ipp_ground_truth,estimated,4067,338.83333333333337,0.5726107809375808
bb_ipp_ground_truth,estimated,4068,338.91666666666663,0.5726838663586942
bb_ipp_ground_truth,estimated,4069,339.0,0.5727662107994779
bb_ipp_ground_truth,estimated,4070,339.08333333333337,0.5728352752796833
bb_ipp_ground_truth,estimated,4071,339.16666666666663,0.5728633935878208
bb_ipp_ground_truth,estimated,4072,339.25,0.5729079692452704
bb_ipp_ground_truth,estimated,4073,339.33333333333337,0.5730014556017597
bb_ipp_ground_truth,estimated,4074,339.41666666666663,0.5731081424053024
bb_ipp_ground_truth,estimated,4075,339.5,0.573195361701356
bb_ipp_ground_truth,estimated,4076,339.58333333333337,0.5732739173803652
bb_ipp_ground_truth,estimated,4077,339.66666666666663,0.5733654431708801
bb_ipp_ground_truth,estimated,4078,339.75,0.5734710459496887
bb_ipp_ground_truth,estimated,4079,339.83333333333337,0.573569940513246
bb_ipp_ground_truth,estimated,4080,339.91666666666663,0.5736470585286977
bb_ipp_ground_truth,estimated,4081,340.0,0.5737165147087413
bb_ipp_ground_truth,estimated,4082,340.08333333333337,0.5737935001939625
bb_ipp_ground_truth,estimated,4083,340.16666666666663,0.5738667066445998
bb_ipp_ground_truth,estimated,4084,340.25,0.5739175943588484
bb_ipp_ground_truth,estimated,4085,340.33333333333337,0.5739502658738987
bb_ipp_ground_truth,estimated,4086,340.41666666666663,0.5739851902978511
bb_ipp_ground_truth,estimated,4087,340.5,0.5740307533574857
bb_ipp_ground_truth,estimated,4088,340.58333333333337,0.574060560573596
bb_ipp_ground_truth,estimated,4089,340.66666666666663,0.5740468137262927
bb_ipp_ground_truth,estimated,4090,340.75,0.5740449164172179
bb_ipp_ground_truth,estimated,4091,340.83333333333337,0.5740859625900632
bb_ipp_ground_truth,estimated,4092,340.91666666666663,0.5741481162627048
bb_ipp_ground_truth,estimated,4093,341.0,0.5742048428149381
bb_ipp_ground_truth,estimated,4094,341.08333333333337,0.5742296381562585
bb_ipp_ground_truth,estimated,4095,341.16666666666663,0.5742096241434529
bb_ipp_ground_truth,estimated,4096,341.25,0.5742087868916543
bb_ipp_ground_truth,estimated,4097,341.33333333333337,0.5742514746857029
bb_ipp_ground_truth,estimated,4098,341.41666666666663,0.5743037673258333
bb_ipp_ground_truth,estimated,4099,341.5,0.5743398610789648
bb_ipp_ground_truth,estimated,4100,341.58333333333337,0.574371807877956
bb_ipp_ground_truth,estimated,4101,341.66666666666663,0.5744147352291531
bb_ipp_ground_truth,estimated,4102,341.75,0.5744649700965987
bb_ipp_ground_truth,estimated,4103,341.83333333333337,0.5745016407777148
bb_ipp_ground_truth,estimated,4104,341.91666666666663,0.5745142964199413
bb_ipp_ground_truth,estimated,4105,342.0,0.5745251754770039
bb_ipp_ground_truth,estimated,4106,342.08333333333337,0.5745528753067712
bb_ipp_ground_truth,estimated,4107,342.16666666666663,0.5745815925927829
bb_ipp_ground_truth,estimated,4108,342.25,0.5745932595783736
bb_ipp_ground_truth,estimated,4109,342.33333333333337,0.57460356702983
bb_ipp_ground_truth,estimated,4110,342.41666666666663,0.5746326611341118
bb_ipp_ground_truth,estimated,4111,342.5,0.5746741729617856
bb_ipp_ground_truth,estimated,4112,342.58333333333337,0.574694801027718
bb_ipp_ground_truth,estimated,4113,342.66666666666663,0.5746715423040669
bb_ipp_ground_truth,estimated,4114,342.75,0.5746329828349753
bb_ipp_ground_truth,estimated,4115,342.83333333333337,0.5746123960922065
bb_ipp_ground_truth,estimated,4116,342.91666666666663,0.5745938866813096
bb_ipp_ground_truth,estimated,4117,343.0,0.5745640925577438
bb_ipp_ground_truth,estimated,4118,343.08333333333337,0.5745325262775938
bb_ipp_ground_truth,estimated,4119,343.16666666666663,0.5744926038026209
bb_ipp_ground_truth,estimated,4120,343.25,0.5744346269718111
bb_ipp_ground_truth,estimated,4121,343.33333333333337,0.5743847680156335
bb_ipp_ground_truth,estimated,4122,343.41666666666663,0.5743527755206865
bb_ipp_ground_truth,estimated,4123,343.5,0.5743238205757044
bb_ipp_ground_truth,estimated,4124,343.58333333333337,0.5742814623401731
bb_ipp_ground_truth,estimated,4125,343.66666666666663,0.5742140880971333
bb_ipp_ground_truth,estimated,4126,343.75,0.5741395940971078
bb_ipp_ground_truth,estimated,4127,343.83333333333337,0.5740901029476481
bb_ipp_ground_truth,estimated,4128,343.91666666666663,0.5740553391099622
bb_ipp_ground_truth,estimated,4129,344.0,0.5739959094987049
bb_ipp_ground_truth,estimated,4130,344.08333333333337,0.5739217762897721
bb_ipp_ground_truth,estimated,4131,344.16666666666663,0.5738802481054174
bb_ipp_ground_truth,estimated,4132,344.25,0.5738623757597414
bb_ipp_ground_truth,estimated,4133,344.33333333333337,0.5738342414107322
bb_ipp_ground_truth,estimated,4134,344.41666666666663,0.5737916078050769
bb_ipp_ground_truth,estimated,4135,344.5,0.573755062388323
bb_ipp_ground_truth,estimated,4136,344.58333333333337,0.5737276869383814
bb_ipp_ground_truth,estimated,4137,344.66666666666663,0.5736969371735028
bb_ipp_ground_truth,estimated,4138,344.75,0.5736402445978327
bb_ipp_ground_truth,estimated,4139,344.83333333333337,0.573536019429515
bb_ipp_ground_truth,estimated,4140,344.91666666666663,0.5734543134230938
bb_ipp_ground_truth,estimated,4141,345.0,0.5734150581993088
bb_ipp_ground_truth,estimated,4142,345.08333333333337,0.5733902049487284
bb_ipp_ground_truth,estimated,4143,345.16666666666663,0.5733563528849956
bb_ipp_ground_truth,estimated,4144,345.25,0.5732992777364956
bb_ipp_ground_truth,estimated,4145,345.33333333333337,0.5732174938138029
bb_ipp_ground_truth,estimated,4146,345.41666666666663,0.5731437759965117
bb_ipp_ground_truth,estimated,4147,345.5,0.5730881941528496
bb_ipp_ground_truth,estimated,4148,345.58333333333337,0.5730128760275519
bb_ipp_ground_truth,estimated,4149,345.66666666666663,0.5728865942855641
bb_ipp_ground_truth,estimated,4150,345.75,0.5727815673598518
bb_ipp_ground_truth,estimated,4151,345.83333333333337,0.5727177413680532
bb_ipp_ground_truth,estimated,4152,345.91666666666663,0.5726512338840982
bb_ipp_ground_truth,estimated,4153,346.0,0.5725222532839521
bb_ipp_ground_truth,estimated,4154,346.08333333333337,0.5723908773725256
bb_ipp_ground_truth,estimated,4155,346.16666666666663,0.5723201970137222
bb_ipp_ground_truth,estimated,4156,346.25,0.5722833017544661
bb_ipp_ground_truth,estimated,4157,346.33333333333337,0.5722388182939954
bb_ipp_ground_truth,estimated,4158,346.41666666666663,0.5721784257103508
bb_ipp_ground_truth,estimated,4159,346.5,0.5721154070154904
bb_ipp_ground_truth,estimated,4160,346.58333333333337,0.5720506866887386
bb_ipp_ground_truth,estimated,4161,346.66666666666663,0.5719769617409503
bb_ipp_ground_truth,estimated,4162,346.75,0.5718743357595024
bb_ipp_ground_truth,estimated,4163,346.83333333333337,0.5717408322825097
bb_ipp_ground_truth,estimated,4164,346.91666666666663,0.5716400269024923
bb_ipp_ground_truth,estimated,4165,347.0,0.5715925440775679
bb_ipp_ground_truth,estimated,4166,347.08333333333337,0.57156464083581
bb_ipp_ground_truth,estimated,4167,347.16666666666663,0.5715320763178582
bb_ipp_ground_truth,estimated,4168,347.25,0.5714956221286643
bb_ipp_ground_truth,estimated,4169,347.33333333333337,0.5714695054453158
bb_ipp_ground_truth,estimated,4170,347.41666666666663,0.571457547999357
bb_ipp_ground_truth,estimated,4171,347.5,0.5714395407114906
bb_ipp_ground_truth,estimated,4172,347.58333333333337,0.5714037833006684
bb_ipp_ground_truth,estimated,4173,347.66666666666663,0.5713847999725123
bb_ipp_ground_truth,estimated,4174,347.75,0.5714201272551259
bb_ipp_ground_truth,estimated,4175,347.83333333333337,0.5714873216352709
bb_ipp_ground_truth,estimated,4176,347.91666666666663,0.5715473848992639
bb_ipp_ground_truth,estimated,4177,348.0,0.5716174604315115
bb_ipp_ground_truth,estimated,4178,348.08333333333337,0.5717339491417058
bb_ipp_ground_truth,estimated,4179,348.16666666666663,0.5718871101005572
bb_ipp_ground_truth,estimated,4180,348.25,0.5720377468848922
bb_ipp_ground_truth,estimated,4181,348.33333333333337,0.5721587696348879
bb_ipp_ground_truth,estimated,4182,348.41666666666663,0.5722606435198218
bb_ipp_ground_truth,estimated,4183,348.5,0.5723735914288489
bb_ipp_ground_truth,estimated,4184,348.58333333333337,0.5724968423417796
bb_ipp_ground_truth,estimated,4185,348.66666666666663,0.572607423789374
bb_ipp_ground_truth,estimated,4186,348.75,0.5727088781047582
bb_ipp_ground_truth,estimated,4187,348.83333333333337,0.5728188584197993
bb_ipp_ground_truth,estimated,4188,348.91666666666663,0.5729228638359223
bb_ipp_ground_truth,estimated,4189,349.0,0.5730123845644847
bb_ipp_ground_truth,estimated,4190,349.08333333333337,0.5731060002600388
bb_ipp_ground_truth,estimated,4191,349.16666666666663,0.5732091546560295
bb_ipp_ground_truth,estimated,4192,349.25,0.5733071571031017
bb_ipp_ground_truth,estimated,4193,349.33333333333337,0.5733737047969383
bb_ipp_ground_truth,estimated,4194,349.41666666666663,0.5733957155372925
bb_ipp_ground_truth,estimated,4195,349.5,0.5734039914241165
bb_ipp_ground_truth,estimated,4196,349.58333333333337,0.5734316917391776
bb_ipp_ground_truth,estimated,4197,349.66666666666663,0.57346388897232
bb_ipp_ground_truth,estimated,4198,349.75,0.5734714513594015
bb_ipp_ground_truth,estimated,4199,349.83333333333337,0.5734726771987405
bb_ipp_ground_truth,estimated,4200,349.91666666666663,0.5735018203766432
bb_ipp_ground_truth,estimated,4201,350.0,0.573545842028199
bb_ipp_ground_truth,estimated,4202,350.08333333333337,0.5735713593476494
bb_ipp_ground_truth,estimated,4203,350.16666666666663,0.5735724549206607
bb_ipp_ground_truth,estimated,4204,350.25,0.5735630075744479
bb_ipp_ground_truth,estimated,4205,350.33333333333337,0.5735508399281103
bb_ipp_ground_truth,estimated,4206,350.41666666666663,0.5735229436741679
bb_ipp_ground_truth,estimated,4207,350.5,0.573454389888489
bb_ipp_ground_truth,estimated,4208,350.58333333333337,0.5733721293804306
bb_ipp_ground_truth,estimated,4209,350.66666666666663,0.5733259180028011
bb_ipp_ground_truth,estimated,4210,350.75,0.5733034896047603
bb_ipp_ground_truth,estimated,4211,350.83333333333337,0.5732745616992788
bb_ipp_ground_truth,estimated,4212,350.91666666666663,0.5732243401584108
bb_ipp_ground_truth,estimated,4213,351.0,0.5731582739673972
bb_ipp_ground_truth,estimated,4214,351.08333333333337,0.5730930685166652
bb_ipp_ground_truth,estimated,4215,351.16666666666663,0.5730281706403827
bb_ipp_ground_truth,estimated,4216,351.25,0.5729408963939813
bb_ipp_ground_truth,estimated,4217,351.33333333333337,0.572832655180417
bb_ipp_ground_truth,estimated,4218,351.41666666666663,0.5727505450011714
bb_ipp_ground_truth,estimated,4219,351.5,0.5726984293962297
bb_ipp_ground_truth,estimated,4220,351.58333333333337,0.5726372590638558
bb_ipp_ground_truth,estimated,4221,351.66666666666663,0.5725460282682362
bb_ipp_ground_truth,estimated,4222,351.75,0.5724689431304105
bb_ipp_ground_truth,estimated,4223,351.83333333333337,0.5724207526496697
bb_ipp_ground_truth,estimated,4224,351.91666666666663,0.5723758749431831
bb_ipp_ground_truth,estimated,4225,352.0,0.5723155733807671
bb_ipp_ground_truth,estimated,4226,352.08333333333337,0.5722468769277349
bb_ipp_ground_truth,estimated,4227,352.16666666666663,0.5721759762228565
bb_ipp_ground_truth,estimated,4228,352.25,0.5721038588704281
bb_ipp_ground_truth,estimated,4229,352.33333333333337,0.5720263711843067
bb_ipp_ground_truth,estimated,4230,352.41666666666663,0.5719331076731381
bb_ipp_ground_truth,estimated,4231,352.5,0.571843278888024
bb_ipp_ground_truth,estimated,4232,352.58333333333337,0.5717717415156375
bb_ipp_ground_truth,estimated,4233,352.66666666666663,0.5717056351390478
bb_ipp_ground_truth,estimated,4234,352.75,0.5716347472025086
bb_ipp_ground_truth,estimated,4235,352.83333333333337,0.571567233170424
bb_ipp_ground_truth,estimated,4236,352.91666666666663,0.5715120952884787
bb_ipp_ground_truth,estimated,4237,353.0,0.5714661105982252
bb_ipp_ground_truth,estimated,4238,353.08333333333337,0.5714167326616989
bb_ipp_ground_truth,estimated,4239,353.16666666666663,0.5713542048804223
bb_ipp_ground_truth,estimated,4240,353.25,0.5712949695377357
bb_ipp_ground_truth,estimated,4241,353.33333333333337,0.5712667277445658
bb_ipp_ground_truth,estimated,4242,353.41666666666663,0.5712579113311954
bb_ipp_ground_truth,estimated,4243,353.5,0.5712409620058175
bb_ipp_ground_truth,estimated,4244,353.58333333333337,0.5712254492305936
bb_ipp_ground_truth,estimated,4245,353.66666666666663,0.5712428559479897
bb_ipp_ground_truth,estimated,4246,353.75,0.5712926644068007
bb_ipp_ground_truth,estimated,4247,353.83333333333337,0.5713434898558927
bb_ipp_ground_truth,estimated,4248,353.91666666666663,0.5713755987944811
bb_ipp_ground_truth,estimated,4249,354.0,0.5713936825593656
bb_ipp_ground_truth,estimated,4250,354.08333333333337,0.5714163540518786
bb_ipp_ground_truth,estimated,4251,354.16666666666663,0.5714488161286411
bb_ipp_ground_truth,estimated,4252,354.25,0.5714732782056995
bb_ipp_ground_truth,estimated,4253,354.33333333333337,0.5714942799293459
bb_ipp_ground_truth,estimated,4254,354.41666666666663,0.5715305764085051
bb_ipp_ground_truth,estimated,4255,354.5,0.5715695162895763
bb_ipp_ground_truth,estimated,4256,354.58333333333337,0.57159350763432
bb_ipp_ground_truth,estimated,4257,354.66666666666663,0.5716165370260394
bb_ipp_ground_truth,estimated,4258,354.75,0.5716529941470314
bb_ipp_ground_truth,estimated,4259,354.83333333333337,0.5717010229935114
bb_ipp_ground_truth,estimated,4260,354.91666666666663,0.5717402176851165
bb_ipp_ground_truth,estimated,4261,355.0,0.5717546837059234
bb_ipp_ground_truth,estimated,4262,355.08333333333337,0.5717610599229107
bb_ipp_ground_truth,estimated,4263,355.16666666666663,0.5717842458853192
bb_ipp_ground_truth,estimated,4264,355.25,0.571818565732479
bb_ipp_ground_truth,estimated,4265,355.33333333333337,0.5718439633596998
bb_ipp_ground_truth,estimated,4266,355.41666666666663,0.5718672534687917
bb_ipp_ground_truth,estimated,4267,355.5,0.5719147486928635
bb_ipp_ground_truth,estimated,4268,355.58333333333337,0.5719898208496735
bb_ipp_ground_truth,estimated,4269,355.66666666666663,0.5720612926465565
bb_ipp_ground_truth,estimated,4270,355.75,0.5721054672874327
bb_ipp_ground_truth,estimated,4271,355.83333333333337,0.5721411986012364
bb_ipp_ground_truth,estimated,4272,355.91666666666663,0.5722022601386014
bb_ipp_ground_truth,estimated,4273,356.0,0.5722745391381112
bb_ipp_ground_truth,estimated,4274,356.08333333333337,0.5723281100025158
bb_ipp_ground_truth,estimated,4275,356.16666666666663,0.5723689546442838
bb_ipp_ground_truth,estimated,4276,356.25,0.5724063639958703
bb_ipp_ground_truth,estimated,4277,356.33333333333337,0.5724282887619576
bb_ipp_ground_truth,estimated,4278,356.41666666666663,0.5724443723973388
bb_ipp_ground_truth,estimated,4279,356.5,0.572477051333756
bb_ipp_ground_truth,estimated,4280,356.58333333333337,0.5725246588499087
bb_ipp_ground_truth,estimated,4281,356.66666666666663,0.5725746613143706
bb_ipp_ground_truth,estimated,4282,356.75,0.5726049053018841
bb_ipp_ground_truth,estimated,4283,356.83333333333337,0.5726111853637805
bb_ipp_ground_truth,estimated,4284,356.91666666666663,0.5726316365966615
bb_ipp_ground_truth,estimated,4285,357.0,0.5726854949243495
bb_ipp_ground_truth,estimated,4286,357.08333333333337,0.5727304630290636
bb_ipp_ground_truth,estimated,4287,357.16666666666663,0.5727252312729263
bb_ipp_ground_truth,estimated,4288,357.25,0.5727222252874397
bb_ipp_ground_truth,estimated,4289,357.33333333333337,0.5727571937085796
bb_ipp_ground_truth,estimated,4290,357.41666666666663,0.5727946306545301
bb_ipp_ground_truth,estimated,4291,357.5,0.5728007694160423
bb_ipp_ground_truth,estimated,4292,357.58333333333337,0.5727954226402474
bb_ipp_ground_truth,estimated,4293,357.66666666666663,0.572803847197329
bb_ipp_ground_truth,estimated,4294,357.75,0.5728184983612737
bb_ipp_ground_truth,estimated,4295,357.83333333333337,0.5728162097607754
bb_ipp_ground_truth,estimated,4296,357.91666666666663,0.5727673385260871
bb_ipp_ground_truth,estimated,4297,358.0,0.5726756919887928
bb_ipp_ground_truth,estimated,4298,358.08333333333337,0.5726282792274145
bb_ipp_ground_truth,estimated,4299,358.16666666666663,0.5726242366752032
bb_ipp_ground_truth,estimated,4300,358.25,0.5726286626091518
bb_ipp_ground_truth,estimated,4301,358.33333333333337,0.5726128884292976
bb_ipp_ground_truth,estimated,4302,358.41666666666663,0.5725507811337439
bb_ipp_ground_truth,estimated,4303,358.5,0.5724515322238775
bb_ipp_ground_truth,estimated,4304,358.58333333333337,0.5723899986805534
bb_ipp_ground_truth,estimated,4305,358.66666666666663,0.572372083157511
bb_ipp_ground_truth,estimated,4306,358.75,0.5723459744576114
bb_ipp_ground_truth,estimated,4307,358.83333333333337,0.572276307711437
bb_ipp_ground_truth,estimated,4308,358.91666666666663,0.5722126528825316
bb_ipp_ground_truth,estimated,4309,359.0,0.5721817942717721
bb_ipp_ground_truth,estimated,4310,359.08333333333337,0.5721540282051397
bb_ipp_ground_truth,estimated,4311,359.16666666666663,0.5720852355093057
bb_ipp_ground_truth,estimated,4312,359.25,0.5719990383488098
bb_ipp_ground_truth,estimated,4313,359.33333333333337,0.5719544015872624
bb_ipp_ground_truth,estimated,4314,359.41666666666663,0.5719314349791028
bb_ipp_ground_truth,estimated,4315,359.5,0.571886736838265
bb_ipp_ground_truth,estimated,4316,359.58333333333337,0.5718293701800266
bb_ipp_ground_truth,estimated,4317,359.66666666666663,0.5717941182732479
bb_ipp_ground_truth,estimated,4318,359.75,0.5717779353720832
bb_ipp_ground_truth,estimated,4319,359.83333333333337,0.5717601861559449
bb_ipp_ground_truth,estimated,4320,359.91666666666663,0.5717220506822446
bb_ipp_ground_truth,estimated,4321,360.0,0.5716438695845818
bb_ipp_ground_truth,gt,1,0.0,0.5298262477282941
bb_ipp_ground_truth,gt,2,0.08333333333337123,0.5391489692881614
bb_ipp_ground_truth,gt,3,0.16666666666662877,0.5417945784610236
bb_ipp_ground_truth,gt,4,0.25,0.5432081485050723
bb_ipp_ground_truth,gt,5,0.33333333333337123,0.5441648625619802
bb_ipp_ground_truth,gt,6,0.41666666666662877,0.5448853776457822
bb_ipp_ground_truth,gt,7,0.5,0.545455328723617
bb_ipp_ground_truth,gt,8,0.5833333333333712,0.5459220008206818
bb_ipp_ground_truth,gt,9,0.6666666666666288,0.5463229062397568
bb_ipp_ground_truth,gt,10,0.75,0.5466873861685663
bb_ipp_ground_truth,gt,11,0.8333333333333712,0.5470285938970995
bb_ipp_ground_truth,gt,12,0.9166666666666288,0.5473406418840506
bb_ipp_ground_truth,gt,13,1.0,0.5476048389386667
bb_ipp_ground_truth,gt,14,1.0833333333333712,0.5478001939441546
bb_ipp_ground_truth,gt,15,1.1666666666666288,0.547921896096096
bb_ipp_ground_truth,gt,16,1.25,0.5481176546856106
bb_ipp_ground_truth,gt,17,1.3333333333333712,0.5484367120156488
bb_ipp_ground_truth,gt,18,1.4166666666666288,0.5488456487530604
bb_ipp_ground_truth,gt,19,1.5,0.5492852667265941
bb_ipp_ground_truth,gt,20,1.5833333333333712,0.5496943636314855
bb_ipp_ground_truth,gt,21,1.6666666666666288,0.5500272573567895
bb_ipp_ground_truth,gt,22,1.75,0.5502700244202596
bb_ipp_ground_truth,gt,23,1.8333333333333712,0.5504876492324837
bb_ipp_ground_truth,gt,24,1.9166666666666288,0.5507778581593126
bb_ipp_ground_truth,gt,25,2.0,0.5511504825893154
bb_ipp_ground_truth,gt,26,2.0833333333333712,0.5515654180815163
bb_ipp_ground_truth,gt,27,2.1666666666666288,0.5519768169106383
bb_ipp_ground_truth,gt,28,2.25,0.5523553422788001
bb_ipp_ground_truth,gt,29,2.3333333333333712,0.5526874030352611
bb_ipp_ground_truth,gt,30,2.4166666666666288,0.5529648192372294
bb_ipp_ground_truth,gt,31,2.5,0.5531785555046776
bb_ipp_ground_truth,gt,32,2.5833333333333712,0.5533533686024529
bb_ipp_ground_truth,gt,33,2.6666666666666288,0.5535876850099987
bb_ipp_ground_truth,gt,34,2.75,0.5539190140009782
bb_ipp_ground_truth,gt,35,2.8333333333333712,0.5543098759603249
bb_ipp_ground_truth,gt,36,2.9166666666666288,0.5547086516333982
bb_ipp_ground_truth,gt,37,3.0,0.5550801947910564
bb_ipp_ground_truth,gt,38,3.0833333333333712,0.5554037848534642
bb_ipp_ground_truth,gt,39,3.1666666666666288,0.555658905578469
bb_ipp_ground_truth,gt,40,3.25,0.555822623571836
bb_ipp_ground_truth,gt,41,3.3333333333333712,0.5559838593623679
bb_ipp_ground_truth,gt,42,3.4166666666666288,0.5562659753513934
bb_ipp_ground_truth,gt,43,3.5,0.5566350611062744
bb_ipp_ground_truth,gt,44,3.5833333333333712,0.557019792131631
bb_ipp_ground_truth,gt,45,3.6666666666666288,0.5573694394777531
bb_ipp_ground_truth,gt,46,3.75,0.5576624243907579
bb_ipp_ground_truth,gt,47,3.8333333333333712,0.5578964802980051
bb_ipp_ground_truth,gt,48,3.9166666666666288,0.5581049143633243
bb_ipp_ground_truth,gt,49,4.0,0.5583417066437223
bb_ipp_ground_truth,gt,50,4.083333333333371,0.5586082835726932
bb_ipp_ground_truth,gt,51,4.166666666666629,0.5588500230051437
bb_ipp_ground_truth,gt,52,4.25,0.559008922972509
bb_ipp_ground_truth,gt,53,4.333333333333371,0.5591693592640568
bb_ipp_ground_truth,gt,54,4.416666666666629,0.5594455908101018
bb_ipp_ground_truth,gt,55,4.5,0.5597874090921444
bb_ipp_ground_truth,gt,56,4.583333333333371,0.5600936384764198
bb_ipp_ground_truth,gt,57,4.666666666666629,0.5602989716870724
bb_ipp_ground_truth,gt,58,4.75,0.5605402535321933
bb_ipp_ground_truth,gt,59,4.833333333333371,0.5609043288878734
bb_ipp_ground_truth,gt,60,4.916666666666629,0.5613135926370998
bb_ipp_ground_truth,gt,61,5.0,0.561653176627752
bb_ipp_ground_truth,gt,62,5.083333333333371,0.5618906773704133
bb_ipp_ground_truth,gt,63,5.166666666666629,0.5622179181546848
bb_ipp_ground_truth,gt,64,5.25,0.5626540829868476
bb_ipp_ground_truth,gt,65,5.333333333333371,0.5630876476865454
bb_ipp_ground_truth,gt,66,5.416666666666629,0.5634518596656273
bb_ipp_ground_truth,gt,67,5.5,0.5638111107435917
bb_ipp_ground_truth,gt,68,5.583333333333371,0.5642081430316802
bb_ipp_ground_truth,gt,69,5.666666666666629,0.5646117885766857
bb_ipp_ground_truth,gt,70,5.75,0.5649833936759637
bb_ipp_ground_truth,gt,71,5.833333333333371,0.5652970940733424
bb_ipp_ground_truth,gt,72,5.916666666666629,0.565581374595414
bb_ipp_ground_truth,gt,73,6.0,0.5659105548458695
bb_ipp_ground_truth,gt,74,6.083333333333371,0.5662598367892171
bb_ipp_ground_truth,gt,75,6.166666666666629,0.5665398423077889
bb_ipp_ground_truth,gt,76,6.25,0.5667729394002124
bb_ipp_ground_truth,gt,77,6.333333333333371,0.5670828780668733
bb_ipp_ground_truth,gt,78,6.416666666666629,0.5674472795127775
bb_ipp_ground_truth,gt,79,6.5,0.5677713128660142
bb_ipp_ground_truth,gt,80,6.583333333333371,0.5680068035420661
bb_ipp_ground_truth,gt,81,6.666666666666629,0.5682352390526818
bb_ipp_ground_truth,gt,82,6.75,0.5685184876724917
bb_ipp_ground_truth,gt,83,6.833333333333371,0.5687977980876748
bb_ipp_ground_truth,gt,84,6.916666666666629,0.5689974646642147
bb_ipp_ground_truth,gt,85,7.0,0.569178162646265
bb_ipp_ground_truth,gt,86,7.083333333333371,0.5694279962381226
bb_ipp_ground_truth,gt,87,7.166666666666629,0.5697105190918461
bb_ipp_ground_truth,gt,88,7.25,0.5699657009806627
bb_ipp_ground_truth,gt,89,7.333333333333371,0.5701534098982527
bb_ipp_ground_truth,gt,90,7.416666666666629,0.5702614904915327
bb_ipp_ground_truth,gt,91,7.5,0.5703881716870014
bb_ipp_ground_truth,gt,92,7.583333333333371,0.570592898329129
bb_ipp_ground_truth,gt,93,7.666666666666629,0.5708089340283441
bb_ipp_ground_truth,gt,94,7.75,0.5709714331587684
bb_ipp_ground_truth,gt,95,7.833333333333371,0.5711208164410921
bb_ipp_ground_truth,gt,96,7.916666666666629,0.571314855786243
bb_ipp_ground_truth,gt,97,8.0,0.5715286035050076
bb_ipp_ground_truth,gt,98,8.083333333333371,0.5717038722310775
bb_ipp_ground_truth,gt,99,8.166666666666629,0.5718270502844928
bb_ipp_ground_truth,gt,100,8.25,0.571959255870017
bb_ipp_ground_truth,gt,101,8.333333333333371,0.5721273030694523
bb_ipp_ground_truth,gt,102,8.416666666666629,0.5722757289424559
bb_ipp_ground_truth,gt,103,8.5,0.5723404954042507
bb_ipp_ground_truth,gt,104,8.583333333333371,0.5724096448551702
bb_ipp_ground_truth,gt,105,8.666666666666629,0.5725622158943185
bb_ipp_ground_truth,gt,106,8.75,0.5727433991928538
bb_ipp_ground_truth,gt,107,8.833333333333371,0.5728895566145602
bb_ipp_ground_truth,gt,108,8.916666666666629,0.572962724965339
bb_ipp_ground_truth,gt,109,9.0,0.5729453690410976
bb_ipp_ground_truth,gt,110,9.083333333333371,0.5729371700989213
bb_ipp_ground_truth,gt,111,9.166666666666629,0.5730134400384971
bb_ipp_ground_truth,gt,112,9.25,0.5731225108930011
bb_ipp_ground_truth,gt,113,9.333333333333371,0.5732037549459214
bb_ipp_ground_truth,gt,114,9.416666666666629,0.5732594193743676
bb_ipp_ground_truth,gt,115,9.5,0.5733238991433994
bb_ipp_ground_truth,gt,116,9.583333333333371,0.5734104080452612
bb_ipp_ground_truth,gt,117,9.666666666666629,0.5734998222577286
bb_ipp_ground_truth,gt,118,9.75,0.5735653586234553
bb_ipp_ground_truth,gt,119,9.833333333333371,0.5736265026576784
bb_ipp_ground_truth,gt,120,9.916666666666629,0.5737375519734292
bb_ipp_ground_truth,gt,121,10.0,0.5738963238063772
bb_ipp_ground_truth,gt,122,10.083333333333371,0.5740484786907575
bb_ipp_ground_truth,gt,123,10.166666666666629,0.5741956347223078
bb_ipp_ground_truth,gt,124,10.25,0.574426108253627
bb_ipp_ground_truth,gt,125,10.333333333333371,0.5747603276541113
bb_ipp_ground_truth,gt,126,10.416666666666629,0.5751332982710674
bb_ipp_ground_truth,gt,127,10.5,0.5755035836346057
bb_ipp_ground_truth,gt,128,10.583333333333371,0.5759036310309572
bb_ipp_ground_truth,gt,129,10.666666666666629,0.5763402024864843
bb_ipp_ground_truth,gt,130,10.75,0.5767561497504347
bb_ipp_ground_truth,gt,131,10.833333333333371,0.5770731463657895
bb_ipp_ground_truth,gt,132,10.916666666666629,0.5772445160405966
bb_ipp_ground_truth,gt,133,11.0,0.5773602330053375
bb_ipp_ground_truth,gt,134,11.083333333333371,0.5775152881649125
bb_ipp_ground_truth,gt,135,11.166666666666629,0.5776835811954131
bb_ipp_ground_truth,gt,136,11.25,0.5778323178450927
bb_ipp_ground_truth,gt,137,11.333333333333371,0.5779522050852428
bb_ipp_ground_truth,gt,138,11.416666666666629,0.5780193917866011
bb_ipp_ground_truth,gt,139,11.5,0.5780651650226429
bb_ipp_ground_truth,gt,140,11.583333333333371,0.5782043300558783
bb_ipp_ground_truth,gt,141,11.666666666666629,0.5784287621537353
bb_ipp_ground_truth,gt,142,11.75,0.5786681183660141
bb_ipp_ground_truth,gt,143,11.833333333333371,0.5788727820989803
bb_ipp_ground_truth,gt,144,11.916666666666629,0.579044457015305
bb_ipp_ground_truth,gt,145,12.0,0.5792229057970955
bb_ipp_ground_truth,gt,146,12.083333333333371,0.5794263321009648
bb_ipp_ground_truth,gt,147,12.166666666666629,0.5796114761845528
bb_ipp_ground_truth,gt,148,12.25,0.5797440981868655
bb_ipp_ground_truth,gt,149,12.333333333333371,0.5798752532169188
bb_ipp_ground_truth,gt,150,12.416666666666629,0.5800416381496635
bb_ipp_ground_truth,gt,151,12.5,0.5802054039586063
bb_ipp_ground_truth,gt,152,12.583333333333371,0.5803225916968223
bb_ipp_ground_truth,gt,153,12.666666666666629,0.580399062967286
bb_ipp_ground_truth,gt,154,12.75,0.5804624717576583
bb_ipp_ground_truth,gt,155,12.833333333333371,0.5805230114029939
bb_ipp_ground_truth,gt,156,12.916666666666629,0.5805535899597785
bb_ipp_ground_truth,gt,157,13.0,0.5805195491275805
bb_ipp_ground_truth,gt,158,13.083333333333371,0.5804878781728929
bb_ipp_ground_truth,gt,159,13.166666666666629,0.5805157926711252
bb_ipp_ground_truth,gt,160,13.25,0.5805605320591101
bb_ipp_ground_truth,gt,161,13.333333333333371,0.5805803902254898
bb_ipp_ground_truth,gt,162,13.416666666666629,0.5805669151720904
bb_ipp_ground_truth,gt,163,13.5,0.5805366665720052
bb_ipp_ground_truth,gt,164,13.583333333333371,0.5805140754063772
bb_ipp_ground_truth,gt,165,13.666666666666629,0.5804892353806858
bb_ipp_ground_truth,gt,166,13.75,0.5804144025252688
bb_ipp_ground_truth,gt,167,13.833333333333371,0.5803024968780757
bb_ipp_ground_truth,gt,168,13.916666666666629,0.5802528240524811
bb_ipp_ground_truth,gt,169,14.0,0.5802547128767732
bb_ipp_ground_truth,gt,170,14.083333333333371,0.5802270443405709
bb_ipp_ground_truth,gt,171,14.166666666666629,0.5801262067913263
bb_ipp_ground_truth,gt,172,14.25,0.5800720545389849
bb_ipp_ground_truth,gt,173,14.333333333333371,0.5800850712686825
bb_ipp_ground_truth,gt,174,14.416666666666629,0.5800971475130151
bb_ipp_ground_truth,gt,175,14.5,0.580062834558688
bb_ipp_ground_truth,gt,176,14.583333333333371,0.5800222878488615
bb_ipp_ground_truth,gt,177,14.666666666666629,0.580004992196454
bb_ipp_ground_truth,gt,178,14.75,0.5799898123888517
bb_ipp_ground_truth,gt,179,14.833333333333371,0.5799464623271884
bb_ipp_ground_truth,gt,180,14.916666666666629,0.5798478797652777
bb_ipp_ground_truth,gt,181,15.0,0.5796895704791285
bb_ipp_ground_truth,gt,182,15.083333333333371,0.579542842961579
bb_ipp_ground_truth,gt,183,15.166666666666629,0.5794209418721303
bb_ipp_ground_truth,gt,184,15.25,0.5792964621513295
bb_ipp_ground_truth,gt,185,15.333333333333371,0.5791457537382257
bb_ipp_ground_truth,gt,186,15.416666666666629,0.5789518688529035
bb_ipp_ground_truth,gt,187,15.5,0.5787259642962103
bb_ipp_ground_truth,gt,188,15.583333333333371,0.5785324612290015
bb_ipp_ground_truth,gt,189,15.666666666666629,0.5783774597027312
bb_ipp_ground_truth,gt,190,15.75,0.5782102495476069
bb_ipp_ground_truth,gt,191,15.833333333333371,0.5780009812395018
bb_ipp_ground_truth,gt,192,15.916666666666629,0.5778258822924891
bb_ipp_ground_truth,gt,193,16.0,0.577710810254423
bb_ipp_ground_truth,gt,194,16.08333333333337,0.5776073450614133
bb_ipp_ground_truth,gt,195,16.16666666666663,0.5774487008767424
bb_ipp_ground_truth,gt,196,16.25,0.5772966443053218
bb_ipp_ground_truth,gt,197,16.33333333333337,0.5772340998833293
bb_ipp_ground_truth,gt,198,16.41666666666663,0.5772248162698744
bb_ipp_ground_truth,gt,199,16.5,0.577214530285002
bb_ipp_ground_truth,gt,200,16.58333333333337,0.5772037207279077
bb_ipp_ground_truth,gt,201,16.66666666666663,0.5772189691041987
bb_ipp_ground_truth,gt,202,16.75,0.5772662915364092
bb_ipp_ground_truth,gt,203,16.83333333333337,0.5773414680368965
bb_ipp_ground_truth,gt,204,16.91666666666663,0.5774178562121123
bb_ipp_ground_truth,gt,205,17.0,0.5774772264869642
bb_ipp_ground_truth,gt,206,17.08333333333337,0.5775718360732575
bb_ipp_ground_truth,gt,207,17.16666666666663,0.5777109071946468
bb_ipp_ground_truth,gt,208,17.25,0.577841375900704
bb_ipp_ground_truth,gt,209,17.33333333333337,0.5779434924752392
bb_ipp_ground_truth,gt,210,17.41666666666663,0.5780511796233894
bb_ipp_ground_truth,gt,211,17.5,0.5781802249007583
bb_ipp_ground_truth,gt,212,17.58333333333337,0.5783124126117913
bb_ipp_ground_truth,gt,213,17.66666666666663,0.5784184796625453
bb_ipp_ground_truth,gt,214,17.75,0.578496218144096
bb_ipp_ground_truth,gt,215,17.83333333333337,0.5785769036349676
bb_ipp_ground_truth,gt,216,17.91666666666663,0.5786771588395144
bb_ipp_ground_truth,gt,217,18.0,0.5787779239162354
bb_ipp_ground_truth,gt,218,18.08333333333337,0.5788599276426033
bb_ipp_ground_truth,gt,219,18.16666666666663,0.5789383132344302
bb_ipp_ground_truth,gt,220,18.25,0.5790322541227144
bb_ipp_ground_truth,gt,221,18.33333333333337,0.5791318446297132
bb_ipp_ground_truth,gt,222,18.41666666666663,0.5792072520762014
bb_ipp_ground_truth,gt,223,18.5,0.5792476511361937
bb_ipp_ground_truth,gt,224,18.58333333333337,0.5792887470488342
bb_ipp_ground_truth,gt,225,18.66666666666663,0.5793424829307003
bb_ipp_ground_truth,gt,226,18.75,0.5793732659648295
bb_ipp_ground_truth,gt,227,18.83333333333337,0.5793759954468863
bb_ipp_ground_truth,gt,228,18.91666666666663,0.5794098344400045
bb_ipp_ground_truth,gt,229,19.0,0.579488210224201
bb_ipp_ground_truth,gt,230,19.08333333333337,0.5795782969137258
bb_ipp_ground_truth,gt,231,19.16666666666663,0.5796478813994532
bb_ipp_ground_truth,gt,232,19.25,0.5796810532028976
bb_ipp_ground_truth,gt,233,19.33333333333337,0.5797063407678864
bb_ipp_ground_truth,gt,234,19.41666666666663,0.5797624285407493
bb_ipp_ground_truth,gt,235,19.5,0.5798220848856062
bb_ipp_ground_truth,gt,236,19.58333333333337,0.579823287777634
bb_ipp_ground_truth,gt,237,19.66666666666663,0.5798301389143935
bb_ipp_ground_truth,gt,238,19.75,0.5799033721982481
bb_ipp_ground_truth,gt,239,19.83333333333337,0.5799983034533409
bb_ipp_ground_truth,gt,240,19.91666666666663,0.5800489594945106
bb_ipp_ground_truth,gt,241,20.0,0.5800517219249054
bb_ipp_ground_truth,gt,242,20.08333333333337,0.5800716923960441
bb_ipp_ground_truth,gt,243,20.16666666666663,0.5801158450148609
bb_ipp_ground_truth,gt,244,20.25,0.5801263296036318
bb_ipp_ground_truth,gt,245,20.33333333333337,0.5800460459437682
bb_ipp_ground_truth,gt,246,20.41666666666663,0.5799885673954667
bb_ipp_ground_truth,gt,247,20.5,0.5799969580627206
bb_ipp_ground_truth,gt,248,20.58333333333337,0.5800205214021672
bb_ipp_ground_truth,gt,249,20.66666666666663,0.5800208064143824
bb_ipp_ground_truth,gt,250,20.75,0.5799981979836485
bb_ipp_ground_truth,gt,251,20.83333333333337,0.5799535110206255
bb_ipp_ground_truth,gt,252,20.91666666666663,0.5798934714731535
bb_ipp_ground_truth,gt,253,21.0,0.5798350854862043
bb_ipp_ground_truth,gt,254,21.08333333333337,0.5797778170433838
bb_ipp_ground_truth,gt,255,21.16666666666663,0.5797193395653518
bb_ipp_ground_truth,gt,256,21.25,0.5796512546188842
bb_ipp_ground_truth,gt,257,21.33333333333337,0.5795383504792807
bb_ipp_ground_truth,gt,258,21.41666666666663,0.5793886622342692
bb_ipp_ground_truth,gt,259,21.5,0.5792980834885322
bb_ipp_ground_truth,gt,260,21.58333333333337,0.5792556985516859
bb_ipp_ground_truth,gt,261,21.66666666666663,0.5792026950363366
bb_ipp_ground_truth,gt,262,21.75,0.5791024648205059
bb_ipp_ground_truth,gt,263,21.83333333333337,0.5790056660814972
bb_ipp_ground_truth,gt,264,21.91666666666663,0.5789408397774952
bb_ipp_ground_truth,gt,265,22.0,0.5788763918534644
bb_ipp_ground_truth,gt,266,22.08333333333337,0.5787633800807311
bb_ipp_ground_truth,gt,267,22.16666666666663,0.5786312954070523
bb_ipp_ground_truth,gt,268,22.25,0.5785465127425045
bb_ipp_ground_truth,gt,269,22.33333333333337,0.5784857808160202
bb_ipp_ground_truth,gt,270,22.41666666666663,0.5784078895649405
bb_ipp_ground_truth,gt,271,22.5,0.5783153501433503
bb_ipp_ground_truth,gt,272,22.58333333333337,0.5782324164133326
bb_ipp_ground_truth,gt,273,22.66666666666663,0.5781564436915406
bb_ipp_ground_truth,gt,274,22.75,0.5780747077112526
bb_ipp_ground_truth,gt,275,22.83333333333337,0.577972884819526
bb_ipp_ground_truth,gt,276,22.91666666666663,0.5778348388252939
bb_ipp_ground_truth,gt,277,23.0,0.5776974993695371
bb_ipp_ground_truth,gt,278,23.08333333333337,0.5775853494695907
bb_ipp_ground_truth,gt,279,23.16666666666663,0.5774744748227115
bb_ipp_ground_truth,gt,280,23.25,0.5773479639371386
bb_ipp_ground_truth,gt,281,23.33333333333337,0.5772211515633106
bb_ipp_ground_truth,gt,282,23.41666666666663,0.5771123798971955
bb_ipp_ground_truth,gt,283,23.5,0.5770214677658339
bb_ipp_ground_truth,gt,284,23.58333333333337,0.5769315741514878
bb_ipp_ground_truth,gt,285,23.66666666666663,0.5768302972238868
bb_ipp_ground_truth,gt,286,23.75,0.5767329309381932
bb_ipp_ground_truth,gt,287,23.83333333333337,0.5766585511941789
bb_ipp_ground_truth,gt,288,23.91666666666663,0.5765961260082997
bb_ipp_ground_truth,gt,289,24.0,0.5765284145337186
bb_ipp_ground_truth,gt,290,24.08333333333337,0.5764572727962715
bb_ipp_ground_truth,gt,291,24.16666666666663,0.5764017828626333
bb_ipp_ground_truth,gt,292,24.25,0.5763671025240983
bb_ipp_ground_truth,gt,293,24.33333333333337,0.5763271106377458
bb_ipp_ground_truth,gt,294,24.41666666666663,0.5762395890932793
bb_ipp_ground_truth,gt,295,24.5,0.5761695742637403
bb_ipp_ground_truth,gt,296,24.58333333333337,0.5761893505702832
bb_ipp_ground_truth,gt,297,24.66666666666663,0.5762726368862053
bb_ipp_ground_truth,gt,298,24.75,0.5763697121355548
bb_ipp_ground_truth,gt,299,24.83333333333337,0.5764445934582424
bb_ipp_ground_truth,gt,300,24.91666666666663,0.57646061051285
bb_ipp_ground_truth,gt,301,25.0,0.576452269265765
bb_ipp_ground_truth,gt,302,25.08333333333337,0.5765302039066202
bb_ipp_ground_truth,gt,303,25.16666666666663,0.576681332705294
bb_ipp_ground_truth,gt,304,25.25,0.5768500428592157
bb_ipp_ground_truth,gt,305,25.33333333333337,0.5769983356644982
bb_ipp_ground_truth,gt,306,25.41666666666663,0.5771259652683469
bb_ipp_ground_truth,gt,307,25.5,0.5772558610524902
bb_ipp_ground_truth,gt,308,25.58333333333337,0.5773968271380615
bb_ipp_ground_truth,gt,309,25.66666666666663,0.5775187403124128
bb_ipp_ground_truth,gt,310,25.75,0.5775998076203681
bb_ipp_ground_truth,gt,311,25.83333333333337,0.5776778215586496
bb_ipp_ground_truth,gt,312,25.91666666666663,0.5777766837677556
bb_ipp_ground_truth,gt,313,26.0,0.5778734742661854
bb_ipp_ground_truth,gt,314,26.08333333333337,0.5779405486287685
bb_ipp_ground_truth,gt,315,26.16666666666663,0.5779805713923566
bb_ipp_ground_truth,gt,316,26.25,0.5780089308788624
bb_ipp_ground_truth,gt,317,26.33333333333337,0.5780310407877306
bb_ipp_ground_truth,gt,318,26.41666666666663,0.5780273496280983
bb_ipp_ground_truth,gt,319,26.5,0.5779770410754758
bb_ipp_ground_truth,gt,320,26.58333333333337,0.5779362573556126
bb_ipp_ground_truth,gt,321,26.66666666666663,0.577940395480651
bb_ipp_ground_truth,gt,322,26.75,0.5779600312096661
bb_ipp_ground_truth,gt,323,26.83333333333337,0.5779637872289514
bb_ipp_ground_truth,gt,324,26.91666666666663,0.5779396106717507
bb_ipp_ground_truth,gt,325,27.0,0.5778960726392897
bb_ipp_ground_truth,gt,326,27.08333333333337,0.5778586187962864
bb_ipp_ground_truth,gt,327,27.16666666666663,0.5778250374664222
bb_ipp_ground_truth,gt,328,27.25,0.5777542849785336
bb_ipp_ground_truth,gt,329,27.33333333333337,0.5776527493063668
bb_ipp_ground_truth,gt,330,27.41666666666663,0.5776074346935857
bb_ipp_ground_truth,gt,331,27.5,0.5776050291960426
bb_ipp_ground_truth,gt,332,27.58333333333337,0.5775825466823795
bb_ipp_ground_truth,gt,333,27.66666666666663,0.5775035522642146
bb_ipp_ground_truth,gt,334,27.75,0.5774446877445996
bb_ipp_ground_truth,gt,335,27.83333333333337,0.5774287135390117
bb_ipp_ground_truth,gt,336,27.91666666666663,0.5774102310474916
bb_ipp_ground_truth,gt,337,28.0,0.5773381704646293
bb_ipp_ground_truth,gt,338,28.08333333333337,0.5772631301090447
bb_ipp_ground_truth,gt,339,28.16666666666663,0.577231376800129
bb_ipp_ground_truth,gt,340,28.25,0.577216619596875
bb_ipp_ground_truth,gt,341,28.33333333333337,0.5771889224621368
bb_ipp_ground_truth,gt,342,28.41666666666663,0.5771394629987404
bb_ipp_ground_truth,gt,343,28.5,0.5770667816161503
bb_ipp_ground_truth,gt,344,28.58333333333337,0.5769893236869106
bb_ipp_ground_truth,gt,345,28.66666666666663,0.5769286316842736
bb_ipp_ground_truth,gt,346,28.75,0.5768772867941128
bb_ipp_ground_truth,gt,347,28.83333333333337,0.5768272480913826
bb_ipp_ground_truth,gt,348,28.91666666666663,0.5767715016083547
bb_ipp_ground_truth,gt,349,29.0,0.576682548488769
bb_ipp_ground_truth,gt,350,29.08333333333337,0.5765630287104492
bb_ipp_ground_truth,gt,351,29.16666666666663,0.5764939828046609
bb_ipp_ground_truth,gt,352,29.25,0.5764643337157461
bb_ipp_ground_truth,gt,353,29.33333333333337,0.5764295194689593
bb_ipp_ground_truth,gt,354,29.41666666666663,0.5763637042260175
bb_ipp_ground_truth,gt,355,29.5,0.5762925541753539
bb_ipp_ground_truth,gt,356,29.58333333333337,0.576240728557874
bb_ipp_ground_truth,gt,357,29.66666666666663,0.5761973955724746
bb_ipp_ground_truth,gt,358,29.75,0.576135912461364
bb_ipp_ground_truth,gt,359,29.83333333333337,0.5760588060720411
bb_ipp_ground_truth,gt,360,29.91666666666663,0.5759984557546991
bb_ipp_ground_truth,gt,361,30.0,0.5759498570338308
bb_ipp_ground_truth,gt,362,30.08333333333337,0.5758774188474161
bb_ipp_ground_truth,gt,363,30.16666666666663,0.5757758288836734
bb_ipp_ground_truth,gt,364,30.25,0.5757047921073827
bb_ipp_ground_truth,gt,365,30.33333333333337,0.5756697278736538
bb_ipp_ground_truth,gt,366,30.41666666666663,0.575643833553952
bb_ipp_ground_truth,gt,367,30.5,0.5756047539785861
bb_ipp_ground_truth,gt,368,30.58333333333337,0.5755287015709881
bb_ipp_ground_truth,gt,369,30.66666666666663,0.5754135340620061
bb_ipp_ground_truth,gt,370,30.75,0.5753356698047146
bb_ipp_ground_truth,gt,371,30.83333333333337,0.5752955771280297
bb_ipp_ground_truth,gt,372,30.91666666666663,0.5752597286525505
bb_ipp_ground_truth,gt,373,31.0,0.5752089067012082
bb_ipp_ground_truth,gt,374,31.08333333333337,0.5751530542909801
bb_ipp_ground_truth,gt,375,31.16666666666663,0.5751081446916108
bb_ipp_ground_truth,gt,376,31.25,0.5750769039120482
bb_ipp_ground_truth,gt,377,31.33333333333337,0.575042277239802
bb_ipp_ground_truth,gt,378,31.41666666666663,0.5749941039440059
bb_ipp_ground_truth,gt,379,31.5,0.5749526347032156
bb_ipp_ground_truth,gt,380,31.58333333333337,0.5749305361409608
bb_ipp_ground_truth,gt,381,31.66666666666663,0.5749107015094631
bb_ipp_ground_truth,gt,382,31.75,0.5748785798136016
bb_ipp_ground_truth,gt,383,31.83333333333337,0.5748389491349407
bb_ipp_ground_truth,gt,384,31.91666666666663,0.5748089815365734
bb_ipp_ground_truth,gt,385,32.0,0.5747939000034548
bb_ipp_ground_truth,gt,386,32.08333333333337,0.5747698527232912
bb_ipp_ground_truth,gt,387,32.16666666666663,0.5747022109059916
bb_ipp_ground_truth,gt,388,32.25,0.5746523221877344
bb_ipp_ground_truth,gt,389,32.33333333333337,0.5746550859407595
bb_ipp_ground_truth,gt,390,32.41666666666663,0.5746863720877945
bb_ipp_ground_truth,gt,391,32.5,0.5747186965388
bb_ipp_ground_truth,gt,392,32.58333333333337,0.5747267563768681
bb_ipp_ground_truth,gt,393,32.66666666666663,0.5746912694535343
bb_ipp_ground_truth,gt,394,32.75,0.5746804244414823
bb_ipp_ground_truth,gt,395,32.83333333333337,0.5747235824979258
bb_ipp_ground_truth,gt,396,32.91666666666663,0.57478195825188
bb_ipp_ground_truth,gt,397,33.0,0.5748280772584555
bb_ipp_ground_truth,gt,398,33.08333333333337,0.5748824593220478
bb_ipp_ground_truth,gt,399,33.16666666666663,0.5749671775151632
bb_ipp_ground_truth,gt,400,33.25,0.5750754332366398
bb_ipp_ground_truth,gt,401,33.33333333333337,0.575179656420917
bb_ipp_ground_truth,gt,402,33.41666666666663,0.5752632377725417
bb_ipp_ground_truth,gt,403,33.5,0.5753438714437037
bb_ipp_ground_truth,gt,404,33.58333333333337,0.5754358742825958
bb_ipp_ground_truth,gt,405,33.66666666666663,0.5755276591718057
bb_ipp_ground_truth,gt,406,33.75,0.5755994368991154
bb_ipp_ground_truth,gt,407,33.83333333333337,0.5756536293961604
bb_ipp_ground_truth,gt,408,33.91666666666663,0.5757120466196318
bb_ipp_ground_truth,gt,409,34.0,0.5757811601231743
bb_ipp_ground_truth,gt,410,34.08333333333337,0.5758323314488373
bb_ipp_ground_truth,gt,411,34.16666666666663,0.5758347551287307
bb_ipp_ground_truth,gt,412,34.25,0.575870750503164
bb_ipp_ground_truth,gt,413,34.33333333333337,0.5759755280473481
bb_ipp_ground_truth,gt,414,34.41666666666663,0.57610915929188
bb_ipp_ground_truth,gt,415,34.5,0.5762319961347097
bb_ipp_ground_truth,gt,416,34.58333333333337,0.5763089329722315
bb_ipp_ground_truth,gt,417,34.66666666666663,0.5763047620390758
bb_ipp_ground_truth,gt,418,34.75,0.5763301861774429
bb_ipp_ground_truth,gt,419,34.83333333333337,0.5764340537679152
bb_ipp_ground_truth,gt,420,34.91666666666663,0.5765682435997432
bb_ipp_ground_truth,gt,421,35.0,0.5766792202146722
bb_ipp_ground_truth,gt,422,35.08333333333337,0.5767567023786644
bb_ipp_ground_truth,gt,423,35.16666666666663,0.576821256327798
bb_ipp_ground_truth,gt,424,35.25,0.5768884072978073
bb_ipp_ground_truth,gt,425,35.33333333333337,0.5769440280227343
bb_ipp_ground_truth,gt,426,35.41666666666663,0.5769667967865758
bb_ipp_ground_truth,gt,427,35.5,0.5769739685193245
bb_ipp_ground_truth,gt,428,35.58333333333337,0.57699283089581
bb_ipp_ground_truth,gt,429,35.66666666666663,0.5770173493550508
bb_ipp_ground_truth,gt,430,35.75,0.5770272202799617
bb_ipp_ground_truth,gt,431,35.83333333333337,0.5770225295048848
bb_ipp_ground_truth,gt,432,35.91666666666663,0.5770182816272401
bb_ipp_ground_truth,gt,433,36.0,0.5770133102656874
bb_ipp_ground_truth,gt,434,36.08333333333337,0.5769790284442824
bb_ipp_ground_truth,gt,435,36.16666666666663,0.5768728903998757
bb_ipp_ground_truth,gt,436,36.25,0.5767674561226956
bb_ipp_ground_truth,gt,437,36.33333333333337,0.5767430105118516
bb_ipp_ground_truth,gt,438,36.41666666666663,0.5767618682298542
bb_ipp_ground_truth,gt,439,36.5,0.576776002514742
bb_ipp_ground_truth,gt,440,36.58333333333337,0.5767539837019017
bb_ipp_ground_truth,gt,441,36.66666666666663,0.5766636559576129
bb_ipp_ground_truth,gt,442,36.75,0.5765405577302752
bb_ipp_ground_truth,gt,443,36.83333333333337,0.5764842421047963
bb_ipp_ground_truth,gt,444,36.91666666666663,0.5764801758722834
bb_ipp_ground_truth,gt,445,37.0,0.5764818878706273
bb_ipp_ground_truth,gt,446,37.08333333333337,0.5764546540453296
bb_ipp_ground_truth,gt,447,37.16666666666663,0.5763984337139731
bb_ipp_ground_truth,gt,448,37.25,0.5763384144447329
bb_ipp_ground_truth,gt,449,37.33333333333337,0.5762863302465697
bb_ipp_ground_truth,gt,450,37.41666666666663,0.576222048500325
bb_ipp_ground_truth,gt,451,37.5,0.5761355663636156
bb_ipp_ground_truth,gt,452,37.58333333333337,0.5760581034438045
bb_ipp_ground_truth,gt,453,37.66666666666663,0.5760052946697926
bb_ipp_ground_truth,gt,454,37.75,0.575956720294134
bb_ipp_ground_truth,gt,455,37.83333333333337,0.575895967271231
bb_ipp_ground_truth,gt,456,37.91666666666663,0.5758294716621252
bb_ipp_ground_truth,gt,457,38.0,0.5757680891018299
bb_ipp_ground_truth,gt,458,38.08333333333337,0.5757089325342365
bb_ipp_ground_truth,gt,459,38.16666666666663,0.5756290120562908
bb_ipp_ground_truth,gt,460,38.25,0.5755045218149679
bb_ipp_ground_truth,gt,461,38.33333333333337,0.5753989196527162
bb_ipp_ground_truth,gt,462,38.41666666666663,0.5753385183786791
bb_ipp_ground_truth,gt,463,38.5,0.5752976703823993
bb_ipp_ground_truth,gt,464,38.58333333333337,0.5752519308375832
bb_ipp_ground_truth,gt,465,38.66666666666663,0.575183484660131
bb_ipp_ground_truth,gt,466,38.75,0.5750818321807638
bb_ipp_ground_truth,gt,467,38.83333333333337,0.5749896685324474
bb_ipp_ground_truth,gt,468,38.91666666666663,0.5749297305244887
bb_ipp_ground_truth,gt,469,39.0,0.574876171843333
bb_ipp_ground_truth,gt,470,39.08333333333337,0.5748100791839499
bb_ipp_ground_truth,gt,471,39.16666666666663,0.5747556955383049
bb_ipp_ground_truth,gt,472,39.25,0.574730821664354
bb_ipp_ground_truth,gt,473,39.33333333333337,0.5747252937632735
bb_ipp_ground_truth,gt,474,39.41666666666663,0.574716098825296
bb_ipp_ground_truth,gt,475,39.5,0.5746957920318225
bb_ipp_ground_truth,gt,476,39.58333333333337,0.5746826347165643
bb_ipp_ground_truth,gt,477,39.66666666666663,0.5746862527538407
bb_ipp_ground_truth,gt,478,39.75,0.5746905210637558
bb_ipp_ground_truth,gt,479,39.83333333333337,0.5746746847064552
bb_ipp_ground_truth,gt,480,39.91666666666663,0.5746435068973866
bb_ipp_ground_truth,gt,481,40.0,0.5746302190623517
bb_ipp_ground_truth,gt,482,40.08333333333337,0.5746438307705761
bb_ipp_ground_truth,gt,483,40.16666666666663,0.5746523199123527
bb_ipp_ground_truth,gt,484,40.25,0.5746395557013707
bb_ipp_ground_truth,gt,485,40.33333333333337,0.5746423983121434
bb_ipp_ground_truth,gt,486,40.41666666666663,0.5746632058087742
bb_ipp_ground_truth,gt,487,40.5,0.5746837217915318
bb_ipp_ground_truth,gt,488,40.58333333333337,0.574698264233345
bb_ipp_ground_truth,gt,489,40.66666666666663,0.5746980744862754
bb_ipp_ground_truth,gt,490,40.75,0.5746930834365552
bb_ipp_ground_truth,gt,491,40.83333333333337,0.5747053602905979
bb_ipp_ground_truth,gt,492,40.91666666666663,0.5747147541475182
bb_ipp_ground_truth,gt,493,41.0,0.5746824673634041
bb_ipp_ground_truth,gt,494,41.08333333333337,0.574648513379961
bb_ipp_ground_truth,gt,495,41.16666666666663,0.5746674636822277
bb_ipp_ground_truth,gt,496,41.25,0.5747204539904012
bb_ipp_ground_truth,gt,497,41.33333333333337,0.5747617131021716
bb_ipp_ground_truth,gt,498,41.41666666666663,0.574780395039739
bb_ipp_ground_truth,gt,499,41.5,0.5748100130117557
bb_ipp_ground_truth,gt,500,41.58333333333337,0.5748664547700612
bb_ipp_ground_truth,gt,501,41.66666666666663,0.5749175146367413
bb_ipp_ground_truth,gt,502,41.75,0.5749246068722657
bb_ipp_ground_truth,gt,503,41.83333333333337,0.5749083326030558
bb_ipp_ground_truth,gt,504,41.91666666666663,0.5749282728141436
bb_ipp_ground_truth,gt,505,42.0,0.5749778272567675
bb_ipp_ground_truth,gt,506,42.08333333333337,0.5750161541047494
bb_ipp_ground_truth,gt,507,42.16666666666663,0.5750413609043631
bb_ipp_ground_truth,gt,508,42.25,0.575085266782736
bb_ipp_ground_truth,gt,509,42.33333333333337,0.5751444485412618
bb_ipp_ground_truth,gt,510,42.41666666666663,0.5752066429726099
bb_ipp_ground_truth,gt,511,42.5,0.5752528506265997
bb_ipp_ground_truth,gt,512,42.58333333333337,0.5752556963043722
bb_ipp_ground_truth,gt,513,42.66666666666663,0.575256676395337
bb_ipp_ground_truth,gt,514,42.75,0.575304864422548
bb_ipp_ground_truth,gt,515,42.83333333333337,0.5753759565123819
bb_ipp_ground_truth,gt,516,42.91666666666663,0.575433864542802
bb_ipp_ground_truth,gt,517,43.0,0.5754712928735511
bb_ipp_ground_truth,gt,518,43.08333333333337,0.5755029448664651
bb_ipp_ground_truth,gt,519,43.16666666666663,0.5755402029236008
bb_ipp_ground_truth,gt,520,43.25,0.575571294910853
bb_ipp_ground_truth,gt,521,43.33333333333337,0.5755735449272416
bb_ipp_ground_truth,gt,522,43.41666666666663,0.5755603906235793
bb_ipp_ground_truth,gt,523,43.5,0.5755660394125509
bb_ipp_ground_truth,gt,524,43.58333333333337,0.5755853864433125
bb_ipp_ground_truth,gt,525,43.66666666666663,0.5755904373068501
bb_ipp_ground_truth,gt,526,43.75,0.5755830605384374
bb_ipp_ground_truth,gt,527,43.83333333333337,0.5755930747582553
bb_ipp_ground_truth,gt,528,43.91666666666663,0.5756253533655793
bb_ipp_ground_truth,gt,529,44.0,0.5756533294623875
bb_ipp_ground_truth,gt,530,44.08333333333337,0.5756524749590494
bb_ipp_ground_truth,gt,531,44.16666666666663,0.5756231520082085
bb_ipp_ground_truth,gt,532,44.25,0.5755872096145647
bb_ipp_ground_truth,gt,533,44.33333333333337,0.5755447560209372
bb_ipp_ground_truth,gt,534,44.41666666666663,0.5754799131489686
bb_ipp_ground_truth,gt,535,44.5,0.5754051993829292
bb_ipp_ground_truth,gt,536,44.58333333333337,0.5753443405045271
bb_ipp_ground_truth,gt,537,44.66666666666663,0.5752846448683226
bb_ipp_ground_truth,gt,538,44.75,0.5752079955757756
bb_ipp_ground_truth,gt,539,44.83333333333337,0.5751298783186914
bb_ipp_ground_truth,gt,540,44.91666666666663,0.5750583149128031
bb_ipp_ground_truth,gt,541,45.0,0.5749846374265852
bb_ipp_ground_truth,gt,542,45.08333333333337,0.5748933154794994
bb_ipp_ground_truth,gt,543,45.16666666666663,0.5747794457485723
bb_ipp_ground_truth,gt,544,45.25,0.5746638198740941
bb_ipp_ground_truth,gt,545,45.33333333333337,0.5745644375957807
bb_ipp_ground_truth,gt,546,45.41666666666663,0.5744710255792477
bb_ipp_ground_truth,gt,547,45.5,0.5743691320558765
bb_ipp_ground_truth,gt,548,45.58333333333337,0.5742707707275659
bb_ipp_ground_truth,gt,549,45.66666666666663,0.5741915704252294
bb_ipp_ground_truth,gt,550,45.75,0.5741250906264517
bb_ipp_ground_truth,gt,551,45.83333333333337,0.574052953152015
bb_ipp_ground_truth,gt,552,45.91666666666663,0.5739712672167162
bb_ipp_ground_truth,gt,553,46.0,0.5738940597880887
bb_ipp_ground_truth,gt,554,46.08333333333337,0.5738318307552439
bb_ipp_ground_truth,gt,555,46.16666666666663,0.5737689430786213
bb_ipp_ground_truth,gt,556,46.25,0.5736775815694906
bb_ipp_ground_truth,gt,557,46.33333333333337,0.5735913302461267
bb_ipp_ground_truth,gt,558,46.41666666666663,0.5735425322336227
bb_ipp_ground_truth,gt,559,46.5,0.5735116922437106
bb_ipp_ground_truth,gt,560,46.58333333333337,0.5734767282010453
bb_ipp_ground_truth,gt,561,46.66666666666663,0.5734246733234996
bb_ipp_ground_truth,gt,562,46.75,0.5733505554633523
bb_ipp_ground_truth,gt,563,46.83333333333337,0.5732820383082322
bb_ipp_ground_truth,gt,564,46.91666666666663,0.5732329825012331
bb_ipp_ground_truth,gt,565,47.0,0.5731727409693207
bb_ipp_ground_truth,gt,566,47.08333333333337,0.573075227026624
bb_ipp_ground_truth,gt,567,47.16666666666663,0.5729884342948404
bb_ipp_ground_truth,gt,568,47.25,0.5729377590188921
bb_ipp_ground_truth,gt,569,47.33333333333337,0.5728940230612284
bb_ipp_ground_truth,gt,570,47.41666666666663,0.5728149928461913
bb_ipp_ground_truth,gt,571,47.5,0.5727167596878971
bb_ipp_ground_truth,gt,572,47.58333333333337,0.572659723020625
bb_ipp_ground_truth,gt,573,47.66666666666663,0.5726366076857372
bb_ipp_ground_truth,gt,574,47.75,0.5725914153763539
bb_ipp_ground_truth,gt,575,47.83333333333337,0.5725064823759424
bb_ipp_ground_truth,gt,576,47.91666666666663,0.5724592935715977
bb_ipp_ground_truth,gt,577,48.0,0.5724569669850964
bb_ipp_ground_truth,gt,578,48.08333333333337,0.5724603025851873
bb_ipp_ground_truth,gt,579,48.16666666666663,0.5724336108577097
bb_ipp_ground_truth,gt,580,48.25,0.5723448378454139
bb_ipp_ground_truth,gt,581,48.33333333333337,0.5721949580560279
bb_ipp_ground_truth,gt,582,48.41666666666663,0.5721102111058695
bb_ipp_ground_truth,gt,583,48.5,0.5720967103821413
bb_ipp_ground_truth,gt,584,48.58333333333337,0.5721055953259189
bb_ipp_ground_truth,gt,585,48.66666666666663,0.5720999650896653
bb_ipp_ground_truth,gt,586,48.75,0.5720782069418061
bb_ipp_ground_truth,gt,587,48.83333333333337,0.5720613842492432
bb_ipp_ground_truth,gt,588,48.91666666666663,0.5720591214454855
bb_ipp_ground_truth,gt,589,49.0,0.5720511043698745
bb_ipp_ground_truth,gt,590,49.08333333333337,0.5720154012207522
bb_ipp_ground_truth,gt,591,49.16666666666663,0.5719803861487761
bb_ipp_ground_truth,gt,592,49.25,0.5719781421053395
bb_ipp_ground_truth,gt,593,49.33333333333337,0.571993857373064
bb_ipp_ground_truth,gt,594,49.41666666666663,0.5720010762188447
bb_ipp_ground_truth,gt,595,49.5,0.5720020980893421
bb_ipp_ground_truth,gt,596,49.58333333333337,0.5720196820393466
bb_ipp_ground_truth,gt,597,49.66666666666663,0.5720519343264113
bb_ipp_ground_truth,gt,598,49.75,0.5720734176518891
bb_ipp_ground_truth,gt,599,49.83333333333337,0.5720518157385652
bb_ipp_ground_truth,gt,600,49.91666666666663,0.5720066209531292
bb_ipp_ground_truth,gt,601,50.0,0.5720120814185063
bb_ipp_ground_truth,gt,602,50.08333333333337,0.5720716702763681
bb_ipp_ground_truth,gt,603,50.16666666666663,0.5721485090380114
bb_ipp_ground_truth,gt,604,50.25,0.5722141384369485
bb_ipp_ground_truth,gt,605,50.33333333333337,0.5722472129725261
bb_ipp_ground_truth,gt,606,50.41666666666663,0.5722322698032661
bb_ipp_ground_truth,gt,607,50.5,0.5722297194324024
bb_ipp_ground_truth,gt,608,50.58333333333337,0.572280702906305
bb_ipp_ground_truth,gt,609,50.66666666666663,0.5723612296196294
bb_ipp_ground_truth,gt,610,50.75,0.5724356141124931
bb_ipp_ground_truth,gt,611,50.83333333333337,0.5724896183486629
bb_ipp_ground_truth,gt,612,50.91666666666663,0.5725343104691725
bb_ipp_ground_truth,gt,613,51.0,0.5725941990042074
bb_ipp_ground_truth,gt,614,51.08333333333337,0.5726629354164393
bb_ipp_ground_truth,gt,615,51.16666666666663,0.5727049615633402
bb_ipp_ground_truth,gt,616,51.25,0.5727196281730199
bb_ipp_ground_truth,gt,617,51.33333333333337,0.5727465284667558
bb_ipp_ground_truth,gt,618,51.41666666666663,0.5727879518645513
bb_ipp_ground_truth,gt,619,51.5,0.5728112564951471
bb_ipp_ground_truth,gt,620,51.58333333333337,0.5728051550945494
bb_ipp_ground_truth,gt,621,51.66666666666663,0.5727842378152048
bb_ipp_ground_truth,gt,622,51.75,0.5727599930013453
bb_ipp_ground_truth,gt,623,51.83333333333337,0.5727231519452224
bb_ipp_ground_truth,gt,624,51.91666666666663,0.5726460575883848
bb_ipp_ground_truth,gt,625,52.0,0.5725361688211803
bb_ipp_ground_truth,gt,626,52.08333333333337,0.5724517736453201
bb_ipp_ground_truth,gt,627,52.16666666666663,0.5724003164235549
bb_ipp_ground_truth,gt,628,52.25,0.5723537924004561
bb_ipp_ground_truth,gt,629,52.33333333333337,0.5722943221261237
bb_ipp_ground_truth,gt,630,52.41666666666663,0.5722240497130678
bb_ipp_ground_truth,gt,631,52.5,0.5721550131965509
bb_ipp_ground_truth,gt,632,52.58333333333337,0.5720916608313088
bb_ipp_ground_truth,gt,633,52.66666666666663,0.5720151874782535
bb_ipp_ground_truth,gt,634,52.75,0.5719096844762448
bb_ipp_ground_truth,gt,635,52.83333333333337,0.5718190156825352
bb_ipp_ground_truth,gt,636,52.91666666666663,0.5717667780319847
bb_ipp_ground_truth,gt,637,53.0,0.5717159144423836
bb_ipp_ground_truth,gt,638,53.08333333333337,0.5716293820957552
bb_ipp_ground_truth,gt,639,53.16666666666663,0.5715480774669153
bb_ipp_ground_truth,gt,640,53.25,0.5715061784143174
bb_ipp_ground_truth,gt,641,53.33333333333337,0.5714772158024608
bb_ipp_ground_truth,gt,642,53.41666666666663,0.5714298663072294
bb_ipp_ground_truth,gt,643,53.5,0.571371893553807
bb_ipp_ground_truth,gt,644,53.58333333333337,0.5713200270574735
bb_ipp_ground_truth,gt,645,53.66666666666663,0.5712726707206219
bb_ipp_ground_truth,gt,646,53.75,0.5712177295117562
bb_ipp_ground_truth,gt,647,53.83333333333337,0.5711323651879556
bb_ipp_ground_truth,gt,648,53.91666666666663,0.5710234946324808
bb_ipp_ground_truth,gt,649,54.0,0.5709473848467541
bb_ipp_ground_truth,gt,650,54.08333333333337,0.5708979818953612
bb_ipp_ground_truth,gt,651,54.16666666666663,0.5708480085341361
bb_ipp_ground_truth,gt,652,54.25,0.5707828865514502
bb_ipp_ground_truth,gt,653,54.33333333333337,0.5707047050811961
bb_ipp_ground_truth,gt,654,54.41666666666663,0.5706266000650149
bb_ipp_ground_truth,gt,655,54.5,0.5705538735216487
bb_ipp_ground_truth,gt,656,54.58333333333337,0.5704703340264737
bb_ipp_ground_truth,gt,657,54.66666666666663,0.570359487767743
bb_ipp_ground_truth,gt,658,54.75,0.5702547882829752
bb_ipp_ground_truth,gt,659,54.83333333333337,0.5701790996038516
bb_ipp_ground_truth,gt,660,54.91666666666663,0.5701109667696476
bb_ipp_ground_truth,gt,661,55.0,0.5700257933182248
bb_ipp_ground_truth,gt,662,55.08333333333337,0.5699444539918055
bb_ipp_ground_truth,gt,663,55.16666666666663,0.5698941495832887
bb_ipp_ground_truth,gt,664,55.25,0.5698669921872721
bb_ipp_ground_truth,gt,665,55.33333333333337,0.569837404577542
bb_ipp_ground_truth,gt,666,55.41666666666663,0.5697884009704044
bb_ipp_ground_truth,gt,667,55.5,0.5697317192872108
bb_ipp_ground_truth,gt,668,55.58333333333337,0.5697073670286674
bb_ipp_ground_truth,gt,669,55.66666666666663,0.5697279781617803
bb_ipp_ground_truth,gt,670,55.75,0.5697675885983
bb_ipp_ground_truth,gt,671,55.83333333333337,0.5698166368237536
bb_ipp_ground_truth,gt,672,55.91666666666663,0.5698695559786912
bb_ipp_ground_truth,gt,673,56.0,0.5699058081723922
bb_ipp_ground_truth,gt,674,56.08333333333337,0.5699356802713094
bb_ipp_ground_truth,gt,675,56.16666666666663,0.5699954838746302
bb_ipp_ground_truth,gt,676,56.25,0.5700825115696795
bb_ipp_ground_truth,gt,677,56.33333333333337,0.5701691432192806
bb_ipp_ground_truth,gt,678,56.41666666666663,0.5702295510028942
bb_ipp_ground_truth,gt,679,56.5,0.5702648440473901
bb_ipp_ground_truth,gt,680,56.58333333333337,0.5703019714995842
bb_ipp_ground_truth,gt,681,56.66666666666663,0.5703526908353583
bb_ipp_ground_truth,gt,682,56.75,0.5703958218708343
bb_ipp_ground_truth,gt,683,56.83333333333337,0.5704202494230958
bb_ipp_ground_truth,gt,684,56.91666666666663,0.5704497668293862
bb_ipp_ground_truth,gt,685,57.0,0.5705068024001897
bb_ipp_ground_truth,gt,686,57.08333333333337,0.5705845860080433
bb_ipp_ground_truth,gt,687,57.16666666666663,0.5706550554505098
bb_ipp_ground_truth,gt,688,57.25,0.570712559522591
bb_ipp_ground_truth,gt,689,57.33333333333337,0.5708004582285032
bb_ipp_ground_truth,gt,690,57.41666666666663,0.5709232958746289
bb_ipp_ground_truth,gt,691,57.5,0.5710382546563734
bb_ipp_ground_truth,gt,692,57.58333333333337,0.5711347373818653
bb_ipp_ground_truth,gt,693,57.66666666666663,0.5712466618852146
bb_ipp_ground_truth,gt,694,57.75,0.5713737945124336
bb_ipp_ground_truth,gt,695,57.83333333333337,0.5714935447706899
bb_ipp_ground_truth,gt,696,57.91666666666663,0.5715890325754112
bb_ipp_ground_truth,gt,697,58.0,0.5716550017375528
bb_ipp_ground_truth,gt,698,58.08333333333337,0.5717177120596209
bb_ipp_ground_truth,gt,699,58.16666666666663,0.5717935461101424
bb_ipp_ground_truth,gt,700,58.25,0.5718421675177675
bb_ipp_ground_truth,gt,701,58.33333333333337,0.5718231602679483
bb_ipp_ground_truth,gt,702,58.41666666666663,0.5718447552520767
bb_ipp_ground_truth,gt,703,58.5,0.5719233142624527
bb_ipp_ground_truth,gt,704,58.58333333333337,0.5720036684852479
bb_ipp_ground_truth,gt,705,58.66666666666663,0.5720277349173775
bb_ipp_ground_truth,gt,706,58.75,0.5720269987606273
bb_ipp_ground_truth,gt,707,58.83333333333337,0.5720583992940391
bb_ipp_ground_truth,gt,708,58.91666666666663,0.5720967008192308
bb_ipp_ground_truth,gt,709,59.0,0.5720750971237567
bb_ipp_ground_truth,gt,710,59.08333333333337,0.5719885083462646
bb_ipp_ground_truth,gt,711,59.16666666666663,0.5719617762501917
bb_ipp_ground_truth,gt,712,59.25,0.5719820720881917
bb_ipp_ground_truth,gt,713,59.33333333333337,0.5719988242873686
bb_ipp_ground_truth,gt,714,59.41666666666663,0.5719916511510661
bb_ipp_ground_truth,gt,715,59.5,0.5719626739385069
bb_ipp_ground_truth,gt,716,59.58333333333337,0.5719122389275003
bb_ipp_ground_truth,gt,717,59.66666666666663,0.5718567351462944
bb_ipp_ground_truth,gt,718,59.75,0.5718049824466942
bb_ipp_ground_truth,gt,719,59.83333333333337,0.5717526712759965
bb_ipp_ground_truth,gt,720,59.91666666666663,0.5716999987579168
bb_ipp_ground_truth,gt,721,60.0,0.5716290261620305
bb_ipp_ground_truth,gt,722,60.08333333333337,0.5714989868860145
bb_ipp_ground_truth,gt,723,60.16666666666663,0.5713907171068391
bb_ipp_ground_truth,gt,724,60.25,0.5713531227505386
bb_ipp_ground_truth,gt,725,60.33333333333337,0.5713467679042427
bb_ipp_ground_truth,gt,726,60.41666666666663,0.5713176549492981
bb_ipp_ground_truth,gt,727,60.5,0.5712567312940335
bb_ipp_ground_truth,gt,728,60.58333333333337,0.5712017197070655
bb_ipp_ground_truth,gt,729,60.66666666666663,0.5711631312210612
bb_ipp_ground_truth,gt,730,60.75,0.5711173058746696
bb_ipp_ground_truth,gt,731,60.83333333333337,0.5710427621496557
bb_ipp_ground_truth,gt,732,60.91666666666663,0.5709703683065375
bb_ipp_ground_truth,gt,733,61.0,0.5709253520750591
bb_ipp_ground_truth,gt,734,61.08333333333337,0.5708824971668732
bb_ipp_ground_truth,gt,735,61.16666666666663,0.5708004389045879
bb_ipp_ground_truth,gt,736,61.25,0.5707124280079248
bb_ipp_ground_truth,gt,737,61.33333333333337,0.5706717744062434
bb_ipp_ground_truth,gt,738,61.41666666666663,0.5706595893090193
bb_ipp_ground_truth,gt,739,61.5,0.5706439265567805
bb_ipp_ground_truth,gt,740,61.58333333333337,0.5706046841801617
bb_ipp_ground_truth,gt,741,61.66666666666663,0.5705149644861646
bb_ipp_ground_truth,gt,742,61.75,0.5704180397955305
bb_ipp_ground_truth,gt,743,61.83333333333337,0.5703677875413323
bb_ipp_ground_truth,gt,744,61.91666666666663,0.5703438050655973
bb_ipp_ground_truth,gt,745,62.0,0.5703148193664243
bb_ipp_ground_truth,gt,746,62.08333333333337,0.5702696880150996
bb_ipp_ground_truth,gt,747,62.16666666666663,0.5702178266317592
bb_ipp_ground_truth,gt,748,62.25,0.5701742907434237
bb_ipp_ground_truth,gt,749,62.33333333333337,0.5701377245660607
bb_ipp_ground_truth,gt,750,62.41666666666663,0.5700894171230048
bb_ipp_ground_truth,gt,751,62.5,0.5700279945661747
bb_ipp_ground_truth,gt,752,62.58333333333337,0.569979765001625
bb_ipp_ground_truth,gt,753,62.66666666666663,0.5699504133722724
bb_ipp_ground_truth,gt,754,62.75,0.5699189149218341
bb_ipp_ground_truth,gt,755,62.83333333333337,0.5698740001512762
bb_ipp_ground_truth,gt,756,62.91666666666663,0.5698290903424925
bb_ipp_ground_truth,gt,757,63.0,0.5697977484396459
bb_ipp_ground_truth,gt,758,63.08333333333337,0.569772613705766
bb_ipp_ground_truth,gt,759,63.16666666666663,0.569719998424769
bb_ipp_ground_truth,gt,760,63.25,0.5696177251831782
bb_ipp_ground_truth,gt,761,63.33333333333337,0.5695673777007517
bb_ipp_ground_truth,gt,762,63.41666666666663,0.5695961548048428
bb_ipp_ground_truth,gt,763,63.5,0.5696628899807412
bb_ipp_ground_truth,gt,764,63.58333333333337,0.569726643219056
bb_ipp_ground_truth,gt,765,63.66666666666663,0.5697551940913393
bb_ipp_ground_truth,gt,766,63.75,0.5697164563868927
bb_ipp_ground_truth,gt,767,63.83333333333337,0.5697125445094329
bb_ipp_ground_truth,gt,768,63.91666666666663,0.569788613757902
bb_ipp_ground_truth,gt,769,64.0,0.5698938374071629
bb_ipp_ground_truth,gt,770,64.08333333333337,0.569972240143888
bb_ipp_ground_truth,gt,771,64.16666666666663,0.57001585472966
bb_ipp_ground_truth,gt,772,64.25,0.5700561971927108
bb_ipp_ground_truth,gt,773,64.33333333333337,0.5701083812220751
bb_ipp_ground_truth,gt,774,64.41666666666663,0.5701540200618335
bb_ipp_ground_truth,gt,775,64.5,0.5701713750235999
bb_ipp_ground_truth,gt,776,64.58333333333337,0.5701681149188629
bb_ipp_ground_truth,gt,777,64.66666666666663,0.5701666624934159
bb_ipp_ground_truth,gt,778,64.75,0.5701702737515605
bb_ipp_ground_truth,gt,779,64.83333333333337,0.570147008651672
bb_ipp_ground_truth,gt,780,64.91666666666663,0.5700701874318779
bb_ipp_ground_truth,gt,781,65.0,0.5700387973338649
bb_ipp_ground_truth,gt,782,65.08333333333337,0.5700585872618606
bb_ipp_ground_truth,gt,783,65.16666666666663,0.570091601805249
bb_ipp_ground_truth,gt,784,65.25,0.5701089596122733
bb_ipp_ground_truth,gt,785,65.33333333333337,0.5700949530373447
bb_ipp_ground_truth,gt,786,65.41666666666663,0.5700431349655154
bb_ipp_ground_truth,gt,787,65.5,0.5699960197814358
bb_ipp_ground_truth,gt,788,65.58333333333337,0.5699845523428042
bb_ipp_ground_truth,gt,789,65.66666666666663,0.569992565826342
bb_ipp_ground_truth,gt,790,65.75,0.569994921076727
bb_ipp_ground_truth,gt,791,65.83333333333337,0.5699703209191103
bb_ipp_ground_truth,gt,792,65.91666666666663,0.569916378983678
bb_ipp_ground_truth,gt,793,66.0,0.5698680216284499
bb_ipp_ground_truth,gt,794,66.08333333333337,0.5698398778372799
bb_ipp_ground_truth,gt,795,66.16666666666663,0.5697966628976691
bb_ipp_ground_truth,gt,796,66.25,0.5697131587468939
bb_ipp_ground_truth,gt,797,66.33333333333337,0.5696485419567345
bb_ipp_ground_truth,gt,798,66.41666666666663,0.5696276995318715
bb_ipp_ground_truth,gt,799,66.5,0.5696135542567539
bb_ipp_ground_truth,gt,800,66.58333333333337,0.5695714698166802
bb_ipp_ground_truth,gt,801,66.66666666666663,0.5695260663957475
bb_ipp_ground_truth,gt,802,66.75,0.569503689156444
bb_ipp_ground_truth,gt,803,66.83333333333337,0.5694913910251813
bb_ipp_ground_truth,gt,804,66.91666666666663,0.5694681509088358
bb_ipp_ground_truth,gt,805,67.0,0.5694245453377951
bb_ipp_ground_truth,gt,806,67.08333333333337,0.5693684674454375
bb_ipp_ground_truth,gt,807,67.16666666666663,0.5693320247646558
bb_ipp_ground_truth,gt,808,67.25,0.5693194537143356
bb_ipp_ground_truth,gt,809,67.33333333333337,0.569306171516029
bb_ipp_ground_truth,gt,810,67.41666666666663,0.5692892489240485
bb_ipp_ground_truth,gt,811,67.5,0.5692701029499658
bb_ipp_ground_truth,gt,812,67.58333333333337,0.5692244115562344
bb_ipp_ground_truth,gt,813,67.66666666666663,0.5691567672194277
bb_ipp_ground_truth,gt,814,67.75,0.569104337463729
bb_ipp_ground_truth,gt,815,67.83333333333337,0.5690698703335868
bb_ipp_ground_truth,gt,816,67.91666666666663,0.5690318776736927
bb_ipp_ground_truth,gt,817,68.0,0.5689732961754064
bb_ipp_ground_truth,gt,818,68.08333333333337,0.5689031286188071
bb_ipp_ground_truth,gt,819,68.16666666666663,0.5688427933175748
bb_ipp_ground_truth,gt,820,68.25,0.5687928216703545
bb_ipp_ground_truth,gt,821,68.33333333333337,0.5687393576873464
bb_ipp_ground_truth,gt,822,68.41666666666663,0.5686814865758593
bb_ipp_ground_truth,gt,823,68.5,0.5686375521548538
bb_ipp_ground_truth,gt,824,68.58333333333337,0.5686142031998778
bb_ipp_ground_truth,gt,825,68.66666666666663,0.5685874686803177
bb_ipp_ground_truth,gt,826,68.75,0.5685274950392171
bb_ipp_ground_truth,gt,827,68.83333333333337,0.5684555184557388
bb_ipp_ground_truth,gt,828,68.91666666666663,0.568418459816828
bb_ipp_ground_truth,gt,829,69.0,0.5684000532527161
bb_ipp_ground_truth,gt,830,69.08333333333337,0.5683795389201847
bb_ipp_ground_truth,gt,831,69.16666666666663,0.5683600812957265
bb_ipp_ground_truth,gt,832,69.25,0.5683374657189579
bb_ipp_ground_truth,gt,833,69.33333333333337,0.5682987385316369
bb_ipp_ground_truth,gt,834,69.41666666666663,0.5682662620112513
bb_ipp_ground_truth,gt,835,69.5,0.5682550439402232
bb_ipp_ground_truth,gt,836,69.58333333333337,0.5682531223083314
bb_ipp_ground_truth,gt,837,69.66666666666663,0.5682451467023233
bb_ipp_ground_truth,gt,838,69.75,0.5682198104866147
bb_ipp_ground_truth,gt,839,69.83333333333337,0.5681868068328709
bb_ipp_ground_truth,gt,840,69.91666666666663,0.5681745596084634
bb_ipp_ground_truth,gt,841,70.0,0.5681801707173049
bb_ipp_ground_truth,gt,842,70.08333333333337,0.5681689197710841
bb_ipp_ground_truth,gt,843,70.16666666666663,0.5681394366057418
bb_ipp_ground_truth,gt,844,70.25,0.5681330983488598
bb_ipp_ground_truth,gt,845,70.33333333333337,0.5681519039285725
bb_ipp_ground_truth,gt,846,70.41666666666663,0.5681654195894397
bb_ipp_ground_truth,gt,847,70.5,0.5681587834387529
bb_ipp_ground_truth,gt,848,70.58333333333337,0.568145051380133
bb_ipp_ground_truth,gt,849,70.66666666666663,0.5681350537217164
bb_ipp_ground_truth,gt,850,70.75,0.5681270162701513
bb_ipp_ground_truth,gt,851,70.83333333333337,0.568099348273896
bb_ipp_ground_truth,gt,852,70.91666666666663,0.5680297358556456
bb_ipp_ground_truth,gt,853,71.0,0.5679760738954202
bb_ipp_ground_truth,gt,854,71.08333333333337,0.5679569785876991
bb_ipp_ground_truth,gt,855,71.16666666666663,0.5679398277372465
bb_ipp_ground_truth,gt,856,71.25,0.5679066894915235
bb_ipp_ground_truth,gt,857,71.33333333333337,0.5678544010763215
bb_ipp_ground_truth,gt,858,71.41666666666663,0.5677913916402486
bb_ipp_ground_truth,gt,859,71.5,0.5677331868579084
bb_ipp_ground_truth,gt,860,71.58333333333337,0.5676677832506168
bb_ipp_ground_truth,gt,861,71.66666666666663,0.5675668656639872
bb_ipp_ground_truth,gt,862,71.75,0.5674552826366926
bb_ipp_ground_truth,gt,863,71.83333333333337,0.5673932018069585
bb_ipp_ground_truth,gt,864,71.91666666666663,0.567363680961738
bb_ipp_ground_truth,gt,865,72.0,0.56731546393566
bb_ipp_ground_truth,gt,866,72.08333333333337,0.5672455719645015
bb_ipp_ground_truth,gt,867,72.16666666666663,0.5672025585101499
bb_ipp_ground_truth,gt,868,72.25,0.5671907185014539
bb_ipp_ground_truth,gt,869,72.33333333333337,0.567179711028238
bb_ipp_ground_truth,gt,870,72.41666666666663,0.567142552391776
bb_ipp_ground_truth,gt,871,72.5,0.5670819520756216
bb_ipp_ground_truth,gt,872,72.58333333333337,0.5670306835241046
bb_ipp_ground_truth,gt,873,72.66666666666663,0.5670139711248452
bb_ipp_ground_truth,gt,874,72.75,0.5670099748216794
bb_ipp_ground_truth,gt,875,72.83333333333337,0.5670032557831373
bb_ipp_ground_truth,gt,876,72.91666666666663,0.5670055730380706
bb_ipp_ground_truth,gt,877,73.0,0.5670112911224569
bb_ipp_ground_truth,gt,878,73.08333333333337,0.5669964031333493
bb_ipp_ground_truth,gt,879,73.16666666666663,0.5669737248613266
bb_ipp_ground_truth,gt,880,73.25,0.56697087757366
bb_ipp_ground_truth,gt,881,73.33333333333337,0.566983159657756
bb_ipp_ground_truth,gt,882,73.41666666666663,0.5669903012917963
bb_ipp_ground_truth,gt,883,73.5,0.5669750074241393
bb_ipp_ground_truth,gt,884,73.58333333333337,0.5669444263802847
bb_ipp_ground_truth,gt,885,73.66666666666663,0.5669239722443544
bb_ipp_ground_truth,gt,886,73.75,0.5669191441545947
bb_ipp_ground_truth,gt,887,73.83333333333337,0.566914660430959
bb_ipp_ground_truth,gt,888,73.91666666666663,0.5669094783511368
bb_ipp_ground_truth,gt,889,74.0,0.5669221008071393
bb_ipp_ground_truth,gt,890,74.08333333333337,0.5669604145570825
bb_ipp_ground_truth,gt,891,74.16666666666663,0.5670026001882382
bb_ipp_ground_truth,gt,892,74.25,0.5670299703117652
bb_ipp_ground_truth,gt,893,74.33333333333337,0.5670478722102552
bb_ipp_ground_truth,gt,894,74.41666666666663,0.5670711441458713
bb_ipp_ground_truth,gt,895,74.5,0.5670892737202535
bb_ipp_ground_truth,gt,896,74.58333333333337,0.567063135227935
bb_ipp_ground_truth,gt,897,74.66666666666663,0.567003445578109
bb_ipp_ground_truth,gt,898,74.75,0.5669808887968114
bb_ipp_ground_truth,gt,899,74.83333333333337,0.5669967104499475
bb_ipp_ground_truth,gt,900,74.91666666666663,0.5670144377258822
bb_ipp_ground_truth,gt,901,75.0,0.567002913657964
bb_ipp_ground_truth,gt,902,75.08333333333337,0.5669504491518588
bb_ipp_ground_truth,gt,903,75.16666666666663,0.5668880187452356
bb_ipp_ground_truth,gt,904,75.25,0.5668503634455859
bb_ipp_ground_truth,gt,905,75.33333333333337,0.5668122857607973
bb_ipp_ground_truth,gt,906,75.41666666666663,0.5667141754095633
bb_ipp_ground_truth,gt,907,75.5,0.566622406460796
bb_ipp_ground_truth,gt,908,75.58333333333337,0.5666002321279094
bb_ipp_ground_truth,gt,909,75.66666666666663,0.5666054977845753
bb_ipp_ground_truth,gt,910,75.75,0.5665644145057099
bb_ipp_ground_truth,gt,911,75.83333333333337,0.5664778505438736
bb_ipp_ground_truth,gt,912,75.91666666666663,0.5664459209498736
bb_ipp_ground_truth,gt,913,76.0,0.5664568704088067
bb_ipp_ground_truth,gt,914,76.08333333333337,0.566444897627832
bb_ipp_ground_truth,gt,915,76.16666666666663,0.5663947754860521
bb_ipp_ground_truth,gt,916,76.25,0.5663731226285568
bb_ipp_ground_truth,gt,917,76.33333333333337,0.5663931099275211
bb_ipp_ground_truth,gt,918,76.41666666666663,0.5664209711983699
bb_ipp_ground_truth,gt,919,76.5,0.5664207022591586
bb_ipp_ground_truth,gt,920,76.58333333333337,0.5663569751531111
bb_ipp_ground_truth,gt,921,76.66666666666663,0.566258465632922
bb_ipp_ground_truth,gt,922,76.75,0.5662240434972848
bb_ipp_ground_truth,gt,923,76.83333333333337,0.5662480873913772
bb_ipp_ground_truth,gt,924,76.91666666666663,0.5662829703966307
bb_ipp_ground_truth,gt,925,77.0,0.5662943534774648
bb_ipp_ground_truth,gt,926,77.08333333333337,0.5662806584585115
bb_ipp_ground_truth,gt,927,77.16666666666663,0.5662632422885286
bb_ipp_ground_truth,gt,928,77.25,0.5662544635164942
bb_ipp_ground_truth,gt,929,77.33333333333337,0.5662371807393449
bb_ipp_ground_truth,gt,930,77.41666666666663,0.5661960116424756
bb_ipp_ground_truth,gt,931,77.5,0.5661580330123466
bb_ipp_ground_truth,gt,932,77.58333333333337,0.5661431407191126
bb_ipp_ground_truth,gt,933,77.66666666666663,0.5661320819563296
bb_ipp_ground_truth,gt,934,77.75,0.566102941227824
bb_ipp_ground_truth,gt,935,77.83333333333337,0.5660700889360423
bb_ipp_ground_truth,gt,936,77.91666666666663,0.5660530021576442
bb_ipp_ground_truth,gt,937,78.0,0.5660458160530122
bb_ipp_ground_truth,gt,938,78.08333333333337,0.5660254821880871
bb_ipp_ground_truth,gt,939,78.16666666666663,0.5659729881194403
bb_ipp_ground_truth,gt,940,78.25,0.565904838212195
bb_ipp_ground_truth,gt,941,78.33333333333337,0.5658652910959512
bb_ipp_ground_truth,gt,942,78.41666666666663,0.565859149354939
bb_ipp_ground_truth,gt,943,78.5,0.5658610034710082
bb_ipp_ground_truth,gt,944,78.58333333333337,0.5658561214715944
bb_ipp_ground_truth,gt,945,78.66666666666663,0.5658300177507692
bb_ipp_ground_truth,gt,946,78.75,0.5657721612757701
bb_ipp_ground_truth,gt,947,78.83333333333337,0.5657344279588326
bb_ipp_ground_truth,gt,948,78.91666666666663,0.5657541578567751
bb_ipp_ground_truth,gt,949,79.0,0.5658123045378529
bb_ipp_ground_truth,gt,950,79.08333333333337,0.5658699530793624
bb_ipp_ground_truth,gt,951,79.16666666666663,0.5659015462790411
bb_ipp_ground_truth,gt,952,79.25,0.5659217300734167
bb_ipp_ground_truth,gt,953,79.33333333333337,0.5659585433761234
bb_ipp_ground_truth,gt,954,79.41666666666663,0.5660111895358771
bb_ipp_ground_truth,gt,955,79.5,0.5660582155241911
bb_ipp_ground_truth,gt,956,79.58333333333337,0.5660970667479548
bb_ipp_ground_truth,gt,957,79.66666666666663,0.5661525128875081
bb_ipp_ground_truth,gt,958,79.75,0.5662350953629123
bb_ipp_ground_truth,gt,959,79.83333333333337,0.566326935805326
bb_ipp_ground_truth,gt,960,79.91666666666663,0.5664085976831379
bb_ipp_ground_truth,gt,961,80.0,0.5664872389336508
bb_ipp_ground_truth,gt,962,80.08333333333337,0.5665851586266973
bb_ipp_ground_truth,gt,963,80.16666666666663,0.5666932247124961
bb_ipp_ground_truth,gt,964,80.25,0.5667662748081765
bb_ipp_ground_truth,gt,965,80.33333333333337,0.5668145826883126
bb_ipp_ground_truth,gt,966,80.41666666666663,0.5669175304844688
bb_ipp_ground_truth,gt,967,80.5,0.5670712202062281
bb_ipp_ground_truth,gt,968,80.58333333333337,0.5672260411676265
bb_ipp_ground_truth,gt,969,80.66666666666663,0.5673440295327805
bb_ipp_ground_truth,gt,970,80.75,0.5674036771162368
bb_ipp_ground_truth,gt,971,80.83333333333337,0.5674447961133282
bb_ipp_ground_truth,gt,972,80.91666666666663,0.5675255155987383
bb_ipp_ground_truth,gt,973,81.0,0.5676220261938546
bb_ipp_ground_truth,gt,974,81.08333333333337,0.5676823102343488
bb_ipp_ground_truth,gt,975,81.16666666666663,0.567724511787184
bb_ipp_ground_truth,gt,976,81.25,0.5677973422698014
bb_ipp_ground_truth,gt,977,81.33333333333337,0.5678847370710469
bb_ipp_ground_truth,gt,978,81.41666666666663,0.5679415295481277
bb_ipp_ground_truth,gt,979,81.5,0.5679575063258557
bb_ipp_ground_truth,gt,980,81.58333333333337,0.5679656033730721
bb_ipp_ground_truth,gt,981,81.66666666666663,0.567983779659487
bb_ipp_ground_truth,gt,982,81.75,0.5679777829404506
bb_ipp_ground_truth,gt,983,81.83333333333337,0.567895588145716
bb_ipp_ground_truth,gt,984,81.91666666666663,0.5677736299504299
bb_ipp_ground_truth,gt,985,82.0,0.5677073755108009
bb_ipp_ground_truth,gt,986,82.08333333333337,0.567675894945496
bb_ipp_ground_truth,gt,987,82.16666666666663,0.5676378086229409
bb_ipp_ground_truth,gt,988,82.25,0.5675804407768303
bb_ipp_ground_truth,gt,989,82.33333333333337,0.5674992360110219
bb_ipp_ground_truth,gt,990,82.41666666666663,0.5673897937870249
bb_ipp_ground_truth,gt,991,82.5,0.5672799805179289
bb_ipp_ground_truth,gt,992,82.58333333333337,0.5671845337077026
bb_ipp_ground_truth,gt,993,82.66666666666663,0.5670958145783221
bb_ipp_ground_truth,gt,994,82.75,0.5670015933648772
bb_ipp_ground_truth,gt,995,82.83333333333337,0.5668827028604864
bb_ipp_ground_truth,gt,996,82.91666666666663,0.5667382657537986
bb_ipp_ground_truth,gt,997,83.0,0.5666132222072207
bb_ipp_ground_truth,gt,998,83.08333333333337,0.5665182489873427
bb_ipp_ground_truth,gt,999,83.16666666666663,0.566415879089905
bb_ipp_ground_truth,gt,1000,83.25,0.5662707975808504
bb_ipp_ground_truth,gt,1001,83.33333333333337,0.5661512748233883
bb_ipp_ground_truth,gt,1002,83.41666666666663,0.5660782640003276
bb_ipp_ground_truth,gt,1003,83.5,0.5660131384172225
bb_ipp_ground_truth,gt,1004,83.58333333333337,0.5659014983838129
bb_ipp_ground_truth,gt,1005,83.66666666666663,0.5657926249917256
bb_ipp_ground_truth,gt,1006,83.75,0.5657372834123343
bb_ipp_ground_truth,gt,1007,83.83333333333337,0.5657061832489849
bb_ipp_ground_truth,gt,1008,83.91666666666663,0.5656597972089091
bb_ipp_ground_truth,gt,1009,84.0,0.5656042660556897
bb_ipp_ground_truth,gt,1010,84.08333333333337,0.5655652256980116
bb_ipp_ground_truth,gt,1011,84.16666666666663,0.565540160525802
bb_ipp_ground_truth,gt,1012,84.25,0.5655135432649124
bb_ipp_ground_truth,gt,1013,84.33333333333337,0.5654638821062868
bb_ipp_ground_truth,gt,1014,84.41666666666663,0.5653798496936884
bb_ipp_ground_truth,gt,1015,84.5,0.5653158296917791
bb_ipp_ground_truth,gt,1016,84.58333333333337,0.5652907411004497
bb_ipp_ground_truth,gt,1017,84.66666666666663,0.5652775451485194
bb_ipp_ground_truth,gt,1018,84.75,0.5652548220293141
bb_ipp_ground_truth,gt,1019,84.83333333333337,0.5652288842162071
bb_ipp_ground_truth,gt,1020,84.91666666666663,0.5652134807643301
bb_ipp_ground_truth,gt,1021,85.0,0.5652095670315004
bb_ipp_ground_truth,gt,1022,85.08333333333337,0.5652015102146499
bb_ipp_ground_truth,gt,1023,85.16666666666663,0.5651784878757838
bb_ipp_ground_truth,gt,1024,85.25,0.5651575736178858
bb_ipp_ground_truth,gt,1025,85.33333333333337,0.5651531621291407
bb_ipp_ground_truth,gt,1026,85.41666666666663,0.5651561360442758
bb_ipp_ground_truth,gt,1027,85.5,0.5651507861917453
bb_ipp_ground_truth,gt,1028,85.58333333333337,0.5651446435987779
bb_ipp_ground_truth,gt,1029,85.66666666666663,0.5651591376081951
bb_ipp_ground_truth,gt,1030,85.75,0.5651970137739025
bb_ipp_ground_truth,gt,1031,85.83333333333337,0.5652321354568283
bb_ipp_ground_truth,gt,1032,85.91666666666663,0.5652345745329583
bb_ipp_ground_truth,gt,1033,86.0,0.5652334742450323
bb_ipp_ground_truth,gt,1034,86.08333333333337,0.5652735817693646
bb_ipp_ground_truth,gt,1035,86.16666666666663,0.5653383133351894
bb_ipp_ground_truth,gt,1036,86.25,0.5654019002974835
bb_ipp_ground_truth,gt,1037,86.33333333333337,0.5654535058123652
bb_ipp_ground_truth,gt,1038,86.41666666666663,0.5654678391742782
bb_ipp_ground_truth,gt,1039,86.5,0.5654332849176423
bb_ipp_ground_truth,gt,1040,86.58333333333337,0.5654125272300974
bb_ipp_ground_truth,gt,1041,86.66666666666663,0.5654266631428285
bb_ipp_ground_truth,gt,1042,86.75,0.5654463909497555
bb_ipp_ground_truth,gt,1043,86.83333333333337,0.5654402025338421
bb_ipp_ground_truth,gt,1044,86.91666666666663,0.5654112714658709
bb_ipp_ground_truth,gt,1045,87.0,0.56538640436988
bb_ipp_ground_truth,gt,1046,87.08333333333337,0.5653717467949999
bb_ipp_ground_truth,gt,1047,87.16666666666663,0.5653444953052148
bb_ipp_ground_truth,gt,1048,87.25,0.5652827951488082
bb_ipp_ground_truth,gt,1049,87.33333333333337,0.565204542572553
bb_ipp_ground_truth,gt,1050,87.41666666666663,0.5651414961616613
bb_ipp_ground_truth,gt,1051,87.5,0.565087495505273
bb_ipp_ground_truth,gt,1052,87.58333333333337,0.5650004658308966
bb_ipp_ground_truth,gt,1053,87.66666666666663,0.5648981768410443
bb_ipp_ground_truth,gt,1054,87.75,0.5648535432022945
bb_ipp_ground_truth,gt,1055,87.83333333333337,0.5648510437590144
bb_ipp_ground_truth,gt,1056,87.91666666666663,0.5648469312052642
bb_ipp_ground_truth,gt,1057,88.0,0.5648064259562541
bb_ipp_ground_truth,gt,1058,88.08333333333337,0.5647019153612318
bb_ipp_ground_truth,gt,1059,88.16666666666663,0.5645615007189997
bb_ipp_ground_truth,gt,1060,88.25,0.5644818807531857
bb_ipp_ground_truth,gt,1061,88.33333333333337,0.5644558920203387
bb_ipp_ground_truth,gt,1062,88.41666666666663,0.5644411046443407
bb_ipp_ground_truth,gt,1063,88.5,0.5644089358102019
bb_ipp_ground_truth,gt,1064,88.58333333333337,0.5643626991980163
bb_ipp_ground_truth,gt,1065,88.66666666666663,0.5643214975753047
bb_ipp_ground_truth,gt,1066,88.75,0.564291159066999
bb_ipp_ground_truth,gt,1067,88.83333333333337,0.5642523801031357
bb_ipp_ground_truth,gt,1068,88.91666666666663,0.56418987643116
bb_ipp_ground_truth,gt,1069,89.0,0.5641284054253716
bb_ipp_ground_truth,gt,1070,89.08333333333337,0.564091619009572
bb_ipp_ground_truth,gt,1071,89.16666666666663,0.5640663314862173
bb_ipp_ground_truth,gt,1072,89.25,0.5640317828366438
bb_ipp_ground_truth,gt,1073,89.33333333333337,0.5639937206639809
bb_ipp_ground_truth,gt,1074,89.41666666666663,0.5639655719520155
bb_ipp_ground_truth,gt,1075,89.5,0.5639458385019921
bb_ipp_ground_truth,gt,1076,89.58333333333337,0.563915572621525
bb_ipp_ground_truth,gt,1077,89.66666666666663,0.5638455925369702
bb_ipp_ground_truth,gt,1078,89.75,0.563775904921386
bb_ipp_ground_truth,gt,1079,89.83333333333337,0.5637671079163533
bb_ipp_ground_truth,gt,1080,89.91666666666663,0.5637957295131226
bb_ipp_ground_truth,gt,1081,90.0,0.563824045926165
bb_ipp_ground_truth,gt,1082,90.08333333333337,0.5638317871039434
bb_ipp_ground_truth,gt,1083,90.16666666666663,0.5637943885098846
bb_ipp_ground_truth,gt,1084,90.25,0.5637181712652531
bb_ipp_ground_truth,gt,1085,90.33333333333337,0.563681947125038
bb_ipp_ground_truth,gt,1086,90.41666666666663,0.5636826181483194
bb_ipp_ground_truth,gt,1087,90.5,0.5636859551874732
bb_ipp_ground_truth,gt,1088,90.58333333333337,0.5636674537018138
bb_ipp_ground_truth,gt,1089,90.66666666666663,0.5636262719946202
bb_ipp_ground_truth,gt,1090,90.75,0.5635839012955656
bb_ipp_ground_truth,gt,1091,90.83333333333337,0.5635518768260228
bb_ipp_ground_truth,gt,1092,90.91666666666663,0.5635134859011335
bb_ipp_ground_truth,gt,1093,91.0,0.5634598066724253
bb_ipp_ground_truth,gt,1094,91.08333333333337,0.5634186957910564
bb_ipp_ground_truth,gt,1095,91.16666666666663,0.5634046333773239
bb_ipp_ground_truth,gt,1096,91.25,0.5633987540115873
bb_ipp_ground_truth,gt,1097,91.33333333333337,0.563381661976696
bb_ipp_ground_truth,gt,1098,91.41666666666663,0.5633560774917564
bb_ipp_ground_truth,gt,1099,91.5,0.56333605988544
bb_ipp_ground_truth,gt,1100,91.58333333333337,0.5633209602110564
bb_ipp_ground_truth,gt,1101,91.66666666666663,0.5632864204243907
bb_ipp_ground_truth,gt,1102,91.75,0.5632341679678644
bb_ipp_ground_truth,gt,1103,91.83333333333337,0.563208310534152
bb_ipp_ground_truth,gt,1104,91.91666666666663,0.5632177707768286
bb_ipp_ground_truth,gt,1105,92.0,0.5632324503924734
bb_ipp_ground_truth,gt,1106,92.08333333333337,0.5632364321971036
bb_ipp_ground_truth,gt,1107,92.16666666666663,0.5632364772790545
bb_ipp_ground_truth,gt,1108,92.25,0.5632410931869788
bb_ipp_ground_truth,gt,1109,92.33333333333337,0.5632466258258492
bb_ipp_ground_truth,gt,1110,92.41666666666663,0.5632333727937741
bb_ipp_ground_truth,gt,1111,92.5,0.5631969500359009
bb_ipp_ground_truth,gt,1112,92.58333333333337,0.5631828227304133
bb_ipp_ground_truth,gt,1113,92.66666666666663,0.5632062797642756
bb_ipp_ground_truth,gt,1114,92.75,0.5632279883811675
bb_ipp_ground_truth,gt,1115,92.83333333333337,0.5632147353900288
bb_ipp_ground_truth,gt,1116,92.91666666666663,0.5632106922853701
bb_ipp_ground_truth,gt,1117,93.0,0.5632433713791825
bb_ipp_ground_truth,gt,1118,93.08333333333337,0.5632832905647837
bb_ipp_ground_truth,gt,1119,93.16666666666663,0.5633011986631662
bb_ipp_ground_truth,gt,1120,93.25,0.5633079190803921
bb_ipp_ground_truth,gt,1121,93.33333333333337,0.563319425960027
bb_ipp_ground_truth,gt,1122,93.41666666666663,0.5633323559328911
bb_ipp_ground_truth,gt,1123,93.5,0.563329964269061
bb_ipp_ground_truth,gt,1124,93.58333333333337,0.5632804906514924
bb_ipp_ground_truth,gt,1125,93.66666666666663,0.5631974843143278
bb_ipp_ground_truth,gt,1126,93.75,0.5631672035519879
bb_ipp_ground_truth,gt,1127,93.83333333333337,0.563178888692319
bb_ipp_ground_truth,gt,1128,93.91666666666663,0.563197223271953
bb_ipp_ground_truth,gt,1129,94.0,0.5632000773547239
bb_ipp_ground_truth,gt,1130,94.08333333333337,0.5631729219665456
bb_ipp_ground_truth,gt,1131,94.16666666666663,0.5631362385117173
bb_ipp_ground_truth,gt,1132,94.25,0.5631341433052304
bb_ipp_ground_truth,gt,1133,94.33333333333337,0.5631450019432178
bb_ipp_ground_truth,gt,1134,94.41666666666663,0.5631063851233661
bb_ipp_ground_truth,gt,1135,94.5,0.5630314010662035
bb_ipp_ground_truth,gt,1136,94.58333333333337,0.5630189727954629
bb_ipp_ground_truth,gt,1137,94.66666666666663,0.5630551222344123
bb_ipp_ground_truth,gt,1138,94.75,0.5630707239543794
bb_ipp_ground_truth,gt,1139,94.83333333333337,0.5630138815011599
bb_ipp_ground_truth,gt,1140,94.91666666666663,0.5629896670834689
bb_ipp_ground_truth,gt,1141,95.0,0.5630258226765453
bb_ipp_ground_truth,gt,1142,95.08333333333337,0.5630826817950833
bb_ipp_ground_truth,gt,1143,95.16666666666663,0.5631216851200683
bb_ipp_ground_truth,gt,1144,95.25,0.563139209711089
bb_ipp_ground_truth,gt,1145,95.33333333333337,0.5631473988620873
bb_ipp_ground_truth,gt,1146,95.41666666666663,0.5631527504233343
bb_ipp_ground_truth,gt,1147,95.5,0.5631512528976548
bb_ipp_ground_truth,gt,1148,95.58333333333337,0.5631285527183755
bb_ipp_ground_truth,gt,1149,95.66666666666663,0.5630944510690422
bb_ipp_ground_truth,gt,1150,95.75,0.5630986753547595
bb_ipp_ground_truth,gt,1151,95.83333333333337,0.5631335379448584
bb_ipp_ground_truth,gt,1152,95.91666666666663,0.5631695827569918
bb_ipp_ground_truth,gt,1153,96.0,0.5631989807204713
bb_ipp_ground_truth,gt,1154,96.08333333333337,0.5632255584858431
bb_ipp_ground_truth,gt,1155,96.16666666666663,0.5632510654901284
bb_ipp_ground_truth,gt,1156,96.25,0.5632692411429794
bb_ipp_ground_truth,gt,1157,96.33333333333337,0.563260517529671
bb_ipp_ground_truth,gt,1158,96.41666666666663,0.5632214077359086
bb_ipp_ground_truth,gt,1159,96.5,0.5631911543242962
bb_ipp_ground_truth,gt,1160,96.58333333333337,0.5631814372337955
bb_ipp_ground_truth,gt,1161,96.66666666666663,0.5631659008026522
bb_ipp_ground_truth,gt,1162,96.75,0.5631303437333058
bb_ipp_ground_truth,gt,1163,96.83333333333337,0.5631016065992605
bb_ipp_ground_truth,gt,1164,96.91666666666663,0.5630908885520399
bb_ipp_ground_truth,gt,1165,97.0,0.5630798052016576
bb_ipp_ground_truth,gt,1166,97.08333333333337,0.5630514691931345
bb_ipp_ground_truth,gt,1167,97.16666666666663,0.5630013899381553
bb_ipp_ground_truth,gt,1168,97.25,0.5629376262608448
bb_ipp_ground_truth,gt,1169,97.33333333333337,0.562872838139849
bb_ipp_ground_truth,gt,1170,97.41666666666663,0.5627969851937817
bb_ipp_ground_truth,gt,1171,97.5,0.5627055987207764
bb_ipp_ground_truth,gt,1172,97.58333333333337,0.5626205096717779
bb_ipp_ground_truth,gt,1173,97.66666666666663,0.5625467315289572
bb_ipp_ground_truth,gt,1174,97.75,0.5624669624896076
bb_ipp_ground_truth,gt,1175,97.83333333333337,0.5623824147184973
bb_ipp_ground_truth,gt,1176,97.91666666666663,0.5623029266428812
bb_ipp_ground_truth,gt,1177,98.0,0.5622288319034419
bb_ipp_ground_truth,gt,1178,98.08333333333337,0.5621517261031632
bb_ipp_ground_truth,gt,1179,98.16666666666663,0.5620543596923018
bb_ipp_ground_truth,gt,1180,98.25,0.5619409687796604
bb_ipp_ground_truth,gt,1181,98.33333333333337,0.5618513412592346
bb_ipp_ground_truth,gt,1182,98.41666666666663,0.5617934366572609
bb_ipp_ground_truth,gt,1183,98.5,0.5617260611969335
bb_ipp_ground_truth,gt,1184,98.58333333333337,0.5616280087996551
bb_ipp_ground_truth,gt,1185,98.66666666666663,0.5615570167295206
bb_ipp_ground_truth,gt,1186,98.75,0.5615282740690047
bb_ipp_ground_truth,gt,1187,98.83333333333337,0.5615050358073701
bb_ipp_ground_truth,gt,1188,98.91666666666663,0.5614651964186131
bb_ipp_ground_truth,gt,1189,99.0,0.5614308061775022
bb_ipp_ground_truth,gt,1190,99.08333333333337,0.5614162165353312
bb_ipp_ground_truth,gt,1191,99.16666666666663,0.5614091715649513
bb_ipp_ground_truth,gt,1192,99.25,0.5613854319003375
bb_ipp_ground_truth,gt,1193,99.33333333333337,0.5613115421895223
bb_ipp_ground_truth,gt,1194,99.41666666666663,0.5612318862672722
bb_ipp_ground_truth,gt,1195,99.5,0.561217711329038
bb_ipp_ground_truth,gt,1196,99.58333333333337,0.5612482874844761
bb_ipp_ground_truth,gt,1197,99.66666666666663,0.5612821024138699
bb_ipp_ground_truth,gt,1198,99.75,0.5612920353455019
bb_ipp_ground_truth,gt,1199,99.83333333333337,0.5612734198512227
bb_ipp_ground_truth,gt,1200,99.91666666666663,0.5612569687003713
bb_ipp_ground_truth,gt,1201,100.0,0.5612610737895303
bb_ipp_ground_truth,gt,1202,100.08333333333337,0.5612586670266647
bb_ipp_ground_truth,gt,1203,100.16666666666663,0.5612183915683855
bb_ipp_ground_truth,gt,1204,100.25,0.5611914092794988
bb_ipp_ground_truth,gt,1205,100.33333333333337,0.5612055008815415
bb_ipp_ground_truth,gt,1206,100.41666666666663,0.5612245280619412
bb_ipp_ground_truth,gt,1207,100.5,0.5612097326682818
bb_ipp_ground_truth,gt,1208,100.58333333333337,0.5611857937650317
bb_ipp_ground_truth,gt,1209,100.66666666666663,0.5611821377468564
bb_ipp_ground_truth,gt,1210,100.75,0.5611853985929349
bb_ipp_ground_truth,gt,1211,100.83333333333337,0.5611729070766759
bb_ipp_ground_truth,gt,1212,100.91666666666663,0.561135462278835
bb_ipp_ground_truth,gt,1213,101.0,0.561079333845584
bb_ipp_ground_truth,gt,1214,101.08333333333337,0.5610307217751171
bb_ipp_ground_truth,gt,1215,101.16666666666663,0.5610004927659118
bb_ipp_ground_truth,gt,1216,101.25,0.5609728405480853
bb_ipp_ground_truth,gt,1217,101.33333333333337,0.5609449433842444
bb_ipp_ground_truth,gt,1218,101.41666666666663,0.5609193647768747
bb_ipp_ground_truth,gt,1219,101.5,0.5608763245164369
bb_ipp_ground_truth,gt,1220,101.58333333333337,0.5608197302655474
bb_ipp_ground_truth,gt,1221,101.66666666666663,0.5607830150875028
bb_ipp_ground_truth,gt,1222,101.75,0.5607731476948076
bb_ipp_ground_truth,gt,1223,101.83333333333337,0.5607706827055478
bb_ipp_ground_truth,gt,1224,101.91666666666663,0.5607529050952147
bb_ipp_ground_truth,gt,1225,102.0,0.5607177298196301
bb_ipp_ground_truth,gt,1226,102.08333333333337,0.5606878205012545
bb_ipp_ground_truth,gt,1227,102.16666666666663,0.560675742548045
bb_ipp_ground_truth,gt,1228,102.25,0.5606683542710078
bb_ipp_ground_truth,gt,1229,102.33333333333337,0.5606546089944618
bb_ipp_ground_truth,gt,1230,102.41666666666663,0.5606507994209546
bb_ipp_ground_truth,gt,1231,102.5,0.5606776776824025
bb_ipp_ground_truth,gt,1232,102.58333333333337,0.5607226270078844
bb_ipp_ground_truth,gt,1233,102.66666666666663,0.5607417735298578
bb_ipp_ground_truth,gt,1234,102.75,0.560711418142023
bb_ipp_ground_truth,gt,1235,102.83333333333337,0.5606938345323139
bb_ipp_ground_truth,gt,1236,102.91666666666663,0.5607310635652117
bb_ipp_ground_truth,gt,1237,103.0,0.5607974442848563
bb_ipp_ground_truth,gt,1238,103.08333333333337,0.5608567714062271
bb_ipp_ground_truth,gt,1239,103.16666666666663,0.560895561778505
bb_ipp_ground_truth,gt,1240,103.25,0.5608936345410993
bb_ipp_ground_truth,gt,1241,103.33333333333337,0.5608712001860409
bb_ipp_ground_truth,gt,1242,103.41666666666663,0.560886232305088
bb_ipp_ground_truth,gt,1243,103.5,0.5609370296788354
bb_ipp_ground_truth,gt,1244,103.58333333333337,0.5609931665740502
bb_ipp_ground_truth,gt,1245,103.66666666666663,0.5610315307264674
bb_ipp_ground_truth,gt,1246,103.75,0.5610499411638276
bb_ipp_ground_truth,gt,1247,103.83333333333337,0.5610705249310761
bb_ipp_ground_truth,gt,1248,103.91666666666663,0.5611085857747405
bb_ipp_ground_truth,gt,1249,104.0,0.5611420232491172
bb_ipp_ground_truth,gt,1250,104.08333333333337,0.5611446661166888
bb_ipp_ground_truth,gt,1251,104.16666666666663,0.5611425497929585
bb_ipp_ground_truth,gt,1252,104.25,0.5611641032898054
bb_ipp_ground_truth,gt,1253,104.33333333333337,0.5611893153102517
bb_ipp_ground_truth,gt,1254,104.41666666666663,0.5611871654003666
bb_ipp_ground_truth,gt,1255,104.5,0.5611662407153233
bb_ipp_ground_truth,gt,1256,104.58333333333337,0.5611440607769587
bb_ipp_ground_truth,gt,1257,104.66666666666663,0.5611184124602916
bb_ipp_ground_truth,gt,1258,104.75,0.561069118932879
bb_ipp_ground_truth,gt,1259,104.83333333333337,0.5609641100826712
bb_ipp_ground_truth,gt,1260,104.91666666666663,0.5608351446435395
bb_ipp_ground_truth,gt,1261,105.0,0.5607558580295113
bb_ipp_ground_truth,gt,1262,105.08333333333337,0.560712606816897
bb_ipp_ground_truth,gt,1263,105.16666666666663,0.560668821515392
bb_ipp_ground_truth,gt,1264,105.25,0.5605970512449767
bb_ipp_ground_truth,gt,1265,105.33333333333337,0.5604880483984871
bb_ipp_ground_truth,gt,1266,105.41666666666663,0.5603721333683614
bb_ipp_ground_truth,gt,1267,105.5,0.5602812631906444
bb_ipp_ground_truth,gt,1268,105.58333333333337,0.5601966260018388
bb_ipp_ground_truth,gt,1269,105.66666666666663,0.5600702237189316
bb_ipp_ground_truth,gt,1270,105.75,0.5599423378516483
bb_ipp_ground_truth,gt,1271,105.83333333333337,0.5598645084792513
bb_ipp_ground_truth,gt,1272,105.91666666666663,0.5598123333093656
bb_ipp_ground_truth,gt,1273,106.0,0.55973431640869
bb_ipp_ground_truth,gt,1274,106.08333333333337,0.5596255340301091
bb_ipp_ground_truth,gt,1275,106.16666666666663,0.5595580399296398
bb_ipp_ground_truth,gt,1276,106.25,0.5595237785634971
bb_ipp_ground_truth,gt,1277,106.33333333333337,0.559476761412827
bb_ipp_ground_truth,gt,1278,106.41666666666663,0.5594032535512434
bb_ipp_ground_truth,gt,1279,106.5,0.5593518055758436
bb_ipp_ground_truth,gt,1280,106.58333333333337,0.5593323739046537
bb_ipp_ground_truth,gt,1281,106.66666666666663,0.5593225595723768
bb_ipp_ground_truth,gt,1282,106.75,0.5592996424056985
bb_ipp_ground_truth,gt,1283,106.83333333333337,0.5592402573420564
bb_ipp_ground_truth,gt,1284,106.91666666666663,0.559149102448872
bb_ipp_ground_truth,gt,1285,107.0,0.559103013782169
bb_ipp_ground_truth,gt,1286,107.08333333333337,0.5590991732623806
bb_ipp_ground_truth,gt,1287,107.16666666666663,0.559106697034084
bb_ipp_ground_truth,gt,1288,107.25,0.559101732988518
bb_ipp_ground_truth,gt,1289,107.33333333333337,0.5590790764935992
bb_ipp_ground_truth,gt,1290,107.41666666666663,0.5590570684216098
bb_ipp_ground_truth,gt,1291,107.5,0.5590542342604138
bb_ipp_ground_truth,gt,1292,107.58333333333337,0.5590556603150304
bb_ipp_ground_truth,gt,1293,107.66666666666663,0.5590334795053302
bb_ipp_ground_truth,gt,1294,107.75,0.5590108753601236
bb_ipp_ground_truth,gt,1295,107.83333333333337,0.559019421383229
bb_ipp_ground_truth,gt,1296,107.91666666666663,0.5590418024627692
bb_ipp_ground_truth,gt,1297,108.0,0.5590477905800839
bb_ipp_ground_truth,gt,1298,108.08333333333337,0.5590438403023995
bb_ipp_ground_truth,gt,1299,108.16666666666663,0.5590522304490988
bb_ipp_ground_truth,gt,1300,108.25,0.5590716777100907
bb_ipp_ground_truth,gt,1301,108.33333333333337,0.5590840613298247
bb_ipp_ground_truth,gt,1302,108.41666666666663,0.5590662006271645
bb_ipp_ground_truth,gt,1303,108.5,0.5590189600167689
bb_ipp_ground_truth,gt,1304,108.58333333333337,0.5590071046488992
bb_ipp_ground_truth,gt,1305,108.66666666666663,0.5590477813337374
bb_ipp_ground_truth,gt,1306,108.75,0.5591106963689348
bb_ipp_ground_truth,gt,1307,108.83333333333337,0.55917177006458
bb_ipp_ground_truth,gt,1308,108.91666666666663,0.5592107485562497
bb_ipp_ground_truth,gt,1309,109.0,0.5592050971933897
bb_ipp_ground_truth,gt,1310,109.08333333333337,0.5592086424576098
bb_ipp_ground_truth,gt,1311,109.16666666666663,0.559271170635264
bb_ipp_ground_truth,gt,1312,109.25,0.5593652979817906
bb_ipp_ground_truth,gt,1313,109.33333333333337,0.5594466371862022
bb_ipp_ground_truth,gt,1314,109.41666666666663,0.5594986831706087
bb_ipp_ground_truth,gt,1315,109.5,0.5595407182306631
bb_ipp_ground_truth,gt,1316,109.58333333333337,0.559599484010322
bb_ipp_ground_truth,gt,1317,109.66666666666663,0.5596664814087337
bb_ipp_ground_truth,gt,1318,109.75,0.559712319812371
bb_ipp_ground_truth,gt,1319,109.83333333333337,0.5597301665585032
bb_ipp_ground_truth,gt,1320,109.91666666666663,0.5597415356785902
bb_ipp_ground_truth,gt,1321,110.0,0.5597638642838492
bb_ipp_ground_truth,gt,1322,110.08333333333337,0.5597796974436384
bb_ipp_ground_truth,gt,1323,110.16666666666663,0.5597511582622027
bb_ipp_ground_truth,gt,1324,110.25,0.5597257668870911
bb_ipp_ground_truth,gt,1325,110.33333333333337,0.5597579152576029
bb_ipp_ground_truth,gt,1326,110.41666666666663,0.5598180667373125
bb_ipp_ground_truth,gt,1327,110.5,0.5598731706877178
bb_ipp_ground_truth,gt,1328,110.58333333333337,0.559904877958061
bb_ipp_ground_truth,gt,1329,110.66666666666663,0.5598921202489441
bb_ipp_ground_truth,gt,1330,110.75,0.5598484063654644
bb_ipp_ground_truth,gt,1331,110.83333333333337,0.5598377892717791
bb_ipp_ground_truth,gt,1332,110.91666666666663,0.5598628895542092
bb_ipp_ground_truth,gt,1333,111.0,0.5598921709398929
bb_ipp_ground_truth,gt,1334,111.08333333333337,0.5599051332831525
bb_ipp_ground_truth,gt,1335,111.16666666666663,0.5598963757912568
bb_ipp_ground_truth,gt,1336,111.25,0.5598830795306349
bb_ipp_ground_truth,gt,1337,111.33333333333337,0.5598783417815161
bb_ipp_ground_truth,gt,1338,111.41666666666663,0.5598652189904659
bb_ipp_ground_truth,gt,1339,111.5,0.5598242076726409
bb_ipp_ground_truth,gt,1340,111.58333333333337,0.5597764373473088
bb_ipp_ground_truth,gt,1341,111.66666666666663,0.5597473662585913
bb_ipp_ground_truth,gt,1342,111.75,0.5597183101349728
bb_ipp_ground_truth,gt,1343,111.83333333333337,0.5596704492301521
bb_ipp_ground_truth,gt,1344,111.91666666666663,0.5596100989421208
bb_ipp_ground_truth,gt,1345,112.0,0.5595478747600094
bb_ipp_ground_truth,gt,1346,112.08333333333337,0.5594842419975558
bb_ipp_ground_truth,gt,1347,112.16666666666663,0.5594062483483059
bb_ipp_ground_truth,gt,1348,112.25,0.5592878108474185
bb_ipp_ground_truth,gt,1349,112.33333333333337,0.559157232802385
bb_ipp_ground_truth,gt,1350,112.41666666666663,0.5590648499086381
bb_ipp_ground_truth,gt,1351,112.5,0.5589962045936628
bb_ipp_ground_truth,gt,1352,112.58333333333337,0.5589251227738224
bb_ipp_ground_truth,gt,1353,112.66666666666663,0.5588348360367467
bb_ipp_ground_truth,gt,1354,112.75,0.5587200857754508
bb_ipp_ground_truth,gt,1355,112.83333333333337,0.5586048697049915
bb_ipp_ground_truth,gt,1356,112.91666666666663,0.558514083767941
bb_ipp_ground_truth,gt,1357,113.0,0.5584300688242055
bb_ipp_ground_truth,gt,1358,113.08333333333337,0.5583152286457016
bb_ipp_ground_truth,gt,1359,113.16666666666663,0.5582051881912595
bb_ipp_ground_truth,gt,1360,113.25,0.5581384165166027
bb_ipp_ground_truth,gt,1361,113.33333333333337,0.5580950944330684
bb_ipp_ground_truth,gt,1362,113.41666666666663,0.5580380265403347
bb_ipp_ground_truth,gt,1363,113.5,0.5579620109683427
bb_ipp_ground_truth,gt,1364,113.58333333333337,0.5579021431110309
bb_ipp_ground_truth,gt,1365,113.66666666666663,0.5578630343120955
bb_ipp_ground_truth,gt,1366,113.75,0.5578110838614678
bb_ipp_ground_truth,gt,1367,113.83333333333337,0.5577140518374104
bb_ipp_ground_truth,gt,1368,113.91666666666663,0.5576440974610828
bb_ipp_ground_truth,gt,1369,114.0,0.5576222230520738
bb_ipp_ground_truth,gt,1370,114.08333333333337,0.5576178040235895
bb_ipp_ground_truth,gt,1371,114.16666666666663,0.5576094945466257
bb_ipp_ground_truth,gt,1372,114.25,0.5575904923308397
bb_ipp_ground_truth,gt,1373,114.33333333333337,0.5575508443726415
bb_ipp_ground_truth,gt,1374,114.41666666666663,0.5575139639520929
bb_ipp_ground_truth,gt,1375,114.5,0.5575074149482129
bb_ipp_ground_truth,gt,1376,114.58333333333337,0.5575220445335126
bb_ipp_ground_truth,gt,1377,114.66666666666663,0.5575444365276221
bb_ipp_ground_truth,gt,1378,114.75,0.5575532283827376
bb_ipp_ground_truth,gt,1379,114.83333333333337,0.5575327270245813
bb_ipp_ground_truth,gt,1380,114.91666666666663,0.5575258496114782
bb_ipp_ground_truth,gt,1381,115.0,0.557565986957908
bb_ipp_ground_truth,gt,1382,115.08333333333337,0.5576200679447026
bb_ipp_ground_truth,gt,1383,115.16666666666663,0.5576246982424599
bb_ipp_ground_truth,gt,1384,115.25,0.5576332821742492
bb_ipp_ground_truth,gt,1385,115.33333333333337,0.5576984963621774
bb_ipp_ground_truth,gt,1386,115.41666666666663,0.5577849950014498
bb_ipp_ground_truth,gt,1387,115.5,0.5578323727375155
bb_ipp_ground_truth,gt,1388,115.58333333333337,0.5578516416833676
bb_ipp_ground_truth,gt,1389,115.66666666666663,0.557914765525606
bb_ipp_ground_truth,gt,1390,115.75,0.5580111579994006
bb_ipp_ground_truth,gt,1391,115.83333333333337,0.5581046160859536
bb_ipp_ground_truth,gt,1392,115.91666666666663,0.5581830319718166
bb_ipp_ground_truth,gt,1393,116.0,0.5582492910102784
bb_ipp_ground_truth,gt,1394,116.08333333333337,0.5583103426964351
bb_ipp_ground_truth,gt,1395,116.16666666666663,0.5583747696395279
bb_ipp_ground_truth,gt,1396,116.25,0.5584338724214951
bb_ipp_ground_truth,gt,1397,116.33333333333337,0.5584831939254177
bb_ipp_ground_truth,gt,1398,116.41666666666663,0.5585396329993193
bb_ipp_ground_truth,gt,1399,116.5,0.5585955521873875
bb_ipp_ground_truth,gt,1400,116.58333333333337,0.5586170745466233
bb_ipp_ground_truth,gt,1401,116.66666666666663,0.5586258997053639
bb_ipp_ground_truth,gt,1402,116.75,0.5586632617635899
bb_ipp_ground_truth,gt,1403,116.83333333333337,0.5587189486245923
bb_ipp_ground_truth,gt,1404,116.91666666666663,0.5587623093465771
bb_ipp_ground_truth,gt,1405,117.0,0.5587816542897973
bb_ipp_ground_truth,gt,1406,117.08333333333337,0.5587980733330121
bb_ipp_ground_truth,gt,1407,117.16666666666663,0.558828173737691
bb_ipp_ground_truth,gt,1408,117.25,0.5588526317847285
bb_ipp_ground_truth,gt,1409,117.33333333333337,0.5588403212984294
bb_ipp_ground_truth,gt,1410,117.41666666666663,0.5587947758970835
bb_ipp_ground_truth,gt,1411,117.5,0.5587581638474077
bb_ipp_ground_truth,gt,1412,117.58333333333337,0.5587446053143055
bb_ipp_ground_truth,gt,1413,117.66666666666663,0.558723304597787
bb_ipp_ground_truth,gt,1414,117.75,0.5586829708368023
bb_ipp_ground_truth,gt,1415,117.83333333333337,0.5586635627136117
bb_ipp_ground_truth,gt,1416,117.91666666666663,0.5586745257944323
bb_ipp_ground_truth,gt,1417,118.0,0.5586995098497622
bb_ipp_ground_truth,gt,1418,118.08333333333337,0.5587222096324204
bb_ipp_ground_truth,gt,1419,118.16666666666663,0.5587133131134442
bb_ipp_ground_truth,gt,1420,118.25,0.5586768181319673
bb_ipp_ground_truth,gt,1421,118.33333333333337,0.5586824880566128
bb_ipp_ground_truth,gt,1422,118.41666666666663,0.5587181532566026
bb_ipp_ground_truth,gt,1423,118.5,0.5587446698798112
bb_ipp_ground_truth,gt,1424,118.58333333333337,0.5587481372042008
bb_ipp_ground_truth,gt,1425,118.66666666666663,0.5587481411907341
bb_ipp_ground_truth,gt,1426,118.75,0.5587571634868614
bb_ipp_ground_truth,gt,1427,118.83333333333337,0.5587692690199849
bb_ipp_ground_truth,gt,1428,118.91666666666663,0.5587652294503798
bb_ipp_ground_truth,gt,1429,119.0,0.5587413015088691
bb_ipp_ground_truth,gt,1430,119.08333333333337,0.5587194452652756
bb_ipp_ground_truth,gt,1431,119.16666666666663,0.5587031706823039
bb_ipp_ground_truth,gt,1432,119.25,0.558677602652516
bb_ipp_ground_truth,gt,1433,119.33333333333337,0.5586357641129419
bb_ipp_ground_truth,gt,1434,119.41666666666663,0.5585877368531913
bb_ipp_ground_truth,gt,1435,119.5,0.5585451000291912
bb_ipp_ground_truth,gt,1436,119.58333333333337,0.5585029152771949
bb_ipp_ground_truth,gt,1437,119.66666666666663,0.5584395041787198
bb_ipp_ground_truth,gt,1438,119.75,0.5583365315284972
bb_ipp_ground_truth,gt,1439,119.83333333333337,0.5582633626737438
bb_ipp_ground_truth,gt,1440,119.91666666666663,0.5582339882985164
bb_ipp_ground_truth,gt,1441,120.0,0.5582137682617866
bb_ipp_ground_truth,gt,1442,120.08333333333337,0.5581806693423056
bb_ipp_ground_truth,gt,1443,120.16666666666663,0.5581206093675741
bb_ipp_ground_truth,gt,1444,120.25,0.5580118305437987
bb_ipp_ground_truth,gt,1445,120.33333333333337,0.5579059913952942
bb_ipp_ground_truth,gt,1446,120.41666666666663,0.5578454979704989
bb_ipp_ground_truth,gt,1447,120.5,0.5578095957023045
bb_ipp_ground_truth,gt,1448,120.58333333333337,0.5577680366039299
bb_ipp_ground_truth,gt,1449,120.66666666666663,0.557702895672429
bb_ipp_ground_truth,gt,1450,120.75,0.5576233804625832
bb_ipp_ground_truth,gt,1451,120.83333333333337,0.5575523135396819
bb_ipp_ground_truth,gt,1452,120.91666666666663,0.5574899922182216
bb_ipp_ground_truth,gt,1453,121.0,0.5574146142975318
bb_ipp_ground_truth,gt,1454,121.08333333333337,0.5573328253918421
bb_ipp_ground_truth,gt,1455,121.16666666666663,0.5572769953774597
bb_ipp_ground_truth,gt,1456,121.25,0.557246760876909
bb_ipp_ground_truth,gt,1457,121.33333333333337,0.5572191640545848
bb_ipp_ground_truth,gt,1458,121.41666666666663,0.5571887898599006
bb_ipp_ground_truth,gt,1459,121.5,0.5571674209758775
bb_ipp_ground_truth,gt,1460,121.58333333333337,0.5571584051744638
bb_ipp_ground_truth,gt,1461,121.66666666666663,0.5571436343703337
bb_ipp_ground_truth,gt,1462,121.75,0.5570861816539977
bb_ipp_ground_truth,gt,1463,121.83333333333337,0.5569939026299856
bb_ipp_ground_truth,gt,1464,121.91666666666663,0.5569659028956094
bb_ipp_ground_truth,gt,1465,122.0,0.5570036699417473
bb_ipp_ground_truth,gt,1466,122.08333333333337,0.55706389387533
bb_ipp_ground_truth,gt,1467,122.16666666666663,0.5571041027396666
bb_ipp_ground_truth,gt,1468,122.25,0.557090880441253
bb_ipp_ground_truth,gt,1469,122.33333333333337,0.5570467413618405
bb_ipp_ground_truth,gt,1470,122.41666666666663,0.5570588713800574
bb_ipp_ground_truth,gt,1471,122.5,0.5571318661078
bb_ipp_ground_truth,gt,1472,122.58333333333337,0.557215470184159
bb_ipp_ground_truth,gt,1473,122.66666666666663,0.5572830445273376
bb_ipp_ground_truth,gt,1474,122.75,0.557355737648589
bb_ipp_ground_truth,gt,1475,122.83333333333337,0.5574476324016401
bb_ipp_ground_truth,gt,1476,122.91666666666663,0.557546382652636
bb_ipp_ground_truth,gt,1477,123.0,0.5576297181558799
bb_ipp_ground_truth,gt,1478,123.08333333333337,0.5577012041016336
bb_ipp_ground_truth,gt,1479,123.16666666666663,0.5577885868401526
bb_ipp_ground_truth,gt,1480,123.25,0.5578964479863306
bb_ipp_ground_truth,gt,1481,123.33333333333337,0.558002629383658
bb_ipp_ground_truth,gt,1482,123.41666666666663,0.5580990369695312
bb_ipp_ground_truth,gt,1483,123.5,0.5582008182510642
bb_ipp_ground_truth,gt,1484,123.58333333333337,0.5583171580932071
bb_ipp_ground_truth,gt,1485,123.66666666666663,0.5584241041444369
bb_ipp_ground_truth,gt,1486,123.75,0.5584700570121509
bb_ipp_ground_truth,gt,1487,123.83333333333337,0.5584862023247337
bb_ipp_ground_truth,gt,1488,123.91666666666663,0.5585883556849423
bb_ipp_ground_truth,gt,1489,124.0,0.5587526849472079
bb_ipp_ground_truth,gt,1490,124.08333333333337,0.5589231806370518
bb_ipp_ground_truth,gt,1491,124.16666666666663,0.5590621793245848
bb_ipp_ground_truth,gt,1492,124.25,0.5591322462540064
bb_ipp_ground_truth,gt,1493,124.33333333333337,0.5591475361853521
bb_ipp_ground_truth,gt,1494,124.41666666666663,0.5592235759980058
bb_ipp_ground_truth,gt,1495,124.5,0.5593507632240049
bb_ipp_ground_truth,gt,1496,124.58333333333337,0.5594811703669854
bb_ipp_ground_truth,gt,1497,124.66666666666663,0.5595861064674352
bb_ipp_ground_truth,gt,1498,124.75,0.5596774997314348
bb_ipp_ground_truth,gt,1499,124.83333333333337,0.5597741659776891
bb_ipp_ground_truth,gt,1500,124.91666666666663,0.5598754455393621
bb_ipp_ground_truth,gt,1501,125.0,0.5599614413778666
bb_ipp_ground_truth,gt,1502,125.08333333333337,0.560025519886429
bb_ipp_ground_truth,gt,1503,125.16666666666663,0.5600883540995211
bb_ipp_ground_truth,gt,1504,125.25,0.560159856731857
bb_ipp_ground_truth,gt,1505,125.33333333333337,0.5602195219724254
bb_ipp_ground_truth,gt,1506,125.41666666666663,0.5602554506045437
bb_ipp_ground_truth,gt,1507,125.5,0.5602742616972468
bb_ipp_ground_truth,gt,1508,125.58333333333337,0.560295541171384
bb_ipp_ground_truth,gt,1509,125.66666666666663,0.5603187113655582
bb_ipp_ground_truth,gt,1510,125.75,0.5603127981739882
bb_ipp_ground_truth,gt,1511,125.83333333333337,0.5602721787299423
bb_ipp_ground_truth,gt,1512,125.91666666666663,0.5602527124297836
bb_ipp_ground_truth,gt,1513,126.0,0.5602555109562124
bb_ipp_ground_truth,gt,1514,126.08333333333337,0.5602535754709153
bb_ipp_ground_truth,gt,1515,126.16666666666663,0.5602295672375386
bb_ipp_ground_truth,gt,1516,126.25,0.5601737759323376
bb_ipp_ground_truth,gt,1517,126.33333333333337,0.5600989965786725
bb_ipp_ground_truth,gt,1518,126.41666666666663,0.5600326247400398
bb_ipp_ground_truth,gt,1519,126.5,0.5599602001735206
bb_ipp_ground_truth,gt,1520,126.58333333333337,0.5598478566179481
bb_ipp_ground_truth,gt,1521,126.66666666666663,0.559723467547672
bb_ipp_ground_truth,gt,1522,126.75,0.5596401652279674
bb_ipp_ground_truth,gt,1523,126.83333333333337,0.5595879086186615
bb_ipp_ground_truth,gt,1524,126.91666666666663,0.5595217029583741
bb_ipp_ground_truth,gt,1525,127.0,0.5594277418133583
bb_ipp_ground_truth,gt,1526,127.08333333333337,0.5593384652257777
bb_ipp_ground_truth,gt,1527,127.16666666666663,0.5592682603111564
bb_ipp_ground_truth,gt,1528,127.25,0.5591957384963052
bb_ipp_ground_truth,gt,1529,127.33333333333337,0.5590825467371221
bb_ipp_ground_truth,gt,1530,127.41666666666663,0.5589448989747772
bb_ipp_ground_truth,gt,1531,127.5,0.5588441951112136
bb_ipp_ground_truth,gt,1532,127.58333333333337,0.5587758547531206
bb_ipp_ground_truth,gt,1533,127.66666666666663,0.5587041262355735
bb_ipp_ground_truth,gt,1534,127.75,0.5586195620391698
bb_ipp_ground_truth,gt,1535,127.83333333333337,0.5585355896272471
bb_ipp_ground_truth,gt,1536,127.91666666666663,0.5584551595512591
bb_ipp_ground_truth,gt,1537,128.0,0.5583778176528548
bb_ipp_ground_truth,gt,1538,128.08333333333337,0.5582971168343308
bb_ipp_ground_truth,gt,1539,128.16666666666663,0.558195980493917
bb_ipp_ground_truth,gt,1540,128.25,0.5580987549702445
bb_ipp_ground_truth,gt,1541,128.33333333333337,0.5580327796393595
bb_ipp_ground_truth,gt,1542,128.41666666666663,0.557983661615314
bb_ipp_ground_truth,gt,1543,128.5,0.557931144007034
bb_ipp_ground_truth,gt,1544,128.58333333333337,0.5578675149015635
bb_ipp_ground_truth,gt,1545,128.66666666666663,0.5577977976205652
bb_ipp_ground_truth,gt,1546,128.75,0.5577324280832374
bb_ipp_ground_truth,gt,1547,128.83333333333337,0.5576672062588668
bb_ipp_ground_truth,gt,1548,128.91666666666663,0.5575838972244533
bb_ipp_ground_truth,gt,1549,129.0,0.5574934938365383
bb_ipp_ground_truth,gt,1550,129.08333333333337,0.5574318295791284
bb_ipp_ground_truth,gt,1551,129.16666666666663,0.557390480908811
bb_ipp_ground_truth,gt,1552,129.25,0.5573366793187509
bb_ipp_ground_truth,gt,1553,129.33333333333337,0.5572747865248667
bb_ipp_ground_truth,gt,1554,129.41666666666663,0.5572383942462348
bb_ipp_ground_truth,gt,1555,129.5,0.5572291111948613
bb_ipp_ground_truth,gt,1556,129.58333333333337,0.5572248816006548
bb_ipp_ground_truth,gt,1557,129.66666666666663,0.5572108486536249
bb_ipp_ground_truth,gt,1558,129.75,0.5571864277004767
bb_ipp_ground_truth,gt,1559,129.83333333333337,0.5571657119181636
bb_ipp_ground_truth,gt,1560,129.91666666666663,0.5571548232603442
bb_ipp_ground_truth,gt,1561,130.0,0.5571398257746136
bb_ipp_ground_truth,gt,1562,130.08333333333337,0.5571248302215027
bb_ipp_ground_truth,gt,1563,130.16666666666663,0.5571305546169216
bb_ipp_ground_truth,gt,1564,130.25,0.5571452334459861
bb_ipp_ground_truth,gt,1565,130.33333333333337,0.5571504542613473
bb_ipp_ground_truth,gt,1566,130.41666666666663,0.5571635636282054
bb_ipp_ground_truth,gt,1567,130.5,0.5571959640095417
bb_ipp_ground_truth,gt,1568,130.58333333333337,0.5572373552247919
bb_ipp_ground_truth,gt,1569,130.66666666666663,0.5572644349372875
bb_ipp_ground_truth,gt,1570,130.75,0.5572635650223969
bb_ipp_ground_truth,gt,1571,130.83333333333337,0.5572597676887948
bb_ipp_ground_truth,gt,1572,130.91666666666663,0.5572809162139385
bb_ipp_ground_truth,gt,1573,131.0,0.5573147168566872
bb_ipp_ground_truth,gt,1574,131.08333333333337,0.5573355022716358
bb_ipp_ground_truth,gt,1575,131.16666666666663,0.5573556504334349
bb_ipp_ground_truth,gt,1576,131.25,0.5574019597660778
bb_ipp_ground_truth,gt,1577,131.33333333333337,0.5574665446917747
bb_ipp_ground_truth,gt,1578,131.41666666666663,0.5575265323979831
bb_ipp_ground_truth,gt,1579,131.5,0.5575764486924307
bb_ipp_ground_truth,gt,1580,131.58333333333337,0.55763005980431
bb_ipp_ground_truth,gt,1581,131.66666666666663,0.5576964309985719
bb_ipp_ground_truth,gt,1582,131.75,0.5577603534836363
bb_ipp_ground_truth,gt,1583,131.83333333333337,0.5577830447358181
bb_ipp_ground_truth,gt,1584,131.91666666666663,0.5577867014509824
bb_ipp_ground_truth,gt,1585,132.0,0.5578441409824021
bb_ipp_ground_truth,gt,1586,132.08333333333337,0.5579419329908795
bb_ipp_ground_truth,gt,1587,132.16666666666663,0.558040062295187
bb_ipp_ground_truth,gt,1588,132.25,0.5581151788259667
bb_ipp_ground_truth,gt,1589,132.33333333333337,0.5581476695350427
bb_ipp_ground_truth,gt,1590,132.41666666666663,0.5581635477365086
bb_ipp_ground_truth,gt,1591,132.5,0.5582106189060791
bb_ipp_ground_truth,gt,1592,132.58333333333337,0.5582698825507836
bb_ipp_ground_truth,gt,1593,132.66666666666663,0.5582969230350938
bb_ipp_ground_truth,gt,1594,132.75,0.558300425415027
bb_ipp_ground_truth,gt,1595,132.83333333333337,0.558323612299496
bb_ipp_ground_truth,gt,1596,132.91666666666663,0.5583649449928316
bb_ipp_ground_truth,gt,1597,133.0,0.5583914051903485
bb_ipp_ground_truth,gt,1598,133.08333333333337,0.5583862347471396
bb_ipp_ground_truth,gt,1599,133.16666666666663,0.5583890613723836
bb_ipp_ground_truth,gt,1600,133.25,0.5584221955554948
bb_ipp_ground_truth,gt,1601,133.33333333333337,0.5584564678558486
bb_ipp_ground_truth,gt,1602,133.41666666666663,0.5584301070534344
bb_ipp_ground_truth,gt,1603,133.5,0.5583664206016756
bb_ipp_ground_truth,gt,1604,133.58333333333337,0.5583595578290788
bb_ipp_ground_truth,gt,1605,133.66666666666663,0.5583947028154417
bb_ipp_ground_truth,gt,1606,133.75,0.5584253981923082
bb_ipp_ground_truth,gt,1607,133.83333333333337,0.5584264037468423
bb_ipp_ground_truth,gt,1608,133.91666666666663,0.5583788070579151
bb_ipp_ground_truth,gt,1609,134.0,0.5582881168621933
bb_ipp_ground_truth,gt,1610,134.08333333333337,0.5582125841870347
bb_ipp_ground_truth,gt,1611,134.16666666666663,0.5581692114484398
bb_ipp_ground_truth,gt,1612,134.25,0.5581348574857303
bb_ipp_ground_truth,gt,1613,134.33333333333337,0.5580824384150944
bb_ipp_ground_truth,gt,1614,134.41666666666663,0.5580044678864315
bb_ipp_ground_truth,gt,1615,134.5,0.557917747149577
bb_ipp_ground_truth,gt,1616,134.58333333333337,0.5578443898949031
bb_ipp_ground_truth,gt,1617,134.66666666666663,0.5577757102946098
bb_ipp_ground_truth,gt,1618,134.75,0.5576845094891781
bb_ipp_ground_truth,gt,1619,134.83333333333337,0.5575779817110936
bb_ipp_ground_truth,gt,1620,134.91666666666663,0.55750431920357
bb_ipp_ground_truth,gt,1621,135.0,0.5574609014058967
bb_ipp_ground_truth,gt,1622,135.08333333333337,0.5574106317997192
bb_ipp_ground_truth,gt,1623,135.16666666666663,0.5573398576198623
bb_ipp_ground_truth,gt,1624,135.25,0.5572731320026538
bb_ipp_ground_truth,gt,1625,135.33333333333337,0.5572187605201492
bb_ipp_ground_truth,gt,1626,135.41666666666663,0.557161140815159
bb_ipp_ground_truth,gt,1627,135.5,0.5570793204287083
bb_ipp_ground_truth,gt,1628,135.58333333333337,0.5569662446868404
bb_ipp_ground_truth,gt,1629,135.66666666666663,0.5568543207432296
bb_ipp_ground_truth,gt,1630,135.75,0.5567713927952029
bb_ipp_ground_truth,gt,1631,135.83333333333337,0.5567057069296314
bb_ipp_ground_truth,gt,1632,135.91666666666663,0.556636937453384
bb_ipp_ground_truth,gt,1633,136.0,0.5565608208998964
bb_ipp_ground_truth,gt,1634,136.08333333333337,0.5564680754791734
bb_ipp_ground_truth,gt,1635,136.16666666666663,0.5563577156965526
bb_ipp_ground_truth,gt,1636,136.25,0.5562598907164397
bb_ipp_ground_truth,gt,1637,136.33333333333337,0.5561861551309427
bb_ipp_ground_truth,gt,1638,136.41666666666663,0.5561247963388969
bb_ipp_ground_truth,gt,1639,136.5,0.5560595534714724
bb_ipp_ground_truth,gt,1640,136.58333333333337,0.5559793535238354
bb_ipp_ground_truth,gt,1641,136.66666666666663,0.5558953190529987
bb_ipp_ground_truth,gt,1642,136.75,0.5558310955020647
bb_ipp_ground_truth,gt,1643,136.83333333333337,0.5557795761939489
bb_ipp_ground_truth,gt,1644,136.91666666666663,0.5557122937574477
bb_ipp_ground_truth,gt,1645,137.0,0.5556384054315623
bb_ipp_ground_truth,gt,1646,137.08333333333337,0.5555948064022438
bb_ipp_ground_truth,gt,1647,137.16666666666663,0.5555767207275033
bb_ipp_ground_truth,gt,1648,137.25,0.5555554047843431
bb_ipp_ground_truth,gt,1649,137.33333333333337,0.55552642468675
bb_ipp_ground_truth,gt,1650,137.41666666666663,0.5555079121493375
bb_ipp_ground_truth,gt,1651,137.5,0.5555038571439346
bb_ipp_ground_truth,gt,1652,137.58333333333337,0.5554983133965726
bb_ipp_ground_truth,gt,1653,137.66666666666663,0.5554611489794039
bb_ipp_ground_truth,gt,1654,137.75,0.5553853311188144
bb_ipp_ground_truth,gt,1655,137.83333333333337,0.5553537093859245
bb_ipp_ground_truth,gt,1656,137.91666666666663,0.5553819218454082
bb_ipp_ground_truth,gt,1657,138.0,0.5554318808267148
bb_ipp_ground_truth,gt,1658,138.08333333333337,0.5554681057262993
bb_ipp_ground_truth,gt,1659,138.16666666666663,0.5554756217187155
bb_ipp_ground_truth,gt,1660,138.25,0.5554718209906587
bb_ipp_ground_truth,gt,1661,138.33333333333337,0.5554864626617622
bb_ipp_ground_truth,gt,1662,138.41666666666663,0.5555081611014825
bb_ipp_ground_truth,gt,1663,138.5,0.5554957656931969
bb_ipp_ground_truth,gt,1664,138.58333333333337,0.5554740387190897
bb_ipp_ground_truth,gt,1665,138.66666666666663,0.5554994618310357
bb_ipp_ground_truth,gt,1666,138.75,0.555552708825884
bb_ipp_ground_truth,gt,1667,138.83333333333337,0.5555808896287769
bb_ipp_ground_truth,gt,1668,138.91666666666663,0.5555852590995992
bb_ipp_ground_truth,gt,1669,139.0,0.5556153080932741
bb_ipp_ground_truth,gt,1670,139.08333333333337,0.555669132138507
bb_ipp_ground_truth,gt,1671,139.16666666666663,0.5557170806595627
bb_ipp_ground_truth,gt,1672,139.25,0.5557448746999725
bb_ipp_ground_truth,gt,1673,139.33333333333337,0.5557539461214234
bb_ipp_ground_truth,gt,1674,139.41666666666663,0.5557558783375254
bb_ipp_ground_truth,gt,1675,139.5,0.5557641378918246
bb_ipp_ground_truth,gt,1676,139.58333333333337,0.5557669593899033
bb_ipp_ground_truth,gt,1677,139.66666666666663,0.555757760724743
bb_ipp_ground_truth,gt,1678,139.75,0.555752983256552
bb_ipp_ground_truth,gt,1679,139.83333333333337,0.5557459179419041
bb_ipp_ground_truth,gt,1680,139.91666666666663,0.555716592856047
bb_ipp_ground_truth,gt,1681,140.0,0.5556773007051621
bb_ipp_ground_truth,gt,1682,140.08333333333337,0.5556461961269616
bb_ipp_ground_truth,gt,1683,140.16666666666663,0.5556195135540578
bb_ipp_ground_truth,gt,1684,140.25,0.5555798879138145
bb_ipp_ground_truth,gt,1685,140.33333333333337,0.5555150704509925
bb_ipp_ground_truth,gt,1686,140.41666666666663,0.5554375843589373
bb_ipp_ground_truth,gt,1687,140.5,0.5553686273815908
bb_ipp_ground_truth,gt,1688,140.58333333333337,0.5553092022943229
bb_ipp_ground_truth,gt,1689,140.66666666666663,0.5552439126939734
bb_ipp_ground_truth,gt,1690,140.75,0.5551765418369865
bb_ipp_ground_truth,gt,1691,140.83333333333337,0.5551320266742635
bb_ipp_ground_truth,gt,1692,140.91666666666663,0.5551208447828929
bb_ipp_ground_truth,gt,1693,141.0,0.5551173266390274
bb_ipp_ground_truth,gt,1694,141.08333333333337,0.5550841295370872
bb_ipp_ground_truth,gt,1695,141.16666666666663,0.5550345746716503
bb_ipp_ground_truth,gt,1696,141.25,0.5550245122919986
bb_ipp_ground_truth,gt,1697,141.33333333333337,0.5550560053079852
bb_ipp_ground_truth,gt,1698,141.41666666666663,0.5550999771407851
bb_ipp_ground_truth,gt,1699,141.5,0.5551399876326818
bb_ipp_ground_truth,gt,1700,141.58333333333337,0.5551608885318507
bb_ipp_ground_truth,gt,1701,141.66666666666663,0.5551350487769963
bb_ipp_ground_truth,gt,1702,141.75,0.5550997235179217
bb_ipp_ground_truth,gt,1703,141.83333333333337,0.5551038548354731
bb_ipp_ground_truth,gt,1704,141.91666666666663,0.5551343227152454
bb_ipp_ground_truth,gt,1705,142.0,0.5551529806477024
bb_ipp_ground_truth,gt,1706,142.08333333333337,0.5551402505811329
bb_ipp_ground_truth,gt,1707,142.16666666666663,0.5551109561708587
bb_ipp_ground_truth,gt,1708,142.25,0.5550884589315932
bb_ipp_ground_truth,gt,1709,142.33333333333337,0.5550732898096068
bb_ipp_ground_truth,gt,1710,142.41666666666663,0.5550470360776647
bb_ipp_ground_truth,gt,1711,142.5,0.5550105617200879
bb_ipp_ground_truth,gt,1712,142.58333333333337,0.5549887476506419
bb_ipp_ground_truth,gt,1713,142.66666666666663,0.5549890265663249
bb_ipp_ground_truth,gt,1714,142.75,0.5549868459612164
bb_ipp_ground_truth,gt,1715,142.83333333333337,0.5549571250279246
bb_ipp_ground_truth,gt,1716,142.91666666666663,0.5549200397644193
bb_ipp_ground_truth,gt,1717,143.0,0.5549069897227291
bb_ipp_ground_truth,gt,1718,143.08333333333337,0.5548993282239744
bb_ipp_ground_truth,gt,1719,143.16666666666663,0.5548671730188529
bb_ipp_ground_truth,gt,1720,143.25,0.5548220686672604
bb_ipp_ground_truth,gt,1721,143.33333333333337,0.5547815238259605
bb_ipp_ground_truth,gt,1722,143.41666666666663,0.5547371498697989
bb_ipp_ground_truth,gt,1723,143.5,0.5546770575385321
bb_ipp_ground_truth,gt,1724,143.58333333333337,0.554595599202084
bb_ipp_ground_truth,gt,1725,143.66666666666663,0.5544998863383885
bb_ipp_ground_truth,gt,1726,143.75,0.5544122421960145
bb_ipp_ground_truth,gt,1727,143.83333333333337,0.5543311697059221
bb_ipp_ground_truth,gt,1728,143.91666666666663,0.5542232045577861
bb_ipp_ground_truth,gt,1729,144.0,0.554100410597353
bb_ipp_ground_truth,gt,1730,144.08333333333337,0.5540202106437144
bb_ipp_ground_truth,gt,1731,144.16666666666663,0.5539720005129759
bb_ipp_ground_truth,gt,1732,144.25,0.5539161023529152
bb_ipp_ground_truth,gt,1733,144.33333333333337,0.5538329973440128
bb_ipp_ground_truth,gt,1734,144.41666666666663,0.5537617644609543
bb_ipp_ground_truth,gt,1735,144.5,0.5537200792058987
bb_ipp_ground_truth,gt,1736,144.58333333333337,0.5536767316920956
bb_ipp_ground_truth,gt,1737,144.66666666666663,0.5535834173634813
bb_ipp_ground_truth,gt,1738,144.75,0.5534984790009055
bb_ipp_ground_truth,gt,1739,144.83333333333337,0.5534750297614606
bb_ipp_ground_truth,gt,1740,144.91666666666663,0.5534830901435056
bb_ipp_ground_truth,gt,1741,145.0,0.553489494975418
bb_ipp_ground_truth,gt,1742,145.08333333333337,0.5534903415579114
bb_ipp_ground_truth,gt,1743,145.16666666666663,0.5534855316790892
bb_ipp_ground_truth,gt,1744,145.25,0.5534763584560843
bb_ipp_ground_truth,gt,1745,145.33333333333337,0.5534762852386625
bb_ipp_ground_truth,gt,1746,145.41666666666663,0.5534852783886435
bb_ipp_ground_truth,gt,1747,145.5,0.5535022478311472
bb_ipp_ground_truth,gt,1748,145.58333333333337,0.5535233331949427
bb_ipp_ground_truth,gt,1749,145.66666666666663,0.5535177093582777
bb_ipp_ground_truth,gt,1750,145.75,0.5534704280480796
bb_ipp_ground_truth,gt,1751,145.83333333333337,0.5534913307844728
bb_ipp_ground_truth,gt,1752,145.91666666666663,0.5535780668720569
bb_ipp_ground_truth,gt,1753,146.0,0.5536758258054225
bb_ipp_ground_truth,gt,1754,146.08333333333337,0.5537407347983897
bb_ipp_ground_truth,gt,1755,146.16666666666663,0.5537951294711759
bb_ipp_ground_truth,gt,1756,146.25,0.5538745660208347
bb_ipp_ground_truth,gt,1757,146.33333333333337,0.5539666882411048
bb_ipp_ground_truth,gt,1758,146.41666666666663,0.5540351617727026
bb_ipp_ground_truth,gt,1759,146.5,0.5540779687111578
bb_ipp_ground_truth,gt,1760,146.58333333333337,0.5541501731265733
bb_ipp_ground_truth,gt,1761,146.66666666666663,0.5542553965620771
bb_ipp_ground_truth,gt,1762,146.75,0.5543431506004378
bb_ipp_ground_truth,gt,1763,146.83333333333337,0.5543931197569201
bb_ipp_ground_truth,gt,1764,146.91666666666663,0.5544767792869111
bb_ipp_ground_truth,gt,1765,147.0,0.5546099187278982
bb_ipp_ground_truth,gt,1766,147.08333333333337,0.5547548780779613
bb_ipp_ground_truth,gt,1767,147.16666666666663,0.5548778003229137
bb_ipp_ground_truth,gt,1768,147.25,0.5549474493176058
bb_ipp_ground_truth,gt,1769,147.33333333333337,0.5549626166235562
bb_ipp_ground_truth,gt,1770,147.41666666666663,0.5550251347545805
bb_ipp_ground_truth,gt,1771,147.5,0.5551347033930429
bb_ipp_ground_truth,gt,1772,147.58333333333337,0.5552457805234077
bb_ipp_ground_truth,gt,1773,147.66666666666663,0.5553295915597625
bb_ipp_ground_truth,gt,1774,147.75,0.5553903407912602
bb_ipp_ground_truth,gt,1775,147.83333333333337,0.555446569780144
bb_ipp_ground_truth,gt,1776,147.91666666666663,0.5555054573468645
bb_ipp_ground_truth,gt,1777,148.0,0.5555499852682211
bb_ipp_ground_truth,gt,1778,148.08333333333337,0.5555699215757341
bb_ipp_ground_truth,gt,1779,148.16666666666663,0.5555908313634563
bb_ipp_ground_truth,gt,1780,148.25,0.5556342835549269
bb_ipp_ground_truth,gt,1781,148.33333333333337,0.555685563608879
bb_ipp_ground_truth,gt,1782,148.41666666666663,0.5557203069875878
bb_ipp_ground_truth,gt,1783,148.5,0.5557490018026553
bb_ipp_ground_truth,gt,1784,148.58333333333337,0.5557912702651647
bb_ipp_ground_truth,gt,1785,148.66666666666663,0.5558391205343994
bb_ipp_ground_truth,gt,1786,148.75,0.5558676645044169
bb_ipp_ground_truth,gt,1787,148.83333333333337,0.5558567636529682
bb_ipp_ground_truth,gt,1788,148.91666666666663,0.5558305359487523
bb_ipp_ground_truth,gt,1789,149.0,0.555837173786163
bb_ipp_ground_truth,gt,1790,149.08333333333337,0.5558719616714453
bb_ipp_ground_truth,gt,1791,149.16666666666663,0.5559097677040936
bb_ipp_ground_truth,gt,1792,149.25,0.5559410360298475
bb_ipp_ground_truth,gt,1793,149.33333333333337,0.55594529229697
bb_ipp_ground_truth,gt,1794,149.41666666666663,0.5559012363292399
bb_ipp_ground_truth,gt,1795,149.5,0.555863416368364
bb_ipp_ground_truth,gt,1796,149.58333333333337,0.5558574473372371
bb_ipp_ground_truth,gt,1797,149.66666666666663,0.5558572539005694
bb_ipp_ground_truth,gt,1798,149.75,0.5558303223128066
bb_ipp_ground_truth,gt,1799,149.83333333333337,0.5557738958271715
bb_ipp_ground_truth,gt,1800,149.91666666666663,0.5557119093579712
bb_ipp_ground_truth,gt,1801,150.0,0.5556541100046084
bb_ipp_ground_truth,gt,1802,150.08333333333337,0.5555843805162088
bb_ipp_ground_truth,gt,1803,150.16666666666663,0.555489278954557
bb_ipp_ground_truth,gt,1804,150.25,0.5553864879144342
bb_ipp_ground_truth,gt,1805,150.33333333333337,0.5553036931357301
bb_ipp_ground_truth,gt,1806,150.41666666666663,0.555229519956958
bb_ipp_ground_truth,gt,1807,150.5,0.5551226450455737
bb_ipp_ground_truth,gt,1808,150.58333333333337,0.5549806630951735
bb_ipp_ground_truth,gt,1809,150.66666666666663,0.5548738634538446
bb_ipp_ground_truth,gt,1810,150.75,0.554793646013754
bb_ipp_ground_truth,gt,1811,150.83333333333337,0.5547103997564554
bb_ipp_ground_truth,gt,1812,150.91666666666663,0.5546078390986166
bb_ipp_ground_truth,gt,1813,151.0,0.5544742976248745
bb_ipp_ground_truth,gt,1814,151.08333333333337,0.5543083996241032
bb_ipp_ground_truth,gt,1815,151.16666666666663,0.5541568581131009
bb_ipp_ground_truth,gt,1816,151.25,0.5540367225895443
bb_ipp_ground_truth,gt,1817,151.33333333333337,0.5539285562327684
bb_ipp_ground_truth,gt,1818,151.41666666666663,0.5538158971694437
bb_ipp_ground_truth,gt,1819,151.5,0.553691970145705
bb_ipp_ground_truth,gt,1820,151.58333333333337,0.5535650992783083
bb_ipp_ground_truth,gt,1821,151.66666666666663,0.553451358186878
bb_ipp_ground_truth,gt,1822,151.75,0.5533473898270069
bb_ipp_ground_truth,gt,1823,151.83333333333337,0.5532328247400238
bb_ipp_ground_truth,gt,1824,151.91666666666663,0.5531107256081125
bb_ipp_ground_truth,gt,1825,152.0,0.5530091521015016
bb_ipp_ground_truth,gt,1826,152.08333333333337,0.5529298457211418
bb_ipp_ground_truth,gt,1827,152.16666666666663,0.5528527738877527
bb_ipp_ground_truth,gt,1828,152.25,0.5527713943039813
bb_ipp_ground_truth,gt,1829,152.33333333333337,0.5526968716002307
bb_ipp_ground_truth,gt,1830,152.41666666666663,0.552638879244849
bb_ipp_ground_truth,gt,1831,152.5,0.5525932253106925
bb_ipp_ground_truth,gt,1832,152.58333333333337,0.5525377659288209
bb_ipp_ground_truth,gt,1833,152.66666666666663,0.5524543002345265
bb_ipp_ground_truth,gt,1834,152.75,0.552414126836485
bb_ipp_ground_truth,gt,1835,152.83333333333337,0.552435390697602
bb_ipp_ground_truth,gt,1836,152.91666666666663,0.5524873122269781
bb_ipp_ground_truth,gt,1837,153.0,0.5525423864434582
bb_ipp_ground_truth,gt,1838,153.08333333333337,0.552581243203015
bb_ipp_ground_truth,gt,1839,153.16666666666663,0.5525764816125996
bb_ipp_ground_truth,gt,1840,153.25,0.5525851286178384
bb_ipp_ground_truth,gt,1841,153.33333333333337,0.5526533349064289
bb_ipp_ground_truth,gt,1842,153.41666666666663,0.5527507287557543
bb_ipp_ground_truth,gt,1843,153.5,0.5528372485460205
bb_ipp_ground_truth,gt,1844,153.58333333333337,0.5528981312682204
bb_ipp_ground_truth,gt,1845,153.66666666666663,0.5529537191124463
bb_ipp_ground_truth,gt,1846,153.75,0.5530240456803017
bb_ipp_ground_truth,gt,1847,153.83333333333337,0.5531012882343166
bb_ipp_ground_truth,gt,1848,153.91666666666663,0.5531698706956397
bb_ipp_ground_truth,gt,1849,154.0,0.5532396992332179
bb_ipp_ground_truth,gt,1850,154.08333333333337,0.553329658545259
bb_ipp_ground_truth,gt,1851,154.16666666666663,0.5534356824212607
bb_ipp_ground_truth,gt,1852,154.25,0.5535265392318431
bb_ipp_ground_truth,gt,1853,154.33333333333337,0.5535750927790158
bb_ipp_ground_truth,gt,1854,154.41666666666663,0.5536334299887635
bb_ipp_ground_truth,gt,1855,154.5,0.5537355148762125
bb_ipp_ground_truth,gt,1856,154.58333333333337,0.5538532495807702
bb_ipp_ground_truth,gt,1857,154.66666666666663,0.5539681422943667
bb_ipp_ground_truth,gt,1858,154.75,0.5540788606036003
bb_ipp_ground_truth,gt,1859,154.83333333333337,0.5541695968724273
bb_ipp_ground_truth,gt,1860,154.91666666666663,0.5542378531749202
bb_ipp_ground_truth,gt,1861,155.0,0.5543242987725413
bb_ipp_ground_truth,gt,1862,155.08333333333337,0.5544312530719546
bb_ipp_ground_truth,gt,1863,155.16666666666663,0.5545380768365719
bb_ipp_ground_truth,gt,1864,155.25,0.554625236733306
bb_ipp_ground_truth,gt,1865,155.33333333333337,0.5546873166601404
bb_ipp_ground_truth,gt,1866,155.41666666666663,0.5547460945230289
bb_ipp_ground_truth,gt,1867,155.5,0.5548243912100695
bb_ipp_ground_truth,gt,1868,155.58333333333337,0.5548998017973642
bb_ipp_ground_truth,gt,1869,155.66666666666663,0.554940409190052
bb_ipp_ground_truth,gt,1870,155.75,0.5549698028303998
bb_ipp_ground_truth,gt,1871,155.83333333333337,0.5550215346378495
bb_ipp_ground_truth,gt,1872,155.91666666666663,0.5550797112338741
bb_ipp_ground_truth,gt,1873,156.0,0.5551158414031213
bb_ipp_ground_truth,gt,1874,156.08333333333337,0.5551321632090715
bb_ipp_ground_truth,gt,1875,156.16666666666663,0.5551485355488526
bb_ipp_ground_truth,gt,1876,156.25,0.5551709917981437
bb_ipp_ground_truth,gt,1877,156.33333333333337,0.5551844591916798
bb_ipp_ground_truth,gt,1878,156.41666666666663,0.5551578729328006
bb_ipp_ground_truth,gt,1879,156.5,0.5550990298001756
bb_ipp_ground_truth,gt,1880,156.58333333333337,0.5550943887020131
bb_ipp_ground_truth,gt,1881,156.66666666666663,0.5551403322339824
bb_ipp_ground_truth,gt,1882,156.75,0.555200583941642
bb_ipp_ground_truth,gt,1883,156.83333333333337,0.5552499772068269
bb_ipp_ground_truth,gt,1884,156.91666666666663,0.5552624927237791
bb_ipp_ground_truth,gt,1885,157.0,0.5552244846364093
bb_ipp_ground_truth,gt,1886,157.08333333333337,0.55523472633871
bb_ipp_ground_truth,gt,1887,157.16666666666663,0.5552998418848546
bb_ipp_ground_truth,gt,1888,157.25,0.5553714847210426
bb_ipp_ground_truth,gt,1889,157.33333333333337,0.555408797171883
bb_ipp_ground_truth,gt,1890,157.41666666666663,0.5554162393325759
bb_ipp_ground_truth,gt,1891,157.5,0.5554200803668488
bb_ipp_ground_truth,gt,1892,157.58333333333337,0.5554244657396662
bb_ipp_ground_truth,gt,1893,157.66666666666663,0.5554109258388863
bb_ipp_ground_truth,gt,1894,157.75,0.5553678181963735
bb_ipp_ground_truth,gt,1895,157.83333333333337,0.5553060477111906
bb_ipp_ground_truth,gt,1896,157.91666666666663,0.5552421417353346
bb_ipp_ground_truth,gt,1897,158.0,0.5551727344901484
bb_ipp_ground_truth,gt,1898,158.08333333333337,0.5550687021937563
bb_ipp_ground_truth,gt,1899,158.16666666666663,0.554940911060397
bb_ipp_ground_truth,gt,1900,158.25,0.5548497750450456
bb_ipp_ground_truth,gt,1901,158.33333333333337,0.5547819999820889
bb_ipp_ground_truth,gt,1902,158.41666666666663,0.5547078630289644
bb_ipp_ground_truth,gt,1903,158.5,0.5546151388859444
bb_ipp_ground_truth,gt,1904,158.58333333333337,0.5544955039146695
bb_ipp_ground_truth,gt,1905,158.66666666666663,0.5543485800881729
bb_ipp_ground_truth,gt,1906,158.75,0.5542146963929511
bb_ipp_ground_truth,gt,1907,158.83333333333337,0.5541070780023877
bb_ipp_ground_truth,gt,1908,158.91666666666663,0.5540090934764469
bb_ipp_ground_truth,gt,1909,159.0,0.5539061208836116
bb_ipp_ground_truth,gt,1910,159.08333333333337,0.5537911844226472
bb_ipp_ground_truth,gt,1911,159.16666666666663,0.5536746050532106
bb_ipp_ground_truth,gt,1912,159.25,0.5535719699638022
bb_ipp_ground_truth,gt,1913,159.33333333333337,0.5534778419680698
bb_ipp_ground_truth,gt,1914,159.41666666666663,0.5533723515374297
bb_ipp_ground_truth,gt,1915,159.5,0.5532617983373346
bb_ipp_ground_truth,gt,1916,159.58333333333337,0.5531760143378873
bb_ipp_ground_truth,gt,1917,159.66666666666663,0.5531110088613577
bb_ipp_ground_truth,gt,1918,159.75,0.5530437306542324
bb_ipp_ground_truth,gt,1919,159.83333333333337,0.5529713665426594
bb_ipp_ground_truth,gt,1920,159.91666666666663,0.5529158439590293
bb_ipp_ground_truth,gt,1921,160.0,0.5528824459056777
bb_ipp_ground_truth,gt,1922,160.08333333333337,0.5528580955769968
bb_ipp_ground_truth,gt,1923,160.16666666666663,0.5528297406746592
bb_ipp_ground_truth,gt,1924,160.25,0.5527937366284549
bb_ipp_ground_truth,gt,1925,160.33333333333337,0.552762311504804
bb_ipp_ground_truth,gt,1926,160.41666666666663,0.5527405380176229
bb_ipp_ground_truth,gt,1927,160.5,0.5527146456651489
bb_ipp_ground_truth,gt,1928,160.58333333333337,0.552687278781944
bb_ipp_ground_truth,gt,1929,160.66666666666663,0.5526776068080703
bb_ipp_ground_truth,gt,1930,160.75,0.5526788252733568
bb_ipp_ground_truth,gt,1931,160.83333333333337,0.552675397400427
bb_ipp_ground_truth,gt,1932,160.91666666666663,0.5526811573692391
bb_ipp_ground_truth,gt,1933,161.0,0.5527058436088261
bb_ipp_ground_truth,gt,1934,161.08333333333337,0.552740418874345
bb_ipp_ground_truth,gt,1935,161.16666666666663,0.5527666678013025
bb_ipp_ground_truth,gt,1936,161.25,0.55277462552056
bb_ipp_ground_truth,gt,1937,161.33333333333337,0.5527855058573823
bb_ipp_ground_truth,gt,1938,161.41666666666663,0.5528218002551494
bb_ipp_ground_truth,gt,1939,161.5,0.5528720619646524
bb_ipp_ground_truth,gt,1940,161.58333333333337,0.5529156422639848
bb_ipp_ground_truth,gt,1941,161.66666666666663,0.5529648998817228
bb_ipp_ground_truth,gt,1942,161.75,0.553043854855826
bb_ipp_ground_truth,gt,1943,161.83333333333337,0.5531483197998438
bb_ipp_ground_truth,gt,1944,161.91666666666663,0.5532525366794728
bb_ipp_ground_truth,gt,1945,162.0,0.5533449064250825
bb_ipp_ground_truth,gt,1946,162.08333333333337,0.5534343345754084
bb_ipp_ground_truth,gt,1947,162.16666666666663,0.5535310070524757
bb_ipp_ground_truth,gt,1948,162.25,0.5536171177875429
bb_ipp_ground_truth,gt,1949,162.33333333333337,0.5536788491469005
bb_ipp_ground_truth,gt,1950,162.41666666666663,0.553746987445455
bb_ipp_ground_truth,gt,1951,162.5,0.5538436324682532
bb_ipp_ground_truth,gt,1952,162.58333333333337,0.5539466337575626
bb_ipp_ground_truth,gt,1953,162.66666666666663,0.5540399488631601
bb_ipp_ground_truth,gt,1954,162.75,0.5541335634158299
bb_ipp_ground_truth,gt,1955,162.83333333333337,0.5542323417676572
bb_ipp_ground_truth,gt,1956,162.91666666666663,0.5543267746730787
bb_ipp_ground_truth,gt,1957,163.0,0.5543938408146855
bb_ipp_ground_truth,gt,1958,163.08333333333337,0.5544245348879654
bb_ipp_ground_truth,gt,1959,163.16666666666663,0.5544497433691707
bb_ipp_ground_truth,gt,1960,163.25,0.5544913751288316
bb_ipp_ground_truth,gt,1961,163.33333333333337,0.5545322983970825
bb_ipp_ground_truth,gt,1962,163.41666666666663,0.5545534041829057
bb_ipp_ground_truth,gt,1963,163.5,0.5545760227553053
bb_ipp_ground_truth,gt,1964,163.58333333333337,0.554621612717789
bb_ipp_ground_truth,gt,1965,163.66666666666663,0.5546755035687996
bb_ipp_ground_truth,gt,1966,163.75,0.5547100139502659
bb_ipp_ground_truth,gt,1967,163.83333333333337,0.5547164622813199
bb_ipp_ground_truth,gt,1968,163.91666666666663,0.5547067159420618
bb_ipp_ground_truth,gt,1969,164.0,0.5546962331298573
bb_ipp_ground_truth,gt,1970,164.08333333333337,0.5546780885086928
bb_ipp_ground_truth,gt,1971,164.16666666666663,0.5546314033565702
bb_ipp_ground_truth,gt,1972,164.25,0.5545762195801144
bb_ipp_ground_truth,gt,1973,164.33333333333337,0.5545300023813989
bb_ipp_ground_truth,gt,1974,164.41666666666663,0.5544770887647607
bb_ipp_ground_truth,gt,1975,164.5,0.5544101492292195
bb_ipp_ground_truth,gt,1976,164.58333333333337,0.5543355977808828
bb_ipp_ground_truth,gt,1977,164.66666666666663,0.5542616497730248
bb_ipp_ground_truth,gt,1978,164.75,0.5541886995440868
bb_ipp_ground_truth,gt,1979,164.83333333333337,0.5541002456104114
bb_ipp_ground_truth,gt,1980,164.91666666666663,0.5539821927179828
bb_ipp_ground_truth,gt,1981,165.0,0.5538580039173249
bb_ipp_ground_truth,gt,1982,165.08333333333337,0.5537677563775479
bb_ipp_ground_truth,gt,1983,165.16666666666663,0.5536992158028432
bb_ipp_ground_truth,gt,1984,165.25,0.5536146315163588
bb_ipp_ground_truth,gt,1985,165.33333333333337,0.5535145693769371
bb_ipp_ground_truth,gt,1986,165.41666666666663,0.5534338082083851
bb_ipp_ground_truth,gt,1987,165.5,0.5533735073396916
bb_ipp_ground_truth,gt,1988,165.58333333333337,0.5533104917924226
bb_ipp_ground_truth,gt,1989,165.66666666666663,0.5532263230402789
bb_ipp_ground_truth,gt,1990,165.75,0.5531223776386055
bb_ipp_ground_truth,gt,1991,165.83333333333337,0.5530243028301148
bb_ipp_ground_truth,gt,1992,165.91666666666663,0.5529443766150592
bb_ipp_ground_truth,gt,1993,166.0,0.5528688872123888
bb_ipp_ground_truth,gt,1994,166.08333333333337,0.552789149567248
bb_ipp_ground_truth,gt,1995,166.16666666666663,0.5527172996242575
bb_ipp_ground_truth,gt,1996,166.25,0.5526490254600159
bb_ipp_ground_truth,gt,1997,166.33333333333337,0.5525722883706198
bb_ipp_ground_truth,gt,1998,166.41666666666663,0.5524996312028957
bb_ipp_ground_truth,gt,1999,166.5,0.5524439924266988
bb_ipp_ground_truth,gt,2000,166.58333333333337,0.5523991153709206
bb_ipp_ground_truth,gt,2001,166.66666666666663,0.5523491134801177
bb_ipp_ground_truth,gt,2002,166.75,0.552279804045557
bb_ipp_ground_truth,gt,2003,166.83333333333337,0.5521947088782211
bb_ipp_ground_truth,gt,2004,166.91666666666663,0.5521193781308211
bb_ipp_ground_truth,gt,2005,167.0,0.5520601129384433
bb_ipp_ground_truth,gt,2006,167.08333333333337,0.5519996223379503
bb_ipp_ground_truth,gt,2007,167.16666666666663,0.5519330246088433
bb_ipp_ground_truth,gt,2008,167.25,0.5518836810973298
bb_ipp_ground_truth,gt,2009,167.33333333333337,0.551857343787945
bb_ipp_ground_truth,gt,2010,167.41666666666663,0.5518335216231326
bb_ipp_ground_truth,gt,2011,167.5,0.5518008884573491
bb_ipp_ground_truth,gt,2012,167.58333333333337,0.5517683300414922
bb_ipp_ground_truth,gt,2013,167.66666666666663,0.5517445120364172
bb_ipp_ground_truth,gt,2014,167.75,0.5517254417666895
bb_ipp_ground_truth,gt,2015,167.83333333333337,0.5516890794826732
bb_ipp_ground_truth,gt,2016,167.91666666666663,0.5516259860561091
bb_ipp_ground_truth,gt,2017,168.0,0.5515884867156726
bb_ipp_ground_truth,gt,2018,168.08333333333337,0.551595361824989
bb_ipp_ground_truth,gt,2019,168.16666666666663,0.5516185546208107
bb_ipp_ground_truth,gt,2020,168.25,0.5516331335367938
bb_ipp_ground_truth,gt,2021,168.33333333333337,0.5516313921944554
bb_ipp_ground_truth,gt,2022,168.41666666666663,0.5516277979628155
bb_ipp_ground_truth,gt,2023,168.5,0.5516396445516268
bb_ipp_ground_truth,gt,2024,168.58333333333337,0.5516519163666626
bb_ipp_ground_truth,gt,2025,168.66666666666663,0.5516358438834666
bb_ipp_ground_truth,gt,2026,168.75,0.5516222391970709
bb_ipp_ground_truth,gt,2027,168.83333333333337,0.551655450296107
bb_ipp_ground_truth,gt,2028,168.91666666666663,0.551710894881196
bb_ipp_ground_truth,gt,2029,169.0,0.5517397512656057
bb_ipp_ground_truth,gt,2030,169.08333333333337,0.5517573060027593
bb_ipp_ground_truth,gt,2031,169.16666666666663,0.5518116334212074
bb_ipp_ground_truth,gt,2032,169.25,0.5518926861708745
bb_ipp_ground_truth,gt,2033,169.33333333333337,0.5519705394290063
bb_ipp_ground_truth,gt,2034,169.41666666666663,0.5520399840948883
bb_ipp_ground_truth,gt,2035,169.5,0.5521126092620843
bb_ipp_ground_truth,gt,2036,169.58333333333337,0.5522005599139662
bb_ipp_ground_truth,gt,2037,169.66666666666663,0.5522964670656921
bb_ipp_ground_truth,gt,2038,169.75,0.5523705465595714
bb_ipp_ground_truth,gt,2039,169.83333333333337,0.5524254126631841
bb_ipp_ground_truth,gt,2040,169.91666666666663,0.5525206525547698
bb_ipp_ground_truth,gt,2041,170.0,0.5526568560987425
bb_ipp_ground_truth,gt,2042,170.08333333333337,0.5527969062374369
bb_ipp_ground_truth,gt,2043,170.16666666666663,0.5529135933417556
bb_ipp_ground_truth,gt,2044,170.25,0.5530060852475944
bb_ipp_ground_truth,gt,2045,170.33333333333337,0.5530947474447057
bb_ipp_ground_truth,gt,2046,170.41666666666663,0.5531844904623153
bb_ipp_ground_truth,gt,2047,170.5,0.5532558041579961
bb_ipp_ground_truth,gt,2048,170.58333333333337,0.5533002467471771
bb_ipp_ground_truth,gt,2049,170.66666666666663,0.5533533766809522
bb_ipp_ground_truth,gt,2050,170.75,0.5534325497333045
bb_ipp_ground_truth,gt,2051,170.83333333333337,0.5535062935537495
bb_ipp_ground_truth,gt,2052,170.91666666666663,0.5535504628606379
bb_ipp_ground_truth,gt,2053,171.0,0.5535908962219317
bb_ipp_ground_truth,gt,2054,171.08333333333337,0.5536461757701064
bb_ipp_ground_truth,gt,2055,171.16666666666663,0.5537028055566099
bb_ipp_ground_truth,gt,2056,171.25,0.5537396338437378
bb_ipp_ground_truth,gt,2057,171.33333333333337,0.5537474818929885
bb_ipp_ground_truth,gt,2058,171.41666666666663,0.5537403556781599
bb_ipp_ground_truth,gt,2059,171.5,0.5537374784626647
bb_ipp_ground_truth,gt,2060,171.58333333333337,0.5537357638350736
bb_ipp_ground_truth,gt,2061,171.66666666666663,0.5537243844627762
bb_ipp_ground_truth,gt,2062,171.75,0.553709413412076
bb_ipp_ground_truth,gt,2063,171.83333333333337,0.5536904856496647
bb_ipp_ground_truth,gt,2064,171.91666666666663,0.5536498146510037
bb_ipp_ground_truth,gt,2065,172.0,0.5536029786930807
bb_ipp_ground_truth,gt,2066,172.08333333333337,0.5535732488494434
bb_ipp_ground_truth,gt,2067,172.16666666666663,0.5535551439385004
bb_ipp_ground_truth,gt,2068,172.25,0.553532400043459
bb_ipp_ground_truth,gt,2069,172.33333333333337,0.5534888463078098
bb_ipp_ground_truth,gt,2070,172.41666666666663,0.5534281011739651
bb_ipp_ground_truth,gt,2071,172.5,0.553373554846228
bb_ipp_ground_truth,gt,2072,172.58333333333337,0.5533290055974809
bb_ipp_ground_truth,gt,2073,172.66666666666663,0.5532783263008751
bb_ipp_ground_truth,gt,2074,172.75,0.5532145401336626
bb_ipp_ground_truth,gt,2075,172.83333333333337,0.5531563049534435
bb_ipp_ground_truth,gt,2076,172.91666666666663,0.5531123423056206
bb_ipp_ground_truth,gt,2077,173.0,0.5530678904336009
bb_ipp_ground_truth,gt,2078,173.08333333333337,0.5529970484281765
bb_ipp_ground_truth,gt,2079,173.16666666666663,0.5528935849058797
bb_ipp_ground_truth,gt,2080,173.25,0.5527915573894902
bb_ipp_ground_truth,gt,2081,173.33333333333337,0.5527100954063485
bb_ipp_ground_truth,gt,2082,173.41666666666663,0.5526371266619835
bb_ipp_ground_truth,gt,2083,173.5,0.5525602549716796
bb_ipp_ground_truth,gt,2084,173.58333333333337,0.5524789290038302
bb_ipp_ground_truth,gt,2085,173.66666666666663,0.5523819744266354
bb_ipp_ground_truth,gt,2086,173.75,0.5522747735140664
bb_ipp_ground_truth,gt,2087,173.83333333333337,0.552184696865552
bb_ipp_ground_truth,gt,2088,173.91666666666663,0.5521148362309125
bb_ipp_ground_truth,gt,2089,174.0,0.5520500580157203
bb_ipp_ground_truth,gt,2090,174.08333333333337,0.5519726193051987
bb_ipp_ground_truth,gt,2091,174.16666666666663,0.5518748328415264
bb_ipp_ground_truth,gt,2092,174.25,0.5517745533742714
bb_ipp_ground_truth,gt,2093,174.33333333333337,0.5516891436795809
bb_ipp_ground_truth,gt,2094,174.41666666666663,0.5516108662489289
bb_ipp_ground_truth,gt,2095,174.5,0.5515247372294418
bb_ipp_ground_truth,gt,2096,174.58333333333337,0.5514422598433276
bb_ipp_ground_truth,gt,2097,174.66666666666663,0.5513805778103492
bb_ipp_ground_truth,gt,2098,174.75,0.5513319480981317
bb_ipp_ground_truth,gt,2099,174.83333333333337,0.5512783966104031
bb_ipp_ground_truth,gt,2100,174.91666666666663,0.5512187371845458
bb_ipp_ground_truth,gt,2101,175.0,0.5511627198379319
bb_ipp_ground_truth,gt,2102,175.08333333333337,0.5511164800616483
bb_ipp_ground_truth,gt,2103,175.16666666666663,0.5510710129163493
bb_ipp_ground_truth,gt,2104,175.25,0.5510049095223372
bb_ipp_ground_truth,gt,2105,175.33333333333337,0.5509371585812648
bb_ipp_ground_truth,gt,2106,175.41666666666663,0.5509049542905397
bb_ipp_ground_truth,gt,2107,175.5,0.5508970760796125
bb_ipp_ground_truth,gt,2108,175.58333333333337,0.5508903229677264
bb_ipp_ground_truth,gt,2109,175.66666666666663,0.5508752266933923
bb_ipp_ground_truth,gt,2110,175.75,0.55085505424395
bb_ipp_ground_truth,gt,2111,175.83333333333337,0.5508472082245969
bb_ipp_ground_truth,gt,2112,175.91666666666663,0.550854836204589
bb_ipp_ground_truth,gt,2113,176.0,0.5508480535381213
bb_ipp_ground_truth,gt,2114,176.08333333333337,0.5508165167042991
bb_ipp_ground_truth,gt,2115,176.16666666666663,0.5508208306847946
bb_ipp_ground_truth,gt,2116,176.25,0.5508728689255838
bb_ipp_ground_truth,gt,2117,176.33333333333337,0.5509267733993017
bb_ipp_ground_truth,gt,2118,176.41666666666663,0.550940134237612
bb_ipp_ground_truth,gt,2119,176.5,0.5509808252508172
bb_ipp_ground_truth,gt,2120,176.58333333333337,0.5510784712427298
bb_ipp_ground_truth,gt,2121,176.66666666666663,0.551187438398917
bb_ipp_ground_truth,gt,2122,176.75,0.5512681100456754
bb_ipp_ground_truth,gt,2123,176.83333333333337,0.5513526728957547
bb_ipp_ground_truth,gt,2124,176.91666666666663,0.5514753676946914
bb_ipp_ground_truth,gt,2125,177.0,0.5516220810110041
bb_ipp_ground_truth,gt,2126,177.08333333333337,0.5517642213505554
bb_ipp_ground_truth,gt,2127,177.16666666666663,0.55187274743366
bb_ipp_ground_truth,gt,2128,177.25,0.5519390546318956
bb_ipp_ground_truth,gt,2129,177.33333333333337,0.5520448141588629
bb_ipp_ground_truth,gt,2130,177.41666666666663,0.5522074969916793
bb_ipp_ground_truth,gt,2131,177.5,0.5523917643730168
bb_ipp_ground_truth,gt,2132,177.58333333333337,0.5525648282093578
bb_ipp_ground_truth,gt,2133,177.66666666666663,0.5526932287107023
bb_ipp_ground_truth,gt,2134,177.75,0.5527676203861465
bb_ipp_ground_truth,gt,2135,177.83333333333337,0.5528840548483769
bb_ipp_ground_truth,gt,2136,177.91666666666663,0.5530662540427159
bb_ipp_ground_truth,gt,2137,178.0,0.5532458312734689
bb_ipp_ground_truth,gt,2138,178.08333333333337,0.55335754107601
bb_ipp_ground_truth,gt,2139,178.16666666666663,0.553457054745759
bb_ipp_ground_truth,gt,2140,178.25,0.5535973621057971
bb_ipp_ground_truth,gt,2141,178.33333333333337,0.5537436094186861
bb_ipp_ground_truth,gt,2142,178.41666666666663,0.5538294210249377
bb_ipp_ground_truth,gt,2143,178.5,0.5538686440409268
bb_ipp_ground_truth,gt,2144,178.58333333333337,0.5539559463225114
bb_ipp_ground_truth,gt,2145,178.66666666666663,0.5540688159006556
bb_ipp_ground_truth,gt,2146,178.75,0.5541586471369769
bb_ipp_ground_truth,gt,2147,178.83333333333337,0.5542251583543032
bb_ipp_ground_truth,gt,2148,178.91666666666663,0.5542946565501323
bb_ipp_ground_truth,gt,2149,179.0,0.55436633824737
bb_ipp_ground_truth,gt,2150,179.08333333333337,0.554430070830331
bb_ipp_ground_truth,gt,2151,179.16666666666663,0.5544712040568186
bb_ipp_ground_truth,gt,2152,179.25,0.5544678082403877
bb_ipp_ground_truth,gt,2153,179.33333333333337,0.5544585822863849
bb_ipp_ground_truth,gt,2154,179.41666666666663,0.5544719278030046
bb_ipp_ground_truth,gt,2155,179.5,0.5544810704394706
bb_ipp_ground_truth,gt,2156,179.58333333333337,0.5544632986770635
bb_ipp_ground_truth,gt,2157,179.66666666666663,0.5544328970622392
bb_ipp_ground_truth,gt,2158,179.75,0.5544072799235421
bb_ipp_ground_truth,gt,2159,179.83333333333337,0.5543838642560707
bb_ipp_ground_truth,gt,2160,179.91666666666663,0.554346416968757
bb_ipp_ground_truth,gt,2161,180.0,0.5542875983417661
bb_ipp_ground_truth,gt,2162,180.08333333333337,0.5542221018658099
bb_ipp_ground_truth,gt,2163,180.16666666666663,0.5541615809494403
bb_ipp_ground_truth,gt,2164,180.25,0.5540934030309839
bb_ipp_ground_truth,gt,2165,180.33333333333337,0.5540071042900261
bb_ipp_ground_truth,gt,2166,180.41666666666663,0.5539091044687847
bb_ipp_ground_truth,gt,2167,180.5,0.5538140375531572
bb_ipp_ground_truth,gt,2168,180.58333333333337,0.5537247505911324
bb_ipp_ground_truth,gt,2169,180.66666666666663,0.5536192027774686
bb_ipp_ground_truth,gt,2170,180.75,0.5534735437337724
bb_ipp_ground_truth,gt,2171,180.83333333333337,0.5533533131036997
bb_ipp_ground_truth,gt,2172,180.91666666666663,0.5532795157158357
bb_ipp_ground_truth,gt,2173,181.0,0.5532212671177003
bb_ipp_ground_truth,gt,2174,181.08333333333337,0.5531533128942141
bb_ipp_ground_truth,gt,2175,181.16666666666663,0.5530589004821774
bb_ipp_ground_truth,gt,2176,181.25,0.5529181479485324
bb_ipp_ground_truth,gt,2177,181.33333333333337,0.5527815703654356
bb_ipp_ground_truth,gt,2178,181.41666666666663,0.5526906686083618
bb_ipp_ground_truth,gt,2179,181.5,0.5526225149644142
bb_ipp_ground_truth,gt,2180,181.58333333333337,0.5525507765395596
bb_ipp_ground_truth,gt,2181,181.66666666666663,0.5524704928700447
bb_ipp_ground_truth,gt,2182,181.75,0.5523916056312214
bb_ipp_ground_truth,gt,2183,181.83333333333337,0.5523234374581838
bb_ipp_ground_truth,gt,2184,181.91666666666663,0.5522623003139191
bb_ipp_ground_truth,gt,2185,182.0,0.5521945280857629
bb_ipp_ground_truth,gt,2186,182.08333333333337,0.5521199455421301
bb_ipp_ground_truth,gt,2187,182.16666666666663,0.5520574271863162
bb_ipp_ground_truth,gt,2188,182.25,0.5520079279096122
bb_ipp_ground_truth,gt,2189,182.33333333333337,0.5519554201750596
bb_ipp_ground_truth,gt,2190,182.41666666666663,0.5518966733122387
bb_ipp_ground_truth,gt,2191,182.5,0.5518442497291137
bb_ipp_ground_truth,gt,2192,182.58333333333337,0.5518069280976271
bb_ipp_ground_truth,gt,2193,182.66666666666663,0.551776620177097
bb_ipp_ground_truth,gt,2194,182.75,0.5517293087099807
bb_ipp_ground_truth,gt,2195,182.83333333333337,0.5516532724711106
bb_ipp_ground_truth,gt,2196,182.91666666666663,0.5516251898961703
bb_ipp_ground_truth,gt,2197,183.0,0.5516444787193859
bb_ipp_ground_truth,gt,2198,183.08333333333337,0.5516775947389886
bb_ipp_ground_truth,gt,2199,183.16666666666663,0.5517018107303762
bb_ipp_ground_truth,gt,2200,183.25,0.5516938522809265
bb_ipp_ground_truth,gt,2201,183.33333333333337,0.5516347166680681
bb_ipp_ground_truth,gt,2202,183.41666666666663,0.5516211649877312
bb_ipp_ground_truth,gt,2203,183.5,0.5516751712917991
bb_ipp_ground_truth,gt,2204,183.58333333333337,0.5517586524172063
bb_ipp_ground_truth,gt,2205,183.66666666666663,0.5518312645809125
bb_ipp_ground_truth,gt,2206,183.75,0.5518856023463108
bb_ipp_ground_truth,gt,2207,183.83333333333337,0.5519402699033571
bb_ipp_ground_truth,gt,2208,183.91666666666663,0.5520086246018323
bb_ipp_ground_truth,gt,2209,184.0,0.5520759320696205
bb_ipp_ground_truth,gt,2210,184.08333333333337,0.5521256179151987
bb_ipp_ground_truth,gt,2211,184.16666666666663,0.5521839914133253
bb_ipp_ground_truth,gt,2212,184.25,0.552278066784122
bb_ipp_ground_truth,gt,2213,184.33333333333337,0.5523905794652728
bb_ipp_ground_truth,gt,2214,184.41666666666663,0.5524964228353964
bb_ipp_ground_truth,gt,2215,184.5,0.5526001998295583
bb_ipp_ground_truth,gt,2216,184.58333333333337,0.5527182144769497
bb_ipp_ground_truth,gt,2217,184.66666666666663,0.5528467166226847
bb_ipp_ground_truth,gt,2218,184.75,0.5529485790844758
bb_ipp_ground_truth,gt,2219,184.83333333333337,0.5529757662338185
bb_ipp_ground_truth,gt,2220,184.91666666666663,0.5530203312868838
bb_ipp_ground_truth,gt,2221,185.0,0.5531639685935916
bb_ipp_ground_truth,gt,2222,185.08333333333337,0.5533683039649978
bb_ipp_ground_truth,gt,2223,185.16666666666663,0.5535687666627187
bb_ipp_ground_truth,gt,2224,185.25,0.5537141615317285
bb_ipp_ground_truth,gt,2225,185.33333333333337,0.5537809793244737
bb_ipp_ground_truth,gt,2226,185.41666666666663,0.5538540638627324
bb_ipp_ground_truth,gt,2227,185.5,0.5540055815169753
bb_ipp_ground_truth,gt,2228,185.58333333333337,0.5542005096534499
bb_ipp_ground_truth,gt,2229,185.66666666666663,0.5543805950040994
bb_ipp_ground_truth,gt,2230,185.75,0.5545447882755412
bb_ipp_ground_truth,gt,2231,185.83333333333337,0.5547201850434559
bb_ipp_ground_truth,gt,2232,185.91666666666663,0.554907509419396
bb_ipp_ground_truth,gt,2233,186.0,0.5550816764900713
bb_ipp_ground_truth,gt,2234,186.08333333333337,0.5552250910736908
bb_ipp_ground_truth,gt,2235,186.16666666666663,0.555357243062962
bb_ipp_ground_truth,gt,2236,186.25,0.5554991316023791
bb_ipp_ground_truth,gt,2237,186.33333333333337,0.5556369181801322
bb_ipp_ground_truth,gt,2238,186.41666666666663,0.5557482935276874
bb_ipp_ground_truth,gt,2239,186.5,0.5558341912883256
bb_ipp_ground_truth,gt,2240,186.58333333333337,0.5559140800240484
bb_ipp_ground_truth,gt,2241,186.66666666666663,0.5559922848819638
bb_ipp_ground_truth,gt,2242,186.75,0.5560391768219304
bb_ipp_ground_truth,gt,2243,186.83333333333337,0.5560335342854059
bb_ipp_ground_truth,gt,2244,186.91666666666663,0.556042008568265
bb_ipp_ground_truth,gt,2245,187.0,0.5560956267898696
bb_ipp_ground_truth,gt,2246,187.08333333333337,0.5561663396913854
bb_ipp_ground_truth,gt,2247,187.16666666666663,0.5562187676208673
bb_ipp_ground_truth,gt,2248,187.25,0.5562318058844405
bb_ipp_ground_truth,gt,2249,187.33333333333337,0.5562021600221944
bb_ipp_ground_truth,gt,2250,187.41666666666663,0.5561807643369063
bb_ipp_ground_truth,gt,2251,187.5,0.5561820548561681
bb_ipp_ground_truth,gt,2252,187.58333333333337,0.5561772599358296
bb_ipp_ground_truth,gt,2253,187.66666666666663,0.556152955370551
bb_ipp_ground_truth,gt,2254,187.75,0.5561353113156304
bb_ipp_ground_truth,gt,2255,187.83333333333337,0.5561371859513221
bb_ipp_ground_truth,gt,2256,187.91666666666663,0.5561437561178547
bb_ipp_ground_truth,gt,2257,188.0,0.5561330835196583
bb_ipp_ground_truth,gt,2258,188.08333333333337,0.5561030904915752
bb_ipp_ground_truth,gt,2259,188.16666666666663,0.5560713347719649
bb_ipp_ground_truth,gt,2260,188.25,0.5560398399735837
bb_ipp_ground_truth,gt,2261,188.33333333333337,0.5559892959215078
bb_ipp_ground_truth,gt,2262,188.41666666666663,0.5559046347060541
bb_ipp_ground_truth,gt,2263,188.5,0.5557977540520135
bb_ipp_ground_truth,gt,2264,188.58333333333337,0.5556954544334121
bb_ipp_ground_truth,gt,2265,188.66666666666663,0.5555995183640327
bb_ipp_ground_truth,gt,2266,188.75,0.5554866068341044
bb_ipp_ground_truth,gt,2267,188.83333333333337,0.5553577168171702
bb_ipp_ground_truth,gt,2268,188.91666666666663,0.5552393001273299
bb_ipp_ground_truth,gt,2269,189.0,0.5551276441769264
bb_ipp_ground_truth,gt,2270,189.08333333333337,0.5550110120391554
bb_ipp_ground_truth,gt,2271,189.16666666666663,0.554885503971945
bb_ipp_ground_truth,gt,2272,189.25,0.5547497365125269
bb_ipp_ground_truth,gt,2273,189.33333333333337,0.5546147417355943
bb_ipp_ground_truth,gt,2274,189.41666666666663,0.5544897175588235
bb_ipp_ground_truth,gt,2275,189.5,0.5543540778397776
bb_ipp_ground_truth,gt,2276,189.58333333333337,0.5541873366386775
bb_ipp_ground_truth,gt,2277,189.66666666666663,0.5540385670304637
bb_ipp_ground_truth,gt,2278,189.75,0.5539330102251211
bb_ipp_ground_truth,gt,2279,189.83333333333337,0.5538443992545681
bb_ipp_ground_truth,gt,2280,189.91666666666663,0.5537406740851314
bb_ipp_ground_truth,gt,2281,190.0,0.5536249098635222
bb_ipp_ground_truth,gt,2282,190.08333333333337,0.5535285835254836
bb_ipp_ground_truth,gt,2283,190.16666666666663,0.5534541515665321
bb_ipp_ground_truth,gt,2284,190.25,0.5533715437198747
bb_ipp_ground_truth,gt,2285,190.33333333333337,0.5532566287029116
bb_ipp_ground_truth,gt,2286,190.41666666666663,0.5531511106341375
bb_ipp_ground_truth,gt,2287,190.5,0.5530890929156451
bb_ipp_ground_truth,gt,2288,190.58333333333337,0.5530498287516149
bb_ipp_ground_truth,gt,2289,190.66666666666663,0.5530051004895987
bb_ipp_ground_truth,gt,2290,190.75,0.5529602428906215
bb_ipp_ground_truth,gt,2291,190.83333333333337,0.5529292764024295
bb_ipp_ground_truth,gt,2292,190.91666666666663,0.5529092782911635
bb_ipp_ground_truth,gt,2293,191.0,0.5528940583033871
bb_ipp_ground_truth,gt,2294,191.08333333333337,0.5528660882188915
bb_ipp_ground_truth,gt,2295,191.16666666666663,0.5528160906518916
bb_ipp_ground_truth,gt,2296,191.25,0.5527886514383528
bb_ipp_ground_truth,gt,2297,191.33333333333337,0.5527922227193456
bb_ipp_ground_truth,gt,2298,191.41666666666663,0.5527992119013454
bb_ipp_ground_truth,gt,2299,191.5,0.5527946581595348
bb_ipp_ground_truth,gt,2300,191.58333333333337,0.5527916741530456
bb_ipp_ground_truth,gt,2301,191.66666666666663,0.5528040707231997
bb_ipp_ground_truth,gt,2302,191.75,0.552829270848601
bb_ipp_ground_truth,gt,2303,191.83333333333337,0.5528502750488973
bb_ipp_ground_truth,gt,2304,191.91666666666663,0.5528621326183711
bb_ipp_ground_truth,gt,2305,192.0,0.5528871244590688
bb_ipp_ground_truth,gt,2306,192.08333333333337,0.5529348947591061
bb_ipp_ground_truth,gt,2307,192.16666666666663,0.5529889235555481
bb_ipp_ground_truth,gt,2308,192.25,0.5530398251722246
bb_ipp_ground_truth,gt,2309,192.33333333333337,0.5531035200550961
bb_ipp_ground_truth,gt,2310,192.41666666666663,0.5531984725636998
bb_ipp_ground_truth,gt,2311,192.5,0.5533181073664747
bb_ipp_ground_truth,gt,2312,192.58333333333337,0.5534289988154125
bb_ipp_ground_truth,gt,2313,192.66666666666663,0.5535074361477033
bb_ipp_ground_truth,gt,2314,192.75,0.5536027732574528
bb_ipp_ground_truth,gt,2315,192.83333333333337,0.5537393506137914
bb_ipp_ground_truth,gt,2316,192.91666666666663,0.5538870205970142
bb_ipp_ground_truth,gt,2317,193.0,0.5540283338873584
bb_ipp_ground_truth,gt,2318,193.08333333333337,0.5541610790887331
bb_ipp_ground_truth,gt,2319,193.16666666666663,0.5542556435545515
bb_ipp_ground_truth,gt,2320,193.25,0.5543178197514116
bb_ipp_ground_truth,gt,2321,193.33333333333337,0.554420806740667
bb_ipp_ground_truth,gt,2322,193.41666666666663,0.5545662405332772
bb_ipp_ground_truth,gt,2323,193.5,0.5547152570522256
bb_ipp_ground_truth,gt,2324,193.58333333333337,0.5548398924951385
bb_ipp_ground_truth,gt,2325,193.66666666666663,0.5549408850821623
bb_ipp_ground_truth,gt,2326,193.75,0.5550443896721465
bb_ipp_ground_truth,gt,2327,193.83333333333337,0.555160267753742
bb_ipp_ground_truth,gt,2328,193.91666666666663,0.5552645662103709
bb_ipp_ground_truth,gt,2329,194.0,0.5553447480629106
bb_ipp_ground_truth,gt,2330,194.08333333333337,0.5554304066425674
bb_ipp_ground_truth,gt,2331,194.16666666666663,0.5555366924124182
bb_ipp_ground_truth,gt,2332,194.25,0.5556443088809231
bb_ipp_ground_truth,gt,2333,194.33333333333337,0.555733809884287
bb_ipp_ground_truth,gt,2334,194.41666666666663,0.5558122928063967
bb_ipp_ground_truth,gt,2335,194.5,0.5558940695335922
bb_ipp_ground_truth,gt,2336,194.58333333333337,0.5559763851837305
bb_ipp_ground_truth,gt,2337,194.66666666666663,0.5560298108248846
bb_ipp_ground_truth,gt,2338,194.75,0.5560264705120609
bb_ipp_ground_truth,gt,2339,194.83333333333337,0.5560434185673959
bb_ipp_ground_truth,gt,2340,194.91666666666663,0.5561101351273684
bb_ipp_ground_truth,gt,2341,195.0,0.5561908921759289
bb_ipp_ground_truth,gt,2342,195.08333333333337,0.5562534116227351
bb_ipp_ground_truth,gt,2343,195.16666666666663,0.5562772863915398
bb_ipp_ground_truth,gt,2344,195.25,0.5562569472499916
bb_ipp_ground_truth,gt,2345,195.33333333333337,0.5562410536921608
bb_ipp_ground_truth,gt,2346,195.41666666666663,0.5562467673768333
bb_ipp_ground_truth,gt,2347,195.5,0.5562393215491154
bb_ipp_ground_truth,gt,2348,195.58333333333337,0.5561959859862645
bb_ipp_ground_truth,gt,2349,195.66666666666663,0.5561562268450583
bb_ipp_ground_truth,gt,2350,195.75,0.5561434707363601
bb_ipp_ground_truth,gt,2351,195.83333333333337,0.5561352510273225
bb_ipp_ground_truth,gt,2352,195.91666666666663,0.5560976389064306
bb_ipp_ground_truth,gt,2353,196.0,0.5560345919845764
bb_ipp_ground_truth,gt,2354,196.08333333333337,0.5559761588559687
bb_ipp_ground_truth,gt,2355,196.16666666666663,0.5559234511722414
bb_ipp_ground_truth,gt,2356,196.25,0.5558496477513625
bb_ipp_ground_truth,gt,2357,196.33333333333337,0.5557258850587304
bb_ipp_ground_truth,gt,2358,196.41666666666663,0.5556086042725964
bb_ipp_ground_truth,gt,2359,196.5,0.5555370515985778
bb_ipp_ground_truth,gt,2360,196.58333333333337,0.555486810242379
bb_ipp_ground_truth,gt,2361,196.66666666666663,0.5554279792521664
bb_ipp_ground_truth,gt,2362,196.75,0.5553515866085197
bb_ipp_ground_truth,gt,2363,196.83333333333337,0.5552543599676261
bb_ipp_ground_truth,gt,2364,196.91666666666663,0.5551441446890625
bb_ipp_ground_truth,gt,2365,197.0,0.5550436751566012
bb_ipp_ground_truth,gt,2366,197.08333333333337,0.5549599538966894
bb_ipp_ground_truth,gt,2367,197.16666666666663,0.554886367674814
bb_ipp_ground_truth,gt,2368,197.25,0.5548141609501056
bb_ipp_ground_truth,gt,2369,197.33333333333337,0.5547212860665889
bb_ipp_ground_truth,gt,2370,197.41666666666663,0.5545904016699768
bb_ipp_ground_truth,gt,2371,197.5,0.5544936597489564
bb_ipp_ground_truth,gt,2372,197.58333333333337,0.5544358843854736
bb_ipp_ground_truth,gt,2373,197.66666666666663,0.5543785019681421
bb_ipp_ground_truth,gt,2374,197.75,0.554291414298905
bb_ipp_ground_truth,gt,2375,197.83333333333337,0.5541958888045123
bb_ipp_ground_truth,gt,2376,197.91666666666663,0.5541238770925504
bb_ipp_ground_truth,gt,2377,198.0,0.5540664653933195
bb_ipp_ground_truth,gt,2378,198.08333333333337,0.5539902423969721
bb_ipp_ground_truth,gt,2379,198.16666666666663,0.5538854853245262
bb_ipp_ground_truth,gt,2380,198.25,0.5538040450407042
bb_ipp_ground_truth,gt,2381,198.33333333333337,0.5537541663135338
bb_ipp_ground_truth,gt,2382,198.41666666666663,0.553707127775062
bb_ipp_ground_truth,gt,2383,198.5,0.5536478505507512
bb_ipp_ground_truth,gt,2384,198.58333333333337,0.5535952556431674
bb_ipp_ground_truth,gt,2385,198.66666666666663,0.5535573763230652
bb_ipp_ground_truth,gt,2386,198.75,0.5535251530621179
bb_ipp_ground_truth,gt,2387,198.83333333333337,0.5534876871950161
bb_ipp_ground_truth,gt,2388,198.91666666666663,0.55342643686579
bb_ipp_ground_truth,gt,2389,199.0,0.5533544719528596
bb_ipp_ground_truth,gt,2390,199.08333333333337,0.5533224918221403
bb_ipp_ground_truth,gt,2391,199.16666666666663,0.5533241472664535
bb_ipp_ground_truth,gt,2392,199.25,0.5533310799075728
bb_ipp_ground_truth,gt,2393,199.33333333333337,0.5533270247001244
bb_ipp_ground_truth,gt,2394,199.41666666666663,0.5533144447267241
bb_ipp_ground_truth,gt,2395,199.5,0.5533093428897106
bb_ipp_ground_truth,gt,2396,199.58333333333337,0.5533166419928295
bb_ipp_ground_truth,gt,2397,199.66666666666663,0.5533169663271915
bb_ipp_ground_truth,gt,2398,199.75,0.5533000736431645
bb_ipp_ground_truth,gt,2399,199.83333333333337,0.5533030110560584
bb_ipp_ground_truth,gt,2400,199.91666666666663,0.5533399924739292
bb_ipp_ground_truth,gt,2401,200.0,0.553382725191089
bb_ipp_ground_truth,gt,2402,200.08333333333337,0.5534102412035152
bb_ipp_ground_truth,gt,2403,200.16666666666663,0.5534494199570653
bb_ipp_ground_truth,gt,2404,200.25,0.5535173492070735
bb_ipp_ground_truth,gt,2405,200.33333333333337,0.5536002696134842
bb_ipp_ground_truth,gt,2406,200.41666666666663,0.5536750817147736
bb_ipp_ground_truth,gt,2407,200.5,0.5537333031452109
bb_ipp_ground_truth,gt,2408,200.58333333333337,0.5537860768301844
bb_ipp_ground_truth,gt,2409,200.66666666666663,0.5538580158836005
bb_ipp_ground_truth,gt,2410,200.75,0.5539445098368577
bb_ipp_ground_truth,gt,2411,200.83333333333337,0.5540304163664239
bb_ipp_ground_truth,gt,2412,200.91666666666663,0.5541272099854807
bb_ipp_ground_truth,gt,2413,201.0,0.5542350620716433
bb_ipp_ground_truth,gt,2414,201.08333333333337,0.5543307328405335
bb_ipp_ground_truth,gt,2415,201.16666666666663,0.5544253901689429
bb_ipp_ground_truth,gt,2416,201.25,0.5545400892245114
bb_ipp_ground_truth,gt,2417,201.33333333333337,0.5546644193679764
bb_ipp_ground_truth,gt,2418,201.41666666666663,0.5547723528066401
bb_ipp_ground_truth,gt,2419,201.5,0.5548444662547554
bb_ipp_ground_truth,gt,2420,201.58333333333337,0.5548945512873382
bb_ipp_ground_truth,gt,2421,201.66666666666663,0.5549559996199995
bb_ipp_ground_truth,gt,2422,201.75,0.5550314387724482
bb_ipp_ground_truth,gt,2423,201.83333333333337,0.5550964109983151
bb_ipp_ground_truth,gt,2424,201.91666666666663,0.5551522574448868
bb_ipp_ground_truth,gt,2425,202.0,0.5552234650880451
bb_ipp_ground_truth,gt,2426,202.08333333333337,0.5553124557160094
bb_ipp_ground_truth,gt,2427,202.16666666666663,0.555401263102179
bb_ipp_ground_truth,gt,2428,202.25,0.5554757417065601
bb_ipp_ground_truth,gt,2429,202.33333333333337,0.5555450898243576
bb_ipp_ground_truth,gt,2430,202.41666666666663,0.5556241025964088
bb_ipp_ground_truth,gt,2431,202.5,0.5557063139856835
bb_ipp_ground_truth,gt,2432,202.58333333333337,0.5557569889074921
bb_ipp_ground_truth,gt,2433,202.66666666666663,0.5557711350996993
bb_ipp_ground_truth,gt,2434,202.75,0.555823568897933
bb_ipp_ground_truth,gt,2435,202.83333333333337,0.5559166235609759
bb_ipp_ground_truth,gt,2436,202.91666666666663,0.556009586877313
bb_ipp_ground_truth,gt,2437,203.0,0.55607553475539
bb_ipp_ground_truth,gt,2438,203.08333333333337,0.5560993979484707
bb_ipp_ground_truth,gt,2439,203.16666666666663,0.5560955638682313
bb_ipp_ground_truth,gt,2440,203.25,0.5561078703697896
bb_ipp_ground_truth,gt,2441,203.33333333333337,0.5561284577403559
bb_ipp_ground_truth,gt,2442,203.41666666666663,0.5561092689050866
bb_ipp_ground_truth,gt,2443,203.5,0.5560439868437417
bb_ipp_ground_truth,gt,2444,203.58333333333337,0.5559914402034289
bb_ipp_ground_truth,gt,2445,203.66666666666663,0.5559537634899337
bb_ipp_ground_truth,gt,2446,203.75,0.5558912762247392
bb_ipp_ground_truth,gt,2447,203.83333333333337,0.5557711428968778
bb_ipp_ground_truth,gt,2448,203.91666666666663,0.5556550548772698
bb_ipp_ground_truth,gt,2449,204.0,0.5555785678168468
bb_ipp_ground_truth,gt,2450,204.08333333333337,0.5555107579019907
bb_ipp_ground_truth,gt,2451,204.16666666666663,0.5554231576062173
bb_ipp_ground_truth,gt,2452,204.25,0.5553235268228874
bb_ipp_ground_truth,gt,2453,204.33333333333337,0.5552299081305747
bb_ipp_ground_truth,gt,2454,204.41666666666663,0.5551397622248959
bb_ipp_ground_truth,gt,2455,204.5,0.5550409549459445
bb_ipp_ground_truth,gt,2456,204.58333333333337,0.5549161931273578
bb_ipp_ground_truth,gt,2457,204.66666666666663,0.5547618499551683
bb_ipp_ground_truth,gt,2458,204.75,0.554636583495272
bb_ipp_ground_truth,gt,2459,204.83333333333337,0.5545517561669909
bb_ipp_ground_truth,gt,2460,204.91666666666663,0.5544772654865275
bb_ipp_ground_truth,gt,2461,205.0,0.5543936383572423
bb_ipp_ground_truth,gt,2462,205.08333333333337,0.5543015536950544
bb_ipp_ground_truth,gt,2463,205.16666666666663,0.5542105141161964
bb_ipp_ground_truth,gt,2464,205.25,0.5541247544375006
bb_ipp_ground_truth,gt,2465,205.33333333333337,0.5540342045466352
bb_ipp_ground_truth,gt,2466,205.41666666666663,0.5539231465941199
bb_ipp_ground_truth,gt,2467,205.5,0.5538096789087639
bb_ipp_ground_truth,gt,2468,205.58333333333337,0.5537219748199318
bb_ipp_ground_truth,gt,2469,205.66666666666663,0.5536517949205183
bb_ipp_ground_truth,gt,2470,205.75,0.5535748089179764
bb_ipp_ground_truth,gt,2471,205.83333333333337,0.55349257212178
bb_ipp_ground_truth,gt,2472,205.91666666666663,0.5534276552148961
bb_ipp_ground_truth,gt,2473,206.0,0.5533794134304106
bb_ipp_ground_truth,gt,2474,206.08333333333337,0.55333101118896
bb_ipp_ground_truth,gt,2475,206.16666666666663,0.5532673703669647
bb_ipp_ground_truth,gt,2476,206.25,0.5531889806856817
bb_ipp_ground_truth,gt,2477,206.33333333333337,0.5531178747490072
bb_ipp_ground_truth,gt,2478,206.41666666666663,0.5530686841827211
bb_ipp_ground_truth,gt,2479,206.5,0.5530306952288849
bb_ipp_ground_truth,gt,2480,206.58333333333337,0.5529945159530559
bb_ipp_ground_truth,gt,2481,206.66666666666663,0.5529640793257617
bb_ipp_ground_truth,gt,2482,206.75,0.5529299134555594
bb_ipp_ground_truth,gt,2483,206.83333333333337,0.5528926447953386
bb_ipp_ground_truth,gt,2484,206.91666666666663,0.5528744195076064
bb_ipp_ground_truth,gt,2485,207.0,0.5528805813302787
bb_ipp_ground_truth,gt,2486,207.08333333333337,0.552898281110707
bb_ipp_ground_truth,gt,2487,207.16666666666663,0.5529082660164687
bb_ipp_ground_truth,gt,2488,207.25,0.5529001673656269
bb_ipp_ground_truth,gt,2489,207.33333333333337,0.5528959214749102
bb_ipp_ground_truth,gt,2490,207.41666666666663,0.5529203193682042
bb_ipp_ground_truth,gt,2491,207.5,0.5529606371678794
bb_ipp_ground_truth,gt,2492,207.58333333333337,0.5529915388282632
bb_ipp_ground_truth,gt,2493,207.66666666666663,0.5530274674053548
bb_ipp_ground_truth,gt,2494,207.75,0.5531000506898015
bb_ipp_ground_truth,gt,2495,207.83333333333337,0.5531986469777361
bb_ipp_ground_truth,gt,2496,207.91666666666663,0.5532927465771685
bb_ipp_ground_truth,gt,2497,208.0,0.5533809144623437
bb_ipp_ground_truth,gt,2498,208.08333333333337,0.5534798870515109
bb_ipp_ground_truth,gt,2499,208.16666666666663,0.5535928774625838
bb_ipp_ground_truth,gt,2500,208.25,0.5536997539674102
bb_ipp_ground_truth,gt,2501,208.33333333333337,0.5537652775492411
bb_ipp_ground_truth,gt,2502,208.41666666666663,0.5538107911453132
bb_ipp_ground_truth,gt,2503,208.5,0.553914439911949
bb_ipp_ground_truth,gt,2504,208.58333333333337,0.5540711479832592
bb_ipp_ground_truth,gt,2505,208.66666666666663,0.5542394342577236
bb_ipp_ground_truth,gt,2506,208.75,0.5543843813995447
bb_ipp_ground_truth,gt,2507,208.83333333333337,0.5545000572151279
bb_ipp_ground_truth,gt,2508,208.91666666666663,0.5546139523565906
bb_ipp_ground_truth,gt,2509,209.0,0.55474324762374
bb_ipp_ground_truth,gt,2510,209.08333333333337,0.5548513072291322
bb_ipp_ground_truth,gt,2511,209.16666666666663,0.5549032236092196
bb_ipp_ground_truth,gt,2512,209.25,0.5549784300589828
bb_ipp_ground_truth,gt,2513,209.33333333333337,0.555115046535407
bb_ipp_ground_truth,gt,2514,209.41666666666663,0.555257701843391
bb_ipp_ground_truth,gt,2515,209.5,0.5553340735290744
bb_ipp_ground_truth,gt,2516,209.58333333333337,0.5553970146749813
bb_ipp_ground_truth,gt,2517,209.66666666666663,0.5555140675129677
bb_ipp_ground_truth,gt,2518,209.75,0.555648112194339
bb_ipp_ground_truth,gt,2519,209.83333333333337,0.5557487801782964
bb_ipp_ground_truth,gt,2520,209.91666666666663,0.5558229708305059
bb_ipp_ground_truth,gt,2521,210.0,0.5558970077212079
bb_ipp_ground_truth,gt,2522,210.08333333333337,0.5559665594163143
bb_ipp_ground_truth,gt,2523,210.16666666666663,0.5560158967380096
bb_ipp_ground_truth,gt,2524,210.25,0.5560201013994848
bb_ipp_ground_truth,gt,2525,210.33333333333337,0.5559729232359496
bb_ipp_ground_truth,gt,2526,210.41666666666663,0.5559312477835393
bb_ipp_ground_truth,gt,2527,210.5,0.5559058203398421
bb_ipp_ground_truth,gt,2528,210.58333333333337,0.555869649057092
bb_ipp_ground_truth,gt,2529,210.66666666666663,0.5558120845390159
bb_ipp_ground_truth,gt,2530,210.75,0.5557458152726455
bb_ipp_ground_truth,gt,2531,210.83333333333337,0.5556832020370974
bb_ipp_ground_truth,gt,2532,210.91666666666663,0.5556215690813249
bb_ipp_ground_truth,gt,2533,211.0,0.5555464182057456
bb_ipp_ground_truth,gt,2534,211.08333333333337,0.5554526270047412
bb_ipp_ground_truth,gt,2535,211.16666666666663,0.5553596501262505
bb_ipp_ground_truth,gt,2536,211.25,0.5552835837720568
bb_ipp_ground_truth,gt,2537,211.33333333333337,0.5552144567591023
bb_ipp_ground_truth,gt,2538,211.41666666666663,0.5551383298703714
bb_ipp_ground_truth,gt,2539,211.5,0.5550658036498773
bb_ipp_ground_truth,gt,2540,211.58333333333337,0.5550160347619574
bb_ipp_ground_truth,gt,2541,211.66666666666663,0.5549859956711708
bb_ipp_ground_truth,gt,2542,211.75,0.5549456943249558
bb_ipp_ground_truth,gt,2543,211.83333333333337,0.5548722969430161
bb_ipp_ground_truth,gt,2544,211.91666666666663,0.5547876437154735
bb_ipp_ground_truth,gt,2545,212.0,0.5547315963710922
bb_ipp_ground_truth,gt,2546,212.08333333333337,0.5546974013105394
bb_ipp_ground_truth,gt,2547,212.16666666666663,0.5546616494563875
bb_ipp_ground_truth,gt,2548,212.25,0.5546132747635713
bb_ipp_ground_truth,gt,2549,212.33333333333337,0.554534831868762
bb_ipp_ground_truth,gt,2550,212.41666666666663,0.5544132900962881
bb_ipp_ground_truth,gt,2551,212.5,0.5542909625486463
bb_ipp_ground_truth,gt,2552,212.58333333333337,0.5542010158393564
bb_ipp_ground_truth,gt,2553,212.66666666666663,0.5541282584910343
bb_ipp_ground_truth,gt,2554,212.75,0.5540456156464063
bb_ipp_ground_truth,gt,2555,212.83333333333337,0.553945998145852
bb_ipp_ground_truth,gt,2556,212.91666666666663,0.5538464333485301
bb_ipp_ground_truth,gt,2557,213.0,0.5537585318722337
bb_ipp_ground_truth,gt,2558,213.08333333333337,0.5536736280654223
bb_ipp_ground_truth,gt,2559,213.16666666666663,0.5535791290370308
bb_ipp_ground_truth,gt,2560,213.25,0.5534853943552649
bb_ipp_ground_truth,gt,2561,213.33333333333337,0.553415753995215
bb_ipp_ground_truth,gt,2562,213.41666666666663,0.5533668044236094
bb_ipp_ground_truth,gt,2563,213.5,0.5533038647819882
bb_ipp_ground_truth,gt,2564,213.58333333333337,0.5532056186236491
bb_ipp_ground_truth,gt,2565,213.66666666666663,0.5531369711000654
bb_ipp_ground_truth,gt,2566,213.75,0.5531129817079931
bb_ipp_ground_truth,gt,2567,213.83333333333337,0.5531052128090789
bb_ipp_ground_truth,gt,2568,213.91666666666663,0.5530903800452386
bb_ipp_ground_truth,gt,2569,214.0,0.5530576770857046
bb_ipp_ground_truth,gt,2570,214.08333333333337,0.5529968445552914
bb_ipp_ground_truth,gt,2571,214.16666666666663,0.5529342981421139
bb_ipp_ground_truth,gt,2572,214.25,0.5529064009173944
bb_ipp_ground_truth,gt,2573,214.33333333333337,0.5529043714961618
bb_ipp_ground_truth,gt,2574,214.41666666666663,0.5529063264356713
bb_ipp_ground_truth,gt,2575,214.5,0.5528984343685328
bb_ipp_ground_truth,gt,2576,214.58333333333337,0.5528817211542582
bb_ipp_ground_truth,gt,2577,214.66666666666663,0.5528768875258185
bb_ipp_ground_truth,gt,2578,214.75,0.5528975068214562
bb_ipp_ground_truth,gt,2579,214.83333333333337,0.5529201623867667
bb_ipp_ground_truth,gt,2580,214.91666666666663,0.5529242237589791
bb_ipp_ground_truth,gt,2581,215.0,0.5529438478371147
bb_ipp_ground_truth,gt,2582,215.08333333333337,0.5529994471595752
bb_ipp_ground_truth,gt,2583,215.16666666666663,0.5530661764678516
bb_ipp_ground_truth,gt,2584,215.25,0.5531227651451497
bb_ipp_ground_truth,gt,2585,215.33333333333337,0.5531863450645005
bb_ipp_ground_truth,gt,2586,215.41666666666663,0.5532767389217564
bb_ipp_ground_truth,gt,2587,215.5,0.5533887211850339
bb_ipp_ground_truth,gt,2588,215.58333333333337,0.5534979784366537
bb_ipp_ground_truth,gt,2589,215.66666666666663,0.5535720248507008
bb_ipp_ground_truth,gt,2590,215.75,0.5536424449254348
bb_ipp_ground_truth,gt,2591,215.83333333333337,0.5537880035675745
bb_ipp_ground_truth,gt,2592,215.91666666666663,0.5539855699444528
bb_ipp_ground_truth,gt,2593,216.0,0.5541923106778148
bb_ipp_ground_truth,gt,2594,216.08333333333337,0.5543842840909221
bb_ipp_ground_truth,gt,2595,216.16666666666663,0.5545261742583959
bb_ipp_ground_truth,gt,2596,216.25,0.5546198698496996
bb_ipp_ground_truth,gt,2597,216.33333333333337,0.5547913824988219
bb_ipp_ground_truth,gt,2598,216.41666666666663,0.5550393241801288
bb_ipp_ground_truth,gt,2599,216.5,0.5552977863738406
bb_ipp_ground_truth,gt,2600,216.58333333333337,0.5555128671759517
bb_ipp_ground_truth,gt,2601,216.66666666666663,0.5556848842558479
bb_ipp_ground_truth,gt,2602,216.75,0.5558491113867454
bb_ipp_ground_truth,gt,2603,216.83333333333337,0.5560187340260934
bb_ipp_ground_truth,gt,2604,216.91666666666663,0.5561725827731102
bb_ipp_ground_truth,gt,2605,217.0,0.5563058528251315
bb_ipp_ground_truth,gt,2606,217.08333333333337,0.5564429516819267
bb_ipp_ground_truth,gt,2607,217.16666666666663,0.5565945711327921
bb_ipp_ground_truth,gt,2608,217.25,0.5567352268950218
bb_ipp_ground_truth,gt,2609,217.33333333333337,0.5568186621987062
bb_ipp_ground_truth,gt,2610,217.41666666666663,0.5568557446175143
bb_ipp_ground_truth,gt,2611,217.5,0.5569343054680002
bb_ipp_ground_truth,gt,2612,217.58333333333337,0.5570494451186417
bb_ipp_ground_truth,gt,2613,217.66666666666663,0.5571606589227496
bb_ipp_ground_truth,gt,2614,217.75,0.5572566359974103
bb_ipp_ground_truth,gt,2615,217.83333333333337,0.5573283334264983
bb_ipp_ground_truth,gt,2616,217.91666666666663,0.5573587898071883
bb_ipp_ground_truth,gt,2617,218.0,0.557383467496799
bb_ipp_ground_truth,gt,2618,218.08333333333337,0.5574291058704137
bb_ipp_ground_truth,gt,2619,218.16666666666663,0.5574785218584482
bb_ipp_ground_truth,gt,2620,218.25,0.5575099781800577
bb_ipp_ground_truth,gt,2621,218.33333333333337,0.5575128622241117
bb_ipp_ground_truth,gt,2622,218.41666666666663,0.5574954137296063
bb_ipp_ground_truth,gt,2623,218.5,0.5574823741216426
bb_ipp_ground_truth,gt,2624,218.58333333333337,0.5574734353044775
bb_ipp_ground_truth,gt,2625,218.66666666666663,0.5574411372261381
bb_ipp_ground_truth,gt,2626,218.75,0.5573839551987004
bb_ipp_ground_truth,gt,2627,218.83333333333337,0.5573322517932922
bb_ipp_ground_truth,gt,2628,218.91666666666663,0.5572910884469895
bb_ipp_ground_truth,gt,2629,219.0,0.5572364574536128
bb_ipp_ground_truth,gt,2630,219.08333333333337,0.5571587849510592
bb_ipp_ground_truth,gt,2631,219.16666666666663,0.5570689091085641
bb_ipp_ground_truth,gt,2632,219.25,0.5569770133076264
bb_ipp_ground_truth,gt,2633,219.33333333333337,0.5568810617572523
bb_ipp_ground_truth,gt,2634,219.41666666666663,0.5567605342885242
bb_ipp_ground_truth,gt,2635,219.5,0.5565990728523686
bb_ipp_ground_truth,gt,2636,219.58333333333337,0.5564627771220786
bb_ipp_ground_truth,gt,2637,219.66666666666663,0.5563673854685612
bb_ipp_ground_truth,gt,2638,219.75,0.5562867507214522
bb_ipp_ground_truth,gt,2639,219.83333333333337,0.5561979942051657
bb_ipp_ground_truth,gt,2640,219.91666666666663,0.5560891196875771
bb_ipp_ground_truth,gt,2641,220.0,0.5559657122127861
bb_ipp_ground_truth,gt,2642,220.08333333333337,0.5558587952025447
bb_ipp_ground_truth,gt,2643,220.16666666666663,0.555769828245052
bb_ipp_ground_truth,gt,2644,220.25,0.5556589985943057
bb_ipp_ground_truth,gt,2645,220.33333333333337,0.5555068821569312
bb_ipp_ground_truth,gt,2646,220.41666666666663,0.5553905407888666
bb_ipp_ground_truth,gt,2647,220.5,0.5553190037285964
bb_ipp_ground_truth,gt,2648,220.58333333333337,0.5552476889178748
bb_ipp_ground_truth,gt,2649,220.66666666666663,0.5551250670073341
bb_ipp_ground_truth,gt,2650,220.75,0.5550071263305854
bb_ipp_ground_truth,gt,2651,220.83333333333337,0.5549389543779792
bb_ipp_ground_truth,gt,2652,220.91666666666663,0.5548952237735748
bb_ipp_ground_truth,gt,2653,221.0,0.5548416395207181
bb_ipp_ground_truth,gt,2654,221.08333333333337,0.5547761721810326
bb_ipp_ground_truth,gt,2655,221.16666666666663,0.5547199121644049
bb_ipp_ground_truth,gt,2656,221.25,0.5546722280796523
bb_ipp_ground_truth,gt,2657,221.33333333333337,0.5546250418323032
bb_ipp_ground_truth,gt,2658,221.41666666666663,0.554558685734248
bb_ipp_ground_truth,gt,2659,221.5,0.5544615731864799
bb_ipp_ground_truth,gt,2660,221.58333333333337,0.5543902258415057
bb_ipp_ground_truth,gt,2661,221.66666666666663,0.5543634277023747
bb_ipp_ground_truth,gt,2662,221.75,0.5543539926331953
bb_ipp_ground_truth,gt,2663,221.83333333333337,0.5543418056468631
bb_ipp_ground_truth,gt,2664,221.91666666666663,0.5543284623577787
bb_ipp_ground_truth,gt,2665,222.0,0.5543238932739637
bb_ipp_ground_truth,gt,2666,222.08333333333337,0.5543337554981242
bb_ipp_ground_truth,gt,2667,222.16666666666663,0.5543483584719101
bb_ipp_ground_truth,gt,2668,222.25,0.5543485450980132
bb_ipp_ground_truth,gt,2669,222.33333333333337,0.5543491785394623
bb_ipp_ground_truth,gt,2670,222.41666666666663,0.554379647172573
bb_ipp_ground_truth,gt,2671,222.5,0.5544292579847696
bb_ipp_ground_truth,gt,2672,222.58333333333337,0.5544704248970761
bb_ipp_ground_truth,gt,2673,222.66666666666663,0.554512091485847
bb_ipp_ground_truth,gt,2674,222.75,0.5545825188597692
bb_ipp_ground_truth,gt,2675,222.83333333333337,0.5546789657884378
bb_ipp_ground_truth,gt,2676,222.91666666666663,0.5547788245293992
bb_ipp_ground_truth,gt,2677,223.0,0.554872257153447
bb_ipp_ground_truth,gt,2678,223.08333333333337,0.554958449631449
bb_ipp_ground_truth,gt,2679,223.16666666666663,0.5550530494907518
bb_ipp_ground_truth,gt,2680,223.25,0.5551531120687072
bb_ipp_ground_truth,gt,2681,223.33333333333337,0.5552409283371483
bb_ipp_ground_truth,gt,2682,223.41666666666663,0.5553321342945878
bb_ipp_ground_truth,gt,2683,223.5,0.555447022421207
bb_ipp_ground_truth,gt,2684,223.58333333333337,0.5555654419485093
bb_ipp_ground_truth,gt,2685,223.66666666666663,0.5556736989309476
bb_ipp_ground_truth,gt,2686,223.75,0.5557940905558516
bb_ipp_ground_truth,gt,2687,223.83333333333337,0.5559299479375871
bb_ipp_ground_truth,gt,2688,223.91666666666663,0.556062931140702
bb_ipp_ground_truth,gt,2689,224.0,0.5561718724158947
bb_ipp_ground_truth,gt,2690,224.08333333333337,0.5562556631809681
bb_ipp_ground_truth,gt,2691,224.16666666666663,0.55634242418252
bb_ipp_ground_truth,gt,2692,224.25,0.556447227794158
bb_ipp_ground_truth,gt,2693,224.33333333333337,0.5565541146420331
bb_ipp_ground_truth,gt,2694,224.41666666666663,0.5566497751069049
bb_ipp_ground_truth,gt,2695,224.5,0.5567538822021302
bb_ipp_ground_truth,gt,2696,224.58333333333337,0.5568852088009394
bb_ipp_ground_truth,gt,2697,224.66666666666663,0.5570273337821476
bb_ipp_ground_truth,gt,2698,224.75,0.5571479932693887
bb_ipp_ground_truth,gt,2699,224.83333333333337,0.5572366606015003
bb_ipp_ground_truth,gt,2700,224.91666666666663,0.5573198015860409
bb_ipp_ground_truth,gt,2701,225.0,0.557410355367627
bb_ipp_ground_truth,gt,2702,225.08333333333337,0.5574874733101527
bb_ipp_ground_truth,gt,2703,225.16666666666663,0.5575458115998153
bb_ipp_ground_truth,gt,2704,225.25,0.5576071013761366
bb_ipp_ground_truth,gt,2705,225.33333333333337,0.5576646602061084
bb_ipp_ground_truth,gt,2706,225.41666666666663,0.5577012676867605
bb_ipp_ground_truth,gt,2707,225.5,0.5577362607843563
bb_ipp_ground_truth,gt,2708,225.58333333333337,0.5577816809073524
bb_ipp_ground_truth,gt,2709,225.66666666666663,0.5578250799248164
bb_ipp_ground_truth,gt,2710,225.75,0.5578443002861272
bb_ipp_ground_truth,gt,2711,225.83333333333337,0.5578285674565635
bb_ipp_ground_truth,gt,2712,225.91666666666663,0.557795634041046
bb_ipp_ground_truth,gt,2713,226.0,0.5577664469636865
bb_ipp_ground_truth,gt,2714,226.08333333333337,0.5577357362129528
bb_ipp_ground_truth,gt,2715,226.16666666666663,0.5576891057240444
bb_ipp_ground_truth,gt,2716,226.25,0.5576347290303563
bb_ipp_ground_truth,gt,2717,226.33333333333337,0.5575900161582079
bb_ipp_ground_truth,gt,2718,226.41666666666663,0.5575569214895697
bb_ipp_ground_truth,gt,2719,226.5,0.5575199883749817
bb_ipp_ground_truth,gt,2720,226.58333333333337,0.5574665359456694
bb_ipp_ground_truth,gt,2721,226.66666666666663,0.5574084265492462
bb_ipp_ground_truth,gt,2722,226.75,0.5573632900710451
bb_ipp_ground_truth,gt,2723,226.83333333333337,0.5573231415580464
bb_ipp_ground_truth,gt,2724,226.91666666666663,0.5572591629955305
bb_ipp_ground_truth,gt,2725,227.0,0.5571866841609039
bb_ipp_ground_truth,gt,2726,227.08333333333337,0.5571406140031754
bb_ipp_ground_truth,gt,2727,227.16666666666663,0.557109009715286
bb_ipp_ground_truth,gt,2728,227.25,0.5570710844775563
bb_ipp_ground_truth,gt,2729,227.33333333333337,0.5570174502086784
bb_ipp_ground_truth,gt,2730,227.41666666666663,0.5569466851595342
bb_ipp_ground_truth,gt,2731,227.5,0.5568806771546707
bb_ipp_ground_truth,gt,2732,227.58333333333337,0.5568331741483243
bb_ipp_ground_truth,gt,2733,227.66666666666663,0.5567789414334817
bb_ipp_ground_truth,gt,2734,227.75,0.5566836904814241
bb_ipp_ground_truth,gt,2735,227.83333333333337,0.5566012562906459
bb_ipp_ground_truth,gt,2736,227.91666666666663,0.5565593923562359
bb_ipp_ground_truth,gt,2737,228.0,0.5565310952753213
bb_ipp_ground_truth,gt,2738,228.08333333333337,0.5564752385181672
bb_ipp_ground_truth,gt,2739,228.16666666666663,0.5564037683352059
bb_ipp_ground_truth,gt,2740,228.25,0.5563637077920102
bb_ipp_ground_truth,gt,2741,228.33333333333337,0.5563443614673497
bb_ipp_ground_truth,gt,2742,228.41666666666663,0.5563031160960921
bb_ipp_ground_truth,gt,2743,228.5,0.5562297080138943
bb_ipp_ground_truth,gt,2744,228.58333333333337,0.5561859567495416
bb_ipp_ground_truth,gt,2745,228.66666666666663,0.5561718221484281
bb_ipp_ground_truth,gt,2746,228.75,0.5561603576730567
bb_ipp_ground_truth,gt,2747,228.83333333333337,0.5561370866799151
bb_ipp_ground_truth,gt,2748,228.91666666666663,0.5560933079040982
bb_ipp_ground_truth,gt,2749,229.0,0.556027980671442
bb_ipp_ground_truth,gt,2750,229.08333333333337,0.5559765842008295
bb_ipp_ground_truth,gt,2751,229.16666666666663,0.5559514744499046
bb_ipp_ground_truth,gt,2752,229.25,0.5559382374352766
bb_ipp_ground_truth,gt,2753,229.33333333333337,0.555921066300811
bb_ipp_ground_truth,gt,2754,229.41666666666663,0.5558820119869307
bb_ipp_ground_truth,gt,2755,229.5,0.5558227080602174
bb_ipp_ground_truth,gt,2756,229.58333333333337,0.5557877466921591
bb_ipp_ground_truth,gt,2757,229.66666666666663,0.5557857404285614
bb_ipp_ground_truth,gt,2758,229.75,0.5557776815961071
bb_ipp_ground_truth,gt,2759,229.83333333333337,0.5557302524671448
bb_ipp_ground_truth,gt,2760,229.91666666666663,0.5557182179071285
bb_ipp_ground_truth,gt,2761,230.0,0.5557590881649767
bb_ipp_ground_truth,gt,2762,230.08333333333337,0.5558084105936044
bb_ipp_ground_truth,gt,2763,230.16666666666663,0.5558087954372579
bb_ipp_ground_truth,gt,2764,230.25,0.5558222243377691
bb_ipp_ground_truth,gt,2765,230.33333333333337,0.5558984081127823
bb_ipp_ground_truth,gt,2766,230.41666666666663,0.5559966701109135
bb_ipp_ground_truth,gt,2767,230.5,0.5560731986855278
bb_ipp_ground_truth,gt,2768,230.58333333333337,0.556147175128367
bb_ipp_ground_truth,gt,2769,230.66666666666663,0.5562519497810539
bb_ipp_ground_truth,gt,2770,230.75,0.5563768232244852
bb_ipp_ground_truth,gt,2771,230.83333333333337,0.5564927911909843
bb_ipp_ground_truth,gt,2772,230.91666666666663,0.5565616693799851
bb_ipp_ground_truth,gt,2773,231.0,0.556578142277823
bb_ipp_ground_truth,gt,2774,231.08333333333337,0.5566426756380095
bb_ipp_ground_truth,gt,2775,231.16666666666663,0.5567765895629803
bb_ipp_ground_truth,gt,2776,231.25,0.5569351317816263
bb_ipp_ground_truth,gt,2777,231.33333333333337,0.5570766212377488
bb_ipp_ground_truth,gt,2778,231.41666666666663,0.5571888528053591
bb_ipp_ground_truth,gt,2779,231.5,0.557289341663493
bb_ipp_ground_truth,gt,2780,231.58333333333337,0.5574001941856349
bb_ipp_ground_truth,gt,2781,231.66666666666663,0.5575059030966619
bb_ipp_ground_truth,gt,2782,231.75,0.5575781434171321
bb_ipp_ground_truth,gt,2783,231.83333333333337,0.5576481862704605
bb_ipp_ground_truth,gt,2784,231.91666666666663,0.5577654896679535
bb_ipp_ground_truth,gt,2785,232.0,0.5579026210563756
bb_ipp_ground_truth,gt,2786,232.08333333333337,0.5580046060189993
bb_ipp_ground_truth,gt,2787,232.16666666666663,0.5580870569926291
bb_ipp_ground_truth,gt,2788,232.25,0.5582018588274553
bb_ipp_ground_truth,gt,2789,232.33333333333337,0.5583383716189662
bb_ipp_ground_truth,gt,2790,232.41666666666663,0.5584632519727875
bb_ipp_ground_truth,gt,2791,232.5,0.5585705099919166
bb_ipp_ground_truth,gt,2792,232.58333333333337,0.5586702059013252
bb_ipp_ground_truth,gt,2793,232.66666666666663,0.5587762253436704
bb_ipp_ground_truth,gt,2794,232.75,0.5588749837531282
bb_ipp_ground_truth,gt,2795,232.83333333333337,0.5589342795858423
bb_ipp_ground_truth,gt,2796,232.91666666666663,0.5589686990682086
bb_ipp_ground_truth,gt,2797,233.0,0.5590306645164618
bb_ipp_ground_truth,gt,2798,233.08333333333337,0.5591222538874211
bb_ipp_ground_truth,gt,2799,233.16666666666663,0.5592121237748956
bb_ipp_ground_truth,gt,2800,233.25,0.5592806554883597
bb_ipp_ground_truth,gt,2801,233.33333333333337,0.5593307130477734
bb_ipp_ground_truth,gt,2802,233.41666666666663,0.5593709428838023
bb_ipp_ground_truth,gt,2803,233.5,0.5594005374674598
bb_ipp_ground_truth,gt,2804,233.58333333333337,0.5594068490440001
bb_ipp_ground_truth,gt,2805,233.66666666666663,0.5593928081966208
bb_ipp_ground_truth,gt,2806,233.75,0.5593883666434685
bb_ipp_ground_truth,gt,2807,233.83333333333337,0.5593967525299257
bb_ipp_ground_truth,gt,2808,233.91666666666663,0.5593911674313993
bb_ipp_ground_truth,gt,2809,234.0,0.5593628807356782
bb_ipp_ground_truth,gt,2810,234.08333333333337,0.5593387123334769
bb_ipp_ground_truth,gt,2811,234.16666666666663,0.5593270545920865
bb_ipp_ground_truth,gt,2812,234.25,0.5593099982464349
bb_ipp_ground_truth,gt,2813,234.33333333333337,0.5592667705754237
bb_ipp_ground_truth,gt,2814,234.41666666666663,0.5591948926703326
bb_ipp_ground_truth,gt,2815,234.5,0.5591106736670766
bb_ipp_ground_truth,gt,2816,234.58333333333337,0.5590276615960122
bb_ipp_ground_truth,gt,2817,234.66666666666663,0.5589403319202214
bb_ipp_ground_truth,gt,2818,234.75,0.5588439391757024
bb_ipp_ground_truth,gt,2819,234.83333333333337,0.5587425715492322
bb_ipp_ground_truth,gt,2820,234.91666666666663,0.5586242701059241
bb_ipp_ground_truth,gt,2821,235.0,0.558480149794683
bb_ipp_ground_truth,gt,2822,235.08333333333337,0.5583348947469109
bb_ipp_ground_truth,gt,2823,235.16666666666663,0.5582108557319568
bb_ipp_ground_truth,gt,2824,235.25,0.558100032079413
bb_ipp_ground_truth,gt,2825,235.33333333333337,0.5579824991184582
bb_ipp_ground_truth,gt,2826,235.41666666666663,0.557850595483737
bb_ipp_ground_truth,gt,2827,235.5,0.5577166279173059
bb_ipp_ground_truth,gt,2828,235.58333333333337,0.5575914181710621
bb_ipp_ground_truth,gt,2829,235.66666666666663,0.5574666452463336
bb_ipp_ground_truth,gt,2830,235.75,0.5573314448444685
bb_ipp_ground_truth,gt,2831,235.83333333333337,0.5571923925101746
bb_ipp_ground_truth,gt,2832,235.91666666666663,0.5570704189046155
bb_ipp_ground_truth,gt,2833,236.0,0.5569680837497936
bb_ipp_ground_truth,gt,2834,236.08333333333337,0.5568572247184082
bb_ipp_ground_truth,gt,2835,236.16666666666663,0.5567132777554523
bb_ipp_ground_truth,gt,2836,236.25,0.5565966875436533
bb_ipp_ground_truth,gt,2837,236.33333333333337,0.55654344964363
bb_ipp_ground_truth,gt,2838,236.41666666666663,0.5565270225733734
bb_ipp_ground_truth,gt,2839,236.5,0.5565139905841661
bb_ipp_ground_truth,gt,2840,236.58333333333337,0.5564890378504416
bb_ipp_ground_truth,gt,2841,236.66666666666663,0.5564424666292012
bb_ipp_ground_truth,gt,2842,236.75,0.5563901340585152
bb_ipp_ground_truth,gt,2843,236.83333333333337,0.5563706242992674
bb_ipp_ground_truth,gt,2844,236.91666666666663,0.556388037451049
bb_ipp_ground_truth,gt,2845,237.0,0.5564251773595208
bb_ipp_ground_truth,gt,2846,237.08333333333337,0.5564605476742097
bb_ipp_ground_truth,gt,2847,237.16666666666663,0.5564735374280317
bb_ipp_ground_truth,gt,2848,237.25,0.5564754653639741
bb_ipp_ground_truth,gt,2849,237.33333333333337,0.5565044516225147
bb_ipp_ground_truth,gt,2850,237.41666666666663,0.5565540008818418
bb_ipp_ground_truth,gt,2851,237.5,0.5565785569837383
bb_ipp_ground_truth,gt,2852,237.58333333333337,0.5565788658396
bb_ipp_ground_truth,gt,2853,237.66666666666663,0.5566234303768998
bb_ipp_ground_truth,gt,2854,237.75,0.5567050592207542
bb_ipp_ground_truth,gt,2855,237.83333333333337,0.5567777097024627
bb_ipp_ground_truth,gt,2856,237.91666666666663,0.5568311291936127
bb_ipp_ground_truth,gt,2857,238.0,0.5569110780561776
bb_ipp_ground_truth,gt,2858,238.08333333333337,0.5570304009259596
bb_ipp_ground_truth,gt,2859,238.16666666666663,0.5571651930287201
bb_ipp_ground_truth,gt,2860,238.25,0.5572921874501667
bb_ipp_ground_truth,gt,2861,238.33333333333337,0.5573984982989151
bb_ipp_ground_truth,gt,2862,238.41666666666663,0.5575089892369982
bb_ipp_ground_truth,gt,2863,238.5,0.5576657773304715
bb_ipp_ground_truth,gt,2864,238.58333333333337,0.5578506471316816
bb_ipp_ground_truth,gt,2865,238.66666666666663,0.558038745883517
bb_ipp_ground_truth,gt,2866,238.75,0.5582258226578646
bb_ipp_ground_truth,gt,2867,238.83333333333337,0.5583832725584802
bb_ipp_ground_truth,gt,2868,238.91666666666663,0.5584890813647827
bb_ipp_ground_truth,gt,2869,239.0,0.5586352595226329
bb_ipp_ground_truth,gt,2870,239.08333333333337,0.5588456851061697
bb_ipp_ground_truth,gt,2871,239.16666666666663,0.5590736718713294
bb_ipp_ground_truth,gt,2872,239.25,0.5592682366439996
bb_ipp_ground_truth,gt,2873,239.33333333333337,0.5594258377174213
bb_ipp_ground_truth,gt,2874,239.41666666666663,0.5595777185064779
bb_ipp_ground_truth,gt,2875,239.5,0.5597337788684641
bb_ipp_ground_truth,gt,2876,239.58333333333337,0.559865523840681
bb_ipp_ground_truth,gt,2877,239.66666666666663,0.5599523490203941
bb_ipp_ground_truth,gt,2878,239.75,0.5600206592622875
bb_ipp_ground_truth,gt,2879,239.83333333333337,0.5601037131712343
bb_ipp_ground_truth,gt,2880,239.91666666666663,0.5601805687438145
bb_ipp_ground_truth,gt,2881,240.0,0.5602123246525978
bb_ipp_ground_truth,gt,2882,240.08333333333337,0.5602349925952805
bb_ipp_ground_truth,gt,2883,240.16666666666663,0.5603093569738753
bb_ipp_ground_truth,gt,2884,240.25,0.560419346831668
bb_ipp_ground_truth,gt,2885,240.33333333333337,0.5605251962006772
bb_ipp_ground_truth,gt,2886,240.41666666666663,0.5605932352870119
bb_ipp_ground_truth,gt,2887,240.5,0.5605912759612115
bb_ipp_ground_truth,gt,2888,240.58333333333337,0.5605824609487624
bb_ipp_ground_truth,gt,2889,240.66666666666663,0.5606307101226096
bb_ipp_ground_truth,gt,2890,240.75,0.560707894031684
bb_ipp_ground_truth,gt,2891,240.83333333333337,0.5607728238195431
bb_ipp_ground_truth,gt,2892,240.91666666666663,0.5608093240024734
bb_ipp_ground_truth,gt,2893,241.0,0.560828331011312
bb_ipp_ground_truth,gt,2894,241.08333333333337,0.5608473896538909
bb_ipp_ground_truth,gt,2895,241.16666666666663,0.5608641909386369
bb_ipp_ground_truth,gt,2896,241.25,0.5608585527147678
bb_ipp_ground_truth,gt,2897,241.33333333333337,0.5608298602750788
bb_ipp_ground_truth,gt,2898,241.41666666666663,0.5608006146967589
bb_ipp_ground_truth,gt,2899,241.5,0.5607701729839198
bb_ipp_ground_truth,gt,2900,241.58333333333337,0.5607212183901439
bb_ipp_ground_truth,gt,2901,241.66666666666663,0.5606484438677286
bb_ipp_ground_truth,gt,2902,241.75,0.5605632234078727
bb_ipp_ground_truth,gt,2903,241.83333333333337,0.5604808718629891
bb_ipp_ground_truth,gt,2904,241.91666666666663,0.5603963306752684
bb_ipp_ground_truth,gt,2905,242.0,0.560282038786983
bb_ipp_ground_truth,gt,2906,242.08333333333337,0.560134485758493
bb_ipp_ground_truth,gt,2907,242.16666666666663,0.5600396644795168
bb_ipp_ground_truth,gt,2908,242.25,0.559994793593306
bb_ipp_ground_truth,gt,2909,242.33333333333337,0.5599645332189086
bb_ipp_ground_truth,gt,2910,242.41666666666663,0.5599219107752417
bb_ipp_ground_truth,gt,2911,242.5,0.5598421426466188
bb_ipp_ground_truth,gt,2912,242.58333333333337,0.5597189854550855
bb_ipp_ground_truth,gt,2913,242.66666666666663,0.5596402625993099
bb_ipp_ground_truth,gt,2914,242.75,0.5596118177872287
bb_ipp_ground_truth,gt,2915,242.83333333333337,0.5595892159401736
bb_ipp_ground_truth,gt,2916,242.91666666666663,0.5595399170191577
bb_ipp_ground_truth,gt,2917,243.0,0.5594760061272208
bb_ipp_ground_truth,gt,2918,243.08333333333337,0.5594212532034097
bb_ipp_ground_truth,gt,2919,243.16666666666663,0.5593741934909794
bb_ipp_ground_truth,gt,2920,243.25,0.5593110169379827
bb_ipp_ground_truth,gt,2921,243.33333333333337,0.5592187280016824
bb_ipp_ground_truth,gt,2922,243.41666666666663,0.5591214293717339
bb_ipp_ground_truth,gt,2923,243.5,0.5590433939869577
bb_ipp_ground_truth,gt,2924,243.58333333333337,0.5589719282591297
bb_ipp_ground_truth,gt,2925,243.66666666666663,0.5588679016229029
bb_ipp_ground_truth,gt,2926,243.75,0.5587596787342414
bb_ipp_ground_truth,gt,2927,243.83333333333337,0.5586953837557781
bb_ipp_ground_truth,gt,2928,243.91666666666663,0.55865530102504
bb_ipp_ground_truth,gt,2929,244.0,0.5586108531272964
bb_ipp_ground_truth,gt,2930,244.08333333333337,0.5585439382131873
bb_ipp_ground_truth,gt,2931,244.16666666666663,0.5584345911141709
bb_ipp_ground_truth,gt,2932,244.25,0.5583079730000781
bb_ipp_ground_truth,gt,2933,244.33333333333337,0.5582265162321653
bb_ipp_ground_truth,gt,2934,244.41666666666663,0.5581830595427498
bb_ipp_ground_truth,gt,2935,244.5,0.5581477399036087
bb_ipp_ground_truth,gt,2936,244.58333333333337,0.5581044565400075
bb_ipp_ground_truth,gt,2937,244.66666666666663,0.5580581883407674
bb_ipp_ground_truth,gt,2938,244.75,0.5580218687604128
bb_ipp_ground_truth,gt,2939,244.83333333333337,0.5579990546739341
bb_ipp_ground_truth,gt,2940,244.91666666666663,0.5579755261058819
bb_ipp_ground_truth,gt,2941,245.0,0.557943699949013
bb_ipp_ground_truth,gt,2942,245.08333333333337,0.5579238240354585
bb_ipp_ground_truth,gt,2943,245.16666666666663,0.5579287792874728
bb_ipp_ground_truth,gt,2944,245.25,0.5579438326239797
bb_ipp_ground_truth,gt,2945,245.33333333333337,0.5579558091966107
bb_ipp_ground_truth,gt,2946,245.41666666666663,0.5579737513013601
bb_ipp_ground_truth,gt,2947,245.5,0.5580104677487747
bb_ipp_ground_truth,gt,2948,245.58333333333337,0.5580621991034319
bb_ipp_ground_truth,gt,2949,245.66666666666663,0.5581079697103739
bb_ipp_ground_truth,gt,2950,245.75,0.5581225667314004
bb_ipp_ground_truth,gt,2951,245.83333333333337,0.5581533581902773
bb_ipp_ground_truth,gt,2952,245.91666666666663,0.5582441977255485
bb_ipp_ground_truth,gt,2953,246.0,0.5583727220682534
bb_ipp_ground_truth,gt,2954,246.08333333333337,0.5585081478735848
bb_ipp_ground_truth,gt,2955,246.16666666666663,0.5586353598257814
bb_ipp_ground_truth,gt,2956,246.25,0.5587293632232656
bb_ipp_ground_truth,gt,2957,246.33333333333337,0.5588096690269604
bb_ipp_ground_truth,gt,2958,246.41666666666663,0.5589527253229934
bb_ipp_ground_truth,gt,2959,246.5,0.5591517907554391
bb_ipp_ground_truth,gt,2960,246.58333333333337,0.5593655992191167
bb_ipp_ground_truth,gt,2961,246.66666666666663,0.5595644741202899
bb_ipp_ground_truth,gt,2962,246.75,0.5597440027610422
bb_ipp_ground_truth,gt,2963,246.83333333333337,0.5599345823527961
bb_ipp_ground_truth,gt,2964,246.91666666666663,0.5601499524805287
bb_ipp_ground_truth,gt,2965,247.0,0.5603562926511905
bb_ipp_ground_truth,gt,2966,247.08333333333337,0.560527716285837
bb_ipp_ground_truth,gt,2967,247.16666666666663,0.5607124388934674
bb_ipp_ground_truth,gt,2968,247.25,0.5609346184480458
bb_ipp_ground_truth,gt,2969,247.33333333333337,0.5611588889454482
bb_ipp_ground_truth,gt,2970,247.41666666666663,0.5613529661028827
bb_ipp_ground_truth,gt,2971,247.5,0.5615249879367982
bb_ipp_ground_truth,gt,2972,247.58333333333337,0.5616918020917855
bb_ipp_ground_truth,gt,2973,247.66666666666663,0.5618487653016687
bb_ipp_ground_truth,gt,2974,247.75,0.5619611274046626
bb_ipp_ground_truth,gt,2975,247.83333333333337,0.5620082229381465
bb_ipp_ground_truth,gt,2976,247.91666666666663,0.562076153456376
bb_ipp_ground_truth,gt,2977,248.0,0.5622125168444798
bb_ipp_ground_truth,gt,2978,248.08333333333337,0.562372826050743
bb_ipp_ground_truth,gt,2979,248.16666666666663,0.5625078875591164
bb_ipp_ground_truth,gt,2980,248.25,0.5625976471357044
bb_ipp_ground_truth,gt,2981,248.33333333333337,0.5626567424610783
bb_ipp_ground_truth,gt,2982,248.41666666666663,0.5627134761267265
bb_ipp_ground_truth,gt,2983,248.5,0.5627574694902069
bb_ipp_ground_truth,gt,2984,248.58333333333337,0.5627552198077554
bb_ipp_ground_truth,gt,2985,248.66666666666663,0.562729589569361
bb_ipp_ground_truth,gt,2986,248.75,0.5627444260109093
bb_ipp_ground_truth,gt,2987,248.83333333333337,0.5627868822989707
bb_ipp_ground_truth,gt,2988,248.91666666666663,0.5627988926957912
bb_ipp_ground_truth,gt,2989,249.0,0.5627706316081794
bb_ipp_ground_truth,gt,2990,249.08333333333337,0.5627667947914526
bb_ipp_ground_truth,gt,2991,249.16666666666663,0.5627875642076838
bb_ipp_ground_truth,gt,2992,249.25,0.5627937079904689
bb_ipp_ground_truth,gt,2993,249.33333333333337,0.5627685800496978
bb_ipp_ground_truth,gt,2994,249.41666666666663,0.562733351655636
bb_ipp_ground_truth,gt,2995,249.5,0.5626975348110623
bb_ipp_ground_truth,gt,2996,249.58333333333337,0.5626525323009038
bb_ipp_ground_truth,gt,2997,249.66666666666663,0.5625837984745355
bb_ipp_ground_truth,gt,2998,249.75,0.5624663095468732
bb_ipp_ground_truth,gt,2999,249.83333333333337,0.5623385079710043
bb_ipp_ground_truth,gt,3000,249.91666666666663,0.5622445953135391
bb_ipp_ground_truth,gt,3001,250.0,0.5621657677199087
bb_ipp_ground_truth,gt,3002,250.08333333333337,0.5620772707494838
bb_ipp_ground_truth,gt,3003,250.16666666666663,0.5619698287682485
bb_ipp_ground_truth,gt,3004,250.25,0.5618462514124292
bb_ipp_ground_truth,gt,3005,250.33333333333337,0.5617236380641872
bb_ipp_ground_truth,gt,3006,250.41666666666663,0.5616063563058832
bb_ipp_ground_truth,gt,3007,250.5,0.5614711430745825
bb_ipp_ground_truth,gt,3008,250.58333333333337,0.5613065398115588
bb_ipp_ground_truth,gt,3009,250.66666666666663,0.561165102793742
bb_ipp_ground_truth,gt,3010,250.75,0.5610655717471305
bb_ipp_ground_truth,gt,3011,250.83333333333337,0.5609753458334018
bb_ipp_ground_truth,gt,3012,250.91666666666663,0.5608625919075018
bb_ipp_ground_truth,gt,3013,251.0,0.5607521356795859
bb_ipp_ground_truth,gt,3014,251.08333333333337,0.5606698878399338
bb_ipp_ground_truth,gt,3015,251.16666666666663,0.5606032444986347
bb_ipp_ground_truth,gt,3016,251.25,0.5605287162936147
bb_ipp_ground_truth,gt,3017,251.33333333333337,0.5604359788073443
bb_ipp_ground_truth,gt,3018,251.41666666666663,0.5603298953353102
bb_ipp_ground_truth,gt,3019,251.5,0.5602398366073503
bb_ipp_ground_truth,gt,3020,251.58333333333337,0.5601804419752932
bb_ipp_ground_truth,gt,3021,251.66666666666663,0.5601354455696933
bb_ipp_ground_truth,gt,3022,251.75,0.5600985692052312
bb_ipp_ground_truth,gt,3023,251.83333333333337,0.5600706852717248
bb_ipp_ground_truth,gt,3024,251.91666666666663,0.5600341750076597
bb_ipp_ground_truth,gt,3025,252.0,0.5599905633624719
bb_ipp_ground_truth,gt,3026,252.08333333333337,0.5599693447338772
bb_ipp_ground_truth,gt,3027,252.16666666666663,0.5599742368329261
bb_ipp_ground_truth,gt,3028,252.25,0.55998816649204
bb_ipp_ground_truth,gt,3029,252.33333333333337,0.5599939362241558
bb_ipp_ground_truth,gt,3030,252.41666666666663,0.5599864147050161
bb_ipp_ground_truth,gt,3031,252.5,0.559984279874686
bb_ipp_ground_truth,gt,3032,252.58333333333337,0.5600017178386966
bb_ipp_ground_truth,gt,3033,252.66666666666663,0.5600281107585942
bb_ipp_ground_truth,gt,3034,252.75,0.5600520052149333
bb_ipp_ground_truth,gt,3035,252.83333333333337,0.5600881464451473
bb_ipp_ground_truth,gt,3036,252.91666666666663,0.5601542187018437
bb_ipp_ground_truth,gt,3037,253.0,0.5602409802414096
bb_ipp_ground_truth,gt,3038,253.08333333333337,0.5603309721612854
bb_ipp_ground_truth,gt,3039,253.16666666666663,0.5604185057128284
bb_ipp_ground_truth,gt,3040,253.25,0.5605186419651884
bb_ipp_ground_truth,gt,3041,253.33333333333337,0.5606355328998416
bb_ipp_ground_truth,gt,3042,253.41666666666663,0.5607362938911886
bb_ipp_ground_truth,gt,3043,253.5,0.560799715852279
bb_ipp_ground_truth,gt,3044,253.58333333333337,0.5608934160519131
bb_ipp_ground_truth,gt,3045,253.66666666666663,0.5610518792289936
bb_ipp_ground_truth,gt,3046,253.75,0.5612405700287897
bb_ipp_ground_truth,gt,3047,253.83333333333337,0.5614146503386303
bb_ipp_ground_truth,gt,3048,253.91666666666663,0.5615447176725502
bb_ipp_ground_truth,gt,3049,254.0,0.56164668154442
bb_ipp_ground_truth,gt,3050,254.08333333333337,0.5617785891026249
bb_ipp_ground_truth,gt,3051,254.16666666666663,0.5619392318167373
bb_ipp_ground_truth,gt,3052,254.25,0.562061185339338
bb_ipp_ground_truth,gt,3053,254.33333333333337,0.5621442400489771
bb_ipp_ground_truth,gt,3054,254.41666666666663,0.5622930690958461
bb_ipp_ground_truth,gt,3055,254.5,0.5624915707188184
bb_ipp_ground_truth,gt,3056,254.58333333333337,0.5626710068048112
bb_ipp_ground_truth,gt,3057,254.66666666666663,0.562790376984498
bb_ipp_ground_truth,gt,3058,254.75,0.5629171777311834
bb_ipp_ground_truth,gt,3059,254.83333333333337,0.5630920389728896
bb_ipp_ground_truth,gt,3060,254.91666666666663,0.5632628622261627
bb_ipp_ground_truth,gt,3061,255.0,0.5633457732903596
bb_ipp_ground_truth,gt,3062,255.08333333333337,0.5634078528991221
bb_ipp_ground_truth,gt,3063,255.16666666666663,0.5635539438382576
bb_ipp_ground_truth,gt,3064,255.25,0.563739795419308
bb_ipp_ground_truth,gt,3065,255.33333333333337,0.5639083433059788
bb_ipp_ground_truth,gt,3066,255.41666666666663,0.5640434651471128
bb_ipp_ground_truth,gt,3067,255.5,0.5641376310791469
bb_ipp_ground_truth,gt,3068,255.58333333333337,0.5642008394906182
bb_ipp_ground_truth,gt,3069,255.66666666666663,0.5642786401086587
bb_ipp_ground_truth,gt,3070,255.75,0.5643770004605432
bb_ipp_ground_truth,gt,3071,255.83333333333337,0.5644792449032796
bb_ipp_ground_truth,gt,3072,255.91666666666663,0.5645593983677454
bb_ipp_ground_truth,gt,3073,256.0,0.5645840137150043
bb_ipp_ground_truth,gt,3074,256.08333333333337,0.5645682386177143
bb_ipp_ground_truth,gt,3075,256.16666666666663,0.5645929823356373
bb_ipp_ground_truth,gt,3076,256.25,0.564655640972118
bb_ipp_ground_truth,gt,3077,256.33333333333337,0.5646923912770762
bb_ipp_ground_truth,gt,3078,256.41666666666663,0.5646646947790772
bb_ipp_ground_truth,gt,3079,256.5,0.5646667053327584
bb_ipp_ground_truth,gt,3080,256.58333333333337,0.5647134462584642
bb_ipp_ground_truth,gt,3081,256.66666666666663,0.5647526339619465
bb_ipp_ground_truth,gt,3082,256.75,0.5647239170330414
bb_ipp_ground_truth,gt,3083,256.83333333333337,0.564687730632718
bb_ipp_ground_truth,gt,3084,256.91666666666663,0.5646914411807952
bb_ipp_ground_truth,gt,3085,257.0,0.5647021397457803
bb_ipp_ground_truth,gt,3086,257.08333333333337,0.5646817813527509
bb_ipp_ground_truth,gt,3087,257.16666666666663,0.5646405655852608
bb_ipp_ground_truth,gt,3088,257.25,0.5645999083148462
bb_ipp_ground_truth,gt,3089,257.33333333333337,0.5645577438563923
bb_ipp_ground_truth,gt,3090,257.41666666666663,0.5645046384328074
bb_ipp_ground_truth,gt,3091,257.5,0.5644270438517331
bb_ipp_ground_truth,gt,3092,257.58333333333337,0.5643182983675741
bb_ipp_ground_truth,gt,3093,257.66666666666663,0.5642204160267601
bb_ipp_ground_truth,gt,3094,257.75,0.5641428479752786
bb_ipp_ground_truth,gt,3095,257.83333333333337,0.5640651552725805
bb_ipp_ground_truth,gt,3096,257.91666666666663,0.563976628716893
bb_ipp_ground_truth,gt,3097,258.0,0.5638861512959648
bb_ipp_ground_truth,gt,3098,258.08333333333337,0.5638048840739379
bb_ipp_ground_truth,gt,3099,258.16666666666663,0.5637319021358391
bb_ipp_ground_truth,gt,3100,258.25,0.5636542651685956
bb_ipp_ground_truth,gt,3101,258.33333333333337,0.5635615692254317
bb_ipp_ground_truth,gt,3102,258.41666666666663,0.5634705891713391
bb_ipp_ground_truth,gt,3103,258.5,0.5633988762501876
bb_ipp_ground_truth,gt,3104,258.58333333333337,0.5633362245389926
bb_ipp_ground_truth,gt,3105,258.66666666666663,0.5632641015694388
bb_ipp_ground_truth,gt,3106,258.75,0.5631921495548549
bb_ipp_ground_truth,gt,3107,258.83333333333337,0.5631404202437584
bb_ipp_ground_truth,gt,3108,258.91666666666663,0.5631032106902367
bb_ipp_ground_truth,gt,3109,259.0,0.5630575547783344
bb_ipp_ground_truth,gt,3110,259.08333333333337,0.5629885187634656
bb_ipp_ground_truth,gt,3111,259.16666666666663,0.5629074474065521
bb_ipp_ground_truth,gt,3112,259.25,0.5628386887527893
bb_ipp_ground_truth,gt,3113,259.33333333333337,0.5627854433010977
bb_ipp_ground_truth,gt,3114,259.41666666666663,0.562734917539028
bb_ipp_ground_truth,gt,3115,259.5,0.5626837859819104
bb_ipp_ground_truth,gt,3116,259.58333333333337,0.5626287966331545
bb_ipp_ground_truth,gt,3117,259.66666666666663,0.5625536998939803
bb_ipp_ground_truth,gt,3118,259.75,0.5624702931960162
bb_ipp_ground_truth,gt,3119,259.83333333333337,0.5624088102510283
bb_ipp_ground_truth,gt,3120,259.91666666666663,0.5623687947857964
bb_ipp_ground_truth,gt,3121,260.0,0.5623297129247011
bb_ipp_ground_truth,gt,3122,260.08333333333337,0.5622771256798433
bb_ipp_ground_truth,gt,3123,260.16666666666663,0.5622198069561064
bb_ipp_ground_truth,gt,3124,260.25,0.5621744455721337
bb_ipp_ground_truth,gt,3125,260.33333333333337,0.5621395380584365
bb_ipp_ground_truth,gt,3126,260.41666666666663,0.5621014142502406
bb_ipp_ground_truth,gt,3127,260.5,0.5620591150966227
bb_ipp_ground_truth,gt,3128,260.58333333333337,0.5620330945880824
bb_ipp_ground_truth,gt,3129,260.66666666666663,0.5620343894688947
bb_ipp_ground_truth,gt,3130,260.75,0.5620451117908049
bb_ipp_ground_truth,gt,3131,260.83333333333337,0.5620359370975456
bb_ipp_ground_truth,gt,3132,260.91666666666663,0.562031771892647
bb_ipp_ground_truth,gt,3133,261.0,0.5620747400763391
bb_ipp_ground_truth,gt,3134,261.08333333333337,0.562145981720313
bb_ipp_ground_truth,gt,3135,261.16666666666663,0.5622150489392109
bb_ipp_ground_truth,gt,3136,261.25,0.5622874325771787
bb_ipp_ground_truth,gt,3137,261.33333333333337,0.562382440257707
bb_ipp_ground_truth,gt,3138,261.41666666666663,0.5624964063683341
bb_ipp_ground_truth,gt,3139,261.5,0.5626148595904901
bb_ipp_ground_truth,gt,3140,261.58333333333337,0.5627182659669944
bb_ipp_ground_truth,gt,3141,261.66666666666663,0.5628121007041172
bb_ipp_ground_truth,gt,3142,261.75,0.5629274250288107
bb_ipp_ground_truth,gt,3143,261.83333333333337,0.5630624793137179
bb_ipp_ground_truth,gt,3144,261.91666666666663,0.5631711108563768
bb_ipp_ground_truth,gt,3145,262.0,0.5632583676279571
bb_ipp_ground_truth,gt,3146,262.08333333333337,0.5633867422785866
bb_ipp_ground_truth,gt,3147,262.16666666666663,0.5635514908422047
bb_ipp_ground_truth,gt,3148,262.25,0.5637052632285896
bb_ipp_ground_truth,gt,3149,262.33333333333337,0.5638174352943314
bb_ipp_ground_truth,gt,3150,262.41666666666663,0.5639153283329088
bb_ipp_ground_truth,gt,3151,262.5,0.5640308980939194
bb_ipp_ground_truth,gt,3152,262.58333333333337,0.5641472463442392
bb_ipp_ground_truth,gt,3153,262.66666666666663,0.5642231906514531
bb_ipp_ground_truth,gt,3154,262.75,0.5642655906797812
bb_ipp_ground_truth,gt,3155,262.83333333333337,0.5643605807004893
bb_ipp_ground_truth,gt,3156,262.91666666666663,0.5644947859908201
bb_ipp_ground_truth,gt,3157,263.0,0.5646177210802242
bb_ipp_ground_truth,gt,3158,263.08333333333337,0.5647235551853638
bb_ipp_ground_truth,gt,3159,263.16666666666663,0.5648358392072295
bb_ipp_ground_truth,gt,3160,263.25,0.5649559799101667
bb_ipp_ground_truth,gt,3161,263.33333333333337,0.5650788814995116
bb_ipp_ground_truth,gt,3162,263.41666666666663,0.565193258370783
bb_ipp_ground_truth,gt,3163,263.5,0.5652868929939602
bb_ipp_ground_truth,gt,3164,263.58333333333337,0.5653871130011353
bb_ipp_ground_truth,gt,3165,263.66666666666663,0.5655040661427464
bb_ipp_ground_truth,gt,3166,263.75,0.5655982855368963
bb_ipp_ground_truth,gt,3167,263.83333333333337,0.5656607268292432
bb_ipp_ground_truth,gt,3168,263.91666666666663,0.5657480479017016
bb_ipp_ground_truth,gt,3169,264.0,0.5658676772819691
bb_ipp_ground_truth,gt,3170,264.08333333333337,0.5659846991794392
bb_ipp_ground_truth,gt,3171,264.16666666666663,0.5660676665621946
bb_ipp_ground_truth,gt,3172,264.25,0.5661222949941147
bb_ipp_ground_truth,gt,3173,264.33333333333337,0.5661736668883229
bb_ipp_ground_truth,gt,3174,264.41666666666663,0.5662211443031246
bb_ipp_ground_truth,gt,3175,264.5,0.566242353737678
bb_ipp_ground_truth,gt,3176,264.58333333333337,0.5662311449550318
bb_ipp_ground_truth,gt,3177,264.66666666666663,0.5662099231269031
bb_ipp_ground_truth,gt,3178,264.75,0.5661951359715642
bb_ipp_ground_truth,gt,3179,264.83333333333337,0.566167680381322
bb_ipp_ground_truth,gt,3180,264.91666666666663,0.5661022083568205
bb_ipp_ground_truth,gt,3181,265.0,0.5660414688160899
bb_ipp_ground_truth,gt,3182,265.08333333333337,0.5660195749706036
bb_ipp_ground_truth,gt,3183,265.16666666666663,0.5660134712312483
bb_ipp_ground_truth,gt,3184,265.25,0.5659970242815827
bb_ipp_ground_truth,gt,3185,265.33333333333337,0.5659511670827159
bb_ipp_ground_truth,gt,3186,265.41666666666663,0.5658555601266547
bb_ipp_ground_truth,gt,3187,265.5,0.5657632107148269
bb_ipp_ground_truth,gt,3188,265.58333333333337,0.5657085937550242
bb_ipp_ground_truth,gt,3189,265.66666666666663,0.5656666721372179
bb_ipp_ground_truth,gt,3190,265.75,0.5656104538211009
bb_ipp_ground_truth,gt,3191,265.83333333333337,0.5655387616758564
bb_ipp_ground_truth,gt,3192,265.91666666666663,0.5654661126139447
bb_ipp_ground_truth,gt,3193,266.0,0.5654012323023101
bb_ipp_ground_truth,gt,3194,266.08333333333337,0.5653360935281018
bb_ipp_ground_truth,gt,3195,266.16666666666663,0.5652554040515213
bb_ipp_ground_truth,gt,3196,266.25,0.5651656700098192
bb_ipp_ground_truth,gt,3197,266.33333333333337,0.5650846805895824
bb_ipp_ground_truth,gt,3198,266.41666666666663,0.5650080930375483
bb_ipp_ground_truth,gt,3199,266.5,0.5649203166118332
bb_ipp_ground_truth,gt,3200,266.58333333333337,0.564816958544137
bb_ipp_ground_truth,gt,3201,266.66666666666663,0.564709783145579
bb_ipp_ground_truth,gt,3202,266.75,0.5646091884164354
bb_ipp_ground_truth,gt,3203,266.83333333333337,0.5645071393304979
bb_ipp_ground_truth,gt,3204,266.91666666666663,0.5643742602360136
bb_ipp_ground_truth,gt,3205,267.0,0.5642248746319006
bb_ipp_ground_truth,gt,3206,267.08333333333337,0.5641257141708327
bb_ipp_ground_truth,gt,3207,267.16666666666663,0.5640703321287094
bb_ipp_ground_truth,gt,3208,267.25,0.5640286983878656
bb_ipp_ground_truth,gt,3209,267.33333333333337,0.5639768993428028
bb_ipp_ground_truth,gt,3210,267.41666666666663,0.5638923839308413
bb_ipp_ground_truth,gt,3211,267.5,0.5637937067056694
bb_ipp_ground_truth,gt,3212,267.58333333333337,0.5637481964770633
bb_ipp_ground_truth,gt,3213,267.66666666666663,0.5637441680938167
bb_ipp_ground_truth,gt,3214,267.75,0.563745336593095
bb_ipp_ground_truth,gt,3215,267.83333333333337,0.563743052251529
bb_ipp_ground_truth,gt,3216,267.91666666666663,0.563759782725434
bb_ipp_ground_truth,gt,3217,268.0,0.5638036644224427
bb_ipp_ground_truth,gt,3218,268.08333333333337,0.5638598462676927
bb_ipp_ground_truth,gt,3219,268.16666666666663,0.5639060321845585
bb_ipp_ground_truth,gt,3220,268.25,0.5639417949480469
bb_ipp_ground_truth,gt,3221,268.33333333333337,0.5639862674957387
bb_ipp_ground_truth,gt,3222,268.41666666666663,0.5640418606694856
bb_ipp_ground_truth,gt,3223,268.5,0.5640944459508218
bb_ipp_ground_truth,gt,3224,268.58333333333337,0.5641362428984762
bb_ipp_ground_truth,gt,3225,268.66666666666663,0.5641789266465187
bb_ipp_ground_truth,gt,3226,268.75,0.564234725916401
bb_ipp_ground_truth,gt,3227,268.83333333333337,0.564290572054245
bb_ipp_ground_truth,gt,3228,268.91666666666663,0.5643103602352433
bb_ipp_ground_truth,gt,3229,269.0,0.5643137083165978
bb_ipp_ground_truth,gt,3230,269.08333333333337,0.5643834258749557
bb_ipp_ground_truth,gt,3231,269.16666666666663,0.5645087408478723
bb_ipp_ground_truth,gt,3232,269.25,0.5646465051678647
bb_ipp_ground_truth,gt,3233,269.33333333333337,0.5647625899790745
bb_ipp_ground_truth,gt,3234,269.41666666666663,0.5648206645038111
bb_ipp_ground_truth,gt,3235,269.5,0.5648429932595427
bb_ipp_ground_truth,gt,3236,269.58333333333337,0.5649359983094067
bb_ipp_ground_truth,gt,3237,269.66666666666663,0.5650874076401698
bb_ipp_ground_truth,gt,3238,269.75,0.565246071027891
bb_ipp_ground_truth,gt,3239,269.83333333333337,0.5653828697395618
bb_ipp_ground_truth,gt,3240,269.91666666666663,0.5655109300315667
bb_ipp_ground_truth,gt,3241,270.0,0.5656493537622321
bb_ipp_ground_truth,gt,3242,270.08333333333337,0.5657956229436951
bb_ipp_ground_truth,gt,3243,270.16666666666663,0.5659250861156498
bb_ipp_ground_truth,gt,3244,270.25,0.5660328598510078
bb_ipp_ground_truth,gt,3245,270.33333333333337,0.5661469546591222
bb_ipp_ground_truth,gt,3246,270.41666666666663,0.5662774138192213
bb_ipp_ground_truth,gt,3247,270.5,0.5664036808893861
bb_ipp_ground_truth,gt,3248,270.58333333333337,0.5665118158716661
bb_ipp_ground_truth,gt,3249,270.66666666666663,0.5666136891628586
bb_ipp_ground_truth,gt,3250,270.75,0.56672160793348
bb_ipp_ground_truth,gt,3251,270.83333333333337,0.5668204504480029
bb_ipp_ground_truth,gt,3252,270.91666666666663,0.5668664963968656
bb_ipp_ground_truth,gt,3253,271.0,0.5668640797978234
bb_ipp_ground_truth,gt,3254,271.08333333333337,0.5669248023317031
bb_ipp_ground_truth,gt,3255,271.16666666666663,0.5670546026598663
bb_ipp_ground_truth,gt,3256,271.25,0.5672070849991161
bb_ipp_ground_truth,gt,3257,271.33333333333337,0.5673371262407019
bb_ipp_ground_truth,gt,3258,271.41666666666663,0.5674020570320507
bb_ipp_ground_truth,gt,3259,271.5,0.5673979438456068
bb_ipp_ground_truth,gt,3260,271.58333333333337,0.5674545526039524
bb_ipp_ground_truth,gt,3261,271.66666666666663,0.5675745304063401
bb_ipp_ground_truth,gt,3262,271.75,0.5677052557782637
bb_ipp_ground_truth,gt,3263,271.83333333333337,0.5678059016159336
bb_ipp_ground_truth,gt,3264,271.91666666666663,0.5678810156150484
bb_ipp_ground_truth,gt,3265,272.0,0.5679531533523833
bb_ipp_ground_truth,gt,3266,272.08333333333337,0.5680289626027484
bb_ipp_ground_truth,gt,3267,272.16666666666663,0.568087884668222
bb_ipp_ground_truth,gt,3268,272.25,0.5681173514286713
bb_ipp_ground_truth,gt,3269,272.33333333333337,0.5681448842026506
bb_ipp_ground_truth,gt,3270,272.41666666666663,0.5681882663278675
bb_ipp_ground_truth,gt,3271,272.5,0.5682273299456461
bb_ipp_ground_truth,gt,3272,272.58333333333337,0.5682430833432388
bb_ipp_ground_truth,gt,3273,272.66666666666663,0.5682453822294468
bb_ipp_ground_truth,gt,3274,272.75,0.5682479409051829
bb_ipp_ground_truth,gt,3275,272.83333333333337,0.56824668063734
bb_ipp_ground_truth,gt,3276,272.91666666666663,0.5682187182162965
bb_ipp_ground_truth,gt,3277,273.0,0.5681351105071025
bb_ipp_ground_truth,gt,3278,273.08333333333337,0.5680628708239133
bb_ipp_ground_truth,gt,3279,273.16666666666663,0.5680421069390635
bb_ipp_ground_truth,gt,3280,273.25,0.568041018422332
bb_ipp_ground_truth,gt,3281,273.33333333333337,0.5680298280151269
bb_ipp_ground_truth,gt,3282,273.41666666666663,0.5679933536733824
bb_ipp_ground_truth,gt,3283,273.5,0.567906767377868
bb_ipp_ground_truth,gt,3284,273.58333333333337,0.5678067481620436
bb_ipp_ground_truth,gt,3285,273.66666666666663,0.5677444724563689
bb_ipp_ground_truth,gt,3286,273.75,0.5677014310476719
bb_ipp_ground_truth,gt,3287,273.83333333333337,0.5676508788832642
bb_ipp_ground_truth,gt,3288,273.91666666666663,0.5675855251754064
bb_ipp_ground_truth,gt,3289,274.0,0.5675169608244336
bb_ipp_ground_truth,gt,3290,274.08333333333337,0.5674567647586489
bb_ipp_ground_truth,gt,3291,274.16666666666663,0.5673997118956068
bb_ipp_ground_truth,gt,3292,274.25,0.5673301052560554
bb_ipp_ground_truth,gt,3293,274.33333333333337,0.5672472284286209
bb_ipp_ground_truth,gt,3294,274.41666666666663,0.5671676240786189
bb_ipp_ground_truth,gt,3295,274.5,0.5670967525749704
bb_ipp_ground_truth,gt,3296,274.58333333333337,0.5670201828509117
bb_ipp_ground_truth,gt,3297,274.66666666666663,0.5669293935455413
bb_ipp_ground_truth,gt,3298,274.75,0.5668351325777549
bb_ipp_ground_truth,gt,3299,274.83333333333337,0.5667570958603907
bb_ipp_ground_truth,gt,3300,274.91666666666663,0.5666905257797947
bb_ipp_ground_truth,gt,3301,275.0,0.5666052894679396
bb_ipp_ground_truth,gt,3302,275.08333333333337,0.5665066885479719
bb_ipp_ground_truth,gt,3303,275.16666666666663,0.566435232434826
bb_ipp_ground_truth,gt,3304,275.25,0.5663859733698727
bb_ipp_ground_truth,gt,3305,275.33333333333337,0.5663414591833483
bb_ipp_ground_truth,gt,3306,275.41666666666663,0.5662860390826249
bb_ipp_ground_truth,gt,3307,275.5,0.5662065564345847
bb_ipp_ground_truth,gt,3308,275.58333333333337,0.5661236541473263
bb_ipp_ground_truth,gt,3309,275.66666666666663,0.5660686240347467
bb_ipp_ground_truth,gt,3310,275.75,0.5660254154599242
bb_ipp_ground_truth,gt,3311,275.83333333333337,0.5659640347454268
bb_ipp_ground_truth,gt,3312,275.91666666666663,0.5658993804125946
bb_ipp_ground_truth,gt,3313,276.0,0.565863713327168
bb_ipp_ground_truth,gt,3314,276.08333333333337,0.5658513629642458
bb_ipp_ground_truth,gt,3315,276.16666666666663,0.5658373463573184
bb_ipp_ground_truth,gt,3316,276.25,0.5658106232868361
bb_ipp_ground_truth,gt,3317,276.33333333333337,0.5657896355459349
bb_ipp_ground_truth,gt,3318,276.41666666666663,0.5657881761984853
bb_ipp_ground_truth,gt,3319,276.5,0.5657901002566467
bb_ipp_ground_truth,gt,3320,276.58333333333337,0.5657691070079952
bb_ipp_ground_truth,gt,3321,276.66666666666663,0.5657314289900779
bb_ipp_ground_truth,gt,3322,276.75,0.5657249618532251
bb_ipp_ground_truth,gt,3323,276.83333333333337,0.5657543923414982
bb_ipp_ground_truth,gt,3324,276.91666666666663,0.5657868603890782
bb_ipp_ground_truth,gt,3325,277.0,0.5658131288640408
bb_ipp_ground_truth,gt,3326,277.08333333333337,0.5658629766944306
bb_ipp_ground_truth,gt,3327,277.16666666666663,0.5659371996863404
bb_ipp_ground_truth,gt,3328,277.25,0.5660232477840649
bb_ipp_ground_truth,gt,3329,277.33333333333337,0.5661034740386943
bb_ipp_ground_truth,gt,3330,277.41666666666663,0.5661489802867112
bb_ipp_ground_truth,gt,3331,277.5,0.5661876538570354
bb_ipp_ground_truth,gt,3332,277.58333333333337,0.5662734033876793
bb_ipp_ground_truth,gt,3333,277.66666666666663,0.566385929109169
bb_ipp_ground_truth,gt,3334,277.75,0.5664895583917889
bb_ipp_ground_truth,gt,3335,277.83333333333337,0.5665780246934824
bb_ipp_ground_truth,gt,3336,277.91666666666663,0.5666695805416955
bb_ipp_ground_truth,gt,3337,278.0,0.566774631750144
bb_ipp_ground_truth,gt,3338,278.08333333333337,0.5668806306208104
bb_ipp_ground_truth,gt,3339,278.16666666666663,0.5669684011131984
bb_ipp_ground_truth,gt,3340,278.25,0.567049423479034
bb_ipp_ground_truth,gt,3341,278.33333333333337,0.5671504984678577
bb_ipp_ground_truth,gt,3342,278.41666666666663,0.5672658887451992
bb_ipp_ground_truth,gt,3343,278.5,0.567370704610571
bb_ipp_ground_truth,gt,3344,278.58333333333337,0.5674682667146984
bb_ipp_ground_truth,gt,3345,278.66666666666663,0.5675832144292513
bb_ipp_ground_truth,gt,3346,278.75,0.5677259934186026
bb_ipp_ground_truth,gt,3347,278.83333333333337,0.5678746343548636
bb_ipp_ground_truth,gt,3348,278.91666666666663,0.5679837868159361
bb_ipp_ground_truth,gt,3349,279.0,0.5680575081215096
bb_ipp_ground_truth,gt,3350,279.08333333333337,0.5681600088349986
bb_ipp_ground_truth,gt,3351,279.16666666666663,0.5682831918733616
bb_ipp_ground_truth,gt,3352,279.25,0.5683995286529628
bb_ipp_ground_truth,gt,3353,279.33333333333337,0.5685061362749031
bb_ipp_ground_truth,gt,3354,279.41666666666663,0.56859726378234
bb_ipp_ground_truth,gt,3355,279.5,0.5686547690052077
bb_ipp_ground_truth,gt,3356,279.58333333333337,0.5687107432495115
bb_ipp_ground_truth,gt,3357,279.66666666666663,0.5687912843660224
bb_ipp_ground_truth,gt,3358,279.75,0.5688790511428369
bb_ipp_ground_truth,gt,3359,279.83333333333337,0.5689494718949023
bb_ipp_ground_truth,gt,3360,279.91666666666663,0.5689864582951426
bb_ipp_ground_truth,gt,3361,280.0,0.5690002456115745
bb_ipp_ground_truth,gt,3362,280.08333333333337,0.56902680727743
bb_ipp_ground_truth,gt,3363,280.16666666666663,0.5690656606437885
bb_ipp_ground_truth,gt,3364,280.25,0.5690793646007936
bb_ipp_ground_truth,gt,3365,280.33333333333337,0.5690641374262713
bb_ipp_ground_truth,gt,3366,280.41666666666663,0.5690666708219329
bb_ipp_ground_truth,gt,3367,280.5,0.569093318629104
bb_ipp_ground_truth,gt,3368,280.58333333333337,0.5691098948602663
bb_ipp_ground_truth,gt,3369,280.66666666666663,0.5691022851513275
bb_ipp_ground_truth,gt,3370,280.75,0.5690868104521376
bb_ipp_ground_truth,gt,3371,280.83333333333337,0.5690730655773999
bb_ipp_ground_truth,gt,3372,280.91666666666663,0.5690531964683703
bb_ipp_ground_truth,gt,3373,281.0,0.5690063439822313
bb_ipp_ground_truth,gt,3374,281.08333333333337,0.5689054109724425
bb_ipp_ground_truth,gt,3375,281.16666666666663,0.5688115429649722
bb_ipp_ground_truth,gt,3376,281.25,0.5687561800717398
bb_ipp_ground_truth,gt,3377,281.33333333333337,0.5687131541507178
bb_ipp_ground_truth,gt,3378,281.41666666666663,0.5686584965412866
bb_ipp_ground_truth,gt,3379,281.5,0.568578544163176
bb_ipp_ground_truth,gt,3380,281.58333333333337,0.5684673624637564
bb_ipp_ground_truth,gt,3381,281.66666666666663,0.5683550277651325
bb_ipp_ground_truth,gt,3382,281.75,0.5682572392414823
bb_ipp_ground_truth,gt,3383,281.83333333333337,0.5681430363516784
bb_ipp_ground_truth,gt,3384,281.91666666666663,0.5679797435162097
bb_ipp_ground_truth,gt,3385,282.0,0.5678181509729943
bb_ipp_ground_truth,gt,3386,282.08333333333337,0.5676945761351228
bb_ipp_ground_truth,gt,3387,282.16666666666663,0.5675790901674469
bb_ipp_ground_truth,gt,3388,282.25,0.5674203238714246
bb_ipp_ground_truth,gt,3389,282.33333333333337,0.5672320772289794
bb_ipp_ground_truth,gt,3390,282.41666666666663,0.5670944018051969
bb_ipp_ground_truth,gt,3391,282.5,0.5669966273772576
bb_ipp_ground_truth,gt,3392,282.58333333333337,0.5668994320342883
bb_ipp_ground_truth,gt,3393,282.66666666666663,0.5667874852384305
bb_ipp_ground_truth,gt,3394,282.75,0.5666808459638822
bb_ipp_ground_truth,gt,3395,282.83333333333337,0.5665843894039645
bb_ipp_ground_truth,gt,3396,282.91666666666663,0.5664852037169117
bb_ipp_ground_truth,gt,3397,283.0,0.5663656933492695
bb_ipp_ground_truth,gt,3398,283.08333333333337,0.5662072668165342
bb_ipp_ground_truth,gt,3399,283.16666666666663,0.5660609598778202
bb_ipp_ground_truth,gt,3400,283.25,0.5659727278251359
bb_ipp_ground_truth,gt,3401,283.33333333333337,0.5659177430593435
bb_ipp_ground_truth,gt,3402,283.41666666666663,0.5658631470680401
bb_ipp_ground_truth,gt,3403,283.5,0.5658027856990615
bb_ipp_ground_truth,gt,3404,283.58333333333337,0.5657465661055575
bb_ipp_ground_truth,gt,3405,283.66666666666663,0.5657040994999705
bb_ipp_ground_truth,gt,3406,283.75,0.5656666521863692
bb_ipp_ground_truth,gt,3407,283.83333333333337,0.565614418077608
bb_ipp_ground_truth,gt,3408,283.91666666666663,0.5655539487999326
bb_ipp_ground_truth,gt,3409,284.0,0.5655270693178455
bb_ipp_ground_truth,gt,3410,284.08333333333337,0.5655377961096035
bb_ipp_ground_truth,gt,3411,284.16666666666663,0.5655520880388799
bb_ipp_ground_truth,gt,3412,284.25,0.5655561750187941
bb_ipp_ground_truth,gt,3413,284.33333333333337,0.5655760542797843
bb_ipp_ground_truth,gt,3414,284.41666666666663,0.5656239675053076
bb_ipp_ground_truth,gt,3415,284.5,0.5656831470555239
bb_ipp_ground_truth,gt,3416,284.58333333333337,0.5657286025925177
bb_ipp_ground_truth,gt,3417,284.66666666666663,0.5657498914781688
bb_ipp_ground_truth,gt,3418,284.75,0.5657753328209096
bb_ipp_ground_truth,gt,3419,284.83333333333337,0.5658332171850183
bb_ipp_ground_truth,gt,3420,284.91666666666663,0.5659138997417087
bb_ipp_ground_truth,gt,3421,285.0,0.5659984680889267
bb_ipp_ground_truth,gt,3422,285.08333333333337,0.5660901992026739
bb_ipp_ground_truth,gt,3423,285.16666666666663,0.5661810568851927
bb_ipp_ground_truth,gt,3424,285.25,0.5662592539019681
bb_ipp_ground_truth,gt,3425,285.33333333333337,0.5663569198242593
bb_ipp_ground_truth,gt,3426,285.41666666666663,0.5664909224234069
bb_ipp_ground_truth,gt,3427,285.5,0.5666395024830181
bb_ipp_ground_truth,gt,3428,285.58333333333337,0.5667708300502274
bb_ipp_ground_truth,gt,3429,285.66666666666663,0.5668678832275996
bb_ipp_ground_truth,gt,3430,285.75,0.5669515102653666
bb_ipp_ground_truth,gt,3431,285.83333333333337,0.5670524638452124
bb_ipp_ground_truth,gt,3432,285.91666666666663,0.5671647273788322
bb_ipp_ground_truth,gt,3433,286.0,0.5672639419388666
bb_ipp_ground_truth,gt,3434,286.08333333333337,0.5673580524581094
bb_ipp_ground_truth,gt,3435,286.16666666666663,0.5674756608653929
bb_ipp_ground_truth,gt,3436,286.25,0.5676189033186887
bb_ipp_ground_truth,gt,3437,286.33333333333337,0.5677659302450598
bb_ipp_ground_truth,gt,3438,286.41666666666663,0.5678988907978975
bb_ipp_ground_truth,gt,3439,286.5,0.5680308553923437
bb_ipp_ground_truth,gt,3440,286.58333333333337,0.5681743704925459
bb_ipp_ground_truth,gt,3441,286.66666666666663,0.5683053743116426
bb_ipp_ground_truth,gt,3442,286.75,0.5683862727735303
bb_ipp_ground_truth,gt,3443,286.83333333333337,0.5684607972289685
bb_ipp_ground_truth,gt,3444,286.91666666666663,0.5685889565685915
bb_ipp_ground_truth,gt,3445,287.0,0.5687507236557443
bb_ipp_ground_truth,gt,3446,287.08333333333337,0.5689013179619972
bb_ipp_ground_truth,gt,3447,287.16666666666663,0.5690107464331347
bb_ipp_ground_truth,gt,3448,287.25,0.5690800801179715
bb_ipp_ground_truth,gt,3449,287.33333333333337,0.5691520048560027
bb_ipp_ground_truth,gt,3450,287.41666666666663,0.5692417192898777
bb_ipp_ground_truth,gt,3451,287.5,0.5692988613973302
bb_ipp_ground_truth,gt,3452,287.58333333333337,0.5692814592642443
bb_ipp_ground_truth,gt,3453,287.66666666666663,0.5693054156982891
bb_ipp_ground_truth,gt,3454,287.75,0.5693825120247954
bb_ipp_ground_truth,gt,3455,287.83333333333337,0.5694519799487897
bb_ipp_ground_truth,gt,3456,287.91666666666663,0.5694518229096779
bb_ipp_ground_truth,gt,3457,288.0,0.5694460246781977
bb_ipp_ground_truth,gt,3458,288.08333333333337,0.5694870781590164
bb_ipp_ground_truth,gt,3459,288.16666666666663,0.5695334257717929
bb_ipp_ground_truth,gt,3460,288.25,0.5695277608493217
bb_ipp_ground_truth,gt,3461,288.33333333333337,0.5694952833134511
bb_ipp_ground_truth,gt,3462,288.41666666666663,0.5694917637308292
bb_ipp_ground_truth,gt,3463,288.5,0.5695030718843367
bb_ipp_ground_truth,gt,3464,288.58333333333337,0.5695012920544075
bb_ipp_ground_truth,gt,3465,288.66666666666663,0.5694694226871259
bb_ipp_ground_truth,gt,3466,288.75,0.5693899064807738
bb_ipp_ground_truth,gt,3467,288.83333333333337,0.5692925280251023
bb_ipp_ground_truth,gt,3468,288.91666666666663,0.5692235037397952
bb_ipp_ground_truth,gt,3469,289.0,0.5691687675428726
bb_ipp_ground_truth,gt,3470,289.08333333333337,0.5691064893188814
bb_ipp_ground_truth,gt,3471,289.16666666666663,0.5690236729088802
bb_ipp_ground_truth,gt,3472,289.25,0.5689189002643603
bb_ipp_ground_truth,gt,3473,289.33333333333337,0.5688109098136057
bb_ipp_ground_truth,gt,3474,289.41666666666663,0.568712888459714
bb_ipp_ground_truth,gt,3475,289.5,0.5686068520588737
bb_ipp_ground_truth,gt,3476,289.58333333333337,0.5684703034941512
bb_ipp_ground_truth,gt,3477,289.66666666666663,0.5683401843870878
bb_ipp_ground_truth,gt,3478,289.75,0.5682457613592478
bb_ipp_ground_truth,gt,3479,289.83333333333337,0.5681652564610125
bb_ipp_ground_truth,gt,3480,289.91666666666663,0.5680654835714378
bb_ipp_ground_truth,gt,3481,290.0,0.5679585033137148
bb_ipp_ground_truth,gt,3482,290.08333333333337,0.5678725592121282
bb_ipp_ground_truth,gt,3483,290.16666666666663,0.5678016893900596
bb_ipp_ground_truth,gt,3484,290.25,0.5677250167274601
bb_ipp_ground_truth,gt,3485,290.33333333333337,0.5676301917630409
bb_ipp_ground_truth,gt,3486,290.41666666666663,0.5675205159797755
bb_ipp_ground_truth,gt,3487,290.5,0.5674241507007958
bb_ipp_ground_truth,gt,3488,290.58333333333337,0.567358657032476
bb_ipp_ground_truth,gt,3489,290.66666666666663,0.5673072713705378
bb_ipp_ground_truth,gt,3490,290.75,0.5672580142299483
bb_ipp_ground_truth,gt,3491,290.83333333333337,0.5672117502935546
bb_ipp_ground_truth,gt,3492,290.91666666666663,0.5671511880172208
bb_ipp_ground_truth,gt,3493,291.0,0.5670757066988061
bb_ipp_ground_truth,gt,3494,291.08333333333337,0.5670174357817408
bb_ipp_ground_truth,gt,3495,291.16666666666663,0.5669855468945004
bb_ipp_ground_truth,gt,3496,291.25,0.5669631483580875
bb_ipp_ground_truth,gt,3497,291.33333333333337,0.5669294137037258
bb_ipp_ground_truth,gt,3498,291.41666666666663,0.566881377058229
bb_ipp_ground_truth,gt,3499,291.5,0.56683798457795
bb_ipp_ground_truth,gt,3500,291.58333333333337,0.5668107997522133
bb_ipp_ground_truth,gt,3501,291.66666666666663,0.5667889593610227
bb_ipp_ground_truth,gt,3502,291.75,0.5667619641884886
bb_ipp_ground_truth,gt,3503,291.83333333333337,0.5667437354617852
bb_ipp_ground_truth,gt,3504,291.91666666666663,0.5667561534325853
bb_ipp_ground_truth,gt,3505,292.0,0.5667952631697515
bb_ipp_ground_truth,gt,3506,292.08333333333337,0.5668240255095052
bb_ipp_ground_truth,gt,3507,292.16666666666663,0.5668220838804349
bb_ipp_ground_truth,gt,3508,292.25,0.5668388738378631
bb_ipp_ground_truth,gt,3509,292.33333333333337,0.5668971083323691
bb_ipp_ground_truth,gt,3510,292.41666666666663,0.5669727345332628
bb_ipp_ground_truth,gt,3511,292.5,0.5670498178395275
bb_ipp_ground_truth,gt,3512,292.58333333333337,0.5671231118560323
bb_ipp_ground_truth,gt,3513,292.66666666666663,0.5671777758242799
bb_ipp_ground_truth,gt,3514,292.75,0.5672281586277337
bb_ipp_ground_truth,gt,3515,292.83333333333337,0.5673155068862673
bb_ipp_ground_truth,gt,3516,292.91666666666663,0.5674380261240213
bb_ipp_ground_truth,gt,3517,293.0,0.5675697989760772
bb_ipp_ground_truth,gt,3518,293.08333333333337,0.5676864265298178
bb_ipp_ground_truth,gt,3519,293.16666666666663,0.5677812950887543
bb_ipp_ground_truth,gt,3520,293.25,0.5678845680116404
bb_ipp_ground_truth,gt,3521,293.33333333333337,0.5680215777738536
bb_ipp_ground_truth,gt,3522,293.41666666666663,0.5681611503812551
bb_ipp_ground_truth,gt,3523,293.5,0.5682566111466755
bb_ipp_ground_truth,gt,3524,293.58333333333337,0.5683489813699425
bb_ipp_ground_truth,gt,3525,293.66666666666663,0.5684848413366149
bb_ipp_ground_truth,gt,3526,293.75,0.5686340691681591
bb_ipp_ground_truth,gt,3527,293.83333333333337,0.5687533048173237
bb_ipp_ground_truth,gt,3528,293.91666666666663,0.5688559044856705
bb_ipp_ground_truth,gt,3529,294.0,0.5689703323473778
bb_ipp_ground_truth,gt,3530,294.08333333333337,0.5690926868069931
bb_ipp_ground_truth,gt,3531,294.16666666666663,0.5691973867634402
bb_ipp_ground_truth,gt,3532,294.25,0.569245555042328
bb_ipp_ground_truth,gt,3533,294.33333333333337,0.5692356056970365
bb_ipp_ground_truth,gt,3534,294.41666666666663,0.5692873908315719
bb_ipp_ground_truth,gt,3535,294.5,0.569394349175795
bb_ipp_ground_truth,gt,3536,294.58333333333337,0.5695105205444116
bb_ipp_ground_truth,gt,3537,294.66666666666663,0.5695991227109475
bb_ipp_ground_truth,gt,3538,294.75,0.5696323317323152
bb_ipp_ground_truth,gt,3539,294.83333333333337,0.5696259496045349
bb_ipp_ground_truth,gt,3540,294.91666666666663,0.5696514536392356
bb_ipp_ground_truth,gt,3541,295.0,0.5697065127492497
bb_ipp_ground_truth,gt,3542,295.08333333333337,0.5697312614882013
bb_ipp_ground_truth,gt,3543,295.16666666666663,0.5696967471447028
bb_ipp_ground_truth,gt,3544,295.25,0.5696788740335539
bb_ipp_ground_truth,gt,3545,295.33333333333337,0.5696927953347428
bb_ipp_ground_truth,gt,3546,295.41666666666663,0.5696952930903508
bb_ipp_ground_truth,gt,3547,295.5,0.5696373235302948
bb_ipp_ground_truth,gt,3548,295.58333333333337,0.5695708497378287
bb_ipp_ground_truth,gt,3549,295.66666666666663,0.5695420976405177
bb_ipp_ground_truth,gt,3550,295.75,0.5695254290845025
bb_ipp_ground_truth,gt,3551,295.83333333333337,0.569488691658345
bb_ipp_ground_truth,gt,3552,295.91666666666663,0.569439655743585
bb_ipp_ground_truth,gt,3553,296.0,0.5694039918050701
bb_ipp_ground_truth,gt,3554,296.08333333333337,0.5693794964670134
bb_ipp_ground_truth,gt,3555,296.16666666666663,0.5693508965793496
bb_ipp_ground_truth,gt,3556,296.25,0.5692986407502344
bb_ipp_ground_truth,gt,3557,296.33333333333337,0.5692016044217665
bb_ipp_ground_truth,gt,3558,296.41666666666663,0.5691244587098051
bb_ipp_ground_truth,gt,3559,296.5,0.5690884755617889
bb_ipp_ground_truth,gt,3560,296.58333333333337,0.5690651574838861
bb_ipp_ground_truth,gt,3561,296.66666666666663,0.5690307100294361
bb_ipp_ground_truth,gt,3562,296.75,0.5689790299372249
bb_ipp_ground_truth,gt,3563,296.83333333333337,0.5689190404418225
bb_ipp_ground_truth,gt,3564,296.91666666666663,0.5688672959582997
bb_ipp_ground_truth,gt,3565,297.0,0.568819933787734
bb_ipp_ground_truth,gt,3566,297.08333333333337,0.5687504888100547
bb_ipp_ground_truth,gt,3567,297.16666666666663,0.5686619570823035
bb_ipp_ground_truth,gt,3568,297.25,0.5685936943136809
bb_ipp_ground_truth,gt,3569,297.33333333333337,0.5685454310647753
bb_ipp_ground_truth,gt,3570,297.41666666666663,0.5684877473755211
bb_ipp_ground_truth,gt,3571,297.5,0.5684117363655933
bb_ipp_ground_truth,gt,3572,297.58333333333337,0.5683412478442047
bb_ipp_ground_truth,gt,3573,297.66666666666663,0.5682847730384751
bb_ipp_ground_truth,gt,3574,297.75,0.5682300920290343
bb_ipp_ground_truth,gt,3575,297.83333333333337,0.5681592021204854
bb_ipp_ground_truth,gt,3576,297.91666666666663,0.568062036956161
bb_ipp_ground_truth,gt,3577,298.0,0.5679698384542675
bb_ipp_ground_truth,gt,3578,298.08333333333337,0.5679148303069258
bb_ipp_ground_truth,gt,3579,298.16666666666663,0.5678849171616517
bb_ipp_ground_truth,gt,3580,298.25,0.5678586172976855
bb_ipp_ground_truth,gt,3581,298.33333333333337,0.5678259262682366
bb_ipp_ground_truth,gt,3582,298.41666666666663,0.5677667513109754
bb_ipp_ground_truth,gt,3583,298.5,0.5676762014451854
bb_ipp_ground_truth,gt,3584,298.58333333333337,0.5676066595123109
bb_ipp_ground_truth,gt,3585,298.66666666666663,0.5675727238344291
bb_ipp_ground_truth,gt,3586,298.75,0.5675493862000754
bb_ipp_ground_truth,gt,3587,298.83333333333337,0.5675105286641707
bb_ipp_ground_truth,gt,3588,298.91666666666663,0.5674600487668969
bb_ipp_ground_truth,gt,3589,299.0,0.5674212994482376
bb_ipp_ground_truth,gt,3590,299.08333333333337,0.5673959662022724
bb_ipp_ground_truth,gt,3591,299.16666666666663,0.5673597123526628
bb_ipp_ground_truth,gt,3592,299.25,0.567297193963006
bb_ipp_ground_truth,gt,3593,299.33333333333337,0.5672305577242109
bb_ipp_ground_truth,gt,3594,299.41666666666663,0.5671894952206418
bb_ipp_ground_truth,gt,3595,299.5,0.5671640758730371
bb_ipp_ground_truth,gt,3596,299.58333333333337,0.5671204253147482
bb_ipp_ground_truth,gt,3597,299.66666666666663,0.5670794746162595
bb_ipp_ground_truth,gt,3598,299.75,0.5670841147953295
bb_ipp_ground_truth,gt,3599,299.83333333333337,0.5671227860937225
bb_ipp_ground_truth,gt,3600,299.91666666666663,0.5671662324630035
bb_ipp_ground_truth,gt,3601,300.0,0.567191077442741
bb_ipp_ground_truth,gt,3602,300.08333333333337,0.5671657441519989
bb_ipp_ground_truth,gt,3603,300.16666666666663,0.567152429516546
bb_ipp_ground_truth,gt,3604,300.25,0.5672140028864795
bb_ipp_ground_truth,gt,3605,300.33333333333337,0.5673130987649758
bb_ipp_ground_truth,gt,3606,300.41666666666663,0.5674078137435303
bb_ipp_ground_truth,gt,3607,300.5,0.5674867860720331
bb_ipp_ground_truth,gt,3608,300.58333333333337,0.5675654517263342
bb_ipp_ground_truth,gt,3609,300.66666666666663,0.5676587471975497
bb_ipp_ground_truth,gt,3610,300.75,0.5677607522111203
bb_ipp_ground_truth,gt,3611,300.83333333333337,0.5678471011407837
bb_ipp_ground_truth,gt,3612,300.91666666666663,0.5679148572622511
bb_ipp_ground_truth,gt,3613,301.0,0.5679910358630493
bb_ipp_ground_truth,gt,3614,301.08333333333337,0.568084861070705
bb_ipp_ground_truth,gt,3615,301.16666666666663,0.5681731248588882
bb_ipp_ground_truth,gt,3616,301.25,0.5682466657878555
bb_ipp_ground_truth,gt,3617,301.33333333333337,0.5683207016518045
bb_ipp_ground_truth,gt,3618,301.41666666666663,0.5684069526652621
bb_ipp_ground_truth,gt,3619,301.5,0.5684955341951936
bb_ipp_ground_truth,gt,3620,301.58333333333337,0.5685526532787049
bb_ipp_ground_truth,gt,3621,301.66666666666663,0.568564243642763
bb_ipp_ground_truth,gt,3622,301.75,0.5686431439769941
bb_ipp_ground_truth,gt,3623,301.83333333333337,0.5687873974528538
bb_ipp_ground_truth,gt,3624,301.91666666666663,0.5689493490741594
bb_ipp_ground_truth,gt,3625,302.0,0.5690956491767416
bb_ipp_ground_truth,gt,3626,302.08333333333337,0.5691961286526329
bb_ipp_ground_truth,gt,3627,302.16666666666663,0.5692266052107553
bb_ipp_ground_truth,gt,3628,302.25,0.5693074373690402
bb_ipp_ground_truth,gt,3629,302.33333333333337,0.5694622889342282
bb_ipp_ground_truth,gt,3630,302.41666666666663,0.5696406601244121
bb_ipp_ground_truth,gt,3631,302.5,0.5698020434519093
bb_ipp_ground_truth,gt,3632,302.58333333333337,0.5699430290713936
bb_ipp_ground_truth,gt,3633,302.66666666666663,0.5700829284158462
bb_ipp_ground_truth,gt,3634,302.75,0.5702295882410445
bb_ipp_ground_truth,gt,3635,302.83333333333337,0.5703609569811923
bb_ipp_ground_truth,gt,3636,302.91666666666663,0.5704566759189892
bb_ipp_ground_truth,gt,3637,303.0,0.5705441648161035
bb_ipp_ground_truth,gt,3638,303.08333333333337,0.5706519381397186
bb_ipp_ground_truth,gt,3639,303.16666666666663,0.5707609288106776
bb_ipp_ground_truth,gt,3640,303.25,0.5708460966328825
bb_ipp_ground_truth,gt,3641,303.33333333333337,0.5709164563838464
bb_ipp_ground_truth,gt,3642,303.41666666666663,0.5709899674277503
bb_ipp_ground_truth,gt,3643,303.5,0.5710590718650163
bb_ipp_ground_truth,gt,3644,303.58333333333337,0.5710843688992107
bb_ipp_ground_truth,gt,3645,303.66666666666663,0.5710176185822716
bb_ipp_ground_truth,gt,3646,303.75,0.5709637679756939
bb_ipp_ground_truth,gt,3647,303.83333333333337,0.5710009721954736
bb_ipp_ground_truth,gt,3648,303.91666666666663,0.571085667327882
bb_ipp_ground_truth,gt,3649,304.0,0.5711599781748848
bb_ipp_ground_truth,gt,3650,304.08333333333337,0.5711816959843478
bb_ipp_ground_truth,gt,3651,304.16666666666663,0.5711176387701317
bb_ipp_ground_truth,gt,3652,304.25,0.5710463699814763
bb_ipp_ground_truth,gt,3653,304.33333333333337,0.5710537258126542
bb_ipp_ground_truth,gt,3654,304.41666666666663,0.5711092653411182
bb_ipp_ground_truth,gt,3655,304.5,0.5711575404673307
bb_ipp_ground_truth,gt,3656,304.58333333333337,0.5711792448719667
bb_ipp_ground_truth,gt,3657,304.66666666666663,0.571192616370982
bb_ipp_ground_truth,gt,3658,304.75,0.5712118480110978
bb_ipp_ground_truth,gt,3659,304.83333333333337,0.5712276267738297
bb_ipp_ground_truth,gt,3660,304.91666666666663,0.571221530429104
bb_ipp_ground_truth,gt,3661,305.0,0.5712010323996024
bb_ipp_ground_truth,gt,3662,305.08333333333337,0.5711893170787686
bb_ipp_ground_truth,gt,3663,305.16666666666663,0.5711841708580914
bb_ipp_ground_truth,gt,3664,305.25,0.5711679066934571
bb_ipp_ground_truth,gt,3665,305.33333333333337,0.5711341545448138
bb_ipp_ground_truth,gt,3666,305.41666666666663,0.5710934933027125
bb_ipp_ground_truth,gt,3667,305.5,0.5710573915984434
bb_ipp_ground_truth,gt,3668,305.58333333333337,0.5710117076242105
bb_ipp_ground_truth,gt,3669,305.66666666666663,0.5709321992919791
bb_ipp_ground_truth,gt,3670,305.75,0.5708519924265828
bb_ipp_ground_truth,gt,3671,305.83333333333337,0.5708105700570366
bb_ipp_ground_truth,gt,3672,305.91666666666663,0.5707909083651748
bb_ipp_ground_truth,gt,3673,306.0,0.5707629881184564
bb_ipp_ground_truth,gt,3674,306.08333333333337,0.5707110524146697
bb_ipp_ground_truth,gt,3675,306.16666666666663,0.5706368258330977
bb_ipp_ground_truth,gt,3676,306.25,0.5705619263323187
bb_ipp_ground_truth,gt,3677,306.33333333333337,0.570494064259092
bb_ipp_ground_truth,gt,3678,306.41666666666663,0.57040701364052
bb_ipp_ground_truth,gt,3679,306.5,0.5702828623445737
bb_ipp_ground_truth,gt,3680,306.58333333333337,0.5701951044749459
bb_ipp_ground_truth,gt,3681,306.66666666666663,0.570148756515666
bb_ipp_ground_truth,gt,3682,306.75,0.5701033400070691
bb_ipp_ground_truth,gt,3683,306.83333333333337,0.5700287138719223
bb_ipp_ground_truth,gt,3684,306.91666666666663,0.5699620504249098
bb_ipp_ground_truth,gt,3685,307.0,0.5699433475268548
bb_ipp_ground_truth,gt,3686,307.08333333333337,0.5699493583707115
bb_ipp_ground_truth,gt,3687,307.16666666666663,0.5699275390391944
bb_ipp_ground_truth,gt,3688,307.25,0.5698759446564049
bb_ipp_ground_truth,gt,3689,307.33333333333337,0.5698705991266214
bb_ipp_ground_truth,gt,3690,307.41666666666663,0.56991528077871
bb_ipp_ground_truth,gt,3691,307.5,0.569965877831499
bb_ipp_ground_truth,gt,3692,307.58333333333337,0.5699997480165498
bb_ipp_ground_truth,gt,3693,307.66666666666663,0.5700499326065235
bb_ipp_ground_truth,gt,3694,307.75,0.5701263119039067
bb_ipp_ground_truth,gt,3695,307.83333333333337,0.5702101386036169
bb_ipp_ground_truth,gt,3696,307.91666666666663,0.5702772877858733
bb_ipp_ground_truth,gt,3697,308.0,0.57029621881351
bb_ipp_ground_truth,gt,3698,308.08333333333337,0.5702924270343094
bb_ipp_ground_truth,gt,3699,308.16666666666663,0.5703415327339517
bb_ipp_ground_truth,gt,3700,308.25,0.5704256472339418
bb_ipp_ground_truth,gt,3701,308.33333333333337,0.5705052992019333
bb_ipp_ground_truth,gt,3702,308.41666666666663,0.5705669534916977
bb_ipp_ground_truth,gt,3703,308.5,0.5706282921348486
bb_ipp_ground_truth,gt,3704,308.58333333333337,0.5707041359429013
bb_ipp_ground_truth,gt,3705,308.66666666666663,0.5707902570086277
bb_ipp_ground_truth,gt,3706,308.75,0.5708629715910076
bb_ipp_ground_truth,gt,3707,308.83333333333337,0.5709184391416164
bb_ipp_ground_truth,gt,3708,308.91666666666663,0.5709899242353673
bb_ipp_ground_truth,gt,3709,309.0,0.5710838856695803
bb_ipp_ground_truth,gt,3710,309.08333333333337,0.5711788505484856
bb_ipp_ground_truth,gt,3711,309.16666666666663,0.5712657939798773
bb_ipp_ground_truth,gt,3712,309.25,0.5713697794204573
bb_ipp_ground_truth,gt,3713,309.33333333333337,0.5715083138651714
bb_ipp_ground_truth,gt,3714,309.41666666666663,0.571660793055846
bb_ipp_ground_truth,gt,3715,309.5,0.5717928934809525
bb_ipp_ground_truth,gt,3716,309.58333333333337,0.5718892875436488
bb_ipp_ground_truth,gt,3717,309.66666666666663,0.5719744441842867
bb_ipp_ground_truth,gt,3718,309.75,0.5720688158786018
bb_ipp_ground_truth,gt,3719,309.83333333333337,0.5721540225585517
bb_ipp_ground_truth,gt,3720,309.91666666666663,0.5722247034512115
bb_ipp_ground_truth,gt,3721,310.0,0.5722990827267724
bb_ipp_ground_truth,gt,3722,310.08333333333337,0.5723693211719898
bb_ipp_ground_truth,gt,3723,310.16666666666663,0.5724159808327695
bb_ipp_ground_truth,gt,3724,310.25,0.5724633336133887
bb_ipp_ground_truth,gt,3725,310.33333333333337,0.5725251678633383
bb_ipp_ground_truth,gt,3726,310.41666666666663,0.5725850295202446
bb_ipp_ground_truth,gt,3727,310.5,0.5726157103378907
bb_ipp_ground_truth,gt,3728,310.58333333333337,0.5726058920366409
bb_ipp_ground_truth,gt,3729,310.66666666666663,0.5725794911622981
bb_ipp_ground_truth,gt,3730,310.75,0.5725616366452517
bb_ipp_ground_truth,gt,3731,310.83333333333337,0.572543863331943
bb_ipp_ground_truth,gt,3732,310.91666666666663,0.5725079005774721
bb_ipp_ground_truth,gt,3733,311.0,0.572465544826926
bb_ipp_ground_truth,gt,3734,311.08333333333337,0.5724395817873786
bb_ipp_ground_truth,gt,3735,311.16666666666663,0.5724238212933404
bb_ipp_ground_truth,gt,3736,311.25,0.5723989577357592
bb_ipp_ground_truth,gt,3737,311.33333333333337,0.5723555894981341
bb_ipp_ground_truth,gt,3738,311.41666666666663,0.5723084596859457
bb_ipp_ground_truth,gt,3739,311.5,0.5722720893090829
bb_ipp_ground_truth,gt,3740,311.58333333333337,0.5722322974121604
bb_ipp_ground_truth,gt,3741,311.66666666666663,0.5721584127597097
bb_ipp_ground_truth,gt,3742,311.75,0.5720784314963175
bb_ipp_ground_truth,gt,3743,311.83333333333337,0.5720332110421492
bb_ipp_ground_truth,gt,3744,311.91666666666663,0.5720068016753167
bb_ipp_ground_truth,gt,3745,312.0,0.5719734730187898
bb_ipp_ground_truth,gt,3746,312.08333333333337,0.5719171567552015
bb_ipp_ground_truth,gt,3747,312.16666666666663,0.5718336140352588
bb_ipp_ground_truth,gt,3748,312.25,0.5717500673513384
bb_ipp_ground_truth,gt,3749,312.33333333333337,0.5716825124259607
bb_ipp_ground_truth,gt,3750,312.41666666666663,0.5716029063715917
bb_ipp_ground_truth,gt,3751,312.5,0.5714800467321746
bb_ipp_ground_truth,gt,3752,312.58333333333337,0.5713647966327502
bb_ipp_ground_truth,gt,3753,312.66666666666663,0.5712858546510585
bb_ipp_ground_truth,gt,3754,312.75,0.5712161292669257
bb_ipp_ground_truth,gt,3755,312.83333333333337,0.571115150936437
bb_ipp_ground_truth,gt,3756,312.91666666666663,0.5709936998103572
bb_ipp_ground_truth,gt,3757,313.0,0.5709053861678046
bb_ipp_ground_truth,gt,3758,313.08333333333337,0.5708444214983784
bb_ipp_ground_truth,gt,3759,313.16666666666663,0.5707656225130423
bb_ipp_ground_truth,gt,3760,313.25,0.5706558249637794
bb_ipp_ground_truth,gt,3761,313.33333333333337,0.5705723683578707
bb_ipp_ground_truth,gt,3762,313.41666666666663,0.5705224657300586
bb_ipp_ground_truth,gt,3763,313.5,0.5704785501209162
bb_ipp_ground_truth,gt,3764,313.58333333333337,0.5704131844239967
bb_ipp_ground_truth,gt,3765,313.66666666666663,0.5703004888327186
bb_ipp_ground_truth,gt,3766,313.75,0.5701441225316907
bb_ipp_ground_truth,gt,3767,313.83333333333337,0.5700364314872904
bb_ipp_ground_truth,gt,3768,313.91666666666663,0.5699773178495827
bb_ipp_ground_truth,gt,3769,314.0,0.5699300846587384
bb_ipp_ground_truth,gt,3770,314.08333333333337,0.5698711576683794
bb_ipp_ground_truth,gt,3771,314.16666666666663,0.569802024975081
bb_ipp_ground_truth,gt,3772,314.25,0.5697386815390503
bb_ipp_ground_truth,gt,3773,314.33333333333337,0.5696879115778685
bb_ipp_ground_truth,gt,3774,314.41666666666663,0.5696341033002466
bb_ipp_ground_truth,gt,3775,314.5,0.5695607629686804
bb_ipp_ground_truth,gt,3776,314.58333333333337,0.569491472377081
bb_ipp_ground_truth,gt,3777,314.66666666666663,0.5694527840222674
bb_ipp_ground_truth,gt,3778,314.75,0.569434648714709
bb_ipp_ground_truth,gt,3779,314.83333333333337,0.5694107946562432
bb_ipp_ground_truth,gt,3780,314.91666666666663,0.5693832203724263
bb_ipp_ground_truth,gt,3781,315.0,0.5693732051335735
bb_ipp_ground_truth,gt,3782,315.08333333333337,0.5693834289595163
bb_ipp_ground_truth,gt,3783,315.16666666666663,0.5693913872631817
bb_ipp_ground_truth,gt,3784,315.25,0.5693703217369865
bb_ipp_ground_truth,gt,3785,315.33333333333337,0.5693331515297525
bb_ipp_ground_truth,gt,3786,315.41666666666663,0.5693333243686758
bb_ipp_ground_truth,gt,3787,315.5,0.5693808800332147
bb_ipp_ground_truth,gt,3788,315.58333333333337,0.5694483320488064
bb_ipp_ground_truth,gt,3789,315.66666666666663,0.569518488661973
bb_ipp_ground_truth,gt,3790,315.75,0.569578573884178
bb_ipp_ground_truth,gt,3791,315.83333333333337,0.5696044602393483
bb_ipp_ground_truth,gt,3792,315.91666666666663,0.5696233024394493
bb_ipp_ground_truth,gt,3793,316.0,0.5696814511339177
bb_ipp_ground_truth,gt,3794,316.08333333333337,0.5697698483985113
bb_ipp_ground_truth,gt,3795,316.16666666666663,0.5698550794080326
bb_ipp_ground_truth,gt,3796,316.25,0.569914879013007
bb_ipp_ground_truth,gt,3797,316.33333333333337,0.5699601577124285
bb_ipp_ground_truth,gt,3798,316.41666666666663,0.5700171099404888
bb_ipp_ground_truth,gt,3799,316.5,0.5700902428758039
bb_ipp_ground_truth,gt,3800,316.58333333333337,0.5701623779881375
bb_ipp_ground_truth,gt,3801,316.66666666666663,0.5702310396401008
bb_ipp_ground_truth,gt,3802,316.75,0.5703152686823325
bb_ipp_ground_truth,gt,3803,316.83333333333337,0.5704270112812238
bb_ipp_ground_truth,gt,3804,316.91666666666663,0.5705497359319492
bb_ipp_ground_truth,gt,3805,317.0,0.5706571417606635
bb_ipp_ground_truth,gt,3806,317.08333333333337,0.5707672302945679
bb_ipp_ground_truth,gt,3807,317.16666666666663,0.570917749317927
bb_ipp_ground_truth,gt,3808,317.25,0.5710836229888282
bb_ipp_ground_truth,gt,3809,317.33333333333337,0.5712195377447012
bb_ipp_ground_truth,gt,3810,317.41666666666663,0.5713506592897198
bb_ipp_ground_truth,gt,3811,317.5,0.5715195119205007
bb_ipp_ground_truth,gt,3812,317.58333333333337,0.5717089037966714
bb_ipp_ground_truth,gt,3813,317.66666666666663,0.571881431733561
bb_ipp_ground_truth,gt,3814,317.75,0.5720127724019346
bb_ipp_ground_truth,gt,3815,317.83333333333337,0.5721080372481918
bb_ipp_ground_truth,gt,3816,317.91666666666663,0.5722138126841081
bb_ipp_ground_truth,gt,3817,318.0,0.572337127269988
bb_ipp_ground_truth,gt,3818,318.08333333333337,0.5724187675148013
bb_ipp_ground_truth,gt,3819,318.16666666666663,0.5724423342144438
bb_ipp_ground_truth,gt,3820,318.25,0.5725122431057355
bb_ipp_ground_truth,gt,3821,318.33333333333337,0.5726253546333339
bb_ipp_ground_truth,gt,3822,318.41666666666663,0.5727167947288361
bb_ipp_ground_truth,gt,3823,318.5,0.5727390427483031
bb_ipp_ground_truth,gt,3824,318.58333333333337,0.5727553092725925
bb_ipp_ground_truth,gt,3825,318.66666666666663,0.5728125920890357
bb_ipp_ground_truth,gt,3826,318.75,0.5728679147847715
bb_ipp_ground_truth,gt,3827,318.83333333333337,0.5728509375777114
bb_ipp_ground_truth,gt,3828,318.91666666666663,0.5728024104267343
bb_ipp_ground_truth,gt,3829,319.0,0.5728106153528001
bb_ipp_ground_truth,gt,3830,319.08333333333337,0.5728494210708484
bb_ipp_ground_truth,gt,3831,319.16666666666663,0.572874783288569
bb_ipp_ground_truth,gt,3832,319.25,0.57287266047251
bb_ipp_ground_truth,gt,3833,319.33333333333337,0.5728374195234543
bb_ipp_ground_truth,gt,3834,319.41666666666663,0.5727752652092982
bb_ipp_ground_truth,gt,3835,319.5,0.5727185065245233
bb_ipp_ground_truth,gt,3836,319.58333333333337,0.5726709806054202
bb_ipp_ground_truth,gt,3837,319.66666666666663,0.5726241660028311
bb_ipp_ground_truth,gt,3838,319.75,0.5725653110925706
bb_ipp_ground_truth,gt,3839,319.83333333333337,0.572474710708358
bb_ipp_ground_truth,gt,3840,319.91666666666663,0.5723564410240491
bb_ipp_ground_truth,gt,3841,320.0,0.5722586634726863
bb_ipp_ground_truth,gt,3842,320.08333333333337,0.5721824436421553
bb_ipp_ground_truth,gt,3843,320.16666666666663,0.5720880406000829
bb_ipp_ground_truth,gt,3844,320.25,0.5719509934279872
bb_ipp_ground_truth,gt,3845,320.33333333333337,0.5718415435456069
bb_ipp_ground_truth,gt,3846,320.41666666666663,0.5717720124423803
bb_ipp_ground_truth,gt,3847,320.5,0.5717033190316828
bb_ipp_ground_truth,gt,3848,320.58333333333337,0.571588214643927
bb_ipp_ground_truth,gt,3849,320.66666666666663,0.5714783204303366
bb_ipp_ground_truth,gt,3850,320.75,0.5714149444458865
bb_ipp_ground_truth,gt,3851,320.83333333333337,0.5713719082605805
bb_ipp_ground_truth,gt,3852,320.91666666666663,0.571317028171991
bb_ipp_ground_truth,gt,3853,321.0,0.5712517607686374
bb_ipp_ground_truth,gt,3854,321.08333333333337,0.571190875917678
bb_ipp_ground_truth,gt,3855,321.16666666666663,0.5711354786507381
bb_ipp_ground_truth,gt,3856,321.25,0.5710835835519446
bb_ipp_ground_truth,gt,3857,321.33333333333337,0.5710207436954357
bb_ipp_ground_truth,gt,3858,321.41666666666663,0.5709373999303836
bb_ipp_ground_truth,gt,3859,321.5,0.5708777286471461
bb_ipp_ground_truth,gt,3860,321.58333333333337,0.5708472116252673
bb_ipp_ground_truth,gt,3861,321.66666666666663,0.5708147191175893
bb_ipp_ground_truth,gt,3862,321.75,0.5707684408483905
bb_ipp_ground_truth,gt,3863,321.83333333333337,0.5707270887221862
bb_ipp_ground_truth,gt,3864,321.91666666666663,0.570704325459389
bb_ipp_ground_truth,gt,3865,322.0,0.5706941338714348
bb_ipp_ground_truth,gt,3866,322.08333333333337,0.5706772142678058
bb_ipp_ground_truth,gt,3867,322.16666666666663,0.5706462282184641
bb_ipp_ground_truth,gt,3868,322.25,0.5706206962795298
bb_ipp_ground_truth,gt,3869,322.33333333333337,0.5706152846948028
bb_ipp_ground_truth,gt,3870,322.41666666666663,0.5706174255374677
bb_ipp_ground_truth,gt,3871,322.5,0.570611042745756
bb_ipp_ground_truth,gt,3872,322.58333333333337,0.5706100038038141
bb_ipp_ground_truth,gt,3873,322.66666666666663,0.5706347532084097
bb_ipp_ground_truth,gt,3874,322.75,0.570679829808443
bb_ipp_ground_truth,gt,3875,322.83333333333337,0.570717629812098
bb_ipp_ground_truth,gt,3876,322.91666666666663,0.5707257228234899
bb_ipp_ground_truth,gt,3877,323.0,0.5707350739592032
bb_ipp_ground_truth,gt,3878,323.08333333333337,0.5707794425647312
bb_ipp_ground_truth,gt,3879,323.16666666666663,0.5708458157264228
bb_ipp_ground_truth,gt,3880,323.25,0.570913310539968
bb_ipp_ground_truth,gt,3881,323.33333333333337,0.5709740100253704
bb_ipp_ground_truth,gt,3882,323.41666666666663,0.5710054759971691
bb_ipp_ground_truth,gt,3883,323.5,0.5710041312754756
bb_ipp_ground_truth,gt,3884,323.58333333333337,0.5710250262969125
bb_ipp_ground_truth,gt,3885,323.66666666666663,0.571083487247575
bb_ipp_ground_truth,gt,3886,323.75,0.5711489796924678
bb_ipp_ground_truth,gt,3887,323.83333333333337,0.5711911637629172
bb_ipp_ground_truth,gt,3888,323.91666666666663,0.5712100636852198
bb_ipp_ground_truth,gt,3889,324.0,0.5712289414480161
bb_ipp_ground_truth,gt,3890,324.08333333333337,0.5712553255812842
bb_ipp_ground_truth,gt,3891,324.16666666666663,0.5712739079115305
bb_ipp_ground_truth,gt,3892,324.25,0.5712745067288055
bb_ipp_ground_truth,gt,3893,324.33333333333337,0.571276295268253
bb_ipp_ground_truth,gt,3894,324.41666666666663,0.57130327293059
bb_ipp_ground_truth,gt,3895,324.5,0.5713462110588041
bb_ipp_ground_truth,gt,3896,324.58333333333337,0.5713690969988778
bb_ipp_ground_truth,gt,3897,324.66666666666663,0.5713714888467628
bb_ipp_ground_truth,gt,3898,324.75,0.5714188111329805
bb_ipp_ground_truth,gt,3899,324.83333333333337,0.5715081177254989
bb_ipp_ground_truth,gt,3900,324.91666666666663,0.5715946496980279
bb_ipp_ground_truth,gt,3901,325.0,0.57166797459634
bb_ipp_ground_truth,gt,3902,325.08333333333337,0.5717480715718677
bb_ipp_ground_truth,gt,3903,325.16666666666663,0.5718391523261358
bb_ipp_ground_truth,gt,3904,325.25,0.5719286176603278
bb_ipp_ground_truth,gt,3905,325.33333333333337,0.57200555365757
bb_ipp_ground_truth,gt,3906,325.41666666666663,0.572061129978178
bb_ipp_ground_truth,gt,3907,325.5,0.5721202019137469
bb_ipp_ground_truth,gt,3908,325.58333333333337,0.5721905183240615
bb_ipp_ground_truth,gt,3909,325.66666666666663,0.5722315144950012
bb_ipp_ground_truth,gt,3910,325.75,0.5722304645970191
bb_ipp_ground_truth,gt,3911,325.83333333333337,0.5722703423343214
bb_ipp_ground_truth,gt,3912,325.91666666666663,0.5723524134551237
bb_ipp_ground_truth,gt,3913,326.0,0.5724259573609787
bb_ipp_ground_truth,gt,3914,326.08333333333337,0.5724535947033251
bb_ipp_ground_truth,gt,3915,326.16666666666663,0.5724619037446274
bb_ipp_ground_truth,gt,3916,326.25,0.5724895226598177
bb_ipp_ground_truth,gt,3917,326.33333333333337,0.5725205950556322
bb_ipp_ground_truth,gt,3918,326.41666666666663,0.5725060481267796
bb_ipp_ground_truth,gt,3919,326.5,0.5724449701851874
bb_ipp_ground_truth,gt,3920,326.58333333333337,0.5724321101782102
bb_ipp_ground_truth,gt,3921,326.66666666666663,0.5724548787600107
bb_ipp_ground_truth,gt,3922,326.75,0.5724696193151427
bb_ipp_ground_truth,gt,3923,326.83333333333337,0.5724655899465166
bb_ipp_ground_truth,gt,3924,326.91666666666663,0.572455100982043
bb_ipp_ground_truth,gt,3925,327.0,0.5724380972061346
bb_ipp_ground_truth,gt,3926,327.08333333333337,0.5724148080933931
bb_ipp_ground_truth,gt,3927,327.16666666666663,0.5723842727476948
bb_ipp_ground_truth,gt,3928,327.25,0.572345109565196
bb_ipp_ground_truth,gt,3929,327.33333333333337,0.5723099853363597
bb_ipp_ground_truth,gt,3930,327.41666666666663,0.5722781128127656
bb_ipp_ground_truth,gt,3931,327.5,0.5722133646513105
bb_ipp_ground_truth,gt,3932,327.58333333333337,0.5721320466143868
bb_ipp_ground_truth,gt,3933,327.66666666666663,0.5720941280538078
bb_ipp_ground_truth,gt,3934,327.75,0.5720852296049038
bb_ipp_ground_truth,gt,3935,327.83333333333337,0.5720668182484208
bb_ipp_ground_truth,gt,3936,327.91666666666663,0.5720199217267478
bb_ipp_ground_truth,gt,3937,328.0,0.5719671542892225
bb_ipp_ground_truth,gt,3938,328.08333333333337,0.5719288240106545
bb_ipp_ground_truth,gt,3939,328.16666666666663,0.571894742704175
bb_ipp_ground_truth,gt,3940,328.25,0.5718422434507024
bb_ipp_ground_truth,gt,3941,328.33333333333337,0.5717756130978968
bb_ipp_ground_truth,gt,3942,328.41666666666663,0.5717236132018734
bb_ipp_ground_truth,gt,3943,328.5,0.5716813395907075
bb_ipp_ground_truth,gt,3944,328.58333333333337,0.5716198216899666
bb_ipp_ground_truth,gt,3945,328.66666666666663,0.5715420542916477
bb_ipp_ground_truth,gt,3946,328.75,0.5714940505045539
bb_ipp_ground_truth,gt,3947,328.83333333333337,0.5714746300042529
bb_ipp_ground_truth,gt,3948,328.91666666666663,0.5714612813301285
bb_ipp_ground_truth,gt,3949,329.0,0.571434936048262
bb_ipp_ground_truth,gt,3950,329.08333333333337,0.5713708596518087
bb_ipp_ground_truth,gt,3951,329.16666666666663,0.571284413296389
bb_ipp_ground_truth,gt,3952,329.25,0.5712418088966953
bb_ipp_ground_truth,gt,3953,329.33333333333337,0.5712320079664601
bb_ipp_ground_truth,gt,3954,329.41666666666663,0.5712210759944302
bb_ipp_ground_truth,gt,3955,329.5,0.5711971307381325
bb_ipp_ground_truth,gt,3956,329.58333333333337,0.5711744072013701
bb_ipp_ground_truth,gt,3957,329.66666666666663,0.5711655860295376
bb_ipp_ground_truth,gt,3958,329.75,0.5711672084652208
bb_ipp_ground_truth,gt,3959,329.83333333333337,0.5711602052747339
bb_ipp_ground_truth,gt,3960,329.91666666666663,0.5711402545521198
bb_ipp_ground_truth,gt,3961,330.0,0.5711315477770632
bb_ipp_ground_truth,gt,3962,330.08333333333337,0.5711403683518691
bb_ipp_ground_truth,gt,3963,330.16666666666663,0.5711437354114469
bb_ipp_ground_truth,gt,3964,330.25,0.5711289714890003
bb_ipp_ground_truth,gt,3965,330.33333333333337,0.5711064790451518
bb_ipp_ground_truth,gt,3966,330.41666666666663,0.571089744771351
bb_ipp_ground_truth,gt,3967,330.5,0.5710760222637351
bb_ipp_ground_truth,gt,3968,330.58333333333337,0.5710382498434294
bb_ipp_ground_truth,gt,3969,330.66666666666663,0.5709522302475615
bb_ipp_ground_truth,gt,3970,330.75,0.5709100299149605
bb_ipp_ground_truth,gt,3971,330.83333333333337,0.5709340906022945
bb_ipp_ground_truth,gt,3972,330.91666666666663,0.5709943173275819
bb_ipp_ground_truth,gt,3973,331.0,0.5710584818692301
bb_ipp_ground_truth,gt,3974,331.08333333333337,0.5710980918434958
bb_ipp_ground_truth,gt,3975,331.16666666666663,0.571086382744579
bb_ipp_ground_truth,gt,3976,331.25,0.5711246851893912
bb_ipp_ground_truth,gt,3977,331.33333333333337,0.5712439387441525
bb_ipp_ground_truth,gt,3978,331.41666666666663,0.571400356956209
bb_ipp_ground_truth,gt,3979,331.5,0.5715511785809373
bb_ipp_ground_truth,gt,3980,331.58333333333337,0.5716961347152746
bb_ipp_ground_truth,gt,3981,331.66666666666663,0.5718536463317662
bb_ipp_ground_truth,gt,3982,331.75,0.5720294708866025
bb_ipp_ground_truth,gt,3983,331.83333333333337,0.5722015826514363
bb_ipp_ground_truth,gt,3984,331.91666666666663,0.5723426545625944
bb_ipp_ground_truth,gt,3985,332.0,0.5724656470795296
bb_ipp_ground_truth,gt,3986,332.08333333333337,0.5725975096846583
bb_ipp_ground_truth,gt,3987,332.16666666666663,0.5727331381903722
bb_ipp_ground_truth,gt,3988,332.25,0.5728489521525217
bb_ipp_ground_truth,gt,3989,332.33333333333337,0.5729466178384365
bb_ipp_ground_truth,gt,3990,332.41666666666663,0.5730426710660523
bb_ipp_ground_truth,gt,3991,332.5,0.5731394338482672
bb_ipp_ground_truth,gt,3992,332.58333333333337,0.5732116536153424
bb_ipp_ground_truth,gt,3993,332.66666666666663,0.5732165911700042
bb_ipp_ground_truth,gt,3994,332.75,0.5732121902667826
bb_ipp_ground_truth,gt,3995,332.83333333333337,0.5732761619691001
bb_ipp_ground_truth,gt,3996,332.91666666666663,0.5733848354182103
bb_ipp_ground_truth,gt,3997,333.0,0.5734972213056133
bb_ipp_ground_truth,gt,3998,333.08333333333337,0.5735768763325576
bb_ipp_ground_truth,gt,3999,333.16666666666663,0.5735876949403174
bb_ipp_ground_truth,gt,4000,333.25,0.5735850240719954
bb_ipp_ground_truth,gt,4001,333.33333333333337,0.573649625172793
bb_ipp_ground_truth,gt,4002,333.41666666666663,0.5737570981883505
bb_ipp_ground_truth,gt,4003,333.5,0.5738586903546765
bb_ipp_ground_truth,gt,4004,333.58333333333337,0.5739376518812327
bb_ipp_ground_truth,gt,4005,333.66666666666663,0.5740106387313664
bb_ipp_ground_truth,gt,4006,333.75,0.5740894780535749
bb_ipp_ground_truth,gt,4007,333.83333333333337,0.5741625424118172
bb_ipp_ground_truth,gt,4008,333.91666666666663,0.5742092193801359
bb_ipp_ground_truth,gt,4009,334.0,0.5742366524404354
bb_ipp_ground_truth,gt,4010,334.08333333333337,0.5742677921795988
bb_ipp_ground_truth,gt,4011,334.16666666666663,0.5743026182690708
bb_ipp_ground_truth,gt,4012,334.25,0.5743241664269685
bb_ipp_ground_truth,gt,4013,334.33333333333337,0.5743287836498966
bb_ipp_ground_truth,gt,4014,334.41666666666663,0.574330188288103
bb_ipp_ground_truth,gt,4015,334.5,0.574334557172078
bb_ipp_ground_truth,gt,4016,334.58333333333337,0.5743191186010804
bb_ipp_ground_truth,gt,4017,334.66666666666663,0.5742457271858904
bb_ipp_ground_truth,gt,4018,334.75,0.5741644327538611
bb_ipp_ground_truth,gt,4019,334.83333333333337,0.5741569284785704
bb_ipp_ground_truth,gt,4020,334.91666666666663,0.5741958445969916
bb_ipp_ground_truth,gt,4021,335.0,0.5742320756533753
bb_ipp_ground_truth,gt,4022,335.08333333333337,0.5742324376073835
bb_ipp_ground_truth,gt,4023,335.16666666666663,0.5741622244439869
bb_ipp_ground_truth,gt,4024,335.25,0.5740623633501112
bb_ipp_ground_truth,gt,4025,335.33333333333337,0.5740316840575126
bb_ipp_ground_truth,gt,4026,335.41666666666663,0.5740507459801025
bb_ipp_ground_truth,gt,4027,335.5,0.5740708625129834
bb_ipp_ground_truth,gt,4028,335.58333333333337,0.5740621942179341
bb_ipp_ground_truth,gt,4029,335.66666666666663,0.5740288060599108
bb_ipp_ground_truth,gt,4030,335.75,0.5739931741606784
bb_ipp_ground_truth,gt,4031,335.83333333333337,0.5739612994796961
bb_ipp_ground_truth,gt,4032,335.91666666666663,0.573914634168489
bb_ipp_ground_truth,gt,4033,336.0,0.5738512411924532
bb_ipp_ground_truth,gt,4034,336.08333333333337,0.5737966304885256
bb_ipp_ground_truth,gt,4035,336.16666666666663,0.5737585782807773
bb_ipp_ground_truth,gt,4036,336.25,0.5737202084850994
bb_ipp_ground_truth,gt,4037,336.33333333333337,0.5736697387183263
bb_ipp_ground_truth,gt,4038,336.41666666666663,0.5736128761352681
bb_ipp_ground_truth,gt,4039,336.5,0.5735608856279859
bb_ipp_ground_truth,gt,4040,336.58333333333337,0.5735099483302393
bb_ipp_ground_truth,gt,4041,336.66666666666663,0.5734343520277237
bb_ipp_ground_truth,gt,4042,336.75,0.5733257836010022
bb_ipp_ground_truth,gt,4043,336.83333333333337,0.5732465979513421
bb_ipp_ground_truth,gt,4044,336.91666666666663,0.5732055293150579
bb_ipp_ground_truth,gt,4045,337.0,0.5731780473881363
bb_ipp_ground_truth,gt,4046,337.08333333333337,0.5731423464430436
bb_ipp_ground_truth,gt,4047,337.16666666666663,0.5730803135736113
bb_ipp_ground_truth,gt,4048,337.25,0.5729915688439051
bb_ipp_ground_truth,gt,4049,337.33333333333337,0.5729273516990584
bb_ipp_ground_truth,gt,4050,337.41666666666663,0.572889699186187
bb_ipp_ground_truth,gt,4051,337.5,0.5728464887220455
bb_ipp_ground_truth,gt,4052,337.58333333333337,0.5727871838173862
bb_ipp_ground_truth,gt,4053,337.66666666666663,0.5727398357796726
bb_ipp_ground_truth,gt,4054,337.75,0.5727181190388726
bb_ipp_ground_truth,gt,4055,337.83333333333337,0.5727063018875483
bb_ipp_ground_truth,gt,4056,337.91666666666663,0.5726823683246743
bb_ipp_ground_truth,gt,4057,338.0,0.5726486145294855
bb_ipp_ground_truth,gt,4058,338.08333333333337,0.5726243735625601
bb_ipp_ground_truth,gt,4059,338.16666666666663,0.57261349683268
bb_ipp_ground_truth,gt,4060,338.25,0.5725939727903555
bb_ipp_ground_truth,gt,4061,338.33333333333337,0.5725462364223414
bb_ipp_ground_truth,gt,4062,338.41666666666663,0.5724977167869626
bb_ipp_ground_truth,gt,4063,338.5,0.572492993743849
bb_ipp_ground_truth,gt,4064,338.58333333333337,0.5725198357525881
bb_ipp_ground_truth,gt,4065,338.66666666666663,0.5725397658024661
bb_ipp_ground_truth,gt,4066,338.75,0.5725604729046045
bb_ipp_ground_truth,gt,4067,338.83333333333337,0.5726107809375808
bb_ipp_ground_truth,gt,4068,338.91666666666663,0.5726838663586942
bb_ipp_ground_truth,gt,4069,339.0,0.5727662107994779
bb_ipp_ground_truth,gt,4070,339.08333333333337,0.5728352752796833
bb_ipp_ground_truth,gt,4071,339.16666666666663,0.5728633935878208
bb_ipp_ground_truth,gt,4072,339.25,0.5729079692452704
bb_ipp_ground_truth,gt,4073,339.33333333333337,0.5730014556017597
bb_ipp_ground_truth,gt,4074,339.41666666666663,0.5731081424053024
bb_ipp_ground_truth,gt,4075,339.5,0.573195361701356
bb_ipp_ground_truth,gt,4076,339.58333333333337,0.5732739173803652
bb_ipp_ground_truth,gt,4077,339.66666666666663,0.5733654431708801
bb_ipp_ground_truth,gt,4078,339.75,0.5734710459496887
bb_ipp_ground_truth,gt,4079,339.83333333333337,0.573569940513246
bb_ipp_ground_truth,gt,4080,339.91666666666663,0.5736470585286977
bb_ipp_ground_truth,gt,4081,340.0,0.5737165147087413
bb_ipp_ground_truth,gt,4082,340.08333333333337,0.5737935001939625
bb_ipp_ground_truth,gt,4083,340.16666666666663,0.5738667066445998
bb_ipp_ground_truth,gt,4084,340.25,0.5739175943588484
bb_ipp_ground_truth,gt,4085,340.33333333333337,0.5739502658738987
bb_ipp_ground_truth,gt,4086,340.41666666666663,0.5739851902978511
bb_ipp_ground_truth,gt,4087,340.5,0.5740307533574857
bb_ipp_ground_truth,gt,4088,340.58333333333337,0.574060560573596
bb_ipp_ground_truth,gt,4089,340.66666666666663,0.5740468137262927
bb_ipp_ground_truth,gt,4090,340.75,0.5740449164172179
bb_ipp_ground_truth,gt,4091,340.83333333333337,0.5740859625900632
bb_ipp_ground_truth,gt,4092,340.91666666666663,0.5741481162627048
bb_ipp_ground_truth,gt,4093,341.0,0.5742048428149381
bb_ipp_ground_truth,gt,4094,341.08333333333337,0.5742296381562585
bb_ipp_ground_truth,gt,4095,341.16666666666663,0.5742096241434529
bb_ipp_ground_truth,gt,4096,341.25,0.5742087868916543
bb_ipp_ground_truth,gt,4097,341.33333333333337,0.5742514746857029
bb_ipp_ground_truth,gt,4098,341.41666666666663,0.5743037673258333
bb_ipp_ground_truth,gt,4099,341.5,0.5743398610789648
bb_ipp_ground_truth,gt,4100,341.58333333333337,0.574371807877956
bb_ipp_ground_truth,gt,4101,341.66666666666663,0.5744147352291531
bb_ipp_ground_truth,gt,4102,341.75,0.5744649700965987
bb_ipp_ground_truth,gt,4103,341.83333333333337,0.5745016407777148
bb_ipp_ground_truth,gt,4104,341.91666666666663,0.5745142964199413
bb_ipp_ground_truth,gt,4105,342.0,0.5745251754770039
bb_ipp_ground_truth,gt,4106,342.08333333333337,0.5745528753067712
bb_ipp_ground_truth,gt,4107,342.16666666666663,0.5745815925927829
bb_ipp_ground_truth,gt,4108,342.25,0.5745932595783736
bb_ipp_ground_truth,gt,4109,342.33333333333337,0.57460356702983
bb_ipp_ground_truth,gt,4110,342.41666666666663,0.5746326611341118
bb_ipp_ground_truth,gt,4111,342.5,0.5746741729617856
bb_ipp_ground_truth,gt,4112,342.58333333333337,0.574694801027718
bb_ipp_ground_truth,gt,4113,342.66666666666663,0.5746715423040669
bb_ipp_ground_truth,gt,4114,342.75,0.5746329828349753
bb_ipp_ground_truth,gt,4115,342.83333333333337,0.5746123960922065
bb_ipp_ground_truth,gt,4116,342.91666666666663,0.5745938866813096
bb_ipp_ground_truth,gt,4117,343.0,0.5745640925577438
bb_ipp_ground_truth,gt,4118,343.08333333333337,0.5745325262775938
bb_ipp_ground_truth,gt,4119,343.16666666666663,0.5744926038026209
bb_ipp_ground_truth,gt,4120,343.25,0.5744346269718111
bb_ipp_ground_truth,gt,4121,343.33333333333337,0.5743847680156335
bb_ipp_ground_truth,gt,4122,343.41666666666663,0.5743527755206865
bb_ipp_ground_truth,gt,4123,343.5,0.5743238205757044
bb_ipp_ground_truth,gt,4124,343.58333333333337,0.5742814623401731
bb_ipp_ground_truth,gt,4125,343.66666666666663,0.5742140880971333
bb_ipp_ground_truth,gt,4126,343.75,0.5741395940971078
bb_ipp_ground_truth,gt,4127,343.83333333333337,0.5740901029476481
bb_ipp_ground_truth,gt,4128,343.91666666666663,0.5740553391099622
bb_ipp_ground_truth,gt,4129,344.0,0.5739959094987049
bb_ipp_ground_truth,gt,4130,344.08333333333337,0.5739217762897721
bb_ipp_ground_truth,gt,4131,344.16666666666663,0.5738802481054174
bb_ipp_ground_truth,gt,4132,344.25,0.5738623757597414
bb_ipp_ground_truth,gt,4133,344.33333333333337,0.5738342414107322
bb_ipp_ground_truth,gt,4134,344.41666666666663,0.5737916078050769
bb_ipp_ground_truth,gt,4135,344.5,0.573755062388323
bb_ipp_ground_truth,gt,4136,344.58333333333337,0.5737276869383814
bb_ipp_ground_truth,gt,4137,344.66666666666663,0.5736969371735028
bb_ipp_ground_truth,gt,4138,344.75,0.5736402445978327
bb_ipp_ground_truth,gt,4139,344.83333333333337,0.573536019429515
bb_ipp_ground_truth,gt,4140,344.91666666666663,0.5734543134230938
bb_ipp_ground_truth,gt,4141,345.0,0.5734150581993088
bb_ipp_ground_truth,gt,4142,345.08333333333337,0.5733902049487284
bb_ipp_ground_truth,gt,4143,345.16666666666663,0.5733563528849956
bb_ipp_ground_truth,gt,4144,345.25,0.5732992777364956
bb_ipp_ground_truth,gt,4145,345.33333333333337,0.5732174938138029
bb_ipp_ground_truth,gt,4146,345.41666666666663,0.5731437759965117
bb_ipp_ground_truth,gt,4147,345.5,0.5730881941528496
bb_ipp_ground_truth,gt,4148,345.58333333333337,0.5730128760275519
bb_ipp_ground_truth,gt,4149,345.66666666666663,0.5728865942855641
bb_ipp_ground_truth,gt,4150,345.75,0.5727815673598518
bb_ipp_ground_truth,gt,4151,345.83333333333337,0.5727177413680532
bb_ipp_ground_truth,gt,4152,345.91666666666663,0.5726512338840982
bb_ipp_ground_truth,gt,4153,346.0,0.5725222532839521
bb_ipp_ground_truth,gt,4154,346.08333333333337,0.5723908773725256
bb_ipp_ground_truth,gt,4155,346.16666666666663,0.5723201970137222
bb_ipp_ground_truth,gt,4156,346.25,0.5722833017544661
bb_ipp_ground_truth,gt,4157,346.33333333333337,0.5722388182939954
bb_ipp_ground_truth,gt,4158,346.41666666666663,0.5721784257103508
bb_ipp_ground_truth,gt,4159,346.5,0.5721154070154904
bb_ipp_ground_truth,gt,4160,346.58333333333337,0.5720506866887386
bb_ipp_ground_truth,gt,4161,346.66666666666663,0.5719769617409503
bb_ipp_ground_truth,gt,4162,346.75,0.5718743357595024
bb_ipp_ground_truth,gt,4163,346.83333333333337,0.5717408322825097
bb_ipp_ground_truth,gt,4164,346.91666666666663,0.5716400269024923
bb_ipp_ground_truth,gt,4165,347.0,0.5715925440775679
bb_ipp_ground_truth,gt,4166,347.08333333333337,0.57156464083581
bb_ipp_ground_truth,gt,4167,347.16666666666663,0.5715320763178582
bb_ipp_ground_truth,gt,4168,347.25,0.5714956221286643
bb_ipp_ground_truth,gt,4169,347.33333333333337,0.5714695054453158
bb_ipp_ground_truth,gt,4170,347.41666666666663,0.571457547999357
bb_ipp_ground_truth,gt,4171,347.5,0.5714395407114906
bb_ipp_ground_truth,gt,4172,347.58333333333337,0.5714037833006684
bb_ipp_ground_truth,gt,4173,347.66666666666663,0.5713847999725123
bb_ipp_ground_truth,gt,4174,347.75,0.5714201272551259
bb_ipp_ground_truth,gt,4175,347.83333333333337,0.5714873216352709
bb_ipp_ground_truth,gt,4176,347.91666666666663,0.5715473848992639
bb_ipp_ground_truth,gt,4177,348.0,0.5716174604315115
bb_ipp_ground_truth,gt,4178,348.08333333333337,0.5717339491417058
bb_ipp_ground_truth,gt,4179,348.16666666666663,0.5718871101005572
bb_ipp_ground_truth,gt,4180,348.25,0.5720377468848922
bb_ipp_ground_truth,gt,4181,348.33333333333337,0.5721587696348879
bb_ipp_ground_truth,gt,4182,348.41666666666663,0.5722606435198218
bb_ipp_ground_truth,gt,4183,348.5,0.5723735914288489
bb_ipp_ground_truth,gt,4184,348.58333333333337,0.5724968423417796
bb_ipp_ground_truth,gt,4185,348.66666666666663,0.572607423789374
bb_ipp_ground_truth,gt,4186,348.75,0.5727088781047582
bb_ipp_ground_truth,gt,4187,348.83333333333337,0.5728188584197993
bb_ipp_ground_truth,gt,4188,348.91666666666663,0.5729228638359223
bb_ipp_ground_truth,gt,4189,349.0,0.5730123845644847
bb_ipp_ground_truth,gt,4190,349.08333333333337,0.5731060002600388
bb_ipp_ground_truth,gt,4191,349.16666666666663,0.5732091546560295
bb_ipp_ground_truth,gt,4192,349.25,0.5733071571031017
bb_ipp_ground_truth,gt,4193,349.33333333333337,0.5733737047969383
bb_ipp_ground_truth,gt,4194,349.41666666666663,0.5733957155372925
bb_ipp_ground_truth,gt,4195,349.5,0.5734039914241165
bb_ipp_ground_truth,gt,4196,349.58333333333337,0.5734316917391776
bb_ipp_ground_truth,gt,4197,349.66666666666663,0.57346388897232
bb_ipp_ground_truth,gt,4198,349.75,0.5734714513594015
bb_ipp_ground_truth,gt,4199,349.83333333333337,0.5734726771987405
bb_ipp_ground_truth,gt,4200,349.91666666666663,0.5735018203766432
bb_ipp_ground_truth,gt,4201,350.0,0.573545842028199
bb_ipp_ground_truth,gt,4202,350.08333333333337,0.5735713593476494
bb_ipp_ground_truth,gt,4203,350.16666666666663,0.5735724549206607
bb_ipp_ground_truth,gt,4204,350.25,0.5735630075744479
bb_ipp_ground_truth,gt,4205,350.33333333333337,0.5735508399281103
bb_ipp_ground_truth,gt,4206,350.41666666666663,0.5735229436741679
bb_ipp_ground_truth,gt,4207,350.5,0.573454389888489
bb_ipp_ground_truth,gt,4208,350.58333333333337,0.5733721293804306
bb_ipp_ground_truth,gt,4209,350.66666666666663,0.5733259180028011
bb_ipp_ground_truth,gt,4210,350.75,0.5733034896047603
bb_ipp_ground_truth,gt,4211,350.83333333333337,0.5732745616992788
bb_ipp_ground_truth,gt,4212,350.91666666666663,0.5732243401584108
bb_ipp_ground_truth,gt,4213,351.0,0.5731582739673972
bb_ipp_ground_truth,gt,4214,351.08333333333337,0.5730930685166652
bb_ipp_ground_truth,gt,4215,351.16666666666663,0.5730281706403827
bb_ipp_ground_truth,gt,4216,351.25,0.5729408963939813
bb_ipp_ground_truth,gt,4217,351.33333333333337,0.572832655180417
bb_ipp_ground_truth,gt,4218,351.41666666666663,0.5727505450011714
bb_ipp_ground_truth,gt,4219,351.5,0.5726984293962297
bb_ipp_ground_truth,gt,4220,351.58333333333337,0.5726372590638558
bb_ipp_ground_truth,gt,4221,351.66666666666663,0.5725460282682362
bb_ipp_ground_truth,gt,4222,351.75,0.5724689431304105
bb_ipp_ground_truth,gt,4223,351.83333333333337,0.5724207526496697
bb_ipp_ground_truth,gt,4224,351.91666666666663,0.5723758749431831
bb_ipp_ground_truth,gt,4225,352.0,0.5723155733807671
bb_ipp_ground_truth,gt,4226,352.08333333333337,0.5722468769277349
bb_ipp_ground_truth,gt,4227,352.16666666666663,0.5721759762228565
bb_ipp_ground_truth,gt,4228,352.25,0.5721038588704281
bb_ipp_ground_truth,gt,4229,352.33333333333337,0.5720263711843067
bb_ipp_ground_truth,gt,4230,352.41666666666663,0.5719331076731381
bb_ipp_ground_truth,gt,4231,352.5,0.571843278888024
bb_ipp_ground_truth,gt,4232,352.58333333333337,0.5717717415156375
bb_ipp_ground_truth,gt,4233,352.66666666666663,0.5717056351390478
bb_ipp_ground_truth,gt,4234,352.75,0.5716347472025086
bb_ipp_ground_truth,gt,4235,352.83333333333337,0.571567233170424
bb_ipp_ground_truth,gt,4236,352.91666666666663,0.5715120952884787
bb_ipp_ground_truth,gt,4237,353.0,0.5714661105982252
bb_ipp_ground_truth,gt,4238,353.08333333333337,0.5714167326616989
bb_ipp_ground_truth,gt,4239,353.16666666666663,0.5713542048804223
bb_ipp_ground_truth,gt,4240,353.25,0.5712949695377357
bb_ipp_ground_truth,gt,4241,353.33333333333337,0.5712667277445658
bb_ipp_ground_truth,gt,4242,353.41666666666663,0.5712579113311954
bb_ipp_ground_truth,gt,4243,353.5,0.5712409620058175
bb_ipp_ground_truth,gt,4244,353.58333333333337,0.5712254492305936
bb_ipp_ground_truth,gt,4245,353.66666666666663,0.5712428559479897
bb_ipp_ground_truth,gt,4246,353.75,0.5712926644068007
bb_ipp_ground_truth,gt,4247,353.83333333333337,0.5713434898558927
bb_ipp_ground_truth,gt,4248,353.91666666666663,0.5713755987944811
bb_ipp_ground_truth,gt,4249,354.0,0.5713936825593656
bb_ipp_ground_truth,gt,4250,354.08333333333337,0.5714163540518786
bb_ipp_ground_truth,gt,4251,354.16666666666663,0.5714488161286411
bb_ipp_ground_truth,gt,4252,354.25,0.5714732782056995
bb_ipp_ground_truth,gt,4253,354.33333333333337,0.5714942799293459
bb_ipp_ground_truth,gt,4254,354.41666666666663,0.5715305764085051
bb_ipp_ground_truth,gt,4255,354.5,0.5715695162895763
bb_ipp_ground_truth,gt,4256,354.58333333333337,0.57159350763432
bb_ipp_ground_truth,gt,4257,354.66666666666663,0.5716165370260394
bb_ipp_ground_truth,gt,4258,354.75,0.5716529941470314
bb_ipp_ground_truth,gt,4259,354.83333333333337,0.5717010229935114
bb_ipp_ground_truth,gt,4260,354.91666666666663,0.5717402176851165
bb_ipp_ground_truth,gt,4261,355.0,0.5717546837059234
bb_ipp_ground_truth,gt,4262,355.08333333333337,0.5717610599229107
bb_ipp_ground_truth,gt,4263,355.16666666666663,0.5717842458853192
bb_ipp_ground_truth,gt,4264,355.25,0.571818565732479
bb_ipp_ground_truth,gt,4265,355.33333333333337,0.5718439633596998
bb_ipp_ground_truth,gt,4266,355.41666666666663,0.5718672534687917
bb_ipp_ground_truth,gt,4267,355.5,0.5719147486928635
bb_ipp_ground_truth,gt,4268,355.58333333333337,0.5719898208496735
bb_ipp_ground_truth,gt,4269,355.66666666666663,0.5720612926465565
bb_ipp_ground_truth,gt,4270,355.75,0.5721054672874327
bb_ipp_ground_truth,gt,4271,355.83333333333337,0.5721411986012364
bb_ipp_ground_truth,gt,4272,355.91666666666663,0.5722022601386014
bb_ipp_ground_truth,gt,4273,356.0,0.5722745391381112
bb_ipp_ground_truth,gt,4274,356.08333333333337,0.5723281100025158
bb_ipp_ground_truth,gt,4275,356.16666666666663,0.5723689546442838
bb_ipp_ground_truth,gt,4276,356.25,0.5724063639958703
bb_ipp_ground_truth,gt,4277,356.33333333333337,0.5724282887619576
bb_ipp_ground_truth,gt,4278,356.41666666666663,0.5724443723973388
bb_ipp_ground_truth,gt,4279,356.5,0.572477051333756
bb_ipp_ground_truth,gt,4280,356.58333333333337,0.5725246588499087
bb_ipp_ground_truth,gt,4281,356.66666666666663,0.5725746613143706
bb_ipp_ground_truth,gt,4282,356.75,0.5726049053018841
bb_ipp_ground_truth,gt,4283,356.83333333333337,0.5726111853637805
bb_ipp_ground_truth,gt,4284,356.91666666666663,0.5726316365966615
bb_ipp_ground_truth,gt,4285,357.0,0.5726854949243495
bb_ipp_ground_truth,gt,4286,357.08333333333337,0.5727304630290636
bb_ipp_ground_truth,gt,4287,357.16666666666663,0.5727252312729263
bb_ipp_ground_truth,gt,4288,357.25,0.5727222252874397
bb_ipp_ground_truth,gt,4289,357.33333333333337,0.5727571937085796
bb_ipp_ground_truth,gt,4290,357.41666666666663,0.5727946306545301
bb_ipp_ground_truth,gt,4291,357.5,0.5728007694160423
bb_ipp_ground_truth,gt,4292,357.58333333333337,0.5727954226402474
bb_ipp_ground_truth,gt,4293,357.66666666666663,0.572803847197329
bb_ipp_ground_truth,gt,4294,357.75,0.5728184983612737
bb_ipp_ground_truth,gt,4295,357.83333333333337,0.5728162097607754
bb_ipp_ground_truth,gt,4296,357.91666666666663,0.5727673385260871
bb_ipp_ground_truth,gt,4297,358.0,0.5726756919887928
bb_ipp_ground_truth,gt,4298,358.08333333333337,0.5726282792274145
bb_ipp_ground_truth,gt,4299,358.16666666666663,0.5726242366752032
bb_ipp_ground_truth,gt,4300,358.25,0.5726286626091518
bb_ipp_ground_truth,gt,4301,358.33333333333337,0.5726128884292976
bb_ipp_ground_truth,gt,4302,358.41666666666663,0.5725507811337439
bb_ipp_ground_truth,gt,4303,358.5,0.5724515322238775
bb_ipp_ground_truth,gt,4304,358.58333333333337,0.5723899986805534
bb_ipp_ground_truth,gt,4305,358.66666666666663,0.572372083157511
bb_ipp_ground_truth,gt,4306,358.75,0.5723459744576114
bb_ipp_ground_truth,gt,4307,358.83333333333337,0.572276307711437
bb_ipp_ground_truth,gt,4308,358.91666666666663,0.5722126528825316
bb_ipp_ground_truth,gt,4309,359.0,0.5721817942717721
bb_ipp_ground_truth,gt,4310,359.08333333333337,0.5721540282051397
bb_ipp_ground_truth,gt,4311,359.16666666666663,0.5720852355093057
bb_ipp_ground_truth,gt,4312,359.25,0.5719990383488098
bb_ipp_ground_truth,gt,4313,359.33333333333337,0.5719544015872624
bb_ipp_ground_truth,gt,4314,359.41666666666663,0.5719314349791028
bb_ipp_ground_truth,gt,4315,359.5,0.571886736838265
bb_ipp_ground_truth,gt,4316,359.58333333333337,0.5718293701800266
bb_ipp_ground_truth,gt,4317,359.66666666666663,0.5717941182732479
bb_ipp_ground_truth,gt,4318,359.75,0.5717779353720832
bb_ipp_ground_truth,gt,4319,359.83333333333337,0.5717601861559449
bb_ipp_ground_truth,gt,4320,359.91666666666663,0.5717220506822446
bb_ipp_ground_truth,gt,4321,360.0,0.5716438695845818
bb_ipp_ground_truth,target_error,1,0.0,0.0
bb_ipp_ground_truth,target_error,2,0.08333333333337123,0.0
bb_ipp_ground_truth,target_error,3,0.16666666666662877,0.0
bb_ipp_ground_truth,target_error,4,0.25,0.0
bb_ipp_ground_truth,target_error,5,0.33333333333337123,0.0
bb_ipp_ground_truth,target_error,6,0.41666666666662877,0.0
bb_ipp_ground_truth,target_error,7,0.5,0.0
bb_ipp_ground_truth,target_error,8,0.5833333333333712,0.0
bb_ipp_ground_truth,target_error,9,0.6666666666666288,0.0
bb_ipp_ground_truth,target_error,10,0.75,0.0
bb_ipp_ground_truth,target_error,11,0.8333333333333712,0.0
bb_ipp_ground_truth,target_error,12,0.9166666666666288,0.0
bb_ipp_ground_truth,target_error,13,1.0,0.0
bb_ipp_ground_truth,target_error,14,1.0833333333333712,0.0
bb_ipp_ground_truth,target_error,15,1.1666666666666288,0.0
bb_ipp_ground_truth,target_error,16,1.25,0.0
bb_ipp_ground_truth,target_error,17,1.3333333333333712,0.0
bb_ipp_ground_truth,target_error,18,1.4166666666666288,0.0
bb_ipp_ground_truth,target_error,19,1.5,0.0
bb_ipp_ground_truth,target_error,20,1.5833333333333712,0.0
bb_ipp_ground_truth,target_error,21,1.6666666666666288,0.0
bb_ipp_ground_truth,target_error,22,1.75,0.0
bb_ipp_ground_truth,target_error,23,1.8333333333333712,0.0
bb_ipp_ground_truth,target_error,24,1.9166666666666288,0.0
bb_ipp_ground_truth,target_error,25,2.0,0.0
bb_ipp_ground_truth,target_error,26,2.0833333333333712,0.0
bb_ipp_ground_truth,target_error,27,2.1666666666666288,0.0
bb_ipp_ground_truth,target_error,28,2.25,0.0
bb_ipp_ground_truth,target_error,29,2.3333333333333712,0.0
bb_ipp_ground_truth,target_error,30,2.4166666666666288,0.0
bb_ipp_ground_truth,target_error,31,2.5,0.0
bb_ipp_ground_truth,target_error,32,2.5833333333333712,0.0
bb_ipp_ground_truth,target_error,33,2.6666666666666288,0.0
bb_ipp_ground_truth,target_error,34,2.75,0.0
bb_ipp_ground_truth,target_error,35,2.8333333333333712,0.0
bb_ipp_ground_truth,target_error,36,2.9166666666666288,0.0
bb_ipp_ground_truth,target_error,37,3.0,0.0
bb_ipp_ground_truth,target_error,38,3.0833333333333712,0.0
bb_ipp_ground_truth,target_error,39,3.1666666666666288,0.0
bb_ipp_ground_truth,target_error,40,3.25,0.0
bb_ipp_ground_truth,target_error,41,3.3333333333333712,0.0
bb_ipp_ground_truth,target_error,42,3.4166666666666288,0.0
bb_ipp_ground_truth,target_error,43,3.5,0.0
bb_ipp_ground_truth,target_error,44,3.5833333333333712,0.0
bb_ipp_ground_truth,target_error,45,3.6666666666666288,0.0
bb_ipp_ground_truth,target_error,46,3.75,0.0
bb_ipp_ground_truth,target_error,47,3.8333333333333712,0.0
bb_ipp_ground_truth,target_error,48,3.9166666666666288,0.0
bb_ipp_ground_truth,target_error,49,4.0,0.0
bb_ipp_ground_truth,target_error,50,4.083333333333371,0.0
bb_ipp_ground_truth,target_error,51,4.166666666666629,0.0
bb_ipp_ground_truth,target_error,52,4.25,0.0
bb_ipp_ground_truth,target_error,53,4.333333333333371,0.0
bb_ipp_ground_truth,target_error,54,4.416666666666629,0.0
bb_ipp_ground_truth,target_error,55,4.5,0.0
bb_ipp_ground_truth,target_error,56,4.583333333333371,0.0
bb_ipp_ground_truth,target_error,57,4.666666666666629,0.0
bb_ipp_ground_truth,target_error,58,4.75,0.0
bb_ipp_ground_truth,target_error,59,4.833333333333371,0.0
bb_ipp_ground_truth,target_error,60,4.916666666666629,0.0
bb_ipp_ground_truth,target_error,61,5.0,0.0
bb_ipp_ground_truth,target_error,62,5.083333333333371,0.0
bb_ipp_ground_truth,target_error,63,5.166666666666629,0.0
bb_ipp_ground_truth,target_error,64,5.25,0.0
bb_ipp_ground_truth,target_error,65,5.333333333333371,0.0
bb_ipp_ground_truth,target_error,66,5.416666666666629,0.0
bb_ipp_ground_truth,target_error,67,5.5,0.0
bb_ipp_ground_truth,target_error,68,5.583333333333371,0.0
bb_ipp_ground_truth,target_error,69,5.666666666666629,0.0
bb_ipp_ground_truth,target_error,70,5.75,0.0
bb_ipp_ground_truth,target_error,71,5.833333333333371,0.0
bb_ipp_ground_truth,target_error,72,5.916666666666629,0.0
bb_ipp_ground_truth,target_error,73,6.0,0.0
bb_ipp_ground_truth,target_error,74,6.083333333333371,0.0
bb_ipp_ground_truth,target_error,75,6.166666666666629,0.0
bb_ipp_ground_truth,target_error,76,6.25,0.0
bb_ipp_ground_truth,target_error,77,6.333333333333371,0.0
bb_ipp_ground_truth,target_error,78,6.416666666666629,0.0
bb_ipp_ground_truth,target_error,79,6.5,0.0
bb_ipp_ground_truth,target_error,80,6.583333333333371,0.0
bb_ipp_ground_truth,target_error,81,6.666666666666629,0.0
bb_ipp_ground_truth,target_error,82,6.75,0.0
bb_ipp_ground_truth,target_error,83,6.833333333333371,0.0
bb_ipp_ground_truth,target_error,84,6.916666666666629,0.0
bb_ipp_ground_truth,target_error,85,7.0,0.0
bb_ipp_ground_truth,target_error,86,7.083333333333371,0.0
bb_ipp_ground_truth,target_error,87,7.166666666666629,0.0
bb_ipp_ground_truth,target_error,88,7.25,0.0
bb_ipp_ground_truth,target_error,89,7.333333333333371,0.0
bb_ipp_ground_truth,target_error,90,7.416666666666629,0.0
bb_ipp_ground_truth,target_error,91,7.5,0.0
bb_ipp_ground_truth,target_error,92,7.583333333333371,0.0
bb_ipp_ground_truth,target_error,93,7.666666666666629,0.0
bb_ipp_ground_truth,target_error,94,7.75,0.0
bb_ipp_ground_truth,target_error,95,7.833333333333371,0.0
bb_ipp_ground_truth,target_error,96,7.916666666666629,0.0
bb_ipp_ground_truth,target_error,97,8.0,0.0
bb_ipp_ground_truth,target_error,98,8.083333333333371,0.0
bb_ipp_ground_truth,target_error,99,8.166666666666629,0.0
bb_ipp_ground_truth,target_error,100,8.25,0.0
bb_ipp_ground_truth,target_error,101,8.333333333333371,0.0
bb_ipp_ground_truth,target_error,102,8.416666666666629,0.0
bb_ipp_ground_truth,target_error,103,8.5,0.0
bb_ipp_ground_truth,target_error,104,8.583333333333371,0.0
bb_ipp_ground_truth,target_error,105,8.666666666666629,0.0
bb_ipp_ground_truth,target_error,106,8.75,0.0
bb_ipp_ground_truth,target_error,107,8.833333333333371,0.0
bb_ipp_ground_truth,target_error,108,8.916666666666629,0.0
bb_ipp_ground_truth,target_error,109,9.0,0.0
bb_ipp_ground_truth,target_error,110,9.083333333333371,0.0
bb_ipp_ground_truth,target_error,111,9.166666666666629,0.0
bb_ipp_ground_truth,target_error,112,9.25,0.0
bb_ipp_ground_truth,target_error,113,9.333333333333371,0.0
bb_ipp_ground_truth,target_error,114,9.416666666666629,0.0
bb_ipp_ground_truth,target_error,115,9.5,0.0
bb_ipp_ground_truth,target_error,116,9.583333333333371,0.0
bb_ipp_ground_truth,target_error,117,9.666666666666629,0.0
bb_ipp_ground_truth,target_error,118,9.75,0.0
bb_ipp_ground_truth,target_error,119,9.833333333333371,0.0
bb_ipp_ground_truth,target_error,120,9.916666666666629,0.0
bb_ipp_ground_truth,target_error,121,10.0,0.0
bb_ipp_ground_truth,target_error,122,10.083333333333371,0.0
bb_ipp_ground_truth,target_error,123,10.166666666666629,0.0
bb_ipp_ground_truth,target_error,124,10.25,0.0
bb_ipp_ground_truth,target_error,125,10.333333333333371,0.0
bb_ipp_ground_truth,target_error,126,10.416666666666629,0.0
bb_ipp_ground_truth,target_error,127,10.5,0.0
bb_ipp_ground_truth,target_error,128,10.583333333333371,0.0
bb_ipp_ground_truth,target_error,129,10.666666666666629,0.0
bb_ipp_ground_truth,target_error,130,10.75,0.0
bb_ipp_ground_truth,target_error,131,10.833333333333371,0.0
bb_ipp_ground_truth,target_error,132,10.916666666666629,0.0
bb_ipp_ground_truth,target_error,133,11.0,0.0
bb_ipp_ground_truth,target_error,134,11.083333333333371,0.0
bb_ipp_ground_truth,target_error,135,11.166666666666629,0.0
bb_ipp_ground_truth,target_error,136,11.25,0.0
bb_ipp_ground_truth,target_error,137,11.333333333333371,0.0
bb_ipp_ground_truth,target_error,138,11.416666666666629,0.0
bb_ipp_ground_truth,target_error,139,11.5,0.0
bb_ipp_ground_truth,target_error,140,11.583333333333371,0.0
bb_ipp_ground_truth,target_error,141,11.666666666666629,0.0
bb_ipp_ground_truth,target_error,142,11.75,0.0
bb_ipp_ground_truth,target_error,143,11.833333333333371,0.0
bb_ipp_ground_truth,target_error,144,11.916666666666629,0.0
bb_ipp_ground_truth,target_error,145,12.0,0.0
bb_ipp_ground_truth,target_error,146,12.083333333333371,0.0
bb_ipp_ground_truth,target_error,147,12.166666666666629,0.0
bb_ipp_ground_truth,target_error,148,12.25,0.0
bb_ipp_ground_truth,target_error,149,12.333333333333371,0.0
bb_ipp_ground_truth,target_error,150,12.416666666666629,0.0
bb_ipp_ground_truth,target_error,151,12.5,0.0
bb_ipp_ground_truth,target_error,152,12.583333333333371,0.0
bb_ipp_ground_truth,target_error,153,12.666666666666629,0.0
bb_ipp_ground_truth,target_error,154,12.75,0.0
bb_ipp_ground_truth,target_error,155,12.833333333333371,0.0
bb_ipp_ground_truth,target_error,156,12.916666666666629,0.0
bb_ipp_ground_truth,target_error,157,13.0,0.0
bb_ipp_ground_truth,target_error,158,13.083333333333371,0.0
bb_ipp_ground_truth,target_error,159,13.166666666666629,0.0
bb_ipp_ground_truth,target_error,160,13.25,0.0
bb_ipp_ground_truth,target_error,161,13.333333333333371,0.0
bb_ipp_ground_truth,target_error,162,13.416666666666629,0.0
bb_ipp_ground_truth,target_error,163,13.5,0.0
bb_ipp_ground_truth,target_error,164,13.583333333333371,0.0
bb_ipp_ground_truth,target_error,165,13.666666666666629,0.0
bb_ipp_ground_truth,target_error,166,13.75,0.0
bb_ipp_ground_truth,target_error,167,13.833333333333371,0.0
bb_ipp_ground_truth,target_error,168,13.916666666666629,0.0
bb_ipp_ground_truth,target_error,169,14.0,0.0
bb_ipp_ground_truth,target_error,170,14.083333333333371,0.0
bb_ipp_ground_truth,target_error,171,14.166666666666629,0.0
bb_ipp_ground_truth,target_error,172,14.25,0.0
bb_ipp_ground_truth,target_error,173,14.333333333333371,0.0
bb_ipp_ground_truth,target_error,174,14.416666666666629,0.0
bb_ipp_ground_truth,target_error,175,14.5,0.0
bb_ipp_ground_truth,target_error,176,14.583333333333371,0.0
bb_ipp_ground_truth,target_error,177,14.666666666666629,0.0
bb_ipp_ground_truth,target_error,178,14.75,0.0
bb_ipp_ground_truth,target_error,179,14.833333333333371,0.0
bb_ipp_ground_truth,target_error,180,14.916666666666629,0.0
bb_ipp_ground_truth,target_error,181,15.0,0.0
bb_ipp_ground_truth,target_error,182,15.083333333333371,0.0
bb_ipp_ground_truth,target_error,183,15.166666666666629,0.0
bb_ipp_ground_truth,target_error,184,15.25,0.0
bb_ipp_ground_truth,target_error,185,15.333333333333371,0.0
bb_ipp_ground_truth,target_error,186,15.416666666666629,0.0
bb_ipp_ground_truth,target_error,187,15.5,0.0
bb_ipp_ground_truth,target_error,188,15.583333333333371,0.0
bb_ipp_ground_truth,target_error,189,15.666666666666629,0.0
bb_ipp_ground_truth,target_error,190,15.75,0.0
bb_ipp_ground_truth,target_error,191,15.833333333333371,0.0
bb_ipp_ground_truth,target_error,192,15.916666666666629,0.0
bb_ipp_ground_truth,target_error,193,16.0,0.0
bb_ipp_ground_truth,target_error,194,16.08333333333337,0.0
bb_ipp_ground_truth,target_error,195,16.16666666666663,0.0
bb_ipp_ground_truth,target_error,196,16.25,0.0
bb_ipp_ground_truth,target_error,197,16.33333333333337,0.0
bb_ipp_ground_truth,target_error,198,16.41666666666663,0.0
bb_ipp_ground_truth,target_error,199,16.5,0.0
bb_ipp_ground_truth,target_error,200,16.58333333333337,0.0
bb_ipp_ground_truth,target_error,201,16.66666666666663,0.0
bb_ipp_ground_truth,target_error,202,16.75,0.0
bb_ipp_ground_truth,target_error,203,16.83333333333337,0.0
bb_ipp_ground_truth,target_error,204,16.91666666666663,0.0
bb_ipp_ground_truth,target_error,205,17.0,0.0
bb_ipp_ground_truth,target_error,206,17.08333333333337,0.0
bb_ipp_ground_truth,target_error,207,17.16666666666663,0.0
bb_ipp_ground_truth,target_error,208,17.25,0.0
bb_ipp_ground_truth,target_error,209,17.33333333333337,0.0
bb_ipp_ground_truth,target_error,210,17.41666666666663,0.0
bb_ipp_ground_truth,target_error,211,17.5,0.0
bb_ipp_ground_truth,target_error,212,17.58333333333337,0.0
bb_ipp_ground_truth,target_error,213,17.66666666666663,0.0
bb_ipp_ground_truth,target_error,214,17.75,0.0
bb_ipp_ground_truth,target_error,215,17.83333333333337,0.0
bb_ipp_ground_truth,target_error,216,17.91666666666663,0.0
bb_ipp_ground_truth,target_error,217,18.0,0.0
bb_ipp_ground_truth,target_error,218,18.08333333333337,0.0
bb_ipp_ground_truth,target_error,219,18.16666666666663,0.0
bb_ipp_ground_truth,target_error,220,18.25,0.0
bb_ipp_ground_truth,target_error,221,18.33333333333337,0.0
bb_ipp_ground_truth,target_error,222,18.41666666666663,0.0
bb_ipp_ground_truth,target_error,223,18.5,0.0
bb_ipp_ground_truth,target_error,224,18.58333333333337,0.0
bb_ipp_ground_truth,target_error,225,18.66666666666663,0.0
bb_ipp_ground_truth,target_error,226,18.75,0.0
bb_ipp_ground_truth,target_error,227,18.83333333333337,0.0
bb_ipp_ground_truth,target_error,228,18.91666666666663,0.0
bb_ipp_ground_truth,target_error,229,19.0,0.0
bb_ipp_ground_truth,target_error,230,19.08333333333337,0.0
bb_ipp_ground_truth,target_error,231,19.16666666666663,0.0
bb_ipp_ground_truth,target_error,232,19.25,0.0
bb_ipp_ground_truth,target_error,233,19.33333333333337,0.0
bb_ipp_ground_truth,target_error,234,19.41666666666663,0.0
bb_ipp_ground_truth,target_error,235,19.5,0.0
bb_ipp_ground_truth,target_error,236,19.58333333333337,0.0
bb_ipp_ground_truth,target_error,237,19.66666666666663,0.0
bb_ipp_ground_truth,target_error,238,19.75,0.0
bb_ipp_ground_truth,target_error,239,19.83333333333337,0.0
bb_ipp_ground_truth,target_error,240,19.91666666666663,0.0
bb_ipp_ground_truth,target_error,241,20.0,0.0
bb_ipp_ground_truth,target_error,242,20.08333333333337,0.0
bb_ipp_ground_truth,target_error,243,20.16666666666663,0.0
bb_ipp_ground_truth,target_error,244,20.25,0.0
bb_ipp_ground_truth,target_error,245,20.33333333333337,0.0
bb_ipp_ground_truth,target_error,246,20.41666666666663,0.0
bb_ipp_ground_truth,target_error,247,20.5,0.0
bb_ipp_ground_truth,target_error,248,20.58333333333337,0.0
bb_ipp_ground_truth,target_error,249,20.66666666666663,0.0
bb_ipp_ground_truth,target_error,250,20.75,0.0
bb_ipp_ground_truth,target_error,251,20.83333333333337,0.0
bb_ipp_ground_truth,target_error,252,20.91666666666663,0.0
bb_ipp_ground_truth,target_error,253,21.0,0.0
bb_ipp_ground_truth,target_error,254,21.08333333333337,0.0
bb_ipp_ground_truth,target_error,255,21.16666666666663,0.0
bb_ipp_ground_truth,target_error,256,21.25,0.0
bb_ipp_ground_truth,target_error,257,21.33333333333337,0.0
bb_ipp_ground_truth,target_error,258,21.41666666666663,0.0
bb_ipp_ground_truth,target_error,259,21.5,0.0
bb_ipp_ground_truth,target_error,260,21.58333333333337,0.0
bb_ipp_ground_truth,target_error,261,21.66666666666663,0.0
bb_ipp_ground_truth,target_error,262,21.75,0.0
bb_ipp_ground_truth,target_error,263,21.83333333333337,0.0
bb_ipp_ground_truth,target_error,264,21.91666666666663,0.0
bb_ipp_ground_truth,target_error,265,22.0,0.0
bb_ipp_ground_truth,target_error,266,22.08333333333337,0.0
bb_ipp_ground_truth,target_error,267,22.16666666666663,0.0
bb_ipp_ground_truth,target_error,268,22.25,0.0
bb_ipp_ground_truth,target_error,269,22.33333333333337,0.0
bb_ipp_ground_truth,target_error,270,22.41666666666663,0.0
bb_ipp_ground_truth,target_error,271,22.5,0.0
bb_ipp_ground_truth,target_error,272,22.58333333333337,0.0
bb_ipp_ground_truth,target_error,273,22.66666666666663,0.0
bb_ipp_ground_truth,target_error,274,22.75,0.0
bb_ipp_ground_truth,target_error,275,22.83333333333337,0.0
bb_ipp_ground_truth,target_error,276,22.91666666666663,0.0
bb_ipp_ground_truth,target_error,277,23.0,0.0
bb_ipp_ground_truth,target_error,278,23.08333333333337,0.0
bb_ipp_ground_truth,target_error,279,23.16666666666663,0.0
bb_ipp_ground_truth,target_error,280,23.25,0.0
bb_ipp_ground_truth,target_error,281,23.33333333333337,0.0
bb_ipp_ground_truth,target_error,282,23.41666666666663,0.0
bb_ipp_ground_truth,target_error,283,23.5,0.0
bb_ipp_ground_truth,target_error,284,23.58333333333337,0.0
bb_ipp_ground_truth,target_error,285,23.66666666666663,0.0
bb_ipp_ground_truth,target_error,286,23.75,0.0
bb_ipp_ground_truth,target_error,287,23.83333333333337,0.0
bb_ipp_ground_truth,target_error,288,23.91666666666663,0.0
bb_ipp_ground_truth,target_error,289,24.0,0.0
bb_ipp_ground_truth,target_error,290,24.08333333333337,0.0
bb_ipp_ground_truth,target_error,291,24.16666666666663,0.0
bb_ipp_ground_truth,target_error,292,24.25,0.0
bb_ipp_ground_truth,target_error,293,24.33333333333337,0.0
bb_ipp_ground_truth,target_error,294,24.41666666666663,0.0
bb_ipp_ground_truth,target_error,295,24.5,0.0
bb_ipp_ground_truth,target_error,296,24.58333333333337,0.0
bb_ipp_ground_truth,target_error,297,24.66666666666663,0.0
bb_ipp_ground_truth,target_error,298,24.75,0.0
bb_ipp_ground_truth,target_error,299,24.83333333333337,0.0
bb_ipp_ground_truth,target_error,300,24.91666666666663,0.0
bb_ipp_ground_truth,target_error,301,25.0,0.0
bb_ipp_ground_truth,target_error,302,25.08333333333337,0.0
bb_ipp_ground_truth,target_error,303,25.16666666666663,0.0
bb_ipp_ground_truth,target_error,304,25.25,0.0
bb_ipp_ground_truth,target_error,305,25.33333333333337,0.0
bb_ipp_ground_truth,target_error,306,25.41666666666663,0.0
bb_ipp_ground_truth,target_error,307,25.5,0.0
bb_ipp_ground_truth,target_error,308,25.58333333333337,0.0
bb_ipp_ground_truth,target_error,309,25.66666666666663,0.0
bb_ipp_ground_truth,target_error,310,25.75,0.0
bb_ipp_ground_truth,target_error,311,25.83333333333337,0.0
bb_ipp_ground_truth,target_error,312,25.91666666666663,0.0
bb_ipp_ground_truth,target_error,313,26.0,0.0
bb_ipp_ground_truth,target_error,314,26.08333333333337,0.0
bb_ipp_ground_truth,target_error,315,26.16666666666663,0.0
bb_ipp_ground_truth,target_error,316,26.25,0.0
bb_ipp_ground_truth,target_error,317,26.33333333333337,0.0
bb_ipp_ground_truth,target_error,318,26.41666666666663,0.0
bb_ipp_ground_truth,target_error,319,26.5,0.0
bb_ipp_ground_truth,target_error,320,26.58333333333337,0.0
bb_ipp_ground_truth,target_error,321,26.66666666666663,0.0
bb_ipp_ground_truth,target_error,322,26.75,0.0
bb_ipp_ground_truth,target_error,323,26.83333333333337,0.0
bb_ipp_ground_truth,target_error,324,26.91666666666663,0.0
bb_ipp_ground_truth,target_error,325,27.0,0.0
bb_ipp_ground_truth,target_error,326,27.08333333333337,0.0
bb_ipp_ground_truth,target_error,327,27.16666666666663,0.0
bb_ipp_ground_truth,target_error,328,27.25,0.0
bb_ipp_ground_truth,target_error,329,27.33333333333337,0.0
bb_ipp_ground_truth,target_error,330,27.41666666666663,0.0
bb_ipp_ground_truth,target_error,331,27.5,0.0
bb_ipp_ground_truth,target_error,332,27.58333333333337,0.0
bb_ipp_ground_truth,target_error,333,27.66666666666663,0.0
bb_ipp_ground_truth,target_error,334,27.75,0.0
bb_ipp_ground_truth,target_error,335,27.83333333333337,0.0
bb_ipp_ground_truth,target_error,336,27.91666666666663,0.0
bb_ipp_ground_truth,target_error,337,28.0,0.0
bb_ipp_ground_truth,target_error,338,28.08333333333337,0.0
bb_ipp_ground_truth,target_error,339,28.16666666666663,0.0
bb_ipp_ground_truth,target_error,340,28.25,0.0
bb_ipp_ground_truth,target_error,341,28.33333333333337,0.0
bb_ipp_ground_truth,target_error,342,28.41666666666663,0.0
bb_ipp_ground_truth,target_error,343,28.5,0.0
bb_ipp_ground_truth,target_error,344,28.58333333333337,0.0
bb_ipp_ground_truth,target_error,345,28.66666666666663,0.0
bb_ipp_ground_truth,target_error,346,28.75,0.0
bb_ipp_ground_truth,target_error,347,28.83333333333337,0.0
bb_ipp_ground_truth,target_error,348,28.91666666666663,0.0
bb_ipp_ground_truth,target_error,349,29.0,0.0
bb_ipp_ground_truth,target_error,350,29.08333333333337,0.0
bb_ipp_ground_truth,target_error,351,29.16666666666663,0.0
bb_ipp_ground_truth,target_error,352,29.25,0.0
bb_ipp_ground_truth,target_error,353,29.33333333333337,0.0
bb_ipp_ground_truth,target_error,354,29.41666666666663,0.0
bb_ipp_ground_truth,target_error,355,29.5,0.0
bb_ipp_ground_truth,target_error,356,29.58333333333337,0.0
bb_ipp_ground_truth,target_error,357,29.66666666666663,0.0
bb_ipp_ground_truth,target_error,358,29.75,0.0
bb_ipp_ground_truth,target_error,359,29.83333333333337,0.0
bb_ipp_ground_truth,target_error,360,29.91666666666663,0.0
bb_ipp_ground_truth,target_error,361,30.0,0.0
bb_ipp_ground_truth,target_error,362,30.08333333333337,0.0
bb_ipp_ground_truth,target_error,363,30.16666666666663,0.0
bb_ipp_ground_truth,target_error,364,30.25,0.0
bb_ipp_ground_truth,target_error,365,30.33333333333337,0.0
bb_ipp_ground_truth,target_error,366,30.41666666666663,0.0
bb_ipp_ground_truth,target_error,367,30.5,0.0
bb_ipp_ground_truth,target_error,368,30.58333333333337,0.0
bb_ipp_ground_truth,target_error,369,30.66666666666663,0.0
bb_ipp_ground_truth,target_error,370,30.75,0.0
bb_ipp_ground_truth,target_error,371,30.83333333333337,0.0
bb_ipp_ground_truth,target_error,372,30.91666666666663,0.0
bb_ipp_ground_truth,target_error,373,31.0,0.0
bb_ipp_ground_truth,target_error,374,31.08333333333337,0.0
bb_ipp_ground_truth,target_error,375,31.16666666666663,0.0
bb_ipp_ground_truth,target_error,376,31.25,0.0
bb_ipp_ground_truth,target_error,377,31.33333333333337,0.0
bb_ipp_ground_truth,target_error,378,31.41666666666663,0.0
bb_ipp_ground_truth,target_error,379,31.5,0.0
bb_ipp_ground_truth,target_error,380,31.58333333333337,0.0
bb_ipp_ground_truth,target_error,381,31.66666666666663,0.0
bb_ipp_ground_truth,target_error,382,31.75,0.0
bb_ipp_ground_truth,target_error,383,31.83333333333337,0.0
bb_ipp_ground_truth,target_error,384,31.91666666666663,0.0
bb_ipp_ground_truth,target_error,385,32.0,0.0
bb_ipp_ground_truth,target_error,386,32.08333333333337,0.0
bb_ipp_ground_truth,target_error,387,32.16666666666663,0.0
bb_ipp_ground_truth,target_error,388,32.25,0.0
bb_ipp_ground_truth,target_error,389,32.33333333333337,0.0
bb_ipp_ground_truth,target_error,390,32.41666666666663,0.0
bb_ipp_ground_truth,target_error,391,32.5,0.0
bb_ipp_ground_truth,target_error,392,32.58333333333337,0.0
bb_ipp_ground_truth,target_error,393,32.66666666666663,0.0
bb_ipp_ground_truth,target_error,394,32.75,0.0
bb_ipp_ground_truth,target_error,395,32.83333333333337,0.0
bb_ipp_ground_truth,target_error,396,32.91666666666663,0.0
bb_ipp_ground_truth,target_error,397,33.0,0.0
bb_ipp_ground_truth,target_error,398,33.08333333333337,0.0
bb_ipp_ground_truth,target_error,399,33.16666666666663,0.0
bb_ipp_ground_truth,target_error,400,33.25,0.0
bb_ipp_ground_truth,target_error,401,33.33333333333337,0.0
bb_ipp_ground_truth,target_error,402,33.41666666666663,0.0
bb_ipp_ground_truth,target_error,403,33.5,0.0
bb_ipp_ground_truth,target_error,404,33.58333333333337,0.0
bb_ipp_ground_truth,target_error,405,33.66666666666663,0.0
bb_ipp_ground_truth,target_error,406,33.75,0.0
bb_ipp_ground_truth,target_error,407,33.83333333333337,0.0
bb_ipp_ground_truth,target_error,408,33.91666666666663,0.0
bb_ipp_ground_truth,target_error,409,34.0,0.0
bb_ipp_ground_truth,target_error,410,34.08333333333337,0.0
bb_ipp_ground_truth,target_error,411,34.16666666666663,0.0
bb_ipp_ground_truth,target_error,412,34.25,0.0
bb_ipp_ground_truth,target_error,413,34.33333333333337,0.0
bb_ipp_ground_truth,target_error,414,34.41666666666663,0.0
bb_ipp_ground_truth,target_error,415,34.5,0.0
bb_ipp_ground_truth,target_error,416,34.58333333333337,0.0
bb_ipp_ground_truth,target_error,417,34.66666666666663,0.0
bb_ipp_ground_truth,target_error,418,34.75,0.0
bb_ipp_ground_truth,target_error,419,34.83333333333337,0.0
bb_ipp_ground_truth,target_error,420,34.91666666666663,0.0
bb_ipp_ground_truth,target_error,421,35.0,0.0
bb_ipp_ground_truth,target_error,422,35.08333333333337,0.0
bb_ipp_ground_truth,target_error,423,35.16666666666663,0.0
bb_ipp_ground_truth,target_error,424,35.25,0.0
bb_ipp_ground_truth,target_error,425,35.33333333333337,0.0
bb_ipp_ground_truth,target_error,426,35.41666666666663,0.0
bb_ipp_ground_truth,target_error,427,35.5,0.0
bb_ipp_ground_truth,target_error,428,35.58333333333337,0.0
bb_ipp_ground_truth,target_error,429,35.66666666666663,0.0
bb_ipp_ground_truth,target_error,430,35.75,0.0
bb_ipp_ground_truth,target_error,431,35.83333333333337,0.0
bb_ipp_ground_truth,target_error,432,35.91666666666663,0.0
bb_ipp_ground_truth,target_error,433,36.0,0.0
bb_ipp_ground_truth,target_error,434,36.08333333333337,0.0
bb_ipp_ground_truth,target_error,435,36.16666666666663,0.0
bb_ipp_ground_truth,target_error,436,36.25,0.0
bb_ipp_ground_truth,target_error,437,36.33333333333337,0.0
bb_ipp_ground_truth,target_error,438,36.41666666666663,0.0
bb_ipp_ground_truth,target_error,439,36.5,0.0
bb_ipp_ground_truth,target_error,440,36.58333333333337,0.0
bb_ipp_ground_truth,target_error,441,36.66666666666663,0.0
bb_ipp_ground_truth,target_error,442,36.75,0.0
bb_ipp_ground_truth,target_error,443,36.83333333333337,0.0
bb_ipp_ground_truth,target_error,444,36.91666666666663,0.0
bb_ipp_ground_truth,target_error,445,37.0,0.0
bb_ipp_ground_truth,target_error,446,37.08333333333337,0.0
bb_ipp_ground_truth,target_error,447,37.16666666666663,0.0
bb_ipp_ground_truth,target_error,448,37.25,0.0
bb_ipp_ground_truth,target_error,449,37.33333333333337,0.0
bb_ipp_ground_truth,target_error,450,37.41666666666663,0.0
bb_ipp_ground_truth,target_error,451,37.5,0.0
bb_ipp_ground_truth,target_error,452,37.58333333333337,0.0
bb_ipp_ground_truth,target_error,453,37.66666666666663,0.0
bb_ipp_ground_truth,target_error,454,37.75,0.0
bb_ipp_ground_truth,target_error,455,37.83333333333337,0.0
bb_ipp_ground_truth,target_error,456,37.91666666666663,0.0
bb_ipp_ground_truth,target_error,457,38.0,0.0
bb_ipp_ground_truth,target_error,458,38.08333333333337,0.0
bb_ipp_ground_truth,target_error,459,38.16666666666663,0.0
bb_ipp_ground_truth,target_error,460,38.25,0.0
bb_ipp_ground_truth,target_error,461,38.33333333333337,0.0
bb_ipp_ground_truth,target_error,462,38.41666666666663,0.0
bb_ipp_ground_truth,target_error,463,38.5,0.0
bb_ipp_ground_truth,target_error,464,38.58333333333337,0.0
bb_ipp_ground_truth,target_error,465,38.66666666666663,0.0
bb_ipp_ground_truth,target_error,466,38.75,0.0
bb_ipp_ground_truth,target_error,467,38.83333333333337,0.0
bb_ipp_ground_truth,target_error,468,38.91666666666663,0.0
bb_ipp_ground_truth,target_error,469,39.0,0.0
bb_ipp_ground_truth,target_error,470,39.08333333333337,0.0
bb_ipp_ground_truth,target_error,471,39.16666666666663,0.0
bb_ipp_ground_truth,target_error,472,39.25,0.0
bb_ipp_ground_truth,target_error,473,39.33333333333337,0.0
bb_ipp_ground_truth,target_error,474,39.41666666666663,0.0
bb_ipp_ground_truth,target_error,475,39.5,0.0
bb_ipp_ground_truth,target_error,476,39.58333333333337,0.0
bb_ipp_ground_truth,target_error,477,39.66666666666663,0.0
bb_ipp_ground_truth,target_error,478,39.75,0.0
bb_ipp_ground_truth,target_error,479,39.83333333333337,0.0
bb_ipp_ground_truth,target_error,480,39.91666666666663,0.0
bb_ipp_ground_truth,target_error,481,40.0,0.0
bb_ipp_ground_truth,target_error,482,40.08333333333337,0.0
bb_ipp_ground_truth,target_error,483,40.16666666666663,0.0
bb_ipp_ground_truth,target_error,484,40.25,0.0
bb_ipp_ground_truth,target_error,485,40.33333333333337,0.0
bb_ipp_ground_truth,target_error,486,40.41666666666663,0.0
bb_ipp_ground_truth,target_error,487,40.5,0.0
bb_ipp_ground_truth,target_error,488,40.58333333333337,0.0
bb_ipp_ground_truth,target_error,489,40.66666666666663,0.0
bb_ipp_ground_truth,target_error,490,40.75,0.0
bb_ipp_ground_truth,target_error,491,40.83333333333337,0.0
bb_ipp_ground_truth,target_error,492,40.91666666666663,0.0
bb_ipp_ground_truth,target_error,493,41.0,0.0
bb_ipp_ground_truth,target_error,494,41.08333333333337,0.0
bb_ipp_ground_truth,target_error,495,41.16666666666663,0.0
bb_ipp_ground_truth,target_error,496,41.25,0.0
bb_ipp_ground_truth,target_error,497,41.33333333333337,0.0
bb_ipp_ground_truth,target_error,498,41.41666666666663,0.0
bb_ipp_ground_truth,target_error,499,41.5,0.0
bb_ipp_ground_truth,target_error,500,41.58333333333337,0.0
bb_ipp_ground_truth,target_error,501,41.66666666666663,0.0
bb_ipp_ground_truth,target_error,502,41.75,0.0
bb_ipp_ground_truth,target_error,503,41.83333333333337,0.0
bb_ipp_ground_truth,target_error,504,41.91666666666663,0.0
bb_ipp_ground_truth,target_error,505,42.0,0.0
bb_ipp_ground_truth,target_error,506,42.08333333333337,0.0
bb_ipp_ground_truth,target_error,507,42.16666666666663,0.0
bb_ipp_ground_truth,target_error,508,42.25,0.0
bb_ipp_ground_truth,target_error,509,42.33333333333337,0.0
bb_ipp_ground_truth,target_error,510,42.41666666666663,0.0
bb_ipp_ground_truth,target_error,511,42.5,0.0
bb_ipp_ground_truth,target_error,512,42.58333333333337,0.0
bb_ipp_ground_truth,target_error,513,42.66666666666663,0.0
bb_ipp_ground_truth,target_error,514,42.75,0.0
bb_ipp_ground_truth,target_error,515,42.83333333333337,0.0
bb_ipp_ground_truth,target_error,516,42.91666666666663,0.0
bb_ipp_ground_truth,target_error,517,43.0,0.0
bb_ipp_ground_truth,target_error,518,43.08333333333337,0.0
bb_ipp_ground_truth,target_error,519,43.16666666666663,0.0
bb_ipp_ground_truth,target_error,520,43.25,0.0
bb_ipp_ground_truth,target_error,521,43.33333333333337,0.0
bb_ipp_ground_truth,target_error,522,43.41666666666663,0.0
bb_ipp_ground_truth,target_error,523,43.5,0.0
bb_ipp_ground_truth,target_error,524,43.58333333333337,0.0
bb_ipp_ground_truth,target_error,525,43.66666666666663,0.0
bb_ipp_ground_truth,target_error,526,43.75,0.0
bb_ipp_ground_truth,target_error,527,43.83333333333337,0.0
bb_ipp_ground_truth,target_error,528,43.91666666666663,0.0
bb_ipp_ground_truth,target_error,529,44.0,0.0
bb_ipp_ground_truth,target_error,530,44.08333333333337,0.0
bb_ipp_ground_truth,target_error,531,44.16666666666663,0.0
bb_ipp_ground_truth,target_error,532,44.25,0.0
bb_ipp_ground_truth,target_error,533,44.33333333333337,0.0
bb_ipp_ground_truth,target_error,534,44.41666666666663,0.0
bb_ipp_ground_truth,target_error,535,44.5,0.0
bb_ipp_ground_truth,target_error,536,44.58333333333337,0.0
bb_ipp_ground_truth,target_error,537,44.66666666666663,0.0
bb_ipp_ground_truth,target_error,538,44.75,0.0
bb_ipp_ground_truth,target_error,539,44.83333333333337,0.0
bb_ipp_ground_truth,target_error,540,44.91666666666663,0.0
bb_ipp_ground_truth,target_error,541,45.0,0.0
bb_ipp_ground_truth,target_error,542,45.08333333333337,0.0
bb_ipp_ground_truth,target_error,543,45.16666666666663,0.0
bb_ipp_ground_truth,target_error,544,45.25,0.0
bb_ipp_ground_truth,target_error,545,45.33333333333337,0.0
bb_ipp_ground_truth,target_error,546,45.41666666666663,0.0
bb_ipp_ground_truth,target_error,547,45.5,0.0
bb_ipp_ground_truth,target_error,548,45.58333333333337,0.0
bb_ipp_ground_truth,target_error,549,45.66666666666663,0.0
bb_ipp_ground_truth,target_error,550,45.75,0.0
bb_ipp_ground_truth,target_error,551,45.83333333333337,0.0
bb_ipp_ground_truth,target_error,552,45.91666666666663,0.0
bb_ipp_ground_truth,target_error,553,46.0,0.0
bb_ipp_ground_truth,target_error,554,46.08333333333337,0.0
bb_ipp_ground_truth,target_error,555,46.16666666666663,0.0
bb_ipp_ground_truth,target_error,556,46.25,0.0
bb_ipp_ground_truth,target_error,557,46.33333333333337,0.0
bb_ipp_ground_truth,target_error,558,46.41666666666663,0.0
bb_ipp_ground_truth,target_error,559,46.5,0.0
bb_ipp_ground_truth,target_error,560,46.58333333333337,0.0
bb_ipp_ground_truth,target_error,561,46.66666666666663,0.0
bb_ipp_ground_truth,target_error,562,46.75,0.0
bb_ipp_ground_truth,target_error,563,46.83333333333337,0.0
bb_ipp_ground_truth,target_error,564,46.91666666666663,0.0
bb_ipp_ground_truth,target_error,565,47.0,0.0
bb_ipp_ground_truth,target_error,566,47.08333333333337,0.0
bb_ipp_ground_truth,target_error,567,47.16666666666663,0.0
bb_ipp_ground_truth,target_error,568,47.25,0.0
bb_ipp_ground_truth,target_error,569,47.33333333333337,0.0
bb_ipp_ground_truth,target_error,570,47.41666666666663,0.0
bb_ipp_ground_truth,target_error,571,47.5,0.0
bb_ipp_ground_truth,target_error,572,47.58333333333337,0.0
bb_ipp_ground_truth,target_error,573,47.66666666666663,0.0
bb_ipp_ground_truth,target_error,574,47.75,0.0
bb_ipp_ground_truth,target_error,575,47.83333333333337,0.0
bb_ipp_ground_truth,target_error,576,47.91666666666663,0.0
bb_ipp_ground_truth,target_error,577,48.0,0.0
bb_ipp_ground_truth,target_error,578,48.08333333333337,0.0
bb_ipp_ground_truth,target_error,579,48.16666666666663,0.0
bb_ipp_ground_truth,target_error,580,48.25,0.0
bb_ipp_ground_truth,target_error,581,48.33333333333337,0.0
bb_ipp_ground_truth,target_error,582,48.41666666666663,0.0
bb_ipp_ground_truth,target_error,583,48.5,0.0
bb_ipp_ground_truth,target_error,584,48.58333333333337,0.0
bb_ipp_ground_truth,target_error,585,48.66666666666663,0.0
bb_ipp_ground_truth,target_error,586,48.75,0.0
bb_ipp_ground_truth,target_error,587,48.83333333333337,0.0
bb_ipp_ground_truth,target_error,588,48.91666666666663,0.0
bb_ipp_ground_truth,target_error,589,49.0,0.0
bb_ipp_ground_truth,target_error,590,49.08333333333337,0.0
bb_ipp_ground_truth,target_error,591,49.16666666666663,0.0
bb_ipp_ground_truth,target_error,592,49.25,0.0
bb_ipp_ground_truth,target_error,593,49.33333333333337,0.0
bb_ipp_ground_truth,target_error,594,49.41666666666663,0.0
bb_ipp_ground_truth,target_error,595,49.5,0.0
bb_ipp_ground_truth,target_error,596,49.58333333333337,0.0
bb_ipp_ground_truth,target_error,597,49.66666666666663,0.0
bb_ipp_ground_truth,target_error,598,49.75,0.0
bb_ipp_ground_truth,target_error,599,49.83333333333337,0.0
bb_ipp_ground_truth,target_error,600,49.91666666666663,0.0
bb_ipp_ground_truth,target_error,601,50.0,0.0
bb_ipp_ground_truth,target_error,602,50.08333333333337,0.0
bb_ipp_ground_truth,target_error,603,50.16666666666663,0.0
bb_ipp_ground_truth,target_error,604,50.25,0.0
bb_ipp_ground_truth,target_error,605,50.33333333333337,0.0
bb_ipp_ground_truth,target_error,606,50.41666666666663,0.0
bb_ipp_ground_truth,target_error,607,50.5,0.0
bb_ipp_ground_truth,target_error,608,50.58333333333337,0.0
bb_ipp_ground_truth,target_error,609,50.66666666666663,0.0
bb_ipp_ground_truth,target_error,610,50.75,0.0
bb_ipp_ground_truth,target_error,611,50.83333333333337,0.0
bb_ipp_ground_truth,target_error,612,50.91666666666663,0.0
bb_ipp_ground_truth,target_error,613,51.0,0.0
bb_ipp_ground_truth,target_error,614,51.08333333333337,0.0
bb_ipp_ground_truth,target_error,615,51.16666666666663,0.0
bb_ipp_ground_truth,target_error,616,51.25,0.0
bb_ipp_ground_truth,target_error,617,51.33333333333337,0.0
bb_ipp_ground_truth,target_error,618,51.41666666666663,0.0
bb_ipp_ground_truth,target_error,619,51.5,0.0
bb_ipp_ground_truth,target_error,620,51.58333333333337,0.0
bb_ipp_ground_truth,target_error,621,51.66666666666663,0.0
bb_ipp_ground_truth,target_error,622,51.75,0.0
bb_ipp_ground_truth,target_error,623,51.83333333333337,0.0
bb_ipp_ground_truth,target_error,624,51.91666666666663,0.0
bb_ipp_ground_truth,target_error,625,52.0,0.0
bb_ipp_ground_truth,target_error,626,52.08333333333337,0.0
bb_ipp_ground_truth,target_error,627,52.16666666666663,0.0
bb_ipp_ground_truth,target_error,628,52.25,0.0
bb_ipp_ground_truth,target_error,629,52.33333333333337,0.0
bb_ipp_ground_truth,target_error,630,52.41666666666663,0.0
bb_ipp_ground_truth,target_error,631,52.5,0.0
bb_ipp_ground_truth,target_error,632,52.58333333333337,0.0
bb_ipp_ground_truth,target_error,633,52.66666666666663,0.0
bb_ipp_ground_truth,target_error,634,52.75,0.0
bb_ipp_ground_truth,target_error,635,52.83333333333337,0.0
bb_ipp_ground_truth,target_error,636,52.91666666666663,0.0
bb_ipp_ground_truth,target_error,637,53.0,0.0
bb_ipp_ground_truth,target_error,638,53.08333333333337,0.0
bb_ipp_ground_truth,target_error,639,53.16666666666663,0.0
bb_ipp_ground_truth,target_error,640,53.25,0.0
bb_ipp_ground_truth,target_error,641,53.33333333333337,0.0
bb_ipp_ground_truth,target_error,642,53.41666666666663,0.0
bb_ipp_ground_truth,target_error,643,53.5,0.0
bb_ipp_ground_truth,target_error,644,53.58333333333337,0.0
bb_ipp_ground_truth,target_error,645,53.66666666666663,0.0
bb_ipp_ground_truth,target_error,646,53.75,0.0
bb_ipp_ground_truth,target_error,647,53.83333333333337,0.0
bb_ipp_ground_truth,target_error,648,53.91666666666663,0.0
bb_ipp_ground_truth,target_error,649,54.0,0.0
bb_ipp_ground_truth,target_error,650,54.08333333333337,0.0
bb_ipp_ground_truth,target_error,651,54.16666666666663,0.0
bb_ipp_ground_truth,target_error,652,54.25,0.0
bb_ipp_ground_truth,target_error,653,54.33333333333337,0.0
bb_ipp_ground_truth,target_error,654,54.41666666666663,0.0
bb_ipp_ground_truth,target_error,655,54.5,0.0
bb_ipp_ground_truth,target_error,656,54.58333333333337,0.0
bb_ipp_ground_truth,target_error,657,54.66666666666663,0.0
bb_ipp_ground_truth,target_error,658,54.75,0.0
bb_ipp_ground_truth,target_error,659,54.83333333333337,0.0
bb_ipp_ground_truth,target_error,660,54.91666666666663,0.0
bb_ipp_ground_truth,target_error,661,55.0,0.0
bb_ipp_ground_truth,target_error,662,55.08333333333337,0.0
bb_ipp_ground_truth,target_error,663,55.16666666666663,0.0
bb_ipp_ground_truth,target_error,664,55.25,0.0
bb_ipp_ground_truth,target_error,665,55.33333333333337,0.0
bb_ipp_ground_truth,target_error,666,55.41666666666663,0.0
bb_ipp_ground_truth,target_error,667,55.5,0.0
bb_ipp_ground_truth,target_error,668,55.58333333333337,0.0
bb_ipp_ground_truth,target_error,669,55.66666666666663,0.0
bb_ipp_ground_truth,target_error,670,55.75,0.0
bb_ipp_ground_truth,target_error,671,55.83333333333337,0.0
bb_ipp_ground_truth,target_error,672,55.91666666666663,0.0
bb_ipp_ground_truth,target_error,673,56.0,0.0
bb_ipp_ground_truth,target_error,674,56.08333333333337,0.0
bb_ipp_ground_truth,target_error,675,56.16666666666663,0.0
bb_ipp_ground_truth,target_error,676,56.25,0.0
bb_ipp_ground_truth,target_error,677,56.33333333333337,0.0
bb_ipp_ground_truth,target_error,678,56.41666666666663,0.0
bb_ipp_ground_truth,target_error,679,56.5,0.0
bb_ipp_ground_truth,target_error,680,56.58333333333337,0.0
bb_ipp_ground_truth,target_error,681,56.66666666666663,0.0
bb_ipp_ground_truth,target_error,682,56.75,0.0
bb_ipp_ground_truth,target_error,683,56.83333333333337,0.0
bb_ipp_ground_truth,target_error,684,56.91666666666663,0.0
bb_ipp_ground_truth,target_error,685,57.0,0.0
bb_ipp_ground_truth,target_error,686,57.08333333333337,0.0
bb_ipp_ground_truth,target_error,687,57.16666666666663,0.0
bb_ipp_ground_truth,target_error,688,57.25,0.0
bb_ipp_ground_truth,target_error,689,57.33333333333337,0.0
bb_ipp_ground_truth,target_error,690,57.41666666666663,0.0
bb_ipp_ground_truth,target_error,691,57.5,0.0
bb_ipp_ground_truth,target_error,692,57.58333333333337,0.0
bb_ipp_ground_truth,target_error,693,57.66666666666663,0.0
bb_ipp_ground_truth,target_error,694,57.75,0.0
bb_ipp_ground_truth,target_error,695,57.83333333333337,0.0
bb_ipp_ground_truth,target_error,696,57.91666666666663,0.0
bb_ipp_ground_truth,target_error,697,58.0,0.0
bb_ipp_ground_truth,target_error,698,58.08333333333337,0.0
bb_ipp_ground_truth,target_error,699,58.16666666666663,0.0
bb_ipp_ground_truth,target_error,700,58.25,0.0
bb_ipp_ground_truth,target_error,701,58.33333333333337,0.0
bb_ipp_ground_truth,target_error,702,58.41666666666663,0.0
bb_ipp_ground_truth,target_error,703,58.5,0.0
bb_ipp_ground_truth,target_error,704,58.58333333333337,0.0
bb_ipp_ground_truth,target_error,705,58.66666666666663,0.0
bb_ipp_ground_truth,target_error,706,58.75,0.0
bb_ipp_ground_truth,target_error,707,58.83333333333337,0.0
bb_ipp_ground_truth,target_error,708,58.91666666666663,0.0
bb_ipp_ground_truth,target_error,709,59.0,0.0
bb_ipp_ground_truth,target_error,710,59.08333333333337,0.0
bb_ipp_ground_truth,target_error,711,59.16666666666663,0.0
bb_ipp_ground_truth,target_error,712,59.25,0.0
bb_ipp_ground_truth,target_error,713,59.33333333333337,0.0
bb_ipp_ground_truth,target_error,714,59.41666666666663,0.0
bb_ipp_ground_truth,target_error,715,59.5,0.0
bb_ipp_ground_truth,target_error,716,59.58333333333337,0.0
bb_ipp_ground_truth,target_error,717,59.66666666666663,0.0
bb_ipp_ground_truth,target_error,718,59.75,0.0
bb_ipp_ground_truth,target_error,719,59.83333333333337,0.0
bb_ipp_ground_truth,target_error,720,59.91666666666663,0.0
bb_ipp_ground_truth,target_error,721,60.0,0.0
bb_ipp_ground_truth,target_error,722,60.08333333333337,0.0
bb_ipp_ground_truth,target_error,723,60.16666666666663,0.0
bb_ipp_ground_truth,target_error,724,60.25,0.0
bb_ipp_ground_truth,target_error,725,60.33333333333337,0.0
bb_ipp_ground_truth,target_error,726,60.41666666666663,0.0
bb_ipp_ground_truth,target_error,727,60.5,0.0
bb_ipp_ground_truth,target_error,728,60.58333333333337,0.0
bb_ipp_ground_truth,target_error,729,60.66666666666663,0.0
bb_ipp_ground_truth,target_error,730,60.75,0.0
bb_ipp_ground_truth,target_error,731,60.83333333333337,0.0
bb_ipp_ground_truth,target_error,732,60.91666666666663,0.0
bb_ipp_ground_truth,target_error,733,61.0,0.0
bb_ipp_ground_truth,target_error,734,61.08333333333337,0.0
bb_ipp_ground_truth,target_error,735,61.16666666666663,0.0
bb_ipp_ground_truth,target_error,736,61.25,0.0
bb_ipp_ground_truth,target_error,737,61.33333333333337,0.0
bb_ipp_ground_truth,target_error,738,61.41666666666663,0.0
bb_ipp_ground_truth,target_error,739,61.5,0.0
bb_ipp_ground_truth,target_error,740,61.58333333333337,0.0
bb_ipp_ground_truth,target_error,741,61.66666666666663,0.0
bb_ipp_ground_truth,target_error,742,61.75,0.0
bb_ipp_ground_truth,target_error,743,61.83333333333337,0.0
bb_ipp_ground_truth,target_error,744,61.91666666666663,0.0
bb_ipp_ground_truth,target_error,745,62.0,0.0
bb_ipp_ground_truth,target_error,746,62.08333333333337,0.0
bb_ipp_ground_truth,target_error,747,62.16666666666663,0.0
bb_ipp_ground_truth,target_error,748,62.25,0.0
bb_ipp_ground_truth,target_error,749,62.33333333333337,0.0
bb_ipp_ground_truth,target_error,750,62.41666666666663,0.0
bb_ipp_ground_truth,target_error,751,62.5,0.0
bb_ipp_ground_truth,target_error,752,62.58333333333337,0.0
bb_ipp_ground_truth,target_error,753,62.66666666666663,0.0
bb_ipp_ground_truth,target_error,754,62.75,0.0
bb_ipp_ground_truth,target_error,755,62.83333333333337,0.0
bb_ipp_ground_truth,target_error,756,62.91666666666663,0.0
bb_ipp_ground_truth,target_error,757,63.0,0.0
bb_ipp_ground_truth,target_error,758,63.08333333333337,0.0
bb_ipp_ground_truth,target_error,759,63.16666666666663,0.0
bb_ipp_ground_truth,target_error,760,63.25,0.0
bb_ipp_ground_truth,target_error,761,63.33333333333337,0.0
bb_ipp_ground_truth,target_error,762,63.41666666666663,0.0
bb_ipp_ground_truth,target_error,763,63.5,0.0
bb_ipp_ground_truth,target_error,764,63.58333333333337,0.0
bb_ipp_ground_truth,target_error,765,63.66666666666663,0.0
bb_ipp_ground_truth,target_error,766,63.75,0.0
bb_ipp_ground_truth,target_error,767,63.83333333333337,0.0
bb_ipp_ground_truth,target_error,768,63.91666666666663,0.0
bb_ipp_ground_truth,target_error,769,64.0,0.0
bb_ipp_ground_truth,target_error,770,64.08333333333337,0.0
bb_ipp_ground_truth,target_error,771,64.16666666666663,0.0
bb_ipp_ground_truth,target_error,772,64.25,0.0
bb_ipp_ground_truth,target_error,773,64.33333333333337,0.0
bb_ipp_ground_truth,target_error,774,64.41666666666663,0.0
bb_ipp_ground_truth,target_error,775,64.5,0.0
bb_ipp_ground_truth,target_error,776,64.58333333333337,0.0
bb_ipp_ground_truth,target_error,777,64.66666666666663,0.0
bb_ipp_ground_truth,target_error,778,64.75,0.0
bb_ipp_ground_truth,target_error,779,64.83333333333337,0.0
bb_ipp_ground_truth,target_error,780,64.91666666666663,0.0
bb_ipp_ground_truth,target_error,781,65.0,0.0
bb_ipp_ground_truth,target_error,782,65.08333333333337,0.0
bb_ipp_ground_truth,target_error,783,65.16666666666663,0.0
bb_ipp_ground_truth,target_error,784,65.25,0.0
bb_ipp_ground_truth,target_error,785,65.33333333333337,0.0
bb_ipp_ground_truth,target_error,786,65.41666666666663,0.0
bb_ipp_ground_truth,target_error,787,65.5,0.0
bb_ipp_ground_truth,target_error,788,65.58333333333337,0.0
bb_ipp_ground_truth,target_error,789,65.66666666666663,0.0
bb_ipp_ground_truth,target_error,790,65.75,0.0
bb_ipp_ground_truth,target_error,791,65.83333333333337,0.0
bb_ipp_ground_truth,target_error,792,65.91666666666663,0.0
bb_ipp_ground_truth,target_error,793,66.0,0.0
bb_ipp_ground_truth,target_error,794,66.08333333333337,0.0
bb_ipp_ground_truth,target_error,795,66.16666666666663,0.0
bb_ipp_ground_truth,target_error,796,66.25,0.0
bb_ipp_ground_truth,target_error,797,66.33333333333337,0.0
bb_ipp_ground_truth,target_error,798,66.41666666666663,0.0
bb_ipp_ground_truth,target_error,799,66.5,0.0
bb_ipp_ground_truth,target_error,800,66.58333333333337,0.0
bb_ipp_ground_truth,target_error,801,66.66666666666663,0.0
bb_ipp_ground_truth,target_error,802,66.75,0.0
bb_ipp_ground_truth,target_error,803,66.83333333333337,0.0
bb_ipp_ground_truth,target_error,804,66.91666666666663,0.0
bb_ipp_ground_truth,target_error,805,67.0,0.0
bb_ipp_ground_truth,target_error,806,67.08333333333337,0.0
bb_ipp_ground_truth,target_error,807,67.16666666666663,0.0
bb_ipp_ground_truth,target_error,808,67.25,0.0
bb_ipp_ground_truth,target_error,809,67.33333333333337,0.0
bb_ipp_ground_truth,target_error,810,67.41666666666663,0.0
bb_ipp_ground_truth,target_error,811,67.5,0.0
bb_ipp_ground_truth,target_error,812,67.58333333333337,0.0
bb_ipp_ground_truth,target_error,813,67.66666666666663,0.0
bb_ipp_ground_truth,target_error,814,67.75,0.0
bb_ipp_ground_truth,target_error,815,67.83333333333337,0.0
bb_ipp_ground_truth,target_error,816,67.91666666666663,0.0
bb_ipp_ground_truth,target_error,817,68.0,0.0
bb_ipp_ground_truth,target_error,818,68.08333333333337,0.0
bb_ipp_ground_truth,target_error,819,68.16666666666663,0.0
bb_ipp_ground_truth,target_error,820,68.25,0.0
bb_ipp_ground_truth,target_error,821,68.33333333333337,0.0
bb_ipp_ground_truth,target_error,822,68.41666666666663,0.0
bb_ipp_ground_truth,target_error,823,68.5,0.0
bb_ipp_ground_truth,target_error,824,68.58333333333337,0.0
bb_ipp_ground_truth,target_error,825,68.66666666666663,0.0
bb_ipp_ground_truth,target_error,826,68.75,0.0
bb_ipp_ground_truth,target_error,827,68.83333333333337,0.0
bb_ipp_ground_truth,target_error,828,68.91666666666663,0.0
bb_ipp_ground_truth,target_error,829,69.0,0.0
bb_ipp_ground_truth,target_error,830,69.08333333333337,0.0
bb_ipp_ground_truth,target_error,831,69.16666666666663,0.0
bb_ipp_ground_truth,target_error,832,69.25,0.0
bb_ipp_ground_truth,target_error,833,69.33333333333337,0.0
bb_ipp_ground_truth,target_error,834,69.41666666666663,0.0
bb_ipp_ground_truth,target_error,835,69.5,0.0
bb_ipp_ground_truth,target_error,836,69.58333333333337,0.0
bb_ipp_ground_truth,target_error,837,69.66666666666663,0.0
bb_ipp_ground_truth,target_error,838,69.75,0.0
bb_ipp_ground_truth,target_error,839,69.83333333333337,0.0
bb_ipp_ground_truth,target_error,840,69.91666666666663,0.0
bb_ipp_ground_truth,target_error,841,70.0,0.0
bb_ipp_ground_truth,target_error,842,70.08333333333337,0.0
bb_ipp_ground_truth,target_error,843,70.16666666666663,0.0
bb_ipp_ground_truth,target_error,844,70.25,0.0
bb_ipp_ground_truth,target_error,845,70.33333333333337,0.0
bb_ipp_ground_truth,target_error,846,70.41666666666663,0.0
bb_ipp_ground_truth,target_error,847,70.5,0.0
bb_ipp_ground_truth,target_error,848,70.58333333333337,0.0
bb_ipp_ground_truth,target_error,849,70.66666666666663,0.0
bb_ipp_ground_truth,target_error,850,70.75,0.0
bb_ipp_ground_truth,target_error,851,70.83333333333337,0.0
bb_ipp_ground_truth,target_error,852,70.91666666666663,0.0
bb_ipp_ground_truth,target_error,853,71.0,0.0
bb_ipp_ground_truth,target_error,854,71.08333333333337,0.0
bb_ipp_ground_truth,target_error,855,71.16666666666663,0.0
bb_ipp_ground_truth,target_error,856,71.25,0.0
bb_ipp_ground_truth,target_error,857,71.33333333333337,0.0
bb_ipp_ground_truth,target_error,858,71.41666666666663,0.0
bb_ipp_ground_truth,target_error,859,71.5,0.0
bb_ipp_ground_truth,target_error,860,71.58333333333337,0.0
bb_ipp_ground_truth,target_error,861,71.66666666666663,0.0
bb_ipp_ground_truth,target_error,862,71.75,0.0
bb_ipp_ground_truth,target_error,863,71.83333333333337,0.0
bb_ipp_ground_truth,target_error,864,71.91666666666663,0.0
bb_ipp_ground_truth,target_error,865,72.0,0.0
bb_ipp_ground_truth,target_error,866,72.08333333333337,0.0
bb_ipp_ground_truth,target_error,867,72.16666666666663,0.0
bb_ipp_ground_truth,target_error,868,72.25,0.0
bb_ipp_ground_truth,target_error,869,72.33333333333337,0.0
bb_ipp_ground_truth,target_error,870,72.41666666666663,0.0
bb_ipp_ground_truth,target_error,871,72.5,0.0
bb_ipp_ground_truth,target_error,872,72.58333333333337,0.0
bb_ipp_ground_truth,target_error,873,72.66666666666663,0.0
bb_ipp_ground_truth,target_error,874,72.75,0.0
bb_ipp_ground_truth,target_error,875,72.83333333333337,0.0
bb_ipp_ground_truth,target_error,876,72.91666666666663,0.0
bb_ipp_ground_truth,target_error,877,73.0,0.0
bb_ipp_ground_truth,target_error,878,73.08333333333337,0.0
bb_ipp_ground_truth,target_error,879,73.16666666666663,0.0
bb_ipp_ground_truth,target_error,880,73.25,0.0
bb_ipp_ground_truth,target_error,881,73.33333333333337,0.0
bb_ipp_ground_truth,target_error,882,73.41666666666663,0.0
bb_ipp_ground_truth,target_error,883,73.5,0.0
bb_ipp_ground_truth,target_error,884,73.58333333333337,0.0
bb_ipp_ground_truth,target_error,885,73.66666666666663,0.0
bb_ipp_ground_truth,target_error,886,73.75,0.0
bb_ipp_ground_truth,target_error,887,73.83333333333337,0.0
bb_ipp_ground_truth,target_error,888,73.91666666666663,0.0
bb_ipp_ground_truth,target_error,889,74.0,0.0
bb_ipp_ground_truth,target_error,890,74.08333333333337,0.0
bb_ipp_ground_truth,target_error,891,74.16666666666663,0.0
bb_ipp_ground_truth,target_error,892,74.25,0.0
bb_ipp_ground_truth,target_error,893,74.33333333333337,0.0
bb_ipp_ground_truth,target_error,894,74.41666666666663,0.0
bb_ipp_ground_truth,target_error,895,74.5,0.0
bb_ipp_ground_truth,target_error,896,74.58333333333337,0.0
bb_ipp_ground_truth,target_error,897,74.66666666666663,0.0
bb_ipp_ground_truth,target_error,898,74.75,0.0
bb_ipp_ground_truth,target_error,899,74.83333333333337,0.0
bb_ipp_ground_truth,target_error,900,74.91666666666663,0.0
bb_ipp_ground_truth,target_error,901,75.0,0.0
bb_ipp_ground_truth,target_error,902,75.08333333333337,0.0
bb_ipp_ground_truth,target_error,903,75.16666666666663,0.0
bb_ipp_ground_truth,target_error,904,75.25,0.0
bb_ipp_ground_truth,target_error,905,75.33333333333337,0.0
bb_ipp_ground_truth,target_error,906,75.41666666666663,0.0
bb_ipp_ground_truth,target_error,907,75.5,0.0
bb_ipp_ground_truth,target_error,908,75.58333333333337,0.0
bb_ipp_ground_truth,target_error,909,75.66666666666663,0.0
bb_ipp_ground_truth,target_error,910,75.75,0.0
bb_ipp_ground_truth,target_error,911,75.83333333333337,0.0
bb_ipp_ground_truth,target_error,912,75.91666666666663,0.0
bb_ipp_ground_truth,target_error,913,76.0,0.0
bb_ipp_ground_truth,target_error,914,76.08333333333337,0.0
bb_ipp_ground_truth,target_error,915,76.16666666666663,0.0
bb_ipp_ground_truth,target_error,916,76.25,0.0
bb_ipp_ground_truth,target_error,917,76.33333333333337,0.0
bb_ipp_ground_truth,target_error,918,76.41666666666663,0.0
bb_ipp_ground_truth,target_error,919,76.5,0.0
bb_ipp_ground_truth,target_error,920,76.58333333333337,0.0
bb_ipp_ground_truth,target_error,921,76.66666666666663,0.0
bb_ipp_ground_truth,target_error,922,76.75,0.0
bb_ipp_ground_truth,target_error,923,76.83333333333337,0.0
bb_ipp_ground_truth,target_error,924,76.91666666666663,0.0
bb_ipp_ground_truth,target_error,925,77.0,0.0
bb_ipp_ground_truth,target_error,926,77.08333333333337,0.0
bb_ipp_ground_truth,target_error,927,77.16666666666663,0.0
bb_ipp_ground_truth,target_error,928,77.25,0.0
bb_ipp_ground_truth,target_error,929,77.33333333333337,0.0
bb_ipp_ground_truth,target_error,930,77.41666666666663,0.0
bb_ipp_ground_truth,target_error,931,77.5,0.0
bb_ipp_ground_truth,target_error,932,77.58333333333337,0.0
bb_ipp_ground_truth,target_error,933,77.66666666666663,0.0
bb_ipp_ground_truth,target_error,934,77.75,0.0
bb_ipp_ground_truth,target_error,935,77.83333333333337,0.0
bb_ipp_ground_truth,target_error,936,77.91666666666663,0.0
bb_ipp_ground_truth,target_error,937,78.0,0.0
bb_ipp_ground_truth,target_error,938,78.08333333333337,0.0
bb_ipp_ground_truth,target_error,939,78.16666666666663,0.0
bb_ipp_ground_truth,target_error,940,78.25,0.0
bb_ipp_ground_truth,target_error,941,78.33333333333337,0.0
bb_ipp_ground_truth,target_error,942,78.41666666666663,0.0
bb_ipp_ground_truth,target_error,943,78.5,0.0
bb_ipp_ground_truth,target_error,944,78.58333333333337,0.0
bb_ipp_ground_truth,target_error,945,78.66666666666663,0.0
bb_ipp_ground_truth,target_error,946,78.75,0.0
bb_ipp_ground_truth,target_error,947,78.83333333333337,0.0
bb_ipp_ground_truth,target_error,948,78.91666666666663,0.0
bb_ipp_ground_truth,target_error,949,79.0,0.0
bb_ipp_ground_truth,target_error,950,79.08333333333337,0.0
bb_ipp_ground_truth,target_error,951,79.16666666666663,0.0
bb_ipp_ground_truth,target_error,952,79.25,0.0
bb_ipp_ground_truth,target_error,953,79.33333333333337,0.0
bb_ipp_ground_truth,target_error,954,79.41666666666663,0.0
bb_ipp_ground_truth,target_error,955,79.5,0.0
bb_ipp_ground_truth,target_error,956,79.58333333333337,0.0
bb_ipp_ground_truth,target_error,957,79.66666666666663,0.0
bb_ipp_ground_truth,target_error,958,79.75,0.0
bb_ipp_ground_truth,target_error,959,79.83333333333337,0.0
bb_ipp_ground_truth,target_error,960,79.91666666666663,0.0
bb_ipp_ground_truth,target_error,961,80.0,0.0
bb_ipp_ground_truth,target_error,962,80.08333333333337,0.0
bb_ipp_ground_truth,target_error,963,80.16666666666663,0.0
bb_ipp_ground_truth,target_error,964,80.25,0.0
bb_ipp_ground_truth,target_error,965,80.33333333333337,0.0
bb_ipp_ground_truth,target_error,966,80.41666666666663,0.0
bb_ipp_ground_truth,target_error,967,80.5,0.0
bb_ipp_ground_truth,target_error,968,80.58333333333337,0.0
bb_ipp_ground_truth,target_error,969,80.66666666666663,0.0
bb_ipp_ground_truth,target_error,970,80.75,0.0
bb_ipp_ground_truth,target_error,971,80.83333333333337,0.0
bb_ipp_ground_truth,target_error,972,80.91666666666663,0.0
bb_ipp_ground_truth,target_error,973,81.0,0.0
bb_ipp_ground_truth,target_error,974,81.08333333333337,0.0
bb_ipp_ground_truth,target_error,975,81.16666666666663,0.0
bb_ipp_ground_truth,target_error,976,81.25,0.0
bb_ipp_ground_truth,target_error,977,81.33333333333337,0.0
bb_ipp_ground_truth,target_error,978,81.41666666666663,0.0
bb_ipp_ground_truth,target_error,979,81.5,0.0
bb_ipp_ground_truth,target_error,980,81.58333333333337,0.0
bb_ipp_ground_truth,target_error,981,81.66666666666663,0.0
bb_ipp_ground_truth,target_error,982,81.75,0.0
bb_ipp_ground_truth,target_error,983,81.83333333333337,0.0
bb_ipp_ground_truth,target_error,984,81.91666666666663,0.0
bb_ipp_ground_truth,target_error,985,82.0,0.0
bb_ipp_ground_truth,target_error,986,82.08333333333337,0.0
bb_ipp_ground_truth,target_error,987,82.16666666666663,0.0
bb_ipp_ground_truth,target_error,988,82.25,0.0
bb_ipp_ground_truth,target_error,989,82.33333333333337,0.0
bb_ipp_ground_truth,target_error,990,82.41666666666663,0.0
bb_ipp_ground_truth,target_error,991,82.5,0.0
bb_ipp_ground_truth,target_error,992,82.58333333333337,0.0
bb_ipp_ground_truth,target_error,993,82.66666666666663,0.0
bb_ipp_ground_truth,target_error,994,82.75,0.0
bb_ipp_ground_truth,target_error,995,82.83333333333337,0.0
bb_ipp_ground_truth,target_error,996,82.91666666666663,0.0
bb_ipp_ground_truth,target_error,997,83.0,0.0
bb_ipp_ground_truth,target_error,998,83.08333333333337,0.0
bb_ipp_ground_truth,target_error,999,83.16666666666663,0.0
bb_ipp_ground_truth,target_error,1000,83.25,0.0
bb_ipp_ground_truth,target_error,1001,83.33333333333337,0.0
bb_ipp_ground_truth,target_error,1002,83.41666666666663,0.0
bb_ipp_ground_truth,target_error,1003,83.5,0.0
bb_ipp_ground_truth,target_error,1004,83.58333333333337,0.0
bb_ipp_ground_truth,target_error,1005,83.66666666666663,0.0
bb_ipp_ground_truth,target_error,1006,83.75,0.0
bb_ipp_ground_truth,target_error,1007,83.83333333333337,0.0
bb_ipp_ground_truth,target_error,1008,83.91666666666663,0.0
bb_ipp_ground_truth,target_error,1009,84.0,0.0
bb_ipp_ground_truth,target_error,1010,84.08333333333337,0.0
bb_ipp_ground_truth,target_error,1011,84.16666666666663,0.0
bb_ipp_ground_truth,target_error,1012,84.25,0.0
bb_ipp_ground_truth,target_error,1013,84.33333333333337,0.0
bb_ipp_ground_truth,target_error,1014,84.41666666666663,0.0
bb_ipp_ground_truth,target_error,1015,84.5,0.0
bb_ipp_ground_truth,target_error,1016,84.58333333333337,0.0
bb_ipp_ground_truth,target_error,1017,84.66666666666663,0.0
bb_ipp_ground_truth,target_error,1018,84.75,0.0
bb_ipp_ground_truth,target_error,1019,84.83333333333337,0.0
bb_ipp_ground_truth,target_error,1020,84.91666666666663,0.0
bb_ipp_ground_truth,target_error,1021,85.0,0.0
bb_ipp_ground_truth,target_error,1022,85.08333333333337,0.0
bb_ipp_ground_truth,target_error,1023,85.16666666666663,0.0
bb_ipp_ground_truth,target_error,1024,85.25,0.0
bb_ipp_ground_truth,target_error,1025,85.33333333333337,0.0
bb_ipp_ground_truth,target_error,1026,85.41666666666663,0.0
bb_ipp_ground_truth,target_error,1027,85.5,0.0
bb_ipp_ground_truth,target_error,1028,85.58333333333337,0.0
bb_ipp_ground_truth,target_error,1029,85.66666666666663,0.0
bb_ipp_ground_truth,target_error,1030,85.75,0.0
bb_ipp_ground_truth,target_error,1031,85.83333333333337,0.0
bb_ipp_ground_truth,target_error,1032,85.91666666666663,0.0
bb_ipp_ground_truth,target_error,1033,86.0,0.0
bb_ipp_ground_truth,target_error,1034,86.08333333333337,0.0
bb_ipp_ground_truth,target_error,1035,86.16666666666663,0.0
bb_ipp_ground_truth,target_error,1036,86.25,0.0
bb_ipp_ground_truth,target_error,1037,86.33333333333337,0.0
bb_ipp_ground_truth,target_error,1038,86.41666666666663,0.0
bb_ipp_ground_truth,target_error,1039,86.5,0.0
bb_ipp_ground_truth,target_error,1040,86.58333333333337,0.0
bb_ipp_ground_truth,target_error,1041,86.66666666666663,0.0
bb_ipp_ground_truth,target_error,1042,86.75,0.0
bb_ipp_ground_truth,target_error,1043,86.83333333333337,0.0
bb_ipp_ground_truth,target_error,1044,86.91666666666663,0.0
bb_ipp_ground_truth,target_error,1045,87.0,0.0
bb_ipp_ground_truth,target_error,1046,87.08333333333337,0.0
bb_ipp_ground_truth,target_error,1047,87.16666666666663,0.0
bb_ipp_ground_truth,target_error,1048,87.25,0.0
bb_ipp_ground_truth,target_error,1049,87.33333333333337,0.0
bb_ipp_ground_truth,target_error,1050,87.41666666666663,0.0
bb_ipp_ground_truth,target_error,1051,87.5,0.0
bb_ipp_ground_truth,target_error,1052,87.58333333333337,0.0
bb_ipp_ground_truth,target_error,1053,87.66666666666663,0.0
bb_ipp_ground_truth,target_error,1054,87.75,0.0
bb_ipp_ground_truth,target_error,1055,87.83333333333337,0.0
bb_ipp_ground_truth,target_error,1056,87.91666666666663,0.0
bb_ipp_ground_truth,target_error,1057,88.0,0.0
bb_ipp_ground_truth,target_error,1058,88.08333333333337,0.0
bb_ipp_ground_truth,target_error,1059,88.16666666666663,0.0
bb_ipp_ground_truth,target_error,1060,88.25,0.0
bb_ipp_ground_truth,target_error,1061,88.33333333333337,0.0
bb_ipp_ground_truth,target_error,1062,88.41666666666663,0.0
bb_ipp_ground_truth,target_error,1063,88.5,0.0
bb_ipp_ground_truth,target_error,1064,88.58333333333337,0.0
bb_ipp_ground_truth,target_error,1065,88.66666666666663,0.0
bb_ipp_ground_truth,target_error,1066,88.75,0.0
bb_ipp_ground_truth,target_error,1067,88.83333333333337,0.0
bb_ipp_ground_truth,target_error,1068,88.91666666666663,0.0
bb_ipp_ground_truth,target_error,1069,89.0,0.0
bb_ipp_ground_truth,target_error,1070,89.08333333333337,0.0
bb_ipp_ground_truth,target_error,1071,89.16666666666663,0.0
bb_ipp_ground_truth,target_error,1072,89.25,0.0
bb_ipp_ground_truth,target_error,1073,89.33333333333337,0.0
bb_ipp_ground_truth,target_error,1074,89.41666666666663,0.0
bb_ipp_ground_truth,target_error,1075,89.5,0.0
bb_ipp_ground_truth,target_error,1076,89.58333333333337,0.0
bb_ipp_ground_truth,target_error,1077,89.66666666666663,0.0
bb_ipp_ground_truth,target_error,1078,89.75,0.0
bb_ipp_ground_truth,target_error,1079,89.83333333333337,0.0
bb_ipp_ground_truth,target_error,1080,89.91666666666663,0.0
bb_ipp_ground_truth,target_error,1081,90.0,0.0
bb_ipp_ground_truth,target_error,1082,90.08333333333337,0.0
bb_ipp_ground_truth,target_error,1083,90.16666666666663,0.0
bb_ipp_ground_truth,target_error,1084,90.25,0.0
bb_ipp_ground_truth,target_error,1085,90.33333333333337,0.0
bb_ipp_ground_truth,target_error,1086,90.41666666666663,0.0
bb_ipp_ground_truth,target_error,1087,90.5,0.0
bb_ipp_ground_truth,target_error,1088,90.58333333333337,0.0
bb_ipp_ground_truth,target_error,1089,90.66666666666663,0.0
bb_ipp_ground_truth,target_error,1090,90.75,0.0
bb_ipp_ground_truth,target_error,1091,90.83333333333337,0.0
bb_ipp_ground_truth,target_error,1092,90.91666666666663,0.0
bb_ipp_ground_truth,target_error,1093,91.0,0.0
bb_ipp_ground_truth,target_error,1094,91.08333333333337,0.0
bb_ipp_ground_truth,target_error,1095,91.16666666666663,0.0
bb_ipp_ground_truth,target_error,1096,91.25,0.0
bb_ipp_ground_truth,target_error,1097,91.33333333333337,0.0
bb_ipp_ground_truth,target_error,1098,91.41666666666663,0.0
bb_ipp_ground_truth,target_error,1099,91.5,0.0
bb_ipp_ground_truth,target_error,1100,91.58333333333337,0.0
bb_ipp_ground_truth,target_error,1101,91.66666666666663,0.0
bb_ipp_ground_truth,target_error,1102,91.75,0.0
bb_ipp_ground_truth,target_error,1103,91.83333333333337,0.0
bb_ipp_ground_truth,target_error,1104,91.91666666666663,0.0
bb_ipp_ground_truth,target_error,1105,92.0,0.0
bb_ipp_ground_truth,target_error,1106,92.08333333333337,0.0
bb_ipp_ground_truth,target_error,1107,92.16666666666663,0.0
bb_ipp_ground_truth,target_error,1108,92.25,0.0
bb_ipp_ground_truth,target_error,1109,92.33333333333337,0.0
bb_ipp_ground_truth,target_error,1110,92.41666666666663,0.0
bb_ipp_ground_truth,target_error,1111,92.5,0.0
bb_ipp_ground_truth,target_error,1112,92.58333333333337,0.0
bb_ipp_ground_truth,target_error,1113,92.66666666666663,0.0
bb_ipp_ground_truth,target_error,1114,92.75,0.0
bb_ipp_ground_truth,target_error,1115,92.83333333333337,0.0
bb_ipp_ground_truth,target_error,1116,92.91666666666663,0.0
bb_ipp_ground_truth,target_error,1117,93.0,0.0
bb_ipp_ground_truth,target_error,1118,93.08333333333337,0.0
bb_ipp_ground_truth,target_error,1119,93.16666666666663,0.0
bb_ipp_ground_truth,target_error,1120,93.25,0.0
bb_ipp_ground_truth,target_error,1121,93.33333333333337,0.0
bb_ipp_ground_truth,target_error,1122,93.41666666666663,0.0
bb_ipp_ground_truth,target_error,1123,93.5,0.0
bb_ipp_ground_truth,target_error,1124,93.58333333333337,0.0
bb_ipp_ground_truth,target_error,1125,93.66666666666663,0.0
bb_ipp_ground_truth,target_error,1126,93.75,0.0
bb_ipp_ground_truth,target_error,1127,93.83333333333337,0.0
bb_ipp_ground_truth,target_error,1128,93.91666666666663,0.0
bb_ipp_ground_truth,target_error,1129,94.0,0.0
bb_ipp_ground_truth,target_error,1130,94.08333333333337,0.0
bb_ipp_ground_truth,target_error,1131,94.16666666666663,0.0
bb_ipp_ground_truth,target_error,1132,94.25,0.0
bb_ipp_ground_truth,target_error,1133,94.33333333333337,0.0
bb_ipp_ground_truth,target_error,1134,94.41666666666663,0.0
bb_ipp_ground_truth,target_error,1135,94.5,0.0
bb_ipp_ground_truth,target_error,1136,94.58333333333337,0.0
bb_ipp_ground_truth,target_error,1137,94.66666666666663,0.0
bb_ipp_ground_truth,target_error,1138,94.75,0.0
bb_ipp_ground_truth,target_error,1139,94.83333333333337,0.0
bb_ipp_ground_truth,target_error,1140,94.91666666666663,0.0
bb_ipp_ground_truth,target_error,1141,95.0,0.0
bb_ipp_ground_truth,target_error,1142,95.08333333333337,0.0
bb_ipp_ground_truth,target_error,1143,95.16666666666663,0.0
bb_ipp_ground_truth,target_error,1144,95.25,0.0
bb_ipp_ground_truth,target_error,1145,95.33333333333337,0.0
bb_ipp_ground_truth,target_error,1146,95.41666666666663,0.0
bb_ipp_ground_truth,target_error,1147,95.5,0.0
bb_ipp_ground_truth,target_error,1148,95.58333333333337,0.0
bb_ipp_ground_truth,target_error,1149,95.66666666666663,0.0
bb_ipp_ground_truth,target_error,1150,95.75,0.0
bb_ipp_ground_truth,target_error,1151,95.83333333333337,0.0
bb_ipp_ground_truth,target_error,1152,95.91666666666663,0.0
bb_ipp_ground_truth,target_error,1153,96.0,0.0
bb_ipp_ground_truth,target_error,1154,96.08333333333337,0.0
bb_ipp_ground_truth,target_error,1155,96.16666666666663,0.0
bb_ipp_ground_truth,target_error,1156,96.25,0.0
bb_ipp_ground_truth,target_error,1157,96.33333333333337,0.0
bb_ipp_ground_truth,target_error,1158,96.41666666666663,0.0
bb_ipp_ground_truth,target_error,1159,96.5,0.0
bb_ipp_ground_truth,target_error,1160,96.58333333333337,0.0
bb_ipp_ground_truth,target_error,1161,96.66666666666663,0.0
bb_ipp_ground_truth,target_error,1162,96.75,0.0
bb_ipp_ground_truth,target_error,1163,96.83333333333337,0.0
bb_ipp_ground_truth,target_error,1164,96.91666666666663,0.0
bb_ipp_ground_truth,target_error,1165,97.0,0.0
bb_ipp_ground_truth,target_error,1166,97.08333333333337,0.0
bb_ipp_ground_truth,target_error,1167,97.16666666666663,0.0
bb_ipp_ground_truth,target_error,1168,97.25,0.0
bb_ipp_ground_truth,target_error,1169,97.33333333333337,0.0
bb_ipp_ground_truth,target_error,1170,97.41666666666663,0.0
bb_ipp_ground_truth,target_error,1171,97.5,0.0
bb_ipp_ground_truth,target_error,1172,97.58333333333337,0.0
bb_ipp_ground_truth,target_error,1173,97.66666666666663,0.0
bb_ipp_ground_truth,target_error,1174,97.75,0.0
bb_ipp_ground_truth,target_error,1175,97.83333333333337,0.0
bb_ipp_ground_truth,target_error,1176,97.91666666666663,0.0
bb_ipp_ground_truth,target_error,1177,98.0,0.0
bb_ipp_ground_truth,target_error,1178,98.08333333333337,0.0
bb_ipp_ground_truth,target_error,1179,98.16666666666663,0.0
bb_ipp_ground_truth,target_error,1180,98.25,0.0
bb_ipp_ground_truth,target_error,1181,98.33333333333337,0.0
bb_ipp_ground_truth,target_error,1182,98.41666666666663,0.0
bb_ipp_ground_truth,target_error,1183,98.5,0.0
bb_ipp_ground_truth,target_error,1184,98.58333333333337,0.0
bb_ipp_ground_truth,target_error,1185,98.66666666666663,0.0
bb_ipp_ground_truth,target_error,1186,98.75,0.0
bb_ipp_ground_truth,target_error,1187,98.83333333333337,0.0
bb_ipp_ground_truth,target_error,1188,98.91666666666663,0.0
bb_ipp_ground_truth,target_error,1189,99.0,0.0
bb_ipp_ground_truth,target_error,1190,99.08333333333337,0.0
bb_ipp_ground_truth,target_error,1191,99.16666666666663,0.0
bb_ipp_ground_truth,target_error,1192,99.25,0.0
bb_ipp_ground_truth,target_error,1193,99.33333333333337,0.0
bb_ipp_ground_truth,target_error,1194,99.41666666666663,0.0
bb_ipp_ground_truth,target_error,1195,99.5,0.0
bb_ipp_ground_truth,target_error,1196,99.58333333333337,0.0
bb_ipp_ground_truth,target_error,1197,99.66666666666663,0.0
bb_ipp_ground_truth,target_error,1198,99.75,0.0
bb_ipp_ground_truth,target_error,1199,99.83333333333337,0.0
bb_ipp_ground_truth,target_error,1200,99.91666666666663,0.0
bb_ipp_ground_truth,target_error,1201,100.0,0.0
bb_ipp_ground_truth,target_error,1202,100.08333333333337,0.0
bb_ipp_ground_truth,target_error,1203,100.16666666666663,0.0
bb_ipp_ground_truth,target_error,1204,100.25,0.0
bb_ipp_ground_truth,target_error,1205,100.33333333333337,0.0
bb_ipp_ground_truth,target_error,1206,100.41666666666663,0.0
bb_ipp_ground_truth,target_error,1207,100.5,0.0
bb_ipp_ground_truth,target_error,1208,100.58333333333337,0.0
bb_ipp_ground_truth,target_error,1209,100.66666666666663,0.0
bb_ipp_ground_truth,target_error,1210,100.75,0.0
bb_ipp_ground_truth,target_error,1211,100.83333333333337,0.0
bb_ipp_ground_truth,target_error,1212,100.91666666666663,0.0
bb_ipp_ground_truth,target_error,1213,101.0,0.0
bb_ipp_ground_truth,target_error,1214,101.08333333333337,0.0
bb_ipp_ground_truth,target_error,1215,101.16666666666663,0.0
bb_ipp_ground_truth,target_error,1216,101.25,0.0
bb_ipp_ground_truth,target_error,1217,101.33333333333337,0.0
bb_ipp_ground_truth,target_error,1218,101.41666666666663,0.0
bb_ipp_ground_truth,target_error,1219,101.5,0.0
bb_ipp_ground_truth,target_error,1220,101.58333333333337,0.0
bb_ipp_ground_truth,target_error,1221,101.66666666666663,0.0
bb_ipp_ground_truth,target_error,1222,101.75,0.0
bb_ipp_ground_truth,target_error,1223,101.83333333333337,0.0
bb_ipp_ground_truth,target_error,1224,101.91666666666663,0.0
bb_ipp_ground_truth,target_error,1225,102.0,0.0
bb_ipp_ground_truth,target_error,1226,102.08333333333337,0.0
bb_ipp_ground_truth,target_error,1227,102.16666666666663,0.0
bb_ipp_ground_truth,target_error,1228,102.25,0.0
bb_ipp_ground_truth,target_error,1229,102.33333333333337,0.0
bb_ipp_ground_truth,target_error,1230,102.41666666666663,0.0
bb_ipp_ground_truth,target_error,1231,102.5,0.0
bb_ipp_ground_truth,target_error,1232,102.58333333333337,0.0
bb_ipp_ground_truth,target_error,1233,102.66666666666663,0.0
bb_ipp_ground_truth,target_error,1234,102.75,0.0
bb_ipp_ground_truth,target_error,1235,102.83333333333337,0.0
bb_ipp_ground_truth,target_error,1236,102.91666666666663,0.0
bb_ipp_ground_truth,target_error,1237,103.0,0.0
bb_ipp_ground_truth,target_error,1238,103.08333333333337,0.0
bb_ipp_ground_truth,target_error,1239,103.16666666666663,0.0
bb_ipp_ground_truth,target_error,1240,103.25,0.0
bb_ipp_ground_truth,target_error,1241,103.33333333333337,0.0
bb_ipp_ground_truth,target_error,1242,103.41666666666663,0.0
bb_ipp_ground_truth,target_error,1243,103.5,0.0
bb_ipp_ground_truth,target_error,1244,103.58333333333337,0.0
bb_ipp_ground_truth,target_error,1245,103.66666666666663,0.0
bb_ipp_ground_truth,target_error,1246,103.75,0.0
bb_ipp_ground_truth,target_error,1247,103.83333333333337,0.0
bb_ipp_ground_truth,target_error,1248,103.91666666666663,0.0
bb_ipp_ground_truth,target_error,1249,104.0,0.0
bb_ipp_ground_truth,target_error,1250,104.08333333333337,0.0
bb_ipp_ground_truth,target_error,1251,104.16666666666663,0.0
bb_ipp_ground_truth,target_error,1252,104.25,0.0
bb_ipp_ground_truth,target_error,1253,104.33333333333337,0.0
bb_ipp_ground_truth,target_error,1254,104.41666666666663,0.0
bb_ipp_ground_truth,target_error,1255,104.5,0.0
bb_ipp_ground_truth,target_error,1256,104.58333333333337,0.0
bb_ipp_ground_truth,target_error,1257,104.66666666666663,0.0
bb_ipp_ground_truth,target_error,1258,104.75,0.0
bb_ipp_ground_truth,target_error,1259,104.83333333333337,0.0
bb_ipp_ground_truth,target_error,1260,104.91666666666663,0.0
bb_ipp_ground_truth,target_error,1261,105.0,0.0
bb_ipp_ground_truth,target_error,1262,105.08333333333337,0.0
bb_ipp_ground_truth,target_error,1263,105.16666666666663,0.0
bb_ipp_ground_truth,target_error,1264,105.25,0.0
bb_ipp_ground_truth,target_error,1265,105.33333333333337,0.0
bb_ipp_ground_truth,target_error,1266,105.41666666666663,0.0
bb_ipp_ground_truth,target_error,1267,105.5,0.0
bb_ipp_ground_truth,target_error,1268,105.58333333333337,0.0
bb_ipp_ground_truth,target_error,1269,105.66666666666663,0.0
bb_ipp_ground_truth,target_error,1270,105.75,0.0
bb_ipp_ground_truth,target_error,1271,105.83333333333337,0.0
bb_ipp_ground_truth,target_error,1272,105.91666666666663,0.0
bb_ipp_ground_truth,target_error,1273,106.0,0.0
bb_ipp_ground_truth,target_error,1274,106.08333333333337,0.0
bb_ipp_ground_truth,target_error,1275,106.16666666666663,0.0
bb_ipp_ground_truth,target_error,1276,106.25,0.0
bb_ipp_ground_truth,target_error,1277,106.33333333333337,0.0
bb_ipp_ground_truth,target_error,1278,106.41666666666663,0.0
bb_ipp_ground_truth,target_error,1279,106.5,0.0
bb_ipp_ground_truth,target_error,1280,106.58333333333337,0.0
bb_ipp_ground_truth,target_error,1281,106.66666666666663,0.0
bb_ipp_ground_truth,target_error,1282,106.75,0.0
bb_ipp_ground_truth,target_error,1283,106.83333333333337,0.0
bb_ipp_ground_truth,target_error,1284,106.91666666666663,0.0
bb_ipp_ground_truth,target_error,1285,107.0,0.0
bb_ipp_ground_truth,target_error,1286,107.08333333333337,0.0
bb_ipp_ground_truth,target_error,1287,107.16666666666663,0.0
bb_ipp_ground_truth,target_error,1288,107.25,0.0
bb_ipp_ground_truth,target_error,1289,107.33333333333337,0.0
bb_ipp_ground_truth,target_error,1290,107.41666666666663,0.0
bb_ipp_ground_truth,target_error,1291,107.5,0.0
bb_ipp_ground_truth,target_error,1292,107.58333333333337,0.0
bb_ipp_ground_truth,target_error,1293,107.66666666666663,0.0
bb_ipp_ground_truth,target_error,1294,107.75,0.0
bb_ipp_ground_truth,target_error,1295,107.83333333333337,0.0
bb_ipp_ground_truth,target_error,1296,107.91666666666663,0.0
bb_ipp_ground_truth,target_error,1297,108.0,0.0
bb_ipp_ground_truth,target_error,1298,108.08333333333337,0.0
bb_ipp_ground_truth,target_error,1299,108.16666666666663,0.0
bb_ipp_ground_truth,target_error,1300,108.25,0.0
bb_ipp_ground_truth,target_error,1301,108.33333333333337,0.0
bb_ipp_ground_truth,target_error,1302,108.41666666666663,0.0
bb_ipp_ground_truth,target_error,1303,108.5,0.0
bb_ipp_ground_truth,target_error,1304,108.58333333333337,0.0
bb_ipp_ground_truth,target_error,1305,108.66666666666663,0.0
bb_ipp_ground_truth,target_error,1306,108.75,0.0
bb_ipp_ground_truth,target_error,1307,108.83333333333337,0.0
bb_ipp_ground_truth,target_error,1308,108.91666666666663,0.0
bb_ipp_ground_truth,target_error,1309,109.0,0.0
bb_ipp_ground_truth,target_error,1310,109.08333333333337,0.0
bb_ipp_ground_truth,target_error,1311,109.16666666666663,0.0
bb_ipp_ground_truth,target_error,1312,109.25,0.0
bb_ipp_ground_truth,target_error,1313,109.33333333333337,0.0
bb_ipp_ground_truth,target_error,1314,109.41666666666663,0.0
bb_ipp_ground_truth,target_error,1315,109.5,0.0
bb_ipp_ground_truth,target_error,1316,109.58333333333337,0.0
bb_ipp_ground_truth,target_error,1317,109.66666666666663,0.0
bb_ipp_ground_truth,target_error,1318,109.75,0.0
bb_ipp_ground_truth,target_error,1319,109.83333333333337,0.0
bb_ipp_ground_truth,target_error,1320,109.91666666666663,0.0
bb_ipp_ground_truth,target_error,1321,110.0,0.0
bb_ipp_ground_truth,target_error,1322,110.08333333333337,0.0
bb_ipp_ground_truth,target_error,1323,110.16666666666663,0.0
bb_ipp_ground_truth,target_error,1324,110.25,0.0
bb_ipp_ground_truth,target_error,1325,110.33333333333337,0.0
bb_ipp_ground_truth,target_error,1326,110.41666666666663,0.0
bb_ipp_ground_truth,target_error,1327,110.5,0.0
bb_ipp_ground_truth,target_error,1328,110.58333333333337,0.0
bb_ipp_ground_truth,target_error,1329,110.66666666666663,0.0
bb_ipp_ground_truth,target_error,1330,110.75,0.0
bb_ipp_ground_truth,target_error,1331,110.83333333333337,0.0
bb_ipp_ground_truth,target_error,1332,110.91666666666663,0.0
bb_ipp_ground_truth,target_error,1333,111.0,0.0
bb_ipp_ground_truth,target_error,1334,111.08333333333337,0.0
bb_ipp_ground_truth,target_error,1335,111.16666666666663,0.0
bb_ipp_ground_truth,target_error,1336,111.25,0.0
bb_ipp_ground_truth,target_error,1337,111.33333333333337,0.0
bb_ipp_ground_truth,target_error,1338,111.41666666666663,0.0
bb_ipp_ground_truth,target_error,1339,111.5,0.0
bb_ipp_ground_truth,target_error,1340,111.58333333333337,0.0
bb_ipp_ground_truth,target_error,1341,111.66666666666663,0.0
bb_ipp_ground_truth,target_error,1342,111.75,0.0
bb_ipp_ground_truth,target_error,1343,111.83333333333337,0.0
bb_ipp_ground_truth,target_error,1344,111.91666666666663,0.0
bb_ipp_ground_truth,target_error,1345,112.0,0.0
bb_ipp_ground_truth,target_error,1346,112.08333333333337,0.0
bb_ipp_ground_truth,target_error,1347,112.16666666666663,0.0
bb_ipp_ground_truth,target_error,1348,112.25,0.0
bb_ipp_ground_truth,target_error,1349,112.33333333333337,0.0
bb_ipp_ground_truth,target_error,1350,112.41666666666663,0.0
bb_ipp_ground_truth,target_error,1351,112.5,0.0
bb_ipp_ground_truth,target_error,1352,112.58333333333337,0.0
bb_ipp_ground_truth,target_error,1353,112.66666666666663,0.0
bb_ipp_ground_truth,target_error,1354,112.75,0.0
bb_ipp_ground_truth,target_error,1355,112.83333333333337,0.0
bb_ipp_ground_truth,target_error,1356,112.91666666666663,0.0
bb_ipp_ground_truth,target_error,1357,113.0,0.0
bb_ipp_ground_truth,target_error,1358,113.08333333333337,0.0
bb_ipp_ground_truth,target_error,1359,113.16666666666663,0.0
bb_ipp_ground_truth,target_error,1360,113.25,0.0
bb_ipp_ground_truth,target_error,1361,113.33333333333337,0.0
bb_ipp_ground_truth,target_error,1362,113.41666666666663,0.0
bb_ipp_ground_truth,target_error,1363,113.5,0.0
bb_ipp_ground_truth,target_error,1364,113.58333333333337,0.0
bb_ipp_ground_truth,target_error,1365,113.66666666666663,0.0
bb_ipp_ground_truth,target_error,1366,113.75,0.0
bb_ipp_ground_truth,target_error,1367,113.83333333333337,0.0
bb_ipp_ground_truth,target_error,1368,113.91666666666663,0.0
bb_ipp_ground_truth,target_error,1369,114.0,0.0
bb_ipp_ground_truth,target_error,1370,114.08333333333337,0.0
bb_ipp_ground_truth,target_error,1371,114.16666666666663,0.0
bb_ipp_ground_truth,target_error,1372,114.25,0.0
bb_ipp_ground_truth,target_error,1373,114.33333333333337,0.0
bb_ipp_ground_truth,target_error,1374,114.41666666666663,0.0
bb_ipp_ground_truth,target_error,1375,114.5,0.0
bb_ipp_ground_truth,target_error,1376,114.58333333333337,0.0
bb_ipp_ground_truth,target_error,1377,114.66666666666663,0.0
bb_ipp_ground_truth,target_error,1378,114.75,0.0
bb_ipp_ground_truth,target_error,1379,114.83333333333337,0.0
bb_ipp_ground_truth,target_error,1380,114.91666666666663,0.0
bb_ipp_ground_truth,target_error,1381,115.0,0.0
bb_ipp_ground_truth,target_error,1382,115.08333333333337,0.0
bb_ipp_ground_truth,target_error,1383,115.16666666666663,0.0
bb_ipp_ground_truth,target_error,1384,115.25,0.0
bb_ipp_ground_truth,target_error,1385,115.33333333333337,0.0
bb_ipp_ground_truth,target_error,1386,115.41666666666663,0.0
bb_ipp_ground_truth,target_error,1387,115.5,0.0
bb_ipp_ground_truth,target_error,1388,115.58333333333337,0.0
bb_ipp_ground_truth,target_error,1389,115.66666666666663,0.0
bb_ipp_ground_truth,target_error,1390,115.75,0.0
bb_ipp_ground_truth,target_error,1391,115.83333333333337,0.0
bb_ipp_ground_truth,target_error,1392,115.91666666666663,0.0
bb_ipp_ground_truth,target_error,1393,116.0,0.0
bb_ipp_ground_truth,target_error,1394,116.08333333333337,0.0
bb_ipp_ground_truth,target_error,1395,116.16666666666663,0.0
bb_ipp_ground_truth,target_error,1396,116.25,0.0
bb_ipp_ground_truth,target_error,1397,116.33333333333337,0.0
bb_ipp_ground_truth,target_error,1398,116.41666666666663,0.0
bb_ipp_ground_truth,target_error,1399,116.5,0.0
bb_ipp_ground_truth,target_error,1400,116.58333333333337,0.0
bb_ipp_ground_truth,target_error,1401,116.66666666666663,0.0
bb_ipp_ground_truth,target_error,1402,116.75,0.0
bb_ipp_ground_truth,target_error,1403,116.83333333333337,0.0
bb_ipp_ground_truth,target_error,1404,116.91666666666663,0.0
bb_ipp_ground_truth,target_error,1405,117.0,0.0
bb_ipp_ground_truth,target_error,1406,117.08333333333337,0.0
bb_ipp_ground_truth,target_error,1407,117.16666666666663,0.0
bb_ipp_ground_truth,target_error,1408,117.25,0.0
bb_ipp_ground_truth,target_error,1409,117.33333333333337,0.0
bb_ipp_ground_truth,target_error,1410,117.41666666666663,0.0
bb_ipp_ground_truth,target_error,1411,117.5,0.0
bb_ipp_ground_truth,target_error,1412,117.58333333333337,0.0
bb_ipp_ground_truth,target_error,1413,117.66666666666663,0.0
bb_ipp_ground_truth,target_error,1414,117.75,0.0
bb_ipp_ground_truth,target_error,1415,117.83333333333337,0.0
bb_ipp_ground_truth,target_error,1416,117.91666666666663,0.0
bb_ipp_ground_truth,target_error,1417,118.0,0.0
bb_ipp_ground_truth,target_error,1418,118.08333333333337,0.0
bb_ipp_ground_truth,target_error,1419,118.16666666666663,0.0
bb_ipp_ground_truth,target_error,1420,118.25,0.0
bb_ipp_ground_truth,target_error,1421,118.33333333333337,0.0
bb_ipp_ground_truth,target_error,1422,118.41666666666663,0.0
bb_ipp_ground_truth,target_error,1423,118.5,0.0
bb_ipp_ground_truth,target_error,1424,118.58333333333337,0.0
bb_ipp_ground_truth,target_error,1425,118.66666666666663,0.0
bb_ipp_ground_truth,target_error,1426,118.75,0.0
bb_ipp_ground_truth,target_error,1427,118.83333333333337,0.0
bb_ipp_ground_truth,target_error,1428,118.91666666666663,0.0
bb_ipp_ground_truth,target_error,1429,119.0,0.0
bb_ipp_ground_truth,target_error,1430,119.08333333333337,0.0
bb_ipp_ground_truth,target_error,1431,119.16666666666663,0.0
bb_ipp_ground_truth,target_error,1432,119.25,0.0
bb_ipp_ground_truth,target_error,1433,119.33333333333337,0.0
bb_ipp_ground_truth,target_error,1434,119.41666666666663,0.0
bb_ipp_ground_truth,target_error,1435,119.5,0.0
bb_ipp_ground_truth,target_error,1436,119.58333333333337,0.0
bb_ipp_ground_truth,target_error,1437,119.66666666666663,0.0
bb_ipp_ground_truth,target_error,1438,119.75,0.0
bb_ipp_ground_truth,target_error,1439,119.83333333333337,0.0
bb_ipp_ground_truth,target_error,1440,119.91666666666663,0.0
bb_ipp_ground_truth,target_error,1441,120.0,0.0
bb_ipp_ground_truth,target_error,1442,120.08333333333337,0.0
bb_ipp_ground_truth,target_error,1443,120.16666666666663,0.0
bb_ipp_ground_truth,target_error,1444,120.25,0.0
bb_ipp_ground_truth,target_error,1445,120.33333333333337,0.0
bb_ipp_ground_truth,target_error,1446,120.41666666666663,0.0
bb_ipp_ground_truth,target_error,1447,120.5,0.0
bb_ipp_ground_truth,target_error,1448,120.58333333333337,0.0
bb_ipp_ground_truth,target_error,1449,120.66666666666663,0.0
bb_ipp_ground_truth,target_error,1450,120.75,0.0
bb_ipp_ground_truth,target_error,1451,120.83333333333337,0.0
bb_ipp_ground_truth,target_error,1452,120.91666666666663,0.0
bb_ipp_ground_truth,target_error,1453,121.0,0.0
bb_ipp_ground_truth,target_error,1454,121.08333333333337,0.0
bb_ipp_ground_truth,target_error,1455,121.16666666666663,0.0
bb_ipp_ground_truth,target_error,1456,121.25,0.0
bb_ipp_ground_truth,target_error,1457,121.33333333333337,0.0
bb_ipp_ground_truth,target_error,1458,121.41666666666663,0.0
bb_ipp_ground_truth,target_error,1459,121.5,0.0
bb_ipp_ground_truth,target_error,1460,121.58333333333337,0.0
bb_ipp_ground_truth,target_error,1461,121.66666666666663,0.0
bb_ipp_ground_truth,target_error,1462,121.75,0.0
bb_ipp_ground_truth,target_error,1463,121.83333333333337,0.0
bb_ipp_ground_truth,target_error,1464,121.91666666666663,0.0
bb_ipp_ground_truth,target_error,1465,122.0,0.0
bb_ipp_ground_truth,target_error,1466,122.08333333333337,0.0
bb_ipp_ground_truth,target_error,1467,122.16666666666663,0.0
bb_ipp_ground_truth,target_error,1468,122.25,0.0
bb_ipp_ground_truth,target_error,1469,122.33333333333337,0.0
bb_ipp_ground_truth,target_error,1470,122.41666666666663,0.0
bb_ipp_ground_truth,target_error,1471,122.5,0.0
bb_ipp_ground_truth,target_error,1472,122.58333333333337,0.0
bb_ipp_ground_truth,target_error,1473,122.66666666666663,0.0
bb_ipp_ground_truth,target_error,1474,122.75,0.0
bb_ipp_ground_truth,target_error,1475,122.83333333333337,0.0
bb_ipp_ground_truth,target_error,1476,122.91666666666663,0.0
bb_ipp_ground_truth,target_error,1477,123.0,0.0
bb_ipp_ground_truth,target_error,1478,123.08333333333337,0.0
bb_ipp_ground_truth,target_error,1479,123.16666666666663,0.0
bb_ipp_ground_truth,target_error,1480,123.25,0.0
bb_ipp_ground_truth,target_error,1481,123.33333333333337,0.0
bb_ipp_ground_truth,target_error,1482,123.41666666666663,0.0
bb_ipp_ground_truth,target_error,1483,123.5,0.0
bb_ipp_ground_truth,target_error,1484,123.58333333333337,0.0
bb_ipp_ground_truth,target_error,1485,123.66666666666663,0.0
bb_ipp_ground_truth,target_error,1486,123.75,0.0
bb_ipp_ground_truth,target_error,1487,123.83333333333337,0.0
bb_ipp_ground_truth,target_error,1488,123.91666666666663,0.0
bb_ipp_ground_truth,target_error,1489,124.0,0.0
bb_ipp_ground_truth,target_error,1490,124.08333333333337,0.0
bb_ipp_ground_truth,target_error,1491,124.16666666666663,0.0
bb_ipp_ground_truth,target_error,1492,124.25,0.0
bb_ipp_ground_truth,target_error,1493,124.33333333333337,0.0
bb_ipp_ground_truth,target_error,1494,124.41666666666663,0.0
bb_ipp_ground_truth,target_error,1495,124.5,0.0
bb_ipp_ground_truth,target_error,1496,124.58333333333337,0.0
bb_ipp_ground_truth,target_error,1497,124.66666666666663,0.0
bb_ipp_ground_truth,target_error,1498,124.75,0.0
bb_ipp_ground_truth,target_error,1499,124.83333333333337,0.0
bb_ipp_ground_truth,target_error,1500,124.91666666666663,0.0
bb_ipp_ground_truth,target_error,1501,125.0,0.0
bb_ipp_ground_truth,target_error,1502,125.08333333333337,0.0
bb_ipp_ground_truth,target_error,1503,125.16666666666663,0.0
bb_ipp_ground_truth,target_error,1504,125.25,0.0
bb_ipp_ground_truth,target_error,1505,125.33333333333337,0.0
bb_ipp_ground_truth,target_error,1506,125.41666666666663,0.0
bb_ipp_ground_truth,target_error,1507,125.5,0.0
bb_ipp_ground_truth,target_error,1508,125.58333333333337,0.0
bb_ipp_ground_truth,target_error,1509,125.66666666666663,0.0
bb_ipp_ground_truth,target_error,1510,125.75,0.0
bb_ipp_ground_truth,target_error,1511,125.83333333333337,0.0
bb_ipp_ground_truth,target_error,1512,125.91666666666663,0.0
bb_ipp_ground_truth,target_error,1513,126.0,0.0
bb_ipp_ground_truth,target_error,1514,126.08333333333337,0.0
bb_ipp_ground_truth,target_error,1515,126.16666666666663,0.0
bb_ipp_ground_truth,target_error,1516,126.25,0.0
bb_ipp_ground_truth,target_error,1517,126.33333333333337,0.0
bb_ipp_ground_truth,target_error,1518,126.41666666666663,0.0
bb_ipp_ground_truth,target_error,1519,126.5,0.0
bb_ipp_ground_truth,target_error,1520,126.58333333333337,0.0
bb_ipp_ground_truth,target_error,1521,126.66666666666663,0.0
bb_ipp_ground_truth,target_error,1522,126.75,0.0
bb_ipp_ground_truth,target_error,1523,126.83333333333337,0.0
bb_ipp_ground_truth,target_error,1524,126.91666666666663,0.0
bb_ipp_ground_truth,target_error,1525,127.0,0.0
bb_ipp_ground_truth,target_error,1526,127.08333333333337,0.0
bb_ipp_ground_truth,target_error,1527,127.16666666666663,0.0
bb_ipp_ground_truth,target_error,1528,127.25,0.0
bb_ipp_ground_truth,target_error,1529,127.33333333333337,0.0
bb_ipp_ground_truth,target_error,1530,127.41666666666663,0.0
bb_ipp_ground_truth,target_error,1531,127.5,0.0
bb_ipp_ground_truth,target_error,1532,127.58333333333337,0.0
bb_ipp_ground_truth,target_error,1533,127.66666666666663,0.0
bb_ipp_ground_truth,target_error,1534,127.75,0.0
bb_ipp_ground_truth,target_error,1535,127.83333333333337,0.0
bb_ipp_ground_truth,target_error,1536,127.91666666666663,0.0
bb_ipp_ground_truth,target_error,1537,128.0,0.0
bb_ipp_ground_truth,target_error,1538,128.08333333333337,0.0
bb_ipp_ground_truth,target_error,1539,128.16666666666663,0.0
bb_ipp_ground_truth,target_error,1540,128.25,0.0
bb_ipp_ground_truth,target_error,1541,128.33333333333337,0.0
bb_ipp_ground_truth,target_error,1542,128.41666666666663,0.0
bb_ipp_ground_truth,target_error,1543,128.5,0.0
bb_ipp_ground_truth,target_error,1544,128.58333333333337,0.0
bb_ipp_ground_truth,target_error,1545,128.66666666666663,0.0
bb_ipp_ground_truth,target_error,1546,128.75,0.0
bb_ipp_ground_truth,target_error,1547,128.83333333333337,0.0
bb_ipp_ground_truth,target_error,1548,128.91666666666663,0.0
bb_ipp_ground_truth,target_error,1549,129.0,0.0
bb_ipp_ground_truth,target_error,1550,129.08333333333337,0.0
bb_ipp_ground_truth,target_error,1551,129.16666666666663,0.0
bb_ipp_ground_truth,target_error,1552,129.25,0.0
bb_ipp_ground_truth,target_error,1553,129.33333333333337,0.0
bb_ipp_ground_truth,target_error,1554,129.41666666666663,0.0
bb_ipp_ground_truth,target_error,1555,129.5,0.0
bb_ipp_ground_truth,target_error,1556,129.58333333333337,0.0
bb_ipp_ground_truth,target_error,1557,129.66666666666663,0.0
bb_ipp_ground_truth,target_error,1558,129.75,0.0
bb_ipp_ground_truth,target_error,1559,129.83333333333337,0.0
bb_ipp_ground_truth,target_error,1560,129.91666666666663,0.0
bb_ipp_ground_truth,target_error,1561,130.0,0.0
bb_ipp_ground_truth,target_error,1562,130.08333333333337,0.0
bb_ipp_ground_truth,target_error,1563,130.16666666666663,0.0
bb_ipp_ground_truth,target_error,1564,130.25,0.0
bb_ipp_ground_truth,target_error,1565,130.33333333333337,0.0
bb_ipp_ground_truth,target_error,1566,130.41666666666663,0.0
bb_ipp_ground_truth,target_error,1567,130.5,0.0
bb_ipp_ground_truth,target_error,1568,130.58333333333337,0.0
bb_ipp_ground_truth,target_error,1569,130.66666666666663,0.0
bb_ipp_ground_truth,target_error,1570,130.75,0.0
bb_ipp_ground_truth,target_error,1571,130.83333333333337,0.0
bb_ipp_ground_truth,target_error,1572,130.91666666666663,0.0
bb_ipp_ground_truth,target_error,1573,131.0,0.0
bb_ipp_ground_truth,target_error,1574,131.08333333333337,0.0
bb_ipp_ground_truth,target_error,1575,131.16666666666663,0.0
bb_ipp_ground_truth,target_error,1576,131.25,0.0
bb_ipp_ground_truth,target_error,1577,131.33333333333337,0.0
bb_ipp_ground_truth,target_error,1578,131.41666666666663,0.0
bb_ipp_ground_truth,target_error,1579,131.5,0.0
bb_ipp_ground_truth,target_error,1580,131.58333333333337,0.0
bb_ipp_ground_truth,target_error,1581,131.66666666666663,0.0
bb_ipp_ground_truth,target_error,1582,131.75,0.0
bb_ipp_ground_truth,target_error,1583,131.83333333333337,0.0
bb_ipp_ground_truth,target_error,1584,131.91666666666663,0.0
bb_ipp_ground_truth,target_error,1585,132.0,0.0
bb_ipp_ground_truth,target_error,1586,132.08333333333337,0.0
bb_ipp_ground_truth,target_error,1587,132.16666666666663,0.0
bb_ipp_ground_truth,target_error,1588,132.25,0.0
bb_ipp_ground_truth,target_error,1589,132.33333333333337,0.0
bb_ipp_ground_truth,target_error,1590,132.41666666666663,0.0
bb_ipp_ground_truth,target_error,1591,132.5,0.0
bb_ipp_ground_truth,target_error,1592,132.58333333333337,0.0
bb_ipp_ground_truth,target_error,1593,132.66666666666663,0.0
bb_ipp_ground_truth,target_error,1594,132.75,0.0
bb_ipp_ground_truth,target_error,1595,132.83333333333337,0.0
bb_ipp_ground_truth,target_error,1596,132.91666666666663,0.0
bb_ipp_ground_truth,target_error,1597,133.0,0.0
bb_ipp_ground_truth,target_error,1598,133.08333333333337,0.0
bb_ipp_ground_truth,target_error,1599,133.16666666666663,0.0
bb_ipp_ground_truth,target_error,1600,133.25,0.0
bb_ipp_ground_truth,target_error,1601,133.33333333333337,0.0
bb_ipp_ground_truth,target_error,1602,133.41666666666663,0.0
bb_ipp_ground_truth,target_error,1603,133.5,0.0
bb_ipp_ground_truth,target_error,1604,133.58333333333337,0.0
bb_ipp_ground_truth,target_error,1605,133.66666666666663,0.0
bb_ipp_ground_truth,target_error,1606,133.75,0.0
bb_ipp_ground_truth,target_error,1607,133.83333333333337,0.0
bb_ipp_ground_truth,target_error,1608,133.91666666666663,0.0
bb_ipp_ground_truth,target_error,1609,134.0,0.0
bb_ipp_ground_truth,target_error,1610,134.08333333333337,0.0
bb_ipp_ground_truth,target_error,1611,134.16666666666663,0.0
bb_ipp_ground_truth,target_error,1612,134.25,0.0
bb_ipp_ground_truth,target_error,1613,134.33333333333337,0.0
bb_ipp_ground_truth,target_error,1614,134.41666666666663,0.0
bb_ipp_ground_truth,target_error,1615,134.5,0.0
bb_ipp_ground_truth,target_error,1616,134.58333333333337,0.0
bb_ipp_ground_truth,target_error,1617,134.66666666666663,0.0
bb_ipp_ground_truth,target_error,1618,134.75,0.0
bb_ipp_ground_truth,target_error,1619,134.83333333333337,0.0
bb_ipp_ground_truth,target_error,1620,134.91666666666663,0.0
bb_ipp_ground_truth,target_error,1621,135.0,0.0
bb_ipp_ground_truth,target_error,1622,135.08333333333337,0.0
bb_ipp_ground_truth,target_error,1623,135.16666666666663,0.0
bb_ipp_ground_truth,target_error,1624,135.25,0.0
bb_ipp_ground_truth,target_error,1625,135.33333333333337,0.0
bb_ipp_ground_truth,target_error,1626,135.41666666666663,0.0
bb_ipp_ground_truth,target_error,1627,135.5,0.0
bb_ipp_ground_truth,target_error,1628,135.58333333333337,0.0
bb_ipp_ground_truth,target_error,1629,135.66666666666663,0.0
bb_ipp_ground_truth,target_error,1630,135.75,0.0
bb_ipp_ground_truth,target_error,1631,135.83333333333337,0.0
bb_ipp_ground_truth,target_error,1632,135.91666666666663,0.0
bb_ipp_ground_truth,target_error,1633,136.0,0.0
bb_ipp_ground_truth,target_error,1634,136.08333333333337,0.0
bb_ipp_ground_truth,target_error,1635,136.16666666666663,0.0
bb_ipp_ground_truth,target_error,1636,136.25,0.0
bb_ipp_ground_truth,target_error,1637,136.33333333333337,0.0
bb_ipp_ground_truth,target_error,1638,136.41666666666663,0.0
bb_ipp_ground_truth,target_error,1639,136.5,0.0
bb_ipp_ground_truth,target_error,1640,136.58333333333337,0.0
bb_ipp_ground_truth,target_error,1641,136.66666666666663,0.0
bb_ipp_ground_truth,target_error,1642,136.75,0.0
bb_ipp_ground_truth,target_error,1643,136.83333333333337,0.0
bb_ipp_ground_truth,target_error,1644,136.91666666666663,0.0
bb_ipp_ground_truth,target_error,1645,137.0,0.0
bb_ipp_ground_truth,target_error,1646,137.08333333333337,0.0
bb_ipp_ground_truth,target_error,1647,137.16666666666663,0.0
bb_ipp_ground_truth,target_error,1648,137.25,0.0
bb_ipp_ground_truth,target_error,1649,137.33333333333337,0.0
bb_ipp_ground_truth,target_error,1650,137.41666666666663,0.0
bb_ipp_ground_truth,target_error,1651,137.5,0.0
bb_ipp_ground_truth,target_error,1652,137.58333333333337,0.0
bb_ipp_ground_truth,target_error,1653,137.66666666666663,0.0
bb_ipp_ground_truth,target_error,1654,137.75,0.0
bb_ipp_ground_truth,target_error,1655,137.83333333333337,0.0
bb_ipp_ground_truth,target_error,1656,137.91666666666663,0.0
bb_ipp_ground_truth,target_error,1657,138.0,0.0
bb_ipp_ground_truth,target_error,1658,138.08333333333337,0.0
bb_ipp_ground_truth,target_error,1659,138.16666666666663,0.0
bb_ipp_ground_truth,target_error,1660,138.25,0.0
bb_ipp_ground_truth,target_error,1661,138.33333333333337,0.0
bb_ipp_ground_truth,target_error,1662,138.41666666666663,0.0
bb_ipp_ground_truth,target_error,1663,138.5,0.0
bb_ipp_ground_truth,target_error,1664,138.58333333333337,0.0
bb_ipp_ground_truth,target_error,1665,138.66666666666663,0.0
bb_ipp_ground_truth,target_error,1666,138.75,0.0
bb_ipp_ground_truth,target_error,1667,138.83333333333337,0.0
bb_ipp_ground_truth,target_error,1668,138.91666666666663,0.0
bb_ipp_ground_truth,target_error,1669,139.0,0.0
bb_ipp_ground_truth,target_error,1670,139.08333333333337,0.0
bb_ipp_ground_truth,target_error,1671,139.16666666666663,0.0
bb_ipp_ground_truth,target_error,1672,139.25,0.0
bb_ipp_ground_truth,target_error,1673,139.33333333333337,0.0
bb_ipp_ground_truth,target_error,1674,139.41666666666663,0.0
bb_ipp_ground_truth,target_error,1675,139.5,0.0
bb_ipp_ground_truth,target_error,1676,139.58333333333337,0.0
bb_ipp_ground_truth,target_error,1677,139.66666666666663,0.0
bb_ipp_ground_truth,target_error,1678,139.75,0.0
bb_ipp_ground_truth,target_error,1679,139.83333333333337,0.0
bb_ipp_ground_truth,target_error,1680,139.91666666666663,0.0
bb_ipp_ground_truth,target_error,1681,140.0,0.0
bb_ipp_ground_truth,target_error,1682,140.08333333333337,0.0
bb_ipp_ground_truth,target_error,1683,140.16666666666663,0.0
bb_ipp_ground_truth,target_error,1684,140.25,0.0
bb_ipp_ground_truth,target_error,1685,140.33333333333337,0.0
bb_ipp_ground_truth,target_error,1686,140.41666666666663,0.0
bb_ipp_ground_truth,target_error,1687,140.5,0.0
bb_ipp_ground_truth,target_error,1688,140.58333333333337,0.0
bb_ipp_ground_truth,target_error,1689,140.66666666666663,0.0
bb_ipp_ground_truth,target_error,1690,140.75,0.0
bb_ipp_ground_truth,target_error,1691,140.83333333333337,0.0
bb_ipp_ground_truth,target_error,1692,140.91666666666663,0.0
bb_ipp_ground_truth,target_error,1693,141.0,0.0
bb_ipp_ground_truth,target_error,1694,141.08333333333337,0.0
bb_ipp_ground_truth,target_error,1695,141.16666666666663,0.0
bb_ipp_ground_truth,target_error,1696,141.25,0.0
bb_ipp_ground_truth,target_error,1697,141.33333333333337,0.0
bb_ipp_ground_truth,target_error,1698,141.41666666666663,0.0
bb_ipp_ground_truth,target_error,1699,141.5,0.0
bb_ipp_ground_truth,target_error,1700,141.58333333333337,0.0
bb_ipp_ground_truth,target_error,1701,141.66666666666663,0.0
bb_ipp_ground_truth,target_error,1702,141.75,0.0
bb_ipp_ground_truth,target_error,1703,141.83333333333337,0.0
bb_ipp_ground_truth,target_error,1704,141.91666666666663,0.0
bb_ipp_ground_truth,target_error,1705,142.0,0.0
bb_ipp_ground_truth,target_error,1706,142.08333333333337,0.0
bb_ipp_ground_truth,target_error,1707,142.16666666666663,0.0
bb_ipp_ground_truth,target_error,1708,142.25,0.0
bb_ipp_ground_truth,target_error,1709,142.33333333333337,0.0
bb_ipp_ground_truth,target_error,1710,142.41666666666663,0.0
bb_ipp_ground_truth,target_error,1711,142.5,0.0
bb_ipp_ground_truth,target_error,1712,142.58333333333337,0.0
bb_ipp_ground_truth,target_error,1713,142.66666666666663,0.0
bb_ipp_ground_truth,target_error,1714,142.75,0.0
bb_ipp_ground_truth,target_error,1715,142.83333333333337,0.0
bb_ipp_ground_truth,target_error,1716,142.91666666666663,0.0
bb_ipp_ground_truth,target_error,1717,143.0,0.0
bb_ipp_ground_truth,target_error,1718,143.08333333333337,0.0
bb_ipp_ground_truth,target_error,1719,143.16666666666663,0.0
bb_ipp_ground_truth,target_error,1720,143.25,0.0
bb_ipp_ground_truth,target_error,1721,143.33333333333337,0.0
bb_ipp_ground_truth,target_error,1722,143.41666666666663,0.0
bb_ipp_ground_truth,target_error,1723,143.5,0.0
bb_ipp_ground_truth,target_error,1724,143.58333333333337,0.0
bb_ipp_ground_truth,target_error,1725,143.66666666666663,0.0
bb_ipp_ground_truth,target_error,1726,143.75,0.0
bb_ipp_ground_truth,target_error,1727,143.83333333333337,0.0
bb_ipp_ground_truth,target_error,1728,143.91666666666663,0.0
bb_ipp_ground_truth,target_error,1729,144.0,0.0
bb_ipp_ground_truth,target_error,1730,144.08333333333337,0.0
bb_ipp_ground_truth,target_error,1731,144.16666666666663,0.0
bb_ipp_ground_truth,target_error,1732,144.25,0.0
bb_ipp_ground_truth,target_error,1733,144.33333333333337,0.0
bb_ipp_ground_truth,target_error,1734,144.41666666666663,0.0
bb_ipp_ground_truth,target_error,1735,144.5,0.0
bb_ipp_ground_truth,target_error,1736,144.58333333333337,0.0
bb_ipp_ground_truth,target_error,1737,144.66666666666663,0.0
bb_ipp_ground_truth,target_error,1738,144.75,0.0
bb_ipp_ground_truth,target_error,1739,144.83333333333337,0.0
bb_ipp_ground_truth,target_error,1740,144.91666666666663,0.0
bb_ipp_ground_truth,target_error,1741,145.0,0.0
bb_ipp_ground_truth,target_error,1742,145.08333333333337,0.0
bb_ipp_ground_truth,target_error,1743,145.16666666666663,0.0
bb_ipp_ground_truth,target_error,1744,145.25,0.0
bb_ipp_ground_truth,target_error,1745,145.33333333333337,0.0
bb_ipp_ground_truth,target_error,1746,145.41666666666663,0.0
bb_ipp_ground_truth,target_error,1747,145.5,0.0
bb_ipp_ground_truth,target_error,1748,145.58333333333337,0.0
bb_ipp_ground_truth,target_error,1749,145.66666666666663,0.0
bb_ipp_ground_truth,target_error,1750,145.75,0.0
bb_ipp_ground_truth,target_error,1751,145.83333333333337,0.0
bb_ipp_ground_truth,target_error,1752,145.91666666666663,0.0
bb_ipp_ground_truth,target_error,1753,146.0,0.0
bb_ipp_ground_truth,target_error,1754,146.08333333333337,0.0
bb_ipp_ground_truth,target_error,1755,146.16666666666663,0.0
bb_ipp_ground_truth,target_error,1756,146.25,0.0
bb_ipp_ground_truth,target_error,1757,146.33333333333337,0.0
bb_ipp_ground_truth,target_error,1758,146.41666666666663,0.0
bb_ipp_ground_truth,target_error,1759,146.5,0.0
bb_ipp_ground_truth,target_error,1760,146.58333333333337,0.0
bb_ipp_ground_truth,target_error,1761,146.66666666666663,0.0
bb_ipp_ground_truth,target_error,1762,146.75,0.0
bb_ipp_ground_truth,target_error,1763,146.83333333333337,0.0
bb_ipp_ground_truth,target_error,1764,146.91666666666663,0.0
bb_ipp_ground_truth,target_error,1765,147.0,0.0
bb_ipp_ground_truth,target_error,1766,147.08333333333337,0.0
bb_ipp_ground_truth,target_error,1767,147.16666666666663,0.0
bb_ipp_ground_truth,target_error,1768,147.25,0.0
bb_ipp_ground_truth,target_error,1769,147.33333333333337,0.0
bb_ipp_ground_truth,target_error,1770,147.41666666666663,0.0
bb_ipp_ground_truth,target_error,1771,147.5,0.0
bb_ipp_ground_truth,target_error,1772,147.58333333333337,0.0
bb_ipp_ground_truth,target_error,1773,147.66666666666663,0.0
bb_ipp_ground_truth,target_error,1774,147.75,0.0
bb_ipp_ground_truth,target_error,1775,147.83333333333337,0.0
bb_ipp_ground_truth,target_error,1776,147.91666666666663,0.0
bb_ipp_ground_truth,target_error,1777,148.0,0.0
bb_ipp_ground_truth,target_error,1778,148.08333333333337,0.0
bb_ipp_ground_truth,target_error,1779,148.16666666666663,0.0
bb_ipp_ground_truth,target_error,1780,148.25,0.0
bb_ipp_ground_truth,target_error,1781,148.33333333333337,0.0
bb_ipp_ground_truth,target_error,1782,148.41666666666663,0.0
bb_ipp_ground_truth,target_error,1783,148.5,0.0
bb_ipp_ground_truth,target_error,1784,148.58333333333337,0.0
bb_ipp_ground_truth,target_error,1785,148.66666666666663,0.0
bb_ipp_ground_truth,target_error,1786,148.75,0.0
bb_ipp_ground_truth,target_error,1787,148.83333333333337,0.0
bb_ipp_ground_truth,target_error,1788,148.91666666666663,0.0
bb_ipp_ground_truth,target_error,1789,149.0,0.0
bb_ipp_ground_truth,target_error,1790,149.08333333333337,0.0
bb_ipp_ground_truth,target_error,1791,149.16666666666663,0.0
bb_ipp_ground_truth,target_error,1792,149.25,0.0
bb_ipp_ground_truth,target_error,1793,149.33333333333337,0.0
bb_ipp_ground_truth,target_error,1794,149.41666666666663,0.0
bb_ipp_ground_truth,target_error,1795,149.5,0.0
bb_ipp_ground_truth,target_error,1796,149.58333333333337,0.0
bb_ipp_ground_truth,target_error,1797,149.66666666666663,0.0
bb_ipp_ground_truth,target_error,1798,149.75,0.0
bb_ipp_ground_truth,target_error,1799,149.83333333333337,0.0
bb_ipp_ground_truth,target_error,1800,149.91666666666663,0.0
bb_ipp_ground_truth,target_error,1801,150.0,0.0
bb_ipp_ground_truth,target_error,1802,150.08333333333337,0.0
bb_ipp_ground_truth,target_error,1803,150.16666666666663,0.0
bb_ipp_ground_truth,target_error,1804,150.25,0.0
bb_ipp_ground_truth,target_error,1805,150.33333333333337,0.0
bb_ipp_ground_truth,target_error,1806,150.41666666666663,0.0
bb_ipp_ground_truth,target_error,1807,150.5,0.0
bb_ipp_ground_truth,target_error,1808,150.58333333333337,0.0
bb_ipp_ground_truth,target_error,1809,150.66666666666663,0.0
bb_ipp_ground_truth,target_error,1810,150.75,0.0
bb_ipp_ground_truth,target_error,1811,150.83333333333337,0.0
bb_ipp_ground_truth,target_error,1812,150.91666666666663,0.0
bb_ipp_ground_truth,target_error,1813,151.0,0.0
bb_ipp_ground_truth,target_error,1814,151.08333333333337,0.0
bb_ipp_ground_truth,target_error,1815,151.16666666666663,0.0
bb_ipp_ground_truth,target_error,1816,151.25,0.0
bb_ipp_ground_truth,target_error,1817,151.33333333333337,0.0
bb_ipp_ground_truth,target_error,1818,151.41666666666663,0.0
bb_ipp_ground_truth,target_error,1819,151.5,0.0
bb_ipp_ground_truth,target_error,1820,151.58333333333337,0.0
bb_ipp_ground_truth,target_error,1821,151.66666666666663,0.0
bb_ipp_ground_truth,target_error,1822,151.75,0.0
bb_ipp_ground_truth,target_error,1823,151.83333333333337,0.0
bb_ipp_ground_truth,target_error,1824,151.91666666666663,0.0
bb_ipp_ground_truth,target_error,1825,152.0,0.0
bb_ipp_ground_truth,target_error,1826,152.08333333333337,0.0
bb_ipp_ground_truth,target_error,1827,152.16666666666663,0.0
bb_ipp_ground_truth,target_error,1828,152.25,0.0
bb_ipp_ground_truth,target_error,1829,152.33333333333337,0.0
bb_ipp_ground_truth,target_error,1830,152.41666666666663,0.0
bb_ipp_ground_truth,target_error,1831,152.5,0.0
bb_ipp_ground_truth,target_error,1832,152.58333333333337,0.0
bb_ipp_ground_truth,target_error,1833,152.66666666666663,0.0
bb_ipp_ground_truth,target_error,1834,152.75,0.0
bb_ipp_ground_truth,target_error,1835,152.83333333333337,0.0
bb_ipp_ground_truth,target_error,1836,152.91666666666663,0.0
bb_ipp_ground_truth,target_error,1837,153.0,0.0
bb_ipp_ground_truth,target_error,1838,153.08333333333337,0.0
bb_ipp_ground_truth,target_error,1839,153.16666666666663,0.0
bb_ipp_ground_truth,target_error,1840,153.25,0.0
bb_ipp_ground_truth,target_error,1841,153.33333333333337,0.0
bb_ipp_ground_truth,target_error,1842,153.41666666666663,0.0
bb_ipp_ground_truth,target_error,1843,153.5,0.0
bb_ipp_ground_truth,target_error,1844,153.58333333333337,0.0
bb_ipp_ground_truth,target_error,1845,153.66666666666663,0.0
bb_ipp_ground_truth,target_error,1846,153.75,0.0
bb_ipp_ground_truth,target_error,1847,153.83333333333337,0.0
bb_ipp_ground_truth,target_error,1848,153.91666666666663,0.0
bb_ipp_ground_truth,target_error,1849,154.0,0.0
bb_ipp_ground_truth,target_error,1850,154.08333333333337,0.0
bb_ipp_ground_truth,target_error,1851,154.16666666666663,0.0
bb_ipp_ground_truth,target_error,1852,154.25,0.0
bb_ipp_ground_truth,target_error,1853,154.33333333333337,0.0
bb_ipp_ground_truth,target_error,1854,154.41666666666663,0.0
bb_ipp_ground_truth,target_error,1855,154.5,0.0
bb_ipp_ground_truth,target_error,1856,154.58333333333337,0.0
bb_ipp_ground_truth,target_error,1857,154.66666666666663,0.0
bb_ipp_ground_truth,target_error,1858,154.75,0.0
bb_ipp_ground_truth,target_error,1859,154.83333333333337,0.0
bb_ipp_ground_truth,target_error,1860,154.91666666666663,0.0
bb_ipp_ground_truth,target_error,1861,155.0,0.0
bb_ipp_ground_truth,target_error,1862,155.08333333333337,0.0
bb_ipp_ground_truth,target_error,1863,155.16666666666663,0.0
bb_ipp_ground_truth,target_error,1864,155.25,0.0
bb_ipp_ground_truth,target_error,1865,155.33333333333337,0.0
bb_ipp_ground_truth,target_error,1866,155.41666666666663,0.0
bb_ipp_ground_truth,target_error,1867,155.5,0.0
bb_ipp_ground_truth,target_error,1868,155.58333333333337,0.0
bb_ipp_ground_truth,target_error,1869,155.66666666666663,0.0
bb_ipp_ground_truth,target_error,1870,155.75,0.0
bb_ipp_ground_truth,target_error,1871,155.83333333333337,0.0
bb_ipp_ground_truth,target_error,1872,155.91666666666663,0.0
bb_ipp_ground_truth,target_error,1873,156.0,0.0
bb_ipp_ground_truth,target_error,1874,156.08333333333337,0.0
bb_ipp_ground_truth,target_error,1875,156.16666666666663,0.0
bb_ipp_ground_truth,target_error,1876,156.25,0.0
bb_ipp_ground_truth,target_error,1877,156.33333333333337,0.0
bb_ipp_ground_truth,target_error,1878,156.41666666666663,0.0
bb_ipp_ground_truth,target_error,1879,156.5,0.0
bb_ipp_ground_truth,target_error,1880,156.58333333333337,0.0
bb_ipp_ground_truth,target_error,1881,156.66666666666663,0.0
bb_ipp_ground_truth,target_error,1882,156.75,0.0
bb_ipp_ground_truth,target_error,1883,156.83333333333337,0.0
bb_ipp_ground_truth,target_error,1884,156.91666666666663,0.0
bb_ipp_ground_truth,target_error,1885,157.0,0.0
bb_ipp_ground_truth,target_error,1886,157.08333333333337,0.0
bb_ipp_ground_truth,target_error,1887,157.16666666666663,0.0
bb_ipp_ground_truth,target_error,1888,157.25,0.0
bb_ipp_ground_truth,target_error,1889,157.33333333333337,0.0
bb_ipp_ground_truth,target_error,1890,157.41666666666663,0.0
bb_ipp_ground_truth,target_error,1891,157.5,0.0
bb_ipp_ground_truth,target_error,1892,157.58333333333337,0.0
bb_ipp_ground_truth,target_error,1893,157.66666666666663,0.0
bb_ipp_ground_truth,target_error,1894,157.75,0.0
bb_ipp_ground_truth,target_error,1895,157.83333333333337,0.0
bb_ipp_ground_truth,target_error,1896,157.91666666666663,0.0
bb_ipp_ground_truth,target_error,1897,158.0,0.0
bb_ipp_ground_truth,target_error,1898,158.08333333333337,0.0
bb_ipp_ground_truth,target_error,1899,158.16666666666663,0.0
bb_ipp_ground_truth,target_error,1900,158.25,0.0
bb_ipp_ground_truth,target_error,1901,158.33333333333337,0.0
bb_ipp_ground_truth,target_error,1902,158.41666666666663,0.0
bb_ipp_ground_truth,target_error,1903,158.5,0.0
bb_ipp_ground_truth,target_error,1904,158.58333333333337,0.0
bb_ipp_ground_truth,target_error,1905,158.66666666666663,0.0
bb_ipp_ground_truth,target_error,1906,158.75,0.0
bb_ipp_ground_truth,target_error,1907,158.83333333333337,0.0
bb_ipp_ground_truth,target_error,1908,158.91666666666663,0.0
bb_ipp_ground_truth,target_error,1909,159.0,0.0
bb_ipp_ground_truth,target_error,1910,159.08333333333337,0.0
bb_ipp_ground_truth,target_error,1911,159.16666666666663,0.0
bb_ipp_ground_truth,target_error,1912,159.25,0.0
bb_ipp_ground_truth,target_error,1913,159.33333333333337,0.0
bb_ipp_ground_truth,target_error,1914,159.41666666666663,0.0
bb_ipp_ground_truth,target_error,1915,159.5,0.0
bb_ipp_ground_truth,target_error,1916,159.58333333333337,0.0
bb_ipp_ground_truth,target_error,1917,159.66666666666663,0.0
bb_ipp_ground_truth,target_error,1918,159.75,0.0
bb_ipp_ground_truth,target_error,1919,159.83333333333337,0.0
bb_ipp_ground_truth,target_error,1920,159.91666666666663,0.0
bb_ipp_ground_truth,target_error,1921,160.0,0.0
bb_ipp_ground_truth,target_error,1922,160.08333333333337,0.0
bb_ipp_ground_truth,target_error,1923,160.16666666666663,0.0
bb_ipp_ground_truth,target_error,1924,160.25,0.0
bb_ipp_ground_truth,target_error,1925,160.33333333333337,0.0
bb_ipp_ground_truth,target_error,1926,160.41666666666663,0.0
bb_ipp_ground_truth,target_error,1927,160.5,0.0
bb_ipp_ground_truth,target_error,1928,160.58333333333337,0.0
bb_ipp_ground_truth,target_error,1929,160.66666666666663,0.0
bb_ipp_ground_truth,target_error,1930,160.75,0.0
bb_ipp_ground_truth,target_error,1931,160.83333333333337,0.0
bb_ipp_ground_truth,target_error,1932,160.91666666666663,0.0
bb_ipp_ground_truth,target_error,1933,161.0,0.0
bb_ipp_ground_truth,target_error,1934,161.08333333333337,0.0
bb_ipp_ground_truth,target_error,1935,161.16666666666663,0.0
bb_ipp_ground_truth,target_error,1936,161.25,0.0
bb_ipp_ground_truth,target_error,1937,161.33333333333337,0.0
bb_ipp_ground_truth,target_error,1938,161.41666666666663,0.0
bb_ipp_ground_truth,target_error,1939,161.5,0.0
bb_ipp_ground_truth,target_error,1940,161.58333333333337,0.0
bb_ipp_ground_truth,target_error,1941,161.66666666666663,0.0
bb_ipp_ground_truth,target_error,1942,161.75,0.0
bb_ipp_ground_truth,target_error,1943,161.83333333333337,0.0
bb_ipp_ground_truth,target_error,1944,161.91666666666663,0.0
bb_ipp_ground_truth,target_error,1945,162.0,0.0
bb_ipp_ground_truth,target_error,1946,162.08333333333337,0.0
bb_ipp_ground_truth,target_error,1947,162.16666666666663,0.0
bb_ipp_ground_truth,target_error,1948,162.25,0.0
bb_ipp_ground_truth,target_error,1949,162.33333333333337,0.0
bb_ipp_ground_truth,target_error,1950,162.41666666666663,0.0
bb_ipp_ground_truth,target_error,1951,162.5,0.0
bb_ipp_ground_truth,target_error,1952,162.58333333333337,0.0
bb_ipp_ground_truth,target_error,1953,162.66666666666663,0.0
bb_ipp_ground_truth,target_error,1954,162.75,0.0
bb_ipp_ground_truth,target_error,1955,162.83333333333337,0.0
bb_ipp_ground_truth,target_error,1956,162.91666666666663,0.0
bb_ipp_ground_truth,target_error,1957,163.0,0.0
bb_ipp_ground_truth,target_error,1958,163.08333333333337,0.0
bb_ipp_ground_truth,target_error,1959,163.16666666666663,0.0
bb_ipp_ground_truth,target_error,1960,163.25,0.0
bb_ipp_ground_truth,target_error,1961,163.33333333333337,0.0
bb_ipp_ground_truth,target_error,1962,163.41666666666663,0.0
bb_ipp_ground_truth,target_error,1963,163.5,0.0
bb_ipp_ground_truth,target_error,1964,163.58333333333337,0.0
bb_ipp_ground_truth,target_error,1965,163.66666666666663,0.0
bb_ipp_ground_truth,target_error,1966,163.75,0.0
bb_ipp_ground_truth,target_error,1967,163.83333333333337,0.0
bb_ipp_ground_truth,target_error,1968,163.91666666666663,0.0
bb_ipp_ground_truth,target_error,1969,164.0,0.0
bb_ipp_ground_truth,target_error,1970,164.08333333333337,0.0
bb_ipp_ground_truth,target_error,1971,164.16666666666663,0.0
bb_ipp_ground_truth,target_error,1972,164.25,0.0
bb_ipp_ground_truth,target_error,1973,164.33333333333337,0.0
bb_ipp_ground_truth,target_error,1974,164.41666666666663,0.0
bb_ipp_ground_truth,target_error,1975,164.5,0.0
bb_ipp_ground_truth,target_error,1976,164.58333333333337,0.0
bb_ipp_ground_truth,target_error,1977,164.66666666666663,0.0
bb_ipp_ground_truth,target_error,1978,164.75,0.0
bb_ipp_ground_truth,target_error,1979,164.83333333333337,0.0
bb_ipp_ground_truth,target_error,1980,164.91666666666663,0.0
bb_ipp_ground_truth,target_error,1981,165.0,0.0
bb_ipp_ground_truth,target_error,1982,165.08333333333337,0.0
bb_ipp_ground_truth,target_error,1983,165.16666666666663,0.0
bb_ipp_ground_truth,target_error,1984,165.25,0.0
bb_ipp_ground_truth,target_error,1985,165.33333333333337,0.0
bb_ipp_ground_truth,target_error,1986,165.41666666666663,0.0
bb_ipp_ground_truth,target_error,1987,165.5,0.0
bb_ipp_ground_truth,target_error,1988,165.58333333333337,0.0
bb_ipp_ground_truth,target_error,1989,165.66666666666663,0.0
bb_ipp_ground_truth,target_error,1990,165.75,0.0
bb_ipp_ground_truth,target_error,1991,165.83333333333337,0.0
bb_ipp_ground_truth,target_error,1992,165.91666666666663,0.0
bb_ipp_ground_truth,target_error,1993,166.0,0.0
bb_ipp_ground_truth,target_error,1994,166.08333333333337,0.0
bb_ipp_ground_truth,target_error,1995,166.16666666666663,0.0
bb_ipp_ground_truth,target_error,1996,166.25,0.0
bb_ipp_ground_truth,target_error,1997,166.33333333333337,0.0
bb_ipp_ground_truth,target_error,1998,166.41666666666663,0.0
bb_ipp_ground_truth,target_error,1999,166.5,0.0
bb_ipp_ground_truth,target_error,2000,166.58333333333337,0.0
bb_ipp_ground_truth,target_error,2001,166.66666666666663,0.0
bb_ipp_ground_truth,target_error,2002,166.75,0.0
bb_ipp_ground_truth,target_error,2003,166.83333333333337,0.0
bb_ipp_ground_truth,target_error,2004,166.91666666666663,0.0
bb_ipp_ground_truth,target_error,2005,167.0,0.0
bb_ipp_ground_truth,target_error,2006,167.08333333333337,0.0
bb_ipp_ground_truth,target_error,2007,167.16666666666663,0.0
bb_ipp_ground_truth,target_error,2008,167.25,0.0
bb_ipp_ground_truth,target_error,2009,167.33333333333337,0.0
bb_ipp_ground_truth,target_error,2010,167.41666666666663,0.0
bb_ipp_ground_truth,target_error,2011,167.5,0.0
bb_ipp_ground_truth,target_error,2012,167.58333333333337,0.0
bb_ipp_ground_truth,target_error,2013,167.66666666666663,0.0
bb_ipp_ground_truth,target_error,2014,167.75,0.0
bb_ipp_ground_truth,target_error,2015,167.83333333333337,0.0
bb_ipp_ground_truth,target_error,2016,167.91666666666663,0.0
bb_ipp_ground_truth,target_error,2017,168.0,0.0
bb_ipp_ground_truth,target_error,2018,168.08333333333337,0.0
bb_ipp_ground_truth,target_error,2019,168.16666666666663,0.0
bb_ipp_ground_truth,target_error,2020,168.25,0.0
bb_ipp_ground_truth,target_error,2021,168.33333333333337,0.0
bb_ipp_ground_truth,target_error,2022,168.41666666666663,0.0
bb_ipp_ground_truth,target_error,2023,168.5,0.0
bb_ipp_ground_truth,target_error,2024,168.58333333333337,0.0
bb_ipp_ground_truth,target_error,2025,168.66666666666663,0.0
bb_ipp_ground_truth,target_error,2026,168.75,0.0
bb_ipp_ground_truth,target_error,2027,168.83333333333337,0.0
bb_ipp_ground_truth,target_error,2028,168.91666666666663,0.0
bb_ipp_ground_truth,target_error,2029,169.0,0.0
bb_ipp_ground_truth,target_error,2030,169.08333333333337,0.0
bb_ipp_ground_truth,target_error,2031,169.16666666666663,0.0
bb_ipp_ground_truth,target_error,2032,169.25,0.0
bb_ipp_ground_truth,target_error,2033,169.33333333333337,0.0
bb_ipp_ground_truth,target_error,2034,169.41666666666663,0.0
bb_ipp_ground_truth,target_error,2035,169.5,0.0
bb_ipp_ground_truth,target_error,2036,169.58333333333337,0.0
bb_ipp_ground_truth,target_error,2037,169.66666666666663,0.0
bb_ipp_ground_truth,target_error,2038,169.75,0.0
bb_ipp_ground_truth,target_error,2039,169.83333333333337,0.0
bb_ipp_ground_truth,target_error,2040,169.91666666666663,0.0
bb_ipp_ground_truth,target_error,2041,170.0,0.0
bb_ipp_ground_truth,target_error,2042,170.08333333333337,0.0
bb_ipp_ground_truth,target_error,2043,170.16666666666663,0.0
bb_ipp_ground_truth,target_error,2044,170.25,0.0
bb_ipp_ground_truth,target_error,2045,170.33333333333337,0.0
bb_ipp_ground_truth,target_error,2046,170.41666666666663,0.0
bb_ipp_ground_truth,target_error,2047,170.5,0.0
bb_ipp_ground_truth,target_error,2048,170.58333333333337,0.0
bb_ipp_ground_truth,target_error,2049,170.66666666666663,0.0
bb_ipp_ground_truth,target_error,2050,170.75,0.0
bb_ipp_ground_truth,target_error,2051,170.83333333333337,0.0
bb_ipp_ground_truth,target_error,2052,170.91666666666663,0.0
bb_ipp_ground_truth,target_error,2053,171.0,0.0
bb_ipp_ground_truth,target_error,2054,171.08333333333337,0.0
bb_ipp_ground_truth,target_error,2055,171.16666666666663,0.0
bb_ipp_ground_truth,target_error,2056,171.25,0.0
bb_ipp_ground_truth,target_error,2057,171.33333333333337,0.0
bb_ipp_ground_truth,target_error,2058,171.41666666666663,0.0
bb_ipp_ground_truth,target_error,2059,171.5,0.0
bb_ipp_ground_truth,target_error,2060,171.58333333333337,0.0
bb_ipp_ground_truth,target_error,2061,171.66666666666663,0.0
bb_ipp_ground_truth,target_error,2062,171.75,0.0
bb_ipp_ground_truth,target_error,2063,171.83333333333337,0.0
bb_ipp_ground_truth,target_error,2064,171.91666666666663,0.0
bb_ipp_ground_truth,target_error,2065,172.0,0.0
bb_ipp_ground_truth,target_error,2066,172.08333333333337,0.0
bb_ipp_ground_truth,target_error,2067,172.16666666666663,0.0
bb_ipp_ground_truth,target_error,2068,172.25,0.0
bb_ipp_ground_truth,target_error,2069,172.33333333333337,0.0
bb_ipp_ground_truth,target_error,2070,172.41666666666663,0.0
bb_ipp_ground_truth,target_error,2071,172.5,0.0
bb_ipp_ground_truth,target_error,2072,172.58333333333337,0.0
bb_ipp_ground_truth,target_error,2073,172.66666666666663,0.0
bb_ipp_ground_truth,target_error,2074,172.75,0.0
bb_ipp_ground_truth,target_error,2075,172.83333333333337,0.0
bb_ipp_ground_truth,target_error,2076,172.91666666666663,0.0
bb_ipp_ground_truth,target_error,2077,173.0,0.0
bb_ipp_ground_truth,target_error,2078,173.08333333333337,0.0
bb_ipp_ground_truth,target_error,2079,173.16666666666663,0.0
bb_ipp_ground_truth,target_error,2080,173.25,0.0
bb_ipp_ground_truth,target_error,2081,173.33333333333337,0.0
bb_ipp_ground_truth,target_error,2082,173.41666666666663,0.0
bb_ipp_ground_truth,target_error,2083,173.5,0.0
bb_ipp_ground_truth,target_error,2084,173.58333333333337,0.0
bb_ipp_ground_truth,target_error,2085,173.66666666666663,0.0
bb_ipp_ground_truth,target_error,2086,173.75,0.0
bb_ipp_ground_truth,target_error,2087,173.83333333333337,0.0
bb_ipp_ground_truth,target_error,2088,173.91666666666663,0.0
bb_ipp_ground_truth,target_error,2089,174.0,0.0
bb_ipp_ground_truth,target_error,2090,174.08333333333337,0.0
bb_ipp_ground_truth,target_error,2091,174.16666666666663,0.0
bb_ipp_ground_truth,target_error,2092,174.25,0.0
bb_ipp_ground_truth,target_error,2093,174.33333333333337,0.0
bb_ipp_ground_truth,target_error,2094,174.41666666666663,0.0
bb_ipp_ground_truth,target_error,2095,174.5,0.0
bb_ipp_ground_truth,target_error,2096,174.58333333333337,0.0
bb_ipp_ground_truth,target_error,2097,174.66666666666663,0.0
bb_ipp_ground_truth,target_error,2098,174.75,0.0
bb_ipp_ground_truth,target_error,2099,174.83333333333337,0.0
bb_ipp_ground_truth,target_error,2100,174.91666666666663,0.0
bb_ipp_ground_truth,target_error,2101,175.0,0.0
bb_ipp_ground_truth,target_error,2102,175.08333333333337,0.0
bb_ipp_ground_truth,target_error,2103,175.16666666666663,0.0
bb_ipp_ground_truth,target_error,2104,175.25,0.0
bb_ipp_ground_truth,target_error,2105,175.33333333333337,0.0
bb_ipp_ground_truth,target_error,2106,175.41666666666663,0.0
bb_ipp_ground_truth,target_error,2107,175.5,0.0
bb_ipp_ground_truth,target_error,2108,175.58333333333337,0.0
bb_ipp_ground_truth,target_error,2109,175.66666666666663,0.0
bb_ipp_ground_truth,target_error,2110,175.75,0.0
bb_ipp_ground_truth,target_error,2111,175.83333333333337,0.0
bb_ipp_ground_truth,target_error,2112,175.91666666666663,0.0
bb_ipp_ground_truth,target_error,2113,176.0,0.0
bb_ipp_ground_truth,target_error,2114,176.08333333333337,0.0
bb_ipp_ground_truth,target_error,2115,176.16666666666663,0.0
bb_ipp_ground_truth,target_error,2116,176.25,0.0
bb_ipp_ground_truth,target_error,2117,176.33333333333337,0.0
bb_ipp_ground_truth,target_error,2118,176.41666666666663,0.0
bb_ipp_ground_truth,target_error,2119,176.5,0.0
bb_ipp_ground_truth,target_error,2120,176.58333333333337,0.0
bb_ipp_ground_truth,target_error,2121,176.66666666666663,0.0
bb_ipp_ground_truth,target_error,2122,176.75,0.0
bb_ipp_ground_truth,target_error,2123,176.83333333333337,0.0
bb_ipp_ground_truth,target_error,2124,176.91666666666663,0.0
bb_ipp_ground_truth,target_error,2125,177.0,0.0
bb_ipp_ground_truth,target_error,2126,177.08333333333337,0.0
bb_ipp_ground_truth,target_error,2127,177.16666666666663,0.0
bb_ipp_ground_truth,target_error,2128,177.25,0.0
bb_ipp_ground_truth,target_error,2129,177.33333333333337,0.0
bb_ipp_ground_truth,target_error,2130,177.41666666666663,0.0
bb_ipp_ground_truth,target_error,2131,177.5,0.0
bb_ipp_ground_truth,target_error,2132,177.58333333333337,0.0
bb_ipp_ground_truth,target_error,2133,177.66666666666663,0.0
bb_ipp_ground_truth,target_error,2134,177.75,0.0
bb_ipp_ground_truth,target_error,2135,177.83333333333337,0.0
bb_ipp_ground_truth,target_error,2136,177.91666666666663,0.0
bb_ipp_ground_truth,target_error,2137,178.0,0.0
bb_ipp_ground_truth,target_error,2138,178.08333333333337,0.0
bb_ipp_ground_truth,target_error,2139,178.16666666666663,0.0
bb_ipp_ground_truth,target_error,2140,178.25,0.0
bb_ipp_ground_truth,target_error,2141,178.33333333333337,0.0
bb_ipp_ground_truth,target_error,2142,178.41666666666663,0.0
bb_ipp_ground_truth,target_error,2143,178.5,0.0
bb_ipp_ground_truth,target_error,2144,178.58333333333337,0.0
bb_ipp_ground_truth,target_error,2145,178.66666666666663,0.0
bb_ipp_ground_truth,target_error,2146,178.75,0.0
bb_ipp_ground_truth,target_error,2147,178.83333333333337,0.0
bb_ipp_ground_truth,target_error,2148,178.91666666666663,0.0
bb_ipp_ground_truth,target_error,2149,179.0,0.0
bb_ipp_ground_truth,target_error,2150,179.08333333333337,0.0
bb_ipp_ground_truth,target_error,2151,179.16666666666663,0.0
bb_ipp_ground_truth,target_error,2152,179.25,0.0
bb_ipp_ground_truth,target_error,2153,179.33333333333337,0.0
bb_ipp_ground_truth,target_error,2154,179.41666666666663,0.0
bb_ipp_ground_truth,target_error,2155,179.5,0.0
bb_ipp_ground_truth,target_error,2156,179.58333333333337,0.0
bb_ipp_ground_truth,target_error,2157,179.66666666666663,0.0
bb_ipp_ground_truth,target_error,2158,179.75,0.0
bb_ipp_ground_truth,target_error,2159,179.83333333333337,0.0
bb_ipp_ground_truth,target_error,2160,179.91666666666663,0.0
bb_ipp_ground_truth,target_error,2161,180.0,0.0
bb_ipp_ground_truth,target_error,2162,180.08333333333337,0.0
bb_ipp_ground_truth,target_error,2163,180.16666666666663,0.0
bb_ipp_ground_truth,target_error,2164,180.25,0.0
bb_ipp_ground_truth,target_error,2165,180.33333333333337,0.0
bb_ipp_ground_truth,target_error,2166,180.41666666666663,0.0
bb_ipp_ground_truth,target_error,2167,180.5,0.0
bb_ipp_ground_truth,target_error,2168,180.58333333333337,0.0
bb_ipp_ground_truth,target_error,2169,180.66666666666663,0.0
bb_ipp_ground_truth,target_error,2170,180.75,0.0
bb_ipp_ground_truth,target_error,2171,180.83333333333337,0.0
bb_ipp_ground_truth,target_error,2172,180.91666666666663,0.0
bb_ipp_ground_truth,target_error,2173,181.0,0.0
bb_ipp_ground_truth,target_error,2174,181.08333333333337,0.0
bb_ipp_ground_truth,target_error,2175,181.16666666666663,0.0
bb_ipp_ground_truth,target_error,2176,181.25,0.0
bb_ipp_ground_truth,target_error,2177,181.33333333333337,0.0
bb_ipp_ground_truth,target_error,2178,181.41666666666663,0.0
bb_ipp_ground_truth,target_error,2179,181.5,0.0
bb_ipp_ground_truth,target_error,2180,181.58333333333337,0.0
bb_ipp_ground_truth,target_error,2181,181.66666666666663,0.0
bb_ipp_ground_truth,target_error,2182,181.75,0.0
bb_ipp_ground_truth,target_error,2183,181.83333333333337,0.0
bb_ipp_ground_truth,target_error,2184,181.91666666666663,0.0
bb_ipp_ground_truth,target_error,2185,182.0,0.0
bb_ipp_ground_truth,target_error,2186,182.08333333333337,0.0
bb_ipp_ground_truth,target_error,2187,182.16666666666663,0.0
bb_ipp_ground_truth,target_error,2188,182.25,0.0
bb_ipp_ground_truth,target_error,2189,182.33333333333337,0.0
bb_ipp_ground_truth,target_error,2190,182.41666666666663,0.0
bb_ipp_ground_truth,target_error,2191,182.5,0.0
bb_ipp_ground_truth,target_error,2192,182.58333333333337,0.0
bb_ipp_ground_truth,target_error,2193,182.66666666666663,0.0
bb_ipp_ground_truth,target_error,2194,182.75,0.0
bb_ipp_ground_truth,target_error,2195,182.83333333333337,0.0
bb_ipp_ground_truth,target_error,2196,182.91666666666663,0.0
bb_ipp_ground_truth,target_error,2197,183.0,0.0
bb_ipp_ground_truth,target_error,2198,183.08333333333337,0.0
bb_ipp_ground_truth,target_error,2199,183.16666666666663,0.0
bb_ipp_ground_truth,target_error,2200,183.25,0.0
bb_ipp_ground_truth,target_error,2201,183.33333333333337,0.0
bb_ipp_ground_truth,target_error,2202,183.41666666666663,0.0
bb_ipp_ground_truth,target_error,2203,183.5,0.0
bb_ipp_ground_truth,target_error,2204,183.58333333333337,0.0
bb_ipp_ground_truth,target_error,2205,183.66666666666663,0.0
bb_ipp_ground_truth,target_error,2206,183.75,0.0
bb_ipp_ground_truth,target_error,2207,183.83333333333337,0.0
bb_ipp_ground_truth,target_error,2208,183.91666666666663,0.0
bb_ipp_ground_truth,target_error,2209,184.0,0.0
bb_ipp_ground_truth,target_error,2210,184.08333333333337,0.0
bb_ipp_ground_truth,target_error,2211,184.16666666666663,0.0
bb_ipp_ground_truth,target_error,2212,184.25,0.0
bb_ipp_ground_truth,target_error,2213,184.33333333333337,0.0
bb_ipp_ground_truth,target_error,2214,184.41666666666663,0.0
bb_ipp_ground_truth,target_error,2215,184.5,0.0
bb_ipp_ground_truth,target_error,2216,184.58333333333337,0.0
bb_ipp_ground_truth,target_error,2217,184.66666666666663,0.0
bb_ipp_ground_truth,target_error,2218,184.75,0.0
bb_ipp_ground_truth,target_error,2219,184.83333333333337,0.0
bb_ipp_ground_truth,target_error,2220,184.91666666666663,0.0
bb_ipp_ground_truth,target_error,2221,185.0,0.0
bb_ipp_ground_truth,target_error,2222,185.08333333333337,0.0
bb_ipp_ground_truth,target_error,2223,185.16666666666663,0.0
bb_ipp_ground_truth,target_error,2224,185.25,0.0
bb_ipp_ground_truth,target_error,2225,185.33333333333337,0.0
bb_ipp_ground_truth,target_error,2226,185.41666666666663,0.0
bb_ipp_ground_truth,target_error,2227,185.5,0.0
bb_ipp_ground_truth,target_error,2228,185.58333333333337,0.0
bb_ipp_ground_truth,target_error,2229,185.66666666666663,0.0
bb_ipp_ground_truth,target_error,2230,185.75,0.0
bb_ipp_ground_truth,target_error,2231,185.83333333333337,0.0
bb_ipp_ground_truth,target_error,2232,185.91666666666663,0.0
bb_ipp_ground_truth,target_error,2233,186.0,0.0
bb_ipp_ground_truth,target_error,2234,186.08333333333337,0.0
bb_ipp_ground_truth,target_error,2235,186.16666666666663,0.0
bb_ipp_ground_truth,target_error,2236,186.25,0.0
bb_ipp_ground_truth,target_error,2237,186.33333333333337,0.0
bb_ipp_ground_truth,target_error,2238,186.41666666666663,0.0
bb_ipp_ground_truth,target_error,2239,186.5,0.0
bb_ipp_ground_truth,target_error,2240,186.58333333333337,0.0
bb_ipp_ground_truth,target_error,2241,186.66666666666663,0.0
bb_ipp_ground_truth,target_error,2242,186.75,0.0
bb_ipp_ground_truth,target_error,2243,186.83333333333337,0.0
bb_ipp_ground_truth,target_error,2244,186.91666666666663,0.0
bb_ipp_ground_truth,target_error,2245,187.0,0.0
bb_ipp_ground_truth,target_error,2246,187.08333333333337,0.0
bb_ipp_ground_truth,target_error,2247,187.16666666666663,0.0
bb_ipp_ground_truth,target_error,2248,187.25,0.0
bb_ipp_ground_truth,target_error,2249,187.33333333333337,0.0
bb_ipp_ground_truth,target_error,2250,187.41666666666663,0.0
bb_ipp_ground_truth,target_error,2251,187.5,0.0
bb_ipp_ground_truth,target_error,2252,187.58333333333337,0.0
bb_ipp_ground_truth,target_error,2253,187.66666666666663,0.0
bb_ipp_ground_truth,target_error,2254,187.75,0.0
bb_ipp_ground_truth,target_error,2255,187.83333333333337,0.0
bb_ipp_ground_truth,target_error,2256,187.91666666666663,0.0
bb_ipp_ground_truth,target_error,2257,188.0,0.0
bb_ipp_ground_truth,target_error,2258,188.08333333333337,0.0
bb_ipp_ground_truth,target_error,2259,188.16666666666663,0.0
bb_ipp_ground_truth,target_error,2260,188.25,0.0
bb_ipp_ground_truth,target_error,2261,188.33333333333337,0.0
bb_ipp_ground_truth,target_error,2262,188.41666666666663,0.0
bb_ipp_ground_truth,target_error,2263,188.5,0.0
bb_ipp_ground_truth,target_error,2264,188.58333333333337,0.0
bb_ipp_ground_truth,target_error,2265,188.66666666666663,0.0
bb_ipp_ground_truth,target_error,2266,188.75,0.0
bb_ipp_ground_truth,target_error,2267,188.83333333333337,0.0
bb_ipp_ground_truth,target_error,2268,188.91666666666663,0.0
bb_ipp_ground_truth,target_error,2269,189.0,0.0
bb_ipp_ground_truth,target_error,2270,189.08333333333337,0.0
bb_ipp_ground_truth,target_error,2271,189.16666666666663,0.0
bb_ipp_ground_truth,target_error,2272,189.25,0.0
bb_ipp_ground_truth,target_error,2273,189.33333333333337,0.0
bb_ipp_ground_truth,target_error,2274,189.41666666666663,0.0
bb_ipp_ground_truth,target_error,2275,189.5,0.0
bb_ipp_ground_truth,target_error,2276,189.58333333333337,0.0
bb_ipp_ground_truth,target_error,2277,189.66666666666663,0.0
bb_ipp_ground_truth,target_error,2278,189.75,0.0
bb_ipp_ground_truth,target_error,2279,189.83333333333337,0.0
bb_ipp_ground_truth,target_error,2280,189.91666666666663,0.0
bb_ipp_ground_truth,target_error,2281,190.0,0.0
bb_ipp_ground_truth,target_error,2282,190.08333333333337,0.0
bb_ipp_ground_truth,target_error,2283,190.16666666666663,0.0
bb_ipp_ground_truth,target_error,2284,190.25,0.0
bb_ipp_ground_truth,target_error,2285,190.33333333333337,0.0
bb_ipp_ground_truth,target_error,2286,190.41666666666663,0.0
bb_ipp_ground_truth,target_error,2287,190.5,0.0
bb_ipp_ground_truth,target_error,2288,190.58333333333337,0.0
bb_ipp_ground_truth,target_error,2289,190.66666666666663,0.0
bb_ipp_ground_truth,target_error,2290,190.75,0.0
bb_ipp_ground_truth,target_error,2291,190.83333333333337,0.0
bb_ipp_ground_truth,target_error,2292,190.91666666666663,0.0
bb_ipp_ground_truth,target_error,2293,191.0,0.0
bb_ipp_ground_truth,target_error,2294,191.08333333333337,0.0
bb_ipp_ground_truth,target_error,2295,191.16666666666663,0.0
bb_ipp_ground_truth,target_error,2296,191.25,0.0
bb_ipp_ground_truth,target_error,2297,191.33333333333337,0.0
bb_ipp_ground_truth,target_error,2298,191.41666666666663,0.0
bb_ipp_ground_truth,target_error,2299,191.5,0.0
bb_ipp_ground_truth,target_error,2300,191.58333333333337,0.0
bb_ipp_ground_truth,target_error,2301,191.66666666666663,0.0
bb_ipp_ground_truth,target_error,2302,191.75,0.0
bb_ipp_ground_truth,target_error,2303,191.83333333333337,0.0
bb_ipp_ground_truth,target_error,2304,191.91666666666663,0.0
bb_ipp_ground_truth,target_error,2305,192.0,0.0
bb_ipp_ground_truth,target_error,2306,192.08333333333337,0.0
bb_ipp_ground_truth,target_error,2307,192.16666666666663,0.0
bb_ipp_ground_truth,target_error,2308,192.25,0.0
bb_ipp_ground_truth,target_error,2309,192.33333333333337,0.0
bb_ipp_ground_truth,target_error,2310,192.41666666666663,0.0
bb_ipp_ground_truth,target_error,2311,192.5,0.0
bb_ipp_ground_truth,target_error,2312,192.58333333333337,0.0
bb_ipp_ground_truth,target_error,2313,192.66666666666663,0.0
bb_ipp_ground_truth,target_error,2314,192.75,0.0
bb_ipp_ground_truth,target_error,2315,192.83333333333337,0.0
bb_ipp_ground_truth,target_error,2316,192.91666666666663,0.0
bb_ipp_ground_truth,target_error,2317,193.0,0.0
bb_ipp_ground_truth,target_error,2318,193.08333333333337,0.0
bb_ipp_ground_truth,target_error,2319,193.16666666666663,0.0
bb_ipp_ground_truth,target_error,2320,193.25,0.0
bb_ipp_ground_truth,target_error,2321,193.33333333333337,0.0
bb_ipp_ground_truth,target_error,2322,193.41666666666663,0.0
bb_ipp_ground_truth,target_error,2323,193.5,0.0
bb_ipp_ground_truth,target_error,2324,193.58333333333337,0.0
bb_ipp_ground_truth,target_error,2325,193.66666666666663,0.0
bb_ipp_ground_truth,target_error,2326,193.75,0.0
bb_ipp_ground_truth,target_error,2327,193.83333333333337,0.0
bb_ipp_ground_truth,target_error,2328,193.91666666666663,0.0
bb_ipp_ground_truth,target_error,2329,194.0,0.0
bb_ipp_ground_truth,target_error,2330,194.08333333333337,0.0
bb_ipp_ground_truth,target_error,2331,194.16666666666663,0.0
bb_ipp_ground_truth,target_error,2332,194.25,0.0
bb_ipp_ground_truth,target_error,2333,194.33333333333337,0.0
bb_ipp_ground_truth,target_error,2334,194.41666666666663,0.0
bb_ipp_ground_truth,target_error,2335,194.5,0.0
bb_ipp_ground_truth,target_error,2336,194.58333333333337,0.0
bb_ipp_ground_truth,target_error,2337,194.66666666666663,0.0
bb_ipp_ground_truth,target_error,2338,194.75,0.0
bb_ipp_ground_truth,target_error,2339,194.83333333333337,0.0
bb_ipp_ground_truth,target_error,2340,194.91666666666663,0.0
bb_ipp_ground_truth,target_error,2341,195.0,0.0
bb_ipp_ground_truth,target_error,2342,195.08333333333337,0.0
bb_ipp_ground_truth,target_error,2343,195.16666666666663,0.0
bb_ipp_ground_truth,target_error,2344,195.25,0.0
bb_ipp_ground_truth,target_error,2345,195.33333333333337,0.0
bb_ipp_ground_truth,target_error,2346,195.41666666666663,0.0
bb_ipp_ground_truth,target_error,2347,195.5,0.0
bb_ipp_ground_truth,target_error,2348,195.58333333333337,0.0
bb_ipp_ground_truth,target_error,2349,195.66666666666663,0.0
bb_ipp_ground_truth,target_error,2350,195.75,0.0
bb_ipp_ground_truth,target_error,2351,195.83333333333337,0.0
bb_ipp_ground_truth,target_error,2352,195.91666666666663,0.0
bb_ipp_ground_truth,target_error,2353,196.0,0.0
bb_ipp_ground_truth,target_error,2354,196.08333333333337,0.0
bb_ipp_ground_truth,target_error,2355,196.16666666666663,0.0
bb_ipp_ground_truth,target_error,2356,196.25,0.0
bb_ipp_ground_truth,target_error,2357,196.33333333333337,0.0
bb_ipp_ground_truth,target_error,2358,196.41666666666663,0.0
bb_ipp_ground_truth,target_error,2359,196.5,0.0
bb_ipp_ground_truth,target_error,2360,196.58333333333337,0.0
bb_ipp_ground_truth,target_error,2361,196.66666666666663,0.0
bb_ipp_ground_truth,target_error,2362,196.75,0.0
bb_ipp_ground_truth,target_error,2363,196.83333333333337,0.0
bb_ipp_ground_truth,target_error,2364,196.91666666666663,0.0
bb_ipp_ground_truth,target_error,2365,197.0,0.0
bb_ipp_ground_truth,target_error,2366,197.08333333333337,0.0
bb_ipp_ground_truth,target_error,2367,197.16666666666663,0.0
bb_ipp_ground_truth,target_error,2368,197.25,0.0
bb_ipp_ground_truth,target_error,2369,197.33333333333337,0.0
bb_ipp_ground_truth,target_error,2370,197.41666666666663,0.0
bb_ipp_ground_truth,target_error,2371,197.5,0.0
bb_ipp_ground_truth,target_error,2372,197.58333333333337,0.0
bb_ipp_ground_truth,target_error,2373,197.66666666666663,0.0
bb_ipp_ground_truth,target_error,2374,197.75,0.0
bb_ipp_ground_truth,target_error,2375,197.83333333333337,0.0
bb_ipp_ground_truth,target_error,2376,197.91666666666663,0.0
bb_ipp_ground_truth,target_error,2377,198.0,0.0
bb_ipp_ground_truth,target_error,2378,198.08333333333337,0.0
bb_ipp_ground_truth,target_error,2379,198.16666666666663,0.0
bb_ipp_ground_truth,target_error,2380,198.25,0.0
bb_ipp_ground_truth,target_error,2381,198.33333333333337,0.0
bb_ipp_ground_truth,target_error,2382,198.41666666666663,0.0
bb_ipp_ground_truth,target_error,2383,198.5,0.0
bb_ipp_ground_truth,target_error,2384,198.58333333333337,0.0
bb_ipp_ground_truth,target_error,2385,198.66666666666663,0.0
bb_ipp_ground_truth,target_error,2386,198.75,0.0
bb_ipp_ground_truth,target_error,2387,198.83333333333337,0.0
bb_ipp_ground_truth,target_error,2388,198.91666666666663,0.0
bb_ipp_ground_truth,target_error,2389,199.0,0.0
bb_ipp_ground_truth,target_error,2390,199.08333333333337,0.0
bb_ipp_ground_truth,target_error,2391,199.16666666666663,0.0
bb_ipp_ground_truth,target_error,2392,199.25,0.0
bb_ipp_ground_truth,target_error,2393,199.33333333333337,0.0
bb_ipp_ground_truth,target_error,2394,199.41666666666663,0.0
bb_ipp_ground_truth,target_error,2395,199.5,0.0
bb_ipp_ground_truth,target_error,2396,199.58333333333337,0.0
bb_ipp_ground_truth,target_error,2397,199.66666666666663,0.0
bb_ipp_ground_truth,target_error,2398,199.75,0.0
bb_ipp_ground_truth,target_error,2399,199.83333333333337,0.0
bb_ipp_ground_truth,target_error,2400,199.91666666666663,0.0
bb_ipp_ground_truth,target_error,2401,200.0,0.0
bb_ipp_ground_truth,target_error,2402,200.08333333333337,0.0
bb_ipp_ground_truth,target_error,2403,200.16666666666663,0.0
bb_ipp_ground_truth,target_error,2404,200.25,0.0
bb_ipp_ground_truth,target_error,2405,200.33333333333337,0.0
bb_ipp_ground_truth,target_error,2406,200.41666666666663,0.0
bb_ipp_ground_truth,target_error,2407,200.5,0.0
bb_ipp_ground_truth,target_error,2408,200.58333333333337,0.0
bb_ipp_ground_truth,target_error,2409,200.66666666666663,0.0
bb_ipp_ground_truth,target_error,2410,200.75,0.0
bb_ipp_ground_truth,target_error,2411,200.83333333333337,0.0
bb_ipp_ground_truth,target_error,2412,200.91666666666663,0.0
bb_ipp_ground_truth,target_error,2413,201.0,0.0
bb_ipp_ground_truth,target_error,2414,201.08333333333337,0.0
bb_ipp_ground_truth,target_error,2415,201.16666666666663,0.0
bb_ipp_ground_truth,target_error,2416,201.25,0.0
bb_ipp_ground_truth,target_error,2417,201.33333333333337,0.0
bb_ipp_ground_truth,target_error,2418,201.41666666666663,0.0
bb_ipp_ground_truth,target_error,2419,201.5,0.0
bb_ipp_ground_truth,target_error,2420,201.58333333333337,0.0
bb_ipp_ground_truth,target_error,2421,201.66666666666663,0.0
bb_ipp_ground_truth,target_error,2422,201.75,0.0
bb_ipp_ground_truth,target_error,2423,201.83333333333337,0.0
bb_ipp_ground_truth,target_error,2424,201.91666666666663,0.0
bb_ipp_ground_truth,target_error,2425,202.0,0.0
bb_ipp_ground_truth,target_error,2426,202.08333333333337,0.0
bb_ipp_ground_truth,target_error,2427,202.16666666666663,0.0
bb_ipp_ground_truth,target_error,2428,202.25,0.0
bb_ipp_ground_truth,target_error,2429,202.33333333333337,0.0
bb_ipp_ground_truth,target_error,2430,202.41666666666663,0.0
bb_ipp_ground_truth,target_error,2431,202.5,0.0
bb_ipp_ground_truth,target_error,2432,202.58333333333337,0.0
bb_ipp_ground_truth,target_error,2433,202.66666666666663,0.0
bb_ipp_ground_truth,target_error,2434,202.75,0.0
bb_ipp_ground_truth,target_error,2435,202.83333333333337,0.0
bb_ipp_ground_truth,target_error,2436,202.91666666666663,0.0
bb_ipp_ground_truth,target_error,2437,203.0,0.0
bb_ipp_ground_truth,target_error,2438,203.08333333333337,0.0
bb_ipp_ground_truth,target_error,2439,203.16666666666663,0.0
bb_ipp_ground_truth,target_error,2440,203.25,0.0
bb_ipp_ground_truth,target_error,2441,203.33333333333337,0.0
bb_ipp_ground_truth,target_error,2442,203.41666666666663,0.0
bb_ipp_ground_truth,target_error,2443,203.5,0.0
bb_ipp_ground_truth,target_error,2444,203.58333333333337,0.0
bb_ipp_ground_truth,target_error,2445,203.66666666666663,0.0
bb_ipp_ground_truth,target_error,2446,203.75,0.0
bb_ipp_ground_truth,target_error,2447,203.83333333333337,0.0
bb_ipp_ground_truth,target_error,2448,203.91666666666663,0.0
bb_ipp_ground_truth,target_error,2449,204.0,0.0
bb_ipp_ground_truth,target_error,2450,204.08333333333337,0.0
bb_ipp_ground_truth,target_error,2451,204.16666666666663,0.0
bb_ipp_ground_truth,target_error,2452,204.25,0.0
bb_ipp_ground_truth,target_error,2453,204.33333333333337,0.0
bb_ipp_ground_truth,target_error,2454,204.41666666666663,0.0
bb_ipp_ground_truth,target_error,2455,204.5,0.0
bb_ipp_ground_truth,target_error,2456,204.58333333333337,0.0
bb_ipp_ground_truth,target_error,2457,204.66666666666663,0.0
bb_ipp_ground_truth,target_error,2458,204.75,0.0
bb_ipp_ground_truth,target_error,2459,204.83333333333337,0.0
bb_ipp_ground_truth,target_error,2460,204.91666666666663,0.0
bb_ipp_ground_truth,target_error,2461,205.0,0.0
bb_ipp_ground_truth,target_error,2462,205.08333333333337,0.0
bb_ipp_ground_truth,target_error,2463,205.16666666666663,0.0
bb_ipp_ground_truth,target_error,2464,205.25,0.0
bb_ipp_ground_truth,target_error,2465,205.33333333333337,0.0
bb_ipp_ground_truth,target_error,2466,205.41666666666663,0.0
bb_ipp_ground_truth,target_error,2467,205.5,0.0
bb_ipp_ground_truth,target_error,2468,205.58333333333337,0.0
bb_ipp_ground_truth,target_error,2469,205.66666666666663,0.0
bb_ipp_ground_truth,target_error,2470,205.75,0.0
bb_ipp_ground_truth,target_error,2471,205.83333333333337,0.0
bb_ipp_ground_truth,target_error,2472,205.91666666666663,0.0
bb_ipp_ground_truth,target_error,2473,206.0,0.0
bb_ipp_ground_truth,target_error,2474,206.08333333333337,0.0
bb_ipp_ground_truth,target_error,2475,206.16666666666663,0.0
bb_ipp_ground_truth,target_error,2476,206.25,0.0
bb_ipp_ground_truth,target_error,2477,206.33333333333337,0.0
bb_ipp_ground_truth,target_error,2478,206.41666666666663,0.0
bb_ipp_ground_truth,target_error,2479,206.5,0.0
bb_ipp_ground_truth,target_error,2480,206.58333333333337,0.0
bb_ipp_ground_truth,target_error,2481,206.66666666666663,0.0
bb_ipp_ground_truth,target_error,2482,206.75,0.0
bb_ipp_ground_truth,target_error,2483,206.83333333333337,0.0
bb_ipp_ground_truth,target_error,2484,206.91666666666663,0.0
bb_ipp_ground_truth,target_error,2485,207.0,0.0
bb_ipp_ground_truth,target_error,2486,207.08333333333337,0.0
bb_ipp_ground_truth,target_error,2487,207.16666666666663,0.0
bb_ipp_ground_truth,target_error,2488,207.25,0.0
bb_ipp_ground_truth,target_error,2489,207.33333333333337,0.0
bb_ipp_ground_truth,target_error,2490,207.41666666666663,0.0
bb_ipp_ground_truth,target_error,2491,207.5,0.0
bb_ipp_ground_truth,target_error,2492,207.58333333333337,0.0
bb_ipp_ground_truth,target_error,2493,207.66666666666663,0.0
bb_ipp_ground_truth,target_error,2494,207.75,0.0
bb_ipp_ground_truth,target_error,2495,207.83333333333337,0.0
bb_ipp_ground_truth,target_error,2496,207.91666666666663,0.0
bb_ipp_ground_truth,target_error,2497,208.0,0.0
bb_ipp_ground_truth,target_error,2498,208.08333333333337,0.0
bb_ipp_ground_truth,target_error,2499,208.16666666666663,0.0
bb_ipp_ground_truth,target_error,2500,208.25,0.0
bb_ipp_ground_truth,target_error,2501,208.33333333333337,0.0
bb_ipp_ground_truth,target_error,2502,208.41666666666663,0.0
bb_ipp_ground_truth,target_error,2503,208.5,0.0
bb_ipp_ground_truth,target_error,2504,208.58333333333337,0.0
bb_ipp_ground_truth,target_error,2505,208.66666666666663,0.0
bb_ipp_ground_truth,target_error,2506,208.75,0.0
bb_ipp_ground_truth,target_error,2507,208.83333333333337,0.0
bb_ipp_ground_truth,target_error,2508,208.91666666666663,0.0
bb_ipp_ground_truth,target_error,2509,209.0,0.0
bb_ipp_ground_truth,target_error,2510,209.08333333333337,0.0
bb_ipp_ground_truth,target_error,2511,209.16666666666663,0.0
bb_ipp_ground_truth,target_error,2512,209.25,0.0
bb_ipp_ground_truth,target_error,2513,209.33333333333337,0.0
bb_ipp_ground_truth,target_error,2514,209.41666666666663,0.0
bb_ipp_ground_truth,target_error,2515,209.5,0.0
bb_ipp_ground_truth,target_error,2516,209.58333333333337,0.0
bb_ipp_ground_truth,target_error,2517,209.66666666666663,0.0
bb_ipp_ground_truth,target_error,2518,209.75,0.0
bb_ipp_ground_truth,target_error,2519,209.83333333333337,0.0
bb_ipp_ground_truth,target_error,2520,209.91666666666663,0.0
bb_ipp_ground_truth,target_error,2521,210.0,0.0
bb_ipp_ground_truth,target_error,2522,210.08333333333337,0.0
bb_ipp_ground_truth,target_error,2523,210.16666666666663,0.0
bb_ipp_ground_truth,target_error,2524,210.25,0.0
bb_ipp_ground_truth,target_error,2525,210.33333333333337,0.0
bb_ipp_ground_truth,target_error,2526,210.41666666666663,0.0
bb_ipp_ground_truth,target_error,2527,210.5,0.0
bb_ipp_ground_truth,target_error,2528,210.58333333333337,0.0
bb_ipp_ground_truth,target_error,2529,210.66666666666663,0.0
bb_ipp_ground_truth,target_error,2530,210.75,0.0
bb_ipp_ground_truth,target_error,2531,210.83333333333337,0.0
bb_ipp_ground_truth,target_error,2532,210.91666666666663,0.0
bb_ipp_ground_truth,target_error,2533,211.0,0.0
bb_ipp_ground_truth,target_error,2534,211.08333333333337,0.0
bb_ipp_ground_truth,target_error,2535,211.16666666666663,0.0
bb_ipp_ground_truth,target_error,2536,211.25,0.0
bb_ipp_ground_truth,target_error,2537,211.33333333333337,0.0
bb_ipp_ground_truth,target_error,2538,211.41666666666663,0.0
bb_ipp_ground_truth,target_error,2539,211.5,0.0
bb_ipp_ground_truth,target_error,2540,211.58333333333337,0.0
bb_ipp_ground_truth,target_error,2541,211.66666666666663,0.0
bb_ipp_ground_truth,target_error,2542,211.75,0.0
bb_ipp_ground_truth,target_error,2543,211.83333333333337,0.0
bb_ipp_ground_truth,target_error,2544,211.91666666666663,0.0
bb_ipp_ground_truth,target_error,2545,212.0,0.0
bb_ipp_ground_truth,target_error,2546,212.08333333333337,0.0
bb_ipp_ground_truth,target_error,2547,212.16666666666663,0.0
bb_ipp_ground_truth,target_error,2548,212.25,0.0
bb_ipp_ground_truth,target_error,2549,212.33333333333337,0.0
bb_ipp_ground_truth,target_error,2550,212.41666666666663,0.0
bb_ipp_ground_truth,target_error,2551,212.5,0.0
bb_ipp_ground_truth,target_error,2552,212.58333333333337,0.0
bb_ipp_ground_truth,target_error,2553,212.66666666666663,0.0
bb_ipp_ground_truth,target_error,2554,212.75,0.0
bb_ipp_ground_truth,target_error,2555,212.83333333333337,0.0
bb_ipp_ground_truth,target_error,2556,212.91666666666663,0.0
bb_ipp_ground_truth,target_error,2557,213.0,0.0
bb_ipp_ground_truth,target_error,2558,213.08333333333337,0.0
bb_ipp_ground_truth,target_error,2559,213.16666666666663,0.0
bb_ipp_ground_truth,target_error,2560,213.25,0.0
bb_ipp_ground_truth,target_error,2561,213.33333333333337,0.0
bb_ipp_ground_truth,target_error,2562,213.41666666666663,0.0
bb_ipp_ground_truth,target_error,2563,213.5,0.0
bb_ipp_ground_truth,target_error,2564,213.58333333333337,0.0
bb_ipp_ground_truth,target_error,2565,213.66666666666663,0.0
bb_ipp_ground_truth,target_error,2566,213.75,0.0
bb_ipp_ground_truth,target_error,2567,213.83333333333337,0.0
bb_ipp_ground_truth,target_error,2568,213.91666666666663,0.0
bb_ipp_ground_truth,target_error,2569,214.0,0.0
bb_ipp_ground_truth,target_error,2570,214.08333333333337,0.0
bb_ipp_ground_truth,target_error,2571,214.16666666666663,0.0
bb_ipp_ground_truth,target_error,2572,214.25,0.0
bb_ipp_ground_truth,target_error,2573,214.33333333333337,0.0
bb_ipp_ground_truth,target_error,2574,214.41666666666663,0.0
bb_ipp_ground_truth,target_error,2575,214.5,0.0
bb_ipp_ground_truth,target_error,2576,214.58333333333337,0.0
bb_ipp_ground_truth,target_error,2577,214.66666666666663,0.0
bb_ipp_ground_truth,target_error,2578,214.75,0.0
bb_ipp_ground_truth,target_error,2579,214.83333333333337,0.0
bb_ipp_ground_truth,target_error,2580,214.91666666666663,0.0
bb_ipp_ground_truth,target_error,2581,215.0,0.0
bb_ipp_ground_truth,target_error,2582,215.08333333333337,0.0
bb_ipp_ground_truth,target_error,2583,215.16666666666663,0.0
bb_ipp_ground_truth,target_error,2584,215.25,0.0
bb_ipp_ground_truth,target_error,2585,215.33333333333337,0.0
bb_ipp_ground_truth,target_error,2586,215.41666666666663,0.0
bb_ipp_ground_truth,target_error,2587,215.5,0.0
bb_ipp_ground_truth,target_error,2588,215.58333333333337,0.0
bb_ipp_ground_truth,target_error,2589,215.66666666666663,0.0
bb_ipp_ground_truth,target_error,2590,215.75,0.0
bb_ipp_ground_truth,target_error,2591,215.83333333333337,0.0
bb_ipp_ground_truth,target_error,2592,215.91666666666663,0.0
bb_ipp_ground_truth,target_error,2593,216.0,0.0
bb_ipp_ground_truth,target_error,2594,216.08333333333337,0.0
bb_ipp_ground_truth,target_error,2595,216.16666666666663,0.0
bb_ipp_ground_truth,target_error,2596,216.25,0.0
bb_ipp_ground_truth,target_error,2597,216.33333333333337,0.0
bb_ipp_ground_truth,target_error,2598,216.41666666666663,0.0
bb_ipp_ground_truth,target_error,2599,216.5,0.0
bb_ipp_ground_truth,target_error,2600,216.58333333333337,0.0
bb_ipp_ground_truth,target_error,2601,216.66666666666663,0.0
bb_ipp_ground_truth,target_error,2602,216.75,0.0
bb_ipp_ground_truth,target_error,2603,216.83333333333337,0.0
bb_ipp_ground_truth,target_error,2604,216.91666666666663,0.0
bb_ipp_ground_truth,target_error,2605,217.0,0.0
bb_ipp_ground_truth,target_error,2606,217.08333333333337,0.0
bb_ipp_ground_truth,target_error,2607,217.16666666666663,0.0
bb_ipp_ground_truth,target_error,2608,217.25,0.0
bb_ipp_ground_truth,target_error,2609,217.33333333333337,0.0
bb_ipp_ground_truth,target_error,2610,217.41666666666663,0.0
bb_ipp_ground_truth,target_error,2611,217.5,0.0
bb_ipp_ground_truth,target_error,2612,217.58333333333337,0.0
bb_ipp_ground_truth,target_error,2613,217.66666666666663,0.0
bb_ipp_ground_truth,target_error,2614,217.75,0.0
bb_ipp_ground_truth,target_error,2615,217.83333333333337,0.0
bb_ipp_ground_truth,target_error,2616,217.91666666666663,0.0
bb_ipp_ground_truth,target_error,2617,218.0,0.0
bb_ipp_ground_truth,target_error,2618,218.08333333333337,0.0
bb_ipp_ground_truth,target_error,2619,218.16666666666663,0.0
bb_ipp_ground_truth,target_error,2620,218.25,0.0
bb_ipp_ground_truth,target_error,2621,218.33333333333337,0.0
bb_ipp_ground_truth,target_error,2622,218.41666666666663,0.0
bb_ipp_ground_truth,target_error,2623,218.5,0.0
bb_ipp_ground_truth,target_error,2624,218.58333333333337,0.0
bb_ipp_ground_truth,target_error,2625,218.66666666666663,0.0
bb_ipp_ground_truth,target_error,2626,218.75,0.0
bb_ipp_ground_truth,target_error,2627,218.83333333333337,0.0
bb_ipp_ground_truth,target_error,2628,218.91666666666663,0.0
bb_ipp_ground_truth,target_error,2629,219.0,0.0
bb_ipp_ground_truth,target_error,2630,219.08333333333337,0.0
bb_ipp_ground_truth,target_error,2631,219.16666666666663,0.0
bb_ipp_ground_truth,target_error,2632,219.25,0.0
bb_ipp_ground_truth,target_error,2633,219.33333333333337,0.0
bb_ipp_ground_truth,target_error,2634,219.41666666666663,0.0
bb_ipp_ground_truth,target_error,2635,219.5,0.0
bb_ipp_ground_truth,target_error,2636,219.58333333333337,0.0
bb_ipp_ground_truth,target_error,2637,219.66666666666663,0.0
bb_ipp_ground_truth,target_error,2638,219.75,0.0
bb_ipp_ground_truth,target_error,2639,219.83333333333337,0.0
bb_ipp_ground_truth,target_error,2640,219.91666666666663,0.0
bb_ipp_ground_truth,target_error,2641,220.0,0.0
bb_ipp_ground_truth,target_error,2642,220.08333333333337,0.0
bb_ipp_ground_truth,target_error,2643,220.16666666666663,0.0
bb_ipp_ground_truth,target_error,2644,220.25,0.0
bb_ipp_ground_truth,target_error,2645,220.33333333333337,0.0
bb_ipp_ground_truth,target_error,2646,220.41666666666663,0.0
bb_ipp_ground_truth,target_error,2647,220.5,0.0
bb_ipp_ground_truth,target_error,2648,220.58333333333337,0.0
bb_ipp_ground_truth,target_error,2649,220.66666666666663,0.0
bb_ipp_ground_truth,target_error,2650,220.75,0.0
bb_ipp_ground_truth,target_error,2651,220.83333333333337,0.0
bb_ipp_ground_truth,target_error,2652,220.91666666666663,0.0
bb_ipp_ground_truth,target_error,2653,221.0,0.0
bb_ipp_ground_truth,target_error,2654,221.08333333333337,0.0
bb_ipp_ground_truth,target_error,2655,221.16666666666663,0.0
bb_ipp_ground_truth,target_error,2656,221.25,0.0
bb_ipp_ground_truth,target_error,2657,221.33333333333337,0.0
bb_ipp_ground_truth,target_error,2658,221.41666666666663,0.0
bb_ipp_ground_truth,target_error,2659,221.5,0.0
bb_ipp_ground_truth,target_error,2660,221.58333333333337,0.0
bb_ipp_ground_truth,target_error,2661,221.66666666666663,0.0
bb_ipp_ground_truth,target_error,2662,221.75,0.0
bb_ipp_ground_truth,target_error,2663,221.83333333333337,0.0
bb_ipp_ground_truth,target_error,2664,221.91666666666663,0.0
bb_ipp_ground_truth,target_error,2665,222.0,0.0
bb_ipp_ground_truth,target_error,2666,222.08333333333337,0.0
bb_ipp_ground_truth,target_error,2667,222.16666666666663,0.0
bb_ipp_ground_truth,target_error,2668,222.25,0.0
bb_ipp_ground_truth,target_error,2669,222.33333333333337,0.0
bb_ipp_ground_truth,target_error,2670,222.41666666666663,0.0
bb_ipp_ground_truth,target_error,2671,222.5,0.0
bb_ipp_ground_truth,target_error,2672,222.58333333333337,0.0
bb_ipp_ground_truth,target_error,2673,222.66666666666663,0.0
bb_ipp_ground_truth,target_error,2674,222.75,0.0
bb_ipp_ground_truth,target_error,2675,222.83333333333337,0.0
bb_ipp_ground_truth,target_error,2676,222.91666666666663,0.0
bb_ipp_ground_truth,target_error,2677,223.0,0.0
bb_ipp_ground_truth,target_error,2678,223.08333333333337,0.0
bb_ipp_ground_truth,target_error,2679,223.16666666666663,0.0
bb_ipp_ground_truth,target_error,2680,223.25,0.0
bb_ipp_ground_truth,target_error,2681,223.33333333333337,0.0
bb_ipp_ground_truth,target_error,2682,223.41666666666663,0.0
bb_ipp_ground_truth,target_error,2683,223.5,0.0
bb_ipp_ground_truth,target_error,2684,223.58333333333337,0.0
bb_ipp_ground_truth,target_error,2685,223.66666666666663,0.0
bb_ipp_ground_truth,target_error,2686,223.75,0.0
bb_ipp_ground_truth,target_error,2687,223.83333333333337,0.0
bb_ipp_ground_truth,target_error,2688,223.91666666666663,0.0
bb_ipp_ground_truth,target_error,2689,224.0,0.0
bb_ipp_ground_truth,target_error,2690,224.08333333333337,0.0
bb_ipp_ground_truth,target_error,2691,224.16666666666663,0.0
bb_ipp_ground_truth,target_error,2692,224.25,0.0
bb_ipp_ground_truth,target_error,2693,224.33333333333337,0.0
bb_ipp_ground_truth,target_error,2694,224.41666666666663,0.0
bb_ipp_ground_truth,target_error,2695,224.5,0.0
bb_ipp_ground_truth,target_error,2696,224.58333333333337,0.0
bb_ipp_ground_truth,target_error,2697,224.66666666666663,0.0
bb_ipp_ground_truth,target_error,2698,224.75,0.0
bb_ipp_ground_truth,target_error,2699,224.83333333333337,0.0
bb_ipp_ground_truth,target_error,2700,224.91666666666663,0.0
bb_ipp_ground_truth,target_error,2701,225.0,0.0
bb_ipp_ground_truth,target_error,2702,225.08333333333337,0.0
bb_ipp_ground_truth,target_error,2703,225.16666666666663,0.0
bb_ipp_ground_truth,target_error,2704,225.25,0.0
bb_ipp_ground_truth,target_error,2705,225.33333333333337,0.0
bb_ipp_ground_truth,target_error,2706,225.41666666666663,0.0
bb_ipp_ground_truth,target_error,2707,225.5,0.0
bb_ipp_ground_truth,target_error,2708,225.58333333333337,0.0
bb_ipp_ground_truth,target_error,2709,225.66666666666663,0.0
bb_ipp_ground_truth,target_error,2710,225.75,0.0
bb_ipp_ground_truth,target_error,2711,225.83333333333337,0.0
bb_ipp_ground_truth,target_error,2712,225.91666666666663,0.0
bb_ipp_ground_truth,target_error,2713,226.0,0.0
bb_ipp_ground_truth,target_error,2714,226.08333333333337,0.0
bb_ipp_ground_truth,target_error,2715,226.16666666666663,0.0
bb_ipp_ground_truth,target_error,2716,226.25,0.0
bb_ipp_ground_truth,target_error,2717,226.33333333333337,0.0
bb_ipp_ground_truth,target_error,2718,226.41666666666663,0.0
bb_ipp_ground_truth,target_error,2719,226.5,0.0
bb_ipp_ground_truth,target_error,2720,226.58333333333337,0.0
bb_ipp_ground_truth,target_error,2721,226.66666666666663,0.0
bb_ipp_ground_truth,target_error,2722,226.75,0.0
bb_ipp_ground_truth,target_error,2723,226.83333333333337,0.0
bb_ipp_ground_truth,target_error,2724,226.91666666666663,0.0
bb_ipp_ground_truth,target_error,2725,227.0,0.0
bb_ipp_ground_truth,target_error,2726,227.08333333333337,0.0
bb_ipp_ground_truth,target_error,2727,227.16666666666663,0.0
bb_ipp_ground_truth,target_error,2728,227.25,0.0
bb_ipp_ground_truth,target_error,2729,227.33333333333337,0.0
bb_ipp_ground_truth,target_error,2730,227.41666666666663,0.0
bb_ipp_ground_truth,target_error,2731,227.5,0.0
bb_ipp_ground_truth,target_error,2732,227.58333333333337,0.0
bb_ipp_ground_truth,target_error,2733,227.66666666666663,0.0
bb_ipp_ground_truth,target_error,2734,227.75,0.0
bb_ipp_ground_truth,target_error,2735,227.83333333333337,0.0
bb_ipp_ground_truth,target_error,2736,227.91666666666663,0.0
bb_ipp_ground_truth,target_error,2737,228.0,0.0
bb_ipp_ground_truth,target_error,2738,228.08333333333337,0.0
bb_ipp_ground_truth,target_error,2739,228.16666666666663,0.0
bb_ipp_ground_truth,target_error,2740,228.25,0.0
bb_ipp_ground_truth,target_error,2741,228.33333333333337,0.0
bb_ipp_ground_truth,target_error,2742,228.41666666666663,0.0
bb_ipp_ground_truth,target_error,2743,228.5,0.0
bb_ipp_ground_truth,target_error,2744,228.58333333333337,0.0
bb_ipp_ground_truth,target_error,2745,228.66666666666663,0.0
bb_ipp_ground_truth,target_error,2746,228.75,0.0
bb_ipp_ground_truth,target_error,2747,228.83333333333337,0.0
bb_ipp_ground_truth,target_error,2748,228.91666666666663,0.0
bb_ipp_ground_truth,target_error,2749,229.0,0.0
bb_ipp_ground_truth,target_error,2750,229.08333333333337,0.0
bb_ipp_ground_truth,target_error,2751,229.16666666666663,0.0
bb_ipp_ground_truth,target_error,2752,229.25,0.0
bb_ipp_ground_truth,target_error,2753,229.33333333333337,0.0
bb_ipp_ground_truth,target_error,2754,229.41666666666663,0.0
bb_ipp_ground_truth,target_error,2755,229.5,0.0
bb_ipp_ground_truth,target_error,2756,229.58333333333337,0.0
bb_ipp_ground_truth,target_error,2757,229.66666666666663,0.0
bb_ipp_ground_truth,target_error,2758,229.75,0.0
bb_ipp_ground_truth,target_error,2759,229.83333333333337,0.0
bb_ipp_ground_truth,target_error,2760,229.91666666666663,0.0
bb_ipp_ground_truth,target_error,2761,230.0,0.0
bb_ipp_ground_truth,target_error,2762,230.08333333333337,0.0
bb_ipp_ground_truth,target_error,2763,230.16666666666663,0.0
bb_ipp_ground_truth,target_error,2764,230.25,0.0
bb_ipp_ground_truth,target_error,2765,230.33333333333337,0.0
bb_ipp_ground_truth,target_error,2766,230.41666666666663,0.0
bb_ipp_ground_truth,target_error,2767,230.5,0.0
bb_ipp_ground_truth,target_error,2768,230.58333333333337,0.0
bb_ipp_ground_truth,target_error,2769,230.66666666666663,0.0
bb_ipp_ground_truth,target_error,2770,230.75,0.0
bb_ipp_ground_truth,target_error,2771,230.83333333333337,0.0
bb_ipp_ground_truth,target_error,2772,230.91666666666663,0.0
bb_ipp_ground_truth,target_error,2773,231.0,0.0
bb_ipp_ground_truth,target_error,2774,231.08333333333337,0.0
bb_ipp_ground_truth,target_error,2775,231.16666666666663,0.0
bb_ipp_ground_truth,target_error,2776,231.25,0.0
bb_ipp_ground_truth,target_error,2777,231.33333333333337,0.0
bb_ipp_ground_truth,target_error,2778,231.41666666666663,0.0
bb_ipp_ground_truth,target_error,2779,231.5,0.0
bb_ipp_ground_truth,target_error,2780,231.58333333333337,0.0
bb_ipp_ground_truth,target_error,2781,231.66666666666663,0.0
bb_ipp_ground_truth,target_error,2782,231.75,0.0
bb_ipp_ground_truth,target_error,2783,231.83333333333337,0.0
bb_ipp_ground_truth,target_error,2784,231.91666666666663,0.0
bb_ipp_ground_truth,target_error,2785,232.0,0.0
bb_ipp_ground_truth,target_error,2786,232.08333333333337,0.0
bb_ipp_ground_truth,target_error,2787,232.16666666666663,0.0
bb_ipp_ground_truth,target_error,2788,232.25,0.0
bb_ipp_ground_truth,target_error,2789,232.33333333333337,0.0
bb_ipp_ground_truth,target_error,2790,232.41666666666663,0.0
bb_ipp_ground_truth,target_error,2791,232.5,0.0
bb_ipp_ground_truth,target_error,2792,232.58333333333337,0.0
bb_ipp_ground_truth,target_error,2793,232.66666666666663,0.0
bb_ipp_ground_truth,target_error,2794,232.75,0.0
bb_ipp_ground_truth,target_error,2795,232.83333333333337,0.0
bb_ipp_ground_truth,target_error,2796,232.91666666666663,0.0
bb_ipp_ground_truth,target_error,2797,233.0,0.0
bb_ipp_ground_truth,target_error,2798,233.08333333333337,0.0
bb_ipp_ground_truth,target_error,2799,233.16666666666663,0.0
bb_ipp_ground_truth,target_error,2800,233.25,0.0
bb_ipp_ground_truth,target_error,2801,233.33333333333337,0.0
bb_ipp_ground_truth,target_error,2802,233.41666666666663,0.0
bb_ipp_ground_truth,target_error,2803,233.5,0.0
bb_ipp_ground_truth,target_error,2804,233.58333333333337,0.0
bb_ipp_ground_truth,target_error,2805,233.66666666666663,0.0
bb_ipp_ground_truth,target_error,2806,233.75,0.0
bb_ipp_ground_truth,target_error,2807,233.83333333333337,0.0
bb_ipp_ground_truth,target_error,2808,233.91666666666663,0.0
bb_ipp_ground_truth,target_error,2809,234.0,0.0
bb_ipp_ground_truth,target_error,2810,234.08333333333337,0.0
bb_ipp_ground_truth,target_error,2811,234.16666666666663,0.0
bb_ipp_ground_truth,target_error,2812,234.25,0.0
bb_ipp_ground_truth,target_error,2813,234.33333333333337,0.0
bb_ipp_ground_truth,target_error,2814,234.41666666666663,0.0
bb_ipp_ground_truth,target_error,2815,234.5,0.0
bb_ipp_ground_truth,target_error,2816,234.58333333333337,0.0
bb_ipp_ground_truth,target_error,2817,234.66666666666663,0.0
bb_ipp_ground_truth,target_error,2818,234.75,0.0
bb_ipp_ground_truth,target_error,2819,234.83333333333337,0.0
bb_ipp_ground_truth,target_error,2820,234.91666666666663,0.0
bb_ipp_ground_truth,target_error,2821,235.0,0.0
bb_ipp_ground_truth,target_error,2822,235.08333333333337,0.0
bb_ipp_ground_truth,target_error,2823,235.16666666666663,0.0
bb_ipp_ground_truth,target_error,2824,235.25,0.0
bb_ipp_ground_truth,target_error,2825,235.33333333333337,0.0
bb_ipp_ground_truth,target_error,2826,235.41666666666663,0.0
bb_ipp_ground_truth,target_error,2827,235.5,0.0
bb_ipp_ground_truth,target_error,2828,235.58333333333337,0.0
bb_ipp_ground_truth,target_error,2829,235.66666666666663,0.0
bb_ipp_ground_truth,target_error,2830,235.75,0.0
bb_ipp_ground_truth,target_error,2831,235.83333333333337,0.0
bb_ipp_ground_truth,target_error,2832,235.91666666666663,0.0
bb_ipp_ground_truth,target_error,2833,236.0,0.0
bb_ipp_ground_truth,target_error,2834,236.08333333333337,0.0
bb_ipp_ground_truth,target_error,2835,236.16666666666663,0.0
bb_ipp_ground_truth,target_error,2836,236.25,0.0
bb_ipp_ground_truth,target_error,2837,236.33333333333337,0.0
bb_ipp_ground_truth,target_error,2838,236.41666666666663,0.0
bb_ipp_ground_truth,target_error,2839,236.5,0.0
bb_ipp_ground_truth,target_error,2840,236.58333333333337,0.0
bb_ipp_ground_truth,target_error,2841,236.66666666666663,0.0
bb_ipp_ground_truth,target_error,2842,236.75,0.0
bb_ipp_ground_truth,target_error,2843,236.83333333333337,0.0
bb_ipp_ground_truth,target_error,2844,236.91666666666663,0.0
bb_ipp_ground_truth,target_error,2845,237.0,0.0
bb_ipp_ground_truth,target_error,2846,237.08333333333337,0.0
bb_ipp_ground_truth,target_error,2847,237.16666666666663,0.0
bb_ipp_ground_truth,target_error,2848,237.25,0.0
bb_ipp_ground_truth,target_error,2849,237.33333333333337,0.0
bb_ipp_ground_truth,target_error,2850,237.41666666666663,0.0
bb_ipp_ground_truth,target_error,2851,237.5,0.0
bb_ipp_ground_truth,target_error,2852,237.58333333333337,0.0
bb_ipp_ground_truth,target_error,2853,237.66666666666663,0.0
bb_ipp_ground_truth,target_error,2854,237.75,0.0
bb_ipp_ground_truth,target_error,2855,237.83333333333337,0.0
bb_ipp_ground_truth,target_error,2856,237.91666666666663,0.0
bb_ipp_ground_truth,target_error,2857,238.0,0.0
bb_ipp_ground_truth,target_error,2858,238.08333333333337,0.0
bb_ipp_ground_truth,target_error,2859,238.16666666666663,0.0
bb_ipp_ground_truth,target_error,2860,238.25,0.0
bb_ipp_ground_truth,target_error,2861,238.33333333333337,0.0
bb_ipp_ground_truth,target_error,2862,238.41666666666663,0.0
bb_ipp_ground_truth,target_error,2863,238.5,0.0
bb_ipp_ground_truth,target_error,2864,238.58333333333337,0.0
bb_ipp_ground_truth,target_error,2865,238.66666666666663,0.0
bb_ipp_ground_truth,target_error,2866,238.75,0.0
bb_ipp_ground_truth,target_error,2867,238.83333333333337,0.0
bb_ipp_ground_truth,target_error,2868,238.91666666666663,0.0
bb_ipp_ground_truth,target_error,2869,239.0,0.0
bb_ipp_ground_truth,target_error,2870,239.08333333333337,0.0
bb_ipp_ground_truth,target_error,2871,239.16666666666663,0.0
bb_ipp_ground_truth,target_error,2872,239.25,0.0
bb_ipp_ground_truth,target_error,2873,239.33333333333337,0.0
bb_ipp_ground_truth,target_error,2874,239.41666666666663,0.0
bb_ipp_ground_truth,target_error,2875,239.5,0.0
bb_ipp_ground_truth,target_error,2876,239.58333333333337,0.0
bb_ipp_ground_truth,target_error,2877,239.66666666666663,0.0
bb_ipp_ground_truth,target_error,2878,239.75,0.0
bb_ipp_ground_truth,target_error,2879,239.83333333333337,0.0
bb_ipp_ground_truth,target_error,2880,239.91666666666663,0.0
bb_ipp_ground_truth,target_error,2881,240.0,0.0
bb_ipp_ground_truth,target_error,2882,240.08333333333337,0.0
bb_ipp_ground_truth,target_error,2883,240.16666666666663,0.0
bb_ipp_ground_truth,target_error,2884,240.25,0.0
bb_ipp_ground_truth,target_error,2885,240.33333333333337,0.0
bb_ipp_ground_truth,target_error,2886,240.41666666666663,0.0
bb_ipp_ground_truth,target_error,2887,240.5,0.0
bb_ipp_ground_truth,target_error,2888,240.58333333333337,0.0
bb_ipp_ground_truth,target_error,2889,240.66666666666663,0.0
bb_ipp_ground_truth,target_error,2890,240.75,0.0
bb_ipp_ground_truth,target_error,2891,240.83333333333337,0.0
bb_ipp_ground_truth,target_error,2892,240.91666666666663,0.0
bb_ipp_ground_truth,target_error,2893,241.0,0.0
bb_ipp_ground_truth,target_error,2894,241.08333333333337,0.0
bb_ipp_ground_truth,target_error,2895,241.16666666666663,0.0
bb_ipp_ground_truth,target_error,2896,241.25,0.0
bb_ipp_ground_truth,target_error,2897,241.33333333333337,0.0
bb_ipp_ground_truth,target_error,2898,241.41666666666663,0.0
bb_ipp_ground_truth,target_error,2899,241.5,0.0
bb_ipp_ground_truth,target_error,2900,241.58333333333337,0.0
bb_ipp_ground_truth,target_error,2901,241.66666666666663,0.0
bb_ipp_ground_truth,target_error,2902,241.75,0.0
bb_ipp_ground_truth,target_error,2903,241.83333333333337,0.0
bb_ipp_ground_truth,target_error,2904,241.91666666666663,0.0
bb_ipp_ground_truth,target_error,2905,242.0,0.0
bb_ipp_ground_truth,target_error,2906,242.08333333333337,0.0
bb_ipp_ground_truth,target_error,2907,242.16666666666663,0.0
bb_ipp_ground_truth,target_error,2908,242.25,0.0
bb_ipp_ground_truth,target_error,2909,242.33333333333337,0.0
bb_ipp_ground_truth,target_error,2910,242.41666666666663,0.0
bb_ipp_ground_truth,target_error,2911,242.5,0.0
bb_ipp_ground_truth,target_error,2912,242.58333333333337,0.0
bb_ipp_ground_truth,target_error,2913,242.66666666666663,0.0
bb_ipp_ground_truth,target_error,2914,242.75,0.0
bb_ipp_ground_truth,target_error,2915,242.83333333333337,0.0
bb_ipp_ground_truth,target_error,2916,242.91666666666663,0.0
bb_ipp_ground_truth,target_error,2917,243.0,0.0
bb_ipp_ground_truth,target_error,2918,243.08333333333337,0.0
bb_ipp_ground_truth,target_error,2919,243.16666666666663,0.0
bb_ipp_ground_truth,target_error,2920,243.25,0.0
bb_ipp_ground_truth,target_error,2921,243.33333333333337,0.0
bb_ipp_ground_truth,target_error,2922,243.41666666666663,0.0
bb_ipp_ground_truth,target_error,2923,243.5,0.0
bb_ipp_ground_truth,target_error,2924,243.58333333333337,0.0
bb_ipp_ground_truth,target_error,2925,243.66666666666663,0.0
bb_ipp_ground_truth,target_error,2926,243.75,0.0
bb_ipp_ground_truth,target_error,2927,243.83333333333337,0.0
bb_ipp_ground_truth,target_error,2928,243.91666666666663,0.0
bb_ipp_ground_truth,target_error,2929,244.0,0.0
bb_ipp_ground_truth,target_error,2930,244.08333333333337,0.0
bb_ipp_ground_truth,target_error,2931,244.16666666666663,0.0
bb_ipp_ground_truth,target_error,2932,244.25,0.0
bb_ipp_ground_truth,target_error,2933,244.33333333333337,0.0
bb_ipp_ground_truth,target_error,2934,244.41666666666663,0.0
bb_ipp_ground_truth,target_error,2935,244.5,0.0
bb_ipp_ground_truth,target_error,2936,244.58333333333337,0.0
bb_ipp_ground_truth,target_error,2937,244.66666666666663,0.0
bb_ipp_ground_truth,target_error,2938,244.75,0.0
bb_ipp_ground_truth,target_error,2939,244.83333333333337,0.0
bb_ipp_ground_truth,target_error,2940,244.91666666666663,0.0
bb_ipp_ground_truth,target_error,2941,245.0,0.0
bb_ipp_ground_truth,target_error,2942,245.08333333333337,0.0
bb_ipp_ground_truth,target_error,2943,245.16666666666663,0.0
bb_ipp_ground_truth,target_error,2944,245.25,0.0
bb_ipp_ground_truth,target_error,2945,245.33333333333337,0.0
bb_ipp_ground_truth,target_error,2946,245.41666666666663,0.0
bb_ipp_ground_truth,target_error,2947,245.5,0.0
bb_ipp_ground_truth,target_error,2948,245.58333333333337,0.0
bb_ipp_ground_truth,target_error,2949,245.66666666666663,0.0
bb_ipp_ground_truth,target_error,2950,245.75,0.0
bb_ipp_ground_truth,target_error,2951,245.83333333333337,0.0
bb_ipp_ground_truth,target_error,2952,245.91666666666663,0.0
bb_ipp_ground_truth,target_error,2953,246.0,0.0
bb_ipp_ground_truth,target_error,2954,246.08333333333337,0.0
bb_ipp_ground_truth,target_error,2955,246.16666666666663,0.0
bb_ipp_ground_truth,target_error,2956,246.25,0.0
bb_ipp_ground_truth,target_error,2957,246.33333333333337,0.0
bb_ipp_ground_truth,target_error,2958,246.41666666666663,0.0
bb_ipp_ground_truth,target_error,2959,246.5,0.0
bb_ipp_ground_truth,target_error,2960,246.58333333333337,0.0
bb_ipp_ground_truth,target_error,2961,246.66666666666663,0.0
bb_ipp_ground_truth,target_error,2962,246.75,0.0
bb_ipp_ground_truth,target_error,2963,246.83333333333337,0.0
bb_ipp_ground_truth,target_error,2964,246.91666666666663,0.0
bb_ipp_ground_truth,target_error,2965,247.0,0.0
bb_ipp_ground_truth,target_error,2966,247.08333333333337,0.0
bb_ipp_ground_truth,target_error,2967,247.16666666666663,0.0
bb_ipp_ground_truth,target_error,2968,247.25,0.0
bb_ipp_ground_truth,target_error,2969,247.33333333333337,0.0
bb_ipp_ground_truth,target_error,2970,247.41666666666663,0.0
bb_ipp_ground_truth,target_error,2971,247.5,0.0
bb_ipp_ground_truth,target_error,2972,247.58333333333337,0.0
bb_ipp_ground_truth,target_error,2973,247.66666666666663,0.0
bb_ipp_ground_truth,target_error,2974,247.75,0.0
bb_ipp_ground_truth,target_error,2975,247.83333333333337,0.0
bb_ipp_ground_truth,target_error,2976,247.91666666666663,0.0
bb_ipp_ground_truth,target_error,2977,248.0,0.0
bb_ipp_ground_truth,target_error,2978,248.08333333333337,0.0
bb_ipp_ground_truth,target_error,2979,248.16666666666663,0.0
bb_ipp_ground_truth,target_error,2980,248.25,0.0
bb_ipp_ground_truth,target_error,2981,248.33333333333337,0.0
bb_ipp_ground_truth,target_error,2982,248.41666666666663,0.0
bb_ipp_ground_truth,target_error,2983,248.5,0.0
bb_ipp_ground_truth,target_error,2984,248.58333333333337,0.0
bb_ipp_ground_truth,target_error,2985,248.66666666666663,0.0
bb_ipp_ground_truth,target_error,2986,248.75,0.0
bb_ipp_ground_truth,target_error,2987,248.83333333333337,0.0
bb_ipp_ground_truth,target_error,2988,248.91666666666663,0.0
bb_ipp_ground_truth,target_error,2989,249.0,0.0
bb_ipp_ground_truth,target_error,2990,249.08333333333337,0.0
bb_ipp_ground_truth,target_error,2991,249.16666666666663,0.0
bb_ipp_ground_truth,target_error,2992,249.25,0.0
bb_ipp_ground_truth,target_error,2993,249.33333333333337,0.0
bb_ipp_ground_truth,target_error,2994,249.41666666666663,0.0
bb_ipp_ground_truth,target_error,2995,249.5,0.0
bb_ipp_ground_truth,target_error,2996,249.58333333333337,0.0
bb_ipp_ground_truth,target_error,2997,249.66666666666663,0.0
bb_ipp_ground_truth,target_error,2998,249.75,0.0
bb_ipp_ground_truth,target_error,2999,249.83333333333337,0.0
bb_ipp_ground_truth,target_error,3000,249.91666666666663,0.0
bb_ipp_ground_truth,target_error,3001,250.0,0.0
bb_ipp_ground_truth,target_error,3002,250.08333333333337,0.0
bb_ipp_ground_truth,target_error,3003,250.16666666666663,0.0
bb_ipp_ground_truth,target_error,3004,250.25,0.0
bb_ipp_ground_truth,target_error,3005,250.33333333333337,0.0
bb_ipp_ground_truth,target_error,3006,250.41666666666663,0.0
bb_ipp_ground_truth,target_error,3007,250.5,0.0
bb_ipp_ground_truth,target_error,3008,250.58333333333337,0.0
bb_ipp_ground_truth,target_error,3009,250.66666666666663,0.0
bb_ipp_ground_truth,target_error,3010,250.75,0.0
bb_ipp_ground_truth,target_error,3011,250.83333333333337,0.0
bb_ipp_ground_truth,target_error,3012,250.91666666666663,0.0
bb_ipp_ground_truth,target_error,3013,251.0,0.0
bb_ipp_ground_truth,target_error,3014,251.08333333333337,0.0
bb_ipp_ground_truth,target_error,3015,251.16666666666663,0.0
bb_ipp_ground_truth,target_error,3016,251.25,0.0
bb_ipp_ground_truth,target_error,3017,251.33333333333337,0.0
bb_ipp_ground_truth,target_error,3018,251.41666666666663,0.0
bb_ipp_ground_truth,target_error,3019,251.5,0.0
bb_ipp_ground_truth,target_error,3020,251.58333333333337,0.0
bb_ipp_ground_truth,target_error,3021,251.66666666666663,0.0
bb_ipp_ground_truth,target_error,3022,251.75,0.0
bb_ipp_ground_truth,target_error,3023,251.83333333333337,0.0
bb_ipp_ground_truth,target_error,3024,251.91666666666663,0.0
bb_ipp_ground_truth,target_error,3025,252.0,0.0
bb_ipp_ground_truth,target_error,3026,252.08333333333337,0.0
bb_ipp_ground_truth,target_error,3027,252.16666666666663,0.0
bb_ipp_ground_truth,target_error,3028,252.25,0.0
bb_ipp_ground_truth,target_error,3029,252.33333333333337,0.0
bb_ipp_ground_truth,target_error,3030,252.41666666666663,0.0
bb_ipp_ground_truth,target_error,3031,252.5,0.0
bb_ipp_ground_truth,target_error,3032,252.58333333333337,0.0
bb_ipp_ground_truth,target_error,3033,252.66666666666663,0.0
bb_ipp_ground_truth,target_error,3034,252.75,0.0
bb_ipp_ground_truth,target_error,3035,252.83333333333337,0.0
bb_ipp_ground_truth,target_error,3036,252.91666666666663,0.0
bb_ipp_ground_truth,target_error,3037,253.0,0.0
bb_ipp_ground_truth,target_error,3038,253.08333333333337,0.0
bb_ipp_ground_truth,target_error,3039,253.16666666666663,0.0
bb_ipp_ground_truth,target_error,3040,253.25,0.0
bb_ipp_ground_truth,target_error,3041,253.33333333333337,0.0
bb_ipp_ground_truth,target_error,3042,253.41666666666663,0.0
bb_ipp_ground_truth,target_error,3043,253.5,0.0
bb_ipp_ground_truth,target_error,3044,253.58333333333337,0.0
bb_ipp_ground_truth,target_error,3045,253.66666666666663,0.0
bb_ipp_ground_truth,target_error,3046,253.75,0.0
bb_ipp_ground_truth,target_error,3047,253.83333333333337,0.0
bb_ipp_ground_truth,target_error,3048,253.91666666666663,0.0
bb_ipp_ground_truth,target_error,3049,254.0,0.0
bb_ipp_ground_truth,target_error,3050,254.08333333333337,0.0
bb_ipp_ground_truth,target_error,3051,254.16666666666663,0.0
bb_ipp_ground_truth,target_error,3052,254.25,0.0
bb_ipp_ground_truth,target_error,3053,254.33333333333337,0.0
bb_ipp_ground_truth,target_error,3054,254.41666666666663,0.0
bb_ipp_ground_truth,target_error,3055,254.5,0.0
bb_ipp_ground_truth,target_error,3056,254.58333333333337,0.0
bb_ipp_ground_truth,target_error,3057,254.66666666666663,0.0
bb_ipp_ground_truth,target_error,3058,254.75,0.0
bb_ipp_ground_truth,target_error,3059,254.83333333333337,0.0
bb_ipp_ground_truth,target_error,3060,254.91666666666663,0.0
bb_ipp_ground_truth,target_error,3061,255.0,0.0
bb_ipp_ground_truth,target_error,3062,255.08333333333337,0.0
bb_ipp_ground_truth,target_error,3063,255.16666666666663,0.0
bb_ipp_ground_truth,target_error,3064,255.25,0.0
bb_ipp_ground_truth,target_error,3065,255.33333333333337,0.0
bb_ipp_ground_truth,target_error,3066,255.41666666666663,0.0
bb_ipp_ground_truth,target_error,3067,255.5,0.0
bb_ipp_ground_truth,target_error,3068,255.58333333333337,0.0
bb_ipp_ground_truth,target_error,3069,255.66666666666663,0.0
bb_ipp_ground_truth,target_error,3070,255.75,0.0
bb_ipp_ground_truth,target_error,3071,255.83333333333337,0.0
bb_ipp_ground_truth,target_error,3072,255.91666666666663,0.0
bb_ipp_ground_truth,target_error,3073,256.0,0.0
bb_ipp_ground_truth,target_error,3074,256.08333333333337,0.0
bb_ipp_ground_truth,target_error,3075,256.16666666666663,0.0
bb_ipp_ground_truth,target_error,3076,256.25,0.0
bb_ipp_ground_truth,target_error,3077,256.33333333333337,0.0
bb_ipp_ground_truth,target_error,3078,256.41666666666663,0.0
bb_ipp_ground_truth,target_error,3079,256.5,0.0
bb_ipp_ground_truth,target_error,3080,256.58333333333337,0.0
bb_ipp_ground_truth,target_error,3081,256.66666666666663,0.0
bb_ipp_ground_truth,target_error,3082,256.75,0.0
bb_ipp_ground_truth,target_error,3083,256.83333333333337,0.0
bb_ipp_ground_truth,target_error,3084,256.91666666666663,0.0
bb_ipp_ground_truth,target_error,3085,257.0,0.0
bb_ipp_ground_truth,target_error,3086,257.08333333333337,0.0
bb_ipp_ground_truth,target_error,3087,257.16666666666663,0.0
bb_ipp_ground_truth,target_error,3088,257.25,0.0
bb_ipp_ground_truth,target_error,3089,257.33333333333337,0.0
bb_ipp_ground_truth,target_error,3090,257.41666666666663,0.0
bb_ipp_ground_truth,target_error,3091,257.5,0.0
bb_ipp_ground_truth,target_error,3092,257.58333333333337,0.0
bb_ipp_ground_truth,target_error,3093,257.66666666666663,0.0
bb_ipp_ground_truth,target_error,3094,257.75,0.0
bb_ipp_ground_truth,target_error,3095,257.83333333333337,0.0
bb_ipp_ground_truth,target_error,3096,257.91666666666663,0.0
bb_ipp_ground_truth,target_error,3097,258.0,0.0
bb_ipp_ground_truth,target_error,3098,258.08333333333337,0.0
bb_ipp_ground_truth,target_error,3099,258.16666666666663,0.0
bb_ipp_ground_truth,target_error,3100,258.25,0.0
bb_ipp_ground_truth,target_error,3101,258.33333333333337,0.0
bb_ipp_ground_truth,target_error,3102,258.41666666666663,0.0
bb_ipp_ground_truth,target_error,3103,258.5,0.0
bb_ipp_ground_truth,target_error,3104,258.58333333333337,0.0
bb_ipp_ground_truth,target_error,3105,258.66666666666663,0.0
bb_ipp_ground_truth,target_error,3106,258.75,0.0
bb_ipp_ground_truth,target_error,3107,258.83333333333337,0.0
bb_ipp_ground_truth,target_error,3108,258.91666666666663,0.0
bb_ipp_ground_truth,target_error,3109,259.0,0.0
bb_ipp_ground_truth,target_error,3110,259.08333333333337,0.0
bb_ipp_ground_truth,target_error,3111,259.16666666666663,0.0
bb_ipp_ground_truth,target_error,3112,259.25,0.0
bb_ipp_ground_truth,target_error,3113,259.33333333333337,0.0
bb_ipp_ground_truth,target_error,3114,259.41666666666663,0.0
bb_ipp_ground_truth,target_error,3115,259.5,0.0
bb_ipp_ground_truth,target_error,3116,259.58333333333337,0.0
bb_ipp_ground_truth,target_error,3117,259.66666666666663,0.0
bb_ipp_ground_truth,target_error,3118,259.75,0.0
bb_ipp_ground_truth,target_error,3119,259.83333333333337,0.0
bb_ipp_ground_truth,target_error,3120,259.91666666666663,0.0
bb_ipp_ground_truth,target_error,3121,260.0,0.0
bb_ipp_ground_truth,target_error,3122,260.08333333333337,0.0
bb_ipp_ground_truth,target_error,3123,260.16666666666663,0.0
bb_ipp_ground_truth,target_error,3124,260.25,0.0
bb_ipp_ground_truth,target_error,3125,260.33333333333337,0.0
bb_ipp_ground_truth,target_error,3126,260.41666666666663,0.0
bb_ipp_ground_truth,target_error,3127,260.5,0.0
bb_ipp_ground_truth,target_error,3128,260.58333333333337,0.0
bb_ipp_ground_truth,target_error,3129,260.66666666666663,0.0
bb_ipp_ground_truth,target_error,3130,260.75,0.0
bb_ipp_ground_truth,target_error,3131,260.83333333333337,0.0
bb_ipp_ground_truth,target_error,3132,260.91666666666663,0.0
bb_ipp_ground_truth,target_error,3133,261.0,0.0
bb_ipp_ground_truth,target_error,3134,261.08333333333337,0.0
bb_ipp_ground_truth,target_error,3135,261.16666666666663,0.0
bb_ipp_ground_truth,target_error,3136,261.25,0.0
bb_ipp_ground_truth,target_error,3137,261.33333333333337,0.0
bb_ipp_ground_truth,target_error,3138,261.41666666666663,0.0
bb_ipp_ground_truth,target_error,3139,261.5,0.0
bb_ipp_ground_truth,target_error,3140,261.58333333333337,0.0
bb_ipp_ground_truth,target_error,3141,261.66666666666663,0.0
bb_ipp_ground_truth,target_error,3142,261.75,0.0
bb_ipp_ground_truth,target_error,3143,261.83333333333337,0.0
bb_ipp_ground_truth,target_error,3144,261.91666666666663,0.0
bb_ipp_ground_truth,target_error,3145,262.0,0.0
bb_ipp_ground_truth,target_error,3146,262.08333333333337,0.0
bb_ipp_ground_truth,target_error,3147,262.16666666666663,0.0
bb_ipp_ground_truth,target_error,3148,262.25,0.0
bb_ipp_ground_truth,target_error,3149,262.33333333333337,0.0
bb_ipp_ground_truth,target_error,3150,262.41666666666663,0.0
bb_ipp_ground_truth,target_error,3151,262.5,0.0
bb_ipp_ground_truth,target_error,3152,262.58333333333337,0.0
bb_ipp_ground_truth,target_error,3153,262.66666666666663,0.0
bb_ipp_ground_truth,target_error,3154,262.75,0.0
bb_ipp_ground_truth,target_error,3155,262.83333333333337,0.0
bb_ipp_ground_truth,target_error,3156,262.91666666666663,0.0
bb_ipp_ground_truth,target_error,3157,263.0,0.0
bb_ipp_ground_truth,target_error,3158,263.08333333333337,0.0
bb_ipp_ground_truth,target_error,3159,263.16666666666663,0.0
bb_ipp_ground_truth,target_error,3160,263.25,0.0
bb_ipp_ground_truth,target_error,3161,263.33333333333337,0.0
bb_ipp_ground_truth,target_error,3162,263.41666666666663,0.0
bb_ipp_ground_truth,target_error,3163,263.5,0.0
bb_ipp_ground_truth,target_error,3164,263.58333333333337,0.0
bb_ipp_ground_truth,target_error,3165,263.66666666666663,0.0
bb_ipp_ground_truth,target_error,3166,263.75,0.0
bb_ipp_ground_truth,target_error,3167,263.83333333333337,0.0
bb_ipp_ground_truth,target_error,3168,263.91666666666663,0.0
bb_ipp_ground_truth,target_error,3169,264.0,0.0
bb_ipp_ground_truth,target_error,3170,264.08333333333337,0.0
bb_ipp_ground_truth,target_error,3171,264.16666666666663,0.0
bb_ipp_ground_truth,target_error,3172,264.25,0.0
bb_ipp_ground_truth,target_error,3173,264.33333333333337,0.0
bb_ipp_ground_truth,target_error,3174,264.41666666666663,0.0
bb_ipp_ground_truth,target_error,3175,264.5,0.0
bb_ipp_ground_truth,target_error,3176,264.58333333333337,0.0
bb_ipp_ground_truth,target_error,3177,264.66666666666663,0.0
bb_ipp_ground_truth,target_error,3178,264.75,0.0
bb_ipp_ground_truth,target_error,3179,264.83333333333337,0.0
bb_ipp_ground_truth,target_error,3180,264.91666666666663,0.0
bb_ipp_ground_truth,target_error,3181,265.0,0.0
bb_ipp_ground_truth,target_error,3182,265.08333333333337,0.0
bb_ipp_ground_truth,target_error,3183,265.16666666666663,0.0
bb_ipp_ground_truth,target_error,3184,265.25,0.0
bb_ipp_ground_truth,target_error,3185,265.33333333333337,0.0
bb_ipp_ground_truth,target_error,3186,265.41666666666663,0.0
bb_ipp_ground_truth,target_error,3187,265.5,0.0
bb_ipp_ground_truth,target_error,3188,265.58333333333337,0.0
bb_ipp_ground_truth,target_error,3189,265.66666666666663,0.0
bb_ipp_ground_truth,target_error,3190,265.75,0.0
bb_ipp_ground_truth,target_error,3191,265.83333333333337,0.0
bb_ipp_ground_truth,target_error,3192,265.91666666666663,0.0
bb_ipp_ground_truth,target_error,3193,266.0,0.0
bb_ipp_ground_truth,target_error,3194,266.08333333333337,0.0
bb_ipp_ground_truth,target_error,3195,266.16666666666663,0.0
bb_ipp_ground_truth,target_error,3196,266.25,0.0
bb_ipp_ground_truth,target_error,3197,266.33333333333337,0.0
bb_ipp_ground_truth,target_error,3198,266.41666666666663,0.0
bb_ipp_ground_truth,target_error,3199,266.5,0.0
bb_ipp_ground_truth,target_error,3200,266.58333333333337,0.0
bb_ipp_ground_truth,target_error,3201,266.66666666666663,0.0
bb_ipp_ground_truth,target_error,3202,266.75,0.0
bb_ipp_ground_truth,target_error,3203,266.83333333333337,0.0
bb_ipp_ground_truth,target_error,3204,266.91666666666663,0.0
bb_ipp_ground_truth,target_error,3205,267.0,0.0
bb_ipp_ground_truth,target_error,3206,267.08333333333337,0.0
bb_ipp_ground_truth,target_error,3207,267.16666666666663,0.0
bb_ipp_ground_truth,target_error,3208,267.25,0.0
bb_ipp_ground_truth,target_error,3209,267.33333333333337,0.0
bb_ipp_ground_truth,target_error,3210,267.41666666666663,0.0
bb_ipp_ground_truth,target_error,3211,267.5,0.0
bb_ipp_ground_truth,target_error,3212,267.58333333333337,0.0
bb_ipp_ground_truth,target_error,3213,267.66666666666663,0.0
bb_ipp_ground_truth,target_error,3214,267.75,0.0
bb_ipp_ground_truth,target_error,3215,267.83333333333337,0.0
bb_ipp_ground_truth,target_error,3216,267.91666666666663,0.0
bb_ipp_ground_truth,target_error,3217,268.0,0.0
bb_ipp_ground_truth,target_error,3218,268.08333333333337,0.0
bb_ipp_ground_truth,target_error,3219,268.16666666666663,0.0
bb_ipp_ground_truth,target_error,3220,268.25,0.0
bb_ipp_ground_truth,target_error,3221,268.33333333333337,0.0
bb_ipp_ground_truth,target_error,3222,268.41666666666663,0.0
bb_ipp_ground_truth,target_error,3223,268.5,0.0
bb_ipp_ground_truth,target_error,3224,268.58333333333337,0.0
bb_ipp_ground_truth,target_error,3225,268.66666666666663,0.0
bb_ipp_ground_truth,target_error,3226,268.75,0.0
bb_ipp_ground_truth,target_error,3227,268.83333333333337,0.0
bb_ipp_ground_truth,target_error,3228,268.91666666666663,0.0
bb_ipp_ground_truth,target_error,3229,269.0,0.0
bb_ipp_ground_truth,target_error,3230,269.08333333333337,0.0
bb_ipp_ground_truth,target_error,3231,269.16666666666663,0.0
bb_ipp_ground_truth,target_error,3232,269.25,0.0
bb_ipp_ground_truth,target_error,3233,269.33333333333337,0.0
bb_ipp_ground_truth,target_error,3234,269.41666666666663,0.0
bb_ipp_ground_truth,target_error,3235,269.5,0.0
bb_ipp_ground_truth,target_error,3236,269.58333333333337,0.0
bb_ipp_ground_truth,target_error,3237,269.66666666666663,0.0
bb_ipp_ground_truth,target_error,3238,269.75,0.0
bb_ipp_ground_truth,target_error,3239,269.83333333333337,0.0
bb_ipp_ground_truth,target_error,3240,269.91666666666663,0.0
bb_ipp_ground_truth,target_error,3241,270.0,0.0
bb_ipp_ground_truth,target_error,3242,270.08333333333337,0.0
bb_ipp_ground_truth,target_error,3243,270.16666666666663,0.0
bb_ipp_ground_truth,target_error,3244,270.25,0.0
bb_ipp_ground_truth,target_error,3245,270.33333333333337,0.0
bb_ipp_ground_truth,target_error,3246,270.41666666666663,0.0
bb_ipp_ground_truth,target_error,3247,270.5,0.0
bb_ipp_ground_truth,target_error,3248,270.58333333333337,0.0
bb_ipp_ground_truth,target_error,3249,270.66666666666663,0.0
bb_ipp_ground_truth,target_error,3250,270.75,0.0
bb_ipp_ground_truth,target_error,3251,270.83333333333337,0.0
bb_ipp_ground_truth,target_error,3252,270.91666666666663,0.0
bb_ipp_ground_truth,target_error,3253,271.0,0.0
bb_ipp_ground_truth,target_error,3254,271.08333333333337,0.0
bb_ipp_ground_truth,target_error,3255,271.16666666666663,0.0
bb_ipp_ground_truth,target_error,3256,271.25,0.0
bb_ipp_ground_truth,target_error,3257,271.33333333333337,0.0
bb_ipp_ground_truth,target_error,3258,271.41666666666663,0.0
bb_ipp_ground_truth,target_error,3259,271.5,0.0
bb_ipp_ground_truth,target_error,3260,271.58333333333337,0.0
bb_ipp_ground_truth,target_error,3261,271.66666666666663,0.0
bb_ipp_ground_truth,target_error,3262,271.75,0.0
bb_ipp_ground_truth,target_error,3263,271.83333333333337,0.0
bb_ipp_ground_truth,target_error,3264,271.91666666666663,0.0
bb_ipp_ground_truth,target_error,3265,272.0,0.0
bb_ipp_ground_truth,target_error,3266,272.08333333333337,0.0
bb_ipp_ground_truth,target_error,3267,272.16666666666663,0.0
bb_ipp_ground_truth,target_error,3268,272.25,0.0
bb_ipp_ground_truth,target_error,3269,272.33333333333337,0.0
bb_ipp_ground_truth,target_error,3270,272.41666666666663,0.0
bb_ipp_ground_truth,target_error,3271,272.5,0.0
bb_ipp_ground_truth,target_error,3272,272.58333333333337,0.0
bb_ipp_ground_truth,target_error,3273,272.66666666666663,0.0
bb_ipp_ground_truth,target_error,3274,272.75,0.0
bb_ipp_ground_truth,target_error,3275,272.83333333333337,0.0
bb_ipp_ground_truth,target_error,3276,272.91666666666663,0.0
bb_ipp_ground_truth,target_error,3277,273.0,0.0
bb_ipp_ground_truth,target_error,3278,273.08333333333337,0.0
bb_ipp_ground_truth,target_error,3279,273.16666666666663,0.0
bb_ipp_ground_truth,target_error,3280,273.25,0.0
bb_ipp_ground_truth,target_error,3281,273.33333333333337,0.0
bb_ipp_ground_truth,target_error,3282,273.41666666666663,0.0
bb_ipp_ground_truth,target_error,3283,273.5,0.0
bb_ipp_ground_truth,target_error,3284,273.58333333333337,0.0
bb_ipp_ground_truth,target_error,3285,273.66666666666663,0.0
bb_ipp_ground_truth,target_error,3286,273.75,0.0
bb_ipp_ground_truth,target_error,3287,273.83333333333337,0.0
bb_ipp_ground_truth,target_error,3288,273.91666666666663,0.0
bb_ipp_ground_truth,target_error,3289,274.0,0.0
bb_ipp_ground_truth,target_error,3290,274.08333333333337,0.0
bb_ipp_ground_truth,target_error,3291,274.16666666666663,0.0
bb_ipp_ground_truth,target_error,3292,274.25,0.0
bb_ipp_ground_truth,target_error,3293,274.33333333333337,0.0
bb_ipp_ground_truth,target_error,3294,274.41666666666663,0.0
bb_ipp_ground_truth,target_error,3295,274.5,0.0
bb_ipp_ground_truth,target_error,3296,274.58333333333337,0.0
bb_ipp_ground_truth,target_error,3297,274.66666666666663,0.0
bb_ipp_ground_truth,target_error,3298,274.75,0.0
bb_ipp_ground_truth,target_error,3299,274.83333333333337,0.0
bb_ipp_ground_truth,target_error,3300,274.91666666666663,0.0
bb_ipp_ground_truth,target_error,3301,275.0,0.0
bb_ipp_ground_truth,target_error,3302,275.08333333333337,0.0
bb_ipp_ground_truth,target_error,3303,275.16666666666663,0.0
bb_ipp_ground_truth,target_error,3304,275.25,0.0
bb_ipp_ground_truth,target_error,3305,275.33333333333337,0.0
bb_ipp_ground_truth,target_error,3306,275.41666666666663,0.0
bb_ipp_ground_truth,target_error,3307,275.5,0.0
bb_ipp_ground_truth,target_error,3308,275.58333333333337,0.0
bb_ipp_ground_truth,target_error,3309,275.66666666666663,0.0
bb_ipp_ground_truth,target_error,3310,275.75,0.0
bb_ipp_ground_truth,target_error,3311,275.83333333333337,0.0
bb_ipp_ground_truth,target_error,3312,275.91666666666663,0.0
bb_ipp_ground_truth,target_error,3313,276.0,0.0
bb_ipp_ground_truth,target_error,3314,276.08333333333337,0.0
bb_ipp_ground_truth,target_error,3315,276.16666666666663,0.0
bb_ipp_ground_truth,target_error,3316,276.25,0.0
bb_ipp_ground_truth,target_error,3317,276.33333333333337,0.0
bb_ipp_ground_truth,target_error,3318,276.41666666666663,0.0
bb_ipp_ground_truth,target_error,3319,276.5,0.0
bb_ipp_ground_truth,target_error,3320,276.58333333333337,0.0
bb_ipp_ground_truth,target_error,3321,276.66666666666663,0.0
bb_ipp_ground_truth,target_error,3322,276.75,0.0
bb_ipp_ground_truth,target_error,3323,276.83333333333337,0.0
bb_ipp_ground_truth,target_error,3324,276.91666666666663,0.0
bb_ipp_ground_truth,target_error,3325,277.0,0.0
bb_ipp_ground_truth,target_error,3326,277.08333333333337,0.0
bb_ipp_ground_truth,target_error,3327,277.16666666666663,0.0
bb_ipp_ground_truth,target_error,3328,277.25,0.0
bb_ipp_ground_truth,target_error,3329,277.33333333333337,0.0
bb_ipp_ground_truth,target_error,3330,277.41666666666663,0.0
bb_ipp_ground_truth,target_error,3331,277.5,0.0
bb_ipp_ground_truth,target_error,3332,277.58333333333337,0.0
bb_ipp_ground_truth,target_error,3333,277.66666666666663,0.0
bb_ipp_ground_truth,target_error,3334,277.75,0.0
bb_ipp_ground_truth,target_error,3335,277.83333333333337,0.0
bb_ipp_ground_truth,target_error,3336,277.91666666666663,0.0
bb_ipp_ground_truth,target_error,3337,278.0,0.0
bb_ipp_ground_truth,target_error,3338,278.08333333333337,0.0
bb_ipp_ground_truth,target_error,3339,278.16666666666663,0.0
bb_ipp_ground_truth,target_error,3340,278.25,0.0
bb_ipp_ground_truth,target_error,3341,278.33333333333337,0.0
bb_ipp_ground_truth,target_error,3342,278.41666666666663,0.0
bb_ipp_ground_truth,target_error,3343,278.5,0.0
bb_ipp_ground_truth,target_error,3344,278.58333333333337,0.0
bb_ipp_ground_truth,target_error,3345,278.66666666666663,0.0
bb_ipp_ground_truth,target_error,3346,278.75,0.0
bb_ipp_ground_truth,target_error,3347,278.83333333333337,0.0
bb_ipp_ground_truth,target_error,3348,278.91666666666663,0.0
bb_ipp_ground_truth,target_error,3349,279.0,0.0
bb_ipp_ground_truth,target_error,3350,279.08333333333337,0.0
bb_ipp_ground_truth,target_error,3351,279.16666666666663,0.0
bb_ipp_ground_truth,target_error,3352,279.25,0.0
bb_ipp_ground_truth,target_error,3353,279.33333333333337,0.0
bb_ipp_ground_truth,target_error,3354,279.41666666666663,0.0
bb_ipp_ground_truth,target_error,3355,279.5,0.0
bb_ipp_ground_truth,target_error,3356,279.58333333333337,0.0
bb_ipp_ground_truth,target_error,3357,279.66666666666663,0.0
bb_ipp_ground_truth,target_error,3358,279.75,0.0
bb_ipp_ground_truth,target_error,3359,279.83333333333337,0.0
bb_ipp_ground_truth,target_error,3360,279.91666666666663,0.0
bb_ipp_ground_truth,target_error,3361,280.0,0.0
bb_ipp_ground_truth,target_error,3362,280.08333333333337,0.0
bb_ipp_ground_truth,target_error,3363,280.16666666666663,0.0
bb_ipp_ground_truth,target_error,3364,280.25,0.0
bb_ipp_ground_truth,target_error,3365,280.33333333333337,0.0
bb_ipp_ground_truth,target_error,3366,280.41666666666663,0.0
bb_ipp_ground_truth,target_error,3367,280.5,0.0
bb_ipp_ground_truth,target_error,3368,280.58333333333337,0.0
bb_ipp_ground_truth,target_error,3369,280.66666666666663,0.0
bb_ipp_ground_truth,target_error,3370,280.75,0.0
bb_ipp_ground_truth,target_error,3371,280.83333333333337,0.0
bb_ipp_ground_truth,target_error,3372,280.91666666666663,0.0
bb_ipp_ground_truth,target_error,3373,281.0,0.0
bb_ipp_ground_truth,target_error,3374,281.08333333333337,0.0
bb_ipp_ground_truth,target_error,3375,281.16666666666663,0.0
bb_ipp_ground_truth,target_error,3376,281.25,0.0
bb_ipp_ground_truth,target_error,3377,281.33333333333337,0.0
bb_ipp_ground_truth,target_error,3378,281.41666666666663,0.0
bb_ipp_ground_truth,target_error,3379,281.5,0.0
bb_ipp_ground_truth,target_error,3380,281.58333333333337,0.0
bb_ipp_ground_truth,target_error,3381,281.66666666666663,0.0
bb_ipp_ground_truth,target_error,3382,281.75,0.0
bb_ipp_ground_truth,target_error,3383,281.83333333333337,0.0
bb_ipp_ground_truth,target_error,3384,281.91666666666663,0.0
bb_ipp_ground_truth,target_error,3385,282.0,0.0
bb_ipp_ground_truth,target_error,3386,282.08333333333337,0.0
bb_ipp_ground_truth,target_error,3387,282.16666666666663,0.0
bb_ipp_ground_truth,target_error,3388,282.25,0.0
bb_ipp_ground_truth,target_error,3389,282.33333333333337,0.0
bb_ipp_ground_truth,target_error,3390,282.41666666666663,0.0
bb_ipp_ground_truth,target_error,3391,282.5,0.0
bb_ipp_ground_truth,target_error,3392,282.58333333333337,0.0
bb_ipp_ground_truth,target_error,3393,282.66666666666663,0.0
bb_ipp_ground_truth,target_error,3394,282.75,0.0
bb_ipp_ground_truth,target_error,3395,282.83333333333337,0.0
bb_ipp_ground_truth,target_error,3396,282.91666666666663,0.0
bb_ipp_ground_truth,target_error,3397,283.0,0.0
bb_ipp_ground_truth,target_error,3398,283.08333333333337,0.0
bb_ipp_ground_truth,target_error,3399,283.16666666666663,0.0
bb_ipp_ground_truth,target_error,3400,283.25,0.0
bb_ipp_ground_truth,target_error,3401,283.33333333333337,0.0
bb_ipp_ground_truth,target_error,3402,283.41666666666663,0.0
bb_ipp_ground_truth,target_error,3403,283.5,0.0
bb_ipp_ground_truth,target_error,3404,283.58333333333337,0.0
bb_ipp_ground_truth,target_error,3405,283.66666666666663,0.0
bb_ipp_ground_truth,target_error,3406,283.75,0.0
bb_ipp_ground_truth,target_error,3407,283.83333333333337,0.0
bb_ipp_ground_truth,target_error,3408,283.91666666666663,0.0
bb_ipp_ground_truth,target_error,3409,284.0,0.0
bb_ipp_ground_truth,target_error,3410,284.08333333333337,0.0
bb_ipp_ground_truth,target_error,3411,284.16666666666663,0.0
bb_ipp_ground_truth,target_error,3412,284.25,0.0
bb_ipp_ground_truth,target_error,3413,284.33333333333337,0.0
bb_ipp_ground_truth,target_error,3414,284.41666666666663,0.0
bb_ipp_ground_truth,target_error,3415,284.5,0.0
bb_ipp_ground_truth,target_error,3416,284.58333333333337,0.0
bb_ipp_ground_truth,target_error,3417,284.66666666666663,0.0
bb_ipp_ground_truth,target_error,3418,284.75,0.0
bb_ipp_ground_truth,target_error,3419,284.83333333333337,0.0
bb_ipp_ground_truth,target_error,3420,284.91666666666663,0.0
bb_ipp_ground_truth,target_error,3421,285.0,0.0
bb_ipp_ground_truth,target_error,3422,285.08333333333337,0.0
bb_ipp_ground_truth,target_error,3423,285.16666666666663,0.0
bb_ipp_ground_truth,target_error,3424,285.25,0.0
bb_ipp_ground_truth,target_error,3425,285.33333333333337,0.0
bb_ipp_ground_truth,target_error,3426,285.41666666666663,0.0
bb_ipp_ground_truth,target_error,3427,285.5,0.0
bb_ipp_ground_truth,target_error,3428,285.58333333333337,0.0
bb_ipp_ground_truth,target_error,3429,285.66666666666663,0.0
bb_ipp_ground_truth,target_error,3430,285.75,0.0
bb_ipp_ground_truth,target_error,3431,285.83333333333337,0.0
bb_ipp_ground_truth,target_error,3432,285.91666666666663,0.0
bb_ipp_ground_truth,target_error,3433,286.0,0.0
bb_ipp_ground_truth,target_error,3434,286.08333333333337,0.0
bb_ipp_ground_truth,target_error,3435,286.16666666666663,0.0
bb_ipp_ground_truth,target_error,3436,286.25,0.0
bb_ipp_ground_truth,target_error,3437,286.33333333333337,0.0
bb_ipp_ground_truth,target_error,3438,286.41666666666663,0.0
bb_ipp_ground_truth,target_error,3439,286.5,0.0
bb_ipp_ground_truth,target_error,3440,286.58333333333337,0.0
bb_ipp_ground_truth,target_error,3441,286.66666666666663,0.0
bb_ipp_ground_truth,target_error,3442,286.75,0.0
bb_ipp_ground_truth,target_error,3443,286.83333333333337,0.0
bb_ipp_ground_truth,target_error,3444,286.91666666666663,0.0
bb_ipp_ground_truth,target_error,3445,287.0,0.0
bb_ipp_ground_truth,target_error,3446,287.08333333333337,0.0
bb_ipp_ground_truth,target_error,3447,287.16666666666663,0.0
bb_ipp_ground_truth,target_error,3448,287.25,0.0
bb_ipp_ground_truth,target_error,3449,287.33333333333337,0.0
bb_ipp_ground_truth,target_error,3450,287.41666666666663,0.0
bb_ipp_ground_truth,target_error,3451,287.5,0.0
bb_ipp_ground_truth,target_error,3452,287.58333333333337,0.0
bb_ipp_ground_truth,target_error,3453,287.66666666666663,0.0
bb_ipp_ground_truth,target_error,3454,287.75,0.0
bb_ipp_ground_truth,target_error,3455,287.83333333333337,0.0
bb_ipp_ground_truth,target_error,3456,287.91666666666663,0.0
bb_ipp_ground_truth,target_error,3457,288.0,0.0
bb_ipp_ground_truth,target_error,3458,288.08333333333337,0.0
bb_ipp_ground_truth,target_error,3459,288.16666666666663,0.0
bb_ipp_ground_truth,target_error,3460,288.25,0.0
bb_ipp_ground_truth,target_error,3461,288.33333333333337,0.0
bb_ipp_ground_truth,target_error,3462,288.41666666666663,0.0
bb_ipp_ground_truth,target_error,3463,288.5,0.0
bb_ipp_ground_truth,target_error,3464,288.58333333333337,0.0
bb_ipp_ground_truth,target_error,3465,288.66666666666663,0.0
bb_ipp_ground_truth,target_error,3466,288.75,0.0
bb_ipp_ground_truth,target_error,3467,288.83333333333337,0.0
bb_ipp_ground_truth,target_error,3468,288.91666666666663,0.0
bb_ipp_ground_truth,target_error,3469,289.0,0.0
bb_ipp_ground_truth,target_error,3470,289.08333333333337,0.0
bb_ipp_ground_truth,target_error,3471,289.16666666666663,0.0
bb_ipp_ground_truth,target_error,3472,289.25,0.0
bb_ipp_ground_truth,target_error,3473,289.33333333333337,0.0
bb_ipp_ground_truth,target_error,3474,289.41666666666663,0.0
bb_ipp_ground_truth,target_error,3475,289.5,0.0
bb_ipp_ground_truth,target_error,3476,289.58333333333337,0.0
bb_ipp_ground_truth,target_error,3477,289.66666666666663,0.0
bb_ipp_ground_truth,target_error,3478,289.75,0.0
bb_ipp_ground_truth,target_error,3479,289.83333333333337,0.0
bb_ipp_ground_truth,target_error,3480,289.91666666666663,0.0
bb_ipp_ground_truth,target_error,3481,290.0,0.0
bb_ipp_ground_truth,target_error,3482,290.08333333333337,0.0
bb_ipp_ground_truth,target_error,3483,290.16666666666663,0.0
bb_ipp_ground_truth,target_error,3484,290.25,0.0
bb_ipp_ground_truth,target_error,3485,290.33333333333337,0.0
bb_ipp_ground_truth,target_error,3486,290.41666666666663,0.0
bb_ipp_ground_truth,target_error,3487,290.5,0.0
bb_ipp_ground_truth,target_error,3488,290.58333333333337,0.0
bb_ipp_ground_truth,target_error,3489,290.66666666666663,0.0
bb_ipp_ground_truth,target_error,3490,290.75,0.0
bb_ipp_ground_truth,target_error,3491,290.83333333333337,0.0
bb_ipp_ground_truth,target_error,3492,290.91666666666663,0.0
bb_ipp_ground_truth,target_error,3493,291.0,0.0
bb_ipp_ground_truth,target_error,3494,291.08333333333337,0.0
bb_ipp_ground_truth,target_error,3495,291.16666666666663,0.0
bb_ipp_ground_truth,target_error,3496,291.25,0.0
bb_ipp_ground_truth,target_error,3497,291.33333333333337,0.0
bb_ipp_ground_truth,target_error,3498,291.41666666666663,0.0
bb_ipp_ground_truth,target_error,3499,291.5,0.0
bb_ipp_ground_truth,target_error,3500,291.58333333333337,0.0
bb_ipp_ground_truth,target_error,3501,291.66666666666663,0.0
bb_ipp_ground_truth,target_error,3502,291.75,0.0
bb_ipp_ground_truth,target_error,3503,291.83333333333337,0.0
bb_ipp_ground_truth,target_error,3504,291.91666666666663,0.0
bb_ipp_ground_truth,target_error,3505,292.0,0.0
bb_ipp_ground_truth,target_error,3506,292.08333333333337,0.0
bb_ipp_ground_truth,target_error,3507,292.16666666666663,0.0
bb_ipp_ground_truth,target_error,3508,292.25,0.0
bb_ipp_ground_truth,target_error,3509,292.33333333333337,0.0
bb_ipp_ground_truth,target_error,3510,292.41666666666663,0.0
bb_ipp_ground_truth,target_error,3511,292.5,0.0
bb_ipp_ground_truth,target_error,3512,292.58333333333337,0.0
bb_ipp_ground_truth,target_error,3513,292.66666666666663,0.0
bb_ipp_ground_truth,target_error,3514,292.75,0.0
bb_ipp_ground_truth,target_error,3515,292.83333333333337,0.0
bb_ipp_ground_truth,target_error,3516,292.91666666666663,0.0
bb_ipp_ground_truth,target_error,3517,293.0,0.0
bb_ipp_ground_truth,target_error,3518,293.08333333333337,0.0
bb_ipp_ground_truth,target_error,3519,293.16666666666663,0.0
bb_ipp_ground_truth,target_error,3520,293.25,0.0
bb_ipp_ground_truth,target_error,3521,293.33333333333337,0.0
bb_ipp_ground_truth,target_error,3522,293.41666666666663,0.0
bb_ipp_ground_truth,target_error,3523,293.5,0.0
bb_ipp_ground_truth,target_error,3524,293.58333333333337,0.0
bb_ipp_ground_truth,target_error,3525,293.66666666666663,0.0
bb_ipp_ground_truth,target_error,3526,293.75,0.0
bb_ipp_ground_truth,target_error,3527,293.83333333333337,0.0
bb_ipp_ground_truth,target_error,3528,293.91666666666663,0.0
bb_ipp_ground_truth,target_error,3529,294.0,0.0
bb_ipp_ground_truth,target_error,3530,294.08333333333337,0.0
bb_ipp_ground_truth,target_error,3531,294.16666666666663,0.0
bb_ipp_ground_truth,target_error,3532,294.25,0.0
bb_ipp_ground_truth,target_error,3533,294.33333333333337,0.0
bb_ipp_ground_truth,target_error,3534,294.41666666666663,0.0
bb_ipp_ground_truth,target_error,3535,294.5,0.0
bb_ipp_ground_truth,target_error,3536,294.58333333333337,0.0
bb_ipp_ground_truth,target_error,3537,294.66666666666663,0.0
bb_ipp_ground_truth,target_error,3538,294.75,0.0
bb_ipp_ground_truth,target_error,3539,294.83333333333337,0.0
bb_ipp_ground_truth,target_error,3540,294.91666666666663,0.0
bb_ipp_ground_truth,target_error,3541,295.0,0.0
bb_ipp_ground_truth,target_error,3542,295.08333333333337,0.0
bb_ipp_ground_truth,target_error,3543,295.16666666666663,0.0
bb_ipp_ground_truth,target_error,3544,295.25,0.0
bb_ipp_ground_truth,target_error,3545,295.33333333333337,0.0
bb_ipp_ground_truth,target_error,3546,295.41666666666663,0.0
bb_ipp_ground_truth,target_error,3547,295.5,0.0
bb_ipp_ground_truth,target_error,3548,295.58333333333337,0.0
bb_ipp_ground_truth,target_error,3549,295.66666666666663,0.0
bb_ipp_ground_truth,target_error,3550,295.75,0.0
bb_ipp_ground_truth,target_error,3551,295.83333333333337,0.0
bb_ipp_ground_truth,target_error,3552,295.91666666666663,0.0
bb_ipp_ground_truth,target_error,3553,296.0,0.0
bb_ipp_ground_truth,target_error,3554,296.08333333333337,0.0
bb_ipp_ground_truth,target_error,3555,296.16666666666663,0.0
bb_ipp_ground_truth,target_error,3556,296.25,0.0
bb_ipp_ground_truth,target_error,3557,296.33333333333337,0.0
bb_ipp_ground_truth,target_error,3558,296.41666666666663,0.0
bb_ipp_ground_truth,target_error,3559,296.5,0.0
bb_ipp_ground_truth,target_error,3560,296.58333333333337,0.0
bb_ipp_ground_truth,target_error,3561,296.66666666666663,0.0
bb_ipp_ground_truth,target_error,3562,296.75,0.0
bb_ipp_ground_truth,target_error,3563,296.83333333333337,0.0
bb_ipp_ground_truth,target_error,3564,296.91666666666663,0.0
bb_ipp_ground_truth,target_error,3565,297.0,0.0
bb_ipp_ground_truth,target_error,3566,297.08333333333337,0.0
bb_ipp_ground_truth,target_error,3567,297.16666666666663,0.0
bb_ipp_ground_truth,target_error,3568,297.25,0.0
bb_ipp_ground_truth,target_error,3569,297.33333333333337,0.0
bb_ipp_ground_truth,target_error,3570,297.41666666666663,0.0
bb_ipp_ground_truth,target_error,3571,297.5,0.0
bb_ipp_ground_truth,target_error,3572,297.58333333333337,0.0
bb_ipp_ground_truth,target_error,3573,297.66666666666663,0.0
bb_ipp_ground_truth,target_error,3574,297.75,0.0
bb_ipp_ground_truth,target_error,3575,297.83333333333337,0.0
bb_ipp_ground_truth,target_error,3576,297.91666666666663,0.0
bb_ipp_ground_truth,target_error,3577,298.0,0.0
bb_ipp_ground_truth,target_error,3578,298.08333333333337,0.0
bb_ipp_ground_truth,target_error,3579,298.16666666666663,0.0
bb_ipp_ground_truth,target_error,3580,298.25,0.0
bb_ipp_ground_truth,target_error,3581,298.33333333333337,0.0
bb_ipp_ground_truth,target_error,3582,298.41666666666663,0.0
bb_ipp_ground_truth,target_error,3583,298.5,0.0
bb_ipp_ground_truth,target_error,3584,298.58333333333337,0.0
bb_ipp_ground_truth,target_error,3585,298.66666666666663,0.0
bb_ipp_ground_truth,target_error,3586,298.75,0.0
bb_ipp_ground_truth,target_error,3587,298.83333333333337,0.0
bb_ipp_ground_truth,target_error,3588,298.91666666666663,0.0
bb_ipp_ground_truth,target_error,3589,299.0,0.0
bb_ipp_ground_truth,target_error,3590,299.08333333333337,0.0
bb_ipp_ground_truth,target_error,3591,299.16666666666663,0.0
bb_ipp_ground_truth,target_error,3592,299.25,0.0
bb_ipp_ground_truth,target_error,3593,299.33333333333337,0.0
bb_ipp_ground_truth,target_error,3594,299.41666666666663,0.0
bb_ipp_ground_truth,target_error,3595,299.5,0.0
bb_ipp_ground_truth,target_error,3596,299.58333333333337,0.0
bb_ipp_ground_truth,target_error,3597,299.66666666666663,0.0
bb_ipp_ground_truth,target_error,3598,299.75,0.0
bb_ipp_ground_truth,target_error,3599,299.83333333333337,0.0
bb_ipp_ground_truth,target_error,3600,299.91666666666663,0.0
bb_ipp_ground_truth,target_error,3601,300.0,0.0
bb_ipp_ground_truth,target_error,3602,300.08333333333337,0.0
bb_ipp_ground_truth,target_error,3603,300.16666666666663,0.0
bb_ipp_ground_truth,target_error,3604,300.25,0.0
bb_ipp_ground_truth,target_error,3605,300.33333333333337,0.0
bb_ipp_ground_truth,target_error,3606,300.41666666666663,0.0
bb_ipp_ground_truth,target_error,3607,300.5,0.0
bb_ipp_ground_truth,target_error,3608,300.58333333333337,0.0
bb_ipp_ground_truth,target_error,3609,300.66666666666663,0.0
bb_ipp_ground_truth,target_error,3610,300.75,0.0
bb_ipp_ground_truth,target_error,3611,300.83333333333337,0.0
bb_ipp_ground_truth,target_error,3612,300.91666666666663,0.0
bb_ipp_ground_truth,target_error,3613,301.0,0.0
bb_ipp_ground_truth,target_error,3614,301.08333333333337,0.0
bb_ipp_ground_truth,target_error,3615,301.16666666666663,0.0
bb_ipp_ground_truth,target_error,3616,301.25,0.0
bb_ipp_ground_truth,target_error,3617,301.33333333333337,0.0
bb_ipp_ground_truth,target_error,3618,301.41666666666663,0.0
bb_ipp_ground_truth,target_error,3619,301.5,0.0
bb_ipp_ground_truth,target_error,3620,301.58333333333337,0.0
bb_ipp_ground_truth,target_error,3621,301.66666666666663,0.0
bb_ipp_ground_truth,target_error,3622,301.75,0.0
bb_ipp_ground_truth,target_error,3623,301.83333333333337,0.0
bb_ipp_ground_truth,target_error,3624,301.91666666666663,0.0
bb_ipp_ground_truth,target_error,3625,302.0,0.0
bb_ipp_ground_truth,target_error,3626,302.08333333333337,0.0
bb_ipp_ground_truth,target_error,3627,302.16666666666663,0.0
bb_ipp_ground_truth,target_error,3628,302.25,0.0
bb_ipp_ground_truth,target_error,3629,302.33333333333337,0.0
bb_ipp_ground_truth,target_error,3630,302.41666666666663,0.0
bb_ipp_ground_truth,target_error,3631,302.5,0.0
bb_ipp_ground_truth,target_error,3632,302.58333333333337,0.0
bb_ipp_ground_truth,target_error,3633,302.66666666666663,0.0
bb_ipp_ground_truth,target_error,3634,302.75,0.0
bb_ipp_ground_truth,target_error,3635,302.83333333333337,0.0
bb_ipp_ground_truth,target_error,3636,302.91666666666663,0.0
bb_ipp_ground_truth,target_error,3637,303.0,0.0
bb_ipp_ground_truth,target_error,3638,303.08333333333337,0.0
bb_ipp_ground_truth,target_error,3639,303.16666666666663,0.0
bb_ipp_ground_truth,target_error,3640,303.25,0.0
bb_ipp_ground_truth,target_error,3641,303.33333333333337,0.0
bb_ipp_ground_truth,target_error,3642,303.41666666666663,0.0
bb_ipp_ground_truth,target_error,3643,303.5,0.0
bb_ipp_ground_truth,target_error,3644,303.58333333333337,0.0
bb_ipp_ground_truth,target_error,3645,303.66666666666663,0.0
bb_ipp_ground_truth,target_error,3646,303.75,0.0
bb_ipp_ground_truth,target_error,3647,303.83333333333337,0.0
bb_ipp_ground_truth,target_error,3648,303.91666666666663,0.0
bb_ipp_ground_truth,target_error,3649,304.0,0.0
bb_ipp_ground_truth,target_error,3650,304.08333333333337,0.0
bb_ipp_ground_truth,target_error,3651,304.16666666666663,0.0
bb_ipp_ground_truth,target_error,3652,304.25,0.0
bb_ipp_ground_truth,target_error,3653,304.33333333333337,0.0
bb_ipp_ground_truth,target_error,3654,304.41666666666663,0.0
bb_ipp_ground_truth,target_error,3655,304.5,0.0
bb_ipp_ground_truth,target_error,3656,304.58333333333337,0.0
bb_ipp_ground_truth,target_error,3657,304.66666666666663,0.0
bb_ipp_ground_truth,target_error,3658,304.75,0.0
bb_ipp_ground_truth,target_error,3659,304.83333333333337,0.0
bb_ipp_ground_truth,target_error,3660,304.91666666666663,0.0
bb_ipp_ground_truth,target_error,3661,305.0,0.0
bb_ipp_ground_truth,target_error,3662,305.08333333333337,0.0
bb_ipp_ground_truth,target_error,3663,305.16666666666663,0.0
bb_ipp_ground_truth,target_error,3664,305.25,0.0
bb_ipp_ground_truth,target_error,3665,305.33333333333337,0.0
bb_ipp_ground_truth,target_error,3666,305.41666666666663,0.0
bb_ipp_ground_truth,target_error,3667,305.5,0.0
bb_ipp_ground_truth,target_error,3668,305.58333333333337,0.0
bb_ipp_ground_truth,target_error,3669,305.66666666666663,0.0
bb_ipp_ground_truth,target_error,3670,305.75,0.0
bb_ipp_ground_truth,target_error,3671,305.83333333333337,0.0
bb_ipp_ground_truth,target_error,3672,305.91666666666663,0.0
bb_ipp_ground_truth,target_error,3673,306.0,0.0
bb_ipp_ground_truth,target_error,3674,306.08333333333337,0.0
bb_ipp_ground_truth,target_error,3675,306.16666666666663,0.0
bb_ipp_ground_truth,target_error,3676,306.25,0.0
bb_ipp_ground_truth,target_error,3677,306.33333333333337,0.0
bb_ipp_ground_truth,target_error,3678,306.41666666666663,0.0
bb_ipp_ground_truth,target_error,3679,306.5,0.0
bb_ipp_ground_truth,target_error,3680,306.58333333333337,0.0
bb_ipp_ground_truth,target_error,3681,306.66666666666663,0.0
bb_ipp_ground_truth,target_error,3682,306.75,0.0
bb_ipp_ground_truth,target_error,3683,306.83333333333337,0.0
bb_ipp_ground_truth,target_error,3684,306.91666666666663,0.0
bb_ipp_ground_truth,target_error,3685,307.0,0.0
bb_ipp_ground_truth,target_error,3686,307.08333333333337,0.0
bb_ipp_ground_truth,target_error,3687,307.16666666666663,0.0
bb_ipp_ground_truth,target_error,3688,307.25,0.0
bb_ipp_ground_truth,target_error,3689,307.33333333333337,0.0
bb_ipp_ground_truth,target_error,3690,307.41666666666663,0.0
bb_ipp_ground_truth,target_error,3691,307.5,0.0
bb_ipp_ground_truth,target_error,3692,307.58333333333337,0.0
bb_ipp_ground_truth,target_error,3693,307.66666666666663,0.0
bb_ipp_ground_truth,target_error,3694,307.75,0.0
bb_ipp_ground_truth,target_error,3695,307.83333333333337,0.0
bb_ipp_ground_truth,target_error,3696,307.91666666666663,0.0
bb_ipp_ground_truth,target_error,3697,308.0,0.0
bb_ipp_ground_truth,target_error,3698,308.08333333333337,0.0
bb_ipp_ground_truth,target_error,3699,308.16666666666663,0.0
bb_ipp_ground_truth,target_error,3700,308.25,0.0
bb_ipp_ground_truth,target_error,3701,308.33333333333337,0.0
bb_ipp_ground_truth,target_error,3702,308.41666666666663,0.0
bb_ipp_ground_truth,target_error,3703,308.5,0.0
bb_ipp_ground_truth,target_error,3704,308.58333333333337,0.0
bb_ipp_ground_truth,target_error,3705,308.66666666666663,0.0
bb_ipp_ground_truth,target_error,3706,308.75,0.0
bb_ipp_ground_truth,target_error,3707,308.83333333333337,0.0
bb_ipp_ground_truth,target_error,3708,308.91666666666663,0.0
bb_ipp_ground_truth,target_error,3709,309.0,0.0
bb_ipp_ground_truth,target_error,3710,309.08333333333337,0.0
bb_ipp_ground_truth,target_error,3711,309.16666666666663,0.0
bb_ipp_ground_truth,target_error,3712,309.25,0.0
bb_ipp_ground_truth,target_error,3713,309.33333333333337,0.0
bb_ipp_ground_truth,target_error,3714,309.41666666666663,0.0
bb_ipp_ground_truth,target_error,3715,309.5,0.0
bb_ipp_ground_truth,target_error,3716,309.58333333333337,0.0
bb_ipp_ground_truth,target_error,3717,309.66666666666663,0.0
bb_ipp_ground_truth,target_error,3718,309.75,0.0
bb_ipp_ground_truth,target_error,3719,309.83333333333337,0.0
bb_ipp_ground_truth,target_error,3720,309.91666666666663,0.0
bb_ipp_ground_truth,target_error,3721,310.0,0.0
bb_ipp_ground_truth,target_error,3722,310.08333333333337,0.0
bb_ipp_ground_truth,target_error,3723,310.16666666666663,0.0
bb_ipp_ground_truth,target_error,3724,310.25,0.0
bb_ipp_ground_truth,target_error,3725,310.33333333333337,0.0
bb_ipp_ground_truth,target_error,3726,310.41666666666663,0.0
bb_ipp_ground_truth,target_error,3727,310.5,0.0
bb_ipp_ground_truth,target_error,3728,310.58333333333337,0.0
bb_ipp_ground_truth,target_error,3729,310.66666666666663,0.0
bb_ipp_ground_truth,target_error,3730,310.75,0.0
bb_ipp_ground_truth,target_error,3731,310.83333333333337,0.0
bb_ipp_ground_truth,target_error,3732,310.91666666666663,0.0
bb_ipp_ground_truth,target_error,3733,311.0,0.0
bb_ipp_ground_truth,target_error,3734,311.08333333333337,0.0
bb_ipp_ground_truth,target_error,3735,311.16666666666663,0.0
bb_ipp_ground_truth,target_error,3736,311.25,0.0
bb_ipp_ground_truth,target_error,3737,311.33333333333337,0.0
bb_ipp_ground_truth,target_error,3738,311.41666666666663,0.0
bb_ipp_ground_truth,target_error,3739,311.5,0.0
bb_ipp_ground_truth,target_error,3740,311.58333333333337,0.0
bb_ipp_ground_truth,target_error,3741,311.66666666666663,0.0
bb_ipp_ground_truth,target_error,3742,311.75,0.0
bb_ipp_ground_truth,target_error,3743,311.83333333333337,0.0
bb_ipp_ground_truth,target_error,3744,311.91666666666663,0.0
bb_ipp_ground_truth,target_error,3745,312.0,0.0
bb_ipp_ground_truth,target_error,3746,312.08333333333337,0.0
bb_ipp_ground_truth,target_error,3747,312.16666666666663,0.0
bb_ipp_ground_truth,target_error,3748,312.25,0.0
bb_ipp_ground_truth,target_error,3749,312.33333333333337,0.0
bb_ipp_ground_truth,target_error,3750,312.41666666666663,0.0
bb_ipp_ground_truth,target_error,3751,312.5,0.0
bb_ipp_ground_truth,target_error,3752,312.58333333333337,0.0
bb_ipp_ground_truth,target_error,3753,312.66666666666663,0.0
bb_ipp_ground_truth,target_error,3754,312.75,0.0
bb_ipp_ground_truth,target_error,3755,312.83333333333337,0.0
bb_ipp_ground_truth,target_error,3756,312.91666666666663,0.0
bb_ipp_ground_truth,target_error,3757,313.0,0.0
bb_ipp_ground_truth,target_error,3758,313.08333333333337,0.0
bb_ipp_ground_truth,target_error,3759,313.16666666666663,0.0
bb_ipp_ground_truth,target_error,3760,313.25,0.0
bb_ipp_ground_truth,target_error,3761,313.33333333333337,0.0
bb_ipp_ground_truth,target_error,3762,313.41666666666663,0.0
bb_ipp_ground_truth,target_error,3763,313.5,0.0
bb_ipp_ground_truth,target_error,3764,313.58333333333337,0.0
bb_ipp_ground_truth,target_error,3765,313.66666666666663,0.0
bb_ipp_ground_truth,target_error,3766,313.75,0.0
bb_ipp_ground_truth,target_error,3767,313.83333333333337,0.0
bb_ipp_ground_truth,target_error,3768,313.91666666666663,0.0
bb_ipp_ground_truth,target_error,3769,314.0,0.0
bb_ipp_ground_truth,target_error,3770,314.08333333333337,0.0
bb_ipp_ground_truth,target_error,3771,314.16666666666663,0.0
bb_ipp_ground_truth,target_error,3772,314.25,0.0
bb_ipp_ground_truth,target_error,3773,314.33333333333337,0.0
bb_ipp_ground_truth,target_error,3774,314.41666666666663,0.0
bb_ipp_ground_truth,target_error,3775,314.5,0.0
bb_ipp_ground_truth,target_error,3776,314.58333333333337,0.0
bb_ipp_ground_truth,target_error,3777,314.66666666666663,0.0
bb_ipp_ground_truth,target_error,3778,314.75,0.0
bb_ipp_ground_truth,target_error,3779,314.83333333333337,0.0
bb_ipp_ground_truth,target_error,3780,314.91666666666663,0.0
bb_ipp_ground_truth,target_error,3781,315.0,0.0
bb_ipp_ground_truth,target_error,3782,315.08333333333337,0.0
bb_ipp_ground_truth,target_error,3783,315.16666666666663,0.0
bb_ipp_ground_truth,target_error,3784,315.25,0.0
bb_ipp_ground_truth,target_error,3785,315.33333333333337,0.0
bb_ipp_ground_truth,target_error,3786,315.41666666666663,0.0
bb_ipp_ground_truth,target_error,3787,315.5,0.0
bb_ipp_ground_truth,target_error,3788,315.58333333333337,0.0
bb_ipp_ground_truth,target_error,3789,315.66666666666663,0.0
bb_ipp_ground_truth,target_error,3790,315.75,0.0
bb_ipp_ground_truth,target_error,3791,315.83333333333337,0.0
bb_ipp_ground_truth,target_error,3792,315.91666666666663,0.0
bb_ipp_ground_truth,target_error,3793,316.0,0.0
bb_ipp_ground_truth,target_error,3794,316.08333333333337,0.0
bb_ipp_ground_truth,target_error,3795,316.16666666666663,0.0
bb_ipp_ground_truth,target_error,3796,316.25,0.0
bb_ipp_ground_truth,target_error,3797,316.33333333333337,0.0
bb_ipp_ground_truth,target_error,3798,316.41666666666663,0.0
bb_ipp_ground_truth,target_error,3799,316.5,0.0
bb_ipp_ground_truth,target_error,3800,316.58333333333337,0.0
bb_ipp_ground_truth,target_error,3801,316.66666666666663,0.0
bb_ipp_ground_truth,target_error,3802,316.75,0.0
bb_ipp_ground_truth,target_error,3803,316.83333333333337,0.0
bb_ipp_ground_truth,target_error,3804,316.91666666666663,0.0
bb_ipp_ground_truth,target_error,3805,317.0,0.0
bb_ipp_ground_truth,target_error,3806,317.08333333333337,0.0
bb_ipp_ground_truth,target_error,3807,317.16666666666663,0.0
bb_ipp_ground_truth,target_error,3808,317.25,0.0
bb_ipp_ground_truth,target_error,3809,317.33333333333337,0.0
bb_ipp_ground_truth,target_error,3810,317.41666666666663,0.0
bb_ipp_ground_truth,target_error,3811,317.5,0.0
bb_ipp_ground_truth,target_error,3812,317.58333333333337,0.0
bb_ipp_ground_truth,target_error,3813,317.66666666666663,0.0
bb_ipp_ground_truth,target_error,3814,317.75,0.0
bb_ipp_ground_truth,target_error,3815,317.83333333333337,0.0
bb_ipp_ground_truth,target_error,3816,317.91666666666663,0.0
bb_ipp_ground_truth,target_error,3817,318.0,0.0
bb_ipp_ground_truth,target_error,3818,318.08333333333337,0.0
bb_ipp_ground_truth,target_error,3819,318.16666666666663,0.0
bb_ipp_ground_truth,target_error,3820,318.25,0.0
bb_ipp_ground_truth,target_error,3821,318.33333333333337,0.0
bb_ipp_ground_truth,target_error,3822,318.41666666666663,0.0
bb_ipp_ground_truth,target_error,3823,318.5,0.0
bb_ipp_ground_truth,target_error,3824,318.58333333333337,0.0
bb_ipp_ground_truth,target_error,3825,318.66666666666663,0.0
bb_ipp_ground_truth,target_error,3826,318.75,0.0
bb_ipp_ground_truth,target_error,3827,318.83333333333337,0.0
bb_ipp_ground_truth,target_error,3828,318.91666666666663,0.0
bb_ipp_ground_truth,target_error,3829,319.0,0.0
bb_ipp_ground_truth,target_error,3830,319.08333333333337,0.0
bb_ipp_ground_truth,target_error,3831,319.16666666666663,0.0
bb_ipp_ground_truth,target_error,3832,319.25,0.0
bb_ipp_ground_truth,target_error,3833,319.33333333333337,0.0
bb_ipp_ground_truth,target_error,3834,319.41666666666663,0.0
bb_ipp_ground_truth,target_error,3835,319.5,0.0
bb_ipp_ground_truth,target_error,3836,319.58333333333337,0.0
bb_ipp_ground_truth,target_error,3837,319.66666666666663,0.0
bb_ipp_ground_truth,target_error,3838,319.75,0.0
bb_ipp_ground_truth,target_error,3839,319.83333333333337,0.0
bb_ipp_ground_truth,target_error,3840,319.91666666666663,0.0
bb_ipp_ground_truth,target_error,3841,320.0,0.0
bb_ipp_ground_truth,target_error,3842,320.08333333333337,0.0
bb_ipp_ground_truth,target_error,3843,320.16666666666663,0.0
bb_ipp_ground_truth,target_error,3844,320.25,0.0
bb_ipp_ground_truth,target_error,3845,320.33333333333337,0.0
bb_ipp_ground_truth,target_error,3846,320.41666666666663,0.0
bb_ipp_ground_truth,target_error,3847,320.5,0.0
bb_ipp_ground_truth,target_error,3848,320.58333333333337,0.0
bb_ipp_ground_truth,target_error,3849,320.66666666666663,0.0
bb_ipp_ground_truth,target_error,3850,320.75,0.0
bb_ipp_ground_truth,target_error,3851,320.83333333333337,0.0
bb_ipp_ground_truth,target_error,3852,320.91666666666663,0.0
bb_ipp_ground_truth,target_error,3853,321.0,0.0
bb_ipp_ground_truth,target_error,3854,321.08333333333337,0.0
bb_ipp_ground_truth,target_error,3855,321.16666666666663,0.0
bb_ipp_ground_truth,target_error,3856,321.25,0.0
bb_ipp_ground_truth,target_error,3857,321.33333333333337,0.0
bb_ipp_ground_truth,target_error,3858,321.41666666666663,0.0
bb_ipp_ground_truth,target_error,3859,321.5,0.0
bb_ipp_ground_truth,target_error,3860,321.58333333333337,0.0
bb_ipp_ground_truth,target_error,3861,321.66666666666663,0.0
bb_ipp_ground_truth,target_error,3862,321.75,0.0
bb_ipp_ground_truth,target_error,3863,321.83333333333337,0.0
bb_ipp_ground_truth,target_error,3864,321.91666666666663,0.0
bb_ipp_ground_truth,target_error,3865,322.0,0.0
bb_ipp_ground_truth,target_error,3866,322.08333333333337,0.0
bb_ipp_ground_truth,target_error,3867,322.16666666666663,0.0
bb_ipp_ground_truth,target_error,3868,322.25,0.0
bb_ipp_ground_truth,target_error,3869,322.33333333333337,0.0
bb_ipp_ground_truth,target_error,3870,322.41666666666663,0.0
bb_ipp_ground_truth,target_error,3871,322.5,0.0
bb_ipp_ground_truth,target_error,3872,322.58333333333337,0.0
bb_ipp_ground_truth,target_error,3873,322.66666666666663,0.0
bb_ipp_ground_truth,target_error,3874,322.75,0.0
bb_ipp_ground_truth,target_error,3875,322.83333333333337,0.0
bb_ipp_ground_truth,target_error,3876,322.91666666666663,0.0
bb_ipp_ground_truth,target_error,3877,323.0,0.0
bb_ipp_ground_truth,target_error,3878,323.08333333333337,0.0
bb_ipp_ground_truth,target_error,3879,323.16666666666663,0.0
bb_ipp_ground_truth,target_error,3880,323.25,0.0
bb_ipp_ground_truth,target_error,3881,323.33333333333337,0.0
bb_ipp_ground_truth,target_error,3882,323.41666666666663,0.0
bb_ipp_ground_truth,target_error,3883,323.5,0.0
bb_ipp_ground_truth,target_error,3884,323.58333333333337,0.0
bb_ipp_ground_truth,target_error,3885,323.66666666666663,0.0
bb_ipp_ground_truth,target_error,3886,323.75,0.0
bb_ipp_ground_truth,target_error,3887,323.83333333333337,0.0
bb_ipp_ground_truth,target_error,3888,323.91666666666663,0.0
bb_ipp_ground_truth,target_error,3889,324.0,0.0
bb_ipp_ground_truth,target_error,3890,324.08333333333337,0.0
bb_ipp_ground_truth,target_error,3891,324.16666666666663,0.0
bb_ipp_ground_truth,target_error,3892,324.25,0.0
bb_ipp_ground_truth,target_error,3893,324.33333333333337,0.0
bb_ipp_ground_truth,target_error,3894,324.41666666666663,0.0
bb_ipp_ground_truth,target_error,3895,324.5,0.0
bb_ipp_ground_truth,target_error,3896,324.58333333333337,0.0
bb_ipp_ground_truth,target_error,3897,324.66666666666663,0.0
bb_ipp_ground_truth,target_error,3898,324.75,0.0
bb_ipp_ground_truth,target_error,3899,324.83333333333337,0.0
bb_ipp_ground_truth,target_error,3900,324.91666666666663,0.0
bb_ipp_ground_truth,target_error,3901,325.0,0.0
bb_ipp_ground_truth,target_error,3902,325.08333333333337,0.0
bb_ipp_ground_truth,target_error,3903,325.16666666666663,0.0
bb_ipp_ground_truth,target_error,3904,325.25,0.0
bb_ipp_ground_truth,target_error,3905,325.33333333333337,0.0
bb_ipp_ground_truth,target_error,3906,325.41666666666663,0.0
bb_ipp_ground_truth,target_error,3907,325.5,0.0
bb_ipp_ground_truth,target_error,3908,325.58333333333337,0.0
bb_ipp_ground_truth,target_error,3909,325.66666666666663,0.0
bb_ipp_ground_truth,target_error,3910,325.75,0.0
bb_ipp_ground_truth,target_error,3911,325.83333333333337,0.0
bb_ipp_ground_truth,target_error,3912,325.91666666666663,0.0
bb_ipp_ground_truth,target_error,3913,326.0,0.0
bb_ipp_ground_truth,target_error,3914,326.08333333333337,0.0
bb_ipp_ground_truth,target_error,3915,326.16666666666663,0.0
bb_ipp_ground_truth,target_error,3916,326.25,0.0
bb_ipp_ground_truth,target_error,3917,326.33333333333337,0.0
bb_ipp_ground_truth,target_error,3918,326.41666666666663,0.0
bb_ipp_ground_truth,target_error,3919,326.5,0.0
bb_ipp_ground_truth,target_error,3920,326.58333333333337,0.0
bb_ipp_ground_truth,target_error,3921,326.66666666666663,0.0
bb_ipp_ground_truth,target_error,3922,326.75,0.0
bb_ipp_ground_truth,target_error,3923,326.83333333333337,0.0
bb_ipp_ground_truth,target_error,3924,326.91666666666663,0.0
bb_ipp_ground_truth,target_error,3925,327.0,0.0
bb_ipp_ground_truth,target_error,3926,327.08333333333337,0.0
bb_ipp_ground_truth,target_error,3927,327.16666666666663,0.0
bb_ipp_ground_truth,target_error,3928,327.25,0.0
bb_ipp_ground_truth,target_error,3929,327.33333333333337,0.0
bb_ipp_ground_truth,target_error,3930,327.41666666666663,0.0
bb_ipp_ground_truth,target_error,3931,327.5,0.0
bb_ipp_ground_truth,target_error,3932,327.58333333333337,0.0
bb_ipp_ground_truth,target_error,3933,327.66666666666663,0.0
bb_ipp_ground_truth,target_error,3934,327.75,0.0
bb_ipp_ground_truth,target_error,3935,327.83333333333337,0.0
bb_ipp_ground_truth,target_error,3936,327.91666666666663,0.0
bb_ipp_ground_truth,target_error,3937,328.0,0.0
bb_ipp_ground_truth,target_error,3938,328.08333333333337,0.0
bb_ipp_ground_truth,target_error,3939,328.16666666666663,0.0
bb_ipp_ground_truth,target_error,3940,328.25,0.0
bb_ipp_ground_truth,target_error,3941,328.33333333333337,0.0
bb_ipp_ground_truth,target_error,3942,328.41666666666663,0.0
bb_ipp_ground_truth,target_error,3943,328.5,0.0
bb_ipp_ground_truth,target_error,3944,328.58333333333337,0.0
bb_ipp_ground_truth,target_error,3945,328.66666666666663,0.0
bb_ipp_ground_truth,target_error,3946,328.75,0.0
bb_ipp_ground_truth,target_error,3947,328.83333333333337,0.0
bb_ipp_ground_truth,target_error,3948,328.91666666666663,0.0
bb_ipp_ground_truth,target_error,3949,329.0,0.0
bb_ipp_ground_truth,target_error,3950,329.08333333333337,0.0
bb_ipp_ground_truth,target_error,3951,329.16666666666663,0.0
bb_ipp_ground_truth,target_error,3952,329.25,0.0
bb_ipp_ground_truth,target_error,3953,329.33333333333337,0.0
bb_ipp_ground_truth,target_error,3954,329.41666666666663,0.0
bb_ipp_ground_truth,target_error,3955,329.5,0.0
bb_ipp_ground_truth,target_error,3956,329.58333333333337,0.0
bb_ipp_ground_truth,target_error,3957,329.66666666666663,0.0
bb_ipp_ground_truth,target_error,3958,329.75,0.0
bb_ipp_ground_truth,target_error,3959,329.83333333333337,0.0
bb_ipp_ground_truth,target_error,3960,329.91666666666663,0.0
bb_ipp_ground_truth,target_error,3961,330.0,0.0
bb_ipp_ground_truth,target_error,3962,330.08333333333337,0.0
bb_ipp_ground_truth,target_error,3963,330.16666666666663,0.0
bb_ipp_ground_truth,target_error,3964,330.25,0.0
bb_ipp_ground_truth,target_error,3965,330.33333333333337,0.0
bb_ipp_ground_truth,target_error,3966,330.41666666666663,0.0
bb_ipp_ground_truth,target_error,3967,330.5,0.0
bb_ipp_ground_truth,target_error,3968,330.58333333333337,0.0
bb_ipp_ground_truth,target_error,3969,330.66666666666663,0.0
bb_ipp_ground_truth,target_error,3970,330.75,0.0
bb_ipp_ground_truth,target_error,3971,330.83333333333337,0.0
bb_ipp_ground_truth,target_error,3972,330.91666666666663,0.0
bb_ipp_ground_truth,target_error,3973,331.0,0.0
bb_ipp_ground_truth,target_error,3974,331.08333333333337,0.0
bb_ipp_ground_truth,target_error,3975,331.16666666666663,0.0
bb_ipp_ground_truth,target_error,3976,331.25,0.0
bb_ipp_ground_truth,target_error,3977,331.33333333333337,0.0
bb_ipp_ground_truth,target_error,3978,331.41666666666663,0.0
bb_ipp_ground_truth,target_error,3979,331.5,0.0
bb_ipp_ground_truth,target_error,3980,331.58333333333337,0.0
bb_ipp_ground_truth,target_error,3981,331.66666666666663,0.0
bb_ipp_ground_truth,target_error,3982,331.75,0.0
bb_ipp_ground_truth,target_error,3983,331.83333333333337,0.0
bb_ipp_ground_truth,target_error,3984,331.91666666666663,0.0
bb_ipp_ground_truth,target_error,3985,332.0,0.0
bb_ipp_ground_truth,target_error,3986,332.08333333333337,0.0
bb_ipp_ground_truth,target_error,3987,332.16666666666663,0.0
bb_ipp_ground_truth,target_error,3988,332.25,0.0
bb_ipp_ground_truth,target_error,3989,332.33333333333337,0.0
bb_ipp_ground_truth,target_error,3990,332.41666666666663,0.0
bb_ipp_ground_truth,target_error,3991,332.5,0.0
bb_ipp_ground_truth,target_error,3992,332.58333333333337,0.0
bb_ipp_ground_truth,target_error,3993,332.66666666666663,0.0
bb_ipp_ground_truth,target_error,3994,332.75,0.0
bb_ipp_ground_truth,target_error,3995,332.83333333333337,0.0
bb_ipp_ground_truth,target_error,3996,332.91666666666663,0.0
bb_ipp_ground_truth,target_error,3997,333.0,0.0
bb_ipp_ground_truth,target_error,3998,333.08333333333337,0.0
bb_ipp_ground_truth,target_error,3999,333.16666666666663,0.0
bb_ipp_ground_truth,target_error,4000,333.25,0.0
bb_ipp_ground_truth,target_error,4001,333.33333333333337,0.0
bb_ipp_ground_truth,target_error,4002,333.41666666666663,0.0
bb_ipp_ground_truth,target_error,4003,333.5,0.0
bb_ipp_ground_truth,target_error,4004,333.58333333333337,0.0
bb_ipp_ground_truth,target_error,4005,333.66666666666663,0.0
bb_ipp_ground_truth,target_error,4006,333.75,0.0
bb_ipp_ground_truth,target_error,4007,333.83333333333337,0.0
bb_ipp_ground_truth,target_error,4008,333.91666666666663,0.0
bb_ipp_ground_truth,target_error,4009,334.0,0.0
bb_ipp_ground_truth,target_error,4010,334.08333333333337,0.0
bb_ipp_ground_truth,target_error,4011,334.16666666666663,0.0
bb_ipp_ground_truth,target_error,4012,334.25,0.0
bb_ipp_ground_truth,target_error,4013,334.33333333333337,0.0
bb_ipp_ground_truth,target_error,4014,334.41666666666663,0.0
bb_ipp_ground_truth,target_error,4015,334.5,0.0
bb_ipp_ground_truth,target_error,4016,334.58333333333337,0.0
bb_ipp_ground_truth,target_error,4017,334.66666666666663,0.0
bb_ipp_ground_truth,target_error,4018,334.75,0.0
bb_ipp_ground_truth,target_error,4019,334.83333333333337,0.0
bb_ipp_ground_truth,target_error,4020,334.91666666666663,0.0
bb_ipp_ground_truth,target_error,4021,335.0,0.0
bb_ipp_ground_truth,target_error,4022,335.08333333333337,0.0
bb_ipp_ground_truth,target_error,4023,335.16666666666663,0.0
bb_ipp_ground_truth,target_error,4024,335.25,0.0
bb_ipp_ground_truth,target_error,4025,335.33333333333337,0.0
bb_ipp_ground_truth,target_error,4026,335.41666666666663,0.0
bb_ipp_ground_truth,target_error,4027,335.5,0.0
bb_ipp_ground_truth,target_error,4028,335.58333333333337,0.0
bb_ipp_ground_truth,target_error,4029,335.66666666666663,0.0
bb_ipp_ground_truth,target_error,4030,335.75,0.0
bb_ipp_ground_truth,target_error,4031,335.83333333333337,0.0
bb_ipp_ground_truth,target_error,4032,335.91666666666663,0.0
bb_ipp_ground_truth,target_error,4033,336.0,0.0
bb_ipp_ground_truth,target_error,4034,336.08333333333337,0.0
bb_ipp_ground_truth,target_error,4035,336.16666666666663,0.0
bb_ipp_ground_truth,target_error,4036,336.25,0.0
bb_ipp_ground_truth,target_error,4037,336.33333333333337,0.0
bb_ipp_ground_truth,target_error,4038,336.41666666666663,0.0
bb_ipp_ground_truth,target_error,4039,336.5,0.0
bb_ipp_ground_truth,target_error,4040,336.58333333333337,0.0
bb_ipp_ground_truth,target_error,4041,336.66666666666663,0.0
bb_ipp_ground_truth,target_error,4042,336.75,0.0
bb_ipp_ground_truth,target_error,4043,336.83333333333337,0.0
bb_ipp_ground_truth,target_error,4044,336.91666666666663,0.0
bb_ipp_ground_truth,target_error,4045,337.0,0.0
bb_ipp_ground_truth,target_error,4046,337.08333333333337,0.0
bb_ipp_ground_truth,target_error,4047,337.16666666666663,0.0
bb_ipp_ground_truth,target_error,4048,337.25,0.0
bb_ipp_ground_truth,target_error,4049,337.33333333333337,0.0
bb_ipp_ground_truth,target_error,4050,337.41666666666663,0.0
bb_ipp_ground_truth,target_error,4051,337.5,0.0
bb_ipp_ground_truth,target_error,4052,337.58333333333337,0.0
bb_ipp_ground_truth,target_error,4053,337.66666666666663,0.0
bb_ipp_ground_truth,target_error,4054,337.75,0.0
bb_ipp_ground_truth,target_error,4055,337.83333333333337,0.0
bb_ipp_ground_truth,target_error,4056,337.91666666666663,0.0
bb_ipp_ground_truth,target_error,4057,338.0,0.0
bb_ipp_ground_truth,target_error,4058,338.08333333333337,0.0
bb_ipp_ground_truth,target_error,4059,338.16666666666663,0.0
bb_ipp_ground_truth,target_error,4060,338.25,0.0
bb_ipp_ground_truth,target_error,4061,338.33333333333337,0.0
bb_ipp_ground_truth,target_error,4062,338.41666666666663,0.0
bb_ipp_ground_truth,target_error,4063,338.5,0.0
bb_ipp_ground_truth,target_error,4064,338.58333333333337,0.0
bb_ipp_ground_truth,target_error,4065,338.66666666666663,0.0
bb_ipp_ground_truth,target_error,4066,338.75,0.0
bb_ipp_ground_truth,target_error,4067,338.83333333333337,0.0
bb_ipp_ground_truth,target_error,4068,338.91666666666663,0.0
bb_ipp_ground_truth,target_error,4069,339.0,0.0
bb_ipp_ground_truth,target_error,4070,339.08333333333337,0.0
bb_ipp_ground_truth,target_error,4071,339.16666666666663,0.0
bb_ipp_ground_truth,target_error,4072,339.25,0.0
bb_ipp_ground_truth,target_error,4073,339.33333333333337,0.0
bb_ipp_ground_truth,target_error,4074,339.41666666666663,0.0
bb_ipp_ground_truth,target_error,4075,339.5,0.0
bb_ipp_ground_truth,target_error,4076,339.58333333333337,0.0
bb_ipp_ground_truth,target_error,4077,339.66666666666663,0.0
bb_ipp_ground_truth,target_error,4078,339.75,0.0
bb_ipp_ground_truth,target_error,4079,339.83333333333337,0.0
bb_ipp_ground_truth,target_error,4080,339.91666666666663,0.0
bb_ipp_ground_truth,target_error,4081,340.0,0.0
bb_ipp_ground_truth,target_error,4082,340.08333333333337,0.0
bb_ipp_ground_truth,target_error,4083,340.16666666666663,0.0
bb_ipp_ground_truth,target_error,4084,340.25,0.0
bb_ipp_ground_truth,target_error,4085,340.33333333333337,0.0
bb_ipp_ground_truth,target_error,4086,340.41666666666663,0.0
bb_ipp_ground_truth,target_error,4087,340.5,0.0
bb_ipp_ground_truth,target_error,4088,340.58333333333337,0.0
bb_ipp_ground_truth,target_error,4089,340.66666666666663,0.0
bb_ipp_ground_truth,target_error,4090,340.75,0.0
bb_ipp_ground_truth,target_error,4091,340.83333333333337,0.0
bb_ipp_ground_truth,target_error,4092,340.91666666666663,0.0
bb_ipp_ground_truth,target_error,4093,341.0,0.0
bb_ipp_ground_truth,target_error,4094,341.08333333333337,0.0
bb_ipp_ground_truth,target_error,4095,341.16666666666663,0.0
bb_ipp_ground_truth,target_error,4096,341.25,0.0
bb_ipp_ground_truth,target_error,4097,341.33333333333337,0.0
bb_ipp_ground_truth,target_error,4098,341.41666666666663,0.0
bb_ipp_ground_truth,target_error,4099,341.5,0.0
bb_ipp_ground_truth,target_error,4100,341.58333333333337,0.0
bb_ipp_ground_truth,target_error,4101,341.66666666666663,0.0
bb_ipp_ground_truth,target_error,4102,341.75,0.0
bb_ipp_ground_truth,target_error,4103,341.83333333333337,0.0
bb_ipp_ground_truth,target_error,4104,341.91666666666663,0.0
bb_ipp_ground_truth,target_error,4105,342.0,0.0
bb_ipp_ground_truth,target_error,4106,342.08333333333337,0.0
bb_ipp_ground_truth,target_error,4107,342.16666666666663,0.0
bb_ipp_ground_truth,target_error,4108,342.25,0.0
bb_ipp_ground_truth,target_error,4109,342.33333333333337,0.0
bb_ipp_ground_truth,target_error,4110,342.41666666666663,0.0
bb_ipp_ground_truth,target_error,4111,342.5,0.0
bb_ipp_ground_truth,target_error,4112,342.58333333333337,0.0
bb_ipp_ground_truth,target_error,4113,342.66666666666663,0.0
bb_ipp_ground_truth,target_error,4114,342.75,0.0
bb_ipp_ground_truth,target_error,4115,342.83333333333337,0.0
bb_ipp_ground_truth,target_error,4116,342.91666666666663,0.0
bb_ipp_ground_truth,target_error,4117,343.0,0.0
bb_ipp_ground_truth,target_error,4118,343.08333333333337,0.0
bb_ipp_ground_truth,target_error,4119,343.16666666666663,0.0
bb_ipp_ground_truth,target_error,4120,343.25,0.0
bb_ipp_ground_truth,target_error,4121,343.33333333333337,0.0
bb_ipp_ground_truth,target_error,4122,343.41666666666663,0.0
bb_ipp_ground_truth,target_error,4123,343.5,0.0
bb_ipp_ground_truth,target_error,4124,343.58333333333337,0.0
bb_ipp_ground_truth,target_error,4125,343.66666666666663,0.0
bb_ipp_ground_truth,target_error,4126,343.75,0.0
bb_ipp_ground_truth,target_error,4127,343.83333333333337,0.0
bb_ipp_ground_truth,target_error,4128,343.91666666666663,0.0
bb_ipp_ground_truth,target_error,4129,344.0,0.0
bb_ipp_ground_truth,target_error,4130,344.08333333333337,0.0
bb_ipp_ground_truth,target_error,4131,344.16666666666663,0.0
bb_ipp_ground_truth,target_error,4132,344.25,0.0
bb_ipp_ground_truth,target_error,4133,344.33333333333337,0.0
bb_ipp_ground_truth,target_error,4134,344.41666666666663,0.0
bb_ipp_ground_truth,target_error,4135,344.5,0.0
bb_ipp_ground_truth,target_error,4136,344.58333333333337,0.0
bb_ipp_ground_truth,target_error,4137,344.66666666666663,0.0
bb_ipp_ground_truth,target_error,4138,344.75,0.0
bb_ipp_ground_truth,target_error,4139,344.83333333333337,0.0
bb_ipp_ground_truth,target_error,4140,344.91666666666663,0.0
bb_ipp_ground_truth,target_error,4141,345.0,0.0
bb_ipp_ground_truth,target_error,4142,345.08333333333337,0.0
bb_ipp_ground_truth,target_error,4143,345.16666666666663,0.0
bb_ipp_ground_truth,target_error,4144,345.25,0.0
bb_ipp_ground_truth,target_error,4145,345.33333333333337,0.0
bb_ipp_ground_truth,target_error,4146,345.41666666666663,0.0
bb_ipp_ground_truth,target_error,4147,345.5,0.0
bb_ipp_ground_truth,target_error,4148,345.58333333333337,0.0
bb_ipp_ground_truth,target_error,4149,345.66666666666663,0.0
bb_ipp_ground_truth,target_error,4150,345.75,0.0
bb_ipp_ground_truth,target_error,4151,345.83333333333337,0.0
bb_ipp_ground_truth,target_error,4152,345.91666666666663,0.0
bb_ipp_ground_truth,target_error,4153,346.0,0.0
bb_ipp_ground_truth,target_error,4154,346.08333333333337,0.0
bb_ipp_ground_truth,target_error,4155,346.16666666666663,0.0
bb_ipp_ground_truth,target_error,4156,346.25,0.0
bb_ipp_ground_truth,target_error,4157,346.33333333333337,0.0
bb_ipp_ground_truth,target_error,4158,346.41666666666663,0.0
bb_ipp_ground_truth,target_error,4159,346.5,0.0
bb_ipp_ground_truth,target_error,4160,346.58333333333337,0.0
bb_ipp_ground_truth,target_error,4161,346.66666666666663,0.0
bb_ipp_ground_truth,target_error,4162,346.75,0.0
bb_ipp_ground_truth,target_error,4163,346.83333333333337,0.0
bb_ipp_ground_truth,target_error,4164,346.91666666666663,0.0
bb_ipp_ground_truth,target_error,4165,347.0,0.0
bb_ipp_ground_truth,target_error,4166,347.08333333333337,0.0
bb_ipp_ground_truth,target_error,4167,347.16666666666663,0.0
bb_ipp_ground_truth,target_error,4168,347.25,0.0
bb_ipp_ground_truth,target_error,4169,347.33333333333337,0.0
bb_ipp_ground_truth,target_error,4170,347.41666666666663,0.0
bb_ipp_ground_truth,target_error,4171,347.5,0.0
bb_ipp_ground_truth,target_error,4172,347.58333333333337,0.0
bb_ipp_ground_truth,target_error,4173,347.66666666666663,0.0
bb_ipp_ground_truth,target_error,4174,347.75,0.0
bb_ipp_ground_truth,target_error,4175,347.83333333333337,0.0
bb_ipp_ground_truth,target_error,4176,347.91666666666663,0.0
bb_ipp_ground_truth,target_error,4177,348.0,0.0
bb_ipp_ground_truth,target_error,4178,348.08333333333337,0.0
bb_ipp_ground_truth,target_error,4179,348.16666666666663,0.0
bb_ipp_ground_truth,target_error,4180,348.25,0.0
bb_ipp_ground_truth,target_error,4181,348.33333333333337,0.0
bb_ipp_ground_truth,target_error,4182,348.41666666666663,0.0
bb_ipp_ground_truth,target_error,4183,348.5,0.0
bb_ipp_ground_truth,target_error,4184,348.58333333333337,0.0
bb_ipp_ground_truth,target_error,4185,348.66666666666663,0.0
bb_ipp_ground_truth,target_error,4186,348.75,0.0
bb_ipp_ground_truth,target_error,4187,348.83333333333337,0.0
bb_ipp_ground_truth,target_error,4188,348.91666666666663,0.0
bb_ipp_ground_truth,target_error,4189,349.0,0.0
bb_ipp_ground_truth,target_error,4190,349.08333333333337,0.0
bb_ipp_ground_truth,target_error,4191,349.16666666666663,0.0
bb_ipp_ground_truth,target_error,4192,349.25,0.0
bb_ipp_ground_truth,target_error,4193,349.33333333333337,0.0
bb_ipp_ground_truth,target_error,4194,349.41666666666663,0.0
bb_ipp_ground_truth,target_error,4195,349.5,0.0
bb_ipp_ground_truth,target_error,4196,349.58333333333337,0.0
bb_ipp_ground_truth,target_error,4197,349.66666666666663,0.0
bb_ipp_ground_truth,target_error,4198,349.75,0.0
bb_ipp_ground_truth,target_error,4199,349.83333333333337,0.0
bb_ipp_ground_truth,target_error,4200,349.91666666666663,0.0
bb_ipp_ground_truth,target_error,4201,350.0,0.0
bb_ipp_ground_truth,target_error,4202,350.08333333333337,0.0
bb_ipp_ground_truth,target_error,4203,350.16666666666663,0.0
bb_ipp_ground_truth,target_error,4204,350.25,0.0
bb_ipp_ground_truth,target_error,4205,350.33333333333337,0.0
bb_ipp_ground_truth,target_error,4206,350.41666666666663,0.0
bb_ipp_ground_truth,target_error,4207,350.5,0.0
bb_ipp_ground_truth,target_error,4208,350.58333333333337,0.0
bb_ipp_ground_truth,target_error,4209,350.66666666666663,0.0
bb_ipp_ground_truth,target_error,4210,350.75,0.0
bb_ipp_ground_truth,target_error,4211,350.83333333333337,0.0
bb_ipp_ground_truth,target_error,4212,350.91666666666663,0.0
bb_ipp_ground_truth,target_error,4213,351.0,0.0
bb_ipp_ground_truth,target_error,4214,351.08333333333337,0.0
bb_ipp_ground_truth,target_error,4215,351.16666666666663,0.0
bb_ipp_ground_truth,target_error,4216,351.25,0.0
bb_ipp_ground_truth,target_error,4217,351.33333333333337,0.0
bb_ipp_ground_truth,target_error,4218,351.41666666666663,0.0
bb_ipp_ground_truth,target_error,4219,351.5,0.0
bb_ipp_ground_truth,target_error,4220,351.58333333333337,0.0
bb_ipp_ground_truth,target_error,4221,351.66666666666663,0.0
bb_ipp_ground_truth,target_error,4222,351.75,0.0
bb_ipp_ground_truth,target_error,4223,351.83333333333337,0.0
bb_ipp_ground_truth,target_error,4224,351.91666666666663,0.0
bb_ipp_ground_truth,target_error,4225,352.0,0.0
bb_ipp_ground_truth,target_error,4226,352.08333333333337,0.0
bb_ipp_ground_truth,target_error,4227,352.16666666666663,0.0
bb_ipp_ground_truth,target_error,4228,352.25,0.0
bb_ipp_ground_truth,target_error,4229,352.33333333333337,0.0
bb_ipp_ground_truth,target_error,4230,352.41666666666663,0.0
bb_ipp_ground_truth,target_error,4231,352.5,0.0
bb_ipp_ground_truth,target_error,4232,352.58333333333337,0.0
bb_ipp_ground_truth,target_error,4233,352.66666666666663,0.0
bb_ipp_ground_truth,target_error,4234,352.75,0.0
bb_ipp_ground_truth,target_error,4235,352.83333333333337,0.0
bb_ipp_ground_truth,target_error,4236,352.91666666666663,0.0
bb_ipp_ground_truth,target_error,4237,353.0,0.0
bb_ipp_ground_truth,target_error,4238,353.08333333333337,0.0
bb_ipp_ground_truth,target_error,4239,353.16666666666663,0.0
bb_ipp_ground_truth,target_error,4240,353.25,0.0
bb_ipp_ground_truth,target_error,4241,353.33333333333337,0.0
bb_ipp_ground_truth,target_error,4242,353.41666666666663,0.0
bb_ipp_ground_truth,target_error,4243,353.5,0.0
bb_ipp_ground_truth,target_error,4244,353.58333333333337,0.0
bb_ipp_ground_truth,target_error,4245,353.66666666666663,0.0
bb_ipp_ground_truth,target_error,4246,353.75,0.0
bb_ipp_ground_truth,target_error,4247,353.83333333333337,0.0
bb_ipp_ground_truth,target_error,4248,353.91666666666663,0.0
bb_ipp_ground_truth,target_error,4249,354.0,0.0
bb_ipp_ground_truth,target_error,4250,354.08333333333337,0.0
bb_ipp_ground_truth,target_error,4251,354.16666666666663,0.0
bb_ipp_ground_truth,target_error,4252,354.25,0.0
bb_ipp_ground_truth,target_error,4253,354.33333333333337,0.0
bb_ipp_ground_truth,target_error,4254,354.41666666666663,0.0
bb_ipp_ground_truth,target_error,4255,354.5,0.0
bb_ipp_ground_truth,target_error,4256,354.58333333333337,0.0
bb_ipp_ground_truth,target_error,4257,354.66666666666663,0.0
bb_ipp_ground_truth,target_error,4258,354.75,0.0
bb_ipp_ground_truth,target_error,4259,354.83333333333337,0.0
bb_ipp_ground_truth,target_error,4260,354.91666666666663,0.0
bb_ipp_ground_truth,target_error,4261,355.0,0.0
bb_ipp_ground_truth,target_error,4262,355.08333333333337,0.0
bb_ipp_ground_truth,target_error,4263,355.16666666666663,0.0
bb_ipp_ground_truth,target_error,4264,355.25,0.0
bb_ipp_ground_truth,target_error,4265,355.33333333333337,0.0
bb_ipp_ground_truth,target_error,4266,355.41666666666663,0.0
bb_ipp_ground_truth,target_error,4267,355.5,0.0
bb_ipp_ground_truth,target_error,4268,355.58333333333337,0.0
bb_ipp_ground_truth,target_error,4269,355.66666666666663,0.0
bb_ipp_ground_truth,target_error,4270,355.75,0.0
bb_ipp_ground_truth,target_error,4271,355.83333333333337,0.0
bb_ipp_ground_truth,target_error,4272,355.91666666666663,0.0
bb_ipp_ground_truth,target_error,4273,356.0,0.0
bb_ipp_ground_truth,target_error,4274,356.08333333333337,0.0
bb_ipp_ground_truth,target_error,4275,356.16666666666663,0.0
bb_ipp_ground_truth,target_error,4276,356.25,0.0
bb_ipp_ground_truth,target_error,4277,356.33333333333337,0.0
bb_ipp_ground_truth,target_error,4278,356.41666666666663,0.0
bb_ipp_ground_truth,target_error,4279,356.5,0.0
bb_ipp_ground_truth,target_error,4280,356.58333333333337,0.0
bb_ipp_ground_truth,target_error,4281,356.66666666666663,0.0
bb_ipp_ground_truth,target_error,4282,356.75,0.0
bb_ipp_ground_truth,target_error,4283,356.83333333333337,0.0
bb_ipp_ground_truth,target_error,4284,356.91666666666663,0.0
bb_ipp_ground_truth,target_error,4285,357.0,0.0
bb_ipp_ground_truth,target_error,4286,357.08333333333337,0.0
bb_ipp_ground_truth,target_error,4287,357.16666666666663,0.0
bb_ipp_ground_truth,target_error,4288,357.25,0.0
bb_ipp_ground_truth,target_error,4289,357.33333333333337,0.0
bb_ipp_ground_truth,target_error,4290,357.41666666666663,0.0
bb_ipp_ground_truth,target_error,4291,357.5,0.0
bb_ipp_ground_truth,target_error,4292,357.58333333333337,0.0
bb_ipp_ground_truth,target_error,4293,357.66666666666663,0.0
bb_ipp_ground_truth,target_error,4294,357.75,0.0
bb_ipp_ground_truth,target_error,4295,357.83333333333337,0.0
bb_ipp_ground_truth,target_error,4296,357.91666666666663,0.0
bb_ipp_ground_truth,target_error,4297,358.0,0.0
bb_ipp_ground_truth,target_error,4298,358.08333333333337,0.0
bb_ipp_ground_truth,target_error,4299,358.16666666666663,0.0
bb_ipp_ground_truth,target_error,4300,358.25,0.0
bb_ipp_ground_truth,target_error,4301,358.33333333333337,0.0
bb_ipp_ground_truth,target_error,4302,358.41666666666663,0.0
bb_ipp_ground_truth,target_error,4303,358.5,0.0
bb_ipp_ground_truth,target_error,4304,358.58333333333337,0.0
bb_ipp_ground_truth,target_error,4305,358.66666666666663,0.0
bb_ipp_ground_truth,target_error,4306,358.75,0.0
bb_ipp_ground_truth,target_error,4307,358.83333333333337,0.0
bb_ipp_ground_truth,target_error,4308,358.91666666666663,0.0
bb_ipp_ground_truth,target_error,4309,359.0,0.0
bb_ipp_ground_truth,target_error,4310,359.08333333333337,0.0
bb_ipp_ground_truth,target_error,4311,359.16666666666663,0.0
bb_ipp_ground_truth,target_error,4312,359.25,0.0
bb_ipp_ground_truth,target_error,4313,359.33333333333337,0.0
bb_ipp_ground_truth,target_error,4314,359.41666666666663,0.0
bb_ipp_ground_truth,target_error,4315,359.5,0.0
bb_ipp_ground_truth,target_error,4316,359.58333333333337,0.0
bb_ipp_ground_truth,target_error,4317,359.66666666666663,0.0
bb_ipp_ground_truth,target_error,4318,359.75,0.0
bb_ipp_ground_truth,target_error,4319,359.83333333333337,0.0
bb_ipp_ground_truth,target_error,4320,359.91666666666663,0.0
bb_ipp_ground_truth,target_error,4321,360.0,0.0
ergo_nonadaptive,wind,1,0.0,1.720421173780938
ergo_nonadaptive,wind,2,0.08333333333337123,1.6946283901996302
ergo_nonadaptive,wind,3,0.16666666666662877,1.6896834094257847
ergo_nonadaptive,wind,4,0.25,1.6884873012391648
ergo_nonadaptive,wind,5,0.33333333333337123,1.6886172927078653
ergo_nonadaptive,wind,6,0.41666666666662877,1.688833984207645
ergo_nonadaptive,wind,7,0.5,1.6887836329155448
ergo_nonadaptive,wind,8,0.5833333333333712,1.6887490123401119
ergo_nonadaptive,wind,9,0.6666666666666288,1.6890091210982423
ergo_nonadaptive,wind,10,0.75,1.6890921512750197
ergo_nonadaptive,wind,11,0.8333333333333712,1.689252111996729
ergo_nonadaptive,wind,12,0.9166666666666288,1.6892831940849322
ergo_nonadaptive,wind,13,1.0,1.6895984521076794
ergo_nonadaptive,wind,14,1.0833333333333712,1.6905554932856919
ergo_nonadaptive,wind,15,1.1666666666666288,1.689492474438939
ergo_nonadaptive,wind,16,1.25,1.6895948719847238
ergo_nonadaptive,wind,17,1.3333333333333712,1.6898004950698176
ergo_nonadaptive,wind,18,1.4166666666666288,1.6936515669624277
ergo_nonadaptive,wind,19,1.5,1.6979125451269435
ergo_nonadaptive,wind,20,1.5833333333333712,1.6933789300007114
ergo_nonadaptive,wind,21,1.6666666666666288,1.6906638881329914
ergo_nonadaptive,wind,22,1.75,1.6908548112289827
ergo_nonadaptive,wind,23,1.8333333333333712,1.691741863189889
ergo_nonadaptive,wind,24,1.9166666666666288,1.70008154295632
ergo_nonadaptive,wind,25,2.0,1.7028710610482978
ergo_nonadaptive,wind,26,2.0833333333333712,1.6987505184069136
ergo_nonadaptive,wind,27,2.1666666666666288,1.6969557712953163
ergo_nonadaptive,wind,28,2.25,1.6998244836737655
ergo_nonadaptive,wind,29,2.3333333333333712,1.7014791696200995
ergo_nonadaptive,wind,30,2.4166666666666288,1.700624399261908
ergo_nonadaptive,wind,31,2.5,1.695342985674183
ergo_nonadaptive,wind,32,2.5833333333333712,1.6968540407353745
ergo_nonadaptive,wind,33,2.6666666666666288,1.69542252729866
ergo_nonadaptive,wind,34,2.75,1.693688087194049
ergo_nonadaptive,wind,35,2.8333333333333712,1.6930981176024422
ergo_nonadaptive,wind,36,2.9166666666666288,1.6947366994174378
ergo_nonadaptive,wind,37,3.0,1.6917078352878787
ergo_nonadaptive,wind,38,3.0833333333333712,1.6899576842913706
ergo_nonadaptive,wind,39,3.1666666666666288,1.69021870993396
ergo_nonadaptive,wind,40,3.25,1.6901634537165118
ergo_nonadaptive,wind,41,3.3333333333333712,1.6903497554129339
ergo_nonadaptive,wind,42,3.4166666666666288,1.6914932688073876
ergo_nonadaptive,wind,43,3.5,1.6908111296669859
ergo_nonadaptive,wind,44,3.5833333333333712,1.6938486037180664
ergo_nonadaptive,wind,45,3.6666666666666288,1.691119585960459
ergo_nonadaptive,wind,46,3.75,1.6913489509728334
ergo_nonadaptive,wind,47,3.8333333333333712,1.6928974053532078
ergo_nonadaptive,wind,48,3.9166666666666288,1.692175866470486
ergo_nonadaptive,wind,49,4.0,1.695697649018584
ergo_nonadaptive,wind,50,4.083333333333371,1.6936052731434685
ergo_nonadaptive,wind,51,4.166666666666629,1.693275853538687
ergo_nonadaptive,wind,52,4.25,1.690943953562268
ergo_nonadaptive,wind,53,4.333333333333371,1.6906989646186803
ergo_nonadaptive,wind,54,4.416666666666629,1.6942670024286035
ergo_nonadaptive,wind,55,4.5,1.6971555130648341
ergo_nonadaptive,wind,56,4.583333333333371,1.6964459554877667
ergo_nonadaptive,wind,57,4.666666666666629,1.7042491847773782
ergo_nonadaptive,wind,58,4.75,1.6976327715077297
ergo_nonadaptive,wind,59,4.833333333333371,1.698808532563281
ergo_nonadaptive,wind,60,4.916666666666629,1.6933224338806876
ergo_nonadaptive,wind,61,5.0,1.6904500564275924
ergo_nonadaptive,wind,62,5.083333333333371,1.6881032572243473
ergo_nonadaptive,wind,63,5.166666666666629,1.6861143992308696
ergo_nonadaptive,wind,64,5.25,1.6895522887267767
ergo_nonadaptive,wind,65,5.333333333333371,1.6876003364484613
ergo_nonadaptive,wind,66,5.416666666666629,1.6970163122223858
ergo_nonadaptive,wind,67,5.5,1.6964625788742913
ergo_nonadaptive,wind,68,5.583333333333371,1.689443534626223
ergo_nonadaptive,wind,69,5.666666666666629,1.6921773184344102
ergo_nonadaptive,wind,70,5.75,1.7005372027105239
ergo_nonadaptive,wind,71,5.833333333333371,1.6922416309541881
ergo_nonadaptive,wind,72,5.916666666666629,1.6852488818796507
ergo_nonadaptive,wind,73,6.0,1.6806363591442295
ergo_nonadaptive,wind,74,6.083333333333371,1.6798676405864743
ergo_nonadaptive,wind,75,6.166666666666629,1.682480435656348
ergo_nonadaptive,wind,76,6.25,1.6856431992797978
ergo_nonadaptive,wind,77,6.333333333333371,1.6877132029112856
ergo_nonadaptive,wind,78,6.416666666666629,1.6904312769037242
ergo_nonadaptive,wind,79,6.5,1.6884302622923377
ergo_nonadaptive,wind,80,6.583333333333371,1.6838135903813003
ergo_nonadaptive,wind,81,6.666666666666629,1.6786570515106767
ergo_nonadaptive,wind,82,6.75,1.670541946375509
ergo_nonadaptive,wind,83,6.833333333333371,1.6689881104284234
ergo_nonadaptive,wind,84,6.916666666666629,1.6665601986779721
ergo_nonadaptive,wind,85,7.0,1.6673314793980956
ergo_nonadaptive,wind,86,7.083333333333371,1.6726970949896207
ergo_nonadaptive,wind,87,7.166666666666629,1.6710334346093472
ergo_nonadaptive,wind,88,7.25,1.6712497661255359
ergo_nonadaptive,wind,89,7.333333333333371,1.675762630516582
ergo_nonadaptive,wind,90,7.416666666666629,1.674029511630546
ergo_nonadaptive,wind,91,7.5,1.6753994080641261
ergo_nonadaptive,wind,92,7.583333333333371,1.6787676963380653
ergo_nonadaptive,wind,93,7.666666666666629,1.6788917683163482
ergo_nonadaptive,wind,94,7.75,1.67831722297691
ergo_nonadaptive,wind,95,7.833333333333371,1.6776311721516886
ergo_nonadaptive,wind,96,7.916666666666629,1.6780974502348116
ergo_nonadaptive,wind,97,8.0,1.6801166519622224
ergo_nonadaptive,wind,98,8.083333333333371,1.6842985699832924
ergo_nonadaptive,wind,99,8.166666666666629,1.6841894162474753
ergo_nonadaptive,wind,100,8.25,1.6851403516760293
ergo_nonadaptive,wind,101,8.333333333333371,1.6880367116281194
ergo_nonadaptive,wind,102,8.416666666666629,1.6999129542133338
ergo_nonadaptive,wind,103,8.5,1.7104838829651474
ergo_nonadaptive,wind,104,8.583333333333371,1.730608226292795
ergo_nonadaptive,wind,105,8.666666666666629,1.7279033913105493
ergo_nonadaptive,wind,106,8.75,1.7411075649970067
ergo_nonadaptive,wind,107,8.833333333333371,1.7539474853121702
ergo_nonadaptive,wind,108,8.916666666666629,1.7657495596808714
ergo_nonadaptive,wind,109,9.0,1.7681444021677974
ergo_nonadaptive,wind,110,9.083333333333371,1.805841916059839
ergo_nonadaptive,wind,111,9.166666666666629,1.8130081160049945
ergo_nonadaptive,wind,112,9.25,1.8051699474455525
ergo_nonadaptive,wind,113,9.333333333333371,1.797271487386696
ergo_nonadaptive,wind,114,9.416666666666629,1.8088852979141883
ergo_nonadaptive,wind,115,9.5,1.8439052540626937
ergo_nonadaptive,wind,116,9.583333333333371,1.846787238540665
ergo_nonadaptive,wind,117,9.666666666666629,1.858261094652318
ergo_nonadaptive,wind,118,9.75,1.8688284678514753
ergo_nonadaptive,wind,119,9.833333333333371,1.8625034045747775
ergo_nonadaptive,wind,120,9.916666666666629,1.8551552994709766
ergo_nonadaptive,wind,121,10.0,1.8782164880277117
ergo_nonadaptive,wind,122,10.083333333333371,1.8989179199372508
ergo_nonadaptive,wind,123,10.166666666666629,1.9211917248358827
ergo_nonadaptive,wind,124,10.25,1.9172345948798233
ergo_nonadaptive,wind,125,10.333333333333371,1.9440034463008755
ergo_nonadaptive,wind,126,10.416666666666629,1.9022921116284353
ergo_nonadaptive,wind,127,10.5,1.8824388005351795
ergo_nonadaptive,wind,128,10.583333333333371,1.8852220007840201
ergo_nonadaptive,wind,129,10.666666666666629,1.8827560915354293
ergo_nonadaptive,wind,130,10.75,1.8498624410921756
ergo_nonadaptive,wind,131,10.833333333333371,1.812893582610466
ergo_nonadaptive,wind,132,10.916666666666629,1.8164093777662247
ergo_nonadaptive,wind,133,11.0,1.7910133241803312
ergo_nonadaptive,wind,134,11.083333333333371,1.7587831249025223
ergo_nonadaptive,wind,135,11.166666666666629,1.7497522021720702
ergo_nonadaptive,wind,136,11.25,1.7329528988340352
ergo_nonadaptive,wind,137,11.333333333333371,1.709317657778225
ergo_nonadaptive,wind,138,11.416666666666629,1.684493713492886
ergo_nonadaptive,wind,139,11.5,1.673970303777349
ergo_nonadaptive,wind,140,11.583333333333371,1.655731933793823
ergo_nonadaptive,wind,141,11.666666666666629,1.652517075892026
ergo_nonadaptive,wind,142,11.75,1.653684586428035
ergo_nonadaptive,wind,143,11.833333333333371,1.6460514538715454
ergo_nonadaptive,wind,144,11.916666666666629,1.639279631914585
ergo_nonadaptive,wind,145,12.0,1.6401787137075505
ergo_nonadaptive,wind,146,12.083333333333371,1.6166835747173336
ergo_nonadaptive,wind,147,12.166666666666629,1.6158679571374994
ergo_nonadaptive,wind,148,12.25,1.6093802624436648
ergo_nonadaptive,wind,149,12.333333333333371,1.60797034782114
ergo_nonadaptive,wind,150,12.416666666666629,1.6070968532650869
ergo_nonadaptive,wind,151,12.5,1.6076976389146833
ergo_nonadaptive,wind,152,12.583333333333371,1.5914160264528587
ergo_nonadaptive,wind,153,12.666666666666629,1.5794285881042573
ergo_nonadaptive,wind,154,12.75,1.5787525629900099
ergo_nonadaptive,wind,155,12.833333333333371,1.581012190227889
ergo_nonadaptive,wind,156,12.916666666666629,1.5780482707030596
ergo_nonadaptive,wind,157,13.0,1.5772275973285148
ergo_nonadaptive,wind,158,13.083333333333371,1.5783370025198191
ergo_nonadaptive,wind,159,13.166666666666629,1.5770504058986818
ergo_nonadaptive,wind,160,13.25,1.57701278216214
ergo_nonadaptive,wind,161,13.333333333333371,1.576874582472062
ergo_nonadaptive,wind,162,13.416666666666629,1.577355459247119
ergo_nonadaptive,wind,163,13.5,1.5776670591049258
ergo_nonadaptive,wind,164,13.583333333333371,1.577537528130286
ergo_nonadaptive,wind,165,13.666666666666629,1.5823378772087806
ergo_nonadaptive,wind,166,13.75,1.581507644790968
ergo_nonadaptive,wind,167,13.833333333333371,1.580112021279253
ergo_nonadaptive,wind,168,13.916666666666629,1.578928598134506
ergo_nonadaptive,wind,169,14.0,1.5769634893507034
ergo_nonadaptive,wind,170,14.083333333333371,1.5768954352709077
ergo_nonadaptive,wind,171,14.166666666666629,1.5826405138425401
ergo_nonadaptive,wind,172,14.25,1.5804766383384747
ergo_nonadaptive,wind,173,14.333333333333371,1.5845872998594468
ergo_nonadaptive,wind,174,14.416666666666629,1.58427139906773
ergo_nonadaptive,wind,175,14.5,1.578958452115405
ergo_nonadaptive,wind,176,14.583333333333371,1.5789553209592726
ergo_nonadaptive,wind,177,14.666666666666629,1.577853997635673
ergo_nonadaptive,wind,178,14.75,1.5761090261471178
ergo_nonadaptive,wind,179,14.833333333333371,1.5743608732740297
ergo_nonadaptive,wind,180,14.916666666666629,1.5751949405033205
ergo_nonadaptive,wind,181,15.0,1.5751267737157701
ergo_nonadaptive,wind,182,15.083333333333371,1.575231124571209
ergo_nonadaptive,wind,183,15.166666666666629,1.5747853791719026
ergo_nonadaptive,wind,184,15.25,1.575081005225488
ergo_nonadaptive,wind,185,15.333333333333371,1.5753145999986324
ergo_nonadaptive,wind,186,15.416666666666629,1.5753940706714527
ergo_nonadaptive,wind,187,15.5,1.576856336414041
ergo_nonadaptive,wind,188,15.583333333333371,1.5820656588609439
ergo_nonadaptive,wind,189,15.666666666666629,1.581896763210872
ergo_nonadaptive,wind,190,15.75,1.5853281077258452
ergo_nonadaptive,wind,191,15.833333333333371,1.6046661049229822
ergo_nonadaptive,wind,192,15.916666666666629,1.6047253912335984
ergo_nonadaptive,wind,193,16.0,1.6196681192965459
ergo_nonadaptive,wind,194,16.08333333333337,1.624132188860067
ergo_nonadaptive,wind,195,16.16666666666663,1.6414236909226163
ergo_nonadaptive,wind,196,16.25,1.6590880747085666
ergo_nonadaptive,wind,197,16.33333333333337,1.683812317448049
ergo_nonadaptive,wind,198,16.41666666666663,1.7026362464454827
ergo_nonadaptive,wind,199,16.5,1.7371527737493515
ergo_nonadaptive,wind,200,16.58333333333337,1.740802713514507
ergo_nonadaptive,wind,201,16.66666666666663,1.7535888056251432
ergo_nonadaptive,wind,202,16.75,1.7824158599656839
ergo_nonadaptive,wind,203,16.83333333333337,1.7815338271381267
ergo_nonadaptive,wind,204,16.91666666666663,1.775642538052632
ergo_nonadaptive,wind,205,17.0,1.794951596595847
ergo_nonadaptive,wind,206,17.08333333333337,1.8114978418313068
ergo_nonadaptive,wind,207,17.16666666666663,1.7990842067858481
ergo_nonadaptive,wind,208,17.25,1.8359432737072978
ergo_nonadaptive,wind,209,17.33333333333337,1.851956861881153
ergo_nonadaptive,wind,210,17.41666666666663,1.853676446985853
ergo_nonadaptive,wind,211,17.5,1.871736520434288
ergo_nonadaptive,wind,212,17.58333333333337,1.8742768673268053
ergo_nonadaptive,wind,213,17.66666666666663,1.8498651692396175
ergo_nonadaptive,wind,214,17.75,1.8504819859490191
ergo_nonadaptive,wind,215,17.83333333333337,1.8390977941677022
ergo_nonadaptive,wind,216,17.91666666666663,1.8419381427087538
ergo_nonadaptive,wind,217,18.0,1.8569093004483266
ergo_nonadaptive,wind,218,18.08333333333337,1.823664031696881
ergo_nonadaptive,wind,219,18.16666666666663,1.8044586105665195
ergo_nonadaptive,wind,220,18.25,1.79837109827284
ergo_nonadaptive,wind,221,18.33333333333337,1.7829891228091774
ergo_nonadaptive,wind,222,18.41666666666663,1.7506718885846717
ergo_nonadaptive,wind,223,18.5,1.750255921650272
ergo_nonadaptive,wind,224,18.58333333333337,1.766650425844016
ergo_nonadaptive,wind,225,18.66666666666663,1.7697279135929733
ergo_nonadaptive,wind,226,18.75,1.697129471527259
ergo_nonadaptive,wind,227,18.83333333333337,1.6887705660855274
ergo_nonadaptive,wind,228,18.91666666666663,1.6917952619876175
ergo_nonadaptive,wind,229,19.0,1.7040570277707219
ergo_nonadaptive,wind,230,19.08333333333337,1.660141610836682
ergo_nonadaptive,wind,231,19.16666666666663,1.6439183204475265
ergo_nonadaptive,wind,232,19.25,1.6433894894677106
ergo_nonadaptive,wind,233,19.33333333333337,1.6619858269613466
ergo_nonadaptive,wind,234,19.41666666666663,1.64003827091768
ergo_nonadaptive,wind,235,19.5,1.6453683311466034
ergo_nonadaptive,wind,236,19.58333333333337,1.6423128676447039
ergo_nonadaptive,wind,237,19.66666666666663,1.6346470208574526
ergo_nonadaptive,wind,238,19.75,1.6398412116371546
ergo_nonadaptive,wind,239,19.83333333333337,1.639986629787473
ergo_nonadaptive,wind,240,19.91666666666663,1.6315377165394014
ergo_nonadaptive,wind,241,20.0,1.6370542973455957
ergo_nonadaptive,wind,242,20.08333333333337,1.6072007757506042
ergo_nonadaptive,wind,243,20.16666666666663,1.6225801123311951
ergo_nonadaptive,wind,244,20.25,1.6284272759548521
ergo_nonadaptive,wind,245,20.33333333333337,1.636394489633483
ergo_nonadaptive,wind,246,20.41666666666663,1.651711926742799
ergo_nonadaptive,wind,247,20.5,1.6098359235704975
ergo_nonadaptive,wind,248,20.58333333333337,1.5915396804463993
ergo_nonadaptive,wind,249,20.66666666666663,1.587901088967166
ergo_nonadaptive,wind,250,20.75,1.5851609028788023
ergo_nonadaptive,wind,251,20.83333333333337,1.5796393397357333
ergo_nonadaptive,wind,252,20.91666666666663,1.5715746626576446
ergo_nonadaptive,wind,253,21.0,1.5678172376889004
ergo_nonadaptive,wind,254,21.08333333333337,1.575075852652258
ergo_nonadaptive,wind,255,21.16666666666663,1.5597689195588842
ergo_nonadaptive,wind,256,21.25,1.557670088513143
ergo_nonadaptive,wind,257,21.33333333333337,1.5442305575289785
ergo_nonadaptive,wind,258,21.41666666666663,1.5497713307138088
ergo_nonadaptive,wind,259,21.5,1.5448698136258223
ergo_nonadaptive,wind,260,21.58333333333337,1.539034172711586
ergo_nonadaptive,wind,261,21.66666666666663,1.5440174881557216
ergo_nonadaptive,wind,262,21.75,1.542941609439425
ergo_nonadaptive,wind,263,21.83333333333337,1.533099227490089
ergo_nonadaptive,wind,264,21.91666666666663,1.5440081179656346
ergo_nonadaptive,wind,265,22.0,1.5388827972031038
ergo_nonadaptive,wind,266,22.08333333333337,1.5401309407235768
ergo_nonadaptive,wind,267,22.16666666666663,1.5336715239622185
ergo_nonadaptive,wind,268,22.25,1.5360479915494683
ergo_nonadaptive,wind,269,22.33333333333337,1.5355680408429198
ergo_nonadaptive,wind,270,22.41666666666663,1.5380788032289539
ergo_nonadaptive,wind,271,22.5,1.537197838318622
ergo_nonadaptive,wind,272,22.58333333333337,1.5389326526039335
ergo_nonadaptive,wind,273,22.66666666666663,1.5392514684458363
ergo_nonadaptive,wind,274,22.75,1.537815714020797
ergo_nonadaptive,wind,275,22.83333333333337,1.5370937937493798
ergo_nonadaptive,wind,276,22.91666666666663,1.5374366663410934
ergo_nonadaptive,wind,277,23.0,1.537761352589867
ergo_nonadaptive,wind,278,23.08333333333337,1.5391323547199125
ergo_nonadaptive,wind,279,23.16666666666663,1.5382297009980346
ergo_nonadaptive,wind,280,23.25,1.539187632438073
ergo_nonadaptive,wind,281,23.33333333333337,1.5391331968513788
ergo_nonadaptive,wind,282,23.41666666666663,1.5423199975703656
ergo_nonadaptive,wind,283,23.5,1.5483063740386949
ergo_nonadaptive,wind,284,23.58333333333337,1.5424552401936398
ergo_nonadaptive,wind,285,23.66666666666663,1.5431199292081372
ergo_nonadaptive,wind,286,23.75,1.5440897386402448
ergo_nonadaptive,wind,287,23.83333333333337,1.5428484108998146
ergo_nonadaptive,wind,288,23.91666666666663,1.5433791880585264
ergo_nonadaptive,wind,289,24.0,1.5484476789439106
ergo_nonadaptive,wind,290,24.08333333333337,1.5467126273452845
ergo_nonadaptive,wind,291,24.16666666666663,1.551150445395353
ergo_nonadaptive,wind,292,24.25,1.5464921839328245
ergo_nonadaptive,wind,293,24.33333333333337,1.5432009794195012
ergo_nonadaptive,wind,294,24.41666666666663,1.5447984218964341
ergo_nonadaptive,wind,295,24.5,1.5436791750024415
ergo_nonadaptive,wind,296,24.58333333333337,1.5464258419238985
ergo_nonadaptive,wind,297,24.66666666666663,1.5480594739241398
ergo_nonadaptive,wind,298,24.75,1.5459912097247128
ergo_nonadaptive,wind,299,24.83333333333337,1.5418218332965283
ergo_nonadaptive,wind,300,24.91666666666663,1.5441097268045603
ergo_nonadaptive,wind,301,25.0,1.5486599527533722
ergo_nonadaptive,wind,302,25.08333333333337,1.5463420747322192
ergo_nonadaptive,wind,303,25.16666666666663,1.5489606979796136
ergo_nonadaptive,wind,304,25.25,1.5398143087197453
ergo_nonadaptive,wind,305,25.33333333333337,1.5408984211215198
ergo_nonadaptive,wind,306,25.41666666666663,1.540701489311411
ergo_nonadaptive,wind,307,25.5,1.5376364938916347
ergo_nonadaptive,wind,308,25.58333333333337,1.5378208603485843
ergo_nonadaptive,wind,309,25.66666666666663,1.540820754312997
ergo_nonadaptive,wind,310,25.75,1.541994581600682
ergo_nonadaptive,wind,311,25.83333333333337,1.543774586970158
ergo_nonadaptive,wind,312,25.91666666666663,1.5396108905284012
ergo_nonadaptive,wind,313,26.0,1.5369312168150868
ergo_nonadaptive,wind,314,26.08333333333337,1.5377266403234917
ergo_nonadaptive,wind,315,26.16666666666663,1.5375800502687802
ergo_nonadaptive,wind,316,26.25,1.538460133717756
ergo_nonadaptive,wind,317,26.33333333333337,1.5393097366074018
ergo_nonadaptive,wind,318,26.41666666666663,1.5387852149575156
ergo_nonadaptive,wind,319,26.5,1.5424225159949914
ergo_nonadaptive,wind,320,26.58333333333337,1.5461810801719507
ergo_nonadaptive,wind,321,26.66666666666663,1.547115592604406
ergo_nonadaptive,wind,322,26.75,1.5528800151865423
ergo_nonadaptive,wind,323,26.83333333333337,1.5561250088710996
ergo_nonadaptive,wind,324,26.91666666666663,1.5550772409562346
ergo_nonadaptive,wind,325,27.0,1.5579333144701901
ergo_nonadaptive,wind,326,27.08333333333337,1.5572487726393158
ergo_nonadaptive,wind,327,27.16666666666663,1.5604627338971122
ergo_nonadaptive,wind,328,27.25,1.5809455073099907
ergo_nonadaptive,wind,329,27.33333333333337,1.5858024660408523
ergo_nonadaptive,wind,330,27.41666666666663,1.5899199734945142
ergo_nonadaptive,wind,331,27.5,1.5934559718657804
ergo_nonadaptive,wind,332,27.58333333333337,1.6213881070780063
ergo_nonadaptive,wind,333,27.66666666666663,1.6338736454380378
ergo_nonadaptive,wind,334,27.75,1.6388350420219326
ergo_nonadaptive,wind,335,27.83333333333337,1.6260909784747466
ergo_nonadaptive,wind,336,27.91666666666663,1.642452372233493
ergo_nonadaptive,wind,337,28.0,1.6389498943135377
ergo_nonadaptive,wind,338,28.08333333333337,1.625220001557175
ergo_nonadaptive,wind,339,28.16666666666663,1.6466111005413029
ergo_nonadaptive,wind,340,28.25,1.6382245450251731
ergo_nonadaptive,wind,341,28.33333333333337,1.621715586787722
ergo_nonadaptive,wind,342,28.41666666666663,1.6441601438739946
ergo_nonadaptive,wind,343,28.5,1.6325084127032774
ergo_nonadaptive,wind,344,28.58333333333337,1.634101583373274
ergo_nonadaptive,wind,345,28.66666666666663,1.6447339964285375
ergo_nonadaptive,wind,346,28.75,1.6662020969510754
ergo_nonadaptive,wind,347,28.83333333333337,1.6544318490308976
ergo_nonadaptive,wind,348,28.91666666666663,1.6686376751998906
ergo_nonadaptive,wind,349,29.0,1.690365089066036
ergo_nonadaptive,wind,350,29.08333333333337,1.678039353404579
ergo_nonadaptive,wind,351,29.16666666666663,1.6522141381013904
ergo_nonadaptive,wind,352,29.25,1.6894897916028593
ergo_nonadaptive,wind,353,29.33333333333337,1.6814949378662551
ergo_nonadaptive,wind,354,29.41666666666663,1.6440050250024412
ergo_nonadaptive,wind,355,29.5,1.63961022835491
ergo_nonadaptive,wind,356,29.58333333333337,1.6427016354945003
ergo_nonadaptive,wind,357,29.66666666666663,1.6143049722559621
ergo_nonadaptive,wind,358,29.75,1.6152789837729296
ergo_nonadaptive,wind,359,29.83333333333337,1.6210318464277855
ergo_nonadaptive,wind,360,29.91666666666663,1.6084471341257043
ergo_nonadaptive,wind,361,30.0,1.579180285352225
ergo_nonadaptive,wind,362,30.08333333333337,1.5876658856096226
ergo_nonadaptive,wind,363,30.16666666666663,1.6012040275187416
ergo_nonadaptive,wind,364,30.25,1.580125833688587
ergo_nonadaptive,wind,365,30.33333333333337,1.5744860397790983
ergo_nonadaptive,wind,366,30.41666666666663,1.5572799136499487
ergo_nonadaptive,wind,367,30.5,1.5645937464955262
ergo_nonadaptive,wind,368,30.58333333333337,1.5425395976565186
ergo_nonadaptive,wind,369,30.66666666666663,1.5313678426575223
ergo_nonadaptive,wind,370,30.75,1.540774368303
ergo_nonadaptive,wind,371,30.83333333333337,1.5181806712128956
ergo_nonadaptive,wind,372,30.91666666666663,1.5051345258742375
ergo_nonadaptive,wind,373,31.0,1.4928100667280053
ergo_nonadaptive,wind,374,31.08333333333337,1.47782166644146
ergo_nonadaptive,wind,375,31.16666666666663,1.474686648466136
ergo_nonadaptive,wind,376,31.25,1.4837559473697512
ergo_nonadaptive,wind,377,31.33333333333337,1.4956439769792678
ergo_nonadaptive,wind,378,31.41666666666663,1.4958988120785424
ergo_nonadaptive,wind,379,31.5,1.4881829885633575
ergo_nonadaptive,wind,380,31.58333333333337,1.4917263023401774
ergo_nonadaptive,wind,381,31.66666666666663,1.480380725317302
ergo_nonadaptive,wind,382,31.75,1.4867671352668665
ergo_nonadaptive,wind,383,31.83333333333337,1.4857256589641972
ergo_nonadaptive,wind,384,31.91666666666663,1.4811778443306396
ergo_nonadaptive,wind,385,32.0,1.4833222463009474
ergo_nonadaptive,wind,386,32.08333333333337,1.48605911451444
ergo_nonadaptive,wind,387,32.16666666666663,1.4848366982174441
ergo_nonadaptive,wind,388,32.25,1.4774967057037256
ergo_nonadaptive,wind,389,32.33333333333337,1.4742116569189796
ergo_nonadaptive,wind,390,32.41666666666663,1.4758647600030472
ergo_nonadaptive,wind,391,32.5,1.4893686143848126
ergo_nonadaptive,wind,392,32.58333333333337,1.489198221786209
ergo_nonadaptive,wind,393,32.66666666666663,1.4935532344794111
ergo_nonadaptive,wind,394,32.75,1.4982714718612946
ergo_nonadaptive,wind,395,32.83333333333337,1.4911367259714639
ergo_nonadaptive,wind,396,32.91666666666663,1.4900889036644622
ergo_nonadaptive,wind,397,33.0,1.4958319533113054
ergo_nonadaptive,wind,398,33.08333333333337,1.494829434190969
ergo_nonadaptive,wind,399,33.16666666666663,1.4980428419984038
ergo_nonadaptive,wind,400,33.25,1.495801709926071
ergo_nonadaptive,wind,401,33.33333333333337,1.501528595421468
ergo_nonadaptive,wind,402,33.41666666666663,1.4999873991083201
ergo_nonadaptive,wind,403,33.5,1.5007341374408005
ergo_nonadaptive,wind,404,33.58333333333337,1.5008691593093664
ergo_nonadaptive,wind,405,33.66666666666663,1.5047116904879263
ergo_nonadaptive,wind,406,33.75,1.5041497567299151
ergo_nonadaptive,wind,407,33.83333333333337,1.5062070573974085
ergo_nonadaptive,wind,408,33.91666666666663,1.5120071979768033
ergo_nonadaptive,wind,409,34.0,1.5166283256037487
ergo_nonadaptive,wind,410,34.08333333333337,1.5170205809185604
ergo_nonadaptive,wind,411,34.16666666666663,1.5218074245703213
ergo_nonadaptive,wind,412,34.25,1.530985242168882
ergo_nonadaptive,wind,413,34.33333333333337,1.5273530178703119
ergo_nonadaptive,wind,414,34.41666666666663,1.5405770362138793
ergo_nonadaptive,wind,415,34.5,1.5427191526299509
ergo_nonadaptive,wind,416,34.58333333333337,1.5515832843924284
ergo_nonadaptive,wind,417,34.66666666666663,1.5659147391521078
ergo_nonadaptive,wind,418,34.75,1.569776745387338
ergo_nonadaptive,wind,419,34.83333333333337,1.5743670630434123
ergo_nonadaptive,wind,420,34.91666666666663,1.5836528410685056
ergo_nonadaptive,wind,421,35.0,1.605465898346346
ergo_nonadaptive,wind,422,35.08333333333337,1.6169512187166133
ergo_nonadaptive,wind,423,35.16666666666663,1.6295121204170127
ergo_nonadaptive,wind,424,35.25,1.633202809419991
ergo_nonadaptive,wind,425,35.33333333333337,1.6587247326165613
ergo_nonadaptive,wind,426,35.41666666666663,1.675830755461002
ergo_nonadaptive,wind,427,35.5,1.6788103212893393
ergo_nonadaptive,wind,428,35.58333333333337,1.666735393902013
ergo_nonadaptive,wind,429,35.66666666666663,1.6703529420895098
ergo_nonadaptive,wind,430,35.75,1.6603089377394857
ergo_nonadaptive,wind,431,35.83333333333337,1.6869712018437748
ergo_nonadaptive,wind,432,35.91666666666663,1.6988933514424347
ergo_nonadaptive,wind,433,36.0,1.6843645466288775
ergo_nonadaptive,wind,434,36.08333333333337,1.715760745063056
ergo_nonadaptive,wind,435,36.16666666666663,1.6970066947626705
ergo_nonadaptive,wind,436,36.25,1.6820284446599574
ergo_nonadaptive,wind,437,36.33333333333337,1.668237260752375
ergo_nonadaptive,wind,438,36.41666666666663,1.665010928839771
ergo_nonadaptive,wind,439,36.5,1.6390627494646905
ergo_nonadaptive,wind,440,36.58333333333337,1.6554497941057524
ergo_nonadaptive,wind,441,36.66666666666663,1.6258474705533215
ergo_nonadaptive,wind,442,36.75,1.5980285046919926
ergo_nonadaptive,wind,443,36.83333333333337,1.568020561706719
ergo_nonadaptive,wind,444,36.91666666666663,1.5723413019945318
ergo_nonadaptive,wind,445,37.0,1.545532326375012
ergo_nonadaptive,wind,446,37.08333333333337,1.594682875979271
ergo_nonadaptive,wind,447,37.16666666666663,1.5881287037380476
ergo_nonadaptive,wind,448,37.25,1.5761155578724053
ergo_nonadaptive,wind,449,37.33333333333337,1.5450419513715365
ergo_nonadaptive,wind,450,37.41666666666663,1.5328916627404874
ergo_nonadaptive,wind,451,37.5,1.5159156869378148
ergo_nonadaptive,wind,452,37.58333333333337,1.5016770642284727
ergo_nonadaptive,wind,453,37.66666666666663,1.5087156120377394
ergo_nonadaptive,wind,454,37.75,1.4906703707673272
ergo_nonadaptive,wind,455,37.83333333333337,1.4856241650413289
ergo_nonadaptive,wind,456,37.91666666666663,1.472685303853189
ergo_nonadaptive,wind,457,38.0,1.4624686425495295
ergo_nonadaptive,wind,458,38.08333333333337,1.451369716755475
ergo_nonadaptive,wind,459,38.16666666666663,1.4501864854016029
ergo_nonadaptive,wind,460,38.25,1.4340686828845584
ergo_nonadaptive,wind,461,38.33333333333337,1.4337348501158784
ergo_nonadaptive,wind,462,38.41666666666663,1.4386246690340971
ergo_nonadaptive,wind,463,38.5,1.4416902630004087
ergo_nonadaptive,wind,464,38.58333333333337,1.4305184744350503
ergo_nonadaptive,wind,465,38.66666666666663,1.4307374864339943
ergo_nonadaptive,wind,466,38.75,1.4277427797679436
ergo_nonadaptive,wind,467,38.83333333333337,1.4176026407876565
ergo_nonadaptive,wind,468,38.91666666666663,1.4166173373872006
ergo_nonadaptive,wind,469,39.0,1.4056702105279735
ergo_nonadaptive,wind,470,39.08333333333337,1.4132700320682343
ergo_nonadaptive,wind,471,39.16666666666663,1.4219495418602854
ergo_nonadaptive,wind,472,39.25,1.4270658810923853
ergo_nonadaptive,wind,473,39.33333333333337,1.4326282688233103
ergo_nonadaptive,wind,474,39.41666666666663,1.4207766065186032
ergo_nonadaptive,wind,475,39.5,1.4247836278964208
ergo_nonadaptive,wind,476,39.58333333333337,1.4185388950025806
ergo_nonadaptive,wind,477,39.66666666666663,1.4247842756289906
ergo_nonadaptive,wind,478,39.75,1.4270869991767134
ergo_nonadaptive,wind,479,39.83333333333337,1.430861732200616
ergo_nonadaptive,wind,480,39.91666666666663,1.4358925731437604
ergo_nonadaptive,wind,481,40.0,1.4414608471980777
ergo_nonadaptive,wind,482,40.08333333333337,1.4348929447221246
ergo_nonadaptive,wind,483,40.16666666666663,1.4265535452430975
ergo_nonadaptive,wind,484,40.25,1.426873839373604
ergo_nonadaptive,wind,485,40.33333333333337,1.4321699999088136
ergo_nonadaptive,wind,486,40.41666666666663,1.4523152403988144
ergo_nonadaptive,wind,487,40.5,1.453870730032087
ergo_nonadaptive,wind,488,40.58333333333337,1.4528312213216727
ergo_nonadaptive,wind,489,40.66666666666663,1.4558009687570523
ergo_nonadaptive,wind,490,40.75,1.4679041814422014
ergo_nonadaptive,wind,491,40.83333333333337,1.474179431288326
ergo_nonadaptive,wind,492,40.91666666666663,1.4715387884462732
ergo_nonadaptive,wind,493,41.0,1.5053797497299561
ergo_nonadaptive,wind,494,41.08333333333337,1.4956505441025445
ergo_nonadaptive,wind,495,41.16666666666663,1.5035234276548752
ergo_nonadaptive,wind,496,41.25,1.5216607526507817
ergo_nonadaptive,wind,497,41.33333333333337,1.5309026752741743
ergo_nonadaptive,wind,498,41.41666666666663,1.538321867584651
ergo_nonadaptive,wind,499,41.5,1.561137111221969
ergo_nonadaptive,wind,500,41.58333333333337,1.5778299435715646
ergo_nonadaptive,wind,501,41.66666666666663,1.5795219002550027
ergo_nonadaptive,wind,502,41.75,1.6149029700581996
ergo_nonadaptive,wind,503,41.83333333333337,1.629471024570619
ergo_nonadaptive,wind,504,41.91666666666663,1.6245713988306894
ergo_nonadaptive,wind,505,42.0,1.5866983223894702
ergo_nonadaptive,wind,506,42.08333333333337,1.6141036126066661
ergo_nonadaptive,wind,507,42.16666666666663,1.6231057724754538
ergo_nonadaptive,wind,508,42.25,1.6394912115423248
ergo_nonadaptive,wind,509,42.33333333333337,1.6128972909146875
ergo_nonadaptive,wind,510,42.41666666666663,1.604774750383941
ergo_nonadaptive,wind,511,42.5,1.6180213301486757
ergo_nonadaptive,wind,512,42.58333333333337,1.6015639183491939
ergo_nonadaptive,wind,513,42.66666666666663,1.6340775387172224
ergo_nonadaptive,wind,514,42.75,1.6031833383696819
ergo_nonadaptive,wind,515,42.83333333333337,1.612531490137229
ergo_nonadaptive,wind,516,42.91666666666663,1.5932994765965
ergo_nonadaptive,wind,517,43.0,1.5904796930043
ergo_nonadaptive,wind,518,43.08333333333337,1.587449731949677
ergo_nonadaptive,wind,519,43.16666666666663,1.5691178029348583
ergo_nonadaptive,wind,520,43.25,1.566803749316247
ergo_nonadaptive,wind,521,43.33333333333337,1.5423790104304382
ergo_nonadaptive,wind,522,43.41666666666663,1.5255190621863373
ergo_nonadaptive,wind,523,43.5,1.510206186397688
ergo_nonadaptive,wind,524,43.58333333333337,1.5254913432718038
ergo_nonadaptive,wind,525,43.66666666666663,1.5167632211347053
ergo_nonadaptive,wind,526,43.75,1.5040746918134915
ergo_nonadaptive,wind,527,43.83333333333337,1.4937051596607402
ergo_nonadaptive,wind,528,43.91666666666663,1.500186459980716
ergo_nonadaptive,wind,529,44.0,1.4954110731444255
ergo_nonadaptive,wind,530,44.08333333333337,1.4712079572041123
ergo_nonadaptive,wind,531,44.16666666666663,1.4623325527137474
ergo_nonadaptive,wind,532,44.25,1.4736796522625224
ergo_nonadaptive,wind,533,44.33333333333337,1.46759263576276
ergo_nonadaptive,wind,534,44.41666666666663,1.4616914426156253
ergo_nonadaptive,wind,535,44.5,1.4613693620428378
ergo_nonadaptive,wind,536,44.58333333333337,1.4873283578729044
ergo_nonadaptive,wind,537,44.66666666666663,1.4719975816762514
ergo_nonadaptive,wind,538,44.75,1.4774834955194347
ergo_nonadaptive,wind,539,44.83333333333337,1.4577873280108806
ergo_nonadaptive,wind,540,44.91666666666663,1.4562404510081268
ergo_nonadaptive,wind,541,45.0,1.4371262915176508
ergo_nonadaptive,wind,542,45.08333333333337,1.436382418541998
ergo_nonadaptive,wind,543,45.16666666666663,1.4238203503605655
ergo_nonadaptive,wind,544,45.25,1.412808959208939
ergo_nonadaptive,wind,545,45.33333333333337,1.3988886858385807
ergo_nonadaptive,wind,546,45.41666666666663,1.3897794069802787
ergo_nonadaptive,wind,547,45.5,1.4015395056255746
ergo_nonadaptive,wind,548,45.58333333333337,1.395042850016785
ergo_nonadaptive,wind,549,45.66666666666663,1.3967930190137714
ergo_nonadaptive,wind,550,45.75,1.3907380240139873
ergo_nonadaptive,wind,551,45.83333333333337,1.3869503893739523
ergo_nonadaptive,wind,552,45.91666666666663,1.379837562557319
ergo_nonadaptive,wind,553,46.0,1.3826062092578357
ergo_nonadaptive,wind,554,46.08333333333337,1.374973038987753
ergo_nonadaptive,wind,555,46.16666666666663,1.3777935283165017
ergo_nonadaptive,wind,556,46.25,1.3809940008536654
ergo_nonadaptive,wind,557,46.33333333333337,1.3789600904068233
ergo_nonadaptive,wind,558,46.41666666666663,1.3769588827625938
ergo_nonadaptive,wind,559,46.5,1.3722735871251024
ergo_nonadaptive,wind,560,46.58333333333337,1.3644270581383395
ergo_nonadaptive,wind,561,46.66666666666663,1.3646797574242437
ergo_nonadaptive,wind,562,46.75,1.3595571799745076
ergo_nonadaptive,wind,563,46.83333333333337,1.3627017647323236
ergo_nonadaptive,wind,564,46.91666666666663,1.3669920335733303
ergo_nonadaptive,wind,565,47.0,1.363117402000817
ergo_nonadaptive,wind,566,47.08333333333337,1.3712620058147964
ergo_nonadaptive,wind,567,47.16666666666663,1.3698399753254664
ergo_nonadaptive,wind,568,47.25,1.3721061832922679
ergo_nonadaptive,wind,569,47.33333333333337,1.3728921005192278
ergo_nonadaptive,wind,570,47.41666666666663,1.3736044524801352
ergo_nonadaptive,wind,571,47.5,1.372260145273774
ergo_nonadaptive,wind,572,47.58333333333337,1.371073809383272
ergo_nonadaptive,wind,573,47.66666666666663,1.3759080465856388
ergo_nonadaptive,wind,574,47.75,1.3666574004972867
ergo_nonadaptive,wind,575,47.83333333333337,1.36296456287934
ergo_nonadaptive,wind,576,47.91666666666663,1.3642520790589243
ergo_nonadaptive,wind,577,48.0,1.3702990936353188
ergo_nonadaptive,wind,578,48.08333333333337,1.3669456754133174
ergo_nonadaptive,wind,579,48.16666666666663,1.3590014963723336
ergo_nonadaptive,wind,580,48.25,1.3581681096535752
ergo_nonadaptive,wind,581,48.33333333333337,1.3643625655871856
ergo_nonadaptive,wind,582,48.41666666666663,1.3741194565619754
ergo_nonadaptive,wind,583,48.5,1.3704602917042419
ergo_nonadaptive,wind,584,48.58333333333337,1.3737404522757772
ergo_nonadaptive,wind,585,48.66666666666663,1.366578697836216
ergo_nonadaptive,wind,586,48.75,1.361173313756188
ergo_nonadaptive,wind,587,48.83333333333337,1.3750267312156068
ergo_nonadaptive,wind,588,48.91666666666663,1.3835640552417419
ergo_nonadaptive,wind,589,49.0,1.3827659987744434
ergo_nonadaptive,wind,590,49.08333333333337,1.3845746580121616
ergo_nonadaptive,wind,591,49.16666666666663,1.3884045358267678
ergo_nonadaptive,wind,592,49.25,1.3828229051262542
ergo_nonadaptive,wind,593,49.33333333333337,1.3988432903857546
ergo_nonadaptive,wind,594,49.41666666666663,1.4060128669609422
ergo_nonadaptive,wind,595,49.5,1.417103087545428
ergo_nonadaptive,wind,596,49.58333333333337,1.4052162915375257
ergo_nonadaptive,wind,597,49.66666666666663,1.4058628803980122
ergo_nonadaptive,wind,598,49.75,1.407719548675694
ergo_nonadaptive,wind,599,49.83333333333337,1.4261591239848461
ergo_nonadaptive,wind,600,49.91666666666663,1.4281165820202144
ergo_nonadaptive,wind,601,50.0,1.4332367119305636
ergo_nonadaptive,wind,602,50.08333333333337,1.4235183432170264
ergo_nonadaptive,wind,603,50.16666666666663,1.431265693773757
ergo_nonadaptive,wind,604,50.25,1.4158715136586142
ergo_nonadaptive,wind,605,50.33333333333337,1.4015699826106822
ergo_nonadaptive,wind,606,50.41666666666663,1.3952618338823892
ergo_nonadaptive,wind,607,50.5,1.3786260658589815
ergo_nonadaptive,wind,608,50.58333333333337,1.3835925596680636
ergo_nonadaptive,wind,609,50.66666666666663,1.3945260657800245
ergo_nonadaptive,wind,610,50.75,1.3898941120163875
ergo_nonadaptive,wind,611,50.83333333333337,1.3916085666459272
ergo_nonadaptive,wind,612,50.91666666666663,1.3911603405576092
ergo_nonadaptive,wind,613,51.0,1.3803962477607414
ergo_nonadaptive,wind,614,51.08333333333337,1.394569472879497
ergo_nonadaptive,wind,615,51.16666666666663,1.3688718578758243
ergo_nonadaptive,wind,616,51.25,1.365643462135909
ergo_nonadaptive,wind,617,51.33333333333337,1.3659560260338703
ergo_nonadaptive,wind,618,51.41666666666663,1.355411707531401
ergo_nonadaptive,wind,619,51.5,1.3446506146528696
ergo_nonadaptive,wind,620,51.58333333333337,1.344042788905779
ergo_nonadaptive,wind,621,51.66666666666663,1.328121613852848
ergo_nonadaptive,wind,622,51.75,1.331305290965117
ergo_nonadaptive,wind,623,51.83333333333337,1.3371408325235632
ergo_nonadaptive,wind,624,51.91666666666663,1.339537378734875
ergo_nonadaptive,wind,625,52.0,1.3407827311847977
ergo_nonadaptive,wind,626,52.08333333333337,1.3298244165870452
ergo_nonadaptive,wind,627,52.16666666666663,1.3259622580673787
ergo_nonadaptive,wind,628,52.25,1.3240736404772844
ergo_nonadaptive,wind,629,52.33333333333337,1.3273181313346383
ergo_nonadaptive,wind,630,52.41666666666663,1.3363567404034848
ergo_nonadaptive,wind,631,52.5,1.3386374735539928
ergo_nonadaptive,wind,632,52.58333333333337,1.3320464175240125
ergo_nonadaptive,wind,633,52.66666666666663,1.331518663909789
ergo_nonadaptive,wind,634,52.75,1.3272195805323495
ergo_nonadaptive,wind,635,52.83333333333337,1.3277522981255496
ergo_nonadaptive,wind,636,52.91666666666663,1.3284352220643807
ergo_nonadaptive,wind,637,53.0,1.3293633379585958
ergo_nonadaptive,wind,638,53.08333333333337,1.329741238195119
ergo_nonadaptive,wind,639,53.16666666666663,1.3304618656475153
ergo_nonadaptive,wind,640,53.25,1.3311127265121814
ergo_nonadaptive,wind,641,53.33333333333337,1.3317754852229524
ergo_nonadaptive,wind,642,53.41666666666663,1.3324587993428136
ergo_nonadaptive,wind,643,53.5,1.3335663142035754
ergo_nonadaptive,wind,644,53.58333333333337,1.334387625839751
ergo_nonadaptive,wind,645,53.66666666666663,1.3376927761922168
ergo_nonadaptive,wind,646,53.75,1.3368065091474266
ergo_nonadaptive,wind,647,53.83333333333337,1.3369423081847749
ergo_nonadaptive,wind,648,53.91666666666663,1.336897292766333
ergo_nonadaptive,wind,649,54.0,1.3386516080144284
ergo_nonadaptive,wind,650,54.08333333333337,1.3392346237927084
ergo_nonadaptive,wind,651,54.16666666666663,1.3396081286148036
ergo_nonadaptive,wind,652,54.25,1.3397492044954367
ergo_nonadaptive,wind,653,54.33333333333337,1.3407224155946291
ergo_nonadaptive,wind,654,54.41666666666663,1.3411165209992015
ergo_nonadaptive,wind,655,54.5,1.349303630056179
ergo_nonadaptive,wind,656,54.58333333333337,1.35950971376435
ergo_nonadaptive,wind,657,54.66666666666663,1.3577405240902998
ergo_nonadaptive,wind,658,54.75,1.3640829579032852
ergo_nonadaptive,wind,659,54.83333333333337,1.357163405074753
ergo_nonadaptive,wind,660,54.91666666666663,1.3633709057532486
ergo_nonadaptive,wind,661,55.0,1.3753803022923257
ergo_nonadaptive,wind,662,55.08333333333337,1.373042389551245
ergo_nonadaptive,wind,663,55.16666666666663,1.3789732347477266
ergo_nonadaptive,wind,664,55.25,1.3921240994086497
ergo_nonadaptive,wind,665,55.33333333333337,1.4030751986827277
ergo_nonadaptive,wind,666,55.41666666666663,1.4177407662361083
ergo_nonadaptive,wind,667,55.5,1.427682173401579
ergo_nonadaptive,wind,668,55.58333333333337,1.4417450708248523
ergo_nonadaptive,wind,669,55.66666666666663,1.4744183154597843
ergo_nonadaptive,wind,670,55.75,1.46625374910755
ergo_nonadaptive,wind,671,55.83333333333337,1.4707818309090828
ergo_nonadaptive,wind,672,55.91666666666663,1.5115667269019923
ergo_nonadaptive,wind,673,56.0,1.5197124543499787
ergo_nonadaptive,wind,674,56.08333333333337,1.5247903486874705
ergo_nonadaptive,wind,675,56.16666666666663,1.5593053123766185
ergo_nonadaptive,wind,676,56.25,1.5564161964963563
ergo_nonadaptive,wind,677,56.33333333333337,1.572686981211994
ergo_nonadaptive,wind,678,56.41666666666663,1.6093361276306017
ergo_nonadaptive,wind,679,56.5,1.6340126691585326
ergo_nonadaptive,wind,680,56.58333333333337,1.6580521991377148
ergo_nonadaptive,wind,681,56.66666666666663,1.647710656482157
ergo_nonadaptive,wind,682,56.75,1.661887748238771
ergo_nonadaptive,wind,683,56.83333333333337,1.6806133659804319
ergo_nonadaptive,wind,684,56.91666666666663,1.7315837713940578
ergo_nonadaptive,wind,685,57.0,1.7027069481271495
ergo_nonadaptive,wind,686,57.08333333333337,1.732869873446299
ergo_nonadaptive,wind,687,57.16666666666663,1.7519855988635065
ergo_nonadaptive,wind,688,57.25,1.7571822564676154
ergo_nonadaptive,wind,689,57.33333333333337,1.7837523535273907
ergo_nonadaptive,wind,690,57.41666666666663,1.7838873347978392
ergo_nonadaptive,wind,691,57.5,1.7766120427116063
ergo_nonadaptive,wind,692,57.58333333333337,1.7871943425847996
ergo_nonadaptive,wind,693,57.66666666666663,1.7798665538687939
ergo_nonadaptive,wind,694,57.75,1.7670021817283244
ergo_nonadaptive,wind,695,57.83333333333337,1.7535398488164344
ergo_nonadaptive,wind,696,57.91666666666663,1.7835514194556201
ergo_nonadaptive,wind,697,58.0,1.783362836315252
ergo_nonadaptive,wind,698,58.08333333333337,1.7895991809228196
ergo_nonadaptive,wind,699,58.16666666666663,1.7885722668876882
ergo_nonadaptive,wind,700,58.25,1.7805529728412937
ergo_nonadaptive,wind,701,58.33333333333337,1.7838853831787147
ergo_nonadaptive,wind,702,58.41666666666663,1.7752588342512519
ergo_nonadaptive,wind,703,58.5,1.774960740057669
ergo_nonadaptive,wind,704,58.58333333333337,1.7800322784321103
ergo_nonadaptive,wind,705,58.66666666666663,1.7988386648783252
ergo_nonadaptive,wind,706,58.75,1.791105524098123
ergo_nonadaptive,wind,707,58.83333333333337,1.7889987270072158
ergo_nonadaptive,wind,708,58.91666666666663,1.7690681293138266
ergo_nonadaptive,wind,709,59.0,1.7613047955224859
ergo_nonadaptive,wind,710,59.08333333333337,1.7901332895482036
ergo_nonadaptive,wind,711,59.16666666666663,1.7997859241301521
ergo_nonadaptive,wind,712,59.25,1.813907105330303
ergo_nonadaptive,wind,713,59.33333333333337,1.7808853601344126
ergo_nonadaptive,wind,714,59.41666666666663,1.7882816872438498
ergo_nonadaptive,wind,715,59.5,1.8174397462250984
ergo_nonadaptive,wind,716,59.58333333333337,1.8153799977114018
ergo_nonadaptive,wind,717,59.66666666666663,1.8000742286880442
ergo_nonadaptive,wind,718,59.75,1.8088312349526952
ergo_nonadaptive,wind,719,59.83333333333337,1.7955041550203952
ergo_nonadaptive,wind,720,59.91666666666663,1.8014112541137586
ergo_nonadaptive,wind,721,60.0,1.7820656836171842
ergo_nonadaptive,wind,722,60.08333333333337,1.7715067515488279
ergo_nonadaptive,wind,723,60.16666666666663,1.7945629647425787
ergo_nonadaptive,wind,724,60.25,1.8101331167457875
ergo_nonadaptive,wind,725,60.33333333333337,1.8325308725561424
ergo_nonadaptive,wind,726,60.41666666666663,1.8416381988528343
ergo_nonadaptive,wind,727,60.5,1.8176753866669397
ergo_nonadaptive,wind,728,60.58333333333337,1.810835446394411
ergo_nonadaptive,wind,729,60.66666666666663,1.827237520212397
ergo_nonadaptive,wind,730,60.75,1.8365331335738586
ergo_nonadaptive,wind,731,60.83333333333337,1.8285802237998552
ergo_nonadaptive,wind,732,60.91666666666663,1.8473214406487142
ergo_nonadaptive,wind,733,61.0,1.8350587632269733
ergo_nonadaptive,wind,734,61.08333333333337,1.8360080132459065
ergo_nonadaptive,wind,735,61.16666666666663,1.8357764848364162
ergo_nonadaptive,wind,736,61.25,1.856711292815542
ergo_nonadaptive,wind,737,61.33333333333337,1.8285354108201652
ergo_nonadaptive,wind,738,61.41666666666663,1.7986142960415108
ergo_nonadaptive,wind,739,61.5,1.7624348296543455
ergo_nonadaptive,wind,740,61.58333333333337,1.763465760871207
ergo_nonadaptive,wind,741,61.66666666666663,1.7290318061824321
ergo_nonadaptive,wind,742,61.75,1.7240756676657707
ergo_nonadaptive,wind,743,61.83333333333337,1.7190914619305282
ergo_nonadaptive,wind,744,61.91666666666663,1.6879968254150626
ergo_nonadaptive,wind,745,62.0,1.6931364199160888
ergo_nonadaptive,wind,746,62.08333333333337,1.6829605541338049
ergo_nonadaptive,wind,747,62.16666666666663,1.6609127415406313
ergo_nonadaptive,wind,748,62.25,1.6540548434790383
ergo_nonadaptive,wind,749,62.33333333333337,1.6208601048911417
ergo_nonadaptive,wind,750,62.41666666666663,1.6096099517910796
ergo_nonadaptive,wind,751,62.5,1.6168841168629589
ergo_nonadaptive,wind,752,62.58333333333337,1.6134840508138075
ergo_nonadaptive,wind,753,62.66666666666663,1.609026478812189
ergo_nonadaptive,wind,754,62.75,1.5941281340488922
ergo_nonadaptive,wind,755,62.83333333333337,1.590812450462092
ergo_nonadaptive,wind,756,62.91666666666663,1.5742740438466831
ergo_nonadaptive,wind,757,63.0,1.5625747969018864
ergo_nonadaptive,wind,758,63.08333333333337,1.5646774820215938
ergo_nonadaptive,wind,759,63.16666666666663,1.5629327820626961
ergo_nonadaptive,wind,760,63.25,1.582479377876031
ergo_nonadaptive,wind,761,63.33333333333337,1.5883648276838218
ergo_nonadaptive,wind,762,63.41666666666663,1.5852596546989466
ergo_nonadaptive,wind,763,63.5,1.577455813109274
ergo_nonadaptive,wind,764,63.58333333333337,1.5745602810285333
ergo_nonadaptive,wind,765,63.66666666666663,1.557600806741714
ergo_nonadaptive,wind,766,63.75,1.560627881700782
ergo_nonadaptive,wind,767,63.83333333333337,1.560706942192823
ergo_nonadaptive,wind,768,63.91666666666663,1.5642801735582834
ergo_nonadaptive,wind,769,64.0,1.5633152356857265
ergo_nonadaptive,wind,770,64.08333333333337,1.5615396415805542
ergo_nonadaptive,wind,771,64.16666666666663,1.5563421197346097
ergo_nonadaptive,wind,772,64.25,1.5597308557305831
ergo_nonadaptive,wind,773,64.33333333333337,1.5498234359548348
ergo_nonadaptive,wind,774,64.41666666666663,1.5588509803040447
ergo_nonadaptive,wind,775,64.5,1.5653972296250431
ergo_nonadaptive,wind,776,64.58333333333337,1.5489069682692305
ergo_nonadaptive,wind,777,64.66666666666663,1.5463514179109006
ergo_nonadaptive,wind,778,64.75,1.5503773099577398
ergo_nonadaptive,wind,779,64.83333333333337,1.5564778192236581
ergo_nonadaptive,wind,780,64.91666666666663,1.5525497874972904
ergo_nonadaptive,wind,781,65.0,1.547478117945406
ergo_nonadaptive,wind,782,65.08333333333337,1.5475109350200644
ergo_nonadaptive,wind,783,65.16666666666663,1.5478185475484842
ergo_nonadaptive,wind,784,65.25,1.5457343880578356
ergo_nonadaptive,wind,785,65.33333333333337,1.5512126334835183
ergo_nonadaptive,wind,786,65.41666666666663,1.561978795547368
ergo_nonadaptive,wind,787,65.5,1.5508555168404488
ergo_nonadaptive,wind,788,65.58333333333337,1.5532658725584105
ergo_nonadaptive,wind,789,65.66666666666663,1.5548712571216114
ergo_nonadaptive,wind,790,65.75,1.5458058723916415
ergo_nonadaptive,wind,791,65.83333333333337,1.5412230048539992
ergo_nonadaptive,wind,792,65.91666666666663,1.5418808955779035
ergo_nonadaptive,wind,793,66.0,1.5456391051510567
ergo_nonadaptive,wind,794,66.08333333333337,1.5443020005945474
ergo_nonadaptive,wind,795,66.16666666666663,1.545724650324744
ergo_nonadaptive,wind,796,66.25,1.5454965385880304
ergo_nonadaptive,wind,797,66.33333333333337,1.5494704921896119
ergo_nonadaptive,wind,798,66.41666666666663,1.5647663326327734
ergo_nonadaptive,wind,799,66.5,1.5638912982531297
ergo_nonadaptive,wind,800,66.58333333333337,1.5939007749913152
ergo_nonadaptive,wind,801,66.66666666666663,1.5845278048495155
ergo_nonadaptive,wind,802,66.75,1.5854882343542767
ergo_nonadaptive,wind,803,66.83333333333337,1.5706620807222096
ergo_nonadaptive,wind,804,66.91666666666663,1.5752796618685616
ergo_nonadaptive,wind,805,67.0,1.589610921655378
ergo_nonadaptive,wind,806,67.08333333333337,1.5622339681173325
ergo_nonadaptive,wind,807,67.16666666666663,1.5657039423426795
ergo_nonadaptive,wind,808,67.25,1.578323827621368
ergo_nonadaptive,wind,809,67.33333333333337,1.5957084621148971
ergo_nonadaptive,wind,810,67.41666666666663,1.612835349770803
ergo_nonadaptive,wind,811,67.5,1.6198236085153248
ergo_nonadaptive,wind,812,67.58333333333337,1.6188085664557188
ergo_nonadaptive,wind,813,67.66666666666663,1.6590412759797577
ergo_nonadaptive,wind,814,67.75,1.6817952850767734
ergo_nonadaptive,wind,815,67.83333333333337,1.6645472846635874
ergo_nonadaptive,wind,816,67.91666666666663,1.6565131961691892
ergo_nonadaptive,wind,817,68.0,1.6896965470300163
ergo_nonadaptive,wind,818,68.08333333333337,1.7015104109778447
ergo_nonadaptive,wind,819,68.16666666666663,1.7147316074664507
ergo_nonadaptive,wind,820,68.25,1.7449023630545857
ergo_nonadaptive,wind,821,68.33333333333337,1.7438629902814973
ergo_nonadaptive,wind,822,68.41666666666663,1.7603575429592526
ergo_nonadaptive,wind,823,68.5,1.758847909130383
ergo_nonadaptive,wind,824,68.58333333333337,1.7561264046563274
ergo_nonadaptive,wind,825,68.66666666666663,1.7782107320245886
ergo_nonadaptive,wind,826,68.75,1.8033346855284174
ergo_nonadaptive,wind,827,68.83333333333337,1.8200125916926875
ergo_nonadaptive,wind,828,68.91666666666663,1.7718903696921668
ergo_nonadaptive,wind,829,69.0,1.7758931091672843
ergo_nonadaptive,wind,830,69.08333333333337,1.7571555451911618
ergo_nonadaptive,wind,831,69.16666666666663,1.7083930044092426
ergo_nonadaptive,wind,832,69.25,1.7219674823342848
ergo_nonadaptive,wind,833,69.33333333333337,1.772431085528973
ergo_nonadaptive,wind,834,69.41666666666663,1.7816201640051157
ergo_nonadaptive,wind,835,69.5,1.73573157766462
ergo_nonadaptive,wind,836,69.58333333333337,1.7198028339299445
ergo_nonadaptive,wind,837,69.66666666666663,1.6990682968922832
ergo_nonadaptive,wind,838,69.75,1.6804009829981479
ergo_nonadaptive,wind,839,69.83333333333337,1.671919167564577
ergo_nonadaptive,wind,840,69.91666666666663,1.6545479686884197
ergo_nonadaptive,wind,841,70.0,1.659000641856253
ergo_nonadaptive,wind,842,70.08333333333337,1.6163231814494785
ergo_nonadaptive,wind,843,70.16666666666663,1.5996424172689394
ergo_nonadaptive,wind,844,70.25,1.5964033209125719
ergo_nonadaptive,wind,845,70.33333333333337,1.6170386144675677
ergo_nonadaptive,wind,846,70.41666666666663,1.6022235464286212
ergo_nonadaptive,wind,847,70.5,1.601301298161656
ergo_nonadaptive,wind,848,70.58333333333337,1.5674629974978362
ergo_nonadaptive,wind,849,70.66666666666663,1.5700198581146743
ergo_nonadaptive,wind,850,70.75,1.576024280186373
ergo_nonadaptive,wind,851,70.83333333333337,1.5316536059819474
ergo_nonadaptive,wind,852,70.91666666666663,1.5240147060687044
ergo_nonadaptive,wind,853,71.0,1.496311518128139
ergo_nonadaptive,wind,854,71.08333333333337,1.493379065781509
ergo_nonadaptive,wind,855,71.16666666666663,1.4587100107676896
ergo_nonadaptive,wind,856,71.25,1.4686037814765236
ergo_nonadaptive,wind,857,71.33333333333337,1.4614930942804019
ergo_nonadaptive,wind,858,71.41666666666663,1.460040105175355
ergo_nonadaptive,wind,859,71.5,1.4684995555528493
ergo_nonadaptive,wind,860,71.58333333333337,1.4544590581769172
ergo_nonadaptive,wind,861,71.66666666666663,1.4478135260695129
ergo_nonadaptive,wind,862,71.75,1.4458404337318744
ergo_nonadaptive,wind,863,71.83333333333337,1.4334465897181126
ergo_nonadaptive,wind,864,71.91666666666663,1.4191279292943888
ergo_nonadaptive,wind,865,72.0,1.4282947571530644
ergo_nonadaptive,wind,866,72.08333333333337,1.4335823397169245
ergo_nonadaptive,wind,867,72.16666666666663,1.4042907586180629
ergo_nonadaptive,wind,868,72.25,1.4194100135443892
ergo_nonadaptive,wind,869,72.33333333333337,1.425455644225981
ergo_nonadaptive,wind,870,72.41666666666663,1.4059790869755446
ergo_nonadaptive,wind,871,72.5,1.412580519722929
ergo_nonadaptive,wind,872,72.58333333333337,1.3945761290812402
ergo_nonadaptive,wind,873,72.66666666666663,1.386628924000624
ergo_nonadaptive,wind,874,72.75,1.3739174678520203
ergo_nonadaptive,wind,875,72.83333333333337,1.3920748987942286
ergo_nonadaptive,wind,876,72.91666666666663,1.3921523525569581
ergo_nonadaptive,wind,877,73.0,1.3870238245196123
ergo_nonadaptive,wind,878,73.08333333333337,1.3773143834188828
ergo_nonadaptive,wind,879,73.16666666666663,1.3723033790109438
ergo_nonadaptive,wind,880,73.25,1.3745912317060336
ergo_nonadaptive,wind,881,73.33333333333337,1.369078945084489
ergo_nonadaptive,wind,882,73.41666666666663,1.3651904040276457
ergo_nonadaptive,wind,883,73.5,1.3555407852082197
ergo_nonadaptive,wind,884,73.58333333333337,1.3513520338453557
ergo_nonadaptive,wind,885,73.66666666666663,1.3469221281567454
ergo_nonadaptive,wind,886,73.75,1.352958671513957
ergo_nonadaptive,wind,887,73.83333333333337,1.3382426732124661
ergo_nonadaptive,wind,888,73.91666666666663,1.3396060491604396
ergo_nonadaptive,wind,889,74.0,1.3361926093511665
ergo_nonadaptive,wind,890,74.08333333333337,1.336767112176423
ergo_nonadaptive,wind,891,74.16666666666663,1.3430226293778198
ergo_nonadaptive,wind,892,74.25,1.3490377015753243
ergo_nonadaptive,wind,893,74.33333333333337,1.3523932943200396
ergo_nonadaptive,wind,894,74.41666666666663,1.3469900933471033
ergo_nonadaptive,wind,895,74.5,1.3449896086886748
ergo_nonadaptive,wind,896,74.58333333333337,1.3417721622519316
ergo_nonadaptive,wind,897,74.66666666666663,1.341541688740733
ergo_nonadaptive,wind,898,74.75,1.3442422706022692
ergo_nonadaptive,wind,899,74.83333333333337,1.342620725799234
ergo_nonadaptive,wind,900,74.91666666666663,1.3463179312864226
ergo_nonadaptive,wind,901,75.0,1.3467833654789556
ergo_nonadaptive,wind,902,75.08333333333337,1.3498555137789758
ergo_nonadaptive,wind,903,75.16666666666663,1.3498281669723784
ergo_nonadaptive,wind,904,75.25,1.349521204761932
ergo_nonadaptive,wind,905,75.33333333333337,1.3512275162882268
ergo_nonadaptive,wind,906,75.41666666666663,1.3577718232898575
ergo_nonadaptive,wind,907,75.5,1.368272716835968
ergo_nonadaptive,wind,908,75.58333333333337,1.3658018422828726
ergo_nonadaptive,wind,909,75.66666666666663,1.370091810537221
ergo_nonadaptive,wind,910,75.75,1.3691689481486917
ergo_nonadaptive,wind,911,75.83333333333337,1.3696275114698213
ergo_nonadaptive,wind,912,75.91666666666663,1.3800245475997837
ergo_nonadaptive,wind,913,76.0,1.3832052276508615
ergo_nonadaptive,wind,914,76.08333333333337,1.3941304857874819
ergo_nonadaptive,wind,915,76.16666666666663,1.3931192712558613
ergo_nonadaptive,wind,916,76.25,1.3924078508798445
ergo_nonadaptive,wind,917,76.33333333333337,1.4015275987371085
ergo_nonadaptive,wind,918,76.41666666666663,1.4167370860175954
ergo_nonadaptive,wind,919,76.5,1.4307908494913288
ergo_nonadaptive,wind,920,76.58333333333337,1.4394005846100768
ergo_nonadaptive,wind,921,76.66666666666663,1.4597435188840453
ergo_nonadaptive,wind,922,76.75,1.4577907210209742
ergo_nonadaptive,wind,923,76.83333333333337,1.4723896343663287
ergo_nonadaptive,wind,924,76.91666666666663,1.495342297769931
ergo_nonadaptive,wind,925,77.0,1.5242083108650297
ergo_nonadaptive,wind,926,77.08333333333337,1.5245744912585382
ergo_nonadaptive,wind,927,77.16666666666663,1.5417463711390753
ergo_nonadaptive,wind,928,77.25,1.534945777655264
ergo_nonadaptive,wind,929,77.33333333333337,1.5191480264986654
ergo_nonadaptive,wind,930,77.41666666666663,1.5524874693229265
ergo_nonadaptive,wind,931,77.5,1.55985692200416
ergo_nonadaptive,wind,932,77.58333333333337,1.5604044629688056
ergo_nonadaptive,wind,933,77.66666666666663,1.5567400386604986
ergo_nonadaptive,wind,934,77.75,1.5843987496699874
ergo_nonadaptive,wind,935,77.83333333333337,1.6055833032794704
ergo_nonadaptive,wind,936,77.91666666666663,1.5855487910063606
ergo_nonadaptive,wind,937,78.0,1.6031791209397241
ergo_nonadaptive,wind,938,78.08333333333337,1.6549704734185335
ergo_nonadaptive,wind,939,78.16666666666663,1.6739414408170807
ergo_nonadaptive,wind,940,78.25,1.7013581043304917
ergo_nonadaptive,wind,941,78.33333333333337,1.6626905250365753
ergo_nonadaptive,wind,942,78.41666666666663,1.6369245625624032
ergo_nonadaptive,wind,943,78.5,1.609916509206046
ergo_nonadaptive,wind,944,78.58333333333337,1.5933694685140893
ergo_nonadaptive,wind,945,78.66666666666663,1.6192227569970126
ergo_nonadaptive,wind,946,78.75,1.667375853986228
ergo_nonadaptive,wind,947,78.83333333333337,1.6321434300628261
ergo_nonadaptive,wind,948,78.91666666666663,1.6560774286234732
ergo_nonadaptive,wind,949,79.0,1.62926973195245
ergo_nonadaptive,wind,950,79.08333333333337,1.614262634976248
ergo_nonadaptive,wind,951,79.16666666666663,1.61738726972768
ergo_nonadaptive,wind,952,79.25,1.6103448390922803
ergo_nonadaptive,wind,953,79.33333333333337,1.6025593661109776
ergo_nonadaptive,wind,954,79.41666666666663,1.6140825261333758
ergo_nonadaptive,wind,955,79.5,1.613583074973839
ergo_nonadaptive,wind,956,79.58333333333337,1.565729565724875
ergo_nonadaptive,wind,957,79.66666666666663,1.5232049805546466
ergo_nonadaptive,wind,958,79.75,1.5225515342092355
ergo_nonadaptive,wind,959,79.83333333333337,1.5150369038313545
ergo_nonadaptive,wind,960,79.91666666666663,1.5070950445479812
ergo_nonadaptive,wind,961,80.0,1.5085963737188999
ergo_nonadaptive,wind,962,80.08333333333337,1.498965917238562
ergo_nonadaptive,wind,963,80.16666666666663,1.4942993903133008
ergo_nonadaptive,wind,964,80.25,1.4150272779437392
ergo_nonadaptive,wind,965,80.33333333333337,1.4195796899812085
ergo_nonadaptive,wind,966,80.41666666666663,1.4123403581696325
ergo_nonadaptive,wind,967,80.5,1.4063921606006424
ergo_nonadaptive,wind,968,80.58333333333337,1.4388950360183759
ergo_nonadaptive,wind,969,80.66666666666663,1.396618049703342
ergo_nonadaptive,wind,970,80.75,1.4060629935373092
ergo_nonadaptive,wind,971,80.83333333333337,1.3740059605896753
ergo_nonadaptive,wind,972,80.91666666666663,1.367844323558978
ergo_nonadaptive,wind,973,81.0,1.3715363914662915
ergo_nonadaptive,wind,974,81.08333333333337,1.3287851644001618
ergo_nonadaptive,wind,975,81.16666666666663,1.334408317784378
ergo_nonadaptive,wind,976,81.25,1.3228238268309513
ergo_nonadaptive,wind,977,81.33333333333337,1.3120111249444084
ergo_nonadaptive,wind,978,81.41666666666663,1.303733474784522
ergo_nonadaptive,wind,979,81.5,1.3267368050291286
ergo_nonadaptive,wind,980,81.58333333333337,1.3164055185940433
ergo_nonadaptive,wind,981,81.66666666666663,1.3125679536067443
ergo_nonadaptive,wind,982,81.75,1.3199840443135202
ergo_nonadaptive,wind,983,81.83333333333337,1.324194691541402
ergo_nonadaptive,wind,984,81.91666666666663,1.3254646303882445
ergo_nonadaptive,wind,985,82.0,1.3193731739035475
ergo_nonadaptive,wind,986,82.08333333333337,1.3185123731258872
ergo_nonadaptive,wind,987,82.16666666666663,1.312311849594218
ergo_nonadaptive,wind,988,82.25,1.3144998271070716
ergo_nonadaptive,wind,989,82.33333333333337,1.3404061211505829
ergo_nonadaptive,wind,990,82.41666666666663,1.3361467252854167
ergo_nonadaptive,wind,991,82.5,1.3576337776776983
ergo_nonadaptive,wind,992,82.58333333333337,1.3509393364064652
ergo_nonadaptive,wind,993,82.66666666666663,1.3496634850109204
ergo_nonadaptive,wind,994,82.75,1.3837326068959546
ergo_nonadaptive,wind,995,82.83333333333337,1.3886511393739598
ergo_nonadaptive,wind,996,82.91666666666663,1.4077192997978425
ergo_nonadaptive,wind,997,83.0,1.426878533656002
ergo_nonadaptive,wind,998,83.08333333333337,1.4300221470620018
ergo_nonadaptive,wind,999,83.16666666666663,1.467049329061343
ergo_nonadaptive,wind,1000,83.25,1.466585545187778
ergo_nonadaptive,wind,1001,83.33333333333337,1.5179862943628175
ergo_nonadaptive,wind,1002,83.41666666666663,1.5319957828578445
ergo_nonadaptive,wind,1003,83.5,1.522375079894611
ergo_nonadaptive,wind,1004,83.58333333333337,1.5126630545322366
ergo_nonadaptive,wind,1005,83.66666666666663,1.5246108521565596
ergo_nonadaptive,wind,1006,83.75,1.537898881634685
ergo_nonadaptive,wind,1007,83.83333333333337,1.571003075685825
ergo_nonadaptive,wind,1008,83.91666666666663,1.551150748793538
ergo_nonadaptive,wind,1009,84.0,1.5777456329835786
ergo_nonadaptive,wind,1010,84.08333333333337,1.6218230588631606
ergo_nonadaptive,wind,1011,84.16666666666663,1.5958808474096902
ergo_nonadaptive,wind,1012,84.25,1.5876003223287634
ergo_nonadaptive,wind,1013,84.33333333333337,1.5887581603280667
ergo_nonadaptive,wind,1014,84.41666666666663,1.6026362271016585
ergo_nonadaptive,wind,1015,84.5,1.6072892236174054
ergo_nonadaptive,wind,1016,84.58333333333337,1.6189526007416288
ergo_nonadaptive,wind,1017,84.66666666666663,1.6290053093075023
ergo_nonadaptive,wind,1018,84.75,1.6303538358407867
ergo_nonadaptive,wind,1019,84.83333333333337,1.618640475894483
ergo_nonadaptive,wind,1020,84.91666666666663,1.6226976124779253
ergo_nonadaptive,wind,1021,85.0,1.6115570554593708
ergo_nonadaptive,wind,1022,85.08333333333337,1.6195227491111497
ergo_nonadaptive,wind,1023,85.16666666666663,1.6381566137272279
ergo_nonadaptive,wind,1024,85.25,1.5879551482147087
ergo_nonadaptive,wind,1025,85.33333333333337,1.5752410659916514
ergo_nonadaptive,wind,1026,85.41666666666663,1.5714994509268272
ergo_nonadaptive,wind,1027,85.5,1.570061908489176
ergo_nonadaptive,wind,1028,85.58333333333337,1.548207913630337
ergo_nonadaptive,wind,1029,85.66666666666663,1.5412248847076706
ergo_nonadaptive,wind,1030,85.75,1.5586686027263685
ergo_nonadaptive,wind,1031,85.83333333333337,1.5348348336373947
ergo_nonadaptive,wind,1032,85.91666666666663,1.5201566249940925
ergo_nonadaptive,wind,1033,86.0,1.5107287693484759
ergo_nonadaptive,wind,1034,86.08333333333337,1.4746053080635673
ergo_nonadaptive,wind,1035,86.16666666666663,1.469018810215771
ergo_nonadaptive,wind,1036,86.25,1.4729154813902876
ergo_nonadaptive,wind,1037,86.33333333333337,1.4791544499372398
ergo_nonadaptive,wind,1038,86.41666666666663,1.4853544321987
ergo_nonadaptive,wind,1039,86.5,1.4720846508813856
ergo_nonadaptive,wind,1040,86.58333333333337,1.4567983041441188
ergo_nonadaptive,wind,1041,86.66666666666663,1.4660618666760228
ergo_nonadaptive,wind,1042,86.75,1.467657005123219
ergo_nonadaptive,wind,1043,86.83333333333337,1.4584532209502283
ergo_nonadaptive,wind,1044,86.91666666666663,1.4494510226982644
ergo_nonadaptive,wind,1045,87.0,1.440826754933773
ergo_nonadaptive,wind,1046,87.08333333333337,1.434540624316799
ergo_nonadaptive,wind,1047,87.16666666666663,1.4320529780864226
ergo_nonadaptive,wind,1048,87.25,1.4146346833824353
ergo_nonadaptive,wind,1049,87.33333333333337,1.411439788066191
ergo_nonadaptive,wind,1050,87.41666666666663,1.4091337966672521
ergo_nonadaptive,wind,1051,87.5,1.4138375007258353
ergo_nonadaptive,wind,1052,87.58333333333337,1.4027524465770678
ergo_nonadaptive,wind,1053,87.66666666666663,1.3924091904401117
ergo_nonadaptive,wind,1054,87.75,1.3910487576799189
ergo_nonadaptive,wind,1055,87.83333333333337,1.4103726564791181
ergo_nonadaptive,wind,1056,87.91666666666663,1.404511316358219
ergo_nonadaptive,wind,1057,88.0,1.399807117254713
ergo_nonadaptive,wind,1058,88.08333333333337,1.4029171896652561
ergo_nonadaptive,wind,1059,88.16666666666663,1.4021842206811301
ergo_nonadaptive,wind,1060,88.25,1.4000714920424384
ergo_nonadaptive,wind,1061,88.33333333333337,1.4003172538839663
ergo_nonadaptive,wind,1062,88.41666666666663,1.3977749371600154
ergo_nonadaptive,wind,1063,88.5,1.3986833857791552
ergo_nonadaptive,wind,1064,88.58333333333337,1.400813138018714
ergo_nonadaptive,wind,1065,88.66666666666663,1.3949568172205853
ergo_nonadaptive,wind,1066,88.75,1.3916577632248048
ergo_nonadaptive,wind,1067,88.83333333333337,1.395881426381434
ergo_nonadaptive,wind,1068,88.91666666666663,1.4012780522405148
ergo_nonadaptive,wind,1069,89.0,1.394377446798529
ergo_nonadaptive,wind,1070,89.08333333333337,1.394634874435803
ergo_nonadaptive,wind,1071,89.16666666666663,1.397493828549838
ergo_nonadaptive,wind,1072,89.25,1.4039030108732276
ergo_nonadaptive,wind,1073,89.33333333333337,1.40562392115693
ergo_nonadaptive,wind,1074,89.41666666666663,1.4051176080765404
ergo_nonadaptive,wind,1075,89.5,1.407710775246122
ergo_nonadaptive,wind,1076,89.58333333333337,1.4056013777690213
ergo_nonadaptive,wind,1077,89.66666666666663,1.4068936820576468
ergo_nonadaptive,wind,1078,89.75,1.414910605470695
ergo_nonadaptive,wind,1079,89.83333333333337,1.4104465719116788
ergo_nonadaptive,wind,1080,89.91666666666663,1.409548506973588
ergo_nonadaptive,wind,1081,90.0,1.4164596104479825
ergo_nonadaptive,wind,1082,90.08333333333337,1.4316517498090189
ergo_nonadaptive,wind,1083,90.16666666666663,1.4370318831426312
ergo_nonadaptive,wind,1084,90.25,1.4390898862271746
ergo_nonadaptive,wind,1085,90.33333333333337,1.4394268100779464
ergo_nonadaptive,wind,1086,90.41666666666663,1.4342127396075566
ergo_nonadaptive,wind,1087,90.5,1.4355902522349633
ergo_nonadaptive,wind,1088,90.58333333333337,1.4416877782994315
ergo_nonadaptive,wind,1089,90.66666666666663,1.4399041648265418
ergo_nonadaptive,wind,1090,90.75,1.4460776152392716
ergo_nonadaptive,wind,1091,90.83333333333337,1.441533526732526
ergo_nonadaptive,wind,1092,90.91666666666663,1.4627344856596565
ergo_nonadaptive,wind,1093,91.0,1.482155042674858
ergo_nonadaptive,wind,1094,91.08333333333337,1.4945302836123966
ergo_nonadaptive,wind,1095,91.16666666666663,1.515444737088921
ergo_nonadaptive,wind,1096,91.25,1.5724173726209048
ergo_nonadaptive,wind,1097,91.33333333333337,1.5784609263127238
ergo_nonadaptive,wind,1098,91.41666666666663,1.5841835056685316
ergo_nonadaptive,wind,1099,91.5,1.6178614072439577
ergo_nonadaptive,wind,1100,91.58333333333337,1.6546270654059645
ergo_nonadaptive,wind,1101,91.66666666666663,1.6454554861306037
ergo_nonadaptive,wind,1102,91.75,1.6486113990630553
ergo_nonadaptive,wind,1103,91.83333333333337,1.6680386336856114
ergo_nonadaptive,wind,1104,91.91666666666663,1.6943359596951013
ergo_nonadaptive,wind,1105,92.0,1.7131803134934056
ergo_nonadaptive,wind,1106,92.08333333333337,1.7473009004978985
ergo_nonadaptive,wind,1107,92.16666666666663,1.76289846635549
ergo_nonadaptive,wind,1108,92.25,1.7952089837573548
ergo_nonadaptive,wind,1109,92.33333333333337,1.7778324786915551
ergo_nonadaptive,wind,1110,92.41666666666663,1.7943699305374092
ergo_nonadaptive,wind,1111,92.5,1.8466065205270563
ergo_nonadaptive,wind,1112,92.58333333333337,1.8596604729378028
ergo_nonadaptive,wind,1113,92.66666666666663,1.84040472374959
ergo_nonadaptive,wind,1114,92.75,1.8044119215557741
ergo_nonadaptive,wind,1115,92.83333333333337,1.7914255537195134
ergo_nonadaptive,wind,1116,92.91666666666663,1.8038236962249248
ergo_nonadaptive,wind,1117,93.0,1.7810300986481358
ergo_nonadaptive,wind,1118,93.08333333333337,1.7933599278992693
ergo_nonadaptive,wind,1119,93.16666666666663,1.7766822272044749
ergo_nonadaptive,wind,1120,93.25,1.7354418606640902
ergo_nonadaptive,wind,1121,93.33333333333337,1.7406740278911759
ergo_nonadaptive,wind,1122,93.41666666666663,1.7358666675023207
ergo_nonadaptive,wind,1123,93.5,1.7216420084824182
ergo_nonadaptive,wind,1124,93.58333333333337,1.7244212586601628
ergo_nonadaptive,wind,1125,93.66666666666663,1.6945091216752688
ergo_nonadaptive,wind,1126,93.75,1.6563975120346268
ergo_nonadaptive,wind,1127,93.83333333333337,1.664966478630293
ergo_nonadaptive,wind,1128,93.91666666666663,1.6508614009015823
ergo_nonadaptive,wind,1129,94.0,1.6501572979538444
ergo_nonadaptive,wind,1130,94.08333333333337,1.6241080644240078
ergo_nonadaptive,wind,1131,94.16666666666663,1.5996195820938253
ergo_nonadaptive,wind,1132,94.25,1.5793486189524015
ergo_nonadaptive,wind,1133,94.33333333333337,1.581808804289223
ergo_nonadaptive,wind,1134,94.41666666666663,1.5902744293631201
ergo_nonadaptive,wind,1135,94.5,1.5437173966499504
ergo_nonadaptive,wind,1136,94.58333333333337,1.5313814985384586
ergo_nonadaptive,wind,1137,94.66666666666663,1.506751250697166
ergo_nonadaptive,wind,1138,94.75,1.5141771157691475
ergo_nonadaptive,wind,1139,94.83333333333337,1.4872182271125889
ergo_nonadaptive,wind,1140,94.91666666666663,1.4521197649653914
ergo_nonadaptive,wind,1141,95.0,1.4668612828920538
ergo_nonadaptive,wind,1142,95.08333333333337,1.442732281547007
ergo_nonadaptive,wind,1143,95.16666666666663,1.4255752143815958
ergo_nonadaptive,wind,1144,95.25,1.4429185696236897
ergo_nonadaptive,wind,1145,95.33333333333337,1.432496779033166
ergo_nonadaptive,wind,1146,95.41666666666663,1.4397060492739933
ergo_nonadaptive,wind,1147,95.5,1.418500300674178
ergo_nonadaptive,wind,1148,95.58333333333337,1.3955138238512816
ergo_nonadaptive,wind,1149,95.66666666666663,1.3946722916969418
ergo_nonadaptive,wind,1150,95.75,1.3894447559476393
ergo_nonadaptive,wind,1151,95.83333333333337,1.393762982305516
ergo_nonadaptive,wind,1152,95.91666666666663,1.3670049056593925
ergo_nonadaptive,wind,1153,96.0,1.3728141667786313
ergo_nonadaptive,wind,1154,96.08333333333337,1.3861829328366069
ergo_nonadaptive,wind,1155,96.16666666666663,1.3927151176809744
ergo_nonadaptive,wind,1156,96.25,1.383043256986958
ergo_nonadaptive,wind,1157,96.33333333333337,1.3754441913441526
ergo_nonadaptive,wind,1158,96.41666666666663,1.3871579086928232
ergo_nonadaptive,wind,1159,96.5,1.3702454750189015
ergo_nonadaptive,wind,1160,96.58333333333337,1.3874136133404062
ergo_nonadaptive,wind,1161,96.66666666666663,1.3790354763679662
ergo_nonadaptive,wind,1162,96.75,1.3673944873638273
ergo_nonadaptive,wind,1163,96.83333333333337,1.3770275092777864
ergo_nonadaptive,wind,1164,96.91666666666663,1.3693270807924476
ergo_nonadaptive,wind,1165,97.0,1.3809515534687948
ergo_nonadaptive,wind,1166,97.08333333333337,1.375241695903674
ergo_nonadaptive,wind,1167,97.16666666666663,1.3585850667855295
ergo_nonadaptive,wind,1168,97.25,1.351683396792979
ergo_nonadaptive,wind,1169,97.33333333333337,1.3398387957293427
ergo_nonadaptive,wind,1170,97.41666666666663,1.3518425370325213
ergo_nonadaptive,wind,1171,97.5,1.3624611340762145
ergo_nonadaptive,wind,1172,97.58333333333337,1.350639294614241
ergo_nonadaptive,wind,1173,97.66666666666663,1.3467757673913991
ergo_nonadaptive,wind,1174,97.75,1.3473590810202323
ergo_nonadaptive,wind,1175,97.83333333333337,1.3575154034280188
ergo_nonadaptive,wind,1176,97.91666666666663,1.3633417636606577
ergo_nonadaptive,wind,1177,98.0,1.3440401446544084
ergo_nonadaptive,wind,1178,98.08333333333337,1.3282094102989959
ergo_nonadaptive,wind,1179,98.16666666666663,1.3191643285574426
ergo_nonadaptive,wind,1180,98.25,1.331051896669599
ergo_nonadaptive,wind,1181,98.33333333333337,1.3179659389429315
ergo_nonadaptive,wind,1182,98.41666666666663,1.319638912739455
ergo_nonadaptive,wind,1183,98.5,1.3126739529408746
ergo_nonadaptive,wind,1184,98.58333333333337,1.3224474235633812
ergo_nonadaptive,wind,1185,98.66666666666663,1.3212484762100316
ergo_nonadaptive,wind,1186,98.75,1.328378474347797
ergo_nonadaptive,wind,1187,98.83333333333337,1.3230898555946942
ergo_nonadaptive,wind,1188,98.91666666666663,1.3107622955744662
ergo_nonadaptive,wind,1189,99.0,1.2967322000671082
ergo_nonadaptive,wind,1190,99.08333333333337,1.2921767342108406
ergo_nonadaptive,wind,1191,99.16666666666663,1.299997755644722
ergo_nonadaptive,wind,1192,99.25,1.3257121520239599
ergo_nonadaptive,wind,1193,99.33333333333337,1.3100023590706515
ergo_nonadaptive,wind,1194,99.41666666666663,1.3086250272236968
ergo_nonadaptive,wind,1195,99.5,1.3243544336075606
ergo_nonadaptive,wind,1196,99.58333333333337,1.3130594673165414
ergo_nonadaptive,wind,1197,99.66666666666663,1.2895363004328053
ergo_nonadaptive,wind,1198,99.75,1.2918937751426307
ergo_nonadaptive,wind,1199,99.83333333333337,1.2944996228137868
ergo_nonadaptive,wind,1200,99.91666666666663,1.298898108184705
ergo_nonadaptive,wind,1201,100.0,1.3107028448127243
ergo_nonadaptive,wind,1202,100.08333333333337,1.3105618307095925
ergo_nonadaptive,wind,1203,100.16666666666663,1.3053937783093255
ergo_nonadaptive,wind,1204,100.25,1.317643714464245
ergo_nonadaptive,wind,1205,100.33333333333337,1.3109845717956528
ergo_nonadaptive,wind,1206,100.41666666666663,1.3151411927831242
ergo_nonadaptive,wind,1207,100.5,1.3135811114343583
ergo_nonadaptive,wind,1208,100.58333333333337,1.3239674283879619
ergo_nonadaptive,wind,1209,100.66666666666663,1.3391639146337344
ergo_nonadaptive,wind,1210,100.75,1.3625569124051746
ergo_nonadaptive,wind,1211,100.83333333333337,1.3621151596126255
ergo_nonadaptive,wind,1212,100.91666666666663,1.3681589884103327
ergo_nonadaptive,wind,1213,101.0,1.340754190422632
ergo_nonadaptive,wind,1214,101.08333333333337,1.3348423094762958
ergo_nonadaptive,wind,1215,101.16666666666663,1.3487399499517039
ergo_nonadaptive,wind,1216,101.25,1.345998486835657
ergo_nonadaptive,wind,1217,101.33333333333337,1.3672550455598107
ergo_nonadaptive,wind,1218,101.41666666666663,1.3747184077609802
ergo_nonadaptive,wind,1219,101.5,1.3852401901757614
ergo_nonadaptive,wind,1220,101.58333333333337,1.4205476596624431
ergo_nonadaptive,wind,1221,101.66666666666663,1.421673713427404
ergo_nonadaptive,wind,1222,101.75,1.4242164888365134
ergo_nonadaptive,wind,1223,101.83333333333337,1.4236864133745009
ergo_nonadaptive,wind,1224,101.91666666666663,1.3933891772587794
ergo_nonadaptive,wind,1225,102.0,1.4079414129348304
ergo_nonadaptive,wind,1226,102.08333333333337,1.4156270090050782
ergo_nonadaptive,wind,1227,102.16666666666663,1.4204957794325481
ergo_nonadaptive,wind,1228,102.25,1.4721080714371384
ergo_nonadaptive,wind,1229,102.33333333333337,1.498922068402882
ergo_nonadaptive,wind,1230,102.41666666666663,1.5397884975300633
ergo_nonadaptive,wind,1231,102.5,1.6026087450022624
ergo_nonadaptive,wind,1232,102.58333333333337,1.5862725938724465
ergo_nonadaptive,wind,1233,102.66666666666663,1.5830183729338105
ergo_nonadaptive,wind,1234,102.75,1.595656928405399
ergo_nonadaptive,wind,1235,102.83333333333337,1.579311412351335
ergo_nonadaptive,wind,1236,102.91666666666663,1.597197874691121
ergo_nonadaptive,wind,1237,103.0,1.625460575032877
ergo_nonadaptive,wind,1238,103.08333333333337,1.6536853100197582
ergo_nonadaptive,wind,1239,103.16666666666663,1.6852262295581413
ergo_nonadaptive,wind,1240,103.25,1.7218451237711532
ergo_nonadaptive,wind,1241,103.33333333333337,1.730970103178978
ergo_nonadaptive,wind,1242,103.41666666666663,1.7264177398644565
ergo_nonadaptive,wind,1243,103.5,1.7044413398715401
ergo_nonadaptive,wind,1244,103.58333333333337,1.6762053449332994
ergo_nonadaptive,wind,1245,103.66666666666663,1.677916206210286
ergo_nonadaptive,wind,1246,103.75,1.6899133398959576
ergo_nonadaptive,wind,1247,103.83333333333337,1.7352766823856678
ergo_nonadaptive,wind,1248,103.91666666666663,1.7070863435447088
ergo_nonadaptive,wind,1249,104.0,1.6789616953320434
ergo_nonadaptive,wind,1250,104.08333333333337,1.6992050995921932
ergo_nonadaptive,wind,1251,104.16666666666663,1.6992428353209716
ergo_nonadaptive,wind,1252,104.25,1.6948479036527044
ergo_nonadaptive,wind,1253,104.33333333333337,1.72808940604038
ergo_nonadaptive,wind,1254,104.41666666666663,1.7442430839192882
ergo_nonadaptive,wind,1255,104.5,1.775902307144091
ergo_nonadaptive,wind,1256,104.58333333333337,1.738719425373656
ergo_nonadaptive,wind,1257,104.66666666666663,1.7277610320988135
ergo_nonadaptive,wind,1258,104.75,1.7098119184086866
ergo_nonadaptive,wind,1259,104.83333333333337,1.6961149518348027
ergo_nonadaptive,wind,1260,104.91666666666663,1.6138865784271443
ergo_nonadaptive,wind,1261,105.0,1.615906757972426
ergo_nonadaptive,wind,1262,105.08333333333337,1.5989118957872426
ergo_nonadaptive,wind,1263,105.16666666666663,1.5530334361750258
ergo_nonadaptive,wind,1264,105.25,1.6123527559052888
ergo_nonadaptive,wind,1265,105.33333333333337,1.661180237629164
ergo_nonadaptive,wind,1266,105.41666666666663,1.6404947422417406
ergo_nonadaptive,wind,1267,105.5,1.6295046604191787
ergo_nonadaptive,wind,1268,105.58333333333337,1.5969122231024329
ergo_nonadaptive,wind,1269,105.66666666666663,1.5566578404970193
ergo_nonadaptive,wind,1270,105.75,1.5679790471977324
ergo_nonadaptive,wind,1271,105.83333333333337,1.5230359623698115
ergo_nonadaptive,wind,1272,105.91666666666663,1.4803836397191759
ergo_nonadaptive,wind,1273,106.0,1.4686313771761226
ergo_nonadaptive,wind,1274,106.08333333333337,1.4860770080284826
ergo_nonadaptive,wind,1275,106.16666666666663,1.4898119587567207
ergo_nonadaptive,wind,1276,106.25,1.450423350542419
ergo_nonadaptive,wind,1277,106.33333333333337,1.4587239698406447
ergo_nonadaptive,wind,1278,106.41666666666663,1.4671699154481601
ergo_nonadaptive,wind,1279,106.5,1.4778261797783754
ergo_nonadaptive,wind,1280,106.58333333333337,1.4390082696822508
ergo_nonadaptive,wind,1281,106.66666666666663,1.4414775628917056
ergo_nonadaptive,wind,1282,106.75,1.4133752879820722
ergo_nonadaptive,wind,1283,106.83333333333337,1.3817842365655233
ergo_nonadaptive,wind,1284,106.91666666666663,1.378918423724134
ergo_nonadaptive,wind,1285,107.0,1.371100728394021
ergo_nonadaptive,wind,1286,107.08333333333337,1.3750441037058578
ergo_nonadaptive,wind,1287,107.16666666666663,1.3811547688410477
ergo_nonadaptive,wind,1288,107.25,1.3549132476184746
ergo_nonadaptive,wind,1289,107.33333333333337,1.331902863164883
ergo_nonadaptive,wind,1290,107.41666666666663,1.3535077214657183
ergo_nonadaptive,wind,1291,107.5,1.3366295660537426
ergo_nonadaptive,wind,1292,107.58333333333337,1.3339777215193322
ergo_nonadaptive,wind,1293,107.66666666666663,1.3302945441837852
ergo_nonadaptive,wind,1294,107.75,1.3345602365823368
ergo_nonadaptive,wind,1295,107.83333333333337,1.3266957093282292
ergo_nonadaptive,wind,1296,107.91666666666663,1.317371467963232
ergo_nonadaptive,wind,1297,108.0,1.3277783344529868
ergo_nonadaptive,wind,1298,108.08333333333337,1.3167060485076498
ergo_nonadaptive,wind,1299,108.16666666666663,1.3191648367344457
ergo_nonadaptive,wind,1300,108.25,1.3358749806301264
ergo_nonadaptive,wind,1301,108.33333333333337,1.3358929509142166
ergo_nonadaptive,wind,1302,108.41666666666663,1.3573317732419192
ergo_nonadaptive,wind,1303,108.5,1.3506497691545158
ergo_nonadaptive,wind,1304,108.58333333333337,1.3405293613118796
ergo_nonadaptive,wind,1305,108.66666666666663,1.3438340828111925
ergo_nonadaptive,wind,1306,108.75,1.3404689828773124
ergo_nonadaptive,wind,1307,108.83333333333337,1.3644255686239286
ergo_nonadaptive,wind,1308,108.91666666666663,1.3411793618773236
ergo_nonadaptive,wind,1309,109.0,1.3362745314309086
ergo_nonadaptive,wind,1310,109.08333333333337,1.3668728440559192
ergo_nonadaptive,wind,1311,109.16666666666663,1.3718469121285886
ergo_nonadaptive,wind,1312,109.25,1.36446513047311
ergo_nonadaptive,wind,1313,109.33333333333337,1.3691070270800625
ergo_nonadaptive,wind,1314,109.41666666666663,1.3767096950597753
ergo_nonadaptive,wind,1315,109.5,1.3626915729951732
ergo_nonadaptive,wind,1316,109.58333333333337,1.3449153299388423
ergo_nonadaptive,wind,1317,109.66666666666663,1.3379670115412992
ergo_nonadaptive,wind,1318,109.75,1.3280122148626314
ergo_nonadaptive,wind,1319,109.83333333333337,1.3093898016897625
ergo_nonadaptive,wind,1320,109.91666666666663,1.3167615098058745
ergo_nonadaptive,wind,1321,110.0,1.3097950589257548
ergo_nonadaptive,wind,1322,110.08333333333337,1.3264810660513249
ergo_nonadaptive,wind,1323,110.16666666666663,1.3192828430022117
ergo_nonadaptive,wind,1324,110.25,1.318642218849167
ergo_nonadaptive,wind,1325,110.33333333333337,1.324217242843135
ergo_nonadaptive,wind,1326,110.41666666666663,1.346686488336994
ergo_nonadaptive,wind,1327,110.5,1.3520160426066408
ergo_nonadaptive,wind,1328,110.58333333333337,1.3790974175063218
ergo_nonadaptive,wind,1329,110.66666666666663,1.3878146385658383
ergo_nonadaptive,wind,1330,110.75,1.3872859689855817
ergo_nonadaptive,wind,1331,110.83333333333337,1.3764202902313833
ergo_nonadaptive,wind,1332,110.91666666666663,1.3972571476573525
ergo_nonadaptive,wind,1333,111.0,1.3865248192993616
ergo_nonadaptive,wind,1334,111.08333333333337,1.4192044513303315
ergo_nonadaptive,wind,1335,111.16666666666663,1.4356008587073985
ergo_nonadaptive,wind,1336,111.25,1.4465175801500179
ergo_nonadaptive,wind,1337,111.33333333333337,1.4475365138462035
ergo_nonadaptive,wind,1338,111.41666666666663,1.4564878622569057
ergo_nonadaptive,wind,1339,111.5,1.4642790277160311
ergo_nonadaptive,wind,1340,111.58333333333337,1.4822027758039988
ergo_nonadaptive,wind,1341,111.66666666666663,1.4916774675381577
ergo_nonadaptive,wind,1342,111.75,1.5085128186557475
ergo_nonadaptive,wind,1343,111.83333333333337,1.5194285211383372
ergo_nonadaptive,wind,1344,111.91666666666663,1.524776835816432
ergo_nonadaptive,wind,1345,112.0,1.509393756433121
ergo_nonadaptive,wind,1346,112.08333333333337,1.5085602866127266
ergo_nonadaptive,wind,1347,112.16666666666663,1.5357644895940739
ergo_nonadaptive,wind,1348,112.25,1.534880327781743
ergo_nonadaptive,wind,1349,112.33333333333337,1.5449609230043653
ergo_nonadaptive,wind,1350,112.41666666666663,1.5591589991179635
ergo_nonadaptive,wind,1351,112.5,1.5719045532936298
ergo_nonadaptive,wind,1352,112.58333333333337,1.5826901816509025
ergo_nonadaptive,wind,1353,112.66666666666663,1.5646929790953157
ergo_nonadaptive,wind,1354,112.75,1.5876869111143792
ergo_nonadaptive,wind,1355,112.83333333333337,1.6093947635425485
ergo_nonadaptive,wind,1356,112.91666666666663,1.6112458523336604
ergo_nonadaptive,wind,1357,113.0,1.6263540675952526
ergo_nonadaptive,wind,1358,113.08333333333337,1.6026739297256112
ergo_nonadaptive,wind,1359,113.16666666666663,1.5996040818414554
ergo_nonadaptive,wind,1360,113.25,1.6219372551149274
ergo_nonadaptive,wind,1361,113.33333333333337,1.6057370732704965
ergo_nonadaptive,wind,1362,113.41666666666663,1.6329049448297748
ergo_nonadaptive,wind,1363,113.5,1.6278527774722902
ergo_nonadaptive,wind,1364,113.58333333333337,1.6013136345263346
ergo_nonadaptive,wind,1365,113.66666666666663,1.5755005348679625
ergo_nonadaptive,wind,1366,113.75,1.559859154726279
ergo_nonadaptive,wind,1367,113.83333333333337,1.5683009389453348
ergo_nonadaptive,wind,1368,113.91666666666663,1.5849006384915447
ergo_nonadaptive,wind,1369,114.0,1.600583404603395
ergo_nonadaptive,wind,1370,114.08333333333337,1.5837248192284639
ergo_nonadaptive,wind,1371,114.16666666666663,1.6003091207253766
ergo_nonadaptive,wind,1372,114.25,1.5873085018132846
ergo_nonadaptive,wind,1373,114.33333333333337,1.5824615927883694
ergo_nonadaptive,wind,1374,114.41666666666663,1.597298353656713
ergo_nonadaptive,wind,1375,114.5,1.5605503805315226
ergo_nonadaptive,wind,1376,114.58333333333337,1.580376677116524
ergo_nonadaptive,wind,1377,114.66666666666663,1.579104655078709
ergo_nonadaptive,wind,1378,114.75,1.5645911783884192
ergo_nonadaptive,wind,1379,114.83333333333337,1.5574050063557376
ergo_nonadaptive,wind,1380,114.91666666666663,1.5247122258968544
ergo_nonadaptive,wind,1381,115.0,1.5535252541907725
ergo_nonadaptive,wind,1382,115.08333333333337,1.5160445991752747
ergo_nonadaptive,wind,1383,115.16666666666663,1.4806178337436136
ergo_nonadaptive,wind,1384,115.25,1.4963621571786905
ergo_nonadaptive,wind,1385,115.33333333333337,1.4852228406271504
ergo_nonadaptive,wind,1386,115.41666666666663,1.4858862897313747
ergo_nonadaptive,wind,1387,115.5,1.464116477348808
ergo_nonadaptive,wind,1388,115.58333333333337,1.4438367296759615
ergo_nonadaptive,wind,1389,115.66666666666663,1.4111880376288908
ergo_nonadaptive,wind,1390,115.75,1.4177719062511307
ergo_nonadaptive,wind,1391,115.83333333333337,1.3973401469054338
ergo_nonadaptive,wind,1392,115.91666666666663,1.410358772236093
ergo_nonadaptive,wind,1393,116.0,1.3994744328810138
ergo_nonadaptive,wind,1394,116.08333333333337,1.3878705554221302
ergo_nonadaptive,wind,1395,116.16666666666663,1.3929455632889667
ergo_nonadaptive,wind,1396,116.25,1.395729286291357
ergo_nonadaptive,wind,1397,116.33333333333337,1.3827193522454393
ergo_nonadaptive,wind,1398,116.41666666666663,1.3813317355188268
ergo_nonadaptive,wind,1399,116.5,1.3792853125773588
ergo_nonadaptive,wind,1400,116.58333333333337,1.3899260012464105
ergo_nonadaptive,wind,1401,116.66666666666663,1.3785817540397844
ergo_nonadaptive,wind,1402,116.75,1.3845047711210203
ergo_nonadaptive,wind,1403,116.83333333333337,1.3789247644342228
ergo_nonadaptive,wind,1404,116.91666666666663,1.377872615770772
ergo_nonadaptive,wind,1405,117.0,1.3674402873107847
ergo_nonadaptive,wind,1406,117.08333333333337,1.3695577334849247
ergo_nonadaptive,wind,1407,117.16666666666663,1.3687249391586822
ergo_nonadaptive,wind,1408,117.25,1.3721873672181846
ergo_nonadaptive,wind,1409,117.33333333333337,1.365017706276756
ergo_nonadaptive,wind,1410,117.41666666666663,1.3637445864780828
ergo_nonadaptive,wind,1411,117.5,1.3648216560409177
ergo_nonadaptive,wind,1412,117.58333333333337,1.362731928802472
ergo_nonadaptive,wind,1413,117.66666666666663,1.3657123521320007
ergo_nonadaptive,wind,1414,117.75,1.3658019303860751
ergo_nonadaptive,wind,1415,117.83333333333337,1.3758701861198794
ergo_nonadaptive,wind,1416,117.91666666666663,1.3782341631798847
ergo_nonadaptive,wind,1417,118.0,1.3793006728861625
ergo_nonadaptive,wind,1418,118.08333333333337,1.3838137788869276
ergo_nonadaptive,wind,1419,118.16666666666663,1.3858783882156436
ergo_nonadaptive,wind,1420,118.25,1.3818972553017177
ergo_nonadaptive,wind,1421,118.33333333333337,1.3915270013957386
ergo_nonadaptive,wind,1422,118.41666666666663,1.3944881583533404
ergo_nonadaptive,wind,1423,118.5,1.4007142268163308
ergo_nonadaptive,wind,1424,118.58333333333337,1.4272479969834413
ergo_nonadaptive,wind,1425,118.66666666666663,1.435818442065441
ergo_nonadaptive,wind,1426,118.75,1.4387296180869829
ergo_nonadaptive,wind,1427,118.83333333333337,1.449788166937302
ergo_nonadaptive,wind,1428,118.91666666666663,1.4430998939024757
ergo_nonadaptive,wind,1429,119.0,1.464269961947747
ergo_nonadaptive,wind,1430,119.08333333333337,1.4771380143858452
ergo_nonadaptive,wind,1431,119.16666666666663,1.48524320559774
ergo_nonadaptive,wind,1432,119.25,1.4958435416303733
ergo_nonadaptive,wind,1433,119.33333333333337,1.4900116960355694
ergo_nonadaptive,wind,1434,119.41666666666663,1.5168334611990129
ergo_nonadaptive,wind,1435,119.5,1.5335360052618863
ergo_nonadaptive,wind,1436,119.58333333333337,1.5316186001482186
ergo_nonadaptive,wind,1437,119.66666666666663,1.5329811363780794
ergo_nonadaptive,wind,1438,119.75,1.5322635491363854
ergo_nonadaptive,wind,1439,119.83333333333337,1.5392566279836197
ergo_nonadaptive,wind,1440,119.91666666666663,1.5400414834743659
ergo_nonadaptive,wind,1441,120.0,1.5580622736612375
ergo_nonadaptive,wind,1442,120.08333333333337,1.56635973750613
ergo_nonadaptive,wind,1443,120.16666666666663,1.5411054488416194
ergo_nonadaptive,wind,1444,120.25,1.5470663516743008
ergo_nonadaptive,wind,1445,120.33333333333337,1.5527895843245818
ergo_nonadaptive,wind,1446,120.41666666666663,1.5558128075224034
ergo_nonadaptive,wind,1447,120.5,1.557408343688601
ergo_nonadaptive,wind,1448,120.58333333333337,1.549564392921183
ergo_nonadaptive,wind,1449,120.66666666666663,1.5262721788903677
ergo_nonadaptive,wind,1450,120.75,1.5151813608390712
ergo_nonadaptive,wind,1451,120.83333333333337,1.5288670025392597
ergo_nonadaptive,wind,1452,120.91666666666663,1.500574075132707
ergo_nonadaptive,wind,1453,121.0,1.5035664633881964
ergo_nonadaptive,wind,1454,121.08333333333337,1.505372383526745
ergo_nonadaptive,wind,1455,121.16666666666663,1.5147420552935624
ergo_nonadaptive,wind,1456,121.25,1.4987875801184543
ergo_nonadaptive,wind,1457,121.33333333333337,1.494878394719181
ergo_nonadaptive,wind,1458,121.41666666666663,1.4886677503447259
ergo_nonadaptive,wind,1459,121.5,1.4875609913126364
ergo_nonadaptive,wind,1460,121.58333333333337,1.4668792905369745
ergo_nonadaptive,wind,1461,121.66666666666663,1.4633336243383959
ergo_nonadaptive,wind,1462,121.75,1.4724864965725146
ergo_nonadaptive,wind,1463,121.83333333333337,1.4677615891124838
ergo_nonadaptive,wind,1464,121.91666666666663,1.470910332437072
ergo_nonadaptive,wind,1465,122.0,1.4771608333726713
ergo_nonadaptive,wind,1466,122.08333333333337,1.4660983220174963
ergo_nonadaptive,wind,1467,122.16666666666663,1.4680810714120027
ergo_nonadaptive,wind,1468,122.25,1.467768570373318
ergo_nonadaptive,wind,1469,122.33333333333337,1.463232904687093
ergo_nonadaptive,wind,1470,122.41666666666663,1.4582438178313883
ergo_nonadaptive,wind,1471,122.5,1.4628405387178984
ergo_nonadaptive,wind,1472,122.58333333333337,1.4604050809321458
ergo_nonadaptive,wind,1473,122.66666666666663,1.4586545795695571
ergo_nonadaptive,wind,1474,122.75,1.4498841557571782
ergo_nonadaptive,wind,1475,122.83333333333337,1.449150355263944
ergo_nonadaptive,wind,1476,122.91666666666663,1.460516537806772
ergo_nonadaptive,wind,1477,123.0,1.458899350227971
ergo_nonadaptive,wind,1478,123.08333333333337,1.465300269372667
ergo_nonadaptive,wind,1479,123.16666666666663,1.4712891656666982
ergo_nonadaptive,wind,1480,123.25,1.4664868089147078
ergo_nonadaptive,wind,1481,123.33333333333337,1.4596544420295934
ergo_nonadaptive,wind,1482,123.41666666666663,1.4549034837242405
ergo_nonadaptive,wind,1483,123.5,1.4516615475267425
ergo_nonadaptive,wind,1484,123.58333333333337,1.452875386749002
ergo_nonadaptive,wind,1485,123.66666666666663,1.4578299494059745
ergo_nonadaptive,wind,1486,123.75,1.4644561422921782
ergo_nonadaptive,wind,1487,123.83333333333337,1.4641535778336146
ergo_nonadaptive,wind,1488,123.91666666666663,1.4568756164597263
ergo_nonadaptive,wind,1489,124.0,1.4513751589774369
ergo_nonadaptive,wind,1490,124.08333333333337,1.4471964433382134
ergo_nonadaptive,wind,1491,124.16666666666663,1.4554792841588458
ergo_nonadaptive,wind,1492,124.25,1.4575303813831995
ergo_nonadaptive,wind,1493,124.33333333333337,1.4642712414366097
ergo_nonadaptive,wind,1494,124.41666666666663,1.4613987392524697
ergo_nonadaptive,wind,1495,124.5,1.460194374440542
ergo_nonadaptive,wind,1496,124.58333333333337,1.4671316685828253
ergo_nonadaptive,wind,1497,124.66666666666663,1.4697252099281788
ergo_nonadaptive,wind,1498,124.75,1.4749540107790229
ergo_nonadaptive,wind,1499,124.83333333333337,1.4758613939480671
ergo_nonadaptive,wind,1500,124.91666666666663,1.4804087601572873
ergo_nonadaptive,wind,1501,125.0,1.4849394577379529
ergo_nonadaptive,wind,1502,125.08333333333337,1.4859711056207976
ergo_nonadaptive,wind,1503,125.16666666666663,1.4903911623492274
ergo_nonadaptive,wind,1504,125.25,1.4820065549284638
ergo_nonadaptive,wind,1505,125.33333333333337,1.4841155048208763
ergo_nonadaptive,wind,1506,125.41666666666663,1.4808462406603466
ergo_nonadaptive,wind,1507,125.5,1.4778616127708062
ergo_nonadaptive,wind,1508,125.58333333333337,1.481886475123464
ergo_nonadaptive,wind,1509,125.66666666666663,1.478217666794549
ergo_nonadaptive,wind,1510,125.75,1.482026306349894
ergo_nonadaptive,wind,1511,125.83333333333337,1.4814656113393874
ergo_nonadaptive,wind,1512,125.91666666666663,1.4910842746605137
ergo_nonadaptive,wind,1513,126.0,1.4836702938630568
ergo_nonadaptive,wind,1514,126.08333333333337,1.4823123490166896
ergo_nonadaptive,wind,1515,126.16666666666663,1.48385898121384
ergo_nonadaptive,wind,1516,126.25,1.4848957105662153
ergo_nonadaptive,wind,1517,126.33333333333337,1.5007069362002137
ergo_nonadaptive,wind,1518,126.41666666666663,1.507048423197319
ergo_nonadaptive,wind,1519,126.5,1.5037179478844913
ergo_nonadaptive,wind,1520,126.58333333333337,1.493704836230478
ergo_nonadaptive,wind,1521,126.66666666666663,1.4957820116985285
ergo_nonadaptive,wind,1522,126.75,1.4829411360583484
ergo_nonadaptive,wind,1523,126.83333333333337,1.4959546611729466
ergo_nonadaptive,wind,1524,126.91666666666663,1.4858025508178219
ergo_nonadaptive,wind,1525,127.0,1.4893739311360574
ergo_nonadaptive,wind,1526,127.08333333333337,1.4839367263877692
ergo_nonadaptive,wind,1527,127.16666666666663,1.479028678902818
ergo_nonadaptive,wind,1528,127.25,1.4859282715297235
ergo_nonadaptive,wind,1529,127.33333333333337,1.4754040927969876
ergo_nonadaptive,wind,1530,127.41666666666663,1.4570908893094752
ergo_nonadaptive,wind,1531,127.5,1.4485167440115398
ergo_nonadaptive,wind,1532,127.58333333333337,1.4727369071225198
ergo_nonadaptive,wind,1533,127.66666666666663,1.4619087313753334
ergo_nonadaptive,wind,1534,127.75,1.4582092272662142
ergo_nonadaptive,wind,1535,127.83333333333337,1.4303585999989916
ergo_nonadaptive,wind,1536,127.91666666666663,1.4444866360542115
ergo_nonadaptive,wind,1537,128.0,1.4427902099557792
ergo_nonadaptive,wind,1538,128.08333333333337,1.4396009100755986
ergo_nonadaptive,wind,1539,128.16666666666663,1.433139277313034
ergo_nonadaptive,wind,1540,128.25,1.4319004015636703
ergo_nonadaptive,wind,1541,128.33333333333337,1.4320840586485724
ergo_nonadaptive,wind,1542,128.41666666666663,1.4165957359785055
ergo_nonadaptive,wind,1543,128.5,1.4070229599496158
ergo_nonadaptive,wind,1544,128.58333333333337,1.4094954543624039
ergo_nonadaptive,wind,1545,128.66666666666663,1.3978072386142828
ergo_nonadaptive,wind,1546,128.75,1.4239880803549987
ergo_nonadaptive,wind,1547,128.83333333333337,1.4174747822178506
ergo_nonadaptive,wind,1548,128.91666666666663,1.4268785451598396
ergo_nonadaptive,wind,1549,129.0,1.3977173699290038
ergo_nonadaptive,wind,1550,129.08333333333337,1.3768344762739735
ergo_nonadaptive,wind,1551,129.16666666666663,1.3899036756724163
ergo_nonadaptive,wind,1552,129.25,1.3951763330521332
ergo_nonadaptive,wind,1553,129.33333333333337,1.3913381883572615
ergo_nonadaptive,wind,1554,129.41666666666663,1.3935940510392297
ergo_nonadaptive,wind,1555,129.5,1.4112968124155518
ergo_nonadaptive,wind,1556,129.58333333333337,1.414292712057737
ergo_nonadaptive,wind,1557,129.66666666666663,1.4143117335733009
ergo_nonadaptive,wind,1558,129.75,1.3962177169031778
ergo_nonadaptive,wind,1559,129.83333333333337,1.3970707730735863
ergo_nonadaptive,wind,1560,129.91666666666663,1.3983084699402624
ergo_nonadaptive,wind,1561,130.0,1.3937732034926475
ergo_nonadaptive,wind,1562,130.08333333333337,1.3990691596275437
ergo_nonadaptive,wind,1563,130.16666666666663,1.406974371116268
ergo_nonadaptive,wind,1564,130.25,1.3963844155571727
ergo_nonadaptive,wind,1565,130.33333333333337,1.3914950721742065
ergo_nonadaptive,wind,1566,130.41666666666663,1.3769549595335004
ergo_nonadaptive,wind,1567,130.5,1.3754384390889045
ergo_nonadaptive,wind,1568,130.58333333333337,1.3953838445844298
ergo_nonadaptive,wind,1569,130.66666666666663,1.389217863054074
ergo_nonadaptive,wind,1570,130.75,1.3859824239239877
ergo_nonadaptive,wind,1571,130.83333333333337,1.3834182877527477
ergo_nonadaptive,wind,1572,130.91666666666663,1.367912609199614
ergo_nonadaptive,wind,1573,131.0,1.3800883976923255
ergo_nonadaptive,wind,1574,131.08333333333337,1.3651592844215543
ergo_nonadaptive,wind,1575,131.16666666666663,1.3708263370183331
ergo_nonadaptive,wind,1576,131.25,1.3702847532364641
ergo_nonadaptive,wind,1577,131.33333333333337,1.3830249582323435
ergo_nonadaptive,wind,1578,131.41666666666663,1.3683415913417665
ergo_nonadaptive,wind,1579,131.5,1.3526211478250851
ergo_nonadaptive,wind,1580,131.58333333333337,1.3567630915335802
ergo_nonadaptive,wind,1581,131.66666666666663,1.3711123083237662
ergo_nonadaptive,wind,1582,131.75,1.3741291254993384
ergo_nonadaptive,wind,1583,131.83333333333337,1.3781134600914557
ergo_nonadaptive,wind,1584,131.91666666666663,1.368802871505374
ergo_nonadaptive,wind,1585,132.0,1.3730969840622216
ergo_nonadaptive,wind,1586,132.08333333333337,1.368702101523292
ergo_nonadaptive,wind,1587,132.16666666666663,1.3764452336874047
ergo_nonadaptive,wind,1588,132.25,1.3803608713166826
ergo_nonadaptive,wind,1589,132.33333333333337,1.3744562517836192
ergo_nonadaptive,wind,1590,132.41666666666663,1.3662040069025976
ergo_nonadaptive,wind,1591,132.5,1.368571027077487
ergo_nonadaptive,wind,1592,132.58333333333337,1.3649436926108907
ergo_nonadaptive,wind,1593,132.66666666666663,1.3671075192673872
ergo_nonadaptive,wind,1594,132.75,1.3665667074254264
ergo_nonadaptive,wind,1595,132.83333333333337,1.37420711422393
ergo_nonadaptive,wind,1596,132.91666666666663,1.376507082973599
ergo_nonadaptive,wind,1597,133.0,1.3799517188300894
ergo_nonadaptive,wind,1598,133.08333333333337,1.377157041702865
ergo_nonadaptive,wind,1599,133.16666666666663,1.3771394837597277
ergo_nonadaptive,wind,1600,133.25,1.3746695394294448
ergo_nonadaptive,wind,1601,133.33333333333337,1.3847344822849308
ergo_nonadaptive,wind,1602,133.41666666666663,1.3856648782828154
ergo_nonadaptive,wind,1603,133.5,1.3866450772530343
ergo_nonadaptive,wind,1604,133.58333333333337,1.3898009243617566
ergo_nonadaptive,wind,1605,133.66666666666663,1.390047954160189
ergo_nonadaptive,wind,1606,133.75,1.3902463741188515
ergo_nonadaptive,wind,1607,133.83333333333337,1.3856928306548906
ergo_nonadaptive,wind,1608,133.91666666666663,1.3866054553519949
ergo_nonadaptive,wind,1609,134.0,1.3879477340364126
ergo_nonadaptive,wind,1610,134.08333333333337,1.3881870869568034
ergo_nonadaptive,wind,1611,134.16666666666663,1.3914958577842755
ergo_nonadaptive,wind,1612,134.25,1.390308985158696
ergo_nonadaptive,wind,1613,134.33333333333337,1.3914573237464338
ergo_nonadaptive,wind,1614,134.41666666666663,1.3916726673719404
ergo_nonadaptive,wind,1615,134.5,1.3927148123373725
ergo_nonadaptive,wind,1616,134.58333333333337,1.3957708175176118
ergo_nonadaptive,wind,1617,134.66666666666663,1.3982857158116053
ergo_nonadaptive,wind,1618,134.75,1.403082344127055
ergo_nonadaptive,wind,1619,134.83333333333337,1.402188107840597
ergo_nonadaptive,wind,1620,134.91666666666663,1.398316391025076
ergo_nonadaptive,wind,1621,135.0,1.3994590480031677
ergo_nonadaptive,wind,1622,135.08333333333337,1.4012386287302838
ergo_nonadaptive,wind,1623,135.16666666666663,1.4057398831499601
ergo_nonadaptive,wind,1624,135.25,1.415552916986658
ergo_nonadaptive,wind,1625,135.33333333333337,1.4113349217277495
ergo_nonadaptive,wind,1626,135.41666666666663,1.402004480722108
ergo_nonadaptive,wind,1627,135.5,1.4036486879357375
ergo_nonadaptive,wind,1628,135.58333333333337,1.405876565003277
ergo_nonadaptive,wind,1629,135.66666666666663,1.4037140476031376
ergo_nonadaptive,wind,1630,135.75,1.4036214515020762
ergo_nonadaptive,wind,1631,135.83333333333337,1.4140102049441163
ergo_nonadaptive,wind,1632,135.91666666666663,1.4151912199184216
ergo_nonadaptive,wind,1633,136.0,1.409688292657864
ergo_nonadaptive,wind,1634,136.08333333333337,1.407429404530569
ergo_nonadaptive,wind,1635,136.16666666666663,1.4104310561470212
ergo_nonadaptive,wind,1636,136.25,1.4111672817811989
ergo_nonadaptive,wind,1637,136.33333333333337,1.412306675385526
ergo_nonadaptive,wind,1638,136.41666666666663,1.410486477648809
ergo_nonadaptive,wind,1639,136.5,1.4133565497394291
ergo_nonadaptive,wind,1640,136.58333333333337,1.418031524032115
ergo_nonadaptive,wind,1641,136.66666666666663,1.4160187405713716
ergo_nonadaptive,wind,1642,136.75,1.4146871088926363
ergo_nonadaptive,wind,1643,136.83333333333337,1.4188376400150662
ergo_nonadaptive,wind,1644,136.91666666666663,1.414357753788242
ergo_nonadaptive,wind,1645,137.0,1.4118937586059461
ergo_nonadaptive,wind,1646,137.08333333333337,1.4152585125507722
ergo_nonadaptive,wind,1647,137.16666666666663,1.4162073621329165
ergo_nonadaptive,wind,1648,137.25,1.4247427265494585
ergo_nonadaptive,wind,1649,137.33333333333337,1.4215906141445884
ergo_nonadaptive,wind,1650,137.41666666666663,1.4230671697304615
ergo_nonadaptive,wind,1651,137.5,1.4231908674324707
ergo_nonadaptive,wind,1652,137.58333333333337,1.43274398643406
ergo_nonadaptive,wind,1653,137.66666666666663,1.4335401744748928
ergo_nonadaptive,wind,1654,137.75,1.4510115400516532
ergo_nonadaptive,wind,1655,137.83333333333337,1.4509724694050574
ergo_nonadaptive,wind,1656,137.91666666666663,1.4598049135249407
ergo_nonadaptive,wind,1657,138.0,1.4610850278554537
ergo_nonadaptive,wind,1658,138.08333333333337,1.4769859248906783
ergo_nonadaptive,wind,1659,138.16666666666663,1.5012554866531909
ergo_nonadaptive,wind,1660,138.25,1.5106519301244867
ergo_nonadaptive,wind,1661,138.33333333333337,1.5333183585216528
ergo_nonadaptive,wind,1662,138.41666666666663,1.5128881890920625
ergo_nonadaptive,wind,1663,138.5,1.5089433748399277
ergo_nonadaptive,wind,1664,138.58333333333337,1.4930795182744512
ergo_nonadaptive,wind,1665,138.66666666666663,1.515771550869588
ergo_nonadaptive,wind,1666,138.75,1.5110599443026984
ergo_nonadaptive,wind,1667,138.83333333333337,1.5257348891263005
ergo_nonadaptive,wind,1668,138.91666666666663,1.5568491912000038
ergo_nonadaptive,wind,1669,139.0,1.5853967171253749
ergo_nonadaptive,wind,1670,139.08333333333337,1.6049312951799846
ergo_nonadaptive,wind,1671,139.16666666666663,1.637261165313249
ergo_nonadaptive,wind,1672,139.25,1.6343291585386452
ergo_nonadaptive,wind,1673,139.33333333333337,1.6637517614632695
ergo_nonadaptive,wind,1674,139.41666666666663,1.6768263510548145
ergo_nonadaptive,wind,1675,139.5,1.7115548034649855
ergo_nonadaptive,wind,1676,139.58333333333337,1.714043241585914
ergo_nonadaptive,wind,1677,139.66666666666663,1.7267987508171383
ergo_nonadaptive,wind,1678,139.75,1.6782387761541278
ergo_nonadaptive,wind,1679,139.83333333333337,1.6997265059814974
ergo_nonadaptive,wind,1680,139.91666666666663,1.6791388103188774
ergo_nonadaptive,wind,1681,140.0,1.647230927145878
ergo_nonadaptive,wind,1682,140.08333333333337,1.6896454402213001
ergo_nonadaptive,wind,1683,140.16666666666663,1.656506301084813
ergo_nonadaptive,wind,1684,140.25,1.625347656839323
ergo_nonadaptive,wind,1685,140.33333333333337,1.638573172457428
ergo_nonadaptive,wind,1686,140.41666666666663,1.618559912938588
ergo_nonadaptive,wind,1687,140.5,1.5848786486310793
ergo_nonadaptive,wind,1688,140.58333333333337,1.586689538899835
ergo_nonadaptive,wind,1689,140.66666666666663,1.5646118763162713
ergo_nonadaptive,wind,1690,140.75,1.5365106574546856
ergo_nonadaptive,wind,1691,140.83333333333337,1.5030819162185094
ergo_nonadaptive,wind,1692,140.91666666666663,1.4956920696376963
ergo_nonadaptive,wind,1693,141.0,1.4862425125134604
ergo_nonadaptive,wind,1694,141.08333333333337,1.4638469119065791
ergo_nonadaptive,wind,1695,141.16666666666663,1.4443576042198698
ergo_nonadaptive,wind,1696,141.25,1.4450529546468474
ergo_nonadaptive,wind,1697,141.33333333333337,1.4479786421458913
ergo_nonadaptive,wind,1698,141.41666666666663,1.4274207634990908
ergo_nonadaptive,wind,1699,141.5,1.4206746461797726
ergo_nonadaptive,wind,1700,141.58333333333337,1.4154029389297316
ergo_nonadaptive,wind,1701,141.66666666666663,1.4200542160461707
ergo_nonadaptive,wind,1702,141.75,1.432955902915349
ergo_nonadaptive,wind,1703,141.83333333333337,1.4269492729942161
ergo_nonadaptive,wind,1704,141.91666666666663,1.4300100364982384
ergo_nonadaptive,wind,1705,142.0,1.4324363084155303
ergo_nonadaptive,wind,1706,142.08333333333337,1.439655906155076
ergo_nonadaptive,wind,1707,142.16666666666663,1.4387468865348403
ergo_nonadaptive,wind,1708,142.25,1.4328541213538022
ergo_nonadaptive,wind,1709,142.33333333333337,1.4299360749708605
ergo_nonadaptive,wind,1710,142.41666666666663,1.4174894317509121
ergo_nonadaptive,wind,1711,142.5,1.427257478406588
ergo_nonadaptive,wind,1712,142.58333333333337,1.4200575672512825
ergo_nonadaptive,wind,1713,142.66666666666663,1.4193315740057846
ergo_nonadaptive,wind,1714,142.75,1.423800691903843
ergo_nonadaptive,wind,1715,142.83333333333337,1.4221911542668255
ergo_nonadaptive,wind,1716,142.91666666666663,1.4213200412242781
ergo_nonadaptive,wind,1717,143.0,1.4251961090441176
ergo_nonadaptive,wind,1718,143.08333333333337,1.4212308049913833
ergo_nonadaptive,wind,1719,143.16666666666663,1.4333692908361988
ergo_nonadaptive,wind,1720,143.25,1.4397178413163032
ergo_nonadaptive,wind,1721,143.33333333333337,1.434846528898309
ergo_nonadaptive,wind,1722,143.41666666666663,1.4373706635842205
ergo_nonadaptive,wind,1723,143.5,1.4211232898506794
ergo_nonadaptive,wind,1724,143.58333333333337,1.4305590881625487
ergo_nonadaptive,wind,1725,143.66666666666663,1.4431315322564473
ergo_nonadaptive,wind,1726,143.75,1.4397956730081214
ergo_nonadaptive,wind,1727,143.83333333333337,1.4279128487745438
ergo_nonadaptive,wind,1728,143.91666666666663,1.4259351187783278
ergo_nonadaptive,wind,1729,144.0,1.4241716541544818
ergo_nonadaptive,wind,1730,144.08333333333337,1.4373048257248373
ergo_nonadaptive,wind,1731,144.16666666666663,1.4346147740209432
ergo_nonadaptive,wind,1732,144.25,1.4330818709979767
ergo_nonadaptive,wind,1733,144.33333333333337,1.4227941421473438
ergo_nonadaptive,wind,1734,144.41666666666663,1.4211857467842126
ergo_nonadaptive,wind,1735,144.5,1.431085385209841
ergo_nonadaptive,wind,1736,144.58333333333337,1.4365223528728575
ergo_nonadaptive,wind,1737,144.66666666666663,1.4337862962929517
ergo_nonadaptive,wind,1738,144.75,1.4316207159136836
ergo_nonadaptive,wind,1739,144.83333333333337,1.422627469225885
ergo_nonadaptive,wind,1740,144.91666666666663,1.4146640289895678
ergo_nonadaptive,wind,1741,145.0,1.4201387656141717
ergo_nonadaptive,wind,1742,145.08333333333337,1.4303374306788466
ergo_nonadaptive,wind,1743,145.16666666666663,1.440139495456124
ergo_nonadaptive,wind,1744,145.25,1.4626891444489254
ergo_nonadaptive,wind,1745,145.33333333333337,1.4635934442637302
ergo_nonadaptive,wind,1746,145.41666666666663,1.4763272989154628
ergo_nonadaptive,wind,1747,145.5,1.4925654303850755
ergo_nonadaptive,wind,1748,145.58333333333337,1.4792032154249657
ergo_nonadaptive,wind,1749,145.66666666666663,1.488431068408818
ergo_nonadaptive,wind,1750,145.75,1.5018875195393997
ergo_nonadaptive,wind,1751,145.83333333333337,1.5266537621373832
ergo_nonadaptive,wind,1752,145.91666666666663,1.51973690247082
ergo_nonadaptive,wind,1753,146.0,1.5150782591611185
ergo_nonadaptive,wind,1754,146.08333333333337,1.5085850177300224
ergo_nonadaptive,wind,1755,146.16666666666663,1.5540622070205083
ergo_nonadaptive,wind,1756,146.25,1.56783056834975
ergo_nonadaptive,wind,1757,146.33333333333337,1.5597874462656351
ergo_nonadaptive,wind,1758,146.41666666666663,1.6065740565590627
ergo_nonadaptive,wind,1759,146.5,1.6143177370136896
ergo_nonadaptive,wind,1760,146.58333333333337,1.62700729782916
ergo_nonadaptive,wind,1761,146.66666666666663,1.6339633045470026
ergo_nonadaptive,wind,1762,146.75,1.6417581638072725
ergo_nonadaptive,wind,1763,146.83333333333337,1.6661330305974493
ergo_nonadaptive,wind,1764,146.91666666666663,1.6698213413902023
ergo_nonadaptive,wind,1765,147.0,1.6553106242486648
ergo_nonadaptive,wind,1766,147.08333333333337,1.6807771064405652
ergo_nonadaptive,wind,1767,147.16666666666663,1.6929727997505462
ergo_nonadaptive,wind,1768,147.25,1.6938428808938557
ergo_nonadaptive,wind,1769,147.33333333333337,1.6816427335686988
ergo_nonadaptive,wind,1770,147.41666666666663,1.6976373379926035
ergo_nonadaptive,wind,1771,147.5,1.6471984183203168
ergo_nonadaptive,wind,1772,147.58333333333337,1.6516267121462338
ergo_nonadaptive,wind,1773,147.66666666666663,1.6666284051944515
ergo_nonadaptive,wind,1774,147.75,1.632076753037311
ergo_nonadaptive,wind,1775,147.83333333333337,1.6479632964622264
ergo_nonadaptive,wind,1776,147.91666666666663,1.673515883438796
ergo_nonadaptive,wind,1777,148.0,1.675358164805762
ergo_nonadaptive,wind,1778,148.08333333333337,1.634606827882197
ergo_nonadaptive,wind,1779,148.16666666666663,1.6303341269566518
ergo_nonadaptive,wind,1780,148.25,1.6097817398674494
ergo_nonadaptive,wind,1781,148.33333333333337,1.5742513801073283
ergo_nonadaptive,wind,1782,148.41666666666663,1.5688051225943405
ergo_nonadaptive,wind,1783,148.5,1.5825670011304196
ergo_nonadaptive,wind,1784,148.58333333333337,1.5343010516835622
ergo_nonadaptive,wind,1785,148.66666666666663,1.5596939308566793
ergo_nonadaptive,wind,1786,148.75,1.6008001316104494
ergo_nonadaptive,wind,1787,148.83333333333337,1.6049203051625611
ergo_nonadaptive,wind,1788,148.91666666666663,1.6036816265193532
ergo_nonadaptive,wind,1789,149.0,1.5685152030674427
ergo_nonadaptive,wind,1790,149.08333333333337,1.550703861738924
ergo_nonadaptive,wind,1791,149.16666666666663,1.5430382884112355
ergo_nonadaptive,wind,1792,149.25,1.5210993181043906
ergo_nonadaptive,wind,1793,149.33333333333337,1.4927546177311306
ergo_nonadaptive,wind,1794,149.41666666666663,1.4801924648549543
ergo_nonadaptive,wind,1795,149.5,1.458547355352471
ergo_nonadaptive,wind,1796,149.58333333333337,1.4665737319552707
ergo_nonadaptive,wind,1797,149.66666666666663,1.4757181344427406
ergo_nonadaptive,wind,1798,149.75,1.4798038444565924
ergo_nonadaptive,wind,1799,149.83333333333337,1.476880035792167
ergo_nonadaptive,wind,1800,149.91666666666663,1.4761676021630092
ergo_nonadaptive,wind,1801,150.0,1.4723054531135957
ergo_nonadaptive,wind,1802,150.08333333333337,1.4715384827870501
ergo_nonadaptive,wind,1803,150.16666666666663,1.4758126435104022
ergo_nonadaptive,wind,1804,150.25,1.4787125063002517
ergo_nonadaptive,wind,1805,150.33333333333337,1.467115355139779
ergo_nonadaptive,wind,1806,150.41666666666663,1.4646021509129457
ergo_nonadaptive,wind,1807,150.5,1.4808623158197805
ergo_nonadaptive,wind,1808,150.58333333333337,1.4679830253585286
ergo_nonadaptive,wind,1809,150.66666666666663,1.4600862114606183
ergo_nonadaptive,wind,1810,150.75,1.4614708975018815
ergo_nonadaptive,wind,1811,150.83333333333337,1.459954286215327
ergo_nonadaptive,wind,1812,150.91666666666663,1.4809945376590286
ergo_nonadaptive,wind,1813,151.0,1.4757217846826514
ergo_nonadaptive,wind,1814,151.08333333333337,1.464533976764251
ergo_nonadaptive,wind,1815,151.16666666666663,1.4697445448620616
ergo_nonadaptive,wind,1816,151.25,1.487213391103183
ergo_nonadaptive,wind,1817,151.33333333333337,1.4657428528369054
ergo_nonadaptive,wind,1818,151.41666666666663,1.476604347213516
ergo_nonadaptive,wind,1819,151.5,1.4617815359389474
ergo_nonadaptive,wind,1820,151.58333333333337,1.465696182978776
ergo_nonadaptive,wind,1821,151.66666666666663,1.4673493242013185
ergo_nonadaptive,wind,1822,151.75,1.4979488724708494
ergo_nonadaptive,wind,1823,151.83333333333337,1.5194175451627026
ergo_nonadaptive,wind,1824,151.91666666666663,1.5227458000048728
ergo_nonadaptive,wind,1825,152.0,1.5230189931246527
ergo_nonadaptive,wind,1826,152.08333333333337,1.529832885251571
ergo_nonadaptive,wind,1827,152.16666666666663,1.5400497740802013
ergo_nonadaptive,wind,1828,152.25,1.5293924043298146
ergo_nonadaptive,wind,1829,152.33333333333337,1.5413382083034306
ergo_nonadaptive,wind,1830,152.41666666666663,1.5399341903341508
ergo_nonadaptive,wind,1831,152.5,1.5286547434374493
ergo_nonadaptive,wind,1832,152.58333333333337,1.529696448181165
ergo_nonadaptive,wind,1833,152.66666666666663,1.5238248800743868
ergo_nonadaptive,wind,1834,152.75,1.5275532018527502
ergo_nonadaptive,wind,1835,152.83333333333337,1.5262709858654677
ergo_nonadaptive,wind,1836,152.91666666666663,1.5289319160016501
ergo_nonadaptive,wind,1837,153.0,1.507316869258242
ergo_nonadaptive,wind,1838,153.08333333333337,1.5012720965315647
ergo_nonadaptive,wind,1839,153.16666666666663,1.5135746374368242
ergo_nonadaptive,wind,1840,153.25,1.525512856202507
ergo_nonadaptive,wind,1841,153.33333333333337,1.5164625667334402
ergo_nonadaptive,wind,1842,153.41666666666663,1.5154088558434955
ergo_nonadaptive,wind,1843,153.5,1.523809455063481
ergo_nonadaptive,wind,1844,153.58333333333337,1.519941460273771
ergo_nonadaptive,wind,1845,153.66666666666663,1.5406306436065589
ergo_nonadaptive,wind,1846,153.75,1.5404527475927436
ergo_nonadaptive,wind,1847,153.83333333333337,1.538893983259456
ergo_nonadaptive,wind,1848,153.91666666666663,1.5486451022046974
ergo_nonadaptive,wind,1849,154.0,1.5369159381176838
ergo_nonadaptive,wind,1850,154.08333333333337,1.532199299714997
ergo_nonadaptive,wind,1851,154.16666666666663,1.526708368107805
ergo_nonadaptive,wind,1852,154.25,1.5193153963046848
ergo_nonadaptive,wind,1853,154.33333333333337,1.5281109792451202
ergo_nonadaptive,wind,1854,154.41666666666663,1.5179222191843948
ergo_nonadaptive,wind,1855,154.5,1.52422078025575
ergo_nonadaptive,wind,1856,154.58333333333337,1.526726990269277
ergo_nonadaptive,wind,1857,154.66666666666663,1.5189857683604684
ergo_nonadaptive,wind,1858,154.75,1.514687855153947
ergo_nonadaptive,wind,1859,154.83333333333337,1.5229127674843095
ergo_nonadaptive,wind,1860,154.91666666666663,1.5124054292526774
ergo_nonadaptive,wind,1861,155.0,1.5168944330071443
ergo_nonadaptive,wind,1862,155.08333333333337,1.513352076433673
ergo_nonadaptive,wind,1863,155.16666666666663,1.5322557686183254
ergo_nonadaptive,wind,1864,155.25,1.5193123715276218
ergo_nonadaptive,wind,1865,155.33333333333337,1.5138192530955206
ergo_nonadaptive,wind,1866,155.41666666666663,1.5278310030473055
ergo_nonadaptive,wind,1867,155.5,1.525649096950729
ergo_nonadaptive,wind,1868,155.58333333333337,1.5114755267131874
ergo_nonadaptive,wind,1869,155.66666666666663,1.510563215998964
ergo_nonadaptive,wind,1870,155.75,1.5145309819222699
ergo_nonadaptive,wind,1871,155.83333333333337,1.5137636155470164
ergo_nonadaptive,wind,1872,155.91666666666663,1.5073759258226092
ergo_nonadaptive,wind,1873,156.0,1.5076720080387456
ergo_nonadaptive,wind,1874,156.08333333333337,1.5043414441098606
ergo_nonadaptive,wind,1875,156.16666666666663,1.5060642966515387
ergo_nonadaptive,wind,1876,156.25,1.5115323045841291
ergo_nonadaptive,wind,1877,156.33333333333337,1.5116935423995175
ergo_nonadaptive,wind,1878,156.41666666666663,1.5056493164077307
ergo_nonadaptive,wind,1879,156.5,1.5034612014198372
ergo_nonadaptive,wind,1880,156.58333333333337,1.502557362222825
ergo_nonadaptive,wind,1881,156.66666666666663,1.503696906102835
ergo_nonadaptive,wind,1882,156.75,1.5060468649975933
ergo_nonadaptive,wind,1883,156.83333333333337,1.5049376599049973
ergo_nonadaptive,wind,1884,156.91666666666663,1.505328344999479
ergo_nonadaptive,wind,1885,157.0,1.505708296967318
ergo_nonadaptive,wind,1886,157.08333333333337,1.5064110202173584
ergo_nonadaptive,wind,1887,157.16666666666663,1.5072834054904904
ergo_nonadaptive,wind,1888,157.25,1.5081674708971355
ergo_nonadaptive,wind,1889,157.33333333333337,1.508597411811796
ergo_nonadaptive,wind,1890,157.41666666666663,1.5105484176731483
ergo_nonadaptive,wind,1891,157.5,1.510243979600807
ergo_nonadaptive,wind,1892,157.58333333333337,1.5109396120837484
ergo_nonadaptive,wind,1893,157.66666666666663,1.5117419591931471
ergo_nonadaptive,wind,1894,157.75,1.5120278640215554
ergo_nonadaptive,wind,1895,157.83333333333337,1.5127355854302298
ergo_nonadaptive,wind,1896,157.91666666666663,1.5136021290304809
ergo_nonadaptive,wind,1897,158.0,1.5150050197517184
ergo_nonadaptive,wind,1898,158.08333333333337,1.5169790059121235
ergo_nonadaptive,wind,1899,158.16666666666663,1.5171773719821495
ergo_nonadaptive,wind,1900,158.25,1.5177221447624911
ergo_nonadaptive,wind,1901,158.33333333333337,1.5171328283255423
ergo_nonadaptive,wind,1902,158.41666666666663,1.5176276728370723
ergo_nonadaptive,wind,1903,158.5,1.5182171214734201
ergo_nonadaptive,wind,1904,158.58333333333337,1.5187865711559114
ergo_nonadaptive,wind,1905,158.66666666666663,1.5205704539208225
ergo_nonadaptive,wind,1906,158.75,1.5235861749863953
ergo_nonadaptive,wind,1907,158.83333333333337,1.5230827200900303
ergo_nonadaptive,wind,1908,158.91666666666663,1.5226426870454188
ergo_nonadaptive,wind,1909,159.0,1.5225584354780135
ergo_nonadaptive,wind,1910,159.08333333333337,1.5236804634956536
ergo_nonadaptive,wind,1911,159.16666666666663,1.5244433390287182
ergo_nonadaptive,wind,1912,159.25,1.5245040325749029
ergo_nonadaptive,wind,1913,159.33333333333337,1.5251948935733006
ergo_nonadaptive,wind,1914,159.41666666666663,1.5258888689472772
ergo_nonadaptive,wind,1915,159.5,1.5265309813674477
ergo_nonadaptive,wind,1916,159.58333333333337,1.5272492019851165
ergo_nonadaptive,wind,1917,159.66666666666663,1.5299175383309338
ergo_nonadaptive,wind,1918,159.75,1.5413457630461727
ergo_nonadaptive,wind,1919,159.83333333333337,1.5387472874956003
ergo_nonadaptive,wind,1920,159.91666666666663,1.5457561364265826
ergo_nonadaptive,wind,1921,160.0,1.5452607573965558
ergo_nonadaptive,wind,1922,160.08333333333337,1.5568135303782482
ergo_nonadaptive,wind,1923,160.16666666666663,1.5662819064517148
ergo_nonadaptive,wind,1924,160.25,1.5650966207313537
ergo_nonadaptive,wind,1925,160.33333333333337,1.5784323520040013
ergo_nonadaptive,wind,1926,160.41666666666663,1.586289918903586
ergo_nonadaptive,wind,1927,160.5,1.5966390910564943
ergo_nonadaptive,wind,1928,160.58333333333337,1.614193143238062
ergo_nonadaptive,wind,1929,160.66666666666663,1.6274053772401431
ergo_nonadaptive,wind,1930,160.75,1.6301516995548184
ergo_nonadaptive,wind,1931,160.83333333333337,1.6229092214493415
ergo_nonadaptive,wind,1932,160.91666666666663,1.6495365613249264
ergo_nonadaptive,wind,1933,161.0,1.6302906802289405
ergo_nonadaptive,wind,1934,161.08333333333337,1.6357975567306526
ergo_nonadaptive,wind,1935,161.16666666666663,1.6110736567376598
ergo_nonadaptive,wind,1936,161.25,1.6107390863865312
ergo_nonadaptive,wind,1937,161.33333333333337,1.6124186914730463
ergo_nonadaptive,wind,1938,161.41666666666663,1.600880967424823
ergo_nonadaptive,wind,1939,161.5,1.6178942427623821
ergo_nonadaptive,wind,1940,161.58333333333337,1.5964697548051472
ergo_nonadaptive,wind,1941,161.66666666666663,1.6016806846343647
ergo_nonadaptive,wind,1942,161.75,1.6057792168179337
ergo_nonadaptive,wind,1943,161.83333333333337,1.599568171438169
ergo_nonadaptive,wind,1944,161.91666666666663,1.6066122454024563
ergo_nonadaptive,wind,1945,162.0,1.590443907171585
ergo_nonadaptive,wind,1946,162.08333333333337,1.5744387727099045
ergo_nonadaptive,wind,1947,162.16666666666663,1.57386487422812
ergo_nonadaptive,wind,1948,162.25,1.557452732788033
ergo_nonadaptive,wind,1949,162.33333333333337,1.553302022965127
ergo_nonadaptive,wind,1950,162.41666666666663,1.5472942116288364
ergo_nonadaptive,wind,1951,162.5,1.5440289487034846
ergo_nonadaptive,wind,1952,162.58333333333337,1.5275064366511124
ergo_nonadaptive,wind,1953,162.66666666666663,1.5181090110162194
ergo_nonadaptive,wind,1954,162.75,1.507966832729952
ergo_nonadaptive,wind,1955,162.83333333333337,1.5099060728027025
ergo_nonadaptive,wind,1956,162.91666666666663,1.508840765044561
ergo_nonadaptive,wind,1957,163.0,1.5051292640074965
ergo_nonadaptive,wind,1958,163.08333333333337,1.4942610803360825
ergo_nonadaptive,wind,1959,163.16666666666663,1.4781963009439931
ergo_nonadaptive,wind,1960,163.25,1.4704986888379068
ergo_nonadaptive,wind,1961,163.33333333333337,1.4689564434894715
ergo_nonadaptive,wind,1962,163.41666666666663,1.4633583729337458
ergo_nonadaptive,wind,1963,163.5,1.4595070773342291
ergo_nonadaptive,wind,1964,163.58333333333337,1.476495638399279
ergo_nonadaptive,wind,1965,163.66666666666663,1.4628005605256245
ergo_nonadaptive,wind,1966,163.75,1.451680905616223
ergo_nonadaptive,wind,1967,163.83333333333337,1.4471883959409428
ergo_nonadaptive,wind,1968,163.91666666666663,1.4548348783553213
ergo_nonadaptive,wind,1969,164.0,1.4630060486365115
ergo_nonadaptive,wind,1970,164.08333333333337,1.4652936415871898
ergo_nonadaptive,wind,1971,164.16666666666663,1.4614305149575018
ergo_nonadaptive,wind,1972,164.25,1.4501551398689074
ergo_nonadaptive,wind,1973,164.33333333333337,1.437783168798191
ergo_nonadaptive,wind,1974,164.41666666666663,1.4393807358696091
ergo_nonadaptive,wind,1975,164.5,1.4375662758846117
ergo_nonadaptive,wind,1976,164.58333333333337,1.442691914408319
ergo_nonadaptive,wind,1977,164.66666666666663,1.4405331647677866
ergo_nonadaptive,wind,1978,164.75,1.4470653806313187
ergo_nonadaptive,wind,1979,164.83333333333337,1.4420973443213723
ergo_nonadaptive,wind,1980,164.91666666666663,1.439896763750055
ergo_nonadaptive,wind,1981,165.0,1.4414047700188541
ergo_nonadaptive,wind,1982,165.08333333333337,1.4470272475444896
ergo_nonadaptive,wind,1983,165.16666666666663,1.443881068033594
ergo_nonadaptive,wind,1984,165.25,1.4427983615708333
ergo_nonadaptive,wind,1985,165.33333333333337,1.4401515390381467
ergo_nonadaptive,wind,1986,165.41666666666663,1.4441913102946398
ergo_nonadaptive,wind,1987,165.5,1.4443774582272015
ergo_nonadaptive,wind,1988,165.58333333333337,1.4372031449108669
ergo_nonadaptive,wind,1989,165.66666666666663,1.4397570225355592
ergo_nonadaptive,wind,1990,165.75,1.443515523308703
ergo_nonadaptive,wind,1991,165.83333333333337,1.4438615184649086
ergo_nonadaptive,wind,1992,165.91666666666663,1.4423482410680077
ergo_nonadaptive,wind,1993,166.0,1.4459054343057927
ergo_nonadaptive,wind,1994,166.08333333333337,1.443774618952336
ergo_nonadaptive,wind,1995,166.16666666666663,1.4438613171325216
ergo_nonadaptive,wind,1996,166.25,1.44345422328674
ergo_nonadaptive,wind,1997,166.33333333333337,1.4444546452878868
ergo_nonadaptive,wind,1998,166.41666666666663,1.4452973813607024
ergo_nonadaptive,wind,1999,166.5,1.4472100432305708
ergo_nonadaptive,wind,2000,166.58333333333337,1.44690222284027
ergo_nonadaptive,wind,2001,166.66666666666663,1.4481229617843494
ergo_nonadaptive,wind,2002,166.75,1.4496755851437164
ergo_nonadaptive,wind,2003,166.83333333333337,1.4491371662632566
ergo_nonadaptive,wind,2004,166.91666666666663,1.4508770363390566
ergo_nonadaptive,wind,2005,167.0,1.4518566476336472
ergo_nonadaptive,wind,2006,167.08333333333337,1.453620723790253
ergo_nonadaptive,wind,2007,167.16666666666663,1.452819627677884
ergo_nonadaptive,wind,2008,167.25,1.4533337386190992
ergo_nonadaptive,wind,2009,167.33333333333337,1.4543105265058835
ergo_nonadaptive,wind,2010,167.41666666666663,1.4546427857418307
ergo_nonadaptive,wind,2011,167.5,1.4552330168210226
ergo_nonadaptive,wind,2012,167.58333333333337,1.4580883020031559
ergo_nonadaptive,wind,2013,167.66666666666663,1.4585476484972444
ergo_nonadaptive,wind,2014,167.75,1.4629144969578864
ergo_nonadaptive,wind,2015,167.83333333333337,1.476490938423934
ergo_nonadaptive,wind,2016,167.91666666666663,1.4748857150025287
ergo_nonadaptive,wind,2017,168.0,1.4874574791960111
ergo_nonadaptive,wind,2018,168.08333333333337,1.4870364106891718
ergo_nonadaptive,wind,2019,168.16666666666663,1.484744008528205
ergo_nonadaptive,wind,2020,168.25,1.488206519085447
ergo_nonadaptive,wind,2021,168.33333333333337,1.488262328578332
ergo_nonadaptive,wind,2022,168.41666666666663,1.4958352426965709
ergo_nonadaptive,wind,2023,168.5,1.5028129182650498
ergo_nonadaptive,wind,2024,168.58333333333337,1.527831952893818
ergo_nonadaptive,wind,2025,168.66666666666663,1.524229070898232
ergo_nonadaptive,wind,2026,168.75,1.5451511841733507
ergo_nonadaptive,wind,2027,168.83333333333337,1.5569681544086063
ergo_nonadaptive,wind,2028,168.91666666666663,1.558777953339065
ergo_nonadaptive,wind,2029,169.0,1.595847384933338
ergo_nonadaptive,wind,2030,169.08333333333337,1.6115704850616583
ergo_nonadaptive,wind,2031,169.16666666666663,1.5956898566053686
ergo_nonadaptive,wind,2032,169.25,1.6150800193291166
ergo_nonadaptive,wind,2033,169.33333333333337,1.648249851384152
ergo_nonadaptive,wind,2034,169.41666666666663,1.6618692465721483
ergo_nonadaptive,wind,2035,169.5,1.716971714197124
ergo_nonadaptive,wind,2036,169.58333333333337,1.741072543188227
ergo_nonadaptive,wind,2037,169.66666666666663,1.7721293301672594
ergo_nonadaptive,wind,2038,169.75,1.7504192487189187
ergo_nonadaptive,wind,2039,169.83333333333337,1.8004445046705255
ergo_nonadaptive,wind,2040,169.91666666666663,1.842786505901601
ergo_nonadaptive,wind,2041,170.0,1.8339065271649089
ergo_nonadaptive,wind,2042,170.08333333333337,1.858725991268798
ergo_nonadaptive,wind,2043,170.16666666666663,1.8699722741391613
ergo_nonadaptive,wind,2044,170.25,1.9152377287819733
ergo_nonadaptive,wind,2045,170.33333333333337,1.8995643602821413
ergo_nonadaptive,wind,2046,170.41666666666663,1.915995618577477
ergo_nonadaptive,wind,2047,170.5,1.8719446422641182
ergo_nonadaptive,wind,2048,170.58333333333337,1.9291772617035516
ergo_nonadaptive,wind,2049,170.66666666666663,1.920928671086292
ergo_nonadaptive,wind,2050,170.75,1.9229179320130654
ergo_nonadaptive,wind,2051,170.83333333333337,1.9106512955551245
ergo_nonadaptive,wind,2052,170.91666666666663,1.9286179812324262
ergo_nonadaptive,wind,2053,171.0,1.9152197370133137
ergo_nonadaptive,wind,2054,171.08333333333337,1.9078297771843242
ergo_nonadaptive,wind,2055,171.16666666666663,1.8788576593215864
ergo_nonadaptive,wind,2056,171.25,1.8533664142771276
ergo_nonadaptive,wind,2057,171.33333333333337,1.850590351251065
ergo_nonadaptive,wind,2058,171.41666666666663,1.8705538514422273
ergo_nonadaptive,wind,2059,171.5,1.85405908589387
ergo_nonadaptive,wind,2060,171.58333333333337,1.8638960176577402
ergo_nonadaptive,wind,2061,171.66666666666663,1.8403614617665998
ergo_nonadaptive,wind,2062,171.75,1.8440549254240535
ergo_nonadaptive,wind,2063,171.83333333333337,1.8269684361993066
ergo_nonadaptive,wind,2064,171.91666666666663,1.8404824301117013
ergo_nonadaptive,wind,2065,172.0,1.830650320678782
ergo_nonadaptive,wind,2066,172.08333333333337,1.83670697542437
ergo_nonadaptive,wind,2067,172.16666666666663,1.8425666226838828
ergo_nonadaptive,wind,2068,172.25,1.840607392416938
ergo_nonadaptive,wind,2069,172.33333333333337,1.8572801533934036
ergo_nonadaptive,wind,2070,172.41666666666663,1.8525866252979748
ergo_nonadaptive,wind,2071,172.5,1.825820602931661
ergo_nonadaptive,wind,2072,172.58333333333337,1.844362438028965
ergo_nonadaptive,wind,2073,172.66666666666663,1.8105458223524675
ergo_nonadaptive,wind,2074,172.75,1.8331321737280377
ergo_nonadaptive,wind,2075,172.83333333333337,1.86468490995238
ergo_nonadaptive,wind,2076,172.91666666666663,1.850843893012196
ergo_nonadaptive,wind,2077,173.0,1.8303502924637491
ergo_nonadaptive,wind,2078,173.08333333333337,1.8343234230992291
ergo_nonadaptive,wind,2079,173.16666666666663,1.8322316851484821
ergo_nonadaptive,wind,2080,173.25,1.8633407309324357
ergo_nonadaptive,wind,2081,173.33333333333337,1.850949441659395
ergo_nonadaptive,wind,2082,173.41666666666663,1.8332754844876153
ergo_nonadaptive,wind,2083,173.5,1.819250414802789
ergo_nonadaptive,wind,2084,173.58333333333337,1.8301477152674126
ergo_nonadaptive,wind,2085,173.66666666666663,1.828332983676148
ergo_nonadaptive,wind,2086,173.75,1.7984355656714675
ergo_nonadaptive,wind,2087,173.83333333333337,1.821871236553917
ergo_nonadaptive,wind,2088,173.91666666666663,1.820052080027315
ergo_nonadaptive,wind,2089,174.0,1.8280336355966391
ergo_nonadaptive,wind,2090,174.08333333333337,1.828265973977547
ergo_nonadaptive,wind,2091,174.16666666666663,1.801804535608003
ergo_nonadaptive,wind,2092,174.25,1.7910838147651416
ergo_nonadaptive,wind,2093,174.33333333333337,1.7772722297199068
ergo_nonadaptive,wind,2094,174.41666666666663,1.7897180405290327
ergo_nonadaptive,wind,2095,174.5,1.789951110267716
ergo_nonadaptive,wind,2096,174.58333333333337,1.7773736582738693
ergo_nonadaptive,wind,2097,174.66666666666663,1.7864577401245685
ergo_nonadaptive,wind,2098,174.75,1.7901406973059661
ergo_nonadaptive,wind,2099,174.83333333333337,1.7807211576204467
ergo_nonadaptive,wind,2100,174.91666666666663,1.7826841649468532
ergo_nonadaptive,wind,2101,175.0,1.7885365919301057
ergo_nonadaptive,wind,2102,175.08333333333337,1.781984845204921
ergo_nonadaptive,wind,2103,175.16666666666663,1.7793277275358943
ergo_nonadaptive,wind,2104,175.25,1.7914993932380707
ergo_nonadaptive,wind,2105,175.33333333333337,1.7813208505676248
ergo_nonadaptive,wind,2106,175.41666666666663,1.7779653423280706
ergo_nonadaptive,wind,2107,175.5,1.7751187839945124
ergo_nonadaptive,wind,2108,175.58333333333337,1.7704959746509423
ergo_nonadaptive,wind,2109,175.66666666666663,1.7558056721336919
ergo_nonadaptive,wind,2110,175.75,1.7566777506312172
ergo_nonadaptive,wind,2111,175.83333333333337,1.7608074540954308
ergo_nonadaptive,wind,2112,175.91666666666663,1.7532892090116687
ergo_nonadaptive,wind,2113,176.0,1.7483112682659385
ergo_nonadaptive,wind,2114,176.08333333333337,1.7555039553578529
ergo_nonadaptive,wind,2115,176.16666666666663,1.752285288556795
ergo_nonadaptive,wind,2116,176.25,1.760028968888754
ergo_nonadaptive,wind,2117,176.33333333333337,1.7534243657420754
ergo_nonadaptive,wind,2118,176.41666666666663,1.7428155835926509
ergo_nonadaptive,wind,2119,176.5,1.7379650799225885
ergo_nonadaptive,wind,2120,176.58333333333337,1.7328276448104458
ergo_nonadaptive,wind,2121,176.66666666666663,1.7439390380959978
ergo_nonadaptive,wind,2122,176.75,1.741866245653081
ergo_nonadaptive,wind,2123,176.83333333333337,1.748303850244483
ergo_nonadaptive,wind,2124,176.91666666666663,1.7456648032386752
ergo_nonadaptive,wind,2125,177.0,1.743306321016439
ergo_nonadaptive,wind,2126,177.08333333333337,1.746319690176392
ergo_nonadaptive,wind,2127,177.16666666666663,1.742778606253277
ergo_nonadaptive,wind,2128,177.25,1.7533037380880594
ergo_nonadaptive,wind,2129,177.33333333333337,1.7494060883368665
ergo_nonadaptive,wind,2130,177.41666666666663,1.7446777818314296
ergo_nonadaptive,wind,2131,177.5,1.7455057836883805
ergo_nonadaptive,wind,2132,177.58333333333337,1.7469193678287578
ergo_nonadaptive,wind,2133,177.66666666666663,1.7452271623481714
ergo_nonadaptive,wind,2134,177.75,1.753363110869504
ergo_nonadaptive,wind,2135,177.83333333333337,1.7587525111714952
ergo_nonadaptive,wind,2136,177.91666666666663,1.7673823897587007
ergo_nonadaptive,wind,2137,178.0,1.7808617392994717
ergo_nonadaptive,wind,2138,178.08333333333337,1.788207314232956
ergo_nonadaptive,wind,2139,178.16666666666663,1.790479965315723
ergo_nonadaptive,wind,2140,178.25,1.7883873546689286
ergo_nonadaptive,wind,2141,178.33333333333337,1.7883911822702245
ergo_nonadaptive,wind,2142,178.41666666666663,1.7942097350514392
ergo_nonadaptive,wind,2143,178.5,1.7999501720258997
ergo_nonadaptive,wind,2144,178.58333333333337,1.8112131744181716
ergo_nonadaptive,wind,2145,178.66666666666663,1.8235881976962889
ergo_nonadaptive,wind,2146,178.75,1.8420874212159746
ergo_nonadaptive,wind,2147,178.83333333333337,1.8531064178740502
ergo_nonadaptive,wind,2148,178.91666666666663,1.852281379482756
ergo_nonadaptive,wind,2149,179.0,1.8600925033355762
ergo_nonadaptive,wind,2150,179.08333333333337,1.8645669032895502
ergo_nonadaptive,wind,2151,179.16666666666663,1.8762286616480865
ergo_nonadaptive,wind,2152,179.25,1.8840374693396047
ergo_nonadaptive,wind,2153,179.33333333333337,1.8781580013671342
ergo_nonadaptive,wind,2154,179.41666666666663,1.8836683228288116
ergo_nonadaptive,wind,2155,179.5,1.9064105366715267
ergo_nonadaptive,wind,2156,179.58333333333337,1.9278171422930668
ergo_nonadaptive,wind,2157,179.66666666666663,1.9200559085421536
ergo_nonadaptive,wind,2158,179.75,1.9091980899633731
ergo_nonadaptive,wind,2159,179.83333333333337,1.8971977848019148
ergo_nonadaptive,wind,2160,179.91666666666663,1.9153215763156934
ergo_nonadaptive,wind,2161,180.0,1.9191532360990677
ergo_nonadaptive,wind,2162,180.08333333333337,1.9125738921236375
ergo_nonadaptive,wind,2163,180.16666666666663,1.9056946493125053
ergo_nonadaptive,wind,2164,180.25,1.9077565324034438
ergo_nonadaptive,wind,2165,180.33333333333337,1.9170496773821346
ergo_nonadaptive,wind,2166,180.41666666666663,1.9185585735052855
ergo_nonadaptive,wind,2167,180.5,1.9175277730600253
ergo_nonadaptive,wind,2168,180.58333333333337,1.925655459329645
ergo_nonadaptive,wind,2169,180.66666666666663,1.9415058545491712
ergo_nonadaptive,wind,2170,180.75,1.9616022564918356
ergo_nonadaptive,wind,2171,180.83333333333337,1.9534747004777775
ergo_nonadaptive,wind,2172,180.91666666666663,1.938537568916136
ergo_nonadaptive,wind,2173,181.0,1.9401134014070842
ergo_nonadaptive,wind,2174,181.08333333333337,1.9543149016890615
ergo_nonadaptive,wind,2175,181.16666666666663,1.9688511875291468
ergo_nonadaptive,wind,2176,181.25,1.9750105882078022
ergo_nonadaptive,wind,2177,181.33333333333337,1.985930891785124
ergo_nonadaptive,wind,2178,181.41666666666663,1.993318972085847
ergo_nonadaptive,wind,2179,181.5,1.9769853072559858
ergo_nonadaptive,wind,2180,181.58333333333337,1.9960145963157319
ergo_nonadaptive,wind,2181,181.66666666666663,1.988568340798405
ergo_nonadaptive,wind,2182,181.75,2.0065016047235975
ergo_nonadaptive,wind,2183,181.83333333333337,1.980964478318153
ergo_nonadaptive,wind,2184,181.91666666666663,1.978339047872572
ergo_nonadaptive,wind,2185,182.0,1.9784707058456608
ergo_nonadaptive,wind,2186,182.08333333333337,1.9748357863201926
ergo_nonadaptive,wind,2187,182.16666666666663,1.9634414884928466
ergo_nonadaptive,wind,2188,182.25,1.9297369635207524
ergo_nonadaptive,wind,2189,182.33333333333337,1.9494836953691665
ergo_nonadaptive,wind,2190,182.41666666666663,1.9326494541158232
ergo_nonadaptive,wind,2191,182.5,1.9062845811436813
ergo_nonadaptive,wind,2192,182.58333333333337,1.9210866890801102
ergo_nonadaptive,wind,2193,182.66666666666663,1.9178133936988284
ergo_nonadaptive,wind,2194,182.75,1.8823187891903421
ergo_nonadaptive,wind,2195,182.83333333333337,1.877761177135311
ergo_nonadaptive,wind,2196,182.91666666666663,1.8724456649855352
ergo_nonadaptive,wind,2197,183.0,1.8709212599510174
ergo_nonadaptive,wind,2198,183.08333333333337,1.8643431472173717
ergo_nonadaptive,wind,2199,183.16666666666663,1.839898988417205
ergo_nonadaptive,wind,2200,183.25,1.8435139394376336
ergo_nonadaptive,wind,2201,183.33333333333337,1.8126523186677426
ergo_nonadaptive,wind,2202,183.41666666666663,1.795709472777712
ergo_nonadaptive,wind,2203,183.5,1.7991801190854537
ergo_nonadaptive,wind,2204,183.58333333333337,1.7961705000983612
ergo_nonadaptive,wind,2205,183.66666666666663,1.7610975751212798
ergo_nonadaptive,wind,2206,183.75,1.7571165550396195
ergo_nonadaptive,wind,2207,183.83333333333337,1.7522390083006874
ergo_nonadaptive,wind,2208,183.91666666666663,1.7536115107227064
ergo_nonadaptive,wind,2209,184.0,1.7362907284917042
ergo_nonadaptive,wind,2210,184.08333333333337,1.7366290376065565
ergo_nonadaptive,wind,2211,184.16666666666663,1.7415010985719896
ergo_nonadaptive,wind,2212,184.25,1.7300616446047765
ergo_nonadaptive,wind,2213,184.33333333333337,1.728091903940123
ergo_nonadaptive,wind,2214,184.41666666666663,1.7242088726252893
ergo_nonadaptive,wind,2215,184.5,1.7168111188596153
ergo_nonadaptive,wind,2216,184.58333333333337,1.7373690611003225
ergo_nonadaptive,wind,2217,184.66666666666663,1.7244260998363756
ergo_nonadaptive,wind,2218,184.75,1.7219815469585718
ergo_nonadaptive,wind,2219,184.83333333333337,1.715588567370652
ergo_nonadaptive,wind,2220,184.91666666666663,1.7405830237558058
ergo_nonadaptive,wind,2221,185.0,1.7239931752239155
ergo_nonadaptive,wind,2222,185.08333333333337,1.7353610772206063
ergo_nonadaptive,wind,2223,185.16666666666663,1.7298834530576461
ergo_nonadaptive,wind,2224,185.25,1.7241783937172408
ergo_nonadaptive,wind,2225,185.33333333333337,1.727102824112685
ergo_nonadaptive,wind,2226,185.41666666666663,1.7395299058158145
ergo_nonadaptive,wind,2227,185.5,1.7441576363611766
ergo_nonadaptive,wind,2228,185.58333333333337,1.7465686911571576
ergo_nonadaptive,wind,2229,185.66666666666663,1.7351769610478998
ergo_nonadaptive,wind,2230,185.75,1.738158625300268
ergo_nonadaptive,wind,2231,185.83333333333337,1.733619628100253
ergo_nonadaptive,wind,2232,185.91666666666663,1.7394529527204832
ergo_nonadaptive,wind,2233,186.0,1.7361129895406588
ergo_nonadaptive,wind,2234,186.08333333333337,1.7340217811097418
ergo_nonadaptive,wind,2235,186.16666666666663,1.7538560437847042
ergo_nonadaptive,wind,2236,186.25,1.7476587445654337
ergo_nonadaptive,wind,2237,186.33333333333337,1.7793152005938864
ergo_nonadaptive,wind,2238,186.41666666666663,1.7988399479778054
ergo_nonadaptive,wind,2239,186.5,1.8080167789296893
ergo_nonadaptive,wind,2240,186.58333333333337,1.8279464604248912
ergo_nonadaptive,wind,2241,186.66666666666663,1.837586668737881
ergo_nonadaptive,wind,2242,186.75,1.8763805197659176
ergo_nonadaptive,wind,2243,186.83333333333337,1.8794760560670885
ergo_nonadaptive,wind,2244,186.91666666666663,1.8737162723080385
ergo_nonadaptive,wind,2245,187.0,1.8673514685261605
ergo_nonadaptive,wind,2246,187.08333333333337,1.868968965296089
ergo_nonadaptive,wind,2247,187.16666666666663,1.8927116540262652
ergo_nonadaptive,wind,2248,187.25,1.9127836420653366
ergo_nonadaptive,wind,2249,187.33333333333337,1.960915658656024
ergo_nonadaptive,wind,2250,187.41666666666663,1.997139612273669
ergo_nonadaptive,wind,2251,187.5,2.0312562555947635
ergo_nonadaptive,wind,2252,187.58333333333337,2.0427751245125716
ergo_nonadaptive,wind,2253,187.66666666666663,2.049330943100382
ergo_nonadaptive,wind,2254,187.75,2.0484496095800777
ergo_nonadaptive,wind,2255,187.83333333333337,2.0723312074396847
ergo_nonadaptive,wind,2256,187.91666666666663,2.1015070372210025
ergo_nonadaptive,wind,2257,188.0,2.1017293967967388
ergo_nonadaptive,wind,2258,188.08333333333337,2.140639088030939
ergo_nonadaptive,wind,2259,188.16666666666663,2.1424138904691765
ergo_nonadaptive,wind,2260,188.25,2.1426377621340733
ergo_nonadaptive,wind,2261,188.33333333333337,2.1346352782192253
ergo_nonadaptive,wind,2262,188.41666666666663,2.1449217596854475
ergo_nonadaptive,wind,2263,188.5,2.1722488741311086
ergo_nonadaptive,wind,2264,188.58333333333337,2.197535980677855
ergo_nonadaptive,wind,2265,188.66666666666663,2.162678861869421
ergo_nonadaptive,wind,2266,188.75,2.1913324569887647
ergo_nonadaptive,wind,2267,188.83333333333337,2.2256800895036406
ergo_nonadaptive,wind,2268,188.91666666666663,2.1708808367669747
ergo_nonadaptive,wind,2269,189.0,2.1646373433109978
ergo_nonadaptive,wind,2270,189.08333333333337,2.1535992064526783
ergo_nonadaptive,wind,2271,189.16666666666663,2.1299002387076746
ergo_nonadaptive,wind,2272,189.25,2.1345917427662
ergo_nonadaptive,wind,2273,189.33333333333337,2.1452271110929675
ergo_nonadaptive,wind,2274,189.41666666666663,2.0924259640561447
ergo_nonadaptive,wind,2275,189.5,2.1265138165919364
ergo_nonadaptive,wind,2276,189.58333333333337,2.100645200956068
ergo_nonadaptive,wind,2277,189.66666666666663,2.1042798987073126
ergo_nonadaptive,wind,2278,189.75,2.0519789296788398
ergo_nonadaptive,wind,2279,189.83333333333337,2.055863748018394
ergo_nonadaptive,wind,2280,189.91666666666663,1.9953973166455246
ergo_nonadaptive,wind,2281,190.0,1.9648691051727427
ergo_nonadaptive,wind,2282,190.08333333333337,1.9301106720547436
ergo_nonadaptive,wind,2283,190.16666666666663,1.899587989029175
ergo_nonadaptive,wind,2284,190.25,1.8552673709215124
ergo_nonadaptive,wind,2285,190.33333333333337,1.8613129660276009
ergo_nonadaptive,wind,2286,190.41666666666663,1.911337465811927
ergo_nonadaptive,wind,2287,190.5,1.8990519168272966
ergo_nonadaptive,wind,2288,190.58333333333337,1.832053297261082
ergo_nonadaptive,wind,2289,190.66666666666663,1.817402690323238
ergo_nonadaptive,wind,2290,190.75,1.8266221661150273
ergo_nonadaptive,wind,2291,190.83333333333337,1.8305080738559263
ergo_nonadaptive,wind,2292,190.91666666666663,1.7941911271360216
ergo_nonadaptive,wind,2293,191.0,1.8078325912763478
ergo_nonadaptive,wind,2294,191.08333333333337,1.751902601296807
ergo_nonadaptive,wind,2295,191.16666666666663,1.7365971643582148
ergo_nonadaptive,wind,2296,191.25,1.729550771982142
ergo_nonadaptive,wind,2297,191.33333333333337,1.6758855177157872
ergo_nonadaptive,wind,2298,191.41666666666663,1.6583512987493254
ergo_nonadaptive,wind,2299,191.5,1.6584971428557331
ergo_nonadaptive,wind,2300,191.58333333333337,1.6582053501267866
ergo_nonadaptive,wind,2301,191.66666666666663,1.6894168987029379
ergo_nonadaptive,wind,2302,191.75,1.6615741237870285
ergo_nonadaptive,wind,2303,191.83333333333337,1.6249139582857381
ergo_nonadaptive,wind,2304,191.91666666666663,1.5867080058573413
ergo_nonadaptive,wind,2305,192.0,1.5833139659652562
ergo_nonadaptive,wind,2306,192.08333333333337,1.5478751349701954
ergo_nonadaptive,wind,2307,192.16666666666663,1.5425264743449916
ergo_nonadaptive,wind,2308,192.25,1.5145040217589034
ergo_nonadaptive,wind,2309,192.33333333333337,1.4986628927745291
ergo_nonadaptive,wind,2310,192.41666666666663,1.4956631246185879
ergo_nonadaptive,wind,2311,192.5,1.4832282594775712
ergo_nonadaptive,wind,2312,192.58333333333337,1.5028476763102283
ergo_nonadaptive,wind,2313,192.66666666666663,1.4917012153043967
ergo_nonadaptive,wind,2314,192.75,1.4974116863887077
ergo_nonadaptive,wind,2315,192.83333333333337,1.499170572401349
ergo_nonadaptive,wind,2316,192.91666666666663,1.480426728756447
ergo_nonadaptive,wind,2317,193.0,1.471478879356576
ergo_nonadaptive,wind,2318,193.08333333333337,1.4597597818030559
ergo_nonadaptive,wind,2319,193.16666666666663,1.4351693872686757
ergo_nonadaptive,wind,2320,193.25,1.4490733319534908
ergo_nonadaptive,wind,2321,193.33333333333337,1.4475177642306434
ergo_nonadaptive,wind,2322,193.41666666666663,1.4550826023149537
ergo_nonadaptive,wind,2323,193.5,1.4538417981766192
ergo_nonadaptive,wind,2324,193.58333333333337,1.459096288831683
ergo_nonadaptive,wind,2325,193.66666666666663,1.4523226092053743
ergo_nonadaptive,wind,2326,193.75,1.4627233189900168
ergo_nonadaptive,wind,2327,193.83333333333337,1.451032075133276
ergo_nonadaptive,wind,2328,193.91666666666663,1.444347009237738
ergo_nonadaptive,wind,2329,194.0,1.4503086882036713
ergo_nonadaptive,wind,2330,194.08333333333337,1.4511506873828366
ergo_nonadaptive,wind,2331,194.16666666666663,1.4575050518458827
ergo_nonadaptive,wind,2332,194.25,1.4590021772733797
ergo_nonadaptive,wind,2333,194.33333333333337,1.4692408991945956
ergo_nonadaptive,wind,2334,194.41666666666663,1.4552608804898357
ergo_nonadaptive,wind,2335,194.5,1.4568090689206883
ergo_nonadaptive,wind,2336,194.58333333333337,1.4699393722566454
ergo_nonadaptive,wind,2337,194.66666666666663,1.4713978935571408
ergo_nonadaptive,wind,2338,194.75,1.4714679279929785
ergo_nonadaptive,wind,2339,194.83333333333337,1.46902958492846
ergo_nonadaptive,wind,2340,194.91666666666663,1.49189918993267
ergo_nonadaptive,wind,2341,195.0,1.4928366256303545
ergo_nonadaptive,wind,2342,195.08333333333337,1.4873644456698423
ergo_nonadaptive,wind,2343,195.16666666666663,1.5113719902015421
ergo_nonadaptive,wind,2344,195.25,1.526694947504933
ergo_nonadaptive,wind,2345,195.33333333333337,1.5349838282546484
ergo_nonadaptive,wind,2346,195.41666666666663,1.5130947807579134
ergo_nonadaptive,wind,2347,195.5,1.5424330877187682
ergo_nonadaptive,wind,2348,195.58333333333337,1.5407253821338898
ergo_nonadaptive,wind,2349,195.66666666666663,1.5730713451967002
ergo_nonadaptive,wind,2350,195.75,1.5817369494321374
ergo_nonadaptive,wind,2351,195.83333333333337,1.5970392331602727
ergo_nonadaptive,wind,2352,195.91666666666663,1.5916219403437701
ergo_nonadaptive,wind,2353,196.0,1.6238175684201184
ergo_nonadaptive,wind,2354,196.08333333333337,1.6654715484389593
ergo_nonadaptive,wind,2355,196.16666666666663,1.679427013876921
ergo_nonadaptive,wind,2356,196.25,1.6603629856572006
ergo_nonadaptive,wind,2357,196.33333333333337,1.6593948377860608
ergo_nonadaptive,wind,2358,196.41666666666663,1.678997837015811
ergo_nonadaptive,wind,2359,196.5,1.6860334552369083
ergo_nonadaptive,wind,2360,196.58333333333337,1.698273956667916
ergo_nonadaptive,wind,2361,196.66666666666663,1.702097435325928
ergo_nonadaptive,wind,2362,196.75,1.7570733757546968
ergo_nonadaptive,wind,2363,196.83333333333337,1.7317494652471273
ergo_nonadaptive,wind,2364,196.91666666666663,1.7465035212363331
ergo_nonadaptive,wind,2365,197.0,1.7885079894777622
ergo_nonadaptive,wind,2366,197.08333333333337,1.793588870259229
ergo_nonadaptive,wind,2367,197.16666666666663,1.7965989565934501
ergo_nonadaptive,wind,2368,197.25,1.8200847423949653
ergo_nonadaptive,wind,2369,197.33333333333337,1.8399530412824607
ergo_nonadaptive,wind,2370,197.41666666666663,1.8497429979381423
ergo_nonadaptive,wind,2371,197.5,1.8437243870073108
ergo_nonadaptive,wind,2372,197.58333333333337,1.8307644231289482
ergo_nonadaptive,wind,2373,197.66666666666663,1.8552711419139274
ergo_nonadaptive,wind,2374,197.75,1.8250831694488925
ergo_nonadaptive,wind,2375,197.83333333333337,1.8408373603207346
ergo_nonadaptive,wind,2376,197.91666666666663,1.8509631592537275
ergo_nonadaptive,wind,2377,198.0,1.8593937863762258
ergo_nonadaptive,wind,2378,198.08333333333337,1.840551903782631
ergo_nonadaptive,wind,2379,198.16666666666663,1.8483394780960711
ergo_nonadaptive,wind,2380,198.25,1.8249694537182468
ergo_nonadaptive,wind,2381,198.33333333333337,1.7850980607102627
ergo_nonadaptive,wind,2382,198.41666666666663,1.7923842695646517
ergo_nonadaptive,wind,2383,198.5,1.800188800366064
ergo_nonadaptive,wind,2384,198.58333333333337,1.8035796453797415
ergo_nonadaptive,wind,2385,198.66666666666663,1.8039703667402638
ergo_nonadaptive,wind,2386,198.75,1.7553468607583624
ergo_nonadaptive,wind,2387,198.83333333333337,1.7586107149879047
ergo_nonadaptive,wind,2388,198.91666666666663,1.7781642194163567
ergo_nonadaptive,wind,2389,199.0,1.781705990229615
ergo_nonadaptive,wind,2390,199.08333333333337,1.7341779152079597
ergo_nonadaptive,wind,2391,199.16666666666663,1.719138018733365
ergo_nonadaptive,wind,2392,199.25,1.7297355628223445
ergo_nonadaptive,wind,2393,199.33333333333337,1.7147538125401816
ergo_nonadaptive,wind,2394,199.41666666666663,1.6936357364395345
ergo_nonadaptive,wind,2395,199.5,1.660547116471682
ergo_nonadaptive,wind,2396,199.58333333333337,1.6646237936340014
ergo_nonadaptive,wind,2397,199.66666666666663,1.6640500440316184
ergo_nonadaptive,wind,2398,199.75,1.6764863336882123
ergo_nonadaptive,wind,2399,199.83333333333337,1.6678288562509407
ergo_nonadaptive,wind,2400,199.91666666666663,1.6645779307281758
ergo_nonadaptive,wind,2401,200.0,1.6417363880754032
ergo_nonadaptive,wind,2402,200.08333333333337,1.6005010433691924
ergo_nonadaptive,wind,2403,200.16666666666663,1.6059232267949557
ergo_nonadaptive,wind,2404,200.25,1.6057978790459093
ergo_nonadaptive,wind,2405,200.33333333333337,1.5957498997636206
ergo_nonadaptive,wind,2406,200.41666666666663,1.557197266399185
ergo_nonadaptive,wind,2407,200.5,1.58622447841528
ergo_nonadaptive,wind,2408,200.58333333333337,1.570371456379393
ergo_nonadaptive,wind,2409,200.66666666666663,1.5818408574125853
ergo_nonadaptive,wind,2410,200.75,1.5763803068071804
ergo_nonadaptive,wind,2411,200.83333333333337,1.5894676703283106
ergo_nonadaptive,wind,2412,200.91666666666663,1.5716587474919261
ergo_nonadaptive,wind,2413,201.0,1.5726058030252095
ergo_nonadaptive,wind,2414,201.08333333333337,1.5761795952220803
ergo_nonadaptive,wind,2415,201.16666666666663,1.5830163770332653
ergo_nonadaptive,wind,2416,201.25,1.5863138138365598
ergo_nonadaptive,wind,2417,201.33333333333337,1.5686850199153044
ergo_nonadaptive,wind,2418,201.41666666666663,1.570062808925924
ergo_nonadaptive,wind,2419,201.5,1.5703843496425516
ergo_nonadaptive,wind,2420,201.58333333333337,1.5822288425364475
ergo_nonadaptive,wind,2421,201.66666666666663,1.5630055914427576
ergo_nonadaptive,wind,2422,201.75,1.5764859330914034
ergo_nonadaptive,wind,2423,201.83333333333337,1.6046028854635246
ergo_nonadaptive,wind,2424,201.91666666666663,1.6205173631727636
ergo_nonadaptive,wind,2425,202.0,1.630030405436653
ergo_nonadaptive,wind,2426,202.08333333333337,1.6354354418470967
ergo_nonadaptive,wind,2427,202.16666666666663,1.6635482086758038
ergo_nonadaptive,wind,2428,202.25,1.664538558135521
ergo_nonadaptive,wind,2429,202.33333333333337,1.6599978142944996
ergo_nonadaptive,wind,2430,202.41666666666663,1.6584569582272095
ergo_nonadaptive,wind,2431,202.5,1.6426985444196978
ergo_nonadaptive,wind,2432,202.58333333333337,1.6392358318431646
ergo_nonadaptive,wind,2433,202.66666666666663,1.6475619947290252
ergo_nonadaptive,wind,2434,202.75,1.6692368356563636
ergo_nonadaptive,wind,2435,202.83333333333337,1.6674190028303264
ergo_nonadaptive,wind,2436,202.91666666666663,1.6839343275533978
ergo_nonadaptive,wind,2437,203.0,1.6856336044994253
ergo_nonadaptive,wind,2438,203.08333333333337,1.678727791504315
ergo_nonadaptive,wind,2439,203.16666666666663,1.6755025033185944
ergo_nonadaptive,wind,2440,203.25,1.6911787978797044
ergo_nonadaptive,wind,2441,203.33333333333337,1.7000218847113258
ergo_nonadaptive,wind,2442,203.41666666666663,1.6982363915396688
ergo_nonadaptive,wind,2443,203.5,1.7008403085292667
ergo_nonadaptive,wind,2444,203.58333333333337,1.7127701755288427
ergo_nonadaptive,wind,2445,203.66666666666663,1.708577477362372
ergo_nonadaptive,wind,2446,203.75,1.7057780486640133
ergo_nonadaptive,wind,2447,203.83333333333337,1.6872180001273294
ergo_nonadaptive,wind,2448,203.91666666666663,1.6791557166348925
ergo_nonadaptive,wind,2449,204.0,1.6821512871461788
ergo_nonadaptive,wind,2450,204.08333333333337,1.6702426534083432
ergo_nonadaptive,wind,2451,204.16666666666663,1.6707567641545813
ergo_nonadaptive,wind,2452,204.25,1.6567814264662954
ergo_nonadaptive,wind,2453,204.33333333333337,1.6547068718013016
ergo_nonadaptive,wind,2454,204.41666666666663,1.6486285731650014
ergo_nonadaptive,wind,2455,204.5,1.660986783437535
ergo_nonadaptive,wind,2456,204.58333333333337,1.6665975937604107
ergo_nonadaptive,wind,2457,204.66666666666663,1.6755887142066357
ergo_nonadaptive,wind,2458,204.75,1.683789074323922
ergo_nonadaptive,wind,2459,204.83333333333337,1.6727405334208405
ergo_nonadaptive,wind,2460,204.91666666666663,1.6760095319150918
ergo_nonadaptive,wind,2461,205.0,1.6844847718389935
ergo_nonadaptive,wind,2462,205.08333333333337,1.6734647194189307
ergo_nonadaptive,wind,2463,205.16666666666663,1.6828369045358815
ergo_nonadaptive,wind,2464,205.25,1.7057973575545253
ergo_nonadaptive,wind,2465,205.33333333333337,1.682635211449354
ergo_nonadaptive,wind,2466,205.41666666666663,1.6866017081038025
ergo_nonadaptive,wind,2467,205.5,1.674158679831387
ergo_nonadaptive,wind,2468,205.58333333333337,1.692393588999014
ergo_nonadaptive,wind,2469,205.66666666666663,1.6696344971712382
ergo_nonadaptive,wind,2470,205.75,1.6768820164967688
ergo_nonadaptive,wind,2471,205.83333333333337,1.6734574950460184
ergo_nonadaptive,wind,2472,205.91666666666663,1.6854740335835756
ergo_nonadaptive,wind,2473,206.0,1.6814104222558797
ergo_nonadaptive,wind,2474,206.08333333333337,1.6708536031506347
ergo_nonadaptive,wind,2475,206.16666666666663,1.6643809698492278
ergo_nonadaptive,wind,2476,206.25,1.6559978595036322
ergo_nonadaptive,wind,2477,206.33333333333337,1.6638431717435833
ergo_nonadaptive,wind,2478,206.41666666666663,1.6854724197638795
ergo_nonadaptive,wind,2479,206.5,1.6963888326316443
ergo_nonadaptive,wind,2480,206.58333333333337,1.6857846522290454
ergo_nonadaptive,wind,2481,206.66666666666663,1.679436274547059
ergo_nonadaptive,wind,2482,206.75,1.700095592254773
ergo_nonadaptive,wind,2483,206.83333333333337,1.682038258747603
ergo_nonadaptive,wind,2484,206.91666666666663,1.6800187644368134
ergo_nonadaptive,wind,2485,207.0,1.6719516891060435
ergo_nonadaptive,wind,2486,207.08333333333337,1.652559925520572
ergo_nonadaptive,wind,2487,207.16666666666663,1.6636465797128412
ergo_nonadaptive,wind,2488,207.25,1.6548176747206662
ergo_nonadaptive,wind,2489,207.33333333333337,1.6503068786243806
ergo_nonadaptive,wind,2490,207.41666666666663,1.6620277211726033
ergo_nonadaptive,wind,2491,207.5,1.6428518081609127
ergo_nonadaptive,wind,2492,207.58333333333337,1.6396053845618361
ergo_nonadaptive,wind,2493,207.66666666666663,1.6377157201775048
ergo_nonadaptive,wind,2494,207.75,1.6347406549262185
ergo_nonadaptive,wind,2495,207.83333333333337,1.6525901513413594
ergo_nonadaptive,wind,2496,207.91666666666663,1.6573264468766238
ergo_nonadaptive,wind,2497,208.0,1.652658071951765
ergo_nonadaptive,wind,2498,208.08333333333337,1.6093232882332937
ergo_nonadaptive,wind,2499,208.16666666666663,1.6215266095818208
ergo_nonadaptive,wind,2500,208.25,1.6153667555394486
ergo_nonadaptive,wind,2501,208.33333333333337,1.60775742977933
ergo_nonadaptive,wind,2502,208.41666666666663,1.5878818816919158
ergo_nonadaptive,wind,2503,208.5,1.5990405319896388
ergo_nonadaptive,wind,2504,208.58333333333337,1.578969958838366
ergo_nonadaptive,wind,2505,208.66666666666663,1.5831379571142852
ergo_nonadaptive,wind,2506,208.75,1.5807908728203586
ergo_nonadaptive,wind,2507,208.83333333333337,1.5910603292240306
ergo_nonadaptive,wind,2508,208.91666666666663,1.5932226207645988
ergo_nonadaptive,wind,2509,209.0,1.5895448871269722
ergo_nonadaptive,wind,2510,209.08333333333337,1.6123566271334593
ergo_nonadaptive,wind,2511,209.16666666666663,1.596919809388112
ergo_nonadaptive,wind,2512,209.25,1.5840080178745248
ergo_nonadaptive,wind,2513,209.33333333333337,1.5588634313462604
ergo_nonadaptive,wind,2514,209.41666666666663,1.57401938111963
ergo_nonadaptive,wind,2515,209.5,1.560317751497339
ergo_nonadaptive,wind,2516,209.58333333333337,1.5605730116033245
ergo_nonadaptive,wind,2517,209.66666666666663,1.566192880742314
ergo_nonadaptive,wind,2518,209.75,1.574873396318107
ergo_nonadaptive,wind,2519,209.83333333333337,1.553531590075478
ergo_nonadaptive,wind,2520,209.91666666666663,1.559815808709415
ergo_nonadaptive,wind,2521,210.0,1.5544171765856498
ergo_nonadaptive,wind,2522,210.08333333333337,1.5565699015216985
ergo_nonadaptive,wind,2523,210.16666666666663,1.557292651374418
ergo_nonadaptive,wind,2524,210.25,1.5523151801932966
ergo_nonadaptive,wind,2525,210.33333333333337,1.5420799484429568
ergo_nonadaptive,wind,2526,210.41666666666663,1.5635783619099204
ergo_nonadaptive,wind,2527,210.5,1.5657978031808797
ergo_nonadaptive,wind,2528,210.58333333333337,1.5517297375530503
ergo_nonadaptive,wind,2529,210.66666666666663,1.538254941468238
ergo_nonadaptive,wind,2530,210.75,1.538554741730933
ergo_nonadaptive,wind,2531,210.83333333333337,1.5376118008302646
ergo_nonadaptive,wind,2532,210.91666666666663,1.5434424622387273
ergo_nonadaptive,wind,2533,211.0,1.5421400336381044
ergo_nonadaptive,wind,2534,211.08333333333337,1.5443816334262963
ergo_nonadaptive,wind,2535,211.16666666666663,1.5488496863879948
ergo_nonadaptive,wind,2536,211.25,1.5517903620156586
ergo_nonadaptive,wind,2537,211.33333333333337,1.5544253646455533
ergo_nonadaptive,wind,2538,211.41666666666663,1.5478993789821756
ergo_nonadaptive,wind,2539,211.5,1.5637465880526822
ergo_nonadaptive,wind,2540,211.58333333333337,1.5800205666926281
ergo_nonadaptive,wind,2541,211.66666666666663,1.5980688139209318
ergo_nonadaptive,wind,2542,211.75,1.5987307947329292
ergo_nonadaptive,wind,2543,211.83333333333337,1.6086498415497066
ergo_nonadaptive,wind,2544,211.91666666666663,1.5960117370670404
ergo_nonadaptive,wind,2545,212.0,1.6012543954288305
ergo_nonadaptive,wind,2546,212.08333333333337,1.6075940391920513
ergo_nonadaptive,wind,2547,212.16666666666663,1.6103622694649182
ergo_nonadaptive,wind,2548,212.25,1.615534049002069
ergo_nonadaptive,wind,2549,212.33333333333337,1.6424094038184502
ergo_nonadaptive,wind,2550,212.41666666666663,1.6405963760116316
ergo_nonadaptive,wind,2551,212.5,1.675576891563516
ergo_nonadaptive,wind,2552,212.58333333333337,1.674241055883666
ergo_nonadaptive,wind,2553,212.66666666666663,1.7047116395438668
ergo_nonadaptive,wind,2554,212.75,1.7266730564595716
ergo_nonadaptive,wind,2555,212.83333333333337,1.7228332473724741
ergo_nonadaptive,wind,2556,212.91666666666663,1.7320992621455518
ergo_nonadaptive,wind,2557,213.0,1.7399596354390814
ergo_nonadaptive,wind,2558,213.08333333333337,1.760149242388625
ergo_nonadaptive,wind,2559,213.16666666666663,1.7553875023293422
ergo_nonadaptive,wind,2560,213.25,1.763340922523504
ergo_nonadaptive,wind,2561,213.33333333333337,1.7884171728430653
ergo_nonadaptive,wind,2562,213.41666666666663,1.787516383200724
ergo_nonadaptive,wind,2563,213.5,1.8403044419255656
ergo_nonadaptive,wind,2564,213.58333333333337,1.8354713752727105
ergo_nonadaptive,wind,2565,213.66666666666663,1.8363450861832606
ergo_nonadaptive,wind,2566,213.75,1.8276534658401193
ergo_nonadaptive,wind,2567,213.83333333333337,1.8640377277630416
ergo_nonadaptive,wind,2568,213.91666666666663,1.9145691207174689
ergo_nonadaptive,wind,2569,214.0,1.9421453790912468
ergo_nonadaptive,wind,2570,214.08333333333337,1.9392909045069011
ergo_nonadaptive,wind,2571,214.16666666666663,1.9763661034796882
ergo_nonadaptive,wind,2572,214.25,1.962646354231961
ergo_nonadaptive,wind,2573,214.33333333333337,1.95673850579508
ergo_nonadaptive,wind,2574,214.41666666666663,1.8914460049853814
ergo_nonadaptive,wind,2575,214.5,1.8839105132438274
ergo_nonadaptive,wind,2576,214.58333333333337,1.898009783241697
ergo_nonadaptive,wind,2577,214.66666666666663,1.865783596646144
ergo_nonadaptive,wind,2578,214.75,1.8689172841401804
ergo_nonadaptive,wind,2579,214.83333333333337,1.8903619061244816
ergo_nonadaptive,wind,2580,214.91666666666663,1.8241640652457352
ergo_nonadaptive,wind,2581,215.0,1.8468814256121897
ergo_nonadaptive,wind,2582,215.08333333333337,1.8334161061791556
ergo_nonadaptive,wind,2583,215.16666666666663,1.8105459045889754
ergo_nonadaptive,wind,2584,215.25,1.808244200951757
ergo_nonadaptive,wind,2585,215.33333333333337,1.7617980324946234
ergo_nonadaptive,wind,2586,215.41666666666663,1.7505351587269675
ergo_nonadaptive,wind,2587,215.5,1.7252166858258595
ergo_nonadaptive,wind,2588,215.58333333333337,1.7232441953224338
ergo_nonadaptive,wind,2589,215.66666666666663,1.7239006020851675
ergo_nonadaptive,wind,2590,215.75,1.708438475032603
ergo_nonadaptive,wind,2591,215.83333333333337,1.7077719332853123
ergo_nonadaptive,wind,2592,215.91666666666663,1.6933586428707945
ergo_nonadaptive,wind,2593,216.0,1.6608323843550463
ergo_nonadaptive,wind,2594,216.08333333333337,1.6276153304984236
ergo_nonadaptive,wind,2595,216.16666666666663,1.6174211853798777
ergo_nonadaptive,wind,2596,216.25,1.6310269156091555
ergo_nonadaptive,wind,2597,216.33333333333337,1.6373150508920313
ergo_nonadaptive,wind,2598,216.41666666666663,1.596494069389055
ergo_nonadaptive,wind,2599,216.5,1.5665980926657104
ergo_nonadaptive,wind,2600,216.58333333333337,1.5496775909603029
ergo_nonadaptive,wind,2601,216.66666666666663,1.5407903688627091
ergo_nonadaptive,wind,2602,216.75,1.5576817548409265
ergo_nonadaptive,wind,2603,216.83333333333337,1.57568589383471
ergo_nonadaptive,wind,2604,216.91666666666663,1.5759113608947115
ergo_nonadaptive,wind,2605,217.0,1.5675963238218003
ergo_nonadaptive,wind,2606,217.08333333333337,1.5711532793055123
ergo_nonadaptive,wind,2607,217.16666666666663,1.558663539615614
ergo_nonadaptive,wind,2608,217.25,1.5570850553404718
ergo_nonadaptive,wind,2609,217.33333333333337,1.524586349783317
ergo_nonadaptive,wind,2610,217.41666666666663,1.5040109602015352
ergo_nonadaptive,wind,2611,217.5,1.5213033670109304
ergo_nonadaptive,wind,2612,217.58333333333337,1.5403606693841592
ergo_nonadaptive,wind,2613,217.66666666666663,1.5415118738329556
ergo_nonadaptive,wind,2614,217.75,1.5311537174653986
ergo_nonadaptive,wind,2615,217.83333333333337,1.5175812088823546
ergo_nonadaptive,wind,2616,217.91666666666663,1.5239641577393832
ergo_nonadaptive,wind,2617,218.0,1.5006091140088595
ergo_nonadaptive,wind,2618,218.08333333333337,1.5149730041625526
ergo_nonadaptive,wind,2619,218.16666666666663,1.510426561501587
ergo_nonadaptive,wind,2620,218.25,1.5187238910155245
ergo_nonadaptive,wind,2621,218.33333333333337,1.5228775759809032
ergo_nonadaptive,wind,2622,218.41666666666663,1.5186733434892923
ergo_nonadaptive,wind,2623,218.5,1.50471794974528
ergo_nonadaptive,wind,2624,218.58333333333337,1.4838300287123976
ergo_nonadaptive,wind,2625,218.66666666666663,1.496277490713954
ergo_nonadaptive,wind,2626,218.75,1.514887293731687
ergo_nonadaptive,wind,2627,218.83333333333337,1.4860730993378943
ergo_nonadaptive,wind,2628,218.91666666666663,1.5109807676564937
ergo_nonadaptive,wind,2629,219.0,1.4989160714099479
ergo_nonadaptive,wind,2630,219.08333333333337,1.5154206330142963
ergo_nonadaptive,wind,2631,219.16666666666663,1.5163820098779754
ergo_nonadaptive,wind,2632,219.25,1.5153997543617208
ergo_nonadaptive,wind,2633,219.33333333333337,1.5095305646880706
ergo_nonadaptive,wind,2634,219.41666666666663,1.5076919450824302
ergo_nonadaptive,wind,2635,219.5,1.5086952388511214
ergo_nonadaptive,wind,2636,219.58333333333337,1.5049408243786966
ergo_nonadaptive,wind,2637,219.66666666666663,1.5057962743878364
ergo_nonadaptive,wind,2638,219.75,1.5187158088396937
ergo_nonadaptive,wind,2639,219.83333333333337,1.5124415824134023
ergo_nonadaptive,wind,2640,219.91666666666663,1.5122708433197887
ergo_nonadaptive,wind,2641,220.0,1.515921871296493
ergo_nonadaptive,wind,2642,220.08333333333337,1.5254907421534527
ergo_nonadaptive,wind,2643,220.16666666666663,1.5534110642779344
ergo_nonadaptive,wind,2644,220.25,1.5718631689627165
ergo_nonadaptive,wind,2645,220.33333333333337,1.5677159180494624
ergo_nonadaptive,wind,2646,220.41666666666663,1.564106914715784
ergo_nonadaptive,wind,2647,220.5,1.5384782355976059
ergo_nonadaptive,wind,2648,220.58333333333337,1.544166560860902
ergo_nonadaptive,wind,2649,220.66666666666663,1.548400772006422
ergo_nonadaptive,wind,2650,220.75,1.5455623708941746
ergo_nonadaptive,wind,2651,220.83333333333337,1.5397677534739305
ergo_nonadaptive,wind,2652,220.91666666666663,1.542176924525781
ergo_nonadaptive,wind,2653,221.0,1.5711251334255614
ergo_nonadaptive,wind,2654,221.08333333333337,1.568876982977335
ergo_nonadaptive,wind,2655,221.16666666666663,1.5726586466037558
ergo_nonadaptive,wind,2656,221.25,1.5851377794503043
ergo_nonadaptive,wind,2657,221.33333333333337,1.5803294840644662
ergo_nonadaptive,wind,2658,221.41666666666663,1.593250706670037
ergo_nonadaptive,wind,2659,221.5,1.6153081602304766
ergo_nonadaptive,wind,2660,221.58333333333337,1.6371512445172487
ergo_nonadaptive,wind,2661,221.66666666666663,1.6463501643899057
ergo_nonadaptive,wind,2662,221.75,1.6503052464615946
ergo_nonadaptive,wind,2663,221.83333333333337,1.6563407425794587
ergo_nonadaptive,wind,2664,221.91666666666663,1.6972693042406022
ergo_nonadaptive,wind,2665,222.0,1.7118474826168164
ergo_nonadaptive,wind,2666,222.08333333333337,1.7325583387842494
ergo_nonadaptive,wind,2667,222.16666666666663,1.7205969707130113
ergo_nonadaptive,wind,2668,222.25,1.729962698157888
ergo_nonadaptive,wind,2669,222.33333333333337,1.7622817317855035
ergo_nonadaptive,wind,2670,222.41666666666663,1.7961955272073917
ergo_nonadaptive,wind,2671,222.5,1.7389688772496132
ergo_nonadaptive,wind,2672,222.58333333333337,1.7446216462499098
ergo_nonadaptive,wind,2673,222.66666666666663,1.7256946256860004
ergo_nonadaptive,wind,2674,222.75,1.742659386113829
ergo_nonadaptive,wind,2675,222.83333333333337,1.7570651547459362
ergo_nonadaptive,wind,2676,222.91666666666663,1.7726603352571313
ergo_nonadaptive,wind,2677,223.0,1.8098448613838898
ergo_nonadaptive,wind,2678,223.08333333333337,1.7926817194328393
ergo_nonadaptive,wind,2679,223.16666666666663,1.8086157700022274
ergo_nonadaptive,wind,2680,223.25,1.8452268392720343
ergo_nonadaptive,wind,2681,223.33333333333337,1.8382390002609592
ergo_nonadaptive,wind,2682,223.41666666666663,1.8335250274874917
ergo_nonadaptive,wind,2683,223.5,1.8794365440519352
ergo_nonadaptive,wind,2684,223.58333333333337,1.8912519392283529
ergo_nonadaptive,wind,2685,223.66666666666663,1.8879522231632666
ergo_nonadaptive,wind,2686,223.75,1.928452515484395
ergo_nonadaptive,wind,2687,223.83333333333337,1.923321640626945
ergo_nonadaptive,wind,2688,223.91666666666663,1.8832485434491772
ergo_nonadaptive,wind,2689,224.0,1.8838898380197353
ergo_nonadaptive,wind,2690,224.08333333333337,1.8753796735160644
ergo_nonadaptive,wind,2691,224.16666666666663,1.8721256165966205
ergo_nonadaptive,wind,2692,224.25,1.9024239223338226
ergo_nonadaptive,wind,2693,224.33333333333337,1.8884836733371893
ergo_nonadaptive,wind,2694,224.41666666666663,1.8445546531137635
ergo_nonadaptive,wind,2695,224.5,1.8467967735173698
ergo_nonadaptive,wind,2696,224.58333333333337,1.8422129926153192
ergo_nonadaptive,wind,2697,224.66666666666663,1.8455451255517379
ergo_nonadaptive,wind,2698,224.75,1.8022617408721051
ergo_nonadaptive,wind,2699,224.83333333333337,1.798516456511836
ergo_nonadaptive,wind,2700,224.91666666666663,1.806784506179077
ergo_nonadaptive,wind,2701,225.0,1.791690495343002
ergo_nonadaptive,wind,2702,225.08333333333337,1.7798025048237829
ergo_nonadaptive,wind,2703,225.16666666666663,1.773466647524476
ergo_nonadaptive,wind,2704,225.25,1.7580914884737462
ergo_nonadaptive,wind,2705,225.33333333333337,1.747536082084537
ergo_nonadaptive,wind,2706,225.41666666666663,1.7266436714533153
ergo_nonadaptive,wind,2707,225.5,1.7059261925564833
ergo_nonadaptive,wind,2708,225.58333333333337,1.6987844577281062
ergo_nonadaptive,wind,2709,225.66666666666663,1.6736939154002826
ergo_nonadaptive,wind,2710,225.75,1.665054596484255
ergo_nonadaptive,wind,2711,225.83333333333337,1.6750201368186735
ergo_nonadaptive,wind,2712,225.91666666666663,1.6842940931946153
ergo_nonadaptive,wind,2713,226.0,1.6801948239462985
ergo_nonadaptive,wind,2714,226.08333333333337,1.6780293727503073
ergo_nonadaptive,wind,2715,226.16666666666663,1.7049913013175924
ergo_nonadaptive,wind,2716,226.25,1.7210373917720883
ergo_nonadaptive,wind,2717,226.33333333333337,1.7208616188597559
ergo_nonadaptive,wind,2718,226.41666666666663,1.6951989333125308
ergo_nonadaptive,wind,2719,226.5,1.6572172853044869
ergo_nonadaptive,wind,2720,226.58333333333337,1.648319349712783
ergo_nonadaptive,wind,2721,226.66666666666663,1.6485397456389435
ergo_nonadaptive,wind,2722,226.75,1.657094117314717
ergo_nonadaptive,wind,2723,226.83333333333337,1.6596558782913717
ergo_nonadaptive,wind,2724,226.91666666666663,1.6587109545106409
ergo_nonadaptive,wind,2725,227.0,1.6495066229883253
ergo_nonadaptive,wind,2726,227.08333333333337,1.641214736057563
ergo_nonadaptive,wind,2727,227.16666666666663,1.6477937000017617
ergo_nonadaptive,wind,2728,227.25,1.6443301528544367
ergo_nonadaptive,wind,2729,227.33333333333337,1.6668960522941305
ergo_nonadaptive,wind,2730,227.41666666666663,1.6674012008289978
ergo_nonadaptive,wind,2731,227.5,1.6612343263117744
ergo_nonadaptive,wind,2732,227.58333333333337,1.6826640700800253
ergo_nonadaptive,wind,2733,227.66666666666663,1.700887439445524
ergo_nonadaptive,wind,2734,227.75,1.6946821653748776
ergo_nonadaptive,wind,2735,227.83333333333337,1.709410105534708
ergo_nonadaptive,wind,2736,227.91666666666663,1.7262439990367913
ergo_nonadaptive,wind,2737,228.0,1.711958155767062
ergo_nonadaptive,wind,2738,228.08333333333337,1.7346675912865432
ergo_nonadaptive,wind,2739,228.16666666666663,1.7387308339889287
ergo_nonadaptive,wind,2740,228.25,1.7466773575291623
ergo_nonadaptive,wind,2741,228.33333333333337,1.762680489770982
ergo_nonadaptive,wind,2742,228.41666666666663,1.7462568720407499
ergo_nonadaptive,wind,2743,228.5,1.7370173078789486
ergo_nonadaptive,wind,2744,228.58333333333337,1.735281686410641
ergo_nonadaptive,wind,2745,228.66666666666663,1.7581424677415383
ergo_nonadaptive,wind,2746,228.75,1.7599424242399189
ergo_nonadaptive,wind,2747,228.83333333333337,1.7784738787657162
ergo_nonadaptive,wind,2748,228.91666666666663,1.7857142486063105
ergo_nonadaptive,wind,2749,229.0,1.7297695255814511
ergo_nonadaptive,wind,2750,229.08333333333337,1.727254728787585
ergo_nonadaptive,wind,2751,229.16666666666663,1.7351470883912592
ergo_nonadaptive,wind,2752,229.25,1.7213482740834463
ergo_nonadaptive,wind,2753,229.33333333333337,1.6957514879848112
ergo_nonadaptive,wind,2754,229.41666666666663,1.7120543899027294
ergo_nonadaptive,wind,2755,229.5,1.7210705946467157
ergo_nonadaptive,wind,2756,229.58333333333337,1.7104294006691367
ergo_nonadaptive,wind,2757,229.66666666666663,1.6950979920997993
ergo_nonadaptive,wind,2758,229.75,1.6752279391840865
ergo_nonadaptive,wind,2759,229.83333333333337,1.6670155629966545
ergo_nonadaptive,wind,2760,229.91666666666663,1.6577482163526953
ergo_nonadaptive,wind,2761,230.0,1.6783891764045564
ergo_nonadaptive,wind,2762,230.08333333333337,1.6947596263251183
ergo_nonadaptive,wind,2763,230.16666666666663,1.6871127870779705
ergo_nonadaptive,wind,2764,230.25,1.707985810670021
ergo_nonadaptive,wind,2765,230.33333333333337,1.7116602731564503
ergo_nonadaptive,wind,2766,230.41666666666663,1.7094115426941014
ergo_nonadaptive,wind,2767,230.5,1.7002701338262363
ergo_nonadaptive,wind,2768,230.58333333333337,1.6983893022902232
ergo_nonadaptive,wind,2769,230.66666666666663,1.7177647801029494
ergo_nonadaptive,wind,2770,230.75,1.7421819042863347
ergo_nonadaptive,wind,2771,230.83333333333337,1.7258746607684639
ergo_nonadaptive,wind,2772,230.91666666666663,1.7269035565652862
ergo_nonadaptive,wind,2773,231.0,1.7223461949588368
ergo_nonadaptive,wind,2774,231.08333333333337,1.7234795868173467
ergo_nonadaptive,wind,2775,231.16666666666663,1.7363950116455238
ergo_nonadaptive,wind,2776,231.25,1.7387793115624055
ergo_nonadaptive,wind,2777,231.33333333333337,1.73555610330689
ergo_nonadaptive,wind,2778,231.41666666666663,1.7172904893790861
ergo_nonadaptive,wind,2779,231.5,1.7097415502655369
ergo_nonadaptive,wind,2780,231.58333333333337,1.7163882129721961
ergo_nonadaptive,wind,2781,231.66666666666663,1.6950471385616144
ergo_nonadaptive,wind,2782,231.75,1.6867213711629443
ergo_nonadaptive,wind,2783,231.83333333333337,1.6699204662115317
ergo_nonadaptive,wind,2784,231.91666666666663,1.6745965638141753
ergo_nonadaptive,wind,2785,232.0,1.6712468183871836
ergo_nonadaptive,wind,2786,232.08333333333337,1.6685067617294629
ergo_nonadaptive,wind,2787,232.16666666666663,1.661254128736332
ergo_nonadaptive,wind,2788,232.25,1.6553662625592547
ergo_nonadaptive,wind,2789,232.33333333333337,1.6463903430694158
ergo_nonadaptive,wind,2790,232.41666666666663,1.6308188223201525
ergo_nonadaptive,wind,2791,232.5,1.6274575282584836
ergo_nonadaptive,wind,2792,232.58333333333337,1.6297494336694571
ergo_nonadaptive,wind,2793,232.66666666666663,1.6352609821912183
ergo_nonadaptive,wind,2794,232.75,1.6369501406134275
ergo_nonadaptive,wind,2795,232.83333333333337,1.6246029936922102
ergo_nonadaptive,wind,2796,232.91666666666663,1.6168378909219807
ergo_nonadaptive,wind,2797,233.0,1.6296318311481717
ergo_nonadaptive,wind,2798,233.08333333333337,1.6348014316302324
ergo_nonadaptive,wind,2799,233.16666666666663,1.6331464594756366
ergo_nonadaptive,wind,2800,233.25,1.631778527456437
ergo_nonadaptive,wind,2801,233.33333333333337,1.6382161292156752
ergo_nonadaptive,wind,2802,233.41666666666663,1.6524571548389857
ergo_nonadaptive,wind,2803,233.5,1.6335476925193615
ergo_nonadaptive,wind,2804,233.58333333333337,1.642882016106316
ergo_nonadaptive,wind,2805,233.66666666666663,1.6299625457350588
ergo_nonadaptive,wind,2806,233.75,1.630698439611534
ergo_nonadaptive,wind,2807,233.83333333333337,1.6271305280933677
ergo_nonadaptive,wind,2808,233.91666666666663,1.6271512258570764
ergo_nonadaptive,wind,2809,234.0,1.6291659578397804
ergo_nonadaptive,wind,2810,234.08333333333337,1.631371857724121
ergo_nonadaptive,wind,2811,234.16666666666663,1.605170314523868
ergo_nonadaptive,wind,2812,234.25,1.6115722239193386
ergo_nonadaptive,wind,2813,234.33333333333337,1.6125594958612954
ergo_nonadaptive,wind,2814,234.41666666666663,1.6236263914203624
ergo_nonadaptive,wind,2815,234.5,1.6409261257740315
ergo_nonadaptive,wind,2816,234.58333333333337,1.6359383112611865
ergo_nonadaptive,wind,2817,234.66666666666663,1.6439023128663888
ergo_nonadaptive,wind,2818,234.75,1.6440404512747362
ergo_nonadaptive,wind,2819,234.83333333333337,1.6186117240139248
ergo_nonadaptive,wind,2820,234.91666666666663,1.6087878833862321
ergo_nonadaptive,wind,2821,235.0,1.61347147316942
ergo_nonadaptive,wind,2822,235.08333333333337,1.6029912645864741
ergo_nonadaptive,wind,2823,235.16666666666663,1.58948072595734
ergo_nonadaptive,wind,2824,235.25,1.5850069881608606
ergo_nonadaptive,wind,2825,235.33333333333337,1.581745212481737
ergo_nonadaptive,wind,2826,235.41666666666663,1.5659067083798044
ergo_nonadaptive,wind,2827,235.5,1.5533334530111749
ergo_nonadaptive,wind,2828,235.58333333333337,1.548576369840211
ergo_nonadaptive,wind,2829,235.66666666666663,1.5376559433868604
ergo_nonadaptive,wind,2830,235.75,1.5539143587029467
ergo_nonadaptive,wind,2831,235.83333333333337,1.5572433491972393
ergo_nonadaptive,wind,2832,235.91666666666663,1.5589390498657532
ergo_nonadaptive,wind,2833,236.0,1.5512484117797407
ergo_nonadaptive,wind,2834,236.08333333333337,1.5337411646840264
ergo_nonadaptive,wind,2835,236.16666666666663,1.5467808796298153
ergo_nonadaptive,wind,2836,236.25,1.5465841124309365
ergo_nonadaptive,wind,2837,236.33333333333337,1.5278852869476724
ergo_nonadaptive,wind,2838,236.41666666666663,1.5191003771682354
ergo_nonadaptive,wind,2839,236.5,1.5287564711018087
ergo_nonadaptive,wind,2840,236.58333333333337,1.5384150706637785
ergo_nonadaptive,wind,2841,236.66666666666663,1.525334530868602
ergo_nonadaptive,wind,2842,236.75,1.5196192714486603
ergo_nonadaptive,wind,2843,236.83333333333337,1.523778273244596
ergo_nonadaptive,wind,2844,236.91666666666663,1.5202271353328063
ergo_nonadaptive,wind,2845,237.0,1.5244304166144929
ergo_nonadaptive,wind,2846,237.08333333333337,1.5266248510836118
ergo_nonadaptive,wind,2847,237.16666666666663,1.5235000139689454
ergo_nonadaptive,wind,2848,237.25,1.5286016318491176
ergo_nonadaptive,wind,2849,237.33333333333337,1.5178137852363323
ergo_nonadaptive,wind,2850,237.41666666666663,1.5259638308412957
ergo_nonadaptive,wind,2851,237.5,1.515549243212724
ergo_nonadaptive,wind,2852,237.58333333333337,1.5272004766649119
ergo_nonadaptive,wind,2853,237.66666666666663,1.5276358539637647
ergo_nonadaptive,wind,2854,237.75,1.534905417406293
ergo_nonadaptive,wind,2855,237.83333333333337,1.548305663385039
ergo_nonadaptive,wind,2856,237.91666666666663,1.5469023437941365
ergo_nonadaptive,wind,2857,238.0,1.5468795551252177
ergo_nonadaptive,wind,2858,238.08333333333337,1.5632356054188692
ergo_nonadaptive,wind,2859,238.16666666666663,1.5713228888711182
ergo_nonadaptive,wind,2860,238.25,1.5788412500799858
ergo_nonadaptive,wind,2861,238.33333333333337,1.5807662494949124
ergo_nonadaptive,wind,2862,238.41666666666663,1.5935358175439516
ergo_nonadaptive,wind,2863,238.5,1.616581518900571
ergo_nonadaptive,wind,2864,238.58333333333337,1.6267326043262271
ergo_nonadaptive,wind,2865,238.66666666666663,1.618363219333823
ergo_nonadaptive,wind,2866,238.75,1.6581136716492288
ergo_nonadaptive,wind,2867,238.83333333333337,1.6531781073913292
ergo_nonadaptive,wind,2868,238.91666666666663,1.6583667658576458
ergo_nonadaptive,wind,2869,239.0,1.6608944281703573
ergo_nonadaptive,wind,2870,239.08333333333337,1.6726997416455431
ergo_nonadaptive,wind,2871,239.16666666666663,1.6895511116837836
ergo_nonadaptive,wind,2872,239.25,1.7095756945338758
ergo_nonadaptive,wind,2873,239.33333333333337,1.6941327230505552
ergo_nonadaptive,wind,2874,239.41666666666663,1.6829217483563392
ergo_nonadaptive,wind,2875,239.5,1.68567488287411
ergo_nonadaptive,wind,2876,239.58333333333337,1.6911922072937848
ergo_nonadaptive,wind,2877,239.66666666666663,1.7290923985267461
ergo_nonadaptive,wind,2878,239.75,1.7888948013424018
ergo_nonadaptive,wind,2879,239.83333333333337,1.7974010755746515
ergo_nonadaptive,wind,2880,239.91666666666663,1.785933669279794
ergo_nonadaptive,wind,2881,240.0,1.7736117202301316
ergo_nonadaptive,wind,2882,240.08333333333337,1.7920111871894129
ergo_nonadaptive,wind,2883,240.16666666666663,1.8079022719419007
ergo_nonadaptive,wind,2884,240.25,1.8450572761048656
ergo_nonadaptive,wind,2885,240.33333333333337,1.8344229491921955
ergo_nonadaptive,wind,2886,240.41666666666663,1.8425413987429091
ergo_nonadaptive,wind,2887,240.5,1.8638403472448797
ergo_nonadaptive,wind,2888,240.58333333333337,1.8551787992804312
ergo_nonadaptive,wind,2889,240.66666666666663,1.858927629522734
ergo_nonadaptive,wind,2890,240.75,1.8704102337722115
ergo_nonadaptive,wind,2891,240.83333333333337,1.8434862795516778
ergo_nonadaptive,wind,2892,240.91666666666663,1.8364182854043274
ergo_nonadaptive,wind,2893,241.0,1.860560469035782
ergo_nonadaptive,wind,2894,241.08333333333337,1.8178807559382582
ergo_nonadaptive,wind,2895,241.16666666666663,1.776783593176699
ergo_nonadaptive,wind,2896,241.25,1.7249593041356674
ergo_nonadaptive,wind,2897,241.33333333333337,1.741351525958899
ergo_nonadaptive,wind,2898,241.41666666666663,1.7043230742973683
ergo_nonadaptive,wind,2899,241.5,1.6894286194216326
ergo_nonadaptive,wind,2900,241.58333333333337,1.6718762073675537
ergo_nonadaptive,wind,2901,241.66666666666663,1.6322405445790216
ergo_nonadaptive,wind,2902,241.75,1.62931406130218
ergo_nonadaptive,wind,2903,241.83333333333337,1.6176773209921849
ergo_nonadaptive,wind,2904,241.91666666666663,1.5886260547846502
ergo_nonadaptive,wind,2905,242.0,1.5476934658702293
ergo_nonadaptive,wind,2906,242.08333333333337,1.5664539140696154
ergo_nonadaptive,wind,2907,242.16666666666663,1.5749081764423172
ergo_nonadaptive,wind,2908,242.25,1.5664282500686486
ergo_nonadaptive,wind,2909,242.33333333333337,1.5833767653216897
ergo_nonadaptive,wind,2910,242.41666666666663,1.5704155065862733
ergo_nonadaptive,wind,2911,242.5,1.5740883990240655
ergo_nonadaptive,wind,2912,242.58333333333337,1.5779621156712127
ergo_nonadaptive,wind,2913,242.66666666666663,1.548805407713959
ergo_nonadaptive,wind,2914,242.75,1.5267698572405215
ergo_nonadaptive,wind,2915,242.83333333333337,1.530210106184609
ergo_nonadaptive,wind,2916,242.91666666666663,1.5374412681217415
ergo_nonadaptive,wind,2917,243.0,1.5236416032146076
ergo_nonadaptive,wind,2918,243.08333333333337,1.5059447355494675
ergo_nonadaptive,wind,2919,243.16666666666663,1.489542564883975
ergo_nonadaptive,wind,2920,243.25,1.4931223536507672
ergo_nonadaptive,wind,2921,243.33333333333337,1.4751013706712588
ergo_nonadaptive,wind,2922,243.41666666666663,1.4811285815976252
ergo_nonadaptive,wind,2923,243.5,1.4822217371425455
ergo_nonadaptive,wind,2924,243.58333333333337,1.4644116760533694
ergo_nonadaptive,wind,2925,243.66666666666663,1.4546426812050453
ergo_nonadaptive,wind,2926,243.75,1.4639582015867212
ergo_nonadaptive,wind,2927,243.83333333333337,1.4745506672323234
ergo_nonadaptive,wind,2928,243.91666666666663,1.4799324933043407
ergo_nonadaptive,wind,2929,244.0,1.4531159466522743
ergo_nonadaptive,wind,2930,244.08333333333337,1.4490284965063145
ergo_nonadaptive,wind,2931,244.16666666666663,1.4435084353425263
ergo_nonadaptive,wind,2932,244.25,1.4518012291311881
ergo_nonadaptive,wind,2933,244.33333333333337,1.4567356085081427
ergo_nonadaptive,wind,2934,244.41666666666663,1.4646728723342664
ergo_nonadaptive,wind,2935,244.5,1.4948074956457904
ergo_nonadaptive,wind,2936,244.58333333333337,1.5223349662263816
ergo_nonadaptive,wind,2937,244.66666666666663,1.5073303157019449
ergo_nonadaptive,wind,2938,244.75,1.4756077786557387
ergo_nonadaptive,wind,2939,244.83333333333337,1.4492566180394932
ergo_nonadaptive,wind,2940,244.91666666666663,1.4463875373288795
ergo_nonadaptive,wind,2941,245.0,1.4286077090545468
ergo_nonadaptive,wind,2942,245.08333333333337,1.4194473502060447
ergo_nonadaptive,wind,2943,245.16666666666663,1.4207726426677665
ergo_nonadaptive,wind,2944,245.25,1.429349533472905
ergo_nonadaptive,wind,2945,245.33333333333337,1.4648067554046231
ergo_nonadaptive,wind,2946,245.41666666666663,1.4612268918978177
ergo_nonadaptive,wind,2947,245.5,1.4448106289351181
ergo_nonadaptive,wind,2948,245.58333333333337,1.4430574359278612
ergo_nonadaptive,wind,2949,245.66666666666663,1.450309865653513
ergo_nonadaptive,wind,2950,245.75,1.447489345835639
ergo_nonadaptive,wind,2951,245.83333333333337,1.4457428606896228
ergo_nonadaptive,wind,2952,245.91666666666663,1.4579288391151362
ergo_nonadaptive,wind,2953,246.0,1.4494008329960575
ergo_nonadaptive,wind,2954,246.08333333333337,1.4574443849311658
ergo_nonadaptive,wind,2955,246.16666666666663,1.458716558396447
ergo_nonadaptive,wind,2956,246.25,1.4652915240107969
ergo_nonadaptive,wind,2957,246.33333333333337,1.4530760276685193
ergo_nonadaptive,wind,2958,246.41666666666663,1.4545825493968734
ergo_nonadaptive,wind,2959,246.5,1.4630171716390865
ergo_nonadaptive,wind,2960,246.58333333333337,1.4575422416904735
ergo_nonadaptive,wind,2961,246.66666666666663,1.4646992862099766
ergo_nonadaptive,wind,2962,246.75,1.473954646044804
ergo_nonadaptive,wind,2963,246.83333333333337,1.4871129715772113
ergo_nonadaptive,wind,2964,246.91666666666663,1.4959769874200715
ergo_nonadaptive,wind,2965,247.0,1.492901682231503
ergo_nonadaptive,wind,2966,247.08333333333337,1.5003765461004794
ergo_nonadaptive,wind,2967,247.16666666666663,1.5152739552861878
ergo_nonadaptive,wind,2968,247.25,1.5050575362265695
ergo_nonadaptive,wind,2969,247.33333333333337,1.5175547895841524
ergo_nonadaptive,wind,2970,247.41666666666663,1.5276985179677154
ergo_nonadaptive,wind,2971,247.5,1.5327355015136892
ergo_nonadaptive,wind,2972,247.58333333333337,1.5488676781032638
ergo_nonadaptive,wind,2973,247.66666666666663,1.5742249862756206
ergo_nonadaptive,wind,2974,247.75,1.5750156804761626
ergo_nonadaptive,wind,2975,247.83333333333337,1.5648737290843076
ergo_nonadaptive,wind,2976,247.91666666666663,1.589900604206737
ergo_nonadaptive,wind,2977,248.0,1.5840768699033523
ergo_nonadaptive,wind,2978,248.08333333333337,1.5878600510112446
ergo_nonadaptive,wind,2979,248.16666666666663,1.5887187252465618
ergo_nonadaptive,wind,2980,248.25,1.593703870360566
ergo_nonadaptive,wind,2981,248.33333333333337,1.614092186811441
ergo_nonadaptive,wind,2982,248.41666666666663,1.6464041030549257
ergo_nonadaptive,wind,2983,248.5,1.645397504651995
ergo_nonadaptive,wind,2984,248.58333333333337,1.6786576142559118
ergo_nonadaptive,wind,2985,248.66666666666663,1.7122313158025166
ergo_nonadaptive,wind,2986,248.75,1.7033060154065078
ergo_nonadaptive,wind,2987,248.83333333333337,1.6985861907798367
ergo_nonadaptive,wind,2988,248.91666666666663,1.7264818215387183
ergo_nonadaptive,wind,2989,249.0,1.738030801263713
ergo_nonadaptive,wind,2990,249.08333333333337,1.7146064658589213
ergo_nonadaptive,wind,2991,249.16666666666663,1.7152142063165403
ergo_nonadaptive,wind,2992,249.25,1.7506213780870525
ergo_nonadaptive,wind,2993,249.33333333333337,1.7669696739678749
ergo_nonadaptive,wind,2994,249.41666666666663,1.758332847647891
ergo_nonadaptive,wind,2995,249.5,1.7682761908840787
ergo_nonadaptive,wind,2996,249.58333333333337,1.766792521554479
ergo_nonadaptive,wind,2997,249.66666666666663,1.7593667297781417
ergo_nonadaptive,wind,2998,249.75,1.7891305160808422
ergo_nonadaptive,wind,2999,249.83333333333337,1.7805968069505336
ergo_nonadaptive,wind,3000,249.91666666666663,1.8065987381984452
ergo_nonadaptive,wind,3001,250.0,1.780447353192187
ergo_nonadaptive,wind,3002,250.08333333333337,1.7741359917003237
ergo_nonadaptive,wind,3003,250.16666666666663,1.7617119297736048
ergo_nonadaptive,wind,3004,250.25,1.744468826768337
ergo_nonadaptive,wind,3005,250.33333333333337,1.74454353846469
ergo_nonadaptive,wind,3006,250.41666666666663,1.7514856488789299
ergo_nonadaptive,wind,3007,250.5,1.7609360104479097
ergo_nonadaptive,wind,3008,250.58333333333337,1.772947263264914
ergo_nonadaptive,wind,3009,250.66666666666663,1.7188316421617884
ergo_nonadaptive,wind,3010,250.75,1.717960358889401
ergo_nonadaptive,wind,3011,250.83333333333337,1.7312612726937742
ergo_nonadaptive,wind,3012,250.91666666666663,1.7127712856116277
ergo_nonadaptive,wind,3013,251.0,1.7065536947732338
ergo_nonadaptive,wind,3014,251.08333333333337,1.6942006464957933
ergo_nonadaptive,wind,3015,251.16666666666663,1.6722367259373785
ergo_nonadaptive,wind,3016,251.25,1.645446889230313
ergo_nonadaptive,wind,3017,251.33333333333337,1.658206819295102
ergo_nonadaptive,wind,3018,251.41666666666663,1.6658989640815254
ergo_nonadaptive,wind,3019,251.5,1.631125074987927
ergo_nonadaptive,wind,3020,251.58333333333337,1.6601210751259556
ergo_nonadaptive,wind,3021,251.66666666666663,1.6015758631776376
ergo_nonadaptive,wind,3022,251.75,1.5880384060969437
ergo_nonadaptive,wind,3023,251.83333333333337,1.5790575637973314
ergo_nonadaptive,wind,3024,251.91666666666663,1.5809407498889487
ergo_nonadaptive,wind,3025,252.0,1.5831884092220752
ergo_nonadaptive,wind,3026,252.08333333333337,1.5905881784728992
ergo_nonadaptive,wind,3027,252.16666666666663,1.5786232925595023
ergo_nonadaptive,wind,3028,252.25,1.5674820469731015
ergo_nonadaptive,wind,3029,252.33333333333337,1.562924896862517
ergo_nonadaptive,wind,3030,252.41666666666663,1.5594435549095036
ergo_nonadaptive,wind,3031,252.5,1.5495744193486125
ergo_nonadaptive,wind,3032,252.58333333333337,1.5644713456676889
ergo_nonadaptive,wind,3033,252.66666666666663,1.567448678307587
ergo_nonadaptive,wind,3034,252.75,1.5711222001467937
ergo_nonadaptive,wind,3035,252.83333333333337,1.5641374065978906
ergo_nonadaptive,wind,3036,252.91666666666663,1.5516818206155945
ergo_nonadaptive,wind,3037,253.0,1.565105740879568
ergo_nonadaptive,wind,3038,253.08333333333337,1.5704779408976655
ergo_nonadaptive,wind,3039,253.16666666666663,1.5851038319476012
ergo_nonadaptive,wind,3040,253.25,1.5850868246352166
ergo_nonadaptive,wind,3041,253.33333333333337,1.613645729846177
ergo_nonadaptive,wind,3042,253.41666666666663,1.6270104623492863
ergo_nonadaptive,wind,3043,253.5,1.6470559204157773
ergo_nonadaptive,wind,3044,253.58333333333337,1.6577691118707678
ergo_nonadaptive,wind,3045,253.66666666666663,1.6548168699436339
ergo_nonadaptive,wind,3046,253.75,1.6462846730989042
ergo_nonadaptive,wind,3047,253.83333333333337,1.6541857199892083
ergo_nonadaptive,wind,3048,253.91666666666663,1.6809718892087715
ergo_nonadaptive,wind,3049,254.0,1.6691075975039056
ergo_nonadaptive,wind,3050,254.08333333333337,1.6882156169314098
ergo_nonadaptive,wind,3051,254.16666666666663,1.701596986100821
ergo_nonadaptive,wind,3052,254.25,1.6858805474544922
ergo_nonadaptive,wind,3053,254.33333333333337,1.7262389677682237
ergo_nonadaptive,wind,3054,254.41666666666663,1.7278190063506909
ergo_nonadaptive,wind,3055,254.5,1.7671501354370014
ergo_nonadaptive,wind,3056,254.58333333333337,1.7767175161033693
ergo_nonadaptive,wind,3057,254.66666666666663,1.7515025592058444
ergo_nonadaptive,wind,3058,254.75,1.7542768782003044
ergo_nonadaptive,wind,3059,254.83333333333337,1.754115674782888
ergo_nonadaptive,wind,3060,254.91666666666663,1.7331365838733481
ergo_nonadaptive,wind,3061,255.0,1.7275357113614414
ergo_nonadaptive,wind,3062,255.08333333333337,1.7016098379158422
ergo_nonadaptive,wind,3063,255.16666666666663,1.715273018450032
ergo_nonadaptive,wind,3064,255.25,1.7187610065570498
ergo_nonadaptive,wind,3065,255.33333333333337,1.7279715402639177
ergo_nonadaptive,wind,3066,255.41666666666663,1.677984152520831
ergo_nonadaptive,wind,3067,255.5,1.6761133994642832
ergo_nonadaptive,wind,3068,255.58333333333337,1.668388246945046
ergo_nonadaptive,wind,3069,255.66666666666663,1.6621541869003853
ergo_nonadaptive,wind,3070,255.75,1.6401642452058782
ergo_nonadaptive,wind,3071,255.83333333333337,1.6193823768059998
ergo_nonadaptive,wind,3072,255.91666666666663,1.6029189415067777
ergo_nonadaptive,wind,3073,256.0,1.586472054349031
ergo_nonadaptive,wind,3074,256.08333333333337,1.5690612625051044
ergo_nonadaptive,wind,3075,256.16666666666663,1.546761641651041
ergo_nonadaptive,wind,3076,256.25,1.546635889870331
ergo_nonadaptive,wind,3077,256.33333333333337,1.5073819167469389
ergo_nonadaptive,wind,3078,256.41666666666663,1.4795841579747775
ergo_nonadaptive,wind,3079,256.5,1.4796020108760755
ergo_nonadaptive,wind,3080,256.58333333333337,1.4745527062273183
ergo_nonadaptive,wind,3081,256.66666666666663,1.4367959731991815
ergo_nonadaptive,wind,3082,256.75,1.4527292621424797
ergo_nonadaptive,wind,3083,256.83333333333337,1.4379563137079472
ergo_nonadaptive,wind,3084,256.91666666666663,1.4486065164859512
ergo_nonadaptive,wind,3085,257.0,1.4238685374756368
ergo_nonadaptive,wind,3086,257.08333333333337,1.4400818067428844
ergo_nonadaptive,wind,3087,257.16666666666663,1.4397698077882821
ergo_nonadaptive,wind,3088,257.25,1.4203427922645415
ergo_nonadaptive,wind,3089,257.33333333333337,1.42561052326748
ergo_nonadaptive,wind,3090,257.41666666666663,1.4466875836809778
ergo_nonadaptive,wind,3091,257.5,1.4252817496180887
ergo_nonadaptive,wind,3092,257.58333333333337,1.421826137032271
ergo_nonadaptive,wind,3093,257.66666666666663,1.394347213077262
ergo_nonadaptive,wind,3094,257.75,1.3783350296686254
ergo_nonadaptive,wind,3095,257.83333333333337,1.383205561965052
ergo_nonadaptive,wind,3096,257.91666666666663,1.3827882555955027
ergo_nonadaptive,wind,3097,258.0,1.3730758460492503
ergo_nonadaptive,wind,3098,258.08333333333337,1.3756807612427266
ergo_nonadaptive,wind,3099,258.16666666666663,1.3740862287093354
ergo_nonadaptive,wind,3100,258.25,1.3760067704998367
ergo_nonadaptive,wind,3101,258.33333333333337,1.3496194858854567
ergo_nonadaptive,wind,3102,258.41666666666663,1.3418728525133643
ergo_nonadaptive,wind,3103,258.5,1.3404590843860271
ergo_nonadaptive,wind,3104,258.58333333333337,1.337612239332615
ergo_nonadaptive,wind,3105,258.66666666666663,1.356559138757352
ergo_nonadaptive,wind,3106,258.75,1.33965177848696
ergo_nonadaptive,wind,3107,258.83333333333337,1.352902549222345
ergo_nonadaptive,wind,3108,258.91666666666663,1.3407484370333107
ergo_nonadaptive,wind,3109,259.0,1.329246397060021
ergo_nonadaptive,wind,3110,259.08333333333337,1.3217770722479218
ergo_nonadaptive,wind,3111,259.16666666666663,1.3285214059830197
ergo_nonadaptive,wind,3112,259.25,1.318980399012196
ergo_nonadaptive,wind,3113,259.33333333333337,1.325996800280009
ergo_nonadaptive,wind,3114,259.41666666666663,1.3359857352127005
ergo_nonadaptive,wind,3115,259.5,1.3306819322624268
ergo_nonadaptive,wind,3116,259.58333333333337,1.343020272903894
ergo_nonadaptive,wind,3117,259.66666666666663,1.3628252656715791
ergo_nonadaptive,wind,3118,259.75,1.365052272452201
ergo_nonadaptive,wind,3119,259.83333333333337,1.3378583935224209
ergo_nonadaptive,wind,3120,259.91666666666663,1.330384815765201
ergo_nonadaptive,wind,3121,260.0,1.3410642206332521
ergo_nonadaptive,wind,3122,260.08333333333337,1.345906687494098
ergo_nonadaptive,wind,3123,260.16666666666663,1.3406149359782176
ergo_nonadaptive,wind,3124,260.25,1.353287753293702
ergo_nonadaptive,wind,3125,260.33333333333337,1.3403309433780763
ergo_nonadaptive,wind,3126,260.41666666666663,1.3588130483848608
ergo_nonadaptive,wind,3127,260.5,1.36142617448634
ergo_nonadaptive,wind,3128,260.58333333333337,1.3526539869111913
ergo_nonadaptive,wind,3129,260.66666666666663,1.3667521544384962
ergo_nonadaptive,wind,3130,260.75,1.362708554569278
ergo_nonadaptive,wind,3131,260.83333333333337,1.3652263982455894
ergo_nonadaptive,wind,3132,260.91666666666663,1.3792232800134827
ergo_nonadaptive,wind,3133,261.0,1.3943952698288655
ergo_nonadaptive,wind,3134,261.08333333333337,1.4043431432499924
ergo_nonadaptive,wind,3135,261.16666666666663,1.4032855734571237
ergo_nonadaptive,wind,3136,261.25,1.4220107137944462
ergo_nonadaptive,wind,3137,261.33333333333337,1.4318790586161703
ergo_nonadaptive,wind,3138,261.41666666666663,1.4399441712944154
ergo_nonadaptive,wind,3139,261.5,1.4458971221421162
ergo_nonadaptive,wind,3140,261.58333333333337,1.4146941288290922
ergo_nonadaptive,wind,3141,261.66666666666663,1.4193541653840156
ergo_nonadaptive,wind,3142,261.75,1.4317848928180323
ergo_nonadaptive,wind,3143,261.83333333333337,1.4409339551915976
ergo_nonadaptive,wind,3144,261.91666666666663,1.4577857324208667
ergo_nonadaptive,wind,3145,262.0,1.4559122852258832
ergo_nonadaptive,wind,3146,262.08333333333337,1.4713091094423667
ergo_nonadaptive,wind,3147,262.16666666666663,1.4698381959083768
ergo_nonadaptive,wind,3148,262.25,1.464358141287029
ergo_nonadaptive,wind,3149,262.33333333333337,1.4683186352688138
ergo_nonadaptive,wind,3150,262.41666666666663,1.4509792332893263
ergo_nonadaptive,wind,3151,262.5,1.4480500503541112
ergo_nonadaptive,wind,3152,262.58333333333337,1.4149569105731674
ergo_nonadaptive,wind,3153,262.66666666666663,1.4519799754792455
ergo_nonadaptive,wind,3154,262.75,1.4362773268898559
ergo_nonadaptive,wind,3155,262.83333333333337,1.4115063561464383
ergo_nonadaptive,wind,3156,262.91666666666663,1.4109605667024243
ergo_nonadaptive,wind,3157,263.0,1.418707190008658
ergo_nonadaptive,wind,3158,263.08333333333337,1.4071632240041527
ergo_nonadaptive,wind,3159,263.16666666666663,1.3772837565712372
ergo_nonadaptive,wind,3160,263.25,1.3526001279480766
ergo_nonadaptive,wind,3161,263.33333333333337,1.345324790094729
ergo_nonadaptive,wind,3162,263.41666666666663,1.3428212043784291
ergo_nonadaptive,wind,3163,263.5,1.3561820512395897
ergo_nonadaptive,wind,3164,263.58333333333337,1.3368963307490762
ergo_nonadaptive,wind,3165,263.66666666666663,1.3218791283620435
ergo_nonadaptive,wind,3166,263.75,1.32164071690626
ergo_nonadaptive,wind,3167,263.83333333333337,1.3153255217848134
ergo_nonadaptive,wind,3168,263.91666666666663,1.3089785533001128
ergo_nonadaptive,wind,3169,264.0,1.3099218169327898
ergo_nonadaptive,wind,3170,264.08333333333337,1.3126850207169225
ergo_nonadaptive,wind,3171,264.16666666666663,1.3238125210807163
ergo_nonadaptive,wind,3172,264.25,1.3260220433568444
ergo_nonadaptive,wind,3173,264.33333333333337,1.3116832258117963
ergo_nonadaptive,wind,3174,264.41666666666663,1.3108768333560792
ergo_nonadaptive,wind,3175,264.5,1.2905731479847427
ergo_nonadaptive,wind,3176,264.58333333333337,1.2902377690325253
ergo_nonadaptive,wind,3177,264.66666666666663,1.2983694185977996
ergo_nonadaptive,wind,3178,264.75,1.3094529340504835
ergo_nonadaptive,wind,3179,264.83333333333337,1.3064080793466428
ergo_nonadaptive,wind,3180,264.91666666666663,1.3114408246585603
ergo_nonadaptive,wind,3181,265.0,1.3070722619791668
ergo_nonadaptive,wind,3182,265.08333333333337,1.3028365413176906
ergo_nonadaptive,wind,3183,265.16666666666663,1.3158449283346176
ergo_nonadaptive,wind,3184,265.25,1.350410643508976
ergo_nonadaptive,wind,3185,265.33333333333337,1.365268057612703
ergo_nonadaptive,wind,3186,265.41666666666663,1.367486671077105
ergo_nonadaptive,wind,3187,265.5,1.386909837478193
ergo_nonadaptive,wind,3188,265.58333333333337,1.376641127352685
ergo_nonadaptive,wind,3189,265.66666666666663,1.381129535832178
ergo_nonadaptive,wind,3190,265.75,1.4240051907341609
ergo_nonadaptive,wind,3191,265.83333333333337,1.4154275409272858
ergo_nonadaptive,wind,3192,265.91666666666663,1.4015943895127436
ergo_nonadaptive,wind,3193,266.0,1.4762541376894573
ergo_nonadaptive,wind,3194,266.08333333333337,1.5008630191562509
ergo_nonadaptive,wind,3195,266.16666666666663,1.4810749993982908
ergo_nonadaptive,wind,3196,266.25,1.4889379905892741
ergo_nonadaptive,wind,3197,266.33333333333337,1.5380002920062756
ergo_nonadaptive,wind,3198,266.41666666666663,1.5428685555038228
ergo_nonadaptive,wind,3199,266.5,1.5577766992400146
ergo_nonadaptive,wind,3200,266.58333333333337,1.6098828553908981
ergo_nonadaptive,wind,3201,266.66666666666663,1.658818150890479
ergo_nonadaptive,wind,3202,266.75,1.6905406268061431
ergo_nonadaptive,wind,3203,266.83333333333337,1.715460654145824
ergo_nonadaptive,wind,3204,266.91666666666663,1.7558250774326891
ergo_nonadaptive,wind,3205,267.0,1.791062910078552
ergo_nonadaptive,wind,3206,267.08333333333337,1.751412762039415
ergo_nonadaptive,wind,3207,267.16666666666663,1.7874522659757879
ergo_nonadaptive,wind,3208,267.25,1.7649604854753165
ergo_nonadaptive,wind,3209,267.33333333333337,1.7853931413028319
ergo_nonadaptive,wind,3210,267.41666666666663,1.7794761906510088
ergo_nonadaptive,wind,3211,267.5,1.7818214154219998
ergo_nonadaptive,wind,3212,267.58333333333337,1.7822836934398227
ergo_nonadaptive,wind,3213,267.66666666666663,1.7509803531314545
ergo_nonadaptive,wind,3214,267.75,1.7146592162348682
ergo_nonadaptive,wind,3215,267.83333333333337,1.732322426079668
ergo_nonadaptive,wind,3216,267.91666666666663,1.7397047985927818
ergo_nonadaptive,wind,3217,268.0,1.746204856694276
ergo_nonadaptive,wind,3218,268.08333333333337,1.7289061284697862
ergo_nonadaptive,wind,3219,268.16666666666663,1.7038744618263146
ergo_nonadaptive,wind,3220,268.25,1.6888496130121815
ergo_nonadaptive,wind,3221,268.33333333333337,1.678421976760398
ergo_nonadaptive,wind,3222,268.41666666666663,1.6811688909228253
ergo_nonadaptive,wind,3223,268.5,1.6354183633534185
ergo_nonadaptive,wind,3224,268.58333333333337,1.5977475582825513
ergo_nonadaptive,wind,3225,268.66666666666663,1.6024263797794043
ergo_nonadaptive,wind,3226,268.75,1.5883689049910952
ergo_nonadaptive,wind,3227,268.83333333333337,1.5718943520084367
ergo_nonadaptive,wind,3228,268.91666666666663,1.5557589420657068
ergo_nonadaptive,wind,3229,269.0,1.5612982434132938
ergo_nonadaptive,wind,3230,269.08333333333337,1.5527427813365196
ergo_nonadaptive,wind,3231,269.16666666666663,1.5585144354585798
ergo_nonadaptive,wind,3232,269.25,1.5568701524474082
ergo_nonadaptive,wind,3233,269.33333333333337,1.5574794819020008
ergo_nonadaptive,wind,3234,269.41666666666663,1.5651105402535117
ergo_nonadaptive,wind,3235,269.5,1.5732611844350914
ergo_nonadaptive,wind,3236,269.58333333333337,1.555392485484617
ergo_nonadaptive,wind,3237,269.66666666666663,1.5597314245946667
ergo_nonadaptive,wind,3238,269.75,1.571789266724057
ergo_nonadaptive,wind,3239,269.83333333333337,1.5647185490203603
ergo_nonadaptive,wind,3240,269.91666666666663,1.5643192264197758
ergo_nonadaptive,wind,3241,270.0,1.5349527029111543
ergo_nonadaptive,wind,3242,270.08333333333337,1.5462344575465845
ergo_nonadaptive,wind,3243,270.16666666666663,1.547059097974282
ergo_nonadaptive,wind,3244,270.25,1.5635065939769393
ergo_nonadaptive,wind,3245,270.33333333333337,1.5742380355489762
ergo_nonadaptive,wind,3246,270.41666666666663,1.5758176431805642
ergo_nonadaptive,wind,3247,270.5,1.579056307738272
ergo_nonadaptive,wind,3248,270.58333333333337,1.574220785274137
ergo_nonadaptive,wind,3249,270.66666666666663,1.5746703036668455
ergo_nonadaptive,wind,3250,270.75,1.5993784112085543
ergo_nonadaptive,wind,3251,270.83333333333337,1.6168660147703098
ergo_nonadaptive,wind,3252,270.91666666666663,1.6296679726729641
ergo_nonadaptive,wind,3253,271.0,1.6335838261815903
ergo_nonadaptive,wind,3254,271.08333333333337,1.6139664087667989
ergo_nonadaptive,wind,3255,271.16666666666663,1.6025199846929303
ergo_nonadaptive,wind,3256,271.25,1.6087380384810943
ergo_nonadaptive,wind,3257,271.33333333333337,1.6022637676620957
ergo_nonadaptive,wind,3258,271.41666666666663,1.6131976741508347
ergo_nonadaptive,wind,3259,271.5,1.6058354163313124
ergo_nonadaptive,wind,3260,271.58333333333337,1.623131662334742
ergo_nonadaptive,wind,3261,271.66666666666663,1.6151875264458055
ergo_nonadaptive,wind,3262,271.75,1.623090795431614
ergo_nonadaptive,wind,3263,271.83333333333337,1.6210069375513583
ergo_nonadaptive,wind,3264,271.91666666666663,1.6238877083373777
ergo_nonadaptive,wind,3265,272.0,1.6146492140429825
ergo_nonadaptive,wind,3266,272.08333333333337,1.599670381148471
ergo_nonadaptive,wind,3267,272.16666666666663,1.593250303236488
ergo_nonadaptive,wind,3268,272.25,1.5965172014110312
ergo_nonadaptive,wind,3269,272.33333333333337,1.6064153531328602
ergo_nonadaptive,wind,3270,272.41666666666663,1.6173738042639425
ergo_nonadaptive,wind,3271,272.5,1.6023657119417891
ergo_nonadaptive,wind,3272,272.58333333333337,1.615414387396696
ergo_nonadaptive,wind,3273,272.66666666666663,1.6102096715787209
ergo_nonadaptive,wind,3274,272.75,1.6453323607285786
ergo_nonadaptive,wind,3275,272.83333333333337,1.650158124634732
ergo_nonadaptive,wind,3276,272.91666666666663,1.6502338739967555
ergo_nonadaptive,wind,3277,273.0,1.6553652021284802
ergo_nonadaptive,wind,3278,273.08333333333337,1.6323079094091877
ergo_nonadaptive,wind,3279,273.16666666666663,1.633245589344154
ergo_nonadaptive,wind,3280,273.25,1.6079171362857492
ergo_nonadaptive,wind,3281,273.33333333333337,1.5990265143233389
ergo_nonadaptive,wind,3282,273.41666666666663,1.6362069474911074
ergo_nonadaptive,wind,3283,273.5,1.6120563151858482
ergo_nonadaptive,wind,3284,273.58333333333337,1.5770354348142468
ergo_nonadaptive,wind,3285,273.66666666666663,1.5812835664811395
ergo_nonadaptive,wind,3286,273.75,1.6033621662042363
ergo_nonadaptive,wind,3287,273.83333333333337,1.5985404810057222
ergo_nonadaptive,wind,3288,273.91666666666663,1.6029723915148868
ergo_nonadaptive,wind,3289,274.0,1.6105958320943667
ergo_nonadaptive,wind,3290,274.08333333333337,1.5980989068486877
ergo_nonadaptive,wind,3291,274.16666666666663,1.5862275022264427
ergo_nonadaptive,wind,3292,274.25,1.5664066521703337
ergo_nonadaptive,wind,3293,274.33333333333337,1.5601041918538796
ergo_nonadaptive,wind,3294,274.41666666666663,1.5665383083283821
ergo_nonadaptive,wind,3295,274.5,1.5719887346672934
ergo_nonadaptive,wind,3296,274.58333333333337,1.5729610438974468
ergo_nonadaptive,wind,3297,274.66666666666663,1.5805119025689878
ergo_nonadaptive,wind,3298,274.75,1.598299710828613
ergo_nonadaptive,wind,3299,274.83333333333337,1.6128258381195926
ergo_nonadaptive,wind,3300,274.91666666666663,1.6264439835448443
ergo_nonadaptive,wind,3301,275.0,1.6447591953737037
ergo_nonadaptive,wind,3302,275.08333333333337,1.6662649692967524
ergo_nonadaptive,wind,3303,275.16666666666663,1.6758661856673576
ergo_nonadaptive,wind,3304,275.25,1.6602101368742206
ergo_nonadaptive,wind,3305,275.33333333333337,1.6539257402062826
ergo_nonadaptive,wind,3306,275.41666666666663,1.650616876772455
ergo_nonadaptive,wind,3307,275.5,1.6507837289557497
ergo_nonadaptive,wind,3308,275.58333333333337,1.6423080974403514
ergo_nonadaptive,wind,3309,275.66666666666663,1.6706073893130031
ergo_nonadaptive,wind,3310,275.75,1.6615368620062638
ergo_nonadaptive,wind,3311,275.83333333333337,1.6745402007279038
ergo_nonadaptive,wind,3312,275.91666666666663,1.6870252044723337
ergo_nonadaptive,wind,3313,276.0,1.6979161241145522
ergo_nonadaptive,wind,3314,276.08333333333337,1.708333186291507
ergo_nonadaptive,wind,3315,276.16666666666663,1.7452998526347618
ergo_nonadaptive,wind,3316,276.25,1.7798844134674816
ergo_nonadaptive,wind,3317,276.33333333333337,1.8220889259880177
ergo_nonadaptive,wind,3318,276.41666666666663,1.800805777005214
ergo_nonadaptive,wind,3319,276.5,1.798500999422961
ergo_nonadaptive,wind,3320,276.58333333333337,1.8052199122263441
ergo_nonadaptive,wind,3321,276.66666666666663,1.8449284879660979
ergo_nonadaptive,wind,3322,276.75,1.8021954126605388
ergo_nonadaptive,wind,3323,276.83333333333337,1.7634491927606954
ergo_nonadaptive,wind,3324,276.91666666666663,1.7453290928896537
ergo_nonadaptive,wind,3325,277.0,1.752915706617731
ergo_nonadaptive,wind,3326,277.08333333333337,1.7402640346704412
ergo_nonadaptive,wind,3327,277.16666666666663,1.7732061195996294
ergo_nonadaptive,wind,3328,277.25,1.7729203171859782
ergo_nonadaptive,wind,3329,277.33333333333337,1.7111439370678563
ergo_nonadaptive,wind,3330,277.41666666666663,1.6996021512115262
ergo_nonadaptive,wind,3331,277.5,1.7070324013996205
ergo_nonadaptive,wind,3332,277.58333333333337,1.735896345526214
ergo_nonadaptive,wind,3333,277.66666666666663,1.7365837245802767
ergo_nonadaptive,wind,3334,277.75,1.7337638963632114
ergo_nonadaptive,wind,3335,277.83333333333337,1.7114922343817276
ergo_nonadaptive,wind,3336,277.91666666666663,1.6961352375152294
ergo_nonadaptive,wind,3337,278.0,1.664424783214571
ergo_nonadaptive,wind,3338,278.08333333333337,1.6591365713259205
ergo_nonadaptive,wind,3339,278.16666666666663,1.646349738246651
ergo_nonadaptive,wind,3340,278.25,1.6240521787346394
ergo_nonadaptive,wind,3341,278.33333333333337,1.651788780063996
ergo_nonadaptive,wind,3342,278.41666666666663,1.6516142815342725
ergo_nonadaptive,wind,3343,278.5,1.6155501759603788
ergo_nonadaptive,wind,3344,278.58333333333337,1.6167342471994055
ergo_nonadaptive,wind,3345,278.66666666666663,1.5829346330408183
ergo_nonadaptive,wind,3346,278.75,1.566182791086279
ergo_nonadaptive,wind,3347,278.83333333333337,1.5641015704896153
ergo_nonadaptive,wind,3348,278.91666666666663,1.5626144247551363
ergo_nonadaptive,wind,3349,279.0,1.5526328080942142
ergo_nonadaptive,wind,3350,279.08333333333337,1.5220904290004398
ergo_nonadaptive,wind,3351,279.16666666666663,1.513745512622291
ergo_nonadaptive,wind,3352,279.25,1.5080114787727665
ergo_nonadaptive,wind,3353,279.33333333333337,1.5245345852776693
ergo_nonadaptive,wind,3354,279.41666666666663,1.50886565566672
ergo_nonadaptive,wind,3355,279.5,1.4878173147792044
ergo_nonadaptive,wind,3356,279.58333333333337,1.4991747767490504
ergo_nonadaptive,wind,3357,279.66666666666663,1.488929141182411
ergo_nonadaptive,wind,3358,279.75,1.491633277746339
ergo_nonadaptive,wind,3359,279.83333333333337,1.4874533322506462
ergo_nonadaptive,wind,3360,279.91666666666663,1.496552851119931
ergo_nonadaptive,wind,3361,280.0,1.4952298566551339
ergo_nonadaptive,wind,3362,280.08333333333337,1.4861237688156717
ergo_nonadaptive,wind,3363,280.16666666666663,1.4839876595998498
ergo_nonadaptive,wind,3364,280.25,1.4640427435518537
ergo_nonadaptive,wind,3365,280.33333333333337,1.4810762904891985
ergo_nonadaptive,wind,3366,280.41666666666663,1.4708691181082978
ergo_nonadaptive,wind,3367,280.5,1.4911367092337258
ergo_nonadaptive,wind,3368,280.58333333333337,1.4857416557871461
ergo_nonadaptive,wind,3369,280.66666666666663,1.4806802299032344
ergo_nonadaptive,wind,3370,280.75,1.4682033252943916
ergo_nonadaptive,wind,3371,280.83333333333337,1.4614648769741974
ergo_nonadaptive,wind,3372,280.91666666666663,1.4563258971209945
ergo_nonadaptive,wind,3373,281.0,1.4606163445243354
ergo_nonadaptive,wind,3374,281.08333333333337,1.463698212757621
ergo_nonadaptive,wind,3375,281.16666666666663,1.460262691909602
ergo_nonadaptive,wind,3376,281.25,1.4600812401419547
ergo_nonadaptive,wind,3377,281.33333333333337,1.4720956117188395
ergo_nonadaptive,wind,3378,281.41666666666663,1.4600516386809206
ergo_nonadaptive,wind,3379,281.5,1.45934955208461
ergo_nonadaptive,wind,3380,281.58333333333337,1.465382465644829
ergo_nonadaptive,wind,3381,281.66666666666663,1.4669438015967162
ergo_nonadaptive,wind,3382,281.75,1.4521747251336525
ergo_nonadaptive,wind,3383,281.83333333333337,1.4492800566373714
ergo_nonadaptive,wind,3384,281.91666666666663,1.4579641032701385
ergo_nonadaptive,wind,3385,282.0,1.4625633306956847
ergo_nonadaptive,wind,3386,282.08333333333337,1.465970344938492
ergo_nonadaptive,wind,3387,282.16666666666663,1.4704826508412225
ergo_nonadaptive,wind,3388,282.25,1.4640552462194174
ergo_nonadaptive,wind,3389,282.33333333333337,1.4630609384939794
ergo_nonadaptive,wind,3390,282.41666666666663,1.4656389125890905
ergo_nonadaptive,wind,3391,282.5,1.4667372307868465
ergo_nonadaptive,wind,3392,282.58333333333337,1.4701922485263457
ergo_nonadaptive,wind,3393,282.66666666666663,1.4704065441522303
ergo_nonadaptive,wind,3394,282.75,1.475611928575042
ergo_nonadaptive,wind,3395,282.83333333333337,1.4833647567268415
ergo_nonadaptive,wind,3396,282.91666666666663,1.4858300931231196
ergo_nonadaptive,wind,3397,283.0,1.4880054862722871
ergo_nonadaptive,wind,3398,283.08333333333337,1.4912116365040822
ergo_nonadaptive,wind,3399,283.16666666666663,1.4892077249507796
ergo_nonadaptive,wind,3400,283.25,1.4988825856043733
ergo_nonadaptive,wind,3401,283.33333333333337,1.5012129160105598
ergo_nonadaptive,wind,3402,283.41666666666663,1.49604711604631
ergo_nonadaptive,wind,3403,283.5,1.5131041994285157
ergo_nonadaptive,wind,3404,283.58333333333337,1.5041377106686797
ergo_nonadaptive,wind,3405,283.66666666666663,1.5153275678424263
ergo_nonadaptive,wind,3406,283.75,1.5224751467044964
ergo_nonadaptive,wind,3407,283.83333333333337,1.5129786189744556
ergo_nonadaptive,wind,3408,283.91666666666663,1.527949983816213
ergo_nonadaptive,wind,3409,284.0,1.550685323475373
ergo_nonadaptive,wind,3410,284.08333333333337,1.555911788708735
ergo_nonadaptive,wind,3411,284.16666666666663,1.5578289456795622
ergo_nonadaptive,wind,3412,284.25,1.574270650891095
ergo_nonadaptive,wind,3413,284.33333333333337,1.5762894586060332
ergo_nonadaptive,wind,3414,284.41666666666663,1.6016021177480688
ergo_nonadaptive,wind,3415,284.5,1.5952595672626209
ergo_nonadaptive,wind,3416,284.58333333333337,1.6134650220310849
ergo_nonadaptive,wind,3417,284.66666666666663,1.619061019120497
ergo_nonadaptive,wind,3418,284.75,1.615226234697418
ergo_nonadaptive,wind,3419,284.83333333333337,1.6467243008101862
ergo_nonadaptive,wind,3420,284.91666666666663,1.6377860575069774
ergo_nonadaptive,wind,3421,285.0,1.670644107925073
ergo_nonadaptive,wind,3422,285.08333333333337,1.6745908485587242
ergo_nonadaptive,wind,3423,285.16666666666663,1.6670269940067093
ergo_nonadaptive,wind,3424,285.25,1.6332812386170779
ergo_nonadaptive,wind,3425,285.33333333333337,1.683996955067229
ergo_nonadaptive,wind,3426,285.41666666666663,1.6458993695891617
ergo_nonadaptive,wind,3427,285.5,1.6644058899063015
ergo_nonadaptive,wind,3428,285.58333333333337,1.6748783140254921
ergo_nonadaptive,wind,3429,285.66666666666663,1.6868740894915555
ergo_nonadaptive,wind,3430,285.75,1.7127886489466506
ergo_nonadaptive,wind,3431,285.83333333333337,1.6937252492074444
ergo_nonadaptive,wind,3432,285.91666666666663,1.7045225989047497
ergo_nonadaptive,wind,3433,286.0,1.709932973655649
ergo_nonadaptive,wind,3434,286.08333333333337,1.6754472576642567
ergo_nonadaptive,wind,3435,286.16666666666663,1.684692790419251
ergo_nonadaptive,wind,3436,286.25,1.6387452937870055
ergo_nonadaptive,wind,3437,286.33333333333337,1.642362272417689
ergo_nonadaptive,wind,3438,286.41666666666663,1.6394732888242343
ergo_nonadaptive,wind,3439,286.5,1.6346576848414205
ergo_nonadaptive,wind,3440,286.58333333333337,1.6284807307344347
ergo_nonadaptive,wind,3441,286.66666666666663,1.6072693404435792
ergo_nonadaptive,wind,3442,286.75,1.6081490665052616
ergo_nonadaptive,wind,3443,286.83333333333337,1.5890395994550865
ergo_nonadaptive,wind,3444,286.91666666666663,1.5746011198927876
ergo_nonadaptive,wind,3445,287.0,1.5649333739579678
ergo_nonadaptive,wind,3446,287.08333333333337,1.5396091986064886
ergo_nonadaptive,wind,3447,287.16666666666663,1.5134698368273944
ergo_nonadaptive,wind,3448,287.25,1.5174073226473563
ergo_nonadaptive,wind,3449,287.33333333333337,1.529230934410293
ergo_nonadaptive,wind,3450,287.41666666666663,1.5229767738403923
ergo_nonadaptive,wind,3451,287.5,1.5170465454965185
ergo_nonadaptive,wind,3452,287.58333333333337,1.4930497106900087
ergo_nonadaptive,wind,3453,287.66666666666663,1.499018315605695
ergo_nonadaptive,wind,3454,287.75,1.5024186819871597
ergo_nonadaptive,wind,3455,287.83333333333337,1.5019667251788897
ergo_nonadaptive,wind,3456,287.91666666666663,1.4836420047716428
ergo_nonadaptive,wind,3457,288.0,1.4667885373117002
ergo_nonadaptive,wind,3458,288.08333333333337,1.4530583547847324
ergo_nonadaptive,wind,3459,288.16666666666663,1.4401473678382128
ergo_nonadaptive,wind,3460,288.25,1.4481491796333643
ergo_nonadaptive,wind,3461,288.33333333333337,1.4477652579081028
ergo_nonadaptive,wind,3462,288.41666666666663,1.4548838149274979
ergo_nonadaptive,wind,3463,288.5,1.4531606616835813
ergo_nonadaptive,wind,3464,288.58333333333337,1.4766911001400287
ergo_nonadaptive,wind,3465,288.66666666666663,1.4783980768361156
ergo_nonadaptive,wind,3466,288.75,1.477414370596086
ergo_nonadaptive,wind,3467,288.83333333333337,1.4637582574058292
ergo_nonadaptive,wind,3468,288.91666666666663,1.4747071972882693
ergo_nonadaptive,wind,3469,289.0,1.4803638283522667
ergo_nonadaptive,wind,3470,289.08333333333337,1.4885328217082172
ergo_nonadaptive,wind,3471,289.16666666666663,1.5132931669655287
ergo_nonadaptive,wind,3472,289.25,1.5243980036450204
ergo_nonadaptive,wind,3473,289.33333333333337,1.5176469319797135
ergo_nonadaptive,wind,3474,289.41666666666663,1.514371288129608
ergo_nonadaptive,wind,3475,289.5,1.536617162383762
ergo_nonadaptive,wind,3476,289.58333333333337,1.57550675840776
ergo_nonadaptive,wind,3477,289.66666666666663,1.5999531224372798
ergo_nonadaptive,wind,3478,289.75,1.6055719375200683
ergo_nonadaptive,wind,3479,289.83333333333337,1.6391744742652201
ergo_nonadaptive,wind,3480,289.91666666666663,1.662838314621839
ergo_nonadaptive,wind,3481,290.0,1.6622574379884762
ergo_nonadaptive,wind,3482,290.08333333333337,1.7187192139990282
ergo_nonadaptive,wind,3483,290.16666666666663,1.7288482516981425
ergo_nonadaptive,wind,3484,290.25,1.750346583417102
ergo_nonadaptive,wind,3485,290.33333333333337,1.7667363881778013
ergo_nonadaptive,wind,3486,290.41666666666663,1.802293655604791
ergo_nonadaptive,wind,3487,290.5,1.8503637460529712
ergo_nonadaptive,wind,3488,290.58333333333337,1.87681968469013
ergo_nonadaptive,wind,3489,290.66666666666663,1.881378304717595
ergo_nonadaptive,wind,3490,290.75,1.9226508396331474
ergo_nonadaptive,wind,3491,290.83333333333337,1.9196217398414521
ergo_nonadaptive,wind,3492,290.91666666666663,1.944230541403934
ergo_nonadaptive,wind,3493,291.0,1.962055634435519
ergo_nonadaptive,wind,3494,291.08333333333337,2.0410531708016264
ergo_nonadaptive,wind,3495,291.16666666666663,2.0292446948242677
ergo_nonadaptive,wind,3496,291.25,2.0268727086403726
ergo_nonadaptive,wind,3497,291.33333333333337,2.0633182530571963
ergo_nonadaptive,wind,3498,291.41666666666663,2.073403239370229
ergo_nonadaptive,wind,3499,291.5,2.0619408497966605
ergo_nonadaptive,wind,3500,291.58333333333337,2.0612497486680863
ergo_nonadaptive,wind,3501,291.66666666666663,2.0077841459221064
ergo_nonadaptive,wind,3502,291.75,1.984416276826361
ergo_nonadaptive,wind,3503,291.83333333333337,1.9794660361254728
ergo_nonadaptive,wind,3504,291.91666666666663,1.972778947859193
ergo_nonadaptive,wind,3505,292.0,1.9365175459595485
ergo_nonadaptive,wind,3506,292.08333333333337,1.9161469276294423
ergo_nonadaptive,wind,3507,292.16666666666663,1.8824358130292949
ergo_nonadaptive,wind,3508,292.25,1.8624320773288137
ergo_nonadaptive,wind,3509,292.33333333333337,1.8482025835072637
ergo_nonadaptive,wind,3510,292.41666666666663,1.8151211434707146
ergo_nonadaptive,wind,3511,292.5,1.7946661193175875
ergo_nonadaptive,wind,3512,292.58333333333337,1.7810604599744968
ergo_nonadaptive,wind,3513,292.66666666666663,1.753717659519457
ergo_nonadaptive,wind,3514,292.75,1.7205740144456196
ergo_nonadaptive,wind,3515,292.83333333333337,1.709115198357447
ergo_nonadaptive,wind,3516,292.91666666666663,1.70058138496424
ergo_nonadaptive,wind,3517,293.0,1.6938807771232451
ergo_nonadaptive,wind,3518,293.08333333333337,1.6549874450039979
ergo_nonadaptive,wind,3519,293.16666666666663,1.6300621046355974
ergo_nonadaptive,wind,3520,293.25,1.6122725660161052
ergo_nonadaptive,wind,3521,293.33333333333337,1.5665204394437995
ergo_nonadaptive,wind,3522,293.41666666666663,1.556807498468414
ergo_nonadaptive,wind,3523,293.5,1.5568219577186428
ergo_nonadaptive,wind,3524,293.58333333333337,1.550566801386172
ergo_nonadaptive,wind,3525,293.66666666666663,1.560676676921498
ergo_nonadaptive,wind,3526,293.75,1.5541676835140592
ergo_nonadaptive,wind,3527,293.83333333333337,1.5295042134102494
ergo_nonadaptive,wind,3528,293.91666666666663,1.530390155751168
ergo_nonadaptive,wind,3529,294.0,1.5261494905172304
ergo_nonadaptive,wind,3530,294.08333333333337,1.5211416911863844
ergo_nonadaptive,wind,3531,294.16666666666663,1.5071338748535585
ergo_nonadaptive,wind,3532,294.25,1.4881143253677258
ergo_nonadaptive,wind,3533,294.33333333333337,1.4990268735368644
ergo_nonadaptive,wind,3534,294.41666666666663,1.497943100711439
ergo_nonadaptive,wind,3535,294.5,1.4805211046097815
ergo_nonadaptive,wind,3536,294.58333333333337,1.471537029084943
ergo_nonadaptive,wind,3537,294.66666666666663,1.4512468173587416
ergo_nonadaptive,wind,3538,294.75,1.44864502287115
ergo_nonadaptive,wind,3539,294.83333333333337,1.444498606569983
ergo_nonadaptive,wind,3540,294.91666666666663,1.4289631986059825
ergo_nonadaptive,wind,3541,295.0,1.4161350343164647
ergo_nonadaptive,wind,3542,295.08333333333337,1.4209329450035817
ergo_nonadaptive,wind,3543,295.16666666666663,1.4121417970042087
ergo_nonadaptive,wind,3544,295.25,1.4181553797103468
ergo_nonadaptive,wind,3545,295.33333333333337,1.4087595151080992
ergo_nonadaptive,wind,3546,295.41666666666663,1.4032579675039112
ergo_nonadaptive,wind,3547,295.5,1.3750254618344413
ergo_nonadaptive,wind,3548,295.58333333333337,1.3764199572936289
ergo_nonadaptive,wind,3549,295.66666666666663,1.359519432757678
ergo_nonadaptive,wind,3550,295.75,1.3573817512811386
ergo_nonadaptive,wind,3551,295.83333333333337,1.35830270729721
ergo_nonadaptive,wind,3552,295.91666666666663,1.3627971025078771
ergo_nonadaptive,wind,3553,296.0,1.3527766618734591
ergo_nonadaptive,wind,3554,296.08333333333337,1.3367322766602028
ergo_nonadaptive,wind,3555,296.16666666666663,1.339586532564498
ergo_nonadaptive,wind,3556,296.25,1.3365936638933325
ergo_nonadaptive,wind,3557,296.33333333333337,1.3236571931767447
ergo_nonadaptive,wind,3558,296.41666666666663,1.31180169115368
ergo_nonadaptive,wind,3559,296.5,1.3051135075171072
ergo_nonadaptive,wind,3560,296.58333333333337,1.293140196859706
ergo_nonadaptive,wind,3561,296.66666666666663,1.31054133475365
ergo_nonadaptive,wind,3562,296.75,1.2946016739101256
ergo_nonadaptive,wind,3563,296.83333333333337,1.2656270474428064
ergo_nonadaptive,wind,3564,296.91666666666663,1.27269145448391
ergo_nonadaptive,wind,3565,297.0,1.2827780870000518
ergo_nonadaptive,wind,3566,297.08333333333337,1.2675745065902224
ergo_nonadaptive,wind,3567,297.16666666666663,1.28414275684854
ergo_nonadaptive,wind,3568,297.25,1.290943409640278
ergo_nonadaptive,wind,3569,297.33333333333337,1.2772233954493422
ergo_nonadaptive,wind,3570,297.41666666666663,1.288796412930399
ergo_nonadaptive,wind,3571,297.5,1.2852356051756069
ergo_nonadaptive,wind,3572,297.58333333333337,1.2903429347760793
ergo_nonadaptive,wind,3573,297.66666666666663,1.281032320161757
ergo_nonadaptive,wind,3574,297.75,1.2659783602947634
ergo_nonadaptive,wind,3575,297.83333333333337,1.2637441094570652
ergo_nonadaptive,wind,3576,297.91666666666663,1.2654012397374579
ergo_nonadaptive,wind,3577,298.0,1.2602813123298502
ergo_nonadaptive,wind,3578,298.08333333333337,1.2590468284243779
ergo_nonadaptive,wind,3579,298.16666666666663,1.248908766021346
ergo_nonadaptive,wind,3580,298.25,1.246473752719688
ergo_nonadaptive,wind,3581,298.33333333333337,1.2489752581243563
ergo_nonadaptive,wind,3582,298.41666666666663,1.249409406436924
ergo_nonadaptive,wind,3583,298.5,1.2552575051799941
ergo_nonadaptive,wind,3584,298.58333333333337,1.2562229560906528
ergo_nonadaptive,wind,3585,298.66666666666663,1.2548643754335718
ergo_nonadaptive,wind,3586,298.75,1.2550259497267093
ergo_nonadaptive,wind,3587,298.83333333333337,1.2516671261699657
ergo_nonadaptive,wind,3588,298.91666666666663,1.251252289833396
ergo_nonadaptive,wind,3589,299.0,1.2543344711736562
ergo_nonadaptive,wind,3590,299.08333333333337,1.2542631154884143
ergo_nonadaptive,wind,3591,299.16666666666663,1.263260342448501
ergo_nonadaptive,wind,3592,299.25,1.2666257907943663
ergo_nonadaptive,wind,3593,299.33333333333337,1.2625755396700193
ergo_nonadaptive,wind,3594,299.41666666666663,1.2648616402238695
ergo_nonadaptive,wind,3595,299.5,1.266753673873414
ergo_nonadaptive,wind,3596,299.58333333333337,1.2638014926626668
ergo_nonadaptive,wind,3597,299.66666666666663,1.2676512179214656
ergo_nonadaptive,wind,3598,299.75,1.2724939704669713
ergo_nonadaptive,wind,3599,299.83333333333337,1.2841144347293447
ergo_nonadaptive,wind,3600,299.91666666666663,1.2788382477989568
ergo_nonadaptive,wind,3601,300.0,1.2774508762164265
ergo_nonadaptive,wind,3602,300.08333333333337,1.2911780089780975
ergo_nonadaptive,wind,3603,300.16666666666663,1.2925258428509099
ergo_nonadaptive,wind,3604,300.25,1.2994152569154613
ergo_nonadaptive,wind,3605,300.33333333333337,1.303082432441945
ergo_nonadaptive,wind,3606,300.41666666666663,1.3026176734992947
ergo_nonadaptive,wind,3607,300.5,1.297398802908752
ergo_nonadaptive,wind,3608,300.58333333333337,1.2996175154611627
ergo_nonadaptive,wind,3609,300.66666666666663,1.3010013500366528
ergo_nonadaptive,wind,3610,300.75,1.2925742053120537
ergo_nonadaptive,wind,3611,300.83333333333337,1.2873640028267015
ergo_nonadaptive,wind,3612,300.91666666666663,1.2890448091766389
ergo_nonadaptive,wind,3613,301.0,1.2873543462770578
ergo_nonadaptive,wind,3614,301.08333333333337,1.2994649732708994
ergo_nonadaptive,wind,3615,301.16666666666663,1.3021130140423804
ergo_nonadaptive,wind,3616,301.25,1.2956642353313181
ergo_nonadaptive,wind,3617,301.33333333333337,1.3005501795047092
ergo_nonadaptive,wind,3618,301.41666666666663,1.301417070370883
ergo_nonadaptive,wind,3619,301.5,1.2988090928059786
ergo_nonadaptive,wind,3620,301.58333333333337,1.3035541592032525
ergo_nonadaptive,wind,3621,301.66666666666663,1.2998179634266456
ergo_nonadaptive,wind,3622,301.75,1.2945020145806665
ergo_nonadaptive,wind,3623,301.83333333333337,1.3117299945327638
ergo_nonadaptive,wind,3624,301.91666666666663,1.3080907352231297
ergo_nonadaptive,wind,3625,302.0,1.3010068538784174
ergo_nonadaptive,wind,3626,302.08333333333337,1.2983906290114127
ergo_nonadaptive,wind,3627,302.16666666666663,1.297807694239455
ergo_nonadaptive,wind,3628,302.25,1.3007590793805892
ergo_nonadaptive,wind,3629,302.33333333333337,1.3005174789138458
ergo_nonadaptive,wind,3630,302.41666666666663,1.2978027242235144
ergo_nonadaptive,wind,3631,302.5,1.2944524007221352
ergo_nonadaptive,wind,3632,302.58333333333337,1.2920841159315952
ergo_nonadaptive,wind,3633,302.66666666666663,1.2854051739168224
ergo_nonadaptive,wind,3634,302.75,1.2842524005230815
ergo_nonadaptive,wind,3635,302.83333333333337,1.294049999671556
ergo_nonadaptive,wind,3636,302.91666666666663,1.292677823240187
ergo_nonadaptive,wind,3637,303.0,1.2900204391744372
ergo_nonadaptive,wind,3638,303.08333333333337,1.290460847117359
ergo_nonadaptive,wind,3639,303.16666666666663,1.2924264716856335
ergo_nonadaptive,wind,3640,303.25,1.3028582483160245
ergo_nonadaptive,wind,3641,303.33333333333337,1.303356640607189
ergo_nonadaptive,wind,3642,303.41666666666663,1.311569441639262
ergo_nonadaptive,wind,3643,303.5,1.308499189706311
ergo_nonadaptive,wind,3644,303.58333333333337,1.3106534610778953
ergo_nonadaptive,wind,3645,303.66666666666663,1.314906899906526
ergo_nonadaptive,wind,3646,303.75,1.3121750641835563
ergo_nonadaptive,wind,3647,303.83333333333337,1.3239177140062026
ergo_nonadaptive,wind,3648,303.91666666666663,1.329688797812221
ergo_nonadaptive,wind,3649,304.0,1.3305629785631352
ergo_nonadaptive,wind,3650,304.08333333333337,1.348339600016337
ergo_nonadaptive,wind,3651,304.16666666666663,1.3541432347557394
ergo_nonadaptive,wind,3652,304.25,1.3748824378772815
ergo_nonadaptive,wind,3653,304.33333333333337,1.3674862144170448
ergo_nonadaptive,wind,3654,304.41666666666663,1.376535391876057
ergo_nonadaptive,wind,3655,304.5,1.3785729814385734
ergo_nonadaptive,wind,3656,304.58333333333337,1.4084861692170267
ergo_nonadaptive,wind,3657,304.66666666666663,1.4186592197314172
ergo_nonadaptive,wind,3658,304.75,1.4531559111091505
ergo_nonadaptive,wind,3659,304.83333333333337,1.447354093494476
ergo_nonadaptive,wind,3660,304.91666666666663,1.4471167167743693
ergo_nonadaptive,wind,3661,305.0,1.5068990346654845
ergo_nonadaptive,wind,3662,305.08333333333337,1.5093928016504874
ergo_nonadaptive,wind,3663,305.16666666666663,1.5002880509576635
ergo_nonadaptive,wind,3664,305.25,1.5285483660193866
ergo_nonadaptive,wind,3665,305.33333333333337,1.5208769057404874
ergo_nonadaptive,wind,3666,305.41666666666663,1.5544996699753442
ergo_nonadaptive,wind,3667,305.5,1.594937754142736
ergo_nonadaptive,wind,3668,305.58333333333337,1.5997787783812885
ergo_nonadaptive,wind,3669,305.66666666666663,1.638910478610237
ergo_nonadaptive,wind,3670,305.75,1.6344325048338177
ergo_nonadaptive,wind,3671,305.83333333333337,1.646751794963513
ergo_nonadaptive,wind,3672,305.91666666666663,1.632575043973682
ergo_nonadaptive,wind,3673,306.0,1.6504600031011636
ergo_nonadaptive,wind,3674,306.08333333333337,1.6092539819040033
ergo_nonadaptive,wind,3675,306.16666666666663,1.6596573737781852
ergo_nonadaptive,wind,3676,306.25,1.652566202509267
ergo_nonadaptive,wind,3677,306.33333333333337,1.6651848597884207
ergo_nonadaptive,wind,3678,306.41666666666663,1.6687705282018317
ergo_nonadaptive,wind,3679,306.5,1.6667212622257934
ergo_nonadaptive,wind,3680,306.58333333333337,1.6529789241537574
ergo_nonadaptive,wind,3681,306.66666666666663,1.6211473141401498
ergo_nonadaptive,wind,3682,306.75,1.5787619599204872
ergo_nonadaptive,wind,3683,306.83333333333337,1.566180073949689
ergo_nonadaptive,wind,3684,306.91666666666663,1.5267802361705665
ergo_nonadaptive,wind,3685,307.0,1.4861456965452198
ergo_nonadaptive,wind,3686,307.08333333333337,1.4811400969937927
ergo_nonadaptive,wind,3687,307.16666666666663,1.507065506604844
ergo_nonadaptive,wind,3688,307.25,1.4510113519778811
ergo_nonadaptive,wind,3689,307.33333333333337,1.469777736547654
ergo_nonadaptive,wind,3690,307.41666666666663,1.4379220917864262
ergo_nonadaptive,wind,3691,307.5,1.443999592685675
ergo_nonadaptive,wind,3692,307.58333333333337,1.4419556307556873
ergo_nonadaptive,wind,3693,307.66666666666663,1.390203085691252
ergo_nonadaptive,wind,3694,307.75,1.3656957631520639
ergo_nonadaptive,wind,3695,307.83333333333337,1.3447591749709855
ergo_nonadaptive,wind,3696,307.91666666666663,1.3272778822625224
ergo_nonadaptive,wind,3697,308.0,1.3358114139799409
ergo_nonadaptive,wind,3698,308.08333333333337,1.331844242396976
ergo_nonadaptive,wind,3699,308.16666666666663,1.3242847970116634
ergo_nonadaptive,wind,3700,308.25,1.327435982898825
ergo_nonadaptive,wind,3701,308.33333333333337,1.3003072800730398
ergo_nonadaptive,wind,3702,308.41666666666663,1.2726234252072277
ergo_nonadaptive,wind,3703,308.5,1.2621458791115219
ergo_nonadaptive,wind,3704,308.58333333333337,1.2490107288363959
ergo_nonadaptive,wind,3705,308.66666666666663,1.2587937276789147
ergo_nonadaptive,wind,3706,308.75,1.2655206610486256
ergo_nonadaptive,wind,3707,308.83333333333337,1.239399583319936
ergo_nonadaptive,wind,3708,308.91666666666663,1.2280023406609166
ergo_nonadaptive,wind,3709,309.0,1.2203517978769365
ergo_nonadaptive,wind,3710,309.08333333333337,1.2427895681697771
ergo_nonadaptive,wind,3711,309.16666666666663,1.2367993561379578
ergo_nonadaptive,wind,3712,309.25,1.226021908451751
ergo_nonadaptive,wind,3713,309.33333333333337,1.2215310891076394
ergo_nonadaptive,wind,3714,309.41666666666663,1.2326947875018572
ergo_nonadaptive,wind,3715,309.5,1.2205403389759972
ergo_nonadaptive,wind,3716,309.58333333333337,1.2174476816362791
ergo_nonadaptive,wind,3717,309.66666666666663,1.2286224995786101
ergo_nonadaptive,wind,3718,309.75,1.228415340923591
ergo_nonadaptive,wind,3719,309.83333333333337,1.222369870022289
ergo_nonadaptive,wind,3720,309.91666666666663,1.2194854077487562
ergo_nonadaptive,wind,3721,310.0,1.21794535080156
ergo_nonadaptive,wind,3722,310.08333333333337,1.2071640001953374
ergo_nonadaptive,wind,3723,310.16666666666663,1.209895597835812
ergo_nonadaptive,wind,3724,310.25,1.2190338358118646
ergo_nonadaptive,wind,3725,310.33333333333337,1.2143451864734154
ergo_nonadaptive,wind,3726,310.41666666666663,1.2089411622925026
ergo_nonadaptive,wind,3727,310.5,1.207821517513986
ergo_nonadaptive,wind,3728,310.58333333333337,1.2081437159361164
ergo_nonadaptive,wind,3729,310.66666666666663,1.2026579850101342
ergo_nonadaptive,wind,3730,310.75,1.2060672793457095
ergo_nonadaptive,wind,3731,310.83333333333337,1.2114632354293695
ergo_nonadaptive,wind,3732,310.91666666666663,1.2084131495549912
ergo_nonadaptive,wind,3733,311.0,1.2148791422105585
ergo_nonadaptive,wind,3734,311.08333333333337,1.207587289454753
ergo_nonadaptive,wind,3735,311.16666666666663,1.2096938328471334
ergo_nonadaptive,wind,3736,311.25,1.212433393819512
ergo_nonadaptive,wind,3737,311.33333333333337,1.2194526220583641
ergo_nonadaptive,wind,3738,311.41666666666663,1.219381442669372
ergo_nonadaptive,wind,3739,311.5,1.2247023218045507
ergo_nonadaptive,wind,3740,311.58333333333337,1.2216961893353888
ergo_nonadaptive,wind,3741,311.66666666666663,1.2235071750156847
ergo_nonadaptive,wind,3742,311.75,1.224444976671524
ergo_nonadaptive,wind,3743,311.83333333333337,1.2271599021373025
ergo_nonadaptive,wind,3744,311.91666666666663,1.2254225793844822
ergo_nonadaptive,wind,3745,312.0,1.2195627015805448
ergo_nonadaptive,wind,3746,312.08333333333337,1.2199583725337586
ergo_nonadaptive,wind,3747,312.16666666666663,1.230422500135045
ergo_nonadaptive,wind,3748,312.25,1.2262106501988064
ergo_nonadaptive,wind,3749,312.33333333333337,1.235216855875188
ergo_nonadaptive,wind,3750,312.41666666666663,1.2317000877868034
ergo_nonadaptive,wind,3751,312.5,1.227672044148071
ergo_nonadaptive,wind,3752,312.58333333333337,1.2204749512019955
ergo_nonadaptive,wind,3753,312.66666666666663,1.2223075440698756
ergo_nonadaptive,wind,3754,312.75,1.221484803480152
ergo_nonadaptive,wind,3755,312.83333333333337,1.2224877139621226
ergo_nonadaptive,wind,3756,312.91666666666663,1.2256027392766133
ergo_nonadaptive,wind,3757,313.0,1.2330080581221916
ergo_nonadaptive,wind,3758,313.08333333333337,1.2398214591984864
ergo_nonadaptive,wind,3759,313.16666666666663,1.2462606542027588
ergo_nonadaptive,wind,3760,313.25,1.2480861538193184
ergo_nonadaptive,wind,3761,313.33333333333337,1.2612119630790493
ergo_nonadaptive,wind,3762,313.41666666666663,1.2649283313227293
ergo_nonadaptive,wind,3763,313.5,1.2618672520819556
ergo_nonadaptive,wind,3764,313.58333333333337,1.2648671047663427
ergo_nonadaptive,wind,3765,313.66666666666663,1.2549801372153782
ergo_nonadaptive,wind,3766,313.75,1.2578514546652584
ergo_nonadaptive,wind,3767,313.83333333333337,1.2681883760618828
ergo_nonadaptive,wind,3768,313.91666666666663,1.2547839064441362
ergo_nonadaptive,wind,3769,314.0,1.2431583270955897
ergo_nonadaptive,wind,3770,314.08333333333337,1.2519778673606352
ergo_nonadaptive,wind,3771,314.16666666666663,1.250801384007925
ergo_nonadaptive,wind,3772,314.25,1.2535629584799164
ergo_nonadaptive,wind,3773,314.33333333333337,1.251573252726842
ergo_nonadaptive,wind,3774,314.41666666666663,1.2580130289086426
ergo_nonadaptive,wind,3775,314.5,1.2504673459404996
ergo_nonadaptive,wind,3776,314.58333333333337,1.2450765820558392
ergo_nonadaptive,wind,3777,314.66666666666663,1.2436616546153292
ergo_nonadaptive,wind,3778,314.75,1.2525909710598024
ergo_nonadaptive,wind,3779,314.83333333333337,1.252171992301698
ergo_nonadaptive,wind,3780,314.91666666666663,1.2592329177855563
ergo_nonadaptive,wind,3781,315.0,1.2427667749046978
ergo_nonadaptive,wind,3782,315.08333333333337,1.2318008680885884
ergo_nonadaptive,wind,3783,315.16666666666663,1.2317619056734765
ergo_nonadaptive,wind,3784,315.25,1.239624198081439
ergo_nonadaptive,wind,3785,315.33333333333337,1.2288046393017547
ergo_nonadaptive,wind,3786,315.41666666666663,1.231221476502853
ergo_nonadaptive,wind,3787,315.5,1.2366190219842752
ergo_nonadaptive,wind,3788,315.58333333333337,1.2401483725616425
ergo_nonadaptive,wind,3789,315.66666666666663,1.2230757019754273
ergo_nonadaptive,wind,3790,315.75,1.2205512951035251
ergo_nonadaptive,wind,3791,315.83333333333337,1.2334414612120137
ergo_nonadaptive,wind,3792,315.91666666666663,1.2383383692156067
ergo_nonadaptive,wind,3793,316.0,1.2366611605764288
ergo_nonadaptive,wind,3794,316.08333333333337,1.241125861193293
ergo_nonadaptive,wind,3795,316.16666666666663,1.2307121135703407
ergo_nonadaptive,wind,3796,316.25,1.2191281342414588
ergo_nonadaptive,wind,3797,316.33333333333337,1.2179834085767554
ergo_nonadaptive,wind,3798,316.41666666666663,1.2162417758396167
ergo_nonadaptive,wind,3799,316.5,1.2204801855371779
ergo_nonadaptive,wind,3800,316.58333333333337,1.2262583697756235
ergo_nonadaptive,wind,3801,316.66666666666663,1.2256161545926023
ergo_nonadaptive,wind,3802,316.75,1.2297575253259487
ergo_nonadaptive,wind,3803,316.83333333333337,1.236737147631046
ergo_nonadaptive,wind,3804,316.91666666666663,1.2370616674366959
ergo_nonadaptive,wind,3805,317.0,1.2315125055654415
ergo_nonadaptive,wind,3806,317.08333333333337,1.2385323705357911
ergo_nonadaptive,wind,3807,317.16666666666663,1.232609483130205
ergo_nonadaptive,wind,3808,317.25,1.2291843265002984
ergo_nonadaptive,wind,3809,317.33333333333337,1.2303031343700674
ergo_nonadaptive,wind,3810,317.41666666666663,1.23317558403188
ergo_nonadaptive,wind,3811,317.5,1.2428459076511904
ergo_nonadaptive,wind,3812,317.58333333333337,1.240241012960333
ergo_nonadaptive,wind,3813,317.66666666666663,1.2491788815845313
ergo_nonadaptive,wind,3814,317.75,1.251601435147981
ergo_nonadaptive,wind,3815,317.83333333333337,1.2517419226682283
ergo_nonadaptive,wind,3816,317.91666666666663,1.2572625478229242
ergo_nonadaptive,wind,3817,318.0,1.2579965962472737
ergo_nonadaptive,wind,3818,318.08333333333337,1.2561347802809537
ergo_nonadaptive,wind,3819,318.16666666666663,1.2645706168463515
ergo_nonadaptive,wind,3820,318.25,1.2690690546956114
ergo_nonadaptive,wind,3821,318.33333333333337,1.267592307668569
ergo_nonadaptive,wind,3822,318.41666666666663,1.2751101238241658
ergo_nonadaptive,wind,3823,318.5,1.2860740038703249
ergo_nonadaptive,wind,3824,318.58333333333337,1.2884403766147157
ergo_nonadaptive,wind,3825,318.66666666666663,1.294182958451151
ergo_nonadaptive,wind,3826,318.75,1.3072004316900243
ergo_nonadaptive,wind,3827,318.83333333333337,1.3281111069215483
ergo_nonadaptive,wind,3828,318.91666666666663,1.3174519391361819
ergo_nonadaptive,wind,3829,319.0,1.3337656883188627
ergo_nonadaptive,wind,3830,319.08333333333337,1.3527984411702532
ergo_nonadaptive,wind,3831,319.16666666666663,1.3653832062145743
ergo_nonadaptive,wind,3832,319.25,1.3735513265909958
ergo_nonadaptive,wind,3833,319.33333333333337,1.3921205730907733
ergo_nonadaptive,wind,3834,319.41666666666663,1.4207633240722501
ergo_nonadaptive,wind,3835,319.5,1.4442257218822026
ergo_nonadaptive,wind,3836,319.58333333333337,1.4441452545439077
ergo_nonadaptive,wind,3837,319.66666666666663,1.4721995889222896
ergo_nonadaptive,wind,3838,319.75,1.4820593366261932
ergo_nonadaptive,wind,3839,319.83333333333337,1.5231091103024121
ergo_nonadaptive,wind,3840,319.91666666666663,1.5513405944297884
ergo_nonadaptive,wind,3841,320.0,1.5855954669005208
ergo_nonadaptive,wind,3842,320.08333333333337,1.5902469535685513
ergo_nonadaptive,wind,3843,320.16666666666663,1.6067553068660012
ergo_nonadaptive,wind,3844,320.25,1.6304263669595276
ergo_nonadaptive,wind,3845,320.33333333333337,1.6108077474291438
ergo_nonadaptive,wind,3846,320.41666666666663,1.6030421324382087
ergo_nonadaptive,wind,3847,320.5,1.586338310020192
ergo_nonadaptive,wind,3848,320.58333333333337,1.634212318065213
ergo_nonadaptive,wind,3849,320.66666666666663,1.637747789542569
ergo_nonadaptive,wind,3850,320.75,1.6653857684513247
ergo_nonadaptive,wind,3851,320.83333333333337,1.7128901683751234
ergo_nonadaptive,wind,3852,320.91666666666663,1.7098687387434914
ergo_nonadaptive,wind,3853,321.0,1.7018753560408812
ergo_nonadaptive,wind,3854,321.08333333333337,1.734669423631885
ergo_nonadaptive,wind,3855,321.16666666666663,1.7492729970195229
ergo_nonadaptive,wind,3856,321.25,1.7401710404647486
ergo_nonadaptive,wind,3857,321.33333333333337,1.7480539839694502
ergo_nonadaptive,wind,3858,321.41666666666663,1.747813089148572
ergo_nonadaptive,wind,3859,321.5,1.7463527524921267
ergo_nonadaptive,wind,3860,321.58333333333337,1.7226741515500303
ergo_nonadaptive,wind,3861,321.66666666666663,1.6952500646867745
ergo_nonadaptive,wind,3862,321.75,1.7416063740917622
ergo_nonadaptive,wind,3863,321.83333333333337,1.7540399026594347
ergo_nonadaptive,wind,3864,321.91666666666663,1.7302207826372846
ergo_nonadaptive,wind,3865,322.0,1.7276936481144787
ergo_nonadaptive,wind,3866,322.08333333333337,1.7280934922068358
ergo_nonadaptive,wind,3867,322.16666666666663,1.7144530380882557
ergo_nonadaptive,wind,3868,322.25,1.7286529237909698
ergo_nonadaptive,wind,3869,322.33333333333337,1.7435162862105016
ergo_nonadaptive,wind,3870,322.41666666666663,1.7724066681882786
ergo_nonadaptive,wind,3871,322.5,1.766006371568351
ergo_nonadaptive,wind,3872,322.58333333333337,1.7552526927696208
ergo_nonadaptive,wind,3873,322.66666666666663,1.7395295212398683
ergo_nonadaptive,wind,3874,322.75,1.7398070452196803
ergo_nonadaptive,wind,3875,322.83333333333337,1.7223404624290162
ergo_nonadaptive,wind,3876,322.91666666666663,1.7031270667080314
ergo_nonadaptive,wind,3877,323.0,1.7038421844218683
ergo_nonadaptive,wind,3878,323.08333333333337,1.7146279550040227
ergo_nonadaptive,wind,3879,323.16666666666663,1.7088999368802718
ergo_nonadaptive,wind,3880,323.25,1.7145878885006987
ergo_nonadaptive,wind,3881,323.33333333333337,1.7240777000284235
ergo_nonadaptive,wind,3882,323.41666666666663,1.7148216879150784
ergo_nonadaptive,wind,3883,323.5,1.700074268074538
ergo_nonadaptive,wind,3884,323.58333333333337,1.6724454941184161
ergo_nonadaptive,wind,3885,323.66666666666663,1.648298712473482
ergo_nonadaptive,wind,3886,323.75,1.6409589203608446
ergo_nonadaptive,wind,3887,323.83333333333337,1.6499594516480194
ergo_nonadaptive,wind,3888,323.91666666666663,1.645380116412217
ergo_nonadaptive,wind,3889,324.0,1.633433952926747
ergo_nonadaptive,wind,3890,324.08333333333337,1.6264318048305588
ergo_nonadaptive,wind,3891,324.16666666666663,1.6272924043226538
ergo_nonadaptive,wind,3892,324.25,1.6451672703121025
ergo_nonadaptive,wind,3893,324.33333333333337,1.631944482894969
ergo_nonadaptive,wind,3894,324.41666666666663,1.6335522627490766
ergo_nonadaptive,wind,3895,324.5,1.6056015236446086
ergo_nonadaptive,wind,3896,324.58333333333337,1.6124447086073679
ergo_nonadaptive,wind,3897,324.66666666666663,1.6056429055064037
ergo_nonadaptive,wind,3898,324.75,1.6060060898713242
ergo_nonadaptive,wind,3899,324.83333333333337,1.597559242559686
ergo_nonadaptive,wind,3900,324.91666666666663,1.5866929898360362
ergo_nonadaptive,wind,3901,325.0,1.5847532564345528
ergo_nonadaptive,wind,3902,325.08333333333337,1.5814756085512132
ergo_nonadaptive,wind,3903,325.16666666666663,1.587405698856896
ergo_nonadaptive,wind,3904,325.25,1.5796249301557226
ergo_nonadaptive,wind,3905,325.33333333333337,1.5845950468705137
ergo_nonadaptive,wind,3906,325.41666666666663,1.5891036382865957
ergo_nonadaptive,wind,3907,325.5,1.59197193269805
ergo_nonadaptive,wind,3908,325.58333333333337,1.5803672864896767
ergo_nonadaptive,wind,3909,325.66666666666663,1.581801502722859
ergo_nonadaptive,wind,3910,325.75,1.5779585118494546
ergo_nonadaptive,wind,3911,325.83333333333337,1.5756386157178013
ergo_nonadaptive,wind,3912,325.91666666666663,1.5914184837357335
ergo_nonadaptive,wind,3913,326.0,1.6012531629025653
ergo_nonadaptive,wind,3914,326.08333333333337,1.5872071049305532
ergo_nonadaptive,wind,3915,326.16666666666663,1.5782205132650513
ergo_nonadaptive,wind,3916,326.25,1.5821021748858528
ergo_nonadaptive,wind,3917,326.33333333333337,1.5772659345654787
ergo_nonadaptive,wind,3918,326.41666666666663,1.5743841360925415
ergo_nonadaptive,wind,3919,326.5,1.5727944672664889
ergo_nonadaptive,wind,3920,326.58333333333337,1.5704301917682548
ergo_nonadaptive,wind,3921,326.66666666666663,1.5703845357585744
ergo_nonadaptive,wind,3922,326.75,1.5697258192851364
ergo_nonadaptive,wind,3923,326.83333333333337,1.5686269349221909
ergo_nonadaptive,wind,3924,326.91666666666663,1.5688168997904433
ergo_nonadaptive,wind,3925,327.0,1.5686670378777667
ergo_nonadaptive,wind,3926,327.08333333333337,1.5691682743032365
ergo_nonadaptive,wind,3927,327.16666666666663,1.5693542273209695
ergo_nonadaptive,wind,3928,327.25,1.5714932922583942
ergo_nonadaptive,wind,3929,327.33333333333337,1.571492659029087
ergo_nonadaptive,wind,3930,327.41666666666663,1.5689529241619906
ergo_nonadaptive,wind,3931,327.5,1.5696604743978413
ergo_nonadaptive,wind,3932,327.58333333333337,1.5742968566488742
ergo_nonadaptive,wind,3933,327.66666666666663,1.5761103230761628
ergo_nonadaptive,wind,3934,327.75,1.5777806098738623
ergo_nonadaptive,wind,3935,327.83333333333337,1.5847146678917574
ergo_nonadaptive,wind,3936,327.91666666666663,1.5864316685706878
ergo_nonadaptive,wind,3937,328.0,1.5890697920516013
ergo_nonadaptive,wind,3938,328.08333333333337,1.5950828412377278
ergo_nonadaptive,wind,3939,328.16666666666663,1.6083940377993058
ergo_nonadaptive,wind,3940,328.25,1.605510735264412
ergo_nonadaptive,wind,3941,328.33333333333337,1.6020704646564774
ergo_nonadaptive,wind,3942,328.41666666666663,1.5934435631889918
ergo_nonadaptive,wind,3943,328.5,1.6099341369630618
ergo_nonadaptive,wind,3944,328.58333333333337,1.6176937924128973
ergo_nonadaptive,wind,3945,328.66666666666663,1.6308019525498365
ergo_nonadaptive,wind,3946,328.75,1.6316236292796267
ergo_nonadaptive,wind,3947,328.83333333333337,1.6493742836762164
ergo_nonadaptive,wind,3948,328.91666666666663,1.6738690449364824
ergo_nonadaptive,wind,3949,329.0,1.6790525005719672
ergo_nonadaptive,wind,3950,329.08333333333337,1.7162622384305557
ergo_nonadaptive,wind,3951,329.16666666666663,1.6985428117688475
ergo_nonadaptive,wind,3952,329.25,1.7155987573813158
ergo_nonadaptive,wind,3953,329.33333333333337,1.719518622492357
ergo_nonadaptive,wind,3954,329.41666666666663,1.6951709106063366
ergo_nonadaptive,wind,3955,329.5,1.6976793230526885
ergo_nonadaptive,wind,3956,329.58333333333337,1.7046519723150284
ergo_nonadaptive,wind,3957,329.66666666666663,1.675926268363681
ergo_nonadaptive,wind,3958,329.75,1.7014023001513565
ergo_nonadaptive,wind,3959,329.83333333333337,1.6845464808513766
ergo_nonadaptive,wind,3960,329.91666666666663,1.6867299319610756
ergo_nonadaptive,wind,3961,330.0,1.7386943576430305
ergo_nonadaptive,wind,3962,330.08333333333337,1.7682135519345377
ergo_nonadaptive,wind,3963,330.16666666666663,1.7408841948557763
ergo_nonadaptive,wind,3964,330.25,1.7131886048687368
ergo_nonadaptive,wind,3965,330.33333333333337,1.7115719232917443
ergo_nonadaptive,wind,3966,330.41666666666663,1.7276649139951112
ergo_nonadaptive,wind,3967,330.5,1.6923209695010986
ergo_nonadaptive,wind,3968,330.58333333333337,1.7165458400591804
ergo_nonadaptive,wind,3969,330.66666666666663,1.7298136544570686
ergo_nonadaptive,wind,3970,330.75,1.7159722695038118
ergo_nonadaptive,wind,3971,330.83333333333337,1.7177875358687709
ergo_nonadaptive,wind,3972,330.91666666666663,1.6949598955972545
ergo_nonadaptive,wind,3973,331.0,1.6387905758059313
ergo_nonadaptive,wind,3974,331.08333333333337,1.651215419230985
ergo_nonadaptive,wind,3975,331.16666666666663,1.6535435380872787
ergo_nonadaptive,wind,3976,331.25,1.65491172141714
ergo_nonadaptive,wind,3977,331.33333333333337,1.6316812268804506
ergo_nonadaptive,wind,3978,331.41666666666663,1.6058665886230972
ergo_nonadaptive,wind,3979,331.5,1.5883935450523676
ergo_nonadaptive,wind,3980,331.58333333333337,1.5562470122413983
ergo_nonadaptive,wind,3981,331.66666666666663,1.52831673556695
ergo_nonadaptive,wind,3982,331.75,1.525970184480989
ergo_nonadaptive,wind,3983,331.83333333333337,1.548956204190152
ergo_nonadaptive,wind,3984,331.91666666666663,1.495955923263318
ergo_nonadaptive,wind,3985,332.0,1.5177958295490313
ergo_nonadaptive,wind,3986,332.08333333333337,1.505575790326358
ergo_nonadaptive,wind,3987,332.16666666666663,1.513097404181167
ergo_nonadaptive,wind,3988,332.25,1.478053034326187
ergo_nonadaptive,wind,3989,332.33333333333337,1.4770595010509142
ergo_nonadaptive,wind,3990,332.41666666666663,1.4866573338864308
ergo_nonadaptive,wind,3991,332.5,1.4842108461653962
ergo_nonadaptive,wind,3992,332.58333333333337,1.4405587297937794
ergo_nonadaptive,wind,3993,332.66666666666663,1.4383528314317118
ergo_nonadaptive,wind,3994,332.75,1.4548206735276967
ergo_nonadaptive,wind,3995,332.83333333333337,1.4433611374652293
ergo_nonadaptive,wind,3996,332.91666666666663,1.4512234474459003
ergo_nonadaptive,wind,3997,333.0,1.4453682732184525
ergo_nonadaptive,wind,3998,333.08333333333337,1.4538980949124272
ergo_nonadaptive,wind,3999,333.16666666666663,1.4662378168738996
ergo_nonadaptive,wind,4000,333.25,1.4568740382013876
ergo_nonadaptive,wind,4001,333.33333333333337,1.4266746768935126
ergo_nonadaptive,wind,4002,333.41666666666663,1.4452727704313104
ergo_nonadaptive,wind,4003,333.5,1.4389528505790175
ergo_nonadaptive,wind,4004,333.58333333333337,1.4614048006904108
ergo_nonadaptive,wind,4005,333.66666666666663,1.4611663038207452
ergo_nonadaptive,wind,4006,333.75,1.4574590549795894
ergo_nonadaptive,wind,4007,333.83333333333337,1.4546641747921678
ergo_nonadaptive,wind,4008,333.91666666666663,1.4520942405193682
ergo_nonadaptive,wind,4009,334.0,1.460691637163425
ergo_nonadaptive,wind,4010,334.08333333333337,1.46127516916391
ergo_nonadaptive,wind,4011,334.16666666666663,1.4779427775121303
ergo_nonadaptive,wind,4012,334.25,1.5041584932185699
ergo_nonadaptive,wind,4013,334.33333333333337,1.5300105075498234
ergo_nonadaptive,wind,4014,334.41666666666663,1.5486741251947487
ergo_nonadaptive,wind,4015,334.5,1.5385028526943603
ergo_nonadaptive,wind,4016,334.58333333333337,1.547998105700855
ergo_nonadaptive,wind,4017,334.66666666666663,1.5693305132752247
ergo_nonadaptive,wind,4018,334.75,1.5992557540470635
ergo_nonadaptive,wind,4019,334.83333333333337,1.6269850775129213
ergo_nonadaptive,wind,4020,334.91666666666663,1.6075587524999575
ergo_nonadaptive,wind,4021,335.0,1.633557405741932
ergo_nonadaptive,wind,4022,335.08333333333337,1.6029398202497143
ergo_nonadaptive,wind,4023,335.16666666666663,1.5875839318613405
ergo_nonadaptive,wind,4024,335.25,1.640251380998616
ergo_nonadaptive,wind,4025,335.33333333333337,1.6584820452863853
ergo_nonadaptive,wind,4026,335.41666666666663,1.7145587171179069
ergo_nonadaptive,wind,4027,335.5,1.7158125684536942
ergo_nonadaptive,wind,4028,335.58333333333337,1.7145369010935747
ergo_nonadaptive,wind,4029,335.66666666666663,1.7096446181591374
ergo_nonadaptive,wind,4030,335.75,1.7011075199569605
ergo_nonadaptive,wind,4031,335.83333333333337,1.692359816827632
ergo_nonadaptive,wind,4032,335.91666666666663,1.6909247745193134
ergo_nonadaptive,wind,4033,336.0,1.6930223455740312
ergo_nonadaptive,wind,4034,336.08333333333337,1.7117127481932244
ergo_nonadaptive,wind,4035,336.16666666666663,1.7177954080286082
ergo_nonadaptive,wind,4036,336.25,1.7189172343483887
ergo_nonadaptive,wind,4037,336.33333333333337,1.698545148041662
ergo_nonadaptive,wind,4038,336.41666666666663,1.6971891799935825
ergo_nonadaptive,wind,4039,336.5,1.6828566298341772
ergo_nonadaptive,wind,4040,336.58333333333337,1.6509333172072822
ergo_nonadaptive,wind,4041,336.66666666666663,1.6457962842644134
ergo_nonadaptive,wind,4042,336.75,1.6401575100830068
ergo_nonadaptive,wind,4043,336.83333333333337,1.6216163547129148
ergo_nonadaptive,wind,4044,336.91666666666663,1.6344006087278724
ergo_nonadaptive,wind,4045,337.0,1.594752447428024
ergo_nonadaptive,wind,4046,337.08333333333337,1.6069032514598625
ergo_nonadaptive,wind,4047,337.16666666666663,1.5831056238677983
ergo_nonadaptive,wind,4048,337.25,1.5761458082483093
ergo_nonadaptive,wind,4049,337.33333333333337,1.5766386656802867
ergo_nonadaptive,wind,4050,337.41666666666663,1.5438770689308738
ergo_nonadaptive,wind,4051,337.5,1.5503830190273369
ergo_nonadaptive,wind,4052,337.58333333333337,1.5368296418379297
ergo_nonadaptive,wind,4053,337.66666666666663,1.5121924657081265
ergo_nonadaptive,wind,4054,337.75,1.4929965441243924
ergo_nonadaptive,wind,4055,337.83333333333337,1.4919411935629583
ergo_nonadaptive,wind,4056,337.91666666666663,1.4797381117493686
ergo_nonadaptive,wind,4057,338.0,1.47509014787391
ergo_nonadaptive,wind,4058,338.08333333333337,1.4620723194999106
ergo_nonadaptive,wind,4059,338.16666666666663,1.4588555479947956
ergo_nonadaptive,wind,4060,338.25,1.45732273176344
ergo_nonadaptive,wind,4061,338.33333333333337,1.4394824905005785
ergo_nonadaptive,wind,4062,338.41666666666663,1.4583034814702296
ergo_nonadaptive,wind,4063,338.5,1.4745200891120263
ergo_nonadaptive,wind,4064,338.58333333333337,1.4742405788839685
ergo_nonadaptive,wind,4065,338.66666666666663,1.4476904086669509
ergo_nonadaptive,wind,4066,338.75,1.4358846676302521
ergo_nonadaptive,wind,4067,338.83333333333337,1.433539879182097
ergo_nonadaptive,wind,4068,338.91666666666663,1.4241499053971718
ergo_nonadaptive,wind,4069,339.0,1.4245460887351105
ergo_nonadaptive,wind,4070,339.08333333333337,1.407406250122014
ergo_nonadaptive,wind,4071,339.16666666666663,1.4142988533568273
ergo_nonadaptive,wind,4072,339.25,1.4140321949450116
ergo_nonadaptive,wind,4073,339.33333333333337,1.4210044123778633
ergo_nonadaptive,wind,4074,339.41666666666663,1.4260632528836439
ergo_nonadaptive,wind,4075,339.5,1.415744156714226
ergo_nonadaptive,wind,4076,339.58333333333337,1.4204568764688559
ergo_nonadaptive,wind,4077,339.66666666666663,1.4271783352817624
ergo_nonadaptive,wind,4078,339.75,1.4068718898253387
ergo_nonadaptive,wind,4079,339.83333333333337,1.4121053860362194
ergo_nonadaptive,wind,4080,339.91666666666663,1.4105823021057893
ergo_nonadaptive,wind,4081,340.0,1.410986435809525
ergo_nonadaptive,wind,4082,340.08333333333337,1.3978993661204102
ergo_nonadaptive,wind,4083,340.16666666666663,1.4022499720799944
ergo_nonadaptive,wind,4084,340.25,1.4167843184950382
ergo_nonadaptive,wind,4085,340.33333333333337,1.4016682682856691
ergo_nonadaptive,wind,4086,340.41666666666663,1.416854891439452
ergo_nonadaptive,wind,4087,340.5,1.4227319616853873
ergo_nonadaptive,wind,4088,340.58333333333337,1.4228645219441094
ergo_nonadaptive,wind,4089,340.66666666666663,1.4385349497286664
ergo_nonadaptive,wind,4090,340.75,1.4460131444863735
ergo_nonadaptive,wind,4091,340.83333333333337,1.43862150128627
ergo_nonadaptive,wind,4092,340.91666666666663,1.4275631117323668
ergo_nonadaptive,wind,4093,341.0,1.401088753374531
ergo_nonadaptive,wind,4094,341.08333333333337,1.4077433526556495
ergo_nonadaptive,wind,4095,341.16666666666663,1.4167393743554504
ergo_nonadaptive,wind,4096,341.25,1.4307438279639526
ergo_nonadaptive,wind,4097,341.33333333333337,1.4159490164095514
ergo_nonadaptive,wind,4098,341.41666666666663,1.415066595463139
ergo_nonadaptive,wind,4099,341.5,1.4162904388054225
ergo_nonadaptive,wind,4100,341.58333333333337,1.4250061226226252
ergo_nonadaptive,wind,4101,341.66666666666663,1.4160845154230108
ergo_nonadaptive,wind,4102,341.75,1.4187922410654419
ergo_nonadaptive,wind,4103,341.83333333333337,1.4177630432750412
ergo_nonadaptive,wind,4104,341.91666666666663,1.435147563857871
ergo_nonadaptive,wind,4105,342.0,1.4343028212187587
ergo_nonadaptive,wind,4106,342.08333333333337,1.4316184262250464
ergo_nonadaptive,wind,4107,342.16666666666663,1.4435475430493854
ergo_nonadaptive,wind,4108,342.25,1.4203306821443193
ergo_nonadaptive,wind,4109,342.33333333333337,1.4420495150524597
ergo_nonadaptive,wind,4110,342.41666666666663,1.4318236821199082
ergo_nonadaptive,wind,4111,342.5,1.412487065989906
ergo_nonadaptive,wind,4112,342.58333333333337,1.4407721612998199
ergo_nonadaptive,wind,4113,342.66666666666663,1.458763453190376
ergo_nonadaptive,wind,4114,342.75,1.429229918433795
ergo_nonadaptive,wind,4115,342.83333333333337,1.3636231642236794
ergo_nonadaptive,wind,4116,342.91666666666663,1.330156066200088
ergo_nonadaptive,wind,4117,343.0,1.329630607497846
ergo_nonadaptive,wind,4118,343.08333333333337,1.3496589663939187
ergo_nonadaptive,wind,4119,343.16666666666663,1.3435365668860946
ergo_nonadaptive,wind,4120,343.25,1.3553619813353113
ergo_nonadaptive,wind,4121,343.33333333333337,1.332092668047154
ergo_nonadaptive,wind,4122,343.41666666666663,1.319070237705711
ergo_nonadaptive,wind,4123,343.5,1.312074203744817
ergo_nonadaptive,wind,4124,343.58333333333337,1.299935699028534
ergo_nonadaptive,wind,4125,343.66666666666663,1.2651017936902302
ergo_nonadaptive,wind,4126,343.75,1.279911849531216
ergo_nonadaptive,wind,4127,343.83333333333337,1.2950216045862821
ergo_nonadaptive,wind,4128,343.91666666666663,1.2979053828832787
ergo_nonadaptive,wind,4129,344.0,1.3037529893125543
ergo_nonadaptive,wind,4130,344.08333333333337,1.3098230038142238
ergo_nonadaptive,wind,4131,344.16666666666663,1.2700306112700255
ergo_nonadaptive,wind,4132,344.25,1.2423405582533738
ergo_nonadaptive,wind,4133,344.33333333333337,1.2325390230098023
ergo_nonadaptive,wind,4134,344.41666666666663,1.238444752965353
ergo_nonadaptive,wind,4135,344.5,1.230606848839772
ergo_nonadaptive,wind,4136,344.58333333333337,1.2284599335063617
ergo_nonadaptive,wind,4137,344.66666666666663,1.2269438868039357
ergo_nonadaptive,wind,4138,344.75,1.2235965655470424
ergo_nonadaptive,wind,4139,344.83333333333337,1.2303252114902659
ergo_nonadaptive,wind,4140,344.91666666666663,1.2304899029712841
ergo_nonadaptive,wind,4141,345.0,1.231730234539288
ergo_nonadaptive,wind,4142,345.08333333333337,1.2304952706187098
ergo_nonadaptive,wind,4143,345.16666666666663,1.2320838764819848
ergo_nonadaptive,wind,4144,345.25,1.2298120371603314
ergo_nonadaptive,wind,4145,345.33333333333337,1.2344428199012716
ergo_nonadaptive,wind,4146,345.41666666666663,1.2290744103010292
ergo_nonadaptive,wind,4147,345.5,1.2355527501092427
ergo_nonadaptive,wind,4148,345.58333333333337,1.2363815381969752
ergo_nonadaptive,wind,4149,345.66666666666663,1.2421948269600802
ergo_nonadaptive,wind,4150,345.75,1.234778592565711
ergo_nonadaptive,wind,4151,345.83333333333337,1.2334602610774523
ergo_nonadaptive,wind,4152,345.91666666666663,1.2313556447390517
ergo_nonadaptive,wind,4153,346.0,1.2337953157237243
ergo_nonadaptive,wind,4154,346.08333333333337,1.2360381276147288
ergo_nonadaptive,wind,4155,346.16666666666663,1.240742226206439
ergo_nonadaptive,wind,4156,346.25,1.239081042134661
ergo_nonadaptive,wind,4157,346.33333333333337,1.2412700593277188
ergo_nonadaptive,wind,4158,346.41666666666663,1.240545759932701
ergo_nonadaptive,wind,4159,346.5,1.2463487134762026
ergo_nonadaptive,wind,4160,346.58333333333337,1.2436783079501343
ergo_nonadaptive,wind,4161,346.66666666666663,1.2434295620864784
ergo_nonadaptive,wind,4162,346.75,1.251739624527903
ergo_nonadaptive,wind,4163,346.83333333333337,1.2550423312720407
ergo_nonadaptive,wind,4164,346.91666666666663,1.2504742137139067
ergo_nonadaptive,wind,4165,347.0,1.247710014376865
ergo_nonadaptive,wind,4166,347.08333333333337,1.2446554414518207
ergo_nonadaptive,wind,4167,347.16666666666663,1.2420285546461642
ergo_nonadaptive,wind,4168,347.25,1.244168362214365
ergo_nonadaptive,wind,4169,347.33333333333337,1.246737279373393
ergo_nonadaptive,wind,4170,347.41666666666663,1.2446909192267483
ergo_nonadaptive,wind,4171,347.5,1.2453487168592423
ergo_nonadaptive,wind,4172,347.58333333333337,1.2469886870064681
ergo_nonadaptive,wind,4173,347.66666666666663,1.248317831069469
ergo_nonadaptive,wind,4174,347.75,1.2484674992430147
ergo_nonadaptive,wind,4175,347.83333333333337,1.2500879834570722
ergo_nonadaptive,wind,4176,347.91666666666663,1.2534143016072472
ergo_nonadaptive,wind,4177,348.0,1.2573775300647245
ergo_nonadaptive,wind,4178,348.08333333333337,1.2538397803353643
ergo_nonadaptive,wind,4179,348.16666666666663,1.254890667099617
ergo_nonadaptive,wind,4180,348.25,1.2587775383282391
ergo_nonadaptive,wind,4181,348.33333333333337,1.2539677720545188
ergo_nonadaptive,wind,4182,348.41666666666663,1.255179451205754
ergo_nonadaptive,wind,4183,348.5,1.256892331406192
ergo_nonadaptive,wind,4184,348.58333333333337,1.2618743801319368
ergo_nonadaptive,wind,4185,348.66666666666663,1.2635394865008733
ergo_nonadaptive,wind,4186,348.75,1.258716966956337
ergo_nonadaptive,wind,4187,348.83333333333337,1.2618246029142641
ergo_nonadaptive,wind,4188,348.91666666666663,1.2625189039063804
ergo_nonadaptive,wind,4189,349.0,1.2627321750137876
ergo_nonadaptive,wind,4190,349.08333333333337,1.2727531192998405
ergo_nonadaptive,wind,4191,349.16666666666663,1.272616350552788
ergo_nonadaptive,wind,4192,349.25,1.2697458313662928
ergo_nonadaptive,wind,4193,349.33333333333337,1.2670937042071162
ergo_nonadaptive,wind,4194,349.41666666666663,1.2655798179549893
ergo_nonadaptive,wind,4195,349.5,1.2657692737961401
ergo_nonadaptive,wind,4196,349.58333333333337,1.2622138802892895
ergo_nonadaptive,wind,4197,349.66666666666663,1.2635980891820595
ergo_nonadaptive,wind,4198,349.75,1.271946352487397
ergo_nonadaptive,wind,4199,349.83333333333337,1.2784517833130462
ergo_nonadaptive,wind,4200,349.91666666666663,1.2792088451460852
ergo_nonadaptive,wind,4201,350.0,1.271024630936317
ergo_nonadaptive,wind,4202,350.08333333333337,1.2790812371168898
ergo_nonadaptive,wind,4203,350.16666666666663,1.2808245416542827
ergo_nonadaptive,wind,4204,350.25,1.2728044895542765
ergo_nonadaptive,wind,4205,350.33333333333337,1.2823585800012447
ergo_nonadaptive,wind,4206,350.41666666666663,1.2776701770421364
ergo_nonadaptive,wind,4207,350.5,1.287334263846027
ergo_nonadaptive,wind,4208,350.58333333333337,1.275857803601669
ergo_nonadaptive,wind,4209,350.66666666666663,1.2719521424674423
ergo_nonadaptive,wind,4210,350.75,1.2759314809885214
ergo_nonadaptive,wind,4211,350.83333333333337,1.2729414524702196
ergo_nonadaptive,wind,4212,350.91666666666663,1.2569699851013283
ergo_nonadaptive,wind,4213,351.0,1.2543844209034878
ergo_nonadaptive,wind,4214,351.08333333333337,1.2565880721684144
ergo_nonadaptive,wind,4215,351.16666666666663,1.2608074284466007
ergo_nonadaptive,wind,4216,351.25,1.261697260170833
ergo_nonadaptive,wind,4217,351.33333333333337,1.2701851526097707
ergo_nonadaptive,wind,4218,351.41666666666663,1.2693289275985413
ergo_nonadaptive,wind,4219,351.5,1.270790747814389
ergo_nonadaptive,wind,4220,351.58333333333337,1.2710607175440491
ergo_nonadaptive,wind,4221,351.66666666666663,1.265086155712275
ergo_nonadaptive,wind,4222,351.75,1.2680816749361403
ergo_nonadaptive,wind,4223,351.83333333333337,1.2710488464849303
ergo_nonadaptive,wind,4224,351.91666666666663,1.2690685404860864
ergo_nonadaptive,wind,4225,352.0,1.273250107871581
ergo_nonadaptive,wind,4226,352.08333333333337,1.2746266590412747
ergo_nonadaptive,wind,4227,352.16666666666663,1.2747092301831933
ergo_nonadaptive,wind,4228,352.25,1.275119778934598
ergo_nonadaptive,wind,4229,352.33333333333337,1.273134286363588
ergo_nonadaptive,wind,4230,352.41666666666663,1.2709932776038946
ergo_nonadaptive,wind,4231,352.5,1.2753725484654272
ergo_nonadaptive,wind,4232,352.58333333333337,1.2760025277249838
ergo_nonadaptive,wind,4233,352.66666666666663,1.2805374948515973
ergo_nonadaptive,wind,4234,352.75,1.2858870240303144
ergo_nonadaptive,wind,4235,352.83333333333337,1.2850857519598804
ergo_nonadaptive,wind,4236,352.91666666666663,1.2886800469013242
ergo_nonadaptive,wind,4237,353.0,1.28635848541551
ergo_nonadaptive,wind,4238,353.08333333333337,1.289609523746624
ergo_nonadaptive,wind,4239,353.16666666666663,1.2906004175770927
ergo_nonadaptive,wind,4240,353.25,1.2877120251436118
ergo_nonadaptive,wind,4241,353.33333333333337,1.2844103240778506
ergo_nonadaptive,wind,4242,353.41666666666663,1.284752577444163
ergo_nonadaptive,wind,4243,353.5,1.2854281828528697
ergo_nonadaptive,wind,4244,353.58333333333337,1.2875704413426643
ergo_nonadaptive,wind,4245,353.66666666666663,1.2854903909148652
ergo_nonadaptive,wind,4246,353.75,1.2869953301699695
ergo_nonadaptive,wind,4247,353.83333333333337,1.2840642586342745
ergo_nonadaptive,wind,4248,353.91666666666663,1.2834152655845996
ergo_nonadaptive,wind,4249,354.0,1.2830674495983092
ergo_nonadaptive,wind,4250,354.08333333333337,1.284250125509737
ergo_nonadaptive,wind,4251,354.16666666666663,1.2839296716432422
ergo_nonadaptive,wind,4252,354.25,1.2842435028182326
ergo_nonadaptive,wind,4253,354.33333333333337,1.284915137437797
ergo_nonadaptive,wind,4254,354.41666666666663,1.287505052578259
ergo_nonadaptive,wind,4255,354.5,1.289286251638407
ergo_nonadaptive,wind,4256,354.58333333333337,1.2906185912441155
ergo_nonadaptive,wind,4257,354.66666666666663,1.290920967290459
ergo_nonadaptive,wind,4258,354.75,1.2930610200817136
ergo_nonadaptive,wind,4259,354.83333333333337,1.2918067121027244
ergo_nonadaptive,wind,4260,354.91666666666663,1.2949565592453103
ergo_nonadaptive,wind,4261,355.0,1.2946444371254762
ergo_nonadaptive,wind,4262,355.08333333333337,1.2954748705036838
ergo_nonadaptive,wind,4263,355.16666666666663,1.2959401674848596
ergo_nonadaptive,wind,4264,355.25,1.2964562679675113
ergo_nonadaptive,wind,4265,355.33333333333337,1.297136093260122
ergo_nonadaptive,wind,4266,355.41666666666663,1.2971154183788924
ergo_nonadaptive,wind,4267,355.5,1.3002571623634238
ergo_nonadaptive,wind,4268,355.58333333333337,1.301673791745178
ergo_nonadaptive,wind,4269,355.66666666666663,1.2984009374638625
ergo_nonadaptive,wind,4270,355.75,1.2992189736354087
ergo_nonadaptive,wind,4271,355.83333333333337,1.3003676718734942
ergo_nonadaptive,wind,4272,355.91666666666663,1.3008340360675585
ergo_nonadaptive,wind,4273,356.0,1.3020461919706128
ergo_nonadaptive,wind,4274,356.08333333333337,1.3030274159477826
ergo_nonadaptive,wind,4275,356.16666666666663,1.3046286507742566
ergo_nonadaptive,wind,4276,356.25,1.305379270049677
ergo_nonadaptive,wind,4277,356.33333333333337,1.3068509426873192
ergo_nonadaptive,wind,4278,356.41666666666663,1.3109483846396808
ergo_nonadaptive,wind,4279,356.5,1.3199700826253136
ergo_nonadaptive,wind,4280,356.58333333333337,1.3236958458123658
ergo_nonadaptive,wind,4281,356.66666666666663,1.3266994987899452
ergo_nonadaptive,wind,4282,356.75,1.3308238059251596
ergo_nonadaptive,wind,4283,356.83333333333337,1.331981711413286
ergo_nonadaptive,wind,4284,356.91666666666663,1.3310702447682279
ergo_nonadaptive,wind,4285,357.0,1.344072880003333
ergo_nonadaptive,wind,4286,357.08333333333337,1.3361858963471047
ergo_nonadaptive,wind,4287,357.16666666666663,1.3475641157080553
ergo_nonadaptive,wind,4288,357.25,1.3472127251982489
ergo_nonadaptive,wind,4289,357.33333333333337,1.352686120066551
ergo_nonadaptive,wind,4290,357.41666666666663,1.3538455467812518
ergo_nonadaptive,wind,4291,357.5,1.3528332436137276
ergo_nonadaptive,wind,4292,357.58333333333337,1.3696562785463682
ergo_nonadaptive,wind,4293,357.66666666666663,1.3883311482425356
ergo_nonadaptive,wind,4294,357.75,1.4002246577828874
ergo_nonadaptive,wind,4295,357.83333333333337,1.416652650442894
ergo_nonadaptive,wind,4296,357.91666666666663,1.4288341868866707
ergo_nonadaptive,wind,4297,358.0,1.4252541389701183
ergo_nonadaptive,wind,4298,358.08333333333337,1.4225558778000178
ergo_nonadaptive,wind,4299,358.16666666666663,1.4215327107685645
ergo_nonadaptive,wind,4300,358.25,1.4187771991753686
ergo_nonadaptive,wind,4301,358.33333333333337,1.4278205699512259
ergo_nonadaptive,wind,4302,358.41666666666663,1.4593889318636883
ergo_nonadaptive,wind,4303,358.5,1.4730493183911912
ergo_nonadaptive,wind,4304,358.58333333333337,1.4605930341120161
ergo_nonadaptive,wind,4305,358.66666666666663,1.456648530298289
ergo_nonadaptive,wind,4306,358.75,1.4268461044423697
ergo_nonadaptive,wind,4307,358.83333333333337,1.4453606741534595
ergo_nonadaptive,wind,4308,358.91666666666663,1.4538441749705802
ergo_nonadaptive,wind,4309,359.0,1.4351317718928154
ergo_nonadaptive,wind,4310,359.08333333333337,1.436043475987973
ergo_nonadaptive,wind,4311,359.16666666666663,1.3972187854085407
ergo_nonadaptive,wind,4312,359.25,1.4139181443434954
ergo_nonadaptive,wind,4313,359.33333333333337,1.4272621238094776
ergo_nonadaptive,wind,4314,359.41666666666663,1.4216443983117655
ergo_nonadaptive,wind,4315,359.5,1.394151065845859
ergo_nonadaptive,wind,4316,359.58333333333337,1.3880024001615037
ergo_nonadaptive,wind,4317,359.66666666666663,1.3751091565890912
ergo_nonadaptive,wind,4318,359.75,1.3659228947550652
ergo_nonadaptive,wind,4319,359.83333333333337,1.3824949616853923
ergo_nonadaptive,wind,4320,359.91666666666663,1.3882862581806008
ergo_nonadaptive,wind,4321,360.0,1.378733643574035
ergo_nonadaptive,estimated,1,0.0,0.5482123617960044
ergo_nonadaptive,estimated,2,0.08333333333337123,0.557926921769108
ergo_nonadaptive,estimated,3,0.16666666666662877,0.5604782236579083
ergo_nonadaptive,estimated,4,0.25,0.5618828683238728
ergo_nonadaptive,estimated,5,0.33333333333337123,0.5628908853976007
ergo_nonadaptive,estimated,6,0.41666666666662877,0.5637123599044667
ergo_nonadaptive,estimated,7,0.5,0.5644245009307384
ergo_nonadaptive,estimated,8,0.5833333333333712,0.5650345676167225
ergo_nonadaptive,estimated,9,0.6666666666666288,0.5655605843339407
ergo_nonadaptive,estimated,10,0.75,0.5660302687569987
ergo_nonadaptive,estimated,11,0.8333333333333712,0.5664441323218107
ergo_nonadaptive,estimated,12,0.9166666666666288,0.5667906891088164
ergo_nonadaptive,estimated,13,1.0,0.5670918872727844
ergo_nonadaptive,estimated,14,1.0833333333333712,0.5673291181952405
ergo_nonadaptive,estimated,15,1.1666666666666288,0.5675283203527932
ergo_nonadaptive,estimated,16,1.25,0.5678230587754551
ergo_nonadaptive,estimated,17,1.3333333333333712,0.5682479276786038
ergo_nonadaptive,estimated,18,1.4166666666666288,0.5687875372062065
ergo_nonadaptive,estimated,19,1.5,0.569364736524604
ergo_nonadaptive,estimated,20,1.5833333333333712,0.5699241203974873
ergo_nonadaptive,estimated,21,1.6666666666666288,0.570449084731164
ergo_nonadaptive,estimated,22,1.75,0.570936195227454
ergo_nonadaptive,estimated,23,1.8333333333333712,0.5713681632995303
ergo_nonadaptive,estimated,24,1.9166666666666288,0.5717495816325598
ergo_nonadaptive,estimated,25,2.0,0.572071018735698
ergo_nonadaptive,estimated,26,2.0833333333333712,0.572414052516004
ergo_nonadaptive,estimated,27,2.1666666666666288,0.5728584997146571
ergo_nonadaptive,estimated,28,2.25,0.573399701692992
ergo_nonadaptive,estimated,29,2.3333333333333712,0.5739683689495209
ergo_nonadaptive,estimated,30,2.4166666666666288,0.5745015678413413
ergo_nonadaptive,estimated,31,2.5,0.5749747508746218
ergo_nonadaptive,estimated,32,2.5833333333333712,0.5754399369176354
ergo_nonadaptive,estimated,33,2.6666666666666288,0.5759310821501805
ergo_nonadaptive,estimated,34,2.75,0.576469924859515
ergo_nonadaptive,estimated,35,2.8333333333333712,0.5770418058799797
ergo_nonadaptive,estimated,36,2.9166666666666288,0.5776151783257855
ergo_nonadaptive,estimated,37,3.0,0.5781340493152605
ergo_nonadaptive,estimated,38,3.0833333333333712,0.5785795128900659
ergo_nonadaptive,estimated,39,3.1666666666666288,0.579038402370555
ergo_nonadaptive,estimated,40,3.25,0.5795004211055093
ergo_nonadaptive,estimated,41,3.3333333333333712,0.580043083471629
ergo_nonadaptive,estimated,42,3.4166666666666288,0.5806220753299051
ergo_nonadaptive,estimated,43,3.5,0.5811219599873537
ergo_nonadaptive,estimated,44,3.5833333333333712,0.5815183827757461
ergo_nonadaptive,estimated,45,3.6666666666666288,0.5818748640819382
ergo_nonadaptive,estimated,46,3.75,0.582426027456965
ergo_nonadaptive,estimated,47,3.8333333333333712,0.5830804448998936
ergo_nonadaptive,estimated,48,3.9166666666666288,0.5837549728435755
ergo_nonadaptive,estimated,49,4.0,0.5842844989123307
ergo_nonadaptive,estimated,50,4.083333333333371,0.5848143113150681
ergo_nonadaptive,estimated,51,4.166666666666629,0.5853763097993143
ergo_nonadaptive,estimated,52,4.25,0.5860318395691141
ergo_nonadaptive,estimated,53,4.333333333333371,0.5866752477498759
ergo_nonadaptive,estimated,54,4.416666666666629,0.587228674051361
ergo_nonadaptive,estimated,55,4.5,0.5877498982323588
ergo_nonadaptive,estimated,56,4.583333333333371,0.5883139601042467
ergo_nonadaptive,estimated,57,4.666666666666629,0.5888515145886499
ergo_nonadaptive,estimated,58,4.75,0.589506360530296
ergo_nonadaptive,estimated,59,4.833333333333371,0.5900597750326725
ergo_nonadaptive,estimated,60,4.916666666666629,0.5906240951801248
ergo_nonadaptive,estimated,61,5.0,0.5911919229569182
ergo_nonadaptive,estimated,62,5.083333333333371,0.591796931151763
ergo_nonadaptive,estimated,63,5.166666666666629,0.5923861431289299
ergo_nonadaptive,estimated,64,5.25,0.5928694970698857
ergo_nonadaptive,estimated,65,5.333333333333371,0.5933667670319746
ergo_nonadaptive,estimated,66,5.416666666666629,0.5938819619798599
ergo_nonadaptive,estimated,67,5.5,0.5944848713957244
ergo_nonadaptive,estimated,68,5.583333333333371,0.5950264320338341
ergo_nonadaptive,estimated,69,5.666666666666629,0.595413022632009
ergo_nonadaptive,estimated,70,5.75,0.5958987766387783
ergo_nonadaptive,estimated,71,5.833333333333371,0.5965655324088797
ergo_nonadaptive,estimated,72,5.916666666666629,0.5971625695584599
ergo_nonadaptive,estimated,73,6.0,0.5976016671093974
ergo_nonadaptive,estimated,74,6.083333333333371,0.5980709223875892
ergo_nonadaptive,estimated,75,6.166666666666629,0.5986435647534366
ergo_nonadaptive,estimated,76,6.25,0.5992169726774159
ergo_nonadaptive,estimated,77,6.333333333333371,0.5997033490404358
ergo_nonadaptive,estimated,78,6.416666666666629,0.6001420538972938
ergo_nonadaptive,estimated,79,6.5,0.6006288372099409
ergo_nonadaptive,estimated,80,6.583333333333371,0.6011424841208397
ergo_nonadaptive,estimated,81,6.666666666666629,0.6016128454298564
ergo_nonadaptive,estimated,82,6.75,0.6020337526089746
ergo_nonadaptive,estimated,83,6.833333333333371,0.6024420402361803
ergo_nonadaptive,estimated,84,6.916666666666629,0.6028766895560705
ergo_nonadaptive,estimated,85,7.0,0.6032883544768175
ergo_nonadaptive,estimated,86,7.083333333333371,0.6036349718800951
ergo_nonadaptive,estimated,87,7.166666666666629,0.6039399212043052
ergo_nonadaptive,estimated,88,7.25,0.6042079039767749
ergo_nonadaptive,estimated,89,7.333333333333371,0.6044640700888371
ergo_nonadaptive,estimated,90,7.416666666666629,0.6047711504674183
ergo_nonadaptive,estimated,91,7.5,0.6050809826255075
ergo_nonadaptive,estimated,92,7.583333333333371,0.6053388712518922
ergo_nonadaptive,estimated,93,7.666666666666629,0.6055631553576168
ergo_nonadaptive,estimated,94,7.75,0.6057939106566737
ergo_nonadaptive,estimated,95,7.833333333333371,0.6060735854561398
ergo_nonadaptive,estimated,96,7.916666666666629,0.6063183279492924
ergo_nonadaptive,estimated,97,8.0,0.6064590650716913
ergo_nonadaptive,estimated,98,8.083333333333371,0.6065651837948359
ergo_nonadaptive,estimated,99,8.166666666666629,0.6068419999284269
ergo_nonadaptive,estimated,100,8.25,0.6071780351776804
ergo_nonadaptive,estimated,101,8.333333333333371,0.6074607622467187
ergo_nonadaptive,estimated,102,8.416666666666629,0.6076065780555606
ergo_nonadaptive,estimated,103,8.5,0.6077600614666941
ergo_nonadaptive,estimated,104,8.583333333333371,0.6077083648635241
ergo_nonadaptive,estimated,105,8.666666666666629,0.6081012675348961
ergo_nonadaptive,estimated,106,8.75,0.6080609343224778
ergo_nonadaptive,estimated,107,8.833333333333371,0.6078805187622999
ergo_nonadaptive,estimated,108,8.916666666666629,0.6077067738284669
ergo_nonadaptive,estimated,109,9.0,0.6079521016193761
ergo_nonadaptive,estimated,110,9.083333333333371,0.6065626274174385
ergo_nonadaptive,estimated,111,9.166666666666629,0.6064525378287202
ergo_nonadaptive,estimated,112,9.25,0.6071757163281476
ergo_nonadaptive,estimated,113,9.333333333333371,0.6079164056236886
ergo_nonadaptive,estimated,114,9.416666666666629,0.6077137712072971
ergo_nonadaptive,estimated,115,9.5,0.606011791595902
ergo_nonadaptive,estimated,116,9.583333333333371,0.60608241895593
ergo_nonadaptive,estimated,117,9.666666666666629,0.6054943685311249
ergo_nonadaptive,estimated,118,9.75,0.605037216836615
ergo_nonadaptive,estimated,119,9.833333333333371,0.605832220767689
ergo_nonadaptive,estimated,120,9.916666666666629,0.6066602704858945
ergo_nonadaptive,estimated,121,10.0,0.6055004012458138
ergo_nonadaptive,estimated,122,10.083333333333371,0.6043746170466314
ergo_nonadaptive,estimated,123,10.166666666666629,0.6029929367527829
ergo_nonadaptive,estimated,124,10.25,0.6036445150389177
ergo_nonadaptive,estimated,125,10.333333333333371,0.6017862865505087
ergo_nonadaptive,estimated,126,10.416666666666629,0.6051288097568699
ergo_nonadaptive,estimated,127,10.5,0.606556025703333
ergo_nonadaptive,estimated,128,10.583333333333371,0.6067354690095366
ergo_nonadaptive,estimated,129,10.666666666666629,0.6072617135936261
ergo_nonadaptive,estimated,130,10.75,0.6092314622801317
ergo_nonadaptive,estimated,131,10.833333333333371,0.6109483899375733
ergo_nonadaptive,estimated,132,10.916666666666629,0.6111700193000655
ergo_nonadaptive,estimated,133,11.0,0.6122196008734252
ergo_nonadaptive,estimated,134,11.083333333333371,0.6132567447370688
ergo_nonadaptive,estimated,135,11.166666666666629,0.6136833182736965
ergo_nonadaptive,estimated,136,11.25,0.6140858911544359
ergo_nonadaptive,estimated,137,11.333333333333371,0.6146130049811894
ergo_nonadaptive,estimated,138,11.416666666666629,0.6152614652726701
ergo_nonadaptive,estimated,139,11.5,0.6157651060564537
ergo_nonadaptive,estimated,140,11.583333333333371,0.6162921320897171
ergo_nonadaptive,estimated,141,11.666666666666629,0.6165908328674863
ergo_nonadaptive,estimated,142,11.75,0.6167914085859856
ergo_nonadaptive,estimated,143,11.833333333333371,0.6170631241265103
ergo_nonadaptive,estimated,144,11.916666666666629,0.6173634430258932
ergo_nonadaptive,estimated,145,12.0,0.6176111807168589
ergo_nonadaptive,estimated,146,12.083333333333371,0.6180521841668383
ergo_nonadaptive,estimated,147,12.166666666666629,0.6182856447109328
ergo_nonadaptive,estimated,148,12.25,0.6184936104531
ergo_nonadaptive,estimated,149,12.333333333333371,0.6185920437924222
ergo_nonadaptive,estimated,150,12.416666666666629,0.6187865789815603
ergo_nonadaptive,estimated,151,12.5,0.6190670835578528
ergo_nonadaptive,estimated,152,12.583333333333371,0.6195111161735285
ergo_nonadaptive,estimated,153,12.666666666666629,0.6198962021558829
ergo_nonadaptive,estimated,154,12.75,0.6201041441658363
ergo_nonadaptive,estimated,155,12.833333333333371,0.6202758400530819
ergo_nonadaptive,estimated,156,12.916666666666629,0.6205689455535681
ergo_nonadaptive,estimated,157,13.0,0.6208017966625758
ergo_nonadaptive,estimated,158,13.083333333333371,0.6209436071568236
ergo_nonadaptive,estimated,159,13.166666666666629,0.6211786903696385
ergo_nonadaptive,estimated,160,13.25,0.6214947086483853
ergo_nonadaptive,estimated,161,13.333333333333371,0.6216913123732571
ergo_nonadaptive,estimated,162,13.416666666666629,0.6218914701545801
ergo_nonadaptive,estimated,163,13.5,0.622076241210307
ergo_nonadaptive,estimated,164,13.583333333333371,0.6222848825472593
ergo_nonadaptive,estimated,165,13.666666666666629,0.6226083992847733
ergo_nonadaptive,estimated,166,13.75,0.6227956403212621
ergo_nonadaptive,estimated,167,13.833333333333371,0.6229536284154362
ergo_nonadaptive,estimated,168,13.916666666666629,0.6231391400983414
ergo_nonadaptive,estimated,169,14.0,0.6233279031168957
ergo_nonadaptive,estimated,170,14.083333333333371,0.6235395296429758
ergo_nonadaptive,estimated,171,14.166666666666629,0.6238142435574219
ergo_nonadaptive,estimated,172,14.25,0.6239798170901736
ergo_nonadaptive,estimated,173,14.333333333333371,0.624255337474198
ergo_nonadaptive,estimated,174,14.416666666666629,0.6244770650509559
ergo_nonadaptive,estimated,175,14.5,0.6245924776929813
ergo_nonadaptive,estimated,176,14.583333333333371,0.6247592176507648
ergo_nonadaptive,estimated,177,14.666666666666629,0.6249650567432987
ergo_nonadaptive,estimated,178,14.75,0.6251789035485948
ergo_nonadaptive,estimated,179,14.833333333333371,0.625296359908711
ergo_nonadaptive,estimated,180,14.916666666666629,0.6254454168166547
ergo_nonadaptive,estimated,181,15.0,0.6256486394526809
ergo_nonadaptive,estimated,182,15.083333333333371,0.6259325880773184
ergo_nonadaptive,estimated,183,15.166666666666629,0.6261260647721251
ergo_nonadaptive,estimated,184,15.25,0.6262271365420127
ergo_nonadaptive,estimated,185,15.333333333333371,0.6263748722601324
ergo_nonadaptive,estimated,186,15.416666666666629,0.6267112814364192
ergo_nonadaptive,estimated,187,15.5,0.6269552535481648
ergo_nonadaptive,estimated,188,15.583333333333371,0.6270602226092161
ergo_nonadaptive,estimated,189,15.666666666666629,0.6272429544993445
ergo_nonadaptive,estimated,190,15.75,0.6274789756108439
ergo_nonadaptive,estimated,191,15.833333333333371,0.6275982439513933
ergo_nonadaptive,estimated,192,15.916666666666629,0.6278399506492128
ergo_nonadaptive,estimated,193,16.0,0.6278852588691877
ergo_nonadaptive,estimated,194,16.08333333333337,0.6280721537955019
ergo_nonadaptive,estimated,195,16.16666666666663,0.6281480055446916
ergo_nonadaptive,estimated,196,16.25,0.6281438071658091
ergo_nonadaptive,estimated,197,16.33333333333337,0.627871330581691
ergo_nonadaptive,estimated,198,16.41666666666663,0.6276074338568929
ergo_nonadaptive,estimated,199,16.5,0.6266873807222755
ergo_nonadaptive,estimated,200,16.58333333333337,0.6267742022994072
ergo_nonadaptive,estimated,201,16.66666666666663,0.6264072957791881
ergo_nonadaptive,estimated,202,16.75,0.6250890448664232
ergo_nonadaptive,estimated,203,16.83333333333337,0.625327251042144
ergo_nonadaptive,estimated,204,16.91666666666663,0.6258533651673348
ergo_nonadaptive,estimated,205,17.0,0.6249217280251006
ergo_nonadaptive,estimated,206,17.08333333333337,0.623979706126619
ergo_nonadaptive,estimated,207,17.16666666666663,0.6249137865370309
ergo_nonadaptive,estimated,208,17.25,0.6225606872623914
ergo_nonadaptive,estimated,209,17.33333333333337,0.6214483173512334
ergo_nonadaptive,estimated,210,17.41666666666663,0.6213870074086119
ergo_nonadaptive,estimated,211,17.5,0.6199301279922946
ergo_nonadaptive,estimated,212,17.58333333333337,0.6198364890570057
ergo_nonadaptive,estimated,213,17.66666666666663,0.6219752785076637
ergo_nonadaptive,estimated,214,17.75,0.6219928490005946
ergo_nonadaptive,estimated,215,17.83333333333337,0.6227881519508274
ergo_nonadaptive,estimated,216,17.91666666666663,0.6227208875835903
ergo_nonadaptive,estimated,217,18.0,0.6218256871602437
ergo_nonadaptive,estimated,218,18.08333333333337,0.6241035463500462
ergo_nonadaptive,estimated,219,18.16666666666663,0.6251497205246304
ergo_nonadaptive,estimated,220,18.25,0.6255217105448101
ergo_nonadaptive,estimated,221,18.33333333333337,0.6263239169151953
ergo_nonadaptive,estimated,222,18.41666666666663,0.6275843347915523
ergo_nonadaptive,estimated,223,18.5,0.6276791357014658
ergo_nonadaptive,estimated,224,18.58333333333337,0.6272510932849344
ergo_nonadaptive,estimated,225,18.66666666666663,0.6272358724156923
ergo_nonadaptive,estimated,226,18.75,0.6290452867828162
ergo_nonadaptive,estimated,227,18.83333333333337,0.6292334020529595
ergo_nonadaptive,estimated,228,18.91666666666663,0.6291397787075927
ergo_nonadaptive,estimated,229,19.0,0.6288648050277112
ergo_nonadaptive,estimated,230,19.08333333333337,0.629562994687398
ergo_nonadaptive,estimated,231,19.16666666666663,0.6299103207019255
ergo_nonadaptive,estimated,232,19.25,0.630062114380099
ergo_nonadaptive,estimated,233,19.33333333333337,0.629936028565182
ergo_nonadaptive,estimated,234,19.41666666666663,0.6302727909480608
ergo_nonadaptive,estimated,235,19.5,0.630301716421819
ergo_nonadaptive,estimated,236,19.58333333333337,0.6304561917059124
ergo_nonadaptive,estimated,237,19.66666666666663,0.6306457679751508
ergo_nonadaptive,estimated,238,19.75,0.630654231490232
ergo_nonadaptive,estimated,239,19.83333333333337,0.6307455648018635
ergo_nonadaptive,estimated,240,19.91666666666663,0.6309865254195142
ergo_nonadaptive,estimated,241,20.0,0.6310754615655064
ergo_nonadaptive,estimated,242,20.08333333333337,0.6314982777603021
ergo_nonadaptive,estimated,243,20.16666666666663,0.6314459701203339
ergo_nonadaptive,estimated,244,20.25,0.6315469413471199
ergo_nonadaptive,estimated,245,20.33333333333337,0.6316484476228039
ergo_nonadaptive,estimated,246,20.41666666666663,0.6316406796222481
ergo_nonadaptive,estimated,247,20.5,0.6321773549774663
ergo_nonadaptive,estimated,248,20.58333333333337,0.6325116098188094
ergo_nonadaptive,estimated,249,20.66666666666663,0.6327353176315241
ergo_nonadaptive,estimated,250,20.75,0.6329327179123548
ergo_nonadaptive,estimated,251,20.83333333333337,0.6331239159210161
ergo_nonadaptive,estimated,252,20.91666666666663,0.6333484243799414
ergo_nonadaptive,estimated,253,21.0,0.6335670498597497
ergo_nonadaptive,estimated,254,21.08333333333337,0.6336822408488216
ergo_nonadaptive,estimated,255,21.16666666666663,0.6339605178837887
ergo_nonadaptive,estimated,256,21.25,0.6341034487980454
ergo_nonadaptive,estimated,257,21.33333333333337,0.6344086654022404
ergo_nonadaptive,estimated,258,21.41666666666663,0.634546794955392
ergo_nonadaptive,estimated,259,21.5,0.6347271027208068
ergo_nonadaptive,estimated,260,21.58333333333337,0.634824013548221
ergo_nonadaptive,estimated,261,21.66666666666663,0.6349025232041476
ergo_nonadaptive,estimated,262,21.75,0.6351899661981051
ergo_nonadaptive,estimated,263,21.83333333333337,0.6356519745776346
ergo_nonadaptive,estimated,264,21.91666666666663,0.6356977075879611
ergo_nonadaptive,estimated,265,22.0,0.6359584483337294
ergo_nonadaptive,estimated,266,22.08333333333337,0.6359860413533305
ergo_nonadaptive,estimated,267,22.16666666666663,0.6362923383484553
ergo_nonadaptive,estimated,268,22.25,0.6364162335495472
ergo_nonadaptive,estimated,269,22.33333333333337,0.6367204066781088
ergo_nonadaptive,estimated,270,22.41666666666663,0.6368631641813887
ergo_nonadaptive,estimated,271,22.5,0.63708114197773
ergo_nonadaptive,estimated,272,22.58333333333337,0.6371491414006549
ergo_nonadaptive,estimated,273,22.66666666666663,0.6373071487166064
ergo_nonadaptive,estimated,274,22.75,0.6375737636761196
ergo_nonadaptive,estimated,275,22.83333333333337,0.6378439304988733
ergo_nonadaptive,estimated,276,22.91666666666663,0.6377788066778879
ergo_nonadaptive,estimated,277,23.0,0.6378638215738025
ergo_nonadaptive,estimated,278,23.08333333333337,0.6379818206007426
ergo_nonadaptive,estimated,279,23.16666666666663,0.6384091835952734
ergo_nonadaptive,estimated,280,23.25,0.6386228181050675
ergo_nonadaptive,estimated,281,23.33333333333337,0.6387333339972883
ergo_nonadaptive,estimated,282,23.41666666666663,0.6390908989964924
ergo_nonadaptive,estimated,283,23.5,0.6394777661327704
ergo_nonadaptive,estimated,284,23.58333333333337,0.6395116165263098
ergo_nonadaptive,estimated,285,23.66666666666663,0.6396770742382184
ergo_nonadaptive,estimated,286,23.75,0.6398721805811534
ergo_nonadaptive,estimated,287,23.83333333333337,0.6400305152959047
ergo_nonadaptive,estimated,288,23.91666666666663,0.6402255790573257
ergo_nonadaptive,estimated,289,24.0,0.6404866908535587
ergo_nonadaptive,estimated,290,24.08333333333337,0.6405779018531528
ergo_nonadaptive,estimated,291,24.16666666666663,0.6408382202653443
ergo_nonadaptive,estimated,292,24.25,0.6409258601406356
ergo_nonadaptive,estimated,293,24.33333333333337,0.640952811939791
ergo_nonadaptive,estimated,294,24.41666666666663,0.6410634912898299
ergo_nonadaptive,estimated,295,24.5,0.6411842385928229
ergo_nonadaptive,estimated,296,24.58333333333337,0.6414767729384765
ergo_nonadaptive,estimated,297,24.66666666666663,0.6416727916649424
ergo_nonadaptive,estimated,298,24.75,0.6416586889614254
ergo_nonadaptive,estimated,299,24.83333333333337,0.6416768740530165
ergo_nonadaptive,estimated,300,24.91666666666663,0.6420056203087803
ergo_nonadaptive,estimated,301,25.0,0.6423628436452525
ergo_nonadaptive,estimated,302,25.08333333333337,0.6424729355341318
ergo_nonadaptive,estimated,303,25.16666666666663,0.6426738129747513
ergo_nonadaptive,estimated,304,25.25,0.6426257643561847
ergo_nonadaptive,estimated,305,25.33333333333337,0.6428977914621835
ergo_nonadaptive,estimated,306,25.41666666666663,0.6430769623721316
ergo_nonadaptive,estimated,307,25.5,0.6430603153255121
ergo_nonadaptive,estimated,308,25.58333333333337,0.6432209807425925
ergo_nonadaptive,estimated,309,25.66666666666663,0.6435591780775755
ergo_nonadaptive,estimated,310,25.75,0.6437708522756171
ergo_nonadaptive,estimated,311,25.83333333333337,0.6439432630436571
ergo_nonadaptive,estimated,312,25.91666666666663,0.6438798863971665
ergo_nonadaptive,estimated,313,26.0,0.6436603234371493
ergo_nonadaptive,estimated,314,26.08333333333337,0.6436914111675965
ergo_nonadaptive,estimated,315,26.16666666666663,0.6439469090817298
ergo_nonadaptive,estimated,316,26.25,0.6437963866656445
ergo_nonadaptive,estimated,317,26.33333333333337,0.6438503615263177
ergo_nonadaptive,estimated,318,26.41666666666663,0.6442047469605265
ergo_nonadaptive,estimated,319,26.5,0.643978843929948
ergo_nonadaptive,estimated,320,26.58333333333337,0.6437644244212058
ergo_nonadaptive,estimated,321,26.66666666666663,0.6438300723745627
ergo_nonadaptive,estimated,322,26.75,0.6437232274603613
ergo_nonadaptive,estimated,323,26.83333333333337,0.643774739283252
ergo_nonadaptive,estimated,324,26.91666666666663,0.643980833430489
ergo_nonadaptive,estimated,325,27.0,0.6439489923763302
ergo_nonadaptive,estimated,326,27.08333333333337,0.6441595117761612
ergo_nonadaptive,estimated,327,27.16666666666663,0.644187273446983
ergo_nonadaptive,estimated,328,27.25,0.6432680833577054
ergo_nonadaptive,estimated,329,27.33333333333337,0.6431158786966605
ergo_nonadaptive,estimated,330,27.41666666666663,0.643007179514139
ergo_nonadaptive,estimated,331,27.5,0.6429580268357133
ergo_nonadaptive,estimated,332,27.58333333333337,0.6414203127796781
ergo_nonadaptive,estimated,333,27.66666666666663,0.6406621298881174
ergo_nonadaptive,estimated,334,27.75,0.6403773219397827
ergo_nonadaptive,estimated,335,27.83333333333337,0.6413136663816972
ergo_nonadaptive,estimated,336,27.91666666666663,0.6403603988365013
ergo_nonadaptive,estimated,337,28.0,0.6406320381175589
ergo_nonadaptive,estimated,338,28.08333333333337,0.6414334039182453
ergo_nonadaptive,estimated,339,28.16666666666663,0.6402171943916851
ergo_nonadaptive,estimated,340,28.25,0.6409130310437823
ergo_nonadaptive,estimated,341,28.33333333333337,0.641969807443096
ergo_nonadaptive,estimated,342,28.41666666666663,0.6407940701443319
ergo_nonadaptive,estimated,343,28.5,0.6415023461640401
ergo_nonadaptive,estimated,344,28.58333333333337,0.6415541095366406
ergo_nonadaptive,estimated,345,28.66666666666663,0.6411626242860583
ergo_nonadaptive,estimated,346,28.75,0.6400967184376063
ergo_nonadaptive,estimated,347,28.83333333333337,0.6407995077519031
ergo_nonadaptive,estimated,348,28.91666666666663,0.6401486512936829
ergo_nonadaptive,estimated,349,29.0,0.6390250459158411
ergo_nonadaptive,estimated,350,29.08333333333337,0.6398006544219884
ergo_nonadaptive,estimated,351,29.16666666666663,0.6410842882493634
ergo_nonadaptive,estimated,352,29.25,0.6393128570101042
ergo_nonadaptive,estimated,353,29.33333333333337,0.6397864535672717
ergo_nonadaptive,estimated,354,29.41666666666663,0.6414919485361984
ergo_nonadaptive,estimated,355,29.5,0.641642072977324
ergo_nonadaptive,estimated,356,29.58333333333337,0.6414795750075148
ergo_nonadaptive,estimated,357,29.66666666666663,0.6424999126809685
ergo_nonadaptive,estimated,358,29.75,0.642611733309025
ergo_nonadaptive,estimated,359,29.83333333333337,0.642521333743785
ergo_nonadaptive,estimated,360,29.91666666666663,0.6428745138279949
ergo_nonadaptive,estimated,361,30.0,0.6436626647710361
ergo_nonadaptive,estimated,362,30.08333333333337,0.6435791832549927
ergo_nonadaptive,estimated,363,30.16666666666663,0.6433616812288461
ergo_nonadaptive,estimated,364,30.25,0.6438935796194764
ergo_nonadaptive,estimated,365,30.33333333333337,0.6440457745785974
ergo_nonadaptive,estimated,366,30.41666666666663,0.6444479422086159
ergo_nonadaptive,estimated,367,30.5,0.6443868755996041
ergo_nonadaptive,estimated,368,30.58333333333337,0.6448151519715815
ergo_nonadaptive,estimated,369,30.66666666666663,0.6449741256415963
ergo_nonadaptive,estimated,370,30.75,0.6447823360179207
ergo_nonadaptive,estimated,371,30.83333333333337,0.6450063096798361
ergo_nonadaptive,estimated,372,30.91666666666663,0.6451386339312106
ergo_nonadaptive,estimated,373,31.0,0.6452573673528788
ergo_nonadaptive,estimated,374,31.08333333333337,0.6453800792117738
ergo_nonadaptive,estimated,375,31.16666666666663,0.6452974727454982
ergo_nonadaptive,estimated,376,31.25,0.6449942285594824
ergo_nonadaptive,estimated,377,31.33333333333337,0.6445439351087194
ergo_nonadaptive,estimated,378,31.41666666666663,0.6441831214909727
ergo_nonadaptive,estimated,379,31.5,0.6438976436065038
ergo_nonadaptive,estimated,380,31.58333333333337,0.6433819868337686
ergo_nonadaptive,estimated,381,31.66666666666663,0.6431549396969083
ergo_nonadaptive,estimated,382,31.75,0.642537038362363
ergo_nonadaptive,estimated,383,31.83333333333337,0.6420877396160273
ergo_nonadaptive,estimated,384,31.91666666666663,0.6417477801866065
ergo_nonadaptive,estimated,385,32.0,0.6412145837944384
ergo_nonadaptive,estimated,386,32.08333333333337,0.6406743542470871
ergo_nonadaptive,estimated,387,32.16666666666663,0.6402601591388466
ergo_nonadaptive,estimated,388,32.25,0.6400316759150856
ergo_nonadaptive,estimated,389,32.33333333333337,0.6396690190919294
ergo_nonadaptive,estimated,390,32.41666666666663,0.6391709521698545
ergo_nonadaptive,estimated,391,32.5,0.6383294995044408
ergo_nonadaptive,estimated,392,32.58333333333337,0.6379205353042664
ergo_nonadaptive,estimated,393,32.66666666666663,0.6373802790463855
ergo_nonadaptive,estimated,394,32.75,0.6368432702988558
ergo_nonadaptive,estimated,395,32.83333333333337,0.6366985264698531
ergo_nonadaptive,estimated,396,32.91666666666663,0.6363633112858695
ergo_nonadaptive,estimated,397,33.0,0.6357965562823578
ergo_nonadaptive,estimated,398,33.08333333333337,0.6353893081630132
ergo_nonadaptive,estimated,399,33.16666666666663,0.6348422427770173
ergo_nonadaptive,estimated,400,33.25,0.6347799108535584
ergo_nonadaptive,estimated,401,33.33333333333337,0.6342824914665742
ergo_nonadaptive,estimated,402,33.41666666666663,0.6342216533678784
ergo_nonadaptive,estimated,403,33.5,0.6339372408097168
ergo_nonadaptive,estimated,404,33.58333333333337,0.6337663663949226
ergo_nonadaptive,estimated,405,33.66666666666663,0.6333882657903732
ergo_nonadaptive,estimated,406,33.75,0.633295024991777
ergo_nonadaptive,estimated,407,33.83333333333337,0.6329515938564693
ergo_nonadaptive,estimated,408,33.91666666666663,0.6323938590374232
ergo_nonadaptive,estimated,409,34.0,0.6320010113153246
ergo_nonadaptive,estimated,410,34.08333333333337,0.6319120455574666
ergo_nonadaptive,estimated,411,34.16666666666663,0.6314821707914479
ergo_nonadaptive,estimated,412,34.25,0.6307368441349009
ergo_nonadaptive,estimated,413,34.33333333333337,0.6309475800977473
ergo_nonadaptive,estimated,414,34.41666666666663,0.6299766982262672
ergo_nonadaptive,estimated,415,34.5,0.6297928801438324
ergo_nonadaptive,estimated,416,34.58333333333337,0.6290696372178282
ergo_nonadaptive,estimated,417,34.66666666666663,0.6278753910823023
ergo_nonadaptive,estimated,418,34.75,0.6275567566944177
ergo_nonadaptive,estimated,419,34.83333333333337,0.6271756266644601
ergo_nonadaptive,estimated,420,34.91666666666663,0.6263428484001281
ergo_nonadaptive,estimated,421,35.0,0.6242868359079721
ergo_nonadaptive,estimated,422,35.08333333333337,0.6232078043403617
ergo_nonadaptive,estimated,423,35.16666666666663,0.6220718279667345
ergo_nonadaptive,estimated,424,35.25,0.6217432414835063
ergo_nonadaptive,estimated,425,35.33333333333337,0.6192471772634143
ergo_nonadaptive,estimated,426,35.41666666666663,0.6176697008208899
ergo_nonadaptive,estimated,427,35.5,0.6175507978500602
ergo_nonadaptive,estimated,428,35.58333333333337,0.6188910435678376
ergo_nonadaptive,estimated,429,35.66666666666663,0.618704209206216
ergo_nonadaptive,estimated,430,35.75,0.6197188156396338
ergo_nonadaptive,estimated,431,35.83333333333337,0.6174498385813708
ergo_nonadaptive,estimated,432,35.91666666666663,0.6165552716199962
ergo_nonadaptive,estimated,433,36.0,0.6180351269746055
ergo_nonadaptive,estimated,434,36.08333333333337,0.6154373314986018
ergo_nonadaptive,estimated,435,36.16666666666663,0.6172256604265866
ergo_nonadaptive,estimated,436,36.25,0.6187444030347038
ergo_nonadaptive,estimated,437,36.33333333333337,0.6201471935607372
ergo_nonadaptive,estimated,438,36.41666666666663,0.6207302078227565
ergo_nonadaptive,estimated,439,36.5,0.6228010663509733
ergo_nonadaptive,estimated,440,36.58333333333337,0.6218993232114653
ergo_nonadaptive,estimated,441,36.66666666666663,0.6239532627388304
ergo_nonadaptive,estimated,442,36.75,0.6258284006276814
ergo_nonadaptive,estimated,443,36.83333333333337,0.6276944540140162
ergo_nonadaptive,estimated,444,36.91666666666663,0.6278516663288417
ergo_nonadaptive,estimated,445,37.0,0.6292856497363062
ergo_nonadaptive,estimated,446,37.08333333333337,0.6273714951574844
ergo_nonadaptive,estimated,447,37.16666666666663,0.627810970079274
ergo_nonadaptive,estimated,448,37.25,0.6285823861485598
ergo_nonadaptive,estimated,449,37.33333333333337,0.6301042124968976
ergo_nonadaptive,estimated,450,37.41666666666663,0.6308326340287459
ergo_nonadaptive,estimated,451,37.5,0.6316032544676123
ergo_nonadaptive,estimated,452,37.58333333333337,0.6321234641312161
ergo_nonadaptive,estimated,453,37.66666666666663,0.6319744120401285
ergo_nonadaptive,estimated,454,37.75,0.6327145459628818
ergo_nonadaptive,estimated,455,37.83333333333337,0.6331582810402839
ergo_nonadaptive,estimated,456,37.91666666666663,0.6338000497368156
ergo_nonadaptive,estimated,457,38.0,0.6343162333973558
ergo_nonadaptive,estimated,458,38.08333333333337,0.6348242976465116
ergo_nonadaptive,estimated,459,38.16666666666663,0.6350739977358841
ergo_nonadaptive,estimated,460,38.25,0.6357227647825023
ergo_nonadaptive,estimated,461,38.33333333333337,0.635905988050298
ergo_nonadaptive,estimated,462,38.41666666666663,0.6358293284317652
ergo_nonadaptive,estimated,463,38.5,0.6358677359464658
ergo_nonadaptive,estimated,464,38.58333333333337,0.6363953935811011
ergo_nonadaptive,estimated,465,38.66666666666663,0.6366533063192921
ergo_nonadaptive,estimated,466,38.75,0.6369386823389227
ergo_nonadaptive,estimated,467,38.83333333333337,0.6373829706579435
ergo_nonadaptive,estimated,468,38.91666666666663,0.6375756743238377
ergo_nonadaptive,estimated,469,39.0,0.6381584357494429
ergo_nonadaptive,estimated,470,39.08333333333337,0.6380269054192713
ergo_nonadaptive,estimated,471,39.16666666666663,0.6378587171320317
ergo_nonadaptive,estimated,472,39.25,0.6377743226154056
ergo_nonadaptive,estimated,473,39.33333333333337,0.6377680451543117
ergo_nonadaptive,estimated,474,39.41666666666663,0.6382675145669099
ergo_nonadaptive,estimated,475,39.5,0.6383014685895704
ergo_nonadaptive,estimated,476,39.58333333333337,0.6385378571269739
ergo_nonadaptive,estimated,477,39.66666666666663,0.6385121289689246
ergo_nonadaptive,estimated,478,39.75,0.6386794205876246
ergo_nonadaptive,estimated,479,39.83333333333337,0.6388119409629441
ergo_nonadaptive,estimated,480,39.91666666666663,0.6388638595845988
ergo_nonadaptive,estimated,481,40.0,0.6388712149727658
ergo_nonadaptive,estimated,482,40.08333333333337,0.6391484456757494
ergo_nonadaptive,estimated,483,40.16666666666663,0.6394833141924305
ergo_nonadaptive,estimated,484,40.25,0.6395901850675717
ergo_nonadaptive,estimated,485,40.33333333333337,0.6394872962210643
ergo_nonadaptive,estimated,486,40.41666666666663,0.6390996200249981
ergo_nonadaptive,estimated,487,40.5,0.639221731589343
ergo_nonadaptive,estimated,488,40.58333333333337,0.6394464103125004
ergo_nonadaptive,estimated,489,40.66666666666663,0.6395484793423959
ergo_nonadaptive,estimated,490,40.75,0.6394398469688465
ergo_nonadaptive,estimated,491,40.83333333333337,0.6394623910921541
ergo_nonadaptive,estimated,492,40.91666666666663,0.6396821006445769
ergo_nonadaptive,estimated,493,41.0,0.6391509892904109
ergo_nonadaptive,estimated,494,41.08333333333337,0.639450037857129
ergo_nonadaptive,estimated,495,41.16666666666663,0.6392920421607651
ergo_nonadaptive,estimated,496,41.25,0.6389501703016858
ergo_nonadaptive,estimated,497,41.33333333333337,0.6389060466351919
ergo_nonadaptive,estimated,498,41.41666666666663,0.638920945178134
ergo_nonadaptive,estimated,499,41.5,0.6384479292864856
ergo_nonadaptive,estimated,500,41.58333333333337,0.6380772477805949
ergo_nonadaptive,estimated,501,41.66666666666663,0.6381985296348548
ergo_nonadaptive,estimated,502,41.75,0.6370645606146947
ergo_nonadaptive,estimated,503,41.83333333333337,0.6366059699882242
ergo_nonadaptive,estimated,504,41.91666666666663,0.6369129622531432
ergo_nonadaptive,estimated,505,42.0,0.6384180944169657
ergo_nonadaptive,estimated,506,42.08333333333337,0.6375364893924731
ergo_nonadaptive,estimated,507,42.16666666666663,0.637412329206051
ergo_nonadaptive,estimated,508,42.25,0.6369147524698312
ergo_nonadaptive,estimated,509,42.33333333333337,0.6382731139554944
ergo_nonadaptive,estimated,510,42.41666666666663,0.6386507385328748
ergo_nonadaptive,estimated,511,42.5,0.6380703484424594
ergo_nonadaptive,estimated,512,42.58333333333337,0.6387303274537076
ergo_nonadaptive,estimated,513,42.66666666666663,0.6374466473969186
ergo_nonadaptive,estimated,514,42.75,0.6387988391832415
ergo_nonadaptive,estimated,515,42.83333333333337,0.6384425303177816
ergo_nonadaptive,estimated,516,42.91666666666663,0.6390698016052292
ergo_nonadaptive,estimated,517,43.0,0.6389962897721866
ergo_nonadaptive,estimated,518,43.08333333333337,0.6389868610492276
ergo_nonadaptive,estimated,519,43.16666666666663,0.6395140003892815
ergo_nonadaptive,estimated,520,43.25,0.6395849023547463
ergo_nonadaptive,estimated,521,43.33333333333337,0.6401420475327301
ergo_nonadaptive,estimated,522,43.41666666666663,0.6403881053114382
ergo_nonadaptive,estimated,523,43.5,0.6405323216044242
ergo_nonadaptive,estimated,524,43.58333333333337,0.6401933560081007
ergo_nonadaptive,estimated,525,43.66666666666663,0.6402838197341977
ergo_nonadaptive,estimated,526,43.75,0.6403679390403763
ergo_nonadaptive,estimated,527,43.83333333333337,0.6403394261257791
ergo_nonadaptive,estimated,528,43.91666666666663,0.6401632181560769
ergo_nonadaptive,estimated,529,44.0,0.6402033022138522
ergo_nonadaptive,estimated,530,44.08333333333337,0.6404175889516645
ergo_nonadaptive,estimated,531,44.16666666666663,0.6403322613398038
ergo_nonadaptive,estimated,532,44.25,0.6401056213763927
ergo_nonadaptive,estimated,533,44.33333333333337,0.6401415368375258
ergo_nonadaptive,estimated,534,44.41666666666663,0.6401658317419393
ergo_nonadaptive,estimated,535,44.5,0.6400315140526602
ergo_nonadaptive,estimated,536,44.58333333333337,0.6396447502344897
ergo_nonadaptive,estimated,537,44.66666666666663,0.6397253407793576
ergo_nonadaptive,estimated,538,44.75,0.639649536219983
ergo_nonadaptive,estimated,539,44.83333333333337,0.6396942540739834
ergo_nonadaptive,estimated,540,44.91666666666663,0.6395215798781289
ergo_nonadaptive,estimated,541,45.0,0.6395469121743587
ergo_nonadaptive,estimated,542,45.08333333333337,0.6394968201303998
ergo_nonadaptive,estimated,543,45.16666666666663,0.6394785577434206
ergo_nonadaptive,estimated,544,45.25,0.6393584867082346
ergo_nonadaptive,estimated,545,45.33333333333337,0.6392869406757752
ergo_nonadaptive,estimated,546,45.41666666666663,0.6392475480692318
ergo_nonadaptive,estimated,547,45.5,0.6390545882532179
ergo_nonadaptive,estimated,548,45.58333333333337,0.6389047560430838
ergo_nonadaptive,estimated,549,45.66666666666663,0.6386825923408619
ergo_nonadaptive,estimated,550,45.75,0.6385561235352418
ergo_nonadaptive,estimated,551,45.83333333333337,0.6384254549631821
ergo_nonadaptive,estimated,552,45.91666666666663,0.6382351195593245
ergo_nonadaptive,estimated,553,46.0,0.637901874496296
ergo_nonadaptive,estimated,554,46.08333333333337,0.6375828049255605
ergo_nonadaptive,estimated,555,46.16666666666663,0.6371420976669391
ergo_nonadaptive,estimated,556,46.25,0.6366583088048147
ergo_nonadaptive,estimated,557,46.33333333333337,0.6361957096549498
ergo_nonadaptive,estimated,558,46.41666666666663,0.6357202512724253
ergo_nonadaptive,estimated,559,46.5,0.6352726932374987
ergo_nonadaptive,estimated,560,46.58333333333337,0.6348741949334886
ergo_nonadaptive,estimated,561,46.66666666666663,0.6343716844353122
ergo_nonadaptive,estimated,562,46.75,0.6339580368529713
ergo_nonadaptive,estimated,563,46.83333333333337,0.6334225460944775
ergo_nonadaptive,estimated,564,46.91666666666663,0.6328774156144877
ergo_nonadaptive,estimated,565,47.0,0.632473596959138
ergo_nonadaptive,estimated,566,47.08333333333337,0.6318798341623916
ergo_nonadaptive,estimated,567,47.16666666666663,0.6314534104901387
ergo_nonadaptive,estimated,568,47.25,0.6309491181431891
ergo_nonadaptive,estimated,569,47.33333333333337,0.6305233897018058
ergo_nonadaptive,estimated,570,47.41666666666663,0.6301663304231058
ergo_nonadaptive,estimated,571,47.5,0.6298694802001946
ergo_nonadaptive,estimated,572,47.58333333333337,0.6295382103774723
ergo_nonadaptive,estimated,573,47.66666666666663,0.6291223229819092
ergo_nonadaptive,estimated,574,47.75,0.6290051102460915
ergo_nonadaptive,estimated,575,47.83333333333337,0.6288341522980192
ergo_nonadaptive,estimated,576,47.91666666666663,0.6285446472866967
ergo_nonadaptive,estimated,577,48.0,0.6281490278858964
ergo_nonadaptive,estimated,578,48.08333333333337,0.6279949128149204
ergo_nonadaptive,estimated,579,48.16666666666663,0.6279827338710765
ergo_nonadaptive,estimated,580,48.25,0.6278255451699918
ergo_nonadaptive,estimated,581,48.33333333333337,0.627473834060003
ergo_nonadaptive,estimated,582,48.41666666666663,0.6271322708425721
ergo_nonadaptive,estimated,583,48.5,0.6271227655143404
ergo_nonadaptive,estimated,584,48.58333333333337,0.6269947842722113
ergo_nonadaptive,estimated,585,48.66666666666663,0.6270005088600172
ergo_nonadaptive,estimated,586,48.75,0.6269994933361607
ergo_nonadaptive,estimated,587,48.83333333333337,0.6267114600831566
ergo_nonadaptive,estimated,588,48.91666666666663,0.6265725182189902
ergo_nonadaptive,estimated,589,49.0,0.6265919417515117
ergo_nonadaptive,estimated,590,49.08333333333337,0.6265466061668279
ergo_nonadaptive,estimated,591,49.16666666666663,0.6265017894010214
ergo_nonadaptive,estimated,592,49.25,0.6266842599138853
ergo_nonadaptive,estimated,593,49.33333333333337,0.6264247512287265
ergo_nonadaptive,estimated,594,49.41666666666663,0.6263227823912932
ergo_nonadaptive,estimated,595,49.5,0.626130035930897
ergo_nonadaptive,estimated,596,49.58333333333337,0.6264492880381265
ergo_nonadaptive,estimated,597,49.66666666666663,0.6265010874432803
ergo_nonadaptive,estimated,598,49.75,0.6264907723976665
ergo_nonadaptive,estimated,599,49.83333333333337,0.6260895815771926
ergo_nonadaptive,estimated,600,49.91666666666663,0.6260725708641017
ergo_nonadaptive,estimated,601,50.0,0.6260243820753986
ergo_nonadaptive,estimated,602,50.08333333333337,0.6262497248798115
ergo_nonadaptive,estimated,603,50.16666666666663,0.6260290327002239
ergo_nonadaptive,estimated,604,50.25,0.6263294290224065
ergo_nonadaptive,estimated,605,50.33333333333337,0.6266804542614798
ergo_nonadaptive,estimated,606,50.41666666666663,0.6268949324955191
ergo_nonadaptive,estimated,607,50.5,0.6272234333564204
ergo_nonadaptive,estimated,608,50.58333333333337,0.6271955681954636
ergo_nonadaptive,estimated,609,50.66666666666663,0.6271063714295514
ergo_nonadaptive,estimated,610,50.75,0.6272768256088302
ergo_nonadaptive,estimated,611,50.83333333333337,0.6273337013512964
ergo_nonadaptive,estimated,612,50.91666666666663,0.6273807113120139
ergo_nonadaptive,estimated,613,51.0,0.6275783912324578
ergo_nonadaptive,estimated,614,51.08333333333337,0.6274760107873808
ergo_nonadaptive,estimated,615,51.16666666666663,0.6279637132638167
ergo_nonadaptive,estimated,616,51.25,0.628053293292695
ergo_nonadaptive,estimated,617,51.33333333333337,0.6280541342278753
ergo_nonadaptive,estimated,618,51.41666666666663,0.6283597869914539
ergo_nonadaptive,estimated,619,51.5,0.6287617651329549
ergo_nonadaptive,estimated,620,51.58333333333337,0.6289952228656772
ergo_nonadaptive,estimated,621,51.66666666666663,0.6294183647814507
ergo_nonadaptive,estimated,622,51.75,0.6295567654155678
ergo_nonadaptive,estimated,623,51.83333333333337,0.6296941770159337
ergo_nonadaptive,estimated,624,51.91666666666663,0.6298922971484674
ergo_nonadaptive,estimated,625,52.0,0.6300612120074581
ergo_nonadaptive,estimated,626,52.08333333333337,0.6303841153778204
ergo_nonadaptive,estimated,627,52.16666666666663,0.630608699781175
ergo_nonadaptive,estimated,628,52.25,0.6308667085793619
ergo_nonadaptive,estimated,629,52.33333333333337,0.6309705756842563
ergo_nonadaptive,estimated,630,52.41666666666663,0.6308882330157499
ergo_nonadaptive,estimated,631,52.5,0.6309698805463119
ergo_nonadaptive,estimated,632,52.58333333333337,0.6313298137520797
ergo_nonadaptive,estimated,633,52.66666666666663,0.631612352455904
ergo_nonadaptive,estimated,634,52.75,0.6320182154388855
ergo_nonadaptive,estimated,635,52.83333333333337,0.6322075407748778
ergo_nonadaptive,estimated,636,52.91666666666663,0.6323723999595412
ergo_nonadaptive,estimated,637,53.0,0.6325724243184982
ergo_nonadaptive,estimated,638,53.08333333333337,0.6326992644590171
ergo_nonadaptive,estimated,639,53.16666666666663,0.6328010743423558
ergo_nonadaptive,estimated,640,53.25,0.63284515179586
ergo_nonadaptive,estimated,641,53.33333333333337,0.6329777956462004
ergo_nonadaptive,estimated,642,53.41666666666663,0.6332363682512971
ergo_nonadaptive,estimated,643,53.5,0.6335306615911691
ergo_nonadaptive,estimated,644,53.58333333333337,0.63356518454367
ergo_nonadaptive,estimated,645,53.66666666666663,0.6336259435602901
ergo_nonadaptive,estimated,646,53.75,0.6339223903798102
ergo_nonadaptive,estimated,647,53.83333333333337,0.634204441060896
ergo_nonadaptive,estimated,648,53.91666666666663,0.6344672471480604
ergo_nonadaptive,estimated,649,54.0,0.6345777033648593
ergo_nonadaptive,estimated,650,54.08333333333337,0.6347799729678377
ergo_nonadaptive,estimated,651,54.16666666666663,0.6350228179141709
ergo_nonadaptive,estimated,652,54.25,0.6353288813637477
ergo_nonadaptive,estimated,653,54.33333333333337,0.6355137475560588
ergo_nonadaptive,estimated,654,54.41666666666663,0.6356108702168439
ergo_nonadaptive,estimated,655,54.5,0.6355595110281161
ergo_nonadaptive,estimated,656,54.58333333333337,0.6355639814816578
ergo_nonadaptive,estimated,657,54.66666666666663,0.6357871261931599
ergo_nonadaptive,estimated,658,54.75,0.635795562131277
ergo_nonadaptive,estimated,659,54.83333333333337,0.636191094209509
ergo_nonadaptive,estimated,660,54.91666666666663,0.6363467229313763
ergo_nonadaptive,estimated,661,55.0,0.6363026659369321
ergo_nonadaptive,estimated,662,55.08333333333337,0.6364904162972141
ergo_nonadaptive,estimated,663,55.16666666666663,0.6365545843984681
ergo_nonadaptive,estimated,664,55.25,0.6364987717378001
ergo_nonadaptive,estimated,665,55.33333333333337,0.6364080875252349
ergo_nonadaptive,estimated,666,55.41666666666663,0.636012342386989
ergo_nonadaptive,estimated,667,55.5,0.6357670719206593
ergo_nonadaptive,estimated,668,55.58333333333337,0.6354317136098151
ergo_nonadaptive,estimated,669,55.66666666666663,0.6340343587533809
ergo_nonadaptive,estimated,670,55.75,0.634619229942167
ergo_nonadaptive,estimated,671,55.83333333333337,0.6344786139177335
ergo_nonadaptive,estimated,672,55.91666666666663,0.6320111293758678
ergo_nonadaptive,estimated,673,56.0,0.631619128780832
ergo_nonadaptive,estimated,674,56.08333333333337,0.6314187512751692
ergo_nonadaptive,estimated,675,56.16666666666663,0.6283428721404171
ergo_nonadaptive,estimated,676,56.25,0.6285982739245769
ergo_nonadaptive,estimated,677,56.33333333333337,0.6268561324609364
ergo_nonadaptive,estimated,678,56.41666666666663,0.6229445114856433
ergo_nonadaptive,estimated,679,56.5,0.6203764048202048
ergo_nonadaptive,estimated,680,56.58333333333337,0.617870861438807
ergo_nonadaptive,estimated,681,56.66666666666663,0.6189591978487654
ergo_nonadaptive,estimated,682,56.75,0.617484084004213
ergo_nonadaptive,estimated,683,56.83333333333337,0.6156074885648966
ergo_nonadaptive,estimated,684,56.91666666666663,0.6106737062441344
ergo_nonadaptive,estimated,685,57.0,0.6134152394758704
ergo_nonadaptive,estimated,686,57.08333333333337,0.6105153122711221
ergo_nonadaptive,estimated,687,57.16666666666663,0.6087508975336104
ergo_nonadaptive,estimated,688,57.25,0.6082866599219302
ergo_nonadaptive,estimated,689,57.33333333333337,0.6058575012753286
ergo_nonadaptive,estimated,690,57.41666666666663,0.6058098176808391
ergo_nonadaptive,estimated,691,57.5,0.6064661325800375
ergo_nonadaptive,estimated,692,57.58333333333337,0.6052030868639252
ergo_nonadaptive,estimated,693,57.66666666666663,0.6053963335197043
ergo_nonadaptive,estimated,694,57.75,0.6061385573085335
ergo_nonadaptive,estimated,695,57.83333333333337,0.6068847946498774
ergo_nonadaptive,estimated,696,57.91666666666663,0.6040329994820542
ergo_nonadaptive,estimated,697,58.0,0.6035365175007383
ergo_nonadaptive,estimated,698,58.08333333333337,0.6027318884469693
ergo_nonadaptive,estimated,699,58.16666666666663,0.6023916046071502
ergo_nonadaptive,estimated,700,58.25,0.6027227057129161
ergo_nonadaptive,estimated,701,58.33333333333337,0.602034963413702
ergo_nonadaptive,estimated,702,58.41666666666663,0.602636837309608
ergo_nonadaptive,estimated,703,58.5,0.6025661674615751
ergo_nonadaptive,estimated,704,58.58333333333337,0.6020411927402236
ergo_nonadaptive,estimated,705,58.66666666666663,0.6000917427225698
ergo_nonadaptive,estimated,706,58.75,0.6007219680102366
ergo_nonadaptive,estimated,707,58.83333333333337,0.600634638654394
ergo_nonadaptive,estimated,708,58.91666666666663,0.6022547511644635
ergo_nonadaptive,estimated,709,59.0,0.6027622852718219
ergo_nonadaptive,estimated,710,59.08333333333337,0.5998152217095094
ergo_nonadaptive,estimated,711,59.16666666666663,0.5986865253548167
ergo_nonadaptive,estimated,712,59.25,0.5971107520023665
ergo_nonadaptive,estimated,713,59.33333333333337,0.5998388902923928
ergo_nonadaptive,estimated,714,59.41666666666663,0.5988588194828673
ergo_nonadaptive,estimated,715,59.5,0.5961258213996343
ergo_nonadaptive,estimated,716,59.58333333333337,0.5960204884187187
ergo_nonadaptive,estimated,717,59.66666666666663,0.5969513160968389
ergo_nonadaptive,estimated,718,59.75,0.5961524986263305
ergo_nonadaptive,estimated,719,59.83333333333337,0.5970008530963926
ergo_nonadaptive,estimated,720,59.91666666666663,0.596439382850377
ergo_nonadaptive,estimated,721,60.0,0.5978012686297147
ergo_nonadaptive,estimated,722,60.08333333333337,0.5985424157989018
ergo_nonadaptive,estimated,723,60.16666666666663,0.5967348832324844
ergo_nonadaptive,estimated,724,60.25,0.595509561772471
ergo_nonadaptive,estimated,725,60.33333333333337,0.5937893266602562
ergo_nonadaptive,estimated,726,60.41666666666663,0.593043655677844
ergo_nonadaptive,estimated,727,60.5,0.5947146260551671
ergo_nonadaptive,estimated,728,60.58333333333337,0.5951696747537034
ergo_nonadaptive,estimated,729,60.66666666666663,0.5939112364792779
ergo_nonadaptive,estimated,730,60.75,0.5931730725349499
ergo_nonadaptive,estimated,731,60.83333333333337,0.5937135399992558
ergo_nonadaptive,estimated,732,60.91666666666663,0.5924031798194191
ergo_nonadaptive,estimated,733,61.0,0.5932353667923075
ergo_nonadaptive,estimated,734,61.08333333333337,0.5931602626496684
ergo_nonadaptive,estimated,735,61.16666666666663,0.5932396047245287
ergo_nonadaptive,estimated,736,61.25,0.5920449572268478
ergo_nonadaptive,estimated,737,61.33333333333337,0.5938764648518311
ergo_nonadaptive,estimated,738,61.41666666666663,0.5956921126274641
ergo_nonadaptive,estimated,739,61.5,0.5976806528781554
ergo_nonadaptive,estimated,740,61.58333333333337,0.5978197300841119
ergo_nonadaptive,estimated,741,61.66666666666663,0.5995282959203367
ergo_nonadaptive,estimated,742,61.75,0.5999002663332557
ergo_nonadaptive,estimated,743,61.83333333333337,0.6002365528713243
ergo_nonadaptive,estimated,744,61.91666666666663,0.6014380862015666
ergo_nonadaptive,estimated,745,62.0,0.6014366067873989
ergo_nonadaptive,estimated,746,62.08333333333337,0.6018906958551365
ergo_nonadaptive,estimated,747,62.16666666666663,0.602603403610257
ergo_nonadaptive,estimated,748,62.25,0.6028629854263043
ergo_nonadaptive,estimated,749,62.33333333333337,0.6039331273749585
ergo_nonadaptive,estimated,750,62.41666666666663,0.6044239251587195
ergo_nonadaptive,estimated,751,62.5,0.6043355548445819
ergo_nonadaptive,estimated,752,62.58333333333337,0.6045066417177813
ergo_nonadaptive,estimated,753,62.66666666666663,0.6047565158154771
ergo_nonadaptive,estimated,754,62.75,0.605354582772452
ergo_nonadaptive,estimated,755,62.83333333333337,0.6056012281080084
ergo_nonadaptive,estimated,756,62.91666666666663,0.6063144332858109
ergo_nonadaptive,estimated,757,63.0,0.606878122453545
ergo_nonadaptive,estimated,758,63.08333333333337,0.6067722715504011
ergo_nonadaptive,estimated,759,63.16666666666663,0.6069477696525616
ergo_nonadaptive,estimated,760,63.25,0.6058764955135364
ergo_nonadaptive,estimated,761,63.33333333333337,0.6055290959078722
ergo_nonadaptive,estimated,762,63.41666666666663,0.6057025202059223
ergo_nonadaptive,estimated,763,63.5,0.6062663067863522
ergo_nonadaptive,estimated,764,63.58333333333337,0.6065750601602699
ergo_nonadaptive,estimated,765,63.66666666666663,0.6077580810734386
ergo_nonadaptive,estimated,766,63.75,0.6075434815075007
ergo_nonadaptive,estimated,767,63.83333333333337,0.6076397286466767
ergo_nonadaptive,estimated,768,63.91666666666663,0.6075517671458567
ergo_nonadaptive,estimated,769,64.0,0.6077280693319198
ergo_nonadaptive,estimated,770,64.08333333333337,0.6078633326671933
ergo_nonadaptive,estimated,771,64.16666666666663,0.6083374191644619
ergo_nonadaptive,estimated,772,64.25,0.6082761027529452
ergo_nonadaptive,estimated,773,64.33333333333337,0.6092081582385181
ergo_nonadaptive,estimated,774,64.41666666666663,0.6085789882639413
ergo_nonadaptive,estimated,775,64.5,0.6082091754692318
ergo_nonadaptive,estimated,776,64.58333333333337,0.6096395351245216
ergo_nonadaptive,estimated,777,64.66666666666663,0.6100837800869489
ergo_nonadaptive,estimated,778,64.75,0.6099159881689171
ergo_nonadaptive,estimated,779,64.83333333333337,0.6095839367889544
ergo_nonadaptive,estimated,780,64.91666666666663,0.6100895457934762
ergo_nonadaptive,estimated,781,65.0,0.6107583461026332
ergo_nonadaptive,estimated,782,65.08333333333337,0.6110017527351533
ergo_nonadaptive,estimated,783,65.16666666666663,0.611193267054156
ergo_nonadaptive,estimated,784,65.25,0.6116062201448996
ergo_nonadaptive,estimated,785,65.33333333333337,0.6114418954201324
ergo_nonadaptive,estimated,786,65.41666666666663,0.6109464717230536
ergo_nonadaptive,estimated,787,65.5,0.6120475632672745
ergo_nonadaptive,estimated,788,65.58333333333337,0.6121151956252117
ergo_nonadaptive,estimated,789,65.66666666666663,0.6123020286886542
ergo_nonadaptive,estimated,790,65.75,0.6134172859814465
ergo_nonadaptive,estimated,791,65.83333333333337,0.6142023067613138
ergo_nonadaptive,estimated,792,65.91666666666663,0.6144241534480589
ergo_nonadaptive,estimated,793,66.0,0.6144824787959612
ergo_nonadaptive,estimated,794,66.08333333333337,0.6151798092556322
ergo_nonadaptive,estimated,795,66.16666666666663,0.615701688229465
ergo_nonadaptive,estimated,796,66.25,0.6163390856293769
ergo_nonadaptive,estimated,797,66.33333333333337,0.6165199908409339
ergo_nonadaptive,estimated,798,66.41666666666663,0.61576023355364
ergo_nonadaptive,estimated,799,66.5,0.6161987765610273
ergo_nonadaptive,estimated,800,66.58333333333337,0.6147553067362288
ergo_nonadaptive,estimated,801,66.66666666666663,0.6157543249189438
ergo_nonadaptive,estimated,802,66.75,0.6160704938842528
ergo_nonadaptive,estimated,803,66.83333333333337,0.6172252645416111
ergo_nonadaptive,estimated,804,66.91666666666663,0.6170652618934325
ergo_nonadaptive,estimated,805,67.0,0.6164558980598192
ergo_nonadaptive,estimated,806,67.08333333333337,0.6184083441038944
ergo_nonadaptive,estimated,807,67.16666666666663,0.6186852255233558
ergo_nonadaptive,estimated,808,67.25,0.6184599743280993
ergo_nonadaptive,estimated,809,67.33333333333337,0.6179719843824366
ergo_nonadaptive,estimated,810,67.41666666666663,0.617461904225311
ergo_nonadaptive,estimated,811,67.5,0.6174718819819586
ergo_nonadaptive,estimated,812,67.58333333333337,0.6179788905355683
ergo_nonadaptive,estimated,813,67.66666666666663,0.6166406943177065
ergo_nonadaptive,estimated,814,67.75,0.6160368344390089
ergo_nonadaptive,estimated,815,67.83333333333337,0.6171848098291965
ergo_nonadaptive,estimated,816,67.91666666666663,0.6177861673398484
ergo_nonadaptive,estimated,817,68.0,0.6165950637775477
ergo_nonadaptive,estimated,818,68.08333333333337,0.6163804539180776
ergo_nonadaptive,estimated,819,68.16666666666663,0.6161457109486276
ergo_nonadaptive,estimated,820,68.25,0.6151205791286174
ergo_nonadaptive,estimated,821,68.33333333333337,0.6154694452717597
ergo_nonadaptive,estimated,822,68.41666666666663,0.6149422663992018
ergo_nonadaptive,estimated,823,68.5,0.6152009354821592
ergo_nonadaptive,estimated,824,68.58333333333337,0.6156095770757775
ergo_nonadaptive,estimated,825,68.66666666666663,0.6150066467475916
ergo_nonadaptive,estimated,826,68.75,0.6142266511687534
ergo_nonadaptive,estimated,827,68.83333333333337,0.6137332910453852
ergo_nonadaptive,estimated,828,68.91666666666663,0.6160514424126943
ergo_nonadaptive,estimated,829,69.0,0.6160243891179348
ergo_nonadaptive,estimated,830,69.08333333333337,0.6169817490511249
ergo_nonadaptive,estimated,831,69.16666666666663,0.6189710044376918
ergo_nonadaptive,estimated,832,69.25,0.6189562758404635
ergo_nonadaptive,estimated,833,69.33333333333337,0.6176878189618555
ergo_nonadaptive,estimated,834,69.41666666666663,0.6175864687705286
ergo_nonadaptive,estimated,835,69.5,0.6190852679726024
ergo_nonadaptive,estimated,836,69.58333333333337,0.6197621481687099
ergo_nonadaptive,estimated,837,69.66666666666663,0.6206538026264552
ergo_nonadaptive,estimated,838,69.75,0.621460336811012
ergo_nonadaptive,estimated,839,69.83333333333337,0.6219590817883673
ergo_nonadaptive,estimated,840,69.91666666666663,0.6225684659689751
ergo_nonadaptive,estimated,841,70.0,0.622650168310303
ergo_nonadaptive,estimated,842,70.08333333333337,0.6237281941253497
ergo_nonadaptive,estimated,843,70.16666666666663,0.6243181388154229
ergo_nonadaptive,estimated,844,70.25,0.6246426682142288
ergo_nonadaptive,estimated,845,70.33333333333337,0.6244977903791672
ergo_nonadaptive,estimated,846,70.41666666666663,0.6249914099653794
ergo_nonadaptive,estimated,847,70.5,0.6252243785972715
ergo_nonadaptive,estimated,848,70.58333333333337,0.6260145706246292
ergo_nonadaptive,estimated,849,70.66666666666663,0.6261651175013685
ergo_nonadaptive,estimated,850,70.75,0.6261977993513738
ergo_nonadaptive,estimated,851,70.83333333333337,0.6270234287130374
ergo_nonadaptive,estimated,852,70.91666666666663,0.6273468196847891
ergo_nonadaptive,estimated,853,71.0,0.6280303724942654
ergo_nonadaptive,estimated,854,71.08333333333337,0.6283068889808457
ergo_nonadaptive,estimated,855,71.16666666666663,0.6290106519309405
ergo_nonadaptive,estimated,856,71.25,0.6288724195323967
ergo_nonadaptive,estimated,857,71.33333333333337,0.6290102004669067
ergo_nonadaptive,estimated,858,71.41666666666663,0.6292130748372748
ergo_nonadaptive,estimated,859,71.5,0.629339015957645
ergo_nonadaptive,estimated,860,71.58333333333337,0.6297789415555177
ergo_nonadaptive,estimated,861,71.66666666666663,0.6300405355427869
ergo_nonadaptive,estimated,862,71.75,0.630120659547268
ergo_nonadaptive,estimated,863,71.83333333333337,0.6303165332776259
ergo_nonadaptive,estimated,864,71.91666666666663,0.6306731130400273
ergo_nonadaptive,estimated,865,72.0,0.6305454436690783
ergo_nonadaptive,estimated,866,72.08333333333337,0.6304390529309107
ergo_nonadaptive,estimated,867,72.16666666666663,0.6312789172348034
ergo_nonadaptive,estimated,868,72.25,0.6307767865343324
ergo_nonadaptive,estimated,869,72.33333333333337,0.63051203264041
ergo_nonadaptive,estimated,870,72.41666666666663,0.6311278833126279
ergo_nonadaptive,estimated,871,72.5,0.6309068010311826
ergo_nonadaptive,estimated,872,72.58333333333337,0.6316045079790976
ergo_nonadaptive,estimated,873,72.66666666666663,0.631863964056254
ergo_nonadaptive,estimated,874,72.75,0.6323360646572608
ergo_nonadaptive,estimated,875,72.83333333333337,0.6316789424639386
ergo_nonadaptive,estimated,876,72.91666666666663,0.6318269147745591
ergo_nonadaptive,estimated,877,73.0,0.6321510557546678
ergo_nonadaptive,estimated,878,73.08333333333337,0.6326438112905617
ergo_nonadaptive,estimated,879,73.16666666666663,0.6329952307442757
ergo_nonadaptive,estimated,880,73.25,0.633069220423048
ergo_nonadaptive,estimated,881,73.33333333333337,0.6335110436665943
ergo_nonadaptive,estimated,882,73.41666666666663,0.6338495329466493
ergo_nonadaptive,estimated,883,73.5,0.6345040614279359
ergo_nonadaptive,estimated,884,73.58333333333337,0.6349197855400934
ergo_nonadaptive,estimated,885,73.66666666666663,0.6353889277234167
ergo_nonadaptive,estimated,886,73.75,0.6351611030442629
ergo_nonadaptive,estimated,887,73.83333333333337,0.6363401955757074
ergo_nonadaptive,estimated,888,73.91666666666663,0.6363794194383718
ergo_nonadaptive,estimated,889,74.0,0.6369321278816015
ergo_nonadaptive,estimated,890,74.08333333333337,0.6370753770137106
ergo_nonadaptive,estimated,891,74.16666666666663,0.6365510033518762
ergo_nonadaptive,estimated,892,74.25,0.6361753778193127
ergo_nonadaptive,estimated,893,74.33333333333337,0.6361787205677942
ergo_nonadaptive,estimated,894,74.41666666666663,0.6369133225151548
ergo_nonadaptive,estimated,895,74.5,0.6373118956071465
ergo_nonadaptive,estimated,896,74.58333333333337,0.637830110447819
ergo_nonadaptive,estimated,897,74.66666666666663,0.6381106004304137
ergo_nonadaptive,estimated,898,74.75,0.6380464027606397
ergo_nonadaptive,estimated,899,74.83333333333337,0.6384384298999181
ergo_nonadaptive,estimated,900,74.91666666666663,0.6381770717710721
ergo_nonadaptive,estimated,901,75.0,0.6382913633701859
ergo_nonadaptive,estimated,902,75.08333333333337,0.6381547510949167
ergo_nonadaptive,estimated,903,75.16666666666663,0.6384038761952107
ergo_nonadaptive,estimated,904,75.25,0.6386773919848098
ergo_nonadaptive,estimated,905,75.33333333333337,0.6386594539850102
ergo_nonadaptive,estimated,906,75.41666666666663,0.6381175235016653
ergo_nonadaptive,estimated,907,75.5,0.6373329579053064
ergo_nonadaptive,estimated,908,75.58333333333337,0.637839194170805
ergo_nonadaptive,estimated,909,75.66666666666663,0.6376043539289128
ergo_nonadaptive,estimated,910,75.75,0.6377913078104288
ergo_nonadaptive,estimated,911,75.83333333333337,0.6379923265797177
ergo_nonadaptive,estimated,912,75.91666666666663,0.6373114879746783
ergo_nonadaptive,estimated,913,76.0,0.6373028137592702
ergo_nonadaptive,estimated,914,76.08333333333337,0.6364396635572985
ergo_nonadaptive,estimated,915,76.16666666666663,0.6367783305616835
ergo_nonadaptive,estimated,916,76.25,0.6371415066216798
ergo_nonadaptive,estimated,917,76.33333333333337,0.6364906546835527
ergo_nonadaptive,estimated,918,76.41666666666663,0.6351129080913174
ergo_nonadaptive,estimated,919,76.5,0.6337479909749298
ergo_nonadaptive,estimated,920,76.58333333333337,0.6329710873165609
ergo_nonadaptive,estimated,921,76.66666666666663,0.6307327317738466
ergo_nonadaptive,estimated,922,76.75,0.6311874952736689
ergo_nonadaptive,estimated,923,76.83333333333337,0.6294630036136993
ergo_nonadaptive,estimated,924,76.91666666666663,0.6265361622400668
ergo_nonadaptive,estimated,925,77.0,0.6227326518403565
ergo_nonadaptive,estimated,926,77.08333333333337,0.6228513059555695
ergo_nonadaptive,estimated,927,77.16666666666663,0.6205063930281557
ergo_nonadaptive,estimated,928,77.25,0.6214802796075282
ergo_nonadaptive,estimated,929,77.33333333333337,0.6238364525358576
ergo_nonadaptive,estimated,930,77.41666666666663,0.6194290923008193
ergo_nonadaptive,estimated,931,77.5,0.6185478811740611
ergo_nonadaptive,estimated,932,77.58333333333337,0.6185119449486994
ergo_nonadaptive,estimated,933,77.66666666666663,0.6191279025863065
ergo_nonadaptive,estimated,934,77.75,0.6155520120018306
ergo_nonadaptive,estimated,935,77.83333333333337,0.6129057374849806
ergo_nonadaptive,estimated,936,77.91666666666663,0.6155229179202798
ergo_nonadaptive,estimated,937,78.0,0.6133170695152076
ergo_nonadaptive,estimated,938,78.08333333333337,0.607120884124446
ergo_nonadaptive,estimated,939,78.16666666666663,0.6050136954267286
ergo_nonadaptive,estimated,940,78.25,0.602109880380727
ergo_nonadaptive,estimated,941,78.33333333333337,0.6060662139664593
ergo_nonadaptive,estimated,942,78.41666666666663,0.6089648954532989
ergo_nonadaptive,estimated,943,78.5,0.6121366879386511
ergo_nonadaptive,estimated,944,78.58333333333337,0.6141525615246874
ergo_nonadaptive,estimated,945,78.66666666666663,0.6112469122346885
ergo_nonadaptive,estimated,946,78.75,0.6059150740046401
ergo_nonadaptive,estimated,947,78.83333333333337,0.6098316127367164
ergo_nonadaptive,estimated,948,78.91666666666663,0.6072815470079006
ergo_nonadaptive,estimated,949,79.0,0.6101844040527327
ergo_nonadaptive,estimated,950,79.08333333333337,0.6118433117017011
ergo_nonadaptive,estimated,951,79.16666666666663,0.6115985255934998
ergo_nonadaptive,estimated,952,79.25,0.6124675357215349
ergo_nonadaptive,estimated,953,79.33333333333337,0.6133781877286788
ergo_nonadaptive,estimated,954,79.41666666666663,0.6123425028310185
ergo_nonadaptive,estimated,955,79.5,0.6125139598621776
ergo_nonadaptive,estimated,956,79.58333333333337,0.6170188734358355
ergo_nonadaptive,estimated,957,79.66666666666663,0.6205867361423014
ergo_nonadaptive,estimated,958,79.75,0.620746552390578
ergo_nonadaptive,estimated,959,79.83333333333337,0.6214164227021677
ergo_nonadaptive,estimated,960,79.91666666666663,0.6221417401263767
ergo_nonadaptive,estimated,961,80.0,0.6222492688751042
ergo_nonadaptive,estimated,962,80.08333333333337,0.6229891245842873
ergo_nonadaptive,estimated,963,80.16666666666663,0.6233965656693288
ergo_nonadaptive,estimated,964,80.25,0.6277535525881464
ergo_nonadaptive,estimated,965,80.33333333333337,0.6277293642394655
ergo_nonadaptive,estimated,966,80.41666666666663,0.6281530365388625
ergo_nonadaptive,estimated,967,80.5,0.6284334158440499
ergo_nonadaptive,estimated,968,80.58333333333337,0.627191173509453
ergo_nonadaptive,estimated,969,80.66666666666663,0.6292362568222912
ergo_nonadaptive,estimated,970,80.75,0.6289007481435349
ergo_nonadaptive,estimated,971,80.83333333333337,0.6307090462995102
ergo_nonadaptive,estimated,972,80.91666666666663,0.6310793181938525
ergo_nonadaptive,estimated,973,81.0,0.6307262426342279
ergo_nonadaptive,estimated,974,81.08333333333337,0.6339983177021864
ergo_nonadaptive,estimated,975,81.16666666666663,0.6336531343924808
ergo_nonadaptive,estimated,976,81.25,0.6347352119038538
ergo_nonadaptive,estimated,977,81.33333333333337,0.635687574549675
ergo_nonadaptive,estimated,978,81.41666666666663,0.6364258434502553
ergo_nonadaptive,estimated,979,81.5,0.6345454043820057
ergo_nonadaptive,estimated,980,81.58333333333337,0.6356454632960682
ergo_nonadaptive,estimated,981,81.66666666666663,0.6361309911856522
ergo_nonadaptive,estimated,982,81.75,0.6355575747657023
ergo_nonadaptive,estimated,983,81.83333333333337,0.635290504430512
ergo_nonadaptive,estimated,984,81.91666666666663,0.6353507037578375
ergo_nonadaptive,estimated,985,82.0,0.6361431229669807
ergo_nonadaptive,estimated,986,82.08333333333337,0.6363876011418625
ergo_nonadaptive,estimated,987,82.16666666666663,0.6371616442435811
ergo_nonadaptive,estimated,988,82.25,0.6371359435523845
ergo_nonadaptive,estimated,989,82.33333333333337,0.6346285062997752
ergo_nonadaptive,estimated,990,82.41666666666663,0.6352749234153662
ergo_nonadaptive,estimated,991,82.5,0.633030725828185
ergo_nonadaptive,estimated,992,82.58333333333337,0.6339818056863525
ergo_nonadaptive,estimated,993,82.66666666666663,0.6343800683460519
ergo_nonadaptive,estimated,994,82.75,0.6306623841091844
ergo_nonadaptive,estimated,995,82.83333333333337,0.6301895875905948
ergo_nonadaptive,estimated,996,82.91666666666663,0.6281193964794594
ergo_nonadaptive,estimated,997,83.0,0.6261858421478147
ergo_nonadaptive,estimated,998,83.08333333333337,0.6261198081617098
ergo_nonadaptive,estimated,999,83.16666666666663,0.6222944502360863
ergo_nonadaptive,estimated,1000,83.25,0.6225482567583179
ergo_nonadaptive,estimated,1001,83.33333333333337,0.6177820574108455
ergo_nonadaptive,estimated,1002,83.41666666666663,0.6167575328376418
ergo_nonadaptive,estimated,1003,83.5,0.61779547036844
ergo_nonadaptive,estimated,1004,83.58333333333337,0.6188078906047718
ergo_nonadaptive,estimated,1005,83.66666666666663,0.6178802503803131
ergo_nonadaptive,estimated,1006,83.75,0.6168552123338447
ergo_nonadaptive,estimated,1007,83.83333333333337,0.6142782683033532
ergo_nonadaptive,estimated,1008,83.91666666666663,0.6158808778802785
ergo_nonadaptive,estimated,1009,84.0,0.6138342898074473
ergo_nonadaptive,estimated,1010,84.08333333333337,0.6106339631210098
ergo_nonadaptive,estimated,1011,84.16666666666663,0.6125540412124927
ergo_nonadaptive,estimated,1012,84.25,0.6132008444450275
ergo_nonadaptive,estimated,1013,84.33333333333337,0.6131067137290069
ergo_nonadaptive,estimated,1014,84.41666666666663,0.6121056060525604
ergo_nonadaptive,estimated,1015,84.5,0.6118576225446869
ergo_nonadaptive,estimated,1016,84.58333333333337,0.6111141232079524
ergo_nonadaptive,estimated,1017,84.66666666666663,0.6104364319510757
ergo_nonadaptive,estimated,1018,84.75,0.6104073420520294
ergo_nonadaptive,estimated,1019,84.83333333333337,0.6113675604841821
ergo_nonadaptive,estimated,1020,84.91666666666663,0.6112656214825356
ergo_nonadaptive,estimated,1021,85.0,0.6122089028262655
ergo_nonadaptive,estimated,1022,85.08333333333337,0.6117910169970677
ergo_nonadaptive,estimated,1023,85.16666666666663,0.610693688256685
ergo_nonadaptive,estimated,1024,85.25,0.6140304926686972
ergo_nonadaptive,estimated,1025,85.33333333333337,0.6149676655269033
ergo_nonadaptive,estimated,1026,85.41666666666663,0.6153183277979921
ergo_nonadaptive,estimated,1027,85.5,0.6154582858229241
ergo_nonadaptive,estimated,1028,85.58333333333337,0.6167120623530525
ergo_nonadaptive,estimated,1029,85.66666666666663,0.617237098068612
ergo_nonadaptive,estimated,1030,85.75,0.6165844631415093
ergo_nonadaptive,estimated,1031,85.83333333333337,0.6177458938258612
ergo_nonadaptive,estimated,1032,85.91666666666663,0.618492177783624
ergo_nonadaptive,estimated,1033,86.0,0.6190581489874623
ergo_nonadaptive,estimated,1034,86.08333333333337,0.6207112514023211
ergo_nonadaptive,estimated,1035,86.16666666666663,0.6210594789910213
ergo_nonadaptive,estimated,1036,86.25,0.6209731588853121
ergo_nonadaptive,estimated,1037,86.33333333333337,0.6207965158832597
ergo_nonadaptive,estimated,1038,86.41666666666663,0.6206487376755262
ergo_nonadaptive,estimated,1039,86.5,0.6212084121457435
ergo_nonadaptive,estimated,1040,86.58333333333337,0.6217696043443018
ergo_nonadaptive,estimated,1041,86.66666666666663,0.6213821467145668
ergo_nonadaptive,estimated,1042,86.75,0.621423619195817
ergo_nonadaptive,estimated,1043,86.83333333333337,0.6220053149133528
ergo_nonadaptive,estimated,1044,86.91666666666663,0.6225908177970324
ergo_nonadaptive,estimated,1045,87.0,0.6231335142466512
ergo_nonadaptive,estimated,1046,87.08333333333337,0.6235819486585648
ergo_nonadaptive,estimated,1047,87.16666666666663,0.6238418755532623
ergo_nonadaptive,estimated,1048,87.25,0.6250518863279944
ergo_nonadaptive,estimated,1049,87.33333333333337,0.6253948707069508
ergo_nonadaptive,estimated,1050,87.41666666666663,0.6256432267078809
ergo_nonadaptive,estimated,1051,87.5,0.6254329480661813
ergo_nonadaptive,estimated,1052,87.58333333333337,0.6264472930898604
ergo_nonadaptive,estimated,1053,87.66666666666663,0.6275246959368025
ergo_nonadaptive,estimated,1054,87.75,0.6277852762312071
ergo_nonadaptive,estimated,1055,87.83333333333337,0.626274307859711
ergo_nonadaptive,estimated,1056,87.91666666666663,0.6269316083238864
ergo_nonadaptive,estimated,1057,88.0,0.6275467668384951
ergo_nonadaptive,estimated,1058,88.08333333333337,0.6274577101636004
ergo_nonadaptive,estimated,1059,88.16666666666663,0.6276716985019727
ergo_nonadaptive,estimated,1060,88.25,0.6280526351226478
ergo_nonadaptive,estimated,1061,88.33333333333337,0.628263247248035
ergo_nonadaptive,estimated,1062,88.41666666666663,0.6287062867755033
ergo_nonadaptive,estimated,1063,88.5,0.6288030424425267
ergo_nonadaptive,estimated,1064,88.58333333333337,0.6288037800551916
ergo_nonadaptive,estimated,1065,88.66666666666663,0.6295979125813734
ergo_nonadaptive,estimated,1066,88.75,0.6301991470035986
ergo_nonadaptive,estimated,1067,88.83333333333337,0.6299320369275044
ergo_nonadaptive,estimated,1068,88.91666666666663,0.6295903875000624
ergo_nonadaptive,estimated,1069,89.0,0.6305120139935659
ergo_nonadaptive,estimated,1070,89.08333333333337,0.6307255109304095
ergo_nonadaptive,estimated,1071,89.16666666666663,0.6306099043398526
ergo_nonadaptive,estimated,1072,89.25,0.6301297451502433
ergo_nonadaptive,estimated,1073,89.33333333333337,0.6301640527422492
ergo_nonadaptive,estimated,1074,89.41666666666663,0.6304668272789326
ergo_nonadaptive,estimated,1075,89.5,0.630476907462115
ergo_nonadaptive,estimated,1076,89.58333333333337,0.6308003407335522
ergo_nonadaptive,estimated,1077,89.66666666666663,0.6308651750208022
ergo_nonadaptive,estimated,1078,89.75,0.6304849629152788
ergo_nonadaptive,estimated,1079,89.83333333333337,0.6311489269151394
ergo_nonadaptive,estimated,1080,89.91666666666663,0.6314811321720668
ergo_nonadaptive,estimated,1081,90.0,0.6311410752630898
ergo_nonadaptive,estimated,1082,90.08333333333337,0.6303124414511632
ergo_nonadaptive,estimated,1083,90.16666666666663,0.6302243409028723
ergo_nonadaptive,estimated,1084,90.25,0.6303256191655214
ergo_nonadaptive,estimated,1085,90.33333333333337,0.6304609373794704
ergo_nonadaptive,estimated,1086,90.41666666666663,0.6309072278341378
ergo_nonadaptive,estimated,1087,90.5,0.6309887563619961
ergo_nonadaptive,estimated,1088,90.58333333333337,0.6308220812477856
ergo_nonadaptive,estimated,1089,90.66666666666663,0.6311136321593791
ergo_nonadaptive,estimated,1090,90.75,0.6308624557649838
ergo_nonadaptive,estimated,1091,90.83333333333337,0.6313243802131284
ergo_nonadaptive,estimated,1092,90.91666666666663,0.6303139929455607
ergo_nonadaptive,estimated,1093,91.0,0.629435079693816
ergo_nonadaptive,estimated,1094,91.08333333333337,0.6289078006692929
ergo_nonadaptive,estimated,1095,91.16666666666663,0.6277538629647106
ergo_nonadaptive,estimated,1096,91.25,0.6237833566495038
ergo_nonadaptive,estimated,1097,91.33333333333337,0.6234827128982053
ergo_nonadaptive,estimated,1098,91.41666666666663,0.6231860660065738
ergo_nonadaptive,estimated,1099,91.5,0.6203980021747288
ergo_nonadaptive,estimated,1100,91.58333333333337,0.6171515030994812
ergo_nonadaptive,estimated,1101,91.66666666666663,0.6181583288423316
ergo_nonadaptive,estimated,1102,91.75,0.6180949032476079
ergo_nonadaptive,estimated,1103,91.83333333333337,0.6165505447606047
ergo_nonadaptive,estimated,1104,91.91666666666663,0.6143007934423566
ergo_nonadaptive,estimated,1105,92.0,0.6127094833031504
ergo_nonadaptive,estimated,1106,92.08333333333337,0.6097564394722285
ergo_nonadaptive,estimated,1107,92.16666666666663,0.6084636505075723
ergo_nonadaptive,estimated,1108,92.25,0.605669281670983
ergo_nonadaptive,estimated,1109,92.33333333333337,0.607108370294008
ergo_nonadaptive,estimated,1110,92.41666666666663,0.6057528925020083
ergo_nonadaptive,estimated,1111,92.5,0.6014238367047726
ergo_nonadaptive,estimated,1112,92.58333333333337,0.6004265574821389
ergo_nonadaptive,estimated,1113,92.66666666666663,0.6021323549374357
ergo_nonadaptive,estimated,1114,92.75,0.6052022043530421
ergo_nonadaptive,estimated,1115,92.83333333333337,0.6063876043383812
ergo_nonadaptive,estimated,1116,92.91666666666663,0.6055899607643532
ergo_nonadaptive,estimated,1117,93.0,0.6074732522743395
ergo_nonadaptive,estimated,1118,93.08333333333337,0.6066788069546019
ergo_nonadaptive,estimated,1119,93.16666666666663,0.6079314767643791
ergo_nonadaptive,estimated,1120,93.25,0.6107043164676832
ergo_nonadaptive,estimated,1121,93.33333333333337,0.6106265962610636
ergo_nonadaptive,estimated,1122,93.41666666666663,0.6110657925847963
ergo_nonadaptive,estimated,1123,93.5,0.6119577160373094
ergo_nonadaptive,estimated,1124,93.58333333333337,0.6120098588833982
ergo_nonadaptive,estimated,1125,93.66666666666663,0.613599888968716
ergo_nonadaptive,estimated,1126,93.75,0.6153679180106227
ergo_nonadaptive,estimated,1127,93.83333333333337,0.6152018527380747
ergo_nonadaptive,estimated,1128,93.91666666666663,0.6158020643724541
ergo_nonadaptive,estimated,1129,94.0,0.6159117375684507
ergo_nonadaptive,estimated,1130,94.08333333333337,0.6169283112365944
ergo_nonadaptive,estimated,1131,94.16666666666663,0.6178700069556399
ergo_nonadaptive,estimated,1132,94.25,0.6186090225839431
ergo_nonadaptive,estimated,1133,94.33333333333337,0.6186254303394977
ergo_nonadaptive,estimated,1134,94.41666666666663,0.6184980706737705
ergo_nonadaptive,estimated,1135,94.5,0.6200606714930516
ergo_nonadaptive,estimated,1136,94.58333333333337,0.620551105953385
ergo_nonadaptive,estimated,1137,94.66666666666663,0.6213482732466741
ergo_nonadaptive,estimated,1138,94.75,0.621091420579641
ergo_nonadaptive,estimated,1139,94.83333333333337,0.6219446856321719
ergo_nonadaptive,estimated,1140,94.91666666666663,0.623165654677371
ergo_nonadaptive,estimated,1141,95.0,0.6228404746168741
ergo_nonadaptive,estimated,1142,95.08333333333337,0.6237108021073703
ergo_nonadaptive,estimated,1143,95.16666666666663,0.6243236191656953
ergo_nonadaptive,estimated,1144,95.25,0.6237780087596838
ergo_nonadaptive,estimated,1145,95.33333333333337,0.6241683798227712
ergo_nonadaptive,estimated,1146,95.41666666666663,0.6240086799487307
ergo_nonadaptive,estimated,1147,95.5,0.6247351326997705
ergo_nonadaptive,estimated,1148,95.58333333333337,0.6255041396198759
ergo_nonadaptive,estimated,1149,95.66666666666663,0.6255984600022382
ergo_nonadaptive,estimated,1150,95.75,0.6259241842056111
ergo_nonadaptive,estimated,1151,95.83333333333337,0.6259086598803539
ergo_nonadaptive,estimated,1152,95.91666666666663,0.626960576697583
ergo_nonadaptive,estimated,1153,96.0,0.6268262860220366
ergo_nonadaptive,estimated,1154,96.08333333333337,0.6264666879419097
ergo_nonadaptive,estimated,1155,96.16666666666663,0.6263753034418935
ergo_nonadaptive,estimated,1156,96.25,0.6268171468639714
ergo_nonadaptive,estimated,1157,96.33333333333337,0.6271676745458354
ergo_nonadaptive,estimated,1158,96.41666666666663,0.6268612255651691
ergo_nonadaptive,estimated,1159,96.5,0.6275360027316043
ergo_nonadaptive,estimated,1160,96.58333333333337,0.6270327643786551
ergo_nonadaptive,estimated,1161,96.66666666666663,0.6274137051542877
ergo_nonadaptive,estimated,1162,96.75,0.6279067417357883
ergo_nonadaptive,estimated,1163,96.83333333333337,0.6274836614024124
ergo_nonadaptive,estimated,1164,96.91666666666663,0.6280536392309949
ergo_nonadaptive,estimated,1165,97.0,0.6277235208217642
ergo_nonadaptive,estimated,1166,97.08333333333337,0.6282083240006534
ergo_nonadaptive,estimated,1167,97.16666666666663,0.6292514870759243
ergo_nonadaptive,estimated,1168,97.25,0.6298641997464434
ergo_nonadaptive,estimated,1169,97.33333333333337,0.6308098658200288
ergo_nonadaptive,estimated,1170,97.41666666666663,0.630450941299299
ergo_nonadaptive,estimated,1171,97.5,0.630112222989814
ergo_nonadaptive,estimated,1172,97.58333333333337,0.6309442528866704
ergo_nonadaptive,estimated,1173,97.66666666666663,0.6313532557656499
ergo_nonadaptive,estimated,1174,97.75,0.6315198631981745
ergo_nonadaptive,estimated,1175,97.83333333333337,0.6311114881583781
ergo_nonadaptive,estimated,1176,97.91666666666663,0.630881392387684
ergo_nonadaptive,estimated,1177,98.0,0.6321010874912805
ergo_nonadaptive,estimated,1178,98.08333333333337,0.63322573511878
ergo_nonadaptive,estimated,1179,98.16666666666663,0.6339630875186454
ergo_nonadaptive,estimated,1180,98.25,0.6333622132962566
ergo_nonadaptive,estimated,1181,98.33333333333337,0.6342844816422174
ergo_nonadaptive,estimated,1182,98.41666666666663,0.634423689320346
ergo_nonadaptive,estimated,1183,98.5,0.635120259983912
ergo_nonadaptive,estimated,1184,98.58333333333337,0.6347288421563648
ergo_nonadaptive,estimated,1185,98.66666666666663,0.6349906740037684
ergo_nonadaptive,estimated,1186,98.75,0.634769689478127
ergo_nonadaptive,estimated,1187,98.83333333333337,0.6353526268752678
ergo_nonadaptive,estimated,1188,98.91666666666663,0.636381594602912
ergo_nonadaptive,estimated,1189,99.0,0.6375155737748234
ergo_nonadaptive,estimated,1190,99.08333333333337,0.6380274497007468
ergo_nonadaptive,estimated,1191,99.16666666666663,0.6376936300895598
ergo_nonadaptive,estimated,1192,99.25,0.6361558226615056
ergo_nonadaptive,estimated,1193,99.33333333333337,0.637420531540652
ergo_nonadaptive,estimated,1194,99.41666666666663,0.6376614798603242
ergo_nonadaptive,estimated,1195,99.5,0.63674913869832
ergo_nonadaptive,estimated,1196,99.58333333333337,0.6378110927190705
ergo_nonadaptive,estimated,1197,99.66666666666663,0.6398243511417718
ergo_nonadaptive,estimated,1198,99.75,0.639732401292934
ergo_nonadaptive,estimated,1199,99.83333333333337,0.6397056324342637
ergo_nonadaptive,estimated,1200,99.91666666666663,0.6396374872866563
ergo_nonadaptive,estimated,1201,100.0,0.6389684241260752
ergo_nonadaptive,estimated,1202,100.08333333333337,0.6391892665243564
ergo_nonadaptive,estimated,1203,100.16666666666663,0.6398132508532286
ergo_nonadaptive,estimated,1204,100.25,0.6390700550531425
ergo_nonadaptive,estimated,1205,100.33333333333337,0.6399145887698594
ergo_nonadaptive,estimated,1206,100.41666666666663,0.639814534554578
ergo_nonadaptive,estimated,1207,100.5,0.6401764270048321
ergo_nonadaptive,estimated,1208,100.58333333333337,0.6394949206246578
ergo_nonadaptive,estimated,1209,100.66666666666663,0.6384137013783708
ergo_nonadaptive,estimated,1210,100.75,0.6365788671282983
ergo_nonadaptive,estimated,1211,100.83333333333337,0.6368066778127773
ergo_nonadaptive,estimated,1212,100.91666666666663,0.6364134931349985
ergo_nonadaptive,estimated,1213,101.0,0.6391721271268611
ergo_nonadaptive,estimated,1214,101.08333333333337,0.639968139874718
ergo_nonadaptive,estimated,1215,101.16666666666663,0.638827178992353
ergo_nonadaptive,estimated,1216,101.25,0.6391860223462769
ergo_nonadaptive,estimated,1217,101.33333333333337,0.6372968112184737
ergo_nonadaptive,estimated,1218,101.41666666666663,0.6368276150203357
ergo_nonadaptive,estimated,1219,101.5,0.6359893140276173
ergo_nonadaptive,estimated,1220,101.58333333333337,0.6322099795571047
ergo_nonadaptive,estimated,1221,101.66666666666663,0.6322730899970131
ergo_nonadaptive,estimated,1222,101.75,0.6322230468821562
ergo_nonadaptive,estimated,1223,101.83333333333337,0.6325502632924207
ergo_nonadaptive,estimated,1224,101.91666666666663,0.6363480142026802
ergo_nonadaptive,estimated,1225,102.0,0.6348475980055426
ergo_nonadaptive,estimated,1226,102.08333333333337,0.6341289692881467
ergo_nonadaptive,estimated,1227,102.16666666666663,0.6337551463852262
ergo_nonadaptive,estimated,1228,102.25,0.6272888673066994
ergo_nonadaptive,estimated,1229,102.33333333333337,0.6238258197204317
ergo_nonadaptive,estimated,1230,102.41666666666663,0.6185477086534451
ergo_nonadaptive,estimated,1231,102.5,0.6110599472238639
ergo_nonadaptive,estimated,1232,102.58333333333337,0.6129388051254868
ergo_nonadaptive,estimated,1233,102.66666666666663,0.6132960213757678
ergo_nonadaptive,estimated,1234,102.75,0.6117723308548194
ergo_nonadaptive,estimated,1235,102.83333333333337,0.613697574341605
ergo_nonadaptive,estimated,1236,102.91666666666663,0.6117232051413349
ergo_nonadaptive,estimated,1237,103.0,0.6086693799073946
ergo_nonadaptive,estimated,1238,103.08333333333337,0.6057561545313299
ergo_nonadaptive,estimated,1239,103.16666666666663,0.6027327445061674
ergo_nonadaptive,estimated,1240,103.25,0.5995204496117704
ergo_nonadaptive,estimated,1241,103.33333333333337,0.5986966720755067
ergo_nonadaptive,estimated,1242,103.41666666666663,0.5989718612424308
ergo_nonadaptive,estimated,1243,103.5,0.6007549275295013
ergo_nonadaptive,estimated,1244,103.58333333333337,0.6032522227603373
ergo_nonadaptive,estimated,1245,103.66666666666663,0.6031004162898311
ergo_nonadaptive,estimated,1246,103.75,0.6019972923663686
ergo_nonadaptive,estimated,1247,103.83333333333337,0.597992468758029
ergo_nonadaptive,estimated,1248,103.91666666666663,0.6003560339460298
ergo_nonadaptive,estimated,1249,104.0,0.6029117026681671
ergo_nonadaptive,estimated,1250,104.08333333333337,0.6011111246419398
ergo_nonadaptive,estimated,1251,104.16666666666663,0.6010658338428195
ergo_nonadaptive,estimated,1252,104.25,0.6014332860854732
ergo_nonadaptive,estimated,1253,104.33333333333337,0.5985950805500967
ergo_nonadaptive,estimated,1254,104.41666666666663,0.5972988359364189
ergo_nonadaptive,estimated,1255,104.5,0.5946725746746552
ergo_nonadaptive,estimated,1256,104.58333333333337,0.5977812233677722
ergo_nonadaptive,estimated,1257,104.66666666666663,0.5987977026635459
ergo_nonadaptive,estimated,1258,104.75,0.6004712126647979
ergo_nonadaptive,estimated,1259,104.83333333333337,0.6017781203328735
ergo_nonadaptive,estimated,1260,104.91666666666663,0.608391310657138
ergo_nonadaptive,estimated,1261,105.0,0.6083992986340386
ergo_nonadaptive,estimated,1262,105.08333333333337,0.6097738570485989
ergo_nonadaptive,estimated,1263,105.16666666666663,0.6129555140271662
ergo_nonadaptive,estimated,1264,105.25,0.6093732391000991
ergo_nonadaptive,estimated,1265,105.33333333333337,0.606241237918399
ergo_nonadaptive,estimated,1266,105.41666666666663,0.6077702752220766
ergo_nonadaptive,estimated,1267,105.5,0.6086262310453239
ergo_nonadaptive,estimated,1268,105.58333333333337,0.6106712013939621
ergo_nonadaptive,estimated,1269,105.66666666666663,0.6129027432984872
ergo_nonadaptive,estimated,1270,105.75,0.6124318300411191
ergo_nonadaptive,estimated,1271,105.83333333333337,0.6147796152243057
ergo_nonadaptive,estimated,1272,105.91666666666663,0.616854674765872
ergo_nonadaptive,estimated,1273,106.0,0.6174114131201974
ergo_nonadaptive,estimated,1274,106.08333333333337,0.61679494144462
ergo_nonadaptive,estimated,1275,106.16666666666663,0.6168481224860421
ergo_nonadaptive,estimated,1276,106.25,0.6183083689767164
ergo_nonadaptive,estimated,1277,106.33333333333337,0.618187716550583
ergo_nonadaptive,estimated,1278,106.41666666666663,0.6179962635875209
ergo_nonadaptive,estimated,1279,106.5,0.6176958808089444
ergo_nonadaptive,estimated,1280,106.58333333333337,0.6187431739586975
ergo_nonadaptive,estimated,1281,106.66666666666663,0.6185074039920038
ergo_nonadaptive,estimated,1282,106.75,0.6192275645726956
ergo_nonadaptive,estimated,1283,106.83333333333337,0.6201464053850712
ergo_nonadaptive,estimated,1284,106.91666666666663,0.6199460033329905
ergo_nonadaptive,estimated,1285,107.0,0.6199818608887527
ergo_nonadaptive,estimated,1286,107.08333333333337,0.61946730875654
ergo_nonadaptive,estimated,1287,107.16666666666663,0.6188205437990202
ergo_nonadaptive,estimated,1288,107.25,0.6199858985379556
ergo_nonadaptive,estimated,1289,107.33333333333337,0.6210467350687444
ergo_nonadaptive,estimated,1290,107.41666666666663,0.6193497375339381
ergo_nonadaptive,estimated,1291,107.5,0.6201526733097611
ergo_nonadaptive,estimated,1292,107.58333333333337,0.6200291497323698
ergo_nonadaptive,estimated,1293,107.66666666666663,0.619970604551171
ergo_nonadaptive,estimated,1294,107.75,0.6193399898455021
ergo_nonadaptive,estimated,1295,107.83333333333337,0.6196103214849138
ergo_nonadaptive,estimated,1296,107.91666666666663,0.6199646623462698
ergo_nonadaptive,estimated,1297,108.0,0.6189509594284321
ergo_nonadaptive,estimated,1298,108.08333333333337,0.6194740732727367
ergo_nonadaptive,estimated,1299,108.16666666666663,0.6189915927974154
ergo_nonadaptive,estimated,1300,108.25,0.6175190371908235
ergo_nonadaptive,estimated,1301,108.33333333333337,0.617245379573857
ergo_nonadaptive,estimated,1302,108.41666666666663,0.6154104709024313
ergo_nonadaptive,estimated,1303,108.5,0.6156774650128388
ergo_nonadaptive,estimated,1304,108.58333333333337,0.6161983189681638
ergo_nonadaptive,estimated,1305,108.66666666666663,0.6156991228231026
ergo_nonadaptive,estimated,1306,108.75,0.6156811652883828
ergo_nonadaptive,estimated,1307,108.83333333333337,0.6136821967022539
ergo_nonadaptive,estimated,1308,108.91666666666663,0.6152084746727373
ergo_nonadaptive,estimated,1309,109.0,0.6153419185325887
ergo_nonadaptive,estimated,1310,109.08333333333337,0.6128275335345134
ergo_nonadaptive,estimated,1311,109.16666666666663,0.6122121553727866
ergo_nonadaptive,estimated,1312,109.25,0.6125368932639975
ergo_nonadaptive,estimated,1313,109.33333333333337,0.6120191586099528
ergo_nonadaptive,estimated,1314,109.41666666666663,0.6112451074966585
ergo_nonadaptive,estimated,1315,109.5,0.6120683001695345
ergo_nonadaptive,estimated,1316,109.58333333333337,0.6131810848653915
ergo_nonadaptive,estimated,1317,109.66666666666663,0.6135456880801532
ergo_nonadaptive,estimated,1318,109.75,0.6140857255037936
ergo_nonadaptive,estimated,1319,109.83333333333337,0.6156875464652516
ergo_nonadaptive,estimated,1320,109.91666666666663,0.6150522600071068
ergo_nonadaptive,estimated,1321,110.0,0.6157168442140999
ergo_nonadaptive,estimated,1322,110.08333333333337,0.6142101772767551
ergo_nonadaptive,estimated,1323,110.16666666666663,0.6148275399249602
ergo_nonadaptive,estimated,1324,110.25,0.6149330828615023
ergo_nonadaptive,estimated,1325,110.33333333333337,0.6145082014141808
ergo_nonadaptive,estimated,1326,110.41666666666663,0.6124497414098835
ergo_nonadaptive,estimated,1327,110.5,0.6119622848956829
ergo_nonadaptive,estimated,1328,110.58333333333337,0.6094315378853246
ergo_nonadaptive,estimated,1329,110.66666666666663,0.6087030668780543
ergo_nonadaptive,estimated,1330,110.75,0.6088573695020287
ergo_nonadaptive,estimated,1331,110.83333333333337,0.6100466188099913
ergo_nonadaptive,estimated,1332,110.91666666666663,0.6080107272061481
ergo_nonadaptive,estimated,1333,111.0,0.6092783391112356
ergo_nonadaptive,estimated,1334,111.08333333333337,0.605998621773702
ergo_nonadaptive,estimated,1335,111.16666666666663,0.6044140626640035
ergo_nonadaptive,estimated,1336,111.25,0.6033926209102323
ergo_nonadaptive,estimated,1337,111.33333333333337,0.6033995332555726
ergo_nonadaptive,estimated,1338,111.41666666666663,0.6026082483805293
ergo_nonadaptive,estimated,1339,111.5,0.6019147440128761
ergo_nonadaptive,estimated,1340,111.58333333333337,0.6002052518659794
ergo_nonadaptive,estimated,1341,111.66666666666663,0.5993587643867415
ergo_nonadaptive,estimated,1342,111.75,0.5978976272097334
ergo_nonadaptive,estimated,1343,111.83333333333337,0.5970051175619813
ergo_nonadaptive,estimated,1344,111.91666666666663,0.5965562130287656
ergo_nonadaptive,estimated,1345,112.0,0.5980070262372772
ergo_nonadaptive,estimated,1346,112.08333333333337,0.5982541021282956
ergo_nonadaptive,estimated,1347,112.16666666666663,0.595994486476739
ergo_nonadaptive,estimated,1348,112.25,0.5962677302297997
ergo_nonadaptive,estimated,1349,112.33333333333337,0.5955461924357691
ergo_nonadaptive,estimated,1350,112.41666666666663,0.5944719415479591
ergo_nonadaptive,estimated,1351,112.5,0.5935497086259734
ergo_nonadaptive,estimated,1352,112.58333333333337,0.5928039467559125
ergo_nonadaptive,estimated,1353,112.66666666666663,0.5945418802547425
ergo_nonadaptive,estimated,1354,112.75,0.5925956648592339
ergo_nonadaptive,estimated,1355,112.83333333333337,0.5908642620154024
ergo_nonadaptive,estimated,1356,112.91666666666663,0.5909675226669788
ergo_nonadaptive,estimated,1357,113.0,0.5899279793230541
ergo_nonadaptive,estimated,1358,113.08333333333337,0.5923152489956207
ergo_nonadaptive,estimated,1359,113.16666666666663,0.5928823892032731
ergo_nonadaptive,estimated,1360,113.25,0.5911628873364357
ergo_nonadaptive,estimated,1361,113.33333333333337,0.5929502209477074
ergo_nonadaptive,estimated,1362,113.41666666666663,0.5907780246289511
ergo_nonadaptive,estimated,1363,113.5,0.591502973256617
ergo_nonadaptive,estimated,1364,113.58333333333337,0.5942060397109056
ergo_nonadaptive,estimated,1365,113.66666666666663,0.5969154517725299
ergo_nonadaptive,estimated,1366,113.75,0.5987336657985577
ergo_nonadaptive,estimated,1367,113.83333333333337,0.5983415450469133
ergo_nonadaptive,estimated,1368,113.91666666666663,0.5971429613215342
ergo_nonadaptive,estimated,1369,114.0,0.5958886213791063
ergo_nonadaptive,estimated,1370,114.08333333333337,0.5976346902822064
ergo_nonadaptive,estimated,1371,114.16666666666663,0.5964228706703372
ergo_nonadaptive,estimated,1372,114.25,0.5980454905723
ergo_nonadaptive,estimated,1373,114.33333333333337,0.5989026432880489
ergo_nonadaptive,estimated,1374,114.41666666666663,0.5979004082624976
ergo_nonadaptive,estimated,1375,114.5,0.6014218688888375
ergo_nonadaptive,estimated,1376,114.58333333333337,0.5999560554577918
ergo_nonadaptive,estimated,1377,114.66666666666663,0.6003906230728648
ergo_nonadaptive,estimated,1378,114.75,0.601985684620863
ergo_nonadaptive,estimated,1379,114.83333333333337,0.6029344716983768
ergo_nonadaptive,estimated,1380,114.91666666666663,0.6057411793930315
ergo_nonadaptive,estimated,1381,115.0,0.6040030342762568
ergo_nonadaptive,estimated,1382,115.08333333333337,0.607051069771213
ergo_nonadaptive,estimated,1383,115.16666666666663,0.6097495408919198
ergo_nonadaptive,estimated,1384,115.25,0.6090802736478629
ergo_nonadaptive,estimated,1385,115.33333333333337,0.6099491029923638
ergo_nonadaptive,estimated,1386,115.41666666666663,0.6101742069366226
ergo_nonadaptive,estimated,1387,115.5,0.6118525922646988
ergo_nonadaptive,estimated,1388,115.58333333333337,0.61344168498093
ergo_nonadaptive,estimated,1389,115.66666666666663,0.6156346837420553
ergo_nonadaptive,estimated,1390,115.75,0.6156272846769584
ergo_nonadaptive,estimated,1391,115.83333333333337,0.6170039146034043
ergo_nonadaptive,estimated,1392,115.91666666666663,0.6166257963175019
ergo_nonadaptive,estimated,1393,116.0,0.6175203686896988
ergo_nonadaptive,estimated,1394,116.08333333333337,0.6184349578140256
ergo_nonadaptive,estimated,1395,116.16666666666663,0.6184510857596586
ergo_nonadaptive,estimated,1396,116.25,0.6186257792757033
ergo_nonadaptive,estimated,1397,116.33333333333337,0.6196516694805462
ergo_nonadaptive,estimated,1398,116.41666666666663,0.6200955496932231
ergo_nonadaptive,estimated,1399,116.5,0.6205306471839026
ergo_nonadaptive,estimated,1400,116.58333333333337,0.6202130089789517
ergo_nonadaptive,estimated,1401,116.66666666666663,0.6209049932299737
ergo_nonadaptive,estimated,1402,116.75,0.6209053419121615
ergo_nonadaptive,estimated,1403,116.83333333333337,0.6215897254060755
ergo_nonadaptive,estimated,1404,116.91666666666663,0.622056560881701
ergo_nonadaptive,estimated,1405,117.0,0.6229722342873009
ergo_nonadaptive,estimated,1406,117.08333333333337,0.6230829526077204
ergo_nonadaptive,estimated,1407,117.16666666666663,0.6232725115509476
ergo_nonadaptive,estimated,1408,117.25,0.6233469154730852
ergo_nonadaptive,estimated,1409,117.33333333333337,0.6241851780276917
ergo_nonadaptive,estimated,1410,117.41666666666663,0.6247085890302025
ergo_nonadaptive,estimated,1411,117.5,0.6250031993988336
ergo_nonadaptive,estimated,1412,117.58333333333337,0.6254576309992448
ergo_nonadaptive,estimated,1413,117.66666666666663,0.6253465812075936
ergo_nonadaptive,estimated,1414,117.75,0.6256113232703214
ergo_nonadaptive,estimated,1415,117.83333333333337,0.6253468822348633
ergo_nonadaptive,estimated,1416,117.91666666666663,0.6256233061054294
ergo_nonadaptive,estimated,1417,118.0,0.6259060937557679
ergo_nonadaptive,estimated,1418,118.08333333333337,0.6259279813991648
ergo_nonadaptive,estimated,1419,118.16666666666663,0.6260153397085487
ergo_nonadaptive,estimated,1420,118.25,0.626426408684058
ergo_nonadaptive,estimated,1421,118.33333333333337,0.6262281382275079
ergo_nonadaptive,estimated,1422,118.41666666666663,0.6263283400051118
ergo_nonadaptive,estimated,1423,118.5,0.6262613236443236
ergo_nonadaptive,estimated,1424,118.58333333333337,0.6253865912260924
ergo_nonadaptive,estimated,1425,118.66666666666663,0.6253119180197171
ergo_nonadaptive,estimated,1426,118.75,0.6254943227629999
ergo_nonadaptive,estimated,1427,118.83333333333337,0.6252651370032868
ergo_nonadaptive,estimated,1428,118.91666666666663,0.6257238555903766
ergo_nonadaptive,estimated,1429,119.0,0.6249415142072222
ergo_nonadaptive,estimated,1430,119.08333333333337,0.6246024962855998
ergo_nonadaptive,estimated,1431,119.16666666666663,0.6245251049572778
ergo_nonadaptive,estimated,1432,119.25,0.6242626080954524
ergo_nonadaptive,estimated,1433,119.33333333333337,0.6247480167902268
ergo_nonadaptive,estimated,1434,119.41666666666663,0.6236119544933691
ergo_nonadaptive,estimated,1435,119.5,0.6228940735509279
ergo_nonadaptive,estimated,1436,119.58333333333337,0.6231407987520091
ergo_nonadaptive,estimated,1437,119.66666666666663,0.6231507499219604
ergo_nonadaptive,estimated,1438,119.75,0.6231521114938277
ergo_nonadaptive,estimated,1439,119.83333333333337,0.622824673497405
ergo_nonadaptive,estimated,1440,119.91666666666663,0.6229043133014107
ergo_nonadaptive,estimated,1441,120.0,0.6221556812546133
ergo_nonadaptive,estimated,1442,120.08333333333337,0.6218397791569908
ergo_nonadaptive,estimated,1443,120.16666666666663,0.623100354255131
ergo_nonadaptive,estimated,1444,120.25,0.6229140792699378
ergo_nonadaptive,estimated,1445,120.33333333333337,0.62272768598804
ergo_nonadaptive,estimated,1446,120.41666666666663,0.6226525109825574
ergo_nonadaptive,estimated,1447,120.5,0.6225685903621277
ergo_nonadaptive,estimated,1448,120.58333333333337,0.6228006541644983
ergo_nonadaptive,estimated,1449,120.66666666666663,0.623594643755265
ergo_nonadaptive,estimated,1450,120.75,0.623999844502862
ergo_nonadaptive,estimated,1451,120.83333333333337,0.6236503843535025
ergo_nonadaptive,estimated,1452,120.91666666666663,0.6244762395154027
ergo_nonadaptive,estimated,1453,121.0,0.6243165225881533
ergo_nonadaptive,estimated,1454,121.08333333333337,0.6241133746071535
ergo_nonadaptive,estimated,1455,121.16666666666663,0.623798829932269
ergo_nonadaptive,estimated,1456,121.25,0.6242417376682233
ergo_nonadaptive,estimated,1457,121.33333333333337,0.6243576153927753
ergo_nonadaptive,estimated,1458,121.41666666666663,0.6244911630842276
ergo_nonadaptive,estimated,1459,121.5,0.6244354467005725
ergo_nonadaptive,estimated,1460,121.58333333333337,0.6249482271859913
ergo_nonadaptive,estimated,1461,121.66666666666663,0.6249768048055655
ergo_nonadaptive,estimated,1462,121.75,0.6245916349757572
ergo_nonadaptive,estimated,1463,121.83333333333337,0.6246182283446484
ergo_nonadaptive,estimated,1464,121.91666666666663,0.6243568329161467
ergo_nonadaptive,estimated,1465,122.0,0.6240336749775529
ergo_nonadaptive,estimated,1466,122.08333333333337,0.6242623890058222
ergo_nonadaptive,estimated,1467,122.16666666666663,0.623971294193267
ergo_nonadaptive,estimated,1468,122.25,0.6236486442805144
ergo_nonadaptive,estimated,1469,122.33333333333337,0.623450169843419
ergo_nonadaptive,estimated,1470,122.41666666666663,0.6232377474712109
ergo_nonadaptive,estimated,1471,122.5,0.6226547163006688
ergo_nonadaptive,estimated,1472,122.58333333333337,0.6223389709994276
ergo_nonadaptive,estimated,1473,122.66666666666663,0.6220249409980857
ergo_nonadaptive,estimated,1474,122.75,0.6220347268715227
ergo_nonadaptive,estimated,1475,122.83333333333337,0.6216684238895459
ergo_nonadaptive,estimated,1476,122.91666666666663,0.6207397767093037
ergo_nonadaptive,estimated,1477,123.0,0.6204281602847129
ergo_nonadaptive,estimated,1478,123.08333333333337,0.6197379547240343
ergo_nonadaptive,estimated,1479,123.16666666666663,0.6190910193809174
ergo_nonadaptive,estimated,1480,123.25,0.618982080233132
ergo_nonadaptive,estimated,1481,123.33333333333337,0.6189706090899955
ergo_nonadaptive,estimated,1482,123.41666666666663,0.6188448571340824
ergo_nonadaptive,estimated,1483,123.5,0.618669565992302
ergo_nonadaptive,estimated,1484,123.58333333333337,0.6182667317736669
ergo_nonadaptive,estimated,1485,123.66666666666663,0.6177010549876957
ergo_nonadaptive,estimated,1486,123.75,0.6170629280078195
ergo_nonadaptive,estimated,1487,123.83333333333337,0.6167679135562654
ergo_nonadaptive,estimated,1488,123.91666666666663,0.6168033720689938
ergo_nonadaptive,estimated,1489,124.0,0.6167508103766753
ergo_nonadaptive,estimated,1490,124.08333333333337,0.6166606252627576
ergo_nonadaptive,estimated,1491,124.16666666666663,0.6159797084299298
ergo_nonadaptive,estimated,1492,124.25,0.6155931526821613
ergo_nonadaptive,estimated,1493,124.33333333333337,0.6149838211238908
ergo_nonadaptive,estimated,1494,124.41666666666663,0.6148189322025925
ergo_nonadaptive,estimated,1495,124.5,0.6145785117990094
ergo_nonadaptive,estimated,1496,124.58333333333337,0.6139766436718105
ergo_nonadaptive,estimated,1497,124.66666666666663,0.6135802275972773
ergo_nonadaptive,estimated,1498,124.75,0.6130569789378051
ergo_nonadaptive,estimated,1499,124.83333333333337,0.6127116982410689
ergo_nonadaptive,estimated,1500,124.91666666666663,0.6122321184006649
ergo_nonadaptive,estimated,1501,125.0,0.6117508697166787
ergo_nonadaptive,estimated,1502,125.08333333333337,0.6114225190114759
ergo_nonadaptive,estimated,1503,125.16666666666663,0.6109359034461849
ergo_nonadaptive,estimated,1504,125.25,0.6110461793237031
ergo_nonadaptive,estimated,1505,125.33333333333337,0.6106737721306358
ergo_nonadaptive,estimated,1506,125.41666666666663,0.6105571077439106
ergo_nonadaptive,estimated,1507,125.5,0.6104293181078598
ergo_nonadaptive,estimated,1508,125.58333333333337,0.6099749790243392
ergo_nonadaptive,estimated,1509,125.66666666666663,0.6098957390814685
ergo_nonadaptive,estimated,1510,125.75,0.6094689282551783
ergo_nonadaptive,estimated,1511,125.83333333333337,0.6092327669666437
ergo_nonadaptive,estimated,1512,125.91666666666663,0.6085369048153052
ergo_nonadaptive,estimated,1513,126.0,0.6086188354674366
ergo_nonadaptive,estimated,1514,126.08333333333337,0.6084265738099567
ergo_nonadaptive,estimated,1515,126.16666666666663,0.6081001112787892
ergo_nonadaptive,estimated,1516,126.25,0.6078906492920386
ergo_nonadaptive,estimated,1517,126.33333333333337,0.6071842807175479
ergo_nonadaptive,estimated,1518,126.41666666666663,0.606875630828071
ergo_nonadaptive,estimated,1519,126.5,0.6069965526049349
ergo_nonadaptive,estimated,1520,126.58333333333337,0.6074179104825702
ergo_nonadaptive,estimated,1521,126.66666666666663,0.6073803559735972
ergo_nonadaptive,estimated,1522,126.75,0.6078705912233011
ergo_nonadaptive,estimated,1523,126.83333333333337,0.6074695018859909
ergo_nonadaptive,estimated,1524,126.91666666666663,0.607923735352635
ergo_nonadaptive,estimated,1525,127.0,0.6078846047582185
ergo_nonadaptive,estimated,1526,127.08333333333337,0.6080680649311911
ergo_nonadaptive,estimated,1527,127.16666666666663,0.6082585234899119
ergo_nonadaptive,estimated,1528,127.25,0.6081711656952691
ergo_nonadaptive,estimated,1529,127.33333333333337,0.6086288814305786
ergo_nonadaptive,estimated,1530,127.41666666666663,0.6092119827137574
ergo_nonadaptive,estimated,1531,127.5,0.6094917015626881
ergo_nonadaptive,estimated,1532,127.58333333333337,0.6089596639962089
ergo_nonadaptive,estimated,1533,127.66666666666663,0.6094575313417476
ergo_nonadaptive,estimated,1534,127.75,0.6096950893379819
ergo_nonadaptive,estimated,1535,127.83333333333337,0.6105281956139101
ergo_nonadaptive,estimated,1536,127.91666666666663,0.6103055914331512
ergo_nonadaptive,estimated,1537,128.0,0.6105827889900207
ergo_nonadaptive,estimated,1538,128.08333333333337,0.6108772964116005
ergo_nonadaptive,estimated,1539,128.16666666666663,0.6111909360183228
ergo_nonadaptive,estimated,1540,128.25,0.6113983018235003
ergo_nonadaptive,estimated,1541,128.33333333333337,0.6116457976194598
ergo_nonadaptive,estimated,1542,128.41666666666663,0.612300961572399
ergo_nonadaptive,estimated,1543,128.5,0.6127550095490726
ergo_nonadaptive,estimated,1544,128.58333333333337,0.6128908733000076
ergo_nonadaptive,estimated,1545,128.66666666666663,0.613453304310574
ergo_nonadaptive,estimated,1546,128.75,0.6131017567991559
ergo_nonadaptive,estimated,1547,128.83333333333337,0.6135102749975806
ergo_nonadaptive,estimated,1548,128.91666666666663,0.6135018722354456
ergo_nonadaptive,estimated,1549,129.0,0.614424420966483
ergo_nonadaptive,estimated,1550,129.08333333333337,0.6152340516911098
ergo_nonadaptive,estimated,1551,129.16666666666663,0.6151558384740753
ergo_nonadaptive,estimated,1552,129.25,0.6152212830177163
ergo_nonadaptive,estimated,1553,129.33333333333337,0.615500759101174
ergo_nonadaptive,estimated,1554,129.41666666666663,0.6156783767583979
ergo_nonadaptive,estimated,1555,129.5,0.6155150249156832
ergo_nonadaptive,estimated,1556,129.58333333333337,0.6156083176364973
ergo_nonadaptive,estimated,1557,129.66666666666663,0.6157303310330559
ergo_nonadaptive,estimated,1558,129.75,0.616264224008637
ergo_nonadaptive,estimated,1559,129.83333333333337,0.6164367739621893
ergo_nonadaptive,estimated,1560,129.91666666666663,0.6165334963757707
ergo_nonadaptive,estimated,1561,130.0,0.6166488422292855
ergo_nonadaptive,estimated,1562,130.08333333333337,0.6166685242401423
ergo_nonadaptive,estimated,1563,130.16666666666663,0.6167254897836126
ergo_nonadaptive,estimated,1564,130.25,0.6170831136131062
ergo_nonadaptive,estimated,1565,130.33333333333337,0.6172508072959354
ergo_nonadaptive,estimated,1566,130.41666666666663,0.6175940427205766
ergo_nonadaptive,estimated,1567,130.5,0.6177780363006962
ergo_nonadaptive,estimated,1568,130.58333333333337,0.6176136395750581
ergo_nonadaptive,estimated,1569,130.66666666666663,0.617879027853584
ergo_nonadaptive,estimated,1570,130.75,0.6179935336516539
ergo_nonadaptive,estimated,1571,130.83333333333337,0.6181316011940657
ergo_nonadaptive,estimated,1572,130.91666666666663,0.6187825454632612
ergo_nonadaptive,estimated,1573,131.0,0.6187012572461152
ergo_nonadaptive,estimated,1574,131.08333333333337,0.6194248433845351
ergo_nonadaptive,estimated,1575,131.16666666666663,0.6194765928073863
ergo_nonadaptive,estimated,1576,131.25,0.6197422113351225
ergo_nonadaptive,estimated,1577,131.33333333333337,0.6195889179499869
ergo_nonadaptive,estimated,1578,131.41666666666663,0.6203756065438456
ergo_nonadaptive,estimated,1579,131.5,0.6212226201941401
ergo_nonadaptive,estimated,1580,131.58333333333337,0.6212322221153008
ergo_nonadaptive,estimated,1581,131.66666666666663,0.620879992490701
ergo_nonadaptive,estimated,1582,131.75,0.6210489503545665
ergo_nonadaptive,estimated,1583,131.83333333333337,0.6211471615494414
ergo_nonadaptive,estimated,1584,131.91666666666663,0.6216780680438332
ergo_nonadaptive,estimated,1585,132.0,0.6217079367725898
ergo_nonadaptive,estimated,1586,132.08333333333337,0.6222447279132209
ergo_nonadaptive,estimated,1587,132.16666666666663,0.622225823593594
ergo_nonadaptive,estimated,1588,132.25,0.6222962779171187
ergo_nonadaptive,estimated,1589,132.33333333333337,0.6228027643256007
ergo_nonadaptive,estimated,1590,132.41666666666663,0.6235434773277236
ergo_nonadaptive,estimated,1591,132.5,0.6237625154921428
ergo_nonadaptive,estimated,1592,132.58333333333337,0.6242718926263482
ergo_nonadaptive,estimated,1593,132.66666666666663,0.6243754480267409
ergo_nonadaptive,estimated,1594,132.75,0.6246839065321227
ergo_nonadaptive,estimated,1595,132.83333333333337,0.6245072509748513
ergo_nonadaptive,estimated,1596,132.91666666666663,0.6246703550722734
ergo_nonadaptive,estimated,1597,133.0,0.6246774760709085
ergo_nonadaptive,estimated,1598,133.08333333333337,0.6251211305179284
ergo_nonadaptive,estimated,1599,133.16666666666663,0.6254394494443278
ergo_nonadaptive,estimated,1600,133.25,0.6259627504421837
ergo_nonadaptive,estimated,1601,133.33333333333337,0.6253577230991731
ergo_nonadaptive,estimated,1602,133.41666666666663,0.6254626927206
ergo_nonadaptive,estimated,1603,133.5,0.625652507082518
ergo_nonadaptive,estimated,1604,133.58333333333337,0.625664068691331
ergo_nonadaptive,estimated,1605,133.66666666666663,0.625910918109736
ergo_nonadaptive,estimated,1606,133.75,0.626126396456471
ergo_nonadaptive,estimated,1607,133.83333333333337,0.6271153294998879
ergo_nonadaptive,estimated,1608,133.91666666666663,0.6272856197980117
ergo_nonadaptive,estimated,1609,134.0,0.627346698283834
ergo_nonadaptive,estimated,1610,134.08333333333337,0.6277049465815735
ergo_nonadaptive,estimated,1611,134.16666666666663,0.6272393833985178
ergo_nonadaptive,estimated,1612,134.25,0.6278428635600624
ergo_nonadaptive,estimated,1613,134.33333333333337,0.6287674440816934
ergo_nonadaptive,estimated,1614,134.41666666666663,0.6285298556147854
ergo_nonadaptive,estimated,1615,134.5,0.628930717501307
ergo_nonadaptive,estimated,1616,134.58333333333337,0.6282832245924197
ergo_nonadaptive,estimated,1617,134.66666666666663,0.6283044312682937
ergo_nonadaptive,estimated,1618,134.75,0.6281462445012808
ergo_nonadaptive,estimated,1619,134.83333333333337,0.6286263356907676
ergo_nonadaptive,estimated,1620,134.91666666666663,0.6294336801078836
ergo_nonadaptive,estimated,1621,135.0,0.6295642246087694
ergo_nonadaptive,estimated,1622,135.08333333333337,0.6298021696986338
ergo_nonadaptive,estimated,1623,135.16666666666663,0.6299351350988526
ergo_nonadaptive,estimated,1624,135.25,0.629745150119724
ergo_nonadaptive,estimated,1625,135.33333333333337,0.6306946549149327
ergo_nonadaptive,estimated,1626,135.41666666666663,0.6321608568346062
ergo_nonadaptive,estimated,1627,135.5,0.6323792258407696
ergo_nonadaptive,estimated,1628,135.58333333333337,0.6326109428789294
ergo_nonadaptive,estimated,1629,135.66666666666663,0.6334183543551555
ergo_nonadaptive,estimated,1630,135.75,0.6339765296605865
ergo_nonadaptive,estimated,1631,135.83333333333337,0.6333431588995067
ergo_nonadaptive,estimated,1632,135.91666666666663,0.633507146567927
ergo_nonadaptive,estimated,1633,136.0,0.6340450457481456
ergo_nonadaptive,estimated,1634,136.08333333333337,0.6345149275310221
ergo_nonadaptive,estimated,1635,136.16666666666663,0.634622781704814
ergo_nonadaptive,estimated,1636,136.25,0.6349850689163135
ergo_nonadaptive,estimated,1637,136.33333333333337,0.6352603626233974
ergo_nonadaptive,estimated,1638,136.41666666666663,0.6357130733881758
ergo_nonadaptive,estimated,1639,136.5,0.6357079693022933
ergo_nonadaptive,estimated,1640,136.58333333333337,0.6356366706559394
ergo_nonadaptive,estimated,1641,136.66666666666663,0.6360838745737886
ergo_nonadaptive,estimated,1642,136.75,0.6364512527717228
ergo_nonadaptive,estimated,1643,136.83333333333337,0.636390583403397
ergo_nonadaptive,estimated,1644,136.91666666666663,0.6369979413345346
ergo_nonadaptive,estimated,1645,137.0,0.6376127598694454
ergo_nonadaptive,estimated,1646,137.08333333333337,0.637677745958917
ergo_nonadaptive,estimated,1647,137.16666666666663,0.6379142504871398
ergo_nonadaptive,estimated,1648,137.25,0.6376052750258596
ergo_nonadaptive,estimated,1649,137.33333333333337,0.6379943063317589
ergo_nonadaptive,estimated,1650,137.41666666666663,0.6381844651108344
ergo_nonadaptive,estimated,1651,137.5,0.638458182215071
ergo_nonadaptive,estimated,1652,137.58333333333337,0.638166078640819
ergo_nonadaptive,estimated,1653,137.66666666666663,0.6382941098205376
ergo_nonadaptive,estimated,1654,137.75,0.6378082710811693
ergo_nonadaptive,estimated,1655,137.83333333333337,0.6381657666834478
ergo_nonadaptive,estimated,1656,137.91666666666663,0.6381051985879143
ergo_nonadaptive,estimated,1657,138.0,0.6383073455181633
ergo_nonadaptive,estimated,1658,138.08333333333337,0.6378525673339027
ergo_nonadaptive,estimated,1659,138.16666666666663,0.6369775008882556
ergo_nonadaptive,estimated,1660,138.25,0.6367746854025567
ergo_nonadaptive,estimated,1661,138.33333333333337,0.6357594327927892
ergo_nonadaptive,estimated,1662,138.41666666666663,0.6369391388745276
ergo_nonadaptive,estimated,1663,138.5,0.6373068972320672
ergo_nonadaptive,estimated,1664,138.58333333333337,0.638288209412752
ergo_nonadaptive,estimated,1665,138.66666666666663,0.6375513652231781
ergo_nonadaptive,estimated,1666,138.75,0.6379407198876131
ergo_nonadaptive,estimated,1667,138.83333333333337,0.6374660829193834
ergo_nonadaptive,estimated,1668,138.91666666666663,0.6361751502565827
ergo_nonadaptive,estimated,1669,139.0,0.6348278694060464
ergo_nonadaptive,estimated,1670,139.08333333333337,0.6338669020528159
ergo_nonadaptive,estimated,1671,139.16666666666663,0.6318562757365886
ergo_nonadaptive,estimated,1672,139.25,0.6322438197572537
ergo_nonadaptive,estimated,1673,139.33333333333337,0.6303139842842482
ergo_nonadaptive,estimated,1674,139.41666666666663,0.6295041572509427
ergo_nonadaptive,estimated,1675,139.5,0.6269560876275635
ergo_nonadaptive,estimated,1676,139.58333333333337,0.6267660281923098
ergo_nonadaptive,estimated,1677,139.66666666666663,0.6259346910994485
ergo_nonadaptive,estimated,1678,139.75,0.6296134739944108
ergo_nonadaptive,estimated,1679,139.83333333333337,0.6284351894402045
ergo_nonadaptive,estimated,1680,139.91666666666663,0.6299449321476049
ergo_nonadaptive,estimated,1681,140.0,0.6318318219531984
ergo_nonadaptive,estimated,1682,140.08333333333337,0.6296630536069295
ergo_nonadaptive,estimated,1683,140.16666666666663,0.6315318525051188
ergo_nonadaptive,estimated,1684,140.25,0.6330621146505838
ergo_nonadaptive,estimated,1685,140.33333333333337,0.6326679598552567
ergo_nonadaptive,estimated,1686,140.41666666666663,0.6335284308585799
ergo_nonadaptive,estimated,1687,140.5,0.6346852551791934
ergo_nonadaptive,estimated,1688,140.58333333333337,0.6346254011076067
ergo_nonadaptive,estimated,1689,140.66666666666663,0.6351382727436349
ergo_nonadaptive,estimated,1690,140.75,0.6357366096316316
ergo_nonadaptive,estimated,1691,140.83333333333337,0.6363090969667742
ergo_nonadaptive,estimated,1692,140.91666666666663,0.6364305762014185
ergo_nonadaptive,estimated,1693,141.0,0.6364862063239939
ergo_nonadaptive,estimated,1694,141.08333333333337,0.6366283284672055
ergo_nonadaptive,estimated,1695,141.16666666666663,0.636748193927967
ergo_nonadaptive,estimated,1696,141.25,0.6365781917270478
ergo_nonadaptive,estimated,1697,141.33333333333337,0.6362624959328822
ergo_nonadaptive,estimated,1698,141.41666666666663,0.6364008182143494
ergo_nonadaptive,estimated,1699,141.5,0.6361820086520049
ergo_nonadaptive,estimated,1700,141.58333333333337,0.6359647671664662
ergo_nonadaptive,estimated,1701,141.66666666666663,0.6353961856205109
ergo_nonadaptive,estimated,1702,141.75,0.6344891941981953
ergo_nonadaptive,estimated,1703,141.83333333333337,0.6343204254657248
ergo_nonadaptive,estimated,1704,141.91666666666663,0.6337869723835824
ergo_nonadaptive,estimated,1705,142.0,0.6332764036694758
ergo_nonadaptive,estimated,1706,142.08333333333337,0.6325617625838151
ergo_nonadaptive,estimated,1707,142.16666666666663,0.6322329548915226
ergo_nonadaptive,estimated,1708,142.25,0.6321556820745458
ergo_nonadaptive,estimated,1709,142.33333333333337,0.6319267960368087
ergo_nonadaptive,estimated,1710,142.41666666666663,0.6322097065028854
ergo_nonadaptive,estimated,1711,142.5,0.631355598116155
ergo_nonadaptive,estimated,1712,142.58333333333337,0.6313761451235578
ergo_nonadaptive,estimated,1713,142.66666666666663,0.6310842965519984
ergo_nonadaptive,estimated,1714,142.75,0.6305050949003742
ergo_nonadaptive,estimated,1715,142.83333333333337,0.6302970826531895
ergo_nonadaptive,estimated,1716,142.91666666666663,0.6300101344557841
ergo_nonadaptive,estimated,1717,143.0,0.6294803630298095
ergo_nonadaptive,estimated,1718,143.08333333333337,0.6293545319635989
ergo_nonadaptive,estimated,1719,143.16666666666663,0.6284086511707913
ergo_nonadaptive,estimated,1720,143.25,0.6277741965712644
ergo_nonadaptive,estimated,1721,143.33333333333337,0.6277246227155681
ergo_nonadaptive,estimated,1722,143.41666666666663,0.6273054499964108
ergo_nonadaptive,estimated,1723,143.5,0.6278233347127674
ergo_nonadaptive,estimated,1724,143.58333333333337,0.6270335490266346
ergo_nonadaptive,estimated,1725,143.66666666666663,0.6260833442430206
ergo_nonadaptive,estimated,1726,143.75,0.6259644941528912
ergo_nonadaptive,estimated,1727,143.83333333333337,0.6263085424104301
ergo_nonadaptive,estimated,1728,143.91666666666663,0.6261121373988694
ergo_nonadaptive,estimated,1729,144.0,0.6259063836358699
ergo_nonadaptive,estimated,1730,144.08333333333337,0.6249512096217493
ergo_nonadaptive,estimated,1731,144.16666666666663,0.6247851405002658
ergo_nonadaptive,estimated,1732,144.25,0.624571843016828
ergo_nonadaptive,estimated,1733,144.33333333333337,0.6247798452752255
ergo_nonadaptive,estimated,1734,144.41666666666663,0.6245702356681797
ergo_nonadaptive,estimated,1735,144.5,0.6237656629452901
ergo_nonadaptive,estimated,1736,144.58333333333337,0.6232162320693334
ergo_nonadaptive,estimated,1737,144.66666666666663,0.6231062843587543
ergo_nonadaptive,estimated,1738,144.75,0.6230643485161219
ergo_nonadaptive,estimated,1739,144.83333333333337,0.623517755239669
ergo_nonadaptive,estimated,1740,144.91666666666663,0.6239446803712749
ergo_nonadaptive,estimated,1741,145.0,0.6236544979627707
ergo_nonadaptive,estimated,1742,145.08333333333337,0.6231508158476641
ergo_nonadaptive,estimated,1743,145.16666666666663,0.6226461107450505
ergo_nonadaptive,estimated,1744,145.25,0.6212576302209485
ergo_nonadaptive,estimated,1745,145.33333333333337,0.6213554078517536
ergo_nonadaptive,estimated,1746,145.41666666666663,0.6206484773212502
ergo_nonadaptive,estimated,1747,145.5,0.619553074975829
ergo_nonadaptive,estimated,1748,145.58333333333337,0.6207712458756495
ergo_nonadaptive,estimated,1749,145.66666666666663,0.6201706488743962
ergo_nonadaptive,estimated,1750,145.75,0.6192437547714265
ergo_nonadaptive,estimated,1751,145.83333333333337,0.6170682882652023
ergo_nonadaptive,estimated,1752,145.91666666666663,0.6179348511913905
ergo_nonadaptive,estimated,1753,146.0,0.618598847171476
ergo_nonadaptive,estimated,1754,146.08333333333337,0.619581660639632
ergo_nonadaptive,estimated,1755,146.16666666666663,0.6148948692660609
ergo_nonadaptive,estimated,1756,146.25,0.6134599440090063
ergo_nonadaptive,estimated,1757,146.33333333333337,0.6146045196357731
ergo_nonadaptive,estimated,1758,146.41666666666663,0.6091257628416655
ergo_nonadaptive,estimated,1759,146.5,0.6084712781366634
ergo_nonadaptive,estimated,1760,146.58333333333337,0.6071271819154792
ergo_nonadaptive,estimated,1761,146.66666666666663,0.6063989602046969
ergo_nonadaptive,estimated,1762,146.75,0.6056491653122237
ergo_nonadaptive,estimated,1763,146.83333333333337,0.6029582994593115
ergo_nonadaptive,estimated,1764,146.91666666666663,0.6027534313169944
ergo_nonadaptive,estimated,1765,147.0,0.604665034709965
ergo_nonadaptive,estimated,1766,147.08333333333337,0.6017999251305329
ergo_nonadaptive,estimated,1767,147.16666666666663,0.6006197642846702
ergo_nonadaptive,estimated,1768,147.25,0.6007786886841947
ergo_nonadaptive,estimated,1769,147.33333333333337,0.6024331011419517
ergo_nonadaptive,estimated,1770,147.41666666666663,0.6007321539526339
ergo_nonadaptive,estimated,1771,147.5,0.6069641846057934
ergo_nonadaptive,estimated,1772,147.58333333333337,0.6068012384731217
ergo_nonadaptive,estimated,1773,147.66666666666663,0.6053681982535878
ergo_nonadaptive,estimated,1774,147.75,0.6095576353925826
ergo_nonadaptive,estimated,1775,147.83333333333337,0.6081588147053019
ergo_nonadaptive,estimated,1776,147.91666666666663,0.605692459778159
ergo_nonadaptive,estimated,1777,148.0,0.6058481702046782
ergo_nonadaptive,estimated,1778,148.08333333333337,0.6104035092124316
ergo_nonadaptive,estimated,1779,148.16666666666663,0.6111214471952447
ergo_nonadaptive,estimated,1780,148.25,0.6133191682222169
ergo_nonadaptive,estimated,1781,148.33333333333337,0.6163771270879023
ergo_nonadaptive,estimated,1782,148.41666666666663,0.6170550037833844
ergo_nonadaptive,estimated,1783,148.5,0.6165148174747473
ergo_nonadaptive,estimated,1784,148.58333333333337,0.6194621143744632
ergo_nonadaptive,estimated,1785,148.66666666666663,0.6185210143773437
ergo_nonadaptive,estimated,1786,148.75,0.6166563503752805
ergo_nonadaptive,estimated,1787,148.83333333333337,0.6166127315188444
ergo_nonadaptive,estimated,1788,148.91666666666663,0.6168851412760415
ergo_nonadaptive,estimated,1789,149.0,0.6190078319721858
ergo_nonadaptive,estimated,1790,149.08333333333337,0.6202205651839696
ergo_nonadaptive,estimated,1791,149.16666666666663,0.6208829830967202
ergo_nonadaptive,estimated,1792,149.25,0.6220471395888599
ergo_nonadaptive,estimated,1793,149.33333333333337,0.6234055108346385
ergo_nonadaptive,estimated,1794,149.41666666666663,0.6241812675826611
ergo_nonadaptive,estimated,1795,149.5,0.6252140596446768
ergo_nonadaptive,estimated,1796,149.58333333333337,0.6252148908282241
ergo_nonadaptive,estimated,1797,149.66666666666663,0.6251821426674531
ergo_nonadaptive,estimated,1798,149.75,0.6252297921416372
ergo_nonadaptive,estimated,1799,149.83333333333337,0.6252592274629882
ergo_nonadaptive,estimated,1800,149.91666666666663,0.6249606519692867
ergo_nonadaptive,estimated,1801,150.0,0.6248524159857581
ergo_nonadaptive,estimated,1802,150.08333333333337,0.6245307471285696
ergo_nonadaptive,estimated,1803,150.16666666666663,0.6238947760754819
ergo_nonadaptive,estimated,1804,150.25,0.6234029912884761
ergo_nonadaptive,estimated,1805,150.33333333333337,0.6240822515646461
ergo_nonadaptive,estimated,1806,150.41666666666663,0.6240839870840807
ergo_nonadaptive,estimated,1807,150.5,0.622670655226789
ergo_nonadaptive,estimated,1808,150.58333333333337,0.6235642241956493
ergo_nonadaptive,estimated,1809,150.66666666666663,0.6240644555428361
ergo_nonadaptive,estimated,1810,150.75,0.6238536743966464
ergo_nonadaptive,estimated,1811,150.83333333333337,0.6238866142873719
ergo_nonadaptive,estimated,1812,150.91666666666663,0.6221636393615136
ergo_nonadaptive,estimated,1813,151.0,0.6224796419414053
ergo_nonadaptive,estimated,1814,151.08333333333337,0.6232512424334711
ergo_nonadaptive,estimated,1815,151.16666666666663,0.6227135364762745
ergo_nonadaptive,estimated,1816,151.25,0.6211520212684961
ergo_nonadaptive,estimated,1817,151.33333333333337,0.6229785046086294
ergo_nonadaptive,estimated,1818,151.41666666666663,0.6218661328918734
ergo_nonadaptive,estimated,1819,151.5,0.6231733874556378
ergo_nonadaptive,estimated,1820,151.58333333333337,0.6228139000218242
ergo_nonadaptive,estimated,1821,151.66666666666663,0.6226870596709887
ergo_nonadaptive,estimated,1822,151.75,0.6196327823605338
ergo_nonadaptive,estimated,1823,151.83333333333337,0.6174769146355076
ergo_nonadaptive,estimated,1824,151.91666666666663,0.6171872154115211
ergo_nonadaptive,estimated,1825,152.0,0.6172317349066615
ergo_nonadaptive,estimated,1826,152.08333333333337,0.6166140284714692
ergo_nonadaptive,estimated,1827,152.16666666666663,0.6156582471272037
ergo_nonadaptive,estimated,1828,152.25,0.6167469181462426
ergo_nonadaptive,estimated,1829,152.33333333333337,0.6156625410230493
ergo_nonadaptive,estimated,1830,152.41666666666663,0.6158784725595559
ergo_nonadaptive,estimated,1831,152.5,0.6170322632234658
ergo_nonadaptive,estimated,1832,152.58333333333337,0.616998625742082
ergo_nonadaptive,estimated,1833,152.66666666666663,0.6176496903532654
ergo_nonadaptive,estimated,1834,152.75,0.6174132094157759
ergo_nonadaptive,estimated,1835,152.83333333333337,0.6176032168282946
ergo_nonadaptive,estimated,1836,152.91666666666663,0.6174062390214882
ergo_nonadaptive,estimated,1837,153.0,0.6193975813865555
ergo_nonadaptive,estimated,1838,153.08333333333337,0.6200192635198858
ergo_nonadaptive,estimated,1839,153.16666666666663,0.6190736328226709
ergo_nonadaptive,estimated,1840,153.25,0.6181193395564282
ergo_nonadaptive,estimated,1841,153.33333333333337,0.6188737269414748
ergo_nonadaptive,estimated,1842,153.41666666666663,0.6190600452546359
ergo_nonadaptive,estimated,1843,153.5,0.6185777868999505
ergo_nonadaptive,estimated,1844,153.58333333333337,0.618920917073916
ergo_nonadaptive,estimated,1845,153.66666666666663,0.6176074327791989
ergo_nonadaptive,estimated,1846,153.75,0.617702504998982
ergo_nonadaptive,estimated,1847,153.83333333333337,0.6178921376970438
ergo_nonadaptive,estimated,1848,153.91666666666663,0.6174120762186365
ergo_nonadaptive,estimated,1849,154.0,0.6181476508159203
ergo_nonadaptive,estimated,1850,154.08333333333337,0.6184767203533197
ergo_nonadaptive,estimated,1851,154.16666666666663,0.6188432046977401
ergo_nonadaptive,estimated,1852,154.25,0.6193010336867736
ergo_nonadaptive,estimated,1853,154.33333333333337,0.6188695750034588
ergo_nonadaptive,estimated,1854,154.41666666666663,0.6193454899933393
ergo_nonadaptive,estimated,1855,154.5,0.619022918481978
ergo_nonadaptive,estimated,1856,154.58333333333337,0.6189332752225513
ergo_nonadaptive,estimated,1857,154.66666666666663,0.6193450236588797
ergo_nonadaptive,estimated,1858,154.75,0.6195974133403294
ergo_nonadaptive,estimated,1859,154.83333333333337,0.619282540699917
ergo_nonadaptive,estimated,1860,154.91666666666663,0.6198202791827108
ergo_nonadaptive,estimated,1861,155.0,0.6196509230547769
ergo_nonadaptive,estimated,1862,155.08333333333337,0.6199869879991934
ergo_nonadaptive,estimated,1863,155.16666666666663,0.6192613829695754
ergo_nonadaptive,estimated,1864,155.25,0.6201058751315984
ergo_nonadaptive,estimated,1865,155.33333333333337,0.6205596722084209
ergo_nonadaptive,estimated,1866,155.41666666666663,0.6199837596726806
ergo_nonadaptive,estimated,1867,155.5,0.6203074816908526
ergo_nonadaptive,estimated,1868,155.58333333333337,0.621320017177624
ergo_nonadaptive,estimated,1869,155.66666666666663,0.6215612541094417
ergo_nonadaptive,estimated,1870,155.75,0.6214881567157882
ergo_nonadaptive,estimated,1871,155.83333333333337,0.6217505534801088
ergo_nonadaptive,estimated,1872,155.91666666666663,0.6224202486884446
ergo_nonadaptive,estimated,1873,156.0,0.622612944279624
ergo_nonadaptive,estimated,1874,156.08333333333337,0.6230570815382113
ergo_nonadaptive,estimated,1875,156.16666666666663,0.6231385763957971
ergo_nonadaptive,estimated,1876,156.25,0.6230093165143936
ergo_nonadaptive,estimated,1877,156.33333333333337,0.6232429109902
ergo_nonadaptive,estimated,1878,156.41666666666663,0.6238848078126488
ergo_nonadaptive,estimated,1879,156.5,0.6243462646398704
ergo_nonadaptive,estimated,1880,156.58333333333337,0.6248665169124834
ergo_nonadaptive,estimated,1881,156.66666666666663,0.6250187905833878
ergo_nonadaptive,estimated,1882,156.75,0.62489580486626
ergo_nonadaptive,estimated,1883,156.83333333333337,0.6252894713079507
ergo_nonadaptive,estimated,1884,156.91666666666663,0.6256285923719439
ergo_nonadaptive,estimated,1885,157.0,0.6261645122224422
ergo_nonadaptive,estimated,1886,157.08333333333337,0.6264155952179934
ergo_nonadaptive,estimated,1887,157.16666666666663,0.6264180402220513
ergo_nonadaptive,estimated,1888,157.25,0.6265907105773462
ergo_nonadaptive,estimated,1889,157.33333333333337,0.6271335736236134
ergo_nonadaptive,estimated,1890,157.41666666666663,0.6276923635423448
ergo_nonadaptive,estimated,1891,157.5,0.6277460634692464
ergo_nonadaptive,estimated,1892,157.58333333333337,0.6279605250875244
ergo_nonadaptive,estimated,1893,157.66666666666663,0.6282255084068716
ergo_nonadaptive,estimated,1894,157.75,0.6283492590271667
ergo_nonadaptive,estimated,1895,157.83333333333337,0.6283998340849805
ergo_nonadaptive,estimated,1896,157.91666666666663,0.6287763361575602
ergo_nonadaptive,estimated,1897,158.0,0.6290992909047024
ergo_nonadaptive,estimated,1898,158.08333333333337,0.6294831279754818
ergo_nonadaptive,estimated,1899,158.16666666666663,0.6296669867671592
ergo_nonadaptive,estimated,1900,158.25,0.6297521235594217
ergo_nonadaptive,estimated,1901,158.33333333333337,0.6297305750766929
ergo_nonadaptive,estimated,1902,158.41666666666663,0.6299862837552608
ergo_nonadaptive,estimated,1903,158.5,0.6302986458660634
ergo_nonadaptive,estimated,1904,158.58333333333337,0.6304886342355217
ergo_nonadaptive,estimated,1905,158.66666666666663,0.6309975774945736
ergo_nonadaptive,estimated,1906,158.75,0.6314370988440281
ergo_nonadaptive,estimated,1907,158.83333333333337,0.631629435784192
ergo_nonadaptive,estimated,1908,158.91666666666663,0.6317836709889968
ergo_nonadaptive,estimated,1909,159.0,0.6316451830467535
ergo_nonadaptive,estimated,1910,159.08333333333337,0.6320834155654834
ergo_nonadaptive,estimated,1911,159.16666666666663,0.63229765397306
ergo_nonadaptive,estimated,1912,159.25,0.632388328455359
ergo_nonadaptive,estimated,1913,159.33333333333337,0.6326266511118676
ergo_nonadaptive,estimated,1914,159.41666666666663,0.632660944184204
ergo_nonadaptive,estimated,1915,159.5,0.6329057516354522
ergo_nonadaptive,estimated,1916,159.58333333333337,0.6331939252344523
ergo_nonadaptive,estimated,1917,159.66666666666663,0.6332277168325099
ergo_nonadaptive,estimated,1918,159.75,0.6329287209761443
ergo_nonadaptive,estimated,1919,159.83333333333337,0.6332847120296199
ergo_nonadaptive,estimated,1920,159.91666666666663,0.6332765897610296
ergo_nonadaptive,estimated,1921,160.0,0.6335748356533625
ergo_nonadaptive,estimated,1922,160.08333333333337,0.6334153529765294
ergo_nonadaptive,estimated,1923,160.16666666666663,0.6332615405543993
ergo_nonadaptive,estimated,1924,160.25,0.6334649966253622
ergo_nonadaptive,estimated,1925,160.33333333333337,0.6332477128225179
ergo_nonadaptive,estimated,1926,160.41666666666663,0.6332233758056368
ergo_nonadaptive,estimated,1927,160.5,0.6330137669696153
ergo_nonadaptive,estimated,1928,160.58333333333337,0.6324564990972154
ergo_nonadaptive,estimated,1929,160.66666666666663,0.6321645041986659
ergo_nonadaptive,estimated,1930,160.75,0.6323738973342047
ergo_nonadaptive,estimated,1931,160.83333333333337,0.6329504205347166
ergo_nonadaptive,estimated,1932,160.91666666666663,0.6321265990362192
ergo_nonadaptive,estimated,1933,161.0,0.6330829853446109
ergo_nonadaptive,estimated,1934,161.08333333333337,0.6331078071905991
ergo_nonadaptive,estimated,1935,161.16666666666663,0.6340568864133865
ergo_nonadaptive,estimated,1936,161.25,0.6342167612882281
ergo_nonadaptive,estimated,1937,161.33333333333337,0.6342208537873681
ergo_nonadaptive,estimated,1938,161.41666666666663,0.6345655950316692
ergo_nonadaptive,estimated,1939,161.5,0.6343798533280677
ergo_nonadaptive,estimated,1940,161.58333333333337,0.6350334374081376
ergo_nonadaptive,estimated,1941,161.66666666666663,0.6351079809839404
ergo_nonadaptive,estimated,1942,161.75,0.6351145293611264
ergo_nonadaptive,estimated,1943,161.83333333333337,0.6352010185369028
ergo_nonadaptive,estimated,1944,161.91666666666663,0.6351047118233862
ergo_nonadaptive,estimated,1945,162.0,0.6354787388177876
ergo_nonadaptive,estimated,1946,162.08333333333337,0.6358785015570289
ergo_nonadaptive,estimated,1947,162.16666666666663,0.6360280303879507
ergo_nonadaptive,estimated,1948,162.25,0.6363294936653692
ergo_nonadaptive,estimated,1949,162.33333333333337,0.6363938256197339
ergo_nonadaptive,estimated,1950,162.41666666666663,0.636480004697015
ergo_nonadaptive,estimated,1951,162.5,0.636608985812179
ergo_nonadaptive,estimated,1952,162.58333333333337,0.6369382507995665
ergo_nonadaptive,estimated,1953,162.66666666666663,0.6371737844284805
ergo_nonadaptive,estimated,1954,162.75,0.6373700398577525
ergo_nonadaptive,estimated,1955,162.83333333333337,0.6373299284448557
ergo_nonadaptive,estimated,1956,162.91666666666663,0.6372972444855111
ergo_nonadaptive,estimated,1957,163.0,0.6374162686115357
ergo_nonadaptive,estimated,1958,163.08333333333337,0.637698498895204
ergo_nonadaptive,estimated,1959,163.16666666666663,0.6380391337550837
ergo_nonadaptive,estimated,1960,163.25,0.6382215271667683
ergo_nonadaptive,estimated,1961,163.33333333333337,0.6382520218975307
ergo_nonadaptive,estimated,1962,163.41666666666663,0.6383153156234319
ergo_nonadaptive,estimated,1963,163.5,0.6384136106926973
ergo_nonadaptive,estimated,1964,163.58333333333337,0.6382725782056388
ergo_nonadaptive,estimated,1965,163.66666666666663,0.6384387907397033
ergo_nonadaptive,estimated,1966,163.75,0.6385677758555912
ergo_nonadaptive,estimated,1967,163.83333333333337,0.6386740312485278
ergo_nonadaptive,estimated,1968,163.91666666666663,0.638655464416338
ergo_nonadaptive,estimated,1969,164.0,0.6386134205305087
ergo_nonadaptive,estimated,1970,164.08333333333337,0.6385734354891576
ergo_nonadaptive,estimated,1971,164.16666666666663,0.6385366363517735
ergo_nonadaptive,estimated,1972,164.25,0.6386229315322919
ergo_nonadaptive,estimated,1973,164.33333333333337,0.6388181111761272
ergo_nonadaptive,estimated,1974,164.41666666666663,0.6388419732525666
ergo_nonadaptive,estimated,1975,164.5,0.638889008954449
ergo_nonadaptive,estimated,1976,164.58333333333337,0.6388355274766274
ergo_nonadaptive,estimated,1977,164.66666666666663,0.6389186256181235
ergo_nonadaptive,estimated,1978,164.75,0.6387870627886783
ergo_nonadaptive,estimated,1979,164.83333333333337,0.6389479465148162
ergo_nonadaptive,estimated,1980,164.91666666666663,0.6390982412243369
ergo_nonadaptive,estimated,1981,165.0,0.6391605050254864
ergo_nonadaptive,estimated,1982,165.08333333333337,0.639080490316131
ergo_nonadaptive,estimated,1983,165.16666666666663,0.6392198130304925
ergo_nonadaptive,estimated,1984,165.25,0.6393002266649778
ergo_nonadaptive,estimated,1985,165.33333333333337,0.6395044644810872
ergo_nonadaptive,estimated,1986,165.41666666666663,0.6394586073528734
ergo_nonadaptive,estimated,1987,165.5,0.6394880300105119
ergo_nonadaptive,estimated,1988,165.58333333333337,0.6398934143342443
ergo_nonadaptive,estimated,1989,165.66666666666663,0.6398589570826778
ergo_nonadaptive,estimated,1990,165.75,0.6398537673672768
ergo_nonadaptive,estimated,1991,165.83333333333337,0.6400009665061756
ergo_nonadaptive,estimated,1992,165.91666666666663,0.6402115620389336
ergo_nonadaptive,estimated,1993,166.0,0.6401298721311205
ergo_nonadaptive,estimated,1994,166.08333333333337,0.640494088554333
ergo_nonadaptive,estimated,1995,166.16666666666663,0.6407134810573063
ergo_nonadaptive,estimated,1996,166.25,0.6409969320319745
ergo_nonadaptive,estimated,1997,166.33333333333337,0.6410418681881289
ergo_nonadaptive,estimated,1998,166.41666666666663,0.641161595727946
ergo_nonadaptive,estimated,1999,166.5,0.6411573289530524
ergo_nonadaptive,estimated,2000,166.58333333333337,0.6414400770720252
ergo_nonadaptive,estimated,2001,166.66666666666663,0.6414554533426177
ergo_nonadaptive,estimated,2002,166.75,0.6414595823936556
ergo_nonadaptive,estimated,2003,166.83333333333337,0.6418544385908797
ergo_nonadaptive,estimated,2004,166.91666666666663,0.6417731980790127
ergo_nonadaptive,estimated,2005,167.0,0.6418130074039714
ergo_nonadaptive,estimated,2006,167.08333333333337,0.6417776008154642
ergo_nonadaptive,estimated,2007,167.16666666666663,0.6421797856379344
ergo_nonadaptive,estimated,2008,167.25,0.6424476014856693
ergo_nonadaptive,estimated,2009,167.33333333333337,0.6427447560048404
ergo_nonadaptive,estimated,2010,167.41666666666663,0.6426734239915167
ergo_nonadaptive,estimated,2011,167.5,0.6427573041670025
ergo_nonadaptive,estimated,2012,167.58333333333337,0.6425046492606895
ergo_nonadaptive,estimated,2013,167.66666666666663,0.6427015453737353
ergo_nonadaptive,estimated,2014,167.75,0.6423736072192056
ergo_nonadaptive,estimated,2015,167.83333333333337,0.6415378072960222
ergo_nonadaptive,estimated,2016,167.91666666666663,0.6419405285117733
ergo_nonadaptive,estimated,2017,168.0,0.641324571062754
ergo_nonadaptive,estimated,2018,168.08333333333337,0.6415686176143378
ergo_nonadaptive,estimated,2019,168.16666666666663,0.6419403291111031
ergo_nonadaptive,estimated,2020,168.25,0.6419260320145249
ergo_nonadaptive,estimated,2021,168.33333333333337,0.642177378070929
ergo_nonadaptive,estimated,2022,168.41666666666663,0.6418306783712896
ergo_nonadaptive,estimated,2023,168.5,0.6414750731322186
ergo_nonadaptive,estimated,2024,168.58333333333337,0.6396292577872634
ergo_nonadaptive,estimated,2025,168.66666666666663,0.6401646983376365
ergo_nonadaptive,estimated,2026,168.75,0.6384880277545527
ergo_nonadaptive,estimated,2027,168.83333333333337,0.6374490043998636
ergo_nonadaptive,estimated,2028,168.91666666666663,0.6373822336303049
ergo_nonadaptive,estimated,2029,169.0,0.6335124446338868
ergo_nonadaptive,estimated,2030,169.08333333333337,0.6318456691985097
ergo_nonadaptive,estimated,2031,169.16666666666663,0.6339541506854021
ergo_nonadaptive,estimated,2032,169.25,0.6316953607008221
ergo_nonadaptive,estimated,2033,169.33333333333337,0.6275862374596676
ergo_nonadaptive,estimated,2034,169.41666666666663,0.6259932134311261
ergo_nonadaptive,estimated,2035,169.5,0.6189159176448038
ergo_nonadaptive,estimated,2036,169.58333333333337,0.6160109492605808
ergo_nonadaptive,estimated,2037,169.66666666666663,0.6124716869911396
ergo_nonadaptive,estimated,2038,169.75,0.6149054716572594
ergo_nonadaptive,estimated,2039,169.83333333333337,0.6095586113224125
ergo_nonadaptive,estimated,2040,169.91666666666663,0.6055906801758055
ergo_nonadaptive,estimated,2041,170.0,0.6062026669019017
ergo_nonadaptive,estimated,2042,170.08333333333337,0.6039868962265926
ergo_nonadaptive,estimated,2043,170.16666666666663,0.6029855706308243
ergo_nonadaptive,estimated,2044,170.25,0.5995219837791739
ergo_nonadaptive,estimated,2045,170.33333333333337,0.6004016348172617
ergo_nonadaptive,estimated,2046,170.41666666666663,0.5990321889325223
ergo_nonadaptive,estimated,2047,170.5,0.6022478623534282
ergo_nonadaptive,estimated,2048,170.58333333333337,0.5978713178377334
ergo_nonadaptive,estimated,2049,170.66666666666663,0.5983268309508591
ergo_nonadaptive,estimated,2050,170.75,0.5980465496934042
ergo_nonadaptive,estimated,2051,170.83333333333337,0.5988393458311296
ergo_nonadaptive,estimated,2052,170.91666666666663,0.5974656519685899
ergo_nonadaptive,estimated,2053,171.0,0.598403041323788
ergo_nonadaptive,estimated,2054,171.08333333333337,0.5988171880971858
ergo_nonadaptive,estimated,2055,171.16666666666663,0.6009816805263403
ergo_nonadaptive,estimated,2056,171.25,0.6027346156343693
ergo_nonadaptive,estimated,2057,171.33333333333337,0.6025697617178655
ergo_nonadaptive,estimated,2058,171.41666666666663,0.6005510599240667
ergo_nonadaptive,estimated,2059,171.5,0.6014758664129555
ergo_nonadaptive,estimated,2060,171.58333333333337,0.6003244507207707
ergo_nonadaptive,estimated,2061,171.66666666666663,0.6019050840516431
ergo_nonadaptive,estimated,2062,171.75,0.6013199073513226
ergo_nonadaptive,estimated,2063,171.83333333333337,0.6025335914830614
ergo_nonadaptive,estimated,2064,171.91666666666663,0.6011933252493696
ergo_nonadaptive,estimated,2065,172.0,0.6018524639956471
ergo_nonadaptive,estimated,2066,172.08333333333337,0.6011811251351159
ergo_nonadaptive,estimated,2067,172.16666666666663,0.600560148345976
ergo_nonadaptive,estimated,2068,172.25,0.6006232238914051
ergo_nonadaptive,estimated,2069,172.33333333333337,0.5990664716257067
ergo_nonadaptive,estimated,2070,172.41666666666663,0.5993323956725674
ergo_nonadaptive,estimated,2071,172.5,0.6016525808274024
ergo_nonadaptive,estimated,2072,172.58333333333337,0.5999661663540131
ergo_nonadaptive,estimated,2073,172.66666666666663,0.6030278571536378
ergo_nonadaptive,estimated,2074,172.75,0.6009284177671104
ergo_nonadaptive,estimated,2075,172.83333333333337,0.5980933362880333
ergo_nonadaptive,estimated,2076,172.91666666666663,0.5993808942580164
ergo_nonadaptive,estimated,2077,173.0,0.6012794292660858
ergo_nonadaptive,estimated,2078,173.08333333333337,0.6009934697760527
ergo_nonadaptive,estimated,2079,173.16666666666663,0.6012436421563537
ergo_nonadaptive,estimated,2080,173.25,0.5986306819257767
ergo_nonadaptive,estimated,2081,173.33333333333337,0.5997963711778619
ergo_nonadaptive,estimated,2082,173.41666666666663,0.6013806482574805
ergo_nonadaptive,estimated,2083,173.5,0.6025804628325215
ergo_nonadaptive,estimated,2084,173.58333333333337,0.6017409944556789
ergo_nonadaptive,estimated,2085,173.66666666666663,0.6020288077970879
ergo_nonadaptive,estimated,2086,173.75,0.6046315417544325
ergo_nonadaptive,estimated,2087,173.83333333333337,0.6029095227357206
ergo_nonadaptive,estimated,2088,173.91666666666663,0.6031835048783688
ergo_nonadaptive,estimated,2089,174.0,0.6027216764717103
ergo_nonadaptive,estimated,2090,174.08333333333337,0.6028699686222003
ergo_nonadaptive,estimated,2091,174.16666666666663,0.6050174222596618
ergo_nonadaptive,estimated,2092,174.25,0.6059498266996464
ergo_nonadaptive,estimated,2093,174.33333333333337,0.6071008522311944
ergo_nonadaptive,estimated,2094,174.41666666666663,0.6062485461155569
ergo_nonadaptive,estimated,2095,174.5,0.6064123680941451
ergo_nonadaptive,estimated,2096,174.58333333333337,0.6075958679316148
ergo_nonadaptive,estimated,2097,174.66666666666663,0.6070084493095266
ergo_nonadaptive,estimated,2098,174.75,0.6068545730681448
ergo_nonadaptive,estimated,2099,174.83333333333337,0.6078010736841609
ergo_nonadaptive,estimated,2100,174.91666666666663,0.6077571252952076
ergo_nonadaptive,estimated,2101,175.0,0.6073579731446239
ergo_nonadaptive,estimated,2102,175.08333333333337,0.6080859609692655
ergo_nonadaptive,estimated,2103,175.16666666666663,0.6084645394533718
ergo_nonadaptive,estimated,2104,175.25,0.6074051066070021
ergo_nonadaptive,estimated,2105,175.33333333333337,0.6084934136778819
ergo_nonadaptive,estimated,2106,175.41666666666663,0.6088582769405765
ergo_nonadaptive,estimated,2107,175.5,0.6092557239040481
ergo_nonadaptive,estimated,2108,175.58333333333337,0.609909634378618
ergo_nonadaptive,estimated,2109,175.66666666666663,0.6116879591971717
ergo_nonadaptive,estimated,2110,175.75,0.6117217925356321
ergo_nonadaptive,estimated,2111,175.83333333333337,0.6113802429617806
ergo_nonadaptive,estimated,2112,175.91666666666663,0.6122648044770347
ergo_nonadaptive,estimated,2113,176.0,0.6129192350973862
ergo_nonadaptive,estimated,2114,176.08333333333337,0.6122611704539794
ergo_nonadaptive,estimated,2115,176.16666666666663,0.6125781811899267
ergo_nonadaptive,estimated,2116,176.25,0.6118600531766654
ergo_nonadaptive,estimated,2117,176.33333333333337,0.6126124478620475
ergo_nonadaptive,estimated,2118,176.41666666666663,0.6138680541847329
ergo_nonadaptive,estimated,2119,176.5,0.6145794972311424
ergo_nonadaptive,estimated,2120,176.58333333333337,0.6153324784422459
ergo_nonadaptive,estimated,2121,176.66666666666663,0.6141722482469723
ergo_nonadaptive,estimated,2122,176.75,0.6144582178282021
ergo_nonadaptive,estimated,2123,176.83333333333337,0.6139847084092582
ergo_nonadaptive,estimated,2124,176.91666666666663,0.6143918044714225
ergo_nonadaptive,estimated,2125,177.0,0.6147664265298491
ergo_nonadaptive,estimated,2126,177.08333333333337,0.6146473351139263
ergo_nonadaptive,estimated,2127,177.16666666666663,0.6151630648912225
ergo_nonadaptive,estimated,2128,177.25,0.6144351695501891
ergo_nonadaptive,estimated,2129,177.33333333333337,0.614977685487383
ergo_nonadaptive,estimated,2130,177.41666666666663,0.6155905816042717
ergo_nonadaptive,estimated,2131,177.5,0.6156860798306295
ergo_nonadaptive,estimated,2132,177.58333333333337,0.6158078956676966
ergo_nonadaptive,estimated,2133,177.66666666666663,0.616308175133941
ergo_nonadaptive,estimated,2134,177.75,0.6160124556491706
ergo_nonadaptive,estimated,2135,177.83333333333337,0.6159916345076979
ergo_nonadaptive,estimated,2136,177.91666666666663,0.6157152365704301
ergo_nonadaptive,estimated,2137,178.0,0.6150662159210211
ergo_nonadaptive,estimated,2138,178.08333333333337,0.6148599382465936
ergo_nonadaptive,estimated,2139,178.16666666666663,0.6150201694561844
ergo_nonadaptive,estimated,2140,178.25,0.6154359010376689
ergo_nonadaptive,estimated,2141,178.33333333333337,0.6156321864852236
ergo_nonadaptive,estimated,2142,178.41666666666663,0.6153400756708362
ergo_nonadaptive,estimated,2143,178.5,0.614965327644752
ergo_nonadaptive,estimated,2144,178.58333333333337,0.6142265506495228
ergo_nonadaptive,estimated,2145,178.66666666666663,0.6134347121743609
ergo_nonadaptive,estimated,2146,178.75,0.6120739564504042
ergo_nonadaptive,estimated,2147,178.83333333333337,0.61118716711251
ergo_nonadaptive,estimated,2148,178.91666666666663,0.6112988946817577
ergo_nonadaptive,estimated,2149,179.0,0.6104866614366415
ergo_nonadaptive,estimated,2150,179.08333333333337,0.6100331438024035
ergo_nonadaptive,estimated,2151,179.16666666666663,0.608938887491115
ergo_nonadaptive,estimated,2152,179.25,0.6082092825248129
ergo_nonadaptive,estimated,2153,179.33333333333337,0.6089396494519341
ergo_nonadaptive,estimated,2154,179.41666666666663,0.6083674069119643
ergo_nonadaptive,estimated,2155,179.5,0.6056249054735963
ergo_nonadaptive,estimated,2156,179.58333333333337,0.602677999627339
ergo_nonadaptive,estimated,2157,179.66666666666663,0.6037782556379974
ergo_nonadaptive,estimated,2158,179.75,0.6052105775389989
ergo_nonadaptive,estimated,2159,179.83333333333337,0.6066594091811256
ergo_nonadaptive,estimated,2160,179.91666666666663,0.6043315451998317
ergo_nonadaptive,estimated,2161,180.0,0.6038223964070873
ergo_nonadaptive,estimated,2162,180.08333333333337,0.6046888718556792
ergo_nonadaptive,estimated,2163,180.16666666666663,0.6055208722121399
ergo_nonadaptive,estimated,2164,180.25,0.6052410184344776
ergo_nonadaptive,estimated,2165,180.33333333333337,0.6040673018408257
ergo_nonadaptive,estimated,2166,180.41666666666663,0.6038760651609916
ergo_nonadaptive,estimated,2167,180.5,0.6039892989871588
ergo_nonadaptive,estimated,2168,180.58333333333337,0.6028015140755689
ergo_nonadaptive,estimated,2169,180.66666666666663,0.6003500964314697
ergo_nonadaptive,estimated,2170,180.75,0.5971066042237364
ergo_nonadaptive,estimated,2171,180.83333333333337,0.5983921314518426
ergo_nonadaptive,estimated,2172,180.91666666666663,0.6007151709942686
ergo_nonadaptive,estimated,2173,181.0,0.6004707037436797
ergo_nonadaptive,estimated,2174,181.08333333333337,0.5982808403514606
ergo_nonadaptive,estimated,2175,181.16666666666663,0.5960002298482415
ergo_nonadaptive,estimated,2176,181.25,0.5950425075522049
ergo_nonadaptive,estimated,2177,181.33333333333337,0.5933486424087012
ergo_nonadaptive,estimated,2178,181.41666666666663,0.5921938943623245
ergo_nonadaptive,estimated,2179,181.5,0.5946119466166329
ergo_nonadaptive,estimated,2180,181.58333333333337,0.5918467123935325
ergo_nonadaptive,estimated,2181,181.66666666666663,0.5929752816611926
ergo_nonadaptive,estimated,2182,181.75,0.5904388362463251
ergo_nonadaptive,estimated,2183,181.83333333333337,0.5940518235036307
ergo_nonadaptive,estimated,2184,181.91666666666663,0.5944861969691123
ergo_nonadaptive,estimated,2185,182.0,0.594582375112444
ergo_nonadaptive,estimated,2186,182.08333333333337,0.5951394349221355
ergo_nonadaptive,estimated,2187,182.16666666666663,0.5965923430693948
ergo_nonadaptive,estimated,2188,182.25,0.6004420959450987
ergo_nonadaptive,estimated,2189,182.33333333333337,0.5985060648590261
ergo_nonadaptive,estimated,2190,182.41666666666663,0.6004408050085126
ergo_nonadaptive,estimated,2191,182.5,0.603130216100738
ergo_nonadaptive,estimated,2192,182.58333333333337,0.6019127884662487
ergo_nonadaptive,estimated,2193,182.66666666666663,0.6023949392689368
ergo_nonadaptive,estimated,2194,182.75,0.6057082923294418
ergo_nonadaptive,estimated,2195,182.83333333333337,0.6062721542268587
ergo_nonadaptive,estimated,2196,182.91666666666663,0.6068636384903567
ergo_nonadaptive,estimated,2197,183.0,0.6071789671066572
ergo_nonadaptive,estimated,2198,183.08333333333337,0.6079365156742411
ergo_nonadaptive,estimated,2199,183.16666666666663,0.610062847264478
ergo_nonadaptive,estimated,2200,183.25,0.6099225804724459
ergo_nonadaptive,estimated,2201,183.33333333333337,0.6124580479886292
ergo_nonadaptive,estimated,2202,183.41666666666663,0.6140018421984819
ergo_nonadaptive,estimated,2203,183.5,0.613985482448087
ergo_nonadaptive,estimated,2204,183.58333333333337,0.6143535547773977
ergo_nonadaptive,estimated,2205,183.66666666666663,0.617164901130549
ergo_nonadaptive,estimated,2206,183.75,0.6177291335883572
ergo_nonadaptive,estimated,2207,183.83333333333337,0.6184151266949348
ergo_nonadaptive,estimated,2208,183.91666666666663,0.6185215467712628
ergo_nonadaptive,estimated,2209,184.0,0.6200142728971766
ergo_nonadaptive,estimated,2210,184.08333333333337,0.6202206293179858
ergo_nonadaptive,estimated,2211,184.16666666666663,0.6201561967543257
ergo_nonadaptive,estimated,2212,184.25,0.6213487725166758
ergo_nonadaptive,estimated,2213,184.33333333333337,0.621700964859112
ergo_nonadaptive,estimated,2214,184.41666666666663,0.6222315827790968
ergo_nonadaptive,estimated,2215,184.5,0.6231317129431102
ergo_nonadaptive,estimated,2216,184.58333333333337,0.6217882243460676
ergo_nonadaptive,estimated,2217,184.66666666666663,0.6230602562048148
ergo_nonadaptive,estimated,2218,184.75,0.6234864544638901
ergo_nonadaptive,estimated,2219,184.83333333333337,0.6242807762132878
ergo_nonadaptive,estimated,2220,184.91666666666663,0.6226054680565811
ergo_nonadaptive,estimated,2221,185.0,0.6241905653827057
ergo_nonadaptive,estimated,2222,185.08333333333337,0.6235434538406592
ergo_nonadaptive,estimated,2223,185.16666666666663,0.6242378119053241
ergo_nonadaptive,estimated,2224,185.25,0.6249930804641926
ergo_nonadaptive,estimated,2225,185.33333333333337,0.6250522464076361
ergo_nonadaptive,estimated,2226,185.41666666666663,0.6242888511638026
ergo_nonadaptive,estimated,2227,185.5,0.624123579544609
ergo_nonadaptive,estimated,2228,185.58333333333337,0.6242060985955609
ergo_nonadaptive,estimated,2229,185.66666666666663,0.6254614475900391
ergo_nonadaptive,estimated,2230,185.75,0.6254904941633226
ergo_nonadaptive,estimated,2231,185.83333333333337,0.6260894568727512
ergo_nonadaptive,estimated,2232,185.91666666666663,0.6258755114819721
ergo_nonadaptive,estimated,2233,186.0,0.6264998092408228
ergo_nonadaptive,estimated,2234,186.08333333333337,0.6269980024728061
ergo_nonadaptive,estimated,2235,186.16666666666663,0.6254795821884831
ergo_nonadaptive,estimated,2236,186.25,0.6261673583239373
ergo_nonadaptive,estimated,2237,186.33333333333337,0.6232671204300051
ergo_nonadaptive,estimated,2238,186.41666666666663,0.6215071289103918
ergo_nonadaptive,estimated,2239,186.5,0.6208136623011086
ergo_nonadaptive,estimated,2240,186.58333333333337,0.6188877888834241
ergo_nonadaptive,estimated,2241,186.66666666666663,0.6179948051970978
ergo_nonadaptive,estimated,2242,186.75,0.6133557314639463
ergo_nonadaptive,estimated,2243,186.83333333333337,0.6130490923578225
ergo_nonadaptive,estimated,2244,186.91666666666663,0.6139632134329513
ergo_nonadaptive,estimated,2245,187.0,0.6150367834838552
ergo_nonadaptive,estimated,2246,187.08333333333337,0.6150651454496191
ergo_nonadaptive,estimated,2247,187.16666666666663,0.612011671501701
ergo_nonadaptive,estimated,2248,187.25,0.609223271494708
ergo_nonadaptive,estimated,2249,187.33333333333337,0.6019631365655749
ergo_nonadaptive,estimated,2250,187.41666666666663,0.5965752907838575
ergo_nonadaptive,estimated,2251,187.5,0.5918024852402064
ergo_nonadaptive,estimated,2252,187.58333333333337,0.5903109260428143
ergo_nonadaptive,estimated,2253,187.66666666666663,0.5894495135583628
ergo_nonadaptive,estimated,2254,187.75,0.5895087355668508
ergo_nonadaptive,estimated,2255,187.83333333333337,0.5863518610635012
ergo_nonadaptive,estimated,2256,187.91666666666663,0.5828427813918046
ergo_nonadaptive,estimated,2257,188.0,0.5826726248069103
ergo_nonadaptive,estimated,2258,188.08333333333337,0.578533927142247
ergo_nonadaptive,estimated,2259,188.16666666666663,0.578118944709798
ergo_nonadaptive,estimated,2260,188.25,0.577887291801813
ergo_nonadaptive,estimated,2261,188.33333333333337,0.5785046007270928
ergo_nonadaptive,estimated,2262,188.41666666666663,0.5773723681299013
ergo_nonadaptive,estimated,2263,188.5,0.5747404575295173
ergo_nonadaptive,estimated,2264,188.58333333333337,0.5724437508027707
ergo_nonadaptive,estimated,2265,188.66666666666663,0.5751356505925787
ergo_nonadaptive,estimated,2266,188.75,0.5724996933791457
ergo_nonadaptive,estimated,2267,188.83333333333337,0.5696405929966238
ergo_nonadaptive,estimated,2268,188.91666666666663,0.5737765423219492
ergo_nonadaptive,estimated,2269,189.0,0.5741412941024352
ergo_nonadaptive,estimated,2270,189.08333333333337,0.5750786453955926
ergo_nonadaptive,estimated,2271,189.16666666666663,0.5774282640165909
ergo_nonadaptive,estimated,2272,189.25,0.5768942808886431
ergo_nonadaptive,estimated,2273,189.33333333333337,0.5757200205008327
ergo_nonadaptive,estimated,2274,189.41666666666663,0.5814383330180539
ergo_nonadaptive,estimated,2275,189.5,0.5777108337554178
ergo_nonadaptive,estimated,2276,189.58333333333337,0.5806143664186665
ergo_nonadaptive,estimated,2277,189.66666666666663,0.5802503115654494
ergo_nonadaptive,estimated,2278,189.75,0.5862276714131702
ergo_nonadaptive,estimated,2279,189.83333333333337,0.5858873380654335
ergo_nonadaptive,estimated,2280,189.91666666666663,0.5927501626018286
ergo_nonadaptive,estimated,2281,190.0,0.5961564360379791
ergo_nonadaptive,estimated,2282,190.08333333333337,0.5997078887539713
ergo_nonadaptive,estimated,2283,190.16666666666663,0.6026402560564725
ergo_nonadaptive,estimated,2284,190.25,0.60652039668701
ergo_nonadaptive,estimated,2285,190.33333333333337,0.6064427280906904
ergo_nonadaptive,estimated,2286,190.41666666666663,0.6029421701862434
ergo_nonadaptive,estimated,2287,190.5,0.6041255512331146
ergo_nonadaptive,estimated,2288,190.58333333333337,0.6087960802021362
ergo_nonadaptive,estimated,2289,190.66666666666663,0.6099124657899291
ergo_nonadaptive,estimated,2290,190.75,0.6097194680321142
ergo_nonadaptive,estimated,2291,190.83333333333337,0.6098632346019341
ergo_nonadaptive,estimated,2292,190.91666666666663,0.6121306837469888
ergo_nonadaptive,estimated,2293,191.0,0.6117274361561678
ergo_nonadaptive,estimated,2294,191.08333333333337,0.614572452621444
ergo_nonadaptive,estimated,2295,191.16666666666663,0.6154792137912404
ergo_nonadaptive,estimated,2296,191.25,0.6160384313532508
ergo_nonadaptive,estimated,2297,191.33333333333337,0.6183526886486271
ergo_nonadaptive,estimated,2298,191.41666666666663,0.6192200530464568
ergo_nonadaptive,estimated,2299,191.5,0.6194891088909044
ergo_nonadaptive,estimated,2300,191.58333333333337,0.6198049182068476
ergo_nonadaptive,estimated,2301,191.66666666666663,0.6190640107122243
ergo_nonadaptive,estimated,2302,191.75,0.6202167039435477
ergo_nonadaptive,estimated,2303,191.83333333333337,0.6214666924168165
ergo_nonadaptive,estimated,2304,191.91666666666663,0.6226847486651844
ergo_nonadaptive,estimated,2305,192.0,0.6230402680045781
ergo_nonadaptive,estimated,2306,192.08333333333337,0.624335285651659
ergo_nonadaptive,estimated,2307,192.16666666666663,0.6247463900721958
ergo_nonadaptive,estimated,2308,192.25,0.6257126289697775
ergo_nonadaptive,estimated,2309,192.33333333333337,0.6263537351836201
ergo_nonadaptive,estimated,2310,192.41666666666663,0.6266788298597418
ergo_nonadaptive,estimated,2311,192.5,0.6272346795128619
ergo_nonadaptive,estimated,2312,192.58333333333337,0.6269060662133373
ergo_nonadaptive,estimated,2313,192.66666666666663,0.627333050060294
ergo_nonadaptive,estimated,2314,192.75,0.6273546816695836
ergo_nonadaptive,estimated,2315,192.83333333333337,0.6274957225921083
ergo_nonadaptive,estimated,2316,192.91666666666663,0.6281823497538038
ergo_nonadaptive,estimated,2317,193.0,0.6285753036516984
ergo_nonadaptive,estimated,2318,193.08333333333337,0.6290719660212896
ergo_nonadaptive,estimated,2319,193.16666666666663,0.6299090911426912
ergo_nonadaptive,estimated,2320,193.25,0.6296450897613294
ergo_nonadaptive,estimated,2321,193.33333333333337,0.6297210915589015
ergo_nonadaptive,estimated,2322,193.41666666666663,0.6292386488518458
ergo_nonadaptive,estimated,2323,193.5,0.629244304315778
ergo_nonadaptive,estimated,2324,193.58333333333337,0.6288464215443653
ergo_nonadaptive,estimated,2325,193.66666666666663,0.6294786853589343
ergo_nonadaptive,estimated,2326,193.75,0.6286218904212191
ergo_nonadaptive,estimated,2327,193.83333333333337,0.6296796076402467
ergo_nonadaptive,estimated,2328,193.91666666666663,0.630362553641082
ergo_nonadaptive,estimated,2329,194.0,0.629898506871022
ergo_nonadaptive,estimated,2330,194.08333333333337,0.6299180663943913
ergo_nonadaptive,estimated,2331,194.16666666666663,0.6293967125918319
ergo_nonadaptive,estimated,2332,194.25,0.6293379492120117
ergo_nonadaptive,estimated,2333,194.33333333333337,0.6284780853502129
ergo_nonadaptive,estimated,2334,194.41666666666663,0.6299988574041328
ergo_nonadaptive,estimated,2335,194.5,0.6299715563809857
ergo_nonadaptive,estimated,2336,194.58333333333337,0.6287498848004174
ergo_nonadaptive,estimated,2337,194.66666666666663,0.6287348552856159
ergo_nonadaptive,estimated,2338,194.75,0.6289090241595847
ergo_nonadaptive,estimated,2339,194.83333333333337,0.6293252889988762
ergo_nonadaptive,estimated,2340,194.91666666666663,0.6269421288375042
ergo_nonadaptive,estimated,2341,195.0,0.626965203205264
ergo_nonadaptive,estimated,2342,195.08333333333337,0.6278134415007558
ergo_nonadaptive,estimated,2343,195.16666666666663,0.625322387311202
ergo_nonadaptive,estimated,2344,195.25,0.6236655437323915
ergo_nonadaptive,estimated,2345,195.33333333333337,0.6228143694615159
ergo_nonadaptive,estimated,2346,195.41666666666663,0.6257700262401391
ergo_nonadaptive,estimated,2347,195.5,0.6225114724727823
ergo_nonadaptive,estimated,2348,195.58333333333337,0.6230556040144463
ergo_nonadaptive,estimated,2349,195.66666666666663,0.6192094967544756
ergo_nonadaptive,estimated,2350,195.75,0.6183671175252302
ergo_nonadaptive,estimated,2351,195.83333333333337,0.6167145857244843
ergo_nonadaptive,estimated,2352,195.91666666666663,0.6177209807100938
ergo_nonadaptive,estimated,2353,196.0,0.6139382483850866
ergo_nonadaptive,estimated,2354,196.08333333333337,0.6091830360696768
ergo_nonadaptive,estimated,2355,196.16666666666663,0.6077636260199377
ergo_nonadaptive,estimated,2356,196.25,0.6100802838791379
ergo_nonadaptive,estimated,2357,196.33333333333337,0.61034562347151
ergo_nonadaptive,estimated,2358,196.41666666666663,0.6082313445935816
ergo_nonadaptive,estimated,2359,196.5,0.6075604268507019
ergo_nonadaptive,estimated,2360,196.58333333333337,0.6064203729464331
ergo_nonadaptive,estimated,2361,196.66666666666663,0.6062116306545428
ergo_nonadaptive,estimated,2362,196.75,0.6008707797728139
ergo_nonadaptive,estimated,2363,196.83333333333337,0.6034424815631574
ergo_nonadaptive,estimated,2364,196.91666666666663,0.6021306491986943
ergo_nonadaptive,estimated,2365,197.0,0.5982971105500178
ergo_nonadaptive,estimated,2366,197.08333333333337,0.5979550127192625
ergo_nonadaptive,estimated,2367,197.16666666666663,0.5977521283560162
ergo_nonadaptive,estimated,2368,197.25,0.595655082835222
ergo_nonadaptive,estimated,2369,197.33333333333337,0.5939959771985697
ergo_nonadaptive,estimated,2370,197.41666666666663,0.5933087332101233
ergo_nonadaptive,estimated,2371,197.5,0.5940190442455008
ergo_nonadaptive,estimated,2372,197.58333333333337,0.5953445816140448
ergo_nonadaptive,estimated,2373,197.66666666666663,0.5933334957271282
ergo_nonadaptive,estimated,2374,197.75,0.5962815141266095
ergo_nonadaptive,estimated,2375,197.83333333333337,0.595125316941988
ergo_nonadaptive,estimated,2376,197.91666666666663,0.5944373312306919
ergo_nonadaptive,estimated,2377,198.0,0.5938497403742797
ergo_nonadaptive,estimated,2378,198.08333333333337,0.5957204774130038
ergo_nonadaptive,estimated,2379,198.16666666666663,0.5952879321772335
ergo_nonadaptive,estimated,2380,198.25,0.5976390723957552
ergo_nonadaptive,estimated,2381,198.33333333333337,0.6012665972433505
ergo_nonadaptive,estimated,2382,198.41666666666663,0.600930434746206
ergo_nonadaptive,estimated,2383,198.5,0.6005895126746791
ergo_nonadaptive,estimated,2384,198.58333333333337,0.6006682464876884
ergo_nonadaptive,estimated,2385,198.66666666666663,0.600950765385761
ergo_nonadaptive,estimated,2386,198.75,0.6048286689715734
ergo_nonadaptive,estimated,2387,198.83333333333337,0.6047493961904356
ergo_nonadaptive,estimated,2388,198.91666666666663,0.6035539619518405
ergo_nonadaptive,estimated,2389,199.0,0.6036159119766468
ergo_nonadaptive,estimated,2390,199.08333333333337,0.6073509438769581
ergo_nonadaptive,estimated,2391,199.16666666666663,0.6087083289323276
ergo_nonadaptive,estimated,2392,199.25,0.6082080303861229
ergo_nonadaptive,estimated,2393,199.33333333333337,0.6094423741188364
ergo_nonadaptive,estimated,2394,199.41666666666663,0.6110986454743736
ergo_nonadaptive,estimated,2395,199.5,0.6136808492531856
ergo_nonadaptive,estimated,2396,199.58333333333337,0.6137075807896605
ergo_nonadaptive,estimated,2397,199.66666666666663,0.6140588111385877
ergo_nonadaptive,estimated,2398,199.75,0.6134260582254453
ergo_nonadaptive,estimated,2399,199.83333333333337,0.6141792707421959
ergo_nonadaptive,estimated,2400,199.91666666666663,0.6145433990330104
ergo_nonadaptive,estimated,2401,200.0,0.6163950515683239
ergo_nonadaptive,estimated,2402,200.08333333333337,0.6195308751146701
ergo_nonadaptive,estimated,2403,200.16666666666663,0.6194859688982016
ergo_nonadaptive,estimated,2404,200.25,0.6197701874899295
ergo_nonadaptive,estimated,2405,200.33333333333337,0.6206874314282751
ergo_nonadaptive,estimated,2406,200.41666666666663,0.6234548100553434
ergo_nonadaptive,estimated,2407,200.5,0.6218317595596854
ergo_nonadaptive,estimated,2408,200.58333333333337,0.6230552438988082
ergo_nonadaptive,estimated,2409,200.66666666666663,0.6225083053172229
ergo_nonadaptive,estimated,2410,200.75,0.6230494140577497
ergo_nonadaptive,estimated,2411,200.83333333333337,0.6225431954201052
ergo_nonadaptive,estimated,2412,200.91666666666663,0.6238972854761426
ergo_nonadaptive,estimated,2413,201.0,0.6241019134022203
ergo_nonadaptive,estimated,2414,201.08333333333337,0.6240846342015469
ergo_nonadaptive,estimated,2415,201.16666666666663,0.6238166148573281
ergo_nonadaptive,estimated,2416,201.25,0.6237941386037105
ergo_nonadaptive,estimated,2417,201.33333333333337,0.625019148108769
ergo_nonadaptive,estimated,2418,201.41666666666663,0.6251860427987846
ergo_nonadaptive,estimated,2419,201.5,0.6253820243860636
ergo_nonadaptive,estimated,2420,201.58333333333337,0.6249080784054308
ergo_nonadaptive,estimated,2421,201.66666666666663,0.6260768083574689
ergo_nonadaptive,estimated,2422,201.75,0.6255048841079908
ergo_nonadaptive,estimated,2423,201.83333333333337,0.6241169502193669
ergo_nonadaptive,estimated,2424,201.91666666666663,0.6233033646164086
ergo_nonadaptive,estimated,2425,202.0,0.622815001681644
ergo_nonadaptive,estimated,2426,202.08333333333337,0.622605651910524
ergo_nonadaptive,estimated,2427,202.16666666666663,0.6209620065830624
ergo_nonadaptive,estimated,2428,202.25,0.6210344078241105
ergo_nonadaptive,estimated,2429,202.33333333333337,0.621416738197246
ergo_nonadaptive,estimated,2430,202.41666666666663,0.6215149420547897
ergo_nonadaptive,estimated,2431,202.5,0.6224731391320416
ergo_nonadaptive,estimated,2432,202.58333333333337,0.6227438455594743
ergo_nonadaptive,estimated,2433,202.66666666666663,0.622359630975367
ergo_nonadaptive,estimated,2434,202.75,0.6210713464150043
ergo_nonadaptive,estimated,2435,202.83333333333337,0.6212100967549804
ergo_nonadaptive,estimated,2436,202.91666666666663,0.6201756193303322
ergo_nonadaptive,estimated,2437,203.0,0.6201280100928913
ergo_nonadaptive,estimated,2438,203.08333333333337,0.6206309766294895
ergo_nonadaptive,estimated,2439,203.16666666666663,0.6208165320604347
ergo_nonadaptive,estimated,2440,203.25,0.6196862936784207
ergo_nonadaptive,estimated,2441,203.33333333333337,0.6189916518791588
ergo_nonadaptive,estimated,2442,203.41666666666663,0.6190973364864679
ergo_nonadaptive,estimated,2443,203.5,0.6188578371394603
ergo_nonadaptive,estimated,2444,203.58333333333337,0.6178401450473432
ergo_nonadaptive,estimated,2445,203.66666666666663,0.6181110193088032
ergo_nonadaptive,estimated,2446,203.75,0.6183027006769618
ergo_nonadaptive,estimated,2447,203.83333333333337,0.619662877206865
ergo_nonadaptive,estimated,2448,203.91666666666663,0.6201710510381109
ergo_nonadaptive,estimated,2449,204.0,0.6198285714852244
ergo_nonadaptive,estimated,2450,204.08333333333337,0.6204863058852484
ergo_nonadaptive,estimated,2451,204.16666666666663,0.6203415240190628
ergo_nonadaptive,estimated,2452,204.25,0.6213230370571416
ergo_nonadaptive,estimated,2453,204.33333333333337,0.6214210292380943
ergo_nonadaptive,estimated,2454,204.41666666666663,0.6217924068848828
ergo_nonadaptive,estimated,2455,204.5,0.6206199200891808
ergo_nonadaptive,estimated,2456,204.58333333333337,0.6200225308565589
ergo_nonadaptive,estimated,2457,204.66666666666663,0.6190544949603735
ergo_nonadaptive,estimated,2458,204.75,0.6180682320393724
ergo_nonadaptive,estimated,2459,204.83333333333337,0.6191874931506516
ergo_nonadaptive,estimated,2460,204.91666666666663,0.6187848309846946
ergo_nonadaptive,estimated,2461,205.0,0.617857987080713
ergo_nonadaptive,estimated,2462,205.08333333333337,0.6189879833404079
ergo_nonadaptive,estimated,2463,205.16666666666663,0.6178853989920307
ergo_nonadaptive,estimated,2464,205.25,0.6152181245927109
ergo_nonadaptive,estimated,2465,205.33333333333337,0.6178263311836375
ergo_nonadaptive,estimated,2466,205.41666666666663,0.6174186048014295
ergo_nonadaptive,estimated,2467,205.5,0.6186091311750295
ergo_nonadaptive,estimated,2468,205.58333333333337,0.6167194765220823
ergo_nonadaptive,estimated,2469,205.66666666666663,0.6189179567069701
ergo_nonadaptive,estimated,2470,205.75,0.6182560387305255
ergo_nonadaptive,estimated,2471,205.83333333333337,0.6185486001535212
ergo_nonadaptive,estimated,2472,205.91666666666663,0.6173824833260393
ergo_nonadaptive,estimated,2473,206.0,0.6176850100495948
ergo_nonadaptive,estimated,2474,206.08333333333337,0.6186397820363023
ergo_nonadaptive,estimated,2475,206.16666666666663,0.6192057815961858
ergo_nonadaptive,estimated,2476,206.25,0.6199869705817929
ergo_nonadaptive,estimated,2477,206.33333333333337,0.6192513187240545
ergo_nonadaptive,estimated,2478,206.41666666666663,0.6170044425818618
ergo_nonadaptive,estimated,2479,206.5,0.6157470722438146
ergo_nonadaptive,estimated,2480,206.58333333333337,0.6169002347738368
ergo_nonadaptive,estimated,2481,206.66666666666663,0.6175976994044217
ergo_nonadaptive,estimated,2482,206.75,0.6153840168095064
ergo_nonadaptive,estimated,2483,206.83333333333337,0.6173282993919391
ergo_nonadaptive,estimated,2484,206.91666666666663,0.6175096085162377
ergo_nonadaptive,estimated,2485,207.0,0.6183553494742265
ergo_nonadaptive,estimated,2486,207.08333333333337,0.6202476485913703
ergo_nonadaptive,estimated,2487,207.16666666666663,0.6192997252716469
ergo_nonadaptive,estimated,2488,207.25,0.6201042863941418
ergo_nonadaptive,estimated,2489,207.33333333333337,0.6205396451998503
ergo_nonadaptive,estimated,2490,207.41666666666663,0.619636015737183
ergo_nonadaptive,estimated,2491,207.5,0.6213391628131533
ergo_nonadaptive,estimated,2492,207.58333333333337,0.6216589161608695
ergo_nonadaptive,estimated,2493,207.66666666666663,0.6218710530421595
ergo_nonadaptive,estimated,2494,207.75,0.6222106835795327
ergo_nonadaptive,estimated,2495,207.83333333333337,0.6209632240245356
ergo_nonadaptive,estimated,2496,207.91666666666663,0.6207008079366015
ergo_nonadaptive,estimated,2497,208.0,0.6211370484012674
ergo_nonadaptive,estimated,2498,208.08333333333337,0.6244382103236805
ergo_nonadaptive,estimated,2499,208.16666666666663,0.6236772639534678
ergo_nonadaptive,estimated,2500,208.25,0.6242355268235762
ergo_nonadaptive,estimated,2501,208.33333333333337,0.6248662098011708
ergo_nonadaptive,estimated,2502,208.41666666666663,0.6263888220778533
ergo_nonadaptive,estimated,2503,208.5,0.6257179818108739
ergo_nonadaptive,estimated,2504,208.58333333333337,0.6272846835265872
ergo_nonadaptive,estimated,2505,208.66666666666663,0.6270631294345489
ergo_nonadaptive,estimated,2506,208.75,0.627299168687977
ergo_nonadaptive,estimated,2507,208.83333333333337,0.6267042371586272
ergo_nonadaptive,estimated,2508,208.91666666666663,0.6267187515178553
ergo_nonadaptive,estimated,2509,209.0,0.6270771112923387
ergo_nonadaptive,estimated,2510,209.08333333333337,0.6255166753674171
ergo_nonadaptive,estimated,2511,209.16666666666663,0.6267288653177289
ergo_nonadaptive,estimated,2512,209.25,0.6278437496336833
ergo_nonadaptive,estimated,2513,209.33333333333337,0.6297946053928973
ergo_nonadaptive,estimated,2514,209.41666666666663,0.6287908452115836
ergo_nonadaptive,estimated,2515,209.5,0.6298807404000604
ergo_nonadaptive,estimated,2516,209.58333333333337,0.6300631698020238
ergo_nonadaptive,estimated,2517,209.66666666666663,0.6298676459579137
ergo_nonadaptive,estimated,2518,209.75,0.6293973190171304
ergo_nonadaptive,estimated,2519,209.83333333333337,0.6310361719387396
ergo_nonadaptive,estimated,2520,209.91666666666663,0.6307565267574022
ergo_nonadaptive,estimated,2521,210.0,0.6313351358476451
ergo_nonadaptive,estimated,2522,210.08333333333337,0.6313431854348599
ergo_nonadaptive,estimated,2523,210.16666666666663,0.63142344604419
ergo_nonadaptive,estimated,2524,210.25,0.6319231747084441
ergo_nonadaptive,estimated,2525,210.33333333333337,0.6328289219736004
ergo_nonadaptive,estimated,2526,210.41666666666663,0.6314462159195414
ergo_nonadaptive,estimated,2527,210.5,0.6314155361514294
ergo_nonadaptive,estimated,2528,210.58333333333337,0.6325539950077206
ergo_nonadaptive,estimated,2529,210.66666666666663,0.6336866980457716
ergo_nonadaptive,estimated,2530,210.75,0.6338267347156182
ergo_nonadaptive,estimated,2531,210.83333333333337,0.6340053077289417
ergo_nonadaptive,estimated,2532,210.91666666666663,0.6336166454331891
ergo_nonadaptive,estimated,2533,211.0,0.633841959379601
ergo_nonadaptive,estimated,2534,211.08333333333337,0.6338734156881988
ergo_nonadaptive,estimated,2535,211.16666666666663,0.6337127286831852
ergo_nonadaptive,estimated,2536,211.25,0.6336137593110115
ergo_nonadaptive,estimated,2537,211.33333333333337,0.6335581833112522
ergo_nonadaptive,estimated,2538,211.41666666666663,0.6342978107377063
ergo_nonadaptive,estimated,2539,211.5,0.6332149298467326
ergo_nonadaptive,estimated,2540,211.58333333333337,0.632003287176384
ergo_nonadaptive,estimated,2541,211.66666666666663,0.6304739528483277
ergo_nonadaptive,estimated,2542,211.75,0.6304604713212748
ergo_nonadaptive,estimated,2543,211.83333333333337,0.6296580164537929
ergo_nonadaptive,estimated,2544,211.91666666666663,0.6311053982206616
ergo_nonadaptive,estimated,2545,212.0,0.6308481646628221
ergo_nonadaptive,estimated,2546,212.08333333333337,0.6304341653112993
ergo_nonadaptive,estimated,2547,212.16666666666663,0.6303291062534178
ergo_nonadaptive,estimated,2548,212.25,0.6299507526753344
ergo_nonadaptive,estimated,2549,212.33333333333337,0.6272499682585961
ergo_nonadaptive,estimated,2550,212.41666666666663,0.6276347207066852
ergo_nonadaptive,estimated,2551,212.5,0.6237736372397443
ergo_nonadaptive,estimated,2552,212.58333333333337,0.6240816862703397
ergo_nonadaptive,estimated,2553,212.66666666666663,0.6205375368192898
ergo_nonadaptive,estimated,2554,212.75,0.6179531989503697
ergo_nonadaptive,estimated,2555,212.83333333333337,0.6185648182268147
ergo_nonadaptive,estimated,2556,212.91666666666663,0.617522799129283
ergo_nonadaptive,estimated,2557,213.0,0.6166235136597908
ergo_nonadaptive,estimated,2558,213.08333333333337,0.6141987765162104
ergo_nonadaptive,estimated,2559,213.16666666666663,0.6148824847520391
ergo_nonadaptive,estimated,2560,213.25,0.6140101652141894
ergo_nonadaptive,estimated,2561,213.33333333333337,0.611080005922694
ergo_nonadaptive,estimated,2562,213.41666666666663,0.6112448312964177
ergo_nonadaptive,estimated,2563,213.5,0.6054203063768371
ergo_nonadaptive,estimated,2564,213.58333333333337,0.605918645736064
ergo_nonadaptive,estimated,2565,213.66666666666663,0.6058461421089613
ergo_nonadaptive,estimated,2566,213.75,0.6067781945399958
ergo_nonadaptive,estimated,2567,213.83333333333337,0.6030124542608742
ergo_nonadaptive,estimated,2568,213.91666666666663,0.5982120831137742
ergo_nonadaptive,estimated,2569,214.0,0.5957567946411166
ergo_nonadaptive,estimated,2570,214.08333333333337,0.5959454081919001
ergo_nonadaptive,estimated,2571,214.16666666666663,0.5928025431042454
ergo_nonadaptive,estimated,2572,214.25,0.5937726611219979
ergo_nonadaptive,estimated,2573,214.33333333333337,0.594116922538872
ergo_nonadaptive,estimated,2574,214.41666666666663,0.5999130006313604
ergo_nonadaptive,estimated,2575,214.5,0.6007387989201727
ergo_nonadaptive,estimated,2576,214.58333333333337,0.5995131333508822
ergo_nonadaptive,estimated,2577,214.66666666666663,0.6026992497905753
ergo_nonadaptive,estimated,2578,214.75,0.6024530349672718
ergo_nonadaptive,estimated,2579,214.83333333333337,0.6004514751809483
ergo_nonadaptive,estimated,2580,214.91666666666663,0.6069257996253499
ergo_nonadaptive,estimated,2581,215.0,0.6048942828810924
ergo_nonadaptive,estimated,2582,215.08333333333337,0.6062271302339023
ergo_nonadaptive,estimated,2583,215.16666666666663,0.6084368233552779
ergo_nonadaptive,estimated,2584,215.25,0.6088611541344141
ergo_nonadaptive,estimated,2585,215.33333333333337,0.6130543084235666
ergo_nonadaptive,estimated,2586,215.41666666666663,0.6142333733988566
ergo_nonadaptive,estimated,2587,215.5,0.6163231250012324
ergo_nonadaptive,estimated,2588,215.58333333333337,0.6165787403661576
ergo_nonadaptive,estimated,2589,215.66666666666663,0.6166891181908277
ergo_nonadaptive,estimated,2590,215.75,0.6178872947837084
ergo_nonadaptive,estimated,2591,215.83333333333337,0.6181913583775485
ergo_nonadaptive,estimated,2592,215.91666666666663,0.6192184406174032
ergo_nonadaptive,estimated,2593,216.0,0.6211794448282413
ergo_nonadaptive,estimated,2594,216.08333333333337,0.6230423582177176
ergo_nonadaptive,estimated,2595,216.16666666666663,0.6237016640200641
ergo_nonadaptive,estimated,2596,216.25,0.6232563733457571
ergo_nonadaptive,estimated,2597,216.33333333333337,0.6231216601804631
ergo_nonadaptive,estimated,2598,216.41666666666663,0.6249607897190773
ergo_nonadaptive,estimated,2599,216.5,0.6263220989889436
ergo_nonadaptive,estimated,2600,216.58333333333337,0.6271630504202594
ergo_nonadaptive,estimated,2601,216.66666666666663,0.6276793008367215
ergo_nonadaptive,estimated,2602,216.75,0.6271850513797617
ergo_nonadaptive,estimated,2603,216.83333333333337,0.626586217592391
ergo_nonadaptive,estimated,2604,216.91666666666663,0.6265882204963019
ergo_nonadaptive,estimated,2605,217.0,0.6270285784266675
ergo_nonadaptive,estimated,2606,217.08333333333337,0.6270901214394609
ergo_nonadaptive,estimated,2607,217.16666666666663,0.6278675182476606
ergo_nonadaptive,estimated,2608,217.25,0.6280955776931461
ergo_nonadaptive,estimated,2609,217.33333333333337,0.6297196400009636
ergo_nonadaptive,estimated,2610,217.41666666666663,0.630845336831832
ergo_nonadaptive,estimated,2611,217.5,0.6302473452120281
ergo_nonadaptive,estimated,2612,217.58333333333337,0.6295794613209084
ergo_nonadaptive,estimated,2613,217.66666666666663,0.6296532590768047
ergo_nonadaptive,estimated,2614,217.75,0.6301971451832871
ergo_nonadaptive,estimated,2615,217.83333333333337,0.6308837509776529
ergo_nonadaptive,estimated,2616,217.91666666666663,0.6307349553867894
ergo_nonadaptive,estimated,2617,218.0,0.6317608171874842
ergo_nonadaptive,estimated,2618,218.08333333333337,0.63123841704877
ergo_nonadaptive,estimated,2619,218.16666666666663,0.6314816764227967
ergo_nonadaptive,estimated,2620,218.25,0.6312558974205508
ergo_nonadaptive,estimated,2621,218.33333333333337,0.6311465832812236
ergo_nonadaptive,estimated,2622,218.41666666666663,0.6312819601251581
ergo_nonadaptive,estimated,2623,218.5,0.6317907056713324
ergo_nonadaptive,estimated,2624,218.58333333333337,0.632609491407683
ergo_nonadaptive,estimated,2625,218.66666666666663,0.6321964800293728
ergo_nonadaptive,estimated,2626,218.75,0.631523932063366
ergo_nonadaptive,estimated,2627,218.83333333333337,0.6326478455322636
ergo_nonadaptive,estimated,2628,218.91666666666663,0.6318344967515748
ergo_nonadaptive,estimated,2629,219.0,0.6322814809033667
ergo_nonadaptive,estimated,2630,219.08333333333337,0.6318077691888593
ergo_nonadaptive,estimated,2631,219.16666666666663,0.6316826936688026
ergo_nonadaptive,estimated,2632,219.25,0.6316120516170899
ergo_nonadaptive,estimated,2633,219.33333333333337,0.6319785393695061
ergo_nonadaptive,estimated,2634,219.41666666666663,0.6321074872388451
ergo_nonadaptive,estimated,2635,219.5,0.6320610693767124
ergo_nonadaptive,estimated,2636,219.58333333333337,0.632412223616718
ergo_nonadaptive,estimated,2637,219.66666666666663,0.6323410126448502
ergo_nonadaptive,estimated,2638,219.75,0.631245064239063
ergo_nonadaptive,estimated,2639,219.83333333333337,0.6318864364041252
ergo_nonadaptive,estimated,2640,219.91666666666663,0.6319973809289633
ergo_nonadaptive,estimated,2641,220.0,0.6317335455197026
ergo_nonadaptive,estimated,2642,220.08333333333337,0.6309271779164864
ergo_nonadaptive,estimated,2643,220.16666666666663,0.6283989505242314
ergo_nonadaptive,estimated,2644,220.25,0.626711792321923
ergo_nonadaptive,estimated,2645,220.33333333333337,0.6272256836548767
ergo_nonadaptive,estimated,2646,220.41666666666663,0.6276730403725609
ergo_nonadaptive,estimated,2647,220.5,0.6303580931512461
ergo_nonadaptive,estimated,2648,220.58333333333337,0.6299256736280784
ergo_nonadaptive,estimated,2649,220.66666666666663,0.6296084440432892
ergo_nonadaptive,estimated,2650,220.75,0.6299580393353146
ergo_nonadaptive,estimated,2651,220.83333333333337,0.6306445953300996
ergo_nonadaptive,estimated,2652,220.91666666666663,0.6305562899552971
ergo_nonadaptive,estimated,2653,221.0,0.6275509655447674
ergo_nonadaptive,estimated,2654,221.08333333333337,0.6279043815735266
ergo_nonadaptive,estimated,2655,221.16666666666663,0.62755468930366
ergo_nonadaptive,estimated,2656,221.25,0.6262512156376498
ergo_nonadaptive,estimated,2657,221.33333333333337,0.6270374056045271
ergo_nonadaptive,estimated,2658,221.41666666666663,0.625651459421575
ergo_nonadaptive,estimated,2659,221.5,0.6230433556243361
ergo_nonadaptive,estimated,2660,221.58333333333337,0.6204181637095877
ergo_nonadaptive,estimated,2661,221.66666666666663,0.6193889320992737
ergo_nonadaptive,estimated,2662,221.75,0.6190193592156619
ergo_nonadaptive,estimated,2663,221.83333333333337,0.6183533051302295
ergo_nonadaptive,estimated,2664,221.91666666666663,0.6135302256215078
ergo_nonadaptive,estimated,2665,222.0,0.6119509182636986
ergo_nonadaptive,estimated,2666,222.08333333333337,0.6098362327762935
ergo_nonadaptive,estimated,2667,222.16666666666663,0.6111076731126966
ergo_nonadaptive,estimated,2668,222.25,0.6101370250418553
ergo_nonadaptive,estimated,2669,222.33333333333337,0.6069904194221496
ergo_nonadaptive,estimated,2670,222.41666666666663,0.6039874830183534
ergo_nonadaptive,estimated,2671,222.5,0.6093592959450526
ergo_nonadaptive,estimated,2672,222.58333333333337,0.6088899973116583
ergo_nonadaptive,estimated,2673,222.66666666666663,0.6108270644831297
ergo_nonadaptive,estimated,2674,222.75,0.60923358108536
ergo_nonadaptive,estimated,2675,222.83333333333337,0.6079583730466712
ergo_nonadaptive,estimated,2676,222.91666666666663,0.6065929941481901
ergo_nonadaptive,estimated,2677,223.0,0.6032810083342339
ergo_nonadaptive,estimated,2678,223.08333333333337,0.6047805596967681
ergo_nonadaptive,estimated,2679,223.16666666666663,0.6034692675664525
ergo_nonadaptive,estimated,2680,223.25,0.6004617376743174
ergo_nonadaptive,estimated,2681,223.33333333333337,0.6011900370687738
ergo_nonadaptive,estimated,2682,223.41666666666663,0.6017140652630488
ergo_nonadaptive,estimated,2683,223.5,0.5979362726444489
ergo_nonadaptive,estimated,2684,223.58333333333337,0.5970820253226191
ergo_nonadaptive,estimated,2685,223.66666666666663,0.5975112731239595
ergo_nonadaptive,estimated,2686,223.75,0.5942168934240817
ergo_nonadaptive,estimated,2687,223.83333333333337,0.5947020913913886
ergo_nonadaptive,estimated,2688,223.91666666666663,0.5981844658331281
ergo_nonadaptive,estimated,2689,224.0,0.59832722474814
ergo_nonadaptive,estimated,2690,224.08333333333337,0.5992843387092406
ergo_nonadaptive,estimated,2691,224.16666666666663,0.5997784745534935
ergo_nonadaptive,estimated,2692,224.25,0.5974081406163264
ergo_nonadaptive,estimated,2693,224.33333333333337,0.5988367540515235
ergo_nonadaptive,estimated,2694,224.41666666666663,0.6026444117439045
ergo_nonadaptive,estimated,2695,224.5,0.6027464033138443
ergo_nonadaptive,estimated,2696,224.58333333333337,0.6032915279375834
ergo_nonadaptive,estimated,2697,224.66666666666663,0.60315468952817
ergo_nonadaptive,estimated,2698,224.75,0.6064120560942375
ergo_nonadaptive,estimated,2699,224.83333333333337,0.6069944910344194
ergo_nonadaptive,estimated,2700,224.91666666666663,0.6067995737670594
ergo_nonadaptive,estimated,2701,225.0,0.6081241882582487
ergo_nonadaptive,estimated,2702,225.08333333333337,0.6091285858927964
ergo_nonadaptive,estimated,2703,225.16666666666663,0.6096462564319333
ergo_nonadaptive,estimated,2704,225.25,0.6108161948810233
ergo_nonadaptive,estimated,2705,225.33333333333337,0.6117902561801427
ergo_nonadaptive,estimated,2706,225.41666666666663,0.6134213872264863
ergo_nonadaptive,estimated,2707,225.5,0.6149770433226793
ergo_nonadaptive,estimated,2708,225.58333333333337,0.6156469687628614
ergo_nonadaptive,estimated,2709,225.66666666666663,0.6172991929492754
ergo_nonadaptive,estimated,2710,225.75,0.6180029735492656
ergo_nonadaptive,estimated,2711,225.83333333333337,0.6176917350148777
ergo_nonadaptive,estimated,2712,225.91666666666663,0.6174247466647598
ergo_nonadaptive,estimated,2713,226.0,0.6178920427181726
ergo_nonadaptive,estimated,2714,226.08333333333337,0.6182526460456902
ergo_nonadaptive,estimated,2715,226.16666666666663,0.617001365438307
ergo_nonadaptive,estimated,2716,226.25,0.6163571091789408
ergo_nonadaptive,estimated,2717,226.33333333333337,0.6165926855920515
ergo_nonadaptive,estimated,2718,226.41666666666663,0.6181463845399999
ergo_nonadaptive,estimated,2719,226.5,0.6202513021078011
ergo_nonadaptive,estimated,2720,226.58333333333337,0.6209028696127844
ergo_nonadaptive,estimated,2721,226.66666666666663,0.6211326316080296
ergo_nonadaptive,estimated,2722,226.75,0.6209527485736789
ergo_nonadaptive,estimated,2723,226.83333333333337,0.6210370550278438
ergo_nonadaptive,estimated,2724,226.91666666666663,0.6212478922953
ergo_nonadaptive,estimated,2725,227.0,0.621818544441176
ergo_nonadaptive,estimated,2726,227.08333333333337,0.6223571902979794
ergo_nonadaptive,estimated,2727,227.16666666666663,0.6222309265852601
ergo_nonadaptive,estimated,2728,227.25,0.62247599260411
ergo_nonadaptive,estimated,2729,227.33333333333337,0.6216678600888546
ergo_nonadaptive,estimated,2730,227.41666666666663,0.6218201140189138
ergo_nonadaptive,estimated,2731,227.5,0.6222545335110524
ergo_nonadaptive,estimated,2732,227.58333333333337,0.6215587472940562
ergo_nonadaptive,estimated,2733,227.66666666666663,0.6208998224780014
ergo_nonadaptive,estimated,2734,227.75,0.6212046234764238
ergo_nonadaptive,estimated,2735,227.83333333333337,0.6206783114638554
ergo_nonadaptive,estimated,2736,227.91666666666663,0.6200503239830794
ergo_nonadaptive,estimated,2737,228.0,0.6207046046063345
ergo_nonadaptive,estimated,2738,228.08333333333337,0.6196897497084536
ergo_nonadaptive,estimated,2739,228.16666666666663,0.6195489561163069
ergo_nonadaptive,estimated,2740,228.25,0.6193119118552443
ergo_nonadaptive,estimated,2741,228.33333333333337,0.6186488433611013
ergo_nonadaptive,estimated,2742,228.41666666666663,0.6194673822234015
ergo_nonadaptive,estimated,2743,228.5,0.6198938136338223
ergo_nonadaptive,estimated,2744,228.58333333333337,0.620022246410716
ergo_nonadaptive,estimated,2745,228.66666666666663,0.619102145659013
ergo_nonadaptive,estimated,2746,228.75,0.6190378576262227
ergo_nonadaptive,estimated,2747,228.83333333333337,0.6181519533101573
ergo_nonadaptive,estimated,2748,228.91666666666663,0.6177738402606306
ergo_nonadaptive,estimated,2749,229.0,0.6201850687120527
ergo_nonadaptive,estimated,2750,229.08333333333337,0.6202485696052632
ergo_nonadaptive,estimated,2751,229.16666666666663,0.619886064016899
ergo_nonadaptive,estimated,2752,229.25,0.6202931636896297
ergo_nonadaptive,estimated,2753,229.33333333333337,0.6210644977390558
ergo_nonadaptive,estimated,2754,229.41666666666663,0.620480554897739
ergo_nonadaptive,estimated,2755,229.5,0.6200431214479708
ergo_nonadaptive,estimated,2756,229.58333333333337,0.6202222343859093
ergo_nonadaptive,estimated,2757,229.66666666666663,0.6206105328649387
ergo_nonadaptive,estimated,2758,229.75,0.6212076904047111
ergo_nonadaptive,estimated,2759,229.83333333333337,0.6214675148094561
ergo_nonadaptive,estimated,2760,229.91666666666663,0.6218332191030473
ergo_nonadaptive,estimated,2761,230.0,0.6204343891347089
ergo_nonadaptive,estimated,2762,230.08333333333337,0.6190603783744256
ergo_nonadaptive,estimated,2763,230.16666666666663,0.6196342992692748
ergo_nonadaptive,estimated,2764,230.25,0.6178117170719946
ergo_nonadaptive,estimated,2765,230.33333333333337,0.6174650179030768
ergo_nonadaptive,estimated,2766,230.41666666666663,0.6176539676885989
ergo_nonadaptive,estimated,2767,230.5,0.6184386577170427
ergo_nonadaptive,estimated,2768,230.58333333333337,0.6185840687210977
ergo_nonadaptive,estimated,2769,230.66666666666663,0.6168866368112074
ergo_nonadaptive,estimated,2770,230.75,0.6143983679164142
ergo_nonadaptive,estimated,2771,230.83333333333337,0.6160035714895108
ergo_nonadaptive,estimated,2772,230.91666666666663,0.6158779223398754
ergo_nonadaptive,estimated,2773,231.0,0.6162818275064834
ergo_nonadaptive,estimated,2774,231.08333333333337,0.616137723087102
ergo_nonadaptive,estimated,2775,231.16666666666663,0.6148618459679368
ergo_nonadaptive,estimated,2776,231.25,0.6145689642280056
ergo_nonadaptive,estimated,2777,231.33333333333337,0.6148524054736729
ergo_nonadaptive,estimated,2778,231.41666666666663,0.6163888087890376
ergo_nonadaptive,estimated,2779,231.5,0.6168528005222818
ergo_nonadaptive,estimated,2780,231.58333333333337,0.6162730187862286
ergo_nonadaptive,estimated,2781,231.66666666666663,0.6177699256905919
ergo_nonadaptive,estimated,2782,231.75,0.6183065384705182
ergo_nonadaptive,estimated,2783,231.83333333333337,0.6192496385074752
ergo_nonadaptive,estimated,2784,231.91666666666663,0.618917588683869
ergo_nonadaptive,estimated,2785,232.0,0.6190613932884628
ergo_nonadaptive,estimated,2786,232.08333333333337,0.6191978456735598
ergo_nonadaptive,estimated,2787,232.16666666666663,0.619553654874271
ergo_nonadaptive,estimated,2788,232.25,0.6197983749113367
ergo_nonadaptive,estimated,2789,232.33333333333337,0.6201522728862855
ergo_nonadaptive,estimated,2790,232.41666666666663,0.6208917054724052
ergo_nonadaptive,estimated,2791,232.5,0.6210312483331755
ergo_nonadaptive,estimated,2792,232.58333333333337,0.6208968407099139
ergo_nonadaptive,estimated,2793,232.66666666666663,0.6205786464924352
ergo_nonadaptive,estimated,2794,232.75,0.6204794410140274
ergo_nonadaptive,estimated,2795,232.83333333333337,0.6212415962480818
ergo_nonadaptive,estimated,2796,232.91666666666663,0.6217384633584089
ergo_nonadaptive,estimated,2797,233.0,0.6209251125248135
ergo_nonadaptive,estimated,2798,233.08333333333337,0.620620288119239
ergo_nonadaptive,estimated,2799,233.16666666666663,0.6207325636822847
ergo_nonadaptive,estimated,2800,233.25,0.6208295280364606
ergo_nonadaptive,estimated,2801,233.33333333333337,0.6204588657164952
ergo_nonadaptive,estimated,2802,233.41666666666663,0.6195934605097725
ergo_nonadaptive,estimated,2803,233.5,0.6208961662328657
ergo_nonadaptive,estimated,2804,233.58333333333337,0.6203150543012621
ergo_nonadaptive,estimated,2805,233.66666666666663,0.6212390074203884
ergo_nonadaptive,estimated,2806,233.75,0.6212939130136709
ergo_nonadaptive,estimated,2807,233.83333333333337,0.6216187624391394
ergo_nonadaptive,estimated,2808,233.91666666666663,0.6216843680318188
ergo_nonadaptive,estimated,2809,234.0,0.6216342515453857
ergo_nonadaptive,estimated,2810,234.08333333333337,0.6216036759054911
ergo_nonadaptive,estimated,2811,234.16666666666663,0.6234307936603457
ergo_nonadaptive,estimated,2812,234.25,0.6230969781726812
ergo_nonadaptive,estimated,2813,234.33333333333337,0.6231143014792279
ergo_nonadaptive,estimated,2814,234.41666666666663,0.6225084440505605
ergo_nonadaptive,estimated,2815,234.5,0.6215241410510096
ergo_nonadaptive,estimated,2816,234.58333333333337,0.6219455089084275
ergo_nonadaptive,estimated,2817,234.66666666666663,0.6214992423525214
ergo_nonadaptive,estimated,2818,234.75,0.6215952554901593
ergo_nonadaptive,estimated,2819,234.83333333333337,0.6233889183525295
ergo_nonadaptive,estimated,2820,234.91666666666663,0.6241512939409156
ergo_nonadaptive,estimated,2821,235.0,0.6238831611794848
ergo_nonadaptive,estimated,2822,235.08333333333337,0.6246425010289279
ergo_nonadaptive,estimated,2823,235.16666666666663,0.6257029462112192
ergo_nonadaptive,estimated,2824,235.25,0.6261907560625751
ergo_nonadaptive,estimated,2825,235.33333333333337,0.6265137810051883
ergo_nonadaptive,estimated,2826,235.41666666666663,0.6276381637655417
ergo_nonadaptive,estimated,2827,235.5,0.6286365876008159
ergo_nonadaptive,estimated,2828,235.58333333333337,0.629161446619595
ergo_nonadaptive,estimated,2829,235.66666666666663,0.6300614774445435
ergo_nonadaptive,estimated,2830,235.75,0.6291080104677906
ergo_nonadaptive,estimated,2831,235.83333333333337,0.6290375219691112
ergo_nonadaptive,estimated,2832,235.91666666666663,0.6291077468788202
ergo_nonadaptive,estimated,2833,236.0,0.6297933567998008
ergo_nonadaptive,estimated,2834,236.08333333333337,0.6311018503883661
ergo_nonadaptive,estimated,2835,236.16666666666663,0.6303539447147577
ergo_nonadaptive,estimated,2836,236.25,0.630520307868514
ergo_nonadaptive,estimated,2837,236.33333333333337,0.6319437074409773
ergo_nonadaptive,estimated,2838,236.41666666666663,0.6326685027291442
ergo_nonadaptive,estimated,2839,236.5,0.6320895134013504
ergo_nonadaptive,estimated,2840,236.58333333333337,0.6315516722417744
ergo_nonadaptive,estimated,2841,236.66666666666663,0.6326271237963703
ergo_nonadaptive,estimated,2842,236.75,0.6331663624779438
ergo_nonadaptive,estimated,2843,236.83333333333337,0.6328981086723025
ergo_nonadaptive,estimated,2844,236.91666666666663,0.6332338425248594
ergo_nonadaptive,estimated,2845,237.0,0.633145409972074
ergo_nonadaptive,estimated,2846,237.08333333333337,0.6332300657194044
ergo_nonadaptive,estimated,2847,237.16666666666663,0.633648182964499
ergo_nonadaptive,estimated,2848,237.25,0.6334270466031534
ergo_nonadaptive,estimated,2849,237.33333333333337,0.6344161982011604
ergo_nonadaptive,estimated,2850,237.41666666666663,0.6339895155907493
ergo_nonadaptive,estimated,2851,237.5,0.6349654572635494
ergo_nonadaptive,estimated,2852,237.58333333333337,0.6341372023112722
ergo_nonadaptive,estimated,2853,237.66666666666663,0.6341025769361767
ergo_nonadaptive,estimated,2854,237.75,0.6336334629393485
ergo_nonadaptive,estimated,2855,237.83333333333337,0.6327731625337326
ergo_nonadaptive,estimated,2856,237.91666666666663,0.6331595539753196
ergo_nonadaptive,estimated,2857,238.0,0.6333908765394549
ergo_nonadaptive,estimated,2858,238.08333333333337,0.6321350549022006
ergo_nonadaptive,estimated,2859,238.16666666666663,0.6315348068938291
ergo_nonadaptive,estimated,2860,238.25,0.630992072207072
ergo_nonadaptive,estimated,2861,238.33333333333337,0.6310024300847883
ergo_nonadaptive,estimated,2862,238.41666666666663,0.6299395305522983
ergo_nonadaptive,estimated,2863,238.5,0.6277383315510815
ergo_nonadaptive,estimated,2864,238.58333333333337,0.6268291449107954
ergo_nonadaptive,estimated,2865,238.66666666666663,0.6279267339630282
ergo_nonadaptive,estimated,2866,238.75,0.6236745277454006
ergo_nonadaptive,estimated,2867,238.83333333333337,0.6243876765065792
ergo_nonadaptive,estimated,2868,238.91666666666663,0.6238548346890294
ergo_nonadaptive,estimated,2869,239.0,0.6236247308225081
ergo_nonadaptive,estimated,2870,239.08333333333337,0.6224028226856658
ergo_nonadaptive,estimated,2871,239.16666666666663,0.6206187932075626
ergo_nonadaptive,estimated,2872,239.25,0.6184267355184848
ergo_nonadaptive,estimated,2873,239.33333333333337,0.6203670604882983
ergo_nonadaptive,estimated,2874,239.41666666666663,0.6216975187037576
ergo_nonadaptive,estimated,2875,239.5,0.6213807619647969
ergo_nonadaptive,estimated,2876,239.58333333333337,0.6208865614492262
ergo_nonadaptive,estimated,2877,239.66666666666663,0.6167929338281725
ergo_nonadaptive,estimated,2878,239.75,0.610468311277986
ergo_nonadaptive,estimated,2879,239.83333333333337,0.6096604104384552
ergo_nonadaptive,estimated,2880,239.91666666666663,0.6107836868297379
ergo_nonadaptive,estimated,2881,240.0,0.6119894507873362
ergo_nonadaptive,estimated,2882,240.08333333333337,0.6101988456023956
ergo_nonadaptive,estimated,2883,240.16666666666663,0.6087869241863479
ergo_nonadaptive,estimated,2884,240.25,0.6053811780629337
ergo_nonadaptive,estimated,2885,240.33333333333337,0.6064457753710145
ergo_nonadaptive,estimated,2886,240.41666666666663,0.6057176824616451
ergo_nonadaptive,estimated,2887,240.5,0.6037708331430139
ergo_nonadaptive,estimated,2888,240.58333333333337,0.6046105632386692
ergo_nonadaptive,estimated,2889,240.66666666666663,0.604411044737217
ergo_nonadaptive,estimated,2890,240.75,0.6035558826957362
ergo_nonadaptive,estimated,2891,240.83333333333337,0.6060756398789663
ergo_nonadaptive,estimated,2892,240.91666666666663,0.6067790642869226
ergo_nonadaptive,estimated,2893,241.0,0.6047160708952086
ergo_nonadaptive,estimated,2894,241.08333333333337,0.6084668260944645
ergo_nonadaptive,estimated,2895,241.16666666666663,0.6120377076863524
ergo_nonadaptive,estimated,2896,241.25,0.6162288204874891
ergo_nonadaptive,estimated,2897,241.33333333333337,0.6152720423999732
ergo_nonadaptive,estimated,2898,241.41666666666663,0.6179633223774179
ergo_nonadaptive,estimated,2899,241.5,0.6189281969503402
ergo_nonadaptive,estimated,2900,241.58333333333337,0.6201166004409204
ergo_nonadaptive,estimated,2901,241.66666666666663,0.6225997855780832
ergo_nonadaptive,estimated,2902,241.75,0.6230404537992028
ergo_nonadaptive,estimated,2903,241.83333333333337,0.6238814979745652
ergo_nonadaptive,estimated,2904,241.91666666666663,0.6254351433256692
ergo_nonadaptive,estimated,2905,242.0,0.6273674384450321
ergo_nonadaptive,estimated,2906,242.08333333333337,0.6266451434251885
ergo_nonadaptive,estimated,2907,242.16666666666663,0.6264908212708243
ergo_nonadaptive,estimated,2908,242.25,0.6270819270803836
ergo_nonadaptive,estimated,2909,242.33333333333337,0.6266106533946468
ergo_nonadaptive,estimated,2910,242.41666666666663,0.6272655575872836
ergo_nonadaptive,estimated,2911,242.5,0.6271929682644009
ergo_nonadaptive,estimated,2912,242.58333333333337,0.6271494563075184
ergo_nonadaptive,estimated,2913,242.66666666666663,0.6285755483318057
ergo_nonadaptive,estimated,2914,242.75,0.6297280113021397
ergo_nonadaptive,estimated,2915,242.83333333333337,0.6296306376965639
ergo_nonadaptive,estimated,2916,242.91666666666663,0.6294120773405609
ergo_nonadaptive,estimated,2917,243.0,0.6303063647022678
ergo_nonadaptive,estimated,2918,243.08333333333337,0.6313900774480251
ergo_nonadaptive,estimated,2919,243.16666666666663,0.632328747281495
ergo_nonadaptive,estimated,2920,243.25,0.6322688059048537
ergo_nonadaptive,estimated,2921,243.33333333333337,0.6332765233793695
ergo_nonadaptive,estimated,2922,243.41666666666663,0.6331650900101606
ergo_nonadaptive,estimated,2923,243.5,0.6332423350212807
ergo_nonadaptive,estimated,2924,243.58333333333337,0.6341319283496147
ergo_nonadaptive,estimated,2925,243.66666666666663,0.6346690524455223
ergo_nonadaptive,estimated,2926,243.75,0.6343967233820035
ergo_nonadaptive,estimated,2927,243.83333333333337,0.6340817890040608
ergo_nonadaptive,estimated,2928,243.91666666666663,0.6339463545101586
ergo_nonadaptive,estimated,2929,244.0,0.6350579535046439
ergo_nonadaptive,estimated,2930,244.08333333333337,0.6353037153704171
ergo_nonadaptive,estimated,2931,244.16666666666663,0.6356095212021298
ergo_nonadaptive,estimated,2932,244.25,0.6353342370363666
ergo_nonadaptive,estimated,2933,244.33333333333337,0.6351724128542899
ergo_nonadaptive,estimated,2934,244.41666666666663,0.6349285606404117
ergo_nonadaptive,estimated,2935,244.5,0.6339789376695381
ergo_nonadaptive,estimated,2936,244.58333333333337,0.633136003130745
ergo_nonadaptive,estimated,2937,244.66666666666663,0.6335879320813258
ergo_nonadaptive,estimated,2938,244.75,0.6346185298621683
ergo_nonadaptive,estimated,2939,244.83333333333337,0.6355670720296656
ergo_nonadaptive,estimated,2940,244.91666666666663,0.6357208053684796
ergo_nonadaptive,estimated,2941,245.0,0.6363873032383289
ergo_nonadaptive,estimated,2942,245.08333333333337,0.6367549408167725
ergo_nonadaptive,estimated,2943,245.16666666666663,0.6367677172528428
ergo_nonadaptive,estimated,2944,245.25,0.6365029238064305
ergo_nonadaptive,estimated,2945,245.33333333333337,0.6355093783529626
ergo_nonadaptive,estimated,2946,245.41666666666663,0.6355563613417242
ergo_nonadaptive,estimated,2947,245.5,0.6363514914310029
ergo_nonadaptive,estimated,2948,245.58333333333337,0.6363225786717502
ergo_nonadaptive,estimated,2949,245.66666666666663,0.635630862195287
ergo_nonadaptive,estimated,2950,245.75,0.6358639789530005
ergo_nonadaptive,estimated,2951,245.83333333333337,0.6360544631938428
ergo_nonadaptive,estimated,2952,245.91666666666663,0.6350271443170021
ergo_nonadaptive,estimated,2953,246.0,0.6357812263213688
ergo_nonadaptive,estimated,2954,246.08333333333337,0.6351416041493472
ergo_nonadaptive,estimated,2955,246.16666666666663,0.6351259492412861
ergo_nonadaptive,estimated,2956,246.25,0.6346308643792918
ergo_nonadaptive,estimated,2957,246.33333333333337,0.6357971729235324
ergo_nonadaptive,estimated,2958,246.41666666666663,0.6357426075564567
ergo_nonadaptive,estimated,2959,246.5,0.6350806984214804
ergo_nonadaptive,estimated,2960,246.58333333333337,0.6357142810361622
ergo_nonadaptive,estimated,2961,246.66666666666663,0.6351204223868291
ergo_nonadaptive,estimated,2962,246.75,0.6343103074326324
ergo_nonadaptive,estimated,2963,246.83333333333337,0.6331414359884059
ergo_nonadaptive,estimated,2964,246.91666666666663,0.6323905683213588
ergo_nonadaptive,estimated,2965,247.0,0.6328048075339603
ergo_nonadaptive,estimated,2966,247.08333333333337,0.6320730856572114
ergo_nonadaptive,estimated,2967,247.16666666666663,0.6305786231437929
ergo_nonadaptive,estimated,2968,247.25,0.6318685474356017
ergo_nonadaptive,estimated,2969,247.33333333333337,0.6306537143440801
ergo_nonadaptive,estimated,2970,247.41666666666663,0.6295759861305777
ergo_nonadaptive,estimated,2971,247.5,0.6290978284759572
ergo_nonadaptive,estimated,2972,247.58333333333337,0.6273611564999342
ergo_nonadaptive,estimated,2973,247.66666666666663,0.6244530763131493
ergo_nonadaptive,estimated,2974,247.75,0.6244926266647749
ergo_nonadaptive,estimated,2975,247.83333333333337,0.625866479140147
ergo_nonadaptive,estimated,2976,247.91666666666663,0.6228674563852096
ergo_nonadaptive,estimated,2977,248.0,0.6237095857368544
ergo_nonadaptive,estimated,2978,248.08333333333337,0.6233523658889287
ergo_nonadaptive,estimated,2979,248.16666666666663,0.6233131499769105
ergo_nonadaptive,estimated,2980,248.25,0.6227333952591039
ergo_nonadaptive,estimated,2981,248.33333333333337,0.620348790948855
ergo_nonadaptive,estimated,2982,248.41666666666663,0.6167301036235141
ergo_nonadaptive,estimated,2983,248.5,0.6168670874086246
ergo_nonadaptive,estimated,2984,248.58333333333337,0.6133620878196401
ergo_nonadaptive,estimated,2985,248.66666666666663,0.6101664471599119
ergo_nonadaptive,estimated,2986,248.75,0.6110339680634806
ergo_nonadaptive,estimated,2987,248.83333333333337,0.6115414991873165
ergo_nonadaptive,estimated,2988,248.91666666666663,0.609036289968986
ergo_nonadaptive,estimated,2989,249.0,0.6080402189988663
ergo_nonadaptive,estimated,2990,249.08333333333337,0.6100914521262397
ergo_nonadaptive,estimated,2991,249.16666666666663,0.610100428406598
ergo_nonadaptive,estimated,2992,249.25,0.607081319260381
ergo_nonadaptive,estimated,2993,249.33333333333337,0.6056755402459421
ergo_nonadaptive,estimated,2994,249.41666666666663,0.6063539701604745
ergo_nonadaptive,estimated,2995,249.5,0.6056075897130971
ergo_nonadaptive,estimated,2996,249.58333333333337,0.6058461177878681
ergo_nonadaptive,estimated,2997,249.66666666666663,0.6065572447289825
ergo_nonadaptive,estimated,2998,249.75,0.604196538834812
ergo_nonadaptive,estimated,2999,249.83333333333337,0.6049874142276847
ergo_nonadaptive,estimated,3000,249.91666666666663,0.6030035344727511
ergo_nonadaptive,estimated,3001,250.0,0.6052618494076437
ergo_nonadaptive,estimated,3002,250.08333333333337,0.6058823345362822
ergo_nonadaptive,estimated,3003,250.16666666666663,0.6069516458022446
ergo_nonadaptive,estimated,3004,250.25,0.6084823566862395
ergo_nonadaptive,estimated,3005,250.33333333333337,0.6087106017672466
ergo_nonadaptive,estimated,3006,250.41666666666663,0.608403251302831
ergo_nonadaptive,estimated,3007,250.5,0.6078721527993622
ergo_nonadaptive,estimated,3008,250.58333333333337,0.6071108438524306
ergo_nonadaptive,estimated,3009,250.66666666666663,0.611500510456497
ergo_nonadaptive,estimated,3010,250.75,0.6118159089109005
ergo_nonadaptive,estimated,3011,250.83333333333337,0.6111413901527845
ergo_nonadaptive,estimated,3012,250.91666666666663,0.6126191748577174
ergo_nonadaptive,estimated,3013,251.0,0.6131853584540057
ergo_nonadaptive,estimated,3014,251.08333333333337,0.6142288163461533
ergo_nonadaptive,estimated,3015,251.16666666666663,0.6159008082157986
ergo_nonadaptive,estimated,3016,251.25,0.6177935654543297
ergo_nonadaptive,estimated,3017,251.33333333333337,0.6173269203082694
ergo_nonadaptive,estimated,3018,251.41666666666663,0.6170575314484947
ergo_nonadaptive,estimated,3019,251.5,0.6191910467187489
ergo_nonadaptive,estimated,3020,251.58333333333337,0.6177733721701384
ergo_nonadaptive,estimated,3021,251.66666666666663,0.6213562267552561
ergo_nonadaptive,estimated,3022,251.75,0.6223862870814414
ergo_nonadaptive,estimated,3023,251.83333333333337,0.623130440879589
ergo_nonadaptive,estimated,3024,251.91666666666663,0.6232454294433726
ergo_nonadaptive,estimated,3025,252.0,0.6233276855628858
ergo_nonadaptive,estimated,3026,252.08333333333337,0.6231542886434907
ergo_nonadaptive,estimated,3027,252.16666666666663,0.6240136715129418
ergo_nonadaptive,estimated,3028,252.25,0.6247812734749355
ergo_nonadaptive,estimated,3029,252.33333333333337,0.6252082923356566
ergo_nonadaptive,estimated,3030,252.41666666666663,0.6256295863385882
ergo_nonadaptive,estimated,3031,252.5,0.6264063295093368
ergo_nonadaptive,estimated,3032,252.58333333333337,0.6258677504682582
ergo_nonadaptive,estimated,3033,252.66666666666663,0.6258938471627661
ergo_nonadaptive,estimated,3034,252.75,0.6258033930421222
ergo_nonadaptive,estimated,3035,252.83333333333337,0.6262660178233628
ergo_nonadaptive,estimated,3036,252.91666666666663,0.6270828620696278
ergo_nonadaptive,estimated,3037,253.0,0.6267063664704335
ergo_nonadaptive,estimated,3038,253.08333333333337,0.6266888022853778
ergo_nonadaptive,estimated,3039,253.16666666666663,0.6262227810641431
ergo_nonadaptive,estimated,3040,253.25,0.6263287624491144
ergo_nonadaptive,estimated,3041,253.33333333333337,0.6252676864262837
ergo_nonadaptive,estimated,3042,253.41666666666663,0.6248820597527304
ergo_nonadaptive,estimated,3043,253.5,0.6241928580594335
ergo_nonadaptive,estimated,3044,253.58333333333337,0.6238500891286082
ergo_nonadaptive,estimated,3045,253.66666666666663,0.6241112761697495
ergo_nonadaptive,estimated,3046,253.75,0.6246276444151106
ergo_nonadaptive,estimated,3047,253.83333333333337,0.6244622085864323
ergo_nonadaptive,estimated,3048,253.91666666666663,0.6233943702395041
ergo_nonadaptive,estimated,3049,254.0,0.6239910061172298
ergo_nonadaptive,estimated,3050,254.08333333333337,0.6231661917648359
ergo_nonadaptive,estimated,3051,254.16666666666663,0.6226036828278874
ergo_nonadaptive,estimated,3052,254.25,0.6234365605942831
ergo_nonadaptive,estimated,3053,254.33333333333337,0.6214227505912773
ergo_nonadaptive,estimated,3054,254.41666666666663,0.6212930675306748
ergo_nonadaptive,estimated,3055,254.5,0.6189699696971779
ergo_nonadaptive,estimated,3056,254.58333333333337,0.6184126105038885
ergo_nonadaptive,estimated,3057,254.66666666666663,0.6200450100285401
ergo_nonadaptive,estimated,3058,254.75,0.6198191888506089
ergo_nonadaptive,estimated,3059,254.83333333333337,0.6198248898405317
ergo_nonadaptive,estimated,3060,254.91666666666663,0.6209728494747982
ergo_nonadaptive,estimated,3061,255.0,0.6212667684406878
ergo_nonadaptive,estimated,3062,255.08333333333337,0.6222742331846781
ergo_nonadaptive,estimated,3063,255.16666666666663,0.6216707358618427
ergo_nonadaptive,estimated,3064,255.25,0.6215442123389584
ergo_nonadaptive,estimated,3065,255.33333333333337,0.621199113924803
ergo_nonadaptive,estimated,3066,255.41666666666663,0.6228690271738657
ergo_nonadaptive,estimated,3067,255.5,0.6228386503877154
ergo_nonadaptive,estimated,3068,255.58333333333337,0.6230217769300367
ergo_nonadaptive,estimated,3069,255.66666666666663,0.6231797881067939
ergo_nonadaptive,estimated,3070,255.75,0.6236821330578607
ergo_nonadaptive,estimated,3071,255.83333333333337,0.6240644600391858
ergo_nonadaptive,estimated,3072,255.91666666666663,0.6243139818436126
ergo_nonadaptive,estimated,3073,256.0,0.6245496476252868
ergo_nonadaptive,estimated,3074,256.08333333333337,0.6247707405457879
ergo_nonadaptive,estimated,3075,256.16666666666663,0.6250139198523353
ergo_nonadaptive,estimated,3076,256.25,0.6249026832157618
ergo_nonadaptive,estimated,3077,256.33333333333337,0.6254751893357501
ergo_nonadaptive,estimated,3078,256.41666666666663,0.6259168701415975
ergo_nonadaptive,estimated,3079,256.5,0.6258571700939768
ergo_nonadaptive,estimated,3080,256.58333333333337,0.6258737121664073
ergo_nonadaptive,estimated,3081,256.66666666666663,0.6265765120771569
ergo_nonadaptive,estimated,3082,256.75,0.6262968329162624
ergo_nonadaptive,estimated,3083,256.83333333333337,0.6265878981501076
ergo_nonadaptive,estimated,3084,256.91666666666663,0.6263377957142943
ergo_nonadaptive,estimated,3085,257.0,0.6268314776228561
ergo_nonadaptive,estimated,3086,257.08333333333337,0.6264744112682298
ergo_nonadaptive,estimated,3087,257.16666666666663,0.6264637785829337
ergo_nonadaptive,estimated,3088,257.25,0.6268731084434828
ergo_nonadaptive,estimated,3089,257.33333333333337,0.6265956819302901
ergo_nonadaptive,estimated,3090,257.41666666666663,0.6257305261149854
ergo_nonadaptive,estimated,3091,257.5,0.6263269255380728
ergo_nonadaptive,estimated,3092,257.58333333333337,0.6263480572689911
ergo_nonadaptive,estimated,3093,257.66666666666663,0.6273630793362668
ergo_nonadaptive,estimated,3094,257.75,0.6279522402315906
ergo_nonadaptive,estimated,3095,257.83333333333337,0.6276500630770575
ergo_nonadaptive,estimated,3096,257.91666666666663,0.6276107881378162
ergo_nonadaptive,estimated,3097,258.0,0.6280311660181241
ergo_nonadaptive,estimated,3098,258.08333333333337,0.6279297638442516
ergo_nonadaptive,estimated,3099,258.16666666666663,0.6279765928207595
ergo_nonadaptive,estimated,3100,258.25,0.627844035374347
ergo_nonadaptive,estimated,3101,258.33333333333337,0.6291084256210661
ergo_nonadaptive,estimated,3102,258.41666666666663,0.6295011156258299
ergo_nonadaptive,estimated,3103,258.5,0.629556300113853
ergo_nonadaptive,estimated,3104,258.58333333333337,0.629624108341414
ergo_nonadaptive,estimated,3105,258.66666666666663,0.6284401263982633
ergo_nonadaptive,estimated,3106,258.75,0.6294432023943973
ergo_nonadaptive,estimated,3107,258.83333333333337,0.6286821538728027
ergo_nonadaptive,estimated,3108,258.91666666666663,0.6294143588272303
ergo_nonadaptive,estimated,3109,259.0,0.6301128884182106
ergo_nonadaptive,estimated,3110,259.08333333333337,0.6306468470782256
ergo_nonadaptive,estimated,3111,259.16666666666663,0.6302555152874904
ergo_nonadaptive,estimated,3112,259.25,0.6310164990657484
ergo_nonadaptive,estimated,3113,259.33333333333337,0.6305272686723971
ergo_nonadaptive,estimated,3114,259.41666666666663,0.6298239416605358
ergo_nonadaptive,estimated,3115,259.5,0.6302939977371486
ergo_nonadaptive,estimated,3116,259.58333333333337,0.6294340495850366
ergo_nonadaptive,estimated,3117,259.66666666666663,0.6279895839567681
ergo_nonadaptive,estimated,3118,259.75,0.6278672206502782
ergo_nonadaptive,estimated,3119,259.83333333333337,0.6300928827520861
ergo_nonadaptive,estimated,3120,259.91666666666663,0.6308271762668103
ergo_nonadaptive,estimated,3121,260.0,0.6300250273933045
ergo_nonadaptive,estimated,3122,260.08333333333337,0.6296622161402806
ergo_nonadaptive,estimated,3123,260.16666666666663,0.6302070022627093
ergo_nonadaptive,estimated,3124,260.25,0.6292710543249784
ergo_nonadaptive,estimated,3125,260.33333333333337,0.6306072111429314
ergo_nonadaptive,estimated,3126,260.41666666666663,0.6290156736969332
ergo_nonadaptive,estimated,3127,260.5,0.6288821758442678
ergo_nonadaptive,estimated,3128,260.58333333333337,0.629942080769363
ergo_nonadaptive,estimated,3129,260.66666666666663,0.6289404599822672
ergo_nonadaptive,estimated,3130,260.75,0.6295718143189561
ergo_nonadaptive,estimated,3131,260.83333333333337,0.6295321154080075
ergo_nonadaptive,estimated,3132,260.91666666666663,0.6284676188692812
ergo_nonadaptive,estimated,3133,261.0,0.6273510067459976
ergo_nonadaptive,estimated,3134,261.08333333333337,0.6267281975737496
ergo_nonadaptive,estimated,3135,261.16666666666663,0.6271661626895291
ergo_nonadaptive,estimated,3136,261.25,0.6255369099703819
ergo_nonadaptive,estimated,3137,261.33333333333337,0.6248800584169004
ergo_nonadaptive,estimated,3138,261.41666666666663,0.6244188131077796
ergo_nonadaptive,estimated,3139,261.5,0.6241243164977884
ergo_nonadaptive,estimated,3140,261.58333333333337,0.6278992378803465
ergo_nonadaptive,estimated,3141,261.66666666666663,0.6277038380149687
ergo_nonadaptive,estimated,3142,261.75,0.6266109348804053
ergo_nonadaptive,estimated,3143,261.83333333333337,0.6258278886285379
ergo_nonadaptive,estimated,3144,261.91666666666663,0.6240854425199613
ergo_nonadaptive,estimated,3145,262.0,0.6244786403048393
ergo_nonadaptive,estimated,3146,262.08333333333337,0.6228403252304298
ergo_nonadaptive,estimated,3147,262.16666666666663,0.6231322024187342
ergo_nonadaptive,estimated,3148,262.25,0.6237876246550134
ergo_nonadaptive,estimated,3149,262.33333333333337,0.6233098847316207
ergo_nonadaptive,estimated,3150,262.41666666666663,0.625473842936998
ergo_nonadaptive,estimated,3151,262.5,0.6260006492870884
ergo_nonadaptive,estimated,3152,262.58333333333337,0.6298424948166756
ergo_nonadaptive,estimated,3153,262.66666666666663,0.6259478481782157
ergo_nonadaptive,estimated,3154,262.75,0.6277135667780344
ergo_nonadaptive,estimated,3155,262.83333333333337,0.6302463502230085
ergo_nonadaptive,estimated,3156,262.91666666666663,0.6304562518995204
ergo_nonadaptive,estimated,3157,263.0,0.6299739198368691
ergo_nonadaptive,estimated,3158,263.08333333333337,0.6312839248495028
ergo_nonadaptive,estimated,3159,263.16666666666663,0.6339489789607892
ergo_nonadaptive,estimated,3160,263.25,0.6358341038995734
ergo_nonadaptive,estimated,3161,263.33333333333337,0.6363685827378657
ergo_nonadaptive,estimated,3162,263.41666666666663,0.636688099369153
ergo_nonadaptive,estimated,3163,263.5,0.6360669507540964
ergo_nonadaptive,estimated,3164,263.58333333333337,0.6374824398271951
ergo_nonadaptive,estimated,3165,263.66666666666663,0.6385182606446642
ergo_nonadaptive,estimated,3166,263.75,0.6386420523933188
ergo_nonadaptive,estimated,3167,263.83333333333337,0.6390574672491496
ergo_nonadaptive,estimated,3168,263.91666666666663,0.6395275031786415
ergo_nonadaptive,estimated,3169,264.0,0.6396857535800371
ergo_nonadaptive,estimated,3170,264.08333333333337,0.6397581790193235
ergo_nonadaptive,estimated,3171,264.16666666666663,0.6393982450348995
ergo_nonadaptive,estimated,3172,264.25,0.639427374331084
ergo_nonadaptive,estimated,3173,264.33333333333337,0.6402007723953145
ergo_nonadaptive,estimated,3174,264.41666666666663,0.6403827129724053
ergo_nonadaptive,estimated,3175,264.5,0.6415069935356389
ergo_nonadaptive,estimated,3176,264.58333333333337,0.6417377319374151
ergo_nonadaptive,estimated,3177,264.66666666666663,0.6415726709654735
ergo_nonadaptive,estimated,3178,264.75,0.6412496867724468
ergo_nonadaptive,estimated,3179,264.83333333333337,0.6414906980260977
ergo_nonadaptive,estimated,3180,264.91666666666663,0.6414346683493345
ergo_nonadaptive,estimated,3181,265.0,0.6418501121557042
ergo_nonadaptive,estimated,3182,265.08333333333337,0.6422795084268974
ergo_nonadaptive,estimated,3183,265.16666666666663,0.6419886454867677
ergo_nonadaptive,estimated,3184,265.25,0.6406522920418672
ergo_nonadaptive,estimated,3185,265.33333333333337,0.6400571349523146
ergo_nonadaptive,estimated,3186,265.41666666666663,0.6401300161363683
ergo_nonadaptive,estimated,3187,265.5,0.639400077864235
ergo_nonadaptive,estimated,3188,265.58333333333337,0.6402887276680728
ergo_nonadaptive,estimated,3189,265.66666666666663,0.6403902305636149
ergo_nonadaptive,estimated,3190,265.75,0.6382527134359354
ergo_nonadaptive,estimated,3191,265.83333333333337,0.6389408426718853
ergo_nonadaptive,estimated,3192,265.91666666666663,0.6399312651884552
ergo_nonadaptive,estimated,3193,266.0,0.635801664023972
ergo_nonadaptive,estimated,3194,266.08333333333337,0.6345091161156491
ergo_nonadaptive,estimated,3195,266.16666666666663,0.6361713752741102
ergo_nonadaptive,estimated,3196,266.25,0.6358683476492919
ergo_nonadaptive,estimated,3197,266.33333333333337,0.6325318641582864
ergo_nonadaptive,estimated,3198,266.41666666666663,0.6322317225562424
ergo_nonadaptive,estimated,3199,266.5,0.6312673900890763
ergo_nonadaptive,estimated,3200,266.58333333333337,0.6275075538462307
ergo_nonadaptive,estimated,3201,266.66666666666663,0.62384929217739
ergo_nonadaptive,estimated,3202,266.75,0.6214404490011834
ergo_nonadaptive,estimated,3203,266.83333333333337,0.6194896253042876
ergo_nonadaptive,estimated,3204,266.91666666666663,0.6165018646109965
ergo_nonadaptive,estimated,3205,267.0,0.614073618161539
ergo_nonadaptive,estimated,3206,267.08333333333337,0.6167138933054471
ergo_nonadaptive,estimated,3207,267.16666666666663,0.6142264364037628
ergo_nonadaptive,estimated,3208,267.25,0.615676723764637
ergo_nonadaptive,estimated,3209,267.33333333333337,0.6141301610632456
ergo_nonadaptive,estimated,3210,267.41666666666663,0.6143824452492793
ergo_nonadaptive,estimated,3211,267.5,0.6141762714780042
ergo_nonadaptive,estimated,3212,267.58333333333337,0.6141515563741823
ergo_nonadaptive,estimated,3213,267.66666666666663,0.6163934007781078
ergo_nonadaptive,estimated,3214,267.75,0.6190381136177925
ergo_nonadaptive,estimated,3215,267.83333333333337,0.617779685789559
ergo_nonadaptive,estimated,3216,267.91666666666663,0.6172700469255482
ergo_nonadaptive,estimated,3217,268.0,0.6168084634818427
ergo_nonadaptive,estimated,3218,268.08333333333337,0.6180856072583073
ergo_nonadaptive,estimated,3219,268.16666666666663,0.6198546607061352
ergo_nonadaptive,estimated,3220,268.25,0.6208729652370562
ergo_nonadaptive,estimated,3221,268.33333333333337,0.621570722676777
ergo_nonadaptive,estimated,3222,268.41666666666663,0.6214209587589761
ergo_nonadaptive,estimated,3223,268.5,0.6238735150684551
ergo_nonadaptive,estimated,3224,268.58333333333337,0.6255183678497009
ergo_nonadaptive,estimated,3225,268.66666666666663,0.6253379047470954
ergo_nonadaptive,estimated,3226,268.75,0.6257458415936672
ergo_nonadaptive,estimated,3227,268.83333333333337,0.626111788917329
ergo_nonadaptive,estimated,3228,268.91666666666663,0.62648119535231
ergo_nonadaptive,estimated,3229,269.0,0.6258427455565735
ergo_nonadaptive,estimated,3230,269.08333333333337,0.6258988989901337
ergo_nonadaptive,estimated,3231,269.16666666666663,0.6251640967397676
ergo_nonadaptive,estimated,3232,269.25,0.6248790291035274
ergo_nonadaptive,estimated,3233,269.33333333333337,0.624426682041714
ergo_nonadaptive,estimated,3234,269.41666666666663,0.6235695017723576
ergo_nonadaptive,estimated,3235,269.5,0.6227037805301386
ergo_nonadaptive,estimated,3236,269.58333333333337,0.6233921056589847
ergo_nonadaptive,estimated,3237,269.66666666666663,0.6227559667019663
ergo_nonadaptive,estimated,3238,269.75,0.621640994983621
ergo_nonadaptive,estimated,3239,269.83333333333337,0.6217329907380748
ergo_nonadaptive,estimated,3240,269.91666666666663,0.6214123383236856
ergo_nonadaptive,estimated,3241,270.0,0.6228897620713334
ergo_nonadaptive,estimated,3242,270.08333333333337,0.6218289907449356
ergo_nonadaptive,estimated,3243,270.16666666666663,0.6214746623648655
ergo_nonadaptive,estimated,3244,270.25,0.6201020444237104
ergo_nonadaptive,estimated,3245,270.33333333333337,0.6190921096525405
ergo_nonadaptive,estimated,3246,270.41666666666663,0.6186526627171659
ergo_nonadaptive,estimated,3247,270.5,0.6181157040050967
ergo_nonadaptive,estimated,3248,270.58333333333337,0.6181243946650814
ergo_nonadaptive,estimated,3249,270.66666666666663,0.6177833869977262
ergo_nonadaptive,estimated,3250,270.75,0.6158333335137182
ergo_nonadaptive,estimated,3251,270.83333333333337,0.6143864875671226
ergo_nonadaptive,estimated,3252,270.91666666666663,0.6132213881978098
ergo_nonadaptive,estimated,3253,271.0,0.6126784458300912
ergo_nonadaptive,estimated,3254,271.08333333333337,0.6137220004924373
ergo_nonadaptive,estimated,3255,271.16666666666663,0.6142084965327848
ergo_nonadaptive,estimated,3256,271.25,0.6135488843898388
ergo_nonadaptive,estimated,3257,271.33333333333337,0.6136709701930149
ergo_nonadaptive,estimated,3258,271.41666666666663,0.6126946892091735
ergo_nonadaptive,estimated,3259,271.5,0.6129345911860647
ergo_nonadaptive,estimated,3260,271.58333333333337,0.6114953458717138
ergo_nonadaptive,estimated,3261,271.66666666666663,0.6117258375055926
ergo_nonadaptive,estimated,3262,271.75,0.6109390141716055
ergo_nonadaptive,estimated,3263,271.83333333333337,0.6108161343713798
ergo_nonadaptive,estimated,3264,271.91666666666663,0.610341906155198
ergo_nonadaptive,estimated,3265,272.0,0.6107227462204526
ergo_nonadaptive,estimated,3266,272.08333333333337,0.611468074039652
ergo_nonadaptive,estimated,3267,272.16666666666663,0.6116355222048684
ergo_nonadaptive,estimated,3268,272.25,0.6111646496635448
ergo_nonadaptive,estimated,3269,272.33333333333337,0.6102720806775159
ergo_nonadaptive,estimated,3270,272.41666666666663,0.6092715303755953
ergo_nonadaptive,estimated,3271,272.5,0.609995027550772
ergo_nonadaptive,estimated,3272,272.58333333333337,0.6088624391536417
ergo_nonadaptive,estimated,3273,272.66666666666663,0.6089087431090032
ergo_nonadaptive,estimated,3274,272.75,0.6062285883266956
ergo_nonadaptive,estimated,3275,272.83333333333337,0.6056622734121375
ergo_nonadaptive,estimated,3276,272.91666666666663,0.6053974655021556
ergo_nonadaptive,estimated,3277,273.0,0.6048117598538196
ergo_nonadaptive,estimated,3278,273.08333333333337,0.6061457900734972
ergo_nonadaptive,estimated,3279,273.16666666666663,0.6058559840533194
ergo_nonadaptive,estimated,3280,273.25,0.6073227651185878
ergo_nonadaptive,estimated,3281,273.33333333333337,0.6076747846839163
ergo_nonadaptive,estimated,3282,273.41666666666663,0.6049333668083012
ergo_nonadaptive,estimated,3283,273.5,0.6063654975549017
ergo_nonadaptive,estimated,3284,273.58333333333337,0.608443850678732
ergo_nonadaptive,estimated,3285,273.66666666666663,0.6079216180955846
ergo_nonadaptive,estimated,3286,273.75,0.6062229775292078
ergo_nonadaptive,estimated,3287,273.83333333333337,0.6063041452091122
ergo_nonadaptive,estimated,3288,273.91666666666663,0.6057586291164125
ergo_nonadaptive,estimated,3289,274.0,0.6050395393579284
ergo_nonadaptive,estimated,3290,274.08333333333337,0.6056408608399283
ergo_nonadaptive,estimated,3291,274.16666666666663,0.606218456851074
ergo_nonadaptive,estimated,3292,274.25,0.6072562561894956
ergo_nonadaptive,estimated,3293,274.33333333333337,0.607444688736593
ergo_nonadaptive,estimated,3294,274.41666666666663,0.6068149711294945
ergo_nonadaptive,estimated,3295,274.5,0.6062597035434665
ergo_nonadaptive,estimated,3296,274.58333333333337,0.6059741543783282
ergo_nonadaptive,estimated,3297,274.66666666666663,0.6052587554930577
ergo_nonadaptive,estimated,3298,274.75,0.6038649533131795
ergo_nonadaptive,estimated,3299,274.83333333333337,0.6026663772895103
ergo_nonadaptive,estimated,3300,274.91666666666663,0.6015426298983081
ergo_nonadaptive,estimated,3301,275.0,0.600096354183363
ergo_nonadaptive,estimated,3302,275.08333333333337,0.5983984278295685
ergo_nonadaptive,estimated,3303,275.16666666666663,0.5975264292606315
ergo_nonadaptive,estimated,3304,275.25,0.5985748402256291
ergo_nonadaptive,estimated,3305,275.33333333333337,0.5989841697645645
ergo_nonadaptive,estimated,3306,275.41666666666663,0.5992072162121824
ergo_nonadaptive,estimated,3307,275.5,0.5992077952089827
ergo_nonadaptive,estimated,3308,275.58333333333337,0.6000144122294392
ergo_nonadaptive,estimated,3309,275.66666666666663,0.5977708824102029
ergo_nonadaptive,estimated,3310,275.75,0.5986121942839722
ergo_nonadaptive,estimated,3311,275.83333333333337,0.5976498427125063
ergo_nonadaptive,estimated,3312,275.91666666666663,0.5967969619918884
ergo_nonadaptive,estimated,3313,276.0,0.5960769007957716
ergo_nonadaptive,estimated,3314,276.08333333333337,0.5953217982463196
ergo_nonadaptive,estimated,3315,276.16666666666663,0.5924538917562245
ergo_nonadaptive,estimated,3316,276.25,0.5899133302207087
ergo_nonadaptive,estimated,3317,276.33333333333337,0.5868895588141367
ergo_nonadaptive,estimated,3318,276.41666666666663,0.5885655493582047
ergo_nonadaptive,estimated,3319,276.5,0.5887691014343002
ergo_nonadaptive,estimated,3320,276.58333333333337,0.5883976964675495
ergo_nonadaptive,estimated,3321,276.66666666666663,0.5856442159538027
ergo_nonadaptive,estimated,3322,276.75,0.5889622541701475
ergo_nonadaptive,estimated,3323,276.83333333333337,0.5919854895987019
ergo_nonadaptive,estimated,3324,276.91666666666663,0.5935431079764097
ergo_nonadaptive,estimated,3325,277.0,0.593252032579597
ergo_nonadaptive,estimated,3326,277.08333333333337,0.5945013290108505
ergo_nonadaptive,estimated,3327,277.16666666666663,0.5922409007122857
ergo_nonadaptive,estimated,3328,277.25,0.5924781518977494
ergo_nonadaptive,estimated,3329,277.33333333333337,0.5972533272047837
ergo_nonadaptive,estimated,3330,277.41666666666663,0.5984052590943337
ergo_nonadaptive,estimated,3331,277.5,0.5982209241369617
ergo_nonadaptive,estimated,3332,277.58333333333337,0.5966266031997789
ergo_nonadaptive,estimated,3333,277.66666666666663,0.5969608783860834
ergo_nonadaptive,estimated,3334,277.75,0.5975497612261504
ergo_nonadaptive,estimated,3335,277.83333333333337,0.5992723419733096
ergo_nonadaptive,estimated,3336,277.91666666666663,0.6004980218870862
ergo_nonadaptive,estimated,3337,278.0,0.6025225916158945
ergo_nonadaptive,estimated,3338,278.08333333333337,0.6032176180442811
ergo_nonadaptive,estimated,3339,278.16666666666663,0.6042367134947892
ergo_nonadaptive,estimated,3340,278.25,0.6056107660367019
ergo_nonadaptive,estimated,3341,278.33333333333337,0.6048166880508313
ergo_nonadaptive,estimated,3342,278.41666666666663,0.6052481311194423
ergo_nonadaptive,estimated,3343,278.5,0.6071255674365449
ergo_nonadaptive,estimated,3344,278.58333333333337,0.6074779774624216
ergo_nonadaptive,estimated,3345,278.66666666666663,0.6090680173798672
ergo_nonadaptive,estimated,3346,278.75,0.6100260773664892
ergo_nonadaptive,estimated,3347,278.83333333333337,0.6104968466241539
ergo_nonadaptive,estimated,3348,278.91666666666663,0.6109163952968106
ergo_nonadaptive,estimated,3349,279.0,0.6115167730561135
ergo_nonadaptive,estimated,3350,279.08333333333337,0.6127574709786494
ergo_nonadaptive,estimated,3351,279.16666666666663,0.6133738106012627
ergo_nonadaptive,estimated,3352,279.25,0.6139190751664633
ergo_nonadaptive,estimated,3353,279.33333333333337,0.6136701122455074
ergo_nonadaptive,estimated,3354,279.41666666666663,0.614340957450115
ergo_nonadaptive,estimated,3355,279.5,0.6153170578317486
ergo_nonadaptive,estimated,3356,279.58333333333337,0.6153630686260176
ergo_nonadaptive,estimated,3357,279.66666666666663,0.6159929867181353
ergo_nonadaptive,estimated,3358,279.75,0.6161323047051102
ergo_nonadaptive,estimated,3359,279.83333333333337,0.6165373103593121
ergo_nonadaptive,estimated,3360,279.91666666666663,0.6166214535419887
ergo_nonadaptive,estimated,3361,280.0,0.6169908466027788
ergo_nonadaptive,estimated,3362,280.08333333333337,0.6175004661780599
ergo_nonadaptive,estimated,3363,280.16666666666663,0.617800106826202
ergo_nonadaptive,estimated,3364,280.25,0.6186954474898573
ergo_nonadaptive,estimated,3365,280.33333333333337,0.618501950369281
ergo_nonadaptive,estimated,3366,280.41666666666663,0.619042627745138
ergo_nonadaptive,estimated,3367,280.5,0.6187258543466023
ergo_nonadaptive,estimated,3368,280.58333333333337,0.619104550129952
ergo_nonadaptive,estimated,3369,280.66666666666663,0.6194931482708753
ergo_nonadaptive,estimated,3370,280.75,0.6200556098240767
ergo_nonadaptive,estimated,3371,280.83333333333337,0.6204348562608655
ergo_nonadaptive,estimated,3372,280.91666666666663,0.6207707992081409
ergo_nonadaptive,estimated,3373,281.0,0.6208600933586492
ergo_nonadaptive,estimated,3374,281.08333333333337,0.6209811612328393
ergo_nonadaptive,estimated,3375,281.16666666666663,0.6212205633952543
ergo_nonadaptive,estimated,3376,281.25,0.6213579359440708
ergo_nonadaptive,estimated,3377,281.33333333333337,0.6212220117402427
ergo_nonadaptive,estimated,3378,281.41666666666663,0.6217257432872023
ergo_nonadaptive,estimated,3379,281.5,0.6219064073703953
ergo_nonadaptive,estimated,3380,281.58333333333337,0.6218665122001362
ergo_nonadaptive,estimated,3381,281.66666666666663,0.6219890628518223
ergo_nonadaptive,estimated,3382,281.75,0.6225555512747323
ergo_nonadaptive,estimated,3383,281.83333333333337,0.6228032350387884
ergo_nonadaptive,estimated,3384,281.91666666666663,0.6225220511445139
ergo_nonadaptive,estimated,3385,282.0,0.6222081402036439
ergo_nonadaptive,estimated,3386,282.08333333333337,0.6219121524334716
ergo_nonadaptive,estimated,3387,282.16666666666663,0.6216477241679361
ergo_nonadaptive,estimated,3388,282.25,0.622406782356287
ergo_nonadaptive,estimated,3389,282.33333333333337,0.6226733214477307
ergo_nonadaptive,estimated,3390,282.41666666666663,0.6225134653470253
ergo_nonadaptive,estimated,3391,282.5,0.6225702745611216
ergo_nonadaptive,estimated,3392,282.58333333333337,0.6224472407294269
ergo_nonadaptive,estimated,3393,282.66666666666663,0.6226518309506396
ergo_nonadaptive,estimated,3394,282.75,0.622347552727168
ergo_nonadaptive,estimated,3395,282.83333333333337,0.6218624739322153
ergo_nonadaptive,estimated,3396,282.91666666666663,0.6218873478080323
ergo_nonadaptive,estimated,3397,283.0,0.62195407578996
ergo_nonadaptive,estimated,3398,283.08333333333337,0.6219013642270111
ergo_nonadaptive,estimated,3399,283.16666666666663,0.6222787825387547
ergo_nonadaptive,estimated,3400,283.25,0.6216702518449845
ergo_nonadaptive,estimated,3401,283.33333333333337,0.6217245485066142
ergo_nonadaptive,estimated,3402,283.41666666666663,0.6224097005813517
ergo_nonadaptive,estimated,3403,283.5,0.6210763954296594
ergo_nonadaptive,estimated,3404,283.58333333333337,0.6220671028348655
ergo_nonadaptive,estimated,3405,283.66666666666663,0.6213362749883387
ergo_nonadaptive,estimated,3406,283.75,0.6209655627469771
ergo_nonadaptive,estimated,3407,283.83333333333337,0.6220204309572153
ergo_nonadaptive,estimated,3408,283.91666666666663,0.6208139394586448
ergo_nonadaptive,estimated,3409,284.0,0.6188894793175614
ergo_nonadaptive,estimated,3410,284.08333333333337,0.6187027471940089
ergo_nonadaptive,estimated,3411,284.16666666666663,0.6188171170593486
ergo_nonadaptive,estimated,3412,284.25,0.6173550765159739
ergo_nonadaptive,estimated,3413,284.33333333333337,0.6174014575866282
ergo_nonadaptive,estimated,3414,284.41666666666663,0.6149140741395988
ergo_nonadaptive,estimated,3415,284.5,0.61589334847977
ergo_nonadaptive,estimated,3416,284.58333333333337,0.6141024084209136
ergo_nonadaptive,estimated,3417,284.66666666666663,0.6136519000889179
ergo_nonadaptive,estimated,3418,284.75,0.6142787154102155
ergo_nonadaptive,estimated,3419,284.83333333333337,0.6111268019363169
ergo_nonadaptive,estimated,3420,284.91666666666663,0.6123267632359979
ergo_nonadaptive,estimated,3421,285.0,0.6090432134531594
ergo_nonadaptive,estimated,3422,285.08333333333337,0.6088368435760014
ergo_nonadaptive,estimated,3423,285.16666666666663,0.6098911660372174
ergo_nonadaptive,estimated,3424,285.25,0.6136337775358824
ergo_nonadaptive,estimated,3425,285.33333333333337,0.6088363911320873
ergo_nonadaptive,estimated,3426,285.41666666666663,0.6128090288367083
ergo_nonadaptive,estimated,3427,285.5,0.6112527929185604
ergo_nonadaptive,estimated,3428,285.58333333333337,0.6105050546052592
ergo_nonadaptive,estimated,3429,285.66666666666663,0.6096516367906722
ergo_nonadaptive,estimated,3430,285.75,0.6074633653953746
ergo_nonadaptive,estimated,3431,285.83333333333337,0.6093367303350483
ergo_nonadaptive,estimated,3432,285.91666666666663,0.6086818187364489
ergo_nonadaptive,estimated,3433,286.0,0.6085847729322023
ergo_nonadaptive,estimated,3434,286.08333333333337,0.6119630286750659
ergo_nonadaptive,estimated,3435,286.16666666666663,0.6115498583574206
ergo_nonadaptive,estimated,3436,286.25,0.6155403063675536
ergo_nonadaptive,estimated,3437,286.33333333333337,0.6156239174549999
ergo_nonadaptive,estimated,3438,286.41666666666663,0.6162349855171518
ergo_nonadaptive,estimated,3439,286.5,0.6169291908392707
ergo_nonadaptive,estimated,3440,286.58333333333337,0.6175990459127416
ergo_nonadaptive,estimated,3441,286.66666666666663,0.6192485054027647
ergo_nonadaptive,estimated,3442,286.75,0.6196682605732772
ergo_nonadaptive,estimated,3443,286.83333333333337,0.6213015477746671
ergo_nonadaptive,estimated,3444,286.91666666666663,0.622566086924228
ergo_nonadaptive,estimated,3445,287.0,0.6234539116616369
ergo_nonadaptive,estimated,3446,287.08333333333337,0.6249321752623048
ergo_nonadaptive,estimated,3447,287.16666666666663,0.6263401374763925
ergo_nonadaptive,estimated,3448,287.25,0.6265051858291725
ergo_nonadaptive,estimated,3449,287.33333333333337,0.626373101097063
ergo_nonadaptive,estimated,3450,287.41666666666663,0.626967252232019
ergo_nonadaptive,estimated,3451,287.5,0.6274912075502426
ergo_nonadaptive,estimated,3452,287.58333333333337,0.628647684852676
ergo_nonadaptive,estimated,3453,287.66666666666663,0.6285459493610228
ergo_nonadaptive,estimated,3454,287.75,0.6286568662312345
ergo_nonadaptive,estimated,3455,287.83333333333337,0.6290164743935122
ergo_nonadaptive,estimated,3456,287.91666666666663,0.6301007976653321
ergo_nonadaptive,estimated,3457,288.0,0.6310799067526517
ergo_nonadaptive,estimated,3458,288.08333333333337,0.6318512593867615
ergo_nonadaptive,estimated,3459,288.16666666666663,0.6325811274201021
ergo_nonadaptive,estimated,3460,288.25,0.6324552329657308
ergo_nonadaptive,estimated,3461,288.33333333333337,0.6327823472282573
ergo_nonadaptive,estimated,3462,288.41666666666663,0.6327599828053665
ergo_nonadaptive,estimated,3463,288.5,0.6330911116940339
ergo_nonadaptive,estimated,3464,288.58333333333337,0.632399965219564
ergo_nonadaptive,estimated,3465,288.66666666666663,0.6326115113033955
ergo_nonadaptive,estimated,3466,288.75,0.6329167914819384
ergo_nonadaptive,estimated,3467,288.83333333333337,0.633656791899769
ergo_nonadaptive,estimated,3468,288.91666666666663,0.6333198324827997
ergo_nonadaptive,estimated,3469,289.0,0.6332431501712024
ergo_nonadaptive,estimated,3470,289.08333333333337,0.6332277154713695
ergo_nonadaptive,estimated,3471,289.16666666666663,0.632680187774188
ergo_nonadaptive,estimated,3472,289.25,0.6325857117252068
ergo_nonadaptive,estimated,3473,289.33333333333337,0.6330446823150004
ergo_nonadaptive,estimated,3474,289.41666666666663,0.6332804752246606
ergo_nonadaptive,estimated,3475,289.5,0.6326174414931268
ergo_nonadaptive,estimated,3476,289.58333333333337,0.6313255288524576
ergo_nonadaptive,estimated,3477,289.66666666666663,0.6304900075840826
ergo_nonadaptive,estimated,3478,289.75,0.630438318852349
ergo_nonadaptive,estimated,3479,289.83333333333337,0.6288461352265668
ergo_nonadaptive,estimated,3480,289.91666666666663,0.6275680882001132
ergo_nonadaptive,estimated,3481,290.0,0.6278037866457346
ergo_nonadaptive,estimated,3482,290.08333333333337,0.6236179170804615
ergo_nonadaptive,estimated,3483,290.16666666666663,0.6227943936673702
ergo_nonadaptive,estimated,3484,290.25,0.6207443807553463
ergo_nonadaptive,estimated,3485,290.33333333333337,0.619153942186748
ergo_nonadaptive,estimated,3486,290.41666666666663,0.6153705712856566
ergo_nonadaptive,estimated,3487,290.5,0.6096752989598523
ergo_nonadaptive,estimated,3488,290.58333333333337,0.6064014049245168
ergo_nonadaptive,estimated,3489,290.66666666666663,0.6057749339044558
ergo_nonadaptive,estimated,3490,290.75,0.6004663091212353
ergo_nonadaptive,estimated,3491,290.83333333333337,0.600781054663889
ergo_nonadaptive,estimated,3492,290.91666666666663,0.5977200470566026
ergo_nonadaptive,estimated,3493,291.0,0.5955165096667369
ergo_nonadaptive,estimated,3494,291.08333333333337,0.5864387256007686
ergo_nonadaptive,estimated,3495,291.16666666666663,0.5874700189259427
ergo_nonadaptive,estimated,3496,291.25,0.5875000370190286
ergo_nonadaptive,estimated,3497,291.33333333333337,0.5834105810903055
ergo_nonadaptive,estimated,3498,291.41666666666663,0.5821557494743204
ergo_nonadaptive,estimated,3499,291.5,0.583115296243251
ergo_nonadaptive,estimated,3500,291.58333333333337,0.5829749804239998
ergo_nonadaptive,estimated,3501,291.66666666666663,0.5888095028530266
ergo_nonadaptive,estimated,3502,291.75,0.5914925834164876
ergo_nonadaptive,estimated,3503,291.83333333333337,0.5920104707028557
ergo_nonadaptive,estimated,3504,291.91666666666663,0.5927801005220138
ergo_nonadaptive,estimated,3505,292.0,0.5972015998880097
ergo_nonadaptive,estimated,3506,292.08333333333337,0.5996196069405094
ergo_nonadaptive,estimated,3507,292.16666666666663,0.6034502562866494
ergo_nonadaptive,estimated,3508,292.25,0.6055890500328613
ergo_nonadaptive,estimated,3509,292.33333333333337,0.6070086699360976
ergo_nonadaptive,estimated,3510,292.41666666666663,0.6099026154908064
ergo_nonadaptive,estimated,3511,292.5,0.6114366055929004
ergo_nonadaptive,estimated,3512,292.58333333333337,0.6123656412534961
ergo_nonadaptive,estimated,3513,292.66666666666663,0.6140743707640435
ergo_nonadaptive,estimated,3514,292.75,0.6158952211915051
ergo_nonadaptive,estimated,3515,292.83333333333337,0.616503329602155
ergo_nonadaptive,estimated,3516,292.91666666666663,0.616907920633702
ergo_nonadaptive,estimated,3517,293.0,0.6171311491666812
ergo_nonadaptive,estimated,3518,293.08333333333337,0.6185363096127715
ergo_nonadaptive,estimated,3519,293.16666666666663,0.6194257999362821
ergo_nonadaptive,estimated,3520,293.25,0.620093083910427
ergo_nonadaptive,estimated,3521,293.33333333333337,0.621645765862125
ergo_nonadaptive,estimated,3522,293.41666666666663,0.6219430541286102
ergo_nonadaptive,estimated,3523,293.5,0.6218830275217541
ergo_nonadaptive,estimated,3524,293.58333333333337,0.6220332871611876
ergo_nonadaptive,estimated,3525,293.66666666666663,0.6215659095357288
ergo_nonadaptive,estimated,3526,293.75,0.6217455768540926
ergo_nonadaptive,estimated,3527,293.83333333333337,0.6227634985440841
ergo_nonadaptive,estimated,3528,293.91666666666663,0.6225875598407409
ergo_nonadaptive,estimated,3529,294.0,0.6227071684745751
ergo_nonadaptive,estimated,3530,294.08333333333337,0.6228774882189084
ergo_nonadaptive,estimated,3531,294.16666666666663,0.6234726891662902
ergo_nonadaptive,estimated,3532,294.25,0.6243285408383842
ergo_nonadaptive,estimated,3533,294.33333333333337,0.6237135870140298
ergo_nonadaptive,estimated,3534,294.41666666666663,0.6237514404407593
ergo_nonadaptive,estimated,3535,294.5,0.6245872617896739
ergo_nonadaptive,estimated,3536,294.58333333333337,0.6249537703464688
ergo_nonadaptive,estimated,3537,294.66666666666663,0.6259546621781468
ergo_nonadaptive,estimated,3538,294.75,0.6261181258486189
ergo_nonadaptive,estimated,3539,294.83333333333337,0.6263295701709914
ergo_nonadaptive,estimated,3540,294.91666666666663,0.6270470348224422
ergo_nonadaptive,estimated,3541,295.0,0.6276632709798636
ergo_nonadaptive,estimated,3542,295.08333333333337,0.6274979665196718
ergo_nonadaptive,estimated,3543,295.16666666666663,0.627977725902376
ergo_nonadaptive,estimated,3544,295.25,0.6277154521498709
ergo_nonadaptive,estimated,3545,295.33333333333337,0.6281799137806112
ergo_nonadaptive,estimated,3546,295.41666666666663,0.6285099097910524
ergo_nonadaptive,estimated,3547,295.5,0.629884316258205
ergo_nonadaptive,estimated,3548,295.58333333333337,0.6298901371102315
ergo_nonadaptive,estimated,3549,295.66666666666663,0.630690366981691
ergo_nonadaptive,estimated,3550,295.75,0.6308619326967834
ergo_nonadaptive,estimated,3551,295.83333333333337,0.6309281107148286
ergo_nonadaptive,estimated,3552,295.91666666666663,0.6308325688997607
ergo_nonadaptive,estimated,3553,296.0,0.6313311212026741
ergo_nonadaptive,estimated,3554,296.08333333333337,0.6320876636909859
ergo_nonadaptive,estimated,3555,296.16666666666663,0.63208108311159
ergo_nonadaptive,estimated,3556,296.25,0.6323199421309535
ergo_nonadaptive,estimated,3557,296.33333333333337,0.6329300698743855
ergo_nonadaptive,estimated,3558,296.41666666666663,0.6334854275134866
ergo_nonadaptive,estimated,3559,296.5,0.6338705228370025
ergo_nonadaptive,estimated,3560,296.58333333333337,0.6344975408770314
ergo_nonadaptive,estimated,3561,296.66666666666663,0.6338794771626467
ergo_nonadaptive,estimated,3562,296.75,0.6345681692069148
ergo_nonadaptive,estimated,3563,296.83333333333337,0.6358949943640464
ergo_nonadaptive,estimated,3564,296.91666666666663,0.6357410586213859
ergo_nonadaptive,estimated,3565,297.0,0.6354383735009203
ergo_nonadaptive,estimated,3566,297.08333333333337,0.636101040337726
ergo_nonadaptive,estimated,3567,297.16666666666663,0.6354867213125586
ergo_nonadaptive,estimated,3568,297.25,0.6353922025376532
ergo_nonadaptive,estimated,3569,297.33333333333337,0.6361104575708824
ergo_nonadaptive,estimated,3570,297.41666666666663,0.6356846776559483
ergo_nonadaptive,estimated,3571,297.5,0.6358644618463453
ergo_nonadaptive,estimated,3572,297.58333333333337,0.6358363432013887
ergo_nonadaptive,estimated,3573,297.66666666666663,0.6364083950538972
ergo_nonadaptive,estimated,3574,297.75,0.6371244555375942
ergo_nonadaptive,estimated,3575,297.83333333333337,0.6372449099881651
ergo_nonadaptive,estimated,3576,297.91666666666663,0.6373071772398131
ergo_nonadaptive,estimated,3577,298.0,0.637729219184617
ergo_nonadaptive,estimated,3578,298.08333333333337,0.637932977384416
ergo_nonadaptive,estimated,3579,298.16666666666663,0.6384679376290644
ergo_nonadaptive,estimated,3580,298.25,0.6386980953426669
ergo_nonadaptive,estimated,3581,298.33333333333337,0.6387417194540235
ergo_nonadaptive,estimated,3582,298.41666666666663,0.6388919185012376
ergo_nonadaptive,estimated,3583,298.5,0.6386888886523497
ergo_nonadaptive,estimated,3584,298.58333333333337,0.6387254100545002
ergo_nonadaptive,estimated,3585,298.66666666666663,0.638938887306756
ergo_nonadaptive,estimated,3586,298.75,0.6390987076853795
ergo_nonadaptive,estimated,3587,298.83333333333337,0.639391045772635
ergo_nonadaptive,estimated,3588,298.91666666666663,0.639491534134707
ergo_nonadaptive,estimated,3589,299.0,0.6394354586925736
ergo_nonadaptive,estimated,3590,299.08333333333337,0.6395849796740743
ergo_nonadaptive,estimated,3591,299.16666666666663,0.6392677018718257
ergo_nonadaptive,estimated,3592,299.25,0.6391902401172165
ergo_nonadaptive,estimated,3593,299.33333333333337,0.6394618078360633
ergo_nonadaptive,estimated,3594,299.41666666666663,0.6394844840852532
ergo_nonadaptive,estimated,3595,299.5,0.6395204029636361
ergo_nonadaptive,estimated,3596,299.58333333333337,0.6397182027411397
ergo_nonadaptive,estimated,3597,299.66666666666663,0.639603593208962
ergo_nonadaptive,estimated,3598,299.75,0.6394908799124226
ergo_nonadaptive,estimated,3599,299.83333333333337,0.6391312385515844
ergo_nonadaptive,estimated,3600,299.91666666666663,0.6394028410299023
ergo_nonadaptive,estimated,3601,300.0,0.6394656022799139
ergo_nonadaptive,estimated,3602,300.08333333333337,0.6386659318332909
ergo_nonadaptive,estimated,3603,300.16666666666663,0.6381305391831185
ergo_nonadaptive,estimated,3604,300.25,0.6373875402648477
ergo_nonadaptive,estimated,3605,300.33333333333337,0.6367782941815792
ergo_nonadaptive,estimated,3606,300.41666666666663,0.636316879872951
ergo_nonadaptive,estimated,3607,300.5,0.6360535912787815
ergo_nonadaptive,estimated,3608,300.58333333333337,0.6355936869066746
ergo_nonadaptive,estimated,3609,300.66666666666663,0.6352293972357435
ergo_nonadaptive,estimated,3610,300.75,0.6352609834707956
ergo_nonadaptive,estimated,3611,300.83333333333337,0.635156889467116
ergo_nonadaptive,estimated,3612,300.91666666666663,0.634835843682278
ergo_nonadaptive,estimated,3613,301.0,0.6347222418433599
ergo_nonadaptive,estimated,3614,301.08333333333337,0.634032428782606
ergo_nonadaptive,estimated,3615,301.16666666666663,0.6337033097783125
ergo_nonadaptive,estimated,3616,301.25,0.6337922100543909
ergo_nonadaptive,estimated,3617,301.33333333333337,0.6334576364300396
ergo_nonadaptive,estimated,3618,301.41666666666663,0.633328802714015
ergo_nonadaptive,estimated,3619,301.5,0.6333121164079196
ergo_nonadaptive,estimated,3620,301.58333333333337,0.6329496945243471
ergo_nonadaptive,estimated,3621,301.66666666666663,0.6330389501704714
ergo_nonadaptive,estimated,3622,301.75,0.6332490330791172
ergo_nonadaptive,estimated,3623,301.83333333333337,0.632401907897653
ergo_nonadaptive,estimated,3624,301.91666666666663,0.6324520079036986
ergo_nonadaptive,estimated,3625,302.0,0.6327171060903988
ergo_nonadaptive,estimated,3626,302.08333333333337,0.632834092585822
ergo_nonadaptive,estimated,3627,302.16666666666663,0.6328511626285684
ergo_nonadaptive,estimated,3628,302.25,0.6326327633296774
ergo_nonadaptive,estimated,3629,302.33333333333337,0.6325830090659654
ergo_nonadaptive,estimated,3630,302.41666666666663,0.632712508011701
ergo_nonadaptive,estimated,3631,302.5,0.6328953079040387
ergo_nonadaptive,estimated,3632,302.58333333333337,0.6329835809184363
ergo_nonadaptive,estimated,3633,302.66666666666663,0.6332870504077847
ergo_nonadaptive,estimated,3634,302.75,0.6333514300449532
ergo_nonadaptive,estimated,3635,302.83333333333337,0.6328435866721772
ergo_nonadaptive,estimated,3636,302.91666666666663,0.6329216986945958
ergo_nonadaptive,estimated,3637,303.0,0.6330437690159886
ergo_nonadaptive,estimated,3638,303.08333333333337,0.633013565624106
ergo_nonadaptive,estimated,3639,303.16666666666663,0.6329220089250045
ergo_nonadaptive,estimated,3640,303.25,0.6323471626297346
ergo_nonadaptive,estimated,3641,303.33333333333337,0.6323093348537977
ergo_nonadaptive,estimated,3642,303.41666666666663,0.6318168832276957
ergo_nonadaptive,estimated,3643,303.5,0.6319703995162316
ergo_nonadaptive,estimated,3644,303.58333333333337,0.6318167697594019
ergo_nonadaptive,estimated,3645,303.66666666666663,0.6314940074530028
ergo_nonadaptive,estimated,3646,303.75,0.6315211792743757
ergo_nonadaptive,estimated,3647,303.83333333333337,0.6307365667186414
ergo_nonadaptive,estimated,3648,303.91666666666663,0.63042365542345
ergo_nonadaptive,estimated,3649,304.0,0.6304476300934335
ergo_nonadaptive,estimated,3650,304.08333333333337,0.6293674341704204
ergo_nonadaptive,estimated,3651,304.16666666666663,0.6289732455567972
ergo_nonadaptive,estimated,3652,304.25,0.6274642067077234
ergo_nonadaptive,estimated,3653,304.33333333333337,0.6279552376291018
ergo_nonadaptive,estimated,3654,304.41666666666663,0.627416411164762
ergo_nonadaptive,estimated,3655,304.5,0.627407045857823
ergo_nonadaptive,estimated,3656,304.58333333333337,0.6253435808321558
ergo_nonadaptive,estimated,3657,304.66666666666663,0.6246324441793848
ergo_nonadaptive,estimated,3658,304.75,0.6219845175146886
ergo_nonadaptive,estimated,3659,304.83333333333337,0.622449759916473
ergo_nonadaptive,estimated,3660,304.91666666666663,0.6226008348699359
ergo_nonadaptive,estimated,3661,305.0,0.6184467801258806
ergo_nonadaptive,estimated,3662,305.08333333333337,0.6184462392088321
ergo_nonadaptive,estimated,3663,305.16666666666663,0.6192014503193175
ergo_nonadaptive,estimated,3664,305.25,0.6173858082802354
ergo_nonadaptive,estimated,3665,305.33333333333337,0.6180363349063571
ergo_nonadaptive,estimated,3666,305.41666666666663,0.6161123072638645
ergo_nonadaptive,estimated,3667,305.5,0.6137921139556721
ergo_nonadaptive,estimated,3668,305.58333333333337,0.613783252959739
ergo_nonadaptive,estimated,3669,305.66666666666663,0.6114725909163727
ergo_nonadaptive,estimated,3670,305.75,0.6119346612623114
ergo_nonadaptive,estimated,3671,305.83333333333337,0.6112499654405201
ergo_nonadaptive,estimated,3672,305.91666666666663,0.6122887927338763
ergo_nonadaptive,estimated,3673,306.0,0.611211236000038
ergo_nonadaptive,estimated,3674,306.08333333333337,0.6139854703536831
ergo_nonadaptive,estimated,3675,306.16666666666663,0.6107127485405797
ergo_nonadaptive,estimated,3676,306.25,0.6111596807972132
ergo_nonadaptive,estimated,3677,306.33333333333337,0.6103261975508312
ergo_nonadaptive,estimated,3678,306.41666666666663,0.6101208411956319
ergo_nonadaptive,estimated,3679,306.5,0.6103171492607752
ergo_nonadaptive,estimated,3680,306.58333333333337,0.6112588464435169
ergo_nonadaptive,estimated,3681,306.66666666666663,0.6133286444136736
ergo_nonadaptive,estimated,3682,306.75,0.6158581899440718
ergo_nonadaptive,estimated,3683,306.83333333333337,0.6166700472185795
ergo_nonadaptive,estimated,3684,306.91666666666663,0.6186248754631862
ergo_nonadaptive,estimated,3685,307.0,0.6203447003296774
ergo_nonadaptive,estimated,3686,307.08333333333337,0.6206372371537753
ergo_nonadaptive,estimated,3687,307.16666666666663,0.6199715934803227
ergo_nonadaptive,estimated,3688,307.25,0.6218178982769693
ergo_nonadaptive,estimated,3689,307.33333333333337,0.6214333163200054
ergo_nonadaptive,estimated,3690,307.41666666666663,0.6223740531581344
ergo_nonadaptive,estimated,3691,307.5,0.6223981259110943
ergo_nonadaptive,estimated,3692,307.58333333333337,0.6226095780005192
ergo_nonadaptive,estimated,3693,307.66666666666663,0.6238477713744842
ergo_nonadaptive,estimated,3694,307.75,0.624388956908675
ergo_nonadaptive,estimated,3695,307.83333333333337,0.6247453057537307
ergo_nonadaptive,estimated,3696,307.91666666666663,0.62511018241301
ergo_nonadaptive,estimated,3697,308.0,0.6251088750761766
ergo_nonadaptive,estimated,3698,308.08333333333337,0.6253510825091572
ergo_nonadaptive,estimated,3699,308.16666666666663,0.625611019757727
ergo_nonadaptive,estimated,3700,308.25,0.625655452318188
ergo_nonadaptive,estimated,3701,308.33333333333337,0.626219152992805
ergo_nonadaptive,estimated,3702,308.41666666666663,0.6268125258976777
ergo_nonadaptive,estimated,3703,308.5,0.6270695217698232
ergo_nonadaptive,estimated,3704,308.58333333333337,0.627277683277424
ergo_nonadaptive,estimated,3705,308.66666666666663,0.6270459731684419
ergo_nonadaptive,estimated,3706,308.75,0.6270136010317877
ergo_nonadaptive,estimated,3707,308.83333333333337,0.6276271005128308
ergo_nonadaptive,estimated,3708,308.91666666666663,0.6279798012431898
ergo_nonadaptive,estimated,3709,309.0,0.6282255233940521
ergo_nonadaptive,estimated,3710,309.08333333333337,0.6277158439895355
ergo_nonadaptive,estimated,3711,309.16666666666663,0.6280150491968157
ergo_nonadaptive,estimated,3712,309.25,0.6284937527246499
ergo_nonadaptive,estimated,3713,309.33333333333337,0.6287511188339605
ergo_nonadaptive,estimated,3714,309.41666666666663,0.6284548689732742
ergo_nonadaptive,estimated,3715,309.5,0.6290694386989271
ergo_nonadaptive,estimated,3716,309.58333333333337,0.6293613427657777
ergo_nonadaptive,estimated,3717,309.66666666666663,0.6290330139436731
ergo_nonadaptive,estimated,3718,309.75,0.6291355752000747
ergo_nonadaptive,estimated,3719,309.83333333333337,0.629507588137239
ergo_nonadaptive,estimated,3720,309.91666666666663,0.6298049795637675
ergo_nonadaptive,estimated,3721,310.0,0.6300332838807421
ergo_nonadaptive,estimated,3722,310.08333333333337,0.6306526227846716
ergo_nonadaptive,estimated,3723,310.16666666666663,0.6305937001966395
ergo_nonadaptive,estimated,3724,310.25,0.6303403077110995
ergo_nonadaptive,estimated,3725,310.33333333333337,0.6308390143240805
ergo_nonadaptive,estimated,3726,310.41666666666663,0.6313268624737127
ergo_nonadaptive,estimated,3727,310.5,0.6315470136672294
ergo_nonadaptive,estimated,3728,310.58333333333337,0.6317609788129368
ergo_nonadaptive,estimated,3729,310.66666666666663,0.6324854240706744
ergo_nonadaptive,estimated,3730,310.75,0.6324725196450509
ergo_nonadaptive,estimated,3731,310.83333333333337,0.6323085831544649
ergo_nonadaptive,estimated,3732,310.91666666666663,0.6327588173058439
ergo_nonadaptive,estimated,3733,311.0,0.6325801369071954
ergo_nonadaptive,estimated,3734,311.08333333333337,0.6334006233425655
ergo_nonadaptive,estimated,3735,311.16666666666663,0.6334658619851662
ergo_nonadaptive,estimated,3736,311.25,0.6334707991845889
ergo_nonadaptive,estimated,3737,311.33333333333337,0.6332385443996724
ergo_nonadaptive,estimated,3738,311.41666666666663,0.6335209971622566
ergo_nonadaptive,estimated,3739,311.5,0.6334345215308004
ergo_nonadaptive,estimated,3740,311.58333333333337,0.6337979072649335
ergo_nonadaptive,estimated,3741,311.66666666666663,0.6339074196198526
ergo_nonadaptive,estimated,3742,311.75,0.6341591166503682
ergo_nonadaptive,estimated,3743,311.83333333333337,0.6342899591022155
ergo_nonadaptive,estimated,3744,311.91666666666663,0.634556231928267
ergo_nonadaptive,estimated,3745,312.0,0.6351734819259248
ergo_nonadaptive,estimated,3746,312.08333333333337,0.6355107637644757
ergo_nonadaptive,estimated,3747,312.16666666666663,0.6351886571145383
ergo_nonadaptive,estimated,3748,312.25,0.6357613081897822
ergo_nonadaptive,estimated,3749,312.33333333333337,0.635451594000691
ergo_nonadaptive,estimated,3750,312.41666666666663,0.6359951546989968
ergo_nonadaptive,estimated,3751,312.5,0.6366589057109704
ergo_nonadaptive,estimated,3752,312.58333333333337,0.6377224077704923
ergo_nonadaptive,estimated,3753,312.66666666666663,0.6378450373402605
ergo_nonadaptive,estimated,3754,312.75,0.6386658648061395
ergo_nonadaptive,estimated,3755,312.83333333333337,0.6386906072017029
ergo_nonadaptive,estimated,3756,312.91666666666663,0.6386968562937905
ergo_nonadaptive,estimated,3757,313.0,0.6384627573115873
ergo_nonadaptive,estimated,3758,313.08333333333337,0.6383472771324517
ergo_nonadaptive,estimated,3759,313.16666666666663,0.6383026568523821
ergo_nonadaptive,estimated,3760,313.25,0.6385450364536976
ergo_nonadaptive,estimated,3761,313.33333333333337,0.6381367910792538
ergo_nonadaptive,estimated,3762,313.41666666666663,0.6381794355109003
ergo_nonadaptive,estimated,3763,313.5,0.6386033177732829
ergo_nonadaptive,estimated,3764,313.58333333333337,0.6387544903825405
ergo_nonadaptive,estimated,3765,313.66666666666663,0.6395431347672308
ergo_nonadaptive,estimated,3766,313.75,0.6396230206845311
ergo_nonadaptive,estimated,3767,313.83333333333337,0.6393348553671695
ergo_nonadaptive,estimated,3768,313.91666666666663,0.6402200412185477
ergo_nonadaptive,estimated,3769,314.0,0.6409866629044011
ergo_nonadaptive,estimated,3770,314.08333333333337,0.6408051119124079
ergo_nonadaptive,estimated,3771,314.16666666666663,0.6410053758590797
ergo_nonadaptive,estimated,3772,314.25,0.6411054360151998
ergo_nonadaptive,estimated,3773,314.33333333333337,0.6414088545998388
ergo_nonadaptive,estimated,3774,314.41666666666663,0.6413802324948253
ergo_nonadaptive,estimated,3775,314.5,0.6417755026694576
ergo_nonadaptive,estimated,3776,314.58333333333337,0.642081942753867
ergo_nonadaptive,estimated,3777,314.66666666666663,0.6422819330077535
ergo_nonadaptive,estimated,3778,314.75,0.642178646044979
ergo_nonadaptive,estimated,3779,314.83333333333337,0.6422517917069656
ergo_nonadaptive,estimated,3780,314.91666666666663,0.6420556641360594
ergo_nonadaptive,estimated,3781,315.0,0.6426463712989836
ergo_nonadaptive,estimated,3782,315.08333333333337,0.6431921151322052
ergo_nonadaptive,estimated,3783,315.16666666666663,0.6434361476731861
ergo_nonadaptive,estimated,3784,315.25,0.643425556519891
ergo_nonadaptive,estimated,3785,315.33333333333337,0.643857855578476
ergo_nonadaptive,estimated,3786,315.41666666666663,0.6439882108585276
ergo_nonadaptive,estimated,3787,315.5,0.6440539902967732
ergo_nonadaptive,estimated,3788,315.58333333333337,0.6441201928886591
ergo_nonadaptive,estimated,3789,315.66666666666663,0.6445549376495225
ergo_nonadaptive,estimated,3790,315.75,0.6446902209865146
ergo_nonadaptive,estimated,3791,315.83333333333337,0.6445862380168057
ergo_nonadaptive,estimated,3792,315.91666666666663,0.6446911885108348
ergo_nonadaptive,estimated,3793,316.0,0.6448435001255436
ergo_nonadaptive,estimated,3794,316.08333333333337,0.6448597745250338
ergo_nonadaptive,estimated,3795,316.16666666666663,0.6452427915832388
ergo_nonadaptive,estimated,3796,316.25,0.6457177674908189
ergo_nonadaptive,estimated,3797,316.33333333333337,0.6459497423889413
ergo_nonadaptive,estimated,3798,316.41666666666663,0.6461412621085775
ergo_nonadaptive,estimated,3799,316.5,0.6461736171520299
ergo_nonadaptive,estimated,3800,316.58333333333337,0.6462084039040606
ergo_nonadaptive,estimated,3801,316.66666666666663,0.6463755387207285
ergo_nonadaptive,estimated,3802,316.75,0.6463929898323143
ergo_nonadaptive,estimated,3803,316.83333333333337,0.6462846925113934
ergo_nonadaptive,estimated,3804,316.91666666666663,0.64637926574264
ergo_nonadaptive,estimated,3805,317.0,0.6466691224769274
ergo_nonadaptive,estimated,3806,317.08333333333337,0.6467460386504276
ergo_nonadaptive,estimated,3807,317.16666666666663,0.6469225667851196
ergo_nonadaptive,estimated,3808,317.25,0.647091349891304
ergo_nonadaptive,estimated,3809,317.33333333333337,0.6472813758778312
ergo_nonadaptive,estimated,3810,317.41666666666663,0.6474701522562496
ergo_nonadaptive,estimated,3811,317.5,0.6475261726418888
ergo_nonadaptive,estimated,3812,317.58333333333337,0.6477020748300665
ergo_nonadaptive,estimated,3813,317.66666666666663,0.6477436059975465
ergo_nonadaptive,estimated,3814,317.75,0.6478900102880233
ergo_nonadaptive,estimated,3815,317.83333333333337,0.6480472517978393
ergo_nonadaptive,estimated,3816,317.91666666666663,0.6480468402801872
ergo_nonadaptive,estimated,3817,318.0,0.6480430658051375
ergo_nonadaptive,estimated,3818,318.08333333333337,0.6482002029677267
ergo_nonadaptive,estimated,3819,318.16666666666663,0.6483165342381054
ergo_nonadaptive,estimated,3820,318.25,0.6484593707879014
ergo_nonadaptive,estimated,3821,318.33333333333337,0.6486046898440946
ergo_nonadaptive,estimated,3822,318.41666666666663,0.6484903125777577
ergo_nonadaptive,estimated,3823,318.5,0.6482091182279208
ergo_nonadaptive,estimated,3824,318.58333333333337,0.6481615127102618
ergo_nonadaptive,estimated,3825,318.66666666666663,0.6480388121185349
ergo_nonadaptive,estimated,3826,318.75,0.64760786186996
ergo_nonadaptive,estimated,3827,318.83333333333337,0.6467052260816487
ergo_nonadaptive,estimated,3828,318.91666666666663,0.6472133293447508
ergo_nonadaptive,estimated,3829,319.0,0.6464972670193766
ergo_nonadaptive,estimated,3830,319.08333333333337,0.6454833492283666
ergo_nonadaptive,estimated,3831,319.16666666666663,0.6447016046278015
ergo_nonadaptive,estimated,3832,319.25,0.6441617596034976
ergo_nonadaptive,estimated,3833,319.33333333333337,0.6428239696558
ergo_nonadaptive,estimated,3834,319.41666666666663,0.6404879863947103
ergo_nonadaptive,estimated,3835,319.5,0.6383943342162125
ergo_nonadaptive,estimated,3836,319.58333333333337,0.6383889599950618
ergo_nonadaptive,estimated,3837,319.66666666666663,0.6358378072213678
ergo_nonadaptive,estimated,3838,319.75,0.6349381214047845
ergo_nonadaptive,estimated,3839,319.83333333333337,0.6312766802939659
ergo_nonadaptive,estimated,3840,319.91666666666663,0.6288171843851664
ergo_nonadaptive,estimated,3841,320.0,0.6260466901371674
ergo_nonadaptive,estimated,3842,320.08333333333337,0.6255815279597259
ergo_nonadaptive,estimated,3843,320.16666666666663,0.6242565923869206
ergo_nonadaptive,estimated,3844,320.25,0.622410795923321
ergo_nonadaptive,estimated,3845,320.33333333333337,0.6235979747185738
ergo_nonadaptive,estimated,3846,320.41666666666663,0.6240524349636339
ergo_nonadaptive,estimated,3847,320.5,0.6252283488208291
ergo_nonadaptive,estimated,3848,320.58333333333337,0.6216311796747136
ergo_nonadaptive,estimated,3849,320.66666666666663,0.6211898115141663
ergo_nonadaptive,estimated,3850,320.75,0.6191626837603131
ergo_nonadaptive,estimated,3851,320.83333333333337,0.6159199097817981
ergo_nonadaptive,estimated,3852,320.91666666666663,0.6159582888782311
ergo_nonadaptive,estimated,3853,321.0,0.6161501777246827
ergo_nonadaptive,estimated,3854,321.08333333333337,0.6136391084332273
ergo_nonadaptive,estimated,3855,321.16666666666663,0.6122284119644245
ergo_nonadaptive,estimated,3856,321.25,0.6123159643150456
ergo_nonadaptive,estimated,3857,321.33333333333337,0.6113523061505811
ergo_nonadaptive,estimated,3858,321.41666666666663,0.6109546184205182
ergo_nonadaptive,estimated,3859,321.5,0.6107029280934445
ergo_nonadaptive,estimated,3860,321.58333333333337,0.6119275272973858
ergo_nonadaptive,estimated,3861,321.66666666666663,0.6134726602846831
ergo_nonadaptive,estimated,3862,321.75,0.6101686261142761
ergo_nonadaptive,estimated,3863,321.83333333333337,0.6091591407433593
ergo_nonadaptive,estimated,3864,321.91666666666663,0.6105346676879679
ergo_nonadaptive,estimated,3865,322.0,0.6105387995649841
ergo_nonadaptive,estimated,3866,322.08333333333337,0.610351260867566
ergo_nonadaptive,estimated,3867,322.16666666666663,0.6111276274826254
ergo_nonadaptive,estimated,3868,322.25,0.6100827919717486
ergo_nonadaptive,estimated,3869,322.33333333333337,0.6090104612007109
ergo_nonadaptive,estimated,3870,322.41666666666663,0.6070354017329651
ergo_nonadaptive,estimated,3871,322.5,0.6073609420218865
ergo_nonadaptive,estimated,3872,322.58333333333337,0.6079875366257006
ergo_nonadaptive,estimated,3873,322.66666666666663,0.6089306326081763
ergo_nonadaptive,estimated,3874,322.75,0.6088619638114456
ergo_nonadaptive,estimated,3875,322.83333333333337,0.609848245400732
ergo_nonadaptive,estimated,3876,322.91666666666663,0.6109351942587575
ergo_nonadaptive,estimated,3877,323.0,0.6108809824973028
ergo_nonadaptive,estimated,3878,323.08333333333337,0.6102942332208009
ergo_nonadaptive,estimated,3879,323.16666666666663,0.6105751641736112
ergo_nonadaptive,estimated,3880,323.25,0.6102848053617697
ergo_nonadaptive,estimated,3881,323.33333333333337,0.6098560413710329
ergo_nonadaptive,estimated,3882,323.41666666666663,0.6103543652828622
ergo_nonadaptive,estimated,3883,323.5,0.6110363970519183
ergo_nonadaptive,estimated,3884,323.58333333333337,0.612273364089083
ergo_nonadaptive,estimated,3885,323.66666666666663,0.6134025030422604
ergo_nonadaptive,estimated,3886,323.75,0.6138729130790445
ergo_nonadaptive,estimated,3887,323.83333333333337,0.6136783655382609
ergo_nonadaptive,estimated,3888,323.91666666666663,0.6139572688918904
ergo_nonadaptive,estimated,3889,324.0,0.614572764610154
ergo_nonadaptive,estimated,3890,324.08333333333337,0.6150665246418455
ergo_nonadaptive,estimated,3891,324.16666666666663,0.6152367173169028
ergo_nonadaptive,estimated,3892,324.25,0.6148306404037447
ergo_nonadaptive,estimated,3893,324.33333333333337,0.6153901178687526
ergo_nonadaptive,estimated,3894,324.41666666666663,0.6156275114519091
ergo_nonadaptive,estimated,3895,324.5,0.6166766412802824
ergo_nonadaptive,estimated,3896,324.58333333333337,0.6166208932288039
ergo_nonadaptive,estimated,3897,324.66666666666663,0.6169968245059976
ergo_nonadaptive,estimated,3898,324.75,0.6172428615932034
ergo_nonadaptive,estimated,3899,324.83333333333337,0.617768329968504
ergo_nonadaptive,estimated,3900,324.91666666666663,0.6183261284693574
ergo_nonadaptive,estimated,3901,325.0,0.6185587798621198
ergo_nonadaptive,estimated,3902,325.08333333333337,0.6189063989640023
ergo_nonadaptive,estimated,3903,325.16666666666663,0.6189471923736345
ergo_nonadaptive,estimated,3904,325.25,0.6194455390384661
ergo_nonadaptive,estimated,3905,325.33333333333337,0.6194410465139107
ergo_nonadaptive,estimated,3906,325.41666666666663,0.6194878002473866
ergo_nonadaptive,estimated,3907,325.5,0.6196253933971694
ergo_nonadaptive,estimated,3908,325.58333333333337,0.6202296087243239
ergo_nonadaptive,estimated,3909,325.66666666666663,0.6203469072925624
ergo_nonadaptive,estimated,3910,325.75,0.6206510994032685
ergo_nonadaptive,estimated,3911,325.83333333333337,0.6209274118030877
ergo_nonadaptive,estimated,3912,325.91666666666663,0.6205813659777374
ergo_nonadaptive,estimated,3913,326.0,0.6204590303807342
ergo_nonadaptive,estimated,3914,326.08333333333337,0.6209766178927248
ergo_nonadaptive,estimated,3915,326.16666666666663,0.6214288182475112
ergo_nonadaptive,estimated,3916,326.25,0.6214531438577837
ergo_nonadaptive,estimated,3917,326.33333333333337,0.6217940470481788
ergo_nonadaptive,estimated,3918,326.41666666666663,0.6220497953955095
ergo_nonadaptive,estimated,3919,326.5,0.6222751528082996
ergo_nonadaptive,estimated,3920,326.58333333333337,0.6225128311753462
ergo_nonadaptive,estimated,3921,326.66666666666663,0.622640182083692
ergo_nonadaptive,estimated,3922,326.75,0.6226719865446988
ergo_nonadaptive,estimated,3923,326.83333333333337,0.6228690352096451
ergo_nonadaptive,estimated,3924,326.91666666666663,0.622372654671156
ergo_nonadaptive,estimated,3925,327.0,0.6219260236112981
ergo_nonadaptive,estimated,3926,327.08333333333337,0.6215724224523445
ergo_nonadaptive,estimated,3927,327.16666666666663,0.6215947275142593
ergo_nonadaptive,estimated,3928,327.25,0.6210622903195102
ergo_nonadaptive,estimated,3929,327.33333333333337,0.6211014535635142
ergo_nonadaptive,estimated,3930,327.41666666666663,0.6218628996251659
ergo_nonadaptive,estimated,3931,327.5,0.6217605272073914
ergo_nonadaptive,estimated,3932,327.58333333333337,0.6209675582699151
ergo_nonadaptive,estimated,3933,327.66666666666663,0.6207943714644543
ergo_nonadaptive,estimated,3934,327.75,0.6206718529170687
ergo_nonadaptive,estimated,3935,327.83333333333337,0.6200101650092171
ergo_nonadaptive,estimated,3936,327.91666666666663,0.6199712804301031
ergo_nonadaptive,estimated,3937,328.0,0.6198253920959934
ergo_nonadaptive,estimated,3938,328.08333333333337,0.6193597122224541
ergo_nonadaptive,estimated,3939,328.16666666666663,0.6183143200570608
ergo_nonadaptive,estimated,3940,328.25,0.6187099287328207
ergo_nonadaptive,estimated,3941,328.33333333333337,0.6191293365233322
ergo_nonadaptive,estimated,3942,328.41666666666663,0.61993820194046
ergo_nonadaptive,estimated,3943,328.5,0.618630020900491
ergo_nonadaptive,estimated,3944,328.58333333333337,0.6181614753678916
ergo_nonadaptive,estimated,3945,328.66666666666663,0.6172568019305988
ergo_nonadaptive,estimated,3946,328.75,0.6172833070143545
ergo_nonadaptive,estimated,3947,328.83333333333337,0.6158823799506666
ergo_nonadaptive,estimated,3948,328.91666666666663,0.6139068726607
ergo_nonadaptive,estimated,3949,329.0,0.6136735731205629
ergo_nonadaptive,estimated,3950,329.08333333333337,0.610240504955655
ergo_nonadaptive,estimated,3951,329.16666666666663,0.6121842465582428
ergo_nonadaptive,estimated,3952,329.25,0.6106875172598699
ergo_nonadaptive,estimated,3953,329.33333333333337,0.6105079830923494
ergo_nonadaptive,estimated,3954,329.41666666666663,0.6130369668154352
ergo_nonadaptive,estimated,3955,329.5,0.6129650730111783
ergo_nonadaptive,estimated,3956,329.58333333333337,0.6124519917139651
ergo_nonadaptive,estimated,3957,329.66666666666663,0.6151284326604873
ergo_nonadaptive,estimated,3958,329.75,0.613215614404842
ergo_nonadaptive,estimated,3959,329.83333333333337,0.6148544958329331
ergo_nonadaptive,estimated,3960,329.91666666666663,0.6148342704767745
ergo_nonadaptive,estimated,3961,330.0,0.6105999162830252
ergo_nonadaptive,estimated,3962,330.08333333333337,0.6081950937142001
ergo_nonadaptive,estimated,3963,330.16666666666663,0.6110214728348526
ergo_nonadaptive,estimated,3964,330.25,0.6136546127600507
ergo_nonadaptive,estimated,3965,330.33333333333337,0.6140742693452439
ergo_nonadaptive,estimated,3966,330.41666666666663,0.6130921751911977
ergo_nonadaptive,estimated,3967,330.5,0.6160755101350914
ergo_nonadaptive,estimated,3968,330.58333333333337,0.6146255680262648
ergo_nonadaptive,estimated,3969,330.66666666666663,0.6138557364468225
ergo_nonadaptive,estimated,3970,330.75,0.6150341483304419
ergo_nonadaptive,estimated,3971,330.83333333333337,0.6152631116857802
ergo_nonadaptive,estimated,3972,330.91666666666663,0.6172628481192737
ergo_nonadaptive,estimated,3973,331.0,0.6211003192077419
ergo_nonadaptive,estimated,3974,331.08333333333337,0.6207787956652131
ergo_nonadaptive,estimated,3975,331.16666666666663,0.6210151548176364
ergo_nonadaptive,estimated,3976,331.25,0.6213281376705116
ergo_nonadaptive,estimated,3977,331.33333333333337,0.6229496337861994
ergo_nonadaptive,estimated,3978,331.41666666666663,0.6245727295954696
ergo_nonadaptive,estimated,3979,331.5,0.6256158678788608
ergo_nonadaptive,estimated,3980,331.58333333333337,0.6272896830261399
ergo_nonadaptive,estimated,3981,331.66666666666663,0.6288158551837482
ergo_nonadaptive,estimated,3982,331.75,0.6292469628219417
ergo_nonadaptive,estimated,3983,331.83333333333337,0.6285534343756727
ergo_nonadaptive,estimated,3984,331.91666666666663,0.6310126213351691
ergo_nonadaptive,estimated,3985,332.0,0.6303619561909369
ergo_nonadaptive,estimated,3986,332.08333333333337,0.631101288668942
ergo_nonadaptive,estimated,3987,332.16666666666663,0.631015298541686
ergo_nonadaptive,estimated,3988,332.25,0.6325530482664188
ergo_nonadaptive,estimated,3989,332.33333333333337,0.6326225883201928
ergo_nonadaptive,estimated,3990,332.41666666666663,0.6323734476053465
ergo_nonadaptive,estimated,3991,332.5,0.632720614570375
ergo_nonadaptive,estimated,3992,332.58333333333337,0.6347400709317168
ergo_nonadaptive,estimated,3993,332.66666666666663,0.6350406213339468
ergo_nonadaptive,estimated,3994,332.75,0.6344685630931922
ergo_nonadaptive,estimated,3995,332.83333333333337,0.6349337101419439
ergo_nonadaptive,estimated,3996,332.91666666666663,0.6347000598891998
ergo_nonadaptive,estimated,3997,333.0,0.6351708166753048
ergo_nonadaptive,estimated,3998,333.08333333333337,0.6350616712137407
ergo_nonadaptive,estimated,3999,333.16666666666663,0.6347424859198372
ergo_nonadaptive,estimated,4000,333.25,0.6353002096377021
ergo_nonadaptive,estimated,4001,333.33333333333337,0.6367172739229066
ergo_nonadaptive,estimated,4002,333.41666666666663,0.6360516222294558
ergo_nonadaptive,estimated,4003,333.5,0.6364967462184421
ergo_nonadaptive,estimated,4004,333.58333333333337,0.6356409966334918
ergo_nonadaptive,estimated,4005,333.66666666666663,0.6357591749581268
ergo_nonadaptive,estimated,4006,333.75,0.6360940556034168
ergo_nonadaptive,estimated,4007,333.83333333333337,0.6364365903428588
ergo_nonadaptive,estimated,4008,333.91666666666663,0.6367650865606468
ergo_nonadaptive,estimated,4009,334.0,0.6365316515474315
ergo_nonadaptive,estimated,4010,334.08333333333337,0.6365377216362088
ergo_nonadaptive,estimated,4011,334.16666666666663,0.6357654578484017
ergo_nonadaptive,estimated,4012,334.25,0.6346229042020174
ergo_nonadaptive,estimated,4013,334.33333333333337,0.6334635288944541
ergo_nonadaptive,estimated,4014,334.41666666666663,0.6325954125482357
ergo_nonadaptive,estimated,4015,334.5,0.6333746281977434
ergo_nonadaptive,estimated,4016,334.58333333333337,0.6328612341001537
ergo_nonadaptive,estimated,4017,334.66666666666663,0.6315110667537324
ergo_nonadaptive,estimated,4018,334.75,0.6295341385793747
ergo_nonadaptive,estimated,4019,334.83333333333337,0.6276205775653939
ergo_nonadaptive,estimated,4020,334.91666666666663,0.6292460313624731
ergo_nonadaptive,estimated,4021,335.0,0.6273704534258714
ergo_nonadaptive,estimated,4022,335.08333333333337,0.6297733543696225
ergo_nonadaptive,estimated,4023,335.16666666666663,0.6309412866352775
ergo_nonadaptive,estimated,4024,335.25,0.6270708983904949
ergo_nonadaptive,estimated,4025,335.33333333333337,0.6257427934535177
ergo_nonadaptive,estimated,4026,335.41666666666663,0.621412222218796
ergo_nonadaptive,estimated,4027,335.5,0.6213298381944421
ergo_nonadaptive,estimated,4028,335.58333333333337,0.6214492164033614
ergo_nonadaptive,estimated,4029,335.66666666666663,0.6218271161064833
ergo_nonadaptive,estimated,4030,335.75,0.6224863129395801
ergo_nonadaptive,estimated,4031,335.83333333333337,0.6231753765262705
ergo_nonadaptive,estimated,4032,335.91666666666663,0.6233295804464756
ergo_nonadaptive,estimated,4033,336.0,0.6232364204433004
ergo_nonadaptive,estimated,4034,336.08333333333337,0.6219869675216098
ergo_nonadaptive,estimated,4035,336.16666666666663,0.6216322092236695
ergo_nonadaptive,estimated,4036,336.25,0.6216286101374657
ergo_nonadaptive,estimated,4037,336.33333333333337,0.6231236465122129
ergo_nonadaptive,estimated,4038,336.41666666666663,0.6232634179440638
ergo_nonadaptive,estimated,4039,336.5,0.6242631016064437
ergo_nonadaptive,estimated,4040,336.58333333333337,0.6262612306664329
ergo_nonadaptive,estimated,4041,336.66666666666663,0.6265310830424095
ergo_nonadaptive,estimated,4042,336.75,0.6268182545527524
ergo_nonadaptive,estimated,4043,336.83333333333337,0.6277392685196332
ergo_nonadaptive,estimated,4044,336.91666666666663,0.6271594521213151
ergo_nonadaptive,estimated,4045,337.0,0.6288533521952836
ergo_nonadaptive,estimated,4046,337.08333333333337,0.6283616618411921
ergo_nonadaptive,estimated,4047,337.16666666666663,0.6291260973358345
ergo_nonadaptive,estimated,4048,337.25,0.629271994433256
ergo_nonadaptive,estimated,4049,337.33333333333337,0.6292389394791058
ergo_nonadaptive,estimated,4050,337.41666666666663,0.6302253303063247
ergo_nonadaptive,estimated,4051,337.5,0.6300471050923192
ergo_nonadaptive,estimated,4052,337.58333333333337,0.630366239768863
ergo_nonadaptive,estimated,4053,337.66666666666663,0.6308733950244088
ergo_nonadaptive,estimated,4054,337.75,0.6312207657230837
ergo_nonadaptive,estimated,4055,337.83333333333337,0.6311847593303094
ergo_nonadaptive,estimated,4056,337.91666666666663,0.6314806767027784
ergo_nonadaptive,estimated,4057,338.0,0.6315589398607876
ergo_nonadaptive,estimated,4058,338.08333333333337,0.6318120766349249
ergo_nonadaptive,estimated,4059,338.16666666666663,0.6317586772702617
ergo_nonadaptive,estimated,4060,338.25,0.6316622667653871
ergo_nonadaptive,estimated,4061,338.33333333333337,0.6320964065289918
ergo_nonadaptive,estimated,4062,338.41666666666663,0.6313779260577778
ergo_nonadaptive,estimated,4063,338.5,0.6306511034224795
ergo_nonadaptive,estimated,4064,338.58333333333337,0.6304995676478613
ergo_nonadaptive,estimated,4065,338.66666666666663,0.6313325016114757
ergo_nonadaptive,estimated,4066,338.75,0.6316895877400092
ergo_nonadaptive,estimated,4067,338.83333333333337,0.6316366649160152
ergo_nonadaptive,estimated,4068,338.91666666666663,0.6318362379710167
ergo_nonadaptive,estimated,4069,339.0,0.6317285741066987
ergo_nonadaptive,estimated,4070,339.08333333333337,0.6323605160938891
ergo_nonadaptive,estimated,4071,339.16666666666663,0.6319761940320138
ergo_nonadaptive,estimated,4072,339.25,0.6318605242631607
ergo_nonadaptive,estimated,4073,339.33333333333337,0.6313466554802101
ergo_nonadaptive,estimated,4074,339.41666666666663,0.6309004616086629
ergo_nonadaptive,estimated,4075,339.5,0.6313537137479138
ergo_nonadaptive,estimated,4076,339.58333333333337,0.6310486377455744
ergo_nonadaptive,estimated,4077,339.66666666666663,0.6305908850999407
ergo_nonadaptive,estimated,4078,339.75,0.6315334575383353
ergo_nonadaptive,estimated,4079,339.83333333333337,0.6311663834553827
ergo_nonadaptive,estimated,4080,339.91666666666663,0.6312440542592829
ergo_nonadaptive,estimated,4081,340.0,0.6311943345697364
ergo_nonadaptive,estimated,4082,340.08333333333337,0.6317897557182522
ergo_nonadaptive,estimated,4083,340.16666666666663,0.6314741937720008
ergo_nonadaptive,estimated,4084,340.25,0.630705216498429
ergo_nonadaptive,estimated,4085,340.33333333333337,0.6315533422928645
ergo_nonadaptive,estimated,4086,340.41666666666663,0.6306838711158602
ergo_nonadaptive,estimated,4087,340.5,0.6303044819986857
ergo_nonadaptive,estimated,4088,340.58333333333337,0.6303300002818619
ergo_nonadaptive,estimated,4089,340.66666666666663,0.6295742075649569
ergo_nonadaptive,estimated,4090,340.75,0.6292028083597636
ergo_nonadaptive,estimated,4091,340.83333333333337,0.629572362226443
ergo_nonadaptive,estimated,4092,340.91666666666663,0.6301870957397518
ergo_nonadaptive,estimated,4093,341.0,0.6316376341750144
ergo_nonadaptive,estimated,4094,341.08333333333337,0.6313868896627584
ergo_nonadaptive,estimated,4095,341.16666666666663,0.6309711982927654
ergo_nonadaptive,estimated,4096,341.25,0.6303232818641559
ergo_nonadaptive,estimated,4097,341.33333333333337,0.6311597353326215
ergo_nonadaptive,estimated,4098,341.41666666666663,0.6313152546599274
ergo_nonadaptive,estimated,4099,341.5,0.6313419024242788
ergo_nonadaptive,estimated,4100,341.58333333333337,0.630996428849762
ergo_nonadaptive,estimated,4101,341.66666666666663,0.6315218669198663
ergo_nonadaptive,estimated,4102,341.75,0.6315198830647119
ergo_nonadaptive,estimated,4103,341.83333333333337,0.6316787479797789
ergo_nonadaptive,estimated,4104,341.91666666666663,0.6309554301361638
ergo_nonadaptive,estimated,4105,342.0,0.6310920361977975
ergo_nonadaptive,estimated,4106,342.08333333333337,0.6313518972441226
ergo_nonadaptive,estimated,4107,342.16666666666663,0.6309374234277779
ergo_nonadaptive,estimated,4108,342.25,0.6320718883138253
ergo_nonadaptive,estimated,4109,342.33333333333337,0.6311823889043422
ergo_nonadaptive,estimated,4110,342.41666666666663,0.6317864045458061
ergo_nonadaptive,estimated,4111,342.5,0.6327977037066803
ergo_nonadaptive,estimated,4112,342.58333333333337,0.6316638695967218
ergo_nonadaptive,estimated,4113,342.66666666666663,0.6308927262958343
ergo_nonadaptive,estimated,4114,342.75,0.6323459759129446
ergo_nonadaptive,estimated,4115,342.83333333333337,0.6352230152921243
ergo_nonadaptive,estimated,4116,342.91666666666663,0.6366257396089813
ergo_nonadaptive,estimated,4117,343.0,0.6366835353809259
ergo_nonadaptive,estimated,4118,343.08333333333337,0.6360581648486212
ergo_nonadaptive,estimated,4119,343.16666666666663,0.6364836225322418
ergo_nonadaptive,estimated,4120,343.25,0.6362446948856145
ergo_nonadaptive,estimated,4121,343.33333333333337,0.6372042608628603
ergo_nonadaptive,estimated,4122,343.41666666666663,0.6377596399375547
ergo_nonadaptive,estimated,4123,343.5,0.638152541639085
ergo_nonadaptive,estimated,4124,343.58333333333337,0.6387347023329703
ergo_nonadaptive,estimated,4125,343.66666666666663,0.6399957523319622
ergo_nonadaptive,estimated,4126,343.75,0.6396279633276167
ergo_nonadaptive,estimated,4127,343.83333333333337,0.6392546340311757
ergo_nonadaptive,estimated,4128,343.91666666666663,0.6393047625939136
ergo_nonadaptive,estimated,4129,344.0,0.6392383297060092
ergo_nonadaptive,estimated,4130,344.08333333333337,0.6391142148733395
ergo_nonadaptive,estimated,4131,344.16666666666663,0.6405171847315282
ergo_nonadaptive,estimated,4132,344.25,0.6415075836075975
ergo_nonadaptive,estimated,4133,344.33333333333337,0.6419561433960052
ergo_nonadaptive,estimated,4134,344.41666666666663,0.6418246818307943
ergo_nonadaptive,estimated,4135,344.5,0.6420917954299274
ergo_nonadaptive,estimated,4136,344.58333333333337,0.64228515478993
ergo_nonadaptive,estimated,4137,344.66666666666663,0.6425538553013785
ergo_nonadaptive,estimated,4138,344.75,0.6429017222471266
ergo_nonadaptive,estimated,4139,344.83333333333337,0.6428014252607733
ergo_nonadaptive,estimated,4140,344.91666666666663,0.6428877714104886
ergo_nonadaptive,estimated,4141,345.0,0.6428912609286194
ergo_nonadaptive,estimated,4142,345.08333333333337,0.6430584428717455
ergo_nonadaptive,estimated,4143,345.16666666666663,0.6431641556452322
ergo_nonadaptive,estimated,4144,345.25,0.6434452712226091
ergo_nonadaptive,estimated,4145,345.33333333333337,0.6433930874034512
ergo_nonadaptive,estimated,4146,345.41666666666663,0.6437971109860403
ergo_nonadaptive,estimated,4147,345.5,0.6435956656457995
ergo_nonadaptive,estimated,4148,345.58333333333337,0.6436914150236664
ergo_nonadaptive,estimated,4149,345.66666666666663,0.643588500075426
ergo_nonadaptive,estimated,4150,345.75,0.6441351393489428
ergo_nonadaptive,estimated,4151,345.83333333333337,0.6443957501722735
ergo_nonadaptive,estimated,4152,345.91666666666663,0.6447048688103012
ergo_nonadaptive,estimated,4153,346.0,0.6446185106607472
ergo_nonadaptive,estimated,4154,346.08333333333337,0.6445773411757905
ergo_nonadaptive,estimated,4155,346.16666666666663,0.6445133153338626
ergo_nonadaptive,estimated,4156,346.25,0.6448637654530365
ergo_nonadaptive,estimated,4157,346.33333333333337,0.644977392638993
ergo_nonadaptive,estimated,4158,346.41666666666663,0.6451845162766711
ergo_nonadaptive,estimated,4159,346.5,0.6449767565257091
ergo_nonadaptive,estimated,4160,346.58333333333337,0.6452306907027441
ergo_nonadaptive,estimated,4161,346.66666666666663,0.6454347049673299
ergo_nonadaptive,estimated,4162,346.75,0.6452023015427006
ergo_nonadaptive,estimated,4163,346.83333333333337,0.6451025236346594
ergo_nonadaptive,estimated,4164,346.91666666666663,0.645382347215392
ergo_nonadaptive,estimated,4165,347.0,0.6457276125562322
ergo_nonadaptive,estimated,4166,347.08333333333337,0.6461272572232942
ergo_nonadaptive,estimated,4167,347.16666666666663,0.6464904499546317
ergo_nonadaptive,estimated,4168,347.25,0.6464905226381144
ergo_nonadaptive,estimated,4169,347.33333333333337,0.6465386497259064
ergo_nonadaptive,estimated,4170,347.41666666666663,0.6468832470722442
ergo_nonadaptive,estimated,4171,347.5,0.6470494887771866
ergo_nonadaptive,estimated,4172,347.58333333333337,0.6471126720151572
ergo_nonadaptive,estimated,4173,347.66666666666663,0.6471965397507834
ergo_nonadaptive,estimated,4174,347.75,0.6473733408294489
ergo_nonadaptive,estimated,4175,347.83333333333337,0.6474748329770393
ergo_nonadaptive,estimated,4176,347.91666666666663,0.6474576068781905
ergo_nonadaptive,estimated,4177,348.0,0.6473978381198812
ergo_nonadaptive,estimated,4178,348.08333333333337,0.6476534183007867
ergo_nonadaptive,estimated,4179,348.16666666666663,0.6478127287334984
ergo_nonadaptive,estimated,4180,348.25,0.6478346569325056
ergo_nonadaptive,estimated,4181,348.33333333333337,0.6480737008122196
ergo_nonadaptive,estimated,4182,348.41666666666663,0.6481873240893917
ergo_nonadaptive,estimated,4183,348.5,0.6483973835832827
ergo_nonadaptive,estimated,4184,348.58333333333337,0.6485395148695949
ergo_nonadaptive,estimated,4185,348.66666666666663,0.6487370679943749
ergo_nonadaptive,estimated,4186,348.75,0.649023386626024
ergo_nonadaptive,estimated,4187,348.83333333333337,0.6490017814222447
ergo_nonadaptive,estimated,4188,348.91666666666663,0.6491398496906493
ergo_nonadaptive,estimated,4189,349.0,0.6494081291326536
ergo_nonadaptive,estimated,4190,349.08333333333337,0.649476152405477
ergo_nonadaptive,estimated,4191,349.16666666666663,0.6497152645219418
ergo_nonadaptive,estimated,4192,349.25,0.649911336399799
ergo_nonadaptive,estimated,4193,349.33333333333337,0.6499907261267159
ergo_nonadaptive,estimated,4194,349.41666666666663,0.6500609100035365
ergo_nonadaptive,estimated,4195,349.5,0.6501603678363859
ergo_nonadaptive,estimated,4196,349.58333333333337,0.6503475298738137
ergo_nonadaptive,estimated,4197,349.66666666666663,0.650388360367086
ergo_nonadaptive,estimated,4198,349.75,0.650229035753641
ergo_nonadaptive,estimated,4199,349.83333333333337,0.650000912214668
ergo_nonadaptive,estimated,4200,349.91666666666663,0.6499015123009563
ergo_nonadaptive,estimated,4201,350.0,0.6500613085426988
ergo_nonadaptive,estimated,4202,350.08333333333337,0.6500769999208696
ergo_nonadaptive,estimated,4203,350.16666666666663,0.6501519665743025
ergo_nonadaptive,estimated,4204,350.25,0.6502647180547954
ergo_nonadaptive,estimated,4205,350.33333333333337,0.6500997517399194
ergo_nonadaptive,estimated,4206,350.41666666666663,0.6501122691871022
ergo_nonadaptive,estimated,4207,350.5,0.6501131111405409
ergo_nonadaptive,estimated,4208,350.58333333333337,0.6503622658542791
ergo_nonadaptive,estimated,4209,350.66666666666663,0.6505219659774313
ergo_nonadaptive,estimated,4210,350.75,0.6505699685585821
ergo_nonadaptive,estimated,4211,350.83333333333337,0.6506378413504048
ergo_nonadaptive,estimated,4212,350.91666666666663,0.6508033423407207
ergo_nonadaptive,estimated,4213,351.0,0.6508447391807032
ergo_nonadaptive,estimated,4214,351.08333333333337,0.6507154086686413
ergo_nonadaptive,estimated,4215,351.16666666666663,0.6505706991487152
ergo_nonadaptive,estimated,4216,351.25,0.6504906772651357
ergo_nonadaptive,estimated,4217,351.33333333333337,0.6503132026102937
ergo_nonadaptive,estimated,4218,351.41666666666663,0.650215801714335
ergo_nonadaptive,estimated,4219,351.5,0.6501090965050144
ergo_nonadaptive,estimated,4220,351.58333333333337,0.6500487976885369
ergo_nonadaptive,estimated,4221,351.66666666666663,0.6500563082752464
ergo_nonadaptive,estimated,4222,351.75,0.6498968956150797
ergo_nonadaptive,estimated,4223,351.83333333333337,0.6497412606726445
ergo_nonadaptive,estimated,4224,351.91666666666663,0.6497041867225287
ergo_nonadaptive,estimated,4225,352.0,0.6495928472523796
ergo_nonadaptive,estimated,4226,352.08333333333337,0.6494811749165418
ergo_nonadaptive,estimated,4227,352.16666666666663,0.6493795583477182
ergo_nonadaptive,estimated,4228,352.25,0.6493233145199232
ergo_nonadaptive,estimated,4229,352.33333333333337,0.6492524125896024
ergo_nonadaptive,estimated,4230,352.41666666666663,0.6491354915366263
ergo_nonadaptive,estimated,4231,352.5,0.6488915144818789
ergo_nonadaptive,estimated,4232,352.58333333333337,0.6485893046895359
ergo_nonadaptive,estimated,4233,352.66666666666663,0.648070473419308
ergo_nonadaptive,estimated,4234,352.75,0.6475081834555364
ergo_nonadaptive,estimated,4235,352.83333333333337,0.646987936852094
ergo_nonadaptive,estimated,4236,352.91666666666663,0.6464254423045878
ergo_nonadaptive,estimated,4237,353.0,0.6459321484020368
ergo_nonadaptive,estimated,4238,353.08333333333337,0.645363472784823
ergo_nonadaptive,estimated,4239,353.16666666666663,0.6448394046747901
ergo_nonadaptive,estimated,4240,353.25,0.6443793738177003
ergo_nonadaptive,estimated,4241,353.33333333333337,0.6439494082434424
ergo_nonadaptive,estimated,4242,353.41666666666663,0.6434768050232933
ergo_nonadaptive,estimated,4243,353.5,0.6430146965942589
ergo_nonadaptive,estimated,4244,353.58333333333337,0.6425207756333422
ergo_nonadaptive,estimated,4245,353.66666666666663,0.6421225764777796
ergo_nonadaptive,estimated,4246,353.75,0.6416914621407642
ergo_nonadaptive,estimated,4247,353.83333333333337,0.64134358791505
ergo_nonadaptive,estimated,4248,353.91666666666663,0.6409305246149715
ergo_nonadaptive,estimated,4249,354.0,0.6405684520303668
ergo_nonadaptive,estimated,4250,354.08333333333337,0.6401237673433716
ergo_nonadaptive,estimated,4251,354.16666666666663,0.6397308961209531
ergo_nonadaptive,estimated,4252,354.25,0.6393183178476605
ergo_nonadaptive,estimated,4253,354.33333333333337,0.6388730829110388
ergo_nonadaptive,estimated,4254,354.41666666666663,0.6383738840883075
ergo_nonadaptive,estimated,4255,354.5,0.6379482450787152
ergo_nonadaptive,estimated,4256,354.58333333333337,0.6375704396567861
ergo_nonadaptive,estimated,4257,354.66666666666663,0.6372007962282384
ergo_nonadaptive,estimated,4258,354.75,0.6367855378081095
ergo_nonadaptive,estimated,4259,354.83333333333337,0.636455412107613
ergo_nonadaptive,estimated,4260,354.91666666666663,0.6360237564474112
ergo_nonadaptive,estimated,4261,355.0,0.6356620798973794
ergo_nonadaptive,estimated,4262,355.08333333333337,0.6353116458825183
ergo_nonadaptive,estimated,4263,355.16666666666663,0.6349160941604011
ergo_nonadaptive,estimated,4264,355.25,0.6345602541519941
ergo_nonadaptive,estimated,4265,355.33333333333337,0.634509818470129
ergo_nonadaptive,estimated,4266,355.41666666666663,0.6345067134620438
ergo_nonadaptive,estimated,4267,355.5,0.6346517556485068
ergo_nonadaptive,estimated,4268,355.58333333333337,0.6346672836379126
ergo_nonadaptive,estimated,4269,355.66666666666663,0.6345618198614686
ergo_nonadaptive,estimated,4270,355.75,0.6344798869832277
ergo_nonadaptive,estimated,4271,355.83333333333337,0.6345384606696745
ergo_nonadaptive,estimated,4272,355.91666666666663,0.6346759614173731
ergo_nonadaptive,estimated,4273,356.0,0.634632313157187
ergo_nonadaptive,estimated,4274,356.08333333333337,0.6347211624946942
ergo_nonadaptive,estimated,4275,356.16666666666663,0.6347618756179553
ergo_nonadaptive,estimated,4276,356.25,0.6348588714121561
ergo_nonadaptive,estimated,4277,356.33333333333337,0.6348859362964709
ergo_nonadaptive,estimated,4278,356.41666666666663,0.6348006277293183
ergo_nonadaptive,estimated,4279,356.5,0.634549026523029
ergo_nonadaptive,estimated,4280,356.58333333333337,0.6345394188238407
ergo_nonadaptive,estimated,4281,356.66666666666663,0.6345369623835247
ergo_nonadaptive,estimated,4282,356.75,0.6344959691098703
ergo_nonadaptive,estimated,4283,356.83333333333337,0.6346228804968649
ergo_nonadaptive,estimated,4284,356.91666666666663,0.6348394958871142
ergo_nonadaptive,estimated,4285,357.0,0.634372192374941
ergo_nonadaptive,estimated,4286,357.08333333333337,0.6348342539030043
ergo_nonadaptive,estimated,4287,357.16666666666663,0.6345078809789225
ergo_nonadaptive,estimated,4288,357.25,0.6347493436497886
ergo_nonadaptive,estimated,4289,357.33333333333337,0.6346629223643167
ergo_nonadaptive,estimated,4290,357.41666666666663,0.6347066738723598
ergo_nonadaptive,estimated,4291,357.5,0.6349443157545464
ergo_nonadaptive,estimated,4292,357.58333333333337,0.6344548114928616
ergo_nonadaptive,estimated,4293,357.66666666666663,0.6337906839871928
ergo_nonadaptive,estimated,4294,357.75,0.6333767879338614
ergo_nonadaptive,estimated,4295,357.83333333333337,0.6326715924495865
ergo_nonadaptive,estimated,4296,357.91666666666663,0.6322158202400141
ergo_nonadaptive,estimated,4297,358.0,0.6326807085783913
ergo_nonadaptive,estimated,4298,358.08333333333337,0.6330460114991076
ergo_nonadaptive,estimated,4299,358.16666666666663,0.6332351548279613
ergo_nonadaptive,estimated,4300,358.25,0.6335311051727816
ergo_nonadaptive,estimated,4301,358.33333333333337,0.6333417357932338
ergo_nonadaptive,estimated,4302,358.41666666666663,0.6320303801380859
ergo_nonadaptive,estimated,4303,358.5,0.6314976524117434
ergo_nonadaptive,estimated,4304,358.58333333333337,0.6322890957812306
ergo_nonadaptive,estimated,4305,358.66666666666663,0.6327319174617838
ergo_nonadaptive,estimated,4306,358.75,0.6342952970547634
ergo_nonadaptive,estimated,4307,358.83333333333337,0.6338452901059417
ergo_nonadaptive,estimated,4308,358.91666666666663,0.6337483283168638
ergo_nonadaptive,estimated,4309,359.0,0.6346538466766114
ergo_nonadaptive,estimated,4310,359.08333333333337,0.6348468549725225
ergo_nonadaptive,estimated,4311,359.16666666666663,0.6362417859670062
ergo_nonadaptive,estimated,4312,359.25,0.6359927282693447
ergo_nonadaptive,estimated,4313,359.33333333333337,0.6357330484511682
ergo_nonadaptive,estimated,4314,359.41666666666663,0.6360833007459691
ergo_nonadaptive,estimated,4315,359.5,0.6370409308189914
ergo_nonadaptive,estimated,4316,359.58333333333337,0.637487503202017
ergo_nonadaptive,estimated,4317,359.66666666666663,0.6380200797176913
ergo_nonadaptive,estimated,4318,359.75,0.6384076171023715
ergo_nonadaptive,estimated,4319,359.83333333333337,0.6383246975751669
ergo_nonadaptive,estimated,4320,359.91666666666663,0.6384532071317625
ergo_nonadaptive,estimated,4321,360.0,0.6388343243561396
ergo_nonadaptive,gt,1,0.0,0.5298262477282941
ergo_nonadaptive,gt,2,0.08333333333337123,0.5390034563661772
ergo_nonadaptive,gt,3,0.16666666666662877,0.5414296693375765
ergo_nonadaptive,gt,4,0.25,0.5427709262163375
ergo_nonadaptive,gt,5,0.33333333333337123,0.5437481280440201
ergo_nonadaptive,gt,6,0.41666666666662877,0.5445486058843735
ergo_nonadaptive,gt,7,0.5,0.5452343484341046
ergo_nonadaptive,gt,8,0.5833333333333712,0.5458299485864468
ergo_nonadaptive,gt,9,0.6666666666666288,0.5463495984649417
ergo_nonadaptive,gt,10,0.75,0.5468043724888632
ergo_nonadaptive,gt,11,0.8333333333333712,0.5472017369752512
ergo_nonadaptive,gt,12,0.9166666666666288,0.5475434670251115
ergo_nonadaptive,gt,13,1.0,0.5478259903993905
ergo_nonadaptive,gt,14,1.0833333333333712,0.5480475939010574
ergo_nonadaptive,gt,15,1.1666666666666288,0.5482458335833236
ergo_nonadaptive,gt,16,1.25,0.5485270313503049
ergo_nonadaptive,gt,17,1.3333333333333712,0.5489312071677523
ergo_nonadaptive,gt,18,1.4166666666666288,0.5494304166514281
ergo_nonadaptive,gt,19,1.5,0.5499733996918023
ergo_nonadaptive,gt,20,1.5833333333333712,0.5505135988239361
ergo_nonadaptive,gt,21,1.6666666666666288,0.5510215506201621
ergo_nonadaptive,gt,22,1.75,0.5514821180876355
ergo_nonadaptive,gt,23,1.8333333333333712,0.5518862096063739
ergo_nonadaptive,gt,24,1.9166666666666288,0.5522284245280785
ergo_nonadaptive,gt,25,2.0,0.5525252186964622
ergo_nonadaptive,gt,26,2.0833333333333712,0.5528485568684777
ergo_nonadaptive,gt,27,2.1666666666666288,0.5532651923025619
ergo_nonadaptive,gt,28,2.25,0.5537665602731163
ergo_nonadaptive,gt,29,2.3333333333333712,0.5542951083245792
ergo_nonadaptive,gt,30,2.4166666666666288,0.5547920320232934
ergo_nonadaptive,gt,31,2.5,0.555238054469377
ergo_nonadaptive,gt,32,2.5833333333333712,0.5556654748132316
ergo_nonadaptive,gt,33,2.6666666666666288,0.5561217422959562
ergo_nonadaptive,gt,34,2.75,0.5566237113145593
ergo_nonadaptive,gt,35,2.8333333333333712,0.5571539539971921
ergo_nonadaptive,gt,36,2.9166666666666288,0.5576788514191988
ergo_nonadaptive,gt,37,3.0,0.5581664840384222
ergo_nonadaptive,gt,38,3.0833333333333712,0.5586025004726065
ergo_nonadaptive,gt,39,3.1666666666666288,0.5590076475011627
ergo_nonadaptive,gt,40,3.25,0.5594381590438111
ergo_nonadaptive,gt,41,3.3333333333333712,0.5599284934812714
ergo_nonadaptive,gt,42,3.4166666666666288,0.5604455506328598
ergo_nonadaptive,gt,43,3.5,0.5609112576729334
ergo_nonadaptive,gt,44,3.5833333333333712,0.5612500246363076
ergo_nonadaptive,gt,45,3.6666666666666288,0.5615935924412532
ergo_nonadaptive,gt,46,3.75,0.562109308587812
ergo_nonadaptive,gt,47,3.8333333333333712,0.5627325863119118
ergo_nonadaptive,gt,48,3.9166666666666288,0.5633435616065223
ergo_nonadaptive,gt,49,4.0,0.5638636846551296
ergo_nonadaptive,gt,50,4.083333333333371,0.5643295171710193
ergo_nonadaptive,gt,51,4.166666666666629,0.564842370244242
ergo_nonadaptive,gt,52,4.25,0.5654233740506057
ergo_nonadaptive,gt,53,4.333333333333371,0.5660147351649714
ergo_nonadaptive,gt,54,4.416666666666629,0.5665587845830217
ergo_nonadaptive,gt,55,4.5,0.5670624527970106
ergo_nonadaptive,gt,56,4.583333333333371,0.5675803907815872
ergo_nonadaptive,gt,57,4.666666666666629,0.5681376734042329
ergo_nonadaptive,gt,58,4.75,0.5687010429537318
ergo_nonadaptive,gt,59,4.833333333333371,0.5692254416498799
ergo_nonadaptive,gt,60,4.916666666666629,0.5697178879048541
ergo_nonadaptive,gt,61,5.0,0.5702322773937846
ergo_nonadaptive,gt,62,5.083333333333371,0.5707868495619747
ergo_nonadaptive,gt,63,5.166666666666629,0.5713286994065708
ergo_nonadaptive,gt,64,5.25,0.5718035509882223
ergo_nonadaptive,gt,65,5.333333333333371,0.5722626286670616
ergo_nonadaptive,gt,66,5.416666666666629,0.5727965228816572
ergo_nonadaptive,gt,67,5.5,0.573367456142316
ergo_nonadaptive,gt,68,5.583333333333371,0.5738521728609918
ergo_nonadaptive,gt,69,5.666666666666629,0.574232325001077
ergo_nonadaptive,gt,70,5.75,0.5747337819059996
ergo_nonadaptive,gt,71,5.833333333333371,0.5753399435932236
ergo_nonadaptive,gt,72,5.916666666666629,0.5758914750848149
ergo_nonadaptive,gt,73,6.0,0.5763015453010232
ergo_nonadaptive,gt,74,6.083333333333371,0.5767545294104505
ergo_nonadaptive,gt,75,6.166666666666629,0.5773188996057225
ergo_nonadaptive,gt,76,6.25,0.5778866756688732
ergo_nonadaptive,gt,77,6.333333333333371,0.5783683883223989
ergo_nonadaptive,gt,78,6.416666666666629,0.5788066260984064
ergo_nonadaptive,gt,79,6.5,0.579281067067085
ergo_nonadaptive,gt,80,6.583333333333371,0.5797774832798397
ergo_nonadaptive,gt,81,6.666666666666629,0.5802331714798189
ergo_nonadaptive,gt,82,6.75,0.5806361189737809
ergo_nonadaptive,gt,83,6.833333333333371,0.5810381707430957
ergo_nonadaptive,gt,84,6.916666666666629,0.5814638208514703
ergo_nonadaptive,gt,85,7.0,0.5818712625197991
ergo_nonadaptive,gt,86,7.083333333333371,0.5822174146297437
ergo_nonadaptive,gt,87,7.166666666666629,0.5825024240513629
ergo_nonadaptive,gt,88,7.25,0.5827393093513346
ergo_nonadaptive,gt,89,7.333333333333371,0.5829591617755995
ergo_nonadaptive,gt,90,7.416666666666629,0.5831968844291225
ergo_nonadaptive,gt,91,7.5,0.5834372685154351
ergo_nonadaptive,gt,92,7.583333333333371,0.5836341498425911
ergo_nonadaptive,gt,93,7.666666666666629,0.5837774951888159
ergo_nonadaptive,gt,94,7.75,0.5839173308236536
ergo_nonadaptive,gt,95,7.833333333333371,0.5840856660641426
ergo_nonadaptive,gt,96,7.916666666666629,0.584241385692338
ergo_nonadaptive,gt,97,8.0,0.5843145299379239
ergo_nonadaptive,gt,98,8.083333333333371,0.5843661490202426
ergo_nonadaptive,gt,99,8.166666666666629,0.5845251114747027
ergo_nonadaptive,gt,100,8.25,0.5847388611078101
ergo_nonadaptive,gt,101,8.333333333333371,0.5849202225541856
ergo_nonadaptive,gt,102,8.416666666666629,0.5850670797439003
ergo_nonadaptive,gt,103,8.5,0.585232276327597
ergo_nonadaptive,gt,104,8.583333333333371,0.585424763907949
ergo_nonadaptive,gt,105,8.666666666666629,0.5856144528580126
ergo_nonadaptive,gt,106,8.75,0.5857583435652148
ergo_nonadaptive,gt,107,8.833333333333371,0.5858379498569479
ergo_nonadaptive,gt,108,8.916666666666629,0.5859459938941327
ergo_nonadaptive,gt,109,9.0,0.5861413073240701
ergo_nonadaptive,gt,110,9.083333333333371,0.5863575395227486
ergo_nonadaptive,gt,111,9.166666666666629,0.5865366250011623
ergo_nonadaptive,gt,112,9.25,0.5867183274285586
ergo_nonadaptive,gt,113,9.333333333333371,0.586943479088786
ergo_nonadaptive,gt,114,9.416666666666629,0.5871948786352299
ergo_nonadaptive,gt,115,9.5,0.5874304859753308
ergo_nonadaptive,gt,116,9.583333333333371,0.5876036503772295
ergo_nonadaptive,gt,117,9.666666666666629,0.587726166824623
ergo_nonadaptive,gt,118,9.75,0.5879329765146735
ergo_nonadaptive,gt,119,9.833333333333371,0.5882331124603236
ergo_nonadaptive,gt,120,9.916666666666629,0.5885337530050947
ergo_nonadaptive,gt,121,10.0,0.5888002307249858
ergo_nonadaptive,gt,122,10.083333333333371,0.5890831658972858
ergo_nonadaptive,gt,123,10.166666666666629,0.5894046447604611
ergo_nonadaptive,gt,124,10.25,0.5897398074227418
ergo_nonadaptive,gt,125,10.333333333333371,0.5900383856434498
ergo_nonadaptive,gt,126,10.416666666666629,0.5902429017366712
ergo_nonadaptive,gt,127,10.5,0.5904285452668286
ergo_nonadaptive,gt,128,10.583333333333371,0.5907493902275576
ergo_nonadaptive,gt,129,10.666666666666629,0.5911469139934357
ergo_nonadaptive,gt,130,10.75,0.5915171274665765
ergo_nonadaptive,gt,131,10.833333333333371,0.5918464101914105
ergo_nonadaptive,gt,132,10.916666666666629,0.5921746788548977
ergo_nonadaptive,gt,133,11.0,0.5925163094768622
ergo_nonadaptive,gt,134,11.083333333333371,0.5928534094791255
ergo_nonadaptive,gt,135,11.166666666666629,0.5931276231636676
ergo_nonadaptive,gt,136,11.25,0.5932655312609556
ergo_nonadaptive,gt,137,11.333333333333371,0.5934757858910163
ergo_nonadaptive,gt,138,11.416666666666629,0.5938391472753088
ergo_nonadaptive,gt,139,11.5,0.5942453682154575
ergo_nonadaptive,gt,140,11.583333333333371,0.5946032546979921
ergo_nonadaptive,gt,141,11.666666666666629,0.5948938906108082
ergo_nonadaptive,gt,142,11.75,0.5951281142055378
ergo_nonadaptive,gt,143,11.833333333333371,0.595355349082815
ergo_nonadaptive,gt,144,11.916666666666629,0.5956193882035508
ergo_nonadaptive,gt,145,12.0,0.5958975047096332
ergo_nonadaptive,gt,146,12.083333333333371,0.5961685447121527
ergo_nonadaptive,gt,147,12.166666666666629,0.5964187523719506
ergo_nonadaptive,gt,148,12.25,0.5965938375123556
ergo_nonadaptive,gt,149,12.333333333333371,0.5967004411287078
ergo_nonadaptive,gt,150,12.416666666666629,0.5969079008043872
ergo_nonadaptive,gt,151,12.5,0.5972128570606537
ergo_nonadaptive,gt,152,12.583333333333371,0.5975174567339463
ergo_nonadaptive,gt,153,12.666666666666629,0.5977623898031675
ergo_nonadaptive,gt,154,12.75,0.5979724379936183
ergo_nonadaptive,gt,155,12.833333333333371,0.5981984592760269
ergo_nonadaptive,gt,156,12.916666666666629,0.5984418810088505
ergo_nonadaptive,gt,157,13.0,0.5986608475752335
ergo_nonadaptive,gt,158,13.083333333333371,0.5988435965739067
ergo_nonadaptive,gt,159,13.166666666666629,0.5990357266829742
ergo_nonadaptive,gt,160,13.25,0.5992621292189507
ergo_nonadaptive,gt,161,13.333333333333371,0.5994846698814792
ergo_nonadaptive,gt,162,13.416666666666629,0.5996694850932516
ergo_nonadaptive,gt,163,13.5,0.5998496322908169
ergo_nonadaptive,gt,164,13.583333333333371,0.6000654226632129
ergo_nonadaptive,gt,165,13.666666666666629,0.6002936982532415
ergo_nonadaptive,gt,166,13.75,0.6004899187012602
ergo_nonadaptive,gt,167,13.833333333333371,0.6006649304987239
ergo_nonadaptive,gt,168,13.916666666666629,0.600864017001619
ergo_nonadaptive,gt,169,14.0,0.601086599500099
ergo_nonadaptive,gt,170,14.083333333333371,0.6012882114468326
ergo_nonadaptive,gt,171,14.166666666666629,0.6014553658663442
ergo_nonadaptive,gt,172,14.25,0.601630738829586
ergo_nonadaptive,gt,173,14.333333333333371,0.6018385715862827
ergo_nonadaptive,gt,174,14.416666666666629,0.6020391099991197
ergo_nonadaptive,gt,175,14.5,0.6021893701333377
ergo_nonadaptive,gt,176,14.583333333333371,0.602327001561532
ergo_nonadaptive,gt,177,14.666666666666629,0.602514363702808
ergo_nonadaptive,gt,178,14.75,0.6027202639985009
ergo_nonadaptive,gt,179,14.833333333333371,0.6028586734598509
ergo_nonadaptive,gt,180,14.916666666666629,0.6029382923077312
ergo_nonadaptive,gt,181,15.0,0.6030973298107076
ergo_nonadaptive,gt,182,15.083333333333371,0.6033230020624094
ergo_nonadaptive,gt,183,15.166666666666629,0.60349264611913
ergo_nonadaptive,gt,184,15.25,0.6035312788395484
ergo_nonadaptive,gt,185,15.333333333333371,0.6036523992944481
ergo_nonadaptive,gt,186,15.416666666666629,0.6038837628118219
ergo_nonadaptive,gt,187,15.5,0.6041011729803291
ergo_nonadaptive,gt,188,15.583333333333371,0.60421096195751
ergo_nonadaptive,gt,189,15.666666666666629,0.6043027220236447
ergo_nonadaptive,gt,190,15.75,0.604474445801047
ergo_nonadaptive,gt,191,15.833333333333371,0.604669533437449
ergo_nonadaptive,gt,192,15.916666666666629,0.6048020988283876
ergo_nonadaptive,gt,193,16.0,0.6048845038451827
ergo_nonadaptive,gt,194,16.08333333333337,0.6049989918430562
ergo_nonadaptive,gt,195,16.16666666666663,0.6051476425476742
ergo_nonadaptive,gt,196,16.25,0.605270584696519
ergo_nonadaptive,gt,197,16.33333333333337,0.6053460142570624
ergo_nonadaptive,gt,198,16.41666666666663,0.6054216403915254
ergo_nonadaptive,gt,199,16.5,0.6055268193379811
ergo_nonadaptive,gt,200,16.58333333333337,0.6056305494824649
ergo_nonadaptive,gt,201,16.66666666666663,0.6056991505611631
ergo_nonadaptive,gt,202,16.75,0.6057528422854196
ergo_nonadaptive,gt,203,16.83333333333337,0.6058299067051773
ergo_nonadaptive,gt,204,16.91666666666663,0.6059226027701597
ergo_nonadaptive,gt,205,17.0,0.6059919740597167
ergo_nonadaptive,gt,206,17.08333333333337,0.6060354944586798
ergo_nonadaptive,gt,207,17.16666666666663,0.6060981131962445
ergo_nonadaptive,gt,208,17.25,0.6061944997183457
ergo_nonadaptive,gt,209,17.33333333333337,0.606279178844824
ergo_nonadaptive,gt,210,17.41666666666663,0.6063170394536236
ergo_nonadaptive,gt,211,17.5,0.6063625559560197
ergo_nonadaptive,gt,212,17.58333333333337,0.6064697164694034
ergo_nonadaptive,gt,213,17.66666666666663,0.6065884608851491
ergo_nonadaptive,gt,214,17.75,0.6066283810553129
ergo_nonadaptive,gt,215,17.83333333333337,0.6066315934001533
ergo_nonadaptive,gt,216,17.91666666666663,0.6067425018679106
ergo_nonadaptive,gt,217,18.0,0.606911438913059
ergo_nonadaptive,gt,218,18.08333333333337,0.607014369354271
ergo_nonadaptive,gt,219,18.16666666666663,0.6070247969333868
ergo_nonadaptive,gt,220,18.25,0.607111161682046
ergo_nonadaptive,gt,221,18.33333333333337,0.6072769488003281
ergo_nonadaptive,gt,222,18.41666666666663,0.6074247410890503
ergo_nonadaptive,gt,223,18.5,0.6075099938421692
ergo_nonadaptive,gt,224,18.58333333333337,0.6075843146391953
ergo_nonadaptive,gt,225,18.66666666666663,0.6076833229038111
ergo_nonadaptive,gt,226,18.75,0.6077851265346647
ergo_nonadaptive,gt,227,18.83333333333337,0.6078452094559802
ergo_nonadaptive,gt,228,18.91666666666663,0.6078119896066463
ergo_nonadaptive,gt,229,19.0,0.607743753536281
ergo_nonadaptive,gt,230,19.08333333333337,0.6078144186797663
ergo_nonadaptive,gt,231,19.16666666666663,0.6079713748553754
ergo_nonadaptive,gt,232,19.25,0.6081238525602297
ergo_nonadaptive,gt,233,19.33333333333337,0.608228769788894
ergo_nonadaptive,gt,234,19.41666666666663,0.6083051328583022
ergo_nonadaptive,gt,235,19.5,0.6084002322775542
ergo_nonadaptive,gt,236,19.58333333333337,0.6085225154078416
ergo_nonadaptive,gt,237,19.66666666666663,0.6086285698909956
ergo_nonadaptive,gt,238,19.75,0.6087012557377508
ergo_nonadaptive,gt,239,19.83333333333337,0.608799382801371
ergo_nonadaptive,gt,240,19.91666666666663,0.6089524462933473
ergo_nonadaptive,gt,241,20.0,0.6091087198553079
ergo_nonadaptive,gt,242,20.08333333333337,0.6092236236888559
ergo_nonadaptive,gt,243,20.16666666666663,0.6093426729518958
ergo_nonadaptive,gt,244,20.25,0.6095158926896624
ergo_nonadaptive,gt,245,20.33333333333337,0.6097108915278239
ergo_nonadaptive,gt,246,20.41666666666663,0.6098735854798387
ergo_nonadaptive,gt,247,20.5,0.610017915811048
ergo_nonadaptive,gt,248,20.58333333333337,0.6101960803971302
ergo_nonadaptive,gt,249,20.66666666666663,0.6104059795954471
ergo_nonadaptive,gt,250,20.75,0.6105996847657571
ergo_nonadaptive,gt,251,20.83333333333337,0.6107629149923481
ergo_nonadaptive,gt,252,20.91666666666663,0.6109371741012117
ergo_nonadaptive,gt,253,21.0,0.6111469600448981
ergo_nonadaptive,gt,254,21.08333333333337,0.6113555666624787
ergo_nonadaptive,gt,255,21.16666666666663,0.6115202145960321
ergo_nonadaptive,gt,256,21.25,0.6116711884347632
ergo_nonadaptive,gt,257,21.33333333333337,0.6118713154242317
ergo_nonadaptive,gt,258,21.41666666666663,0.6120971041156289
ergo_nonadaptive,gt,259,21.5,0.6122538899943
ergo_nonadaptive,gt,260,21.58333333333337,0.6123053508429619
ergo_nonadaptive,gt,261,21.66666666666663,0.6124735110112904
ergo_nonadaptive,gt,262,21.75,0.6127697525666396
ergo_nonadaptive,gt,263,21.83333333333337,0.6130850926529803
ergo_nonadaptive,gt,264,21.91666666666663,0.6133510284702359
ergo_nonadaptive,gt,265,22.0,0.6135310386838583
ergo_nonadaptive,gt,266,22.08333333333337,0.6135920470760283
ergo_nonadaptive,gt,267,22.16666666666663,0.6136925182081827
ergo_nonadaptive,gt,268,22.25,0.6139309658777041
ergo_nonadaptive,gt,269,22.33333333333337,0.6142220593625936
ergo_nonadaptive,gt,270,22.41666666666663,0.6144743277168554
ergo_nonadaptive,gt,271,22.5,0.6146583648141264
ergo_nonadaptive,gt,272,22.58333333333337,0.6148053979901079
ergo_nonadaptive,gt,273,22.66666666666663,0.6149721404711675
ergo_nonadaptive,gt,274,22.75,0.6151556177183569
ergo_nonadaptive,gt,275,22.83333333333337,0.6152763577712476
ergo_nonadaptive,gt,276,22.91666666666663,0.6152990587706955
ergo_nonadaptive,gt,277,23.0,0.6154227829015108
ergo_nonadaptive,gt,278,23.08333333333337,0.6156615850861086
ergo_nonadaptive,gt,279,23.16666666666663,0.6158839458093988
ergo_nonadaptive,gt,280,23.25,0.6160087399724324
ergo_nonadaptive,gt,281,23.33333333333337,0.61614107448096
ergo_nonadaptive,gt,282,23.41666666666663,0.616357899837063
ergo_nonadaptive,gt,283,23.5,0.616598283241483
ergo_nonadaptive,gt,284,23.58333333333337,0.6167895392664495
ergo_nonadaptive,gt,285,23.66666666666663,0.6169430607664096
ergo_nonadaptive,gt,286,23.75,0.6171164083393795
ergo_nonadaptive,gt,287,23.83333333333337,0.6173175565751449
ergo_nonadaptive,gt,288,23.91666666666663,0.6175019725806068
ergo_nonadaptive,gt,289,24.0,0.6176413776111954
ergo_nonadaptive,gt,290,24.08333333333337,0.617773400911186
ergo_nonadaptive,gt,291,24.16666666666663,0.6179449352722732
ergo_nonadaptive,gt,292,24.25,0.618125794110796
ergo_nonadaptive,gt,293,24.33333333333337,0.6182402970126418
ergo_nonadaptive,gt,294,24.41666666666663,0.6183062004784832
ergo_nonadaptive,gt,295,24.5,0.618454161823496
ergo_nonadaptive,gt,296,24.58333333333337,0.6186690182285761
ergo_nonadaptive,gt,297,24.66666666666663,0.6188224288443059
ergo_nonadaptive,gt,298,24.75,0.6188488785979613
ergo_nonadaptive,gt,299,24.83333333333337,0.6189750835599889
ergo_nonadaptive,gt,300,24.91666666666663,0.6192188169438817
ergo_nonadaptive,gt,301,25.0,0.6194518845976472
ergo_nonadaptive,gt,302,25.08333333333337,0.6195948836100225
ergo_nonadaptive,gt,303,25.16666666666663,0.6197206344925835
ergo_nonadaptive,gt,304,25.25,0.6199034343531841
ergo_nonadaptive,gt,305,25.33333333333337,0.6201069752044231
ergo_nonadaptive,gt,306,25.41666666666663,0.6202687350494831
ergo_nonadaptive,gt,307,25.5,0.6203883219775508
ergo_nonadaptive,gt,308,25.58333333333337,0.6205143470142205
ergo_nonadaptive,gt,309,25.66666666666663,0.6206632865539613
ergo_nonadaptive,gt,310,25.75,0.6207953621227246
ergo_nonadaptive,gt,311,25.83333333333337,0.6208742074037628
ergo_nonadaptive,gt,312,25.91666666666663,0.6209364678310254
ergo_nonadaptive,gt,313,26.0,0.6210408860917292
ergo_nonadaptive,gt,314,26.08333333333337,0.6211582800847216
ergo_nonadaptive,gt,315,26.16666666666663,0.6212003345873706
ergo_nonadaptive,gt,316,26.25,0.6211754313917554
ergo_nonadaptive,gt,317,26.33333333333337,0.621240626698883
ergo_nonadaptive,gt,318,26.41666666666663,0.6213781168414749
ergo_nonadaptive,gt,319,26.5,0.6214608785972437
ergo_nonadaptive,gt,320,26.58333333333337,0.6214277918863316
ergo_nonadaptive,gt,321,26.66666666666663,0.621455770402485
ergo_nonadaptive,gt,322,26.75,0.6215809765819327
ergo_nonadaptive,gt,323,26.83333333333337,0.621701018283579
ergo_nonadaptive,gt,324,26.91666666666663,0.6217442230238105
ergo_nonadaptive,gt,325,27.0,0.6217632858095439
ergo_nonadaptive,gt,326,27.08333333333337,0.6218245186636142
ergo_nonadaptive,gt,327,27.16666666666663,0.6219041759597026
ergo_nonadaptive,gt,328,27.25,0.6219493117237404
ergo_nonadaptive,gt,329,27.33333333333337,0.6219564649362302
ergo_nonadaptive,gt,330,27.41666666666663,0.6219672285885169
ergo_nonadaptive,gt,331,27.5,0.6219991855765413
ergo_nonadaptive,gt,332,27.58333333333337,0.6220189267014337
ergo_nonadaptive,gt,333,27.66666666666663,0.6219897545616895
ergo_nonadaptive,gt,334,27.75,0.621943598097982
ergo_nonadaptive,gt,335,27.83333333333337,0.6219435657731913
ergo_nonadaptive,gt,336,27.91666666666663,0.6219666333421815
ergo_nonadaptive,gt,337,28.0,0.6219223977739701
ergo_nonadaptive,gt,338,28.08333333333337,0.6218006611747204
ergo_nonadaptive,gt,339,28.16666666666663,0.6217905463255727
ergo_nonadaptive,gt,340,28.25,0.6218705285717335
ergo_nonadaptive,gt,341,28.33333333333337,0.6219227317798494
ergo_nonadaptive,gt,342,28.41666666666663,0.6218964168414515
ergo_nonadaptive,gt,343,28.5,0.6218952518991806
ergo_nonadaptive,gt,344,28.58333333333337,0.6219670432080064
ergo_nonadaptive,gt,345,28.66666666666663,0.6220524139911409
ergo_nonadaptive,gt,346,28.75,0.6220960942442109
ergo_nonadaptive,gt,347,28.83333333333337,0.6221153497712796
ergo_nonadaptive,gt,348,28.91666666666663,0.622155263131367
ergo_nonadaptive,gt,349,29.0,0.6222172121212937
ergo_nonadaptive,gt,350,29.08333333333337,0.6222599951885465
ergo_nonadaptive,gt,351,29.16666666666663,0.6222584025716399
ergo_nonadaptive,gt,352,29.25,0.6222558603097438
ergo_nonadaptive,gt,353,29.33333333333337,0.6223017594913807
ergo_nonadaptive,gt,354,29.41666666666663,0.6223560232205623
ergo_nonadaptive,gt,355,29.5,0.622326850448804
ergo_nonadaptive,gt,356,29.58333333333337,0.6222552068570164
ergo_nonadaptive,gt,357,29.66666666666663,0.6223085997017649
ergo_nonadaptive,gt,358,29.75,0.6224322386426645
ergo_nonadaptive,gt,359,29.83333333333337,0.622500135051586
ergo_nonadaptive,gt,360,29.91666666666663,0.622489524673481
ergo_nonadaptive,gt,361,30.0,0.6225328705009384
ergo_nonadaptive,gt,362,30.08333333333337,0.622649249967694
ergo_nonadaptive,gt,363,30.16666666666663,0.622758167324049
ergo_nonadaptive,gt,364,30.25,0.622811302177817
ergo_nonadaptive,gt,365,30.33333333333337,0.6228491647398818
ergo_nonadaptive,gt,366,30.41666666666663,0.6229171555485098
ergo_nonadaptive,gt,367,30.5,0.6229973535444586
ergo_nonadaptive,gt,368,30.58333333333337,0.6230452499860156
ergo_nonadaptive,gt,369,30.66666666666663,0.6230394454845114
ergo_nonadaptive,gt,370,30.75,0.6229767398336226
ergo_nonadaptive,gt,371,30.83333333333337,0.6229346907879711
ergo_nonadaptive,gt,372,30.91666666666663,0.6229269259654566
ergo_nonadaptive,gt,373,31.0,0.6229169496942452
ergo_nonadaptive,gt,374,31.08333333333337,0.6228813614268239
ergo_nonadaptive,gt,375,31.16666666666663,0.6227706728341322
ergo_nonadaptive,gt,376,31.25,0.6225957694430455
ergo_nonadaptive,gt,377,31.33333333333337,0.6223199599643227
ergo_nonadaptive,gt,378,31.41666666666663,0.621964080513141
ergo_nonadaptive,gt,379,31.5,0.6215527565893535
ergo_nonadaptive,gt,380,31.58333333333337,0.6211070139996341
ergo_nonadaptive,gt,381,31.66666666666663,0.6206417135328599
ergo_nonadaptive,gt,382,31.75,0.6201667770893855
ergo_nonadaptive,gt,383,31.83333333333337,0.6196887239165285
ergo_nonadaptive,gt,384,31.91666666666663,0.6192117901781562
ergo_nonadaptive,gt,385,32.0,0.6187386711168821
ergo_nonadaptive,gt,386,32.08333333333337,0.6182710105527817
ergo_nonadaptive,gt,387,32.16666666666663,0.617809730482682
ergo_nonadaptive,gt,388,32.25,0.6173552584313723
ergo_nonadaptive,gt,389,32.33333333333337,0.6169076872314393
ergo_nonadaptive,gt,390,32.41666666666663,0.6164668884750037
ergo_nonadaptive,gt,391,32.5,0.6160325931841382
ergo_nonadaptive,gt,392,32.58333333333337,0.6156044487321378
ergo_nonadaptive,gt,393,32.66666666666663,0.6151820582331831
ergo_nonadaptive,gt,394,32.75,0.6147650066234164
ergo_nonadaptive,gt,395,32.83333333333337,0.6143528756596323
ergo_nonadaptive,gt,396,32.91666666666663,0.6139452451855112
ergo_nonadaptive,gt,397,33.0,0.6135416090476394
ergo_nonadaptive,gt,398,33.08333333333337,0.6130871213599798
ergo_nonadaptive,gt,399,33.16666666666663,0.6126936588397235
ergo_nonadaptive,gt,400,33.25,0.6124457775525428
ergo_nonadaptive,gt,401,33.33333333333337,0.6122667392223416
ergo_nonadaptive,gt,402,33.41666666666663,0.6120468619854781
ergo_nonadaptive,gt,403,33.5,0.6117625061682154
ergo_nonadaptive,gt,404,33.58333333333337,0.6115345895361918
ergo_nonadaptive,gt,405,33.66666666666663,0.6113549075417074
ergo_nonadaptive,gt,406,33.75,0.6111514723480216
ergo_nonadaptive,gt,407,33.83333333333337,0.6108835216083333
ergo_nonadaptive,gt,408,33.91666666666663,0.6106462688627451
ergo_nonadaptive,gt,409,34.0,0.6104757771819811
ergo_nonadaptive,gt,410,34.08333333333337,0.6103174105008183
ergo_nonadaptive,gt,411,34.16666666666663,0.610120308985126
ergo_nonadaptive,gt,412,34.25,0.6099184680842554
ergo_nonadaptive,gt,413,34.33333333333337,0.6097600018533
ergo_nonadaptive,gt,414,34.41666666666663,0.6096270455173665
ergo_nonadaptive,gt,415,34.5,0.6094802324147703
ergo_nonadaptive,gt,416,34.58333333333337,0.6093158861022135
ergo_nonadaptive,gt,417,34.66666666666663,0.6091614362797272
ergo_nonadaptive,gt,418,34.75,0.6090290678030597
ergo_nonadaptive,gt,419,34.83333333333337,0.6088965898387624
ergo_nonadaptive,gt,420,34.91666666666663,0.6087311801772208
ergo_nonadaptive,gt,421,35.0,0.6085504098194756
ergo_nonadaptive,gt,422,35.08333333333337,0.6084228365517192
ergo_nonadaptive,gt,423,35.16666666666663,0.6083435115817638
ergo_nonadaptive,gt,424,35.25,0.6082431400991277
ergo_nonadaptive,gt,425,35.33333333333337,0.6081144763991291
ergo_nonadaptive,gt,426,35.41666666666663,0.6080571799085713
ergo_nonadaptive,gt,427,35.5,0.6080801792540432
ergo_nonadaptive,gt,428,35.58333333333337,0.6081284381456389
ergo_nonadaptive,gt,429,35.66666666666663,0.6081566455783848
ergo_nonadaptive,gt,430,35.75,0.6081526075580813
ergo_nonadaptive,gt,431,35.83333333333337,0.6081523459061978
ergo_nonadaptive,gt,432,35.91666666666663,0.6082078429024832
ergo_nonadaptive,gt,433,36.0,0.6082953341215048
ergo_nonadaptive,gt,434,36.08333333333337,0.6083582313155123
ergo_nonadaptive,gt,435,36.16666666666663,0.6084468001089846
ergo_nonadaptive,gt,436,36.25,0.6086336529602714
ergo_nonadaptive,gt,437,36.33333333333337,0.6088913016091868
ergo_nonadaptive,gt,438,36.41666666666663,0.60915801617888
ergo_nonadaptive,gt,439,36.5,0.6093749515075825
ergo_nonadaptive,gt,440,36.58333333333337,0.609477899634733
ergo_nonadaptive,gt,441,36.66666666666663,0.6096115994457751
ergo_nonadaptive,gt,442,36.75,0.6098786138537363
ergo_nonadaptive,gt,443,36.83333333333337,0.6102086490137735
ergo_nonadaptive,gt,444,36.91666666666663,0.6105210870229658
ergo_nonadaptive,gt,445,37.0,0.6107626116735889
ergo_nonadaptive,gt,446,37.08333333333337,0.6108844616028969
ergo_nonadaptive,gt,447,37.16666666666663,0.6109819301875647
ergo_nonadaptive,gt,448,37.25,0.6111887414788751
ergo_nonadaptive,gt,449,37.33333333333337,0.6114587398751566
ergo_nonadaptive,gt,450,37.41666666666663,0.6117078028080271
ergo_nonadaptive,gt,451,37.5,0.6118734482304152
ergo_nonadaptive,gt,452,37.58333333333337,0.6119098895858979
ergo_nonadaptive,gt,453,37.66666666666663,0.611932612975555
ergo_nonadaptive,gt,454,37.75,0.6121032352372036
ergo_nonadaptive,gt,455,37.83333333333337,0.6123610177963654
ergo_nonadaptive,gt,456,37.91666666666663,0.6126065337079672
ergo_nonadaptive,gt,457,38.0,0.612809066340339
ergo_nonadaptive,gt,458,38.08333333333337,0.6129865069832885
ergo_nonadaptive,gt,459,38.16666666666663,0.6131672437685894
ergo_nonadaptive,gt,460,38.25,0.6133555859581931
ergo_nonadaptive,gt,461,38.33333333333337,0.613492216186989
ergo_nonadaptive,gt,462,38.41666666666663,0.6135078291401137
ergo_nonadaptive,gt,463,38.5,0.613586820004329
ergo_nonadaptive,gt,464,38.58333333333337,0.6137868681487777
ergo_nonadaptive,gt,465,38.66666666666663,0.6140081427776006
ergo_nonadaptive,gt,466,38.75,0.6141734934361245
ergo_nonadaptive,gt,467,38.83333333333337,0.6142936354436606
ergo_nonadaptive,gt,468,38.91666666666663,0.614414099876295
ergo_nonadaptive,gt,469,39.0,0.6145503609439399
ergo_nonadaptive,gt,470,39.08333333333337,0.6146685433365684
ergo_nonadaptive,gt,471,39.16666666666663,0.6147167034256771
ergo_nonadaptive,gt,472,39.25,0.6147259687951995
ergo_nonadaptive,gt,473,39.33333333333337,0.6148120229677422
ergo_nonadaptive,gt,474,39.41666666666663,0.614955848916555
ergo_nonadaptive,gt,475,39.5,0.6150469922204651
ergo_nonadaptive,gt,476,39.58333333333337,0.6150667720560301
ergo_nonadaptive,gt,477,39.66666666666663,0.6151552673280151
ergo_nonadaptive,gt,478,39.75,0.6153216328345213
ergo_nonadaptive,gt,479,39.83333333333337,0.6154843185437325
ergo_nonadaptive,gt,480,39.91666666666663,0.6155931713519759
ergo_nonadaptive,gt,481,40.0,0.6156648188692614
ergo_nonadaptive,gt,482,40.08333333333337,0.6157394696253504
ergo_nonadaptive,gt,483,40.16666666666663,0.6158267103713287
ergo_nonadaptive,gt,484,40.25,0.6158797668022625
ergo_nonadaptive,gt,485,40.33333333333337,0.6158349803449785
ergo_nonadaptive,gt,486,40.41666666666663,0.6157930174723658
ergo_nonadaptive,gt,487,40.5,0.6158732970141559
ergo_nonadaptive,gt,488,40.58333333333337,0.6160008562382968
ergo_nonadaptive,gt,489,40.66666666666663,0.616083786470867
ergo_nonadaptive,gt,490,40.75,0.6161316699217501
ergo_nonadaptive,gt,491,40.83333333333337,0.6161979058469808
ergo_nonadaptive,gt,492,40.91666666666663,0.6162863572707485
ergo_nonadaptive,gt,493,41.0,0.616362891729756
ergo_nonadaptive,gt,494,41.08333333333337,0.6163778537163572
ergo_nonadaptive,gt,495,41.16666666666663,0.6163146636828217
ergo_nonadaptive,gt,496,41.25,0.616303915625133
ergo_nonadaptive,gt,497,41.33333333333337,0.6163963855842827
ergo_nonadaptive,gt,498,41.41666666666663,0.6165103844495469
ergo_nonadaptive,gt,499,41.5,0.6165905153409847
ergo_nonadaptive,gt,500,41.58333333333337,0.6166642079445159
ergo_nonadaptive,gt,501,41.66666666666663,0.6167579812882793
ergo_nonadaptive,gt,502,41.75,0.6168681274702478
ergo_nonadaptive,gt,503,41.83333333333337,0.6169648554361833
ergo_nonadaptive,gt,504,41.91666666666663,0.6169848734989885
ergo_nonadaptive,gt,505,42.0,0.6169432343408349
ergo_nonadaptive,gt,506,42.08333333333337,0.6170291639573221
ergo_nonadaptive,gt,507,42.16666666666663,0.6172183211518317
ergo_nonadaptive,gt,508,42.25,0.617410331495304
ergo_nonadaptive,gt,509,42.33333333333337,0.6175346779241874
ergo_nonadaptive,gt,510,42.41666666666663,0.617546220598415
ergo_nonadaptive,gt,511,42.5,0.6174616179962118
ergo_nonadaptive,gt,512,42.58333333333337,0.6174400295734153
ergo_nonadaptive,gt,513,42.66666666666663,0.6174829306408837
ergo_nonadaptive,gt,514,42.75,0.6175185279119928
ergo_nonadaptive,gt,515,42.83333333333337,0.6175008865993411
ergo_nonadaptive,gt,516,42.91666666666663,0.6174003351615805
ergo_nonadaptive,gt,517,43.0,0.6172174310985545
ergo_nonadaptive,gt,518,43.08333333333337,0.6170953268567635
ergo_nonadaptive,gt,519,43.16666666666663,0.6170650739935136
ergo_nonadaptive,gt,520,43.25,0.6170590708635948
ergo_nonadaptive,gt,521,43.33333333333337,0.6170184317258702
ergo_nonadaptive,gt,522,43.41666666666663,0.6169204543056221
ergo_nonadaptive,gt,523,43.5,0.6167942557804316
ergo_nonadaptive,gt,524,43.58333333333337,0.6166989078349904
ergo_nonadaptive,gt,525,43.66666666666663,0.6166251216461438
ergo_nonadaptive,gt,526,43.75,0.6165015986184198
ergo_nonadaptive,gt,527,43.83333333333337,0.6163228193745082
ergo_nonadaptive,gt,528,43.91666666666663,0.616223651969135
ergo_nonadaptive,gt,529,44.0,0.6161938261484367
ergo_nonadaptive,gt,530,44.08333333333337,0.6161290544978034
ergo_nonadaptive,gt,531,44.16666666666663,0.6159563363145083
ergo_nonadaptive,gt,532,44.25,0.6158403765016364
ergo_nonadaptive,gt,533,44.33333333333337,0.6158193719264733
ergo_nonadaptive,gt,534,44.41666666666663,0.6157938723722414
ergo_nonadaptive,gt,535,44.5,0.6156629132657072
ergo_nonadaptive,gt,536,44.58333333333337,0.6155159195235073
ergo_nonadaptive,gt,537,44.66666666666663,0.6154681540899495
ergo_nonadaptive,gt,538,44.75,0.6154496268166315
ergo_nonadaptive,gt,539,44.83333333333337,0.6153525972450441
ergo_nonadaptive,gt,540,44.91666666666663,0.6151824562862265
ergo_nonadaptive,gt,541,45.0,0.6150912814420344
ergo_nonadaptive,gt,542,45.08333333333337,0.6150552601693607
ergo_nonadaptive,gt,543,45.16666666666663,0.6149742795843762
ergo_nonadaptive,gt,544,45.25,0.614802587801212
ergo_nonadaptive,gt,545,45.33333333333337,0.6146597738871726
ergo_nonadaptive,gt,546,45.41666666666663,0.6145812181057401
ergo_nonadaptive,gt,547,45.5,0.6144902063776148
ergo_nonadaptive,gt,548,45.58333333333337,0.6143221541525538
ergo_nonadaptive,gt,549,45.66666666666663,0.6141338928673487
ergo_nonadaptive,gt,550,45.75,0.6139941731787333
ergo_nonadaptive,gt,551,45.83333333333337,0.6138646323136392
ergo_nonadaptive,gt,552,45.91666666666663,0.6136547739448988
ergo_nonadaptive,gt,553,46.0,0.613361906777306
ergo_nonadaptive,gt,554,46.08333333333337,0.6130116989682832
ergo_nonadaptive,gt,555,46.16666666666663,0.6126103764168976
ergo_nonadaptive,gt,556,46.25,0.6121679244818709
ergo_nonadaptive,gt,557,46.33333333333337,0.6116971342599065
ergo_nonadaptive,gt,558,46.41666666666663,0.6112096939312975
ergo_nonadaptive,gt,559,46.5,0.6107144733470163
ergo_nonadaptive,gt,560,46.58333333333337,0.6102176503748008
ergo_nonadaptive,gt,561,46.66666666666663,0.6097233113307281
ergo_nonadaptive,gt,562,46.75,0.6092340303813674
ergo_nonadaptive,gt,563,46.83333333333337,0.6087513222585971
ergo_nonadaptive,gt,564,46.91666666666663,0.6082759848159388
ergo_nonadaptive,gt,565,47.0,0.6078083467994803
ergo_nonadaptive,gt,566,47.08333333333337,0.6073484545715925
ergo_nonadaptive,gt,567,47.16666666666663,0.6068962623106909
ergo_nonadaptive,gt,568,47.25,0.6064288395056501
ergo_nonadaptive,gt,569,47.33333333333337,0.6060152633569227
ergo_nonadaptive,gt,570,47.41666666666663,0.605668942896398
ergo_nonadaptive,gt,571,47.5,0.6053491540154238
ergo_nonadaptive,gt,572,47.58333333333337,0.6049984744816281
ergo_nonadaptive,gt,573,47.66666666666663,0.6046600014934215
ergo_nonadaptive,gt,574,47.75,0.6043900999876767
ergo_nonadaptive,gt,575,47.83333333333337,0.604154405206106
ergo_nonadaptive,gt,576,47.91666666666663,0.6038827535046483
ergo_nonadaptive,gt,577,48.0,0.60358458566182
ergo_nonadaptive,gt,578,48.08333333333337,0.6033653996719919
ergo_nonadaptive,gt,579,48.16666666666663,0.603202582878512
ergo_nonadaptive,gt,580,48.25,0.6030187376375317
ergo_nonadaptive,gt,581,48.33333333333337,0.6027696341792278
ergo_nonadaptive,gt,582,48.41666666666663,0.602589008401645
ergo_nonadaptive,gt,583,48.5,0.6024910590887638
ergo_nonadaptive,gt,584,48.58333333333337,0.6024003263085985
ergo_nonadaptive,gt,585,48.66666666666663,0.6022482622265973
ergo_nonadaptive,gt,586,48.75,0.6021157223162201
ergo_nonadaptive,gt,587,48.83333333333337,0.6020691213527659
ergo_nonadaptive,gt,588,48.91666666666663,0.6020609644537176
ergo_nonadaptive,gt,589,49.0,0.602027155086008
ergo_nonadaptive,gt,590,49.08333333333337,0.6019797883313237
ergo_nonadaptive,gt,591,49.16666666666663,0.6019696826777404
ergo_nonadaptive,gt,592,49.25,0.6019944288495052
ergo_nonadaptive,gt,593,49.33333333333337,0.6020169975383584
ergo_nonadaptive,gt,594,49.41666666666663,0.6020201146441407
ergo_nonadaptive,gt,595,49.5,0.6020212667560985
ergo_nonadaptive,gt,596,49.58333333333337,0.6020386948716253
ergo_nonadaptive,gt,597,49.66666666666663,0.6020589313391991
ergo_nonadaptive,gt,598,49.75,0.6020461927905968
ergo_nonadaptive,gt,599,49.83333333333337,0.6020007352762198
ergo_nonadaptive,gt,600,49.91666666666663,0.6019882113816919
ergo_nonadaptive,gt,601,50.0,0.6020134269363024
ergo_nonadaptive,gt,602,50.08333333333337,0.6020036440120085
ergo_nonadaptive,gt,603,50.16666666666663,0.6019167867563271
ergo_nonadaptive,gt,604,50.25,0.6018936858481313
ergo_nonadaptive,gt,605,50.33333333333337,0.6019655694260069
ergo_nonadaptive,gt,606,50.41666666666663,0.6020554207288824
ergo_nonadaptive,gt,607,50.5,0.6021059380711719
ergo_nonadaptive,gt,608,50.58333333333337,0.6021438953529289
ergo_nonadaptive,gt,609,50.66666666666663,0.6022118781669232
ergo_nonadaptive,gt,610,50.75,0.6023036452232258
ergo_nonadaptive,gt,611,50.83333333333337,0.602378840823063
ergo_nonadaptive,gt,612,50.91666666666663,0.6024136573272575
ergo_nonadaptive,gt,613,51.0,0.6024508062723859
ergo_nonadaptive,gt,614,51.08333333333337,0.6025463549074146
ergo_nonadaptive,gt,615,51.16666666666663,0.6026649365028843
ergo_nonadaptive,gt,616,51.25,0.602706301202807
ergo_nonadaptive,gt,617,51.33333333333337,0.6027079129064737
ergo_nonadaptive,gt,618,51.41666666666663,0.6028612366769837
ergo_nonadaptive,gt,619,51.5,0.6031045880140543
ergo_nonadaptive,gt,620,51.58333333333337,0.6033224244143688
ergo_nonadaptive,gt,621,51.66666666666663,0.6034898964102781
ergo_nonadaptive,gt,622,51.75,0.6036734545476584
ergo_nonadaptive,gt,623,51.83333333333337,0.6038958009805968
ergo_nonadaptive,gt,624,51.91666666666663,0.6041200618429583
ergo_nonadaptive,gt,625,52.0,0.6042977666275051
ergo_nonadaptive,gt,626,52.08333333333337,0.6044150656630508
ergo_nonadaptive,gt,627,52.16666666666663,0.6045381777380865
ergo_nonadaptive,gt,628,52.25,0.604716865385406
ergo_nonadaptive,gt,629,52.33333333333337,0.6048901120312713
ergo_nonadaptive,gt,630,52.41666666666663,0.604983589577743
ergo_nonadaptive,gt,631,52.5,0.6050877098640599
ergo_nonadaptive,gt,632,52.58333333333337,0.6052852594400512
ergo_nonadaptive,gt,633,52.66666666666663,0.6055232664313769
ergo_nonadaptive,gt,634,52.75,0.6057294391441187
ergo_nonadaptive,gt,635,52.83333333333337,0.6058812309286526
ergo_nonadaptive,gt,636,52.91666666666663,0.6060096377769427
ergo_nonadaptive,gt,637,53.0,0.6061601931008871
ergo_nonadaptive,gt,638,53.08333333333337,0.6063199124283385
ergo_nonadaptive,gt,639,53.16666666666663,0.6064098581091963
ergo_nonadaptive,gt,640,53.25,0.606412725737984
ergo_nonadaptive,gt,641,53.33333333333337,0.6065309445355637
ergo_nonadaptive,gt,642,53.41666666666663,0.6067540334296777
ergo_nonadaptive,gt,643,53.5,0.6069550255755679
ergo_nonadaptive,gt,644,53.58333333333337,0.607073420655941
ergo_nonadaptive,gt,645,53.66666666666663,0.6072003833997894
ergo_nonadaptive,gt,646,53.75,0.6073904842010172
ergo_nonadaptive,gt,647,53.83333333333337,0.6075932204803023
ergo_nonadaptive,gt,648,53.91666666666663,0.6077508213113872
ergo_nonadaptive,gt,649,54.0,0.6078730330015474
ergo_nonadaptive,gt,650,54.08333333333337,0.6080078650904833
ergo_nonadaptive,gt,651,54.16666666666663,0.608164300301959
ergo_nonadaptive,gt,652,54.25,0.6083015953436784
ergo_nonadaptive,gt,653,54.33333333333337,0.6083938708220379
ergo_nonadaptive,gt,654,54.41666666666663,0.6084839583626871
ergo_nonadaptive,gt,655,54.5,0.6086168274249902
ergo_nonadaptive,gt,656,54.58333333333337,0.6087556702726385
ergo_nonadaptive,gt,657,54.66666666666663,0.6088320785964245
ergo_nonadaptive,gt,658,54.75,0.6088792357703954
ergo_nonadaptive,gt,659,54.83333333333337,0.6089968261493114
ergo_nonadaptive,gt,660,54.91666666666663,0.6091576881765699
ergo_nonadaptive,gt,661,55.0,0.6092574162883481
ergo_nonadaptive,gt,662,55.08333333333337,0.6092749704379846
ergo_nonadaptive,gt,663,55.16666666666663,0.6093424930549205
ergo_nonadaptive,gt,664,55.25,0.6094635909194125
ergo_nonadaptive,gt,665,55.33333333333337,0.6095333980477099
ergo_nonadaptive,gt,666,55.41666666666663,0.6094741403039529
ergo_nonadaptive,gt,667,55.5,0.6094431007206265
ergo_nonadaptive,gt,668,55.58333333333337,0.6095069280210544
ergo_nonadaptive,gt,669,55.66666666666663,0.6095678206740615
ergo_nonadaptive,gt,670,55.75,0.6095342583742499
ergo_nonadaptive,gt,671,55.83333333333337,0.6094723736097669
ergo_nonadaptive,gt,672,55.91666666666663,0.6094693447864489
ergo_nonadaptive,gt,673,56.0,0.6094850130522951
ergo_nonadaptive,gt,674,56.08333333333337,0.6094583166565811
ergo_nonadaptive,gt,675,56.16666666666663,0.6093523891590371
ergo_nonadaptive,gt,676,56.25,0.6091348724640134
ergo_nonadaptive,gt,677,56.33333333333337,0.6089349702666977
ergo_nonadaptive,gt,678,56.41666666666663,0.6088379373161749
ergo_nonadaptive,gt,679,56.5,0.6087736158146781
ergo_nonadaptive,gt,680,56.58333333333337,0.6086659825668026
ergo_nonadaptive,gt,681,56.66666666666663,0.6085305698484694
ergo_nonadaptive,gt,682,56.75,0.6084424014533591
ergo_nonadaptive,gt,683,56.83333333333337,0.6084024331143859
ergo_nonadaptive,gt,684,56.91666666666663,0.6083602996013273
ergo_nonadaptive,gt,685,57.0,0.6082973038045559
ergo_nonadaptive,gt,686,57.08333333333337,0.608251191751566
ergo_nonadaptive,gt,687,57.16666666666663,0.6082471517228308
ergo_nonadaptive,gt,688,57.25,0.60826089345234
ergo_nonadaptive,gt,689,57.33333333333337,0.6082588266600287
ergo_nonadaptive,gt,690,57.41666666666663,0.6082516564383144
ergo_nonadaptive,gt,691,57.5,0.6081919741140998
ergo_nonadaptive,gt,692,57.58333333333337,0.6079162133097894
ergo_nonadaptive,gt,693,57.66666666666663,0.6075331587528651
ergo_nonadaptive,gt,694,57.75,0.6071001788315037
ergo_nonadaptive,gt,695,57.83333333333337,0.6066379976647616
ergo_nonadaptive,gt,696,57.91666666666663,0.6061592300140467
ergo_nonadaptive,gt,697,58.0,0.6056762484674435
ergo_nonadaptive,gt,698,58.08333333333337,0.6052047951207271
ergo_nonadaptive,gt,699,58.16666666666663,0.604754487834122
ergo_nonadaptive,gt,700,58.25,0.6043510264430321
ergo_nonadaptive,gt,701,58.33333333333337,0.6040213083459584
ergo_nonadaptive,gt,702,58.41666666666663,0.6037872019547789
ergo_nonadaptive,gt,703,58.5,0.6036378887189568
ergo_nonadaptive,gt,704,58.58333333333337,0.6035274675920467
ergo_nonadaptive,gt,705,58.66666666666663,0.6034045872656941
ergo_nonadaptive,gt,706,58.75,0.6032481191166241
ergo_nonadaptive,gt,707,58.83333333333337,0.6030455070176384
ergo_nonadaptive,gt,708,58.91666666666663,0.6027403472291688
ergo_nonadaptive,gt,709,59.0,0.6023702094403538
ergo_nonadaptive,gt,710,59.08333333333337,0.60200217078191
ergo_nonadaptive,gt,711,59.16666666666663,0.6016667065903243
ergo_nonadaptive,gt,712,59.25,0.6013476946951039
ergo_nonadaptive,gt,713,59.33333333333337,0.6010036759629791
ergo_nonadaptive,gt,714,59.41666666666663,0.6006204507751849
ergo_nonadaptive,gt,715,59.5,0.6002124624548161
ergo_nonadaptive,gt,716,59.58333333333337,0.5998119845735496
ergo_nonadaptive,gt,717,59.66666666666663,0.5994545719907066
ergo_nonadaptive,gt,718,59.75,0.5991559610967998
ergo_nonadaptive,gt,719,59.83333333333337,0.5989214833075515
ergo_nonadaptive,gt,720,59.91666666666663,0.5987308244580624
ergo_nonadaptive,gt,721,60.0,0.5985618559132189
ergo_nonadaptive,gt,722,60.08333333333337,0.5984129478865475
ergo_nonadaptive,gt,723,60.16666666666663,0.5982752721311724
ergo_nonadaptive,gt,724,60.25,0.5981290909708743
ergo_nonadaptive,gt,725,60.33333333333337,0.597967195030308
ergo_nonadaptive,gt,726,60.41666666666663,0.5978072943280769
ergo_nonadaptive,gt,727,60.5,0.5976687333960188
ergo_nonadaptive,gt,728,60.58333333333337,0.5975439658691827
ergo_nonadaptive,gt,729,60.66666666666663,0.5974068189719323
ergo_nonadaptive,gt,730,60.75,0.5972620407289195
ergo_nonadaptive,gt,731,60.83333333333337,0.5971540075653163
ergo_nonadaptive,gt,732,60.91666666666663,0.5970862667758713
ergo_nonadaptive,gt,733,61.0,0.5970139718416702
ergo_nonadaptive,gt,734,61.08333333333337,0.5969098174933354
ergo_nonadaptive,gt,735,61.16666666666663,0.5968906251638064
ergo_nonadaptive,gt,736,61.25,0.5969514376277942
ergo_nonadaptive,gt,737,61.33333333333337,0.5970190692337848
ergo_nonadaptive,gt,738,61.41666666666663,0.5970533260205746
ergo_nonadaptive,gt,739,61.5,0.5971171943499606
ergo_nonadaptive,gt,740,61.58333333333337,0.5972428726144657
ergo_nonadaptive,gt,741,61.66666666666663,0.5973787485117837
ergo_nonadaptive,gt,742,61.75,0.5974721180216387
ergo_nonadaptive,gt,743,61.83333333333337,0.5975293070409416
ergo_nonadaptive,gt,744,61.91666666666663,0.5975891842845041
ergo_nonadaptive,gt,745,62.0,0.5976641902508769
ergo_nonadaptive,gt,746,62.08333333333337,0.5977177175507499
ergo_nonadaptive,gt,747,62.16666666666663,0.5977050979016728
ergo_nonadaptive,gt,748,62.25,0.5976822167120995
ergo_nonadaptive,gt,749,62.33333333333337,0.5977374089934834
ergo_nonadaptive,gt,750,62.41666666666663,0.5978245056422347
ergo_nonadaptive,gt,751,62.5,0.5978570120862791
ergo_nonadaptive,gt,752,62.58333333333337,0.5978520003440829
ergo_nonadaptive,gt,753,62.66666666666663,0.5978985980422147
ergo_nonadaptive,gt,754,62.75,0.5979732607491924
ergo_nonadaptive,gt,755,62.83333333333337,0.5980163517955714
ergo_nonadaptive,gt,756,62.91666666666663,0.5979935211833426
ergo_nonadaptive,gt,757,63.0,0.5979061527819891
ergo_nonadaptive,gt,758,63.08333333333337,0.5978328794722908
ergo_nonadaptive,gt,759,63.16666666666663,0.5978150597129537
ergo_nonadaptive,gt,760,63.25,0.597790685498367
ergo_nonadaptive,gt,761,63.33333333333337,0.5976721219711063
ergo_nonadaptive,gt,762,63.41666666666663,0.5975856862128751
ergo_nonadaptive,gt,763,63.5,0.5976056600244993
ergo_nonadaptive,gt,764,63.58333333333337,0.5976499253172148
ergo_nonadaptive,gt,765,63.66666666666663,0.5976141274964489
ergo_nonadaptive,gt,766,63.75,0.5975308855716709
ergo_nonadaptive,gt,767,63.83333333333337,0.597545240614016
ergo_nonadaptive,gt,768,63.91666666666663,0.5976165559232853
ergo_nonadaptive,gt,769,64.0,0.597636334625219
ergo_nonadaptive,gt,770,64.08333333333337,0.5975591710956545
ergo_nonadaptive,gt,771,64.16666666666663,0.5975629654535168
ergo_nonadaptive,gt,772,64.25,0.5976583930854302
ergo_nonadaptive,gt,773,64.33333333333337,0.5977385318244169
ergo_nonadaptive,gt,774,64.41666666666663,0.5977126831492928
ergo_nonadaptive,gt,775,64.5,0.5977104584850429
ergo_nonadaptive,gt,776,64.58333333333337,0.5978168343912463
ergo_nonadaptive,gt,777,64.66666666666663,0.59795036234415
ergo_nonadaptive,gt,778,64.75,0.5980183062043283
ergo_nonadaptive,gt,779,64.83333333333337,0.598056369809565
ergo_nonadaptive,gt,780,64.91666666666663,0.5981622709869577
ergo_nonadaptive,gt,781,65.0,0.59831959586704
ergo_nonadaptive,gt,782,65.08333333333337,0.5984602997520337
ergo_nonadaptive,gt,783,65.16666666666663,0.5985706313500101
ergo_nonadaptive,gt,784,65.25,0.5986997289932985
ergo_nonadaptive,gt,785,65.33333333333337,0.5988714302274168
ergo_nonadaptive,gt,786,65.41666666666663,0.5990557570463502
ergo_nonadaptive,gt,787,65.5,0.599211496682987
ergo_nonadaptive,gt,788,65.58333333333337,0.599346904033305
ergo_nonadaptive,gt,789,65.66666666666663,0.5995307335926688
ergo_nonadaptive,gt,790,65.75,0.5997799856718301
ergo_nonadaptive,gt,791,65.83333333333337,0.6000120017922795
ergo_nonadaptive,gt,792,65.91666666666663,0.6001655861844043
ergo_nonadaptive,gt,793,66.0,0.6004249798495668
ergo_nonadaptive,gt,794,66.08333333333337,0.6008448677648164
ergo_nonadaptive,gt,795,66.16666666666663,0.6013267578024392
ergo_nonadaptive,gt,796,66.25,0.601776734819863
ergo_nonadaptive,gt,797,66.33333333333337,0.6021328935805484
ergo_nonadaptive,gt,798,66.41666666666663,0.6023601402376564
ergo_nonadaptive,gt,799,66.5,0.6025805220627068
ergo_nonadaptive,gt,800,66.58333333333337,0.6028583364647827
ergo_nonadaptive,gt,801,66.66666666666663,0.6031325332809119
ergo_nonadaptive,gt,802,66.75,0.6033459173970995
ergo_nonadaptive,gt,803,66.83333333333337,0.6034594079222425
ergo_nonadaptive,gt,804,66.91666666666663,0.6034329568362674
ergo_nonadaptive,gt,805,67.0,0.603482402726704
ergo_nonadaptive,gt,806,67.08333333333337,0.6037016047185946
ergo_nonadaptive,gt,807,67.16666666666663,0.6040018687164519
ergo_nonadaptive,gt,808,67.25,0.6042948652036316
ergo_nonadaptive,gt,809,67.33333333333337,0.6045313153039295
ergo_nonadaptive,gt,810,67.41666666666663,0.6046833349780367
ergo_nonadaptive,gt,811,67.5,0.6048471848461245
ergo_nonadaptive,gt,812,67.58333333333337,0.6051127875468214
ergo_nonadaptive,gt,813,67.66666666666663,0.6054148147751436
ergo_nonadaptive,gt,814,67.75,0.6056747199887069
ergo_nonadaptive,gt,815,67.83333333333337,0.6058565221504087
ergo_nonadaptive,gt,816,67.91666666666663,0.605943646976327
ergo_nonadaptive,gt,817,68.0,0.6060033935554646
ergo_nonadaptive,gt,818,68.08333333333337,0.606130781581367
ergo_nonadaptive,gt,819,68.16666666666663,0.6063045783417542
ergo_nonadaptive,gt,820,68.25,0.6064743074710142
ergo_nonadaptive,gt,821,68.33333333333337,0.6066101533499298
ergo_nonadaptive,gt,822,68.41666666666663,0.6066797735755234
ergo_nonadaptive,gt,823,68.5,0.606727131977798
ergo_nonadaptive,gt,824,68.58333333333337,0.6068695705071846
ergo_nonadaptive,gt,825,68.66666666666663,0.6070905590536047
ergo_nonadaptive,gt,826,68.75,0.6073196755997968
ergo_nonadaptive,gt,827,68.83333333333337,0.6075049439938532
ergo_nonadaptive,gt,828,68.91666666666663,0.6075940640142463
ergo_nonadaptive,gt,829,69.0,0.6076217535611204
ergo_nonadaptive,gt,830,69.08333333333337,0.6077897901815851
ergo_nonadaptive,gt,831,69.16666666666663,0.6080716101111938
ergo_nonadaptive,gt,832,69.25,0.6083641719939846
ergo_nonadaptive,gt,833,69.33333333333337,0.6085961560571931
ergo_nonadaptive,gt,834,69.41666666666663,0.6087173127125807
ergo_nonadaptive,gt,835,69.5,0.6087552278563582
ergo_nonadaptive,gt,836,69.58333333333337,0.6089229763634347
ergo_nonadaptive,gt,837,69.66666666666663,0.6092075874832131
ergo_nonadaptive,gt,838,69.75,0.6095018844029368
ergo_nonadaptive,gt,839,69.83333333333337,0.6097429119810648
ergo_nonadaptive,gt,840,69.91666666666663,0.6099092581116701
ergo_nonadaptive,gt,841,70.0,0.6100255681170769
ergo_nonadaptive,gt,842,70.08333333333337,0.6101887893146084
ergo_nonadaptive,gt,843,70.16666666666663,0.6104092119015404
ergo_nonadaptive,gt,844,70.25,0.610621503404148
ergo_nonadaptive,gt,845,70.33333333333337,0.6108097113186651
ergo_nonadaptive,gt,846,70.41666666666663,0.6109912213614856
ergo_nonadaptive,gt,847,70.5,0.6111667735231643
ergo_nonadaptive,gt,848,70.58333333333337,0.6113433653692008
ergo_nonadaptive,gt,849,70.66666666666663,0.6114990923886261
ergo_nonadaptive,gt,850,70.75,0.6115875839368082
ergo_nonadaptive,gt,851,70.83333333333337,0.6116733134599792
ergo_nonadaptive,gt,852,70.91666666666663,0.6118439343206761
ergo_nonadaptive,gt,853,71.0,0.6120622732703463
ergo_nonadaptive,gt,854,71.08333333333337,0.6122619384931852
ergo_nonadaptive,gt,855,71.16666666666663,0.6123878195971084
ergo_nonadaptive,gt,856,71.25,0.6123804320265805
ergo_nonadaptive,gt,857,71.33333333333337,0.6123819013293029
ergo_nonadaptive,gt,858,71.41666666666663,0.6125394278690837
ergo_nonadaptive,gt,859,71.5,0.6127696801153008
ergo_nonadaptive,gt,860,71.58333333333337,0.6129780466127627
ergo_nonadaptive,gt,861,71.66666666666663,0.6131167997212368
ergo_nonadaptive,gt,862,71.75,0.6131451199442538
ergo_nonadaptive,gt,863,71.83333333333337,0.6131223005612984
ergo_nonadaptive,gt,864,71.91666666666663,0.6131869648864688
ergo_nonadaptive,gt,865,72.0,0.6132173600570991
ergo_nonadaptive,gt,866,72.08333333333337,0.6132095398586139
ergo_nonadaptive,gt,867,72.16666666666663,0.6131806618528046
ergo_nonadaptive,gt,868,72.25,0.613115300188627
ergo_nonadaptive,gt,869,72.33333333333337,0.6130037592865505
ergo_nonadaptive,gt,870,72.41666666666663,0.6129056457723414
ergo_nonadaptive,gt,871,72.5,0.6128720518673547
ergo_nonadaptive,gt,872,72.58333333333337,0.6128543216879897
ergo_nonadaptive,gt,873,72.66666666666663,0.6127564462259024
ergo_nonadaptive,gt,874,72.75,0.6126641479369648
ergo_nonadaptive,gt,875,72.83333333333337,0.6127026130051032
ergo_nonadaptive,gt,876,72.91666666666663,0.6128002596136409
ergo_nonadaptive,gt,877,73.0,0.6128547609172719
ergo_nonadaptive,gt,878,73.08333333333337,0.6128706611318079
ergo_nonadaptive,gt,879,73.16666666666663,0.6129369225968733
ergo_nonadaptive,gt,880,73.25,0.6130573044907285
ergo_nonadaptive,gt,881,73.33333333333337,0.6131736103043687
ergo_nonadaptive,gt,882,73.41666666666663,0.6132537209962529
ergo_nonadaptive,gt,883,73.5,0.6133252794143393
ergo_nonadaptive,gt,884,73.58333333333337,0.6134235149027181
ergo_nonadaptive,gt,885,73.66666666666663,0.6135362725669744
ergo_nonadaptive,gt,886,73.75,0.6136153251039768
ergo_nonadaptive,gt,887,73.83333333333337,0.6136519718763811
ergo_nonadaptive,gt,888,73.91666666666663,0.6137192828264457
ergo_nonadaptive,gt,889,74.0,0.6138431056449091
ergo_nonadaptive,gt,890,74.08333333333337,0.6139446633929215
ergo_nonadaptive,gt,891,74.16666666666663,0.6139321406899741
ergo_nonadaptive,gt,892,74.25,0.6139604453435084
ergo_nonadaptive,gt,893,74.33333333333337,0.6141171899734741
ergo_nonadaptive,gt,894,74.41666666666663,0.6142986501821157
ergo_nonadaptive,gt,895,74.5,0.6143988109350396
ergo_nonadaptive,gt,896,74.58333333333337,0.6144596390453291
ergo_nonadaptive,gt,897,74.66666666666663,0.614569181592757
ergo_nonadaptive,gt,898,74.75,0.6146805831971804
ergo_nonadaptive,gt,899,74.83333333333337,0.6147447088289549
ergo_nonadaptive,gt,900,74.91666666666663,0.614768505666821
ergo_nonadaptive,gt,901,75.0,0.6147890602919648
ergo_nonadaptive,gt,902,75.08333333333337,0.6148420605370964
ergo_nonadaptive,gt,903,75.16666666666663,0.614926136884839
ergo_nonadaptive,gt,904,75.25,0.6149977061452225
ergo_nonadaptive,gt,905,75.33333333333337,0.6150146613260772
ergo_nonadaptive,gt,906,75.41666666666663,0.6150170361838964
ergo_nonadaptive,gt,907,75.5,0.6150795099354647
ergo_nonadaptive,gt,908,75.58333333333337,0.615165384072212
ergo_nonadaptive,gt,909,75.66666666666663,0.6151664911460468
ergo_nonadaptive,gt,910,75.75,0.6150853897897405
ergo_nonadaptive,gt,911,75.83333333333337,0.6151274785163892
ergo_nonadaptive,gt,912,75.91666666666663,0.6152450869889093
ergo_nonadaptive,gt,913,76.0,0.6153240693463509
ergo_nonadaptive,gt,914,76.08333333333337,0.6153271764195077
ergo_nonadaptive,gt,915,76.16666666666663,0.6153306040347919
ergo_nonadaptive,gt,916,76.25,0.6153697234248492
ergo_nonadaptive,gt,917,76.33333333333337,0.6154048587856722
ergo_nonadaptive,gt,918,76.41666666666663,0.6153948343898522
ergo_nonadaptive,gt,919,76.5,0.6153497189550716
ergo_nonadaptive,gt,920,76.58333333333337,0.6153073804423848
ergo_nonadaptive,gt,921,76.66666666666663,0.6152738960980187
ergo_nonadaptive,gt,922,76.75,0.6152113250867013
ergo_nonadaptive,gt,923,76.83333333333337,0.6150943072812254
ergo_nonadaptive,gt,924,76.91666666666663,0.6149744273159466
ergo_nonadaptive,gt,925,77.0,0.6148995742996243
ergo_nonadaptive,gt,926,77.08333333333337,0.6148237461947794
ergo_nonadaptive,gt,927,77.16666666666663,0.6146615967081818
ergo_nonadaptive,gt,928,77.25,0.6144713670525164
ergo_nonadaptive,gt,929,77.33333333333337,0.6143837745142495
ergo_nonadaptive,gt,930,77.41666666666663,0.6143418633245904
ergo_nonadaptive,gt,931,77.5,0.6142489222841891
ergo_nonadaptive,gt,932,77.58333333333337,0.6140957846759039
ergo_nonadaptive,gt,933,77.66666666666663,0.6139841703143251
ergo_nonadaptive,gt,934,77.75,0.6139229949956345
ergo_nonadaptive,gt,935,77.83333333333337,0.6138509303409969
ergo_nonadaptive,gt,936,77.91666666666663,0.6137366435057982
ergo_nonadaptive,gt,937,78.0,0.6136265448991671
ergo_nonadaptive,gt,938,78.08333333333337,0.6135586398850741
ergo_nonadaptive,gt,939,78.16666666666663,0.6135072308945079
ergo_nonadaptive,gt,940,78.25,0.6134347737213552
ergo_nonadaptive,gt,941,78.33333333333337,0.6133537953478623
ergo_nonadaptive,gt,942,78.41666666666663,0.6133039949114423
ergo_nonadaptive,gt,943,78.5,0.6132845651933018
ergo_nonadaptive,gt,944,78.58333333333337,0.6132592589551485
ergo_nonadaptive,gt,945,78.66666666666663,0.6132185132725578
ergo_nonadaptive,gt,946,78.75,0.6131973307499308
ergo_nonadaptive,gt,947,78.83333333333337,0.6132144123393704
ergo_nonadaptive,gt,948,78.91666666666663,0.6132386256399232
ergo_nonadaptive,gt,949,79.0,0.6132383033895531
ergo_nonadaptive,gt,950,79.08333333333337,0.6132394835839736
ergo_nonadaptive,gt,951,79.16666666666663,0.6132840818343552
ergo_nonadaptive,gt,952,79.25,0.6133517189194043
ergo_nonadaptive,gt,953,79.33333333333337,0.6133864295545469
ergo_nonadaptive,gt,954,79.41666666666663,0.6133946658393274
ergo_nonadaptive,gt,955,79.5,0.6134475985513422
ergo_nonadaptive,gt,956,79.58333333333337,0.6135445475850795
ergo_nonadaptive,gt,957,79.66666666666663,0.6136110413336762
ergo_nonadaptive,gt,958,79.75,0.6136168825599541
ergo_nonadaptive,gt,959,79.83333333333337,0.6136546401472159
ergo_nonadaptive,gt,960,79.91666666666663,0.6137585607815479
ergo_nonadaptive,gt,961,80.0,0.6138515954358957
ergo_nonadaptive,gt,962,80.08333333333337,0.6138660444277683
ergo_nonadaptive,gt,963,80.16666666666663,0.6138783839242208
ergo_nonadaptive,gt,964,80.25,0.6139607428035777
ergo_nonadaptive,gt,965,80.33333333333337,0.6140531147941866
ergo_nonadaptive,gt,966,80.41666666666663,0.6140586571675138
ergo_nonadaptive,gt,967,80.5,0.6139983634417275
ergo_nonadaptive,gt,968,80.58333333333337,0.6140445191189579
ergo_nonadaptive,gt,969,80.66666666666663,0.6141469836214017
ergo_nonadaptive,gt,970,80.75,0.6141984491978533
ergo_nonadaptive,gt,971,80.83333333333337,0.614185196214218
ergo_nonadaptive,gt,972,80.91666666666663,0.6141018898020931
ergo_nonadaptive,gt,973,81.0,0.6139275722619314
ergo_nonadaptive,gt,974,81.08333333333337,0.6137754624653434
ergo_nonadaptive,gt,975,81.16666666666663,0.6137135122863394
ergo_nonadaptive,gt,976,81.25,0.6136716514469084
ergo_nonadaptive,gt,977,81.33333333333337,0.6135677412956246
ergo_nonadaptive,gt,978,81.41666666666663,0.6134431586083089
ergo_nonadaptive,gt,979,81.5,0.6133869949669102
ergo_nonadaptive,gt,980,81.58333333333337,0.6133706642713453
ergo_nonadaptive,gt,981,81.66666666666663,0.613323301849299
ergo_nonadaptive,gt,982,81.75,0.6132392065199473
ergo_nonadaptive,gt,983,81.83333333333337,0.6131767669344406
ergo_nonadaptive,gt,984,81.91666666666663,0.6131488259959134
ergo_nonadaptive,gt,985,82.0,0.613115105558666
ergo_nonadaptive,gt,986,82.08333333333337,0.6130495949270208
ergo_nonadaptive,gt,987,82.16666666666663,0.6129757701644559
ergo_nonadaptive,gt,988,82.25,0.6129237442902699
ergo_nonadaptive,gt,989,82.33333333333337,0.6128811535114689
ergo_nonadaptive,gt,990,82.41666666666663,0.6128076223159163
ergo_nonadaptive,gt,991,82.5,0.6126997613395389
ergo_nonadaptive,gt,992,82.58333333333337,0.6126186000682312
ergo_nonadaptive,gt,993,82.66666666666663,0.6125818856656333
ergo_nonadaptive,gt,994,82.75,0.6125230883522188
ergo_nonadaptive,gt,995,82.83333333333337,0.6123704403225896
ergo_nonadaptive,gt,996,82.91666666666663,0.6122686070841316
ergo_nonadaptive,gt,997,83.0,0.6122833733552099
ergo_nonadaptive,gt,998,83.08333333333337,0.6123217714901583
ergo_nonadaptive,gt,999,83.16666666666663,0.61229244759897
ergo_nonadaptive,gt,1000,83.25,0.6122445870297376
ergo_nonadaptive,gt,1001,83.33333333333337,0.6122705358988223
ergo_nonadaptive,gt,1002,83.41666666666663,0.6123388372277643
ergo_nonadaptive,gt,1003,83.5,0.612369894126469
ergo_nonadaptive,gt,1004,83.58333333333337,0.6123355037833644
ergo_nonadaptive,gt,1005,83.66666666666663,0.6122745116539783
ergo_nonadaptive,gt,1006,83.75,0.6122152844891442
ergo_nonadaptive,gt,1007,83.83333333333337,0.6121458930229521
ergo_nonadaptive,gt,1008,83.91666666666663,0.6120504227237515
ergo_nonadaptive,gt,1009,84.0,0.6119457987242722
ergo_nonadaptive,gt,1010,84.08333333333337,0.6118636502330578
ergo_nonadaptive,gt,1011,84.16666666666663,0.6118012516793513
ergo_nonadaptive,gt,1012,84.25,0.6117164090593359
ergo_nonadaptive,gt,1013,84.33333333333337,0.6115876541833234
ergo_nonadaptive,gt,1014,84.41666666666663,0.6114974856441607
ergo_nonadaptive,gt,1015,84.5,0.611484994748008
ergo_nonadaptive,gt,1016,84.58333333333337,0.6114835897125447
ergo_nonadaptive,gt,1017,84.66666666666663,0.6114265753042986
ergo_nonadaptive,gt,1018,84.75,0.6113832446126296
ergo_nonadaptive,gt,1019,84.83333333333337,0.6114154230254952
ergo_nonadaptive,gt,1020,84.91666666666663,0.6114846693114316
ergo_nonadaptive,gt,1021,85.0,0.6115360241244839
ergo_nonadaptive,gt,1022,85.08333333333337,0.6115547877984191
ergo_nonadaptive,gt,1023,85.16666666666663,0.6115700731103907
ergo_nonadaptive,gt,1024,85.25,0.6116138866115313
ergo_nonadaptive,gt,1025,85.33333333333337,0.6116666642650144
ergo_nonadaptive,gt,1026,85.41666666666663,0.6116644280354805
ergo_nonadaptive,gt,1027,85.5,0.6116115088177004
ergo_nonadaptive,gt,1028,85.58333333333337,0.6116259689005953
ergo_nonadaptive,gt,1029,85.66666666666663,0.6116964378231814
ergo_nonadaptive,gt,1030,85.75,0.6117250465530437
ergo_nonadaptive,gt,1031,85.83333333333337,0.6116821242352272
ergo_nonadaptive,gt,1032,85.91666666666663,0.6116701557278558
ergo_nonadaptive,gt,1033,86.0,0.6117152804683126
ergo_nonadaptive,gt,1034,86.08333333333337,0.6117633937933435
ergo_nonadaptive,gt,1035,86.16666666666663,0.6117667247882241
ergo_nonadaptive,gt,1036,86.25,0.6117248806790434
ergo_nonadaptive,gt,1037,86.33333333333337,0.6116749255059993
ergo_nonadaptive,gt,1038,86.41666666666663,0.6116431556321374
ergo_nonadaptive,gt,1039,86.5,0.611593126694951
ergo_nonadaptive,gt,1040,86.58333333333337,0.6114530118253305
ergo_nonadaptive,gt,1041,86.66666666666663,0.6113173550520977
ergo_nonadaptive,gt,1042,86.75,0.611309511800313
ergo_nonadaptive,gt,1043,86.83333333333337,0.6113720119766516
ergo_nonadaptive,gt,1044,86.91666666666663,0.611427987856547
ergo_nonadaptive,gt,1045,87.0,0.6114432880752351
ergo_nonadaptive,gt,1046,87.08333333333337,0.611431595894593
ergo_nonadaptive,gt,1047,87.16666666666663,0.6114349148217901
ergo_nonadaptive,gt,1048,87.25,0.611460272243243
ergo_nonadaptive,gt,1049,87.33333333333337,0.6114620617448473
ergo_nonadaptive,gt,1050,87.41666666666663,0.6114213427972506
ergo_nonadaptive,gt,1051,87.5,0.611411703815522
ergo_nonadaptive,gt,1052,87.58333333333337,0.6114610179215856
ergo_nonadaptive,gt,1053,87.66666666666663,0.6115074951593472
ergo_nonadaptive,gt,1054,87.75,0.6114967514100398
ergo_nonadaptive,gt,1055,87.83333333333337,0.6114917481707317
ergo_nonadaptive,gt,1056,87.91666666666663,0.6115508610130509
ergo_nonadaptive,gt,1057,88.0,0.6116290436154298
ergo_nonadaptive,gt,1058,88.08333333333337,0.6116615603926591
ergo_nonadaptive,gt,1059,88.16666666666663,0.6116708231126863
ergo_nonadaptive,gt,1060,88.25,0.6117226949345242
ergo_nonadaptive,gt,1061,88.33333333333337,0.6118063010762166
ergo_nonadaptive,gt,1062,88.41666666666663,0.611867723188617
ergo_nonadaptive,gt,1063,88.5,0.6118976834097877
ergo_nonadaptive,gt,1064,88.58333333333337,0.6119408242593957
ergo_nonadaptive,gt,1065,88.66666666666663,0.61201364910166
ergo_nonadaptive,gt,1066,88.75,0.6120834706719745
ergo_nonadaptive,gt,1067,88.83333333333337,0.6121217232146998
ergo_nonadaptive,gt,1068,88.91666666666663,0.6121488804489538
ergo_nonadaptive,gt,1069,89.0,0.6122022156022642
ergo_nonadaptive,gt,1070,89.08333333333337,0.6122711888984839
ergo_nonadaptive,gt,1071,89.16666666666663,0.6123021060104717
ergo_nonadaptive,gt,1072,89.25,0.6122836774729021
ergo_nonadaptive,gt,1073,89.33333333333337,0.6123060721110531
ergo_nonadaptive,gt,1074,89.41666666666663,0.6123921371223741
ergo_nonadaptive,gt,1075,89.5,0.6124583127865801
ergo_nonadaptive,gt,1076,89.58333333333337,0.6124270217215031
ergo_nonadaptive,gt,1077,89.66666666666663,0.6124342708911302
ergo_nonadaptive,gt,1078,89.75,0.612536467552239
ergo_nonadaptive,gt,1079,89.83333333333337,0.6126544019800778
ergo_nonadaptive,gt,1080,89.91666666666663,0.612722301433518
ergo_nonadaptive,gt,1081,90.0,0.6127617421115705
ergo_nonadaptive,gt,1082,90.08333333333337,0.6128167698513327
ergo_nonadaptive,gt,1083,90.16666666666663,0.6128830949988294
ergo_nonadaptive,gt,1084,90.25,0.6129199731987804
ergo_nonadaptive,gt,1085,90.33333333333337,0.6128863596293972
ergo_nonadaptive,gt,1086,90.41666666666663,0.6128075312965477
ergo_nonadaptive,gt,1087,90.5,0.6127769157644004
ergo_nonadaptive,gt,1088,90.58333333333337,0.6127864463677558
ergo_nonadaptive,gt,1089,90.66666666666663,0.61275510353476
ergo_nonadaptive,gt,1090,90.75,0.6126771385738954
ergo_nonadaptive,gt,1091,90.83333333333337,0.6126384970686393
ergo_nonadaptive,gt,1092,90.91666666666663,0.6126482650181466
ergo_nonadaptive,gt,1093,91.0,0.6126569168702618
ergo_nonadaptive,gt,1094,91.08333333333337,0.6126202255128353
ergo_nonadaptive,gt,1095,91.16666666666663,0.6125283764686118
ergo_nonadaptive,gt,1096,91.25,0.6124254837005929
ergo_nonadaptive,gt,1097,91.33333333333337,0.6123522052373774
ergo_nonadaptive,gt,1098,91.41666666666663,0.6122682326889529
ergo_nonadaptive,gt,1099,91.5,0.6121111538640357
ergo_nonadaptive,gt,1100,91.58333333333337,0.6119538059603453
ergo_nonadaptive,gt,1101,91.66666666666663,0.611878297098507
ergo_nonadaptive,gt,1102,91.75,0.6118422152656668
ergo_nonadaptive,gt,1103,91.83333333333337,0.6117852256674977
ergo_nonadaptive,gt,1104,91.91666666666663,0.6116889004572804
ergo_nonadaptive,gt,1105,92.0,0.6115763045923863
ergo_nonadaptive,gt,1106,92.08333333333337,0.6114840702271221
ergo_nonadaptive,gt,1107,92.16666666666663,0.6114089309518496
ergo_nonadaptive,gt,1108,92.25,0.6112919817202818
ergo_nonadaptive,gt,1109,92.33333333333337,0.6110983205269548
ergo_nonadaptive,gt,1110,92.41666666666663,0.6110085053435343
ergo_nonadaptive,gt,1111,92.5,0.6110321297113038
ergo_nonadaptive,gt,1112,92.58333333333337,0.6110717348003635
ergo_nonadaptive,gt,1113,92.66666666666663,0.6110725762075433
ergo_nonadaptive,gt,1114,92.75,0.6110676578342713
ergo_nonadaptive,gt,1115,92.83333333333337,0.6110931301391858
ergo_nonadaptive,gt,1116,92.91666666666663,0.6111401862095674
ergo_nonadaptive,gt,1117,93.0,0.6111672715387408
ergo_nonadaptive,gt,1118,93.08333333333337,0.6111300915267927
ergo_nonadaptive,gt,1119,93.16666666666663,0.6110712810135951
ergo_nonadaptive,gt,1120,93.25,0.6110991625918889
ergo_nonadaptive,gt,1121,93.33333333333337,0.6111821682840134
ergo_nonadaptive,gt,1122,93.41666666666663,0.6112260542196783
ergo_nonadaptive,gt,1123,93.5,0.6112316616042919
ergo_nonadaptive,gt,1124,93.58333333333337,0.6112787957860886
ergo_nonadaptive,gt,1125,93.66666666666663,0.6113687719457422
ergo_nonadaptive,gt,1126,93.75,0.611450348531337
ergo_nonadaptive,gt,1127,93.83333333333337,0.6114780017615628
ergo_nonadaptive,gt,1128,93.91666666666663,0.6114414763596294
ergo_nonadaptive,gt,1129,94.0,0.611404726340608
ergo_nonadaptive,gt,1130,94.08333333333337,0.6114237600815967
ergo_nonadaptive,gt,1131,94.16666666666663,0.6114513748806153
ergo_nonadaptive,gt,1132,94.25,0.6114351229200977
ergo_nonadaptive,gt,1133,94.33333333333337,0.6114204771021355
ergo_nonadaptive,gt,1134,94.41666666666663,0.6114451682389171
ergo_nonadaptive,gt,1135,94.5,0.611483192430605
ergo_nonadaptive,gt,1136,94.58333333333337,0.6114972305174533
ergo_nonadaptive,gt,1137,94.66666666666663,0.6114452472435652
ergo_nonadaptive,gt,1138,94.75,0.6113165357229774
ergo_nonadaptive,gt,1139,94.83333333333337,0.6112527286321439
ergo_nonadaptive,gt,1140,94.91666666666663,0.6112838768573133
ergo_nonadaptive,gt,1141,95.0,0.6113354940501549
ergo_nonadaptive,gt,1142,95.08333333333337,0.6113520080740016
ergo_nonadaptive,gt,1143,95.16666666666663,0.6113167910633075
ergo_nonadaptive,gt,1144,95.25,0.6112519772418505
ergo_nonadaptive,gt,1145,95.33333333333337,0.611216718921399
ergo_nonadaptive,gt,1146,95.41666666666663,0.6112067471458135
ergo_nonadaptive,gt,1147,95.5,0.6111487193259351
ergo_nonadaptive,gt,1148,95.58333333333337,0.6110461156308264
ergo_nonadaptive,gt,1149,95.66666666666663,0.6110302937195629
ergo_nonadaptive,gt,1150,95.75,0.6110931249687008
ergo_nonadaptive,gt,1151,95.83333333333337,0.6111512087866798
ergo_nonadaptive,gt,1152,95.91666666666663,0.6111617044370271
ergo_nonadaptive,gt,1153,96.0,0.6111654284128356
ergo_nonadaptive,gt,1154,96.08333333333337,0.6112058018179012
ergo_nonadaptive,gt,1155,96.16666666666663,0.6112638275775781
ergo_nonadaptive,gt,1156,96.25,0.6112973150487417
ergo_nonadaptive,gt,1157,96.33333333333337,0.6113104620003522
ergo_nonadaptive,gt,1158,96.41666666666663,0.6113153457872338
ergo_nonadaptive,gt,1159,96.5,0.6113511915319916
ergo_nonadaptive,gt,1160,96.58333333333337,0.6113824439999596
ergo_nonadaptive,gt,1161,96.66666666666663,0.6113658364980646
ergo_nonadaptive,gt,1162,96.75,0.6112595637065771
ergo_nonadaptive,gt,1163,96.83333333333337,0.6112056607257927
ergo_nonadaptive,gt,1164,96.91666666666663,0.611304303368887
ergo_nonadaptive,gt,1165,97.0,0.611460944298667
ergo_nonadaptive,gt,1166,97.08333333333337,0.6115674254802226
ergo_nonadaptive,gt,1167,97.16666666666663,0.6116509259004146
ergo_nonadaptive,gt,1168,97.25,0.6118054034524261
ergo_nonadaptive,gt,1169,97.33333333333337,0.6120188755111925
ergo_nonadaptive,gt,1170,97.41666666666663,0.6122162443305168
ergo_nonadaptive,gt,1171,97.5,0.6123533250490596
ergo_nonadaptive,gt,1172,97.58333333333337,0.6124512369226863
ergo_nonadaptive,gt,1173,97.66666666666663,0.6125522068415619
ergo_nonadaptive,gt,1174,97.75,0.6126548139252855
ergo_nonadaptive,gt,1175,97.83333333333337,0.612708431787531
ergo_nonadaptive,gt,1176,97.91666666666663,0.6126995304371513
ergo_nonadaptive,gt,1177,98.0,0.6127408043723253
ergo_nonadaptive,gt,1178,98.08333333333337,0.6128600808991018
ergo_nonadaptive,gt,1179,98.16666666666663,0.6129647397758066
ergo_nonadaptive,gt,1180,98.25,0.6129686561396264
ergo_nonadaptive,gt,1181,98.33333333333337,0.6130045905110598
ergo_nonadaptive,gt,1182,98.41666666666663,0.6131416112673208
ergo_nonadaptive,gt,1183,98.5,0.6133011645405255
ergo_nonadaptive,gt,1184,98.58333333333337,0.6134068552119702
ergo_nonadaptive,gt,1185,98.66666666666663,0.6134832729439044
ergo_nonadaptive,gt,1186,98.75,0.6135910196136514
ergo_nonadaptive,gt,1187,98.83333333333337,0.6137252316692281
ergo_nonadaptive,gt,1188,98.91666666666663,0.6138404709556854
ergo_nonadaptive,gt,1189,99.0,0.6139165610975651
ergo_nonadaptive,gt,1190,99.08333333333337,0.6139850705022327
ergo_nonadaptive,gt,1191,99.16666666666663,0.6140799032549992
ergo_nonadaptive,gt,1192,99.25,0.6141789948437716
ergo_nonadaptive,gt,1193,99.33333333333337,0.6142281087109688
ergo_nonadaptive,gt,1194,99.41666666666663,0.6142393376780106
ergo_nonadaptive,gt,1195,99.5,0.614301482991735
ergo_nonadaptive,gt,1196,99.58333333333337,0.614410947500436
ergo_nonadaptive,gt,1197,99.66666666666663,0.6144723874638907
ergo_nonadaptive,gt,1198,99.75,0.6144261090416429
ergo_nonadaptive,gt,1199,99.83333333333337,0.6144590948719665
ergo_nonadaptive,gt,1200,99.91666666666663,0.6145863821799736
ergo_nonadaptive,gt,1201,100.0,0.6147041422454713
ergo_nonadaptive,gt,1202,100.08333333333337,0.614744066212469
ergo_nonadaptive,gt,1203,100.16666666666663,0.6147745674177176
ergo_nonadaptive,gt,1204,100.25,0.6148566445448562
ergo_nonadaptive,gt,1205,100.33333333333337,0.6149548425490474
ergo_nonadaptive,gt,1206,100.41666666666663,0.6150158161102516
ergo_nonadaptive,gt,1207,100.5,0.6150382204631409
ergo_nonadaptive,gt,1208,100.58333333333337,0.6150601014048576
ergo_nonadaptive,gt,1209,100.66666666666663,0.6150968301035789
ergo_nonadaptive,gt,1210,100.75,0.6151182004189251
ergo_nonadaptive,gt,1211,100.83333333333337,0.6150880006326522
ergo_nonadaptive,gt,1212,100.91666666666663,0.615033363005716
ergo_nonadaptive,gt,1213,101.0,0.615016483061398
ergo_nonadaptive,gt,1214,101.08333333333337,0.6150188033395092
ergo_nonadaptive,gt,1215,101.16666666666663,0.6149557681918527
ergo_nonadaptive,gt,1216,101.25,0.6148107533061357
ergo_nonadaptive,gt,1217,101.33333333333337,0.6147553203530345
ergo_nonadaptive,gt,1218,101.41666666666663,0.6147635482133613
ergo_nonadaptive,gt,1219,101.5,0.6147402577959242
ergo_nonadaptive,gt,1220,101.58333333333337,0.6146459479902414
ergo_nonadaptive,gt,1221,101.66666666666663,0.6145520461947407
ergo_nonadaptive,gt,1222,101.75,0.6144941623347732
ergo_nonadaptive,gt,1223,101.83333333333337,0.6144342818897391
ergo_nonadaptive,gt,1224,101.91666666666663,0.6143336985378716
ergo_nonadaptive,gt,1225,102.0,0.6142010242133671
ergo_nonadaptive,gt,1226,102.08333333333337,0.6140679978217783
ergo_nonadaptive,gt,1227,102.16666666666663,0.6139399691542914
ergo_nonadaptive,gt,1228,102.25,0.6137888814876743
ergo_nonadaptive,gt,1229,102.33333333333337,0.6135930002623902
ergo_nonadaptive,gt,1230,102.41666666666663,0.6133858942932158
ergo_nonadaptive,gt,1231,102.5,0.6132096133768994
ergo_nonadaptive,gt,1232,102.58333333333337,0.6130378406127188
ergo_nonadaptive,gt,1233,102.66666666666663,0.6128035021934327
ergo_nonadaptive,gt,1234,102.75,0.612536330334903
ergo_nonadaptive,gt,1235,102.83333333333337,0.612351019947006
ergo_nonadaptive,gt,1236,102.91666666666663,0.612210421239938
ergo_nonadaptive,gt,1237,103.0,0.612042886093557
ergo_nonadaptive,gt,1238,103.08333333333337,0.6118358249187242
ergo_nonadaptive,gt,1239,103.16666666666663,0.6116517670307785
ergo_nonadaptive,gt,1240,103.25,0.6115075645607198
ergo_nonadaptive,gt,1241,103.33333333333337,0.6113686506524302
ergo_nonadaptive,gt,1242,103.41666666666663,0.6112093595552249
ergo_nonadaptive,gt,1243,103.5,0.6110454077089542
ergo_nonadaptive,gt,1244,103.58333333333337,0.6109042156884883
ergo_nonadaptive,gt,1245,103.66666666666663,0.6107829562327994
ergo_nonadaptive,gt,1246,103.75,0.6106505585714289
ergo_nonadaptive,gt,1247,103.83333333333337,0.6104955680969343
ergo_nonadaptive,gt,1248,103.91666666666663,0.6103628924183611
ergo_nonadaptive,gt,1249,104.0,0.6102799573715856
ergo_nonadaptive,gt,1250,104.08333333333337,0.6101997827252181
ergo_nonadaptive,gt,1251,104.16666666666663,0.6100509896441842
ergo_nonadaptive,gt,1252,104.25,0.6099163041681716
ergo_nonadaptive,gt,1253,104.33333333333337,0.609893132185237
ergo_nonadaptive,gt,1254,104.41666666666663,0.6099169406781828
ergo_nonadaptive,gt,1255,104.5,0.6098912750216222
ergo_nonadaptive,gt,1256,104.58333333333337,0.6098319425742409
ergo_nonadaptive,gt,1257,104.66666666666663,0.6098389997264339
ergo_nonadaptive,gt,1258,104.75,0.6099031775965105
ergo_nonadaptive,gt,1259,104.83333333333337,0.6099585677144668
ergo_nonadaptive,gt,1260,104.91666666666663,0.6099767122580977
ergo_nonadaptive,gt,1261,105.0,0.6099919398065032
ergo_nonadaptive,gt,1262,105.08333333333337,0.6100335447349435
ergo_nonadaptive,gt,1263,105.16666666666663,0.6100821073111277
ergo_nonadaptive,gt,1264,105.25,0.6100986341078384
ergo_nonadaptive,gt,1265,105.33333333333337,0.6100865292370224
ergo_nonadaptive,gt,1266,105.41666666666663,0.6100959599563553
ergo_nonadaptive,gt,1267,105.5,0.6101361212637199
ergo_nonadaptive,gt,1268,105.58333333333337,0.6101490192734802
ergo_nonadaptive,gt,1269,105.66666666666663,0.6100985038137353
ergo_nonadaptive,gt,1270,105.75,0.6100737148262131
ergo_nonadaptive,gt,1271,105.83333333333337,0.6101250272067477
ergo_nonadaptive,gt,1272,105.91666666666663,0.610176228681521
ergo_nonadaptive,gt,1273,106.0,0.6101169555619198
ergo_nonadaptive,gt,1274,106.08333333333337,0.6100590893290565
ergo_nonadaptive,gt,1275,106.16666666666663,0.6101302858423991
ergo_nonadaptive,gt,1276,106.25,0.6101790747509123
ergo_nonadaptive,gt,1277,106.33333333333337,0.6101968970164454
ergo_nonadaptive,gt,1278,106.41666666666663,0.6101546549884809
ergo_nonadaptive,gt,1279,106.5,0.610040606483839
ergo_nonadaptive,gt,1280,106.58333333333337,0.6098433979983372
ergo_nonadaptive,gt,1281,106.66666666666663,0.6095634101394666
ergo_nonadaptive,gt,1282,106.75,0.6092163545027576
ergo_nonadaptive,gt,1283,106.83333333333337,0.6088219324897491
ergo_nonadaptive,gt,1284,106.91666666666663,0.6083968721831523
ergo_nonadaptive,gt,1285,107.0,0.6079534359331742
ergo_nonadaptive,gt,1286,107.08333333333337,0.607500195929454
ergo_nonadaptive,gt,1287,107.16666666666663,0.60704305393338
ergo_nonadaptive,gt,1288,107.25,0.6065860219021489
ergo_nonadaptive,gt,1289,107.33333333333337,0.6061317674784019
ergo_nonadaptive,gt,1290,107.41666666666663,0.6056819968855456
ergo_nonadaptive,gt,1291,107.5,0.6052377301084836
ergo_nonadaptive,gt,1292,107.58333333333337,0.6047995023939372
ergo_nonadaptive,gt,1293,107.66666666666663,0.6043675130389905
ergo_nonadaptive,gt,1294,107.75,0.6039417351410362
ergo_nonadaptive,gt,1295,107.83333333333337,0.6035219958816546
ergo_nonadaptive,gt,1296,107.91666666666663,0.603108034443901
ergo_nonadaptive,gt,1297,108.0,0.6026995430126765
ergo_nonadaptive,gt,1298,108.08333333333337,0.602296195099521
ergo_nonadaptive,gt,1299,108.16666666666663,0.6018976644925604
ergo_nonadaptive,gt,1300,108.25,0.6015036373799919
ergo_nonadaptive,gt,1301,108.33333333333337,0.601113819591297
ergo_nonadaptive,gt,1302,108.41666666666663,0.6007279404191059
ergo_nonadaptive,gt,1303,108.5,0.6003457541064733
ergo_nonadaptive,gt,1304,108.58333333333337,0.5999670397916732
ergo_nonadaptive,gt,1305,108.66666666666663,0.5995916004796006
ergo_nonadaptive,gt,1306,108.75,0.5992192614414036
ergo_nonadaptive,gt,1307,108.83333333333337,0.5988498683200048
ergo_nonadaptive,gt,1308,108.91666666666663,0.5984832851286822
ergo_nonadaptive,gt,1309,109.0,0.5981193922647544
ergo_nonadaptive,gt,1310,109.08333333333337,0.5977580846142422
ergo_nonadaptive,gt,1311,109.16666666666663,0.5973992697911931
ergo_nonadaptive,gt,1312,109.25,0.597042866533337
ergo_nonadaptive,gt,1313,109.33333333333337,0.5966888032610477
ergo_nonadaptive,gt,1314,109.41666666666663,0.596337016797031
ergo_nonadaptive,gt,1315,109.5,0.5959874512381447
ergo_nonadaptive,gt,1316,109.58333333333337,0.5956400569668622
ergo_nonadaptive,gt,1317,109.66666666666663,0.5952947897862356
ergo_nonadaptive,gt,1318,109.75,0.5948925208374846
ergo_nonadaptive,gt,1319,109.83333333333337,0.594622131956182
ergo_nonadaptive,gt,1320,109.91666666666663,0.5944678449652671
ergo_nonadaptive,gt,1321,110.0,0.5943344514659564
ergo_nonadaptive,gt,1322,110.08333333333337,0.5941379303049419
ergo_nonadaptive,gt,1323,110.16666666666663,0.593942234734101
ergo_nonadaptive,gt,1324,110.25,0.5938124513655149
ergo_nonadaptive,gt,1325,110.33333333333337,0.5937056530660072
ergo_nonadaptive,gt,1326,110.41666666666663,0.593554561304363
ergo_nonadaptive,gt,1327,110.5,0.5933791417069164
ergo_nonadaptive,gt,1328,110.58333333333337,0.5932584381376202
ergo_nonadaptive,gt,1329,110.66666666666663,0.5931795270666833
ergo_nonadaptive,gt,1330,110.75,0.5930839816365177
ergo_nonadaptive,gt,1331,110.83333333333337,0.592957250597059
ergo_nonadaptive,gt,1332,110.91666666666663,0.5928467099847858
ergo_nonadaptive,gt,1333,111.0,0.592767627099085
ergo_nonadaptive,gt,1334,111.08333333333337,0.5926887292374585
ergo_nonadaptive,gt,1335,111.16666666666663,0.5925855722875172
ergo_nonadaptive,gt,1336,111.25,0.5924721271698722
ergo_nonadaptive,gt,1337,111.33333333333337,0.5923715768927789
ergo_nonadaptive,gt,1338,111.41666666666663,0.5922784843366125
ergo_nonadaptive,gt,1339,111.5,0.592161637377587
ergo_nonadaptive,gt,1340,111.58333333333337,0.5920091887286074
ergo_nonadaptive,gt,1341,111.66666666666663,0.5918737831131753
ergo_nonadaptive,gt,1342,111.75,0.5917859864055544
ergo_nonadaptive,gt,1343,111.83333333333337,0.5916981225250956
ergo_nonadaptive,gt,1344,111.91666666666663,0.5915496251704826
ergo_nonadaptive,gt,1345,112.0,0.59142752620925
ergo_nonadaptive,gt,1346,112.08333333333337,0.5914005380004668
ergo_nonadaptive,gt,1347,112.16666666666663,0.5914217259687728
ergo_nonadaptive,gt,1348,112.25,0.5914353479065989
ergo_nonadaptive,gt,1349,112.33333333333337,0.5914351787357879
ergo_nonadaptive,gt,1350,112.41666666666663,0.591443609314201
ergo_nonadaptive,gt,1351,112.5,0.591473248820052
ergo_nonadaptive,gt,1352,112.58333333333337,0.5915078082520238
ergo_nonadaptive,gt,1353,112.66666666666663,0.5914981173975123
ergo_nonadaptive,gt,1354,112.75,0.5914267298456377
ergo_nonadaptive,gt,1355,112.83333333333337,0.591447913115702
ergo_nonadaptive,gt,1356,112.91666666666663,0.5915696070399815
ergo_nonadaptive,gt,1357,113.0,0.5917187012408112
ergo_nonadaptive,gt,1358,113.08333333333337,0.5918549889912955
ergo_nonadaptive,gt,1359,113.16666666666663,0.5919914321307373
ergo_nonadaptive,gt,1360,113.25,0.5921412313796715
ergo_nonadaptive,gt,1361,113.33333333333337,0.5923069658898287
ergo_nonadaptive,gt,1362,113.41666666666663,0.5924707201693119
ergo_nonadaptive,gt,1363,113.5,0.592585357571924
ergo_nonadaptive,gt,1364,113.58333333333337,0.5926761494122231
ergo_nonadaptive,gt,1365,113.66666666666663,0.5928380864754063
ergo_nonadaptive,gt,1366,113.75,0.5930527920306257
ergo_nonadaptive,gt,1367,113.83333333333337,0.5932652633997136
ergo_nonadaptive,gt,1368,113.91666666666663,0.5934265437604483
ergo_nonadaptive,gt,1369,114.0,0.5934789835760105
ergo_nonadaptive,gt,1370,114.08333333333337,0.5934961218666609
ergo_nonadaptive,gt,1371,114.16666666666663,0.5936573209922908
ergo_nonadaptive,gt,1372,114.25,0.5939119012923564
ergo_nonadaptive,gt,1373,114.33333333333337,0.5941664176572283
ergo_nonadaptive,gt,1374,114.41666666666663,0.5943596740897117
ergo_nonadaptive,gt,1375,114.5,0.5944646033593416
ergo_nonadaptive,gt,1376,114.58333333333337,0.5945484773674153
ergo_nonadaptive,gt,1377,114.66666666666663,0.594722115438142
ergo_nonadaptive,gt,1378,114.75,0.5949530621312477
ergo_nonadaptive,gt,1379,114.83333333333337,0.5951650182296971
ergo_nonadaptive,gt,1380,114.91666666666663,0.5953613610333913
ergo_nonadaptive,gt,1381,115.0,0.5955779864697368
ergo_nonadaptive,gt,1382,115.08333333333337,0.5958149603612825
ergo_nonadaptive,gt,1383,115.16666666666663,0.596047729516048
ergo_nonadaptive,gt,1384,115.25,0.5962197667043987
ergo_nonadaptive,gt,1385,115.33333333333337,0.5962681463224894
ergo_nonadaptive,gt,1386,115.41666666666663,0.5963996258380464
ergo_nonadaptive,gt,1387,115.5,0.5966809137120089
ergo_nonadaptive,gt,1388,115.58333333333337,0.5970070881882795
ergo_nonadaptive,gt,1389,115.66666666666663,0.5972910958836284
ergo_nonadaptive,gt,1390,115.75,0.5975091092974123
ergo_nonadaptive,gt,1391,115.83333333333337,0.5976769444769298
ergo_nonadaptive,gt,1392,115.91666666666663,0.5978579000968487
ergo_nonadaptive,gt,1393,116.0,0.598076953903743
ergo_nonadaptive,gt,1394,116.08333333333337,0.5982749601455155
ergo_nonadaptive,gt,1395,116.16666666666663,0.5984353465439574
ergo_nonadaptive,gt,1396,116.25,0.598631838665825
ergo_nonadaptive,gt,1397,116.33333333333337,0.5988765946543599
ergo_nonadaptive,gt,1398,116.41666666666663,0.5991261638848792
ergo_nonadaptive,gt,1399,116.5,0.59933082501189
ergo_nonadaptive,gt,1400,116.58333333333337,0.5994284175013546
ergo_nonadaptive,gt,1401,116.66666666666663,0.5994468480975863
ergo_nonadaptive,gt,1402,116.75,0.5996176747392759
ergo_nonadaptive,gt,1403,116.83333333333337,0.5998968438552995
ergo_nonadaptive,gt,1404,116.91666666666663,0.6001779306782196
ergo_nonadaptive,gt,1405,117.0,0.6003930838519544
ergo_nonadaptive,gt,1406,117.08333333333337,0.6004968551381643
ergo_nonadaptive,gt,1407,117.16666666666663,0.6005110834941774
ergo_nonadaptive,gt,1408,117.25,0.6006449546033225
ergo_nonadaptive,gt,1409,117.33333333333337,0.6008936109099396
ergo_nonadaptive,gt,1410,117.41666666666663,0.6011593065883796
ergo_nonadaptive,gt,1411,117.5,0.6013712886012725
ergo_nonadaptive,gt,1412,117.58333333333337,0.6014782743888466
ergo_nonadaptive,gt,1413,117.66666666666663,0.6014687840378159
ergo_nonadaptive,gt,1414,117.75,0.6015681935670749
ergo_nonadaptive,gt,1415,117.83333333333337,0.6017862967256208
ergo_nonadaptive,gt,1416,117.91666666666663,0.6020167360831249
ergo_nonadaptive,gt,1417,118.0,0.6021861485130935
ergo_nonadaptive,gt,1418,118.08333333333337,0.6022727041381724
ergo_nonadaptive,gt,1419,118.16666666666663,0.6023014524497865
ergo_nonadaptive,gt,1420,118.25,0.6023520683194099
ergo_nonadaptive,gt,1421,118.33333333333337,0.6024375396022232
ergo_nonadaptive,gt,1422,118.41666666666663,0.6024976407318408
ergo_nonadaptive,gt,1423,118.5,0.6025295392229747
ergo_nonadaptive,gt,1424,118.58333333333337,0.6025977288605168
ergo_nonadaptive,gt,1425,118.66666666666663,0.6027097984610043
ergo_nonadaptive,gt,1426,118.75,0.6028289214107595
ergo_nonadaptive,gt,1427,118.83333333333337,0.6029076746818646
ergo_nonadaptive,gt,1428,118.91666666666663,0.6029029866772763
ergo_nonadaptive,gt,1429,119.0,0.6028811804029051
ergo_nonadaptive,gt,1430,119.08333333333337,0.602954418711045
ergo_nonadaptive,gt,1431,119.16666666666663,0.6030754690972953
ergo_nonadaptive,gt,1432,119.25,0.6031593239739196
ergo_nonadaptive,gt,1433,119.33333333333337,0.6031979709884523
ergo_nonadaptive,gt,1434,119.41666666666663,0.6032274929986653
ergo_nonadaptive,gt,1435,119.5,0.603254373845981
ergo_nonadaptive,gt,1436,119.58333333333337,0.6032586072658507
ergo_nonadaptive,gt,1437,119.66666666666663,0.6031998327735666
ergo_nonadaptive,gt,1438,119.75,0.6030502009810834
ergo_nonadaptive,gt,1439,119.83333333333337,0.6029466563128243
ergo_nonadaptive,gt,1440,119.91666666666663,0.6029470651186949
ergo_nonadaptive,gt,1441,120.0,0.6029766635321053
ergo_nonadaptive,gt,1442,120.08333333333337,0.6029760329509499
ergo_nonadaptive,gt,1443,120.16666666666663,0.6029509176903554
ergo_nonadaptive,gt,1444,120.25,0.602921602870886
ergo_nonadaptive,gt,1445,120.33333333333337,0.6028980349205768
ergo_nonadaptive,gt,1446,120.41666666666663,0.6028667649046583
ergo_nonadaptive,gt,1447,120.5,0.6027804505575282
ergo_nonadaptive,gt,1448,120.58333333333337,0.6026469707538237
ergo_nonadaptive,gt,1449,120.66666666666663,0.6025867350810906
ergo_nonadaptive,gt,1450,120.75,0.6025939876120479
ergo_nonadaptive,gt,1451,120.83333333333337,0.6026021471420585
ergo_nonadaptive,gt,1452,120.91666666666663,0.6025617019521955
ergo_nonadaptive,gt,1453,121.0,0.6024339985204331
ergo_nonadaptive,gt,1454,121.08333333333337,0.6022314999656826
ergo_nonadaptive,gt,1455,121.16666666666663,0.6021231117302188
ergo_nonadaptive,gt,1456,121.25,0.6020902717424288
ergo_nonadaptive,gt,1457,121.33333333333337,0.6020564494539883
ergo_nonadaptive,gt,1458,121.41666666666663,0.6019754152355008
ergo_nonadaptive,gt,1459,121.5,0.6018412618738345
ergo_nonadaptive,gt,1460,121.58333333333337,0.6016896580003528
ergo_nonadaptive,gt,1461,121.66666666666663,0.6015596156079114
ergo_nonadaptive,gt,1462,121.75,0.6014258177872198
ergo_nonadaptive,gt,1463,121.83333333333337,0.6012341064427538
ergo_nonadaptive,gt,1464,121.91666666666663,0.601028991239204
ergo_nonadaptive,gt,1465,122.0,0.6008868379716928
ergo_nonadaptive,gt,1466,122.08333333333337,0.6006798614955968
ergo_nonadaptive,gt,1467,122.16666666666663,0.6003880305720749
ergo_nonadaptive,gt,1468,122.25,0.599999458302441
ergo_nonadaptive,gt,1469,122.33333333333337,0.5995627318840667
ergo_nonadaptive,gt,1470,122.41666666666663,0.5991029980310287
ergo_nonadaptive,gt,1471,122.5,0.5986337123396558
ergo_nonadaptive,gt,1472,122.58333333333337,0.5981624646011291
ergo_nonadaptive,gt,1473,122.66666666666663,0.5976936957553488
ergo_nonadaptive,gt,1474,122.75,0.5972300016513519
ergo_nonadaptive,gt,1475,122.83333333333337,0.596772764441414
ergo_nonadaptive,gt,1476,122.91666666666663,0.596322835452472
ergo_nonadaptive,gt,1477,123.0,0.5958804738828906
ergo_nonadaptive,gt,1478,123.08333333333337,0.595445675353251
ergo_nonadaptive,gt,1479,123.16666666666663,0.5950181974278904
ergo_nonadaptive,gt,1480,123.25,0.594597660122945
ergo_nonadaptive,gt,1481,123.33333333333337,0.5941836349877002
ergo_nonadaptive,gt,1482,123.41666666666663,0.5937756828656108
ergo_nonadaptive,gt,1483,123.5,0.5933733740075836
ergo_nonadaptive,gt,1484,123.58333333333337,0.5929763001493035
ergo_nonadaptive,gt,1485,123.66666666666663,0.592584081505721
ergo_nonadaptive,gt,1486,123.75,0.5921963702452773
ergo_nonadaptive,gt,1487,123.83333333333337,0.5918131938780359
ergo_nonadaptive,gt,1488,123.91666666666663,0.5914340265245117
ergo_nonadaptive,gt,1489,124.0,0.5910585214055867
ergo_nonadaptive,gt,1490,124.08333333333337,0.590686427321737
ergo_nonadaptive,gt,1491,124.16666666666663,0.5903175416977804
ergo_nonadaptive,gt,1492,124.25,0.5899516927042893
ergo_nonadaptive,gt,1493,124.33333333333337,0.5895887317375038
ergo_nonadaptive,gt,1494,124.41666666666663,0.5892285290471369
ergo_nonadaptive,gt,1495,124.5,0.5888709704960009
ergo_nonadaptive,gt,1496,124.58333333333337,0.5885159571086986
ergo_nonadaptive,gt,1497,124.66666666666663,0.5881634024720788
ergo_nonadaptive,gt,1498,124.75,0.5878132308548958
ergo_nonadaptive,gt,1499,124.83333333333337,0.5874653757146647
ergo_nonadaptive,gt,1500,124.91666666666663,0.5871197784517628
ergo_nonadaptive,gt,1501,125.0,0.5867763873546591
ergo_nonadaptive,gt,1502,125.08333333333337,0.586435156708408
ergo_nonadaptive,gt,1503,125.16666666666663,0.5860960460499917
ergo_nonadaptive,gt,1504,125.25,0.5857590195612422
ergo_nonadaptive,gt,1505,125.33333333333337,0.5854240455975364
ergo_nonadaptive,gt,1506,125.41666666666663,0.5850910963611904
ergo_nonadaptive,gt,1507,125.5,0.5847601477464653
ergo_nonadaptive,gt,1508,125.58333333333337,0.5844311794163136
ergo_nonadaptive,gt,1509,125.66666666666663,0.5841041752375482
ergo_nonadaptive,gt,1510,125.75,0.5837791243458267
ergo_nonadaptive,gt,1511,125.83333333333337,0.5834560234563647
ergo_nonadaptive,gt,1512,125.91666666666663,0.5831348819516557
ergo_nonadaptive,gt,1513,126.0,0.5828157340792696
ergo_nonadaptive,gt,1514,126.08333333333337,0.5824986730245015
ergo_nonadaptive,gt,1515,126.16666666666663,0.5822083347431378
ergo_nonadaptive,gt,1516,126.25,0.5819865270302954
ergo_nonadaptive,gt,1517,126.33333333333337,0.5818174531436745
ergo_nonadaptive,gt,1518,126.41666666666663,0.581695189371309
ergo_nonadaptive,gt,1519,126.5,0.5816372850898104
ergo_nonadaptive,gt,1520,126.58333333333337,0.5816259434760392
ergo_nonadaptive,gt,1521,126.66666666666663,0.5816127933268936
ergo_nonadaptive,gt,1522,126.75,0.5815822446602702
ergo_nonadaptive,gt,1523,126.83333333333337,0.5815926677577297
ergo_nonadaptive,gt,1524,126.91666666666663,0.5816499921712454
ergo_nonadaptive,gt,1525,127.0,0.5816879316210175
ergo_nonadaptive,gt,1526,127.08333333333337,0.5816530272029772
ergo_nonadaptive,gt,1527,127.16666666666663,0.5816534907600038
ergo_nonadaptive,gt,1528,127.25,0.5817447629344162
ergo_nonadaptive,gt,1529,127.33333333333337,0.5818492289281318
ergo_nonadaptive,gt,1530,127.41666666666663,0.5818623394396378
ergo_nonadaptive,gt,1531,127.5,0.5818716153335743
ergo_nonadaptive,gt,1532,127.58333333333337,0.5820005469492052
ergo_nonadaptive,gt,1533,127.66666666666663,0.5821801904719743
ergo_nonadaptive,gt,1534,127.75,0.5822993635320595
ergo_nonadaptive,gt,1535,127.83333333333337,0.582361405978761
ergo_nonadaptive,gt,1536,127.91666666666663,0.5825074058558243
ergo_nonadaptive,gt,1537,128.0,0.5827294293064621
ergo_nonadaptive,gt,1538,128.08333333333337,0.582930990333866
ergo_nonadaptive,gt,1539,128.16666666666663,0.5830687211564121
ergo_nonadaptive,gt,1540,128.25,0.5832367115210517
ergo_nonadaptive,gt,1541,128.33333333333337,0.5834830935938674
ergo_nonadaptive,gt,1542,128.41666666666663,0.5837427582583016
ergo_nonadaptive,gt,1543,128.5,0.5839481964765882
ergo_nonadaptive,gt,1544,128.58333333333337,0.5841437686258146
ergo_nonadaptive,gt,1545,128.66666666666663,0.5844046462148798
ergo_nonadaptive,gt,1546,128.75,0.5847015385239943
ergo_nonadaptive,gt,1547,128.83333333333337,0.5849558759152329
ergo_nonadaptive,gt,1548,128.91666666666663,0.5851640442175883
ergo_nonadaptive,gt,1549,129.0,0.5854056946239949
ergo_nonadaptive,gt,1550,129.08333333333337,0.5856912606122995
ergo_nonadaptive,gt,1551,129.16666666666663,0.5859509010141966
ergo_nonadaptive,gt,1552,129.25,0.586145168431154
ergo_nonadaptive,gt,1553,129.33333333333337,0.5863382836170294
ergo_nonadaptive,gt,1554,129.41666666666663,0.5865746891208495
ergo_nonadaptive,gt,1555,129.5,0.5868050412042183
ergo_nonadaptive,gt,1556,129.58333333333337,0.5869657826764961
ergo_nonadaptive,gt,1557,129.66666666666663,0.587093948282561
ergo_nonadaptive,gt,1558,129.75,0.5872715130411188
ergo_nonadaptive,gt,1559,129.83333333333337,0.587471686152024
ergo_nonadaptive,gt,1560,129.91666666666663,0.5875994897953836
ergo_nonadaptive,gt,1561,130.0,0.5876352190078161
ergo_nonadaptive,gt,1562,130.08333333333337,0.5877630961116161
ergo_nonadaptive,gt,1563,130.16666666666663,0.587973528348227
ergo_nonadaptive,gt,1564,130.25,0.5881577796461739
ergo_nonadaptive,gt,1565,130.33333333333337,0.5882620064577017
ergo_nonadaptive,gt,1566,130.41666666666663,0.588378210683458
ergo_nonadaptive,gt,1567,130.5,0.5885546017048289
ergo_nonadaptive,gt,1568,130.58333333333337,0.5887519498674815
ergo_nonadaptive,gt,1569,130.66666666666663,0.5888954389306839
ergo_nonadaptive,gt,1570,130.75,0.5889363116829934
ergo_nonadaptive,gt,1571,130.83333333333337,0.5889958590770129
ergo_nonadaptive,gt,1572,130.91666666666663,0.5891944217635101
ergo_nonadaptive,gt,1573,131.0,0.5894620902782158
ergo_nonadaptive,gt,1574,131.08333333333337,0.5897082392442651
ergo_nonadaptive,gt,1575,131.16666666666663,0.5899232231475449
ergo_nonadaptive,gt,1576,131.25,0.5901487960079709
ergo_nonadaptive,gt,1577,131.33333333333337,0.5904000984974402
ergo_nonadaptive,gt,1578,131.41666666666663,0.5906487415707062
ergo_nonadaptive,gt,1579,131.5,0.5908473919483951
ergo_nonadaptive,gt,1580,131.58333333333337,0.5910020524816332
ergo_nonadaptive,gt,1581,131.66666666666663,0.5911996705908084
ergo_nonadaptive,gt,1582,131.75,0.5914525750850211
ergo_nonadaptive,gt,1583,131.83333333333337,0.5916669959283113
ergo_nonadaptive,gt,1584,131.91666666666663,0.5917643595042372
ergo_nonadaptive,gt,1585,132.0,0.591936880865108
ergo_nonadaptive,gt,1586,132.08333333333337,0.5922247869833704
ergo_nonadaptive,gt,1587,132.16666666666663,0.5925129284163404
ergo_nonadaptive,gt,1588,132.25,0.5927021275170372
ergo_nonadaptive,gt,1589,132.33333333333337,0.5928699973490615
ergo_nonadaptive,gt,1590,132.41666666666663,0.593116040856485
ergo_nonadaptive,gt,1591,132.5,0.5933908668875361
ergo_nonadaptive,gt,1592,132.58333333333337,0.5936071540369919
ergo_nonadaptive,gt,1593,132.66666666666663,0.5937678837377993
ergo_nonadaptive,gt,1594,132.75,0.5939607655773488
ergo_nonadaptive,gt,1595,132.83333333333337,0.5941948332810569
ergo_nonadaptive,gt,1596,132.91666666666663,0.5944008385723235
ergo_nonadaptive,gt,1597,133.0,0.5945419025460735
ergo_nonadaptive,gt,1598,133.08333333333337,0.5946859091837903
ergo_nonadaptive,gt,1599,133.16666666666663,0.5948799405435146
ergo_nonadaptive,gt,1600,133.25,0.595068399489195
ergo_nonadaptive,gt,1601,133.33333333333337,0.5951712274352843
ergo_nonadaptive,gt,1602,133.41666666666663,0.5952282486009723
ergo_nonadaptive,gt,1603,133.5,0.595355275931376
ergo_nonadaptive,gt,1604,133.58333333333337,0.595520146746501
ergo_nonadaptive,gt,1605,133.66666666666663,0.5956348025876677
ergo_nonadaptive,gt,1606,133.75,0.5957091932552776
ergo_nonadaptive,gt,1607,133.83333333333337,0.5958064050951954
ergo_nonadaptive,gt,1608,133.91666666666663,0.5959175425025913
ergo_nonadaptive,gt,1609,134.0,0.5960169338072486
ergo_nonadaptive,gt,1610,134.08333333333337,0.5960927699808815
ergo_nonadaptive,gt,1611,134.16666666666663,0.5961395867533669
ergo_nonadaptive,gt,1612,134.25,0.5962010508022347
ergo_nonadaptive,gt,1613,134.33333333333337,0.5963096356729952
ergo_nonadaptive,gt,1614,134.41666666666663,0.5964245526843123
ergo_nonadaptive,gt,1615,134.5,0.5965278175056052
ergo_nonadaptive,gt,1616,134.58333333333337,0.5966657297298144
ergo_nonadaptive,gt,1617,134.66666666666663,0.5968519156596799
ergo_nonadaptive,gt,1618,134.75,0.5970655720220869
ergo_nonadaptive,gt,1619,134.83333333333337,0.5972710280744999
ergo_nonadaptive,gt,1620,134.91666666666663,0.5974025924996956
ergo_nonadaptive,gt,1621,135.0,0.5974877842586568
ergo_nonadaptive,gt,1622,135.08333333333337,0.5977538969963969
ergo_nonadaptive,gt,1623,135.16666666666663,0.5981743611991188
ergo_nonadaptive,gt,1624,135.25,0.5986379217965595
ergo_nonadaptive,gt,1625,135.33333333333337,0.5990642696698755
ergo_nonadaptive,gt,1626,135.41666666666663,0.5993963179020592
ergo_nonadaptive,gt,1627,135.5,0.5996342850412827
ergo_nonadaptive,gt,1628,135.58333333333337,0.5999248780752788
ergo_nonadaptive,gt,1629,135.66666666666663,0.6002699824427685
ergo_nonadaptive,gt,1630,135.75,0.6005870429936644
ergo_nonadaptive,gt,1631,135.83333333333337,0.6008230958864849
ergo_nonadaptive,gt,1632,135.91666666666663,0.6009381430789171
ergo_nonadaptive,gt,1633,136.0,0.6009259443222736
ergo_nonadaptive,gt,1634,136.08333333333337,0.6010255529112359
ergo_nonadaptive,gt,1635,136.16666666666663,0.6012588645791683
ergo_nonadaptive,gt,1636,136.25,0.6015199698593168
ergo_nonadaptive,gt,1637,136.33333333333337,0.6017311792659329
ergo_nonadaptive,gt,1638,136.41666666666663,0.6018682960612468
ergo_nonadaptive,gt,1639,136.5,0.6019591250822847
ergo_nonadaptive,gt,1640,136.58333333333337,0.6020845948731399
ergo_nonadaptive,gt,1641,136.66666666666663,0.6022493433688031
ergo_nonadaptive,gt,1642,136.75,0.6023746722934742
ergo_nonadaptive,gt,1643,136.83333333333337,0.6024562121222305
ergo_nonadaptive,gt,1644,136.91666666666663,0.6025931685644123
ergo_nonadaptive,gt,1645,137.0,0.6027913124426106
ergo_nonadaptive,gt,1646,137.08333333333337,0.6029889137927915
ergo_nonadaptive,gt,1647,137.16666666666663,0.6031317111648816
ergo_nonadaptive,gt,1648,137.25,0.6032047344041411
ergo_nonadaptive,gt,1649,137.33333333333337,0.6032677297715995
ergo_nonadaptive,gt,1650,137.41666666666663,0.6033844326127842
ergo_nonadaptive,gt,1651,137.5,0.6035058602674371
ergo_nonadaptive,gt,1652,137.58333333333337,0.6035414708020266
ergo_nonadaptive,gt,1653,137.66666666666663,0.603562440423056
ergo_nonadaptive,gt,1654,137.75,0.6036865770052628
ergo_nonadaptive,gt,1655,137.83333333333337,0.6038625967928937
ergo_nonadaptive,gt,1656,137.91666666666663,0.6040065340782239
ergo_nonadaptive,gt,1657,138.0,0.6040949078625123
ergo_nonadaptive,gt,1658,138.08333333333337,0.6041610585527072
ergo_nonadaptive,gt,1659,138.16666666666663,0.6042394353301593
ergo_nonadaptive,gt,1660,138.25,0.6043187929642565
ergo_nonadaptive,gt,1661,138.33333333333337,0.6043426805151646
ergo_nonadaptive,gt,1662,138.41666666666663,0.6042914540276183
ergo_nonadaptive,gt,1663,138.5,0.6042976625997493
ergo_nonadaptive,gt,1664,138.58333333333337,0.6043939244050788
ergo_nonadaptive,gt,1665,138.66666666666663,0.6044820633626269
ergo_nonadaptive,gt,1666,138.75,0.6044977502994735
ergo_nonadaptive,gt,1667,138.83333333333337,0.6045244414207234
ergo_nonadaptive,gt,1668,138.91666666666663,0.6046195390821787
ergo_nonadaptive,gt,1669,139.0,0.6047386317128486
ergo_nonadaptive,gt,1670,139.08333333333337,0.6048264016049784
ergo_nonadaptive,gt,1671,139.16666666666663,0.6048726987709492
ergo_nonadaptive,gt,1672,139.25,0.6049118513438306
ergo_nonadaptive,gt,1673,139.33333333333337,0.604981182665046
ergo_nonadaptive,gt,1674,139.41666666666663,0.6050575217100891
ergo_nonadaptive,gt,1675,139.5,0.6050616881201623
ergo_nonadaptive,gt,1676,139.58333333333337,0.6050134882836871
ergo_nonadaptive,gt,1677,139.66666666666663,0.6051105252800134
ergo_nonadaptive,gt,1678,139.75,0.6053084143157665
ergo_nonadaptive,gt,1679,139.83333333333337,0.605507541777495
ergo_nonadaptive,gt,1680,139.91666666666663,0.6056583417710133
ergo_nonadaptive,gt,1681,140.0,0.6057520063376631
ergo_nonadaptive,gt,1682,140.08333333333337,0.6058175644416733
ergo_nonadaptive,gt,1683,140.16666666666663,0.6059258226311167
ergo_nonadaptive,gt,1684,140.25,0.6060752089876746
ergo_nonadaptive,gt,1685,140.33333333333337,0.6062182626941442
ergo_nonadaptive,gt,1686,140.41666666666663,0.6063420809151506
ergo_nonadaptive,gt,1687,140.5,0.6064276932423391
ergo_nonadaptive,gt,1688,140.58333333333337,0.6064438305872645
ergo_nonadaptive,gt,1689,140.66666666666663,0.6064502476786402
ergo_nonadaptive,gt,1690,140.75,0.6065096472281055
ergo_nonadaptive,gt,1691,140.83333333333337,0.606587760341515
ergo_nonadaptive,gt,1692,140.91666666666663,0.606621312176822
ergo_nonadaptive,gt,1693,141.0,0.6065873346852817
ergo_nonadaptive,gt,1694,141.08333333333337,0.6065299870405259
ergo_nonadaptive,gt,1695,141.16666666666663,0.6064924017777468
ergo_nonadaptive,gt,1696,141.25,0.6063461421496894
ergo_nonadaptive,gt,1697,141.33333333333337,0.6060825738619303
ergo_nonadaptive,gt,1698,141.41666666666663,0.6057378020167177
ergo_nonadaptive,gt,1699,141.5,0.6053447445649432
ergo_nonadaptive,gt,1700,141.58333333333337,0.60492438549809
ergo_nonadaptive,gt,1701,141.66666666666663,0.6044896893636839
ergo_nonadaptive,gt,1702,141.75,0.6040487220368325
ergo_nonadaptive,gt,1703,141.83333333333337,0.6036065362869985
ergo_nonadaptive,gt,1704,141.91666666666663,0.6031662848166462
ergo_nonadaptive,gt,1705,142.0,0.6027298937557671
ergo_nonadaptive,gt,1706,142.08333333333337,0.6022984844959942
ergo_nonadaptive,gt,1707,142.16666666666663,0.6018726466574629
ergo_nonadaptive,gt,1708,142.25,0.6014526194469227
ergo_nonadaptive,gt,1709,142.33333333333337,0.6010384144185416
ergo_nonadaptive,gt,1710,142.41666666666663,0.6006298994659098
ergo_nonadaptive,gt,1711,142.5,0.6002268564690779
ergo_nonadaptive,gt,1712,142.58333333333337,0.5998290206942428
ergo_nonadaptive,gt,1713,142.66666666666663,0.5994361074050019
ergo_nonadaptive,gt,1714,142.75,0.599047829463573
ergo_nonadaptive,gt,1715,142.83333333333337,0.5986639085866486
ergo_nonadaptive,gt,1716,142.91666666666663,0.5982840821572836
ergo_nonadaptive,gt,1717,143.0,0.5979081069575023
ergo_nonadaptive,gt,1718,143.08333333333337,0.597535760802054
ergo_nonadaptive,gt,1719,143.16666666666663,0.5971668427755812
ergo_nonadaptive,gt,1720,143.25,0.5968011725729738
ergo_nonadaptive,gt,1721,143.33333333333337,0.5964385892950942
ergo_nonadaptive,gt,1722,143.41666666666663,0.5960789499447026
ergo_nonadaptive,gt,1723,143.5,0.5957221277896827
ergo_nonadaptive,gt,1724,143.58333333333337,0.5953680107047715
ergo_nonadaptive,gt,1725,143.66666666666663,0.5950164995631668
ergo_nonadaptive,gt,1726,143.75,0.5946675067213228
ergo_nonadaptive,gt,1727,143.83333333333337,0.5943209546207682
ergo_nonadaptive,gt,1728,143.91666666666663,0.5939767745175032
ergo_nonadaptive,gt,1729,144.0,0.5936349053407315
ergo_nonadaptive,gt,1730,144.08333333333337,0.5932952926770354
ergo_nonadaptive,gt,1731,144.16666666666663,0.5929578878726928
ergo_nonadaptive,gt,1732,144.25,0.5926226472449728
ergo_nonadaptive,gt,1733,144.33333333333337,0.5922895313924277
ergo_nonadaptive,gt,1734,144.41666666666663,0.591958504594091
ergo_nonadaptive,gt,1735,144.5,0.5916295342878554
ergo_nonadaptive,gt,1736,144.58333333333337,0.5913025906190171
ergo_nonadaptive,gt,1737,144.66666666666663,0.5909942262058474
ergo_nonadaptive,gt,1738,144.75,0.5907346120258771
ergo_nonadaptive,gt,1739,144.83333333333337,0.5905275352582176
ergo_nonadaptive,gt,1740,144.91666666666663,0.5903730776783279
ergo_nonadaptive,gt,1741,145.0,0.5902894560537721
ergo_nonadaptive,gt,1742,145.08333333333337,0.59025736318655
ergo_nonadaptive,gt,1743,145.16666666666663,0.5902180735401348
ergo_nonadaptive,gt,1744,145.25,0.5901636086442206
ergo_nonadaptive,gt,1745,145.33333333333337,0.5901670795576749
ergo_nonadaptive,gt,1746,145.41666666666663,0.5902190266419096
ergo_nonadaptive,gt,1747,145.5,0.5902322518121029
ergo_nonadaptive,gt,1748,145.58333333333337,0.5901625580386577
ergo_nonadaptive,gt,1749,145.66666666666663,0.5901455464249052
ergo_nonadaptive,gt,1750,145.75,0.5902046293304566
ergo_nonadaptive,gt,1751,145.83333333333337,0.5902468005287574
ergo_nonadaptive,gt,1752,145.91666666666663,0.5901775991427889
ergo_nonadaptive,gt,1753,146.0,0.5901252679429344
ergo_nonadaptive,gt,1754,146.08333333333337,0.590169109040804
ergo_nonadaptive,gt,1755,146.16666666666663,0.5902282907885857
ergo_nonadaptive,gt,1756,146.25,0.5901993518861014
ergo_nonadaptive,gt,1757,146.33333333333337,0.5901212445081689
ergo_nonadaptive,gt,1758,146.41666666666663,0.5901393228726783
ergo_nonadaptive,gt,1759,146.5,0.590205404969753
ergo_nonadaptive,gt,1760,146.58333333333337,0.5902180100120572
ergo_nonadaptive,gt,1761,146.66666666666663,0.5901500263687361
ergo_nonadaptive,gt,1762,146.75,0.5901504998849266
ergo_nonadaptive,gt,1763,146.83333333333337,0.5902282704374618
ergo_nonadaptive,gt,1764,146.91666666666663,0.5902922274966376
ergo_nonadaptive,gt,1765,147.0,0.5902799433037066
ergo_nonadaptive,gt,1766,147.08333333333337,0.5902923616615173
ergo_nonadaptive,gt,1767,147.16666666666663,0.590394852356567
ergo_nonadaptive,gt,1768,147.25,0.5905194019291219
ergo_nonadaptive,gt,1769,147.33333333333337,0.5905865384634365
ergo_nonadaptive,gt,1770,147.41666666666663,0.5906313946461967
ergo_nonadaptive,gt,1771,147.5,0.590745766416494
ergo_nonadaptive,gt,1772,147.58333333333337,0.5909069420228115
ergo_nonadaptive,gt,1773,147.66666666666663,0.591035064878111
ergo_nonadaptive,gt,1774,147.75,0.5911189970967072
ergo_nonadaptive,gt,1775,147.83333333333337,0.5912496312300186
ergo_nonadaptive,gt,1776,147.91666666666663,0.5914469820520116
ergo_nonadaptive,gt,1777,148.0,0.5916439318535879
ergo_nonadaptive,gt,1778,148.08333333333337,0.5918022940242811
ergo_nonadaptive,gt,1779,148.16666666666663,0.591975774472773
ergo_nonadaptive,gt,1780,148.25,0.5922036773731392
ergo_nonadaptive,gt,1781,148.33333333333337,0.592451918620105
ergo_nonadaptive,gt,1782,148.41666666666663,0.5926733264886829
ergo_nonadaptive,gt,1783,148.5,0.5928649142845647
ergo_nonadaptive,gt,1784,148.58333333333337,0.5930671725858084
ergo_nonadaptive,gt,1785,148.66666666666663,0.5933036879750768
ergo_nonadaptive,gt,1786,148.75,0.5935218353584576
ergo_nonadaptive,gt,1787,148.83333333333337,0.5936253040284394
ergo_nonadaptive,gt,1788,148.91666666666663,0.5937464178132202
ergo_nonadaptive,gt,1789,149.0,0.5940141447639048
ergo_nonadaptive,gt,1790,149.08333333333337,0.5943304227929163
ergo_nonadaptive,gt,1791,149.16666666666663,0.5945798682060055
ergo_nonadaptive,gt,1792,149.25,0.5947655062188976
ergo_nonadaptive,gt,1793,149.33333333333337,0.594982134439279
ergo_nonadaptive,gt,1794,149.41666666666663,0.5952425728207508
ergo_nonadaptive,gt,1795,149.5,0.5954863166899304
ergo_nonadaptive,gt,1796,149.58333333333337,0.5956819038222775
ergo_nonadaptive,gt,1797,149.66666666666663,0.5958741280569874
ergo_nonadaptive,gt,1798,149.75,0.5959965707722119
ergo_nonadaptive,gt,1799,149.83333333333337,0.5958916002070584
ergo_nonadaptive,gt,1800,149.91666666666663,0.5955145656257257
ergo_nonadaptive,gt,1801,150.0,0.595068266068918
ergo_nonadaptive,gt,1802,150.08333333333337,0.5946356778247593
ergo_nonadaptive,gt,1803,150.16666666666663,0.5942449356759811
ergo_nonadaptive,gt,1804,150.25,0.5938954728348848
ergo_nonadaptive,gt,1805,150.33333333333337,0.5935787523133691
ergo_nonadaptive,gt,1806,150.41666666666663,0.5933003856579558
ergo_nonadaptive,gt,1807,150.5,0.5930661557723659
ergo_nonadaptive,gt,1808,150.58333333333337,0.5928615569127017
ergo_nonadaptive,gt,1809,150.66666666666663,0.5926626812867212
ergo_nonadaptive,gt,1810,150.75,0.592469688106932
ergo_nonadaptive,gt,1811,150.83333333333337,0.5922987158244739
ergo_nonadaptive,gt,1812,150.91666666666663,0.5921355789047854
ergo_nonadaptive,gt,1813,151.0,0.5919413327080391
ergo_nonadaptive,gt,1814,151.08333333333337,0.5917189418300796
ergo_nonadaptive,gt,1815,151.16666666666663,0.5915342442460221
ergo_nonadaptive,gt,1816,151.25,0.5913832448616542
ergo_nonadaptive,gt,1817,151.33333333333337,0.5912083079148224
ergo_nonadaptive,gt,1818,151.41666666666663,0.590976517952673
ergo_nonadaptive,gt,1819,151.5,0.590793706172276
ergo_nonadaptive,gt,1820,151.58333333333337,0.5906776196480507
ergo_nonadaptive,gt,1821,151.66666666666663,0.5905730813070388
ergo_nonadaptive,gt,1822,151.75,0.5904340917937476
ergo_nonadaptive,gt,1823,151.83333333333337,0.5902986228755019
ergo_nonadaptive,gt,1824,151.91666666666663,0.5902096284772503
ergo_nonadaptive,gt,1825,152.0,0.5901468004878072
ergo_nonadaptive,gt,1826,152.08333333333337,0.5900714141564711
ergo_nonadaptive,gt,1827,152.16666666666663,0.5899829789155602
ergo_nonadaptive,gt,1828,152.25,0.5899107280903397
ergo_nonadaptive,gt,1829,152.33333333333337,0.5898607209573402
ergo_nonadaptive,gt,1830,152.41666666666663,0.5898119959574213
ergo_nonadaptive,gt,1831,152.5,0.5897500734825214
ergo_nonadaptive,gt,1832,152.58333333333337,0.5896876397863653
ergo_nonadaptive,gt,1833,152.66666666666663,0.5896433114303206
ergo_nonadaptive,gt,1834,152.75,0.589609591910032
ergo_nonadaptive,gt,1835,152.83333333333337,0.5895585040785752
ergo_nonadaptive,gt,1836,152.91666666666663,0.5894883649850801
ergo_nonadaptive,gt,1837,153.0,0.5894426290521136
ergo_nonadaptive,gt,1838,153.08333333333337,0.5894283403104913
ergo_nonadaptive,gt,1839,153.16666666666663,0.5893996468445425
ergo_nonadaptive,gt,1840,153.25,0.5893133274228006
ergo_nonadaptive,gt,1841,153.33333333333337,0.5892643692924711
ergo_nonadaptive,gt,1842,153.41666666666663,0.5892778253400226
ergo_nonadaptive,gt,1843,153.5,0.5893025105098867
ergo_nonadaptive,gt,1844,153.58333333333337,0.5892917425792294
ergo_nonadaptive,gt,1845,153.66666666666663,0.5892742919709083
ergo_nonadaptive,gt,1846,153.75,0.5892910817464169
ergo_nonadaptive,gt,1847,153.83333333333337,0.5893297410702195
ergo_nonadaptive,gt,1848,153.91666666666663,0.5893583171310102
ergo_nonadaptive,gt,1849,154.0,0.589368936287182
ergo_nonadaptive,gt,1850,154.08333333333337,0.589381511712067
ergo_nonadaptive,gt,1851,154.16666666666663,0.5894098140234305
ergo_nonadaptive,gt,1852,154.25,0.58943366089671
ergo_nonadaptive,gt,1853,154.33333333333337,0.5894056613474122
ergo_nonadaptive,gt,1854,154.41666666666663,0.5893227996403313
ergo_nonadaptive,gt,1855,154.5,0.5892732929499664
ergo_nonadaptive,gt,1856,154.58333333333337,0.5892680654826981
ergo_nonadaptive,gt,1857,154.66666666666663,0.5892740673794424
ergo_nonadaptive,gt,1858,154.75,0.5892930515646453
ergo_nonadaptive,gt,1859,154.83333333333337,0.5893265106242122
ergo_nonadaptive,gt,1860,154.91666666666663,0.5893309062342678
ergo_nonadaptive,gt,1861,155.0,0.5893444928475088
ergo_nonadaptive,gt,1862,155.08333333333337,0.5894567754769625
ergo_nonadaptive,gt,1863,155.16666666666663,0.5896337025953493
ergo_nonadaptive,gt,1864,155.25,0.5897924609742778
ergo_nonadaptive,gt,1865,155.33333333333337,0.5899057080749849
ergo_nonadaptive,gt,1866,155.41666666666663,0.5900287403567285
ergo_nonadaptive,gt,1867,155.5,0.5901947235303505
ergo_nonadaptive,gt,1868,155.58333333333337,0.590365702121391
ergo_nonadaptive,gt,1869,155.66666666666663,0.590497965043223
ergo_nonadaptive,gt,1870,155.75,0.590618202014208
ergo_nonadaptive,gt,1871,155.83333333333337,0.590779937089901
ergo_nonadaptive,gt,1872,155.91666666666663,0.590967834222101
ergo_nonadaptive,gt,1873,156.0,0.5911215856582057
ergo_nonadaptive,gt,1874,156.08333333333337,0.5912385022378315
ergo_nonadaptive,gt,1875,156.16666666666663,0.591395375566738
ergo_nonadaptive,gt,1876,156.25,0.5916045751933202
ergo_nonadaptive,gt,1877,156.33333333333337,0.5917885193054409
ergo_nonadaptive,gt,1878,156.41666666666663,0.5918915901992869
ergo_nonadaptive,gt,1879,156.5,0.5920233912192451
ergo_nonadaptive,gt,1880,156.58333333333337,0.5922517190360486
ergo_nonadaptive,gt,1881,156.66666666666663,0.5924867272321124
ergo_nonadaptive,gt,1882,156.75,0.592601989653716
ergo_nonadaptive,gt,1883,156.83333333333337,0.5926997301656759
ergo_nonadaptive,gt,1884,156.91666666666663,0.5929399720005601
ergo_nonadaptive,gt,1885,157.0,0.5932361638583413
ergo_nonadaptive,gt,1886,157.08333333333337,0.5934672590890924
ergo_nonadaptive,gt,1887,157.16666666666663,0.5936364393865197
ergo_nonadaptive,gt,1888,157.25,0.5938517174849507
ergo_nonadaptive,gt,1889,157.33333333333337,0.5941220082234008
ergo_nonadaptive,gt,1890,157.41666666666663,0.594380561300114
ergo_nonadaptive,gt,1891,157.5,0.5945916540099032
ergo_nonadaptive,gt,1892,157.58333333333337,0.5947887958635777
ergo_nonadaptive,gt,1893,157.66666666666663,0.5950105539604305
ergo_nonadaptive,gt,1894,157.75,0.5952420750665902
ergo_nonadaptive,gt,1895,157.83333333333337,0.5954330656182303
ergo_nonadaptive,gt,1896,157.91666666666663,0.5955735296254151
ergo_nonadaptive,gt,1897,158.0,0.5957383783380715
ergo_nonadaptive,gt,1898,158.08333333333337,0.595960510026077
ergo_nonadaptive,gt,1899,158.16666666666663,0.5961605875248113
ergo_nonadaptive,gt,1900,158.25,0.596235261988134
ergo_nonadaptive,gt,1901,158.33333333333337,0.5963524537187146
ergo_nonadaptive,gt,1902,158.41666666666663,0.5966105258357257
ergo_nonadaptive,gt,1903,158.5,0.596908195571404
ergo_nonadaptive,gt,1904,158.58333333333337,0.5971504095633899
ergo_nonadaptive,gt,1905,158.66666666666663,0.5973458298442557
ergo_nonadaptive,gt,1906,158.75,0.5975490871645799
ergo_nonadaptive,gt,1907,158.83333333333337,0.5977711815576776
ergo_nonadaptive,gt,1908,158.91666666666663,0.5979751893594218
ergo_nonadaptive,gt,1909,159.0,0.5981163223136503
ergo_nonadaptive,gt,1910,159.08333333333337,0.5982147624271696
ergo_nonadaptive,gt,1911,159.16666666666663,0.5983604608706896
ergo_nonadaptive,gt,1912,159.25,0.5985511798159885
ergo_nonadaptive,gt,1913,159.33333333333337,0.5986857880611485
ergo_nonadaptive,gt,1914,159.41666666666663,0.5987180566985686
ergo_nonadaptive,gt,1915,159.5,0.5988415129556763
ergo_nonadaptive,gt,1916,159.58333333333337,0.5990685232054265
ergo_nonadaptive,gt,1917,159.66666666666663,0.5992942688429097
ergo_nonadaptive,gt,1918,159.75,0.5994577529032674
ergo_nonadaptive,gt,1919,159.83333333333337,0.599592817627142
ergo_nonadaptive,gt,1920,159.91666666666663,0.5997444522547993
ergo_nonadaptive,gt,1921,160.0,0.5999071797014246
ergo_nonadaptive,gt,1922,160.08333333333337,0.6000388210075114
ergo_nonadaptive,gt,1923,160.16666666666663,0.6001099109822001
ergo_nonadaptive,gt,1924,160.25,0.600170737022833
ergo_nonadaptive,gt,1925,160.33333333333337,0.6002926537427112
ergo_nonadaptive,gt,1926,160.41666666666663,0.6004368313349775
ergo_nonadaptive,gt,1927,160.5,0.6005051336411487
ergo_nonadaptive,gt,1928,160.58333333333337,0.6005398281491144
ergo_nonadaptive,gt,1929,160.66666666666663,0.6006917742614805
ergo_nonadaptive,gt,1930,160.75,0.6009216501278675
ergo_nonadaptive,gt,1931,160.83333333333337,0.6011403064359904
ergo_nonadaptive,gt,1932,160.91666666666663,0.6013148432522762
ergo_nonadaptive,gt,1933,161.0,0.6014661938393012
ergo_nonadaptive,gt,1934,161.08333333333337,0.6016248147649728
ergo_nonadaptive,gt,1935,161.16666666666663,0.6017958464896235
ergo_nonadaptive,gt,1936,161.25,0.6019280469419585
ergo_nonadaptive,gt,1937,161.33333333333337,0.6019669417304019
ergo_nonadaptive,gt,1938,161.41666666666663,0.6020461348401217
ergo_nonadaptive,gt,1939,161.5,0.6022345811984973
ergo_nonadaptive,gt,1940,161.58333333333337,0.6024584413060432
ergo_nonadaptive,gt,1941,161.66666666666663,0.6026436400658612
ergo_nonadaptive,gt,1942,161.75,0.6027446071045512
ergo_nonadaptive,gt,1943,161.83333333333337,0.6027448631298378
ergo_nonadaptive,gt,1944,161.91666666666663,0.6027859544621863
ergo_nonadaptive,gt,1945,162.0,0.6029439263366847
ergo_nonadaptive,gt,1946,162.08333333333337,0.6031446892727322
ergo_nonadaptive,gt,1947,162.16666666666663,0.6033185103110923
ergo_nonadaptive,gt,1948,162.25,0.6034353074306391
ergo_nonadaptive,gt,1949,162.33333333333337,0.6034809986701241
ergo_nonadaptive,gt,1950,162.41666666666663,0.6035283662552473
ergo_nonadaptive,gt,1951,162.5,0.6036560259182405
ergo_nonadaptive,gt,1952,162.58333333333337,0.6038286223329348
ergo_nonadaptive,gt,1953,162.66666666666663,0.6039920950099821
ergo_nonadaptive,gt,1954,162.75,0.6041081516421296
ergo_nonadaptive,gt,1955,162.83333333333337,0.6041289897469722
ergo_nonadaptive,gt,1956,162.91666666666663,0.6041216641302746
ergo_nonadaptive,gt,1957,163.0,0.604238661781068
ergo_nonadaptive,gt,1958,163.08333333333337,0.604438796402937
ergo_nonadaptive,gt,1959,163.16666666666663,0.6046321793080365
ergo_nonadaptive,gt,1960,163.25,0.6047626729269668
ergo_nonadaptive,gt,1961,163.33333333333337,0.6048149230516104
ergo_nonadaptive,gt,1962,163.41666666666663,0.6048488270803128
ergo_nonadaptive,gt,1963,163.5,0.6049389989558894
ergo_nonadaptive,gt,1964,163.58333333333337,0.6050445785937062
ergo_nonadaptive,gt,1965,163.66666666666663,0.6050914029823797
ergo_nonadaptive,gt,1966,163.75,0.6051218647597311
ergo_nonadaptive,gt,1967,163.83333333333337,0.6052107037104705
ergo_nonadaptive,gt,1968,163.91666666666663,0.6053320583237718
ergo_nonadaptive,gt,1969,164.0,0.6054239881269947
ergo_nonadaptive,gt,1970,164.08333333333337,0.6054493534053973
ergo_nonadaptive,gt,1971,164.16666666666663,0.6054116574655665
ergo_nonadaptive,gt,1972,164.25,0.6054131474747501
ergo_nonadaptive,gt,1973,164.33333333333337,0.6054917262067951
ergo_nonadaptive,gt,1974,164.41666666666663,0.6055674385723218
ergo_nonadaptive,gt,1975,164.5,0.6056169253943339
ergo_nonadaptive,gt,1976,164.58333333333337,0.6056789095307346
ergo_nonadaptive,gt,1977,164.66666666666663,0.6057310529764753
ergo_nonadaptive,gt,1978,164.75,0.6057597343992279
ergo_nonadaptive,gt,1979,164.83333333333337,0.6058113315498245
ergo_nonadaptive,gt,1980,164.91666666666663,0.6059062669959118
ergo_nonadaptive,gt,1981,165.0,0.6060181540536183
ergo_nonadaptive,gt,1982,165.08333333333337,0.6061038498270745
ergo_nonadaptive,gt,1983,165.16666666666663,0.6061415866503115
ergo_nonadaptive,gt,1984,165.25,0.6061772971959968
ergo_nonadaptive,gt,1985,165.33333333333337,0.6062650322045401
ergo_nonadaptive,gt,1986,165.41666666666663,0.6063652462724527
ergo_nonadaptive,gt,1987,165.5,0.6063812826585057
ergo_nonadaptive,gt,1988,165.58333333333337,0.606365307147811
ergo_nonadaptive,gt,1989,165.66666666666663,0.6064752298484297
ergo_nonadaptive,gt,1990,165.75,0.6066488137717948
ergo_nonadaptive,gt,1991,165.83333333333337,0.6067733479202075
ergo_nonadaptive,gt,1992,165.91666666666663,0.6068340149512383
ergo_nonadaptive,gt,1993,166.0,0.6069349678818347
ergo_nonadaptive,gt,1994,166.08333333333337,0.6070936678690689
ergo_nonadaptive,gt,1995,166.16666666666663,0.607246689607879
ergo_nonadaptive,gt,1996,166.25,0.6073538563659582
ergo_nonadaptive,gt,1997,166.33333333333337,0.6074477714253012
ergo_nonadaptive,gt,1998,166.41666666666663,0.6075682392740119
ergo_nonadaptive,gt,1999,166.5,0.6077011032119646
ergo_nonadaptive,gt,2000,166.58333333333337,0.6078050894327257
ergo_nonadaptive,gt,2001,166.66666666666663,0.6078776280858083
ergo_nonadaptive,gt,2002,166.75,0.6079637353341577
ergo_nonadaptive,gt,2003,166.83333333333337,0.608079323474069
ergo_nonadaptive,gt,2004,166.91666666666663,0.6081764022663122
ergo_nonadaptive,gt,2005,167.0,0.6082134572960591
ergo_nonadaptive,gt,2006,167.08333333333337,0.608252634447724
ergo_nonadaptive,gt,2007,167.16666666666663,0.6083564612110522
ergo_nonadaptive,gt,2008,167.25,0.6084667603406865
ergo_nonadaptive,gt,2009,167.33333333333337,0.6084759979295892
ergo_nonadaptive,gt,2010,167.41666666666663,0.6084405049885173
ergo_nonadaptive,gt,2011,167.5,0.6085257201421341
ergo_nonadaptive,gt,2012,167.58333333333337,0.6086644141986159
ergo_nonadaptive,gt,2013,167.66666666666663,0.608730933700175
ergo_nonadaptive,gt,2014,167.75,0.6087125441164971
ergo_nonadaptive,gt,2015,167.83333333333337,0.6087470044820935
ergo_nonadaptive,gt,2016,167.91666666666663,0.608842380674664
ergo_nonadaptive,gt,2017,168.0,0.6089170342681409
ergo_nonadaptive,gt,2018,168.08333333333337,0.6089297752429609
ergo_nonadaptive,gt,2019,168.16666666666663,0.6089243647359395
ergo_nonadaptive,gt,2020,168.25,0.608939351885284
ergo_nonadaptive,gt,2021,168.33333333333337,0.6089542811738766
ergo_nonadaptive,gt,2022,168.41666666666663,0.6089300613560324
ergo_nonadaptive,gt,2023,168.5,0.608864511353872
ergo_nonadaptive,gt,2024,168.58333333333337,0.6087965750252433
ergo_nonadaptive,gt,2025,168.66666666666663,0.6087437301834778
ergo_nonadaptive,gt,2026,168.75,0.6086650515022588
ergo_nonadaptive,gt,2027,168.83333333333337,0.6085101206398352
ergo_nonadaptive,gt,2028,168.91666666666663,0.608344259584616
ergo_nonadaptive,gt,2029,169.0,0.6082489805306903
ergo_nonadaptive,gt,2030,169.08333333333337,0.6081693957554899
ergo_nonadaptive,gt,2031,169.16666666666663,0.6080202211533058
ergo_nonadaptive,gt,2032,169.25,0.6078284147924436
ergo_nonadaptive,gt,2033,169.33333333333337,0.6076925428492862
ergo_nonadaptive,gt,2034,169.41666666666663,0.6075928596270375
ergo_nonadaptive,gt,2035,169.5,0.6074699999104187
ergo_nonadaptive,gt,2036,169.58333333333337,0.6073084003874631
ergo_nonadaptive,gt,2037,169.66666666666663,0.6071411849636467
ergo_nonadaptive,gt,2038,169.75,0.6069907954214959
ergo_nonadaptive,gt,2039,169.83333333333337,0.6068433312458903
ergo_nonadaptive,gt,2040,169.91666666666663,0.6066684648674617
ergo_nonadaptive,gt,2041,170.0,0.6064651073899416
ergo_nonadaptive,gt,2042,170.08333333333337,0.6062882336341272
ergo_nonadaptive,gt,2043,170.16666666666663,0.6061599564548411
ergo_nonadaptive,gt,2044,170.25,0.6060252132060512
ergo_nonadaptive,gt,2045,170.33333333333337,0.6058209846304017
ergo_nonadaptive,gt,2046,170.41666666666663,0.6056575881141909
ergo_nonadaptive,gt,2047,170.5,0.6055938449405733
ergo_nonadaptive,gt,2048,170.58333333333337,0.605561113966436
ergo_nonadaptive,gt,2049,170.66666666666663,0.6054964855210029
ergo_nonadaptive,gt,2050,170.75,0.6054206938419373
ergo_nonadaptive,gt,2051,170.83333333333337,0.6053860590231791
ergo_nonadaptive,gt,2052,170.91666666666663,0.605389840423187
ergo_nonadaptive,gt,2053,171.0,0.6053924697205143
ergo_nonadaptive,gt,2054,171.08333333333337,0.6053527493916222
ergo_nonadaptive,gt,2055,171.16666666666663,0.6052972147821835
ergo_nonadaptive,gt,2056,171.25,0.6049454492750957
ergo_nonadaptive,gt,2057,171.33333333333337,0.6044625590857085
ergo_nonadaptive,gt,2058,171.41666666666663,0.6039624469092297
ergo_nonadaptive,gt,2059,171.5,0.6034802315309126
ergo_nonadaptive,gt,2060,171.58333333333337,0.6030244947895954
ergo_nonadaptive,gt,2061,171.66666666666663,0.60260318293847
ergo_nonadaptive,gt,2062,171.75,0.6022278011737149
ergo_nonadaptive,gt,2063,171.83333333333337,0.6019011508020691
ergo_nonadaptive,gt,2064,171.91666666666663,0.6016095780670101
ergo_nonadaptive,gt,2065,172.0,0.6013350603361312
ergo_nonadaptive,gt,2066,172.08333333333337,0.6010816286330539
ergo_nonadaptive,gt,2067,172.16666666666663,0.6008611782806925
ergo_nonadaptive,gt,2068,172.25,0.6006545525742503
ergo_nonadaptive,gt,2069,172.33333333333337,0.6004154532721252
ergo_nonadaptive,gt,2070,172.41666666666663,0.6001768309153097
ergo_nonadaptive,gt,2071,172.5,0.6000075945266323
ergo_nonadaptive,gt,2072,172.58333333333337,0.5998815191374834
ergo_nonadaptive,gt,2073,172.66666666666663,0.5997472306795304
ergo_nonadaptive,gt,2074,172.75,0.5996034923332358
ergo_nonadaptive,gt,2075,172.83333333333337,0.5994947671752631
ergo_nonadaptive,gt,2076,172.91666666666663,0.5994289375511809
ergo_nonadaptive,gt,2077,173.0,0.5993807705328195
ergo_nonadaptive,gt,2078,173.08333333333337,0.5993278408596259
ergo_nonadaptive,gt,2079,173.16666666666663,0.599270551783412
ergo_nonadaptive,gt,2080,173.25,0.5992292761039046
ergo_nonadaptive,gt,2081,173.33333333333337,0.5992107363191038
ergo_nonadaptive,gt,2082,173.41666666666663,0.599181333504433
ergo_nonadaptive,gt,2083,173.5,0.5990931638330043
ergo_nonadaptive,gt,2084,173.58333333333337,0.5990361654014457
ergo_nonadaptive,gt,2085,173.66666666666663,0.5990543618152486
ergo_nonadaptive,gt,2086,173.75,0.5990986032468636
ergo_nonadaptive,gt,2087,173.83333333333337,0.5991216443530729
ergo_nonadaptive,gt,2088,173.91666666666663,0.5991328041189883
ergo_nonadaptive,gt,2089,174.0,0.5991603937678914
ergo_nonadaptive,gt,2090,174.08333333333337,0.5992070032310699
ergo_nonadaptive,gt,2091,174.16666666666663,0.599249297340796
ergo_nonadaptive,gt,2092,174.25,0.5992507865406285
ergo_nonadaptive,gt,2093,174.33333333333337,0.5992164017351501
ergo_nonadaptive,gt,2094,174.41666666666663,0.5992249958658824
ergo_nonadaptive,gt,2095,174.5,0.5992888709454146
ergo_nonadaptive,gt,2096,174.58333333333337,0.5993551700914501
ergo_nonadaptive,gt,2097,174.66666666666663,0.5993993597733911
ergo_nonadaptive,gt,2098,174.75,0.5994379054024541
ergo_nonadaptive,gt,2099,174.83333333333337,0.5994687779030855
ergo_nonadaptive,gt,2100,174.91666666666663,0.5994890620733424
ergo_nonadaptive,gt,2101,175.0,0.5994979225240792
ergo_nonadaptive,gt,2102,175.08333333333337,0.5994938108593849
ergo_nonadaptive,gt,2103,175.16666666666663,0.5995047325206299
ergo_nonadaptive,gt,2104,175.25,0.5995285622245978
ergo_nonadaptive,gt,2105,175.33333333333337,0.5995006958680071
ergo_nonadaptive,gt,2106,175.41666666666663,0.5994177797850758
ergo_nonadaptive,gt,2107,175.5,0.5994113753960556
ergo_nonadaptive,gt,2108,175.58333333333337,0.5994782005256247
ergo_nonadaptive,gt,2109,175.66666666666663,0.5995447618582723
ergo_nonadaptive,gt,2110,175.75,0.5995695792235856
ergo_nonadaptive,gt,2111,175.83333333333337,0.5995644224187424
ergo_nonadaptive,gt,2112,175.91666666666663,0.5995607148663882
ergo_nonadaptive,gt,2113,176.0,0.5995722110893306
ergo_nonadaptive,gt,2114,176.08333333333337,0.5995619500604733
ergo_nonadaptive,gt,2115,176.16666666666663,0.5994617008747857
ergo_nonadaptive,gt,2116,176.25,0.5993742303865316
ergo_nonadaptive,gt,2117,176.33333333333337,0.5994096429919007
ergo_nonadaptive,gt,2118,176.41666666666663,0.5995027425810863
ergo_nonadaptive,gt,2119,176.5,0.5995770990281043
ergo_nonadaptive,gt,2120,176.58333333333337,0.5996006518916391
ergo_nonadaptive,gt,2121,176.66666666666663,0.5995715458184449
ergo_nonadaptive,gt,2122,176.75,0.5995409710800333
ergo_nonadaptive,gt,2123,176.83333333333337,0.5995622160687661
ergo_nonadaptive,gt,2124,176.91666666666663,0.5996049485874065
ergo_nonadaptive,gt,2125,177.0,0.5996333726438177
ergo_nonadaptive,gt,2126,177.08333333333337,0.5996677503615562
ergo_nonadaptive,gt,2127,177.16666666666663,0.599719977706524
ergo_nonadaptive,gt,2128,177.25,0.5997835067960119
ergo_nonadaptive,gt,2129,177.33333333333337,0.599853924557696
ergo_nonadaptive,gt,2130,177.41666666666663,0.5999023562670481
ergo_nonadaptive,gt,2131,177.5,0.5999276480683818
ergo_nonadaptive,gt,2132,177.58333333333337,0.6000171365792706
ergo_nonadaptive,gt,2133,177.66666666666663,0.6001910724225809
ergo_nonadaptive,gt,2134,177.75,0.6004011798652201
ergo_nonadaptive,gt,2135,177.83333333333337,0.6006077633658079
ergo_nonadaptive,gt,2136,177.91666666666663,0.6007696021646264
ergo_nonadaptive,gt,2137,178.0,0.6008640112970206
ergo_nonadaptive,gt,2138,178.08333333333337,0.6009599439995336
ergo_nonadaptive,gt,2139,178.16666666666663,0.6010696713379786
ergo_nonadaptive,gt,2140,178.25,0.601141206498432
ergo_nonadaptive,gt,2141,178.33333333333337,0.6011448501379761
ergo_nonadaptive,gt,2142,178.41666666666663,0.601066883540988
ergo_nonadaptive,gt,2143,178.5,0.6009152663326586
ergo_nonadaptive,gt,2144,178.58333333333337,0.6007839797529011
ergo_nonadaptive,gt,2145,178.66666666666663,0.6007132803282893
ergo_nonadaptive,gt,2146,178.75,0.6006635304273522
ergo_nonadaptive,gt,2147,178.83333333333337,0.6005940211444635
ergo_nonadaptive,gt,2148,178.91666666666663,0.6004696185850932
ergo_nonadaptive,gt,2149,179.0,0.6002555069301507
ergo_nonadaptive,gt,2150,179.08333333333337,0.6000907997743191
ergo_nonadaptive,gt,2151,179.16666666666663,0.6000284027310799
ergo_nonadaptive,gt,2152,179.25,0.5999989753887164
ergo_nonadaptive,gt,2153,179.33333333333337,0.5999401415970622
ergo_nonadaptive,gt,2154,179.41666666666663,0.5998373825842653
ergo_nonadaptive,gt,2155,179.5,0.5997143686564633
ergo_nonadaptive,gt,2156,179.58333333333337,0.5996030815043663
ergo_nonadaptive,gt,2157,179.66666666666663,0.5994950525333782
ergo_nonadaptive,gt,2158,179.75,0.5993471369777181
ergo_nonadaptive,gt,2159,179.83333333333337,0.5991681184495514
ergo_nonadaptive,gt,2160,179.91666666666663,0.5990336496728703
ergo_nonadaptive,gt,2161,180.0,0.5989368129788476
ergo_nonadaptive,gt,2162,180.08333333333337,0.5988130382172967
ergo_nonadaptive,gt,2163,180.16666666666663,0.5986486384652038
ergo_nonadaptive,gt,2164,180.25,0.5985107538667993
ergo_nonadaptive,gt,2165,180.33333333333337,0.5984148582848353
ergo_nonadaptive,gt,2166,180.41666666666663,0.5983160197944297
ergo_nonadaptive,gt,2167,180.5,0.5981831197474883
ergo_nonadaptive,gt,2168,180.58333333333337,0.5980040396910644
ergo_nonadaptive,gt,2169,180.66666666666663,0.597786637529808
ergo_nonadaptive,gt,2170,180.75,0.5976050065902937
ergo_nonadaptive,gt,2171,180.83333333333337,0.5974817624691018
ergo_nonadaptive,gt,2172,180.91666666666663,0.5973776113519296
ergo_nonadaptive,gt,2173,181.0,0.5972527584279299
ergo_nonadaptive,gt,2174,181.08333333333337,0.5971022790542646
ergo_nonadaptive,gt,2175,181.16666666666663,0.5969566922466147
ergo_nonadaptive,gt,2176,181.25,0.5968383376521078
ergo_nonadaptive,gt,2177,181.33333333333337,0.5967286879889947
ergo_nonadaptive,gt,2178,181.41666666666663,0.596602825978652
ergo_nonadaptive,gt,2179,181.5,0.5964828656189147
ergo_nonadaptive,gt,2180,181.58333333333337,0.5964055932811908
ergo_nonadaptive,gt,2181,181.66666666666663,0.5963569169021093
ergo_nonadaptive,gt,2182,181.75,0.5962975189239789
ergo_nonadaptive,gt,2183,181.83333333333337,0.5962329055659161
ergo_nonadaptive,gt,2184,181.91666666666663,0.5962059235384249
ergo_nonadaptive,gt,2185,182.0,0.5962185975710926
ergo_nonadaptive,gt,2186,182.08333333333337,0.5962310358147381
ergo_nonadaptive,gt,2187,182.16666666666663,0.5962285682427912
ergo_nonadaptive,gt,2188,182.25,0.5962455199587342
ergo_nonadaptive,gt,2189,182.33333333333337,0.5963019917432665
ergo_nonadaptive,gt,2190,182.41666666666663,0.5963690033085088
ergo_nonadaptive,gt,2191,182.5,0.5964157333566779
ergo_nonadaptive,gt,2192,182.58333333333337,0.5964613408407065
ergo_nonadaptive,gt,2193,182.66666666666663,0.5965417706385281
ergo_nonadaptive,gt,2194,182.75,0.5966443511590689
ergo_nonadaptive,gt,2195,182.83333333333337,0.596722886555848
ergo_nonadaptive,gt,2196,182.91666666666663,0.5967759008708186
ergo_nonadaptive,gt,2197,183.0,0.5968621330843538
ergo_nonadaptive,gt,2198,183.08333333333337,0.5969929081417645
ergo_nonadaptive,gt,2199,183.16666666666663,0.5971035384857614
ergo_nonadaptive,gt,2200,183.25,0.5971500650387981
ergo_nonadaptive,gt,2201,183.33333333333337,0.5972225485342663
ergo_nonadaptive,gt,2202,183.41666666666663,0.5973788460637628
ergo_nonadaptive,gt,2203,183.5,0.5975400393490116
ergo_nonadaptive,gt,2204,183.58333333333337,0.5975949342751968
ergo_nonadaptive,gt,2205,183.66666666666663,0.5976348398039513
ergo_nonadaptive,gt,2206,183.75,0.5978069271895567
ergo_nonadaptive,gt,2207,183.83333333333337,0.5980283154036673
ergo_nonadaptive,gt,2208,183.91666666666663,0.5981622641578194
ergo_nonadaptive,gt,2209,184.0,0.5982113626753905
ergo_nonadaptive,gt,2210,184.08333333333337,0.5983649988173317
ergo_nonadaptive,gt,2211,184.16666666666663,0.5986010717709269
ergo_nonadaptive,gt,2212,184.25,0.5988004596388213
ergo_nonadaptive,gt,2213,184.33333333333337,0.5989145839016455
ergo_nonadaptive,gt,2214,184.41666666666663,0.5990493000973516
ergo_nonadaptive,gt,2215,184.5,0.5992565473774568
ergo_nonadaptive,gt,2216,184.58333333333337,0.5994709540195572
ergo_nonadaptive,gt,2217,184.66666666666663,0.5996307744775499
ergo_nonadaptive,gt,2218,184.75,0.5997713025066652
ergo_nonadaptive,gt,2219,184.83333333333337,0.5999520972414522
ergo_nonadaptive,gt,2220,184.91666666666663,0.6001590036550658
ergo_nonadaptive,gt,2221,185.0,0.600340678033477
ergo_nonadaptive,gt,2222,185.08333333333337,0.6004892405893096
ergo_nonadaptive,gt,2223,185.16666666666663,0.6006463223527205
ergo_nonadaptive,gt,2224,185.25,0.6008328194332393
ergo_nonadaptive,gt,2225,185.33333333333337,0.6010108612059422
ergo_nonadaptive,gt,2226,185.41666666666663,0.6011264972897961
ergo_nonadaptive,gt,2227,185.5,0.6012092450300486
ergo_nonadaptive,gt,2228,185.58333333333337,0.6013558153958442
ergo_nonadaptive,gt,2229,185.66666666666663,0.6015460699157337
ergo_nonadaptive,gt,2230,185.75,0.6016825860526992
ergo_nonadaptive,gt,2231,185.83333333333337,0.6017595492628379
ergo_nonadaptive,gt,2232,185.91666666666663,0.6018828462820849
ergo_nonadaptive,gt,2233,186.0,0.6020491735717183
ergo_nonadaptive,gt,2234,186.08333333333337,0.602195273769145
ergo_nonadaptive,gt,2235,186.16666666666663,0.6022686817574611
ergo_nonadaptive,gt,2236,186.25,0.6022350765181673
ergo_nonadaptive,gt,2237,186.33333333333337,0.6021577135540239
ergo_nonadaptive,gt,2238,186.41666666666663,0.6021641110093395
ergo_nonadaptive,gt,2239,186.5,0.602227130534976
ergo_nonadaptive,gt,2240,186.58333333333337,0.602278011525074
ergo_nonadaptive,gt,2241,186.66666666666663,0.6022852339130307
ergo_nonadaptive,gt,2242,186.75,0.6022325339288614
ergo_nonadaptive,gt,2243,186.83333333333337,0.6021386267371676
ergo_nonadaptive,gt,2244,186.91666666666663,0.6020818507081964
ergo_nonadaptive,gt,2245,187.0,0.602070269136955
ergo_nonadaptive,gt,2246,187.08333333333337,0.6020616363130927
ergo_nonadaptive,gt,2247,187.16666666666663,0.6020229571938533
ergo_nonadaptive,gt,2248,187.25,0.6019171480668138
ergo_nonadaptive,gt,2249,187.33333333333337,0.6017304312757988
ergo_nonadaptive,gt,2250,187.41666666666663,0.6016095497887786
ergo_nonadaptive,gt,2251,187.5,0.6015727214624046
ergo_nonadaptive,gt,2252,187.58333333333337,0.6015466233829405
ergo_nonadaptive,gt,2253,187.66666666666663,0.6014756659772484
ergo_nonadaptive,gt,2254,187.75,0.6013430172521602
ergo_nonadaptive,gt,2255,187.83333333333337,0.6011721541964135
ergo_nonadaptive,gt,2256,187.91666666666663,0.6010185642975507
ergo_nonadaptive,gt,2257,188.0,0.6008835926134869
ergo_nonadaptive,gt,2258,188.08333333333337,0.600715687950787
ergo_nonadaptive,gt,2259,188.16666666666663,0.6005201893082711
ergo_nonadaptive,gt,2260,188.25,0.6003843316107227
ergo_nonadaptive,gt,2261,188.33333333333337,0.6003101143841966
ergo_nonadaptive,gt,2262,188.41666666666663,0.6002473406451816
ergo_nonadaptive,gt,2263,188.5,0.6001609133774423
ergo_nonadaptive,gt,2264,188.58333333333337,0.6000544628023653
ergo_nonadaptive,gt,2265,188.66666666666663,0.5999640503029506
ergo_nonadaptive,gt,2266,188.75,0.5999098332939855
ergo_nonadaptive,gt,2267,188.83333333333337,0.5998514060968754
ergo_nonadaptive,gt,2268,188.91666666666663,0.5997217082782232
ergo_nonadaptive,gt,2269,189.0,0.5996194382481794
ergo_nonadaptive,gt,2270,189.08333333333337,0.5996464856063988
ergo_nonadaptive,gt,2271,189.16666666666663,0.5997266772713882
ergo_nonadaptive,gt,2272,189.25,0.5997706389708621
ergo_nonadaptive,gt,2273,189.33333333333337,0.5997941392089896
ergo_nonadaptive,gt,2274,189.41666666666663,0.599867026060582
ergo_nonadaptive,gt,2275,189.5,0.5999882821667999
ergo_nonadaptive,gt,2276,189.58333333333337,0.6001107935648468
ergo_nonadaptive,gt,2277,189.66666666666663,0.6001971712830996
ergo_nonadaptive,gt,2278,189.75,0.6002553136838406
ergo_nonadaptive,gt,2279,189.83333333333337,0.6003471099635405
ergo_nonadaptive,gt,2280,189.91666666666663,0.6004916983117924
ergo_nonadaptive,gt,2281,190.0,0.6006192857683363
ergo_nonadaptive,gt,2282,190.08333333333337,0.6006900460601377
ergo_nonadaptive,gt,2283,190.16666666666663,0.6008216840355607
ergo_nonadaptive,gt,2284,190.25,0.6010510345385831
ergo_nonadaptive,gt,2285,190.33333333333337,0.6013103385786295
ergo_nonadaptive,gt,2286,190.41666666666663,0.6015321368514894
ergo_nonadaptive,gt,2287,190.5,0.6016680122625447
ergo_nonadaptive,gt,2288,190.58333333333337,0.601727899556021
ergo_nonadaptive,gt,2289,190.66666666666663,0.601875715585277
ergo_nonadaptive,gt,2290,190.75,0.6021334302519491
ergo_nonadaptive,gt,2291,190.83333333333337,0.6024102599002449
ergo_nonadaptive,gt,2292,190.91666666666663,0.6026504273506659
ergo_nonadaptive,gt,2293,191.0,0.6028432099846294
ergo_nonadaptive,gt,2294,191.08333333333337,0.6030012402689763
ergo_nonadaptive,gt,2295,191.16666666666663,0.6031813733190254
ergo_nonadaptive,gt,2296,191.25,0.6033915236613603
ergo_nonadaptive,gt,2297,191.33333333333337,0.6035734315730462
ergo_nonadaptive,gt,2298,191.41666666666663,0.603734293048811
ergo_nonadaptive,gt,2299,191.5,0.6039411657396678
ergo_nonadaptive,gt,2300,191.58333333333337,0.6041932718331121
ergo_nonadaptive,gt,2301,191.66666666666663,0.6044470305282645
ergo_nonadaptive,gt,2302,191.75,0.6046462396088113
ergo_nonadaptive,gt,2303,191.83333333333337,0.6047284878429922
ergo_nonadaptive,gt,2304,191.91666666666663,0.60479823450769
ergo_nonadaptive,gt,2305,192.0,0.6050127809411149
ergo_nonadaptive,gt,2306,192.08333333333337,0.605289494044
ergo_nonadaptive,gt,2307,192.16666666666663,0.6055139951223018
ergo_nonadaptive,gt,2308,192.25,0.6056790275186614
ergo_nonadaptive,gt,2309,192.33333333333337,0.6058553996178941
ergo_nonadaptive,gt,2310,192.41666666666663,0.6060624230543513
ergo_nonadaptive,gt,2311,192.5,0.6062582206291136
ergo_nonadaptive,gt,2312,192.58333333333337,0.6064024804494531
ergo_nonadaptive,gt,2313,192.66666666666663,0.6065118748928494
ergo_nonadaptive,gt,2314,192.75,0.6066442107419636
ergo_nonadaptive,gt,2315,192.83333333333337,0.6067981542143455
ergo_nonadaptive,gt,2316,192.91666666666663,0.6069209543284872
ergo_nonadaptive,gt,2317,193.0,0.6070111173473727
ergo_nonadaptive,gt,2318,193.08333333333337,0.6071177635366768
ergo_nonadaptive,gt,2319,193.16666666666663,0.6072383651693887
ergo_nonadaptive,gt,2320,193.25,0.6073473334606125
ergo_nonadaptive,gt,2321,193.33333333333337,0.6073355573618171
ergo_nonadaptive,gt,2322,193.41666666666663,0.6071892268068538
ergo_nonadaptive,gt,2323,193.5,0.6070119606610554
ergo_nonadaptive,gt,2324,193.58333333333337,0.6069116443133701
ergo_nonadaptive,gt,2325,193.66666666666663,0.6068611780724387
ergo_nonadaptive,gt,2326,193.75,0.6067846210801477
ergo_nonadaptive,gt,2327,193.83333333333337,0.6066725585403584
ergo_nonadaptive,gt,2328,193.91666666666663,0.6065903964816015
ergo_nonadaptive,gt,2329,194.0,0.6065519211121826
ergo_nonadaptive,gt,2330,194.08333333333337,0.6065129558400343
ergo_nonadaptive,gt,2331,194.16666666666663,0.6064463670231482
ergo_nonadaptive,gt,2332,194.25,0.6063792681985088
ergo_nonadaptive,gt,2333,194.33333333333337,0.6063398772721946
ergo_nonadaptive,gt,2334,194.41666666666663,0.6063119446396217
ergo_nonadaptive,gt,2335,194.5,0.6062605216940169
ergo_nonadaptive,gt,2336,194.58333333333337,0.6061860243687299
ergo_nonadaptive,gt,2337,194.66666666666663,0.606128652698626
ergo_nonadaptive,gt,2338,194.75,0.606099282705657
ergo_nonadaptive,gt,2339,194.83333333333337,0.6060497111500368
ergo_nonadaptive,gt,2340,194.91666666666663,0.6059351445069692
ergo_nonadaptive,gt,2341,195.0,0.6058382232634011
ergo_nonadaptive,gt,2342,195.08333333333337,0.6058245977686251
ergo_nonadaptive,gt,2343,195.16666666666663,0.6058269240067199
ergo_nonadaptive,gt,2344,195.25,0.6057572274121992
ergo_nonadaptive,gt,2345,195.33333333333337,0.6056708795543269
ergo_nonadaptive,gt,2346,195.41666666666663,0.6056683129752974
ergo_nonadaptive,gt,2347,195.5,0.6057126911945391
ergo_nonadaptive,gt,2348,195.58333333333337,0.605735888226305
ergo_nonadaptive,gt,2349,195.66666666666663,0.6057254107423258
ergo_nonadaptive,gt,2350,195.75,0.6057174056113384
ergo_nonadaptive,gt,2351,195.83333333333337,0.6057337429141262
ergo_nonadaptive,gt,2352,195.91666666666663,0.6057540666901363
ergo_nonadaptive,gt,2353,196.0,0.605731691146863
ergo_nonadaptive,gt,2354,196.08333333333337,0.6056518968827891
ergo_nonadaptive,gt,2355,196.16666666666663,0.6055828051963765
ergo_nonadaptive,gt,2356,196.25,0.605547012934176
ergo_nonadaptive,gt,2357,196.33333333333337,0.605484555128782
ergo_nonadaptive,gt,2358,196.41666666666663,0.6053557317702357
ergo_nonadaptive,gt,2359,196.5,0.6052576623578501
ergo_nonadaptive,gt,2360,196.58333333333337,0.6052345776825474
ergo_nonadaptive,gt,2361,196.66666666666663,0.605238046099929
ergo_nonadaptive,gt,2362,196.75,0.6052227443276288
ergo_nonadaptive,gt,2363,196.83333333333337,0.60519034404168
ergo_nonadaptive,gt,2364,196.91666666666663,0.6051677196709035
ergo_nonadaptive,gt,2365,197.0,0.6051699251791577
ergo_nonadaptive,gt,2366,197.08333333333337,0.6051749593519425
ergo_nonadaptive,gt,2367,197.16666666666663,0.605131459567762
ergo_nonadaptive,gt,2368,197.25,0.6050595023291672
ergo_nonadaptive,gt,2369,197.33333333333337,0.6050832556179926
ergo_nonadaptive,gt,2370,197.41666666666663,0.6051802539293231
ergo_nonadaptive,gt,2371,197.5,0.6052694236160208
ergo_nonadaptive,gt,2372,197.58333333333337,0.605332532777723
ergo_nonadaptive,gt,2373,197.66666666666663,0.6054229067245687
ergo_nonadaptive,gt,2374,197.75,0.60555761549941
ergo_nonadaptive,gt,2375,197.83333333333337,0.605707538093117
ergo_nonadaptive,gt,2376,197.91666666666663,0.6058300285476861
ergo_nonadaptive,gt,2377,198.0,0.6059009531001127
ergo_nonadaptive,gt,2378,198.08333333333337,0.6059789867301998
ergo_nonadaptive,gt,2379,198.16666666666663,0.6061300157107881
ergo_nonadaptive,gt,2380,198.25,0.606310277569136
ergo_nonadaptive,gt,2381,198.33333333333337,0.6064528845185936
ergo_nonadaptive,gt,2382,198.41666666666663,0.6065895906032098
ergo_nonadaptive,gt,2383,198.5,0.6067697582497673
ergo_nonadaptive,gt,2384,198.58333333333337,0.6069761842095951
ergo_nonadaptive,gt,2385,198.66666666666663,0.6071662470630723
ergo_nonadaptive,gt,2386,198.75,0.60728652770474
ergo_nonadaptive,gt,2387,198.83333333333337,0.6073097316041606
ergo_nonadaptive,gt,2388,198.91666666666663,0.6073865781810905
ergo_nonadaptive,gt,2389,199.0,0.607577526468559
ergo_nonadaptive,gt,2390,199.08333333333337,0.6078034677538898
ergo_nonadaptive,gt,2391,199.16666666666663,0.6079940302394711
ergo_nonadaptive,gt,2392,199.25,0.6081141633984566
ergo_nonadaptive,gt,2393,199.33333333333337,0.6081395971601569
ergo_nonadaptive,gt,2394,199.41666666666663,0.6081576564036044
ergo_nonadaptive,gt,2395,199.5,0.6082763640379497
ergo_nonadaptive,gt,2396,199.58333333333337,0.6084631015735673
ergo_nonadaptive,gt,2397,199.66666666666663,0.6086464670262608
ergo_nonadaptive,gt,2398,199.75,0.6087681673200259
ergo_nonadaptive,gt,2399,199.83333333333337,0.608783950932918
ergo_nonadaptive,gt,2400,199.91666666666663,0.6087946664449209
ergo_nonadaptive,gt,2401,200.0,0.6089341678961867
ergo_nonadaptive,gt,2402,200.08333333333337,0.6091421161109047
ergo_nonadaptive,gt,2403,200.16666666666663,0.6093304019319722
ergo_nonadaptive,gt,2404,200.25,0.6094812827515275
ergo_nonadaptive,gt,2405,200.33333333333337,0.6096085478281169
ergo_nonadaptive,gt,2406,200.41666666666663,0.6097286707578816
ergo_nonadaptive,gt,2407,200.5,0.6098521040459174
ergo_nonadaptive,gt,2408,200.58333333333337,0.6099436262063646
ergo_nonadaptive,gt,2409,200.66666666666663,0.6099859165498086
ergo_nonadaptive,gt,2410,200.75,0.6100658137738546
ergo_nonadaptive,gt,2411,200.83333333333337,0.6102134492707945
ergo_nonadaptive,gt,2412,200.91666666666663,0.6103754278897705
ergo_nonadaptive,gt,2413,201.0,0.6105021497159381
ergo_nonadaptive,gt,2414,201.08333333333337,0.6105579427177746
ergo_nonadaptive,gt,2415,201.16666666666663,0.6105482199905373
ergo_nonadaptive,gt,2416,201.25,0.6105757410075298
ergo_nonadaptive,gt,2417,201.33333333333337,0.6106680618303403
ergo_nonadaptive,gt,2418,201.41666666666663,0.6107671057520639
ergo_nonadaptive,gt,2419,201.5,0.6108340519755914
ergo_nonadaptive,gt,2420,201.58333333333337,0.6108606449836692
ergo_nonadaptive,gt,2421,201.66666666666663,0.6108543341279595
ergo_nonadaptive,gt,2422,201.75,0.610850014830524
ergo_nonadaptive,gt,2423,201.83333333333337,0.6108462894234525
ergo_nonadaptive,gt,2424,201.91666666666663,0.6107999376065399
ergo_nonadaptive,gt,2425,202.0,0.6107300496263751
ergo_nonadaptive,gt,2426,202.08333333333337,0.610697356658759
ergo_nonadaptive,gt,2427,202.16666666666663,0.6106946327355479
ergo_nonadaptive,gt,2428,202.25,0.6106812926003821
ergo_nonadaptive,gt,2429,202.33333333333337,0.6106168414914172
ergo_nonadaptive,gt,2430,202.41666666666663,0.6104787583590252
ergo_nonadaptive,gt,2431,202.5,0.6103398835953923
ergo_nonadaptive,gt,2432,202.58333333333337,0.6102727231572938
ergo_nonadaptive,gt,2433,202.66666666666663,0.6102287437205126
ergo_nonadaptive,gt,2434,202.75,0.610140925800382
ergo_nonadaptive,gt,2435,202.83333333333337,0.610034832014726
ergo_nonadaptive,gt,2436,202.91666666666663,0.6099615568621367
ergo_nonadaptive,gt,2437,203.0,0.6099059715314102
ergo_nonadaptive,gt,2438,203.08333333333337,0.6098257461536934
ergo_nonadaptive,gt,2439,203.16666666666663,0.6096912425488255
ergo_nonadaptive,gt,2440,203.25,0.6095129225236521
ergo_nonadaptive,gt,2441,203.33333333333337,0.6093517514042665
ergo_nonadaptive,gt,2442,203.41666666666663,0.6092243853773929
ergo_nonadaptive,gt,2443,203.5,0.6090792877013725
ergo_nonadaptive,gt,2444,203.58333333333337,0.60889785038045
ergo_nonadaptive,gt,2445,203.66666666666663,0.6087414312625601
ergo_nonadaptive,gt,2446,203.75,0.6086232525940406
ergo_nonadaptive,gt,2447,203.83333333333337,0.6085080953930128
ergo_nonadaptive,gt,2448,203.91666666666663,0.6083589522860354
ergo_nonadaptive,gt,2449,204.0,0.6081381753806882
ergo_nonadaptive,gt,2450,204.08333333333337,0.6078659414298091
ergo_nonadaptive,gt,2451,204.16666666666663,0.6076715909499119
ergo_nonadaptive,gt,2452,204.25,0.6075340682283874
ergo_nonadaptive,gt,2453,204.33333333333337,0.6073822884147392
ergo_nonadaptive,gt,2454,204.41666666666663,0.607184434957802
ergo_nonadaptive,gt,2455,204.5,0.606979677953676
ergo_nonadaptive,gt,2456,204.58333333333337,0.6068097159492593
ergo_nonadaptive,gt,2457,204.66666666666663,0.6066543843086338
ergo_nonadaptive,gt,2458,204.75,0.6064642222443257
ergo_nonadaptive,gt,2459,204.83333333333337,0.606247559469379
ergo_nonadaptive,gt,2460,204.91666666666663,0.6060798539493033
ergo_nonadaptive,gt,2461,205.0,0.6059560514661017
ergo_nonadaptive,gt,2462,205.08333333333337,0.6058011345714355
ergo_nonadaptive,gt,2463,205.16666666666663,0.605568355961062
ergo_nonadaptive,gt,2464,205.25,0.6053958484689158
ergo_nonadaptive,gt,2465,205.33333333333337,0.6053036336724035
ergo_nonadaptive,gt,2466,205.41666666666663,0.6052101561873192
ergo_nonadaptive,gt,2467,205.5,0.6050571093674906
ergo_nonadaptive,gt,2468,205.58333333333337,0.6049020410798154
ergo_nonadaptive,gt,2469,205.66666666666663,0.6047978822739271
ergo_nonadaptive,gt,2470,205.75,0.6047143531495551
ergo_nonadaptive,gt,2471,205.83333333333337,0.6046086677291602
ergo_nonadaptive,gt,2472,205.91666666666663,0.6044736140487794
ergo_nonadaptive,gt,2473,206.0,0.6043225913117524
ergo_nonadaptive,gt,2474,206.08333333333337,0.6041685386736173
ergo_nonadaptive,gt,2475,206.16666666666663,0.6040288916971205
ergo_nonadaptive,gt,2476,206.25,0.6039124042351819
ergo_nonadaptive,gt,2477,206.33333333333337,0.6038132383089605
ergo_nonadaptive,gt,2478,206.41666666666663,0.6037036233909321
ergo_nonadaptive,gt,2479,206.5,0.6035592308431865
ergo_nonadaptive,gt,2480,206.58333333333337,0.6034142350176973
ergo_nonadaptive,gt,2481,206.66666666666663,0.6033140540655486
ergo_nonadaptive,gt,2482,206.75,0.6032342727005356
ergo_nonadaptive,gt,2483,206.83333333333337,0.6031205734684658
ergo_nonadaptive,gt,2484,206.91666666666663,0.6029915275087712
ergo_nonadaptive,gt,2485,207.0,0.60291740196597
ergo_nonadaptive,gt,2486,207.08333333333337,0.6028852097363684
ergo_nonadaptive,gt,2487,207.16666666666663,0.6028322749456174
ergo_nonadaptive,gt,2488,207.25,0.6027473802507558
ergo_nonadaptive,gt,2489,207.33333333333337,0.6026988483104552
ergo_nonadaptive,gt,2490,207.41666666666663,0.6027017947744849
ergo_nonadaptive,gt,2491,207.5,0.6027062852781316
ergo_nonadaptive,gt,2492,207.58333333333337,0.6026812931089321
ergo_nonadaptive,gt,2493,207.66666666666663,0.6026657347427536
ergo_nonadaptive,gt,2494,207.75,0.6026929123509157
ergo_nonadaptive,gt,2495,207.83333333333337,0.6027380545669289
ergo_nonadaptive,gt,2496,207.91666666666663,0.6027644909939548
ergo_nonadaptive,gt,2497,208.0,0.6027815801963057
ergo_nonadaptive,gt,2498,208.08333333333337,0.6028241187967535
ergo_nonadaptive,gt,2499,208.16666666666663,0.6028920351624314
ergo_nonadaptive,gt,2500,208.25,0.602949883667339
ergo_nonadaptive,gt,2501,208.33333333333337,0.6029830311330094
ergo_nonadaptive,gt,2502,208.41666666666663,0.6030272168469161
ergo_nonadaptive,gt,2503,208.5,0.6031080683428938
ergo_nonadaptive,gt,2504,208.58333333333337,0.6031903543964094
ergo_nonadaptive,gt,2505,208.66666666666663,0.6032248690928492
ergo_nonadaptive,gt,2506,208.75,0.6032494952248354
ergo_nonadaptive,gt,2507,208.83333333333337,0.6033372941564156
ergo_nonadaptive,gt,2508,208.91666666666663,0.6034563730107722
ergo_nonadaptive,gt,2509,209.0,0.6035107989079642
ergo_nonadaptive,gt,2510,209.08333333333337,0.603498987518394
ergo_nonadaptive,gt,2511,209.16666666666663,0.6035850856782058
ergo_nonadaptive,gt,2512,209.25,0.6037455215941093
ergo_nonadaptive,gt,2513,209.33333333333337,0.6038687216161434
ergo_nonadaptive,gt,2514,209.41666666666663,0.6038988638057843
ergo_nonadaptive,gt,2515,209.5,0.6039698809479662
ergo_nonadaptive,gt,2516,209.58333333333337,0.6041209531294236
ergo_nonadaptive,gt,2517,209.66666666666663,0.6042741206352584
ergo_nonadaptive,gt,2518,209.75,0.6043652134695188
ergo_nonadaptive,gt,2519,209.83333333333337,0.604437603630908
ergo_nonadaptive,gt,2520,209.91666666666663,0.6045522921607844
ergo_nonadaptive,gt,2521,210.0,0.6046880207700452
ergo_nonadaptive,gt,2522,210.08333333333337,0.6047937475313917
ergo_nonadaptive,gt,2523,210.16666666666663,0.6048679727728128
ergo_nonadaptive,gt,2524,210.25,0.6049535164903338
ergo_nonadaptive,gt,2525,210.33333333333337,0.6050626131538968
ergo_nonadaptive,gt,2526,210.41666666666663,0.6051615844149248
ergo_nonadaptive,gt,2527,210.5,0.6052247804094798
ergo_nonadaptive,gt,2528,210.58333333333337,0.6052783280049348
ergo_nonadaptive,gt,2529,210.66666666666663,0.6053596165780838
ergo_nonadaptive,gt,2530,210.75,0.6054493449506883
ergo_nonadaptive,gt,2531,210.83333333333337,0.605484890278853
ergo_nonadaptive,gt,2532,210.91666666666663,0.605464069266284
ergo_nonadaptive,gt,2533,211.0,0.6055056123574406
ergo_nonadaptive,gt,2534,211.08333333333337,0.6056186257458948
ergo_nonadaptive,gt,2535,211.16666666666663,0.6057140120454005
ergo_nonadaptive,gt,2536,211.25,0.6057518540277007
ergo_nonadaptive,gt,2537,211.33333333333337,0.6058069182105331
ergo_nonadaptive,gt,2538,211.41666666666663,0.6059056242087097
ergo_nonadaptive,gt,2539,211.5,0.6060082192429925
ergo_nonadaptive,gt,2540,211.58333333333337,0.6060662768014689
ergo_nonadaptive,gt,2541,211.66666666666663,0.6060398104277229
ergo_nonadaptive,gt,2542,211.75,0.6059657644121347
ergo_nonadaptive,gt,2543,211.83333333333337,0.6059726483937403
ergo_nonadaptive,gt,2544,211.91666666666663,0.6060531587675742
ergo_nonadaptive,gt,2545,212.0,0.6061342231821607
ergo_nonadaptive,gt,2546,212.08333333333337,0.6061795947476984
ergo_nonadaptive,gt,2547,212.16666666666663,0.6061858995780887
ergo_nonadaptive,gt,2548,212.25,0.6061669774804839
ergo_nonadaptive,gt,2549,212.33333333333337,0.6061600892320577
ergo_nonadaptive,gt,2550,212.41666666666663,0.6061635908980568
ergo_nonadaptive,gt,2551,212.5,0.606145427329827
ergo_nonadaptive,gt,2552,212.58333333333337,0.6061201742464757
ergo_nonadaptive,gt,2553,212.66666666666663,0.60610671118381
ergo_nonadaptive,gt,2554,212.75,0.6060893639580864
ergo_nonadaptive,gt,2555,212.83333333333337,0.6060637299962156
ergo_nonadaptive,gt,2556,212.91666666666663,0.6060247134027672
ergo_nonadaptive,gt,2557,213.0,0.6059577354102765
ergo_nonadaptive,gt,2558,213.08333333333337,0.6058921149785456
ergo_nonadaptive,gt,2559,213.16666666666663,0.6058512886000665
ergo_nonadaptive,gt,2560,213.25,0.6058117245150094
ergo_nonadaptive,gt,2561,213.33333333333337,0.6057630015468839
ergo_nonadaptive,gt,2562,213.41666666666663,0.605710583579776
ergo_nonadaptive,gt,2563,213.5,0.6056512473262514
ergo_nonadaptive,gt,2564,213.58333333333337,0.6056005734450739
ergo_nonadaptive,gt,2565,213.66666666666663,0.6055653169077193
ergo_nonadaptive,gt,2566,213.75,0.6055172364048982
ergo_nonadaptive,gt,2567,213.83333333333337,0.6054623290800951
ergo_nonadaptive,gt,2568,213.91666666666663,0.6054419562759039
ergo_nonadaptive,gt,2569,214.0,0.605454193157727
ergo_nonadaptive,gt,2570,214.08333333333337,0.6054778649454864
ergo_nonadaptive,gt,2571,214.16666666666663,0.605484197717084
ergo_nonadaptive,gt,2572,214.25,0.6054197438856053
ergo_nonadaptive,gt,2573,214.33333333333337,0.6053301211918483
ergo_nonadaptive,gt,2574,214.41666666666663,0.6053719747494308
ergo_nonadaptive,gt,2575,214.5,0.605503255587049
ergo_nonadaptive,gt,2576,214.58333333333337,0.6056404984304864
ergo_nonadaptive,gt,2577,214.66666666666663,0.6057367613630338
ergo_nonadaptive,gt,2578,214.75,0.6057894706440126
ergo_nonadaptive,gt,2579,214.83333333333337,0.6058419376711272
ergo_nonadaptive,gt,2580,214.91666666666663,0.6059373418052398
ergo_nonadaptive,gt,2581,215.0,0.606036799981402
ergo_nonadaptive,gt,2582,215.08333333333337,0.6060733157663849
ergo_nonadaptive,gt,2583,215.16666666666663,0.6061299540258078
ergo_nonadaptive,gt,2584,215.25,0.6062920706173076
ergo_nonadaptive,gt,2585,215.33333333333337,0.6065091811852451
ergo_nonadaptive,gt,2586,215.41666666666663,0.606705397275007
ergo_nonadaptive,gt,2587,215.5,0.6068334845656126
ergo_nonadaptive,gt,2588,215.58333333333337,0.6068916865665094
ergo_nonadaptive,gt,2589,215.66666666666663,0.6069681584125667
ergo_nonadaptive,gt,2590,215.75,0.6071171568719592
ergo_nonadaptive,gt,2591,215.83333333333337,0.6072844517896447
ergo_nonadaptive,gt,2592,215.91666666666663,0.6074289603266871
ergo_nonadaptive,gt,2593,216.0,0.6075691159022782
ergo_nonadaptive,gt,2594,216.08333333333337,0.6077057763879539
ergo_nonadaptive,gt,2595,216.16666666666663,0.6078352649274146
ergo_nonadaptive,gt,2596,216.25,0.607962818336812
ergo_nonadaptive,gt,2597,216.33333333333337,0.6080648620673565
ergo_nonadaptive,gt,2598,216.41666666666663,0.6081469598089514
ergo_nonadaptive,gt,2599,216.5,0.6082603872148333
ergo_nonadaptive,gt,2600,216.58333333333337,0.6084000807966978
ergo_nonadaptive,gt,2601,216.66666666666663,0.6085375186151029
ergo_nonadaptive,gt,2602,216.75,0.6086584242109917
ergo_nonadaptive,gt,2603,216.83333333333337,0.6087175399751403
ergo_nonadaptive,gt,2604,216.91666666666663,0.6086889107340022
ergo_nonadaptive,gt,2605,217.0,0.6087339977854456
ergo_nonadaptive,gt,2606,217.08333333333337,0.6088911094608385
ergo_nonadaptive,gt,2607,217.16666666666663,0.6090663130043072
ergo_nonadaptive,gt,2608,217.25,0.6091749417537218
ergo_nonadaptive,gt,2609,217.33333333333337,0.6092526394895944
ergo_nonadaptive,gt,2610,217.41666666666663,0.6093786000703605
ergo_nonadaptive,gt,2611,217.5,0.6095363625433614
ergo_nonadaptive,gt,2612,217.58333333333337,0.609663171251915
ergo_nonadaptive,gt,2613,217.66666666666663,0.609743750498791
ergo_nonadaptive,gt,2614,217.75,0.6098182005975387
ergo_nonadaptive,gt,2615,217.83333333333337,0.6099078038251818
ergo_nonadaptive,gt,2616,217.91666666666663,0.6099858962139522
ergo_nonadaptive,gt,2617,218.0,0.6100252169775082
ergo_nonadaptive,gt,2618,218.08333333333337,0.6100469416366522
ergo_nonadaptive,gt,2619,218.16666666666663,0.6100864219148546
ergo_nonadaptive,gt,2620,218.25,0.6101330313069133
ergo_nonadaptive,gt,2621,218.33333333333337,0.610141694168347
ergo_nonadaptive,gt,2622,218.41666666666663,0.6101109581527066
ergo_nonadaptive,gt,2623,218.5,0.6101122955711986
ergo_nonadaptive,gt,2624,218.58333333333337,0.6101541340799859
ergo_nonadaptive,gt,2625,218.66666666666663,0.6101786198984396
ergo_nonadaptive,gt,2626,218.75,0.6101706417463042
ergo_nonadaptive,gt,2627,218.83333333333337,0.6101856669955528
ergo_nonadaptive,gt,2628,218.91666666666663,0.610237086378805
ergo_nonadaptive,gt,2629,219.0,0.6102927012815822
ergo_nonadaptive,gt,2630,219.08333333333337,0.6102785504588973
ergo_nonadaptive,gt,2631,219.16666666666663,0.6101412726843436
ergo_nonadaptive,gt,2632,219.25,0.6099388875873535
ergo_nonadaptive,gt,2633,219.33333333333337,0.6097478362675384
ergo_nonadaptive,gt,2634,219.41666666666663,0.6096376281309228
ergo_nonadaptive,gt,2635,219.5,0.6095784663258451
ergo_nonadaptive,gt,2636,219.58333333333337,0.6095055963205691
ergo_nonadaptive,gt,2637,219.66666666666663,0.6094120360323536
ergo_nonadaptive,gt,2638,219.75,0.609349344521088
ergo_nonadaptive,gt,2639,219.83333333333337,0.6093254178178255
ergo_nonadaptive,gt,2640,219.91666666666663,0.6093002892662231
ergo_nonadaptive,gt,2641,220.0,0.609250660108755
ergo_nonadaptive,gt,2642,220.08333333333337,0.6092013076909023
ergo_nonadaptive,gt,2643,220.16666666666663,0.6091764938040095
ergo_nonadaptive,gt,2644,220.25,0.6091596052005896
ergo_nonadaptive,gt,2645,220.33333333333337,0.6091176366655469
ergo_nonadaptive,gt,2646,220.41666666666663,0.6090527704556828
ergo_nonadaptive,gt,2647,220.5,0.6090042750509754
ergo_nonadaptive,gt,2648,220.58333333333337,0.6089796198837316
ergo_nonadaptive,gt,2649,220.66666666666663,0.6089309777280258
ergo_nonadaptive,gt,2650,220.75,0.608818692420354
ergo_nonadaptive,gt,2651,220.83333333333337,0.6087248728117888
ergo_nonadaptive,gt,2652,220.91666666666663,0.6086984798296802
ergo_nonadaptive,gt,2653,221.0,0.6086759352375987
ergo_nonadaptive,gt,2654,221.08333333333337,0.6085827722956954
ergo_nonadaptive,gt,2655,221.16666666666663,0.6084756919934061
ergo_nonadaptive,gt,2656,221.25,0.6084301844755468
ergo_nonadaptive,gt,2657,221.33333333333337,0.6084105170304068
ergo_nonadaptive,gt,2658,221.41666666666663,0.608361937605868
ergo_nonadaptive,gt,2659,221.5,0.6082780368765303
ergo_nonadaptive,gt,2660,221.58333333333337,0.6081890196188119
ergo_nonadaptive,gt,2661,221.66666666666663,0.6081110927624644
ergo_nonadaptive,gt,2662,221.75,0.6080278272070261
ergo_nonadaptive,gt,2663,221.83333333333337,0.6079059610016807
ergo_nonadaptive,gt,2664,221.91666666666663,0.6077486672145187
ergo_nonadaptive,gt,2665,222.0,0.6076238425263248
ergo_nonadaptive,gt,2666,222.08333333333337,0.6075411556667855
ergo_nonadaptive,gt,2667,222.16666666666663,0.6074396606698265
ergo_nonadaptive,gt,2668,222.25,0.6072879848191692
ergo_nonadaptive,gt,2669,222.33333333333337,0.6071755197834582
ergo_nonadaptive,gt,2670,222.41666666666663,0.6071278452126124
ergo_nonadaptive,gt,2671,222.5,0.6070974673571408
ergo_nonadaptive,gt,2672,222.58333333333337,0.6070464531747303
ergo_nonadaptive,gt,2673,222.66666666666663,0.6069795590567074
ergo_nonadaptive,gt,2674,222.75,0.6069234953789502
ergo_nonadaptive,gt,2675,222.83333333333337,0.6068927840540403
ergo_nonadaptive,gt,2676,222.91666666666663,0.6068626721456686
ergo_nonadaptive,gt,2677,223.0,0.6067794756999242
ergo_nonadaptive,gt,2678,223.08333333333337,0.6066828057245965
ergo_nonadaptive,gt,2679,223.16666666666663,0.606689188013111
ergo_nonadaptive,gt,2680,223.25,0.6067611385488241
ergo_nonadaptive,gt,2681,223.33333333333337,0.6068228416312128
ergo_nonadaptive,gt,2682,223.41666666666663,0.6068643235667442
ergo_nonadaptive,gt,2683,223.5,0.6069292568483233
ergo_nonadaptive,gt,2684,223.58333333333337,0.6070307766548521
ergo_nonadaptive,gt,2685,223.66666666666663,0.6071455723622988
ergo_nonadaptive,gt,2686,223.75,0.6072312397463557
ergo_nonadaptive,gt,2687,223.83333333333337,0.6072601156436056
ergo_nonadaptive,gt,2688,223.91666666666663,0.6073158012118484
ergo_nonadaptive,gt,2689,224.0,0.607464220115215
ergo_nonadaptive,gt,2690,224.08333333333337,0.6076468259092229
ergo_nonadaptive,gt,2691,224.16666666666663,0.6078030044793427
ergo_nonadaptive,gt,2692,224.25,0.6079542456609643
ergo_nonadaptive,gt,2693,224.33333333333337,0.6081294793012495
ergo_nonadaptive,gt,2694,224.41666666666663,0.6083225568162209
ergo_nonadaptive,gt,2695,224.5,0.6085077739747671
ergo_nonadaptive,gt,2696,224.58333333333337,0.6086284061075229
ergo_nonadaptive,gt,2697,224.66666666666663,0.6086524856619708
ergo_nonadaptive,gt,2698,224.75,0.6087756575160197
ergo_nonadaptive,gt,2699,224.83333333333337,0.6090091371660943
ergo_nonadaptive,gt,2700,224.91666666666663,0.6092653245262244
ergo_nonadaptive,gt,2701,225.0,0.6094783598754538
ergo_nonadaptive,gt,2702,225.08333333333337,0.6096013168474661
ergo_nonadaptive,gt,2703,225.16666666666663,0.6096056801111736
ergo_nonadaptive,gt,2704,225.25,0.6096900948444585
ergo_nonadaptive,gt,2705,225.33333333333337,0.6098928789839856
ergo_nonadaptive,gt,2706,225.41666666666663,0.6101279270750696
ergo_nonadaptive,gt,2707,225.5,0.6103280474169305
ergo_nonadaptive,gt,2708,225.58333333333337,0.6104637048474931
ergo_nonadaptive,gt,2709,225.66666666666663,0.610537977712628
ergo_nonadaptive,gt,2710,225.75,0.610632353748652
ergo_nonadaptive,gt,2711,225.83333333333337,0.6107803549928036
ergo_nonadaptive,gt,2712,225.91666666666663,0.6109277149845045
ergo_nonadaptive,gt,2713,226.0,0.6110485223755725
ergo_nonadaptive,gt,2714,226.08333333333337,0.6111661227913184
ergo_nonadaptive,gt,2715,226.16666666666663,0.6112840006736582
ergo_nonadaptive,gt,2716,226.25,0.6113986380577842
ergo_nonadaptive,gt,2717,226.33333333333337,0.6114999911838507
ergo_nonadaptive,gt,2718,226.41666666666663,0.6115558261468002
ergo_nonadaptive,gt,2719,226.5,0.6115913424552055
ergo_nonadaptive,gt,2720,226.58333333333337,0.6116705079756602
ergo_nonadaptive,gt,2721,226.66666666666663,0.6117753778276513
ergo_nonadaptive,gt,2722,226.75,0.6118661327482845
ergo_nonadaptive,gt,2723,226.83333333333337,0.611929894897252
ergo_nonadaptive,gt,2724,226.91666666666663,0.6119608154917695
ergo_nonadaptive,gt,2725,227.0,0.6119806345998275
ergo_nonadaptive,gt,2726,227.08333333333337,0.6120144780919058
ergo_nonadaptive,gt,2727,227.16666666666663,0.6120276952906435
ergo_nonadaptive,gt,2728,227.25,0.6119930151033165
ergo_nonadaptive,gt,2729,227.33333333333337,0.61197230529628
ergo_nonadaptive,gt,2730,227.41666666666663,0.6119981593256385
ergo_nonadaptive,gt,2731,227.5,0.6120377880719441
ergo_nonadaptive,gt,2732,227.58333333333337,0.6120471092427933
ergo_nonadaptive,gt,2733,227.66666666666663,0.6119970951408465
ergo_nonadaptive,gt,2734,227.75,0.6119093591464956
ergo_nonadaptive,gt,2735,227.83333333333337,0.6118514824927672
ergo_nonadaptive,gt,2736,227.91666666666663,0.6118155826015563
ergo_nonadaptive,gt,2737,228.0,0.6117247776658365
ergo_nonadaptive,gt,2738,228.08333333333337,0.6115683241539049
ergo_nonadaptive,gt,2739,228.16666666666663,0.611486709283729
ergo_nonadaptive,gt,2740,228.25,0.6114787304246078
ergo_nonadaptive,gt,2741,228.33333333333337,0.6114633390768119
ergo_nonadaptive,gt,2742,228.41666666666663,0.6113963160579144
ergo_nonadaptive,gt,2743,228.5,0.6113181085570338
ergo_nonadaptive,gt,2744,228.58333333333337,0.6112685363457958
ergo_nonadaptive,gt,2745,228.66666666666663,0.6112276438338191
ergo_nonadaptive,gt,2746,228.75,0.6111570923628232
ergo_nonadaptive,gt,2747,228.83333333333337,0.6110577246657244
ergo_nonadaptive,gt,2748,228.91666666666663,0.6109625440075652
ergo_nonadaptive,gt,2749,229.0,0.6108795351291112
ergo_nonadaptive,gt,2750,229.08333333333337,0.6107778283419513
ergo_nonadaptive,gt,2751,229.16666666666663,0.610635865484198
ergo_nonadaptive,gt,2752,229.25,0.6104847604676439
ergo_nonadaptive,gt,2753,229.33333333333337,0.6103595867901477
ergo_nonadaptive,gt,2754,229.41666666666663,0.6102323985696252
ergo_nonadaptive,gt,2755,229.5,0.6100406028804959
ergo_nonadaptive,gt,2756,229.58333333333337,0.6098007504729225
ergo_nonadaptive,gt,2757,229.66666666666663,0.6096242395397511
ergo_nonadaptive,gt,2758,229.75,0.6094863875682116
ergo_nonadaptive,gt,2759,229.83333333333337,0.6093221667207664
ergo_nonadaptive,gt,2760,229.91666666666663,0.6091291274697137
ergo_nonadaptive,gt,2761,230.0,0.608924346371761
ergo_nonadaptive,gt,2762,230.08333333333337,0.6087230178067822
ergo_nonadaptive,gt,2763,230.16666666666663,0.608553825676805
ergo_nonadaptive,gt,2764,230.25,0.6084203770057348
ergo_nonadaptive,gt,2765,230.33333333333337,0.608292105146779
ergo_nonadaptive,gt,2766,230.41666666666663,0.6081472946522514
ergo_nonadaptive,gt,2767,230.5,0.6080017689368017
ergo_nonadaptive,gt,2768,230.58333333333337,0.6078739856578428
ergo_nonadaptive,gt,2769,230.66666666666663,0.6077485887585122
ergo_nonadaptive,gt,2770,230.75,0.6075993018845293
ergo_nonadaptive,gt,2771,230.83333333333337,0.6074365821327953
ergo_nonadaptive,gt,2772,230.91666666666663,0.6072971467506437
ergo_nonadaptive,gt,2773,231.0,0.6071793810246371
ergo_nonadaptive,gt,2774,231.08333333333337,0.6070409188824287
ergo_nonadaptive,gt,2775,231.16666666666663,0.6068660903386623
ergo_nonadaptive,gt,2776,231.25,0.6067212329098833
ergo_nonadaptive,gt,2777,231.33333333333337,0.6066276295009811
ergo_nonadaptive,gt,2778,231.41666666666663,0.6065264755039167
ergo_nonadaptive,gt,2779,231.5,0.6063468020571576
ergo_nonadaptive,gt,2780,231.58333333333337,0.6061900289022506
ergo_nonadaptive,gt,2781,231.66666666666663,0.6061137727866693
ergo_nonadaptive,gt,2782,231.75,0.6060562750943579
ergo_nonadaptive,gt,2783,231.83333333333337,0.6059535123674358
ergo_nonadaptive,gt,2784,231.91666666666663,0.6058286422334941
ergo_nonadaptive,gt,2785,232.0,0.6057364735634377
ergo_nonadaptive,gt,2786,232.08333333333337,0.605668986087288
ergo_nonadaptive,gt,2787,232.16666666666663,0.6055912136185341
ergo_nonadaptive,gt,2788,232.25,0.6054835373962109
ergo_nonadaptive,gt,2789,232.33333333333337,0.6053453863018775
ergo_nonadaptive,gt,2790,232.41666666666663,0.6052041515752967
ergo_nonadaptive,gt,2791,232.5,0.6051017598035098
ergo_nonadaptive,gt,2792,232.58333333333337,0.6050396141888954
ergo_nonadaptive,gt,2793,232.66666666666663,0.6049915190391275
ergo_nonadaptive,gt,2794,232.75,0.6049262435095298
ergo_nonadaptive,gt,2795,232.83333333333337,0.6048364836139908
ergo_nonadaptive,gt,2796,232.91666666666663,0.6047574682228821
ergo_nonadaptive,gt,2797,233.0,0.6047130985044699
ergo_nonadaptive,gt,2798,233.08333333333337,0.6046741238756647
ergo_nonadaptive,gt,2799,233.16666666666663,0.6046071172782863
ergo_nonadaptive,gt,2800,233.25,0.6045449197048984
ergo_nonadaptive,gt,2801,233.33333333333337,0.6045295819742768
ergo_nonadaptive,gt,2802,233.41666666666663,0.6045363391599655
ergo_nonadaptive,gt,2803,233.5,0.6045188461673775
ergo_nonadaptive,gt,2804,233.58333333333337,0.6044895994983693
ergo_nonadaptive,gt,2805,233.66666666666663,0.6044970729952979
ergo_nonadaptive,gt,2806,233.75,0.6045370128014792
ergo_nonadaptive,gt,2807,233.83333333333337,0.6045672964899571
ergo_nonadaptive,gt,2808,233.91666666666663,0.604577956065061
ergo_nonadaptive,gt,2809,234.0,0.6046046121550825
ergo_nonadaptive,gt,2810,234.08333333333337,0.6046633437554719
ergo_nonadaptive,gt,2811,234.16666666666663,0.6047261337540826
ergo_nonadaptive,gt,2812,234.25,0.6047663480834026
ergo_nonadaptive,gt,2813,234.33333333333337,0.6048030758574885
ergo_nonadaptive,gt,2814,234.41666666666663,0.6048702054873264
ergo_nonadaptive,gt,2815,234.5,0.6049556749168897
ergo_nonadaptive,gt,2816,234.58333333333337,0.6050122023577921
ergo_nonadaptive,gt,2817,234.66666666666663,0.6050367001531671
ergo_nonadaptive,gt,2818,234.75,0.6050991521844508
ergo_nonadaptive,gt,2819,234.83333333333337,0.6052126327440441
ergo_nonadaptive,gt,2820,234.91666666666663,0.6053023361871309
ergo_nonadaptive,gt,2821,235.0,0.605300730666219
ergo_nonadaptive,gt,2822,235.08333333333337,0.6053459172959954
ergo_nonadaptive,gt,2823,235.16666666666663,0.6054939725749378
ergo_nonadaptive,gt,2824,235.25,0.6056539962769164
ergo_nonadaptive,gt,2825,235.33333333333337,0.6057297278435172
ergo_nonadaptive,gt,2826,235.41666666666663,0.6057868495768024
ergo_nonadaptive,gt,2827,235.5,0.6059242039917536
ergo_nonadaptive,gt,2828,235.58333333333337,0.6060994369793327
ergo_nonadaptive,gt,2829,235.66666666666663,0.606236754661277
ergo_nonadaptive,gt,2830,235.75,0.6063325881294996
ergo_nonadaptive,gt,2831,235.83333333333337,0.6064455094818944
ergo_nonadaptive,gt,2832,235.91666666666663,0.6065890205722891
ergo_nonadaptive,gt,2833,236.0,0.6067244344051834
ergo_nonadaptive,gt,2834,236.08333333333337,0.6068242138205839
ergo_nonadaptive,gt,2835,236.16666666666663,0.6069119123337404
ergo_nonadaptive,gt,2836,236.25,0.6070222296340538
ergo_nonadaptive,gt,2837,236.33333333333337,0.6071424803628365
ergo_nonadaptive,gt,2838,236.41666666666663,0.6072255389527345
ergo_nonadaptive,gt,2839,236.5,0.6072684517272348
ergo_nonadaptive,gt,2840,236.58333333333337,0.6073418113466378
ergo_nonadaptive,gt,2841,236.66666666666663,0.6074622679227488
ergo_nonadaptive,gt,2842,236.75,0.6075528490556352
ergo_nonadaptive,gt,2843,236.83333333333337,0.6075311473284916
ergo_nonadaptive,gt,2844,236.91666666666663,0.6075607320866659
ergo_nonadaptive,gt,2845,237.0,0.6077066495849158
ergo_nonadaptive,gt,2846,237.08333333333337,0.607878082975442
ergo_nonadaptive,gt,2847,237.16666666666663,0.6079981847730134
ergo_nonadaptive,gt,2848,237.25,0.6080877525638713
ergo_nonadaptive,gt,2849,237.33333333333337,0.6081885829790115
ergo_nonadaptive,gt,2850,237.41666666666663,0.6082986482633599
ergo_nonadaptive,gt,2851,237.5,0.6083848178402517
ergo_nonadaptive,gt,2852,237.58333333333337,0.6083921432992191
ergo_nonadaptive,gt,2853,237.66666666666663,0.6083162870505386
ergo_nonadaptive,gt,2854,237.75,0.608340272894617
ergo_nonadaptive,gt,2855,237.83333333333337,0.6084712008472157
ergo_nonadaptive,gt,2856,237.91666666666663,0.6086196620727117
ergo_nonadaptive,gt,2857,238.0,0.6087255081181133
ergo_nonadaptive,gt,2858,238.08333333333337,0.6087738450682406
ergo_nonadaptive,gt,2859,238.16666666666663,0.6087824444661932
ergo_nonadaptive,gt,2860,238.25,0.6088082534671345
ergo_nonadaptive,gt,2861,238.33333333333337,0.6088613800285233
ergo_nonadaptive,gt,2862,238.41666666666663,0.6088960733607509
ergo_nonadaptive,gt,2863,238.5,0.6089123360867998
ergo_nonadaptive,gt,2864,238.58333333333337,0.608945019823428
ergo_nonadaptive,gt,2865,238.66666666666663,0.6089876694489706
ergo_nonadaptive,gt,2866,238.75,0.609022507713992
ergo_nonadaptive,gt,2867,238.83333333333337,0.609024789050655
ergo_nonadaptive,gt,2868,238.91666666666663,0.6089559874441305
ergo_nonadaptive,gt,2869,239.0,0.6088760654674068
ergo_nonadaptive,gt,2870,239.08333333333337,0.608878695772759
ergo_nonadaptive,gt,2871,239.16666666666663,0.6089314253823588
ergo_nonadaptive,gt,2872,239.25,0.6089746807862014
ergo_nonadaptive,gt,2873,239.33333333333337,0.6089652686513093
ergo_nonadaptive,gt,2874,239.41666666666663,0.6088596109950323
ergo_nonadaptive,gt,2875,239.5,0.6087371444175876
ergo_nonadaptive,gt,2876,239.58333333333337,0.6087337385560868
ergo_nonadaptive,gt,2877,239.66666666666663,0.6088024736018166
ergo_nonadaptive,gt,2878,239.75,0.6088719037743285
ergo_nonadaptive,gt,2879,239.83333333333337,0.6088962953367422
ergo_nonadaptive,gt,2880,239.91666666666663,0.6088336399901377
ergo_nonadaptive,gt,2881,240.0,0.6087352926430347
ergo_nonadaptive,gt,2882,240.08333333333337,0.6087613500557737
ergo_nonadaptive,gt,2883,240.16666666666663,0.6088722840119734
ergo_nonadaptive,gt,2884,240.25,0.6089941417061027
ergo_nonadaptive,gt,2885,240.33333333333337,0.609080401949329
ergo_nonadaptive,gt,2886,240.41666666666663,0.6090921736113305
ergo_nonadaptive,gt,2887,240.5,0.6090553758346196
ergo_nonadaptive,gt,2888,240.58333333333337,0.6091237226691719
ergo_nonadaptive,gt,2889,240.66666666666663,0.6092818442466396
ergo_nonadaptive,gt,2890,240.75,0.6094568370132186
ergo_nonadaptive,gt,2891,240.83333333333337,0.6095977350366498
ergo_nonadaptive,gt,2892,240.91666666666663,0.6096590594550413
ergo_nonadaptive,gt,2893,241.0,0.6096443798214388
ergo_nonadaptive,gt,2894,241.08333333333337,0.6097396625894776
ergo_nonadaptive,gt,2895,241.16666666666663,0.60994564974089
ergo_nonadaptive,gt,2896,241.25,0.610175206101904
ergo_nonadaptive,gt,2897,241.33333333333337,0.6103588879462822
ergo_nonadaptive,gt,2898,241.41666666666663,0.6104441532801652
ergo_nonadaptive,gt,2899,241.5,0.6104296552860886
ergo_nonadaptive,gt,2900,241.58333333333337,0.6105168995585283
ergo_nonadaptive,gt,2901,241.66666666666663,0.6107275681717234
ergo_nonadaptive,gt,2902,241.75,0.6109671074796603
ergo_nonadaptive,gt,2903,241.83333333333337,0.611161647802771
ergo_nonadaptive,gt,2904,241.91666666666663,0.6112695997920496
ergo_nonadaptive,gt,2905,242.0,0.6112882214528359
ergo_nonadaptive,gt,2906,242.08333333333337,0.6113523277534316
ergo_nonadaptive,gt,2907,242.16666666666663,0.6115192159694467
ergo_nonadaptive,gt,2908,242.25,0.6117223502315062
ergo_nonadaptive,gt,2909,242.33333333333337,0.6118962152225816
ergo_nonadaptive,gt,2910,242.41666666666663,0.612001264803718
ergo_nonadaptive,gt,2911,242.5,0.6120379808375113
ergo_nonadaptive,gt,2912,242.58333333333337,0.6121141128184301
ergo_nonadaptive,gt,2913,242.66666666666663,0.6122617189555917
ergo_nonadaptive,gt,2914,242.75,0.6123841422018553
ergo_nonadaptive,gt,2915,242.83333333333337,0.6124134188964482
ergo_nonadaptive,gt,2916,242.91666666666663,0.6124996572729118
ergo_nonadaptive,gt,2917,243.0,0.6126853656518637
ergo_nonadaptive,gt,2918,243.08333333333337,0.6128749697489164
ergo_nonadaptive,gt,2919,243.16666666666663,0.6129854362017548
ergo_nonadaptive,gt,2920,243.25,0.6130611481326989
ergo_nonadaptive,gt,2921,243.33333333333337,0.6131780173566499
ergo_nonadaptive,gt,2922,243.41666666666663,0.6133141298395606
ergo_nonadaptive,gt,2923,243.5,0.6134099947575787
ergo_nonadaptive,gt,2924,243.58333333333337,0.6134666103417624
ergo_nonadaptive,gt,2925,243.66666666666663,0.6135414270971311
ergo_nonadaptive,gt,2926,243.75,0.6136448175314179
ergo_nonadaptive,gt,2927,243.83333333333337,0.6137359236778229
ergo_nonadaptive,gt,2928,243.91666666666663,0.6137901123652908
ergo_nonadaptive,gt,2929,244.0,0.6138333561835103
ergo_nonadaptive,gt,2930,244.08333333333337,0.6138966329221678
ergo_nonadaptive,gt,2931,244.16666666666663,0.6139636631977882
ergo_nonadaptive,gt,2932,244.25,0.6139969366223257
ergo_nonadaptive,gt,2933,244.33333333333337,0.6140038229674419
ergo_nonadaptive,gt,2934,244.41666666666663,0.6140288437944764
ergo_nonadaptive,gt,2935,244.5,0.6140746384348945
ergo_nonadaptive,gt,2936,244.58333333333337,0.6140894139467467
ergo_nonadaptive,gt,2937,244.66666666666663,0.614048174566779
ergo_nonadaptive,gt,2938,244.75,0.6140316659698654
ergo_nonadaptive,gt,2939,244.83333333333337,0.6140690617201258
ergo_nonadaptive,gt,2940,244.91666666666663,0.6140998474985947
ergo_nonadaptive,gt,2941,245.0,0.6140858512713647
ergo_nonadaptive,gt,2942,245.08333333333337,0.6140812412186085
ergo_nonadaptive,gt,2943,245.16666666666663,0.6141280045688637
ergo_nonadaptive,gt,2944,245.25,0.6141655841199223
ergo_nonadaptive,gt,2945,245.33333333333337,0.6141682689243249
ergo_nonadaptive,gt,2946,245.41666666666663,0.6140245152586998
ergo_nonadaptive,gt,2947,245.5,0.6138298572893365
ergo_nonadaptive,gt,2948,245.58333333333337,0.6136190364903368
ergo_nonadaptive,gt,2949,245.66666666666663,0.6134552523582212
ergo_nonadaptive,gt,2950,245.75,0.6133737137474239
ergo_nonadaptive,gt,2951,245.83333333333337,0.6133286128771099
ergo_nonadaptive,gt,2952,245.91666666666663,0.6132632161633973
ergo_nonadaptive,gt,2953,246.0,0.6131898929306272
ergo_nonadaptive,gt,2954,246.08333333333337,0.6131539336666018
ergo_nonadaptive,gt,2955,246.16666666666663,0.6131476771028828
ergo_nonadaptive,gt,2956,246.25,0.6131298721583212
ergo_nonadaptive,gt,2957,246.33333333333337,0.6130901365412391
ergo_nonadaptive,gt,2958,246.41666666666663,0.6130594669261624
ergo_nonadaptive,gt,2959,246.5,0.613053302411136
ergo_nonadaptive,gt,2960,246.58333333333337,0.6130458892177169
ergo_nonadaptive,gt,2961,246.66666666666663,0.6130081337791317
ergo_nonadaptive,gt,2962,246.75,0.6129564268339246
ergo_nonadaptive,gt,2963,246.83333333333337,0.6129306149016452
ergo_nonadaptive,gt,2964,246.91666666666663,0.6129210005380381
ergo_nonadaptive,gt,2965,247.0,0.6128699264102397
ergo_nonadaptive,gt,2966,247.08333333333337,0.6127628664474364
ergo_nonadaptive,gt,2967,247.16666666666663,0.612703879788946
ergo_nonadaptive,gt,2968,247.25,0.6127044580437141
ergo_nonadaptive,gt,2969,247.33333333333337,0.6126841958073636
ergo_nonadaptive,gt,2970,247.41666666666663,0.6125897838042524
ergo_nonadaptive,gt,2971,247.5,0.6125137035267345
ergo_nonadaptive,gt,2972,247.58333333333337,0.6124985117773305
ergo_nonadaptive,gt,2973,247.66666666666663,0.6124926253746606
ergo_nonadaptive,gt,2974,247.75,0.6124492661359865
ergo_nonadaptive,gt,2975,247.83333333333337,0.6123767065149546
ergo_nonadaptive,gt,2976,247.91666666666663,0.6123060095121557
ergo_nonadaptive,gt,2977,248.0,0.6122446475324256
ergo_nonadaptive,gt,2978,248.08333333333337,0.6121679092841336
ergo_nonadaptive,gt,2979,248.16666666666663,0.6120445575936321
ergo_nonadaptive,gt,2980,248.25,0.61190062804215
ergo_nonadaptive,gt,2981,248.33333333333337,0.6118026149738129
ergo_nonadaptive,gt,2982,248.41666666666663,0.6117343632057648
ergo_nonadaptive,gt,2983,248.5,0.6116277415818951
ergo_nonadaptive,gt,2984,248.58333333333337,0.6114856981885115
ergo_nonadaptive,gt,2985,248.66666666666663,0.6114020210848913
ergo_nonadaptive,gt,2986,248.75,0.6113728234460967
ergo_nonadaptive,gt,2987,248.83333333333337,0.6113459045924284
ergo_nonadaptive,gt,2988,248.91666666666663,0.6112939318228123
ergo_nonadaptive,gt,2989,249.0,0.6112305975019258
ergo_nonadaptive,gt,2990,249.08333333333337,0.6111836667176537
ergo_nonadaptive,gt,2991,249.16666666666663,0.611159886199129
ergo_nonadaptive,gt,2992,249.25,0.6111227798736469
ergo_nonadaptive,gt,2993,249.33333333333337,0.6110191187414329
ergo_nonadaptive,gt,2994,249.41666666666663,0.6109464002688936
ergo_nonadaptive,gt,2995,249.5,0.6109814161572352
ergo_nonadaptive,gt,2996,249.58333333333337,0.6110611157479188
ergo_nonadaptive,gt,2997,249.66666666666663,0.611119472815557
ergo_nonadaptive,gt,2998,249.75,0.6111659296112446
ergo_nonadaptive,gt,2999,249.83333333333337,0.6112382689515252
ergo_nonadaptive,gt,3000,249.91666666666663,0.6113410977291196
ergo_nonadaptive,gt,3001,250.0,0.6114477948657013
ergo_nonadaptive,gt,3002,250.08333333333337,0.6115108883865847
ergo_nonadaptive,gt,3003,250.16666666666663,0.6115179085067975
ergo_nonadaptive,gt,3004,250.25,0.6115923691707444
ergo_nonadaptive,gt,3005,250.33333333333337,0.6117616670600721
ergo_nonadaptive,gt,3006,250.41666666666663,0.6119487554126761
ergo_nonadaptive,gt,3007,250.5,0.6121093989546381
ergo_nonadaptive,gt,3008,250.58333333333337,0.6122639096799414
ergo_nonadaptive,gt,3009,250.66666666666663,0.612427994613687
ergo_nonadaptive,gt,3010,250.75,0.6126033017219694
ergo_nonadaptive,gt,3011,250.83333333333337,0.6127677869603511
ergo_nonadaptive,gt,3012,250.91666666666663,0.6128630446311645
ergo_nonadaptive,gt,3013,251.0,0.6129221613544334
ergo_nonadaptive,gt,3014,251.08333333333337,0.613077924856074
ergo_nonadaptive,gt,3015,251.16666666666663,0.6133028376095556
ergo_nonadaptive,gt,3016,251.25,0.6135244216366523
ergo_nonadaptive,gt,3017,251.33333333333337,0.6136944633629198
ergo_nonadaptive,gt,3018,251.41666666666663,0.6137739523154446
ergo_nonadaptive,gt,3019,251.5,0.613811761622391
ergo_nonadaptive,gt,3020,251.58333333333337,0.613939033363383
ergo_nonadaptive,gt,3021,251.66666666666663,0.6141286113154769
ergo_nonadaptive,gt,3022,251.75,0.6143089893965245
ergo_nonadaptive,gt,3023,251.83333333333337,0.6144541736280756
ergo_nonadaptive,gt,3024,251.91666666666663,0.6145643445435199
ergo_nonadaptive,gt,3025,252.0,0.6146591020424272
ergo_nonadaptive,gt,3026,252.08333333333337,0.6147709493287319
ergo_nonadaptive,gt,3027,252.16666666666663,0.6148767187660079
ergo_nonadaptive,gt,3028,252.25,0.6149393904687599
ergo_nonadaptive,gt,3029,252.33333333333337,0.6150070842846516
ergo_nonadaptive,gt,3030,252.41666666666663,0.6151189362378126
ergo_nonadaptive,gt,3031,252.5,0.615247061666267
ergo_nonadaptive,gt,3032,252.58333333333337,0.6153553913852567
ergo_nonadaptive,gt,3033,252.66666666666663,0.6154049489088703
ergo_nonadaptive,gt,3034,252.75,0.6153729895440597
ergo_nonadaptive,gt,3035,252.83333333333337,0.615374508540197
ergo_nonadaptive,gt,3036,252.91666666666663,0.6154588633954978
ergo_nonadaptive,gt,3037,253.0,0.6155658590010458
ergo_nonadaptive,gt,3038,253.08333333333337,0.6156412224458312
ergo_nonadaptive,gt,3039,253.16666666666663,0.6156578966366674
ergo_nonadaptive,gt,3040,253.25,0.615617070372095
ergo_nonadaptive,gt,3041,253.33333333333337,0.6155895635333546
ergo_nonadaptive,gt,3042,253.41666666666663,0.6156038431452849
ergo_nonadaptive,gt,3043,253.5,0.6156079124231244
ergo_nonadaptive,gt,3044,253.58333333333337,0.6155745071714533
ergo_nonadaptive,gt,3045,253.66666666666663,0.6155404851123717
ergo_nonadaptive,gt,3046,253.75,0.6155253186101708
ergo_nonadaptive,gt,3047,253.83333333333337,0.6155123431815923
ergo_nonadaptive,gt,3048,253.91666666666663,0.6154693220058663
ergo_nonadaptive,gt,3049,254.0,0.6153756560451346
ergo_nonadaptive,gt,3050,254.08333333333337,0.6152704842371629
ergo_nonadaptive,gt,3051,254.16666666666663,0.6152051415302221
ergo_nonadaptive,gt,3052,254.25,0.6151495378160298
ergo_nonadaptive,gt,3053,254.33333333333337,0.6150260253927851
ergo_nonadaptive,gt,3054,254.41666666666663,0.6148673077069671
ergo_nonadaptive,gt,3055,254.5,0.6147980520914378
ergo_nonadaptive,gt,3056,254.58333333333337,0.6147745866363528
ergo_nonadaptive,gt,3057,254.66666666666663,0.6147002286633476
ergo_nonadaptive,gt,3058,254.75,0.6145460478062907
ergo_nonadaptive,gt,3059,254.83333333333337,0.6144536563063474
ergo_nonadaptive,gt,3060,254.91666666666663,0.6144289906334641
ergo_nonadaptive,gt,3061,255.0,0.614381120573311
ergo_nonadaptive,gt,3062,255.08333333333337,0.614226759646112
ergo_nonadaptive,gt,3063,255.16666666666663,0.6140960745242917
ergo_nonadaptive,gt,3064,255.25,0.6140542680838456
ergo_nonadaptive,gt,3065,255.33333333333337,0.6140211259487167
ergo_nonadaptive,gt,3066,255.41666666666663,0.6139070303392563
ergo_nonadaptive,gt,3067,255.5,0.6137600981305573
ergo_nonadaptive,gt,3068,255.58333333333337,0.6136805363086866
ergo_nonadaptive,gt,3069,255.66666666666663,0.6136356370483749
ergo_nonadaptive,gt,3070,255.75,0.613559842566231
ergo_nonadaptive,gt,3071,255.83333333333337,0.6134470439131449
ergo_nonadaptive,gt,3072,255.91666666666663,0.6133367053743726
ergo_nonadaptive,gt,3073,256.0,0.6132406389974256
ergo_nonadaptive,gt,3074,256.08333333333337,0.6131371088566601
ergo_nonadaptive,gt,3075,256.16666666666663,0.612999974575186
ergo_nonadaptive,gt,3076,256.25,0.6128608013669689
ergo_nonadaptive,gt,3077,256.33333333333337,0.6127754847612319
ergo_nonadaptive,gt,3078,256.41666666666663,0.6127210811187898
ergo_nonadaptive,gt,3079,256.5,0.6126371759546994
ergo_nonadaptive,gt,3080,256.58333333333337,0.6125396115541142
ergo_nonadaptive,gt,3081,256.66666666666663,0.6125023519175539
ergo_nonadaptive,gt,3082,256.75,0.6125104285461648
ergo_nonadaptive,gt,3083,256.83333333333337,0.6124903506477676
ergo_nonadaptive,gt,3084,256.91666666666663,0.6124264044762864
ergo_nonadaptive,gt,3085,257.0,0.6124030951212481
ergo_nonadaptive,gt,3086,257.08333333333337,0.6123441446091543
ergo_nonadaptive,gt,3087,257.16666666666663,0.6122817903174598
ergo_nonadaptive,gt,3088,257.25,0.6121307559200744
ergo_nonadaptive,gt,3089,257.33333333333337,0.6119724163672275
ergo_nonadaptive,gt,3090,257.41666666666663,0.6117815042903683
ergo_nonadaptive,gt,3091,257.5,0.6115681126533419
ergo_nonadaptive,gt,3092,257.58333333333337,0.6114211149209878
ergo_nonadaptive,gt,3093,257.66666666666663,0.6113343706419739
ergo_nonadaptive,gt,3094,257.75,0.6112323026211396
ergo_nonadaptive,gt,3095,257.83333333333337,0.6110944663501193
ergo_nonadaptive,gt,3096,257.91666666666663,0.6109960046856572
ergo_nonadaptive,gt,3097,258.0,0.610952463229378
ergo_nonadaptive,gt,3098,258.08333333333337,0.6109185124882057
ergo_nonadaptive,gt,3099,258.16666666666663,0.610854828067688
ergo_nonadaptive,gt,3100,258.25,0.6107614758432411
ergo_nonadaptive,gt,3101,258.33333333333337,0.6106722516031056
ergo_nonadaptive,gt,3102,258.41666666666663,0.6106060830967004
ergo_nonadaptive,gt,3103,258.5,0.6105262752166869
ergo_nonadaptive,gt,3104,258.58333333333337,0.6103792123877947
ergo_nonadaptive,gt,3105,258.66666666666663,0.6102352364519404
ergo_nonadaptive,gt,3106,258.75,0.6101808877836267
ergo_nonadaptive,gt,3107,258.83333333333337,0.6101577233272918
ergo_nonadaptive,gt,3108,258.91666666666663,0.6100743172074186
ergo_nonadaptive,gt,3109,259.0,0.6099548413332815
ergo_nonadaptive,gt,3110,259.08333333333337,0.609906440349676
ergo_nonadaptive,gt,3111,259.16666666666663,0.6099106942566567
ergo_nonadaptive,gt,3112,259.25,0.6098984584891273
ergo_nonadaptive,gt,3113,259.33333333333337,0.6098483193277542
ergo_nonadaptive,gt,3114,259.41666666666663,0.6098020111571313
ergo_nonadaptive,gt,3115,259.5,0.609785752734359
ergo_nonadaptive,gt,3116,259.58333333333337,0.6097774837650057
ergo_nonadaptive,gt,3117,259.66666666666663,0.6097448066445637
ergo_nonadaptive,gt,3118,259.75,0.6096954809188768
ergo_nonadaptive,gt,3119,259.83333333333337,0.6096704281413333
ergo_nonadaptive,gt,3120,259.91666666666663,0.6096756370044244
ergo_nonadaptive,gt,3121,260.0,0.6096639694838881
ergo_nonadaptive,gt,3122,260.08333333333337,0.6096072600031196
ergo_nonadaptive,gt,3123,260.16666666666663,0.6095801084926454
ergo_nonadaptive,gt,3124,260.25,0.6096289041361415
ergo_nonadaptive,gt,3125,260.33333333333337,0.6096852250653917
ergo_nonadaptive,gt,3126,260.41666666666663,0.609644371331345
ergo_nonadaptive,gt,3127,260.5,0.6096146245484179
ergo_nonadaptive,gt,3128,260.58333333333337,0.6097240385110725
ergo_nonadaptive,gt,3129,260.66666666666663,0.6098896681095126
ergo_nonadaptive,gt,3130,260.75,0.6099903298426026
ergo_nonadaptive,gt,3131,260.83333333333337,0.6100399909558147
ergo_nonadaptive,gt,3132,260.91666666666663,0.610179294601165
ergo_nonadaptive,gt,3133,261.0,0.6104026205829577
ergo_nonadaptive,gt,3134,261.08333333333337,0.6106150239155502
ergo_nonadaptive,gt,3135,261.16666666666663,0.6107717817425897
ergo_nonadaptive,gt,3136,261.25,0.6109386743834991
ergo_nonadaptive,gt,3137,261.33333333333337,0.6111622071942358
ergo_nonadaptive,gt,3138,261.41666666666663,0.6114030632637335
ergo_nonadaptive,gt,3139,261.5,0.6116012271876268
ergo_nonadaptive,gt,3140,261.58333333333337,0.6117553380328036
ergo_nonadaptive,gt,3141,261.66666666666663,0.6119049931338633
ergo_nonadaptive,gt,3142,261.75,0.6120548260341948
ergo_nonadaptive,gt,3143,261.83333333333337,0.6121710283732116
ergo_nonadaptive,gt,3144,261.91666666666663,0.6122414443309505
ergo_nonadaptive,gt,3145,262.0,0.612300668687385
ergo_nonadaptive,gt,3146,262.08333333333337,0.6123670623120103
ergo_nonadaptive,gt,3147,262.16666666666663,0.6123961533741084
ergo_nonadaptive,gt,3148,262.25,0.6123143332198677
ergo_nonadaptive,gt,3149,262.33333333333337,0.612229265565376
ergo_nonadaptive,gt,3150,262.41666666666663,0.6122728593831501
ergo_nonadaptive,gt,3151,262.5,0.6123863355743614
ergo_nonadaptive,gt,3152,262.58333333333337,0.6124918041046636
ergo_nonadaptive,gt,3153,262.66666666666663,0.6125406534496977
ergo_nonadaptive,gt,3154,262.75,0.6124931160268005
ergo_nonadaptive,gt,3155,262.83333333333337,0.6124398007513365
ergo_nonadaptive,gt,3156,262.91666666666663,0.612523423979938
ergo_nonadaptive,gt,3157,263.0,0.6126884343613921
ergo_nonadaptive,gt,3158,263.08333333333337,0.6128487507326864
ergo_nonadaptive,gt,3159,263.16666666666663,0.6129545843939044
ergo_nonadaptive,gt,3160,263.25,0.6129742529594289
ergo_nonadaptive,gt,3161,263.33333333333337,0.6129683666370463
ergo_nonadaptive,gt,3162,263.41666666666663,0.6130648254272065
ergo_nonadaptive,gt,3163,263.5,0.6132331722393637
ergo_nonadaptive,gt,3164,263.58333333333337,0.6133971609167974
ergo_nonadaptive,gt,3165,263.66666666666663,0.6135190318335623
ergo_nonadaptive,gt,3166,263.75,0.6135779840923254
ergo_nonadaptive,gt,3167,263.83333333333337,0.6136042833199798
ergo_nonadaptive,gt,3168,263.91666666666663,0.6136897841285313
ergo_nonadaptive,gt,3169,264.0,0.6138297624280565
ergo_nonadaptive,gt,3170,264.08333333333337,0.6139691944697904
ergo_nonadaptive,gt,3171,264.16666666666663,0.6140819195161735
ergo_nonadaptive,gt,3172,264.25,0.6141475965178701
ergo_nonadaptive,gt,3173,264.33333333333337,0.6141754246839503
ergo_nonadaptive,gt,3174,264.41666666666663,0.6142436191106596
ergo_nonadaptive,gt,3175,264.5,0.6143629213115683
ergo_nonadaptive,gt,3176,264.58333333333337,0.6144864691095393
ergo_nonadaptive,gt,3177,264.66666666666663,0.6145888691875354
ergo_nonadaptive,gt,3178,264.75,0.6146486308778594
ergo_nonadaptive,gt,3179,264.83333333333337,0.6146637152901689
ergo_nonadaptive,gt,3180,264.91666666666663,0.6147121206501428
ergo_nonadaptive,gt,3181,265.0,0.6148197144946169
ergo_nonadaptive,gt,3182,265.08333333333337,0.6149410649713024
ergo_nonadaptive,gt,3183,265.16666666666663,0.6150432516204065
ergo_nonadaptive,gt,3184,265.25,0.6150993531233897
ergo_nonadaptive,gt,3185,265.33333333333337,0.6150977154393829
ergo_nonadaptive,gt,3186,265.41666666666663,0.6151304449671265
ergo_nonadaptive,gt,3187,265.5,0.6152461600718118
ergo_nonadaptive,gt,3188,265.58333333333337,0.6153952684135032
ergo_nonadaptive,gt,3189,265.66666666666663,0.615528646408878
ergo_nonadaptive,gt,3190,265.75,0.6156089194535826
ergo_nonadaptive,gt,3191,265.83333333333337,0.6156127617558319
ergo_nonadaptive,gt,3192,265.91666666666663,0.6156489302502876
ergo_nonadaptive,gt,3193,266.0,0.6157815133339933
ergo_nonadaptive,gt,3194,266.08333333333337,0.6159389712206952
ergo_nonadaptive,gt,3195,266.16666666666663,0.6160463575556415
ergo_nonadaptive,gt,3196,266.25,0.6160614561814496
ergo_nonadaptive,gt,3197,266.33333333333337,0.6159678229164739
ergo_nonadaptive,gt,3198,266.41666666666663,0.6158629012864277
ergo_nonadaptive,gt,3199,266.5,0.6158260287898483
ergo_nonadaptive,gt,3200,266.58333333333337,0.6158185424888324
ergo_nonadaptive,gt,3201,266.66666666666663,0.6157931042355982
ergo_nonadaptive,gt,3202,266.75,0.6157198096213654
ergo_nonadaptive,gt,3203,266.83333333333337,0.6155701465220457
ergo_nonadaptive,gt,3204,266.91666666666663,0.6154325032596629
ergo_nonadaptive,gt,3205,267.0,0.6154128513385422
ergo_nonadaptive,gt,3206,267.08333333333337,0.6154623821445562
ergo_nonadaptive,gt,3207,267.16666666666663,0.6155099733323396
ergo_nonadaptive,gt,3208,267.25,0.6155076589275561
ergo_nonadaptive,gt,3209,267.33333333333337,0.6154175725818963
ergo_nonadaptive,gt,3210,267.41666666666663,0.6153272241413633
ergo_nonadaptive,gt,3211,267.5,0.6153641556926346
ergo_nonadaptive,gt,3212,267.58333333333337,0.6154655741058774
ergo_nonadaptive,gt,3213,267.66666666666663,0.6155412531137977
ergo_nonadaptive,gt,3214,267.75,0.615576841760187
ergo_nonadaptive,gt,3215,267.83333333333337,0.6156140824071356
ergo_nonadaptive,gt,3216,267.91666666666663,0.615671995935112
ergo_nonadaptive,gt,3217,268.0,0.6157221630993377
ergo_nonadaptive,gt,3218,268.08333333333337,0.6157324489399608
ergo_nonadaptive,gt,3219,268.16666666666663,0.6157214087319406
ergo_nonadaptive,gt,3220,268.25,0.6157286178843615
ergo_nonadaptive,gt,3221,268.33333333333337,0.6157487636845044
ergo_nonadaptive,gt,3222,268.41666666666663,0.6157415231657024
ergo_nonadaptive,gt,3223,268.5,0.6156977663867865
ergo_nonadaptive,gt,3224,268.58333333333337,0.6156604103396447
ergo_nonadaptive,gt,3225,268.66666666666663,0.6156307416227571
ergo_nonadaptive,gt,3226,268.75,0.6154813443328699
ergo_nonadaptive,gt,3227,268.83333333333337,0.6151794121209435
ergo_nonadaptive,gt,3228,268.91666666666663,0.6148093676821987
ergo_nonadaptive,gt,3229,269.0,0.6144005917301862
ergo_nonadaptive,gt,3230,269.08333333333337,0.6139708697486322
ergo_nonadaptive,gt,3231,269.16666666666663,0.6135332596788174
ergo_nonadaptive,gt,3232,269.25,0.6130930615931494
ergo_nonadaptive,gt,3233,269.33333333333337,0.6126541108071271
ergo_nonadaptive,gt,3234,269.41666666666663,0.6122185768439945
ergo_nonadaptive,gt,3235,269.5,0.6117877391959068
ergo_nonadaptive,gt,3236,269.58333333333337,0.6113622866435492
ergo_nonadaptive,gt,3237,269.66666666666663,0.6109425224795481
ergo_nonadaptive,gt,3238,269.75,0.6105285002859931
ergo_nonadaptive,gt,3239,269.83333333333337,0.6101201155218331
ergo_nonadaptive,gt,3240,269.91666666666663,0.6097171678755565
ergo_nonadaptive,gt,3241,270.0,0.6093194037294049
ergo_nonadaptive,gt,3242,270.08333333333337,0.6089265448437696
ergo_nonadaptive,gt,3243,270.16666666666663,0.6085383073982253
ergo_nonadaptive,gt,3244,270.25,0.6081544142634615
ergo_nonadaptive,gt,3245,270.33333333333337,0.6077746025357432
ergo_nonadaptive,gt,3246,270.41666666666663,0.6073986277839648
ergo_nonadaptive,gt,3247,270.5,0.6070262660481903
ergo_nonadaptive,gt,3248,270.58333333333337,0.6066573143332793
ergo_nonadaptive,gt,3249,270.66666666666663,0.6062915901272136
ergo_nonadaptive,gt,3250,270.75,0.6059289303181146
ergo_nonadaptive,gt,3251,270.83333333333337,0.6055691897708061
ergo_nonadaptive,gt,3252,270.91666666666663,0.6052122397417947
ergo_nonadaptive,gt,3253,271.0,0.6048579662525102
ergo_nonadaptive,gt,3254,271.08333333333337,0.6045062684984692
ergo_nonadaptive,gt,3255,271.16666666666663,0.6041570573422309
ergo_nonadaptive,gt,3256,271.25,0.6038102539172389
ergo_nonadaptive,gt,3257,271.33333333333337,0.6034657883554256
ergo_nonadaptive,gt,3258,271.41666666666663,0.6031235986419438
ergo_nonadaptive,gt,3259,271.5,0.6027836295942445
ergo_nonadaptive,gt,3260,271.58333333333337,0.6024458319589429
ergo_nonadaptive,gt,3261,271.66666666666663,0.6021101616177768
ergo_nonadaptive,gt,3262,271.75,0.601776578892959
ergo_nonadaptive,gt,3263,271.83333333333337,0.6014450479419622
ergo_nonadaptive,gt,3264,271.91666666666663,0.6011155362319995
ergo_nonadaptive,gt,3265,272.0,0.6007880140849836
ergo_nonadaptive,gt,3266,272.08333333333337,0.6004624542844275
ergo_nonadaptive,gt,3267,272.16666666666663,0.6001388317365213
ergo_nonadaptive,gt,3268,272.25,0.5998171231783912
ergo_nonadaptive,gt,3269,272.33333333333337,0.5994973069273173
ergo_nonadaptive,gt,3270,272.41666666666663,0.5991793626654041
ergo_nonadaptive,gt,3271,272.5,0.5988632712548698
ergo_nonadaptive,gt,3272,272.58333333333337,0.5985490145797231
ergo_nonadaptive,gt,3273,272.66666666666663,0.598236575410146
ergo_nonadaptive,gt,3274,272.75,0.5979259372863862
ergo_nonadaptive,gt,3275,272.83333333333337,0.5976170844193927
ergo_nonadaptive,gt,3276,272.91666666666663,0.597310001605804
ergo_nonadaptive,gt,3277,273.0,0.5970046741552336
ergo_nonadaptive,gt,3278,273.08333333333337,0.5967010878280758
ergo_nonadaptive,gt,3279,273.16666666666663,0.5963992287823149
ergo_nonadaptive,gt,3280,273.25,0.5960990835280273
ergo_nonadaptive,gt,3281,273.33333333333337,0.5958006388884579
ergo_nonadaptive,gt,3282,273.41666666666663,0.5955038819667119
ergo_nonadaptive,gt,3283,273.5,0.5952088001172391
ergo_nonadaptive,gt,3284,273.58333333333337,0.594915380921409
ergo_nonadaptive,gt,3285,273.66666666666663,0.5946236121665763
ergo_nonadaptive,gt,3286,273.75,0.5943334818281226
ergo_nonadaptive,gt,3287,273.83333333333337,0.5940449780540368
ergo_nonadaptive,gt,3288,273.91666666666663,0.5937580891516606
ergo_nonadaptive,gt,3289,274.0,0.5934728035762789
ergo_nonadaptive,gt,3290,274.08333333333337,0.5931891099212833
ergo_nonadaptive,gt,3291,274.16666666666663,0.5929069969096789
ergo_nonadaptive,gt,3292,274.25,0.5926264533867343
ergo_nonadaptive,gt,3293,274.33333333333337,0.5923474683136113
ergo_nonadaptive,gt,3294,274.41666666666663,0.5920700307618286
ergo_nonadaptive,gt,3295,274.5,0.5917941299084449
ergo_nonadaptive,gt,3296,274.58333333333337,0.5915197550318563
ergo_nonadaptive,gt,3297,274.66666666666663,0.5912468955081296
ergo_nonadaptive,gt,3298,274.75,0.5909755408078019
ergo_nonadaptive,gt,3299,274.83333333333337,0.5907056804930942
ergo_nonadaptive,gt,3300,274.91666666666663,0.5904373042155013
ergo_nonadaptive,gt,3301,275.0,0.590170401713734
ergo_nonadaptive,gt,3302,275.08333333333337,0.5899049628120088
ergo_nonadaptive,gt,3303,275.16666666666663,0.5896409774187739
ergo_nonadaptive,gt,3304,275.25,0.5894111889996402
ergo_nonadaptive,gt,3305,275.33333333333337,0.5892336250982403
ergo_nonadaptive,gt,3306,275.41666666666663,0.5891084316630261
ergo_nonadaptive,gt,3307,275.5,0.5890529776441853
ergo_nonadaptive,gt,3308,275.58333333333337,0.589066950719263
ergo_nonadaptive,gt,3309,275.66666666666663,0.5891022773029537
ergo_nonadaptive,gt,3310,275.75,0.5891144342339126
ergo_nonadaptive,gt,3311,275.83333333333337,0.5891522147321699
ergo_nonadaptive,gt,3312,275.91666666666663,0.5892528201684387
ergo_nonadaptive,gt,3313,276.0,0.5893629517772314
ergo_nonadaptive,gt,3314,276.08333333333337,0.5894031153966558
ergo_nonadaptive,gt,3315,276.16666666666663,0.5894373719651
ergo_nonadaptive,gt,3316,276.25,0.5895608854370097
ergo_nonadaptive,gt,3317,276.33333333333337,0.5897159720740572
ergo_nonadaptive,gt,3318,276.41666666666663,0.5897931924874811
ergo_nonadaptive,gt,3319,276.5,0.589802030505616
ergo_nonadaptive,gt,3320,276.58333333333337,0.5899294188935886
ergo_nonadaptive,gt,3321,276.66666666666663,0.5901293495727852
ergo_nonadaptive,gt,3322,276.75,0.5902837211842441
ergo_nonadaptive,gt,3323,276.83333333333337,0.5903439916164489
ergo_nonadaptive,gt,3324,276.91666666666663,0.590478931729223
ergo_nonadaptive,gt,3325,277.0,0.5907178745634121
ergo_nonadaptive,gt,3326,277.08333333333337,0.5909591776808107
ergo_nonadaptive,gt,3327,277.16666666666663,0.5911227794735878
ergo_nonadaptive,gt,3328,277.25,0.5912973839613843
ergo_nonadaptive,gt,3329,277.33333333333337,0.5915723387604441
ergo_nonadaptive,gt,3330,277.41666666666663,0.5918889764098415
ergo_nonadaptive,gt,3331,277.5,0.5921596837868491
ergo_nonadaptive,gt,3332,277.58333333333337,0.5924036121521833
ergo_nonadaptive,gt,3333,277.66666666666663,0.5927077693257111
ergo_nonadaptive,gt,3334,277.75,0.5930662513055498
ergo_nonadaptive,gt,3335,277.83333333333337,0.5934082705307562
ergo_nonadaptive,gt,3336,277.91666666666663,0.593710532724502
ergo_nonadaptive,gt,3337,278.0,0.5940294218137737
ergo_nonadaptive,gt,3338,278.08333333333337,0.5943961252845957
ergo_nonadaptive,gt,3339,278.16666666666663,0.594768811532033
ergo_nonadaptive,gt,3340,278.25,0.5951051722446411
ergo_nonadaptive,gt,3341,278.33333333333337,0.5954317849939486
ergo_nonadaptive,gt,3342,278.41666666666663,0.5957937730172788
ergo_nonadaptive,gt,3343,278.5,0.5961755544413117
ergo_nonadaptive,gt,3344,278.58333333333337,0.5965229760233375
ergo_nonadaptive,gt,3345,278.66666666666663,0.5968280324005857
ergo_nonadaptive,gt,3346,278.75,0.5971448941910877
ergo_nonadaptive,gt,3347,278.83333333333337,0.5974936877619239
ergo_nonadaptive,gt,3348,278.91666666666663,0.5978158393404668
ergo_nonadaptive,gt,3349,279.0,0.5980541736801613
ergo_nonadaptive,gt,3350,279.08333333333337,0.5982872010734993
ergo_nonadaptive,gt,3351,279.16666666666663,0.598599982363591
ergo_nonadaptive,gt,3352,279.25,0.5989260271720042
ergo_nonadaptive,gt,3353,279.33333333333337,0.599140102337318
ergo_nonadaptive,gt,3354,279.41666666666663,0.599300772428675
ergo_nonadaptive,gt,3355,279.5,0.5995946162085266
ergo_nonadaptive,gt,3356,279.58333333333337,0.5999496156905525
ergo_nonadaptive,gt,3357,279.66666666666663,0.6002320483769292
ergo_nonadaptive,gt,3358,279.75,0.6004170287759504
ergo_nonadaptive,gt,3359,279.83333333333337,0.6006596069308426
ergo_nonadaptive,gt,3360,279.91666666666663,0.6009768787625447
ergo_nonadaptive,gt,3361,280.0,0.6012702533047263
ergo_nonadaptive,gt,3362,280.08333333333337,0.6014779128108957
ergo_nonadaptive,gt,3363,280.16666666666663,0.6016816671423632
ergo_nonadaptive,gt,3364,280.25,0.6019462973174109
ergo_nonadaptive,gt,3365,280.33333333333337,0.6022215325333257
ergo_nonadaptive,gt,3366,280.41666666666663,0.6024457405513647
ergo_nonadaptive,gt,3367,280.5,0.6026382801376707
ergo_nonadaptive,gt,3368,280.58333333333337,0.6028518165956851
ergo_nonadaptive,gt,3369,280.66666666666663,0.6030835915912145
ergo_nonadaptive,gt,3370,280.75,0.6032896543608806
ergo_nonadaptive,gt,3371,280.83333333333337,0.6034559161780378
ergo_nonadaptive,gt,3372,280.91666666666663,0.6036198121800087
ergo_nonadaptive,gt,3373,281.0,0.6038050204772232
ergo_nonadaptive,gt,3374,281.08333333333337,0.6039821478557134
ergo_nonadaptive,gt,3375,281.16666666666663,0.604114449477876
ergo_nonadaptive,gt,3376,281.25,0.6042273094906404
ergo_nonadaptive,gt,3377,281.33333333333337,0.6043730636807739
ergo_nonadaptive,gt,3378,281.41666666666663,0.604535607469382
ergo_nonadaptive,gt,3379,281.5,0.6046678986395261
ergo_nonadaptive,gt,3380,281.58333333333337,0.6047806174338292
ergo_nonadaptive,gt,3381,281.66666666666663,0.6049206450319358
ergo_nonadaptive,gt,3382,281.75,0.6050738694576496
ergo_nonadaptive,gt,3383,281.83333333333337,0.6052135914770321
ergo_nonadaptive,gt,3384,281.91666666666663,0.6052392768616216
ergo_nonadaptive,gt,3385,282.0,0.6051596178667585
ergo_nonadaptive,gt,3386,282.08333333333337,0.6050767837948
ergo_nonadaptive,gt,3387,282.16666666666663,0.6050894696257941
ergo_nonadaptive,gt,3388,282.25,0.6051629501839207
ergo_nonadaptive,gt,3389,282.33333333333337,0.60521306767663
ergo_nonadaptive,gt,3390,282.41666666666663,0.6052302356223924
ergo_nonadaptive,gt,3391,282.5,0.6052900586715386
ergo_nonadaptive,gt,3392,282.58333333333337,0.6054010582450645
ergo_nonadaptive,gt,3393,282.66666666666663,0.6055065224356228
ergo_nonadaptive,gt,3394,282.75,0.6055772679308593
ergo_nonadaptive,gt,3395,282.83333333333337,0.6056521345422106
ergo_nonadaptive,gt,3396,282.91666666666663,0.6057610933592286
ergo_nonadaptive,gt,3397,283.0,0.6058791423208505
ergo_nonadaptive,gt,3398,283.08333333333337,0.6059696490675133
ergo_nonadaptive,gt,3399,283.16666666666663,0.606039094843938
ergo_nonadaptive,gt,3400,283.25,0.6061246131652429
ergo_nonadaptive,gt,3401,283.33333333333337,0.6062306410178863
ergo_nonadaptive,gt,3402,283.41666666666663,0.6063120774185248
ergo_nonadaptive,gt,3403,283.5,0.6063354956482027
ergo_nonadaptive,gt,3404,283.58333333333337,0.6063687424663194
ergo_nonadaptive,gt,3405,283.66666666666663,0.6064671588028957
ergo_nonadaptive,gt,3406,283.75,0.6065705469357695
ergo_nonadaptive,gt,3407,283.83333333333337,0.606587774203655
ergo_nonadaptive,gt,3408,283.91666666666663,0.6065913704707534
ergo_nonadaptive,gt,3409,284.0,0.6066907602995266
ergo_nonadaptive,gt,3410,284.08333333333337,0.606833489441245
ergo_nonadaptive,gt,3411,284.16666666666663,0.6069439382429672
ergo_nonadaptive,gt,3412,284.25,0.6070128305209413
ergo_nonadaptive,gt,3413,284.33333333333337,0.6070794754636916
ergo_nonadaptive,gt,3414,284.41666666666663,0.6071630827462676
ergo_nonadaptive,gt,3415,284.5,0.6072435433955509
ergo_nonadaptive,gt,3416,284.58333333333337,0.6072800152122407
ergo_nonadaptive,gt,3417,284.66666666666663,0.6072692749931042
ergo_nonadaptive,gt,3418,284.75,0.6072975989750419
ergo_nonadaptive,gt,3419,284.83333333333337,0.6073892242567169
ergo_nonadaptive,gt,3420,284.91666666666663,0.6074703264025721
ergo_nonadaptive,gt,3421,285.0,0.6074938917053635
ergo_nonadaptive,gt,3422,285.08333333333337,0.6075526435651922
ergo_nonadaptive,gt,3423,285.16666666666663,0.6076893771899777
ergo_nonadaptive,gt,3424,285.25,0.607853920717761
ergo_nonadaptive,gt,3425,285.33333333333337,0.6079949631902721
ergo_nonadaptive,gt,3426,285.41666666666663,0.6081032283837816
ergo_nonadaptive,gt,3427,285.5,0.6082104361709418
ergo_nonadaptive,gt,3428,285.58333333333337,0.6083557062268459
ergo_nonadaptive,gt,3429,285.66666666666663,0.6085175981048477
ergo_nonadaptive,gt,3430,285.75,0.6086147491781024
ergo_nonadaptive,gt,3431,285.83333333333337,0.6086750849257424
ergo_nonadaptive,gt,3432,285.91666666666663,0.608877991864707
ergo_nonadaptive,gt,3433,286.0,0.6091818733756791
ergo_nonadaptive,gt,3434,286.08333333333337,0.6094904614385297
ergo_nonadaptive,gt,3435,286.16666666666663,0.6097613651296142
ergo_nonadaptive,gt,3436,286.25,0.6100109608306029
ergo_nonadaptive,gt,3437,286.33333333333337,0.6102766572749551
ergo_nonadaptive,gt,3438,286.41666666666663,0.6105762440314552
ergo_nonadaptive,gt,3439,286.5,0.6108580855688408
ergo_nonadaptive,gt,3440,286.58333333333337,0.6110373087292367
ergo_nonadaptive,gt,3441,286.66666666666663,0.6112606254061351
ergo_nonadaptive,gt,3442,286.75,0.6116388041500074
ergo_nonadaptive,gt,3443,286.83333333333337,0.6120809800572432
ergo_nonadaptive,gt,3444,286.91666666666663,0.6124861695993683
ergo_nonadaptive,gt,3445,287.0,0.6128003744916103
ergo_nonadaptive,gt,3446,287.08333333333337,0.6130057459098059
ergo_nonadaptive,gt,3447,287.16666666666663,0.6131918491539499
ergo_nonadaptive,gt,3448,287.25,0.6134460920043352
ergo_nonadaptive,gt,3449,287.33333333333337,0.613728483116542
ergo_nonadaptive,gt,3450,287.41666666666663,0.61398507082963
ergo_nonadaptive,gt,3451,287.5,0.6141874687697416
ergo_nonadaptive,gt,3452,287.58333333333337,0.6142973264476637
ergo_nonadaptive,gt,3453,287.66666666666663,0.6143637307789401
ergo_nonadaptive,gt,3454,287.75,0.6145305486445698
ergo_nonadaptive,gt,3455,287.83333333333337,0.6147844319399078
ergo_nonadaptive,gt,3456,287.91666666666663,0.6150436918605909
ergo_nonadaptive,gt,3457,288.0,0.6152441205697273
ergo_nonadaptive,gt,3458,288.08333333333337,0.6153471856345815
ergo_nonadaptive,gt,3459,288.16666666666663,0.615410145719139
ergo_nonadaptive,gt,3460,288.25,0.6155632039751865
ergo_nonadaptive,gt,3461,288.33333333333337,0.6157775010002183
ergo_nonadaptive,gt,3462,288.41666666666663,0.6159679901616526
ergo_nonadaptive,gt,3463,288.5,0.6161264769494381
ergo_nonadaptive,gt,3464,288.58333333333337,0.6162869694679511
ergo_nonadaptive,gt,3465,288.66666666666663,0.6164538465010279
ergo_nonadaptive,gt,3466,288.75,0.6166095612073449
ergo_nonadaptive,gt,3467,288.83333333333337,0.6167058046923131
ergo_nonadaptive,gt,3468,288.91666666666663,0.6166887840745836
ergo_nonadaptive,gt,3469,289.0,0.6167093861832099
ergo_nonadaptive,gt,3470,289.08333333333337,0.6168572337334701
ergo_nonadaptive,gt,3471,289.16666666666663,0.6170511736513724
ergo_nonadaptive,gt,3472,289.25,0.6172055981277961
ergo_nonadaptive,gt,3473,289.33333333333337,0.6172754698721841
ergo_nonadaptive,gt,3474,289.41666666666663,0.6172554728423124
ergo_nonadaptive,gt,3475,289.5,0.6172433396304894
ergo_nonadaptive,gt,3476,289.58333333333337,0.6173016805054647
ergo_nonadaptive,gt,3477,289.66666666666663,0.6173713050299183
ergo_nonadaptive,gt,3478,289.75,0.6174021435452612
ergo_nonadaptive,gt,3479,289.83333333333337,0.6174091984898062
ergo_nonadaptive,gt,3480,289.91666666666663,0.6174078884555817
ergo_nonadaptive,gt,3481,290.0,0.6173992361263968
ergo_nonadaptive,gt,3482,290.08333333333337,0.6173691447534225
ergo_nonadaptive,gt,3483,290.16666666666663,0.6172731288218446
ergo_nonadaptive,gt,3484,290.25,0.6171194724223408
ergo_nonadaptive,gt,3485,290.33333333333337,0.6170367125956978
ergo_nonadaptive,gt,3486,290.41666666666663,0.6170237750077016
ergo_nonadaptive,gt,3487,290.5,0.6170142158210462
ergo_nonadaptive,gt,3488,290.58333333333337,0.6169582623755211
ergo_nonadaptive,gt,3489,290.66666666666663,0.6168222128951646
ergo_nonadaptive,gt,3490,290.75,0.616628417171183
ergo_nonadaptive,gt,3491,290.83333333333337,0.6165214677884636
ergo_nonadaptive,gt,3492,290.91666666666663,0.6164980723395953
ergo_nonadaptive,gt,3493,291.0,0.61648727036409
ergo_nonadaptive,gt,3494,291.08333333333337,0.6164471409090292
ergo_nonadaptive,gt,3495,291.16666666666663,0.6163610616974258
ergo_nonadaptive,gt,3496,291.25,0.6162423402073204
ergo_nonadaptive,gt,3497,291.33333333333337,0.6161673933658003
ergo_nonadaptive,gt,3498,291.41666666666663,0.616152263086029
ergo_nonadaptive,gt,3499,291.5,0.6161504966843746
ergo_nonadaptive,gt,3500,291.58333333333337,0.6161403490802327
ergo_nonadaptive,gt,3501,291.66666666666663,0.6161191941926069
ergo_nonadaptive,gt,3502,291.75,0.6160862812720518
ergo_nonadaptive,gt,3503,291.83333333333337,0.616072517263905
ergo_nonadaptive,gt,3504,291.91666666666663,0.616083540584311
ergo_nonadaptive,gt,3505,292.0,0.6160846743090302
ergo_nonadaptive,gt,3506,292.08333333333337,0.6160820302187149
ergo_nonadaptive,gt,3507,292.16666666666663,0.6160999507689063
ergo_nonadaptive,gt,3508,292.25,0.6161248785825398
ergo_nonadaptive,gt,3509,292.33333333333337,0.6161447738321343
ergo_nonadaptive,gt,3510,292.41666666666663,0.6161441313238215
ergo_nonadaptive,gt,3511,292.5,0.6160929143931523
ergo_nonadaptive,gt,3512,292.58333333333337,0.616031144983811
ergo_nonadaptive,gt,3513,292.66666666666663,0.61602274905191
ergo_nonadaptive,gt,3514,292.75,0.6160443155681932
ergo_nonadaptive,gt,3515,292.83333333333337,0.616051143051288
ergo_nonadaptive,gt,3516,292.91666666666663,0.6160075599316758
ergo_nonadaptive,gt,3517,293.0,0.6158720782811788
ergo_nonadaptive,gt,3518,293.08333333333337,0.6157107358518554
ergo_nonadaptive,gt,3519,293.16666666666663,0.615648172729664
ergo_nonadaptive,gt,3520,293.25,0.6156400628160761
ergo_nonadaptive,gt,3521,293.33333333333337,0.6156139806910503
ergo_nonadaptive,gt,3522,293.41666666666663,0.6155327005930412
ergo_nonadaptive,gt,3523,293.5,0.6154074398994086
ergo_nonadaptive,gt,3524,293.58333333333337,0.615276584322665
ergo_nonadaptive,gt,3525,293.66666666666663,0.6151389673797523
ergo_nonadaptive,gt,3526,293.75,0.6149744773659205
ergo_nonadaptive,gt,3527,293.83333333333337,0.6147783946225157
ergo_nonadaptive,gt,3528,293.91666666666663,0.6145894648993102
ergo_nonadaptive,gt,3529,294.0,0.6144393071011292
ergo_nonadaptive,gt,3530,294.08333333333337,0.6142919667298565
ergo_nonadaptive,gt,3531,294.16666666666663,0.6140973371303875
ergo_nonadaptive,gt,3532,294.25,0.6139127375186955
ergo_nonadaptive,gt,3533,294.33333333333337,0.6138053822368905
ergo_nonadaptive,gt,3534,294.41666666666663,0.6137294260488072
ergo_nonadaptive,gt,3535,294.5,0.6136068765156291
ergo_nonadaptive,gt,3536,294.58333333333337,0.6134589154131039
ergo_nonadaptive,gt,3537,294.66666666666663,0.6133859403144967
ergo_nonadaptive,gt,3538,294.75,0.6133667516113909
ergo_nonadaptive,gt,3539,294.83333333333337,0.6133206539429751
ergo_nonadaptive,gt,3540,294.91666666666663,0.6132280710213008
ergo_nonadaptive,gt,3541,295.0,0.6131780566664183
ergo_nonadaptive,gt,3542,295.08333333333337,0.6131913805788585
ergo_nonadaptive,gt,3543,295.16666666666663,0.6132052308464554
ergo_nonadaptive,gt,3544,295.25,0.6131773950775934
ergo_nonadaptive,gt,3545,295.33333333333337,0.6131556940818166
ergo_nonadaptive,gt,3546,295.41666666666663,0.6131849828785536
ergo_nonadaptive,gt,3547,295.5,0.6132350874681938
ergo_nonadaptive,gt,3548,295.58333333333337,0.6132598907745426
ergo_nonadaptive,gt,3549,295.66666666666663,0.6132704234182772
ergo_nonadaptive,gt,3550,295.75,0.6133096217469786
ergo_nonadaptive,gt,3551,295.83333333333337,0.6133774293518001
ergo_nonadaptive,gt,3552,295.91666666666663,0.6134349975709198
ergo_nonadaptive,gt,3553,296.0,0.6134683879706316
ergo_nonadaptive,gt,3554,296.08333333333337,0.613511799967837
ergo_nonadaptive,gt,3555,296.16666666666663,0.6135881244695589
ergo_nonadaptive,gt,3556,296.25,0.6136669996142518
ergo_nonadaptive,gt,3557,296.33333333333337,0.6137111425521435
ergo_nonadaptive,gt,3558,296.41666666666663,0.6137466754851469
ergo_nonadaptive,gt,3559,296.5,0.6138252185004541
ergo_nonadaptive,gt,3560,296.58333333333337,0.6139266309640037
ergo_nonadaptive,gt,3561,296.66666666666663,0.6139836803023708
ergo_nonadaptive,gt,3562,296.75,0.6139984115787547
ergo_nonadaptive,gt,3563,296.83333333333337,0.6140678419959075
ergo_nonadaptive,gt,3564,296.91666666666663,0.6141940229508298
ergo_nonadaptive,gt,3565,297.0,0.6142826142988475
ergo_nonadaptive,gt,3566,297.08333333333337,0.6142757882162885
ergo_nonadaptive,gt,3567,297.16666666666663,0.6143191452792431
ergo_nonadaptive,gt,3568,297.25,0.6144609479249142
ergo_nonadaptive,gt,3569,297.33333333333337,0.6145947510586617
ergo_nonadaptive,gt,3570,297.41666666666663,0.6145981700601655
ergo_nonadaptive,gt,3571,297.5,0.6146025526265408
ergo_nonadaptive,gt,3572,297.58333333333337,0.6147354998674839
ergo_nonadaptive,gt,3573,297.66666666666663,0.6149007601718663
ergo_nonadaptive,gt,3574,297.75,0.6149674242960664
ergo_nonadaptive,gt,3575,297.83333333333337,0.6149559064168248
ergo_nonadaptive,gt,3576,297.91666666666663,0.6150454514100566
ergo_nonadaptive,gt,3577,298.0,0.6152015005290398
ergo_nonadaptive,gt,3578,298.08333333333337,0.6153047719374022
ergo_nonadaptive,gt,3579,298.16666666666663,0.6153123302923782
ergo_nonadaptive,gt,3580,298.25,0.6153569866087665
ergo_nonadaptive,gt,3581,298.33333333333337,0.6154788883186235
ergo_nonadaptive,gt,3582,298.41666666666663,0.615592342754021
ergo_nonadaptive,gt,3583,298.5,0.6156302831308834
ergo_nonadaptive,gt,3584,298.58333333333337,0.6156549011551125
ergo_nonadaptive,gt,3585,298.66666666666663,0.6157361788452141
ergo_nonadaptive,gt,3586,298.75,0.6158350843310343
ergo_nonadaptive,gt,3587,298.83333333333337,0.615883320448569
ergo_nonadaptive,gt,3588,298.91666666666663,0.6158899030963644
ergo_nonadaptive,gt,3589,299.0,0.6159242573826309
ergo_nonadaptive,gt,3590,299.08333333333337,0.6159908448235697
ergo_nonadaptive,gt,3591,299.16666666666663,0.6160334543676484
ergo_nonadaptive,gt,3592,299.25,0.6160318573968827
ergo_nonadaptive,gt,3593,299.33333333333337,0.6160375513217332
ergo_nonadaptive,gt,3594,299.41666666666663,0.6160772119276305
ergo_nonadaptive,gt,3595,299.5,0.6161100659283149
ergo_nonadaptive,gt,3596,299.58333333333337,0.6160950712890793
ergo_nonadaptive,gt,3597,299.66666666666663,0.6160616967659832
ergo_nonadaptive,gt,3598,299.75,0.6160609123895741
ergo_nonadaptive,gt,3599,299.83333333333337,0.6160759244766454
ergo_nonadaptive,gt,3600,299.91666666666663,0.6160506817011545
ergo_nonadaptive,gt,3601,300.0,0.6159786016192718
ergo_nonadaptive,gt,3602,300.08333333333337,0.6156104404318159
ergo_nonadaptive,gt,3603,300.16666666666663,0.615106669940121
ergo_nonadaptive,gt,3604,300.25,0.614599322334035
ergo_nonadaptive,gt,3605,300.33333333333337,0.6141109233929375
ergo_nonadaptive,gt,3606,300.41666666666663,0.6136273065844154
ergo_nonadaptive,gt,3607,300.5,0.6131687700369192
ergo_nonadaptive,gt,3608,300.58333333333337,0.6127831084028846
ergo_nonadaptive,gt,3609,300.66666666666663,0.6124594666025951
ergo_nonadaptive,gt,3610,300.75,0.612148893259314
ergo_nonadaptive,gt,3611,300.83333333333337,0.6118196019168204
ergo_nonadaptive,gt,3612,300.91666666666663,0.6115515466402506
ergo_nonadaptive,gt,3613,301.0,0.6113472580584113
ergo_nonadaptive,gt,3614,301.08333333333337,0.6111542955749696
ergo_nonadaptive,gt,3615,301.16666666666663,0.6109148930262348
ergo_nonadaptive,gt,3616,301.25,0.610702314161978
ergo_nonadaptive,gt,3617,301.33333333333337,0.6105591815191048
ergo_nonadaptive,gt,3618,301.41666666666663,0.6104435293977457
ergo_nonadaptive,gt,3619,301.5,0.6102838155205712
ergo_nonadaptive,gt,3620,301.58333333333337,0.6101082576638551
ergo_nonadaptive,gt,3621,301.66666666666663,0.6099999541904507
ergo_nonadaptive,gt,3622,301.75,0.6099357888736999
ergo_nonadaptive,gt,3623,301.83333333333337,0.6098467545960118
ergo_nonadaptive,gt,3624,301.91666666666663,0.609702068381
ergo_nonadaptive,gt,3625,302.0,0.6096085746700238
ergo_nonadaptive,gt,3626,302.08333333333337,0.6095698028782789
ergo_nonadaptive,gt,3627,302.16666666666663,0.6095250756944938
ergo_nonadaptive,gt,3628,302.25,0.6094148079598725
ergo_nonadaptive,gt,3629,302.33333333333337,0.6093189980656867
ergo_nonadaptive,gt,3630,302.41666666666663,0.6092818554727173
ergo_nonadaptive,gt,3631,302.5,0.609259297161792
ergo_nonadaptive,gt,3632,302.58333333333337,0.609188477927391
ergo_nonadaptive,gt,3633,302.66666666666663,0.6090973016914909
ergo_nonadaptive,gt,3634,302.75,0.6090533592219824
ergo_nonadaptive,gt,3635,302.83333333333337,0.6090359279533871
ergo_nonadaptive,gt,3636,302.91666666666663,0.6089924009449925
ergo_nonadaptive,gt,3637,303.0,0.6089177127992887
ergo_nonadaptive,gt,3638,303.08333333333337,0.6088604198873516
ergo_nonadaptive,gt,3639,303.16666666666663,0.6088268613713198
ergo_nonadaptive,gt,3640,303.25,0.6087841908724473
ergo_nonadaptive,gt,3641,303.33333333333337,0.6087112820459317
ergo_nonadaptive,gt,3642,303.41666666666663,0.6086198410571229
ergo_nonadaptive,gt,3643,303.5,0.6085308153251324
ergo_nonadaptive,gt,3644,303.58333333333337,0.6084399763169475
ergo_nonadaptive,gt,3645,303.66666666666663,0.6083032967344957
ergo_nonadaptive,gt,3646,303.75,0.608094213594964
ergo_nonadaptive,gt,3647,303.83333333333337,0.6079527800840023
ergo_nonadaptive,gt,3648,303.91666666666663,0.6079031670196048
ergo_nonadaptive,gt,3649,304.0,0.607881110586282
ergo_nonadaptive,gt,3650,304.08333333333337,0.6078316420032442
ergo_nonadaptive,gt,3651,304.16666666666663,0.6077183337043481
ergo_nonadaptive,gt,3652,304.25,0.6075281640281672
ergo_nonadaptive,gt,3653,304.33333333333337,0.6073949264689777
ergo_nonadaptive,gt,3654,304.41666666666663,0.6073571300939996
ergo_nonadaptive,gt,3655,304.5,0.6073531722900615
ergo_nonadaptive,gt,3656,304.58333333333337,0.6073296296521707
ergo_nonadaptive,gt,3657,304.66666666666663,0.6072542330213391
ergo_nonadaptive,gt,3658,304.75,0.6071127030908187
ergo_nonadaptive,gt,3659,304.83333333333337,0.6070165828200037
ergo_nonadaptive,gt,3660,304.91666666666663,0.6070289652238446
ergo_nonadaptive,gt,3661,305.0,0.6070986918659507
ergo_nonadaptive,gt,3662,305.08333333333337,0.6071724000767739
ergo_nonadaptive,gt,3663,305.16666666666663,0.6072195909741404
ergo_nonadaptive,gt,3664,305.25,0.6072289424427407
ergo_nonadaptive,gt,3665,305.33333333333337,0.6072928853446332
ergo_nonadaptive,gt,3666,305.41666666666663,0.6074862369127996
ergo_nonadaptive,gt,3667,305.5,0.6077564894737929
ergo_nonadaptive,gt,3668,305.58333333333337,0.6080338376832916
ergo_nonadaptive,gt,3669,305.66666666666663,0.6082754649504288
ergo_nonadaptive,gt,3670,305.75,0.6084429491781279
ergo_nonadaptive,gt,3671,305.83333333333337,0.6085593151013162
ergo_nonadaptive,gt,3672,305.91666666666663,0.6086761337732273
ergo_nonadaptive,gt,3673,306.0,0.6087757586889596
ergo_nonadaptive,gt,3674,306.08333333333337,0.6088388492118065
ergo_nonadaptive,gt,3675,306.16666666666663,0.6088704064718773
ergo_nonadaptive,gt,3676,306.25,0.6088702498206502
ergo_nonadaptive,gt,3677,306.33333333333337,0.6088745504869066
ergo_nonadaptive,gt,3678,306.41666666666663,0.6089311081539597
ergo_nonadaptive,gt,3679,306.5,0.6090163923862969
ergo_nonadaptive,gt,3680,306.58333333333337,0.6091018242653614
ergo_nonadaptive,gt,3681,306.66666666666663,0.6091996772307727
ergo_nonadaptive,gt,3682,306.75,0.6093050058257106
ergo_nonadaptive,gt,3683,306.83333333333337,0.6094119511423046
ergo_nonadaptive,gt,3684,306.91666666666663,0.6095334855254377
ergo_nonadaptive,gt,3685,307.0,0.6096533005892774
ergo_nonadaptive,gt,3686,307.08333333333337,0.6097650981608093
ergo_nonadaptive,gt,3687,307.16666666666663,0.6098956755409037
ergo_nonadaptive,gt,3688,307.25,0.6100256680115872
ergo_nonadaptive,gt,3689,307.33333333333337,0.6101251412050349
ergo_nonadaptive,gt,3690,307.41666666666663,0.6102287262192723
ergo_nonadaptive,gt,3691,307.5,0.6103592157580306
ergo_nonadaptive,gt,3692,307.58333333333337,0.6104966929216429
ergo_nonadaptive,gt,3693,307.66666666666663,0.6106091892588204
ergo_nonadaptive,gt,3694,307.75,0.6106456985215638
ergo_nonadaptive,gt,3695,307.83333333333337,0.6105775617094024
ergo_nonadaptive,gt,3696,307.91666666666663,0.6105981732537156
ergo_nonadaptive,gt,3697,308.0,0.6107347139952833
ergo_nonadaptive,gt,3698,308.08333333333337,0.6108890107497993
ergo_nonadaptive,gt,3699,308.16666666666663,0.6109980282225445
ergo_nonadaptive,gt,3700,308.25,0.6110776829932295
ergo_nonadaptive,gt,3701,308.33333333333337,0.6111635271027193
ergo_nonadaptive,gt,3702,308.41666666666663,0.6112650472167802
ergo_nonadaptive,gt,3703,308.5,0.6113303884987358
ergo_nonadaptive,gt,3704,308.58333333333337,0.6113041015294851
ergo_nonadaptive,gt,3705,308.66666666666663,0.6112192326267619
ergo_nonadaptive,gt,3706,308.75,0.6112798663495115
ergo_nonadaptive,gt,3707,308.83333333333337,0.6114370228454875
ergo_nonadaptive,gt,3708,308.91666666666663,0.6115530418566826
ergo_nonadaptive,gt,3709,309.0,0.6115807726697561
ergo_nonadaptive,gt,3710,309.08333333333337,0.6116420566166677
ergo_nonadaptive,gt,3711,309.16666666666663,0.6117526126002955
ergo_nonadaptive,gt,3712,309.25,0.61184380039757
ergo_nonadaptive,gt,3713,309.33333333333337,0.6119000644705831
ergo_nonadaptive,gt,3714,309.41666666666663,0.6119720559400399
ergo_nonadaptive,gt,3715,309.5,0.6120797476051398
ergo_nonadaptive,gt,3716,309.58333333333337,0.6121950778376889
ergo_nonadaptive,gt,3717,309.66666666666663,0.6122768939127301
ergo_nonadaptive,gt,3718,309.75,0.6123210844037318
ergo_nonadaptive,gt,3719,309.83333333333337,0.6123858364546283
ergo_nonadaptive,gt,3720,309.91666666666663,0.6124993784963969
ergo_nonadaptive,gt,3721,310.0,0.612598324945763
ergo_nonadaptive,gt,3722,310.08333333333337,0.6125989411858941
ergo_nonadaptive,gt,3723,310.16666666666663,0.6126313121381537
ergo_nonadaptive,gt,3724,310.25,0.6127901057233143
ergo_nonadaptive,gt,3725,310.33333333333337,0.6129803221290675
ergo_nonadaptive,gt,3726,310.41666666666663,0.613091344558176
ergo_nonadaptive,gt,3727,310.5,0.6131665685625035
ergo_nonadaptive,gt,3728,310.58333333333337,0.6133221620097903
ergo_nonadaptive,gt,3729,310.66666666666663,0.6135316090284244
ergo_nonadaptive,gt,3730,310.75,0.6137146853783771
ergo_nonadaptive,gt,3731,310.83333333333337,0.6138528692695837
ergo_nonadaptive,gt,3732,310.91666666666663,0.6139986869712092
ergo_nonadaptive,gt,3733,311.0,0.6141793386549818
ergo_nonadaptive,gt,3734,311.08333333333337,0.6143629325882921
ergo_nonadaptive,gt,3735,311.16666666666663,0.6145103671835589
ergo_nonadaptive,gt,3736,311.25,0.6146367978893204
ergo_nonadaptive,gt,3737,311.33333333333337,0.614792881551575
ergo_nonadaptive,gt,3738,311.41666666666663,0.6149774182536939
ergo_nonadaptive,gt,3739,311.5,0.6151271962392678
ergo_nonadaptive,gt,3740,311.58333333333337,0.615215964319122
ergo_nonadaptive,gt,3741,311.66666666666663,0.6153443996668103
ergo_nonadaptive,gt,3742,311.75,0.6155538395927412
ergo_nonadaptive,gt,3743,311.83333333333337,0.6157509828551004
ergo_nonadaptive,gt,3744,311.91666666666663,0.6158140866649838
ergo_nonadaptive,gt,3745,312.0,0.6159111860583326
ergo_nonadaptive,gt,3746,312.08333333333337,0.6161539881486219
ergo_nonadaptive,gt,3747,312.16666666666663,0.6164326849955758
ergo_nonadaptive,gt,3748,312.25,0.6166236574096658
ergo_nonadaptive,gt,3749,312.33333333333337,0.6167635272694514
ergo_nonadaptive,gt,3750,312.41666666666663,0.6169790057628355
ergo_nonadaptive,gt,3751,312.5,0.6172521501648957
ergo_nonadaptive,gt,3752,312.58333333333337,0.6174967320468077
ergo_nonadaptive,gt,3753,312.66666666666663,0.6176886263705792
ergo_nonadaptive,gt,3754,312.75,0.617887892770515
ergo_nonadaptive,gt,3755,312.83333333333337,0.6181269599659185
ergo_nonadaptive,gt,3756,312.91666666666663,0.6183681302480357
ergo_nonadaptive,gt,3757,313.0,0.6185661554401973
ergo_nonadaptive,gt,3758,313.08333333333337,0.6187363476844603
ergo_nonadaptive,gt,3759,313.16666666666663,0.6189275165598592
ergo_nonadaptive,gt,3760,313.25,0.6191376303528034
ergo_nonadaptive,gt,3761,313.33333333333337,0.61931157838898
ergo_nonadaptive,gt,3762,313.41666666666663,0.6194326220950901
ergo_nonadaptive,gt,3763,313.5,0.6195687433988762
ergo_nonadaptive,gt,3764,313.58333333333337,0.6197506496620765
ergo_nonadaptive,gt,3765,313.66666666666663,0.6199194048372862
ergo_nonadaptive,gt,3766,313.75,0.6200226491940146
ergo_nonadaptive,gt,3767,313.83333333333337,0.620122739289851
ergo_nonadaptive,gt,3768,313.91666666666663,0.6202767304778672
ergo_nonadaptive,gt,3769,314.0,0.6204350582252748
ergo_nonadaptive,gt,3770,314.08333333333337,0.6205364890945041
ergo_nonadaptive,gt,3771,314.16666666666663,0.6206189449893843
ergo_nonadaptive,gt,3772,314.25,0.6207470621388367
ergo_nonadaptive,gt,3773,314.33333333333337,0.6209014905882001
ergo_nonadaptive,gt,3774,314.41666666666663,0.6210291599568689
ergo_nonadaptive,gt,3775,314.5,0.6211184362595612
ergo_nonadaptive,gt,3776,314.58333333333337,0.6212046794695272
ergo_nonadaptive,gt,3777,314.66666666666663,0.6213207287753688
ergo_nonadaptive,gt,3778,314.75,0.621436541898682
ergo_nonadaptive,gt,3779,314.83333333333337,0.6214657174847654
ergo_nonadaptive,gt,3780,314.91666666666663,0.6214310320565734
ergo_nonadaptive,gt,3781,315.0,0.6215560997988021
ergo_nonadaptive,gt,3782,315.08333333333337,0.6217816495991852
ergo_nonadaptive,gt,3783,315.16666666666663,0.6219890653527184
ergo_nonadaptive,gt,3784,315.25,0.6221397585269718
ergo_nonadaptive,gt,3785,315.33333333333337,0.6222764752747482
ergo_nonadaptive,gt,3786,315.41666666666663,0.6224314722921064
ergo_nonadaptive,gt,3787,315.5,0.6225915993270016
ergo_nonadaptive,gt,3788,315.58333333333337,0.622704554098545
ergo_nonadaptive,gt,3789,315.66666666666663,0.6227314190536093
ergo_nonadaptive,gt,3790,315.75,0.6227762090536691
ergo_nonadaptive,gt,3791,315.83333333333337,0.622925303508683
ergo_nonadaptive,gt,3792,315.91666666666663,0.6230952140357376
ergo_nonadaptive,gt,3793,316.0,0.6231848689724768
ergo_nonadaptive,gt,3794,316.08333333333337,0.6232559657098641
ergo_nonadaptive,gt,3795,316.16666666666663,0.6234086530879356
ergo_nonadaptive,gt,3796,316.25,0.6236060357698915
ergo_nonadaptive,gt,3797,316.33333333333337,0.6237734812999169
ergo_nonadaptive,gt,3798,316.41666666666663,0.6238872214167811
ergo_nonadaptive,gt,3799,316.5,0.6239803839603202
ergo_nonadaptive,gt,3800,316.58333333333337,0.6240934068120806
ergo_nonadaptive,gt,3801,316.66666666666663,0.6242123082196314
ergo_nonadaptive,gt,3802,316.75,0.6242673228059529
ergo_nonadaptive,gt,3803,316.83333333333337,0.6242439791620119
ergo_nonadaptive,gt,3804,316.91666666666663,0.6243082608889966
ergo_nonadaptive,gt,3805,317.0,0.6244725723739455
ergo_nonadaptive,gt,3806,317.08333333333337,0.6246157868795553
ergo_nonadaptive,gt,3807,317.16666666666663,0.6246713421531364
ergo_nonadaptive,gt,3808,317.25,0.6247520705495679
ergo_nonadaptive,gt,3809,317.33333333333337,0.6249172651005565
ergo_nonadaptive,gt,3810,317.41666666666663,0.6251040493071188
ergo_nonadaptive,gt,3811,317.5,0.6252483767330048
ergo_nonadaptive,gt,3812,317.58333333333337,0.625354658327598
ergo_nonadaptive,gt,3813,317.66666666666663,0.625467159103074
ergo_nonadaptive,gt,3814,317.75,0.6256041439710698
ergo_nonadaptive,gt,3815,317.83333333333337,0.6257241295672279
ergo_nonadaptive,gt,3816,317.91666666666663,0.6257522561670513
ergo_nonadaptive,gt,3817,318.0,0.6257209813675667
ergo_nonadaptive,gt,3818,318.08333333333337,0.6258066286593703
ergo_nonadaptive,gt,3819,318.16666666666663,0.6259681110255138
ergo_nonadaptive,gt,3820,318.25,0.6261048257134609
ergo_nonadaptive,gt,3821,318.33333333333337,0.6261572191342246
ergo_nonadaptive,gt,3822,318.41666666666663,0.6260960305101386
ergo_nonadaptive,gt,3823,318.5,0.6259674047256057
ergo_nonadaptive,gt,3824,318.58333333333337,0.6258669676416473
ergo_nonadaptive,gt,3825,318.66666666666663,0.6257858317681408
ergo_nonadaptive,gt,3826,318.75,0.6256594695148996
ergo_nonadaptive,gt,3827,318.83333333333337,0.6254864406018137
ergo_nonadaptive,gt,3828,318.91666666666663,0.6253369392486715
ergo_nonadaptive,gt,3829,319.0,0.6252194313793297
ergo_nonadaptive,gt,3830,319.08333333333337,0.6250868264917783
ergo_nonadaptive,gt,3831,319.16666666666663,0.6249157176994732
ergo_nonadaptive,gt,3832,319.25,0.6247362785598475
ergo_nonadaptive,gt,3833,319.33333333333337,0.6245732362266709
ergo_nonadaptive,gt,3834,319.41666666666663,0.6244098107852527
ergo_nonadaptive,gt,3835,319.5,0.6242194665250498
ergo_nonadaptive,gt,3836,319.58333333333337,0.624009250878419
ergo_nonadaptive,gt,3837,319.66666666666663,0.6238102778905461
ergo_nonadaptive,gt,3838,319.75,0.6236263168488356
ergo_nonadaptive,gt,3839,319.83333333333337,0.6234261656607738
ergo_nonadaptive,gt,3840,319.91666666666663,0.6231965019744953
ergo_nonadaptive,gt,3841,320.0,0.6229818437656421
ergo_nonadaptive,gt,3842,320.08333333333337,0.622808559028841
ergo_nonadaptive,gt,3843,320.16666666666663,0.6226358192975675
ergo_nonadaptive,gt,3844,320.25,0.6224120539501704
ergo_nonadaptive,gt,3845,320.33333333333337,0.6221916316577011
ergo_nonadaptive,gt,3846,320.41666666666663,0.6220478937797789
ergo_nonadaptive,gt,3847,320.5,0.621934573927515
ergo_nonadaptive,gt,3848,320.58333333333337,0.6217620950601017
ergo_nonadaptive,gt,3849,320.66666666666663,0.6215406684981951
ergo_nonadaptive,gt,3850,320.75,0.6214257705057105
ergo_nonadaptive,gt,3851,320.83333333333337,0.6213749186321463
ergo_nonadaptive,gt,3852,320.91666666666663,0.6212483645076303
ergo_nonadaptive,gt,3853,321.0,0.6209267064014685
ergo_nonadaptive,gt,3854,321.08333333333337,0.6204804528888663
ergo_nonadaptive,gt,3855,321.16666666666663,0.6199700225178688
ergo_nonadaptive,gt,3856,321.25,0.6194332355135542
ergo_nonadaptive,gt,3857,321.33333333333337,0.6188928260436031
ergo_nonadaptive,gt,3858,321.41666666666663,0.6184135294105099
ergo_nonadaptive,gt,3859,321.5,0.6180082549330339
ergo_nonadaptive,gt,3860,321.58333333333337,0.6176553805894123
ergo_nonadaptive,gt,3861,321.66666666666663,0.617320692458007
ergo_nonadaptive,gt,3862,321.75,0.6170072758570221
ergo_nonadaptive,gt,3863,321.83333333333337,0.6167403583721467
ergo_nonadaptive,gt,3864,321.91666666666663,0.6165090698093543
ergo_nonadaptive,gt,3865,322.0,0.6162827574855717
ergo_nonadaptive,gt,3866,322.08333333333337,0.6160556836994423
ergo_nonadaptive,gt,3867,322.16666666666663,0.6158547057071916
ergo_nonadaptive,gt,3868,322.25,0.6156861108083542
ergo_nonadaptive,gt,3869,322.33333333333337,0.6155272805596772
ergo_nonadaptive,gt,3870,322.41666666666663,0.6153622876732763
ergo_nonadaptive,gt,3871,322.5,0.6152064107939149
ergo_nonadaptive,gt,3872,322.58333333333337,0.6150759580542835
ergo_nonadaptive,gt,3873,322.66666666666663,0.6149597041765757
ergo_nonadaptive,gt,3874,322.75,0.6148357743655516
ergo_nonadaptive,gt,3875,322.83333333333337,0.6147069552361724
ergo_nonadaptive,gt,3876,322.91666666666663,0.6145951241147045
ergo_nonadaptive,gt,3877,323.0,0.6145024574213863
ergo_nonadaptive,gt,3878,323.08333333333337,0.6144071597533828
ergo_nonadaptive,gt,3879,323.16666666666663,0.6143011043519313
ergo_nonadaptive,gt,3880,323.25,0.6142120967920213
ergo_nonadaptive,gt,3881,323.33333333333337,0.6141597620184421
ergo_nonadaptive,gt,3882,323.41666666666663,0.6141233175788964
ergo_nonadaptive,gt,3883,323.5,0.6140769310095099
ergo_nonadaptive,gt,3884,323.58333333333337,0.6140655348643352
ergo_nonadaptive,gt,3885,323.66666666666663,0.6141364650314655
ergo_nonadaptive,gt,3886,323.75,0.6142424323202195
ergo_nonadaptive,gt,3887,323.83333333333337,0.614284039241428
ergo_nonadaptive,gt,3888,323.91666666666663,0.6143094411954574
ergo_nonadaptive,gt,3889,324.0,0.6144521447372514
ergo_nonadaptive,gt,3890,324.08333333333337,0.614644710874422
ergo_nonadaptive,gt,3891,324.16666666666663,0.6147550571713349
ergo_nonadaptive,gt,3892,324.25,0.6147692242370262
ergo_nonadaptive,gt,3893,324.33333333333337,0.6148809525427331
ergo_nonadaptive,gt,3894,324.41666666666663,0.6150758290388456
ergo_nonadaptive,gt,3895,324.5,0.6152375807908878
ergo_nonadaptive,gt,3896,324.58333333333337,0.6153051088725858
ergo_nonadaptive,gt,3897,324.66666666666663,0.615396309002463
ergo_nonadaptive,gt,3898,324.75,0.6155697014944447
ergo_nonadaptive,gt,3899,324.83333333333337,0.6157488709349977
ergo_nonadaptive,gt,3900,324.91666666666663,0.6158551427300849
ergo_nonadaptive,gt,3901,325.0,0.6159378779352823
ergo_nonadaptive,gt,3902,325.08333333333337,0.6160829814486208
ergo_nonadaptive,gt,3903,325.16666666666663,0.6162604548114864
ergo_nonadaptive,gt,3904,325.25,0.6163989530551564
ergo_nonadaptive,gt,3905,325.33333333333337,0.6164986797969717
ergo_nonadaptive,gt,3906,325.41666666666663,0.61661912805817
ergo_nonadaptive,gt,3907,325.5,0.6167698153007787
ergo_nonadaptive,gt,3908,325.58333333333337,0.616905557594491
ergo_nonadaptive,gt,3909,325.66666666666663,0.6170008832005978
ergo_nonadaptive,gt,3910,325.75,0.6170884566676195
ergo_nonadaptive,gt,3911,325.83333333333337,0.6172000518160623
ergo_nonadaptive,gt,3912,325.91666666666663,0.6173143128606796
ergo_nonadaptive,gt,3913,326.0,0.6173912979980872
ergo_nonadaptive,gt,3914,326.08333333333337,0.617441192721366
ergo_nonadaptive,gt,3915,326.16666666666663,0.6175144823536903
ergo_nonadaptive,gt,3916,326.25,0.6176103927696235
ergo_nonadaptive,gt,3917,326.33333333333337,0.6176820552565736
ergo_nonadaptive,gt,3918,326.41666666666663,0.6177245595209716
ergo_nonadaptive,gt,3919,326.5,0.6177838015290845
ergo_nonadaptive,gt,3920,326.58333333333337,0.6178449894757096
ergo_nonadaptive,gt,3921,326.66666666666663,0.6179063327149409
ergo_nonadaptive,gt,3922,326.75,0.6178719724290652
ergo_nonadaptive,gt,3923,326.83333333333337,0.617714019877166
ergo_nonadaptive,gt,3924,326.91666666666663,0.6175023657188959
ergo_nonadaptive,gt,3925,327.0,0.617316068110709
ergo_nonadaptive,gt,3926,327.08333333333337,0.6172220388505285
ergo_nonadaptive,gt,3927,327.16666666666663,0.6171821163691283
ergo_nonadaptive,gt,3928,327.25,0.6171232681119255
ergo_nonadaptive,gt,3929,327.33333333333337,0.6170402094181688
ergo_nonadaptive,gt,3930,327.41666666666663,0.6169921918193583
ergo_nonadaptive,gt,3931,327.5,0.6169857674941803
ergo_nonadaptive,gt,3932,327.58333333333337,0.6169745063482273
ergo_nonadaptive,gt,3933,327.66666666666663,0.6169352035797786
ergo_nonadaptive,gt,3934,327.75,0.6168999374390179
ergo_nonadaptive,gt,3935,327.83333333333337,0.6168940610615933
ergo_nonadaptive,gt,3936,327.91666666666663,0.6168957557774789
ergo_nonadaptive,gt,3937,328.0,0.6168716484829003
ergo_nonadaptive,gt,3938,328.08333333333337,0.6168289831190598
ergo_nonadaptive,gt,3939,328.16666666666663,0.6168060390704299
ergo_nonadaptive,gt,3940,328.25,0.6168057718612235
ergo_nonadaptive,gt,3941,328.33333333333337,0.6167798905440639
ergo_nonadaptive,gt,3942,328.41666666666663,0.6166967586604228
ergo_nonadaptive,gt,3943,328.5,0.6166370502394699
ergo_nonadaptive,gt,3944,328.58333333333337,0.6166496803321638
ergo_nonadaptive,gt,3945,328.66666666666663,0.6166663252528529
ergo_nonadaptive,gt,3946,328.75,0.6166019554928678
ergo_nonadaptive,gt,3947,328.83333333333337,0.616538162473291
ergo_nonadaptive,gt,3948,328.91666666666663,0.616568766491785
ergo_nonadaptive,gt,3949,329.0,0.6166408207340783
ergo_nonadaptive,gt,3950,329.08333333333337,0.6166841802638661
ergo_nonadaptive,gt,3951,329.16666666666663,0.6166951521881948
ergo_nonadaptive,gt,3952,329.25,0.6167143444492467
ergo_nonadaptive,gt,3953,329.33333333333337,0.6167589690133553
ergo_nonadaptive,gt,3954,329.41666666666663,0.6168052123923994
ergo_nonadaptive,gt,3955,329.5,0.6168113281613401
ergo_nonadaptive,gt,3956,329.58333333333337,0.6167827609115282
ergo_nonadaptive,gt,3957,329.66666666666663,0.6168079014567509
ergo_nonadaptive,gt,3958,329.75,0.6168998617241193
ergo_nonadaptive,gt,3959,329.83333333333337,0.6169736820605365
ergo_nonadaptive,gt,3960,329.91666666666663,0.6169853321167398
ergo_nonadaptive,gt,3961,330.0,0.6170606408597289
ergo_nonadaptive,gt,3962,330.08333333333337,0.6172366402108458
ergo_nonadaptive,gt,3963,330.16666666666663,0.6174435590004047
ergo_nonadaptive,gt,3964,330.25,0.6176227754616652
ergo_nonadaptive,gt,3965,330.33333333333337,0.6177756622461715
ergo_nonadaptive,gt,3966,330.41666666666663,0.6179404847089615
ergo_nonadaptive,gt,3967,330.5,0.6181431621778586
ergo_nonadaptive,gt,3968,330.58333333333337,0.6183459141436375
ergo_nonadaptive,gt,3969,330.66666666666663,0.618458437401139
ergo_nonadaptive,gt,3970,330.75,0.6185420477157565
ergo_nonadaptive,gt,3971,330.83333333333337,0.6187954638102011
ergo_nonadaptive,gt,3972,330.91666666666663,0.6191500987965161
ergo_nonadaptive,gt,3973,331.0,0.619484567241968
ergo_nonadaptive,gt,3974,331.08333333333337,0.6197718277390899
ergo_nonadaptive,gt,3975,331.16666666666663,0.6200603409742046
ergo_nonadaptive,gt,3976,331.25,0.6203682381139328
ergo_nonadaptive,gt,3977,331.33333333333337,0.6206697797644771
ergo_nonadaptive,gt,3978,331.41666666666663,0.6209103978963024
ergo_nonadaptive,gt,3979,331.5,0.6210437229529959
ergo_nonadaptive,gt,3980,331.58333333333337,0.6211808612061637
ergo_nonadaptive,gt,3981,331.66666666666663,0.6214131030217821
ergo_nonadaptive,gt,3982,331.75,0.6216712139047514
ergo_nonadaptive,gt,3983,331.83333333333337,0.6218829229308139
ergo_nonadaptive,gt,3984,331.91666666666663,0.6220595655557846
ergo_nonadaptive,gt,3985,332.0,0.6222309839099734
ergo_nonadaptive,gt,3986,332.08333333333337,0.6224000665788965
ergo_nonadaptive,gt,3987,332.16666666666663,0.6225462899047111
ergo_nonadaptive,gt,3988,332.25,0.6226126603944885
ergo_nonadaptive,gt,3989,332.33333333333337,0.6225780823607264
ergo_nonadaptive,gt,3990,332.41666666666663,0.6226394455605292
ergo_nonadaptive,gt,3991,332.5,0.6228110562986918
ergo_nonadaptive,gt,3992,332.58333333333337,0.6230025496867407
ergo_nonadaptive,gt,3993,332.66666666666663,0.6231395762448672
ergo_nonadaptive,gt,3994,332.75,0.6231694340065576
ergo_nonadaptive,gt,3995,332.83333333333337,0.6230888829921732
ergo_nonadaptive,gt,3996,332.91666666666663,0.6231046861528404
ergo_nonadaptive,gt,3997,333.0,0.6232409054811758
ergo_nonadaptive,gt,3998,333.08333333333337,0.6234019504180144
ergo_nonadaptive,gt,3999,333.16666666666663,0.6235204967398593
ergo_nonadaptive,gt,4000,333.25,0.623581036741941
ergo_nonadaptive,gt,4001,333.33333333333337,0.6236046490654275
ergo_nonadaptive,gt,4002,333.41666666666663,0.6236486876692371
ergo_nonadaptive,gt,4003,333.5,0.6237158391660416
ergo_nonadaptive,gt,4004,333.58333333333337,0.6237463493502516
ergo_nonadaptive,gt,4005,333.66666666666663,0.623750325972587
ergo_nonadaptive,gt,4006,333.75,0.6238025278845819
ergo_nonadaptive,gt,4007,333.83333333333337,0.6238959720341354
ergo_nonadaptive,gt,4008,333.91666666666663,0.6239819881103393
ergo_nonadaptive,gt,4009,334.0,0.6240109789356377
ergo_nonadaptive,gt,4010,334.08333333333337,0.6239259749844277
ergo_nonadaptive,gt,4011,334.16666666666663,0.6238117155310602
ergo_nonadaptive,gt,4012,334.25,0.6238326518558778
ergo_nonadaptive,gt,4013,334.33333333333337,0.6239268811326674
ergo_nonadaptive,gt,4014,334.41666666666663,0.624004666723179
ergo_nonadaptive,gt,4015,334.5,0.6240156863682943
ergo_nonadaptive,gt,4016,334.58333333333337,0.6239346588471524
ergo_nonadaptive,gt,4017,334.66666666666663,0.6238163003352418
ergo_nonadaptive,gt,4018,334.75,0.6237736807152399
ergo_nonadaptive,gt,4019,334.83333333333337,0.6237861199321694
ergo_nonadaptive,gt,4020,334.91666666666663,0.6237892262028536
ergo_nonadaptive,gt,4021,335.0,0.6237554757381727
ergo_nonadaptive,gt,4022,335.08333333333337,0.6236771303193855
ergo_nonadaptive,gt,4023,335.16666666666663,0.6235758763688669
ergo_nonadaptive,gt,4024,335.25,0.6235045307284449
ergo_nonadaptive,gt,4025,335.33333333333337,0.6234575134438088
ergo_nonadaptive,gt,4026,335.41666666666663,0.623402939493743
ergo_nonadaptive,gt,4027,335.5,0.6233496910194086
ergo_nonadaptive,gt,4028,335.58333333333337,0.6233041764450189
ergo_nonadaptive,gt,4029,335.66666666666663,0.6232597139464221
ergo_nonadaptive,gt,4030,335.75,0.623230458126081
ergo_nonadaptive,gt,4031,335.83333333333337,0.6232110057041298
ergo_nonadaptive,gt,4032,335.91666666666663,0.6231870290043164
ergo_nonadaptive,gt,4033,336.0,0.623190179755595
ergo_nonadaptive,gt,4034,336.08333333333337,0.6232284433867628
ergo_nonadaptive,gt,4035,336.16666666666663,0.6232671413528833
ergo_nonadaptive,gt,4036,336.25,0.6232977801999291
ergo_nonadaptive,gt,4037,336.33333333333337,0.6233184720305612
ergo_nonadaptive,gt,4038,336.41666666666663,0.6233157048055511
ergo_nonadaptive,gt,4039,336.5,0.6233011801180203
ergo_nonadaptive,gt,4040,336.58333333333337,0.6232710007746723
ergo_nonadaptive,gt,4041,336.66666666666663,0.6232001924572377
ergo_nonadaptive,gt,4042,336.75,0.6231234102974823
ergo_nonadaptive,gt,4043,336.83333333333337,0.6230821869049757
ergo_nonadaptive,gt,4044,336.91666666666663,0.6230578303864043
ergo_nonadaptive,gt,4045,337.0,0.6230238675882189
ergo_nonadaptive,gt,4046,337.08333333333337,0.622952945331492
ergo_nonadaptive,gt,4047,337.16666666666663,0.6228142503093096
ergo_nonadaptive,gt,4048,337.25,0.6226773397324292
ergo_nonadaptive,gt,4049,337.33333333333337,0.6226183964545171
ergo_nonadaptive,gt,4050,337.41666666666663,0.6225972750659473
ergo_nonadaptive,gt,4051,337.5,0.6225567650198883
ergo_nonadaptive,gt,4052,337.58333333333337,0.6224581898103932
ergo_nonadaptive,gt,4053,337.66666666666663,0.6222705833132159
ergo_nonadaptive,gt,4054,337.75,0.6220772657858248
ergo_nonadaptive,gt,4055,337.83333333333337,0.6219739296578447
ergo_nonadaptive,gt,4056,337.91666666666663,0.6219128713381787
ergo_nonadaptive,gt,4057,338.0,0.6218310703785039
ergo_nonadaptive,gt,4058,338.08333333333337,0.6216990651428144
ergo_nonadaptive,gt,4059,338.16666666666663,0.621516018378387
ergo_nonadaptive,gt,4060,338.25,0.6213337096848459
ergo_nonadaptive,gt,4061,338.33333333333337,0.6211867787792446
ergo_nonadaptive,gt,4062,338.41666666666663,0.6210244278657698
ergo_nonadaptive,gt,4063,338.5,0.6207799760688085
ergo_nonadaptive,gt,4064,338.58333333333337,0.620574389269719
ergo_nonadaptive,gt,4065,338.66666666666663,0.620459111604106
ergo_nonadaptive,gt,4066,338.75,0.6203532220720944
ergo_nonadaptive,gt,4067,338.83333333333337,0.6201737302042365
ergo_nonadaptive,gt,4068,338.91666666666663,0.6199723763002226
ergo_nonadaptive,gt,4069,339.0,0.6198367403381261
ergo_nonadaptive,gt,4070,339.08333333333337,0.6197294114043047
ergo_nonadaptive,gt,4071,339.16666666666663,0.6195967311604209
ergo_nonadaptive,gt,4072,339.25,0.6194253929934722
ergo_nonadaptive,gt,4073,339.33333333333337,0.6191975466684762
ergo_nonadaptive,gt,4074,339.41666666666663,0.6189567696063878
ergo_nonadaptive,gt,4075,339.5,0.6187952303693263
ergo_nonadaptive,gt,4076,339.58333333333337,0.6186798338063527
ergo_nonadaptive,gt,4077,339.66666666666663,0.6185200801004538
ergo_nonadaptive,gt,4078,339.75,0.6182902030273667
ergo_nonadaptive,gt,4079,339.83333333333337,0.6181438047827041
ergo_nonadaptive,gt,4080,339.91666666666663,0.618067472452295
ergo_nonadaptive,gt,4081,340.0,0.6179696029104175
ergo_nonadaptive,gt,4082,340.08333333333337,0.6177795820111437
ergo_nonadaptive,gt,4083,340.16666666666663,0.6176331540893141
ergo_nonadaptive,gt,4084,340.25,0.6175783687474542
ergo_nonadaptive,gt,4085,340.33333333333337,0.6175341487242015
ergo_nonadaptive,gt,4086,340.41666666666663,0.617409659428835
ergo_nonadaptive,gt,4087,340.5,0.6172702376066959
ergo_nonadaptive,gt,4088,340.58333333333337,0.6172252049533725
ergo_nonadaptive,gt,4089,340.66666666666663,0.6172228097947718
ergo_nonadaptive,gt,4090,340.75,0.6171720838934768
ergo_nonadaptive,gt,4091,340.83333333333337,0.6170735077348847
ergo_nonadaptive,gt,4092,340.91666666666663,0.6170327860573337
ergo_nonadaptive,gt,4093,341.0,0.6170516078560938
ergo_nonadaptive,gt,4094,341.08333333333337,0.617058377144485
ergo_nonadaptive,gt,4095,341.16666666666663,0.6170211207665872
ergo_nonadaptive,gt,4096,341.25,0.6169982209234903
ergo_nonadaptive,gt,4097,341.33333333333337,0.6170255789793219
ergo_nonadaptive,gt,4098,341.41666666666663,0.6170666951065781
ergo_nonadaptive,gt,4099,341.5,0.6170809589744113
ergo_nonadaptive,gt,4100,341.58333333333337,0.6170859646939902
ergo_nonadaptive,gt,4101,341.66666666666663,0.6171210688147184
ergo_nonadaptive,gt,4102,341.75,0.6171814927978531
ergo_nonadaptive,gt,4103,341.83333333333337,0.6172287843857869
ergo_nonadaptive,gt,4104,341.91666666666663,0.6172526425144167
ergo_nonadaptive,gt,4105,342.0,0.6172918660022757
ergo_nonadaptive,gt,4106,342.08333333333337,0.6173688944228743
ergo_nonadaptive,gt,4107,342.16666666666663,0.6174451739508301
ergo_nonadaptive,gt,4108,342.25,0.6174757845618952
ergo_nonadaptive,gt,4109,342.33333333333337,0.6175032361198336
ergo_nonadaptive,gt,4110,342.41666666666663,0.6175953009010566
ergo_nonadaptive,gt,4111,342.5,0.6177145025030594
ergo_nonadaptive,gt,4112,342.58333333333337,0.6177641559925912
ergo_nonadaptive,gt,4113,342.66666666666663,0.6177554437761633
ergo_nonadaptive,gt,4114,342.75,0.6178471485167998
ergo_nonadaptive,gt,4115,342.83333333333337,0.6180111134463409
ergo_nonadaptive,gt,4116,342.91666666666663,0.6181243623853111
ergo_nonadaptive,gt,4117,343.0,0.6181303252952223
ergo_nonadaptive,gt,4118,343.08333333333337,0.6182008581834021
ergo_nonadaptive,gt,4119,343.16666666666663,0.6183645178901012
ergo_nonadaptive,gt,4120,343.25,0.6185225889757077
ergo_nonadaptive,gt,4121,343.33333333333337,0.6186055767218821
ergo_nonadaptive,gt,4122,343.41666666666663,0.6186738098541007
ergo_nonadaptive,gt,4123,343.5,0.6187944564189144
ergo_nonadaptive,gt,4124,343.58333333333337,0.618936467251388
ergo_nonadaptive,gt,4125,343.66666666666663,0.6190439019480595
ergo_nonadaptive,gt,4126,343.75,0.6191189627456515
ergo_nonadaptive,gt,4127,343.83333333333337,0.6192057875949235
ergo_nonadaptive,gt,4128,343.91666666666663,0.619315183750675
ergo_nonadaptive,gt,4129,344.0,0.6194103015259204
ergo_nonadaptive,gt,4130,344.08333333333337,0.6194563254039234
ergo_nonadaptive,gt,4131,344.16666666666663,0.6194823632064467
ergo_nonadaptive,gt,4132,344.25,0.6195519494771744
ergo_nonadaptive,gt,4133,344.33333333333337,0.6196460502145952
ergo_nonadaptive,gt,4134,344.41666666666663,0.6196729641032342
ergo_nonadaptive,gt,4135,344.5,0.61963483934063
ergo_nonadaptive,gt,4136,344.58333333333337,0.6197069998925622
ergo_nonadaptive,gt,4137,344.66666666666663,0.6198711790724671
ergo_nonadaptive,gt,4138,344.75,0.6200359918607664
ergo_nonadaptive,gt,4139,344.83333333333337,0.6201463354190515
ergo_nonadaptive,gt,4140,344.91666666666663,0.6201849855677094
ergo_nonadaptive,gt,4141,345.0,0.6201866572807836
ergo_nonadaptive,gt,4142,345.08333333333337,0.6202423043573182
ergo_nonadaptive,gt,4143,345.16666666666663,0.6203515610955362
ergo_nonadaptive,gt,4144,345.25,0.62045879339506
ergo_nonadaptive,gt,4145,345.33333333333337,0.6205485037924751
ergo_nonadaptive,gt,4146,345.41666666666663,0.6206170101702696
ergo_nonadaptive,gt,4147,345.5,0.6206596711795974
ergo_nonadaptive,gt,4148,345.58333333333337,0.6207170185727133
ergo_nonadaptive,gt,4149,345.66666666666663,0.6208052838172233
ergo_nonadaptive,gt,4150,345.75,0.6208996716010082
ergo_nonadaptive,gt,4151,345.83333333333337,0.6209902748391464
ergo_nonadaptive,gt,4152,345.91666666666663,0.6210516997679729
ergo_nonadaptive,gt,4153,346.0,0.6210456971064968
ergo_nonadaptive,gt,4154,346.08333333333337,0.6210559285786916
ergo_nonadaptive,gt,4155,346.16666666666663,0.6211638800011522
ergo_nonadaptive,gt,4156,346.25,0.6213230210974673
ergo_nonadaptive,gt,4157,346.33333333333337,0.6214639242136164
ergo_nonadaptive,gt,4158,346.41666666666663,0.6215417099621463
ergo_nonadaptive,gt,4159,346.5,0.6215603019437551
ergo_nonadaptive,gt,4160,346.58333333333337,0.6216081779156758
ergo_nonadaptive,gt,4161,346.66666666666663,0.621720900265521
ergo_nonadaptive,gt,4162,346.75,0.6218127184565421
ergo_nonadaptive,gt,4163,346.83333333333337,0.6217974916011054
ergo_nonadaptive,gt,4164,346.91666666666663,0.6218364283709621
ergo_nonadaptive,gt,4165,347.0,0.6220037617584897
ergo_nonadaptive,gt,4166,347.08333333333337,0.622197273710347
ergo_nonadaptive,gt,4167,347.16666666666663,0.6223220459376992
ergo_nonadaptive,gt,4168,347.25,0.6224119629415826
ergo_nonadaptive,gt,4169,347.33333333333337,0.6225501301054643
ergo_nonadaptive,gt,4170,347.41666666666663,0.6227264619595032
ergo_nonadaptive,gt,4171,347.5,0.6228804577382012
ergo_nonadaptive,gt,4172,347.58333333333337,0.6229937797530597
ergo_nonadaptive,gt,4173,347.66666666666663,0.6231072328575709
ergo_nonadaptive,gt,4174,347.75,0.62325038591787
ergo_nonadaptive,gt,4175,347.83333333333337,0.6233940425211327
ergo_nonadaptive,gt,4176,347.91666666666663,0.6234852604673556
ergo_nonadaptive,gt,4177,348.0,0.6235375532446732
ergo_nonadaptive,gt,4178,348.08333333333337,0.6236462599157121
ergo_nonadaptive,gt,4179,348.16666666666663,0.623815581954022
ergo_nonadaptive,gt,4180,348.25,0.6239438602073569
ergo_nonadaptive,gt,4181,348.33333333333337,0.6239911243489763
ergo_nonadaptive,gt,4182,348.41666666666663,0.6241223733221428
ergo_nonadaptive,gt,4183,348.5,0.6243661608691969
ergo_nonadaptive,gt,4184,348.58333333333337,0.6246350141379963
ergo_nonadaptive,gt,4185,348.66666666666663,0.6248556721809279
ergo_nonadaptive,gt,4186,348.75,0.6249831745178394
ergo_nonadaptive,gt,4187,348.83333333333337,0.6250335684800288
ergo_nonadaptive,gt,4188,348.91666666666663,0.6251735714815568
ergo_nonadaptive,gt,4189,349.0,0.6254286536148537
ergo_nonadaptive,gt,4190,349.08333333333337,0.6257052350516459
ergo_nonadaptive,gt,4191,349.16666666666663,0.6259309679216246
ergo_nonadaptive,gt,4192,349.25,0.626062432219143
ergo_nonadaptive,gt,4193,349.33333333333337,0.6260874139628906
ergo_nonadaptive,gt,4194,349.41666666666663,0.6261249196941111
ergo_nonadaptive,gt,4195,349.5,0.6262285834474296
ergo_nonadaptive,gt,4196,349.58333333333337,0.6263418805178692
ergo_nonadaptive,gt,4197,349.66666666666663,0.6264132623626867
ergo_nonadaptive,gt,4198,349.75,0.6264035841250336
ergo_nonadaptive,gt,4199,349.83333333333337,0.6262753609518258
ergo_nonadaptive,gt,4200,349.91666666666663,0.6262005813067841
ergo_nonadaptive,gt,4201,350.0,0.6262679778289616
ergo_nonadaptive,gt,4202,350.08333333333337,0.626397998223753
ergo_nonadaptive,gt,4203,350.16666666666663,0.6265087602304795
ergo_nonadaptive,gt,4204,350.25,0.6265526245128564
ergo_nonadaptive,gt,4205,350.33333333333337,0.6265094411923288
ergo_nonadaptive,gt,4206,350.41666666666663,0.6264972657191551
ergo_nonadaptive,gt,4207,350.5,0.6266097903677059
ergo_nonadaptive,gt,4208,350.58333333333337,0.6267804918802143
ergo_nonadaptive,gt,4209,350.66666666666663,0.6269303319644434
ergo_nonadaptive,gt,4210,350.75,0.6270377994039492
ergo_nonadaptive,gt,4211,350.83333333333337,0.6271099438832135
ergo_nonadaptive,gt,4212,350.91666666666663,0.6271712565893761
ergo_nonadaptive,gt,4213,351.0,0.6272170901226388
ergo_nonadaptive,gt,4214,351.08333333333337,0.6271400812741508
ergo_nonadaptive,gt,4215,351.16666666666663,0.6270696590244058
ergo_nonadaptive,gt,4216,351.25,0.6270231858245735
ergo_nonadaptive,gt,4217,351.33333333333337,0.626963493578444
ergo_nonadaptive,gt,4218,351.41666666666663,0.6268779476986228
ergo_nonadaptive,gt,4219,351.5,0.6268077322230479
ergo_nonadaptive,gt,4220,351.58333333333337,0.6267712681245172
ergo_nonadaptive,gt,4221,351.66666666666663,0.6267249508193294
ergo_nonadaptive,gt,4222,351.75,0.626625912888279
ergo_nonadaptive,gt,4223,351.83333333333337,0.6265257663396595
ergo_nonadaptive,gt,4224,351.91666666666663,0.6264772982454104
ergo_nonadaptive,gt,4225,352.0,0.6264402994678919
ergo_nonadaptive,gt,4226,352.08333333333337,0.6263621375464398
ergo_nonadaptive,gt,4227,352.16666666666663,0.626274776524116
ergo_nonadaptive,gt,4228,352.25,0.6262361340843501
ergo_nonadaptive,gt,4229,352.33333333333337,0.6261654465183417
ergo_nonadaptive,gt,4230,352.41666666666663,0.6260558685058843
ergo_nonadaptive,gt,4231,352.5,0.6258730057033297
ergo_nonadaptive,gt,4232,352.58333333333337,0.6256067352690938
ergo_nonadaptive,gt,4233,352.66666666666663,0.6251491212691914
ergo_nonadaptive,gt,4234,352.75,0.6246507215729977
ergo_nonadaptive,gt,4235,352.83333333333337,0.6241339156280248
ergo_nonadaptive,gt,4236,352.91666666666663,0.6236233431074577
ergo_nonadaptive,gt,4237,353.0,0.6231201606244828
ergo_nonadaptive,gt,4238,353.08333333333337,0.6226093973313774
ergo_nonadaptive,gt,4239,353.16666666666663,0.6221182650313346
ergo_nonadaptive,gt,4240,353.25,0.6216483449648987
ergo_nonadaptive,gt,4241,353.33333333333337,0.6211669139182462
ergo_nonadaptive,gt,4242,353.41666666666663,0.6207092561597024
ergo_nonadaptive,gt,4243,353.5,0.6202734592140212
ergo_nonadaptive,gt,4244,353.58333333333337,0.619820762403462
ergo_nonadaptive,gt,4245,353.66666666666663,0.6193923168210255
ergo_nonadaptive,gt,4246,353.75,0.6189818914143322
ergo_nonadaptive,gt,4247,353.83333333333337,0.6185508071822943
ergo_nonadaptive,gt,4248,353.91666666666663,0.618140531176415
ergo_nonadaptive,gt,4249,354.0,0.6177424405900488
ergo_nonadaptive,gt,4250,354.08333333333337,0.6173228965718366
ergo_nonadaptive,gt,4251,354.16666666666663,0.616916109256914
ergo_nonadaptive,gt,4252,354.25,0.6165229253973687
ergo_nonadaptive,gt,4253,354.33333333333337,0.6161130673930288
ergo_nonadaptive,gt,4254,354.41666666666663,0.6157134789932646
ergo_nonadaptive,gt,4255,354.5,0.6153307347991892
ergo_nonadaptive,gt,4256,354.58333333333337,0.6149637787503199
ergo_nonadaptive,gt,4257,354.66666666666663,0.614597260296176
ergo_nonadaptive,gt,4258,354.75,0.6142317934545605
ergo_nonadaptive,gt,4259,354.83333333333337,0.6138669915358397
ergo_nonadaptive,gt,4260,354.91666666666663,0.6135004479121811
ergo_nonadaptive,gt,4261,355.0,0.6131358751883029
ergo_nonadaptive,gt,4262,355.08333333333337,0.612805295404297
ergo_nonadaptive,gt,4263,355.16666666666663,0.6124206454821968
ergo_nonadaptive,gt,4264,355.25,0.6121400901546908
ergo_nonadaptive,gt,4265,355.33333333333337,0.6120667426803965
ergo_nonadaptive,gt,4266,355.41666666666663,0.6121201414504404
ergo_nonadaptive,gt,4267,355.5,0.6121635857279907
ergo_nonadaptive,gt,4268,355.58333333333337,0.6121603070396653
ergo_nonadaptive,gt,4269,355.66666666666663,0.6121951816269823
ergo_nonadaptive,gt,4270,355.75,0.6122758011509163
ergo_nonadaptive,gt,4271,355.83333333333337,0.6123377593525335
ergo_nonadaptive,gt,4272,355.91666666666663,0.6123502875691447
ergo_nonadaptive,gt,4273,356.0,0.612371664068686
ergo_nonadaptive,gt,4274,356.08333333333337,0.6124390362768769
ergo_nonadaptive,gt,4275,356.16666666666663,0.612516730211541
ergo_nonadaptive,gt,4276,356.25,0.6125642030013567
ergo_nonadaptive,gt,4277,356.33333333333337,0.6126002144528476
ergo_nonadaptive,gt,4278,356.41666666666663,0.6126633588388699
ergo_nonadaptive,gt,4279,356.5,0.6127467530121913
ergo_nonadaptive,gt,4280,356.58333333333337,0.6128133460534044
ergo_nonadaptive,gt,4281,356.66666666666663,0.6128537219663027
ergo_nonadaptive,gt,4282,356.75,0.6129019972653232
ergo_nonadaptive,gt,4283,356.83333333333337,0.6129794316015431
ergo_nonadaptive,gt,4284,356.91666666666663,0.6130525242869768
ergo_nonadaptive,gt,4285,357.0,0.6130722390189273
ergo_nonadaptive,gt,4286,357.08333333333337,0.6130774704569181
ergo_nonadaptive,gt,4287,357.16666666666663,0.6131515490624103
ergo_nonadaptive,gt,4288,357.25,0.6132623816012205
ergo_nonadaptive,gt,4289,357.33333333333337,0.6133144929377112
ergo_nonadaptive,gt,4290,357.41666666666663,0.6133133061367794
ergo_nonadaptive,gt,4291,357.5,0.6133998449580896
ergo_nonadaptive,gt,4292,357.58333333333337,0.6135574298100557
ergo_nonadaptive,gt,4293,357.66666666666663,0.6137066025952053
ergo_nonadaptive,gt,4294,357.75,0.6138159199900881
ergo_nonadaptive,gt,4295,357.83333333333337,0.6139196912636352
ergo_nonadaptive,gt,4296,357.91666666666663,0.6140484300888296
ergo_nonadaptive,gt,4297,358.0,0.6141917659245612
ergo_nonadaptive,gt,4298,358.08333333333337,0.6143072642309282
ergo_nonadaptive,gt,4299,358.16666666666663,0.6143684592273424
ergo_nonadaptive,gt,4300,358.25,0.614448228057422
ergo_nonadaptive,gt,4301,358.33333333333337,0.6146074780588533
ergo_nonadaptive,gt,4302,358.41666666666663,0.6147847584956444
ergo_nonadaptive,gt,4303,358.5,0.6148986165702285
ergo_nonadaptive,gt,4304,358.58333333333337,0.6150153409691597
ergo_nonadaptive,gt,4305,358.66666666666663,0.615218594624816
ergo_nonadaptive,gt,4306,358.75,0.6154692663348701
ergo_nonadaptive,gt,4307,358.83333333333337,0.6157018980126406
ergo_nonadaptive,gt,4308,358.91666666666663,0.6158905187194459
ergo_nonadaptive,gt,4309,359.0,0.6160571203646757
ergo_nonadaptive,gt,4310,359.08333333333337,0.616248701932085
ergo_nonadaptive,gt,4311,359.16666666666663,0.6164647531027097
ergo_nonadaptive,gt,4312,359.25,0.6166294671287391
ergo_nonadaptive,gt,4313,359.33333333333337,0.6167018820308608
ergo_nonadaptive,gt,4314,359.41666666666663,0.6168760431745628
ergo_nonadaptive,gt,4315,359.5,0.6171623929105082
ergo_nonadaptive,gt,4316,359.58333333333337,0.6174642892292952
ergo_nonadaptive,gt,4317,359.66666666666663,0.6177190520829478
ergo_nonadaptive,gt,4318,359.75,0.6179288481026178
ergo_nonadaptive,gt,4319,359.83333333333337,0.6181266469784805
ergo_nonadaptive,gt,4320,359.91666666666663,0.6183427136225211
ergo_nonadaptive,gt,4321,360.0,0.6185504525978707
ergo_nonadaptive,target_error,1,0.0,0.16514549551861527
ergo_nonadaptive,target_error,2,0.08333333333337123,0.16519404061243212
ergo_nonadaptive,target_error,3,0.16666666666662877,0.16521473373291384
ergo_nonadaptive,target_error,4,0.25,0.16523175850042485
ergo_nonadaptive,target_error,5,0.33333333333337123,0.16524188651360322
ergo_nonadaptive,target_error,6,0.41666666666662877,0.16525125656289633
ergo_nonadaptive,target_error,7,0.5,0.16526570035075797
ergo_nonadaptive,target_error,8,0.5833333333333712,0.16527576158517968
ergo_nonadaptive,target_error,9,0.6666666666666288,0.16528270694025016
ergo_nonadaptive,target_error,10,0.75,0.16529500168788028
ergo_nonadaptive,target_error,11,0.8333333333333712,0.1653088363952943
ergo_nonadaptive,target_error,12,0.9166666666666288,0.16531689865483265
ergo_nonadaptive,target_error,13,1.0,0.16533330901188895
ergo_nonadaptive,target_error,14,1.0833333333333712,0.1653487765931857
ergo_nonadaptive,target_error,15,1.1666666666666288,0.1653561571426294
ergo_nonadaptive,target_error,16,1.25,0.16536821318207298
ergo_nonadaptive,target_error,17,1.3333333333333712,0.16538109718538044
ergo_nonadaptive,target_error,18,1.4166666666666288,0.16540226397608926
ergo_nonadaptive,target_error,19,1.5,0.16541854559997354
ergo_nonadaptive,target_error,20,1.5833333333333712,0.16542654243870203
ergo_nonadaptive,target_error,21,1.6666666666666288,0.1654335307137869
ergo_nonadaptive,target_error,22,1.75,0.16544639468662697
ergo_nonadaptive,target_error,23,1.8333333333333712,0.1654609091769808
ergo_nonadaptive,target_error,24,1.9166666666666288,0.16548253923745462
ergo_nonadaptive,target_error,25,2.0,0.16549687719013179
ergo_nonadaptive,target_error,26,2.0833333333333712,0.1655072980057975
ergo_nonadaptive,target_error,27,2.1666666666666288,0.16551882137824603
ergo_nonadaptive,target_error,28,2.25,0.16553388979085973
ergo_nonadaptive,target_error,29,2.3333333333333712,0.1655479457289303
ergo_nonadaptive,target_error,30,2.4166666666666288,0.16556056439945488
ergo_nonadaptive,target_error,31,2.5,0.1655694026514163
ergo_nonadaptive,target_error,32,2.5833333333333712,0.16558415945770935
ergo_nonadaptive,target_error,33,2.6666666666666288,0.165595958242387
ergo_nonadaptive,target_error,34,2.75,0.16560693236019158
ergo_nonadaptive,target_error,35,2.8333333333333712,0.1656192613340527
ergo_nonadaptive,target_error,36,2.9166666666666288,0.16563531082151264
ergo_nonadaptive,target_error,37,3.0,0.16564270680488208
ergo_nonadaptive,target_error,38,3.0833333333333712,0.1656392316527756
ergo_nonadaptive,target_error,39,3.1666666666666288,0.1656616822877632
ergo_nonadaptive,target_error,40,3.25,0.1656702034907007
ergo_nonadaptive,target_error,41,3.3333333333333712,0.16568802341994956
ergo_nonadaptive,target_error,42,3.4166666666666288,0.16571018564255835
ergo_nonadaptive,target_error,43,3.5,0.16571860107061262
ergo_nonadaptive,target_error,44,3.5833333333333712,0.16574504284019442
ergo_nonadaptive,target_error,45,3.6666666666666288,0.16574579393271224
ergo_nonadaptive,target_error,46,3.75,0.16575272232278102
ergo_nonadaptive,target_error,47,3.8333333333333712,0.16575395642679835
ergo_nonadaptive,target_error,48,3.9166666666666288,0.16577399703489468
ergo_nonadaptive,target_error,49,4.0,0.16576895388037963
ergo_nonadaptive,target_error,50,4.083333333333371,0.16579510421043173
ergo_nonadaptive,target_error,51,4.166666666666629,0.16581228139046394
ergo_nonadaptive,target_error,52,4.25,0.16584139442180335
ergo_nonadaptive,target_error,53,4.333333333333371,0.1658587786979104
ergo_nonadaptive,target_error,54,4.416666666666629,0.1658555621645512
ergo_nonadaptive,target_error,55,4.5,0.165859077399166
ergo_nonadaptive,target_error,56,4.583333333333371,0.16587722721204032
ergo_nonadaptive,target_error,57,4.666666666666629,0.16586287278485654
ergo_nonadaptive,target_error,58,4.75,0.16590260767644208
ergo_nonadaptive,target_error,59,4.833333333333371,0.16591401127483124
ergo_nonadaptive,target_error,60,4.916666666666629,0.1659480503482063
ergo_nonadaptive,target_error,61,5.0,0.1659732779372495
ergo_nonadaptive,target_error,62,5.083333333333371,0.16599678873534995
ergo_nonadaptive,target_error,63,5.166666666666629,0.16602003416264027
ergo_nonadaptive,target_error,64,5.25,0.16602479144309962
ergo_nonadaptive,target_error,65,5.333333333333371,0.16604645659010825
ergo_nonadaptive,target_error,66,5.416666666666629,0.16603814090308738
ergo_nonadaptive,target_error,67,5.5,0.16605538122081204
ergo_nonadaptive,target_error,68,5.583333333333371,0.1660876514079393
ergo_nonadaptive,target_error,69,5.666666666666629,0.16609781744696778
ergo_nonadaptive,target_error,70,5.75,0.166096457261205
ergo_nonadaptive,target_error,71,5.833333333333371,0.16612954837285288
ergo_nonadaptive,target_error,72,5.916666666666629,0.16615853771444933
ergo_nonadaptive,target_error,73,6.0,0.16618306686228768
ergo_nonadaptive,target_error,74,6.083333333333371,0.16620080467817594
ergo_nonadaptive,target_error,75,6.166666666666629,0.1662132926609402
ergo_nonadaptive,target_error,76,6.25,0.16622559684135185
ergo_nonadaptive,target_error,77,6.333333333333371,0.1662395884618919
ergo_nonadaptive,target_error,78,6.416666666666629,0.16625274531623066
ergo_nonadaptive,target_error,79,6.5,0.16627180507874176
ergo_nonadaptive,target_error,80,6.583333333333371,0.1662938133312584
ergo_nonadaptive,target_error,81,6.666666666666629,0.16631580994084835
ergo_nonadaptive,target_error,82,6.75,0.16634087999333338
ergo_nonadaptive,target_error,83,6.833333333333371,0.1663594400383435
ergo_nonadaptive,target_error,84,6.916666666666629,0.1663791037417449
ergo_nonadaptive,target_error,85,7.0,0.16639529224249353
ergo_nonadaptive,target_error,86,7.083333333333371,0.16640735928305625
ergo_nonadaptive,target_error,87,7.166666666666629,0.16642606185665523
ergo_nonadaptive,target_error,88,7.25,0.16644311150825228
ergo_nonadaptive,target_error,89,7.333333333333371,0.1664524134204233
ergo_nonadaptive,target_error,90,7.416666666666629,0.16647364679495585
ergo_nonadaptive,target_error,91,7.5,0.16648691823900844
ergo_nonadaptive,target_error,92,7.583333333333371,0.16648988734857956
ergo_nonadaptive,target_error,93,7.666666666666629,0.16650873751648326
ergo_nonadaptive,target_error,94,7.75,0.16653051364517668
ergo_nonadaptive,target_error,95,7.833333333333371,0.16656005828970796
ergo_nonadaptive,target_error,96,7.916666666666629,0.1665703372941304
ergo_nonadaptive,target_error,97,8.0,0.16656953268232044
ergo_nonadaptive,target_error,98,8.083333333333371,0.16655200763979
ergo_nonadaptive,target_error,99,8.166666666666629,0.16657260633273474
ergo_nonadaptive,target_error,100,8.25,0.16658359857812655
ergo_nonadaptive,target_error,101,8.333333333333371,0.16657557609472803
ergo_nonadaptive,target_error,102,8.416666666666629,0.16645170017493713
ergo_nonadaptive,target_error,103,8.5,0.1662953720348677
ergo_nonadaptive,target_error,104,8.583333333333371,0.1658215155379531
ergo_nonadaptive,target_error,105,8.666666666666629,0.16592641944348405
ergo_nonadaptive,target_error,106,8.75,0.16553553015116082
ergo_nonadaptive,target_error,107,8.833333333333371,0.1650634874365214
ergo_nonadaptive,target_error,108,8.916666666666629,0.1645541007622751
ergo_nonadaptive,target_error,109,9.0,0.16446702866330795
ergo_nonadaptive,target_error,110,9.083333333333371,0.16224282758517083
ergo_nonadaptive,target_error,111,9.166666666666629,0.16177524750022346
ergo_nonadaptive,target_error,112,9.25,0.16234118160604702
ergo_nonadaptive,target_error,113,9.333333333333371,0.16287197641784296
ergo_nonadaptive,target_error,114,9.416666666666629,0.1622054277860424
ergo_nonadaptive,target_error,115,9.5,0.15993722335489108
ergo_nonadaptive,target_error,116,9.583333333333371,0.15979808159194936
ergo_nonadaptive,target_error,117,9.666666666666629,0.15908912202374273
ergo_nonadaptive,target_error,118,9.75,0.1584945015517836
ergo_nonadaptive,target_error,119,9.833333333333371,0.15891387491684367
ergo_nonadaptive,target_error,120,9.916666666666629,0.15936981972162936
ergo_nonadaptive,target_error,121,10.0,0.1582874390464218
ergo_nonadaptive,target_error,122,10.083333333333371,0.15748150972084143
ergo_nonadaptive,target_error,123,10.166666666666629,0.1567834791386708
ergo_nonadaptive,target_error,124,10.25,0.1569481356168191
ergo_nonadaptive,target_error,125,10.333333333333371,0.15652584672516526
ergo_nonadaptive,target_error,126,10.416666666666629,0.15732763264088642
ergo_nonadaptive,target_error,127,10.5,0.15791205871850617
ergo_nonadaptive,target_error,128,10.583333333333371,0.15791196445753214
ergo_nonadaptive,target_error,129,10.666666666666629,0.15802406675432754
ergo_nonadaptive,target_error,130,10.75,0.15889984335794594
ergo_nonadaptive,target_error,131,10.833333333333371,0.15989000038361245
ergo_nonadaptive,target_error,132,10.916666666666629,0.1598680970590876
ergo_nonadaptive,target_error,133,11.0,0.1604731643732749
ergo_nonadaptive,target_error,134,11.083333333333371,0.1611610120506231
ergo_nonadaptive,target_error,135,11.166666666666629,0.16136977727254465
ergo_nonadaptive,target_error,136,11.25,0.16170704007732867
ergo_nonadaptive,target_error,137,11.333333333333371,0.16212807125185183
ergo_nonadaptive,target_error,138,11.416666666666629,0.16254692816239846
ergo_nonadaptive,target_error,139,11.5,0.1627435636340293
ergo_nonadaptive,target_error,140,11.583333333333371,0.16304297831051365
ergo_nonadaptive,target_error,141,11.666666666666629,0.16312445642917986
ergo_nonadaptive,target_error,142,11.75,0.1631500075361682
ergo_nonadaptive,target_error,143,11.833333333333371,0.16327580090687716
ergo_nonadaptive,target_error,144,11.916666666666629,0.1633946190383627
ergo_nonadaptive,target_error,145,12.0,0.16342854428395537
ergo_nonadaptive,target_error,146,12.083333333333371,0.16369614122710052
ergo_nonadaptive,target_error,147,12.166666666666629,0.16374144124165954
ergo_nonadaptive,target_error,148,12.25,0.1638416160193683
ergo_nonadaptive,target_error,149,12.333333333333371,0.16389336531968646
ergo_nonadaptive,target_error,150,12.416666666666629,0.1639398683644602
ergo_nonadaptive,target_error,151,12.5,0.16397189843317653
ergo_nonadaptive,target_error,152,12.583333333333371,0.16417949772747398
ergo_nonadaptive,target_error,153,12.666666666666629,0.16439382499369784
ergo_nonadaptive,target_error,154,12.75,0.16444672038112088
ergo_nonadaptive,target_error,155,12.833333333333371,0.16443829058099652
ergo_nonadaptive,target_error,156,12.916666666666629,0.16454686696092585
ergo_nonadaptive,target_error,157,13.0,0.16461342939256035
ergo_nonadaptive,target_error,158,13.083333333333371,0.16461380889935312
ergo_nonadaptive,target_error,159,13.166666666666629,0.16471115813934906
ergo_nonadaptive,target_error,160,13.25,0.1648658059034926
ergo_nonadaptive,target_error,161,13.333333333333371,0.1648760865446326
ergo_nonadaptive,target_error,162,13.416666666666629,0.1649365518089659
ergo_nonadaptive,target_error,163,13.5,0.16498089198344057
ergo_nonadaptive,target_error,164,13.583333333333371,0.16500630304370012
ergo_nonadaptive,target_error,165,13.666666666666629,0.16516570685108492
ergo_nonadaptive,target_error,166,13.75,0.16518328412129066
ergo_nonadaptive,target_error,167,13.833333333333371,0.16518696758890494
ergo_nonadaptive,target_error,168,13.916666666666629,0.1651908585628213
ergo_nonadaptive,target_error,169,14.0,0.16516244201114164
ergo_nonadaptive,target_error,170,14.083333333333371,0.16519134512911618
ergo_nonadaptive,target_error,171,14.166666666666629,0.16535492371817806
ergo_nonadaptive,target_error,172,14.25,0.16534833321184095
ergo_nonadaptive,target_error,173,14.333333333333371,0.16544671730964663
ergo_nonadaptive,target_error,174,14.416666666666629,0.16547416562900544
ergo_nonadaptive,target_error,175,14.5,0.16541843337370823
ergo_nonadaptive,target_error,176,14.583333333333371,0.1654510485564322
ergo_nonadaptive,target_error,177,14.666666666666629,0.16545858418721734
ergo_nonadaptive,target_error,178,14.75,0.1654439492993672
ergo_nonadaptive,target_error,179,14.833333333333371,0.165389472554559
ergo_nonadaptive,target_error,180,14.916666666666629,0.16546419100629264
ergo_nonadaptive,target_error,181,15.0,0.16548703145125784
ergo_nonadaptive,target_error,182,15.083333333333371,0.16551614204790374
ergo_nonadaptive,target_error,183,15.166666666666629,0.16549682288607015
ergo_nonadaptive,target_error,184,15.25,0.16554375672259805
ergo_nonadaptive,target_error,185,15.333333333333371,0.165519061779056
ergo_nonadaptive,target_error,186,15.416666666666629,0.16558177203634494
ergo_nonadaptive,target_error,187,15.5,0.16552969156104239
ergo_nonadaptive,target_error,188,15.583333333333371,0.16545066857393828
ergo_nonadaptive,target_error,189,15.666666666666629,0.16549362257028283
ergo_nonadaptive,target_error,190,15.75,0.16548150219356875
ergo_nonadaptive,target_error,191,15.833333333333371,0.165305687285028
ergo_nonadaptive,target_error,192,15.916666666666629,0.16534476428770828
ergo_nonadaptive,target_error,193,16.0,0.16524210156029526
ergo_nonadaptive,target_error,194,16.08333333333337,0.16523877306386073
ergo_nonadaptive,target_error,195,16.16666666666663,0.1651001685404028
ergo_nonadaptive,target_error,196,16.25,0.1649257143558746
ergo_nonadaptive,target_error,197,16.33333333333337,0.16458228474679082
ergo_nonadaptive,target_error,198,16.41666666666663,0.1642498291499285
ergo_nonadaptive,target_error,199,16.5,0.16338057053150645
ergo_nonadaptive,target_error,200,16.58333333333337,0.16331669912231744
ergo_nonadaptive,target_error,201,16.66666666666663,0.16294595020560113
ergo_nonadaptive,target_error,202,16.75,0.16194248595424848
ergo_nonadaptive,target_error,203,16.83333333333337,0.1620293523336844
ergo_nonadaptive,target_error,204,16.91666666666663,0.16229856480893812
ergo_nonadaptive,target_error,205,17.0,0.16164605929199008
ergo_nonadaptive,target_error,206,17.08333333333337,0.16108629023160972
ergo_nonadaptive,target_error,207,17.16666666666663,0.16156590656091058
ergo_nonadaptive,target_error,208,17.25,0.160441315932325
ergo_nonadaptive,target_error,209,17.33333333333337,0.16010997076443406
ergo_nonadaptive,target_error,210,17.41666666666663,0.1601308279410011
ergo_nonadaptive,target_error,211,17.5,0.15993315098941924
ergo_nonadaptive,target_error,212,17.58333333333337,0.1599767722509596
ergo_nonadaptive,target_error,213,17.66666666666663,0.16027800273237716
ergo_nonadaptive,target_error,214,17.75,0.16033490345472268
ergo_nonadaptive,target_error,215,17.83333333333337,0.16050443260694677
ergo_nonadaptive,target_error,216,17.91666666666663,0.16053402403590872
ergo_nonadaptive,target_error,217,18.0,0.16046517061830617
ergo_nonadaptive,target_error,218,18.08333333333337,0.16082058962056653
ergo_nonadaptive,target_error,219,18.16666666666663,0.16112804641764772
ergo_nonadaptive,target_error,220,18.25,0.16126497523207053
ergo_nonadaptive,target_error,221,18.33333333333337,0.16151337275457112
ergo_nonadaptive,target_error,222,18.41666666666663,0.16199913239762692
ergo_nonadaptive,target_error,223,18.5,0.16206177421944878
ergo_nonadaptive,target_error,224,18.58333333333337,0.1619069117104333
ergo_nonadaptive,target_error,225,18.66666666666663,0.16192407130158837
ergo_nonadaptive,target_error,226,18.75,0.16291857110117386
ergo_nonadaptive,target_error,227,18.83333333333337,0.16307957144297208
ergo_nonadaptive,target_error,228,18.91666666666663,0.16309278881225697
ergo_nonadaptive,target_error,229,19.0,0.16296784707039738
ergo_nonadaptive,target_error,230,19.08333333333337,0.16366657318924321
ergo_nonadaptive,target_error,231,19.16666666666663,0.16395862595256502
ergo_nonadaptive,target_error,232,19.25,0.16401942871555109
ergo_nonadaptive,target_error,233,19.33333333333337,0.16377366375744667
ergo_nonadaptive,target_error,234,19.41666666666663,0.16418813144349811
ergo_nonadaptive,target_error,235,19.5,0.16414814896711905
ergo_nonadaptive,target_error,236,19.58333333333337,0.16425063141472476
ergo_nonadaptive,target_error,237,19.66666666666663,0.16443092480424307
ergo_nonadaptive,target_error,238,19.75,0.1643932920431847
ergo_nonadaptive,target_error,239,19.83333333333337,0.164441921996499
ergo_nonadaptive,target_error,240,19.91666666666663,0.1646315157637349
ergo_nonadaptive,target_error,241,20.0,0.16459380645103508
ergo_nonadaptive,target_error,242,20.08333333333337,0.16511594303481614
ergo_nonadaptive,target_error,243,20.16666666666663,0.16492594146893794
ergo_nonadaptive,target_error,244,20.25,0.16488654202523825
ergo_nonadaptive,target_error,245,20.33333333333337,0.16482117603977658
ergo_nonadaptive,target_error,246,20.41666666666663,0.1646538905953227
ergo_nonadaptive,target_error,247,20.5,0.16527643650034618
ergo_nonadaptive,target_error,248,20.58333333333337,0.16557815043041607
ergo_nonadaptive,target_error,249,20.66666666666663,0.16567525049735363
ergo_nonadaptive,target_error,250,20.75,0.16575910964742296
ergo_nonadaptive,target_error,251,20.83333333333337,0.16587856831013406
ergo_nonadaptive,target_error,252,20.91666666666663,0.1660309960330779
ergo_nonadaptive,target_error,253,21.0,0.16612589274261638
ergo_nonadaptive,target_error,254,21.08333333333337,0.16607623781880163
ergo_nonadaptive,target_error,255,21.16666666666663,0.1663212164860661
ergo_nonadaptive,target_error,256,21.25,0.16639378211974384
ergo_nonadaptive,target_error,257,21.33333333333337,0.16662833793667378
ergo_nonadaptive,target_error,258,21.41666666666663,0.1665900571971824
ergo_nonadaptive,target_error,259,21.5,0.16670778151725832
ergo_nonadaptive,target_error,260,21.58333333333337,0.16685444106597555
ergo_nonadaptive,target_error,261,21.66666666666663,0.16680385412510226
ergo_nonadaptive,target_error,262,21.75,0.1668713281553101
ergo_nonadaptive,target_error,263,21.83333333333337,0.16716782191373092
ergo_nonadaptive,target_error,264,21.91666666666663,0.16691463554108144
ergo_nonadaptive,target_error,265,22.0,0.16710774090881417
ergo_nonadaptive,target_error,266,22.08333333333337,0.16712629419500552
ergo_nonadaptive,target_error,267,22.16666666666663,0.16750203417807816
ergo_nonadaptive,target_error,268,22.25,0.16739411905751625
ergo_nonadaptive,target_error,269,22.33333333333337,0.16747618467670408
ergo_nonadaptive,target_error,270,22.41666666666663,0.16737190064952678
ergo_nonadaptive,target_error,271,22.5,0.1674821514947604
ergo_nonadaptive,target_error,272,22.58333333333337,0.16742042567736332
ergo_nonadaptive,target_error,273,22.66666666666663,0.16746243578072006
ergo_nonadaptive,target_error,274,22.75,0.16764174971515294
ergo_nonadaptive,target_error,275,22.83333333333337,0.16792084931885856
ergo_nonadaptive,target_error,276,22.91666666666663,0.16784317760269474
ergo_nonadaptive,target_error,277,23.0,0.16783623433865763
ergo_nonadaptive,target_error,278,23.08333333333337,0.16770251527915378
ergo_nonadaptive,target_error,279,23.16666666666663,0.1680592867980705
ergo_nonadaptive,target_error,280,23.25,0.16824253025728084
ergo_nonadaptive,target_error,281,23.33333333333337,0.16825711921374806
ergo_nonadaptive,target_error,282,23.41666666666663,0.16851432452465878
ergo_nonadaptive,target_error,283,23.5,0.16877948748207006
ergo_nonadaptive,target_error,284,23.58333333333337,0.1685845288363534
ergo_nonadaptive,target_error,285,23.66666666666663,0.1686454517976871
ergo_nonadaptive,target_error,286,23.75,0.16871938987286342
ergo_nonadaptive,target_error,287,23.83333333333337,0.16869297407214318
ergo_nonadaptive,target_error,288,23.91666666666663,0.16874713550894319
ergo_nonadaptive,target_error,289,24.0,0.16897108908556302
ergo_nonadaptive,target_error,290,24.08333333333337,0.16894472926106918
ergo_nonadaptive,target_error,291,24.16666666666663,0.16911436185103113
ergo_nonadaptive,target_error,292,24.25,0.16900154843270443
ergo_nonadaptive,target_error,293,24.33333333333337,0.16889779705939453
ergo_nonadaptive,target_error,294,24.41666666666663,0.16899790428065412
ergo_nonadaptive,target_error,295,24.5,0.16898021515201633
ergo_nonadaptive,target_error,296,24.58333333333337,0.1691205465986918
ergo_nonadaptive,target_error,297,24.66666666666663,0.16920747095246946
ergo_nonadaptive,target_error,298,24.75,0.16916740426557755
ergo_nonadaptive,target_error,299,24.83333333333337,0.16901188842058773
ergo_nonadaptive,target_error,300,24.91666666666663,0.16914969567557006
ergo_nonadaptive,target_error,301,25.0,0.16934802491670164
ergo_nonadaptive,target_error,302,25.08333333333337,0.16929938832043062
ergo_nonadaptive,target_error,303,25.16666666666663,0.1694196399111003
ergo_nonadaptive,target_error,304,25.25,0.16904202635142257
ergo_nonadaptive,target_error,305,25.33333333333337,0.1691364312919999
ergo_nonadaptive,target_error,306,25.41666666666663,0.16914873120266125
ergo_nonadaptive,target_error,307,25.5,0.16891429756378357
ergo_nonadaptive,target_error,308,25.58333333333337,0.16894681018986388
ergo_nonadaptive,target_error,309,25.66666666666663,0.16922052888501002
ergo_nonadaptive,target_error,310,25.75,0.16931592280770894
ergo_nonadaptive,target_error,311,25.83333333333337,0.16943582556006617
ergo_nonadaptive,target_error,312,25.91666666666663,0.16919306172256868
ergo_nonadaptive,target_error,313,26.0,0.16862770775137492
ergo_nonadaptive,target_error,314,26.08333333333337,0.16844192755553697
ergo_nonadaptive,target_error,315,26.16666666666663,0.16872996763406023
ergo_nonadaptive,target_error,316,26.25,0.16849062162299663
ergo_nonadaptive,target_error,317,26.33333333333337,0.16841207460702665
ergo_nonadaptive,target_error,318,26.41666666666663,0.16867051801396185
ergo_nonadaptive,target_error,319,26.5,0.1681240444974823
ergo_nonadaptive,target_error,320,26.58333333333337,0.1678035960075104
ergo_nonadaptive,target_error,321,26.66666666666663,0.16779149066568977
ergo_nonadaptive,target_error,322,26.75,0.16737573902711395
ergo_nonadaptive,target_error,323,26.83333333333337,0.1671969192319777
ergo_nonadaptive,target_error,324,26.91666666666663,0.16734782533662948
ergo_nonadaptive,target_error,325,27.0,0.1672050706323061
ergo_nonadaptive,target_error,326,27.08333333333337,0.16732638505413927
ergo_nonadaptive,target_error,327,27.16666666666663,0.1671645515726276
ergo_nonadaptive,target_error,328,27.25,0.16584012728476263
ergo_nonadaptive,target_error,329,27.33333333333337,0.16558596336508732
ergo_nonadaptive,target_error,330,27.41666666666663,0.1653829991310166
ergo_nonadaptive,target_error,331,27.5,0.16522194510227753
ergo_nonadaptive,target_error,332,27.58333333333337,0.16341879967994902
ergo_nonadaptive,target_error,333,27.66666666666663,0.1626259006810213
ergo_nonadaptive,target_error,334,27.75,0.16235572372963217
ergo_nonadaptive,target_error,335,27.83333333333337,0.16329655156488765
ergo_nonadaptive,target_error,336,27.91666666666663,0.16225387277332165
ergo_nonadaptive,target_error,337,28.0,0.1625566159567481
ergo_nonadaptive,target_error,338,28.08333333333337,0.1635209571031827
ergo_nonadaptive,target_error,339,28.16666666666663,0.1622249834187728
ergo_nonadaptive,target_error,340,28.25,0.16283490642807236
ergo_nonadaptive,target_error,341,28.33333333333337,0.16390023285709207
ergo_nonadaptive,target_error,342,28.41666666666663,0.1626595200070372
ergo_nonadaptive,target_error,343,28.5,0.1634045187303191
ergo_nonadaptive,target_error,344,28.58333333333337,0.16337863772418576
ergo_nonadaptive,target_error,345,28.66666666666663,0.16287707413069194
ergo_nonadaptive,target_error,346,28.75,0.16179782260942546
ergo_nonadaptive,target_error,347,28.83333333333337,0.16248136478942318
ergo_nonadaptive,target_error,348,28.91666666666663,0.1618420965277377
ergo_nonadaptive,target_error,349,29.0,0.160827698301244
ergo_nonadaptive,target_error,350,29.08333333333337,0.1615003040558905
ergo_nonadaptive,target_error,351,29.16666666666663,0.16276061824019808
ergo_nonadaptive,target_error,352,29.25,0.16116507606937486
ergo_nonadaptive,target_error,353,29.33333333333337,0.16158488367281726
ergo_nonadaptive,target_error,354,29.41666666666663,0.16323018004092427
ergo_nonadaptive,target_error,355,29.5,0.1634715187965771
ergo_nonadaptive,target_error,356,29.58333333333337,0.163425774168616
ergo_nonadaptive,target_error,357,29.66666666666663,0.164566538096678
ergo_nonadaptive,target_error,358,29.75,0.16460471497284465
ergo_nonadaptive,target_error,359,29.83333333333337,0.1644738414541922
ergo_nonadaptive,target_error,360,29.91666666666663,0.16496871841460334
ergo_nonadaptive,target_error,361,30.0,0.16597684993135128
ergo_nonadaptive,target_error,362,30.08333333333337,0.1657773360349272
ergo_nonadaptive,target_error,363,30.16666666666663,0.16542266781462148
ergo_nonadaptive,target_error,364,30.25,0.166112685074641
ergo_nonadaptive,target_error,365,30.33333333333337,0.16633492310222225
ergo_nonadaptive,target_error,366,30.41666666666663,0.16686712646481566
ergo_nonadaptive,target_error,367,30.5,0.1667394749726721
ergo_nonadaptive,target_error,368,30.58333333333337,0.16735669769421332
ergo_nonadaptive,target_error,369,30.66666666666663,0.16767600852783973
ergo_nonadaptive,target_error,370,30.75,0.1675552837637666
ergo_nonadaptive,target_error,371,30.83333333333337,0.1680473596689565
ergo_nonadaptive,target_error,372,30.91666666666663,0.16835102744439936
ergo_nonadaptive,target_error,373,31.0,0.16863747407833368
ergo_nonadaptive,target_error,374,31.08333333333337,0.16897232431220627
ergo_nonadaptive,target_error,375,31.16666666666663,0.16909588181562135
ergo_nonadaptive,target_error,376,31.25,0.1689766940629469
ergo_nonadaptive,target_error,377,31.33333333333337,0.16879360004557858
ergo_nonadaptive,target_error,378,31.41666666666663,0.16885375890593585
ergo_nonadaptive,target_error,379,31.5,0.16909127709494057
ergo_nonadaptive,target_error,380,31.58333333333337,0.16905871879722634
ergo_nonadaptive,target_error,381,31.66666666666663,0.16943451111266414
ergo_nonadaptive,target_error,382,31.75,0.16930659999629968
ergo_nonadaptive,target_error,383,31.83333333333337,0.16940069728211102
ergo_nonadaptive,target_error,384,31.91666666666663,0.16962640929167785
ergo_nonadaptive,target_error,385,32.0,0.16960731402833396
ergo_nonadaptive,target_error,386,32.08333333333337,0.16957029201328946
ergo_nonadaptive,target_error,387,32.16666666666663,0.1696808935954219
ergo_nonadaptive,target_error,388,32.25,0.1700164474648139
ergo_nonadaptive,target_error,389,32.33333333333337,0.17017991865851725
ergo_nonadaptive,target_error,390,32.41666666666663,0.17016195459159889
ergo_nonadaptive,target_error,391,32.5,0.16970375135498386
ergo_nonadaptive,target_error,392,32.58333333333337,0.1697756425001283
ergo_nonadaptive,target_error,393,32.66666666666663,0.16967625606420883
ergo_nonadaptive,target_error,394,32.75,0.1695718601884395
ergo_nonadaptive,target_error,395,32.83333333333337,0.16994334037413467
ergo_nonadaptive,target_error,396,32.91666666666663,0.17007440281221464
ergo_nonadaptive,target_error,397,33.0,0.1699162038671426
ergo_nonadaptive,target_error,398,33.08333333333337,0.17001978886046878
ergo_nonadaptive,target_error,399,33.16666666666663,0.1698782770231219
ergo_nonadaptive,target_error,400,33.25,0.1701163006139387
ergo_nonadaptive,target_error,401,33.33333333333337,0.16976556913084206
ergo_nonadaptive,target_error,402,33.41666666666663,0.1699703072861896
ergo_nonadaptive,target_error,403,33.5,0.16999227158100153
ergo_nonadaptive,target_error,404,33.58333333333337,0.17007376513043904
ergo_nonadaptive,target_error,405,33.66666666666663,0.16984333289034026
ergo_nonadaptive,target_error,406,33.75,0.169979183161038
ergo_nonadaptive,target_error,407,33.83333333333337,0.1698951739435495
ergo_nonadaptive,target_error,408,33.91666666666663,0.16950065526883476
ergo_nonadaptive,target_error,409,34.0,0.1692078305286455
ergo_nonadaptive,target_error,410,34.08333333333337,0.1692682275252352
ergo_nonadaptive,target_error,411,34.16666666666663,0.16895367473079084
ergo_nonadaptive,target_error,412,34.25,0.16823887307513194
ergo_nonadaptive,target_error,413,34.33333333333337,0.16865832296951647
ergo_nonadaptive,target_error,414,34.41666666666663,0.16753624556653327
ergo_nonadaptive,target_error,415,34.5,0.16742985052720918
ergo_nonadaptive,target_error,416,34.58333333333337,0.16664880559419662
ergo_nonadaptive,target_error,417,34.66666666666663,0.1652326436983927
ergo_nonadaptive,target_error,418,34.75,0.16491385073546153
ergo_nonadaptive,target_error,419,34.83333333333337,0.16451210605372527
ergo_nonadaptive,target_error,420,34.91666666666663,0.16357836401782702
ergo_nonadaptive,target_error,421,35.0,0.16113294383994964
ergo_nonadaptive,target_error,422,35.08333333333337,0.1598897336669689
ergo_nonadaptive,target_error,423,35.16666666666663,0.15855974200520676
ergo_nonadaptive,target_error,424,35.25,0.15823340323372936
ergo_nonadaptive,target_error,425,35.33333333333337,0.1556447959780808
ergo_nonadaptive,target_error,426,35.41666666666663,0.154187624599742
ergo_nonadaptive,target_error,427,35.5,0.15405204845566622
ergo_nonadaptive,target_error,428,35.58333333333337,0.15518203303803785
ergo_nonadaptive,target_error,429,35.66666666666663,0.15496735008364554
ergo_nonadaptive,target_error,430,35.75,0.1558420540747644
ergo_nonadaptive,target_error,431,35.83333333333337,0.15404409006776057
ergo_nonadaptive,target_error,432,35.91666666666663,0.15346979130306568
ergo_nonadaptive,target_error,433,36.0,0.1543763481016233
ergo_nonadaptive,target_error,434,36.08333333333337,0.15295451861132697
ergo_nonadaptive,target_error,435,36.16666666666663,0.15377382414268642
ergo_nonadaptive,target_error,436,36.25,0.15455648068843164
ergo_nonadaptive,target_error,437,36.33333333333337,0.1552648181688034
ergo_nonadaptive,target_error,438,36.41666666666663,0.15549467769044525
ergo_nonadaptive,target_error,439,36.5,0.1567224804153236
ergo_nonadaptive,target_error,440,36.58333333333337,0.1561363106585926
ergo_nonadaptive,target_error,441,36.66666666666663,0.15742837727230155
ergo_nonadaptive,target_error,442,36.75,0.1586923359055082
ergo_nonadaptive,target_error,443,36.83333333333337,0.16005991173491219
ergo_nonadaptive,target_error,444,36.91666666666663,0.15996327496548948
ergo_nonadaptive,target_error,445,37.0,0.16112753294857335
ergo_nonadaptive,target_error,446,37.08333333333337,0.15936214159339004
ergo_nonadaptive,target_error,447,37.16666666666663,0.15970045121784454
ergo_nonadaptive,target_error,448,37.25,0.16024050221692143
ergo_nonadaptive,target_error,449,37.33333333333337,0.16147140518090483
ergo_nonadaptive,target_error,450,37.41666666666663,0.16200785571795
ergo_nonadaptive,target_error,451,37.5,0.1627102368741401
ergo_nonadaptive,target_error,452,37.58333333333337,0.16331044730239214
ergo_nonadaptive,target_error,453,37.66666666666663,0.1631582055803147
ergo_nonadaptive,target_error,454,37.75,0.16388603541681143
ergo_nonadaptive,target_error,455,37.83333333333337,0.16415720150880053
ergo_nonadaptive,target_error,456,37.91666666666663,0.16470412335961376
ergo_nonadaptive,target_error,457,38.0,0.16515750548309965
ergo_nonadaptive,target_error,458,38.08333333333337,0.16564636986382902
ergo_nonadaptive,target_error,459,38.16666666666663,0.16578132275467422
ergo_nonadaptive,target_error,460,38.25,0.16647128876458483
ergo_nonadaptive,target_error,461,38.33333333333337,0.1665761974675621
ergo_nonadaptive,target_error,462,38.41666666666663,0.1664825074941697
ergo_nonadaptive,target_error,463,38.5,0.16646017103708854
ergo_nonadaptive,target_error,464,38.58333333333337,0.16697690843085206
ergo_nonadaptive,target_error,465,38.66666666666663,0.16705995369583304
ergo_nonadaptive,target_error,466,38.75,0.1672712769246335
ergo_nonadaptive,target_error,467,38.83333333333337,0.16780125109647437
ergo_nonadaptive,target_error,468,38.91666666666663,0.16794139577291886
ergo_nonadaptive,target_error,469,39.0,0.16868215471566098
ergo_nonadaptive,target_error,470,39.08333333333337,0.16829981970928146
ergo_nonadaptive,target_error,471,39.16666666666663,0.16797800005778274
ergo_nonadaptive,target_error,472,39.25,0.16785314719377695
ergo_nonadaptive,target_error,473,39.33333333333337,0.16772263616740746
ergo_nonadaptive,target_error,474,39.41666666666663,0.16830319299151855
ergo_nonadaptive,target_error,475,39.5,0.1682212480888041
ergo_nonadaptive,target_error,476,39.58333333333337,0.16858916723250825
ergo_nonadaptive,target_error,477,39.66666666666663,0.16840520625297012
ergo_nonadaptive,target_error,478,39.75,0.16840086970766155
ergo_nonadaptive,target_error,479,39.83333333333337,0.16834328404738605
ergo_nonadaptive,target_error,480,39.91666666666663,0.16824455992039625
ergo_nonadaptive,target_error,481,40.0,0.1681348382103169
ergo_nonadaptive,target_error,482,40.08333333333337,0.16845295910234184
ergo_nonadaptive,target_error,483,40.16666666666663,0.16884477168240364
ergo_nonadaptive,target_error,484,40.25,0.16891887127977542
ergo_nonadaptive,target_error,485,40.33333333333337,0.16881640074651316
ergo_nonadaptive,target_error,486,40.41666666666663,0.16824987133524277
ergo_nonadaptive,target_error,487,40.5,0.1682894139240136
ergo_nonadaptive,target_error,488,40.58333333333337,0.1684072960811982
ergo_nonadaptive,target_error,489,40.66666666666663,0.16840649737726
ergo_nonadaptive,target_error,490,40.75,0.1681377332765058
ergo_nonadaptive,target_error,491,40.83333333333337,0.16804092347244448
ergo_nonadaptive,target_error,492,40.91666666666663,0.16820203884131688
ergo_nonadaptive,target_error,493,41.0,0.1672955121264588
ergo_nonadaptive,target_error,494,41.08333333333337,0.16767160245489707
ergo_nonadaptive,target_error,495,41.16666666666663,0.16753045489308585
ergo_nonadaptive,target_error,496,41.25,0.16707131590352364
ergo_nonadaptive,target_error,497,41.33333333333337,0.16687177485934868
ergo_nonadaptive,target_error,498,41.41666666666663,0.16672657078757588
ergo_nonadaptive,target_error,499,41.5,0.1660557354115453
ergo_nonadaptive,target_error,500,41.58333333333337,0.16555981758062832
ergo_nonadaptive,target_error,501,41.66666666666663,0.16559396619196698
ergo_nonadaptive,target_error,502,41.75,0.16438816959605612
ergo_nonadaptive,target_error,503,41.83333333333337,0.16394285600837044
ergo_nonadaptive,target_error,504,41.91666666666663,0.1642166029391771
ergo_nonadaptive,target_error,505,42.0,0.16564106563963543
ergo_nonadaptive,target_error,506,42.08333333333337,0.16479982983936
ergo_nonadaptive,target_error,507,42.16666666666663,0.164585420006016
ergo_nonadaptive,target_error,508,42.25,0.1641374271657793
ergo_nonadaptive,target_error,509,42.33333333333337,0.165080281210958
ergo_nonadaptive,target_error,510,42.41666666666663,0.1654260337538087
ergo_nonadaptive,target_error,511,42.5,0.1651257598255846
ergo_nonadaptive,target_error,512,42.58333333333337,0.16567915730474542
ergo_nonadaptive,target_error,513,42.66666666666663,0.16490881302095528
ergo_nonadaptive,target_error,514,42.75,0.1657885921099301
ergo_nonadaptive,target_error,515,42.83333333333337,0.16564814614453024
ergo_nonadaptive,target_error,516,42.91666666666663,0.16620330143347278
ergo_nonadaptive,target_error,517,43.0,0.16635867922680989
ergo_nonadaptive,target_error,518,43.08333333333337,0.16651714971989487
ergo_nonadaptive,target_error,519,43.16666666666663,0.16702396167673603
ergo_nonadaptive,target_error,520,43.25,0.16716447595932696
ergo_nonadaptive,target_error,521,43.33333333333337,0.1677924958620137
ergo_nonadaptive,target_error,522,43.41666666666663,0.1682373574959678
ergo_nonadaptive,target_error,523,43.5,0.1686381228696947
ergo_nonadaptive,target_error,524,43.58333333333337,0.16840659972786373
ergo_nonadaptive,target_error,525,43.66666666666663,0.16867414454713045
ergo_nonadaptive,target_error,526,43.75,0.16901493091158099
ergo_nonadaptive,target_error,527,43.83333333333337,0.16929937277687773
ergo_nonadaptive,target_error,528,43.91666666666663,0.16925736779728265
ergo_nonadaptive,target_error,529,44.0,0.16942802157731715
ergo_nonadaptive,target_error,530,44.08333333333337,0.16993918849063283
ergo_nonadaptive,target_error,531,44.16666666666663,0.17016911342558655
ergo_nonadaptive,target_error,532,44.25,0.17005969102163143
ergo_nonadaptive,target_error,533,44.33333333333337,0.17023812986038903
ergo_nonadaptive,target_error,534,44.41666666666663,0.1704107364115247
ergo_nonadaptive,target_error,535,44.5,0.17049392229896393
ergo_nonadaptive,target_error,536,44.58333333333337,0.17017895411934197
ergo_nonadaptive,target_error,537,44.66666666666663,0.1704830652373505
ergo_nonadaptive,target_error,538,44.75,0.1704821791337238
ergo_nonadaptive,target_error,539,44.83333333333337,0.17083054902966022
ergo_nonadaptive,target_error,540,44.91666666666663,0.17092818711072955
ergo_nonadaptive,target_error,541,45.0,0.17125808927367836
ergo_nonadaptive,target_error,542,45.08333333333337,0.1713428769534934
ergo_nonadaptive,target_error,543,45.16666666666663,0.17158247991817066
ergo_nonadaptive,target_error,544,45.25,0.1718020926794645
ergo_nonadaptive,target_error,545,45.33333333333337,0.17206779755464358
ergo_nonadaptive,target_error,546,45.41666666666663,0.17227273624803616
ergo_nonadaptive,target_error,547,45.5,0.17218151212248234
ergo_nonadaptive,target_error,548,45.58333333333337,0.17234038331675905
ergo_nonadaptive,target_error,549,45.66666666666663,0.172389089144616
ergo_nonadaptive,target_error,550,45.75,0.17254068350466586
ergo_nonadaptive,target_error,551,45.83333333333337,0.17266334454136117
ergo_nonadaptive,target_error,552,45.91666666666663,0.17282356451967887
ergo_nonadaptive,target_error,553,46.0,0.172856650641693
ergo_nonadaptive,target_error,554,46.08333333333337,0.17303069756477726
ergo_nonadaptive,target_error,555,46.16666666666663,0.17305958948927622
ergo_nonadaptive,target_error,556,46.25,0.17307767013039702
ergo_nonadaptive,target_error,557,46.33333333333337,0.17318984504595392
ergo_nonadaptive,target_error,558,46.41666666666663,0.1733079078252552
ergo_nonadaptive,target_error,559,46.5,0.17349818663777566
ergo_nonadaptive,target_error,560,46.58333333333337,0.17379059045590767
ergo_nonadaptive,target_error,561,46.66666666666663,0.17385890039915855
ergo_nonadaptive,target_error,562,46.75,0.17410157090201295
ergo_nonadaptive,target_error,563,46.83333333333337,0.17407284968145598
ergo_nonadaptive,target_error,564,46.91666666666663,0.17400910026780006
ergo_nonadaptive,target_error,565,47.0,0.17422090881308785
ergo_nonadaptive,target_error,566,47.08333333333337,0.1740207726080394
ergo_nonadaptive,target_error,567,47.16666666666663,0.17415150411095942
ergo_nonadaptive,target_error,568,47.25,0.1741567014774677
ergo_nonadaptive,target_error,569,47.33333333333337,0.1742110857495706
ergo_nonadaptive,target_error,570,47.41666666666663,0.17426872711322705
ergo_nonadaptive,target_error,571,47.5,0.17439430931343874
ergo_nonadaptive,target_error,572,47.58333333333337,0.17451375049070533
ergo_nonadaptive,target_error,573,47.66666666666663,0.17443672011029543
ergo_nonadaptive,target_error,574,47.75,0.1748224703709908
ergo_nonadaptive,target_error,575,47.83333333333337,0.17503021293441984
ergo_nonadaptive,target_error,576,47.91666666666663,0.1750657111999453
ergo_nonadaptive,target_error,577,48.0,0.17493398988447253
ergo_nonadaptive,target_error,578,48.08333333333337,0.1751327825590047
ergo_nonadaptive,target_error,579,48.16666666666663,0.1755096644768358
ergo_nonadaptive,target_error,580,48.25,0.17562389470591014
ergo_nonadaptive,target_error,581,48.33333333333337,0.17546218315124978
ergo_nonadaptive,target_error,582,48.41666666666663,0.17517334899318268
ergo_nonadaptive,target_error,583,48.5,0.17539573732606997
ergo_nonadaptive,target_error,584,48.58333333333337,0.17535261670248892
ergo_nonadaptive,target_error,585,48.66666666666663,0.17572129851833096
ergo_nonadaptive,target_error,586,48.75,0.1760333901291351
ergo_nonadaptive,target_error,587,48.83333333333337,0.17553449007075345
ergo_nonadaptive,target_error,588,48.91666666666663,0.17527395277135807
ergo_nonadaptive,target_error,589,49.0,0.17539228351391972
ergo_nonadaptive,target_error,590,49.08333333333337,0.1754037521428081
ergo_nonadaptive,target_error,591,49.16666666666663,0.17533314008741427
ergo_nonadaptive,target_error,592,49.25,0.17564861478056343
ergo_nonadaptive,target_error,593,49.33333333333337,0.17507471122048118
ergo_nonadaptive,target_error,594,49.41666666666663,0.17486870832070997
ergo_nonadaptive,target_error,595,49.5,0.17450322117902256
ergo_nonadaptive,target_error,596,49.58333333333337,0.17507365641852532
ergo_nonadaptive,target_error,597,49.66666666666663,0.17513472276245146
ergo_nonadaptive,target_error,598,49.75,0.1751468337932065
ergo_nonadaptive,target_error,599,49.83333333333337,0.1745020976945422
ergo_nonadaptive,target_error,600,49.91666666666663,0.17451440846294236
ergo_nonadaptive,target_error,601,50.0,0.17440741538958016
ergo_nonadaptive,target_error,602,50.08333333333337,0.17485763277679983
ergo_nonadaptive,target_error,603,50.16666666666663,0.17465964199022313
ergo_nonadaptive,target_error,604,50.25,0.17528996339965655
ergo_nonadaptive,target_error,605,50.33333333333337,0.17586455622571548
ergo_nonadaptive,target_error,606,50.41666666666663,0.17615605400149734
ergo_nonadaptive,target_error,607,50.5,0.1767792723134377
ergo_nonadaptive,target_error,608,50.58333333333337,0.17669712198390392
ergo_nonadaptive,target_error,609,50.66666666666663,0.1764304618201924
ergo_nonadaptive,target_error,610,50.75,0.17665228767724603
ergo_nonadaptive,target_error,611,50.83333333333337,0.1766768168314387
ergo_nonadaptive,target_error,612,50.91666666666663,0.17676751556663842
ergo_nonadaptive,target_error,613,51.0,0.1771728177128837
ergo_nonadaptive,target_error,614,51.08333333333337,0.17681779906498704
ergo_nonadaptive,target_error,615,51.16666666666663,0.17767699169271475
ergo_nonadaptive,target_error,616,51.25,0.1778511705114278
ergo_nonadaptive,target_error,617,51.33333333333337,0.17791636777481795
ergo_nonadaptive,target_error,618,51.41666666666663,0.17832321597192108
ergo_nonadaptive,target_error,619,51.5,0.17874974479029174
ergo_nonadaptive,target_error,620,51.58333333333337,0.17884430007163182
ergo_nonadaptive,target_error,621,51.66666666666663,0.1795181041375128
ergo_nonadaptive,target_error,622,51.75,0.17946169673895732
ergo_nonadaptive,target_error,623,51.83333333333337,0.17930530582936643
ergo_nonadaptive,target_error,624,51.91666666666663,0.17928965803451344
ergo_nonadaptive,target_error,625,52.0,0.17931488744423
ergo_nonadaptive,target_error,626,52.08333333333337,0.17986383751016607
ergo_nonadaptive,target_error,627,52.16666666666663,0.1801604429557284
ergo_nonadaptive,target_error,628,52.25,0.18039811985799092
ergo_nonadaptive,target_error,629,52.33333333333337,0.18025327382350934
ergo_nonadaptive,target_error,630,52.41666666666663,0.1798487004678522
ergo_nonadaptive,target_error,631,52.5,0.1798229246096109
ergo_nonadaptive,target_error,632,52.58333333333337,0.18024278784623476
ergo_nonadaptive,target_error,633,52.66666666666663,0.1803655940038032
ergo_nonadaptive,target_error,634,52.75,0.18088668178694503
ergo_nonadaptive,target_error,635,52.83333333333337,0.18099216076047583
ergo_nonadaptive,target_error,636,52.91666666666663,0.18109107535114452
ergo_nonadaptive,target_error,637,53.0,0.1812161707707798
ergo_nonadaptive,target_error,638,53.08333333333337,0.18111632798564276
ergo_nonadaptive,target_error,639,53.16666666666663,0.18113736004934242
ergo_nonadaptive,target_error,640,53.25,0.18123904810400016
ergo_nonadaptive,target_error,641,53.33333333333337,0.18124664105335073
ergo_nonadaptive,target_error,642,53.41666666666663,0.18128773385827598
ergo_nonadaptive,target_error,643,53.5,0.18147752523497956
ergo_nonadaptive,target_error,644,53.58333333333337,0.1812089512548869
ergo_nonadaptive,target_error,645,53.66666666666663,0.1809835810675397
ergo_nonadaptive,target_error,646,53.75,0.18117187701304513
ergo_nonadaptive,target_error,647,53.83333333333337,0.18128169506609135
ergo_nonadaptive,target_error,648,53.91666666666663,0.18145679642203988
ergo_nonadaptive,target_error,649,54.0,0.18133012814453864
ergo_nonadaptive,target_error,650,54.08333333333337,0.18138943350509748
ergo_nonadaptive,target_error,651,54.16666666666663,0.1814797993200011
ergo_nonadaptive,target_error,652,54.25,0.18177487832936848
ergo_nonadaptive,target_error,653,54.33333333333337,0.18187510260662793
ergo_nonadaptive,target_error,654,54.41666666666663,0.18174011365118875
ergo_nonadaptive,target_error,655,54.5,0.1811186482906977
ergo_nonadaptive,target_error,656,54.58333333333337,0.1806380266356457
ergo_nonadaptive,target_error,657,54.66666666666663,0.18081710597701384
ergo_nonadaptive,target_error,658,54.75,0.180571477935577
ergo_nonadaptive,target_error,659,54.83333333333337,0.18100968572325044
ergo_nonadaptive,target_error,660,54.91666666666663,0.1807817231680769
ergo_nonadaptive,target_error,661,55.0,0.1802714637227444
ergo_nonadaptive,target_error,662,55.08333333333337,0.1804720543692841
ergo_nonadaptive,target_error,663,55.16666666666663,0.18026653184622785
ergo_nonadaptive,target_error,664,55.25,0.17967213673204385
ergo_nonadaptive,target_error,665,55.33333333333337,0.17913975095835166
ergo_nonadaptive,target_error,666,55.41666666666663,0.17831291549372325
ergo_nonadaptive,target_error,667,55.5,0.17771942935749996
ergo_nonadaptive,target_error,668,55.58333333333337,0.17671729815495932
ergo_nonadaptive,target_error,669,55.66666666666663,0.17373848174765835
ergo_nonadaptive,target_error,670,55.75,0.17473000861873034
ergo_nonadaptive,target_error,671,55.83333333333337,0.17438585578466673
ergo_nonadaptive,target_error,672,55.91666666666663,0.16945666627452097
ergo_nonadaptive,target_error,673,56.0,0.1684730186785584
ergo_nonadaptive,target_error,674,56.08333333333337,0.16794694475342156
ergo_nonadaptive,target_error,675,56.16666666666663,0.16189967656751827
ergo_nonadaptive,target_error,676,56.25,0.162645009921188
ergo_nonadaptive,target_error,677,56.33333333333337,0.15924178207081585
ergo_nonadaptive,target_error,678,56.41666666666663,0.15177273857060514
ergo_nonadaptive,target_error,679,56.5,0.14766105204810756
ergo_nonadaptive,target_error,680,56.58333333333337,0.14469167980648134
ergo_nonadaptive,target_error,681,56.66666666666663,0.146049681816775
ergo_nonadaptive,target_error,682,56.75,0.14446847369056762
ergo_nonadaptive,target_error,683,56.83333333333337,0.14300571507174514
ergo_nonadaptive,target_error,684,56.91666666666663,0.14307720602966567
ergo_nonadaptive,target_error,685,57.0,0.14238645423340252
ergo_nonadaptive,target_error,686,57.08333333333337,0.14308240455446405
ergo_nonadaptive,target_error,687,57.16666666666663,0.14445205150747706
ergo_nonadaptive,target_error,688,57.25,0.14490003517585515
ergo_nonadaptive,target_error,689,57.33333333333337,0.14795157815166213
ergo_nonadaptive,target_error,690,57.41666666666663,0.1479005640862608
ergo_nonadaptive,target_error,691,57.5,0.14691766666310013
ergo_nonadaptive,target_error,692,57.58333333333337,0.14814301086933288
ergo_nonadaptive,target_error,693,57.66666666666663,0.14718426441455432
ergo_nonadaptive,target_error,694,57.75,0.14578661792765607
ergo_nonadaptive,target_error,695,57.83333333333337,0.14460512081185764
ergo_nonadaptive,target_error,696,57.91666666666663,0.14721155883402465
ergo_nonadaptive,target_error,697,58.0,0.14711621297494262
ergo_nonadaptive,target_error,698,58.08333333333337,0.14766243303238707
ergo_nonadaptive,target_error,699,58.16666666666663,0.14748592314617823
ergo_nonadaptive,target_error,700,58.25,0.14662841259277065
ergo_nonadaptive,target_error,701,58.33333333333337,0.14691005632610143
ergo_nonadaptive,target_error,702,58.41666666666663,0.14602192421239646
ergo_nonadaptive,target_error,703,58.5,0.14594223076727927
ergo_nonadaptive,target_error,704,58.58333333333337,0.14635658470276194
ergo_nonadaptive,target_error,705,58.66666666666663,0.1482893791624765
ergo_nonadaptive,target_error,706,58.75,0.14735309406237787
ergo_nonadaptive,target_error,707,58.83333333333337,0.14706181435472612
ergo_nonadaptive,target_error,708,58.91666666666663,0.14526483841009216
ergo_nonadaptive,target_error,709,59.0,0.1447200973051646
ergo_nonadaptive,target_error,710,59.08333333333337,0.146936584303162
ergo_nonadaptive,target_error,711,59.16666666666663,0.1478223913920792
ergo_nonadaptive,target_error,712,59.25,0.14928994326690534
ergo_nonadaptive,target_error,713,59.33333333333337,0.14601360818343345
ergo_nonadaptive,target_error,714,59.41666666666663,0.14655819759923264
ergo_nonadaptive,target_error,715,59.5,0.14927887970660267
ergo_nonadaptive,target_error,716,59.58333333333337,0.14898721892763592
ergo_nonadaptive,target_error,717,59.66666666666663,0.14748483136657017
ergo_nonadaptive,target_error,718,59.75,0.14821643049343433
ergo_nonadaptive,target_error,719,59.83333333333337,0.1470690117441079
ergo_nonadaptive,target_error,720,59.91666666666663,0.14746284177630403
ergo_nonadaptive,target_error,721,60.0,0.14610814816900997
ergo_nonadaptive,target_error,722,60.08333333333337,0.1455456730408475
ergo_nonadaptive,target_error,723,60.16666666666663,0.146788048247473
ergo_nonadaptive,target_error,724,60.25,0.14788051809931685
ergo_nonadaptive,target_error,725,60.33333333333337,0.14981246769539602
ergo_nonadaptive,target_error,726,60.41666666666663,0.15064432496118113
ergo_nonadaptive,target_error,727,60.5,0.14831635058154852
ergo_nonadaptive,target_error,728,60.58333333333337,0.14770873104399523
ergo_nonadaptive,target_error,729,60.66666666666663,0.14895433174685813
ergo_nonadaptive,target_error,730,60.75,0.14970326361268413
ergo_nonadaptive,target_error,731,60.83333333333337,0.14891037829495637
ergo_nonadaptive,target_error,732,60.91666666666663,0.15052259153105838
ergo_nonadaptive,target_error,733,61.0,0.14935950349105687
ergo_nonadaptive,target_error,734,61.08333333333337,0.14936777232240686
ergo_nonadaptive,target_error,735,61.16666666666663,0.1492689792046889
ergo_nonadaptive,target_error,736,61.25,0.15104847824922757
ergo_nonadaptive,target_error,737,61.33333333333337,0.14859685945244117
ergo_nonadaptive,target_error,738,61.41666666666663,0.14665773441923097
ergo_nonadaptive,target_error,739,61.5,0.14509667033663434
ergo_nonadaptive,target_error,740,61.58333333333337,0.14511332439310082
ergo_nonadaptive,target_error,741,61.66666666666663,0.14423173884224855
ergo_nonadaptive,target_error,742,61.75,0.14414198963582608
ergo_nonadaptive,target_error,743,61.83333333333337,0.14406477807178814
ergo_nonadaptive,target_error,744,61.91666666666663,0.14375154103897156
ergo_nonadaptive,target_error,745,62.0,0.143809405766348
ergo_nonadaptive,target_error,746,62.08333333333337,0.14377118661282215
ergo_nonadaptive,target_error,747,62.16666666666663,0.14374047474143192
ergo_nonadaptive,target_error,748,62.25,0.14377844935742212
ergo_nonadaptive,target_error,749,62.33333333333337,0.14393067537840637
ergo_nonadaptive,target_error,750,62.41666666666663,0.1440690924149062
ergo_nonadaptive,target_error,751,62.5,0.14407918296272532
ergo_nonadaptive,target_error,752,62.58333333333337,0.1441705680495602
ergo_nonadaptive,target_error,753,62.66666666666663,0.1442770843849699
ergo_nonadaptive,target_error,754,62.75,0.14453230972589542
ergo_nonadaptive,target_error,755,62.83333333333337,0.1446794833951016
ergo_nonadaptive,target_error,756,62.91666666666663,0.14516484829977766
ergo_nonadaptive,target_error,757,63.0,0.14567638084980217
ergo_nonadaptive,target_error,758,63.08333333333337,0.14569247255429585
ergo_nonadaptive,target_error,759,63.16666666666663,0.1458890154896461
ergo_nonadaptive,target_error,760,63.25,0.14512257912015078
ergo_nonadaptive,target_error,761,63.33333333333337,0.14499459723462452
ergo_nonadaptive,target_error,762,63.41666666666663,0.14521254458272975
ergo_nonadaptive,target_error,763,63.5,0.14566357033706603
ergo_nonadaptive,target_error,764,63.58333333333337,0.14591482469073203
ergo_nonadaptive,target_error,765,63.66666666666663,0.14705873253891713
ergo_nonadaptive,target_error,766,63.75,0.14697242591077195
ergo_nonadaptive,target_error,767,63.83333333333337,0.14709115592934227
ergo_nonadaptive,target_error,768,63.91666666666663,0.14697231949536876
ergo_nonadaptive,target_error,769,64.0,0.1471639148352494
ergo_nonadaptive,target_error,770,64.08333333333337,0.14741721232479593
ergo_nonadaptive,target_error,771,64.16666666666663,0.14795096952729817
ergo_nonadaptive,target_error,772,64.25,0.14781677846508018
ergo_nonadaptive,target_error,773,64.33333333333337,0.14880500156701781
ergo_nonadaptive,target_error,774,64.41666666666663,0.14815586560263438
ergo_nonadaptive,target_error,775,64.5,0.14778224230900622
ergo_nonadaptive,target_error,776,64.58333333333337,0.1493374178172563
ergo_nonadaptive,target_error,777,64.66666666666663,0.14975086193571718
ergo_nonadaptive,target_error,778,64.75,0.1494892718123516
ergo_nonadaptive,target_error,779,64.83333333333337,0.14906553622930716
ergo_nonadaptive,target_error,780,64.91666666666663,0.1495815380750063
ergo_nonadaptive,target_error,781,65.0,0.15025446684869784
ergo_nonadaptive,target_error,782,65.08333333333337,0.15040834436597275
ergo_nonadaptive,target_error,783,65.16666666666663,0.15053412799655982
ergo_nonadaptive,target_error,784,65.25,0.15092811025267103
ergo_nonadaptive,target_error,785,65.33333333333337,0.15048315147112806
ergo_nonadaptive,target_error,786,65.41666666666663,0.14958880068513472
ergo_nonadaptive,target_error,787,65.5,0.1508471118411018
ergo_nonadaptive,target_error,788,65.58333333333337,0.15075226516903553
ergo_nonadaptive,target_error,789,65.66666666666663,0.15074420693544122
ergo_nonadaptive,target_error,790,65.75,0.15194290124085602
ergo_nonadaptive,target_error,791,65.83333333333337,0.15272865933619006
ergo_nonadaptive,target_error,792,65.91666666666663,0.15281024209423924
ergo_nonadaptive,target_error,793,66.0,0.1524718579769107
ergo_nonadaptive,target_error,794,66.08333333333337,0.15282245910159029
ergo_nonadaptive,target_error,795,66.16666666666663,0.15280517167330984
ergo_nonadaptive,target_error,796,66.25,0.15301079138180881
ergo_nonadaptive,target_error,797,66.33333333333337,0.1526701125618467
ergo_nonadaptive,target_error,798,66.41666666666663,0.15112557043493216
ergo_nonadaptive,target_error,799,66.5,0.15138409282148135
ergo_nonadaptive,target_error,800,66.58333333333337,0.14878080601817312
ergo_nonadaptive,target_error,801,66.66666666666663,0.14975045408189022
ergo_nonadaptive,target_error,802,66.75,0.14982652202925814
ergo_nonadaptive,target_error,803,66.83333333333337,0.15133871101518914
ergo_nonadaptive,target_error,804,66.91666666666663,0.1510843106642321
ergo_nonadaptive,target_error,805,67.0,0.15000053808680933
ergo_nonadaptive,target_error,806,67.08333333333337,0.15262448810723794
ergo_nonadaptive,target_error,807,67.16666666666663,0.15246849385202663
ergo_nonadaptive,target_error,808,67.25,0.15151205013892932
ergo_nonadaptive,target_error,809,67.33333333333337,0.15023651761484638
ergo_nonadaptive,target_error,810,67.41666666666663,0.14907032559641342
ergo_nonadaptive,target_error,811,67.5,0.14870616762893046
ergo_nonadaptive,target_error,812,67.58333333333337,0.1489495545568338
ergo_nonadaptive,target_error,813,67.66666666666663,0.1461461619447819
ergo_nonadaptive,target_error,814,67.75,0.14461123122432162
ergo_nonadaptive,target_error,815,67.83333333333337,0.1460367182099763
ergo_nonadaptive,target_error,816,67.91666666666663,0.146766918732587
ergo_nonadaptive,target_error,817,68.0,0.14459404763575046
ergo_nonadaptive,target_error,818,68.08333333333337,0.14391111757210942
ergo_nonadaptive,target_error,819,68.16666666666663,0.14311799729177524
ergo_nonadaptive,target_error,820,68.25,0.14107296605389907
ergo_nonadaptive,target_error,821,68.33333333333337,0.14132220498704334
ergo_nonadaptive,target_error,822,68.41666666666663,0.14031222668404308
ergo_nonadaptive,target_error,823,68.5,0.14059420924388155
ergo_nonadaptive,target_error,824,68.58333333333337,0.1409585325371824
ergo_nonadaptive,target_error,825,68.66666666666663,0.13962641484089708
ergo_nonadaptive,target_error,826,68.75,0.13810177770029267
ergo_nonadaptive,target_error,827,68.83333333333337,0.13714654567051834
ergo_nonadaptive,target_error,828,68.91666666666663,0.14038842688603204
ergo_nonadaptive,target_error,829,69.0,0.14032582835388935
ergo_nonadaptive,target_error,830,69.08333333333337,0.14156233855360162
ergo_nonadaptive,target_error,831,69.16666666666663,0.1443669079610853
ergo_nonadaptive,target_error,832,69.25,0.14386102800242195
ergo_nonadaptive,target_error,833,69.33333333333337,0.14148699911532436
ergo_nonadaptive,target_error,834,69.41666666666663,0.14120504750431914
ergo_nonadaptive,target_error,835,69.5,0.143558068152906
ergo_nonadaptive,target_error,836,69.58333333333337,0.14446264027995062
ergo_nonadaptive,target_error,837,69.66666666666663,0.14555933770685486
ergo_nonadaptive,target_error,838,69.75,0.14652215860890347
ergo_nonadaptive,target_error,839,69.83333333333337,0.14705162659466778
ergo_nonadaptive,target_error,840,69.91666666666663,0.14793008220772194
ergo_nonadaptive,target_error,841,70.0,0.1479471457548816
ergo_nonadaptive,target_error,842,70.08333333333337,0.1497298058276088
ergo_nonadaptive,target_error,843,70.16666666666663,0.1505174220730413
ergo_nonadaptive,target_error,844,70.25,0.15082340819038925
ergo_nonadaptive,target_error,845,70.33333333333337,0.15028342067168077
ergo_nonadaptive,target_error,846,70.41666666666663,0.15097607854478956
ergo_nonadaptive,target_error,847,70.5,0.1511858456296054
ergo_nonadaptive,target_error,848,70.58333333333337,0.15247748198722494
ergo_nonadaptive,target_error,849,70.66666666666663,0.1525724758634765
ergo_nonadaptive,target_error,850,70.75,0.15256853600059173
ergo_nonadaptive,target_error,851,70.83333333333337,0.1541331235943537
ergo_nonadaptive,target_error,852,70.91666666666663,0.15454838964993553
ergo_nonadaptive,target_error,853,71.0,0.1555904235048788
ergo_nonadaptive,target_error,854,71.08333333333337,0.15586209995822617
ergo_nonadaptive,target_error,855,71.16666666666663,0.15713901111256492
ergo_nonadaptive,target_error,856,71.25,0.15699337072113853
ergo_nonadaptive,target_error,857,71.33333333333337,0.15738584215718038
ergo_nonadaptive,target_error,858,71.41666666666663,0.15760100137911906
ergo_nonadaptive,target_error,859,71.5,0.15751642387931875
ergo_nonadaptive,target_error,860,71.58333333333337,0.15811278546802252
ergo_nonadaptive,target_error,861,71.66666666666663,0.1584882540518789
ergo_nonadaptive,target_error,862,71.75,0.15871710417078078
ergo_nonadaptive,target_error,863,71.83333333333337,0.15928236678628616
ergo_nonadaptive,target_error,864,71.91666666666663,0.15999094610317807
ergo_nonadaptive,target_error,865,72.0,0.15978915275667718
ergo_nonadaptive,target_error,866,72.08333333333337,0.15970168246496164
ergo_nonadaptive,target_error,867,72.16666666666663,0.1615179568951647
ergo_nonadaptive,target_error,868,72.25,0.16075754745786586
ergo_nonadaptive,target_error,869,72.33333333333337,0.16055235614171345
ergo_nonadaptive,target_error,870,72.41666666666663,0.16205161310485852
ergo_nonadaptive,target_error,871,72.5,0.1617726216606771
ergo_nonadaptive,target_error,872,72.58333333333337,0.16328100852230795
ergo_nonadaptive,target_error,873,72.66666666666663,0.16408481244720655
ergo_nonadaptive,target_error,874,72.75,0.16530763310770435
ergo_nonadaptive,target_error,875,72.83333333333337,0.16399304114664984
ergo_nonadaptive,target_error,876,72.91666666666663,0.1641723873984174
ergo_nonadaptive,target_error,877,73.0,0.16479136845076825
ergo_nonadaptive,target_error,878,73.08333333333337,0.1658306093670356
ergo_nonadaptive,target_error,879,73.16666666666663,0.16648143616686756
ergo_nonadaptive,target_error,880,73.25,0.16645319954774446
ergo_nonadaptive,target_error,881,73.33333333333337,0.16718067348526952
ergo_nonadaptive,target_error,882,73.41666666666663,0.16777144490220355
ergo_nonadaptive,target_error,883,73.5,0.16903238561233044
ergo_nonadaptive,target_error,884,73.58333333333337,0.16974441261378367
ergo_nonadaptive,target_error,885,73.66666666666663,0.17053672082931115
ergo_nonadaptive,target_error,886,73.75,0.16993759047716406
ergo_nonadaptive,target_error,887,73.83333333333337,0.17239168674434593
ergo_nonadaptive,target_error,888,73.91666666666663,0.17236481128839545
ergo_nonadaptive,target_error,889,74.0,0.17330784589168885
ergo_nonadaptive,target_error,890,74.08333333333337,0.1734169320374372
ergo_nonadaptive,target_error,891,74.16666666666663,0.17234399867854247
ergo_nonadaptive,target_error,892,74.25,0.1715003150260141
ergo_nonadaptive,target_error,893,74.33333333333337,0.17116928729865377
ergo_nonadaptive,target_error,894,74.41666666666663,0.17232173273905407
ergo_nonadaptive,target_error,895,74.5,0.17294299408177136
ergo_nonadaptive,target_error,896,74.58333333333337,0.1739060997620118
ergo_nonadaptive,target_error,897,74.66666666666663,0.1742403254726691
ergo_nonadaptive,target_error,898,74.75,0.17381971911441405
ergo_nonadaptive,target_error,899,74.83333333333337,0.17448731116473568
ergo_nonadaptive,target_error,900,74.91666666666663,0.17383102121324998
ergo_nonadaptive,target_error,901,75.0,0.1739813191287027
ergo_nonadaptive,target_error,902,75.08333333333337,0.17350730488328825
ergo_nonadaptive,target_error,903,75.16666666666663,0.17377433754426783
ergo_nonadaptive,target_error,904,75.25,0.17411213842764262
ergo_nonadaptive,target_error,905,75.33333333333337,0.17394493269830213
ergo_nonadaptive,target_error,906,75.41666666666663,0.17269208560709112
ergo_nonadaptive,target_error,907,75.5,0.17080081148244777
ergo_nonadaptive,target_error,908,75.58333333333337,0.1715290926384457
ergo_nonadaptive,target_error,909,75.66666666666663,0.17091168350773778
ergo_nonadaptive,target_error,910,75.75,0.17134590121916748
ergo_nonadaptive,target_error,911,75.83333333333337,0.17149780598319134
ergo_nonadaptive,target_error,912,75.91666666666663,0.1696502789764528
ergo_nonadaptive,target_error,913,76.0,0.16926261056058003
ergo_nonadaptive,target_error,914,76.08333333333337,0.16732969036833276
ergo_nonadaptive,target_error,915,76.16666666666663,0.16778715441492859
ergo_nonadaptive,target_error,916,76.25,0.16818703895479448
ergo_nonadaptive,target_error,917,76.33333333333337,0.1665683638170989
ergo_nonadaptive,target_error,918,76.41666666666663,0.16365168314530365
ergo_nonadaptive,target_error,919,76.5,0.16088270759732687
ergo_nonadaptive,target_error,920,76.58333333333337,0.1592507779277405
ergo_nonadaptive,target_error,921,76.66666666666663,0.15492121565061673
ergo_nonadaptive,target_error,922,76.75,0.1556317805554807
ergo_nonadaptive,target_error,923,76.83333333333337,0.1525220892492357
ergo_nonadaptive,target_error,924,76.91666666666663,0.14746745523126756
ergo_nonadaptive,target_error,925,77.0,0.14135678394190557
ergo_nonadaptive,target_error,926,77.08333333333337,0.14150419548563295
ergo_nonadaptive,target_error,927,77.16666666666663,0.1383241122882701
ergo_nonadaptive,target_error,928,77.25,0.13982325347000038
ergo_nonadaptive,target_error,929,77.33333333333337,0.14327258732251325
ergo_nonadaptive,target_error,930,77.41666666666663,0.13709232240470254
ergo_nonadaptive,target_error,931,77.5,0.1361186022585169
ergo_nonadaptive,target_error,932,77.58333333333337,0.1361865872479463
ergo_nonadaptive,target_error,933,77.66666666666663,0.13696819536122892
ergo_nonadaptive,target_error,934,77.75,0.13371362179671528
ergo_nonadaptive,target_error,935,77.83333333333337,0.13247563012372465
ergo_nonadaptive,target_error,936,77.91666666666663,0.1338037995531984
ergo_nonadaptive,target_error,937,78.0,0.1328920350932397
ergo_nonadaptive,target_error,938,78.08333333333337,0.13435781256804777
ergo_nonadaptive,target_error,939,78.16666666666663,0.13654244262213663
ergo_nonadaptive,target_error,940,78.25,0.1411353224540988
ergo_nonadaptive,target_error,941,78.33333333333337,0.13480256312386849
ergo_nonadaptive,target_error,942,78.41666666666663,0.13251055130639938
ergo_nonadaptive,target_error,943,78.5,0.1317172224921127
ergo_nonadaptive,target_error,944,78.58333333333337,0.13203945177037346
ergo_nonadaptive,target_error,945,78.66666666666663,0.1320542310296759
ergo_nonadaptive,target_error,946,78.75,0.13531767769345107
ergo_nonadaptive,target_error,947,78.83333333333337,0.13250081346940665
ergo_nonadaptive,target_error,948,78.91666666666663,0.13412065157019504
ergo_nonadaptive,target_error,949,79.0,0.13240699338625198
ergo_nonadaptive,target_error,950,79.08333333333337,0.1320249836145793
ergo_nonadaptive,target_error,951,79.16666666666663,0.13214644694199104
ergo_nonadaptive,target_error,952,79.25,0.1321108915485779
ergo_nonadaptive,target_error,953,79.33333333333337,0.13216058462289715
ergo_nonadaptive,target_error,954,79.41666666666663,0.13235343696945615
ergo_nonadaptive,target_error,955,79.5,0.13243779848732304
ergo_nonadaptive,target_error,956,79.58333333333337,0.13304395001422115
ergo_nonadaptive,target_error,957,79.66666666666663,0.13503031107232455
ergo_nonadaptive,target_error,958,79.75,0.13526045425229868
ergo_nonadaptive,target_error,959,79.83333333333337,0.1358629899177366
ergo_nonadaptive,target_error,960,79.91666666666663,0.13650224459150512
ergo_nonadaptive,target_error,961,80.0,0.13663338486123472
ergo_nonadaptive,target_error,962,80.08333333333337,0.13740625405428775
ergo_nonadaptive,target_error,963,80.16666666666663,0.137903623610805
ergo_nonadaptive,target_error,964,80.25,0.14331137186556095
ergo_nonadaptive,target_error,965,80.33333333333337,0.14323650135079732
ergo_nonadaptive,target_error,966,80.41666666666663,0.1439731818939617
ergo_nonadaptive,target_error,967,80.5,0.1446088798786257
ergo_nonadaptive,target_error,968,80.58333333333337,0.14276428646339293
ergo_nonadaptive,target_error,969,80.66666666666663,0.14579658944417734
ergo_nonadaptive,target_error,970,80.75,0.1453130376604119
ergo_nonadaptive,target_error,971,80.83333333333337,0.14824875283251
ergo_nonadaptive,target_error,972,80.91666666666663,0.1490727843070091
ergo_nonadaptive,target_error,973,81.0,0.14885897752025093
ergo_nonadaptive,target_error,974,81.08333333333337,0.1548761462675196
ergo_nonadaptive,target_error,975,81.16666666666663,0.15438255690145716
ergo_nonadaptive,target_error,976,81.25,0.156519382413092
ergo_nonadaptive,target_error,977,81.33333333333337,0.15859039999780866
ergo_nonadaptive,target_error,978,81.41666666666663,0.1603216200705526
ergo_nonadaptive,target_error,979,81.5,0.1566889564104943
ergo_nonadaptive,target_error,980,81.58333333333337,0.15885415601525568
ergo_nonadaptive,target_error,981,81.66666666666663,0.1598836780987425
ergo_nonadaptive,target_error,982,81.75,0.15885373595550345
ergo_nonadaptive,target_error,983,81.83333333333337,0.1583761143407914
ergo_nonadaptive,target_error,984,81.91666666666663,0.15847086064215005
ergo_nonadaptive,target_error,985,82.0,0.16007200230979995
ergo_nonadaptive,target_error,986,82.08333333333337,0.1606085569129194
ergo_nonadaptive,target_error,987,82.16666666666663,0.16226777665340383
ergo_nonadaptive,target_error,988,82.25,0.16216725624129155
ergo_nonadaptive,target_error,989,82.33333333333337,0.15675386368389424
ergo_nonadaptive,target_error,990,82.41666666666663,0.15811567353916783
ergo_nonadaptive,target_error,991,82.5,0.1534670360836847
ergo_nonadaptive,target_error,992,82.58333333333337,0.15546499426929206
ergo_nonadaptive,target_error,993,82.66666666666663,0.15615264838860915
ergo_nonadaptive,target_error,994,82.75,0.14815440240384703
ergo_nonadaptive,target_error,995,82.83333333333337,0.1473484951415225
ergo_nonadaptive,target_error,996,82.91666666666663,0.14311987307863036
ergo_nonadaptive,target_error,997,83.0,0.1391349791530464
ergo_nonadaptive,target_error,998,83.08333333333337,0.13883331263981613
ergo_nonadaptive,target_error,999,83.16666666666663,0.13218637337974784
ergo_nonadaptive,target_error,1000,83.25,0.1325522519924516
ergo_nonadaptive,target_error,1001,83.33333333333337,0.12718411675101968
ergo_nonadaptive,target_error,1002,83.41666666666663,0.12675549017877327
ergo_nonadaptive,target_error,1003,83.5,0.1272819067963613
ergo_nonadaptive,target_error,1004,83.58333333333337,0.12807572763660005
ergo_nonadaptive,target_error,1005,83.66666666666663,0.12747514771612062
ergo_nonadaptive,target_error,1006,83.75,0.12705485024765786
ergo_nonadaptive,target_error,1007,83.83333333333337,0.12710187296049347
ergo_nonadaptive,target_error,1008,83.91666666666663,0.12700275362801708
ergo_nonadaptive,target_error,1009,84.0,0.1273751455173188
ergo_nonadaptive,target_error,1010,84.08333333333337,0.1301169668791342
ergo_nonadaptive,target_error,1011,84.16666666666663,0.1282144380093893
ergo_nonadaptive,target_error,1012,84.25,0.12785668153172103
ergo_nonadaptive,target_error,1013,84.33333333333337,0.12793251524368782
ergo_nonadaptive,target_error,1014,84.41666666666663,0.1285661019430359
ergo_nonadaptive,target_error,1015,84.5,0.12882472976732054
ergo_nonadaptive,target_error,1016,84.58333333333337,0.12950498085561502
ergo_nonadaptive,target_error,1017,84.66666666666663,0.13016675051384693
ergo_nonadaptive,target_error,1018,84.75,0.13021995599684266
ergo_nonadaptive,target_error,1019,84.83333333333337,0.12950450230754965
ergo_nonadaptive,target_error,1020,84.91666666666663,0.12970263144874516
ergo_nonadaptive,target_error,1021,85.0,0.12917840964796767
ergo_nonadaptive,target_error,1022,85.08333333333337,0.1295326060571851
ergo_nonadaptive,target_error,1023,85.16666666666663,0.1303724379580329
ergo_nonadaptive,target_error,1024,85.25,0.1288018825923425
ergo_nonadaptive,target_error,1025,85.33333333333337,0.12871586460148465
ergo_nonadaptive,target_error,1026,85.41666666666663,0.12876188653631818
ergo_nonadaptive,target_error,1027,85.5,0.128847903972365
ergo_nonadaptive,target_error,1028,85.58333333333337,0.1290292854927766
ergo_nonadaptive,target_error,1029,85.66666666666663,0.12921147691242338
ergo_nonadaptive,target_error,1030,85.75,0.12913185991731516
ergo_nonadaptive,target_error,1031,85.83333333333337,0.1295456421429162
ergo_nonadaptive,target_error,1032,85.91666666666663,0.12993507391092338
ergo_nonadaptive,target_error,1033,86.0,0.13027192372101656
ergo_nonadaptive,target_error,1034,86.08333333333337,0.13137224862001132
ergo_nonadaptive,target_error,1035,86.16666666666663,0.13171696537336605
ergo_nonadaptive,target_error,1036,86.25,0.13176879914798206
ergo_nonadaptive,target_error,1037,86.33333333333337,0.1317478583726551
ergo_nonadaptive,target_error,1038,86.41666666666663,0.13173150270302347
ergo_nonadaptive,target_error,1039,86.5,0.13234122487464287
ergo_nonadaptive,target_error,1040,86.58333333333337,0.13309677492555275
ergo_nonadaptive,target_error,1041,86.66666666666663,0.13291600873733128
ergo_nonadaptive,target_error,1042,86.75,0.13303734081402663
ergo_nonadaptive,target_error,1043,86.83333333333337,0.13367795320177042
ergo_nonadaptive,target_error,1044,86.91666666666663,0.13436475529623434
ergo_nonadaptive,target_error,1045,87.0,0.135081995479426
ergo_nonadaptive,target_error,1046,87.08333333333337,0.13575301088447353
ergo_nonadaptive,target_error,1047,87.16666666666663,0.13616639210380135
ergo_nonadaptive,target_error,1048,87.25,0.137935225033205
ergo_nonadaptive,target_error,1049,87.33333333333337,0.1385230575842042
ergo_nonadaptive,target_error,1050,87.41666666666663,0.13904291519737177
ergo_nonadaptive,target_error,1051,87.5,0.13879547493099773
ergo_nonadaptive,target_error,1052,87.58333333333337,0.14041991657610073
ergo_nonadaptive,target_error,1053,87.66666666666663,0.14225143381762687
ergo_nonadaptive,target_error,1054,87.75,0.14280181204832998
ergo_nonadaptive,target_error,1055,87.83333333333337,0.140259964961019
ergo_nonadaptive,target_error,1056,87.91666666666663,0.14133436143687594
ergo_nonadaptive,target_error,1057,88.0,0.14233298255401233
ergo_nonadaptive,target_error,1058,88.08333333333337,0.14217480471792604
ergo_nonadaptive,target_error,1059,88.16666666666663,0.14259660577728525
ergo_nonadaptive,target_error,1060,88.25,0.14324659880102275
ergo_nonadaptive,target_error,1061,88.33333333333337,0.14352766180938603
ergo_nonadaptive,target_error,1062,88.41666666666663,0.1442893461200324
ergo_nonadaptive,target_error,1063,88.5,0.14446289645269053
ergo_nonadaptive,target_error,1064,88.58333333333337,0.14442243396447846
ergo_nonadaptive,target_error,1065,88.66666666666663,0.14585691871978806
ergo_nonadaptive,target_error,1066,88.75,0.14694845842542156
ergo_nonadaptive,target_error,1067,88.83333333333337,0.14636827232782315
ergo_nonadaptive,target_error,1068,88.91666666666663,0.1456612348319736
ergo_nonadaptive,target_error,1069,89.0,0.14743183122569137
ergo_nonadaptive,target_error,1070,89.08333333333337,0.14774421669579182
ergo_nonadaptive,target_error,1071,89.16666666666663,0.14745492677300098
ergo_nonadaptive,target_error,1072,89.25,0.14652293963515142
ergo_nonadaptive,target_error,1073,89.33333333333337,0.14654981360696093
ergo_nonadaptive,target_error,1074,89.41666666666663,0.14698199743329177
ergo_nonadaptive,target_error,1075,89.5,0.1468510290838891
ergo_nonadaptive,target_error,1076,89.58333333333337,0.14758240954124144
ergo_nonadaptive,target_error,1077,89.66666666666663,0.14768192549157452
ergo_nonadaptive,target_error,1078,89.75,0.1466279384290726
ergo_nonadaptive,target_error,1079,89.83333333333337,0.14771769673426405
ergo_nonadaptive,target_error,1080,89.91666666666663,0.1482244745584366
ergo_nonadaptive,target_error,1081,90.0,0.14735338813456314
ergo_nonadaptive,target_error,1082,90.08333333333337,0.14542383451485774
ergo_nonadaptive,target_error,1083,90.16666666666663,0.1450178333420803
ergo_nonadaptive,target_error,1084,90.25,0.14506313749816185
ergo_nonadaptive,target_error,1085,90.33333333333337,0.14533159263528428
ergo_nonadaptive,target_error,1086,90.41666666666663,0.14635333812969178
ergo_nonadaptive,target_error,1087,90.5,0.14647952064089123
ergo_nonadaptive,target_error,1088,90.58333333333337,0.14596935518614504
ergo_nonadaptive,target_error,1089,90.66666666666663,0.1465236639945574
ergo_nonadaptive,target_error,1090,90.75,0.1460210524987936
ergo_nonadaptive,target_error,1091,90.83333333333337,0.1469317254936806
ergo_nonadaptive,target_error,1092,90.91666666666663,0.1445535334985063
ergo_nonadaptive,target_error,1093,91.0,0.14248299298747666
ergo_nonadaptive,target_error,1094,91.08333333333337,0.14125609451075838
ergo_nonadaptive,target_error,1095,91.16666666666663,0.13884881876881547
ergo_nonadaptive,target_error,1096,91.25,0.1305758504570645
ergo_nonadaptive,target_error,1097,91.33333333333337,0.12992611559105835
ergo_nonadaptive,target_error,1098,91.41666666666663,0.12932269676150246
ergo_nonadaptive,target_error,1099,91.5,0.12374821018536146
ergo_nonadaptive,target_error,1100,91.58333333333337,0.11760273088919704
ergo_nonadaptive,target_error,1101,91.66666666666663,0.1195992951675064
ergo_nonadaptive,target_error,1102,91.75,0.11943794814735338
ergo_nonadaptive,target_error,1103,91.83333333333337,0.11650580967738813
ergo_nonadaptive,target_error,1104,91.91666666666663,0.11271988192974082
ergo_nonadaptive,target_error,1105,92.0,0.1104732798528624
ergo_nonadaptive,target_error,1106,92.08333333333337,0.10705527909690923
ergo_nonadaptive,target_error,1107,92.16666666666663,0.1061691568828095
ergo_nonadaptive,target_error,1108,92.25,0.10510004225451534
ergo_nonadaptive,target_error,1109,92.33333333333337,0.10593671091642137
ergo_nonadaptive,target_error,1110,92.41666666666663,0.10571286109651891
ergo_nonadaptive,target_error,1111,92.5,0.10690422363120733
ergo_nonadaptive,target_error,1112,92.58333333333337,0.10796767874052408
ergo_nonadaptive,target_error,1113,92.66666666666663,0.10707192007837625
ergo_nonadaptive,target_error,1114,92.75,0.1066247036227722
ergo_nonadaptive,target_error,1115,92.83333333333337,0.10705735050601675
ergo_nonadaptive,target_error,1116,92.91666666666663,0.10720806271172902
ergo_nonadaptive,target_error,1117,93.0,0.10788591324711205
ergo_nonadaptive,target_error,1118,93.08333333333337,0.10794044663898957
ergo_nonadaptive,target_error,1119,93.16666666666663,0.10863244403268763
ergo_nonadaptive,target_error,1120,93.25,0.11050571024629148
ergo_nonadaptive,target_error,1121,93.33333333333337,0.11062847218707868
ergo_nonadaptive,target_error,1122,93.41666666666663,0.11117593240806159
ergo_nonadaptive,target_error,1123,93.5,0.1121587479659844
ergo_nonadaptive,target_error,1124,93.58333333333337,0.11239357695621023
ergo_nonadaptive,target_error,1125,93.66666666666663,0.11412700457964817
ergo_nonadaptive,target_error,1126,93.75,0.11636794583619081
ergo_nonadaptive,target_error,1127,93.83333333333337,0.11632069131068018
ergo_nonadaptive,target_error,1128,93.91666666666663,0.11737886006044121
ergo_nonadaptive,target_error,1129,94.0,0.11778604944933167
ergo_nonadaptive,target_error,1130,94.08333333333337,0.1194384461680167
ergo_nonadaptive,target_error,1131,94.16666666666663,0.12105535057414107
ergo_nonadaptive,target_error,1132,94.25,0.12248560770036308
ergo_nonadaptive,target_error,1133,94.33333333333337,0.1227342292480344
ergo_nonadaptive,target_error,1134,94.41666666666663,0.12267551390579556
ergo_nonadaptive,target_error,1135,94.5,0.12551463310465924
ergo_nonadaptive,target_error,1136,94.58333333333337,0.12657339800516118
ergo_nonadaptive,target_error,1137,94.66666666666663,0.12834968091776797
ergo_nonadaptive,target_error,1138,94.75,0.12829997345626526
ergo_nonadaptive,target_error,1139,94.83333333333337,0.13025844925553756
ergo_nonadaptive,target_error,1140,94.91666666666663,0.13281977813375084
ergo_nonadaptive,target_error,1141,95.0,0.13225432013482552
ergo_nonadaptive,target_error,1142,95.08333333333337,0.13418687378447364
ergo_nonadaptive,target_error,1143,95.16666666666663,0.13572919777883014
ergo_nonadaptive,target_error,1144,95.25,0.13491345532951177
ergo_nonadaptive,target_error,1145,95.33333333333337,0.13599942921374328
ergo_nonadaptive,target_error,1146,95.41666666666663,0.135872484591091
ergo_nonadaptive,target_error,1147,95.5,0.13774036880052398
ergo_nonadaptive,target_error,1148,95.58333333333337,0.13983016956165503
ergo_nonadaptive,target_error,1149,95.66666666666663,0.140263126974057
ergo_nonadaptive,target_error,1150,95.75,0.14103759275494432
ergo_nonadaptive,target_error,1151,95.83333333333337,0.14106219091364017
ergo_nonadaptive,target_error,1152,95.91666666666663,0.1436078091477964
ergo_nonadaptive,target_error,1153,96.0,0.1434776015064092
ergo_nonadaptive,target_error,1154,96.08333333333337,0.14274603621141652
ergo_nonadaptive,target_error,1155,96.16666666666663,0.14258838253736877
ergo_nonadaptive,target_error,1156,96.25,0.14371244522912066
ergo_nonadaptive,target_error,1157,96.33333333333337,0.14467977012657646
ergo_nonadaptive,target_error,1158,96.41666666666663,0.14412820848892768
ergo_nonadaptive,target_error,1159,96.5,0.1458190253327926
ergo_nonadaptive,target_error,1160,96.58333333333337,0.1447401575001084
ergo_nonadaptive,target_error,1161,96.66666666666663,0.1458355343705623
ergo_nonadaptive,target_error,1162,96.75,0.1473837162979336
ergo_nonadaptive,target_error,1163,96.83333333333337,0.14669874279418182
ergo_nonadaptive,target_error,1164,96.91666666666663,0.1479361184699058
ergo_nonadaptive,target_error,1165,97.0,0.14698265328476218
ergo_nonadaptive,target_error,1166,97.08333333333337,0.14799980554367137
ergo_nonadaptive,target_error,1167,97.16666666666663,0.15036012086422176
ergo_nonadaptive,target_error,1168,97.25,0.15157438608328896
ergo_nonadaptive,target_error,1169,97.33333333333337,0.15343872335736336
ergo_nonadaptive,target_error,1170,97.41666666666663,0.15227159336525506
ergo_nonadaptive,target_error,1171,97.5,0.15129437672574614
ergo_nonadaptive,target_error,1172,97.58333333333337,0.15315964232399745
ergo_nonadaptive,target_error,1173,97.66666666666663,0.1540254897681424
ergo_nonadaptive,target_error,1174,97.75,0.15430633277950498
ergo_nonadaptive,target_error,1175,97.83333333333337,0.15332838722446313
ergo_nonadaptive,target_error,1176,97.91666666666663,0.15292557268906767
ergo_nonadaptive,target_error,1177,98.0,0.15587434736766742
ergo_nonadaptive,target_error,1178,98.08333333333337,0.15843122403344945
ergo_nonadaptive,target_error,1179,98.16666666666663,0.1600919663015944
ergo_nonadaptive,target_error,1180,98.25,0.1587093587867153
ergo_nonadaptive,target_error,1181,98.33333333333337,0.16099573637914025
ergo_nonadaptive,target_error,1182,98.41666666666663,0.16108790879044327
ergo_nonadaptive,target_error,1183,98.5,0.16250876414310098
ergo_nonadaptive,target_error,1184,98.58333333333337,0.16134518761232858
ergo_nonadaptive,target_error,1185,98.66666666666663,0.1618860645211629
ergo_nonadaptive,target_error,1186,98.75,0.1611296929594621
ergo_nonadaptive,target_error,1187,98.83333333333337,0.16231738867116188
ergo_nonadaptive,target_error,1188,98.91666666666663,0.16468469006213143
ergo_nonadaptive,target_error,1189,99.0,0.1674292708408354
ergo_nonadaptive,target_error,1190,99.08333333333337,0.16860775623615573
ergo_nonadaptive,target_error,1191,99.16666666666663,0.1675359998514906
ergo_nonadaptive,target_error,1192,99.25,0.16336213777637795
ergo_nonadaptive,target_error,1193,99.33333333333337,0.16650657238115707
ergo_nonadaptive,target_error,1194,99.41666666666663,0.16711706832068596
ergo_nonadaptive,target_error,1195,99.5,0.16460528669857552
ergo_nonadaptive,target_error,1196,99.58333333333337,0.16705472363684687
ergo_nonadaptive,target_error,1197,99.66666666666663,0.17211882454698105
ergo_nonadaptive,target_error,1198,99.75,0.17199138702954944
ergo_nonadaptive,target_error,1199,99.83333333333337,0.17179897042994918
ergo_nonadaptive,target_error,1200,99.91666666666663,0.1712203153264609
ergo_nonadaptive,target_error,1201,100.0,0.16907515957865676
ergo_nonadaptive,target_error,1202,100.08333333333337,0.16948737218773233
ergo_nonadaptive,target_error,1203,100.16666666666663,0.1709747217536082
ergo_nonadaptive,target_error,1204,100.25,0.16869078905694668
ergo_nonadaptive,target_error,1205,100.33333333333337,0.1705450574657921
ergo_nonadaptive,target_error,1206,100.41666666666663,0.16999242190189817
ergo_nonadaptive,target_error,1207,100.5,0.17076666066059898
ergo_nonadaptive,target_error,1208,100.58333333333337,0.1687532611523521
ergo_nonadaptive,target_error,1209,100.66666666666663,0.16562086772773307
ergo_nonadaptive,target_error,1210,100.75,0.16054007302730813
ergo_nonadaptive,target_error,1211,100.83333333333337,0.161069063838656
ergo_nonadaptive,target_error,1212,100.91666666666663,0.16001163618332734
ergo_nonadaptive,target_error,1213,101.0,0.16716587250546197
ergo_nonadaptive,target_error,1214,101.08333333333337,0.16902916949808797
ergo_nonadaptive,target_error,1215,101.16666666666663,0.16593419377607985
ergo_nonadaptive,target_error,1216,101.25,0.16706837118788606
ergo_nonadaptive,target_error,1217,101.33333333333337,0.1619310456387441
ergo_nonadaptive,target_error,1218,101.41666666666663,0.16035239818354
ergo_nonadaptive,target_error,1219,101.5,0.15789345681254247
ergo_nonadaptive,target_error,1220,101.58333333333337,0.14795568395565997
ergo_nonadaptive,target_error,1221,101.66666666666663,0.1481004763084803
ergo_nonadaptive,target_error,1222,101.75,0.14781410057083968
ergo_nonadaptive,target_error,1223,101.83333333333337,0.14849396806466378
ergo_nonadaptive,target_error,1224,101.91666666666663,0.158321998250288
ergo_nonadaptive,target_error,1225,102.0,0.1543651555929646
ergo_nonadaptive,target_error,1226,102.08333333333337,0.1524349337947551
ergo_nonadaptive,target_error,1227,102.16666666666663,0.15136158459144
ergo_nonadaptive,target_error,1228,102.25,0.1344616711226248
ergo_nonadaptive,target_error,1229,102.33333333333337,0.12579963817714326
ergo_nonadaptive,target_error,1230,102.41666666666663,0.11327607802922812
ergo_nonadaptive,target_error,1231,102.5,0.09976396124399727
ergo_nonadaptive,target_error,1232,102.58333333333337,0.10276278201833813
ergo_nonadaptive,target_error,1233,102.66666666666663,0.103765081657506
ergo_nonadaptive,target_error,1234,102.75,0.10173913198019598
ergo_nonadaptive,target_error,1235,102.83333333333337,0.10531601348807927
ergo_nonadaptive,target_error,1236,102.91666666666663,0.10212978204119703
ergo_nonadaptive,target_error,1237,103.0,0.09857987684457718
ergo_nonadaptive,target_error,1238,103.08333333333337,0.09726300808275082
ergo_nonadaptive,target_error,1239,103.16666666666663,0.09836659275407611
ergo_nonadaptive,target_error,1240,103.25,0.10266132441928325
ergo_nonadaptive,target_error,1241,103.33333333333337,0.10404652473769567
ergo_nonadaptive,target_error,1242,103.41666666666663,0.10316325919004901
ergo_nonadaptive,target_error,1243,103.5,0.1001042516240218
ergo_nonadaptive,target_error,1244,103.58333333333337,0.09804564819839391
ergo_nonadaptive,target_error,1245,103.66666666666663,0.09816388073661633
ergo_nonadaptive,target_error,1246,103.75,0.09880572993298024
ergo_nonadaptive,target_error,1247,103.83333333333337,0.10378043667792577
ergo_nonadaptive,target_error,1248,103.91666666666663,0.1001763706470952
ergo_nonadaptive,target_error,1249,104.0,0.09840098897825308
ergo_nonadaptive,target_error,1250,104.08333333333337,0.09949572676203138
ergo_nonadaptive,target_error,1251,104.16666666666663,0.09951504911981149
ergo_nonadaptive,target_error,1252,104.25,0.09926455527406484
ergo_nonadaptive,target_error,1253,104.33333333333337,0.10214950567455612
ergo_nonadaptive,target_error,1254,104.41666666666663,0.10413881280847032
ergo_nonadaptive,target_error,1255,104.5,0.1090733935605881
ergo_nonadaptive,target_error,1256,104.58333333333337,0.10339008326624503
ergo_nonadaptive,target_error,1257,104.66666666666663,0.1021179374823609
ergo_nonadaptive,target_error,1258,104.75,0.10056398434118452
ergo_nonadaptive,target_error,1259,104.83333333333337,0.09978294375746997
ergo_nonadaptive,target_error,1260,104.91666666666663,0.09996309819962881
ergo_nonadaptive,target_error,1261,105.0,0.1000917267410202
ergo_nonadaptive,target_error,1262,105.08333333333337,0.10108629183437813
ergo_nonadaptive,target_error,1263,105.16666666666663,0.10423492673451869
ergo_nonadaptive,target_error,1264,105.25,0.10101252072555586
ergo_nonadaptive,target_error,1265,105.33333333333337,0.09973216563043734
ergo_nonadaptive,target_error,1266,105.41666666666663,0.10040100719746374
ergo_nonadaptive,target_error,1267,105.5,0.10097819486098034
ergo_nonadaptive,target_error,1268,105.58333333333337,0.10263458212349899
ergo_nonadaptive,target_error,1269,105.66666666666663,0.10519619179659301
ergo_nonadaptive,target_error,1270,105.75,0.10479472900482473
ergo_nonadaptive,target_error,1271,105.83333333333337,0.10799380394073453
ergo_nonadaptive,target_error,1272,105.91666666666663,0.11139899314340657
ergo_nonadaptive,target_error,1273,106.0,0.11262043380079827
ergo_nonadaptive,target_error,1274,106.08333333333337,0.11173480968795566
ergo_nonadaptive,target_error,1275,106.16666666666663,0.11182724029225062
ergo_nonadaptive,target_error,1276,106.25,0.11454319011197435
ergo_nonadaptive,target_error,1277,106.33333333333337,0.11441698500906271
ergo_nonadaptive,target_error,1278,106.41666666666663,0.11427315244339543
ergo_nonadaptive,target_error,1279,106.5,0.11408074866230565
ergo_nonadaptive,target_error,1280,106.58333333333337,0.11657560916496153
ergo_nonadaptive,target_error,1281,106.66666666666663,0.11681261654097888
ergo_nonadaptive,target_error,1282,106.75,0.11910455793411372
ergo_nonadaptive,target_error,1283,106.83333333333337,0.12205531006653673
ergo_nonadaptive,target_error,1284,106.91666666666663,0.1226902266106114
ergo_nonadaptive,target_error,1285,107.0,0.12388894658525869
ergo_nonadaptive,target_error,1286,107.08333333333337,0.12388663775973477
ergo_nonadaptive,target_error,1287,107.16666666666663,0.12359886147660666
ergo_nonadaptive,target_error,1288,107.25,0.1274030096869072
ergo_nonadaptive,target_error,1289,107.33333333333337,0.13110197423342296
ergo_nonadaptive,target_error,1290,107.41666666666663,0.12829034811501713
ergo_nonadaptive,target_error,1291,107.5,0.13136423353735108
ergo_nonadaptive,target_error,1292,107.58333333333337,0.13224916015134533
ergo_nonadaptive,target_error,1293,107.66666666666663,0.1332777408426892
ergo_nonadaptive,target_error,1294,107.75,0.13290384737259897
ergo_nonadaptive,target_error,1295,107.83333333333337,0.1347049021471856
ergo_nonadaptive,target_error,1296,107.91666666666663,0.13671502550096026
ergo_nonadaptive,target_error,1297,108.0,0.13534765028808296
ergo_nonadaptive,target_error,1298,108.08333333333337,0.1377557672118889
ergo_nonadaptive,target_error,1299,108.16666666666663,0.1376625840947087
ergo_nonadaptive,target_error,1300,108.25,0.13512781874340746
ergo_nonadaptive,target_error,1301,108.33333333333337,0.13552853718995395
ergo_nonadaptive,target_error,1302,108.41666666666663,0.13215327689113673
ergo_nonadaptive,target_error,1303,108.5,0.13382455368485827
ergo_nonadaptive,target_error,1304,108.58333333333337,0.1361272198663537
ergo_nonadaptive,target_error,1305,108.66666666666663,0.13594026689495192
ergo_nonadaptive,target_error,1306,108.75,0.13692226448772093
ergo_nonadaptive,target_error,1307,108.83333333333337,0.13309608692937536
ergo_nonadaptive,target_error,1308,108.91666666666663,0.13780614792564455
ergo_nonadaptive,target_error,1309,109.0,0.13915328291933912
ergo_nonadaptive,target_error,1310,109.08333333333337,0.1340122768278842
ergo_nonadaptive,target_error,1311,109.16666666666663,0.1335162001416109
ergo_nonadaptive,target_error,1312,109.25,0.13526384438156488
ergo_nonadaptive,target_error,1313,109.33333333333337,0.1349874009359271
ergo_nonadaptive,target_error,1314,109.41666666666663,0.134092760228268
ergo_nonadaptive,target_error,1315,109.5,0.13703591896900139
ergo_nonadaptive,target_error,1316,109.58333333333337,0.1407521323032172
ergo_nonadaptive,target_error,1317,109.66666666666663,0.14265406079614298
ergo_nonadaptive,target_error,1318,109.75,0.14517578869382397
ergo_nonadaptive,target_error,1319,109.83333333333337,0.15014331341011575
ergo_nonadaptive,target_error,1320,109.91666666666663,0.14892780387314059
ergo_nonadaptive,target_error,1321,110.0,0.15108833126613364
ergo_nonadaptive,target_error,1322,110.08333333333337,0.1477125764735348
ergo_nonadaptive,target_error,1323,110.16666666666663,0.14990593753555737
ergo_nonadaptive,target_error,1324,110.25,0.1505641950319236
ergo_nonadaptive,target_error,1325,110.33333333333337,0.14975520613082666
ergo_nonadaptive,target_error,1326,110.41666666666663,0.14488200176437396
ergo_nonadaptive,target_error,1327,110.5,0.14413992200409592
ergo_nonadaptive,target_error,1328,110.58333333333337,0.13829570259111207
ergo_nonadaptive,target_error,1329,110.66666666666663,0.13680982247459064
ergo_nonadaptive,target_error,1330,110.75,0.13741268276618343
ergo_nonadaptive,target_error,1331,110.83333333333337,0.14054666515791733
ergo_nonadaptive,target_error,1332,110.91666666666663,0.13603203095616034
ergo_nonadaptive,target_error,1333,111.0,0.13916174066694714
ergo_nonadaptive,target_error,1334,111.08333333333337,0.131897602354072
ergo_nonadaptive,target_error,1335,111.16666666666663,0.12883728494873417
ergo_nonadaptive,target_error,1336,111.25,0.12707456237787432
ergo_nonadaptive,target_error,1337,111.33333333333337,0.1273008802102835
ergo_nonadaptive,target_error,1338,111.41666666666663,0.1259679857145432
ergo_nonadaptive,target_error,1339,111.5,0.12492572433794558
ergo_nonadaptive,target_error,1340,111.58333333333337,0.12220758085144076
ergo_nonadaptive,target_error,1341,111.66666666666663,0.12111475197029904
ergo_nonadaptive,target_error,1342,111.75,0.11914816728946816
ergo_nonadaptive,target_error,1343,111.83333333333337,0.11814997031499971
ergo_nonadaptive,target_error,1344,111.91666666666663,0.11782285119426213
ergo_nonadaptive,target_error,1345,112.0,0.12004244682734731
ergo_nonadaptive,target_error,1346,112.08333333333337,0.1204934997007993
ergo_nonadaptive,target_error,1347,112.16666666666663,0.11741020547734123
ergo_nonadaptive,target_error,1348,112.25,0.1177942010053287
ergo_nonadaptive,target_error,1349,112.33333333333337,0.1170114358738065
ergo_nonadaptive,target_error,1350,112.41666666666663,0.11595930441664444
ergo_nonadaptive,target_error,1351,112.5,0.11520176884133498
ergo_nonadaptive,target_error,1352,112.58333333333337,0.11471067289892806
ergo_nonadaptive,target_error,1353,112.66666666666663,0.11619765502700816
ergo_nonadaptive,target_error,1354,112.75,0.11477534904175166
ergo_nonadaptive,target_error,1355,112.83333333333337,0.11394343772585579
ergo_nonadaptive,target_error,1356,112.91666666666663,0.11401282829992036
ergo_nonadaptive,target_error,1357,113.0,0.11373299875232062
ergo_nonadaptive,target_error,1358,113.08333333333337,0.11468164075788671
ergo_nonadaptive,target_error,1359,113.16666666666663,0.11501009818781778
ergo_nonadaptive,target_error,1360,113.25,0.11417081870972688
ergo_nonadaptive,target_error,1361,113.33333333333337,0.11501995856656332
ergo_nonadaptive,target_error,1362,113.41666666666663,0.114076846850632
ergo_nonadaptive,target_error,1363,113.5,0.11436797069134079
ergo_nonadaptive,target_error,1364,113.58333333333337,0.11587696179384242
ergo_nonadaptive,target_error,1365,113.66666666666663,0.11810745576825608
ergo_nonadaptive,target_error,1366,113.75,0.11988725231681888
ergo_nonadaptive,target_error,1367,113.83333333333337,0.11928491046959656
ergo_nonadaptive,target_error,1368,113.91666666666663,0.11793932533890066
ergo_nonadaptive,target_error,1369,114.0,0.11681449768292103
ergo_nonadaptive,target_error,1370,114.08333333333337,0.11854837752260687
ergo_nonadaptive,target_error,1371,114.16666666666663,0.11725186475747029
ergo_nonadaptive,target_error,1372,114.25,0.11870051943415187
ergo_nonadaptive,target_error,1373,114.33333333333337,0.11944430771189628
ergo_nonadaptive,target_error,1374,114.41666666666663,0.11820762263763421
ergo_nonadaptive,target_error,1375,114.5,0.12240235705347087
ergo_nonadaptive,target_error,1376,114.58333333333337,0.1204469102293574
ergo_nonadaptive,target_error,1377,114.66666666666663,0.12084730079307793
ergo_nonadaptive,target_error,1378,114.75,0.12274169496607949
ergo_nonadaptive,target_error,1379,114.83333333333337,0.12384881394861362
ergo_nonadaptive,target_error,1380,114.91666666666663,0.12800692837466585
ergo_nonadaptive,target_error,1381,115.0,0.12489890671539981
ergo_nonadaptive,target_error,1382,115.08333333333337,0.12958024194470327
ergo_nonadaptive,target_error,1383,115.16666666666663,0.13412407712579347
ergo_nonadaptive,target_error,1384,115.25,0.13256667884982518
ergo_nonadaptive,target_error,1385,115.33333333333337,0.1341669920085578
ergo_nonadaptive,target_error,1386,115.41666666666663,0.13438676681920023
ergo_nonadaptive,target_error,1387,115.5,0.13717562413291365
ergo_nonadaptive,target_error,1388,115.58333333333337,0.13978503901036482
ergo_nonadaptive,target_error,1389,115.66666666666663,0.14385395422124914
ergo_nonadaptive,target_error,1390,115.75,0.14340303351703107
ergo_nonadaptive,target_error,1391,115.83333333333337,0.1460695050038849
ergo_nonadaptive,target_error,1392,115.91666666666663,0.14488324544310066
ergo_nonadaptive,target_error,1393,116.0,0.14640249257271304
ergo_nonadaptive,target_error,1394,116.08333333333337,0.14803157006397466
ergo_nonadaptive,target_error,1395,116.16666666666663,0.1477481876763094
ergo_nonadaptive,target_error,1396,116.25,0.14773259419934331
ergo_nonadaptive,target_error,1397,116.33333333333337,0.14951650552068402
ergo_nonadaptive,target_error,1398,116.41666666666663,0.14998223603925256
ergo_nonadaptive,target_error,1399,116.5,0.15053370709905964
ergo_nonadaptive,target_error,1400,116.58333333333337,0.14962775264684475
ergo_nonadaptive,target_error,1401,116.66666666666663,0.15119785292555263
ergo_nonadaptive,target_error,1402,116.75,0.15082977919539342
ergo_nonadaptive,target_error,1403,116.83333333333337,0.15175676871471255
ergo_nonadaptive,target_error,1404,116.91666666666663,0.15218128394738384
ergo_nonadaptive,target_error,1405,117.0,0.15379222644473356
ergo_nonadaptive,target_error,1406,117.08333333333337,0.15382377145545664
ergo_nonadaptive,target_error,1407,117.16666666666663,0.15424825808960527
ergo_nonadaptive,target_error,1408,117.25,0.15410621529076082
ergo_nonadaptive,target_error,1409,117.33333333333337,0.15543444699425105
ergo_nonadaptive,target_error,1410,117.41666666666663,0.15599233890355116
ergo_nonadaptive,target_error,1411,117.5,0.15614707160889418
ergo_nonadaptive,target_error,1412,117.58333333333337,0.15692928704966244
ergo_nonadaptive,target_error,1413,117.66666666666663,0.1566845889469373
ergo_nonadaptive,target_error,1414,117.75,0.15702544084041695
ergo_nonadaptive,target_error,1415,117.83333333333337,0.15582837235350525
ergo_nonadaptive,target_error,1416,117.91666666666663,0.15584352838173016
ergo_nonadaptive,target_error,1417,118.0,0.15602099073688153
ergo_nonadaptive,target_error,1418,118.08333333333337,0.15580196164832386
ergo_nonadaptive,target_error,1419,118.16666666666663,0.15587300477922375
ergo_nonadaptive,target_error,1420,118.25,0.15662246328899904
ergo_nonadaptive,target_error,1421,118.33333333333337,0.15586850183001316
ergo_nonadaptive,target_error,1422,118.41666666666663,0.15586184117073676
ergo_nonadaptive,target_error,1423,118.5,0.15553862161725704
ergo_nonadaptive,target_error,1424,118.58333333333337,0.1532741672910887
ergo_nonadaptive,target_error,1425,118.66666666666663,0.1527299418705185
ergo_nonadaptive,target_error,1426,118.75,0.15274765256651182
ergo_nonadaptive,target_error,1427,118.83333333333337,0.15194523350507966
ergo_nonadaptive,target_error,1428,118.91666666666663,0.15291675617874
ergo_nonadaptive,target_error,1429,119.0,0.15111207279844407
ergo_nonadaptive,target_error,1430,119.08333333333337,0.15007754407604393
ergo_nonadaptive,target_error,1431,119.16666666666663,0.1495293293151694
ergo_nonadaptive,target_error,1432,119.25,0.1486878444423067
ergo_nonadaptive,target_error,1433,119.33333333333337,0.14963206029173265
ergo_nonadaptive,target_error,1434,119.41666666666663,0.14706621627922345
ergo_nonadaptive,target_error,1435,119.5,0.14554222461219105
ergo_nonadaptive,target_error,1436,119.58333333333337,0.1460639220597773
ergo_nonadaptive,target_error,1437,119.66666666666663,0.14627171516959428
ergo_nonadaptive,target_error,1438,119.75,0.14666192688542135
ergo_nonadaptive,target_error,1439,119.83333333333337,0.14634283731530884
ergo_nonadaptive,target_error,1440,119.91666666666663,0.14660114232636912
ergo_nonadaptive,target_error,1441,120.0,0.14536372143930557
ergo_nonadaptive,target_error,1442,120.08333333333337,0.1450212865766718
ergo_nonadaptive,target_error,1443,120.16666666666663,0.14733055980252788
ergo_nonadaptive,target_error,1444,120.25,0.1472256086973927
ergo_nonadaptive,target_error,1445,120.33333333333337,0.14713010785498123
ergo_nonadaptive,target_error,1446,120.41666666666663,0.14724929385439997
ergo_nonadaptive,target_error,1447,120.5,0.14744867856345945
ergo_nonadaptive,target_error,1448,120.58333333333337,0.14823843568543157
ergo_nonadaptive,target_error,1449,120.66666666666663,0.1499475791079158
ergo_nonadaptive,target_error,1450,120.75,0.1509066930325031
ergo_nonadaptive,target_error,1451,120.83333333333337,0.1504025889161511
ergo_nonadaptive,target_error,1452,120.91666666666663,0.1523325730810628
ergo_nonadaptive,target_error,1453,121.0,0.15245425689241524
ergo_nonadaptive,target_error,1454,121.08333333333337,0.15264403869939872
ergo_nonadaptive,target_error,1455,121.16666666666663,0.15240567792378573
ergo_nonadaptive,target_error,1456,121.25,0.1536126217810936
ergo_nonadaptive,target_error,1457,121.33333333333337,0.15413533816279326
ergo_nonadaptive,target_error,1458,121.41666666666663,0.15481034551048592
ergo_nonadaptive,target_error,1459,121.5,0.15517676947972028
ergo_nonadaptive,target_error,1460,121.58333333333337,0.15694187882995275
ergo_nonadaptive,target_error,1461,121.66666666666663,0.1575056264626518
ergo_nonadaptive,target_error,1462,121.75,0.15706488616685998
ergo_nonadaptive,target_error,1463,121.83333333333337,0.15777356804380513
ergo_nonadaptive,target_error,1464,121.91666666666663,0.15780340872451554
ergo_nonadaptive,target_error,1465,122.0,0.15752143669623705
ergo_nonadaptive,target_error,1466,122.08333333333337,0.15875949268806774
ergo_nonadaptive,target_error,1467,122.16666666666663,0.1589469372902237
ergo_nonadaptive,target_error,1468,122.25,0.159282574357077
ergo_nonadaptive,target_error,1469,122.33333333333337,0.16002541109445506
ergo_nonadaptive,target_error,1470,122.41666666666663,0.160779363507698
ergo_nonadaptive,target_error,1471,122.5,0.16068645107121454
ergo_nonadaptive,target_error,1472,122.58333333333337,0.16121595299556266
ergo_nonadaptive,target_error,1473,122.66666666666663,0.1617510243914784
ergo_nonadaptive,target_error,1474,122.75,0.16304232905208255
ergo_nonadaptive,target_error,1475,122.83333333333337,0.16341787136752678
ergo_nonadaptive,target_error,1476,122.91666666666663,0.1624340478800783
ergo_nonadaptive,target_error,1477,123.0,0.16289639194967154
ergo_nonadaptive,target_error,1478,123.08333333333337,0.1624411537039925
ergo_nonadaptive,target_error,1479,123.16666666666663,0.16207830530673217
ergo_nonadaptive,target_error,1480,123.25,0.16296778396307707
ergo_nonadaptive,target_error,1481,123.33333333333337,0.1640755543406652
ergo_nonadaptive,target_error,1482,123.41666666666663,0.16489632493146997
ergo_nonadaptive,target_error,1483,123.5,0.1655927528422568
ergo_nonadaptive,target_error,1484,123.58333333333337,0.1657230486355761
ergo_nonadaptive,target_error,1485,123.66666666666663,0.16545208876012923
ergo_nonadaptive,target_error,1486,123.75,0.16499942685360916
ergo_nonadaptive,target_error,1487,123.83333333333337,0.16535718854723208
ergo_nonadaptive,target_error,1488,123.91666666666663,0.16649726517184096
ergo_nonadaptive,target_error,1489,124.0,0.16742246212646322
ergo_nonadaptive,target_error,1490,124.08333333333337,0.168258235535146
ergo_nonadaptive,target_error,1491,124.16666666666663,0.16764397490967983
ergo_nonadaptive,target_error,1492,124.25,0.1677389949731456
ergo_nonadaptive,target_error,1493,124.33333333333337,0.1672877552903861
ergo_nonadaptive,target_error,1494,124.41666666666663,0.16789938062824677
ergo_nonadaptive,target_error,1495,124.5,0.16832336737064685
ergo_nonadaptive,target_error,1496,124.58333333333337,0.1678712970414118
ergo_nonadaptive,target_error,1497,124.66666666666663,0.16790999097538328
ergo_nonadaptive,target_error,1498,124.75,0.16763753694874173
ergo_nonadaptive,target_error,1499,124.83333333333337,0.16777800169346507
ergo_nonadaptive,target_error,1500,124.91666666666663,0.16760233682630457
ergo_nonadaptive,target_error,1501,125.0,0.16741739274990264
ergo_nonadaptive,target_error,1502,125.08333333333337,0.16758597973749528
ergo_nonadaptive,target_error,1503,125.16666666666663,0.1673742806234106
ergo_nonadaptive,target_error,1504,125.25,0.16857223695410237
ergo_nonadaptive,target_error,1505,125.33333333333337,0.1686198174340357
ergo_nonadaptive,target_error,1506,125.41666666666663,0.16927511348536456
ergo_nonadaptive,target_error,1507,125.5,0.16990128330337806
ergo_nonadaptive,target_error,1508,125.58333333333337,0.169735298292773
ergo_nonadaptive,target_error,1509,125.66666666666663,0.17047290689566064
ergo_nonadaptive,target_error,1510,125.75,0.17036622088238015
ergo_nonadaptive,target_error,1511,125.83333333333337,0.17071026463496744
ergo_nonadaptive,target_error,1512,125.91666666666663,0.16994775153591465
ergo_nonadaptive,target_error,1513,126.0,0.1710426461839102
ergo_nonadaptive,target_error,1514,126.08333333333337,0.17147685772400556
ergo_nonadaptive,target_error,1515,126.16666666666663,0.17152484332932746
ergo_nonadaptive,target_error,1516,126.25,0.17170910907045628
ergo_nonadaptive,target_error,1517,126.33333333333337,0.17060616698346184
ergo_nonadaptive,target_error,1518,126.41666666666663,0.17033061471044114
ergo_nonadaptive,target_error,1519,126.5,0.17089041029813892
ergo_nonadaptive,target_error,1520,126.58333333333337,0.17204327245434187
ergo_nonadaptive,target_error,1521,126.66666666666663,0.17212716323514946
ergo_nonadaptive,target_error,1522,126.75,0.17350786408754937
ergo_nonadaptive,target_error,1523,126.83333333333337,0.17267783749463064
ergo_nonadaptive,target_error,1524,126.91666666666663,0.17377059194139344
ergo_nonadaptive,target_error,1525,127.0,0.17374407707017647
ergo_nonadaptive,target_error,1526,127.08333333333337,0.1744276712800344
ergo_nonadaptive,target_error,1527,127.16666666666663,0.17504982474833763
ergo_nonadaptive,target_error,1528,127.25,0.17478756764353923
ergo_nonadaptive,target_error,1529,127.33333333333337,0.17581381484062567
ergo_nonadaptive,target_error,1530,127.41666666666663,0.1773982160640199
ergo_nonadaptive,target_error,1531,127.5,0.1782578449101957
ergo_nonadaptive,target_error,1532,127.58333333333337,0.17678464739511013
ergo_nonadaptive,target_error,1533,127.66666666666663,0.17776184757713961
ergo_nonadaptive,target_error,1534,127.75,0.1782456871779776
ergo_nonadaptive,target_error,1535,127.83333333333337,0.18041430622520244
ergo_nonadaptive,target_error,1536,127.91666666666663,0.179646014737531
ergo_nonadaptive,target_error,1537,128.0,0.17998277622513123
ergo_nonadaptive,target_error,1538,128.08333333333337,0.18041859982531228
ergo_nonadaptive,target_error,1539,128.16666666666663,0.18107168176031307
ergo_nonadaptive,target_error,1540,128.25,0.18136940029565382
ergo_nonadaptive,target_error,1541,128.33333333333337,0.18157090840291673
ergo_nonadaptive,target_error,1542,128.41666666666663,0.18282808409749757
ergo_nonadaptive,target_error,1543,128.5,0.18369940099687443
ergo_nonadaptive,target_error,1544,128.58333333333337,0.18373499709507826
ergo_nonadaptive,target_error,1545,128.66666666666663,0.18476152945379176
ergo_nonadaptive,target_error,1546,128.75,0.1831986460820349
ergo_nonadaptive,target_error,1547,128.83333333333337,0.18381948388197922
ergo_nonadaptive,target_error,1548,128.91666666666663,0.1834291897233836
ergo_nonadaptive,target_error,1549,129.0,0.18549806593357895
ergo_nonadaptive,target_error,1550,129.08333333333337,0.18716297986272343
ergo_nonadaptive,target_error,1551,129.16666666666663,0.18642498402975644
ergo_nonadaptive,target_error,1552,129.25,0.18626559181063063
ergo_nonadaptive,target_error,1553,129.33333333333337,0.1867056068881397
ergo_nonadaptive,target_error,1554,129.41666666666663,0.18674415299550118
ergo_nonadaptive,target_error,1555,129.5,0.18584918283715623
ergo_nonadaptive,target_error,1556,129.58333333333337,0.18585834866646983
ergo_nonadaptive,target_error,1557,129.66666666666663,0.18603546333193882
ergo_nonadaptive,target_error,1558,129.75,0.18722919979752473
ergo_nonadaptive,target_error,1559,129.83333333333337,0.18735350237087908
ergo_nonadaptive,target_error,1560,129.91666666666663,0.18746224417586577
ergo_nonadaptive,target_error,1561,130.0,0.18787356741722216
ergo_nonadaptive,target_error,1562,130.08333333333337,0.18776583670074187
ergo_nonadaptive,target_error,1563,130.16666666666663,0.18753895974786292
ergo_nonadaptive,target_error,1564,130.25,0.18822556058063244
ergo_nonadaptive,target_error,1565,130.33333333333337,0.1885975072774021
ergo_nonadaptive,target_error,1566,130.41666666666663,0.18943463949872952
ergo_nonadaptive,target_error,1567,130.5,0.1896596053867523
ergo_nonadaptive,target_error,1568,130.58333333333337,0.1888399149611295
ergo_nonadaptive,target_error,1569,130.66666666666663,0.1893647906814395
ergo_nonadaptive,target_error,1570,130.75,0.18973242891653183
ergo_nonadaptive,target_error,1571,130.83333333333337,0.19010415281616017
ergo_nonadaptive,target_error,1572,130.91666666666663,0.19153489201714485
ergo_nonadaptive,target_error,1573,131.0,0.19069024416677607
ergo_nonadaptive,target_error,1574,131.08333333333337,0.1921841796046885
ergo_nonadaptive,target_error,1575,131.16666666666663,0.19185190297205604
ergo_nonadaptive,target_error,1576,131.25,0.192092317426762
ergo_nonadaptive,target_error,1577,131.33333333333337,0.19106617294492564
ergo_nonadaptive,target_error,1578,131.41666666666663,0.19270978585611395
ergo_nonadaptive,target_error,1579,131.5,0.19467180170353882
ergo_nonadaptive,target_error,1580,131.58333333333337,0.19435869379373352
ergo_nonadaptive,target_error,1581,131.66666666666663,0.19288603015809924
ergo_nonadaptive,target_error,1582,131.75,0.19273793207424225
ergo_nonadaptive,target_error,1583,131.83333333333337,0.19249424036918483
ergo_nonadaptive,target_error,1584,131.91666666666663,0.19380973576695276
ergo_nonadaptive,target_error,1585,132.0,0.19347658343655055
ergo_nonadaptive,target_error,1586,132.08333333333337,0.19424729049321574
ergo_nonadaptive,target_error,1587,132.16666666666663,0.19342969925290152
ergo_nonadaptive,target_error,1588,132.25,0.19314823684629528
ergo_nonadaptive,target_error,1589,132.33333333333337,0.19415724855050018
ergo_nonadaptive,target_error,1590,132.41666666666663,0.19559853938413935
ergo_nonadaptive,target_error,1591,132.5,0.1954616094418052
ergo_nonadaptive,target_error,1592,132.58333333333337,0.1963151209419852
ergo_nonadaptive,target_error,1593,132.66666666666663,0.1961651802786585
ergo_nonadaptive,target_error,1594,132.75,0.19649368050589372
ergo_nonadaptive,target_error,1595,132.83333333333337,0.19531228992231986
ergo_nonadaptive,target_error,1596,132.91666666666663,0.1951732648415047
ergo_nonadaptive,target_error,1597,133.0,0.19477552001895745
ergo_nonadaptive,target_error,1598,133.08333333333337,0.19559317254345207
ergo_nonadaptive,target_error,1599,133.16666666666663,0.19589560523058278
ergo_nonadaptive,target_error,1600,133.25,0.19678392349353996
ergo_nonadaptive,target_error,1601,133.33333333333337,0.1947342753074417
ergo_nonadaptive,target_error,1602,133.41666666666663,0.19481714635448785
ergo_nonadaptive,target_error,1603,133.5,0.19491669710825943
ergo_nonadaptive,target_error,1604,133.58333333333337,0.19439554508791684
ergo_nonadaptive,target_error,1605,133.66666666666663,0.19468223182768277
ergo_nonadaptive,target_error,1606,133.75,0.19499875224924504
ergo_nonadaptive,target_error,1607,133.83333333333337,0.19740344203057691
ergo_nonadaptive,target_error,1608,133.91666666666663,0.1974748739191067
ergo_nonadaptive,target_error,1609,134.0,0.19727702874822875
ergo_nonadaptive,target_error,1610,134.08333333333337,0.19797676354248783
ergo_nonadaptive,target_error,1611,134.16666666666663,0.1964765791262572
ergo_nonadaptive,target_error,1612,134.25,0.19789039343600215
ergo_nonadaptive,target_error,1613,134.33333333333337,0.20004805899203815
ergo_nonadaptive,target_error,1614,134.41666666666663,0.19896613735909105
ergo_nonadaptive,target_error,1615,134.5,0.19968026989638055
ergo_nonadaptive,target_error,1616,134.58333333333337,0.19740849889862064
ergo_nonadaptive,target_error,1617,134.66666666666663,0.19682885088764063
ergo_nonadaptive,target_error,1618,134.75,0.19568503053121383
ergo_nonadaptive,target_error,1619,134.83333333333337,0.1962862698650733
ergo_nonadaptive,target_error,1620,134.91666666666663,0.19798697480485994
ergo_nonadaptive,target_error,1621,135.0,0.19799560423693743
ergo_nonadaptive,target_error,1622,135.08333333333337,0.1977495727377382
ergo_nonadaptive,target_error,1623,135.16666666666663,0.19676778950455048
ergo_nonadaptive,target_error,1624,135.25,0.19481927767325
ergo_nonadaptive,target_error,1625,135.33333333333337,0.1959923253418948
ergo_nonadaptive,target_error,1626,135.41666666666663,0.19882275843677136
ergo_nonadaptive,target_error,1627,135.5,0.19861351515267886
ergo_nonadaptive,target_error,1628,135.58333333333337,0.19829132768654942
ergo_nonadaptive,target_error,1629,135.66666666666663,0.1993442163518493
ergo_nonadaptive,target_error,1630,135.75,0.1998216215675634
ergo_nonadaptive,target_error,1631,135.83333333333337,0.1973887703004346
ergo_nonadaptive,target_error,1632,135.91666666666663,0.19741703039205
ergo_nonadaptive,target_error,1633,136.0,0.19878940492271394
ergo_nonadaptive,target_error,1634,136.08333333333337,0.1996577074811835
ergo_nonadaptive,target_error,1635,136.16666666666663,0.1991802914563389
ergo_nonadaptive,target_error,1636,136.25,0.19928887477282103
ergo_nonadaptive,target_error,1637,136.33333333333337,0.1993093679511579
ergo_nonadaptive,target_error,1638,136.41666666666663,0.20000306942222884
ergo_nonadaptive,target_error,1639,136.5,0.1996251088358065
ergo_nonadaptive,target_error,1640,136.58333333333337,0.19897030143597663
ergo_nonadaptive,target_error,1641,136.66666666666663,0.19954222543649794
ergo_nonadaptive,target_error,1642,136.75,0.20001582269361634
ergo_nonadaptive,target_error,1643,136.83333333333337,0.19950067707311997
ergo_nonadaptive,target_error,1644,136.91666666666663,0.20054034515506788
ergo_nonadaptive,target_error,1645,137.0,0.20141470626982416
ergo_nonadaptive,target_error,1646,137.08333333333337,0.20085641903137674
ergo_nonadaptive,target_error,1647,137.16666666666663,0.200896306437811
ergo_nonadaptive,target_error,1648,137.25,0.1997388453486963
ergo_nonadaptive,target_error,1649,137.33333333333337,0.20037863441477624
ergo_nonadaptive,target_error,1650,137.41666666666663,0.20034653566835348
ergo_nonadaptive,target_error,1651,137.5,0.20050502045550106
ergo_nonadaptive,target_error,1652,137.58333333333337,0.1994906906745862
ergo_nonadaptive,target_error,1653,137.66666666666663,0.1995587992400415
ergo_nonadaptive,target_error,1654,137.75,0.1978213303142725
ergo_nonadaptive,target_error,1655,137.83333333333337,0.1979903380892184
ergo_nonadaptive,target_error,1656,137.91666666666663,0.19724139981124356
ergo_nonadaptive,target_error,1657,138.0,0.19727126228564337
ergo_nonadaptive,target_error,1658,138.08333333333337,0.19581976103368248
ergo_nonadaptive,target_error,1659,138.16666666666663,0.19341693690822795
ergo_nonadaptive,target_error,1660,138.25,0.19257090129891774
ergo_nonadaptive,target_error,1661,138.33333333333337,0.19013073252838592
ergo_nonadaptive,target_error,1662,138.41666666666663,0.19263537525996274
ergo_nonadaptive,target_error,1663,138.5,0.19323530158954083
ergo_nonadaptive,target_error,1664,138.58333333333337,0.19494073430808603
ergo_nonadaptive,target_error,1665,138.66666666666663,0.19292874174478292
ergo_nonadaptive,target_error,1666,138.75,0.19354757211906515
ergo_nonadaptive,target_error,1667,138.83333333333337,0.19232143226547865
ergo_nonadaptive,target_error,1668,138.91666666666663,0.18935279970218247
ergo_nonadaptive,target_error,1669,139.0,0.18642483476667315
ergo_nonadaptive,target_error,1670,139.08333333333337,0.18447609474819887
ergo_nonadaptive,target_error,1671,139.16666666666663,0.1810550975627547
ergo_nonadaptive,target_error,1672,139.25,0.18162490328239492
ergo_nonadaptive,target_error,1673,139.33333333333337,0.17874524024733013
ergo_nonadaptive,target_error,1674,139.41666666666663,0.17766148278120836
ergo_nonadaptive,target_error,1675,139.5,0.1750600082572401
ergo_nonadaptive,target_error,1676,139.58333333333337,0.17507053795699729
ergo_nonadaptive,target_error,1677,139.66666666666663,0.17447602428850414
ergo_nonadaptive,target_error,1678,139.75,0.1777316935758727
ergo_nonadaptive,target_error,1679,139.83333333333337,0.1765610652259466
ergo_nonadaptive,target_error,1680,139.91666666666663,0.17796523990418212
ergo_nonadaptive,target_error,1681,140.0,0.17995494193172465
ergo_nonadaptive,target_error,1682,140.08333333333337,0.17800981148053505
ergo_nonadaptive,target_error,1683,140.16666666666663,0.17974034607627618
ergo_nonadaptive,target_error,1684,140.25,0.18134273709040966
ergo_nonadaptive,target_error,1685,140.33333333333337,0.1809337292535325
ergo_nonadaptive,target_error,1686,140.41666666666663,0.18186178694794203
ergo_nonadaptive,target_error,1687,140.5,0.18326831897046625
ergo_nonadaptive,target_error,1688,140.58333333333337,0.1833341276071079
ergo_nonadaptive,target_error,1689,140.66666666666663,0.1841002564935874
ergo_nonadaptive,target_error,1690,140.75,0.18495024447012787
ergo_nonadaptive,target_error,1691,140.83333333333337,0.18577236728056487
ergo_nonadaptive,target_error,1692,140.91666666666663,0.18607078686817194
ergo_nonadaptive,target_error,1693,141.0,0.1863593082018071
ergo_nonadaptive,target_error,1694,141.08333333333337,0.18679159694225753
ergo_nonadaptive,target_error,1695,141.16666666666663,0.1871836168019084
ergo_nonadaptive,target_error,1696,141.25,0.18731272967657234
ergo_nonadaptive,target_error,1697,141.33333333333337,0.18737710304285687
ergo_nonadaptive,target_error,1698,141.41666666666663,0.18848025573159377
ergo_nonadaptive,target_error,1699,141.5,0.1889786215684271
ergo_nonadaptive,target_error,1700,141.58333333333337,0.18954346958359483
ergo_nonadaptive,target_error,1701,141.66666666666663,0.18938954179997994
ergo_nonadaptive,target_error,1702,141.75,0.18852363733464642
ergo_nonadaptive,target_error,1703,141.83333333333337,0.18922702546987025
ergo_nonadaptive,target_error,1704,141.91666666666663,0.1891429372838263
ergo_nonadaptive,target_error,1705,142.0,0.1890954494951448
ergo_nonadaptive,target_error,1706,142.08333333333337,0.1885964723336215
ergo_nonadaptive,target_error,1707,142.16666666666663,0.18891043169499713
ergo_nonadaptive,target_error,1708,142.25,0.18975271565910418
ergo_nonadaptive,target_error,1709,142.33333333333337,0.19025466025449364
ergo_nonadaptive,target_error,1710,142.41666666666663,0.1918668689746508
ergo_nonadaptive,target_error,1711,142.5,0.19096942078610352
ergo_nonadaptive,target_error,1712,142.58333333333337,0.19198098312415876
ergo_nonadaptive,target_error,1713,142.66666666666663,0.19229389164723354
ergo_nonadaptive,target_error,1714,142.75,0.191961403026412
ergo_nonadaptive,target_error,1715,142.83333333333337,0.1924354879442327
ergo_nonadaptive,target_error,1716,142.91666666666663,0.19272629543337527
ergo_nonadaptive,target_error,1717,143.0,0.1924714242350252
ergo_nonadaptive,target_error,1718,143.08333333333337,0.19309937143839725
ergo_nonadaptive,target_error,1719,143.16666666666663,0.19191292709831115
ergo_nonadaptive,target_error,1720,143.25,0.19140932867525176
ergo_nonadaptive,target_error,1721,143.33333333333337,0.19217342773459042
ergo_nonadaptive,target_error,1722,143.41666666666663,0.1921238539088657
ergo_nonadaptive,target_error,1723,143.5,0.19412739715415242
ergo_nonadaptive,target_error,1724,143.58333333333337,0.1932445247617435
ergo_nonadaptive,target_error,1725,143.66666666666663,0.19201625592881122
ergo_nonadaptive,target_error,1726,143.75,0.1925951685655087
ergo_nonadaptive,target_error,1727,143.83333333333337,0.19418446398884454
ergo_nonadaptive,target_error,1728,143.91666666666663,0.19458666855274628
ergo_nonadaptive,target_error,1729,144.0,0.1949629740312231
ergo_nonadaptive,target_error,1730,144.08333333333337,0.19368430379586707
ergo_nonadaptive,target_error,1731,144.16666666666663,0.19413534820064676
ergo_nonadaptive,target_error,1732,144.25,0.19447763071560234
ergo_nonadaptive,target_error,1733,144.33333333333337,0.1957462406388017
ergo_nonadaptive,target_error,1734,144.41666666666663,0.19608847382077482
ergo_nonadaptive,target_error,1735,144.5,0.19511319053207737
ergo_nonadaptive,target_error,1736,144.58333333333337,0.19469795862292794
ergo_nonadaptive,target_error,1737,144.66666666666663,0.19518830931818335
ergo_nonadaptive,target_error,1738,144.75,0.19568459350835674
ergo_nonadaptive,target_error,1739,144.83333333333337,0.19712928953545716
ergo_nonadaptive,target_error,1740,144.91666666666663,0.19838556450426661
ergo_nonadaptive,target_error,1741,145.0,0.19786445425899699
ergo_nonadaptive,target_error,1742,145.08333333333337,0.1967560254809422
ergo_nonadaptive,target_error,1743,145.16666666666663,0.195681780270708
ergo_nonadaptive,target_error,1744,145.25,0.19281686383276828
ergo_nonadaptive,target_error,1745,145.33333333333337,0.19292276142974857
ergo_nonadaptive,target_error,1746,145.41666666666663,0.1912725160791648
ergo_nonadaptive,target_error,1747,145.5,0.18899286261443415
ergo_nonadaptive,target_error,1748,145.58333333333337,0.19144815898524042
ergo_nonadaptive,target_error,1749,145.66666666666663,0.19015047660942405
ergo_nonadaptive,target_error,1750,145.75,0.18805996968693128
ergo_nonadaptive,target_error,1751,145.83333333333337,0.1837691178977424
ergo_nonadaptive,target_error,1752,145.91666666666663,0.1853795840473295
ergo_nonadaptive,target_error,1753,146.0,0.18657331239750438
ergo_nonadaptive,target_error,1754,146.08333333333337,0.18815250091196425
ergo_nonadaptive,target_error,1755,146.16666666666663,0.17911190206713812
ergo_nonadaptive,target_error,1756,146.25,0.17652959583333458
ergo_nonadaptive,target_error,1757,146.33333333333337,0.17852045986477225
ergo_nonadaptive,target_error,1758,146.41666666666663,0.16939789595251326
ergo_nonadaptive,target_error,1759,146.5,0.1682915473306739
ergo_nonadaptive,target_error,1760,146.58333333333337,0.16640918021979267
ergo_nonadaptive,target_error,1761,146.66666666666663,0.1655639406244177
ergo_nonadaptive,target_error,1762,146.75,0.16462869070574815
ergo_nonadaptive,target_error,1763,146.83333333333337,0.16165333755343994
ergo_nonadaptive,target_error,1764,146.91666666666663,0.16146659223936957
ergo_nonadaptive,target_error,1765,147.0,0.16344404851368452
ergo_nonadaptive,target_error,1766,147.08333333333337,0.16080298240532478
ergo_nonadaptive,target_error,1767,147.16666666666663,0.15996661903193712
ergo_nonadaptive,target_error,1768,147.25,0.16009485841552185
ergo_nonadaptive,target_error,1769,147.33333333333337,0.16134997416685642
ergo_nonadaptive,target_error,1770,147.41666666666663,0.1601884108100306
ergo_nonadaptive,target_error,1771,147.5,0.16580489480055455
ergo_nonadaptive,target_error,1772,147.58333333333337,0.16546239795666134
ergo_nonadaptive,target_error,1773,147.66666666666663,0.1638531594557175
ergo_nonadaptive,target_error,1774,147.75,0.16850328012143817
ergo_nonadaptive,target_error,1775,147.83333333333337,0.16670229332249215
ergo_nonadaptive,target_error,1776,147.91666666666663,0.16398093281643752
ergo_nonadaptive,target_error,1777,148.0,0.16401919645146298
ergo_nonadaptive,target_error,1778,148.08333333333337,0.16867203323370286
ergo_nonadaptive,target_error,1779,148.16666666666663,0.16934697150294972
ergo_nonadaptive,target_error,1780,148.25,0.17178073301227562
ergo_nonadaptive,target_error,1781,148.33333333333337,0.17549761346027276
ergo_nonadaptive,target_error,1782,148.41666666666663,0.17615057269870926
ergo_nonadaptive,target_error,1783,148.5,0.17522627790413103
ergo_nonadaptive,target_error,1784,148.58333333333337,0.1790563016755705
ergo_nonadaptive,target_error,1785,148.66666666666663,0.17746219410034528
ergo_nonadaptive,target_error,1786,148.75,0.17482513474271838
ergo_nonadaptive,target_error,1787,148.83333333333337,0.1747381072624802
ergo_nonadaptive,target_error,1788,148.91666666666663,0.17501186198515853
ergo_nonadaptive,target_error,1789,149.0,0.17763385380700467
ergo_nonadaptive,target_error,1790,149.08333333333337,0.17903652582773402
ergo_nonadaptive,target_error,1791,149.16666666666663,0.17974345818853218
ergo_nonadaptive,target_error,1792,149.25,0.18142258177202178
ergo_nonadaptive,target_error,1793,149.33333333333337,0.18344911287226706
ergo_nonadaptive,target_error,1794,149.41666666666663,0.18440728116835772
ergo_nonadaptive,target_error,1795,149.5,0.18589107799481017
ergo_nonadaptive,target_error,1796,149.58333333333337,0.18557442280820555
ergo_nonadaptive,target_error,1797,149.66666666666663,0.18521605551144638
ergo_nonadaptive,target_error,1798,149.75,0.18513283983359966
ergo_nonadaptive,target_error,1799,149.83333333333337,0.18544661613830357
ergo_nonadaptive,target_error,1800,149.91666666666663,0.18566064628987444
ergo_nonadaptive,target_error,1801,150.0,0.18625762370604967
ergo_nonadaptive,target_error,1802,150.08333333333337,0.18650700546324764
ergo_nonadaptive,target_error,1803,150.16666666666663,0.186239383018315
ergo_nonadaptive,target_error,1804,150.25,0.18611968390316325
ergo_nonadaptive,target_error,1805,150.33333333333337,0.18759275879580264
ergo_nonadaptive,target_error,1806,150.41666666666663,0.1880649659328918
ergo_nonadaptive,target_error,1807,150.5,0.18650657363568002
ergo_nonadaptive,target_error,1808,150.58333333333337,0.18808278853665908
ergo_nonadaptive,target_error,1809,150.66666666666663,0.18914717776900752
ergo_nonadaptive,target_error,1810,150.75,0.18918443099021576
ergo_nonadaptive,target_error,1811,150.83333333333337,0.18954529719751773
ergo_nonadaptive,target_error,1812,150.91666666666663,0.1875217990079567
ergo_nonadaptive,target_error,1813,151.0,0.18824738239892796
ergo_nonadaptive,target_error,1814,151.08333333333337,0.1896583098236334
ergo_nonadaptive,target_error,1815,151.16666666666663,0.18924022002397145
ergo_nonadaptive,target_error,1816,151.25,0.18748506261589282
ergo_nonadaptive,target_error,1817,151.33333333333337,0.19019483494023418
ergo_nonadaptive,target_error,1818,151.41666666666663,0.18903424871602953
ergo_nonadaptive,target_error,1819,151.5,0.19122412478189127
ergo_nonadaptive,target_error,1820,151.58333333333337,0.19088497100799592
ergo_nonadaptive,target_error,1821,151.66666666666663,0.19087669419121822
ergo_nonadaptive,target_error,1822,151.75,0.18682981487906272
ergo_nonadaptive,target_error,1823,151.83333333333337,0.1844255966188956
ergo_nonadaptive,target_error,1824,151.91666666666663,0.18422199008628923
ergo_nonadaptive,target_error,1825,152.0,0.18437559637098802
ergo_nonadaptive,target_error,1826,152.08333333333337,0.18379886314304317
ergo_nonadaptive,target_error,1827,152.16666666666663,0.18290293490251797
ergo_nonadaptive,target_error,1828,152.25,0.1842284194492412
ergo_nonadaptive,target_error,1829,152.33333333333337,0.18312089146882468
ergo_nonadaptive,target_error,1830,152.41666666666663,0.18344162101396094
ergo_nonadaptive,target_error,1831,152.5,0.18491146536275577
ergo_nonadaptive,target_error,1832,152.58333333333337,0.18497989160091277
ergo_nonadaptive,target_error,1833,152.66666666666663,0.185901101558525
ergo_nonadaptive,target_error,1834,152.75,0.1856393696333882
ergo_nonadaptive,target_error,1835,152.83333333333337,0.1859864638624997
ergo_nonadaptive,target_error,1836,152.91666666666663,0.18584789247855873
ergo_nonadaptive,target_error,1837,153.0,0.18875616527866665
ergo_nonadaptive,target_error,1838,153.08333333333337,0.1897341891087046
ergo_nonadaptive,target_error,1839,153.16666666666663,0.18837487866396072
ergo_nonadaptive,target_error,1840,153.25,0.18714664068895656
ergo_nonadaptive,target_error,1841,153.33333333333337,0.18835231928397633
ergo_nonadaptive,target_error,1842,153.41666666666663,0.18864575129080505
ergo_nonadaptive,target_error,1843,153.5,0.18794375976919078
ergo_nonadaptive,target_error,1844,153.58333333333337,0.18851290249490277
ergo_nonadaptive,target_error,1845,153.66666666666663,0.18673148590101182
ergo_nonadaptive,target_error,1846,153.75,0.1869015216224053
ergo_nonadaptive,target_error,1847,153.83333333333337,0.18717861078846512
ergo_nonadaptive,target_error,1848,153.91666666666663,0.18654424769490413
ergo_nonadaptive,target_error,1849,154.0,0.18763273359202676
ergo_nonadaptive,target_error,1850,154.08333333333337,0.18816533867307228
ergo_nonadaptive,target_error,1851,154.16666666666663,0.18875469025935224
ergo_nonadaptive,target_error,1852,154.25,0.18950581737736968
ergo_nonadaptive,target_error,1853,154.33333333333337,0.18894688344979127
ergo_nonadaptive,target_error,1854,154.41666666666663,0.18993207595994954
ergo_nonadaptive,target_error,1855,154.5,0.1895723532607728
ergo_nonadaptive,target_error,1856,154.58333333333337,0.18952173283306004
ergo_nonadaptive,target_error,1857,154.66666666666663,0.190278202759294
ergo_nonadaptive,target_error,1858,154.75,0.1907705114573318
ergo_nonadaptive,target_error,1859,154.83333333333337,0.19026372170351302
ergo_nonadaptive,target_error,1860,154.91666666666663,0.19130568553323868
ergo_nonadaptive,target_error,1861,155.0,0.19106563684122746
ergo_nonadaptive,target_error,1862,155.08333333333337,0.19156888854365173
ergo_nonadaptive,target_error,1863,155.16666666666663,0.1899854975970853
ergo_nonadaptive,target_error,1864,155.25,0.19133411212693863
ergo_nonadaptive,target_error,1865,155.33333333333337,0.19205632320702526
ergo_nonadaptive,target_error,1866,155.41666666666663,0.19081824853975543
ergo_nonadaptive,target_error,1867,155.5,0.19118661407610404
ergo_nonadaptive,target_error,1868,155.58333333333337,0.19285929295134616
ergo_nonadaptive,target_error,1869,155.66666666666663,0.19314148252479998
ergo_nonadaptive,target_error,1870,155.75,0.19283893778835695
ergo_nonadaptive,target_error,1871,155.83333333333337,0.1930995602285348
ergo_nonadaptive,target_error,1872,155.91666666666663,0.1940994641891349
ergo_nonadaptive,target_error,1873,156.0,0.19424093174248047
ergo_nonadaptive,target_error,1874,156.08333333333337,0.19494614370294405
ergo_nonadaptive,target_error,1875,156.16666666666663,0.19486094762509212
ergo_nonadaptive,target_error,1876,156.25,0.1942556785974738
ergo_nonadaptive,target_error,1877,156.33333333333337,0.1944105959884169
ergo_nonadaptive,target_error,1878,156.41666666666663,0.19553070834668707
ergo_nonadaptive,target_error,1879,156.5,0.1962376139308843
ergo_nonadaptive,target_error,1880,156.58333333333337,0.1968642787687431
ergo_nonadaptive,target_error,1881,156.66666666666663,0.19675135918409406
ergo_nonadaptive,target_error,1882,156.75,0.19633503830094118
ergo_nonadaptive,target_error,1883,156.83333333333337,0.1969727116457328
ergo_nonadaptive,target_error,1884,156.91666666666663,0.19720957649020218
ergo_nonadaptive,target_error,1885,157.0,0.1977204207510319
ergo_nonadaptive,target_error,1886,157.08333333333337,0.19779967209968002
ergo_nonadaptive,target_error,1887,157.16666666666663,0.19751007029885215
ergo_nonadaptive,target_error,1888,157.25,0.19745914162600467
ergo_nonadaptive,target_error,1889,157.33333333333337,0.19802715188775943
ergo_nonadaptive,target_error,1890,157.41666666666663,0.19864772473813835
ergo_nonadaptive,target_error,1891,157.5,0.19836427151918123
ergo_nonadaptive,target_error,1892,157.58333333333337,0.19842333049574437
ergo_nonadaptive,target_error,1893,157.66666666666663,0.19852796325057592
ergo_nonadaptive,target_error,1894,157.75,0.1983287246227718
ergo_nonadaptive,target_error,1895,157.83333333333337,0.19806396799387427
ergo_nonadaptive,target_error,1896,157.91666666666663,0.19854816948403936
ergo_nonadaptive,target_error,1897,158.0,0.1988701574215519
ergo_nonadaptive,target_error,1898,158.08333333333337,0.19918897287848317
ergo_nonadaptive,target_error,1899,158.16666666666663,0.1991536736347048
ergo_nonadaptive,target_error,1900,158.25,0.19918173322620222
ergo_nonadaptive,target_error,1901,158.33333333333337,0.19890050414599134
ergo_nonadaptive,target_error,1902,158.41666666666663,0.19886777577469839
ergo_nonadaptive,target_error,1903,158.5,0.1988596347334248
ergo_nonadaptive,target_error,1904,158.58333333333337,0.19872034717789533
ergo_nonadaptive,target_error,1905,158.66666666666663,0.19931351902459177
ergo_nonadaptive,target_error,1906,158.75,0.1997440976120879
ergo_nonadaptive,target_error,1907,158.83333333333337,0.19963528228233898
ergo_nonadaptive,target_error,1908,158.91666666666663,0.1994834982071494
ergo_nonadaptive,target_error,1909,159.0,0.19887773797543665
ergo_nonadaptive,target_error,1910,159.08333333333337,0.19950651763262045
ergo_nonadaptive,target_error,1911,159.16666666666663,0.19957894536717508
ergo_nonadaptive,target_error,1912,159.25,0.19930053758736363
ergo_nonadaptive,target_error,1913,159.33333333333337,0.19943375936333574
ergo_nonadaptive,target_error,1914,159.41666666666663,0.19938045600600265
ergo_nonadaptive,target_error,1915,159.5,0.19953544083400696
ergo_nonadaptive,target_error,1916,159.58333333333337,0.19954098339326487
ergo_nonadaptive,target_error,1917,159.66666666666663,0.19904146001863232
ergo_nonadaptive,target_error,1918,159.75,0.19805029733465596
ergo_nonadaptive,target_error,1919,159.83333333333337,0.1983634105206373
ergo_nonadaptive,target_error,1920,159.91666666666663,0.1979586486365857
ergo_nonadaptive,target_error,1921,160.0,0.1980954471848547
ergo_nonadaptive,target_error,1922,160.08333333333337,0.197475507121671
ergo_nonadaptive,target_error,1923,160.16666666666663,0.1970164073633654
ergo_nonadaptive,target_error,1924,160.25,0.1971829168062153
ergo_nonadaptive,target_error,1925,160.33333333333337,0.19654403542162355
ergo_nonadaptive,target_error,1926,160.41666666666663,0.19620716989664333
ergo_nonadaptive,target_error,1927,160.5,0.19574241298660072
ergo_nonadaptive,target_error,1928,160.58333333333337,0.19486388182639788
ergo_nonadaptive,target_error,1929,160.66666666666663,0.19422274790714478
ergo_nonadaptive,target_error,1930,160.75,0.19417407115162513
ergo_nonadaptive,target_error,1931,160.83333333333337,0.19465125041483022
ergo_nonadaptive,target_error,1932,160.91666666666663,0.193361951287193
ergo_nonadaptive,target_error,1933,161.0,0.19442076777643397
ergo_nonadaptive,target_error,1934,161.08333333333337,0.1942781896554721
ergo_nonadaptive,target_error,1935,161.16666666666663,0.1953944369203145
ergo_nonadaptive,target_error,1936,161.25,0.19549041171471163
ergo_nonadaptive,target_error,1937,161.33333333333337,0.19551155621517574
ergo_nonadaptive,target_error,1938,161.41666666666663,0.19598726127471125
ergo_nonadaptive,target_error,1939,161.5,0.1955128937098212
ergo_nonadaptive,target_error,1940,161.58333333333337,0.19625586716112745
ergo_nonadaptive,target_error,1941,161.66666666666663,0.19618127543999841
ergo_nonadaptive,target_error,1942,161.75,0.1961393476492827
ergo_nonadaptive,target_error,1943,161.83333333333337,0.19638404378205804
ergo_nonadaptive,target_error,1944,161.91666666666663,0.19627699848517044
ergo_nonadaptive,target_error,1945,162.0,0.19675123074241452
ergo_nonadaptive,target_error,1946,162.08333333333337,0.19721518222153692
ergo_nonadaptive,target_error,1947,162.16666666666663,0.19730070531595
ergo_nonadaptive,target_error,1948,162.25,0.19775550820164017
ergo_nonadaptive,target_error,1949,162.33333333333337,0.19791765834280284
ergo_nonadaptive,target_error,1950,162.41666666666663,0.19811828832668246
ergo_nonadaptive,target_error,1951,162.5,0.1982559109031552
ergo_nonadaptive,target_error,1952,162.58333333333337,0.19868283563655736
ergo_nonadaptive,target_error,1953,162.66666666666663,0.19895544400494797
ergo_nonadaptive,target_error,1954,162.75,0.19924217188336849
ergo_nonadaptive,target_error,1955,162.83333333333337,0.19926068954195403
ergo_nonadaptive,target_error,1956,162.91666666666663,0.19934362078416237
ergo_nonadaptive,target_error,1957,163.0,0.19948433967525547
ergo_nonadaptive,target_error,1958,163.08333333333337,0.19978023822688712
ergo_nonadaptive,target_error,1959,163.16666666666663,0.20019860469421114
ergo_nonadaptive,target_error,1960,163.25,0.20043367673560755
ergo_nonadaptive,target_error,1961,163.33333333333337,0.2005247974877212
ergo_nonadaptive,target_error,1962,163.41666666666663,0.20071059282771975
ergo_nonadaptive,target_error,1963,163.5,0.2008590843647991
ergo_nonadaptive,target_error,1964,163.58333333333337,0.20052671044264825
ergo_nonadaptive,target_error,1965,163.66666666666663,0.20088233474803396
ergo_nonadaptive,target_error,1966,163.75,0.20119638929384973
ergo_nonadaptive,target_error,1967,163.83333333333337,0.20136000591392783
ergo_nonadaptive,target_error,1968,163.91666666666663,0.20122837357895237
ergo_nonadaptive,target_error,1969,164.0,0.20110703333598073
ergo_nonadaptive,target_error,1970,164.08333333333337,0.20111091355858773
ergo_nonadaptive,target_error,1971,164.16666666666663,0.2012353478904011
ergo_nonadaptive,target_error,1972,164.25,0.2015194358972879
ergo_nonadaptive,target_error,1973,164.33333333333337,0.20186499973836877
ergo_nonadaptive,target_error,1974,164.41666666666663,0.20188513182009665
ergo_nonadaptive,target_error,1975,164.5,0.20198914644900814
ergo_nonadaptive,target_error,1976,164.58333333333337,0.20187103990268068
ergo_nonadaptive,target_error,1977,164.66666666666663,0.20202289288194702
ergo_nonadaptive,target_error,1978,164.75,0.20180541354950715
ergo_nonadaptive,target_error,1979,164.83333333333337,0.20209373466718797
ergo_nonadaptive,target_error,1980,164.91666666666663,0.2022752720984532
ergo_nonadaptive,target_error,1981,165.0,0.20225400802040222
ergo_nonadaptive,target_error,1982,165.08333333333337,0.20200803442249868
ergo_nonadaptive,target_error,1983,165.16666666666663,0.20226450410305608
ergo_nonadaptive,target_error,1984,165.25,0.2024080989424631
ergo_nonadaptive,target_error,1985,165.33333333333337,0.20268215264767606
ergo_nonadaptive,target_error,1986,165.41666666666663,0.20245436495999297
ergo_nonadaptive,target_error,1987,165.5,0.20252641905515015
ergo_nonadaptive,target_error,1988,165.58333333333337,0.2033649307582223
ergo_nonadaptive,target_error,1989,165.66666666666663,0.20312583528529737
ergo_nonadaptive,target_error,1990,165.75,0.20281241532522892
ergo_nonadaptive,target_error,1991,165.83333333333337,0.2028780702383617
ergo_nonadaptive,target_error,1992,165.91666666666663,0.2031828193140998
ergo_nonadaptive,target_error,1993,166.0,0.2028458812101302
ergo_nonadaptive,target_error,1994,166.08333333333337,0.20323818697441193
ergo_nonadaptive,target_error,1995,166.16666666666663,0.20335899443354416
ergo_nonadaptive,target_error,1996,166.25,0.20368472738275373
ergo_nonadaptive,target_error,1997,166.33333333333337,0.2035768113696849
ergo_nonadaptive,target_error,1998,166.41666666666663,0.20354988442403146
ergo_nonadaptive,target_error,1999,166.5,0.20325310502098462
ergo_nonadaptive,target_error,2000,166.58333333333337,0.20355562378400863
ergo_nonadaptive,target_error,2001,166.66666666666663,0.20340187591491315
ergo_nonadaptive,target_error,2002,166.75,0.20318799624796594
ergo_nonadaptive,target_error,2003,166.83333333333337,0.20365587050924167
ergo_nonadaptive,target_error,2004,166.91666666666663,0.2032372137856185
ergo_nonadaptive,target_error,2005,167.0,0.2031669563283105
ergo_nonadaptive,target_error,2006,167.08333333333337,0.20293413849318953
ergo_nonadaptive,target_error,2007,167.16666666666663,0.20340404519713023
ergo_nonadaptive,target_error,2008,167.25,0.20358745000654122
ergo_nonadaptive,target_error,2009,167.33333333333337,0.2040323768887505
ergo_nonadaptive,target_error,2010,167.41666666666663,0.20385148312748952
ergo_nonadaptive,target_error,2011,167.5,0.20369097980861023
ergo_nonadaptive,target_error,2012,167.58333333333337,0.2027357730121577
ergo_nonadaptive,target_error,2013,167.66666666666663,0.20281103784033105
ergo_nonadaptive,target_error,2014,167.75,0.20201665813462003
ergo_nonadaptive,target_error,2015,167.83333333333337,0.20001398960690397
ergo_nonadaptive,target_error,2016,167.91666666666663,0.20038890692268133
ergo_nonadaptive,target_error,2017,168.0,0.19867108325771204
ergo_nonadaptive,target_error,2018,168.08333333333337,0.19888697038757713
ergo_nonadaptive,target_error,2019,168.16666666666663,0.19938947592064313
ergo_nonadaptive,target_error,2020,168.25,0.19900401456158973
ergo_nonadaptive,target_error,2021,168.33333333333337,0.1991499254335264
ergo_nonadaptive,target_error,2022,168.41666666666663,0.1981211907274988
ergo_nonadaptive,target_error,2023,168.5,0.1971511563346195
ergo_nonadaptive,target_error,2024,168.58333333333337,0.19296162631494834
ergo_nonadaptive,target_error,2025,168.66666666666663,0.1938110414228026
ergo_nonadaptive,target_error,2026,168.75,0.18994000252732612
ergo_nonadaptive,target_error,2027,168.83333333333337,0.1876549899722989
ergo_nonadaptive,target_error,2028,168.91666666666663,0.1874813713432357
ergo_nonadaptive,target_error,2029,169.0,0.1787871151071775
ergo_nonadaptive,target_error,2030,169.08333333333337,0.1748907060144301
ergo_nonadaptive,target_error,2031,169.16666666666663,0.17940154846476128
ergo_nonadaptive,target_error,2032,169.25,0.17445817562600924
ergo_nonadaptive,target_error,2033,169.33333333333337,0.16540710446086296
ergo_nonadaptive,target_error,2034,169.41666666666663,0.1618589030888487
ergo_nonadaptive,target_error,2035,169.5,0.1481260619707504
ergo_nonadaptive,target_error,2036,169.58333333333337,0.14372250862009056
ergo_nonadaptive,target_error,2037,169.66666666666663,0.13983830491861968
ergo_nonadaptive,target_error,2038,169.75,0.14259621325782723
ergo_nonadaptive,target_error,2039,169.83333333333337,0.13845741809247183
ergo_nonadaptive,target_error,2040,169.91666666666663,0.1394512149732218
ergo_nonadaptive,target_error,2041,170.0,0.13896330739507362
ergo_nonadaptive,target_error,2042,170.08333333333337,0.14077602120209515
ergo_nonadaptive,target_error,2043,170.16666666666663,0.1419342469734153
ergo_nonadaptive,target_error,2044,170.25,0.14828943082225424
ergo_nonadaptive,target_error,2045,170.33333333333337,0.1457538816314495
ergo_nonadaptive,target_error,2046,170.41666666666663,0.1482714183470323
ergo_nonadaptive,target_error,2047,170.5,0.14206707297154825
ergo_nonadaptive,target_error,2048,170.58333333333337,0.15035329753231155
ergo_nonadaptive,target_error,2049,170.66666666666663,0.14886670023699247
ergo_nonadaptive,target_error,2050,170.75,0.14912972583187376
ergo_nonadaptive,target_error,2051,170.83333333333337,0.14706561810463567
ergo_nonadaptive,target_error,2052,170.91666666666663,0.14995680514007728
ergo_nonadaptive,target_error,2053,171.0,0.14772554920401904
ergo_nonadaptive,target_error,2054,171.08333333333337,0.14645050463714465
ergo_nonadaptive,target_error,2055,171.16666666666663,0.14250291485709876
ergo_nonadaptive,target_error,2056,171.25,0.13992295665090387
ergo_nonadaptive,target_error,2057,171.33333333333337,0.13977779978786287
ergo_nonadaptive,target_error,2058,171.41666666666663,0.14114588722930177
ergo_nonadaptive,target_error,2059,171.5,0.1401261998812338
ergo_nonadaptive,target_error,2060,171.58333333333337,0.14065715434908016
ergo_nonadaptive,target_error,2061,171.66666666666663,0.13975270824231598
ergo_nonadaptive,target_error,2062,171.75,0.13986864045875994
ergo_nonadaptive,target_error,2063,171.83333333333337,0.1396449822662876
ergo_nonadaptive,target_error,2064,171.91666666666663,0.13982247556923816
ergo_nonadaptive,target_error,2065,172.0,0.139757200040511
ergo_nonadaptive,target_error,2066,172.08333333333337,0.13982018685573322
ergo_nonadaptive,target_error,2067,172.16666666666663,0.13988853096461032
ergo_nonadaptive,target_error,2068,172.25,0.13990179147335866
ergo_nonadaptive,target_error,2069,172.33333333333337,0.14004867104709576
ergo_nonadaptive,target_error,2070,172.41666666666663,0.1400266163841305
ergo_nonadaptive,target_error,2071,172.5,0.14042264591074488
ergo_nonadaptive,target_error,2072,172.58333333333337,0.1400530306896615
ergo_nonadaptive,target_error,2073,172.66666666666663,0.14121414782222969
ergo_nonadaptive,target_error,2074,172.75,0.14031010609436437
ergo_nonadaptive,target_error,2075,172.83333333333337,0.1396413641786007
ergo_nonadaptive,target_error,2076,172.91666666666663,0.1399077906732162
ergo_nonadaptive,target_error,2077,173.0,0.1406985531253297
ergo_nonadaptive,target_error,2078,173.08333333333337,0.14057542028630196
ergo_nonadaptive,target_error,2079,173.16666666666663,0.14072268686325815
ergo_nonadaptive,target_error,2080,173.25,0.13950718220523814
ergo_nonadaptive,target_error,2081,173.33333333333337,0.13999716972288426
ergo_nonadaptive,target_error,2082,173.41666666666663,0.1409042462831827
ergo_nonadaptive,target_error,2083,173.5,0.14180344267027548
ergo_nonadaptive,target_error,2084,173.58333333333337,0.14119594868041924
ergo_nonadaptive,target_error,2085,173.66666666666663,0.1413763669387395
ergo_nonadaptive,target_error,2086,173.75,0.14356781218660014
ergo_nonadaptive,target_error,2087,173.83333333333337,0.1419578731375222
ergo_nonadaptive,target_error,2088,173.91666666666663,0.1421624176068546
ergo_nonadaptive,target_error,2089,174.0,0.1417093488248691
ergo_nonadaptive,target_error,2090,174.08333333333337,0.14177322397342376
ergo_nonadaptive,target_error,2091,174.16666666666663,0.1437653009481109
ergo_nonadaptive,target_error,2092,174.25,0.14473661247248823
ergo_nonadaptive,target_error,2093,174.33333333333337,0.14608932418925424
ergo_nonadaptive,target_error,2094,174.41666666666663,0.1450561309999591
ergo_nonadaptive,target_error,2095,174.5,0.1451562470120592
ergo_nonadaptive,target_error,2096,174.58333333333337,0.1465154810061187
ergo_nonadaptive,target_error,2097,174.66666666666663,0.1456780012374529
ergo_nonadaptive,target_error,2098,174.75,0.14539518906577714
ergo_nonadaptive,target_error,2099,174.83333333333337,0.14659883459582781
ergo_nonadaptive,target_error,2100,174.91666666666663,0.14647429092419748
ergo_nonadaptive,target_error,2101,175.0,0.14586458109764042
ergo_nonadaptive,target_error,2102,175.08333333333337,0.1468957019987877
ergo_nonadaptive,target_error,2103,175.16666666666663,0.14740531907310875
ergo_nonadaptive,target_error,2104,175.25,0.1457384590757004
ergo_nonadaptive,target_error,2105,175.33333333333337,0.14738208448001716
ergo_nonadaptive,target_error,2106,175.41666666666663,0.14803916758271066
ergo_nonadaptive,target_error,2107,175.5,0.14863314769860472
ergo_nonadaptive,target_error,2108,175.58333333333337,0.14951663449548014
ergo_nonadaptive,target_error,2109,175.66666666666663,0.15224143609263988
ergo_nonadaptive,target_error,2110,175.75,0.152228983587149
ergo_nonadaptive,target_error,2111,175.83333333333337,0.15165868763994453
ergo_nonadaptive,target_error,2112,175.91666666666663,0.15306490984252488
ergo_nonadaptive,target_error,2113,176.0,0.15408689635768585
ergo_nonadaptive,target_error,2114,176.08333333333337,0.15301805996601886
ergo_nonadaptive,target_error,2115,176.16666666666663,0.15367197923531997
ergo_nonadaptive,target_error,2116,176.25,0.15265237876630885
ergo_nonadaptive,target_error,2117,176.33333333333337,0.1537568269082218
ergo_nonadaptive,target_error,2118,176.41666666666663,0.15558752823565067
ergo_nonadaptive,target_error,2119,176.5,0.15658895878843265
ergo_nonadaptive,target_error,2120,176.58333333333337,0.157757105054878
ergo_nonadaptive,target_error,2121,176.66666666666663,0.1559065031554715
ergo_nonadaptive,target_error,2122,176.75,0.15638760349033676
ergo_nonadaptive,target_error,2123,176.83333333333337,0.1555624792729964
ergo_nonadaptive,target_error,2124,176.91666666666663,0.15609905598919102
ergo_nonadaptive,target_error,2125,177.0,0.15660758696231342
ergo_nonadaptive,target_error,2126,177.08333333333337,0.15631282418498457
ergo_nonadaptive,target_error,2127,177.16666666666663,0.15699571716043403
ergo_nonadaptive,target_error,2128,177.25,0.155668931715239
ergo_nonadaptive,target_error,2129,177.33333333333337,0.15634442843531224
ergo_nonadaptive,target_error,2130,177.41666666666663,0.15717231200773993
ergo_nonadaptive,target_error,2131,177.5,0.15720779637224708
ergo_nonadaptive,target_error,2132,177.58333333333337,0.15716180802016796
ergo_nonadaptive,target_error,2133,177.66666666666663,0.15756530707293237
ergo_nonadaptive,target_error,2134,177.75,0.15660638057206006
ergo_nonadaptive,target_error,2135,177.83333333333337,0.15608630287327838
ergo_nonadaptive,target_error,2136,177.91666666666663,0.15522084674219294
ergo_nonadaptive,target_error,2137,178.0,0.15384565962931554
ergo_nonadaptive,target_error,2138,178.08333333333337,0.15316946805767873
ergo_nonadaptive,target_error,2139,178.16666666666663,0.15307151429599286
ergo_nonadaptive,target_error,2140,178.25,0.15347528519307102
ergo_nonadaptive,target_error,2141,178.33333333333337,0.1536346166382283
ergo_nonadaptive,target_error,2142,178.41666666666663,0.15310757826650936
ergo_nonadaptive,target_error,2143,178.5,0.15257464892616518
ergo_nonadaptive,target_error,2144,178.58333333333337,0.15131681233256583
ergo_nonadaptive,target_error,2145,178.66666666666663,0.1498137751562747
ergo_nonadaptive,target_error,2146,178.75,0.14724706224482606
ergo_nonadaptive,target_error,2147,178.83333333333337,0.14565904464701362
ergo_nonadaptive,target_error,2148,178.91666666666663,0.14596886672882098
ergo_nonadaptive,target_error,2149,179.0,0.1448854727465017
ergo_nonadaptive,target_error,2150,179.08333333333337,0.14433967833914702
ergo_nonadaptive,target_error,2151,179.16666666666663,0.1426097443362353
ergo_nonadaptive,target_error,2152,179.25,0.14149880014561048
ergo_nonadaptive,target_error,2153,179.33333333333337,0.1426504933855939
ergo_nonadaptive,target_error,2154,179.41666666666663,0.14192983338256904
ergo_nonadaptive,target_error,2155,179.5,0.1384354214397362
ergo_nonadaptive,target_error,2156,179.58333333333337,0.13548044201769852
ergo_nonadaptive,target_error,2157,179.66666666666663,0.13675104064583046
ergo_nonadaptive,target_error,2158,179.75,0.1385718337024638
ergo_nonadaptive,target_error,2159,179.83333333333337,0.14065516387516913
ergo_nonadaptive,target_error,2160,179.91666666666663,0.13800366128842076
ergo_nonadaptive,target_error,2161,180.0,0.1376220791868584
ergo_nonadaptive,target_error,2162,180.08333333333337,0.13881533763725581
ergo_nonadaptive,target_error,2163,180.16666666666663,0.14007957877527027
ergo_nonadaptive,target_error,2164,180.25,0.13996251914098076
ergo_nonadaptive,target_error,2165,180.33333333333337,0.13876803817811717
ergo_nonadaptive,target_error,2166,180.41666666666663,0.1387314715011821
ergo_nonadaptive,target_error,2167,180.5,0.13906828900169535
ergo_nonadaptive,target_error,2168,180.58333333333337,0.13787023721516253
ergo_nonadaptive,target_error,2169,180.66666666666663,0.1352868322722658
ergo_nonadaptive,target_error,2170,180.75,0.1322594378667432
ergo_nonadaptive,target_error,2171,180.83333333333337,0.13370656042661577
ergo_nonadaptive,target_error,2172,180.91666666666663,0.13658228165189287
ergo_nonadaptive,target_error,2173,181.0,0.13648943714545125
ergo_nonadaptive,target_error,2174,181.08333333333337,0.1340564687111212
ergo_nonadaptive,target_error,2175,181.16666666666663,0.13182270741539423
ergo_nonadaptive,target_error,2176,181.25,0.13109428132362722
ergo_nonadaptive,target_error,2177,181.33333333333337,0.1298334553157398
ergo_nonadaptive,target_error,2178,181.41666666666663,0.12918724146415173
ergo_nonadaptive,target_error,2179,181.5,0.13140327174603345
ergo_nonadaptive,target_error,2180,181.58333333333337,0.12930211289259058
ergo_nonadaptive,target_error,2181,181.66666666666663,0.13032394251396437
ergo_nonadaptive,target_error,2182,181.75,0.1287300939598968
ergo_nonadaptive,target_error,2183,181.83333333333337,0.13161975485950442
ergo_nonadaptive,target_error,2184,181.91666666666663,0.13215402619923122
ergo_nonadaptive,target_error,2185,182.0,0.13234398300107855
ergo_nonadaptive,target_error,2186,182.08333333333337,0.13298670621426753
ergo_nonadaptive,target_error,2187,182.16666666666663,0.13460804283970165
ergo_nonadaptive,target_error,2188,182.25,0.1392983941109363
ergo_nonadaptive,target_error,2189,182.33333333333337,0.1368700071163063
ergo_nonadaptive,target_error,2190,182.41666666666663,0.13930056865012974
ergo_nonadaptive,target_error,2191,182.5,0.14303715310797505
ergo_nonadaptive,target_error,2192,182.58333333333337,0.14128862120332009
ergo_nonadaptive,target_error,2193,182.66666666666663,0.14193258341378046
ergo_nonadaptive,target_error,2194,182.75,0.14684463284887836
ergo_nonadaptive,target_error,2195,182.83333333333337,0.14766905994308593
ergo_nonadaptive,target_error,2196,182.91666666666663,0.14859270201420158
ergo_nonadaptive,target_error,2197,183.0,0.14901111994583435
ergo_nonadaptive,target_error,2198,183.08333333333337,0.1500996900154867
ergo_nonadaptive,target_error,2199,183.16666666666663,0.1535826604105169
ergo_nonadaptive,target_error,2200,183.25,0.15330395684112788
ergo_nonadaptive,target_error,2201,183.33333333333337,0.15769074255479532
ergo_nonadaptive,target_error,2202,183.41666666666663,0.16021920317204064
ergo_nonadaptive,target_error,2203,183.5,0.15993478191389718
ergo_nonadaptive,target_error,2204,183.58333333333337,0.16054821130874364
ergo_nonadaptive,target_error,2205,183.66666666666663,0.16568773245008056
ergo_nonadaptive,target_error,2206,183.75,0.1664444314033449
ergo_nonadaptive,target_error,2207,183.83333333333337,0.167335478139954
ergo_nonadaptive,target_error,2208,183.91666666666663,0.16731648969584675
ergo_nonadaptive,target_error,2209,184.0,0.1700644937986675
ergo_nonadaptive,target_error,2210,184.08333333333337,0.17018371662242948
ergo_nonadaptive,target_error,2211,184.16666666666663,0.16962384287051885
ergo_nonadaptive,target_error,2212,184.25,0.17152105356482455
ergo_nonadaptive,target_error,2213,184.33333333333337,0.1719890481519123
ergo_nonadaptive,target_error,2214,184.41666666666663,0.172753167419904
ergo_nonadaptive,target_error,2215,184.5,0.17407813545885883
ergo_nonadaptive,target_error,2216,184.58333333333337,0.1710762506957804
ergo_nonadaptive,target_error,2217,184.66666666666663,0.1732061796272556
ergo_nonadaptive,target_error,2218,184.75,0.1737456019216394
ergo_nonadaptive,target_error,2219,184.83333333333337,0.17490978237706178
ergo_nonadaptive,target_error,2220,184.91666666666663,0.17123678191664357
ergo_nonadaptive,target_error,2221,185.0,0.17391989137146288
ergo_nonadaptive,target_error,2222,185.08333333333337,0.17233790877273805
ergo_nonadaptive,target_error,2223,185.16666666666663,0.17333469217219472
ergo_nonadaptive,target_error,2224,185.25,0.1743835061461265
ergo_nonadaptive,target_error,2225,185.33333333333337,0.1740846726724115
ergo_nonadaptive,target_error,2226,185.41666666666663,0.17230395146415578
ergo_nonadaptive,target_error,2227,185.5,0.17175361838383169
ergo_nonadaptive,target_error,2228,185.58333333333337,0.17153737616222792
ergo_nonadaptive,target_error,2229,185.66666666666663,0.17350962231768483
ergo_nonadaptive,target_error,2230,185.75,0.17318829079577117
ergo_nonadaptive,target_error,2231,185.83333333333337,0.17410508061719365
ergo_nonadaptive,target_error,2232,185.91666666666663,0.17330617919884647
ergo_nonadaptive,target_error,2233,186.0,0.1740439712267254
ergo_nonadaptive,target_error,2234,186.08333333333337,0.17456324981667112
ergo_nonadaptive,target_error,2235,186.16666666666663,0.1712685308222635
ergo_nonadaptive,target_error,2236,186.25,0.17254321129911493
ergo_nonadaptive,target_error,2237,186.33333333333337,0.1668739774953954
ergo_nonadaptive,target_error,2238,186.41666666666663,0.1632616880204132
ergo_nonadaptive,target_error,2239,186.5,0.1615907975407049
ergo_nonadaptive,target_error,2240,186.58333333333337,0.1575977042949972
ergo_nonadaptive,target_error,2241,186.66666666666663,0.1556977552055307
ergo_nonadaptive,target_error,2242,186.75,0.14708153688308465
ergo_nonadaptive,target_error,2243,186.83333333333337,0.14656269975539776
ergo_nonadaptive,target_error,2244,186.91666666666663,0.1481264425629959
ergo_nonadaptive,target_error,2245,187.0,0.14987154827574642
ergo_nonadaptive,target_error,2246,187.08333333333337,0.14968289219734476
ergo_nonadaptive,target_error,2247,187.16666666666663,0.14408871040491933
ergo_nonadaptive,target_error,2248,187.25,0.13933773587987458
ergo_nonadaptive,target_error,2249,187.33333333333337,0.12864161751167533
ergo_nonadaptive,target_error,2250,187.41666666666663,0.12305790407266969
ergo_nonadaptive,target_error,2251,187.5,0.12100340546845628
ergo_nonadaptive,target_error,2252,187.58333333333337,0.12121390035961471
ergo_nonadaptive,target_error,2253,187.66666666666663,0.12156181077891559
ergo_nonadaptive,target_error,2254,187.75,0.12160557768144482
ergo_nonadaptive,target_error,2255,187.83333333333337,0.12377140131540872
ergo_nonadaptive,target_error,2256,187.91666666666663,0.12890255893291788
ergo_nonadaptive,target_error,2257,188.0,0.12896381080598723
ergo_nonadaptive,target_error,2258,188.08333333333337,0.13921995902311265
ergo_nonadaptive,target_error,2259,188.16666666666663,0.13973557641622494
ergo_nonadaptive,target_error,2260,188.25,0.1397799644073747
ergo_nonadaptive,target_error,2261,188.33333333333337,0.13738349493558363
ergo_nonadaptive,target_error,2262,188.41666666666663,0.1404431871552009
ergo_nonadaptive,target_error,2263,188.5,0.14923857434199617
ergo_nonadaptive,target_error,2264,188.58333333333337,0.15790797047240474
ergo_nonadaptive,target_error,2265,188.66666666666663,0.14601227882806445
ergo_nonadaptive,target_error,2266,188.75,0.155621244567554
ergo_nonadaptive,target_error,2267,188.83333333333337,0.1676077272575808
ergo_nonadaptive,target_error,2268,188.91666666666663,0.14869299892654766
ergo_nonadaptive,target_error,2269,189.0,0.14661849372190672
ergo_nonadaptive,target_error,2270,189.08333333333337,0.14312758856957203
ergo_nonadaptive,target_error,2271,189.16666666666663,0.1362964561269218
ergo_nonadaptive,target_error,2272,189.25,0.13753454525004893
ergo_nonadaptive,target_error,2273,189.33333333333337,0.1405053467525571
ergo_nonadaptive,target_error,2274,189.41666666666663,0.12781857431017435
ergo_nonadaptive,target_error,2275,189.5,0.13534225540429964
ergo_nonadaptive,target_error,2276,189.58333333333337,0.12951021179838137
ergo_nonadaptive,target_error,2277,189.66666666666663,0.13024654679605288
ergo_nonadaptive,target_error,2278,189.75,0.12223497385507177
ergo_nonadaptive,target_error,2279,189.83333333333337,0.12271711870198707
ergo_nonadaptive,target_error,2280,189.91666666666663,0.11908997553205868
ergo_nonadaptive,target_error,2281,190.0,0.11923226363167982
ergo_nonadaptive,target_error,2282,190.08333333333337,0.12048964508259871
ergo_nonadaptive,target_error,2283,190.16666666666663,0.12227397213001195
ergo_nonadaptive,target_error,2284,190.25,0.12548295947549787
ergo_nonadaptive,target_error,2285,190.33333333333337,0.12528901749997606
ergo_nonadaptive,target_error,2286,190.41666666666663,0.12255449362465994
ergo_nonadaptive,target_error,2287,190.5,0.12338214331776692
ergo_nonadaptive,target_error,2288,190.58333333333337,0.12748527397259826
ergo_nonadaptive,target_error,2289,190.66666666666663,0.12866854696083188
ergo_nonadaptive,target_error,2290,190.75,0.12831740337804845
ergo_nonadaptive,target_error,2291,190.83333333333337,0.12832214925593088
ergo_nonadaptive,target_error,2292,190.91666666666663,0.13075526905502835
ergo_nonadaptive,target_error,2293,191.0,0.13018993665352072
ergo_nonadaptive,target_error,2294,191.08333333333337,0.13377460583181552
ergo_nonadaptive,target_error,2295,191.16666666666663,0.13495486010930569
ergo_nonadaptive,target_error,2296,191.25,0.13561983227074967
ergo_nonadaptive,target_error,2297,191.33333333333337,0.13915607902514934
ergo_nonadaptive,target_error,2298,191.41666666666663,0.1404942153059614
ergo_nonadaptive,target_error,2299,191.5,0.14073774786716525
ergo_nonadaptive,target_error,2300,191.58333333333337,0.1409939350313253
ergo_nonadaptive,target_error,2301,191.66666666666663,0.13939547488345969
ergo_nonadaptive,target_error,2302,191.75,0.14122361599167552
ergo_nonadaptive,target_error,2303,191.83333333333337,0.1435267246717781
ergo_nonadaptive,target_error,2304,191.91666666666663,0.14589475796676463
ergo_nonadaptive,target_error,2305,192.0,0.14632284478176105
ergo_nonadaptive,target_error,2306,192.08333333333337,0.14855174788405254
ergo_nonadaptive,target_error,2307,192.16666666666663,0.1491113777621616
ergo_nonadaptive,target_error,2308,192.25,0.15098480561817362
ergo_nonadaptive,target_error,2309,192.33333333333337,0.15216945600143367
ergo_nonadaptive,target_error,2310,192.41666666666663,0.15258180599983942
ergo_nonadaptive,target_error,2311,192.5,0.15354451075307668
ergo_nonadaptive,target_error,2312,192.58333333333337,0.15263042322328949
ergo_nonadaptive,target_error,2313,192.66666666666663,0.15351201165662962
ergo_nonadaptive,target_error,2314,192.75,0.1534094525201655
ergo_nonadaptive,target_error,2315,192.83333333333337,0.1535214981931518
ergo_nonadaptive,target_error,2316,192.91666666666663,0.1550236222104894
ergo_nonadaptive,target_error,2317,193.0,0.15590056802943358
ergo_nonadaptive,target_error,2318,193.08333333333337,0.15699175031958076
ergo_nonadaptive,target_error,2319,193.16666666666663,0.15885950244652686
ergo_nonadaptive,target_error,2320,193.25,0.15809529948165818
ergo_nonadaptive,target_error,2321,193.33333333333337,0.15842397393559904
ergo_nonadaptive,target_error,2322,193.41666666666663,0.15765131950573025
ergo_nonadaptive,target_error,2323,193.5,0.1581711286762078
ergo_nonadaptive,target_error,2324,193.58333333333337,0.15744079197669433
ergo_nonadaptive,target_error,2325,193.66666666666663,0.15917448498529596
ergo_nonadaptive,target_error,2326,193.75,0.15720331432220408
ergo_nonadaptive,target_error,2327,193.83333333333337,0.1601436939065907
ergo_nonadaptive,target_error,2328,193.91666666666663,0.16202823465912192
ergo_nonadaptive,target_error,2329,194.0,0.16092452781774952
ergo_nonadaptive,target_error,2330,194.08333333333337,0.16101550626466488
ergo_nonadaptive,target_error,2331,194.16666666666663,0.15981979538549584
ergo_nonadaptive,target_error,2332,194.25,0.15976520876124184
ergo_nonadaptive,target_error,2333,194.33333333333337,0.15760924445342367
ergo_nonadaptive,target_error,2334,194.41666666666663,0.1613628942165967
ergo_nonadaptive,target_error,2335,194.5,0.16129681924049344
ergo_nonadaptive,target_error,2336,194.58333333333337,0.1582971492441032
ergo_nonadaptive,target_error,2337,194.66666666666663,0.1582418061718684
ergo_nonadaptive,target_error,2338,194.75,0.15855986805315964
ergo_nonadaptive,target_error,2339,194.83333333333337,0.15952234155561854
ergo_nonadaptive,target_error,2340,194.91666666666663,0.1536185664347938
ergo_nonadaptive,target_error,2341,195.0,0.15371245755786075
ergo_nonadaptive,target_error,2342,195.08333333333337,0.1556096066271643
ergo_nonadaptive,target_error,2343,195.16666666666663,0.1489427782668571
ergo_nonadaptive,target_error,2344,195.25,0.14459812877517572
ergo_nonadaptive,target_error,2345,195.33333333333337,0.1423428921548093
ergo_nonadaptive,target_error,2346,195.41666666666663,0.14960622953373526
ergo_nonadaptive,target_error,2347,195.5,0.14061527794217898
ergo_nonadaptive,target_error,2348,195.58333333333337,0.14158111557644043
ergo_nonadaptive,target_error,2349,195.66666666666663,0.1311513739599551
ergo_nonadaptive,target_error,2350,195.75,0.128654789449538
ergo_nonadaptive,target_error,2351,195.83333333333337,0.12393979682929755
ergo_nonadaptive,target_error,2352,195.91666666666663,0.12616890750949095
ergo_nonadaptive,target_error,2353,196.0,0.11607811109012559
ergo_nonadaptive,target_error,2354,196.08333333333337,0.10461337689022801
ergo_nonadaptive,target_error,2355,196.16666666666663,0.10163012432085738
ergo_nonadaptive,target_error,2356,196.25,0.10665090526695124
ergo_nonadaptive,target_error,2357,196.33333333333337,0.107272573432581
ergo_nonadaptive,target_error,2358,196.41666666666663,0.10272409732780757
ergo_nonadaptive,target_error,2359,196.5,0.10145564918980682
ergo_nonadaptive,target_error,2360,196.58333333333337,0.09919116066662803
ergo_nonadaptive,target_error,2361,196.66666666666663,0.09874506917294638
ergo_nonadaptive,target_error,2362,196.75,0.09136939540457628
ergo_nonadaptive,target_error,2363,196.83333333333337,0.09436986364386991
ergo_nonadaptive,target_error,2364,196.91666666666663,0.09278575932737397
ergo_nonadaptive,target_error,2365,197.0,0.09003246246342053
ergo_nonadaptive,target_error,2366,197.08333333333337,0.09001084584930709
ergo_nonadaptive,target_error,2367,197.16666666666663,0.0900561659638341
ergo_nonadaptive,target_error,2368,197.25,0.09008671816008516
ergo_nonadaptive,target_error,2369,197.33333333333337,0.09076876187568543
ergo_nonadaptive,target_error,2370,197.41666666666663,0.09129995119416612
ergo_nonadaptive,target_error,2371,197.5,0.09104048823978356
ergo_nonadaptive,target_error,2372,197.58333333333337,0.0906621265704987
ergo_nonadaptive,target_error,2373,197.66666666666663,0.09154415663581107
ergo_nonadaptive,target_error,2374,197.75,0.09076179225237015
ergo_nonadaptive,target_error,2375,197.83333333333337,0.09097933786709836
ergo_nonadaptive,target_error,2376,197.91666666666663,0.0912647748340493
ergo_nonadaptive,target_error,2377,198.0,0.09154975189476958
ergo_nonadaptive,target_error,2378,198.08333333333337,0.09121714366449497
ergo_nonadaptive,target_error,2379,198.16666666666663,0.09132381807568836
ergo_nonadaptive,target_error,2380,198.25,0.09146568298880361
ergo_nonadaptive,target_error,2381,198.33333333333337,0.09296862029434533
ergo_nonadaptive,target_error,2382,198.41666666666663,0.09274329114480731
ergo_nonadaptive,target_error,2383,198.5,0.0925134539904914
ergo_nonadaptive,target_error,2384,198.58333333333337,0.09246338575526823
ergo_nonadaptive,target_error,2385,198.66666666666663,0.0925740986969327
ergo_nonadaptive,target_error,2386,198.75,0.09568840041078082
ergo_nonadaptive,target_error,2387,198.83333333333337,0.09562681723850958
ergo_nonadaptive,target_error,2388,198.91666666666663,0.09441098535126678
ergo_nonadaptive,target_error,2389,199.0,0.09431444636408333
ergo_nonadaptive,target_error,2390,199.08333333333337,0.09825328143932088
ergo_nonadaptive,target_error,2391,199.16666666666663,0.09981676223639027
ergo_nonadaptive,target_error,2392,199.25,0.0990028389941589
ergo_nonadaptive,target_error,2393,199.33333333333337,0.10077042073898973
ergo_nonadaptive,target_error,2394,199.41666666666663,0.1033206105842477
ergo_nonadaptive,target_error,2395,199.5,0.10744954238796353
ergo_nonadaptive,target_error,2396,199.58333333333337,0.10720350122868874
ergo_nonadaptive,target_error,2397,199.66666666666663,0.10752354810247913
ergo_nonadaptive,target_error,2398,199.75,0.106234422747252
ergo_nonadaptive,target_error,2399,199.83333333333337,0.10757640505270781
ergo_nonadaptive,target_error,2400,199.91666666666663,0.10825034860571772
ergo_nonadaptive,target_error,2401,200.0,0.1114513624045354
ergo_nonadaptive,target_error,2402,200.08333333333337,0.11717899922979837
ergo_nonadaptive,target_error,2403,200.16666666666663,0.11673942491389461
ergo_nonadaptive,target_error,2404,200.25,0.11703859373134409
ergo_nonadaptive,target_error,2405,200.33333333333337,0.11867083000908364
ergo_nonadaptive,target_error,2406,200.41666666666663,0.12422712283671017
ergo_nonadaptive,target_error,2407,200.5,0.12057690670168666
ergo_nonadaptive,target_error,2408,200.58333333333337,0.12298438971957104
ergo_nonadaptive,target_error,2409,200.66666666666663,0.12177011034542418
ergo_nonadaptive,target_error,2410,200.75,0.12276755972513154
ergo_nonadaptive,target_error,2411,200.83333333333337,0.12139010013925323
ergo_nonadaptive,target_error,2412,200.91666666666663,0.12392531702132649
ergo_nonadaptive,target_error,2413,201.0,0.12409575460368841
ergo_nonadaptive,target_error,2414,201.08333333333337,0.12394981206666258
ergo_nonadaptive,target_error,2415,201.16666666666663,0.12341288274626189
ergo_nonadaptive,target_error,2416,201.25,0.12330929901009906
ergo_nonadaptive,target_error,2417,201.33333333333337,0.12572852494789413
ergo_nonadaptive,target_error,2418,201.41666666666663,0.12585602296677376
ergo_nonadaptive,target_error,2419,201.5,0.12611767042192598
ergo_nonadaptive,target_error,2420,201.58333333333337,0.12502778180988913
ergo_nonadaptive,target_error,2421,201.66666666666663,0.12754733185528647
ergo_nonadaptive,target_error,2422,201.75,0.1263106425970259
ergo_nonadaptive,target_error,2423,201.83333333333337,0.12333295531416022
ergo_nonadaptive,target_error,2424,201.91666666666663,0.12169805355340355
ergo_nonadaptive,target_error,2425,202.0,0.12081709283960801
ergo_nonadaptive,target_error,2426,202.08333333333337,0.12044032262784977
ergo_nonadaptive,target_error,2427,202.16666666666663,0.1170701854112339
ergo_nonadaptive,target_error,2428,202.25,0.11725259796635121
ergo_nonadaptive,target_error,2429,202.33333333333337,0.11817330118002228
ergo_nonadaptive,target_error,2430,202.41666666666663,0.11869040736493557
ergo_nonadaptive,target_error,2431,202.5,0.12092342614412445
ergo_nonadaptive,target_error,2432,202.58333333333337,0.12162853232432148
ergo_nonadaptive,target_error,2433,202.66666666666663,0.12099592442271254
ergo_nonadaptive,target_error,2434,202.75,0.11876890556873881
ergo_nonadaptive,target_error,2435,202.83333333333337,0.11931154403180641
ergo_nonadaptive,target_error,2436,202.91666666666663,0.11767847760120194
ergo_nonadaptive,target_error,2437,203.0,0.11780396667845296
ergo_nonadaptive,target_error,2438,203.08333333333337,0.11892032293996412
ergo_nonadaptive,target_error,2439,203.16666666666663,0.11958531851540521
ergo_nonadaptive,target_error,2440,203.25,0.11817453195738227
ergo_nonadaptive,target_error,2441,203.33333333333337,0.11753439388391869
ergo_nonadaptive,target_error,2442,203.41666666666663,0.11805338297315049
ergo_nonadaptive,target_error,2443,203.5,0.11809903225333383
ergo_nonadaptive,target_error,2444,203.58333333333337,0.11716866069614554
ergo_nonadaptive,target_error,2445,203.66666666666663,0.11793390774635447
ergo_nonadaptive,target_error,2446,203.75,0.11855535824059349
ergo_nonadaptive,target_error,2447,203.83333333333337,0.12081895606903709
ergo_nonadaptive,target_error,2448,203.91666666666663,0.12199233329954637
ergo_nonadaptive,target_error,2449,204.0,0.12200359619611666
ergo_nonadaptive,target_error,2450,204.08333333333337,0.12363875519382794
ergo_nonadaptive,target_error,2451,204.16666666666663,0.12389454649123696
ergo_nonadaptive,target_error,2452,204.25,0.1259557959324428
ergo_nonadaptive,target_error,2453,204.33333333333337,0.126536349750636
ergo_nonadaptive,target_error,2454,204.41666666666663,0.1277123692146519
ergo_nonadaptive,target_error,2455,204.5,0.1260089691922329
ergo_nonadaptive,target_error,2456,204.58333333333337,0.1253416950496403
ergo_nonadaptive,target_error,2457,204.66666666666663,0.12404137105847013
ergo_nonadaptive,target_error,2458,204.75,0.12285883974495794
ergo_nonadaptive,target_error,2459,204.83333333333337,0.12522365134636268
ergo_nonadaptive,target_error,2460,204.91666666666663,0.12495049385458476
ergo_nonadaptive,target_error,2461,205.0,0.1237844716389301
ergo_nonadaptive,target_error,2462,205.08333333333337,0.1260153355416212
ergo_nonadaptive,target_error,2463,205.16666666666663,0.12477806354070993
ergo_nonadaptive,target_error,2464,205.25,0.1214189011115351
ergo_nonadaptive,target_error,2465,205.33333333333337,0.12542798931700494
ergo_nonadaptive,target_error,2466,205.41666666666663,0.12512962674855718
ergo_nonadaptive,target_error,2467,205.5,0.12739086304465175
ergo_nonadaptive,target_error,2468,205.58333333333337,0.12498645668451303
ergo_nonadaptive,target_error,2469,205.66666666666663,0.1286622809971975
ergo_nonadaptive,target_error,2470,205.75,0.12792880993001318
ergo_nonadaptive,target_error,2471,205.83333333333337,0.12874725706895485
ergo_nonadaptive,target_error,2472,205.91666666666663,0.12738246438527037
ergo_nonadaptive,target_error,2473,206.0,0.12823636121648577
ergo_nonadaptive,target_error,2474,206.08333333333337,0.13031064769855596
ergo_nonadaptive,target_error,2475,206.16666666666663,0.1317528271650112
ergo_nonadaptive,target_error,2476,206.25,0.13364775356028932
ergo_nonadaptive,target_error,2477,206.33333333333337,0.13248268065127083
ergo_nonadaptive,target_error,2478,206.41666666666663,0.12847993964852222
ergo_nonadaptive,target_error,2479,206.5,0.12662905084396556
ergo_nonadaptive,target_error,2480,206.58333333333337,0.12913414551287009
ergo_nonadaptive,target_error,2481,206.66666666666663,0.13077776005699535
ergo_nonadaptive,target_error,2482,206.75,0.1268512943101412
ergo_nonadaptive,target_error,2483,206.83333333333337,0.1308984715362056
ergo_nonadaptive,target_error,2484,206.91666666666663,0.13164037200474427
ergo_nonadaptive,target_error,2485,207.0,0.1336146490646123
ergo_nonadaptive,target_error,2486,207.08333333333337,0.13783435140575728
ergo_nonadaptive,target_error,2487,207.16666666666663,0.13594883979736613
ergo_nonadaptive,target_error,2488,207.25,0.13800237504795124
ergo_nonadaptive,target_error,2489,207.33333333333337,0.13918682005405772
ergo_nonadaptive,target_error,2490,207.41666666666663,0.1372385138084464
ergo_nonadaptive,target_error,2491,207.5,0.1412058384453933
ergo_nonadaptive,target_error,2492,207.58333333333337,0.14211958473511002
ergo_nonadaptive,target_error,2493,207.66666666666663,0.14277036738145935
ergo_nonadaptive,target_error,2494,207.75,0.14362465754644976
ergo_nonadaptive,target_error,2495,207.83333333333337,0.1406631318369616
ergo_nonadaptive,target_error,2496,207.91666666666663,0.14011438631950268
ergo_nonadaptive,target_error,2497,208.0,0.14124524483405398
ergo_nonadaptive,target_error,2498,208.08333333333337,0.14936926567428344
ergo_nonadaptive,target_error,2499,208.16666666666663,0.14742422054058882
ergo_nonadaptive,target_error,2500,208.25,0.14882105794403272
ergo_nonadaptive,target_error,2501,208.33333333333337,0.15048158895056296
ergo_nonadaptive,target_error,2502,208.41666666666663,0.15442161540110233
ergo_nonadaptive,target_error,2503,208.5,0.15262285463164887
ergo_nonadaptive,target_error,2504,208.58333333333337,0.15661961614793496
ergo_nonadaptive,target_error,2505,208.66666666666663,0.15609518610968742
ergo_nonadaptive,target_error,2506,208.75,0.15679299064598673
ergo_nonadaptive,target_error,2507,208.83333333333337,0.15514517656428367
ergo_nonadaptive,target_error,2508,208.91666666666663,0.15501074970259426
ergo_nonadaptive,target_error,2509,209.0,0.1559452859242293
ergo_nonadaptive,target_error,2510,209.08333333333337,0.15205184517173279
ergo_nonadaptive,target_error,2511,209.16666666666663,0.1551179788390436
ergo_nonadaptive,target_error,2512,209.25,0.1577514345970964
ergo_nonadaptive,target_error,2513,209.33333333333337,0.1627269543068743
ergo_nonadaptive,target_error,2514,209.41666666666663,0.16009418855613797
ergo_nonadaptive,target_error,2515,209.5,0.1629287343904965
ergo_nonadaptive,target_error,2516,209.58333333333337,0.16311692353563295
ergo_nonadaptive,target_error,2517,209.66666666666663,0.1622832127324086
ergo_nonadaptive,target_error,2518,209.75,0.16088928638814168
ergo_nonadaptive,target_error,2519,209.83333333333337,0.16518322885219905
ergo_nonadaptive,target_error,2520,209.91666666666663,0.16421030263068936
ergo_nonadaptive,target_error,2521,210.0,0.16548295922786663
ergo_nonadaptive,target_error,2522,210.08333333333337,0.16529690779217035
ergo_nonadaptive,target_error,2523,210.16666666666663,0.16538895305461263
ergo_nonadaptive,target_error,2524,210.25,0.16657005759870158
ergo_nonadaptive,target_error,2525,210.33333333333337,0.16877573689536005
ergo_nonadaptive,target_error,2526,210.41666666666663,0.1648359985147077
ergo_nonadaptive,target_error,2527,210.5,0.16463760994213
ergo_nonadaptive,target_error,2528,210.58333333333337,0.16759529984848956
ergo_nonadaptive,target_error,2529,210.66666666666663,0.17046137523810095
ergo_nonadaptive,target_error,2530,210.75,0.17061081748760018
ergo_nonadaptive,target_error,2531,210.83333333333337,0.17101303635529144
ergo_nonadaptive,target_error,2532,210.91666666666663,0.17003417964485154
ergo_nonadaptive,target_error,2533,211.0,0.17052249521810073
ergo_nonadaptive,target_error,2534,211.08333333333337,0.17026457297823733
ergo_nonadaptive,target_error,2535,211.16666666666663,0.16953142398345394
ergo_nonadaptive,target_error,2536,211.25,0.16912564653349335
ergo_nonadaptive,target_error,2537,211.33333333333337,0.1687728601743148
ergo_nonadaptive,target_error,2538,211.41666666666663,0.17040475803576874
ergo_nonadaptive,target_error,2539,211.5,0.1671443109201012
ergo_nonadaptive,target_error,2540,211.58333333333337,0.16371006303396649
ergo_nonadaptive,target_error,2541,211.66666666666663,0.15974371725949535
ergo_nonadaptive,target_error,2542,211.75,0.1598499942910798
ergo_nonadaptive,target_error,2543,211.83333333333337,0.15768666237869985
ergo_nonadaptive,target_error,2544,211.91666666666663,0.16104493598537556
ergo_nonadaptive,target_error,2545,212.0,0.16002305883427434
ergo_nonadaptive,target_error,2546,212.08333333333337,0.15870504137802105
ergo_nonadaptive,target_error,2547,212.16666666666663,0.1582807691193772
ergo_nonadaptive,target_error,2548,212.25,0.1572329019933012
ergo_nonadaptive,target_error,2549,212.33333333333337,0.15046234208619635
ergo_nonadaptive,target_error,2550,212.41666666666663,0.1512360458758139
ergo_nonadaptive,target_error,2551,212.5,0.14211664824297457
ergo_nonadaptive,target_error,2552,212.58333333333337,0.14276946418303887
ergo_nonadaptive,target_error,2553,212.66666666666663,0.13501176977145402
ergo_nonadaptive,target_error,2554,212.75,0.1299026323130169
ergo_nonadaptive,target_error,2555,212.83333333333337,0.13110370436689034
ergo_nonadaptive,target_error,2556,212.91666666666663,0.12921039618405117
ergo_nonadaptive,target_error,2557,213.0,0.1277267365836713
ergo_nonadaptive,target_error,2558,213.08333333333337,0.12391811818801857
ergo_nonadaptive,target_error,2559,213.16666666666663,0.12508006975131977
ergo_nonadaptive,target_error,2560,213.25,0.12386216629561227
ergo_nonadaptive,target_error,2561,213.33333333333337,0.12030965152657416
ergo_nonadaptive,target_error,2562,213.41666666666663,0.12065348778723319
ergo_nonadaptive,target_error,2563,213.5,0.1178083512561017
ergo_nonadaptive,target_error,2564,213.58333333333337,0.11792442080792134
ergo_nonadaptive,target_error,2565,213.66666666666663,0.11807791404568804
ergo_nonadaptive,target_error,2566,213.75,0.11834253242135784
ergo_nonadaptive,target_error,2567,213.83333333333337,0.11924541959689629
ergo_nonadaptive,target_error,2568,213.91666666666663,0.12507903943039242
ergo_nonadaptive,target_error,2569,214.0,0.1300411067365301
ergo_nonadaptive,target_error,2570,214.08333333333337,0.12947221147420065
ergo_nonadaptive,target_error,2571,214.16666666666663,0.13728622230392823
ergo_nonadaptive,target_error,2572,214.25,0.1342131396848306
ergo_nonadaptive,target_error,2573,214.33333333333337,0.1329360262701793
ergo_nonadaptive,target_error,2574,214.41666666666663,0.12239154009227587
ergo_nonadaptive,target_error,2575,214.5,0.12166504767154955
ergo_nonadaptive,target_error,2576,214.58333333333337,0.12320255397991314
ergo_nonadaptive,target_error,2577,214.66666666666663,0.12047245721036204
ergo_nonadaptive,target_error,2578,214.75,0.12075551010281199
ergo_nonadaptive,target_error,2579,214.83333333333337,0.1224287687614201
ergo_nonadaptive,target_error,2580,214.91666666666663,0.12009379975695472
ergo_nonadaptive,target_error,2581,215.0,0.12024411377508978
ergo_nonadaptive,target_error,2582,215.08333333333337,0.120341585639771
ergo_nonadaptive,target_error,2583,215.16666666666663,0.12097007648698678
ergo_nonadaptive,target_error,2584,215.25,0.12121489780762476
ergo_nonadaptive,target_error,2585,215.33333333333337,0.12409948948368961
ergo_nonadaptive,target_error,2586,215.41666666666663,0.1251781070012482
ergo_nonadaptive,target_error,2587,215.5,0.1275592929751843
ergo_nonadaptive,target_error,2588,215.58333333333337,0.12794363576941098
ergo_nonadaptive,target_error,2589,215.66666666666663,0.12810777724147102
ergo_nonadaptive,target_error,2590,215.75,0.1296799218200936
ergo_nonadaptive,target_error,2591,215.83333333333337,0.12998920013244278
ergo_nonadaptive,target_error,2592,215.91666666666663,0.1314429802391165
ergo_nonadaptive,target_error,2593,216.0,0.13451907895583498
ergo_nonadaptive,target_error,2594,216.08333333333337,0.13768714268460538
ergo_nonadaptive,target_error,2595,216.16666666666663,0.13879785057947605
ergo_nonadaptive,target_error,2596,216.25,0.13787333401197385
ergo_nonadaptive,target_error,2597,216.33333333333337,0.13757875667902822
ergo_nonadaptive,target_error,2598,216.41666666666663,0.14104413519671846
ergo_nonadaptive,target_error,2599,216.5,0.14367267051295626
ergo_nonadaptive,target_error,2600,216.58333333333337,0.1452630378309825
ergo_nonadaptive,target_error,2601,216.66666666666663,0.14620520871095638
ergo_nonadaptive,target_error,2602,216.75,0.14503746210005744
ergo_nonadaptive,target_error,2603,216.83333333333337,0.1437594182826788
ergo_nonadaptive,target_error,2604,216.91666666666663,0.14396287841989588
ergo_nonadaptive,target_error,2605,217.0,0.14499549156316036
ergo_nonadaptive,target_error,2606,217.08333333333337,0.1449050556582279
ergo_nonadaptive,target_error,2607,217.16666666666663,0.14643192623078582
ergo_nonadaptive,target_error,2608,217.25,0.14682753667248186
ergo_nonadaptive,target_error,2609,217.33333333333337,0.1506618278472708
ergo_nonadaptive,target_error,2610,217.41666666666663,0.15320151237519494
ergo_nonadaptive,target_error,2611,217.5,0.15147623712179353
ergo_nonadaptive,target_error,2612,217.58333333333337,0.14965211135611903
ergo_nonadaptive,target_error,2613,217.66666666666663,0.1497544101183708
ergo_nonadaptive,target_error,2614,217.75,0.15102918691394612
ergo_nonadaptive,target_error,2615,217.83333333333337,0.15262565728441377
ergo_nonadaptive,target_error,2616,217.91666666666663,0.15218687000962242
ergo_nonadaptive,target_error,2617,218.0,0.15476468035975086
ergo_nonadaptive,target_error,2618,218.08333333333337,0.15353972368125418
ergo_nonadaptive,target_error,2619,218.16666666666663,0.15418025127418789
ergo_nonadaptive,target_error,2620,218.25,0.15364016302279304
ergo_nonadaptive,target_error,2621,218.33333333333337,0.1534879865037475
ergo_nonadaptive,target_error,2622,218.41666666666663,0.15404476791349037
ergo_nonadaptive,target_error,2623,218.5,0.15545966731391037
ergo_nonadaptive,target_error,2624,218.58333333333337,0.1575516208626308
ergo_nonadaptive,target_error,2625,218.66666666666663,0.15658042151992058
ergo_nonadaptive,target_error,2626,218.75,0.15501252246863848
ergo_nonadaptive,target_error,2627,218.83333333333337,0.15798223208193876
ergo_nonadaptive,target_error,2628,218.91666666666663,0.15590373093150656
ergo_nonadaptive,target_error,2629,219.0,0.1570468896701611
ergo_nonadaptive,target_error,2630,219.08333333333337,0.15600701625211966
ergo_nonadaptive,target_error,2631,219.16666666666663,0.15613507900939436
ergo_nonadaptive,target_error,2632,219.25,0.15654223928021227
ergo_nonadaptive,target_error,2633,219.33333333333337,0.15800521546602492
ergo_nonadaptive,target_error,2634,219.41666666666663,0.15863427181588027
ergo_nonadaptive,target_error,2635,219.5,0.15867288068242938
ergo_nonadaptive,target_error,2636,219.58333333333337,0.1597404466605167
ergo_nonadaptive,target_error,2637,219.66666666666663,0.15979308811617823
ergo_nonadaptive,target_error,2638,219.75,0.15717320278091082
ergo_nonadaptive,target_error,2639,219.83333333333337,0.1588101451758137
ergo_nonadaptive,target_error,2640,219.91666666666663,0.15910454153374798
ergo_nonadaptive,target_error,2641,220.0,0.1585142855836289
ergo_nonadaptive,target_error,2642,220.08333333333337,0.15654653010646052
ergo_nonadaptive,target_error,2643,220.16666666666663,0.1501646609908644
ergo_nonadaptive,target_error,2644,220.25,0.14591943079801056
ergo_nonadaptive,target_error,2645,220.33333333333337,0.14723099429617018
ergo_nonadaptive,target_error,2646,220.41666666666663,0.14842837316840415
ergo_nonadaptive,target_error,2647,220.5,0.15515518369214856
ergo_nonadaptive,target_error,2648,220.58333333333337,0.15398856508403597
ergo_nonadaptive,target_error,2649,220.66666666666663,0.15316992347874875
ergo_nonadaptive,target_error,2650,220.75,0.15419259887309364
ergo_nonadaptive,target_error,2651,220.83333333333337,0.1559765971265667
ergo_nonadaptive,target_error,2652,220.91666666666663,0.15559948603878904
ergo_nonadaptive,target_error,2653,221.0,0.14793773814668487
ergo_nonadaptive,target_error,2654,221.08333333333337,0.14886220626574723
ergo_nonadaptive,target_error,2655,221.16666666666663,0.14805475655635547
ergo_nonadaptive,target_error,2656,221.25,0.1446827251850677
ergo_nonadaptive,target_error,2657,221.33333333333337,0.14641391479572768
ergo_nonadaptive,target_error,2658,221.41666666666663,0.1428459287204994
ergo_nonadaptive,target_error,2659,221.5,0.13643138122294463
ergo_nonadaptive,target_error,2660,221.58333333333337,0.13018923033077223
ergo_nonadaptive,target_error,2661,221.66666666666663,0.12783131501481673
ergo_nonadaptive,target_error,2662,221.75,0.1269912034926858
ergo_nonadaptive,target_error,2663,221.83333333333337,0.12557591886940045
ergo_nonadaptive,target_error,2664,221.91666666666663,0.11581571993778265
ergo_nonadaptive,target_error,2665,222.0,0.11327504701613209
ergo_nonadaptive,target_error,2666,222.08333333333337,0.11037675951696649
ergo_nonadaptive,target_error,2667,222.16666666666663,0.112257299957894
ergo_nonadaptive,target_error,2668,222.25,0.11106170259901058
ergo_nonadaptive,target_error,2669,222.33333333333337,0.1079806188629093
ergo_nonadaptive,target_error,2670,222.41666666666663,0.10724501182670908
ergo_nonadaptive,target_error,2671,222.5,0.1104467382008707
ergo_nonadaptive,target_error,2672,222.58333333333337,0.10996714992243442
ergo_nonadaptive,target_error,2673,222.66666666666663,0.11259511526707751
ergo_nonadaptive,target_error,2674,222.75,0.1105324267441433
ergo_nonadaptive,target_error,2675,222.83333333333337,0.10922314869987115
ergo_nonadaptive,target_error,2676,222.91666666666663,0.1082006913209948
ergo_nonadaptive,target_error,2677,223.0,0.10730564279112356
ergo_nonadaptive,target_error,2678,223.08333333333337,0.10756695663462146
ergo_nonadaptive,target_error,2679,223.16666666666663,0.1074405438732651
ergo_nonadaptive,target_error,2680,223.25,0.10850860260973043
ergo_nonadaptive,target_error,2681,223.33333333333337,0.10817174451734969
ergo_nonadaptive,target_error,2682,223.41666666666663,0.10801974606020058
ergo_nonadaptive,target_error,2683,223.5,0.11089931727712608
ergo_nonadaptive,target_error,2684,223.58333333333337,0.11203061073915861
ergo_nonadaptive,target_error,2685,223.66666666666663,0.11165695037636719
ergo_nonadaptive,target_error,2686,223.75,0.11631433806870992
ergo_nonadaptive,target_error,2687,223.83333333333337,0.1155934173852544
ergo_nonadaptive,target_error,2688,223.91666666666663,0.11147867919140114
ergo_nonadaptive,target_error,2689,224.0,0.1115050150781166
ergo_nonadaptive,target_error,2690,224.08333333333337,0.1108796915984876
ergo_nonadaptive,target_error,2691,224.16666666666663,0.11065796911844412
ergo_nonadaptive,target_error,2692,224.25,0.11267837337611121
ergo_nonadaptive,target_error,2693,224.33333333333337,0.11164996917942958
ergo_nonadaptive,target_error,2694,224.41666666666663,0.10981178448902648
ergo_nonadaptive,target_error,2695,224.5,0.10987268112537918
ergo_nonadaptive,target_error,2696,224.58333333333337,0.10982392566600228
ergo_nonadaptive,target_error,2697,224.66666666666663,0.1099050310369727
ergo_nonadaptive,target_error,2698,224.75,0.10976730376104189
ergo_nonadaptive,target_error,2699,224.83333333333337,0.10986847495988754
ergo_nonadaptive,target_error,2700,224.91666666666663,0.10986400808593401
ergo_nonadaptive,target_error,2701,225.0,0.11012272056688133
ergo_nonadaptive,target_error,2702,225.08333333333337,0.11042342413183225
ergo_nonadaptive,target_error,2703,225.16666666666663,0.11068216625128958
ergo_nonadaptive,target_error,2704,225.25,0.1112258623523014
ergo_nonadaptive,target_error,2705,225.33333333333337,0.11170215225337739
ergo_nonadaptive,target_error,2706,225.41666666666663,0.11265382263717956
ergo_nonadaptive,target_error,2707,225.5,0.1137740213125773
ergo_nonadaptive,target_error,2708,225.58333333333337,0.11430201977254667
ergo_nonadaptive,target_error,2709,225.66666666666663,0.11593211257611488
ergo_nonadaptive,target_error,2710,225.75,0.11667376944950342
ergo_nonadaptive,target_error,2711,225.83333333333337,0.11621013462825802
ergo_nonadaptive,target_error,2712,225.91666666666663,0.11580453004139371
ergo_nonadaptive,target_error,2713,226.0,0.11625154570813231
ergo_nonadaptive,target_error,2714,226.08333333333337,0.11657901882234412
ergo_nonadaptive,target_error,2715,226.16666666666663,0.11503318506402163
ergo_nonadaptive,target_error,2716,226.25,0.11420655965492248
ergo_nonadaptive,target_error,2717,226.33333333333337,0.11439111299315922
ergo_nonadaptive,target_error,2718,226.41666666666663,0.11620545711620917
ergo_nonadaptive,target_error,2719,226.5,0.11892446441771157
ergo_nonadaptive,target_error,2720,226.58333333333337,0.11974677125321688
ergo_nonadaptive,target_error,2721,226.66666666666663,0.11994403204306754
ergo_nonadaptive,target_error,2722,226.75,0.11957294952300795
ergo_nonadaptive,target_error,2723,226.83333333333337,0.11961511252806144
ergo_nonadaptive,target_error,2724,226.91666666666663,0.11989011649761622
ergo_nonadaptive,target_error,2725,227.0,0.12071569198399627
ergo_nonadaptive,target_error,2726,227.08333333333337,0.12148447382603425
ergo_nonadaptive,target_error,2727,227.16666666666663,0.12127763501170125
ergo_nonadaptive,target_error,2728,227.25,0.12171846139913792
ergo_nonadaptive,target_error,2729,227.33333333333337,0.12051767117105547
ergo_nonadaptive,target_error,2730,227.41666666666663,0.12070179150008542
ergo_nonadaptive,target_error,2731,227.5,0.12129524899390147
ergo_nonadaptive,target_error,2732,227.58333333333337,0.1202095283322122
ergo_nonadaptive,target_error,2733,227.66666666666663,0.11929057689693692
ergo_nonadaptive,target_error,2734,227.75,0.11989601106307472
ergo_nonadaptive,target_error,2735,227.83333333333337,0.11919756364912082
ergo_nonadaptive,target_error,2736,227.91666666666663,0.11832168997839558
ergo_nonadaptive,target_error,2737,228.0,0.1194513356946833
ergo_nonadaptive,target_error,2738,228.08333333333337,0.11823535053285456
ergo_nonadaptive,target_error,2739,228.16666666666663,0.11818690034835738
ergo_nonadaptive,target_error,2740,228.25,0.11790310693934937
ergo_nonadaptive,target_error,2741,228.33333333333337,0.11706593558511567
ergo_nonadaptive,target_error,2742,228.41666666666663,0.11833306100049765
ergo_nonadaptive,target_error,2743,228.5,0.11910313686883575
ergo_nonadaptive,target_error,2744,228.58333333333337,0.1194345034586738
ergo_nonadaptive,target_error,2745,228.66666666666663,0.11837957771008938
ergo_nonadaptive,target_error,2746,228.75,0.11849953081865938
ergo_nonadaptive,target_error,2747,228.83333333333337,0.11770419480402756
ergo_nonadaptive,target_error,2748,228.91666666666663,0.11753928805893984
ergo_nonadaptive,target_error,2749,229.0,0.12065002238140542
ergo_nonadaptive,target_error,2750,229.08333333333337,0.12100930468694775
ergo_nonadaptive,target_error,2751,229.16666666666663,0.1208747025304174
ergo_nonadaptive,target_error,2752,229.25,0.12175174801937555
ergo_nonadaptive,target_error,2753,229.33333333333337,0.12314828268467748
ergo_nonadaptive,target_error,2754,229.41666666666663,0.12266452974555647
ergo_nonadaptive,target_error,2755,229.5,0.1225033503984752
ergo_nonadaptive,target_error,2756,229.58333333333337,0.12323168384585952
ergo_nonadaptive,target_error,2757,229.66666666666663,0.12419297634586662
ergo_nonadaptive,target_error,2758,229.75,0.12546909866344996
ergo_nonadaptive,target_error,2759,229.83333333333337,0.12630019827762137
ergo_nonadaptive,target_error,2760,229.91666666666663,0.1273676423800503
ergo_nonadaptive,target_error,2761,230.0,0.1253846327055637
ergo_nonadaptive,target_error,2762,230.08333333333337,0.12352597166997316
ergo_nonadaptive,target_error,2763,230.16666666666663,0.1247907113204375
ergo_nonadaptive,target_error,2764,230.25,0.12215742441418158
ergo_nonadaptive,target_error,2765,230.33333333333337,0.12189064896079156
ergo_nonadaptive,target_error,2766,230.41666666666663,0.12246359130282555
ergo_nonadaptive,target_error,2767,230.5,0.12396017889962961
ergo_nonadaptive,target_error,2768,230.58333333333337,0.12444730428546144
ergo_nonadaptive,target_error,2769,230.66666666666663,0.12217004755714506
ergo_nonadaptive,target_error,2770,230.75,0.11918157563846683
ergo_nonadaptive,target_error,2771,230.83333333333337,0.12158640438779368
ergo_nonadaptive,target_error,2772,230.91666666666663,0.1217326192818286
ergo_nonadaptive,target_error,2773,231.0,0.12255473753348484
ergo_nonadaptive,target_error,2774,231.08333333333337,0.12268482006199145
ergo_nonadaptive,target_error,2775,231.16666666666663,0.12146390572613516
ergo_nonadaptive,target_error,2776,231.25,0.12145931375627032
ergo_nonadaptive,target_error,2777,231.33333333333337,0.1220692624132767
ergo_nonadaptive,target_error,2778,231.41666666666663,0.12427064289084022
ergo_nonadaptive,target_error,2779,231.5,0.12530262657511682
ergo_nonadaptive,target_error,2780,231.58333333333337,0.124916477017351
ergo_nonadaptive,target_error,2781,231.66666666666663,0.12727392708601756
ergo_nonadaptive,target_error,2782,231.75,0.12833730491869894
ergo_nonadaptive,target_error,2783,231.83333333333337,0.130193227506408
ergo_nonadaptive,target_error,2784,231.91666666666663,0.13001867120166682
ergo_nonadaptive,target_error,2785,232.0,0.13058610242920093
ergo_nonadaptive,target_error,2786,232.08333333333337,0.1311037892390481
ergo_nonadaptive,target_error,2787,232.16666666666663,0.13203426230887272
ergo_nonadaptive,target_error,2788,232.25,0.13284720367515446
ergo_nonadaptive,target_error,2789,232.33333333333337,0.13393320534880054
ergo_nonadaptive,target_error,2790,232.41666666666663,0.13585225609007157
ergo_nonadaptive,target_error,2791,232.5,0.13649852946249882
ergo_nonadaptive,target_error,2792,232.58333333333337,0.13647779028222953
ergo_nonadaptive,target_error,2793,232.66666666666663,0.13603510217203615
ergo_nonadaptive,target_error,2794,232.75,0.13608629595706084
ergo_nonadaptive,target_error,2795,232.83333333333337,0.13801069049724213
ergo_nonadaptive,target_error,2796,232.91666666666663,0.1393779854115514
ergo_nonadaptive,target_error,2797,233.0,0.13781520475496295
ergo_nonadaptive,target_error,2798,233.08333333333337,0.13735820171545463
ergo_nonadaptive,target_error,2799,233.16666666666663,0.13785688072391833
ergo_nonadaptive,target_error,2800,233.25,0.1383144156558591
ergo_nonadaptive,target_error,2801,233.33333333333337,0.1376664338600739
ergo_nonadaptive,target_error,2802,233.41666666666663,0.13595570155656633
ergo_nonadaptive,target_error,2803,233.5,0.13886257095985272
ergo_nonadaptive,target_error,2804,233.58333333333337,0.1378090035651154
ergo_nonadaptive,target_error,2805,233.66666666666663,0.1399054010301758
ergo_nonadaptive,target_error,2806,233.75,0.14006240076616133
ergo_nonadaptive,target_error,2807,233.83333333333337,0.14083857024403726
ergo_nonadaptive,target_error,2808,233.91666666666663,0.14109736072043927
ergo_nonadaptive,target_error,2809,234.0,0.14106866415837724
ergo_nonadaptive,target_error,2810,234.08333333333337,0.14101429757946835
ergo_nonadaptive,target_error,2811,234.16666666666663,0.14512799954414152
ergo_nonadaptive,target_error,2812,234.25,0.14442051937807424
ergo_nonadaptive,target_error,2813,234.33333333333337,0.14452997950983676
ergo_nonadaptive,target_error,2814,234.41666666666663,0.14316445189423044
ergo_nonadaptive,target_error,2815,234.5,0.14096440595046228
ergo_nonadaptive,target_error,2816,234.58333333333337,0.1419225147827687
ergo_nonadaptive,target_error,2817,234.66666666666663,0.14106433630326326
ergo_nonadaptive,target_error,2818,234.75,0.14130251531345794
ergo_nonadaptive,target_error,2819,234.83333333333337,0.1451900869537477
ergo_nonadaptive,target_error,2820,234.91666666666663,0.14689292764426262
ergo_nonadaptive,target_error,2821,235.0,0.14644781525569048
ergo_nonadaptive,target_error,2822,235.08333333333337,0.14826435646484423
ergo_nonadaptive,target_error,2823,235.16666666666663,0.15057230502989463
ergo_nonadaptive,target_error,2824,235.25,0.15150998812787134
ergo_nonadaptive,target_error,2825,235.33333333333337,0.1522622516423342
ergo_nonadaptive,target_error,2826,235.41666666666663,0.15502089495650073
ergo_nonadaptive,target_error,2827,235.5,0.15730743559911559
ergo_nonadaptive,target_error,2828,235.58333333333337,0.15832512710607735
ergo_nonadaptive,target_error,2829,235.66666666666663,0.16040021366216936
ergo_nonadaptive,target_error,2830,235.75,0.15787827840268703
ergo_nonadaptive,target_error,2831,235.83333333333337,0.1575524590199197
ergo_nonadaptive,target_error,2832,235.91666666666663,0.15749687205055918
ergo_nonadaptive,target_error,2833,236.0,0.15899718690694167
ergo_nonadaptive,target_error,2834,236.08333333333337,0.1621896631786203
ergo_nonadaptive,target_error,2835,236.16666666666663,0.16017273062369564
ergo_nonadaptive,target_error,2836,236.25,0.16042253864216321
ergo_nonadaptive,target_error,2837,236.33333333333337,0.16385478761372968
ergo_nonadaptive,target_error,2838,236.41666666666663,0.1656174147890508
ergo_nonadaptive,target_error,2839,236.5,0.1640924720906589
ergo_nonadaptive,target_error,2840,236.58333333333337,0.16260811988668242
ergo_nonadaptive,target_error,2841,236.66666666666663,0.1651350198835925
ergo_nonadaptive,target_error,2842,236.75,0.16636619762161312
ergo_nonadaptive,target_error,2843,236.83333333333337,0.16579868541752346
ergo_nonadaptive,target_error,2844,236.91666666666663,0.16665077422759253
ergo_nonadaptive,target_error,2845,237.0,0.16607005795657298
ergo_nonadaptive,target_error,2846,237.08333333333337,0.16586161906213742
ergo_nonadaptive,target_error,2847,237.16666666666663,0.16664578716762388
ergo_nonadaptive,target_error,2848,237.25,0.1658574019818007
ergo_nonadaptive,target_error,2849,237.33333333333337,0.16814539518283303
ergo_nonadaptive,target_error,2850,237.41666666666663,0.16674125420890162
ergo_nonadaptive,target_error,2851,237.5,0.16901399006344411
ergo_nonadaptive,target_error,2852,237.58333333333337,0.16684603725282934
ergo_nonadaptive,target_error,2853,237.66666666666663,0.1669510025172581
ergo_nonadaptive,target_error,2854,237.75,0.1656640320032999
ergo_nonadaptive,target_error,2855,237.83333333333337,0.163129368325123
ergo_nonadaptive,target_error,2856,237.91666666666663,0.16362802699233084
ergo_nonadaptive,target_error,2857,238.0,0.16385168005952694
ergo_nonadaptive,target_error,2858,238.08333333333337,0.16063432373840777
ergo_nonadaptive,target_error,2859,238.16666666666663,0.15914199795258543
ergo_nonadaptive,target_error,2860,238.25,0.15775445418717368
ergo_nonadaptive,target_error,2861,238.33333333333337,0.157571925049888
ergo_nonadaptive,target_error,2862,238.41666666666663,0.1550127096534439
ergo_nonadaptive,target_error,2863,238.5,0.15014154250863807
ergo_nonadaptive,target_error,2864,238.58333333333337,0.14813332472936536
ergo_nonadaptive,target_error,2865,238.66666666666663,0.1502566826385057
ergo_nonadaptive,target_error,2866,238.75,0.14176569081810128
ergo_nonadaptive,target_error,2867,238.83333333333337,0.14308822116724557
ergo_nonadaptive,target_error,2868,238.91666666666663,0.14223102056316056
ergo_nonadaptive,target_error,2869,239.0,0.14194694373536104
ergo_nonadaptive,target_error,2870,239.08333333333337,0.1397302933169367
ergo_nonadaptive,target_error,2871,239.16666666666663,0.13665578183792532
ergo_nonadaptive,target_error,2872,239.25,0.13336255270331465
ergo_nonadaptive,target_error,2873,239.33333333333337,0.13629762580874485
ergo_nonadaptive,target_error,2874,239.41666666666663,0.13867931329925243
ergo_nonadaptive,target_error,2875,239.5,0.13839731497463267
ergo_nonadaptive,target_error,2876,239.58333333333337,0.13762162267202704
ergo_nonadaptive,target_error,2877,239.66666666666663,0.13186179917712446
ergo_nonadaptive,target_error,2878,239.75,0.12739324771278362
ergo_nonadaptive,target_error,2879,239.83333333333337,0.12742259997376087
ergo_nonadaptive,target_error,2880,239.91666666666663,0.12776603447499627
ergo_nonadaptive,target_error,2881,240.0,0.1284121211074197
ergo_nonadaptive,target_error,2882,240.08333333333337,0.12794006766949298
ergo_nonadaptive,target_error,2883,240.16666666666663,0.1279677370534103
ergo_nonadaptive,target_error,2884,240.25,0.12931928199340154
ergo_nonadaptive,target_error,2885,240.33333333333337,0.12886426887987262
ergo_nonadaptive,target_error,2886,240.41666666666663,0.12935031436312316
ergo_nonadaptive,target_error,2887,240.5,0.13083888166579563
ergo_nonadaptive,target_error,2888,240.58333333333337,0.13027564917446458
ergo_nonadaptive,target_error,2889,240.66666666666663,0.13061604682289868
ergo_nonadaptive,target_error,2890,240.75,0.1315368849430074
ergo_nonadaptive,target_error,2891,240.83333333333337,0.12992833952178728
ergo_nonadaptive,target_error,2892,240.91666666666663,0.1297457525031926
ergo_nonadaptive,target_error,2893,241.0,0.13091343303528966
ergo_nonadaptive,target_error,2894,241.08333333333337,0.12959035930839768
ergo_nonadaptive,target_error,2895,241.16666666666663,0.13005101405282354
ergo_nonadaptive,target_error,2896,241.25,0.13233193116616485
ergo_nonadaptive,target_error,2897,241.33333333333337,0.1316855887728621
ergo_nonadaptive,target_error,2898,241.41666666666663,0.13391292345146927
ergo_nonadaptive,target_error,2899,241.5,0.1350618356189198
ergo_nonadaptive,target_error,2900,241.58333333333337,0.1364615811711372
ergo_nonadaptive,target_error,2901,241.66666666666663,0.13959918705970734
ergo_nonadaptive,target_error,2902,241.75,0.14004047707554884
ergo_nonadaptive,target_error,2903,241.83333333333337,0.14115843736351902
ergo_nonadaptive,target_error,2904,241.91666666666663,0.14364600077139877
ergo_nonadaptive,target_error,2905,242.0,0.14716893431685252
ergo_nonadaptive,target_error,2906,242.08333333333337,0.14588454561587597
ergo_nonadaptive,target_error,2907,242.16666666666663,0.14545355380739797
ergo_nonadaptive,target_error,2908,242.25,0.14631172824117594
ergo_nonadaptive,target_error,2909,242.33333333333337,0.14528075653911202
ergo_nonadaptive,target_error,2910,242.41666666666663,0.14644168707404676
ergo_nonadaptive,target_error,2911,242.5,0.14638641467607233
ergo_nonadaptive,target_error,2912,242.58333333333337,0.14631079083338147
ergo_nonadaptive,target_error,2913,242.66666666666663,0.14887351076944308
ergo_nonadaptive,target_error,2914,242.75,0.1510235412079153
ergo_nonadaptive,target_error,2915,242.83333333333337,0.1509095971037813
ergo_nonadaptive,target_error,2916,242.91666666666663,0.15044090448958936
ergo_nonadaptive,target_error,2917,243.0,0.151995537068202
ergo_nonadaptive,target_error,2918,243.08333333333337,0.1539653250657046
ergo_nonadaptive,target_error,2919,243.16666666666663,0.15583596954906434
ergo_nonadaptive,target_error,2920,243.25,0.15567327283286525
ergo_nonadaptive,target_error,2921,243.33333333333337,0.15772345164947996
ergo_nonadaptive,target_error,2922,243.41666666666663,0.1572992775683281
ergo_nonadaptive,target_error,2923,243.5,0.15738543485993112
ergo_nonadaptive,target_error,2924,243.58333333333337,0.1593756832621626
ergo_nonadaptive,target_error,2925,243.66666666666663,0.16054651890668836
ergo_nonadaptive,target_error,2926,243.75,0.15982161528995076
ergo_nonadaptive,target_error,2927,243.83333333333337,0.15902178256557298
ergo_nonadaptive,target_error,2928,243.91666666666663,0.15872018870366955
ergo_nonadaptive,target_error,2929,244.0,0.16132979350187562
ergo_nonadaptive,target_error,2930,244.08333333333337,0.16188755529559043
ergo_nonadaptive,target_error,2931,244.16666666666663,0.1625754782867852
ergo_nonadaptive,target_error,2932,244.25,0.1619887472560484
ergo_nonadaptive,target_error,2933,244.33333333333337,0.16172605664295545
ergo_nonadaptive,target_error,2934,244.41666666666663,0.16122639688193602
ergo_nonadaptive,target_error,2935,244.5,0.15899602279611852
ergo_nonadaptive,target_error,2936,244.58333333333337,0.15708515085501032
ergo_nonadaptive,target_error,2937,244.66666666666663,0.1584059018684247
ergo_nonadaptive,target_error,2938,244.75,0.1610544222009007
ergo_nonadaptive,target_error,2939,244.83333333333337,0.16336549804034473
ergo_nonadaptive,target_error,2940,244.91666666666663,0.16378898409525577
ergo_nonadaptive,target_error,2941,245.0,0.16553466058309924
ergo_nonadaptive,target_error,2942,245.08333333333337,0.16654186738566765
ergo_nonadaptive,target_error,2943,245.16666666666663,0.1665835723122721
ergo_nonadaptive,target_error,2944,245.25,0.16600424609635692
ergo_nonadaptive,target_error,2945,245.33333333333337,0.16374498890800396
ergo_nonadaptive,target_error,2946,245.41666666666663,0.16430451565241935
ergo_nonadaptive,target_error,2947,245.5,0.1666780459395745
ergo_nonadaptive,target_error,2948,245.58333333333337,0.16715955080261138
ergo_nonadaptive,target_error,2949,245.66666666666663,0.16600804393277618
ergo_nonadaptive,target_error,2950,245.75,0.16675275405203405
ergo_nonadaptive,target_error,2951,245.83333333333337,0.16730378112122005
ergo_nonadaptive,target_error,2952,245.91666666666663,0.1651373391224429
ergo_nonadaptive,target_error,2953,246.0,0.16702230653285663
ergo_nonadaptive,target_error,2954,246.08333333333337,0.16565022602441806
ergo_nonadaptive,target_error,2955,246.16666666666663,0.16560999041643618
ergo_nonadaptive,target_error,2956,246.25,0.1645052738536455
ergo_nonadaptive,target_error,2957,246.33333333333337,0.16720008216787868
ergo_nonadaptive,target_error,2958,246.41666666666663,0.1671024689109833
ergo_nonadaptive,target_error,2959,246.5,0.16556635781816909
ergo_nonadaptive,target_error,2960,246.58333333333337,0.16694027943468806
ergo_nonadaptive,target_error,2961,246.66666666666663,0.16561700879604768
ergo_nonadaptive,target_error,2962,246.75,0.1638337295426843
ergo_nonadaptive,target_error,2963,246.83333333333337,0.1611771852954689
ergo_nonadaptive,target_error,2964,246.91666666666663,0.15942081803598282
ergo_nonadaptive,target_error,2965,247.0,0.16036276113782907
ergo_nonadaptive,target_error,2966,247.08333333333337,0.15888770754074155
ergo_nonadaptive,target_error,2967,247.16666666666663,0.15561492588578935
ergo_nonadaptive,target_error,2968,247.25,0.15830853468787923
ergo_nonadaptive,target_error,2969,247.33333333333337,0.1555440767552883
ergo_nonadaptive,target_error,2970,247.41666666666663,0.15329639943465984
ergo_nonadaptive,target_error,2971,247.5,0.15231240896367781
ergo_nonadaptive,target_error,2972,247.58333333333337,0.14854271387800835
ergo_nonadaptive,target_error,2973,247.66666666666663,0.14262759172456252
ergo_nonadaptive,target_error,2974,247.75,0.1427050077255428
ergo_nonadaptive,target_error,2975,247.83333333333337,0.14543102586154769
ergo_nonadaptive,target_error,2976,247.91666666666663,0.13970752874183648
ergo_nonadaptive,target_error,2977,248.0,0.1413314158614721
ergo_nonadaptive,target_error,2978,248.08333333333337,0.14069931120310603
ergo_nonadaptive,target_error,2979,248.16666666666663,0.14074925578427122
ergo_nonadaptive,target_error,2980,248.25,0.1398483175330547
ergo_nonadaptive,target_error,2981,248.33333333333337,0.13571001247767775
ergo_nonadaptive,target_error,2982,248.41666666666663,0.13047545154801896
ergo_nonadaptive,target_error,2983,248.5,0.1308050298097799
ergo_nonadaptive,target_error,2984,248.58333333333337,0.12761670523920382
ergo_nonadaptive,target_error,2985,248.66666666666663,0.126912194466968
ergo_nonadaptive,target_error,2986,248.75,0.12698605024234036
ergo_nonadaptive,target_error,2987,248.83333333333337,0.1271620751690162
ergo_nonadaptive,target_error,2988,248.91666666666663,0.1274485346752103
ergo_nonadaptive,target_error,2989,249.0,0.1280133921415192
ergo_nonadaptive,target_error,2990,249.08333333333337,0.12734562785749823
ergo_nonadaptive,target_error,2991,249.16666666666663,0.12743901186780934
ergo_nonadaptive,target_error,2992,249.25,0.1288552112358941
ergo_nonadaptive,target_error,2993,249.33333333333337,0.1301492508098756
ergo_nonadaptive,target_error,2994,249.41666666666663,0.12946808753108577
ergo_nonadaptive,target_error,2995,249.5,0.13028719300296665
ergo_nonadaptive,target_error,2996,249.58333333333337,0.13017247146246408
ergo_nonadaptive,target_error,2997,249.66666666666663,0.12964394284510847
ergo_nonadaptive,target_error,2998,249.75,0.13221370466411092
ergo_nonadaptive,target_error,2999,249.83333333333337,0.13140601375831998
ergo_nonadaptive,target_error,3000,249.91666666666663,0.13404259909637195
ergo_nonadaptive,target_error,3001,250.0,0.13144382386069975
ergo_nonadaptive,target_error,3002,250.08333333333337,0.13095986609805413
ergo_nonadaptive,target_error,3003,250.16666666666663,0.1301707027361592
ergo_nonadaptive,target_error,3004,250.25,0.1293520156943415
ergo_nonadaptive,target_error,3005,250.33333333333337,0.12940329960240785
ergo_nonadaptive,target_error,3006,250.41666666666663,0.12973727366096507
ergo_nonadaptive,target_error,3007,250.5,0.13019955116042076
ergo_nonadaptive,target_error,3008,250.58333333333337,0.13085842261800812
ergo_nonadaptive,target_error,3009,250.66666666666663,0.12908988467039564
ergo_nonadaptive,target_error,3010,250.75,0.12915800748659298
ergo_nonadaptive,target_error,3011,250.83333333333337,0.12941453101113962
ergo_nonadaptive,target_error,3012,250.91666666666663,0.12925872837304464
ergo_nonadaptive,target_error,3013,251.0,0.12931041100470217
ergo_nonadaptive,target_error,3014,251.08333333333337,0.12938726099019304
ergo_nonadaptive,target_error,3015,251.16666666666663,0.12958759220440874
ergo_nonadaptive,target_error,3016,251.25,0.13001322930522924
ergo_nonadaptive,target_error,3017,251.33333333333337,0.12996549265158105
ergo_nonadaptive,target_error,3018,251.41666666666663,0.1299918526586079
ergo_nonadaptive,target_error,3019,251.5,0.13071141886722673
ergo_nonadaptive,target_error,3020,251.58333333333337,0.1303111347015026
ergo_nonadaptive,target_error,3021,251.66666666666663,0.1318075431551259
ergo_nonadaptive,target_error,3022,251.75,0.13243288764539624
ergo_nonadaptive,target_error,3023,251.83333333333337,0.13294450740009442
ergo_nonadaptive,target_error,3024,251.91666666666663,0.13303587748813725
ergo_nonadaptive,target_error,3025,252.0,0.13311402317225676
ergo_nonadaptive,target_error,3026,252.08333333333337,0.13298383851457457
ergo_nonadaptive,target_error,3027,252.16666666666663,0.13367159177568214
ergo_nonadaptive,target_error,3028,252.25,0.13438721430806733
ergo_nonadaptive,target_error,3029,252.33333333333337,0.1348033528034926
ergo_nonadaptive,target_error,3030,252.41666666666663,0.13517286277902144
ergo_nonadaptive,target_error,3031,252.5,0.13591962138542812
ergo_nonadaptive,target_error,3032,252.58333333333337,0.13527227100836572
ergo_nonadaptive,target_error,3033,252.66666666666663,0.13529988590370096
ergo_nonadaptive,target_error,3034,252.75,0.13529074336908384
ergo_nonadaptive,target_error,3035,252.83333333333337,0.13586071093204125
ergo_nonadaptive,target_error,3036,252.91666666666663,0.13676533068240337
ergo_nonadaptive,target_error,3037,253.0,0.13619143106125411
ergo_nonadaptive,target_error,3038,253.08333333333337,0.136088958795593
ergo_nonadaptive,target_error,3039,253.16666666666663,0.13550445343379489
ergo_nonadaptive,target_error,3040,253.25,0.13569518598353558
ergo_nonadaptive,target_error,3041,253.33333333333337,0.13441294547540164
ergo_nonadaptive,target_error,3042,253.41666666666663,0.133901367371448
ergo_nonadaptive,target_error,3043,253.5,0.13300687719019827
ergo_nonadaptive,target_error,3044,253.58333333333337,0.13258691253426017
ergo_nonadaptive,target_error,3045,253.66666666666663,0.13293524617991204
ergo_nonadaptive,target_error,3046,253.75,0.13358607713282086
ergo_nonadaptive,target_error,3047,253.83333333333337,0.13334721582771175
ergo_nonadaptive,target_error,3048,253.91666666666663,0.13198040897513671
ergo_nonadaptive,target_error,3049,254.0,0.1328620634458725
ergo_nonadaptive,target_error,3050,254.08333333333337,0.13191535409402097
ergo_nonadaptive,target_error,3051,254.16666666666663,0.13126673844291242
ergo_nonadaptive,target_error,3052,254.25,0.13239173706059032
ergo_nonadaptive,target_error,3053,254.33333333333337,0.13007701636722302
ergo_nonadaptive,target_error,3054,254.41666666666663,0.1301565970349167
ergo_nonadaptive,target_error,3055,254.5,0.1277335725602041
ergo_nonadaptive,target_error,3056,254.58333333333337,0.12728292030960597
ergo_nonadaptive,target_error,3057,254.66666666666663,0.12905820720179875
ergo_nonadaptive,target_error,3058,254.75,0.1290902633144757
ergo_nonadaptive,target_error,3059,254.83333333333337,0.12929614718012022
ergo_nonadaptive,target_error,3060,254.91666666666663,0.1305524465516142
ergo_nonadaptive,target_error,3061,255.0,0.1310149114481308
ergo_nonadaptive,target_error,3062,255.08333333333337,0.13235810236845594
ergo_nonadaptive,target_error,3063,255.16666666666663,0.13199360779814584
ergo_nonadaptive,target_error,3064,255.25,0.13204281899953985
ergo_nonadaptive,target_error,3065,255.33333333333337,0.13189170908407358
ergo_nonadaptive,target_error,3066,255.41666666666663,0.1338400363399602
ergo_nonadaptive,target_error,3067,255.5,0.1341227390657228
ergo_nonadaptive,target_error,3068,255.58333333333337,0.13457087603999965
ergo_nonadaptive,target_error,3069,255.66666666666663,0.13495718014862873
ergo_nonadaptive,target_error,3070,255.75,0.13581469227160706
ergo_nonadaptive,target_error,3071,255.83333333333337,0.1366161045359682
ergo_nonadaptive,target_error,3072,255.91666666666663,0.13727016731363642
ergo_nonadaptive,target_error,3073,256.0,0.13791103996253867
ergo_nonadaptive,target_error,3074,256.08333333333337,0.13856835403534568
ergo_nonadaptive,target_error,3075,256.16666666666663,0.13934924249767563
ergo_nonadaptive,target_error,3076,256.25,0.13956097455332464
ergo_nonadaptive,target_error,3077,256.33333333333337,0.14089857319688456
ergo_nonadaptive,target_error,3078,256.41666666666663,0.1420097872761133
ergo_nonadaptive,target_error,3079,256.5,0.1422265473287924
ergo_nonadaptive,target_error,3080,256.58333333333337,0.14261957392905214
ergo_nonadaptive,target_error,3081,256.66666666666663,0.14429783463183674
ergo_nonadaptive,target_error,3082,256.75,0.14387592281644457
ergo_nonadaptive,target_error,3083,256.83333333333337,0.14469507953123745
ergo_nonadaptive,target_error,3084,256.91666666666663,0.14447556020663777
ergo_nonadaptive,target_error,3085,257.0,0.1457418947310674
ergo_nonadaptive,target_error,3086,257.08333333333337,0.14528033206074414
ergo_nonadaptive,target_error,3087,257.16666666666663,0.14554934142466977
ergo_nonadaptive,target_error,3088,257.25,0.14686316584185932
ergo_nonadaptive,target_error,3089,257.33333333333337,0.1467771158437391
ergo_nonadaptive,target_error,3090,257.41666666666663,0.1455873781730751
ergo_nonadaptive,target_error,3091,257.5,0.14735552073313837
ergo_nonadaptive,target_error,3092,257.58333333333337,0.1478525610382094
ergo_nonadaptive,target_error,3093,257.66666666666663,0.15030276444669136
ergo_nonadaptive,target_error,3094,257.75,0.15194133916949384
ergo_nonadaptive,target_error,3095,257.83333333333337,0.15174121215790543
ergo_nonadaptive,target_error,3096,257.91666666666663,0.15202126299823726
ergo_nonadaptive,target_error,3097,258.0,0.15317872756683662
ergo_nonadaptive,target_error,3098,258.08333333333337,0.15317935358602927
ergo_nonadaptive,target_error,3099,258.16666666666663,0.15356706784611995
ergo_nonadaptive,target_error,3100,258.25,0.1536238943324494
ergo_nonadaptive,target_error,3101,258.33333333333337,0.15674864868394497
ergo_nonadaptive,target_error,3102,258.41666666666663,0.15791495368751188
ergo_nonadaptive,target_error,3103,258.5,0.15835134102287832
ergo_nonadaptive,target_error,3104,258.58333333333337,0.15896698300773887
ergo_nonadaptive,target_error,3105,258.66666666666663,0.15677629364230194
ergo_nonadaptive,target_error,3106,258.75,0.15924780550453235
ergo_nonadaptive,target_error,3107,258.83333333333337,0.15771951769358558
ergo_nonadaptive,target_error,3108,258.91666666666663,0.1596461001271103
ergo_nonadaptive,target_error,3109,259.0,0.16159686331009998
ergo_nonadaptive,target_error,3110,259.08333333333337,0.16301924928376796
ergo_nonadaptive,target_error,3111,259.16666666666663,0.16221135484043428
ergo_nonadaptive,target_error,3112,259.25,0.16405202740683775
ergo_nonadaptive,target_error,3113,259.33333333333337,0.16313823939753472
ergo_nonadaptive,target_error,3114,259.41666666666663,0.16174248937863583
ergo_nonadaptive,target_error,3115,259.5,0.16289760823226387
ergo_nonadaptive,target_error,3116,259.58333333333337,0.1610727967606968
ergo_nonadaptive,target_error,3117,259.66666666666663,0.1580884861458782
ergo_nonadaptive,target_error,3118,259.75,0.157997257120402
ergo_nonadaptive,target_error,3119,259.83333333333337,0.16290441286530902
ergo_nonadaptive,target_error,3120,259.91666666666663,0.16454843054874008
ergo_nonadaptive,target_error,3121,260.0,0.16283797967707536
ergo_nonadaptive,target_error,3122,260.08333333333337,0.1622084662632527
ergo_nonadaptive,target_error,3123,260.16666666666663,0.16346579194822994
ergo_nonadaptive,target_error,3124,260.25,0.16135816443994416
ergo_nonadaptive,target_error,3125,260.33333333333337,0.1640880179824192
ergo_nonadaptive,target_error,3126,260.41666666666663,0.16081382222980647
ergo_nonadaptive,target_error,3127,260.5,0.16060304095597502
ergo_nonadaptive,target_error,3128,260.58333333333337,0.16254437315703918
ergo_nonadaptive,target_error,3129,260.66666666666663,0.16010088135436767
ergo_nonadaptive,target_error,3130,260.75,0.16114069814942936
ergo_nonadaptive,target_error,3131,260.83333333333337,0.16092781984665286
ergo_nonadaptive,target_error,3132,260.91666666666663,0.1585169164564903
ergo_nonadaptive,target_error,3133,261.0,0.1559677704798725
ergo_nonadaptive,target_error,3134,261.08333333333337,0.15445295576028137
ergo_nonadaptive,target_error,3135,261.16666666666663,0.15491566464885656
ergo_nonadaptive,target_error,3136,261.25,0.15194450350034003
ergo_nonadaptive,target_error,3137,261.33333333333337,0.15060868438912928
ergo_nonadaptive,target_error,3138,261.41666666666663,0.14962305890814362
ergo_nonadaptive,target_error,3139,261.5,0.14900268573825298
ergo_nonadaptive,target_error,3140,261.58333333333337,0.15425169063276967
ergo_nonadaptive,target_error,3141,261.66666666666663,0.15370221429277514
ergo_nonadaptive,target_error,3142,261.75,0.15193412360547082
ergo_nonadaptive,target_error,3143,261.83333333333337,0.15083981490995296
ergo_nonadaptive,target_error,3144,261.91666666666663,0.14888598911379994
ergo_nonadaptive,target_error,3145,262.0,0.1493303020972
ergo_nonadaptive,target_error,3146,262.08333333333337,0.14816146373647093
ergo_nonadaptive,target_error,3147,262.16666666666663,0.1484377610373551
ergo_nonadaptive,target_error,3148,262.25,0.148962825142043
ergo_nonadaptive,target_error,3149,262.33333333333337,0.14889031165924307
ergo_nonadaptive,target_error,3150,262.41666666666663,0.15035267933507837
ergo_nonadaptive,target_error,3151,262.5,0.15079872019618268
ergo_nonadaptive,target_error,3152,262.58333333333337,0.1544555593543742
ergo_nonadaptive,target_error,3153,262.66666666666663,0.15106344966554416
ergo_nonadaptive,target_error,3154,262.75,0.15260627193498935
ergo_nonadaptive,target_error,3155,262.83333333333337,0.1553302540750806
ergo_nonadaptive,target_error,3156,262.91666666666663,0.15561157243767784
ergo_nonadaptive,target_error,3157,263.0,0.15502210013747342
ergo_nonadaptive,target_error,3158,263.08333333333337,0.15646776289419828
ergo_nonadaptive,target_error,3159,263.16666666666663,0.16004821896749544
ergo_nonadaptive,target_error,3160,263.25,0.16317678485442685
ergo_nonadaptive,target_error,3161,263.33333333333337,0.16424232925087526
ergo_nonadaptive,target_error,3162,263.41666666666663,0.16473833238283556
ergo_nonadaptive,target_error,3163,263.5,0.16339131846063862
ergo_nonadaptive,target_error,3164,263.58333333333337,0.16577894454018088
ergo_nonadaptive,target_error,3165,263.66666666666663,0.16767690271450475
ergo_nonadaptive,target_error,3166,263.75,0.1678778265336644
ergo_nonadaptive,target_error,3167,263.83333333333337,0.16876209137609413
ergo_nonadaptive,target_error,3168,263.91666666666663,0.16964309245893996
ergo_nonadaptive,target_error,3169,264.0,0.16970797261046744
ergo_nonadaptive,target_error,3170,264.08333333333337,0.16957608811819547
ergo_nonadaptive,target_error,3171,264.16666666666663,0.16856143995978085
ergo_nonadaptive,target_error,3172,264.25,0.1685001569122328
ergo_nonadaptive,target_error,3173,264.33333333333337,0.1701514121808833
ergo_nonadaptive,target_error,3174,264.41666666666663,0.17039390932872878
ergo_nonadaptive,target_error,3175,264.5,0.17268864308223508
ergo_nonadaptive,target_error,3176,264.58333333333337,0.17287855763463306
ergo_nonadaptive,target_error,3177,264.66666666666663,0.17216389418674505
ergo_nonadaptive,target_error,3178,264.75,0.17118922885829677
ergo_nonadaptive,target_error,3179,264.83333333333337,0.17164426436140204
ergo_nonadaptive,target_error,3180,264.91666666666663,0.17129497309833647
ergo_nonadaptive,target_error,3181,265.0,0.1718742033694509
ergo_nonadaptive,target_error,3182,265.08333333333337,0.17243293133951024
ergo_nonadaptive,target_error,3183,265.16666666666663,0.17131936314213334
ergo_nonadaptive,target_error,3184,265.25,0.16793981029190805
ergo_nonadaptive,target_error,3185,265.33333333333337,0.16645368468984234
ergo_nonadaptive,target_error,3186,265.41666666666663,0.16638074112842735
ergo_nonadaptive,target_error,3187,265.5,0.16424941744311938
ergo_nonadaptive,target_error,3188,265.58333333333337,0.16568229277727614
ergo_nonadaptive,target_error,3189,265.66666666666663,0.16533608224720334
ergo_nonadaptive,target_error,3190,265.75,0.16000413788746978
ergo_nonadaptive,target_error,3191,265.83333333333337,0.16138354101784017
ergo_nonadaptive,target_error,3192,265.91666666666663,0.1633855987469402
ergo_nonadaptive,target_error,3193,266.0,0.1530546551301208
ergo_nonadaptive,target_error,3194,266.08333333333337,0.14953751354650818
ergo_nonadaptive,target_error,3195,266.16666666666663,0.1528122591287593
ergo_nonadaptive,target_error,3196,266.25,0.15184800034411378
ergo_nonadaptive,target_error,3197,266.33333333333337,0.1445577703211362
ergo_nonadaptive,target_error,3198,266.41666666666663,0.14407023278443296
ergo_nonadaptive,target_error,3199,266.5,0.14214189948701797
ergo_nonadaptive,target_error,3200,266.58333333333337,0.13595837579148268
ergo_nonadaptive,target_error,3201,266.66666666666663,0.13263749743945913
ergo_nonadaptive,target_error,3202,266.75,0.13231390161963857
ergo_nonadaptive,target_error,3203,266.83333333333337,0.1331943687844369
ergo_nonadaptive,target_error,3204,266.91666666666663,0.1366636617239826
ergo_nonadaptive,target_error,3205,267.0,0.14166378732914875
ergo_nonadaptive,target_error,3206,267.08333333333337,0.13616454783537693
ergo_nonadaptive,target_error,3207,267.16666666666663,0.14102768907630228
ergo_nonadaptive,target_error,3208,267.25,0.13776371055784178
ergo_nonadaptive,target_error,3209,267.33333333333337,0.1406494911706844
ergo_nonadaptive,target_error,3210,267.41666666666663,0.1397330339075434
ergo_nonadaptive,target_error,3211,267.5,0.1400580481006357
ergo_nonadaptive,target_error,3212,267.58333333333337,0.1401058080070966
ergo_nonadaptive,target_error,3213,267.66666666666663,0.13621017659763093
ergo_nonadaptive,target_error,3214,267.75,0.1334103584950477
ergo_nonadaptive,target_error,3215,267.83333333333337,0.134588081100948
ergo_nonadaptive,target_error,3216,267.91666666666663,0.13518359322566245
ergo_nonadaptive,target_error,3217,268.0,0.1357498080513358
ergo_nonadaptive,target_error,3218,268.08333333333337,0.13453157702440138
ergo_nonadaptive,target_error,3219,268.16666666666663,0.13342550375990148
ergo_nonadaptive,target_error,3220,268.25,0.13310852259054454
ergo_nonadaptive,target_error,3221,268.33333333333337,0.13302730357603487
ergo_nonadaptive,target_error,3222,268.41666666666663,0.13313638106823086
ergo_nonadaptive,target_error,3223,268.5,0.13324428718626766
ergo_nonadaptive,target_error,3224,268.58333333333337,0.13386794635880114
ergo_nonadaptive,target_error,3225,268.66666666666663,0.1338859466430676
ergo_nonadaptive,target_error,3226,268.75,0.13415389013372092
ergo_nonadaptive,target_error,3227,268.83333333333337,0.13457043626731283
ergo_nonadaptive,target_error,3228,268.91666666666663,0.1351541400813669
ergo_nonadaptive,target_error,3229,269.0,0.13507284224631175
ergo_nonadaptive,target_error,3230,269.08333333333337,0.1355653576219891
ergo_nonadaptive,target_error,3231,269.16666666666663,0.13541386576766626
ergo_nonadaptive,target_error,3232,269.25,0.1356371592592793
ergo_nonadaptive,target_error,3233,269.33333333333337,0.13573096327144726
ergo_nonadaptive,target_error,3234,269.41666666666663,0.13545391499809853
ergo_nonadaptive,target_error,3235,269.5,0.1351645000769637
ergo_nonadaptive,target_error,3236,269.58333333333337,0.13629684105412312
ergo_nonadaptive,target_error,3237,269.66666666666663,0.136171617950728
ergo_nonadaptive,target_error,3238,269.75,0.13559748362352422
ergo_nonadaptive,target_error,3239,269.83333333333337,0.13615215058882466
ergo_nonadaptive,target_error,3240,269.91666666666663,0.13631686810750182
ergo_nonadaptive,target_error,3241,270.0,0.13856093707768932
ergo_nonadaptive,target_error,3242,270.08333333333337,0.13784138959110637
ergo_nonadaptive,target_error,3243,270.16666666666663,0.13794465080713622
ergo_nonadaptive,target_error,3244,270.25,0.13690160680720334
ergo_nonadaptive,target_error,3245,270.33333333333337,0.13632734207514904
ergo_nonadaptive,target_error,3246,270.41666666666663,0.13636158744561164
ergo_nonadaptive,target_error,3247,270.5,0.13628995944435218
ergo_nonadaptive,target_error,3248,270.58333333333337,0.13674188117598562
ergo_nonadaptive,target_error,3249,270.66666666666663,0.13685017853708836
ergo_nonadaptive,target_error,3250,270.75,0.1354708742704209
ergo_nonadaptive,target_error,3251,270.83333333333337,0.1347038234283989
ergo_nonadaptive,target_error,3252,270.91666666666663,0.13427456498414872
ergo_nonadaptive,target_error,3253,271.0,0.13420930678884702
ergo_nonadaptive,target_error,3254,271.08333333333337,0.13516282262054075
ergo_nonadaptive,target_error,3255,271.16666666666663,0.13589816589491144
ergo_nonadaptive,target_error,3256,271.25,0.1356573077277715
ergo_nonadaptive,target_error,3257,271.33333333333337,0.13616028884202994
ergo_nonadaptive,target_error,3258,271.41666666666663,0.1356445643772392
ergo_nonadaptive,target_error,3259,271.5,0.13619318899102145
ergo_nonadaptive,target_error,3260,271.58333333333337,0.13533707321263425
ergo_nonadaptive,target_error,3261,271.66666666666663,0.13589028205994794
ergo_nonadaptive,target_error,3262,271.75,0.1355685249637136
ergo_nonadaptive,target_error,3263,271.83333333333337,0.13579668751972984
ergo_nonadaptive,target_error,3264,271.91666666666663,0.13575584384435632
ergo_nonadaptive,target_error,3265,272.0,0.1364095881874426
ergo_nonadaptive,target_error,3266,272.08333333333337,0.1375287967450708
ergo_nonadaptive,target_error,3267,272.16666666666663,0.13813666691492144
ergo_nonadaptive,target_error,3268,272.25,0.13803920798799013
ergo_nonadaptive,target_error,3269,272.33333333333337,0.13747744895390654
ergo_nonadaptive,target_error,3270,272.41666666666663,0.13687217895852716
ergo_nonadaptive,target_error,3271,272.5,0.1380277860109362
ergo_nonadaptive,target_error,3272,272.58333333333337,0.13724996182447763
ergo_nonadaptive,target_error,3273,272.66666666666663,0.13772129398717492
ergo_nonadaptive,target_error,3274,272.75,0.13574937127628584
ergo_nonadaptive,target_error,3275,272.83333333333337,0.13561524699685476
ergo_nonadaptive,target_error,3276,272.91666666666663,0.13571803711273636
ergo_nonadaptive,target_error,3277,273.0,0.1355736277934443
ergo_nonadaptive,target_error,3278,273.08333333333337,0.13691109694678186
ergo_nonadaptive,target_error,3279,273.16666666666663,0.13697431411954963
ergo_nonadaptive,target_error,3280,273.25,0.13883611617721936
ergo_nonadaptive,target_error,3281,273.33333333333337,0.13967337883738135
ergo_nonadaptive,target_error,3282,273.41666666666663,0.1371481726513969
ergo_nonadaptive,target_error,3283,273.5,0.1389541149138317
ergo_nonadaptive,target_error,3284,273.58333333333337,0.14207979220348047
ergo_nonadaptive,target_error,3285,273.66666666666663,0.14183389961111476
ergo_nonadaptive,target_error,3286,273.75,0.14005053374983234
ergo_nonadaptive,target_error,3287,273.83333333333337,0.14059384702116232
ergo_nonadaptive,target_error,3288,273.91666666666663,0.14035007076900186
ergo_nonadaptive,target_error,3289,274.0,0.13987979825399288
ergo_nonadaptive,target_error,3290,274.08333333333337,0.14106897750041852
ergo_nonadaptive,target_error,3291,274.16666666666663,0.1423117294351069
ergo_nonadaptive,target_error,3292,274.25,0.14437769202961626
ergo_nonadaptive,target_error,3293,274.33333333333337,0.1452033771487406
ergo_nonadaptive,target_error,3294,274.41666666666663,0.14470983571777055
ergo_nonadaptive,target_error,3295,274.5,0.14433893408168844
ergo_nonadaptive,target_error,3296,274.58333333333337,0.14439853784958973
ergo_nonadaptive,target_error,3297,274.66666666666663,0.14379353653950988
ergo_nonadaptive,target_error,3298,274.75,0.14223939984175452
ergo_nonadaptive,target_error,3299,274.83333333333337,0.14108038030562625
ergo_nonadaptive,target_error,3300,274.91666666666663,0.14009821805951633
ergo_nonadaptive,target_error,3301,275.0,0.13885784138190865
ergo_nonadaptive,target_error,3302,275.08333333333337,0.13757552494168326
ergo_nonadaptive,target_error,3303,275.16666666666663,0.13713689747708754
ergo_nonadaptive,target_error,3304,275.25,0.13829229177397628
ergo_nonadaptive,target_error,3305,275.33333333333337,0.13893740926446949
ergo_nonadaptive,target_error,3306,275.41666666666663,0.13936268476693206
ergo_nonadaptive,target_error,3307,275.5,0.13947205650653322
ergo_nonadaptive,target_error,3308,275.58333333333337,0.14043162890373667
ergo_nonadaptive,target_error,3309,275.66666666666663,0.13806844784718184
ergo_nonadaptive,target_error,3310,275.75,0.13890473388641647
ergo_nonadaptive,target_error,3311,275.83333333333337,0.13800424058902838
ergo_nonadaptive,target_error,3312,275.91666666666663,0.13728219384839963
ergo_nonadaptive,target_error,3313,276.0,0.13677927395824147
ergo_nonadaptive,target_error,3314,276.08333333333337,0.13640472405157167
ergo_nonadaptive,target_error,3315,276.16666666666663,0.13589288065819977
ergo_nonadaptive,target_error,3316,276.25,0.13679541992057384
ergo_nonadaptive,target_error,3317,276.33333333333337,0.13952708249135237
ergo_nonadaptive,target_error,3318,276.41666666666663,0.137908552557271
ergo_nonadaptive,target_error,3319,276.5,0.13773898983213984
ergo_nonadaptive,target_error,3320,276.58333333333337,0.13814069083209596
ergo_nonadaptive,target_error,3321,276.66666666666663,0.14134090312680067
ergo_nonadaptive,target_error,3322,276.75,0.13797128922194168
ergo_nonadaptive,target_error,3323,276.83333333333337,0.13654264761094925
ergo_nonadaptive,target_error,3324,276.91666666666663,0.13646203513926006
ergo_nonadaptive,target_error,3325,277.0,0.13646910180067007
ergo_nonadaptive,target_error,3326,277.08333333333337,0.13657141834092168
ergo_nonadaptive,target_error,3327,277.16666666666663,0.13654129335120802
ergo_nonadaptive,target_error,3328,277.25,0.13654916549775745
ergo_nonadaptive,target_error,3329,277.33333333333337,0.13747887877609738
ergo_nonadaptive,target_error,3330,277.41666666666663,0.1379637711477689
ergo_nonadaptive,target_error,3331,277.5,0.13773452463185828
ergo_nonadaptive,target_error,3332,277.58333333333337,0.1368569913873097
ergo_nonadaptive,target_error,3333,277.66666666666663,0.13687088118164206
ergo_nonadaptive,target_error,3334,277.75,0.1370048256207819
ergo_nonadaptive,target_error,3335,277.83333333333337,0.13784612448625724
ergo_nonadaptive,target_error,3336,277.91666666666663,0.13852472197840388
ergo_nonadaptive,target_error,3337,278.0,0.14002516926035177
ergo_nonadaptive,target_error,3338,278.08333333333337,0.14034291972349902
ergo_nonadaptive,target_error,3339,278.16666666666663,0.141051959446521
ergo_nonadaptive,target_error,3340,278.25,0.14227152856450634
ergo_nonadaptive,target_error,3341,278.33333333333337,0.14090727035273162
ergo_nonadaptive,target_error,3342,278.41666666666663,0.14098582678110058
ergo_nonadaptive,target_error,3343,278.5,0.14292140982230497
ergo_nonadaptive,target_error,3344,278.58333333333337,0.14293102423535936
ergo_nonadaptive,target_error,3345,278.66666666666663,0.1447669883090375
ergo_nonadaptive,target_error,3346,278.75,0.1457219610581573
ergo_nonadaptive,target_error,3347,278.83333333333337,0.14590709307612548
ergo_nonadaptive,target_error,3348,278.91666666666663,0.14606011894401683
ergo_nonadaptive,target_error,3349,279.0,0.14664650832068307
ergo_nonadaptive,target_error,3350,279.08333333333337,0.1482960657003563
ergo_nonadaptive,target_error,3351,279.16666666666663,0.1488075425503275
ergo_nonadaptive,target_error,3352,279.25,0.14918462523834275
ergo_nonadaptive,target_error,3353,279.33333333333337,0.14840131563415926
ergo_nonadaptive,target_error,3354,279.41666666666663,0.14929853419966746
ergo_nonadaptive,target_error,3355,279.5,0.15050652200710082
ergo_nonadaptive,target_error,3356,279.58333333333337,0.1499681411773069
ergo_nonadaptive,target_error,3357,279.66666666666663,0.15060856239976292
ergo_nonadaptive,target_error,3358,279.75,0.15053861673218794
ergo_nonadaptive,target_error,3359,279.83333333333337,0.1508525142005628
ergo_nonadaptive,target_error,3360,279.91666666666663,0.15043238877084456
ergo_nonadaptive,target_error,3361,280.0,0.150587297262003
ergo_nonadaptive,target_error,3362,280.08333333333337,0.1511743656779181
ergo_nonadaptive,target_error,3363,280.16666666666663,0.1513743305662834
ergo_nonadaptive,target_error,3364,280.25,0.15259098035892985
ergo_nonadaptive,target_error,3365,280.33333333333337,0.1517220624970264
ergo_nonadaptive,target_error,3366,280.41666666666663,0.15235307039605953
ergo_nonadaptive,target_error,3367,280.5,0.1513973052866734
ergo_nonadaptive,target_error,3368,280.58333333333337,0.1517455585437285
ergo_nonadaptive,target_error,3369,280.66666666666663,0.15208078714285217
ergo_nonadaptive,target_error,3370,280.75,0.1528100432435478
ergo_nonadaptive,target_error,3371,280.83333333333337,0.15325974718716365
ergo_nonadaptive,target_error,3372,280.91666666666663,0.15363275694850467
ergo_nonadaptive,target_error,3373,281.0,0.15348160473072633
ergo_nonadaptive,target_error,3374,281.08333333333337,0.1534101519413645
ergo_nonadaptive,target_error,3375,281.16666666666663,0.15366482863695086
ergo_nonadaptive,target_error,3376,281.25,0.15375563531598319
ergo_nonadaptive,target_error,3377,281.33333333333337,0.15322428922658132
ergo_nonadaptive,target_error,3378,281.41666666666663,0.1539607077352247
ergo_nonadaptive,target_error,3379,281.5,0.15409658626698297
ergo_nonadaptive,target_error,3380,281.58333333333337,0.1538090356661712
ergo_nonadaptive,target_error,3381,281.66666666666663,0.153800907891729
ergo_nonadaptive,target_error,3382,281.75,0.15469985041532527
ergo_nonadaptive,target_error,3383,281.83333333333337,0.15496347952043252
ergo_nonadaptive,target_error,3384,281.91666666666663,0.1543324353669921
ergo_nonadaptive,target_error,3385,282.0,0.15383027946121947
ergo_nonadaptive,target_error,3386,282.08333333333337,0.15335591717441324
ergo_nonadaptive,target_error,3387,282.16666666666663,0.15272124124727637
ergo_nonadaptive,target_error,3388,282.25,0.15413275356285144
ergo_nonadaptive,target_error,3389,282.33333333333337,0.15453883379329456
ergo_nonadaptive,target_error,3390,282.41666666666663,0.15410659191611742
ergo_nonadaptive,target_error,3391,282.5,0.15403059715690184
ergo_nonadaptive,target_error,3392,282.58333333333337,0.15344628348927158
ergo_nonadaptive,target_error,3393,282.66666666666663,0.15356748862303363
ergo_nonadaptive,target_error,3394,282.75,0.15267226787047433
ergo_nonadaptive,target_error,3395,282.83333333333337,0.15136604293708766
ergo_nonadaptive,target_error,3396,282.91666666666663,0.1510671493156952
ergo_nonadaptive,target_error,3397,283.0,0.1508288110741557
ergo_nonadaptive,target_error,3398,283.08333333333337,0.15039024500860165
ergo_nonadaptive,target_error,3399,283.16666666666663,0.1509196189503381
ergo_nonadaptive,target_error,3400,283.25,0.14927673962832042
ergo_nonadaptive,target_error,3401,283.33333333333337,0.14900384037119957
ergo_nonadaptive,target_error,3402,283.41666666666663,0.15013695669843882
ergo_nonadaptive,target_error,3403,283.5,0.14707124172826608
ergo_nonadaptive,target_error,3404,283.58333333333337,0.1489545854126275
ergo_nonadaptive,target_error,3405,283.66666666666663,0.14698399842291449
ergo_nonadaptive,target_error,3406,283.75,0.14577348748344884
ergo_nonadaptive,target_error,3407,283.83333333333337,0.14779229030357416
ergo_nonadaptive,target_error,3408,283.91666666666663,0.14504165122612453
ergo_nonadaptive,target_error,3409,284.0,0.14060035232909424
ergo_nonadaptive,target_error,3410,284.08333333333337,0.13970860205707067
ergo_nonadaptive,target_error,3411,284.16666666666663,0.13950462269866942
ergo_nonadaptive,target_error,3412,284.25,0.1362470554828611
ergo_nonadaptive,target_error,3413,284.33333333333337,0.1360263328229285
ergo_nonadaptive,target_error,3414,284.41666666666663,0.13098036831459767
ergo_nonadaptive,target_error,3415,284.5,0.13248712598509618
ergo_nonadaptive,target_error,3416,284.58333333333337,0.12907578051508656
ergo_nonadaptive,target_error,3417,284.66666666666663,0.12823520393615503
ergo_nonadaptive,target_error,3418,284.75,0.12916267294028075
ergo_nonadaptive,target_error,3419,284.83333333333337,0.12398085520942442
ergo_nonadaptive,target_error,3420,284.91666666666663,0.12556969641674853
ergo_nonadaptive,target_error,3421,285.0,0.1212827145635715
ergo_nonadaptive,target_error,3422,285.08333333333337,0.12104702802951116
ergo_nonadaptive,target_error,3423,285.16666666666663,0.12206332405909924
ergo_nonadaptive,target_error,3424,285.25,0.12672995854829944
ergo_nonadaptive,target_error,3425,285.33333333333337,0.12089069519687358
ergo_nonadaptive,target_error,3426,285.41666666666663,0.12510864037762018
ergo_nonadaptive,target_error,3427,285.5,0.12318100386451786
ergo_nonadaptive,target_error,3428,285.58333333333337,0.12235074228357709
ergo_nonadaptive,target_error,3429,285.66666666666663,0.12161479692497366
ergo_nonadaptive,target_error,3430,285.75,0.12053206278468968
ergo_nonadaptive,target_error,3431,285.83333333333337,0.12147026523435164
ergo_nonadaptive,target_error,3432,285.91666666666663,0.12118505020009132
ergo_nonadaptive,target_error,3433,286.0,0.1211545871708869
ergo_nonadaptive,target_error,3434,286.08333333333337,0.12289734092452043
ergo_nonadaptive,target_error,3435,286.16666666666663,0.12257414848312598
ergo_nonadaptive,target_error,3436,286.25,0.1256149243286005
ergo_nonadaptive,target_error,3437,286.33333333333337,0.12553573484816055
ergo_nonadaptive,target_error,3438,286.41666666666663,0.12593246262107366
ergo_nonadaptive,target_error,3439,286.5,0.12640966124165648
ergo_nonadaptive,target_error,3440,286.58333333333337,0.12697631929739683
ergo_nonadaptive,target_error,3441,286.66666666666663,0.12854967104711396
ergo_nonadaptive,target_error,3442,286.75,0.1286938473191285
ergo_nonadaptive,target_error,3443,286.83333333333337,0.13014185660573713
ergo_nonadaptive,target_error,3444,286.91666666666663,0.13128282971779048
ergo_nonadaptive,target_error,3445,287.0,0.13211083657279318
ergo_nonadaptive,target_error,3446,287.08333333333337,0.13394966662277621
ergo_nonadaptive,target_error,3447,287.16666666666663,0.135879786111246
ergo_nonadaptive,target_error,3448,287.25,0.1358174463604546
ergo_nonadaptive,target_error,3449,287.33333333333337,0.13525228164926836
ergo_nonadaptive,target_error,3450,287.41666666666663,0.13584607036589835
ergo_nonadaptive,target_error,3451,287.5,0.13642491741684873
ergo_nonadaptive,target_error,3452,287.58333333333337,0.1382248131943264
ergo_nonadaptive,target_error,3453,287.66666666666663,0.13801062284712892
ergo_nonadaptive,target_error,3454,287.75,0.1379762444265497
ergo_nonadaptive,target_error,3455,287.83333333333337,0.1382013520780667
ergo_nonadaptive,target_error,3456,287.91666666666663,0.13968408103988703
ergo_nonadaptive,target_error,3457,288.0,0.14115644310163367
ergo_nonadaptive,target_error,3458,288.08333333333337,0.14248786241242112
ergo_nonadaptive,target_error,3459,288.16666666666663,0.14386813797932757
ergo_nonadaptive,target_error,3460,288.25,0.14331278793988803
ergo_nonadaptive,target_error,3461,288.33333333333337,0.14354257416037391
ergo_nonadaptive,target_error,3462,288.41666666666663,0.14310666827229782
ergo_nonadaptive,target_error,3463,288.5,0.14344877964741545
ergo_nonadaptive,target_error,3464,288.58333333333337,0.14174408316875783
ergo_nonadaptive,target_error,3465,288.66666666666663,0.14180750524187002
ergo_nonadaptive,target_error,3466,288.75,0.14206894432257575
ergo_nonadaptive,target_error,3467,288.83333333333337,0.14331438815610822
ergo_nonadaptive,target_error,3468,288.91666666666663,0.14265505251985972
ergo_nonadaptive,target_error,3469,289.0,0.14242559379048952
ergo_nonadaptive,target_error,3470,289.08333333333337,0.14203050978765536
ergo_nonadaptive,target_error,3471,289.16666666666663,0.14053889188392174
ergo_nonadaptive,target_error,3472,289.25,0.1399953846654717
ergo_nonadaptive,target_error,3473,289.33333333333337,0.14062459194472354
ergo_nonadaptive,target_error,3474,289.41666666666663,0.1410241892280493
ergo_nonadaptive,target_error,3475,289.5,0.13975654038127008
ergo_nonadaptive,target_error,3476,289.58333333333337,0.13728746758879276
ergo_nonadaptive,target_error,3477,289.66666666666663,0.13562707068299487
ergo_nonadaptive,target_error,3478,289.75,0.13537226754911502
ergo_nonadaptive,target_error,3479,289.83333333333337,0.13256170765233707
ergo_nonadaptive,target_error,3480,289.91666666666663,0.13030500975770762
ergo_nonadaptive,target_error,3481,290.0,0.13058278573591592
ergo_nonadaptive,target_error,3482,290.08333333333337,0.12362645336156984
ergo_nonadaptive,target_error,3483,290.16666666666663,0.12239626800771325
ergo_nonadaptive,target_error,3484,290.25,0.11939542077808156
ergo_nonadaptive,target_error,3485,290.33333333333337,0.11712342774074212
ergo_nonadaptive,target_error,3486,290.41666666666663,0.1121208029180307
ergo_nonadaptive,target_error,3487,290.5,0.10716901114315998
ergo_nonadaptive,target_error,3488,290.58333333333337,0.10636206228458973
ergo_nonadaptive,target_error,3489,290.66666666666663,0.10654715715668875
ergo_nonadaptive,target_error,3490,290.75,0.10944796513641085
ergo_nonadaptive,target_error,3491,290.83333333333337,0.10924215136007512
ergo_nonadaptive,target_error,3492,290.91666666666663,0.11319252223639414
ergo_nonadaptive,target_error,3493,291.0,0.1171468777385193
ergo_nonadaptive,target_error,3494,291.08333333333337,0.1425591470979796
ergo_nonadaptive,target_error,3495,291.16666666666663,0.13810416016367102
ergo_nonadaptive,target_error,3496,291.25,0.13725340497111235
ergo_nonadaptive,target_error,3497,291.33333333333337,0.15135982674262
ergo_nonadaptive,target_error,3498,291.41666666666663,0.15542947180227956
ergo_nonadaptive,target_error,3499,291.5,0.15077507815480803
ergo_nonadaptive,target_error,3500,291.58333333333337,0.15049136494459878
ergo_nonadaptive,target_error,3501,291.66666666666663,0.13051497421626754
ergo_nonadaptive,target_error,3502,291.75,0.1231722366726219
ergo_nonadaptive,target_error,3503,291.83333333333337,0.12180126352364273
ergo_nonadaptive,target_error,3504,291.91666666666663,0.12001952069554701
ergo_nonadaptive,target_error,3505,292.0,0.11192789258227454
ergo_nonadaptive,target_error,3506,292.08333333333337,0.10870083721841074
ergo_nonadaptive,target_error,3507,292.16666666666663,0.10505192675813045
ergo_nonadaptive,target_error,3508,292.25,0.10382716565971645
ergo_nonadaptive,target_error,3509,292.33333333333337,0.10334806562197889
ergo_nonadaptive,target_error,3510,292.41666666666663,0.102766194794165
ergo_nonadaptive,target_error,3511,292.5,0.10288369998972194
ergo_nonadaptive,target_error,3512,292.58333333333337,0.10315801065365669
ergo_nonadaptive,target_error,3513,292.66666666666663,0.10371962685316072
ergo_nonadaptive,target_error,3514,292.75,0.10464081602422165
ergo_nonadaptive,target_error,3515,292.83333333333337,0.10517050506229307
ergo_nonadaptive,target_error,3516,292.91666666666663,0.10564434113072464
ergo_nonadaptive,target_error,3517,293.0,0.10607944162190959
ergo_nonadaptive,target_error,3518,293.08333333333337,0.10755945558562145
ergo_nonadaptive,target_error,3519,293.16666666666663,0.10870463477363902
ergo_nonadaptive,target_error,3520,293.25,0.1096486132055023
ergo_nonadaptive,target_error,3521,293.33333333333337,0.11185557349579053
ergo_nonadaptive,target_error,3522,293.41666666666663,0.11257240161961268
ergo_nonadaptive,target_error,3523,293.5,0.11284301013286109
ergo_nonadaptive,target_error,3524,293.58333333333337,0.11342387140803885
ergo_nonadaptive,target_error,3525,293.66666666666663,0.11315196503342057
ergo_nonadaptive,target_error,3526,293.75,0.11381122509952458
ergo_nonadaptive,target_error,3527,293.83333333333337,0.11582180864227273
ergo_nonadaptive,target_error,3528,293.91666666666663,0.11602283544557779
ergo_nonadaptive,target_error,3529,294.0,0.11664242514504486
ergo_nonadaptive,target_error,3530,294.08333333333337,0.11735421676353378
ergo_nonadaptive,target_error,3531,294.16666666666663,0.11892296556721782
ergo_nonadaptive,target_error,3532,294.25,0.12106840205091739
ergo_nonadaptive,target_error,3533,294.33333333333337,0.12026070913332954
ergo_nonadaptive,target_error,3534,294.41666666666663,0.12064907247644184
ergo_nonadaptive,target_error,3535,294.5,0.12270696432868719
ergo_nonadaptive,target_error,3536,294.58333333333337,0.123937180190451
ergo_nonadaptive,target_error,3537,294.66666666666663,0.12642843854231947
ergo_nonadaptive,target_error,3538,294.75,0.12699982074808583
ergo_nonadaptive,target_error,3539,294.83333333333337,0.12774411159346047
ergo_nonadaptive,target_error,3540,294.91666666666663,0.12978908254552032
ergo_nonadaptive,target_error,3541,295.0,0.13155070850624728
ergo_nonadaptive,target_error,3542,295.08333333333337,0.1312696360813617
ergo_nonadaptive,target_error,3543,295.16666666666663,0.1325634724855028
ergo_nonadaptive,target_error,3544,295.25,0.13213890445565504
ergo_nonadaptive,target_error,3545,295.33333333333337,0.13349101296961507
ergo_nonadaptive,target_error,3546,295.41666666666663,0.13439451841273095
ergo_nonadaptive,target_error,3547,295.5,0.13797288426331766
ergo_nonadaptive,target_error,3548,295.58333333333337,0.13806682236454326
ergo_nonadaptive,target_error,3549,295.66666666666663,0.14033246624878917
ergo_nonadaptive,target_error,3550,295.75,0.1408344980294335
ergo_nonadaptive,target_error,3551,295.83333333333337,0.14096947769167514
ergo_nonadaptive,target_error,3552,295.91666666666663,0.14069022007671117
ergo_nonadaptive,target_error,3553,296.0,0.14210233349210832
ergo_nonadaptive,target_error,3554,296.08333333333337,0.14422536398191058
ergo_nonadaptive,target_error,3555,296.16666666666663,0.14412446940828968
ergo_nonadaptive,target_error,3556,296.25,0.14470589012835264
ergo_nonadaptive,target_error,3557,296.33333333333337,0.1464448346469055
ergo_nonadaptive,target_error,3558,296.41666666666663,0.14806927631994732
ergo_nonadaptive,target_error,3559,296.5,0.14908403036707657
ergo_nonadaptive,target_error,3560,296.58333333333337,0.1507461586375576
ergo_nonadaptive,target_error,3561,296.66666666666663,0.14888541782938924
ergo_nonadaptive,target_error,3562,296.75,0.15097941386757072
ergo_nonadaptive,target_error,3563,296.83333333333337,0.15484106901443143
ergo_nonadaptive,target_error,3564,296.91666666666663,0.15410511833786583
ergo_nonadaptive,target_error,3565,297.0,0.15303869632408987
ergo_nonadaptive,target_error,3566,297.08333333333337,0.15515242946582725
ergo_nonadaptive,target_error,3567,297.16666666666663,0.1532755116870868
ergo_nonadaptive,target_error,3568,297.25,0.1526603839932247
ergo_nonadaptive,target_error,3569,297.33333333333337,0.15449673667727043
ergo_nonadaptive,target_error,3570,297.41666666666663,0.15330143515424918
ergo_nonadaptive,target_error,3571,297.5,0.1539124338818126
ergo_nonadaptive,target_error,3572,297.58333333333337,0.15350167223902692
ergo_nonadaptive,target_error,3573,297.66666666666663,0.15478623765675437
ergo_nonadaptive,target_error,3574,297.75,0.1568140636876118
ergo_nonadaptive,target_error,3575,297.83333333333337,0.1572796313868186
ergo_nonadaptive,target_error,3576,297.91666666666663,0.15724578055605865
ergo_nonadaptive,target_error,3577,298.0,0.15809037400092799
ergo_nonadaptive,target_error,3578,298.08333333333337,0.15843199768035648
ergo_nonadaptive,target_error,3579,298.16666666666663,0.16007858527587415
ergo_nonadaptive,target_error,3580,298.25,0.16066984816026153
ergo_nonadaptive,target_error,3581,298.33333333333337,0.16043889661601887
ergo_nonadaptive,target_error,3582,298.41666666666663,0.1605527638937032
ergo_nonadaptive,target_error,3583,298.5,0.15982281784272848
ergo_nonadaptive,target_error,3584,298.58333333333337,0.15985734610872562
ergo_nonadaptive,target_error,3585,298.66666666666663,0.16024053510969075
ergo_nonadaptive,target_error,3586,298.75,0.1603944994603492
ergo_nonadaptive,target_error,3587,298.83333333333337,0.16110928204236358
ergo_nonadaptive,target_error,3588,298.91666666666663,0.1613642532706552
ergo_nonadaptive,target_error,3589,299.0,0.16104051651514215
ergo_nonadaptive,target_error,3590,299.08333333333337,0.16123066574970155
ergo_nonadaptive,target_error,3591,299.16666666666663,0.1600631604959483
ergo_nonadaptive,target_error,3592,299.25,0.15976689273455452
ergo_nonadaptive,target_error,3593,299.33333333333337,0.16050138659771376
ergo_nonadaptive,target_error,3594,299.41666666666663,0.16034977959178678
ergo_nonadaptive,target_error,3595,299.5,0.16025561937426355
ergo_nonadaptive,target_error,3596,299.58333333333337,0.16081158395552916
ergo_nonadaptive,target_error,3597,299.66666666666663,0.16046627735157115
ergo_nonadaptive,target_error,3598,299.75,0.16001072424921464
ergo_nonadaptive,target_error,3599,299.83333333333337,0.15874347258648389
ergo_nonadaptive,target_error,3600,299.91666666666663,0.15953477732278304
ergo_nonadaptive,target_error,3601,300.0,0.15984870333560083
ergo_nonadaptive,target_error,3602,300.08333333333337,0.1585868685177714
ergo_nonadaptive,target_error,3603,300.16666666666663,0.15859034563512364
ergo_nonadaptive,target_error,3604,300.25,0.1580045043350191
ergo_nonadaptive,target_error,3605,300.33333333333337,0.15777094335450098
ergo_nonadaptive,target_error,3606,300.41666666666663,0.15796466195584505
ergo_nonadaptive,target_error,3607,300.5,0.15866859975756464
ergo_nonadaptive,target_error,3608,300.58333333333337,0.15857090238026966
ergo_nonadaptive,target_error,3609,300.66666666666663,0.15856680695713038
ergo_nonadaptive,target_error,3610,300.75,0.15969345260233453
ergo_nonadaptive,target_error,3611,300.83333333333337,0.16047369408396076
ergo_nonadaptive,target_error,3612,300.91666666666663,0.16041832525140606
ergo_nonadaptive,target_error,3613,301.0,0.160785963262719
ergo_nonadaptive,target_error,3614,301.08333333333337,0.15940176411845666
ergo_nonadaptive,target_error,3615,301.16666666666663,0.15923074863730513
ergo_nonadaptive,target_error,3616,301.25,0.1602159027069542
ergo_nonadaptive,target_error,3617,301.33333333333337,0.15973251630733254
ergo_nonadaptive,target_error,3618,301.41666666666663,0.15977396196012736
ergo_nonadaptive,target_error,3619,301.5,0.16027963479579277
ergo_nonadaptive,target_error,3620,301.58333333333337,0.1598066039294071
ergo_nonadaptive,target_error,3621,301.66666666666663,0.16046667482460317
ergo_nonadaptive,target_error,3622,301.75,0.1613511025471562
ergo_nonadaptive,target_error,3623,301.83333333333337,0.15917178805934928
ergo_nonadaptive,target_error,3624,301.91666666666663,0.15981661881697215
ergo_nonadaptive,target_error,3625,302.0,0.16094353151089014
ergo_nonadaptive,target_error,3626,302.08333333333337,0.16146348069430663
ergo_nonadaptive,target_error,3627,302.16666666666663,0.16170134306786083
ergo_nonadaptive,target_error,3628,302.25,0.161435260180876
ergo_nonadaptive,target_error,3629,302.33333333333337,0.16162605436714017
ergo_nonadaptive,target_error,3630,302.41666666666663,0.16216741045136635
ergo_nonadaptive,target_error,3631,302.5,0.1628210374994
ergo_nonadaptive,target_error,3632,302.58333333333337,0.16333764448366828
ergo_nonadaptive,target_error,3633,302.66666666666663,0.16456501874106325
ergo_nonadaptive,target_error,3634,302.75,0.16491810768113613
ergo_nonadaptive,target_error,3635,302.83333333333337,0.1634544611120331
ergo_nonadaptive,target_error,3636,302.91666666666663,0.1638372084134976
ergo_nonadaptive,target_error,3637,303.0,0.16444557033562557
ergo_nonadaptive,target_error,3638,303.08333333333337,0.1645330727682884
ergo_nonadaptive,target_error,3639,303.16666666666663,0.16435353055226953
ergo_nonadaptive,target_error,3640,303.25,0.16275041144858893
ergo_nonadaptive,target_error,3641,303.33333333333337,0.16284724729835529
ergo_nonadaptive,target_error,3642,303.41666666666663,0.16164787319369867
ergo_nonadaptive,target_error,3643,303.5,0.1623447068949336
ergo_nonadaptive,target_error,3644,303.58333333333337,0.1621304093957706
ergo_nonadaptive,target_error,3645,303.66666666666663,0.16155897269389377
ergo_nonadaptive,target_error,3646,303.75,0.16223858136266578
ergo_nonadaptive,target_error,3647,303.83333333333337,0.16031800692719084
ergo_nonadaptive,target_error,3648,303.91666666666663,0.15948596628976228
ergo_nonadaptive,target_error,3649,304.0,0.15952467126669514
ergo_nonadaptive,target_error,3650,304.08333333333337,0.15654698192259678
ergo_nonadaptive,target_error,3651,304.16666666666663,0.15570786146762425
ergo_nonadaptive,target_error,3652,304.25,0.1521729538649089
ergo_nonadaptive,target_error,3653,304.33333333333337,0.15372347786485532
ergo_nonadaptive,target_error,3654,304.41666666666663,0.15230647152724278
ergo_nonadaptive,target_error,3655,304.5,0.1521555712232938
ergo_nonadaptive,target_error,3656,304.58333333333337,0.14706879905102735
ergo_nonadaptive,target_error,3657,304.66666666666663,0.14554506502862422
ergo_nonadaptive,target_error,3658,304.75,0.1403421428534225
ergo_nonadaptive,target_error,3659,304.83333333333337,0.14138269872133574
ergo_nonadaptive,target_error,3660,304.91666666666663,0.14160498163639018
ergo_nonadaptive,target_error,3661,305.0,0.1347052554058426
ergo_nonadaptive,target_error,3662,305.08333333333337,0.13462752096873085
ergo_nonadaptive,target_error,3663,305.16666666666663,0.13553260191699423
ergo_nonadaptive,target_error,3664,305.25,0.13351027174067742
ergo_nonadaptive,target_error,3665,305.33333333333337,0.13410045144802193
ergo_nonadaptive,target_error,3666,305.41666666666663,0.13252994202186086
ergo_nonadaptive,target_error,3667,305.5,0.13213519654902353
ergo_nonadaptive,target_error,3668,305.58333333333337,0.13222256262823
ergo_nonadaptive,target_error,3669,305.66666666666663,0.13358164614997414
ergo_nonadaptive,target_error,3670,305.75,0.13332824556242384
ergo_nonadaptive,target_error,3671,305.83333333333337,0.13405112644708536
ergo_nonadaptive,target_error,3672,305.91666666666663,0.1331845126318947
ergo_nonadaptive,target_error,3673,306.0,0.13427975862767463
ergo_nonadaptive,target_error,3674,306.08333333333337,0.13219696479369558
ergo_nonadaptive,target_error,3675,306.16666666666663,0.13497963455217207
ergo_nonadaptive,target_error,3676,306.25,0.13439303955029044
ergo_nonadaptive,target_error,3677,306.33333333333337,0.1353527974793334
ergo_nonadaptive,target_error,3678,306.41666666666663,0.13561693752490706
ergo_nonadaptive,target_error,3679,306.5,0.13539769796526196
ergo_nonadaptive,target_error,3680,306.58333333333337,0.13437304732617408
ergo_nonadaptive,target_error,3681,306.66666666666663,0.13269728961341656
ergo_nonadaptive,target_error,3682,306.75,0.1317435423102775
ergo_nonadaptive,target_error,3683,306.83333333333337,0.1316961464162402
ergo_nonadaptive,target_error,3684,306.91666666666663,0.13200349974862663
ergo_nonadaptive,target_error,3685,307.0,0.13275998645423506
ergo_nonadaptive,target_error,3686,307.08333333333337,0.13293359527908238
ergo_nonadaptive,target_error,3687,307.16666666666663,0.13247363902248271
ergo_nonadaptive,target_error,3688,307.25,0.13376686559948392
ergo_nonadaptive,target_error,3689,307.33333333333337,0.1333980429157549
ergo_nonadaptive,target_error,3690,307.41666666666663,0.13424156909372054
ergo_nonadaptive,target_error,3691,307.5,0.13416557631206885
ergo_nonadaptive,target_error,3692,307.58333333333337,0.13429341543469508
ergo_nonadaptive,target_error,3693,307.66666666666663,0.13572442894142023
ergo_nonadaptive,target_error,3694,307.75,0.13648152840004343
ergo_nonadaptive,target_error,3695,307.83333333333337,0.13716227855896967
ergo_nonadaptive,target_error,3696,307.91666666666663,0.13775710371269567
ergo_nonadaptive,target_error,3697,308.0,0.1375924964181088
ergo_nonadaptive,target_error,3698,308.08333333333337,0.13779267663598002
ergo_nonadaptive,target_error,3699,308.16666666666663,0.13809945485575906
ergo_nonadaptive,target_error,3700,308.25,0.13809580760000661
ergo_nonadaptive,target_error,3701,308.33333333333337,0.13898315742688233
ergo_nonadaptive,target_error,3702,308.41666666666663,0.13993271827032477
ergo_nonadaptive,target_error,3703,308.5,0.1403503814405989
ergo_nonadaptive,target_error,3704,308.58333333333337,0.14085073844073803
ergo_nonadaptive,target_error,3705,308.66666666666663,0.14064451741081932
ergo_nonadaptive,target_error,3706,308.75,0.14054366255066525
ergo_nonadaptive,target_error,3707,308.83333333333337,0.1415088971133349
ergo_nonadaptive,target_error,3708,308.91666666666663,0.14206262059755184
ergo_nonadaptive,target_error,3709,309.0,0.14259151614714113
ergo_nonadaptive,target_error,3710,309.08333333333337,0.14143323608273886
ergo_nonadaptive,target_error,3711,309.16666666666663,0.14188493962491827
ergo_nonadaptive,target_error,3712,309.25,0.14277044616136214
ergo_nonadaptive,target_error,3713,309.33333333333337,0.14326090658548274
ergo_nonadaptive,target_error,3714,309.41666666666663,0.1425015195556271
ergo_nonadaptive,target_error,3715,309.5,0.14365973014267217
ergo_nonadaptive,target_error,3716,309.58333333333337,0.14409938567750297
ergo_nonadaptive,target_error,3717,309.66666666666663,0.14322427734658855
ergo_nonadaptive,target_error,3718,309.75,0.14339253008058206
ergo_nonadaptive,target_error,3719,309.83333333333337,0.14411839384244574
ergo_nonadaptive,target_error,3720,309.91666666666663,0.14457168138195337
ergo_nonadaptive,target_error,3721,310.0,0.14490320311371743
ergo_nonadaptive,target_error,3722,310.08333333333337,0.14639636849838253
ergo_nonadaptive,target_error,3723,310.16666666666663,0.14621176923307638
ergo_nonadaptive,target_error,3724,310.25,0.14526309195498335
ergo_nonadaptive,target_error,3725,310.33333333333337,0.1460118667668967
ergo_nonadaptive,target_error,3726,310.41666666666663,0.14694272122799273
ergo_nonadaptive,target_error,3727,310.5,0.14732052028500103
ergo_nonadaptive,target_error,3728,310.58333333333337,0.14748012680948874
ergo_nonadaptive,target_error,3729,310.66666666666663,0.14877852091761926
ergo_nonadaptive,target_error,3730,310.75,0.1482941064163028
ergo_nonadaptive,target_error,3731,310.83333333333337,0.14755188141519535
ergo_nonadaptive,target_error,3732,310.91666666666663,0.14831408721331318
ergo_nonadaptive,target_error,3733,311.0,0.14742034632494064
ergo_nonadaptive,target_error,3734,311.08333333333337,0.14900820062760672
ergo_nonadaptive,target_error,3735,311.16666666666663,0.1487942588959516
ergo_nonadaptive,target_error,3736,311.25,0.1484804825371882
ergo_nonadaptive,target_error,3737,311.33333333333337,0.14750310451993084
ergo_nonadaptive,target_error,3738,311.41666666666663,0.14772209868104128
ergo_nonadaptive,target_error,3739,311.5,0.14712601841871226
ergo_nonadaptive,target_error,3740,311.58333333333337,0.14777612406898222
ergo_nonadaptive,target_error,3741,311.66666666666663,0.14770195513822076
ergo_nonadaptive,target_error,3742,311.75,0.14776315308760107
ergo_nonadaptive,target_error,3743,311.83333333333337,0.14755894202052364
ergo_nonadaptive,target_error,3744,311.91666666666663,0.1480227352819371
ergo_nonadaptive,target_error,3745,312.0,0.1492712814740744
ergo_nonadaptive,target_error,3746,312.08333333333337,0.1494374643287901
ergo_nonadaptive,target_error,3747,312.16666666666663,0.1478747856769567
ergo_nonadaptive,target_error,3748,312.25,0.1487353686479457
ergo_nonadaptive,target_error,3749,312.33333333333337,0.14758539893666395
ergo_nonadaptive,target_error,3750,312.41666666666663,0.14828560571844895
ergo_nonadaptive,target_error,3751,312.5,0.149135048785213
ergo_nonadaptive,target_error,3752,312.58333333333337,0.15110973919004272
ergo_nonadaptive,target_error,3753,312.66666666666663,0.15081712350491974
ergo_nonadaptive,target_error,3754,312.75,0.15234927847525162
ergo_nonadaptive,target_error,3755,312.83333333333337,0.15162818915323137
ergo_nonadaptive,target_error,3756,312.91666666666663,0.15087169019007432
ergo_nonadaptive,target_error,3757,313.0,0.1496650621278511
ergo_nonadaptive,target_error,3758,313.08333333333337,0.14887052459329772
ergo_nonadaptive,target_error,3759,313.16666666666663,0.14821400739284163
ergo_nonadaptive,target_error,3760,313.25,0.1481670463832965
ergo_nonadaptive,target_error,3761,313.33333333333337,0.14681488226099942
ergo_nonadaptive,target_error,3762,313.41666666666663,0.14657138537900002
ergo_nonadaptive,target_error,3763,313.5,0.14707603805078936
ergo_nonadaptive,target_error,3764,313.58333333333337,0.14692031442862377
ergo_nonadaptive,target_error,3765,313.66666666666663,0.14811781029459797
ergo_nonadaptive,target_error,3766,313.75,0.14799222555434727
ergo_nonadaptive,target_error,3767,313.83333333333337,0.14713504968897131
ergo_nonadaptive,target_error,3768,313.91666666666663,0.14857563250430664
ergo_nonadaptive,target_error,3769,314.0,0.14984874453225486
ergo_nonadaptive,target_error,3770,314.08333333333337,0.1491638493926168
ergo_nonadaptive,target_error,3771,314.16666666666663,0.1493912017032734
ergo_nonadaptive,target_error,3772,314.25,0.14930013422229235
ergo_nonadaptive,target_error,3773,314.33333333333337,0.14960805625410264
ergo_nonadaptive,target_error,3774,314.41666666666663,0.1492571551826185
ergo_nonadaptive,target_error,3775,314.5,0.14995156317954228
ergo_nonadaptive,target_error,3776,314.58333333333337,0.15048266832976923
ergo_nonadaptive,target_error,3777,314.66666666666663,0.1507063168976795
ergo_nonadaptive,target_error,3778,314.75,0.15020836255671638
ergo_nonadaptive,target_error,3779,314.83333333333337,0.1503536576477925
ergo_nonadaptive,target_error,3780,314.91666666666663,0.15001900033963697
ergo_nonadaptive,target_error,3781,315.0,0.15118948163487686
ergo_nonadaptive,target_error,3782,315.08333333333337,0.15204234668696925
ergo_nonadaptive,target_error,3783,315.16666666666663,0.1521636194212115
ergo_nonadaptive,target_error,3784,315.25,0.15176455035756795
ergo_nonadaptive,target_error,3785,315.33333333333337,0.15258781438618138
ergo_nonadaptive,target_error,3786,315.41666666666663,0.1525459124096177
ergo_nonadaptive,target_error,3787,315.5,0.1523138395723892
ergo_nonadaptive,target_error,3788,315.58333333333337,0.15221471744940412
ergo_nonadaptive,target_error,3789,315.66666666666663,0.1533849128246747
ergo_nonadaptive,target_error,3790,315.75,0.15367280564682134
ergo_nonadaptive,target_error,3791,315.83333333333337,0.15296947611775102
ergo_nonadaptive,target_error,3792,315.91666666666663,0.15279891701123324
ergo_nonadaptive,target_error,3793,316.0,0.15299502850844962
ergo_nonadaptive,target_error,3794,316.08333333333337,0.15285822362270707
ergo_nonadaptive,target_error,3795,316.16666666666663,0.1535187976312337
ergo_nonadaptive,target_error,3796,316.25,0.1543179634140062
ergo_nonadaptive,target_error,3797,316.33333333333337,0.15450266873706675
ergo_nonadaptive,target_error,3798,316.41666666666663,0.1547305802214298
ergo_nonadaptive,target_error,3799,316.5,0.1545488629390671
ergo_nonadaptive,target_error,3800,316.58333333333337,0.15430901138492964
ergo_nonadaptive,target_error,3801,316.66666666666663,0.15443778079737913
ergo_nonadaptive,target_error,3802,316.75,0.15432104289149767
ergo_nonadaptive,target_error,3803,316.83333333333337,0.1540751298436846
ergo_nonadaptive,target_error,3804,316.91666666666663,0.15415142260753478
ergo_nonadaptive,target_error,3805,317.0,0.1544915508147667
ergo_nonadaptive,target_error,3806,317.08333333333337,0.15426838277796714
ergo_nonadaptive,target_error,3807,317.16666666666663,0.15461149914870356
ergo_nonadaptive,target_error,3808,317.25,0.15485069710753468
ergo_nonadaptive,target_error,3809,317.33333333333337,0.1548864575331259
ergo_nonadaptive,target_error,3810,317.41666666666663,0.15485037724044823
ergo_nonadaptive,target_error,3811,317.5,0.15455355320260447
ergo_nonadaptive,target_error,3812,317.58333333333337,0.15473100531706482
ergo_nonadaptive,target_error,3813,317.66666666666663,0.15448874542962307
ergo_nonadaptive,target_error,3814,317.75,0.15447909022526832
ergo_nonadaptive,target_error,3815,317.83333333333337,0.1545509899539383
ergo_nonadaptive,target_error,3816,317.91666666666663,0.15443884858972245
ergo_nonadaptive,target_error,3817,318.0,0.15449148634886797
ergo_nonadaptive,target_error,3818,318.08333333333337,0.15463181230702802
ergo_nonadaptive,target_error,3819,318.16666666666663,0.154384982145392
ergo_nonadaptive,target_error,3820,318.25,0.15426373738115173
ergo_nonadaptive,target_error,3821,318.33333333333337,0.15438148005946747
ergo_nonadaptive,target_error,3822,318.41666666666663,0.1540607941998103
ergo_nonadaptive,target_error,3823,318.5,0.15343198609229805
ergo_nonadaptive,target_error,3824,318.58333333333337,0.1533523230144453
ergo_nonadaptive,target_error,3825,318.66666666666663,0.15295204258605674
ergo_nonadaptive,target_error,3826,318.75,0.15179756599552813
ergo_nonadaptive,target_error,3827,318.83333333333337,0.14946738671117826
ergo_nonadaptive,target_error,3828,318.91666666666663,0.15101507426436
ergo_nonadaptive,target_error,3829,319.0,0.14895501960196947
ergo_nonadaptive,target_error,3830,319.08333333333337,0.14612423021307985
ergo_nonadaptive,target_error,3831,319.16666666666663,0.14410040957664497
ergo_nonadaptive,target_error,3832,319.25,0.14274970408759183
ergo_nonadaptive,target_error,3833,319.33333333333337,0.1390813004516444
ergo_nonadaptive,target_error,3834,319.41666666666663,0.13271987448319236
ergo_nonadaptive,target_error,3835,319.5,0.12733361466148302
ergo_nonadaptive,target_error,3836,319.58333333333337,0.12763995122541297
ergo_nonadaptive,target_error,3837,319.66666666666663,0.12128249247716841
ergo_nonadaptive,target_error,3838,319.75,0.11936461795036195
ergo_nonadaptive,target_error,3839,319.83333333333337,0.11202846055033473
ergo_nonadaptive,target_error,3840,319.91666666666663,0.10895677968946754
ergo_nonadaptive,target_error,3841,320.0,0.1076424571396493
ergo_nonadaptive,target_error,3842,320.08333333333337,0.10770791866394333
ergo_nonadaptive,target_error,3843,320.16666666666663,0.10814823199777636
ergo_nonadaptive,target_error,3844,320.25,0.10968208376696671
ergo_nonadaptive,target_error,3845,320.33333333333337,0.10833470784171885
ergo_nonadaptive,target_error,3846,320.41666666666663,0.10807780499733197
ergo_nonadaptive,target_error,3847,320.5,0.10800852787536479
ergo_nonadaptive,target_error,3848,320.58333333333337,0.1096700353528854
ergo_nonadaptive,target_error,3849,320.66666666666663,0.10991210857883754
ergo_nonadaptive,target_error,3850,320.75,0.11282917094207424
ergo_nonadaptive,target_error,3851,320.83333333333337,0.12055109242859376
ergo_nonadaptive,target_error,3852,320.91666666666663,0.11984019322387289
ergo_nonadaptive,target_error,3853,321.0,0.11823970511740606
ergo_nonadaptive,target_error,3854,321.08333333333337,0.12406636663542871
ergo_nonadaptive,target_error,3855,321.16666666666663,0.12641295387215287
ergo_nonadaptive,target_error,3856,321.25,0.124703406095582
ergo_nonadaptive,target_error,3857,321.33333333333337,0.12560368037212713
ergo_nonadaptive,target_error,3858,321.41666666666663,0.12537490456531847
ergo_nonadaptive,target_error,3859,321.5,0.12499287764364375
ergo_nonadaptive,target_error,3860,321.58333333333337,0.12179037112979052
ergo_nonadaptive,target_error,3861,321.66666666666663,0.11884511857330383
ergo_nonadaptive,target_error,3862,321.75,0.12364418933949659
ergo_nonadaptive,target_error,3863,321.83333333333337,0.12503882800622976
ergo_nonadaptive,target_error,3864,321.91666666666663,0.12201813203058469
ergo_nonadaptive,target_error,3865,322.0,0.1215808818178997
ergo_nonadaptive,target_error,3866,322.08333333333337,0.12145264100902031
ergo_nonadaptive,target_error,3867,322.16666666666663,0.12008324944137912
ergo_nonadaptive,target_error,3868,322.25,0.12115409562237264
ergo_nonadaptive,target_error,3869,322.33333333333337,0.12238818009493536
ergo_nonadaptive,target_error,3870,322.41666666666663,0.12514637849513
ergo_nonadaptive,target_error,3871,322.5,0.12428604775496853
ergo_nonadaptive,target_error,3872,322.58333333333337,0.12308190036952338
ergo_nonadaptive,target_error,3873,322.66666666666663,0.12159650922750978
ergo_nonadaptive,target_error,3874,322.75,0.12146680615633466
ergo_nonadaptive,target_error,3875,322.83333333333337,0.12014101350378784
ergo_nonadaptive,target_error,3876,322.91666666666663,0.11889716506997201
ergo_nonadaptive,target_error,3877,323.0,0.11880786465559394
ergo_nonadaptive,target_error,3878,323.08333333333337,0.11919454027515419
ergo_nonadaptive,target_error,3879,323.16666666666663,0.11878708906318686
ergo_nonadaptive,target_error,3880,323.25,0.11891204063825929
ergo_nonadaptive,target_error,3881,323.33333333333337,0.11920417107162762
ergo_nonadaptive,target_error,3882,323.41666666666663,0.11866475178993637
ergo_nonadaptive,target_error,3883,323.5,0.1180044619891537
ergo_nonadaptive,target_error,3884,323.58333333333337,0.11705469166020065
ergo_nonadaptive,target_error,3885,323.66666666666663,0.1164030639254134
ergo_nonadaptive,target_error,3886,323.75,0.11619963982024242
ergo_nonadaptive,target_error,3887,323.83333333333337,0.1162925047528224
ergo_nonadaptive,target_error,3888,323.91666666666663,0.11614882779266078
ergo_nonadaptive,target_error,3889,324.0,0.11592957752633859
ergo_nonadaptive,target_error,3890,324.08333333333337,0.11581116830302206
ergo_nonadaptive,target_error,3891,324.16666666666663,0.11577645305451617
ergo_nonadaptive,target_error,3892,324.25,0.11587157605040053
ergo_nonadaptive,target_error,3893,324.33333333333337,0.1157421995394926
ergo_nonadaptive,target_error,3894,324.41666666666663,0.11571284481299103
ergo_nonadaptive,target_error,3895,324.5,0.1156203131473286
ergo_nonadaptive,target_error,3896,324.58333333333337,0.11560277276320943
ergo_nonadaptive,target_error,3897,324.66666666666663,0.11559175789529638
ergo_nonadaptive,target_error,3898,324.75,0.11558068942431525
ergo_nonadaptive,target_error,3899,324.83333333333337,0.11561160836624089
ergo_nonadaptive,target_error,3900,324.91666666666663,0.11570039900984193
ergo_nonadaptive,target_error,3901,325.0,0.1157309366180433
ergo_nonadaptive,target_error,3902,325.08333333333337,0.11578585073539692
ergo_nonadaptive,target_error,3903,325.16666666666663,0.11572743199475649
ergo_nonadaptive,target_error,3904,325.25,0.115848811876692
ergo_nonadaptive,target_error,3905,325.33333333333337,0.11580060556567322
ergo_nonadaptive,target_error,3906,325.41666666666663,0.11576297571754243
ergo_nonadaptive,target_error,3907,325.5,0.11574872770264212
ergo_nonadaptive,target_error,3908,325.58333333333337,0.11595604650166788
ergo_nonadaptive,target_error,3909,325.66666666666663,0.11596152838481069
ergo_nonadaptive,target_error,3910,325.75,0.11607415895394319
ergo_nonadaptive,target_error,3911,325.83333333333337,0.11616664370386261
ergo_nonadaptive,target_error,3912,325.91666666666663,0.11590162784813046
ergo_nonadaptive,target_error,3913,326.0,0.11578747950287466
ergo_nonadaptive,target_error,3914,326.08333333333337,0.11605137125218161
ergo_nonadaptive,target_error,3915,326.16666666666663,0.11630113147949578
ergo_nonadaptive,target_error,3916,326.25,0.11624614388247247
ergo_nonadaptive,target_error,3917,326.33333333333337,0.11645420403374708
ergo_nonadaptive,target_error,3918,326.41666666666663,0.11663281745392948
ergo_nonadaptive,target_error,3919,326.5,0.11678051435712816
ergo_nonadaptive,target_error,3920,326.58333333333337,0.11693613132704425
ergo_nonadaptive,target_error,3921,326.66666666666663,0.11700434092738012
ergo_nonadaptive,target_error,3922,326.75,0.11706354793700596
ergo_nonadaptive,target_error,3923,326.83333333333337,0.11744423501130151
ergo_nonadaptive,target_error,3924,326.91666666666663,0.11710517555958568
ergo_nonadaptive,target_error,3925,327.0,0.11678600775888179
ergo_nonadaptive,target_error,3926,327.08333333333337,0.11646546902142199
ergo_nonadaptive,target_error,3927,327.16666666666663,0.11649521805494402
ergo_nonadaptive,target_error,3928,327.25,0.11594165177479378
ergo_nonadaptive,target_error,3929,327.33333333333337,0.11603157647347552
ergo_nonadaptive,target_error,3930,327.41666666666663,0.11690166473293795
ergo_nonadaptive,target_error,3931,327.5,0.11674011945571455
ergo_nonadaptive,target_error,3932,327.58333333333337,0.11579922654165932
ergo_nonadaptive,target_error,3933,327.66666666666663,0.11559648402665974
ergo_nonadaptive,target_error,3934,327.75,0.11544014860949092
ergo_nonadaptive,target_error,3935,327.83333333333337,0.11466220764390313
ergo_nonadaptive,target_error,3936,327.91666666666663,0.11454535523342
ergo_nonadaptive,target_error,3937,328.0,0.11433785333736816
ergo_nonadaptive,target_error,3938,328.08333333333337,0.11380311050528016
ergo_nonadaptive,target_error,3939,328.16666666666663,0.11262771811003722
ergo_nonadaptive,target_error,3940,328.25,0.11294912622726426
ergo_nonadaptive,target_error,3941,328.33333333333337,0.11333449767033192
ergo_nonadaptive,target_error,3942,328.41666666666663,0.11424472123690628
ergo_nonadaptive,target_error,3943,328.5,0.1127386554429557
ergo_nonadaptive,target_error,3944,328.58333333333337,0.11208547021056134
ergo_nonadaptive,target_error,3945,328.66666666666663,0.1109351095472154
ergo_nonadaptive,target_error,3946,328.75,0.11091775263552195
ergo_nonadaptive,target_error,3947,328.83333333333337,0.10929669873728706
ergo_nonadaptive,target_error,3948,328.91666666666663,0.10693708295324736
ergo_nonadaptive,target_error,3949,329.0,0.10645297103056782
ergo_nonadaptive,target_error,3950,329.08333333333337,0.10275766746124469
ergo_nonadaptive,target_error,3951,329.16666666666663,0.10453584554147212
ergo_nonadaptive,target_error,3952,329.25,0.10288728245348519
ergo_nonadaptive,target_error,3953,329.33333333333337,0.10254442747869742
ergo_nonadaptive,target_error,3954,329.41666666666663,0.10489750581699978
ergo_nonadaptive,target_error,3955,329.5,0.10469199017341128
ergo_nonadaptive,target_error,3956,329.58333333333337,0.10408552660646252
ergo_nonadaptive,target_error,3957,329.66666666666663,0.10680695544598666
ergo_nonadaptive,target_error,3958,329.75,0.10454857730841778
ergo_nonadaptive,target_error,3959,329.83333333333337,0.10607788049212155
ergo_nonadaptive,target_error,3960,329.91666666666663,0.10596168468685285
ergo_nonadaptive,target_error,3961,330.0,0.10191826530944637
ergo_nonadaptive,target_error,3962,330.08333333333337,0.10019931589215073
ergo_nonadaptive,target_error,3963,330.16666666666663,0.10180080576694635
ergo_nonadaptive,target_error,3964,330.25,0.10372976973627991
ergo_nonadaptive,target_error,3965,330.33333333333337,0.10393690590721517
ergo_nonadaptive,target_error,3966,330.41666666666663,0.10296294046258264
ergo_nonadaptive,target_error,3967,330.5,0.10535970932089497
ergo_nonadaptive,target_error,3968,330.58333333333337,0.10385985763200405
ergo_nonadaptive,target_error,3969,330.66666666666663,0.10318155755519852
ergo_nonadaptive,target_error,3970,330.75,0.10402072713847685
ergo_nonadaptive,target_error,3971,330.83333333333337,0.10399984157414217
ergo_nonadaptive,target_error,3972,330.91666666666663,0.10545226465187614
ergo_nonadaptive,target_error,3973,331.0,0.10934141185495368
ergo_nonadaptive,target_error,3974,331.08333333333337,0.10858384029080083
ergo_nonadaptive,target_error,3975,331.16666666666663,0.10853253975204687
ergo_nonadaptive,target_error,3976,331.25,0.10855232666508205
ergo_nonadaptive,target_error,3977,331.33333333333337,0.110298491363921
ergo_nonadaptive,target_error,3978,331.41666666666663,0.112304387751263
ergo_nonadaptive,target_error,3979,331.5,0.1137406301081013
ergo_nonadaptive,target_error,3980,331.58333333333337,0.11633252509500264
ergo_nonadaptive,target_error,3981,331.66666666666663,0.11864873455914722
ergo_nonadaptive,target_error,3982,331.75,0.11897852749568649
ergo_nonadaptive,target_error,3983,331.83333333333337,0.11731249020845633
ergo_nonadaptive,target_error,3984,331.91666666666663,0.12167041395736694
ergo_nonadaptive,target_error,3985,332.0,0.12006775187396608
ergo_nonadaptive,target_error,3986,332.08333333333337,0.12120126941460542
ergo_nonadaptive,target_error,3987,332.16666666666663,0.12073715721394426
ergo_nonadaptive,target_error,3988,332.25,0.12374562669150853
ergo_nonadaptive,target_error,3989,332.33333333333337,0.12397463449856753
ergo_nonadaptive,target_error,3990,332.41666666666663,0.123334320659606
ergo_nonadaptive,target_error,3991,332.5,0.12369150414632323
ergo_nonadaptive,target_error,3992,332.58333333333337,0.12749122217805162
ergo_nonadaptive,target_error,3993,332.66666666666663,0.1278236380465939
ergo_nonadaptive,target_error,3994,332.75,0.12656289619421887
ergo_nonadaptive,target_error,3995,332.83333333333337,0.12771325456364033
ergo_nonadaptive,target_error,3996,332.91666666666663,0.12717581515253293
ergo_nonadaptive,target_error,3997,333.0,0.12785224568578293
ergo_nonadaptive,target_error,3998,333.08333333333337,0.1272352280364625
ergo_nonadaptive,target_error,3999,333.16666666666663,0.12624802318416853
ergo_nonadaptive,target_error,4000,333.25,0.12728226420569005
ergo_nonadaptive,target_error,4001,333.33333333333337,0.13023474683128528
ergo_nonadaptive,target_error,4002,333.41666666666663,0.1286543213539219
ergo_nonadaptive,target_error,4003,333.5,0.12941227122006305
ergo_nonadaptive,target_error,4004,333.58333333333337,0.12738220860757274
ergo_nonadaptive,target_error,4005,333.66666666666663,0.12755448507390985
ergo_nonadaptive,target_error,4006,333.75,0.12809916200729043
ergo_nonadaptive,target_error,4007,333.83333333333337,0.1285474292728097
ergo_nonadaptive,target_error,4008,333.91666666666663,0.12897432506363382
ergo_nonadaptive,target_error,4009,334.0,0.12823769505530752
ergo_nonadaptive,target_error,4010,334.08333333333337,0.12835079214632988
ergo_nonadaptive,target_error,4011,334.16666666666663,0.12666775407767605
ergo_nonadaptive,target_error,4012,334.25,0.12365438182935977
ergo_nonadaptive,target_error,4013,334.33333333333337,0.12036401648425378
ergo_nonadaptive,target_error,4014,334.41666666666663,0.11786861174033664
ergo_nonadaptive,target_error,4015,334.5,0.11958931998498817
ergo_nonadaptive,target_error,4016,334.58333333333337,0.11837946892864372
ergo_nonadaptive,target_error,4017,334.66666666666663,0.11525948002372283
ergo_nonadaptive,target_error,4018,334.75,0.1107067562005078
ergo_nonadaptive,target_error,4019,334.83333333333337,0.10666098865072468
ergo_nonadaptive,target_error,4020,334.91666666666663,0.10986730652523237
ergo_nonadaptive,target_error,4021,335.0,0.1061390128226282
ergo_nonadaptive,target_error,4022,335.08333333333337,0.11107192947499676
ergo_nonadaptive,target_error,4023,335.16666666666663,0.11378879055286954
ergo_nonadaptive,target_error,4024,335.25,0.10593662981620487
ergo_nonadaptive,target_error,4025,335.33333333333337,0.10389189477862934
ergo_nonadaptive,target_error,4026,335.41666666666663,0.10020541932137836
ergo_nonadaptive,target_error,4027,335.5,0.1003411443149371
ergo_nonadaptive,target_error,4028,335.58333333333337,0.10052561141985934
ergo_nonadaptive,target_error,4029,335.66666666666663,0.10075204348771528
ergo_nonadaptive,target_error,4030,335.75,0.10111768526881652
ergo_nonadaptive,target_error,4031,335.83333333333337,0.10161255570971264
ergo_nonadaptive,target_error,4032,335.91666666666663,0.10187056804608179
ergo_nonadaptive,target_error,4033,336.0,0.10194631147166731
ergo_nonadaptive,target_error,4034,336.08333333333337,0.1017608630583738
ergo_nonadaptive,target_error,4035,336.16666666666663,0.10194268329140069
ergo_nonadaptive,target_error,4036,336.25,0.10214553341949509
ergo_nonadaptive,target_error,4037,336.33333333333337,0.10237569618989488
ergo_nonadaptive,target_error,4038,336.41666666666663,0.10259221732007007
ergo_nonadaptive,target_error,4039,336.5,0.10310735491781874
ergo_nonadaptive,target_error,4040,336.58333333333337,0.10455571429182552
ergo_nonadaptive,target_error,4041,336.66666666666663,0.10501045031400467
ergo_nonadaptive,target_error,4042,336.75,0.10551104726974979
ergo_nonadaptive,target_error,4043,336.83333333333337,0.10664402828383313
ergo_nonadaptive,target_error,4044,336.91666666666663,0.10625083668058921
ergo_nonadaptive,target_error,4045,337.0,0.10836981930859965
ergo_nonadaptive,target_error,4046,337.08333333333337,0.10801428280179673
ergo_nonadaptive,target_error,4047,337.16666666666663,0.1093571330945037
ergo_nonadaptive,target_error,4048,337.25,0.10992888044946529
ergo_nonadaptive,target_error,4049,337.33333333333337,0.11013922744929144
ergo_nonadaptive,target_error,4050,337.41666666666663,0.11189482473924285
ergo_nonadaptive,target_error,4051,337.5,0.11183361793039467
ergo_nonadaptive,target_error,4052,337.58333333333337,0.11270969834188481
ergo_nonadaptive,target_error,4053,337.66666666666663,0.11412935910845029
ergo_nonadaptive,target_error,4054,337.75,0.11532736611500435
ergo_nonadaptive,target_error,4055,337.83333333333337,0.11562693480846724
ergo_nonadaptive,target_error,4056,337.91666666666663,0.11650396248866204
ergo_nonadaptive,target_error,4057,338.0,0.11699581304477108
ergo_nonadaptive,target_error,4058,338.08333333333337,0.11795577680635695
ergo_nonadaptive,target_error,4059,338.16666666666663,0.11839619851501122
ergo_nonadaptive,target_error,4060,338.25,0.11874605347483187
ergo_nonadaptive,target_error,4061,338.33333333333337,0.12016974359015845
ergo_nonadaptive,target_error,4062,338.41666666666663,0.1191221973505711
ergo_nonadaptive,target_error,4063,338.5,0.11824739782126151
ergo_nonadaptive,target_error,4064,338.58333333333337,0.11852058176528274
ergo_nonadaptive,target_error,4065,338.66666666666663,0.12074101810537347
ergo_nonadaptive,target_error,4066,338.75,0.12193505364521585
ergo_nonadaptive,target_error,4067,338.83333333333337,0.12237949321795391
ergo_nonadaptive,target_error,4068,338.91666666666663,0.12344830487585542
ergo_nonadaptive,target_error,4069,339.0,0.1236686362350914
ergo_nonadaptive,target_error,4070,339.08333333333337,0.12553520304298915
ergo_nonadaptive,target_error,4071,339.16666666666663,0.12509700672433527
ergo_nonadaptive,target_error,4072,339.25,0.12536843080993224
ergo_nonadaptive,target_error,4073,339.33333333333337,0.12483044194853178
ergo_nonadaptive,target_error,4074,339.41666666666663,0.12447633755306572
ergo_nonadaptive,target_error,4075,339.5,0.1260549902159685
ergo_nonadaptive,target_error,4076,339.58333333333337,0.12571729353219224
ergo_nonadaptive,target_error,4077,339.66666666666663,0.12512560048703064
ergo_nonadaptive,target_error,4078,339.75,0.12805101839126587
ergo_nonadaptive,target_error,4079,339.83333333333337,0.12762069679958685
ergo_nonadaptive,target_error,4080,339.91666666666663,0.12808976738032768
ergo_nonadaptive,target_error,4081,340.0,0.12830203961870246
ergo_nonadaptive,target_error,4082,340.08333333333337,0.13032130890880886
ergo_nonadaptive,target_error,4083,340.16666666666663,0.12999808416224584
ergo_nonadaptive,target_error,4084,340.25,0.12834787635913653
ergo_nonadaptive,target_error,4085,340.33333333333337,0.13059186637868175
ergo_nonadaptive,target_error,4086,340.41666666666663,0.12887270674630766
ergo_nonadaptive,target_error,4087,340.5,0.12838883037756546
ergo_nonadaptive,target_error,4088,340.58333333333337,0.12863147188573862
ergo_nonadaptive,target_error,4089,340.66666666666663,0.12694215306938184
ergo_nonadaptive,target_error,4090,340.75,0.12628741778980399
ergo_nonadaptive,target_error,4091,340.83333333333337,0.12743933341799613
ergo_nonadaptive,target_error,4092,340.91666666666663,0.129030807552349
ergo_nonadaptive,target_error,4093,341.0,0.1324998352282273
ergo_nonadaptive,target_error,4094,341.08333333333337,0.13195045907090724
ergo_nonadaptive,target_error,4095,341.16666666666663,0.13112903759966282
ergo_nonadaptive,target_error,4096,341.25,0.12976670113014455
ergo_nonadaptive,target_error,4097,341.33333333333337,0.13170590297050558
ergo_nonadaptive,target_error,4098,341.41666666666663,0.1320449670689191
ergo_nonadaptive,target_error,4099,341.5,0.13215645868319265
ergo_nonadaptive,target_error,4100,341.58333333333337,0.1314415482374194
ergo_nonadaptive,target_error,4101,341.66666666666663,0.13263945398115756
ergo_nonadaptive,target_error,4102,341.75,0.1325814136015895
ergo_nonadaptive,target_error,4103,341.83333333333337,0.13292512646883423
ergo_nonadaptive,target_error,4104,341.91666666666663,0.13137059530106254
ergo_nonadaptive,target_error,4105,342.0,0.13167719221040636
ergo_nonadaptive,target_error,4106,342.08333333333337,0.13217306205328308
ergo_nonadaptive,target_error,4107,342.16666666666663,0.13123733301233914
ergo_nonadaptive,target_error,4108,342.25,0.13371222313171785
ergo_nonadaptive,target_error,4109,342.33333333333337,0.1318716727413479
ergo_nonadaptive,target_error,4110,342.41666666666663,0.1330578613146404
ergo_nonadaptive,target_error,4111,342.5,0.1351056944431724
ergo_nonadaptive,target_error,4112,342.58333333333337,0.1326939945070524
ergo_nonadaptive,target_error,4113,342.66666666666663,0.13129966755306136
ergo_nonadaptive,target_error,4114,342.75,0.1341721275139125
ergo_nonadaptive,target_error,4115,342.83333333333337,0.1404780240318943
ergo_nonadaptive,target_error,4116,342.91666666666663,0.14385221088468608
ergo_nonadaptive,target_error,4117,343.0,0.14409262042028437
ergo_nonadaptive,target_error,4118,343.08333333333337,0.14241349851788346
ergo_nonadaptive,target_error,4119,343.16666666666663,0.1431777237690647
ergo_nonadaptive,target_error,4120,343.25,0.14228442833550997
ergo_nonadaptive,target_error,4121,343.33333333333337,0.14460861197185068
ergo_nonadaptive,target_error,4122,343.41666666666663,0.14598432457513685
ergo_nonadaptive,target_error,4123,343.5,0.14680344491348124
ergo_nonadaptive,target_error,4124,343.58333333333337,0.14808532555804066
ergo_nonadaptive,target_error,4125,343.66666666666663,0.1514184835942532
ergo_nonadaptive,target_error,4126,343.75,0.15022795095618027
ergo_nonadaptive,target_error,4127,343.83333333333337,0.14901696111046017
ergo_nonadaptive,target_error,4128,343.91666666666663,0.14892670379480397
ergo_nonadaptive,target_error,4129,344.0,0.14855544744772417
ergo_nonadaptive,target_error,4130,344.08333333333337,0.14816640892032484
ergo_nonadaptive,target_error,4131,344.16666666666663,0.15206706991272742
ergo_nonadaptive,target_error,4132,344.25,0.15481892109032022
ergo_nonadaptive,target_error,4133,344.33333333333337,0.15591953005473014
ergo_nonadaptive,target_error,4134,344.41666666666663,0.15547476343422015
ergo_nonadaptive,target_error,4135,344.5,0.15643201590862688
ergo_nonadaptive,target_error,4136,344.58333333333337,0.1568124055436058
ergo_nonadaptive,target_error,4137,344.66666666666663,0.15712352211149125
ergo_nonadaptive,target_error,4138,344.75,0.1576678035880033
ergo_nonadaptive,target_error,4139,344.83333333333337,0.15701461385452764
ergo_nonadaptive,target_error,4140,344.91666666666663,0.15715213498783107
ergo_nonadaptive,target_error,4141,345.0,0.15714888364651486
ergo_nonadaptive,target_error,4142,345.08333333333337,0.15746104569221117
ergo_nonadaptive,target_error,4143,345.16666666666663,0.15740897703275875
ergo_nonadaptive,target_error,4144,345.25,0.15788700090981647
ergo_nonadaptive,target_error,4145,345.33333333333337,0.1574073823396395
ergo_nonadaptive,target_error,4146,345.41666666666663,0.15836531257848122
ergo_nonadaptive,target_error,4147,345.5,0.15757381853183672
ergo_nonadaptive,target_error,4148,345.58333333333337,0.1576244131397261
ergo_nonadaptive,target_error,4149,345.66666666666663,0.15697925154428008
ergo_nonadaptive,target_error,4150,345.75,0.15824552487996482
ergo_nonadaptive,target_error,4151,345.83333333333337,0.1586667736254911
ergo_nonadaptive,target_error,4152,345.91666666666663,0.15932387967570483
ergo_nonadaptive,target_error,4153,346.0,0.15901667462024033
ergo_nonadaptive,target_error,4154,346.08333333333337,0.15879148645517643
ergo_nonadaptive,target_error,4155,346.16666666666663,0.1581879453729192
ergo_nonadaptive,target_error,4156,346.25,0.15864602929124477
ergo_nonadaptive,target_error,4157,346.33333333333337,0.15847194951555024
ergo_nonadaptive,target_error,4158,346.41666666666663,0.1587791868463571
ergo_nonadaptive,target_error,4159,346.5,0.15807647218891277
ergo_nonadaptive,target_error,4160,346.58333333333337,0.158623928100159
ergo_nonadaptive,target_error,4161,346.66666666666663,0.15883793164677598
ergo_nonadaptive,target_error,4162,346.75,0.1578852681810416
ergo_nonadaptive,target_error,4163,346.83333333333337,0.15765147842539495
ergo_nonadaptive,target_error,4164,346.91666666666663,0.1583232987741401
ergo_nonadaptive,target_error,4165,347.0,0.15881086246682363
ergo_nonadaptive,target_error,4166,347.08333333333337,0.15938493271309143
ergo_nonadaptive,target_error,4167,347.16666666666663,0.16007102854947122
ergo_nonadaptive,target_error,4168,347.25,0.15983935978830607
ergo_nonadaptive,target_error,4169,347.33333333333337,0.1596093095029573
ergo_nonadaptive,target_error,4170,347.41666666666663,0.16010199063138963
ergo_nonadaptive,target_error,4171,347.5,0.16016532726489832
ergo_nonadaptive,target_error,4172,347.58333333333337,0.16006279711211624
ergo_nonadaptive,target_error,4173,347.66666666666663,0.1600202137256192
ergo_nonadaptive,target_error,4174,347.75,0.1601521230512641
ergo_nonadaptive,target_error,4175,347.83333333333337,0.16007693486961094
ergo_nonadaptive,target_error,4176,347.91666666666663,0.15982738177165418
ergo_nonadaptive,target_error,4177,348.0,0.15957492640171056
ergo_nonadaptive,target_error,4178,348.08333333333337,0.16001637889208944
ergo_nonadaptive,target_error,4179,348.16666666666663,0.16002869047802573
ergo_nonadaptive,target_error,4180,348.25,0.15978406067308926
ergo_nonadaptive,target_error,4181,348.33333333333337,0.16035254069130436
ergo_nonadaptive,target_error,4182,348.41666666666663,0.16034321241450303
ergo_nonadaptive,target_error,4183,348.5,0.16028034448692988
ergo_nonadaptive,target_error,4184,348.58333333333337,0.15996254747642014
ergo_nonadaptive,target_error,4185,348.66666666666663,0.1599316963329755
ergo_nonadaptive,target_error,4186,348.75,0.16040504456163637
ergo_nonadaptive,target_error,4187,348.83333333333337,0.16025364922698535
ergo_nonadaptive,target_error,4188,348.91666666666663,0.16028871161939706
ergo_nonadaptive,target_error,4189,349.0,0.16035873833125774
ergo_nonadaptive,target_error,4190,349.08333333333337,0.1598253368358806
ergo_nonadaptive,target_error,4191,349.16666666666663,0.1599063530238512
ergo_nonadaptive,target_error,4192,349.25,0.16013775084635093
ergo_nonadaptive,target_error,4193,349.33333333333337,0.1603531777642745
ergo_nonadaptive,target_error,4194,349.41666666666663,0.16051299454877233
ergo_nonadaptive,target_error,4195,349.5,0.16057261929186742
ergo_nonadaptive,target_error,4196,349.58333333333337,0.1608515347900101
ergo_nonadaptive,target_error,4197,349.66666666666663,0.1608473474071447
ergo_nonadaptive,target_error,4198,349.75,0.16052055873397278
ergo_nonadaptive,target_error,4199,349.83333333333337,0.16033881874831313
ergo_nonadaptive,target_error,4200,349.91666666666663,0.1603644565847149
ergo_nonadaptive,target_error,4201,350.0,0.16071132909477112
ergo_nonadaptive,target_error,4202,350.08333333333337,0.16048965866543416
ergo_nonadaptive,target_error,4203,350.16666666666663,0.1604881486672805
ergo_nonadaptive,target_error,4204,350.25,0.16077870702743974
ergo_nonadaptive,target_error,4205,350.33333333333337,0.16054711381859887
ergo_nonadaptive,target_error,4206,350.41666666666663,0.16072073727635153
ergo_nonadaptive,target_error,4207,350.5,0.1605218856157388
ergo_nonadaptive,target_error,4208,350.58333333333337,0.16084915890989615
ergo_nonadaptive,target_error,4209,350.66666666666663,0.16099141512429607
ergo_nonadaptive,target_error,4210,350.75,0.16094400307852358
ergo_nonadaptive,target_error,4211,350.83333333333337,0.16105326415881013
ergo_nonadaptive,target_error,4212,350.91666666666663,0.16147048754659207
ergo_nonadaptive,target_error,4213,351.0,0.16158647207916602
ergo_nonadaptive,target_error,4214,351.08333333333337,0.16156275371300297
ergo_nonadaptive,target_error,4215,351.16666666666663,0.16148035268247066
ergo_nonadaptive,target_error,4216,351.25,0.16150051989757236
ergo_nonadaptive,target_error,4217,351.33333333333337,0.1613103721179814
ergo_nonadaptive,target_error,4218,351.41666666666663,0.16137719216687363
ergo_nonadaptive,target_error,4219,351.5,0.16138357042726215
ergo_nonadaptive,target_error,4220,351.58333333333337,0.16142072657829395
ergo_nonadaptive,target_error,4221,351.66666666666663,0.1616473474241703
ergo_nonadaptive,target_error,4222,351.75,0.1615937101848479
ergo_nonadaptive,target_error,4223,351.83333333333337,0.16155075991573614
ergo_nonadaptive,target_error,4224,351.91666666666663,0.16166837572534448
ergo_nonadaptive,target_error,4225,352.0,0.16157590508350234
ergo_nonadaptive,target_error,4226,352.08333333333337,0.16157966495051582
ergo_nonadaptive,target_error,4227,352.16666666666663,0.16162732630426885
ergo_nonadaptive,target_error,4228,352.25,0.16166570972768052
ergo_nonadaptive,target_error,4229,352.33333333333337,0.16176179926954992
ergo_nonadaptive,target_error,4230,352.41666666666663,0.16184968123149293
ergo_nonadaptive,target_error,4231,352.5,0.16180531176924037
ergo_nonadaptive,target_error,4232,352.58333333333337,0.1618255989072294
ergo_nonadaptive,target_error,4233,352.66666666666663,0.16176047521962467
ergo_nonadaptive,target_error,4234,352.75,0.16168193541547018
ergo_nonadaptive,target_error,4235,352.83333333333337,0.16175643275648288
ergo_nonadaptive,target_error,4236,352.91666666666663,0.16170614781384685
ergo_nonadaptive,target_error,4237,353.0,0.1618157938319651
ergo_nonadaptive,target_error,4238,353.08333333333337,0.1617445575575322
ergo_nonadaptive,target_error,4239,353.16666666666663,0.1617418087945924
ergo_nonadaptive,target_error,4240,353.25,0.16184921959922097
ergo_nonadaptive,target_error,4241,353.33333333333337,0.1620584942898509
ergo_nonadaptive,target_error,4242,353.41666666666663,0.16209858907316507
ergo_nonadaptive,target_error,4243,353.5,0.16210705112638604
ergo_nonadaptive,target_error,4244,353.58333333333337,0.16207339026961548
ergo_nonadaptive,target_error,4245,353.66666666666663,0.1622289877673095
ergo_nonadaptive,target_error,4246,353.75,0.16224854474592706
ergo_nonadaptive,target_error,4247,353.83333333333337,0.16253722621408737
ergo_nonadaptive,target_error,4248,353.91666666666663,0.16260607227260762
ergo_nonadaptive,target_error,4249,354.0,0.1627723379088939
ergo_nonadaptive,target_error,4250,354.08333333333337,0.16277430532348508
ergo_nonadaptive,target_error,4251,354.16666666666663,0.16288317479581801
ergo_nonadaptive,target_error,4252,354.25,0.16289998848270423
ergo_nonadaptive,target_error,4253,354.33333333333337,0.16287174779622038
ergo_nonadaptive,target_error,4254,354.41666666666663,0.16267878311486397
ergo_nonadaptive,target_error,4255,354.5,0.1626302779742981
ergo_nonadaptive,target_error,4256,354.58333333333337,0.16266942851006438
ergo_nonadaptive,target_error,4257,354.66666666666663,0.162729149935584
ergo_nonadaptive,target_error,4258,354.75,0.16266762474720076
ergo_nonadaptive,target_error,4259,354.83333333333337,0.16282362141879997
ergo_nonadaptive,target_error,4260,354.91666666666663,0.1627224014185019
ergo_nonadaptive,target_error,4261,355.0,0.16279385988529235
ergo_nonadaptive,target_error,4262,355.08333333333337,0.16281561332316477
ergo_nonadaptive,target_error,4263,355.16666666666663,0.16284954440899652
ergo_nonadaptive,target_error,4264,355.25,0.16270718761055084
ergo_nonadaptive,target_error,4265,355.33333333333337,0.16278796552163285
ergo_nonadaptive,target_error,4266,355.41666666666663,0.16266061800082496
ergo_nonadaptive,target_error,4267,355.5,0.16290870215354783
ergo_nonadaptive,target_error,4268,355.58333333333337,0.16295763374667857
ergo_nonadaptive,target_error,4269,355.66666666666663,0.162624401863344
ergo_nonadaptive,target_error,4270,355.75,0.1622443030864317
ergo_nonadaptive,target_error,4271,355.83333333333337,0.16222086400276228
ergo_nonadaptive,target_error,4272,355.91666666666663,0.16248036760833418
ergo_nonadaptive,target_error,4273,356.0,0.1623122301296343
ergo_nonadaptive,target_error,4274,356.08333333333337,0.1623226318886454
ergo_nonadaptive,target_error,4275,356.16666666666663,0.1621991375317699
ergo_nonadaptive,target_error,4276,356.25,0.16226006823542638
ergo_nonadaptive,target_error,4277,356.33333333333337,0.16219047184222388
ergo_nonadaptive,target_error,4278,356.41666666666663,0.16182022066384566
ergo_nonadaptive,target_error,4279,356.5,0.1610835965386179
ergo_nonadaptive,target_error,4280,356.58333333333337,0.16087244793001723
ergo_nonadaptive,target_error,4281,356.66666666666663,0.16072760866591737
ergo_nonadaptive,target_error,4282,356.75,0.1604899720727946
ergo_nonadaptive,target_error,4283,356.83333333333337,0.16050549015419266
ergo_nonadaptive,target_error,4284,356.91666666666663,0.16069354696035054
ergo_nonadaptive,target_error,4285,357.0,0.15972292916895584
ergo_nonadaptive,target_error,4286,357.08333333333337,0.1604887400383796
ergo_nonadaptive,target_error,4287,357.16666666666663,0.1596688997908149
ergo_nonadaptive,target_error,4288,357.25,0.15981038138111728
ergo_nonadaptive,target_error,4289,357.33333333333337,0.15948279497531037
ergo_nonadaptive,target_error,4290,357.41666666666663,0.15949720826625707
ergo_nonadaptive,target_error,4291,357.5,0.15968002436975445
ergo_nonadaptive,target_error,4292,357.58333333333337,0.15845845566389402
ergo_nonadaptive,target_error,4293,357.66666666666663,0.15703642593116948
ergo_nonadaptive,target_error,4294,357.75,0.15616030011335347
ergo_nonadaptive,target_error,4295,357.83333333333337,0.15491286479854477
ergo_nonadaptive,target_error,4296,357.91666666666663,0.1540598612947152
ergo_nonadaptive,target_error,4297,358.0,0.154489980097114
ergo_nonadaptive,target_error,4298,358.08333333333337,0.15482961906288562
ergo_nonadaptive,target_error,4299,358.16666666666663,0.15500506494829847
ergo_nonadaptive,target_error,4300,358.25,0.15530887370218016
ergo_nonadaptive,target_error,4301,358.33333333333337,0.15482203169110623
ergo_nonadaptive,target_error,4302,358.41666666666663,0.15297968837009293
ergo_nonadaptive,target_error,4303,358.5,0.15231787209563546
ergo_nonadaptive,target_error,4304,358.58333333333337,0.15307629284904103
ergo_nonadaptive,target_error,4305,358.66666666666663,0.15338022603606918
ergo_nonadaptive,target_error,4306,358.75,0.1550038933477923
ergo_nonadaptive,target_error,4307,358.83333333333337,0.15418794972701966
ergo_nonadaptive,target_error,4308,358.91666666666663,0.15390116902633202
ergo_nonadaptive,target_error,4309,359.0,0.15481878572357827
ergo_nonadaptive,target_error,4310,359.08333333333337,0.15486663335687129
ergo_nonadaptive,target_error,4311,359.16666666666663,0.15647478645717275
ergo_nonadaptive,target_error,4312,359.25,0.1559466313516617
ergo_nonadaptive,target_error,4313,359.33333333333337,0.15555980813489248
ergo_nonadaptive,target_error,4314,359.41666666666663,0.15584261384107853
ergo_nonadaptive,target_error,4315,359.5,0.15683914079094083
ergo_nonadaptive,target_error,4316,359.58333333333337,0.1571076584439447
ergo_nonadaptive,target_error,4317,359.66666666666663,0.15758611808964768
ergo_nonadaptive,target_error,4318,359.75,0.15792567441322802
ergo_nonadaptive,target_error,4319,359.83333333333337,0.15752418646600677
ergo_nonadaptive,target_error,4320,359.91666666666663,0.15743593651728072
ergo_nonadaptive,target_error,4321,360.0,0.1577702695355803
ergo_adaptive,wind,1,0.0,1.720421173780938
ergo_adaptive,wind,2,0.08333333333337123,1.6947641741352328
ergo_adaptive,wind,3,0.16666666666662877,1.6897452862483315
ergo_adaptive,wind,4,0.25,1.6884489471819364
ergo_adaptive,wind,5,0.33333333333337123,1.6885868537547812
ergo_adaptive,wind,6,0.41666666666662877,1.68881632898767
ergo_adaptive,wind,7,0.5,1.6887380334435111
ergo_adaptive,wind,8,0.5833333333333712,1.6887141552594955
ergo_adaptive,wind,9,0.6666666666666288,1.6889793791358247
ergo_adaptive,wind,10,0.75,1.6890506714741182
ergo_adaptive,wind,11,0.8333333333333712,1.6892116023282175
ergo_adaptive,wind,12,0.9166666666666288,1.6892284138069824
ergo_adaptive,wind,13,1.0,1.6895712113281962
ergo_adaptive,wind,14,1.0833333333333712,1.6906364777077583
ergo_adaptive,wind,15,1.1666666666666288,1.6894705086400092
ergo_adaptive,wind,16,1.25,1.6895744199917873
ergo_adaptive,wind,17,1.3333333333333712,1.6897910574164803
ergo_adaptive,wind,18,1.4166666666666288,1.6938576664866773
ergo_adaptive,wind,19,1.5,1.6981328785839183
ergo_adaptive,wind,20,1.5833333333333712,1.693527195561082
ergo_adaptive,wind,21,1.6666666666666288,1.6906359910755595
ergo_adaptive,wind,22,1.75,1.6908232424396712
ergo_adaptive,wind,23,1.8333333333333712,1.6917939922043561
ergo_adaptive,wind,24,1.9166666666666288,1.7009936957978167
ergo_adaptive,wind,25,2.0,1.7042352439054456
ergo_adaptive,wind,26,2.0833333333333712,1.699795311639616
ergo_adaptive,wind,27,2.1666666666666288,1.6977833623943932
ergo_adaptive,wind,28,2.25,1.7006401471292407
ergo_adaptive,wind,29,2.3333333333333712,1.7020702803245542
ergo_adaptive,wind,30,2.4166666666666288,1.7008149462726736
ergo_adaptive,wind,31,2.5,1.6947579540930369
ergo_adaptive,wind,32,2.5833333333333712,1.6960267367318815
ergo_adaptive,wind,33,2.6666666666666288,1.6941036219407692
ergo_adaptive,wind,34,2.75,1.6919316154250943
ergo_adaptive,wind,35,2.8333333333333712,1.6909999018619986
ergo_adaptive,wind,36,2.9166666666666288,1.6923611888043595
ergo_adaptive,wind,37,3.0,1.6889140728537717
ergo_adaptive,wind,38,3.0833333333333712,1.6869215035838512
ergo_adaptive,wind,39,3.1666666666666288,1.6872860773951142
ergo_adaptive,wind,40,3.25,1.6872176692922654
ergo_adaptive,wind,41,3.3333333333333712,1.6873705881382814
ergo_adaptive,wind,42,3.4166666666666288,1.6881239891276756
ergo_adaptive,wind,43,3.5,1.6877019527798962
ergo_adaptive,wind,44,3.5833333333333712,1.6896749015614463
ergo_adaptive,wind,45,3.6666666666666288,1.6881994972627556
ergo_adaptive,wind,46,3.75,1.6893387821790729
ergo_adaptive,wind,47,3.8333333333333712,1.6922615820943967
ergo_adaptive,wind,48,3.9166666666666288,1.6919072884488937
ergo_adaptive,wind,49,4.0,1.6985386315808404
ergo_adaptive,wind,50,4.083333333333371,1.6967445544685538
ergo_adaptive,wind,51,4.166666666666629,1.6974294591442363
ergo_adaptive,wind,52,4.25,1.6938811204774449
ergo_adaptive,wind,53,4.333333333333371,1.6940982237588722
ergo_adaptive,wind,54,4.416666666666629,1.703844029126027
ergo_adaptive,wind,55,4.5,1.7110588876851627
ergo_adaptive,wind,56,4.583333333333371,1.7112164446646745
ergo_adaptive,wind,57,4.666666666666629,1.725659404873617
ergo_adaptive,wind,58,4.75,1.7159259328715537
ergo_adaptive,wind,59,4.833333333333371,1.719435540874606
ergo_adaptive,wind,60,4.916666666666629,1.7102943072969892
ergo_adaptive,wind,61,5.0,1.7057244094856652
ergo_adaptive,wind,62,5.083333333333371,1.7017372477400332
ergo_adaptive,wind,63,5.166666666666629,1.6962492440747563
ergo_adaptive,wind,64,5.25,1.707787093239703
ergo_adaptive,wind,65,5.333333333333371,1.7020406780165895
ergo_adaptive,wind,66,5.416666666666629,1.7231691800926165
ergo_adaptive,wind,67,5.5,1.721381756306131
ergo_adaptive,wind,68,5.583333333333371,1.7056221578225854
ergo_adaptive,wind,69,5.666666666666629,1.7112606089266875
ergo_adaptive,wind,70,5.75,1.726467359636163
ergo_adaptive,wind,71,5.833333333333371,1.7108973314664306
ergo_adaptive,wind,72,5.916666666666629,1.695550064781115
ergo_adaptive,wind,73,6.0,1.6818103053933606
ergo_adaptive,wind,74,6.083333333333371,1.6781569049141762
ergo_adaptive,wind,75,6.166666666666629,1.6832056524988892
ergo_adaptive,wind,76,6.25,1.6890594202649893
ergo_adaptive,wind,77,6.333333333333371,1.6927696337480986
ergo_adaptive,wind,78,6.416666666666629,1.6970477964410273
ergo_adaptive,wind,79,6.5,1.692067175176556
ergo_adaptive,wind,80,6.583333333333371,1.6826550467310735
ergo_adaptive,wind,81,6.666666666666629,1.6715689007603058
ergo_adaptive,wind,82,6.75,1.652374698679034
ergo_adaptive,wind,83,6.833333333333371,1.6470313597506636
ergo_adaptive,wind,84,6.916666666666629,1.6396252811969863
ergo_adaptive,wind,85,7.0,1.640909082911169
ergo_adaptive,wind,86,7.083333333333371,1.6513326205177672
ergo_adaptive,wind,87,7.166666666666629,1.6467077171714755
ergo_adaptive,wind,88,7.25,1.6451073632129265
ergo_adaptive,wind,89,7.333333333333371,1.6534620810190477
ergo_adaptive,wind,90,7.416666666666629,1.644910817482712
ergo_adaptive,wind,91,7.5,1.6449231173576346
ergo_adaptive,wind,92,7.583333333333371,1.6501023955036995
ergo_adaptive,wind,93,7.666666666666629,1.6441496004087799
ergo_adaptive,wind,94,7.75,1.6362711177361646
ergo_adaptive,wind,95,7.833333333333371,1.625922367371589
ergo_adaptive,wind,96,7.916666666666629,1.6259376688138143
ergo_adaptive,wind,97,8.0,1.627952393272511
ergo_adaptive,wind,98,8.083333333333371,1.6303581432484946
ergo_adaptive,wind,99,8.166666666666629,1.6261012138293938
ergo_adaptive,wind,100,8.25,1.6237335078358837
ergo_adaptive,wind,101,8.333333333333371,1.6232563143575969
ergo_adaptive,wind,102,8.416666666666629,1.6248670387445714
ergo_adaptive,wind,103,8.5,1.6249512216805029
ergo_adaptive,wind,104,8.583333333333371,1.6273956311889426
ergo_adaptive,wind,105,8.666666666666629,1.6259856964424098
ergo_adaptive,wind,106,8.75,1.6254768681363874
ergo_adaptive,wind,107,8.833333333333371,1.6248400250805677
ergo_adaptive,wind,108,8.916666666666629,1.6241982137285234
ergo_adaptive,wind,109,9.0,1.6252015770929908
ergo_adaptive,wind,110,9.083333333333371,1.6215812167665509
ergo_adaptive,wind,111,9.166666666666629,1.6217399284618954
ergo_adaptive,wind,112,9.25,1.6235447072464388
ergo_adaptive,wind,113,9.333333333333371,1.6255478932802003
ergo_adaptive,wind,114,9.416666666666629,1.624527495350035
ergo_adaptive,wind,115,9.5,1.6211540067577426
ergo_adaptive,wind,116,9.583333333333371,1.6210613682399775
ergo_adaptive,wind,117,9.666666666666629,1.6203719955007496
ergo_adaptive,wind,118,9.75,1.620157301737544
ergo_adaptive,wind,119,9.833333333333371,1.6204878394922815
ergo_adaptive,wind,120,9.916666666666629,1.6207966319689837
ergo_adaptive,wind,121,10.0,1.621452431616122
ergo_adaptive,wind,122,10.083333333333371,1.6238936851545676
ergo_adaptive,wind,123,10.166666666666629,1.6284839820380277
ergo_adaptive,wind,124,10.25,1.631517090978969
ergo_adaptive,wind,125,10.333333333333371,1.6418027054713682
ergo_adaptive,wind,126,10.416666666666629,1.6392280231528176
ergo_adaptive,wind,127,10.5,1.6410463910323831
ergo_adaptive,wind,128,10.583333333333371,1.6491059485662374
ergo_adaptive,wind,129,10.666666666666629,1.6582579663134007
ergo_adaptive,wind,130,10.75,1.6589211741676608
ergo_adaptive,wind,131,10.833333333333371,1.6572224661151878
ergo_adaptive,wind,132,10.916666666666629,1.6698467596041315
ergo_adaptive,wind,133,11.0,1.6726046723601966
ergo_adaptive,wind,134,11.083333333333371,1.6717321801009477
ergo_adaptive,wind,135,11.166666666666629,1.6815631601039809
ergo_adaptive,wind,136,11.25,1.6852056461814133
ergo_adaptive,wind,137,11.333333333333371,1.6847507481579724
ergo_adaptive,wind,138,11.416666666666629,1.6843359902986481
ergo_adaptive,wind,139,11.5,1.6928572219079951
ergo_adaptive,wind,140,11.583333333333371,1.693899681829374
ergo_adaptive,wind,141,11.666666666666629,1.7046516999556975
ergo_adaptive,wind,142,11.75,1.7195825933292024
ergo_adaptive,wind,143,11.833333333333371,1.7270128362364858
ergo_adaptive,wind,144,11.916666666666629,1.7351256525756331
ergo_adaptive,wind,145,12.0,1.7518212144494756
ergo_adaptive,wind,146,12.083333333333371,1.7335247083239558
ergo_adaptive,wind,147,12.166666666666629,1.7445037720241068
ergo_adaptive,wind,148,12.25,1.7440270367438044
ergo_adaptive,wind,149,12.333333333333371,1.7501088660565167
ergo_adaptive,wind,150,12.416666666666629,1.7561091282320695
ergo_adaptive,wind,151,12.5,1.763770470792873
ergo_adaptive,wind,152,12.583333333333371,1.7328731291357704
ergo_adaptive,wind,153,12.666666666666629,1.6954949288184054
ergo_adaptive,wind,154,12.75,1.6942997282971526
ergo_adaptive,wind,155,12.833333333333371,1.707697210115407
ergo_adaptive,wind,156,12.916666666666629,1.6932765727363408
ergo_adaptive,wind,157,13.0,1.687696526078254
ergo_adaptive,wind,158,13.083333333333371,1.696247477210151
ergo_adaptive,wind,159,13.166666666666629,1.680107223390515
ergo_adaptive,wind,160,13.25,1.6511612113692655
ergo_adaptive,wind,161,13.333333333333371,1.6544207636429868
ergo_adaptive,wind,162,13.416666666666629,1.6455936983644632
ergo_adaptive,wind,163,13.5,1.6398293371458088
ergo_adaptive,wind,164,13.583333333333371,1.6378907904061326
ergo_adaptive,wind,165,13.666666666666629,1.6097890114348519
ergo_adaptive,wind,166,13.75,1.6100478836920764
ergo_adaptive,wind,167,13.833333333333371,1.6125117461279517
ergo_adaptive,wind,168,13.916666666666629,1.6142692338027742
ergo_adaptive,wind,169,14.0,1.6222392495337499
ergo_adaptive,wind,170,14.083333333333371,1.618529640362499
ergo_adaptive,wind,171,14.166666666666629,1.5904011802162283
ergo_adaptive,wind,172,14.25,1.5937992162054084
ergo_adaptive,wind,173,14.333333333333371,1.5806914635531195
ergo_adaptive,wind,174,14.416666666666629,1.5771191474813775
ergo_adaptive,wind,175,14.5,1.5866507910815197
ergo_adaptive,wind,176,14.583333333333371,1.5813619592226167
ergo_adaptive,wind,177,14.666666666666629,1.5804213707324715
ergo_adaptive,wind,178,14.75,1.5826961769134276
ergo_adaptive,wind,179,14.833333333333371,1.5920376405438297
ergo_adaptive,wind,180,14.916666666666629,1.5814470242699918
ergo_adaptive,wind,181,15.0,1.5786985469741313
ergo_adaptive,wind,182,15.083333333333371,1.5751492476283264
ergo_adaptive,wind,183,15.166666666666629,1.5782785453713633
ergo_adaptive,wind,184,15.25,1.573012466894928
ergo_adaptive,wind,185,15.333333333333371,1.5772640185137223
ergo_adaptive,wind,186,15.416666666666629,1.5703067879125243
ergo_adaptive,wind,187,15.5,1.5769482614549326
ergo_adaptive,wind,188,15.583333333333371,1.589245887116557
ergo_adaptive,wind,189,15.666666666666629,1.5849065620222194
ergo_adaptive,wind,190,15.75,1.5879542500456663
ergo_adaptive,wind,191,15.833333333333371,1.6154868320223172
ergo_adaptive,wind,192,15.916666666666629,1.6116316010975886
ergo_adaptive,wind,193,16.0,1.628377829507459
ergo_adaptive,wind,194,16.08333333333337,1.6296105753010288
ergo_adaptive,wind,195,16.16666666666663,1.645878196591046
ergo_adaptive,wind,196,16.25,1.6646493400346676
ergo_adaptive,wind,197,16.33333333333337,1.6940449158597235
ergo_adaptive,wind,198,16.41666666666663,1.715960299181706
ergo_adaptive,wind,199,16.5,1.7524957032091375
ergo_adaptive,wind,200,16.58333333333337,1.7553418121149116
ergo_adaptive,wind,201,16.66666666666663,1.7715769744076622
ergo_adaptive,wind,202,16.75,1.8116803061856164
ergo_adaptive,wind,203,16.83333333333337,1.821018368460858
ergo_adaptive,wind,204,16.91666666666663,1.8260843042040462
ergo_adaptive,wind,205,17.0,1.8594366455751559
ergo_adaptive,wind,206,17.08333333333337,1.8895324626373249
ergo_adaptive,wind,207,17.16666666666663,1.8905485042676784
ergo_adaptive,wind,208,17.25,1.9513418850077293
ergo_adaptive,wind,209,17.33333333333337,1.9925136956175786
ergo_adaptive,wind,210,17.41666666666663,2.01841693294451
ergo_adaptive,wind,211,17.5,2.0635988646702565
ergo_adaptive,wind,212,17.58333333333337,2.0893906400448423
ergo_adaptive,wind,213,17.66666666666663,2.084843998756658
ergo_adaptive,wind,214,17.75,2.1096755099862174
ergo_adaptive,wind,215,17.83333333333337,2.1208278377803405
ergo_adaptive,wind,216,17.91666666666663,2.1476490504650347
ergo_adaptive,wind,217,18.0,2.1894630642306514
ergo_adaptive,wind,218,18.08333333333337,2.1715944255620006
ergo_adaptive,wind,219,18.16666666666663,2.166178856788385
ergo_adaptive,wind,220,18.25,2.178197138978801
ergo_adaptive,wind,221,18.33333333333337,2.178416141892772
ergo_adaptive,wind,222,18.41666666666663,2.1561261622355867
ergo_adaptive,wind,223,18.5,2.169627208488791
ergo_adaptive,wind,224,18.58333333333337,2.2036915176882674
ergo_adaptive,wind,225,18.66666666666663,2.214986498016822
ergo_adaptive,wind,226,18.75,2.1177447589404124
ergo_adaptive,wind,227,18.83333333333337,2.105482492512135
ergo_adaptive,wind,228,18.91666666666663,2.1047951022285996
ergo_adaptive,wind,229,19.0,2.1157064911427854
ergo_adaptive,wind,230,19.08333333333337,2.043200628378388
ergo_adaptive,wind,231,19.16666666666663,2.0136053207776774
ergo_adaptive,wind,232,19.25,2.002445243058358
ergo_adaptive,wind,233,19.33333333333337,2.014894654722346
ergo_adaptive,wind,234,19.41666666666663,1.9604460489359814
ergo_adaptive,wind,235,19.5,1.949710639424179
ergo_adaptive,wind,236,19.58333333333337,1.9273274576106874
ergo_adaptive,wind,237,19.66666666666663,1.899277358399958
ergo_adaptive,wind,238,19.75,1.8901410915652797
ergo_adaptive,wind,239,19.83333333333337,1.8744905210089904
ergo_adaptive,wind,240,19.91666666666663,1.8505253575840164
ergo_adaptive,wind,241,20.0,1.8459606468391232
ergo_adaptive,wind,242,20.08333333333337,1.7990534889933747
ergo_adaptive,wind,243,20.16666666666663,1.8075511615426312
ergo_adaptive,wind,244,20.25,1.8053761869095706
ergo_adaptive,wind,245,20.33333333333337,1.806657102312073
ergo_adaptive,wind,246,20.41666666666663,1.8164477391962703
ergo_adaptive,wind,247,20.5,1.7749806417393212
ergo_adaptive,wind,248,20.58333333333337,1.7577874494611614
ergo_adaptive,wind,249,20.66666666666663,1.7557713829380095
ergo_adaptive,wind,250,20.75,1.7552664324526879
ergo_adaptive,wind,251,20.83333333333337,1.7525479699533149
ergo_adaptive,wind,252,20.91666666666663,1.747690347563731
ergo_adaptive,wind,253,21.0,1.7469469969195501
ergo_adaptive,wind,254,21.08333333333337,1.7560621364519498
ergo_adaptive,wind,255,21.16666666666663,1.7442861027463363
ergo_adaptive,wind,256,21.25,1.7447110558960879
ergo_adaptive,wind,257,21.33333333333337,1.7328513136636274
ergo_adaptive,wind,258,21.41666666666663,1.7422981176376608
ergo_adaptive,wind,259,21.5,1.7390232598089486
ergo_adaptive,wind,260,21.58333333333337,1.7318449838736567
ergo_adaptive,wind,261,21.66666666666663,1.7411219612425026
ergo_adaptive,wind,262,21.75,1.7410549263392314
ergo_adaptive,wind,263,21.83333333333337,1.7242737595133601
ergo_adaptive,wind,264,21.91666666666663,1.7474095491747519
ergo_adaptive,wind,265,22.0,1.7367891242791218
ergo_adaptive,wind,266,22.08333333333337,1.739299610034544
ergo_adaptive,wind,267,22.16666666666663,1.7154940800412188
ergo_adaptive,wind,268,22.25,1.7255454626504048
ergo_adaptive,wind,269,22.33333333333337,1.722468240362421
ergo_adaptive,wind,270,22.41666666666663,1.7317626643635038
ergo_adaptive,wind,271,22.5,1.726078625619758
ergo_adaptive,wind,272,22.58333333333337,1.731795866501136
ergo_adaptive,wind,273,22.66666666666663,1.7299979762683786
ergo_adaptive,wind,274,22.75,1.7186930228026038
ergo_adaptive,wind,275,22.83333333333337,1.701410081780419
ergo_adaptive,wind,276,22.91666666666663,1.7074431953639282
ergo_adaptive,wind,277,23.0,1.7082499422362665
ergo_adaptive,wind,278,23.08333333333337,1.7165660806095953
ergo_adaptive,wind,279,23.16666666666663,1.694071054814844
ergo_adaptive,wind,280,23.25,1.6829046620118198
ergo_adaptive,wind,281,23.33333333333337,1.6815087493972023
ergo_adaptive,wind,282,23.41666666666663,1.6681786217838637
ergo_adaptive,wind,283,23.5,1.656406744919329
ergo_adaptive,wind,284,23.58333333333337,1.664251529914141
ergo_adaptive,wind,285,23.66666666666663,1.6614332430341585
ergo_adaptive,wind,286,23.75,1.658255405383449
ergo_adaptive,wind,287,23.83333333333337,1.658887942637373
ergo_adaptive,wind,288,23.91666666666663,1.6564974105383852
ergo_adaptive,wind,289,24.0,1.649553847280741
ergo_adaptive,wind,290,24.08333333333337,1.6502130748226378
ergo_adaptive,wind,291,24.16666666666663,1.6458619417749158
ergo_adaptive,wind,292,24.25,1.6481188495765806
ergo_adaptive,wind,293,24.33333333333337,1.6503059879039172
ergo_adaptive,wind,294,24.41666666666663,1.6477507634210942
ergo_adaptive,wind,295,24.5,1.647755608232941
ergo_adaptive,wind,296,24.58333333333337,1.6452349645898707
ergo_adaptive,wind,297,24.66666666666663,1.6442743012801257
ergo_adaptive,wind,298,24.75,1.6445186113281534
ergo_adaptive,wind,299,24.83333333333337,1.6457751131365994
ergo_adaptive,wind,300,24.91666666666663,1.6447817525765407
ergo_adaptive,wind,301,25.0,1.6451353187274471
ergo_adaptive,wind,302,25.08333333333337,1.6452961941971262
ergo_adaptive,wind,303,25.16666666666663,1.6468425442736976
ergo_adaptive,wind,304,25.25,1.6449908712579804
ergo_adaptive,wind,305,25.33333333333337,1.6456857794843331
ergo_adaptive,wind,306,25.41666666666663,1.6463730310355462
ergo_adaptive,wind,307,25.5,1.6454877759671975
ergo_adaptive,wind,308,25.58333333333337,1.64621388194671
ergo_adaptive,wind,309,25.66666666666663,1.6504064588556902
ergo_adaptive,wind,310,25.75,1.6536294312514266
ergo_adaptive,wind,311,25.83333333333337,1.6577376771741708
ergo_adaptive,wind,312,25.91666666666663,1.6532574744609663
ergo_adaptive,wind,313,26.0,1.64640868246077
ergo_adaptive,wind,314,26.08333333333337,1.6459914087402685
ergo_adaptive,wind,315,26.16666666666663,1.6504614296569344
ergo_adaptive,wind,316,26.25,1.6485940780166077
ergo_adaptive,wind,317,26.33333333333337,1.649008302645165
ergo_adaptive,wind,318,26.41666666666663,1.6541624402722408
ergo_adaptive,wind,319,26.5,1.6482604760458224
ergo_adaptive,wind,320,26.58333333333337,1.64623606707816
ergo_adaptive,wind,321,26.66666666666663,1.6468835719888568
ergo_adaptive,wind,322,26.75,1.645169069558434
ergo_adaptive,wind,323,26.83333333333337,1.644988799410256
ergo_adaptive,wind,324,26.91666666666663,1.6462855898592408
ergo_adaptive,wind,325,27.0,1.6459445379134567
ergo_adaptive,wind,326,27.08333333333337,1.6469231717982888
ergo_adaptive,wind,327,27.16666666666663,1.646237635688239
ergo_adaptive,wind,328,27.25,1.643801396085898
ergo_adaptive,wind,329,27.33333333333337,1.6443528483383145
ergo_adaptive,wind,330,27.41666666666663,1.6451036795326397
ergo_adaptive,wind,331,27.5,1.6460291698294602
ergo_adaptive,wind,332,27.58333333333337,1.653851785743572
ergo_adaptive,wind,333,27.66666666666663,1.6596354569976601
ergo_adaptive,wind,334,27.75,1.6632785208651049
ergo_adaptive,wind,335,27.83333333333337,1.6600004272107993
ergo_adaptive,wind,336,27.91666666666663,1.6692567876811113
ergo_adaptive,wind,337,28.0,1.6705944717448091
ergo_adaptive,wind,338,28.08333333333337,1.6675457230333932
ergo_adaptive,wind,339,28.16666666666663,1.6808551320738387
ergo_adaptive,wind,340,28.25,1.682833650491776
ergo_adaptive,wind,341,28.33333333333337,1.6820847281092308
ergo_adaptive,wind,342,28.41666666666663,1.7009398908651558
ergo_adaptive,wind,343,28.5,1.7046953442693231
ergo_adaptive,wind,344,28.58333333333337,1.7158232377827745
ergo_adaptive,wind,345,28.66666666666663,1.7316505661189052
ergo_adaptive,wind,346,28.75,1.7601838302495567
ergo_adaptive,wind,347,28.83333333333337,1.7706804832455671
ergo_adaptive,wind,348,28.91666666666663,1.8018203609953884
ergo_adaptive,wind,349,29.0,1.8374070583055984
ergo_adaptive,wind,350,29.08333333333337,1.847777642333812
ergo_adaptive,wind,351,29.16666666666663,1.8468974122050204
ergo_adaptive,wind,352,29.25,1.9108429192098748
ergo_adaptive,wind,353,29.33333333333337,1.9275269742149796
ergo_adaptive,wind,354,29.41666666666663,1.9121692390353802
ergo_adaptive,wind,355,29.5,1.9295377644506604
ergo_adaptive,wind,356,29.58333333333337,1.9557869880044112
ergo_adaptive,wind,357,29.66666666666663,1.9447516311797812
ergo_adaptive,wind,358,29.75,1.96731901449351
ergo_adaptive,wind,359,29.83333333333337,1.995266625682124
ergo_adaptive,wind,360,29.91666666666663,1.9988918288230275
ergo_adaptive,wind,361,30.0,1.9787289734165057
ergo_adaptive,wind,362,30.08333333333337,2.0050275543019156
ergo_adaptive,wind,363,30.16666666666663,2.0354990234721826
ergo_adaptive,wind,364,30.25,2.0188827019028994
ergo_adaptive,wind,365,30.33333333333337,2.0206104934049267
ergo_adaptive,wind,366,30.41666666666663,2.00472648850494
ergo_adaptive,wind,367,30.5,2.0206566443796103
ergo_adaptive,wind,368,30.58333333333337,1.992970759195127
ergo_adaptive,wind,369,30.66666666666663,1.976095333956002
ergo_adaptive,wind,370,30.75,1.9900352301339794
ergo_adaptive,wind,371,30.83333333333337,1.9483314045603182
ergo_adaptive,wind,372,30.91666666666663,1.92032539558599
ergo_adaptive,wind,373,31.0,1.8880376898407811
ergo_adaptive,wind,374,31.08333333333337,1.8454159689946978
ergo_adaptive,wind,375,31.16666666666663,1.8349412066752326
ergo_adaptive,wind,376,31.25,1.8497838189942069
ergo_adaptive,wind,377,31.33333333333337,1.8667104698520063
ergo_adaptive,wind,378,31.41666666666663,1.8511358040190506
ergo_adaptive,wind,379,31.5,1.8142470817098468
ergo_adaptive,wind,380,31.58333333333337,1.8093629552457478
ergo_adaptive,wind,381,31.66666666666663,1.7668005358166774
ergo_adaptive,wind,382,31.75,1.7719546602654235
ergo_adaptive,wind,383,31.83333333333337,1.7569948653795486
ergo_adaptive,wind,384,31.91666666666663,1.7340916199728034
ergo_adaptive,wind,385,32.0,1.7327951426107289
ergo_adaptive,wind,386,32.08333333333337,1.7304954090252636
ergo_adaptive,wind,387,32.16666666666663,1.717776793459004
ergo_adaptive,wind,388,32.25,1.6952016898702509
ergo_adaptive,wind,389,32.33333333333337,1.686922300984596
ergo_adaptive,wind,390,32.41666666666663,1.6884751696308506
ergo_adaptive,wind,391,32.5,1.7110054796725478
ergo_adaptive,wind,392,32.58333333333337,1.7020526216978569
ergo_adaptive,wind,393,32.66666666666663,1.7023019581746786
ergo_adaptive,wind,394,32.75,1.7023128655243367
ergo_adaptive,wind,395,32.83333333333337,1.6822832586295515
ergo_adaptive,wind,396,32.91666666666663,1.6764387736613242
ergo_adaptive,wind,397,33.0,1.6835365445900818
ergo_adaptive,wind,398,33.08333333333337,1.679459641744322
ergo_adaptive,wind,399,33.16666666666663,1.6842891670511653
ergo_adaptive,wind,400,33.25,1.6722160350191095
ergo_adaptive,wind,401,33.33333333333337,1.6832376813341154
ergo_adaptive,wind,402,33.41666666666663,1.6734176454280787
ergo_adaptive,wind,403,33.5,1.6709477806082504
ergo_adaptive,wind,404,33.58333333333337,1.6674102050045863
ergo_adaptive,wind,405,33.66666666666663,1.6742605031624884
ergo_adaptive,wind,406,33.75,1.669473733528328
ergo_adaptive,wind,407,33.83333333333337,1.6710572087957245
ergo_adaptive,wind,408,33.91666666666663,1.6797042994141842
ergo_adaptive,wind,409,34.0,1.6836038619728915
ergo_adaptive,wind,410,34.08333333333337,1.6811725543049523
ergo_adaptive,wind,411,34.16666666666663,1.6847537699956778
ergo_adaptive,wind,412,34.25,1.692726118009589
ergo_adaptive,wind,413,34.33333333333337,1.6876380822442996
ergo_adaptive,wind,414,34.41666666666663,1.6993920081803882
ergo_adaptive,wind,415,34.5,1.7002661255480027
ergo_adaptive,wind,416,34.58333333333337,1.707565686029154
ergo_adaptive,wind,417,34.66666666666663,1.7202219700168453
ergo_adaptive,wind,418,34.75,1.722683039867259
ergo_adaptive,wind,419,34.83333333333337,1.725761892308667
ergo_adaptive,wind,420,34.91666666666663,1.733482198752181
ergo_adaptive,wind,421,35.0,1.7540649898452008
ergo_adaptive,wind,422,35.08333333333337,1.763625445340865
ergo_adaptive,wind,423,35.16666666666663,1.7729197412380202
ergo_adaptive,wind,424,35.25,1.7742658844031711
ergo_adaptive,wind,425,35.33333333333337,1.7972183919154396
ergo_adaptive,wind,426,35.41666666666663,1.8115332483705486
ergo_adaptive,wind,427,35.5,1.8133000505783552
ergo_adaptive,wind,428,35.58333333333337,1.8028619964259256
ergo_adaptive,wind,429,35.66666666666663,1.8070832520369895
ergo_adaptive,wind,430,35.75,1.8009620355185252
ergo_adaptive,wind,431,35.83333333333337,1.831177374476882
ergo_adaptive,wind,432,35.91666666666663,1.8488143114707378
ergo_adaptive,wind,433,36.0,1.843305382505925
ergo_adaptive,wind,434,36.08333333333337,1.8831072989396933
ergo_adaptive,wind,435,36.16666666666663,1.8802018534595888
ergo_adaptive,wind,436,36.25,1.8837385651417262
ergo_adaptive,wind,437,36.33333333333337,1.890455982557065
ergo_adaptive,wind,438,36.41666666666663,1.9083097587163036
ergo_adaptive,wind,439,36.5,1.9041856273096116
ergo_adaptive,wind,440,36.58333333333337,1.944646141676797
ergo_adaptive,wind,441,36.66666666666663,1.9323620391860057
ergo_adaptive,wind,442,36.75,1.9201549299821825
ergo_adaptive,wind,443,36.83333333333337,1.9031895988369252
ergo_adaptive,wind,444,36.91666666666663,1.9214230263189847
ergo_adaptive,wind,445,37.0,1.8996566556415528
ergo_adaptive,wind,446,37.08333333333337,1.9736833341542184
ergo_adaptive,wind,447,37.16666666666663,1.9728672743618043
ergo_adaptive,wind,448,37.25,1.9661782865582687
ergo_adaptive,wind,449,37.33333333333337,1.933509580051752
ergo_adaptive,wind,450,37.41666666666663,1.9259883422641846
ergo_adaptive,wind,451,37.5,1.9083666263671506
ergo_adaptive,wind,452,37.58333333333337,1.8906038838605055
ergo_adaptive,wind,453,37.66666666666663,1.9104272066765289
ergo_adaptive,wind,454,37.75,1.8887888851764314
ergo_adaptive,wind,455,37.83333333333337,1.8900252014683767
ergo_adaptive,wind,456,37.91666666666663,1.8761943041607916
ergo_adaptive,wind,457,38.0,1.8642546764252772
ergo_adaptive,wind,458,38.08333333333337,1.8435836889838204
ergo_adaptive,wind,459,38.16666666666663,1.8425216694212472
ergo_adaptive,wind,460,38.25,1.801658299712925
ergo_adaptive,wind,461,38.33333333333337,1.7996400714019534
ergo_adaptive,wind,462,38.41666666666663,1.8108302437518204
ergo_adaptive,wind,463,38.5,1.816303999149006
ergo_adaptive,wind,464,38.58333333333337,1.781599106255069
ergo_adaptive,wind,465,38.66666666666663,1.777907525584842
ergo_adaptive,wind,466,38.75,1.7641003594296754
ergo_adaptive,wind,467,38.83333333333337,1.7224138377306322
ergo_adaptive,wind,468,38.91666666666663,1.709806943308163
ergo_adaptive,wind,469,39.0,1.642977435888933
ergo_adaptive,wind,470,39.08333333333337,1.677926510364279
ergo_adaptive,wind,471,39.16666666666663,1.7055890727019416
ergo_adaptive,wind,472,39.25,1.7150289720571843
ergo_adaptive,wind,473,39.33333333333337,1.721843018568841
ergo_adaptive,wind,474,39.41666666666663,1.668011224174745
ergo_adaptive,wind,475,39.5,1.6684164789023996
ergo_adaptive,wind,476,39.58333333333337,1.6304684478607527
ergo_adaptive,wind,477,39.66666666666663,1.637816884821814
ergo_adaptive,wind,478,39.75,1.6293678111652652
ergo_adaptive,wind,479,39.83333333333337,1.6254493335750195
ergo_adaptive,wind,480,39.91666666666663,1.6242507408299893
ergo_adaptive,wind,481,40.0,1.6226417801121253
ergo_adaptive,wind,482,40.08333333333337,1.5873177674783074
ergo_adaptive,wind,483,40.16666666666663,1.5470319519199152
ergo_adaptive,wind,484,40.25,1.5319436321401982
ergo_adaptive,wind,485,40.33333333333337,1.5298784626599922
ergo_adaptive,wind,486,40.41666666666663,1.5578263946114637
ergo_adaptive,wind,487,40.5,1.5420742836991914
ergo_adaptive,wind,488,40.58333333333337,1.522321702472926
ergo_adaptive,wind,489,40.66666666666663,1.5113182637858125
ergo_adaptive,wind,490,40.75,1.5140687745353647
ergo_adaptive,wind,491,40.83333333333337,1.5047265502961098
ergo_adaptive,wind,492,40.91666666666663,1.4819741787416187
ergo_adaptive,wind,493,41.0,1.5068346941957407
ergo_adaptive,wind,494,41.08333333333337,1.477474873283857
ergo_adaptive,wind,495,41.16666666666663,1.4698599797264513
ergo_adaptive,wind,496,41.25,1.4723114699370987
ergo_adaptive,wind,497,41.33333333333337,1.4638796093153128
ergo_adaptive,wind,498,41.41666666666663,1.4546294162002402
ergo_adaptive,wind,499,41.5,1.4590568158854729
ergo_adaptive,wind,500,41.58333333333337,1.4580305430326579
ergo_adaptive,wind,501,41.66666666666663,1.4451322861670397
ergo_adaptive,wind,502,41.75,1.457261696596144
ergo_adaptive,wind,503,41.83333333333337,1.4549864508578254
ergo_adaptive,wind,504,41.91666666666663,1.4400626686582807
ergo_adaptive,wind,505,42.0,1.4028176121793163
ergo_adaptive,wind,506,42.08333333333337,1.4109153075882188
ergo_adaptive,wind,507,42.16666666666663,1.4086065143379933
ergo_adaptive,wind,508,42.25,1.411405791547705
ergo_adaptive,wind,509,42.33333333333337,1.391110626628732
ergo_adaptive,wind,510,42.41666666666663,1.382268323072542
ergo_adaptive,wind,511,42.5,1.3869677982116726
ergo_adaptive,wind,512,42.58333333333337,1.3762356831012659
ergo_adaptive,wind,513,42.66666666666663,1.3926293396050071
ergo_adaptive,wind,514,42.75,1.37502051459982
ergo_adaptive,wind,515,42.83333333333337,1.3798681961686934
ergo_adaptive,wind,516,42.91666666666663,1.3691170091956153
ergo_adaptive,wind,517,43.0,1.3675056834965647
ergo_adaptive,wind,518,43.08333333333337,1.3658997565493585
ergo_adaptive,wind,519,43.16666666666663,1.3565779359377457
ergo_adaptive,wind,520,43.25,1.3561967657379996
ergo_adaptive,wind,521,43.33333333333337,1.3455752631697389
ergo_adaptive,wind,522,43.41666666666663,1.3372887170165562
ergo_adaptive,wind,523,43.5,1.3292380096345482
ergo_adaptive,wind,524,43.58333333333337,1.3359403141500743
ergo_adaptive,wind,525,43.66666666666663,1.3316331790522393
ergo_adaptive,wind,526,43.75,1.3251475397963208
ergo_adaptive,wind,527,43.83333333333337,1.3183346338233917
ergo_adaptive,wind,528,43.91666666666663,1.3221485600696865
ergo_adaptive,wind,529,44.0,1.319993718068868
ergo_adaptive,wind,530,44.08333333333337,1.3063171699960094
ergo_adaptive,wind,531,44.16666666666663,1.3005446408861074
ergo_adaptive,wind,532,44.25,1.3080581824070823
ergo_adaptive,wind,533,44.33333333333337,1.306727709697523
ergo_adaptive,wind,534,44.41666666666663,1.305913739636014
ergo_adaptive,wind,535,44.5,1.307641782178719
ergo_adaptive,wind,536,44.58333333333337,1.3232136315900516
ergo_adaptive,wind,537,44.66666666666663,1.319013827389375
ergo_adaptive,wind,538,44.75,1.3252262438419355
ergo_adaptive,wind,539,44.83333333333337,1.3178856897351816
ergo_adaptive,wind,540,44.91666666666663,1.319164376471143
ergo_adaptive,wind,541,45.0,1.311436020954877
ergo_adaptive,wind,542,45.08333333333337,1.3135700074419805
ergo_adaptive,wind,543,45.16666666666663,1.3092144336649938
ergo_adaptive,wind,544,45.25,1.3050709747736726
ergo_adaptive,wind,545,45.33333333333337,1.299645178378687
ergo_adaptive,wind,546,45.41666666666663,1.2970820927361872
ergo_adaptive,wind,547,45.5,1.3040813956059738
ergo_adaptive,wind,548,45.58333333333337,1.3027480418812136
ergo_adaptive,wind,549,45.66666666666663,1.3055392956021152
ergo_adaptive,wind,550,45.75,1.3044031522738782
ergo_adaptive,wind,551,45.83333333333337,1.304252006699643
ergo_adaptive,wind,552,45.91666666666663,1.3020702578578502
ergo_adaptive,wind,553,46.0,1.3050071140221613
ergo_adaptive,wind,554,46.08333333333337,1.301608915692239
ergo_adaptive,wind,555,46.16666666666663,1.304309190892297
ergo_adaptive,wind,556,46.25,1.3071205990114017
ergo_adaptive,wind,557,46.33333333333337,1.3055875469012717
ergo_adaptive,wind,558,46.41666666666663,1.304404863642536
ergo_adaptive,wind,559,46.5,1.3020455338050176
ergo_adaptive,wind,560,46.58333333333337,1.2997970288578098
ergo_adaptive,wind,561,46.66666666666663,1.3004617103163636
ergo_adaptive,wind,562,46.75,1.3004411897407215
ergo_adaptive,wind,563,46.83333333333337,1.3012521177200709
ergo_adaptive,wind,564,46.91666666666663,1.303455461560246
ergo_adaptive,wind,565,47.0,1.3022460266606073
ergo_adaptive,wind,566,47.08333333333337,1.3065835271004607
ergo_adaptive,wind,567,47.16666666666663,1.3053817160653456
ergo_adaptive,wind,568,47.25,1.3065144054450282
ergo_adaptive,wind,569,47.33333333333337,1.3065593592193212
ergo_adaptive,wind,570,47.41666666666663,1.3071616817187013
ergo_adaptive,wind,571,47.5,1.3069411982828485
ergo_adaptive,wind,572,47.58333333333337,1.3067844773505228
ergo_adaptive,wind,573,47.66666666666663,1.309470533587797
ergo_adaptive,wind,574,47.75,1.3061564588305317
ergo_adaptive,wind,575,47.83333333333337,1.305623317221886
ergo_adaptive,wind,576,47.91666666666663,1.3060371224687575
ergo_adaptive,wind,577,48.0,1.3092489842221737
ergo_adaptive,wind,578,48.08333333333337,1.3089107866320964
ergo_adaptive,wind,579,48.16666666666663,1.3071196694855018
ergo_adaptive,wind,580,48.25,1.3076141558242216
ergo_adaptive,wind,581,48.33333333333337,1.310570340310957
ergo_adaptive,wind,582,48.41666666666663,1.316599198928877
ergo_adaptive,wind,583,48.5,1.315613912147194
ergo_adaptive,wind,584,48.58333333333337,1.3181626067897187
ergo_adaptive,wind,585,48.66666666666663,1.3143063844769132
ergo_adaptive,wind,586,48.75,1.3115840238868484
ergo_adaptive,wind,587,48.83333333333337,1.3173590825613477
ergo_adaptive,wind,588,48.91666666666663,1.3209127411570698
ergo_adaptive,wind,589,49.0,1.3194337927406257
ergo_adaptive,wind,590,49.08333333333337,1.3192546365415316
ergo_adaptive,wind,591,49.16666666666663,1.3198721762554444
ergo_adaptive,wind,592,49.25,1.3166754043564612
ergo_adaptive,wind,593,49.33333333333337,1.3231154420318247
ergo_adaptive,wind,594,49.41666666666663,1.3260651842341378
ergo_adaptive,wind,595,49.5,1.3315740264182818
ergo_adaptive,wind,596,49.58333333333337,1.3254141162924478
ergo_adaptive,wind,597,49.66666666666663,1.3261976828082211
ergo_adaptive,wind,598,49.75,1.327898376316826
ergo_adaptive,wind,599,49.83333333333337,1.3398179059822544
ergo_adaptive,wind,600,49.91666666666663,1.3430647520324521
ergo_adaptive,wind,601,50.0,1.3488406743890604
ergo_adaptive,wind,602,50.08333333333337,1.346602010121334
ergo_adaptive,wind,603,50.16666666666663,1.3577908707808175
ergo_adaptive,wind,604,50.25,1.3531472851483615
ergo_adaptive,wind,605,50.33333333333337,1.3499543535696161
ergo_adaptive,wind,606,50.41666666666663,1.351948015706095
ergo_adaptive,wind,607,50.5,1.344965640078472
ergo_adaptive,wind,608,50.58333333333337,1.3540780306368652
ergo_adaptive,wind,609,50.66666666666663,1.369334992076105
ergo_adaptive,wind,610,50.75,1.372193140815677
ergo_adaptive,wind,611,50.83333333333337,1.3813516236395853
ergo_adaptive,wind,612,50.91666666666663,1.3896427952377342
ergo_adaptive,wind,613,51.0,1.3870178270441442
ergo_adaptive,wind,614,51.08333333333337,1.4110878165816798
ergo_adaptive,wind,615,51.16666666666663,1.3921451354331218
ergo_adaptive,wind,616,51.25,1.395489592885309
ergo_adaptive,wind,617,51.33333333333337,1.4038682506699047
ergo_adaptive,wind,618,51.41666666666663,1.3987127734435467
ergo_adaptive,wind,619,51.5,1.392994798716641
ergo_adaptive,wind,620,51.58333333333337,1.400207850590857
ergo_adaptive,wind,621,51.66666666666663,1.3781744970325651
ergo_adaptive,wind,622,51.75,1.3910787991512867
ergo_adaptive,wind,623,51.83333333333337,1.4088956651872284
ergo_adaptive,wind,624,51.91666666666663,1.4209280272467477
ergo_adaptive,wind,625,52.0,1.4329619202257877
ergo_adaptive,wind,626,52.08333333333337,1.4136394881920533
ergo_adaptive,wind,627,52.16666666666663,1.407482161125801
ergo_adaptive,wind,628,52.25,1.4046061155119873
ergo_adaptive,wind,629,52.33333333333337,1.4270305735697335
ergo_adaptive,wind,630,52.41666666666663,1.4699753918893785
ergo_adaptive,wind,631,52.5,1.4862535749120223
ergo_adaptive,wind,632,52.58333333333337,1.4700615273103097
ergo_adaptive,wind,633,52.66666666666663,1.472174627250679
ergo_adaptive,wind,634,52.75,1.4394531677464861
ergo_adaptive,wind,635,52.83333333333337,1.4382331400077704
ergo_adaptive,wind,636,52.91666666666663,1.437240457632057
ergo_adaptive,wind,637,53.0,1.433493215056436
ergo_adaptive,wind,638,53.08333333333337,1.451081859320336
ergo_adaptive,wind,639,53.16666666666663,1.4571386257425194
ergo_adaptive,wind,640,53.25,1.4531792977085096
ergo_adaptive,wind,641,53.33333333333337,1.4577014659797667
ergo_adaptive,wind,642,53.41666666666663,1.4589321924765113
ergo_adaptive,wind,643,53.5,1.4441014706889728
ergo_adaptive,wind,644,53.58333333333337,1.4749685594971698
ergo_adaptive,wind,645,53.66666666666663,1.4952001763075777
ergo_adaptive,wind,646,53.75,1.479818958842318
ergo_adaptive,wind,647,53.83333333333337,1.4708485397859363
ergo_adaptive,wind,648,53.91666666666663,1.4547504711872046
ergo_adaptive,wind,649,54.0,1.4681080478110355
ergo_adaptive,wind,650,54.08333333333337,1.4622611618356913
ergo_adaptive,wind,651,54.16666666666663,1.4515924958197537
ergo_adaptive,wind,652,54.25,1.417776275199419
ergo_adaptive,wind,653,54.33333333333337,1.4024523001287332
ergo_adaptive,wind,654,54.41666666666663,1.4107786889151686
ergo_adaptive,wind,655,54.5,1.453630626614696
ergo_adaptive,wind,656,54.58333333333337,1.4736209319313134
ergo_adaptive,wind,657,54.66666666666663,1.4522266955178553
ergo_adaptive,wind,658,54.75,1.453431029003373
ergo_adaptive,wind,659,54.83333333333337,1.415031835876123
ergo_adaptive,wind,660,54.91666666666663,1.4119834802857738
ergo_adaptive,wind,661,55.0,1.4186154539405254
ergo_adaptive,wind,662,55.08333333333337,1.3957120370333653
ergo_adaptive,wind,663,55.16666666666663,1.387921829544794
ergo_adaptive,wind,664,55.25,1.3907245973567468
ergo_adaptive,wind,665,55.33333333333337,1.388906325329375
ergo_adaptive,wind,666,55.41666666666663,1.3965254776887264
ergo_adaptive,wind,667,55.5,1.3970125601288566
ergo_adaptive,wind,668,55.58333333333337,1.396076205819108
ergo_adaptive,wind,669,55.66666666666663,1.4081131306588681
ergo_adaptive,wind,670,55.75,1.3928972142222986
ergo_adaptive,wind,671,55.83333333333337,1.3847090202794474
ergo_adaptive,wind,672,55.91666666666663,1.397513796781118
ergo_adaptive,wind,673,56.0,1.3916129312880594
ergo_adaptive,wind,674,56.08333333333337,1.384443624297116
ergo_adaptive,wind,675,56.16666666666663,1.3905085696497779
ergo_adaptive,wind,676,56.25,1.3774976822547553
ergo_adaptive,wind,677,56.33333333333337,1.3726791240092222
ergo_adaptive,wind,678,56.41666666666663,1.3810442813916421
ergo_adaptive,wind,679,56.5,1.383439021025925
ergo_adaptive,wind,680,56.58333333333337,1.3873674932223936
ergo_adaptive,wind,681,56.66666666666663,1.3727484692694487
ergo_adaptive,wind,682,56.75,1.3701528720845435
ergo_adaptive,wind,683,56.83333333333337,1.3673186646716762
ergo_adaptive,wind,684,56.91666666666663,1.3828779305206516
ergo_adaptive,wind,685,57.0,1.3665780156053084
ergo_adaptive,wind,686,57.08333333333337,1.3704031265694132
ergo_adaptive,wind,687,57.16666666666663,1.3742755742170605
ergo_adaptive,wind,688,57.25,1.3730710549689067
ergo_adaptive,wind,689,57.33333333333337,1.3819479995042387
ergo_adaptive,wind,690,57.41666666666663,1.3817758858564102
ergo_adaptive,wind,691,57.5,1.3789675043318241
ergo_adaptive,wind,692,57.58333333333337,1.3838857542015162
ergo_adaptive,wind,693,57.66666666666663,1.3788618173015437
ergo_adaptive,wind,694,57.75,1.3707871995168344
ergo_adaptive,wind,695,57.83333333333337,1.3620450261568822
ergo_adaptive,wind,696,57.91666666666663,1.379924213384914
ergo_adaptive,wind,697,58.0,1.378108809774317
ergo_adaptive,wind,698,58.08333333333337,1.3818300040496105
ergo_adaptive,wind,699,58.16666666666663,1.3802182299425203
ergo_adaptive,wind,700,58.25,1.3752408976608026
ergo_adaptive,wind,701,58.33333333333337,1.3752360512268502
ergo_adaptive,wind,702,58.41666666666663,1.3717395844516471
ergo_adaptive,wind,703,58.5,1.3721741669594494
ergo_adaptive,wind,704,58.58333333333337,1.3753219741083988
ergo_adaptive,wind,705,58.66666666666663,1.3839311948944375
ergo_adaptive,wind,706,58.75,1.3830589841403471
ergo_adaptive,wind,707,58.83333333333337,1.38326051796571
ergo_adaptive,wind,708,58.91666666666663,1.3746535088718461
ergo_adaptive,wind,709,59.0,1.3720394863240772
ergo_adaptive,wind,710,59.08333333333337,1.388359330578944
ergo_adaptive,wind,711,59.16666666666663,1.3942423677239975
ergo_adaptive,wind,712,59.25,1.4042208471323996
ergo_adaptive,wind,713,59.33333333333337,1.3913414511516444
ergo_adaptive,wind,714,59.41666666666663,1.399731299621012
ergo_adaptive,wind,715,59.5,1.4192073482096452
ergo_adaptive,wind,716,59.58333333333337,1.418662111409403
ergo_adaptive,wind,717,59.66666666666663,1.4115305905057145
ergo_adaptive,wind,718,59.75,1.4184872192187898
ergo_adaptive,wind,719,59.83333333333337,1.4144114626230235
ergo_adaptive,wind,720,59.91666666666663,1.4201667482906224
ergo_adaptive,wind,721,60.0,1.4141623194818707
ergo_adaptive,wind,722,60.08333333333337,1.4126996462132178
ergo_adaptive,wind,723,60.16666666666663,1.4282937256711556
ergo_adaptive,wind,724,60.25,1.4408332248422675
ergo_adaptive,wind,725,60.33333333333337,1.45871578379951
ergo_adaptive,wind,726,60.41666666666663,1.4693056807872422
ergo_adaptive,wind,727,60.5,1.4585186461237376
ergo_adaptive,wind,728,60.58333333333337,1.4597945155159284
ergo_adaptive,wind,729,60.66666666666663,1.4774223636855186
ergo_adaptive,wind,730,60.75,1.4927975088368144
ergo_adaptive,wind,731,60.83333333333337,1.4974573571243908
ergo_adaptive,wind,732,60.91666666666663,1.5225868150089374
ergo_adaptive,wind,733,61.0,1.5245852902579993
ergo_adaptive,wind,734,61.08333333333337,1.539187736729824
ergo_adaptive,wind,735,61.16666666666663,1.5557629737629217
ergo_adaptive,wind,736,61.25,1.5910333562206116
ergo_adaptive,wind,737,61.33333333333337,1.5854028028921905
ergo_adaptive,wind,738,61.41666666666663,1.578624613653564
ergo_adaptive,wind,739,61.5,1.566740961075367
ergo_adaptive,wind,740,61.58333333333337,1.590090614181541
ergo_adaptive,wind,741,61.66666666666663,1.578958098986561
ergo_adaptive,wind,742,61.75,1.5941559375398666
ergo_adaptive,wind,743,61.83333333333337,1.6088681083323821
ergo_adaptive,wind,744,61.91666666666663,1.5924234862850346
ergo_adaptive,wind,745,62.0,1.6177893178487952
ergo_adaptive,wind,746,62.08333333333337,1.6231508374516563
ergo_adaptive,wind,747,62.16666666666663,1.6096213441568255
ergo_adaptive,wind,748,62.25,1.6141049514219135
ergo_adaptive,wind,749,62.33333333333337,1.580787041784167
ergo_adaptive,wind,750,62.41666666666663,1.5773154941057324
ergo_adaptive,wind,751,62.5,1.6000588432935667
ergo_adaptive,wind,752,62.58333333333337,1.607745377415013
ergo_adaptive,wind,753,62.66666666666663,1.6143021059289928
ergo_adaptive,wind,754,62.75,1.6005501478817916
ergo_adaptive,wind,755,62.83333333333337,1.6041194298356947
ergo_adaptive,wind,756,62.91666666666663,1.573499537395736
ergo_adaptive,wind,757,63.0,1.543908312867732
ergo_adaptive,wind,758,63.08333333333337,1.5484025430945678
ergo_adaptive,wind,759,63.16666666666663,1.5423801152960301
ergo_adaptive,wind,760,63.25,1.5903681656818722
ergo_adaptive,wind,761,63.33333333333337,1.6067116641625567
ergo_adaptive,wind,762,63.41666666666663,1.5992812591619883
ergo_adaptive,wind,763,63.5,1.579043375993935
ergo_adaptive,wind,764,63.58333333333337,1.5694201464267858
ergo_adaptive,wind,765,63.66666666666663,1.519723161823712
ergo_adaptive,wind,766,63.75,1.5214145243941384
ergo_adaptive,wind,767,63.83333333333337,1.5166255603170182
ergo_adaptive,wind,768,63.91666666666663,1.5223481906086118
ergo_adaptive,wind,769,64.0,1.5184403858432631
ergo_adaptive,wind,770,64.08333333333337,1.5116345159270566
ergo_adaptive,wind,771,64.16666666666663,1.4960051094694535
ergo_adaptive,wind,772,64.25,1.4975420177847036
ergo_adaptive,wind,773,64.33333333333337,1.4694876309539175
ergo_adaptive,wind,774,64.41666666666663,1.4822103435933702
ergo_adaptive,wind,775,64.5,1.4886155004689683
ergo_adaptive,wind,776,64.58333333333337,1.4549679561098756
ergo_adaptive,wind,777,64.66666666666663,1.4466875606917975
ergo_adaptive,wind,778,64.75,1.4502267704258862
ergo_adaptive,wind,779,64.83333333333337,1.457881602035193
ergo_adaptive,wind,780,64.91666666666663,1.4507881150126227
ergo_adaptive,wind,781,65.0,1.4417917278597467
ergo_adaptive,wind,782,65.08333333333337,1.4397990029168886
ergo_adaptive,wind,783,65.16666666666663,1.4387350281987294
ergo_adaptive,wind,784,65.25,1.4349992687322626
ergo_adaptive,wind,785,65.33333333333337,1.4403965133650036
ergo_adaptive,wind,786,65.41666666666663,1.4499844861441913
ergo_adaptive,wind,787,65.5,1.4394225889967482
ergo_adaptive,wind,788,65.58333333333337,1.4418853201892365
ergo_adaptive,wind,789,65.66666666666663,1.4435052239114936
ergo_adaptive,wind,790,65.75,1.4365868214170527
ergo_adaptive,wind,791,65.83333333333337,1.4339799122512094
ergo_adaptive,wind,792,65.91666666666663,1.4346606158507664
ergo_adaptive,wind,793,66.0,1.4369650592856142
ergo_adaptive,wind,794,66.08333333333337,1.4363528149940004
ergo_adaptive,wind,795,66.16666666666663,1.4370590366334302
ergo_adaptive,wind,796,66.25,1.4369491288418341
ergo_adaptive,wind,797,66.33333333333337,1.4383850740648074
ergo_adaptive,wind,798,66.41666666666663,1.4451479103947675
ergo_adaptive,wind,799,66.5,1.4446423771127122
ergo_adaptive,wind,800,66.58333333333337,1.4599078590013659
ergo_adaptive,wind,801,66.66666666666663,1.4546209932564242
ergo_adaptive,wind,802,66.75,1.455238439360358
ergo_adaptive,wind,803,66.83333333333337,1.4487554026307832
ergo_adaptive,wind,804,66.91666666666663,1.4518111343623668
ergo_adaptive,wind,805,67.0,1.4608636740691119
ergo_adaptive,wind,806,67.08333333333337,1.4504341305431723
ergo_adaptive,wind,807,67.16666666666663,1.4533809738830463
ergo_adaptive,wind,808,67.25,1.4609160950872144
ergo_adaptive,wind,809,67.33333333333337,1.4732087922937611
ergo_adaptive,wind,810,67.41666666666663,1.4876830154148635
ergo_adaptive,wind,811,67.5,1.495665024173095
ergo_adaptive,wind,812,67.58333333333337,1.498559906451694
ergo_adaptive,wind,813,67.66666666666663,1.530593753360134
ergo_adaptive,wind,814,67.75,1.5539819743550258
ergo_adaptive,wind,815,67.83333333333337,1.5472681552258047
ergo_adaptive,wind,816,67.91666666666663,1.5472359743150064
ergo_adaptive,wind,817,68.0,1.5812469769835338
ergo_adaptive,wind,818,68.08333333333337,1.5993827331288535
ergo_adaptive,wind,819,68.16666666666663,1.6201500566781522
ergo_adaptive,wind,820,68.25,1.6549834760181128
ergo_adaptive,wind,821,68.33333333333337,1.6631929562781862
ergo_adaptive,wind,822,68.41666666666663,1.6923107091656069
ergo_adaptive,wind,823,68.5,1.7082006704215256
ergo_adaptive,wind,824,68.58333333333337,1.7228415896882077
ergo_adaptive,wind,825,68.66666666666663,1.7593209681820843
ergo_adaptive,wind,826,68.75,1.7978618060938845
ergo_adaptive,wind,827,68.83333333333337,1.8303531327371854
ergo_adaptive,wind,828,68.91666666666663,1.800442284620645
ergo_adaptive,wind,829,69.0,1.8196713727889868
ergo_adaptive,wind,830,69.08333333333337,1.8175300482909171
ergo_adaptive,wind,831,69.16666666666663,1.789286412551726
ergo_adaptive,wind,832,69.25,1.8166558015400804
ergo_adaptive,wind,833,69.33333333333337,1.8805571333078654
ergo_adaptive,wind,834,69.41666666666663,1.9018588971223964
ergo_adaptive,wind,835,69.5,1.8637361961220684
ergo_adaptive,wind,836,69.58333333333337,1.855822844804521
ergo_adaptive,wind,837,69.66666666666663,1.8437322778567717
ergo_adaptive,wind,838,69.75,1.832840720845248
ergo_adaptive,wind,839,69.83333333333337,1.8300486518145584
ergo_adaptive,wind,840,69.91666666666663,1.8179337196918441
ergo_adaptive,wind,841,70.0,1.824317285318712
ergo_adaptive,wind,842,70.08333333333337,1.7828216033200703
ergo_adaptive,wind,843,70.16666666666663,1.7669112305651327
ergo_adaptive,wind,844,70.25,1.7633045283000912
ergo_adaptive,wind,845,70.33333333333337,1.7809877507546281
ergo_adaptive,wind,846,70.41666666666663,1.7646643271422866
ergo_adaptive,wind,847,70.5,1.7603417165336261
ergo_adaptive,wind,848,70.58333333333337,1.7257796538168813
ergo_adaptive,wind,849,70.66666666666663,1.7242670527967925
ergo_adaptive,wind,850,70.75,1.7254327874945632
ergo_adaptive,wind,851,70.83333333333337,1.682247788489776
ergo_adaptive,wind,852,70.91666666666663,1.6761930234147124
ergo_adaptive,wind,853,71.0,1.6591763126925387
ergo_adaptive,wind,854,71.08333333333337,1.662389750308691
ergo_adaptive,wind,855,71.16666666666663,1.640658116372225
ergo_adaptive,wind,856,71.25,1.6548105471114176
ergo_adaptive,wind,857,71.33333333333337,1.6556584366951659
ergo_adaptive,wind,858,71.41666666666663,1.662782678423435
ergo_adaptive,wind,859,71.5,1.6789397032942424
ergo_adaptive,wind,860,71.58333333333337,1.6747696248714183
ergo_adaptive,wind,861,71.66666666666663,1.6763005445968422
ergo_adaptive,wind,862,71.75,1.681317343625722
ergo_adaptive,wind,863,71.83333333333337,1.6736350611753479
ergo_adaptive,wind,864,71.91666666666663,1.6650633544662445
ergo_adaptive,wind,865,72.0,1.682449964777262
ergo_adaptive,wind,866,72.08333333333337,1.6952245516334095
ergo_adaptive,wind,867,72.16666666666663,1.6639424868207453
ergo_adaptive,wind,868,72.25,1.6902916127318257
ergo_adaptive,wind,869,72.33333333333337,1.703647829336385
ergo_adaptive,wind,870,72.41666666666663,1.6774255952608559
ergo_adaptive,wind,871,72.5,1.689555797816578
ergo_adaptive,wind,872,72.58333333333337,1.6634321696822376
ergo_adaptive,wind,873,72.66666666666663,1.648703672179453
ergo_adaptive,wind,874,72.75,1.6239866318566796
ergo_adaptive,wind,875,72.83333333333337,1.652798466942819
ergo_adaptive,wind,876,72.91666666666663,1.652881387781249
ergo_adaptive,wind,877,73.0,1.6445372701912842
ergo_adaptive,wind,878,73.08333333333337,1.626536697669137
ergo_adaptive,wind,879,73.16666666666663,1.6164284257919626
ergo_adaptive,wind,880,73.25,1.6190025055741155
ergo_adaptive,wind,881,73.33333333333337,1.606712644519441
ergo_adaptive,wind,882,73.41666666666663,1.5948022958527337
ergo_adaptive,wind,883,73.5,1.5699507628415295
ergo_adaptive,wind,884,73.58333333333337,1.557938380958615
ergo_adaptive,wind,885,73.66666666666663,1.543975155238517
ergo_adaptive,wind,886,73.75,1.5517585966975425
ergo_adaptive,wind,887,73.83333333333337,1.5040099105988163
ergo_adaptive,wind,888,73.91666666666663,1.502622047153083
ergo_adaptive,wind,889,74.0,1.4873024109006505
ergo_adaptive,wind,890,74.08333333333337,1.483343960148369
ergo_adaptive,wind,891,74.16666666666663,1.496883181537136
ergo_adaptive,wind,892,74.25,1.5046585959972059
ergo_adaptive,wind,893,74.33333333333337,1.5035645211937687
ergo_adaptive,wind,894,74.41666666666663,1.4840204447226397
ergo_adaptive,wind,895,74.5,1.4712195287991352
ergo_adaptive,wind,896,74.58333333333337,1.4556202126841538
ergo_adaptive,wind,897,74.66666666666663,1.4490226162620314
ergo_adaptive,wind,898,74.75,1.4505735479574333
ergo_adaptive,wind,899,74.83333333333337,1.4413705884708798
ergo_adaptive,wind,900,74.91666666666663,1.4450585459927847
ergo_adaptive,wind,901,75.0,1.4408757812325623
ergo_adaptive,wind,902,75.08333333333337,1.4419417655730937
ergo_adaptive,wind,903,75.16666666666663,1.4370838955162544
ergo_adaptive,wind,904,75.25,1.4318948183567013
ergo_adaptive,wind,905,75.33333333333337,1.4304372438318853
ergo_adaptive,wind,906,75.41666666666663,1.435569133271293
ergo_adaptive,wind,907,75.5,1.4433129948216505
ergo_adaptive,wind,908,75.58333333333337,1.435753895176155
ergo_adaptive,wind,909,75.66666666666663,1.4359884626203903
ergo_adaptive,wind,910,75.75,1.4313495290590237
ergo_adaptive,wind,911,75.83333333333337,1.4283189200795565
ergo_adaptive,wind,912,75.91666666666663,1.4324179973949958
ergo_adaptive,wind,913,76.0,1.4305357720320822
ergo_adaptive,wind,914,76.08333333333337,1.4340249542887484
ergo_adaptive,wind,915,76.16666666666663,1.4295492734299553
ergo_adaptive,wind,916,76.25,1.42557549374671
ergo_adaptive,wind,917,76.33333333333337,1.42681285972681
ergo_adaptive,wind,918,76.41666666666663,1.4306922464747118
ergo_adaptive,wind,919,76.5,1.4332922137845698
ergo_adaptive,wind,920,76.58333333333337,1.432719445567349
ergo_adaptive,wind,921,76.66666666666663,1.4371354703868544
ergo_adaptive,wind,922,76.75,1.4318539580858478
ergo_adaptive,wind,923,76.83333333333337,1.434144425135118
ergo_adaptive,wind,924,76.91666666666663,1.4391969481661462
ergo_adaptive,wind,925,77.0,1.4465073054364066
ergo_adaptive,wind,926,77.08333333333337,1.4416477329818975
ergo_adaptive,wind,927,77.16666666666663,1.4445244600863334
ergo_adaptive,wind,928,77.25,1.4386342364974674
ergo_adaptive,wind,929,77.33333333333337,1.4304392047606198
ergo_adaptive,wind,930,77.41666666666663,1.437683088357451
ergo_adaptive,wind,931,77.5,1.4369427524038996
ergo_adaptive,wind,932,77.58333333333337,1.4346460995762882
ergo_adaptive,wind,933,77.66666666666663,1.4315414081807125
ergo_adaptive,wind,934,77.75,1.437096422281762
ergo_adaptive,wind,935,77.83333333333337,1.4410698140289973
ergo_adaptive,wind,936,77.91666666666663,1.4327957570677614
ergo_adaptive,wind,937,78.0,1.435699855786828
ergo_adaptive,wind,938,78.08333333333337,1.4491732243470463
ergo_adaptive,wind,939,78.16666666666663,1.450329714305655
ergo_adaptive,wind,940,78.25,1.4549028226955079
ergo_adaptive,wind,941,78.33333333333337,1.436834670331594
ergo_adaptive,wind,942,78.41666666666663,1.4288797424322615
ergo_adaptive,wind,943,78.5,1.4225384960542118
ergo_adaptive,wind,944,78.58333333333337,1.4179361427837462
ergo_adaptive,wind,945,78.66666666666663,1.4217176952462474
ergo_adaptive,wind,946,78.75,1.430960691086436
ergo_adaptive,wind,947,78.83333333333337,1.4286318435355179
ergo_adaptive,wind,948,78.91666666666663,1.434927766001378
ergo_adaptive,wind,949,79.0,1.4355721327012665
ergo_adaptive,wind,950,79.08333333333337,1.437528129793473
ergo_adaptive,wind,951,79.16666666666663,1.4433156020339621
ergo_adaptive,wind,952,79.25,1.4474087614698856
ergo_adaptive,wind,953,79.33333333333337,1.4514987122761083
ergo_adaptive,wind,954,79.41666666666663,1.460928808402687
ergo_adaptive,wind,955,79.5,1.469294157080164
ergo_adaptive,wind,956,79.58333333333337,1.4660909584313535
ergo_adaptive,wind,957,79.66666666666663,1.4639755354791566
ergo_adaptive,wind,958,79.75,1.4721227707224147
ergo_adaptive,wind,959,79.83333333333337,1.479964925660049
ergo_adaptive,wind,960,79.91666666666663,1.4894467211835236
ergo_adaptive,wind,961,80.0,1.5015177102546617
ergo_adaptive,wind,962,80.08333333333337,1.5100243034516159
ergo_adaptive,wind,963,80.16666666666663,1.5203403265328324
ergo_adaptive,wind,964,80.25,1.5057760627478158
ergo_adaptive,wind,965,80.33333333333337,1.5171649331871893
ergo_adaptive,wind,966,80.41666666666663,1.5243723555028919
ergo_adaptive,wind,967,80.5,1.5324774494714202
ergo_adaptive,wind,968,80.58333333333337,1.559981679850857
ergo_adaptive,wind,969,80.66666666666663,1.5574404471704595
ergo_adaptive,wind,970,80.75,1.577817877116382
ergo_adaptive,wind,971,80.83333333333337,1.5757454826193817
ergo_adaptive,wind,972,80.91666666666663,1.5849685741210549
ergo_adaptive,wind,973,81.0,1.6003008184995164
ergo_adaptive,wind,974,81.08333333333337,1.5730820076309269
ergo_adaptive,wind,975,81.16666666666663,1.585676130375475
ergo_adaptive,wind,976,81.25,1.5835528526820997
ergo_adaptive,wind,977,81.33333333333337,1.5777468576843452
ergo_adaptive,wind,978,81.41666666666663,1.5731659283367114
ergo_adaptive,wind,979,81.5,1.5992286638184012
ergo_adaptive,wind,980,81.58333333333337,1.5950175251408785
ergo_adaptive,wind,981,81.66666666666663,1.595273913176736
ergo_adaptive,wind,982,81.75,1.6081048010983832
ergo_adaptive,wind,983,81.83333333333337,1.616182956512818
ergo_adaptive,wind,984,81.91666666666663,1.6208878674199128
ergo_adaptive,wind,985,82.0,1.6170753968555673
ergo_adaptive,wind,986,82.08333333333337,1.6157842915405043
ergo_adaptive,wind,987,82.16666666666663,1.6055248907538664
ergo_adaptive,wind,988,82.25,1.6039704422705672
ergo_adaptive,wind,989,82.33333333333337,1.627161433743459
ergo_adaptive,wind,990,82.41666666666663,1.6200206193601185
ergo_adaptive,wind,991,82.5,1.6425447670119875
ergo_adaptive,wind,992,82.58333333333337,1.6331543855703003
ergo_adaptive,wind,993,82.66666666666663,1.6262584472159856
ergo_adaptive,wind,994,82.75,1.6560789331862373
ergo_adaptive,wind,995,82.83333333333337,1.6611746792319686
ergo_adaptive,wind,996,82.91666666666663,1.676192025134064
ergo_adaptive,wind,997,83.0,1.6891742221695014
ergo_adaptive,wind,998,83.08333333333337,1.6913515013658391
ergo_adaptive,wind,999,83.16666666666663,1.713932876916104
ergo_adaptive,wind,1000,83.25,1.709325000332697
ergo_adaptive,wind,1001,83.33333333333337,1.739527041381233
ergo_adaptive,wind,1002,83.41666666666663,1.7473699695404665
ergo_adaptive,wind,1003,83.5,1.7366598693650834
ergo_adaptive,wind,1004,83.58333333333337,1.72240798966145
ergo_adaptive,wind,1005,83.66666666666663,1.7207487830114836
ergo_adaptive,wind,1006,83.75,1.7212598421887793
ergo_adaptive,wind,1007,83.83333333333337,1.7363566304099323
ergo_adaptive,wind,1008,83.91666666666663,1.71644600413125
ergo_adaptive,wind,1009,84.0,1.731614028249441
ergo_adaptive,wind,1010,84.08333333333337,1.7622963668849803
ergo_adaptive,wind,1011,84.16666666666663,1.7444824409104513
ergo_adaptive,wind,1012,84.25,1.7412254178402256
ergo_adaptive,wind,1013,84.33333333333337,1.7462255599963874
ergo_adaptive,wind,1014,84.41666666666663,1.7617655512349941
ergo_adaptive,wind,1015,84.5,1.7737605276834436
ergo_adaptive,wind,1016,84.58333333333337,1.7916551263362375
ergo_adaptive,wind,1017,84.66666666666663,1.8121119548760856
ergo_adaptive,wind,1018,84.75,1.8253054194847584
ergo_adaptive,wind,1019,84.83333333333337,1.8318646988833889
ergo_adaptive,wind,1020,84.91666666666663,1.847265400612822
ergo_adaptive,wind,1021,85.0,1.8512571599633894
ergo_adaptive,wind,1022,85.08333333333337,1.8716027185933182
ergo_adaptive,wind,1023,85.16666666666663,1.899344712389734
ergo_adaptive,wind,1024,85.25,1.875852251412184
ergo_adaptive,wind,1025,85.33333333333337,1.878095361881794
ergo_adaptive,wind,1026,85.41666666666663,1.884544992884492
ergo_adaptive,wind,1027,85.5,1.8927547094328465
ergo_adaptive,wind,1028,85.58333333333337,1.8840804751189482
ergo_adaptive,wind,1029,85.66666666666663,1.8871743532469871
ergo_adaptive,wind,1030,85.75,1.9126053299356538
ergo_adaptive,wind,1031,85.83333333333337,1.9049919457406617
ergo_adaptive,wind,1032,85.91666666666663,1.9081423734492042
ergo_adaptive,wind,1033,86.0,1.9193806503117585
ergo_adaptive,wind,1034,86.08333333333337,1.8981925829125867
ergo_adaptive,wind,1035,86.16666666666663,1.9063061891545299
ergo_adaptive,wind,1036,86.25,1.9230768648788927
ergo_adaptive,wind,1037,86.33333333333337,1.9426948974435445
ergo_adaptive,wind,1038,86.41666666666663,1.9696179389558253
ergo_adaptive,wind,1039,86.5,1.9729983968890823
ergo_adaptive,wind,1040,86.58333333333337,1.966276450634535
ergo_adaptive,wind,1041,86.66666666666663,1.9933520679151484
ergo_adaptive,wind,1042,86.75,2.012079516146022
ergo_adaptive,wind,1043,86.83333333333337,2.016689206506304
ergo_adaptive,wind,1044,86.91666666666663,2.0184611469970375
ergo_adaptive,wind,1045,87.0,2.016427421330376
ergo_adaptive,wind,1046,87.08333333333337,2.017396454925654
ergo_adaptive,wind,1047,87.16666666666663,2.0217341109857117
ergo_adaptive,wind,1048,87.25,1.9984186632630823
ergo_adaptive,wind,1049,87.33333333333337,1.9934412636571903
ergo_adaptive,wind,1050,87.41666666666663,1.9873688395916673
ergo_adaptive,wind,1051,87.5,1.9969481867866243
ergo_adaptive,wind,1052,87.58333333333337,1.975694906222088
ergo_adaptive,wind,1053,87.66666666666663,1.9499780260013102
ergo_adaptive,wind,1054,87.75,1.9408111671153498
ergo_adaptive,wind,1055,87.83333333333337,1.9846552768260384
ergo_adaptive,wind,1056,87.91666666666663,1.975777875406421
ergo_adaptive,wind,1057,88.0,1.9683923191221646
ergo_adaptive,wind,1058,88.08333333333337,1.9794184858046393
ergo_adaptive,wind,1059,88.16666666666663,1.9826890913375554
ergo_adaptive,wind,1060,88.25,1.9833464037806592
ergo_adaptive,wind,1061,88.33333333333337,1.9889261076277025
ergo_adaptive,wind,1062,88.41666666666663,1.9882990334046728
ergo_adaptive,wind,1063,88.5,1.9967147879559282
ergo_adaptive,wind,1064,88.58333333333337,2.007931981951991
ergo_adaptive,wind,1065,88.66666666666663,1.9942280116287765
ergo_adaptive,wind,1066,88.75,1.98380902562807
ergo_adaptive,wind,1067,88.83333333333337,1.9990204063672772
ergo_adaptive,wind,1068,88.91666666666663,2.015672664549099
ergo_adaptive,wind,1069,89.0,1.9956436542280673
ergo_adaptive,wind,1070,89.08333333333337,1.9962157514746681
ergo_adaptive,wind,1071,89.16666666666663,2.0047806506857424
ergo_adaptive,wind,1072,89.25,2.0289296082135886
ergo_adaptive,wind,1073,89.33333333333337,2.0396427813716818
ergo_adaptive,wind,1074,89.41666666666663,2.0383244510293603
ergo_adaptive,wind,1075,89.5,2.045753273271793
ergo_adaptive,wind,1076,89.58333333333337,2.0374889243216443
ergo_adaptive,wind,1077,89.66666666666663,2.036787447281613
ergo_adaptive,wind,1078,89.75,2.054777816384446
ergo_adaptive,wind,1079,89.83333333333337,2.0410333006301284
ergo_adaptive,wind,1080,89.91666666666663,2.033812810432503
ergo_adaptive,wind,1081,90.0,2.046561787150368
ergo_adaptive,wind,1082,90.08333333333337,2.077438138020507
ergo_adaptive,wind,1083,90.16666666666663,2.0879333998910488
ergo_adaptive,wind,1084,90.25,2.0919819744429495
ergo_adaptive,wind,1085,90.33333333333337,2.088063081459197
ergo_adaptive,wind,1086,90.41666666666663,2.0678750340954895
ergo_adaptive,wind,1087,90.5,2.0567068069198537
ergo_adaptive,wind,1088,90.58333333333337,2.05228062972348
ergo_adaptive,wind,1089,90.66666666666663,2.0302207280626825
ergo_adaptive,wind,1090,90.75,2.020431569367721
ergo_adaptive,wind,1091,90.83333333333337,1.9886417667708112
ergo_adaptive,wind,1092,90.91666666666663,2.0008468696306494
ergo_adaptive,wind,1093,91.0,2.0075108839174858
ergo_adaptive,wind,1094,91.08333333333337,2.0029076978786486
ergo_adaptive,wind,1095,91.16666666666663,2.0111370480517787
ergo_adaptive,wind,1096,91.25,2.069349039420751
ergo_adaptive,wind,1097,91.33333333333337,2.0588540084262847
ergo_adaptive,wind,1098,91.41666666666663,2.0539103608277864
ergo_adaptive,wind,1099,91.5,2.074451677790819
ergo_adaptive,wind,1100,91.58333333333337,2.0999709759256926
ergo_adaptive,wind,1101,91.66666666666663,2.0856396879139174
ergo_adaptive,wind,1102,91.75,2.0762148371874414
ergo_adaptive,wind,1103,91.83333333333337,2.0764015484323157
ergo_adaptive,wind,1104,91.91666666666663,2.0811315505379477
ergo_adaptive,wind,1105,92.0,2.079062588272465
ergo_adaptive,wind,1106,92.08333333333337,2.088874854559069
ergo_adaptive,wind,1107,92.16666666666663,2.088807647003976
ergo_adaptive,wind,1108,92.25,2.106349645865121
ergo_adaptive,wind,1109,92.33333333333337,2.088915438832011
ergo_adaptive,wind,1110,92.41666666666663,2.0927689983640536
ergo_adaptive,wind,1111,92.5,2.121989552851673
ergo_adaptive,wind,1112,92.58333333333337,2.1315472517027207
ergo_adaptive,wind,1113,92.66666666666663,2.122582092714217
ergo_adaptive,wind,1114,92.75,2.0966206626011825
ergo_adaptive,wind,1115,92.83333333333337,2.083283471702078
ergo_adaptive,wind,1116,92.91666666666663,2.0884883958362184
ergo_adaptive,wind,1117,93.0,2.072588530574787
ergo_adaptive,wind,1118,93.08333333333337,2.0838583708265928
ergo_adaptive,wind,1119,93.16666666666663,2.0801073191178427
ergo_adaptive,wind,1120,93.25,2.0585019800639492
ergo_adaptive,wind,1121,93.33333333333337,2.0715133826667884
ergo_adaptive,wind,1122,93.41666666666663,2.0837169412401595
ergo_adaptive,wind,1123,93.5,2.090979164531244
ergo_adaptive,wind,1124,93.58333333333337,2.111880132484778
ergo_adaptive,wind,1125,93.66666666666663,2.1098652454619082
ergo_adaptive,wind,1126,93.75,2.099222048405223
ergo_adaptive,wind,1127,93.83333333333337,2.121419523713844
ergo_adaptive,wind,1128,93.91666666666663,2.1285547615277234
ergo_adaptive,wind,1129,94.0,2.1460816514615293
ergo_adaptive,wind,1130,94.08333333333337,2.1463412384577976
ergo_adaptive,wind,1131,94.16666666666663,2.1450662658694633
ergo_adaptive,wind,1132,94.25,2.1446616002157146
ergo_adaptive,wind,1133,94.33333333333337,2.1639050843270193
ergo_adaptive,wind,1134,94.41666666666663,2.1928182792636433
ergo_adaptive,wind,1135,94.5,2.1693868632852955
ergo_adaptive,wind,1136,94.58333333333337,2.1735315921025493
ergo_adaptive,wind,1137,94.66666666666663,2.1615585566494158
ergo_adaptive,wind,1138,94.75,2.17979283382797
ergo_adaptive,wind,1139,94.83333333333337,2.1647480439880535
ergo_adaptive,wind,1140,94.91666666666663,2.135120656160174
ergo_adaptive,wind,1141,95.0,2.154289222609975
ergo_adaptive,wind,1142,95.08333333333337,2.1282648275903946
ergo_adaptive,wind,1143,95.16666666666663,2.111294839818033
ergo_adaptive,wind,1144,95.25,2.135412598545483
ergo_adaptive,wind,1145,95.33333333333337,2.130777936353242
ergo_adaptive,wind,1146,95.41666666666663,2.147790535485626
ergo_adaptive,wind,1147,95.5,2.126834082838971
ergo_adaptive,wind,1148,95.58333333333337,2.098659352239159
ergo_adaptive,wind,1149,95.66666666666663,2.0979763119265784
ergo_adaptive,wind,1150,95.75,2.0926142465370736
ergo_adaptive,wind,1151,95.83333333333337,2.1037587555355652
ergo_adaptive,wind,1152,95.91666666666663,2.0571797540135432
ergo_adaptive,wind,1153,96.0,2.071812648292036
ergo_adaptive,wind,1154,96.08333333333337,2.100516974900868
ergo_adaptive,wind,1155,96.16666666666663,2.114668274738577
ergo_adaptive,wind,1156,96.25,2.0981714544270975
ergo_adaptive,wind,1157,96.33333333333337,2.0831855540060795
ergo_adaptive,wind,1158,96.41666666666663,2.102579063132545
ergo_adaptive,wind,1159,96.5,2.0684818052392777
ergo_adaptive,wind,1160,96.58333333333337,2.092442603498561
ergo_adaptive,wind,1161,96.66666666666663,2.069663319101894
ergo_adaptive,wind,1162,96.75,2.037944415362914
ergo_adaptive,wind,1163,96.83333333333337,2.0444330291055395
ergo_adaptive,wind,1164,96.91666666666663,2.0230452733402293
ergo_adaptive,wind,1165,97.0,2.030878838311096
ergo_adaptive,wind,1166,97.08333333333337,2.0115419431103367
ergo_adaptive,wind,1167,97.16666666666663,1.9766800222494094
ergo_adaptive,wind,1168,97.25,1.9614246530229258
ergo_adaptive,wind,1169,97.33333333333337,1.9373958018202697
ergo_adaptive,wind,1170,97.41666666666663,1.9483248884913844
ergo_adaptive,wind,1171,97.5,1.9569436506399205
ergo_adaptive,wind,1172,97.58333333333337,1.9331497719208617
ergo_adaptive,wind,1173,97.66666666666663,1.9225352755541296
ergo_adaptive,wind,1174,97.75,1.9191087548124033
ergo_adaptive,wind,1175,97.83333333333337,1.9308492484904205
ergo_adaptive,wind,1176,97.91666666666663,1.935893010040163
ergo_adaptive,wind,1177,98.0,1.9047206221304969
ergo_adaptive,wind,1178,98.08333333333337,1.878236115812151
ergo_adaptive,wind,1179,98.16666666666663,1.8601786823249715
ergo_adaptive,wind,1180,98.25,1.8741750228354312
ergo_adaptive,wind,1181,98.33333333333337,1.8526564276914985
ergo_adaptive,wind,1182,98.41666666666663,1.8553006186139913
ergo_adaptive,wind,1183,98.5,1.8461331620847594
ergo_adaptive,wind,1184,98.58333333333337,1.8620238410173071
ergo_adaptive,wind,1185,98.66666666666663,1.861129946978468
ergo_adaptive,wind,1186,98.75,1.8717340805285758
ergo_adaptive,wind,1187,98.83333333333337,1.8638319556497251
ergo_adaptive,wind,1188,98.91666666666663,1.8441955395604912
ergo_adaptive,wind,1189,99.0,1.820596182517494
ergo_adaptive,wind,1190,99.08333333333337,1.811937969458579
ergo_adaptive,wind,1191,99.16666666666663,1.8239823889782714
ergo_adaptive,wind,1192,99.25,1.8625901103877274
ergo_adaptive,wind,1193,99.33333333333337,1.8371907397887757
ergo_adaptive,wind,1194,99.41666666666663,1.8341733545071286
ergo_adaptive,wind,1195,99.5,1.8570227859508577
ergo_adaptive,wind,1196,99.58333333333337,1.8404955215519654
ergo_adaptive,wind,1197,99.66666666666663,1.8042538259744496
ergo_adaptive,wind,1198,99.75,1.8115096590771704
ergo_adaptive,wind,1199,99.83333333333337,1.8205467208351107
ergo_adaptive,wind,1200,99.91666666666663,1.8334995590500025
ergo_adaptive,wind,1201,100.0,1.8570845601981298
ergo_adaptive,wind,1202,100.08333333333337,1.8639835204790527
ergo_adaptive,wind,1203,100.16666666666663,1.8636466715090736
ergo_adaptive,wind,1204,100.25,1.8906846973379723
ergo_adaptive,wind,1205,100.33333333333337,1.8877923853551057
ergo_adaptive,wind,1206,100.41666666666663,1.9017700185816233
ergo_adaptive,wind,1207,100.5,1.9056062639857485
ergo_adaptive,wind,1208,100.58333333333337,1.9321324460958298
ergo_adaptive,wind,1209,100.66666666666663,1.9665167705590108
ergo_adaptive,wind,1210,100.75,2.011742302128418
ergo_adaptive,wind,1211,100.83333333333337,2.0164086773561136
ergo_adaptive,wind,1212,100.91666666666663,2.025665280728946
ergo_adaptive,wind,1213,101.0,1.9994206655732405
ergo_adaptive,wind,1214,101.08333333333337,1.9910791116663729
ergo_adaptive,wind,1215,101.16666666666663,2.0083329795827045
ergo_adaptive,wind,1216,101.25,1.999327415104413
ergo_adaptive,wind,1217,101.33333333333337,2.034467637167858
ergo_adaptive,wind,1218,101.41666666666663,2.0413820308634287
ergo_adaptive,wind,1219,101.5,2.0528636963446103
ergo_adaptive,wind,1220,101.58333333333337,2.089031117402898
ergo_adaptive,wind,1221,101.66666666666663,2.088417652110361
ergo_adaptive,wind,1222,101.75,2.0871816750966032
ergo_adaptive,wind,1223,101.83333333333337,2.0819151542451855
ergo_adaptive,wind,1224,101.91666666666663,2.049397484072487
ergo_adaptive,wind,1225,102.0,2.053314331357107
ergo_adaptive,wind,1226,102.08333333333337,2.048732801159235
ergo_adaptive,wind,1227,102.16666666666663,2.0390976385092707
ergo_adaptive,wind,1228,102.25,2.074280864614681
ergo_adaptive,wind,1229,102.33333333333337,2.0889092155017495
ergo_adaptive,wind,1230,102.41666666666663,2.118205049302074
ergo_adaptive,wind,1231,102.5,2.166150524203207
ergo_adaptive,wind,1232,102.58333333333337,2.153905595655497
ergo_adaptive,wind,1233,102.66666666666663,2.1459325319122207
ergo_adaptive,wind,1234,102.75,2.1513514724536553
ergo_adaptive,wind,1235,102.83333333333337,2.132732799375989
ergo_adaptive,wind,1236,102.91666666666663,2.1340029696044867
ergo_adaptive,wind,1237,103.0,2.1426700419786475
ergo_adaptive,wind,1238,103.08333333333337,2.152827289056278
ergo_adaptive,wind,1239,103.16666666666663,2.164659196896969
ergo_adaptive,wind,1240,103.25,2.1780444758025927
ergo_adaptive,wind,1241,103.33333333333337,2.173771914776054
ergo_adaptive,wind,1242,103.41666666666663,2.1619916440165277
ergo_adaptive,wind,1243,103.5,2.139610633810842
ergo_adaptive,wind,1244,103.58333333333337,2.112411792221233
ergo_adaptive,wind,1245,103.66666666666663,2.1063574397792615
ergo_adaptive,wind,1246,103.75,2.106501277498628
ergo_adaptive,wind,1247,103.83333333333337,2.1233535117993885
ergo_adaptive,wind,1248,103.91666666666663,2.1084571066982187
ergo_adaptive,wind,1249,104.0,2.0922881068570507
ergo_adaptive,wind,1250,104.08333333333337,2.0993998981454
ergo_adaptive,wind,1251,104.16666666666663,2.098112207317639
ergo_adaptive,wind,1252,104.25,2.0952229864986256
ergo_adaptive,wind,1253,104.33333333333337,2.1148502836800405
ergo_adaptive,wind,1254,104.41666666666663,2.1261517803747605
ergo_adaptive,wind,1255,104.5,2.1481481746064004
ergo_adaptive,wind,1256,104.58333333333337,2.132383611273844
ergo_adaptive,wind,1257,104.66666666666663,2.132298250831147
ergo_adaptive,wind,1258,104.75,2.1277783397721066
ergo_adaptive,wind,1259,104.83333333333337,2.124520513473046
ergo_adaptive,wind,1260,104.91666666666663,2.059557197214331
ergo_adaptive,wind,1261,105.0,2.0618999193735887
ergo_adaptive,wind,1262,105.08333333333337,2.0481678304055384
ergo_adaptive,wind,1263,105.16666666666663,2.0074294744838967
ergo_adaptive,wind,1264,105.25,2.077562040271691
ergo_adaptive,wind,1265,105.33333333333337,2.1487396974976716
ergo_adaptive,wind,1266,105.41666666666663,2.152246801019266
ergo_adaptive,wind,1267,105.5,2.1703501642323104
ergo_adaptive,wind,1268,105.58333333333337,2.166401076012744
ergo_adaptive,wind,1269,105.66666666666663,2.151889366081564
ergo_adaptive,wind,1270,105.75,2.1962223115512356
ergo_adaptive,wind,1271,105.83333333333337,2.1797967026044605
ergo_adaptive,wind,1272,105.91666666666663,2.163575182378986
ergo_adaptive,wind,1273,106.0,2.177167981270851
ergo_adaptive,wind,1274,106.08333333333337,2.2289226492985192
ergo_adaptive,wind,1275,106.16666666666663,2.2681998223745383
ergo_adaptive,wind,1276,106.25,2.2478459596080187
ergo_adaptive,wind,1277,106.33333333333337,2.2857096811502973
ergo_adaptive,wind,1278,106.41666666666663,2.3217823044957897
ergo_adaptive,wind,1279,106.5,2.365572291156497
ergo_adaptive,wind,1280,106.58333333333337,2.318851133179311
ergo_adaptive,wind,1281,106.66666666666663,2.345523442086778
ergo_adaptive,wind,1282,106.75,2.3015161378450704
ergo_adaptive,wind,1283,106.83333333333337,2.2590920863732187
ergo_adaptive,wind,1284,106.91666666666663,2.2655113099174407
ergo_adaptive,wind,1285,107.0,2.2625289194842
ergo_adaptive,wind,1286,107.08333333333337,2.2745515477332976
ergo_adaptive,wind,1287,107.16666666666663,2.285343601229178
ergo_adaptive,wind,1288,107.25,2.258018389936116
ergo_adaptive,wind,1289,107.33333333333337,2.2305386523807886
ergo_adaptive,wind,1290,107.41666666666663,2.2706581035653737
ergo_adaptive,wind,1291,107.5,2.2467042150295433
ergo_adaptive,wind,1292,107.58333333333337,2.2453099494221096
ergo_adaptive,wind,1293,107.66666666666663,2.2433374555077314
ergo_adaptive,wind,1294,107.75,2.253511448841637
ergo_adaptive,wind,1295,107.83333333333337,2.244901995158166
ergo_adaptive,wind,1296,107.91666666666663,2.235316375663203
ergo_adaptive,wind,1297,108.0,2.2496429813773373
ergo_adaptive,wind,1298,108.08333333333337,2.2369902574577947
ergo_adaptive,wind,1299,108.16666666666663,2.243525407816304
ergo_adaptive,wind,1300,108.25,2.2668421019661205
ergo_adaptive,wind,1301,108.33333333333337,2.2695053247033137
ergo_adaptive,wind,1302,108.41666666666663,2.3012096718259545
ergo_adaptive,wind,1303,108.5,2.2935634098031326
ergo_adaptive,wind,1304,108.58333333333337,2.2810737740252476
ergo_adaptive,wind,1305,108.66666666666663,2.2880591524273397
ergo_adaptive,wind,1306,108.75,2.287010584379701
ergo_adaptive,wind,1307,108.83333333333337,2.3208912966541897
ergo_adaptive,wind,1308,108.91666666666663,2.290806160490934
ergo_adaptive,wind,1309,109.0,2.285232311025557
ergo_adaptive,wind,1310,109.08333333333337,2.329869321169445
ergo_adaptive,wind,1311,109.16666666666663,2.339444023471151
ergo_adaptive,wind,1312,109.25,2.3312875156621846
ergo_adaptive,wind,1313,109.33333333333337,2.3368445909710385
ergo_adaptive,wind,1314,109.41666666666663,2.347939114965575
ergo_adaptive,wind,1315,109.5,2.330836031571498
ergo_adaptive,wind,1316,109.58333333333337,2.306878880380616
ergo_adaptive,wind,1317,109.66666666666663,2.295578235238152
ergo_adaptive,wind,1318,109.75,2.275894851366317
ergo_adaptive,wind,1319,109.83333333333337,2.243262410326435
ergo_adaptive,wind,1320,109.91666666666663,2.2487927982148976
ergo_adaptive,wind,1321,110.0,2.2347739971949006
ergo_adaptive,wind,1322,110.08333333333337,2.2539739493531386
ergo_adaptive,wind,1323,110.16666666666663,2.2426143741022484
ergo_adaptive,wind,1324,110.25,2.236299165079625
ergo_adaptive,wind,1325,110.33333333333337,2.2390254205387463
ergo_adaptive,wind,1326,110.41666666666663,2.2656560188738957
ergo_adaptive,wind,1327,110.5,2.2749502726669326
ergo_adaptive,wind,1328,110.58333333333337,2.3105678672739267
ergo_adaptive,wind,1329,110.66666666666663,2.323365884279076
ergo_adaptive,wind,1330,110.75,2.323691036536149
ergo_adaptive,wind,1331,110.83333333333337,2.309428505667281
ergo_adaptive,wind,1332,110.91666666666663,2.330955925840213
ergo_adaptive,wind,1333,111.0,2.3124602637627794
ergo_adaptive,wind,1334,111.08333333333337,2.342030871030687
ergo_adaptive,wind,1335,111.16666666666663,2.3524731151412097
ergo_adaptive,wind,1336,111.25,2.3570286125702937
ergo_adaptive,wind,1337,111.33333333333337,2.3500222749409354
ergo_adaptive,wind,1338,111.41666666666663,2.3513887610791406
ergo_adaptive,wind,1339,111.5,2.3525473851724645
ergo_adaptive,wind,1340,111.58333333333337,2.3642893786667214
ergo_adaptive,wind,1341,111.66666666666663,2.369428252113768
ergo_adaptive,wind,1342,111.75,2.382327812144973
ergo_adaptive,wind,1343,111.83333333333337,2.3869774001856894
ergo_adaptive,wind,1344,111.91666666666663,2.385576658800704
ergo_adaptive,wind,1345,112.0,2.3620109985252142
ergo_adaptive,wind,1346,112.08333333333337,2.347914665562672
ergo_adaptive,wind,1347,112.16666666666663,2.3571844491165304
ergo_adaptive,wind,1348,112.25,2.345214660388742
ergo_adaptive,wind,1349,112.33333333333337,2.3416518076649635
ergo_adaptive,wind,1350,112.41666666666663,2.3407069433599763
ergo_adaptive,wind,1351,112.5,2.3391662621257443
ergo_adaptive,wind,1352,112.58333333333337,2.339261998186215
ergo_adaptive,wind,1353,112.66666666666663,2.318659552629956
ergo_adaptive,wind,1354,112.75,2.331182172619336
ergo_adaptive,wind,1355,112.83333333333337,2.34412115906288
ergo_adaptive,wind,1356,112.91666666666663,2.342535190821086
ergo_adaptive,wind,1357,113.0,2.3533488213804863
ergo_adaptive,wind,1358,113.08333333333337,2.3361044154660284
ergo_adaptive,wind,1359,113.16666666666663,2.3330312394554444
ergo_adaptive,wind,1360,113.25,2.348394322405638
ergo_adaptive,wind,1361,113.33333333333337,2.3379154093622323
ergo_adaptive,wind,1362,113.41666666666663,2.362221074875165
ergo_adaptive,wind,1363,113.5,2.3632677564456377
ergo_adaptive,wind,1364,113.58333333333337,2.348935096743512
ergo_adaptive,wind,1365,113.66666666666663,2.329817367929479
ergo_adaptive,wind,1366,113.75,2.3176329956282387
ergo_adaptive,wind,1367,113.83333333333337,2.3258433907104505
ergo_adaptive,wind,1368,113.91666666666663,2.3409521000367217
ergo_adaptive,wind,1369,114.0,2.359355778776501
ergo_adaptive,wind,1370,114.08333333333337,2.3505442438114335
ergo_adaptive,wind,1371,114.16666666666663,2.3683532331478525
ergo_adaptive,wind,1372,114.25,2.3626492395941345
ergo_adaptive,wind,1373,114.33333333333337,2.3646916966275535
ergo_adaptive,wind,1374,114.41666666666663,2.3854638847956875
ergo_adaptive,wind,1375,114.5,2.3574444727747093
ergo_adaptive,wind,1376,114.58333333333337,2.384480171012365
ergo_adaptive,wind,1377,114.66666666666663,2.3941837150014447
ergo_adaptive,wind,1378,114.75,2.3931839477249786
ergo_adaptive,wind,1379,114.83333333333337,2.39687213585543
ergo_adaptive,wind,1380,114.91666666666663,2.3741793501273247
ergo_adaptive,wind,1381,115.0,2.4145264785471086
ergo_adaptive,wind,1382,115.08333333333337,2.3903143427155946
ergo_adaptive,wind,1383,115.16666666666663,2.36024746752628
ergo_adaptive,wind,1384,115.25,2.3856337528441007
ergo_adaptive,wind,1385,115.33333333333337,2.3813034664496175
ergo_adaptive,wind,1386,115.41666666666663,2.395397601007888
ergo_adaptive,wind,1387,115.5,2.3834992781519704
ergo_adaptive,wind,1388,115.58333333333337,2.3709014515273554
ergo_adaptive,wind,1389,115.66666666666663,2.3328389641664375
ergo_adaptive,wind,1390,115.75,2.3459697426393986
ergo_adaptive,wind,1391,115.83333333333337,2.3181019999930865
ergo_adaptive,wind,1392,115.91666666666663,2.3449649522971434
ergo_adaptive,wind,1393,116.0,2.3379869221889065
ergo_adaptive,wind,1394,116.08333333333337,2.330090437231784
ergo_adaptive,wind,1395,116.16666666666663,2.349602231136568
ergo_adaptive,wind,1396,116.25,2.3685622554031625
ergo_adaptive,wind,1397,116.33333333333337,2.3600549782620623
ergo_adaptive,wind,1398,116.41666666666663,2.3709216677471243
ergo_adaptive,wind,1399,116.5,2.3791913418105457
ergo_adaptive,wind,1400,116.58333333333337,2.4180615987056084
ergo_adaptive,wind,1401,116.66666666666663,2.406982622084784
ergo_adaptive,wind,1402,116.75,2.4338779273158213
ergo_adaptive,wind,1403,116.83333333333337,2.4374284911700403
ergo_adaptive,wind,1404,116.91666666666663,2.4487824641566633
ergo_adaptive,wind,1405,117.0,2.429593955882306
ergo_adaptive,wind,1406,117.08333333333337,2.4425262192380455
ergo_adaptive,wind,1407,117.16666666666663,2.4434063263222994
ergo_adaptive,wind,1408,117.25,2.4626379320271763
ergo_adaptive,wind,1409,117.33333333333337,2.4407484754494195
ergo_adaptive,wind,1410,117.41666666666663,2.4320334616701067
ergo_adaptive,wind,1411,117.5,2.4325824258161592
ergo_adaptive,wind,1412,117.58333333333337,2.4116967510231504
ergo_adaptive,wind,1413,117.66666666666663,2.420973378206333
ergo_adaptive,wind,1414,117.75,2.411867627884113
ergo_adaptive,wind,1415,117.83333333333337,2.441545290433331
ergo_adaptive,wind,1416,117.91666666666663,2.442848493514607
ergo_adaptive,wind,1417,118.0,2.4378697645747613
ergo_adaptive,wind,1418,118.08333333333337,2.4440195412183234
ergo_adaptive,wind,1419,118.16666666666663,2.4403030980363836
ergo_adaptive,wind,1420,118.25,2.4144830285634353
ergo_adaptive,wind,1421,118.33333333333337,2.4262956506857605
ergo_adaptive,wind,1422,118.41666666666663,2.4161992962449035
ergo_adaptive,wind,1423,118.5,2.413603559633039
ergo_adaptive,wind,1424,118.58333333333337,2.4497058990126463
ergo_adaptive,wind,1425,118.66666666666663,2.451271815166681
ergo_adaptive,wind,1426,118.75,2.4417864989772617
ergo_adaptive,wind,1427,118.83333333333337,2.444708986963159
ergo_adaptive,wind,1428,118.91666666666663,2.418474928092243
ergo_adaptive,wind,1429,119.0,2.434314382399575
ergo_adaptive,wind,1430,119.08333333333337,2.4351352031073565
ergo_adaptive,wind,1431,119.16666666666663,2.4293343990922174
ergo_adaptive,wind,1432,119.25,2.4289709078079134
ergo_adaptive,wind,1433,119.33333333333337,2.404051818349822
ergo_adaptive,wind,1434,119.41666666666663,2.422687371008917
ergo_adaptive,wind,1435,119.5,2.4304982597722837
ergo_adaptive,wind,1436,119.58333333333337,2.4197418384110168
ergo_adaptive,wind,1437,119.66666666666663,2.410308035739604
ergo_adaptive,wind,1438,119.75,2.399648759071005
ergo_adaptive,wind,1439,119.83333333333337,2.399258303305258
ergo_adaptive,wind,1440,119.91666666666663,2.3932036641777157
ergo_adaptive,wind,1441,120.0,2.4113956002897132
ergo_adaptive,wind,1442,120.08333333333337,2.42237754072175
ergo_adaptive,wind,1443,120.16666666666663,2.393468786018554
ergo_adaptive,wind,1444,120.25,2.401971558978647
ergo_adaptive,wind,1445,120.33333333333337,2.414584062414
ergo_adaptive,wind,1446,120.41666666666663,2.425690621228884
ergo_adaptive,wind,1447,120.5,2.439005332060448
ergo_adaptive,wind,1448,120.58333333333337,2.4421357234861087
ergo_adaptive,wind,1449,120.66666666666663,2.424681240710125
ergo_adaptive,wind,1450,120.75,2.4172457051847056
ergo_adaptive,wind,1451,120.83333333333337,2.449628826432309
ergo_adaptive,wind,1452,120.91666666666663,2.4143989132125485
ergo_adaptive,wind,1453,121.0,2.425825911997015
ergo_adaptive,wind,1454,121.08333333333337,2.4373765252474637
ergo_adaptive,wind,1455,121.16666666666663,2.4653448236053808
ergo_adaptive,wind,1456,121.25,2.4558935017013215
ergo_adaptive,wind,1457,121.33333333333337,2.4631355110860067
ergo_adaptive,wind,1458,121.41666666666663,2.4644992160820176
ergo_adaptive,wind,1459,121.5,2.474159606732227
ergo_adaptive,wind,1460,121.58333333333337,2.434854503480033
ergo_adaptive,wind,1461,121.66666666666663,2.4260049484415687
ergo_adaptive,wind,1462,121.75,2.4577392545107033
ergo_adaptive,wind,1463,121.83333333333337,2.448867577487191
ergo_adaptive,wind,1464,121.91666666666663,2.465831335405243
ergo_adaptive,wind,1465,122.0,2.4916412113012547
ergo_adaptive,wind,1466,122.08333333333337,2.469943130314947
ergo_adaptive,wind,1467,122.16666666666663,2.4843846012740824
ergo_adaptive,wind,1468,122.25,2.489685821283445
ergo_adaptive,wind,1469,122.33333333333337,2.479707516718235
ergo_adaptive,wind,1470,122.41666666666663,2.4656774242191832
ergo_adaptive,wind,1471,122.5,2.4817801719766184
ergo_adaptive,wind,1472,122.58333333333337,2.4758166814789293
ergo_adaptive,wind,1473,122.66666666666663,2.470175990231673
ergo_adaptive,wind,1474,122.75,2.44114664251588
ergo_adaptive,wind,1475,122.83333333333337,2.438952059946102
ergo_adaptive,wind,1476,122.91666666666663,2.477420861175014
ergo_adaptive,wind,1477,123.0,2.4730867473288476
ergo_adaptive,wind,1478,123.08333333333337,2.492580425454267
ergo_adaptive,wind,1479,123.16666666666663,2.5091719753829365
ergo_adaptive,wind,1480,123.25,2.494931149670679
ergo_adaptive,wind,1481,123.33333333333337,2.4734562465974403
ergo_adaptive,wind,1482,123.41666666666663,2.4603794174900124
ergo_adaptive,wind,1483,123.5,2.449228825578736
ergo_adaptive,wind,1484,123.58333333333337,2.4529245657680088
ergo_adaptive,wind,1485,123.66666666666663,2.466337509139609
ergo_adaptive,wind,1486,123.75,2.483699874426233
ergo_adaptive,wind,1487,123.83333333333337,2.4814686656243166
ergo_adaptive,wind,1488,123.91666666666663,2.4604762161990434
ergo_adaptive,wind,1489,124.0,2.4434576430751496
ergo_adaptive,wind,1490,124.08333333333337,2.425775861070499
ergo_adaptive,wind,1491,124.16666666666663,2.4477098556660337
ergo_adaptive,wind,1492,124.25,2.451708196489332
ergo_adaptive,wind,1493,124.33333333333337,2.4690446932333097
ergo_adaptive,wind,1494,124.41666666666663,2.4610849828935724
ergo_adaptive,wind,1495,124.5,2.4566864992336495
ergo_adaptive,wind,1496,124.58333333333337,2.473818463240974
ergo_adaptive,wind,1497,124.66666666666663,2.478905337696524
ergo_adaptive,wind,1498,124.75,2.490848618442163
ergo_adaptive,wind,1499,124.83333333333337,2.494616756499887
ergo_adaptive,wind,1500,124.91666666666663,2.5040445063594703
ergo_adaptive,wind,1501,125.0,2.5137563510884355
ergo_adaptive,wind,1502,125.08333333333337,2.515982519123848
ergo_adaptive,wind,1503,125.16666666666663,2.526946640612287
ergo_adaptive,wind,1504,125.25,2.5061561644022845
ergo_adaptive,wind,1505,125.33333333333337,2.510954927435072
ergo_adaptive,wind,1506,125.41666666666663,2.499518356240335
ergo_adaptive,wind,1507,125.5,2.4900881791340703
ergo_adaptive,wind,1508,125.58333333333337,2.4998810291419256
ergo_adaptive,wind,1509,125.66666666666663,2.4861449416637162
ergo_adaptive,wind,1510,125.75,2.492804058886581
ergo_adaptive,wind,1511,125.83333333333337,2.49039060827159
ergo_adaptive,wind,1512,125.91666666666663,2.5141629474269114
ergo_adaptive,wind,1513,126.0,2.4928369601780056
ergo_adaptive,wind,1514,126.08333333333337,2.487800325944442
ergo_adaptive,wind,1515,126.16666666666663,2.492892187442738
ergo_adaptive,wind,1516,126.25,2.4951685238169428
ergo_adaptive,wind,1517,126.33333333333337,2.5302837012259287
ergo_adaptive,wind,1518,126.41666666666663,2.545982904969715
ergo_adaptive,wind,1519,126.5,2.542069630269186
ergo_adaptive,wind,1520,126.58333333333337,2.523051891544846
ergo_adaptive,wind,1521,126.66666666666663,2.52553383459048
ergo_adaptive,wind,1522,126.75,2.503541073258214
ergo_adaptive,wind,1523,126.83333333333337,2.5221739038884596
ergo_adaptive,wind,1524,126.91666666666663,2.5098355711825677
ergo_adaptive,wind,1525,127.0,2.5181247020256716
ergo_adaptive,wind,1526,127.08333333333337,2.5144336357193855
ergo_adaptive,wind,1527,127.16666666666663,2.5120798375758007
ergo_adaptive,wind,1528,127.25,2.52626494943236
ergo_adaptive,wind,1529,127.33333333333337,2.5168407241202355
ergo_adaptive,wind,1530,127.41666666666663,2.490871528120803
ergo_adaptive,wind,1531,127.5,2.4772154015186993
ergo_adaptive,wind,1532,127.58333333333337,2.5161085405911803
ergo_adaptive,wind,1533,127.66666666666663,2.5085525956762282
ergo_adaptive,wind,1534,127.75,2.509893363215154
ergo_adaptive,wind,1535,127.83333333333337,2.4709812842574035
ergo_adaptive,wind,1536,127.91666666666663,2.496269434678207
ergo_adaptive,wind,1537,128.0,2.501075911089562
ergo_adaptive,wind,1538,128.08333333333337,2.505761240037038
ergo_adaptive,wind,1539,128.16666666666663,2.5039465719795184
ergo_adaptive,wind,1540,128.25,2.5111675294904963
ergo_adaptive,wind,1541,128.33333333333337,2.5202491043257598
ergo_adaptive,wind,1542,128.41666666666663,2.5033076622321393
ergo_adaptive,wind,1543,128.5,2.4935976818708885
ergo_adaptive,wind,1544,128.58333333333337,2.4995030250348487
ergo_adaptive,wind,1545,128.66666666666663,2.483666613314574
ergo_adaptive,wind,1546,128.75,2.5279844736661707
ergo_adaptive,wind,1547,128.83333333333337,2.527228538714756
ergo_adaptive,wind,1548,128.91666666666663,2.5523348422568386
ergo_adaptive,wind,1549,129.0,2.5089115338822694
ergo_adaptive,wind,1550,129.08333333333337,2.477559162130875
ergo_adaptive,wind,1551,129.16666666666663,2.49863918017923
ergo_adaptive,wind,1552,129.25,2.5087193259175256
ergo_adaptive,wind,1553,129.33333333333337,2.504977551661191
ergo_adaptive,wind,1554,129.41666666666663,2.51105461253337
ergo_adaptive,wind,1555,129.5,2.54019143381463
ergo_adaptive,wind,1556,129.58333333333337,2.553014673575407
ergo_adaptive,wind,1557,129.66666666666663,2.5628767440724274
ergo_adaptive,wind,1558,129.75,2.541876800162198
ergo_adaptive,wind,1559,129.83333333333337,2.546575904673888
ergo_adaptive,wind,1560,129.91666666666663,2.550733838055077
ergo_adaptive,wind,1561,130.0,2.5458206307250664
ergo_adaptive,wind,1562,130.08333333333337,2.5564532883868636
ergo_adaptive,wind,1563,130.16666666666663,2.5722585911919755
ergo_adaptive,wind,1564,130.25,2.5639286458664206
ergo_adaptive,wind,1565,130.33333333333337,2.5619578349032617
ergo_adaptive,wind,1566,130.41666666666663,2.5420677626261092
ergo_adaptive,wind,1567,130.5,2.53858372382313
ergo_adaptive,wind,1568,130.58333333333337,2.572701596258007
ergo_adaptive,wind,1569,130.66666666666663,2.569187775279268
ergo_adaptive,wind,1570,130.75,2.5667352546565856
ergo_adaptive,wind,1571,130.83333333333337,2.564294878097426
ergo_adaptive,wind,1572,130.91666666666663,2.53983524489426
ergo_adaptive,wind,1573,131.0,2.559536237187145
ergo_adaptive,wind,1574,131.08333333333337,2.5299349559570676
ergo_adaptive,wind,1575,131.16666666666663,2.5406640727368703
ergo_adaptive,wind,1576,131.25,2.5391101587480684
ergo_adaptive,wind,1577,131.33333333333337,2.562836239123351
ergo_adaptive,wind,1578,131.41666666666663,2.5394917330223197
ergo_adaptive,wind,1579,131.5,2.5006914997227994
ergo_adaptive,wind,1580,131.58333333333337,2.505892463421889
ergo_adaptive,wind,1581,131.66666666666663,2.537415234945069
ergo_adaptive,wind,1582,131.75,2.5464687163911224
ergo_adaptive,wind,1583,131.83333333333337,2.5610018443349447
ergo_adaptive,wind,1584,131.91666666666663,2.5470013985901807
ergo_adaptive,wind,1585,132.0,2.558049446399543
ergo_adaptive,wind,1586,132.08333333333337,2.550464996012276
ergo_adaptive,wind,1587,132.16666666666663,2.5661288753043467
ergo_adaptive,wind,1588,132.25,2.5781506293402723
ergo_adaptive,wind,1589,132.33333333333337,2.568550898579911
ergo_adaptive,wind,1590,132.41666666666663,2.547988165058808
ergo_adaptive,wind,1591,132.5,2.554386525768797
ergo_adaptive,wind,1592,132.58333333333337,2.5413965167136534
ergo_adaptive,wind,1593,132.66666666666663,2.5441703500822155
ergo_adaptive,wind,1594,132.75,2.5365502603694057
ergo_adaptive,wind,1595,132.83333333333337,2.556664118848547
ergo_adaptive,wind,1596,132.91666666666663,2.56421472405399
ergo_adaptive,wind,1597,133.0,2.5744369074811164
ergo_adaptive,wind,1598,133.08333333333337,2.567158861126148
ergo_adaptive,wind,1599,133.16666666666663,2.567010417442741
ergo_adaptive,wind,1600,133.25,2.5546504216915196
ergo_adaptive,wind,1601,133.33333333333337,2.5874476374004636
ergo_adaptive,wind,1602,133.41666666666663,2.5912400251847725
ergo_adaptive,wind,1603,133.5,2.5938822782089423
ergo_adaptive,wind,1604,133.58333333333337,2.6042033063833214
ergo_adaptive,wind,1605,133.66666666666663,2.6031406253241816
ergo_adaptive,wind,1606,133.75,2.6011798688028747
ergo_adaptive,wind,1607,133.83333333333337,2.5615454968948455
ergo_adaptive,wind,1608,133.91666666666663,2.554571684829142
ergo_adaptive,wind,1609,134.0,2.5543230295423345
ergo_adaptive,wind,1610,134.08333333333337,2.5385782529461185
ergo_adaptive,wind,1611,134.16666666666663,2.5651242272478063
ergo_adaptive,wind,1612,134.25,2.537614434509416
ergo_adaptive,wind,1613,134.33333333333337,2.489411344663784
ergo_adaptive,wind,1614,134.41666666666663,2.5037335653645005
ergo_adaptive,wind,1615,134.5,2.479096971900082
ergo_adaptive,wind,1616,134.58333333333337,2.5248737654586413
ergo_adaptive,wind,1617,134.66666666666663,2.539179653251058
ergo_adaptive,wind,1618,134.75,2.5637277697440406
ergo_adaptive,wind,1619,134.83333333333337,2.5649065964635644
ergo_adaptive,wind,1620,134.91666666666663,2.544078245751238
ergo_adaptive,wind,1621,135.0,2.54228951358977
ergo_adaptive,wind,1622,135.08333333333337,2.5488391216462207
ergo_adaptive,wind,1623,135.16666666666663,2.570192985514003
ergo_adaptive,wind,1624,135.25,2.6098408046933157
ergo_adaptive,wind,1625,135.33333333333337,2.60087780290787
ergo_adaptive,wind,1626,135.41666666666663,2.5408196114753605
ergo_adaptive,wind,1627,135.5,2.5546759204401486
ergo_adaptive,wind,1628,135.58333333333337,2.562321156810819
ergo_adaptive,wind,1629,135.66666666666663,2.547717919620997
ergo_adaptive,wind,1630,135.75,2.540583604997272
ergo_adaptive,wind,1631,135.83333333333337,2.586647798795827
ergo_adaptive,wind,1632,135.91666666666663,2.5954223101417813
ergo_adaptive,wind,1633,136.0,2.5757354778182697
ergo_adaptive,wind,1634,136.08333333333337,2.5613412349390554
ergo_adaptive,wind,1635,136.16666666666663,2.573776815140254
ergo_adaptive,wind,1636,136.25,2.575040045587935
ergo_adaptive,wind,1637,136.33333333333337,2.577737377723361
ergo_adaptive,wind,1638,136.41666666666663,2.56286609396813
ergo_adaptive,wind,1639,136.5,2.572694170173547
ergo_adaptive,wind,1640,136.58333333333337,2.592224014907598
ergo_adaptive,wind,1641,136.66666666666663,2.5860326935815143
ergo_adaptive,wind,1642,136.75,2.578437466821226
ergo_adaptive,wind,1643,136.83333333333337,2.59001628414504
ergo_adaptive,wind,1644,136.91666666666663,2.5647638800910983
ergo_adaptive,wind,1645,137.0,2.5355915825964273
ergo_adaptive,wind,1646,137.08333333333337,2.5433038929455134
ergo_adaptive,wind,1647,137.16666666666663,2.533337040787659
ergo_adaptive,wind,1648,137.25,2.574361920590912
ergo_adaptive,wind,1649,137.33333333333337,2.5460196463085216
ergo_adaptive,wind,1650,137.41666666666663,2.542069814257128
ergo_adaptive,wind,1651,137.5,2.5303111092367407
ergo_adaptive,wind,1652,137.58333333333337,2.552889049232524
ergo_adaptive,wind,1653,137.66666666666663,2.5463613567688386
ergo_adaptive,wind,1654,137.75,2.5730176709998616
ergo_adaptive,wind,1655,137.83333333333337,2.5639676058288976
ergo_adaptive,wind,1656,137.91666666666663,2.5676360119586112
ergo_adaptive,wind,1657,138.0,2.560135434741492
ergo_adaptive,wind,1658,138.08333333333337,2.5721558554339317
ergo_adaptive,wind,1659,138.16666666666663,2.592789044855471
ergo_adaptive,wind,1660,138.25,2.595940521304852
ergo_adaptive,wind,1661,138.33333333333337,2.6163995434960157
ergo_adaptive,wind,1662,138.41666666666663,2.5850930467805386
ergo_adaptive,wind,1663,138.5,2.5637761842860134
ergo_adaptive,wind,1664,138.58333333333337,2.5262851278209526
ergo_adaptive,wind,1665,138.66666666666663,2.5287360728588535
ergo_adaptive,wind,1666,138.75,2.5037794445542647
ergo_adaptive,wind,1667,138.83333333333337,2.4966022193956734
ergo_adaptive,wind,1668,138.91666666666663,2.5082420973587065
ergo_adaptive,wind,1669,139.0,2.5231188244700817
ergo_adaptive,wind,1670,139.08333333333337,2.533904923952654
ergo_adaptive,wind,1671,139.16666666666663,2.565949441025288
ergo_adaptive,wind,1672,139.25,2.555778366020874
ergo_adaptive,wind,1673,139.33333333333337,2.581234312020342
ergo_adaptive,wind,1674,139.41666666666663,2.591566917129783
ergo_adaptive,wind,1675,139.5,2.6262601143655315
ergo_adaptive,wind,1676,139.58333333333337,2.6357726890483155
ergo_adaptive,wind,1677,139.66666666666663,2.6590658325382366
ergo_adaptive,wind,1678,139.75,2.6023723893228388
ergo_adaptive,wind,1679,139.83333333333337,2.626846532214209
ergo_adaptive,wind,1680,139.91666666666663,2.6172565080277397
ergo_adaptive,wind,1681,140.0,2.6045025777082906
ergo_adaptive,wind,1682,140.08333333333337,2.6393757433825304
ergo_adaptive,wind,1683,140.16666666666663,2.628639349829036
ergo_adaptive,wind,1684,140.25,2.614501862073312
ergo_adaptive,wind,1685,140.33333333333337,2.637932478687341
ergo_adaptive,wind,1686,140.41666666666663,2.63598878163673
ergo_adaptive,wind,1687,140.5,2.621307447194725
ergo_adaptive,wind,1688,140.58333333333337,2.6374503774320766
ergo_adaptive,wind,1689,140.66666666666663,2.6347071302182234
ergo_adaptive,wind,1690,140.75,2.6268039706814705
ergo_adaptive,wind,1691,140.83333333333337,2.610306500853177
ergo_adaptive,wind,1692,140.91666666666663,2.6167176301113857
ergo_adaptive,wind,1693,141.0,2.6202991372031836
ergo_adaptive,wind,1694,141.08333333333337,2.6039019826277716
ergo_adaptive,wind,1695,141.16666666666663,2.582251130775744
ergo_adaptive,wind,1696,141.25,2.5913482770846805
ergo_adaptive,wind,1697,141.33333333333337,2.6029055774242424
ergo_adaptive,wind,1698,141.41666666666663,2.576843940400328
ergo_adaptive,wind,1699,141.5,2.570004969865906
ergo_adaptive,wind,1700,141.58333333333337,2.5632397203125006
ergo_adaptive,wind,1701,141.66666666666663,2.577016229768126
ergo_adaptive,wind,1702,141.75,2.6167991862002102
ergo_adaptive,wind,1703,141.83333333333337,2.59762524871511
ergo_adaptive,wind,1704,141.91666666666663,2.602161609046653
ergo_adaptive,wind,1705,142.0,2.6051382608343174
ergo_adaptive,wind,1706,142.08333333333337,2.620834713693804
ergo_adaptive,wind,1707,142.16666666666663,2.616615705179928
ergo_adaptive,wind,1708,142.25,2.6039136712084825
ergo_adaptive,wind,1709,142.33333333333337,2.5966312210861213
ergo_adaptive,wind,1710,142.41666666666663,2.562734991789965
ergo_adaptive,wind,1711,142.5,2.583370419003313
ergo_adaptive,wind,1712,142.58333333333337,2.546350062446449
ergo_adaptive,wind,1713,142.66666666666663,2.532853260699182
ergo_adaptive,wind,1714,142.75,2.5322804311000287
ergo_adaptive,wind,1715,142.83333333333337,2.516083850197549
ergo_adaptive,wind,1716,142.91666666666663,2.4943339300790592
ergo_adaptive,wind,1717,143.0,2.4918392878532907
ergo_adaptive,wind,1718,143.08333333333337,2.459147318607521
ergo_adaptive,wind,1719,143.16666666666663,2.488764584365097
ergo_adaptive,wind,1720,143.25,2.4884684743733843
ergo_adaptive,wind,1721,143.33333333333337,2.438422381683156
ergo_adaptive,wind,1722,143.41666666666663,2.424597219241078
ergo_adaptive,wind,1723,143.5,2.3389423676735546
ergo_adaptive,wind,1724,143.58333333333337,2.359955468996531
ergo_adaptive,wind,1725,143.66666666666663,2.3824760900250928
ergo_adaptive,wind,1726,143.75,2.339123304625396
ergo_adaptive,wind,1727,143.83333333333337,2.272862971199566
ergo_adaptive,wind,1728,143.91666666666663,2.245344854192546
ergo_adaptive,wind,1729,144.0,2.221766273768384
ergo_adaptive,wind,1730,144.08333333333337,2.246370318789107
ergo_adaptive,wind,1731,144.16666666666663,2.210167047997764
ergo_adaptive,wind,1732,144.25,2.180315505006582
ergo_adaptive,wind,1733,144.33333333333337,2.121769127844641
ergo_adaptive,wind,1734,144.41666666666663,2.1019636789896263
ergo_adaptive,wind,1735,144.5,2.112624190390895
ergo_adaptive,wind,1736,144.58333333333337,2.1109790364380894
ergo_adaptive,wind,1737,144.66666666666663,2.0857407927363654
ergo_adaptive,wind,1738,144.75,2.0623213188267937
ergo_adaptive,wind,1739,144.83333333333337,2.025378045325744
ergo_adaptive,wind,1740,144.91666666666663,1.9964771075036267
ergo_adaptive,wind,1741,145.0,1.9958098597472231
ergo_adaptive,wind,1742,145.08333333333337,2.000730749392089
ergo_adaptive,wind,1743,145.16666666666663,2.0028959950329464
ergo_adaptive,wind,1744,145.25,2.020975955489703
ergo_adaptive,wind,1745,145.33333333333337,2.0060912466063523
ergo_adaptive,wind,1746,145.41666666666663,2.004509868688703
ergo_adaptive,wind,1747,145.5,2.0055799698170476
ergo_adaptive,wind,1748,145.58333333333337,1.9736851409024936
ergo_adaptive,wind,1749,145.66666666666663,1.9670848001940384
ergo_adaptive,wind,1750,145.75,1.9639151289943342
ergo_adaptive,wind,1751,145.83333333333337,1.9702902893472662
ergo_adaptive,wind,1752,145.91666666666663,1.953318756376554
ergo_adaptive,wind,1753,146.0,1.9380729917142896
ergo_adaptive,wind,1754,146.08333333333337,1.9220749646367727
ergo_adaptive,wind,1755,146.16666666666663,1.9395943237293958
ergo_adaptive,wind,1756,146.25,1.9379952074154092
ergo_adaptive,wind,1757,146.33333333333337,1.9241286485986755
ergo_adaptive,wind,1758,146.41666666666663,1.938879771728868
ergo_adaptive,wind,1759,146.5,1.9329963834286557
ergo_adaptive,wind,1760,146.58333333333337,1.9307194912971664
ergo_adaptive,wind,1761,146.66666666666663,1.9273063634351986
ergo_adaptive,wind,1762,146.75,1.9242629609862012
ergo_adaptive,wind,1763,146.83333333333337,1.9277098016976888
ergo_adaptive,wind,1764,146.91666666666663,1.9238251721284318
ergo_adaptive,wind,1765,147.0,1.9146146992236261
ergo_adaptive,wind,1766,147.08333333333337,1.920270981621005
ergo_adaptive,wind,1767,147.16666666666663,1.9218447810205135
ergo_adaptive,wind,1768,147.25,1.9205183243826407
ergo_adaptive,wind,1769,147.33333333333337,1.915950091515499
ergo_adaptive,wind,1770,147.41666666666663,1.921366332056885
ergo_adaptive,wind,1771,147.5,1.9075149440189174
ergo_adaptive,wind,1772,147.58333333333337,1.909782591943241
ergo_adaptive,wind,1773,147.66666666666663,1.9152523101825467
ergo_adaptive,wind,1774,147.75,1.9076322759419717
ergo_adaptive,wind,1775,147.83333333333337,1.913574113441185
ergo_adaptive,wind,1776,147.91666666666663,1.9232398471760173
ergo_adaptive,wind,1777,148.0,1.9267119205440402
ergo_adaptive,wind,1778,148.08333333333337,1.9181666479644819
ergo_adaptive,wind,1779,148.16666666666663,1.9206221638468677
ergo_adaptive,wind,1780,148.25,1.918767179014092
ergo_adaptive,wind,1781,148.33333333333337,1.913499279758786
ergo_adaptive,wind,1782,148.41666666666663,1.9156794064471623
ergo_adaptive,wind,1783,148.5,1.9221245403760763
ergo_adaptive,wind,1784,148.58333333333337,1.914068149659195
ergo_adaptive,wind,1785,148.66666666666663,1.923826435397792
ergo_adaptive,wind,1786,148.75,1.9407049487607255
ergo_adaptive,wind,1787,148.83333333333337,1.9477418571424288
ergo_adaptive,wind,1788,148.91666666666663,1.9520607813546267
ergo_adaptive,wind,1789,149.0,1.9456418188701385
ergo_adaptive,wind,1790,149.08333333333337,1.9442515998152894
ergo_adaptive,wind,1791,149.16666666666663,1.945344147633107
ergo_adaptive,wind,1792,149.25,1.9418853963451796
ergo_adaptive,wind,1793,149.33333333333337,1.9372171953947062
ergo_adaptive,wind,1794,149.41666666666663,1.936954076389142
ergo_adaptive,wind,1795,149.5,1.9339175451755768
ergo_adaptive,wind,1796,149.58333333333337,1.9386863889404036
ergo_adaptive,wind,1797,149.66666666666663,1.9441033434104544
ergo_adaptive,wind,1798,149.75,1.9479314311494846
ergo_adaptive,wind,1799,149.83333333333337,1.9492288817096481
ergo_adaptive,wind,1800,149.91666666666663,1.9501552246639935
ergo_adaptive,wind,1801,150.0,1.948065615783424
ergo_adaptive,wind,1802,150.08333333333337,1.9486387361270958
ergo_adaptive,wind,1803,150.16666666666663,1.9520744064011768
ergo_adaptive,wind,1804,150.25,1.9544488388175851
ergo_adaptive,wind,1805,150.33333333333337,1.9486473429173414
ergo_adaptive,wind,1806,150.41666666666663,1.9489216766798785
ergo_adaptive,wind,1807,150.5,1.9596331843298507
ergo_adaptive,wind,1808,150.58333333333337,1.9542277508520385
ergo_adaptive,wind,1809,150.66666666666663,1.9513086003483227
ergo_adaptive,wind,1810,150.75,1.9523285610119305
ergo_adaptive,wind,1811,150.83333333333337,1.9505975372993247
ergo_adaptive,wind,1812,150.91666666666663,1.95817882827925
ergo_adaptive,wind,1813,151.0,1.9480871602986718
ergo_adaptive,wind,1814,151.08333333333337,1.9345379743695614
ergo_adaptive,wind,1815,151.16666666666663,1.9334321274581763
ergo_adaptive,wind,1816,151.25,1.9380543585315635
ergo_adaptive,wind,1817,151.33333333333337,1.9288679914606535
ergo_adaptive,wind,1818,151.41666666666663,1.9314010182212036
ergo_adaptive,wind,1819,151.5,1.9232727523642588
ergo_adaptive,wind,1820,151.58333333333337,1.9217938725146322
ergo_adaptive,wind,1821,151.66666666666663,1.9204308361315177
ergo_adaptive,wind,1822,151.75,1.932400791225748
ergo_adaptive,wind,1823,151.83333333333337,1.9412621343285208
ergo_adaptive,wind,1824,151.91666666666663,1.941862809554339
ergo_adaptive,wind,1825,152.0,1.9409697129466719
ergo_adaptive,wind,1826,152.08333333333337,1.9431583859894563
ergo_adaptive,wind,1827,152.16666666666663,1.9472629696080688
ergo_adaptive,wind,1828,152.25,1.9413256335537796
ergo_adaptive,wind,1829,152.33333333333337,1.9458248662370359
ergo_adaptive,wind,1830,152.41666666666663,1.9442187995247415
ergo_adaptive,wind,1831,152.5,1.9368553634671308
ergo_adaptive,wind,1832,152.58333333333337,1.9341849211709141
ergo_adaptive,wind,1833,152.66666666666663,1.9277852690715416
ergo_adaptive,wind,1834,152.75,1.9259871489167086
ergo_adaptive,wind,1835,152.83333333333337,1.923158458594723
ergo_adaptive,wind,1836,152.91666666666663,1.9239623428004833
ergo_adaptive,wind,1837,153.0,1.9113183016261541
ergo_adaptive,wind,1838,153.08333333333337,1.9045396598735496
ergo_adaptive,wind,1839,153.16666666666663,1.9082380852741825
ergo_adaptive,wind,1840,153.25,1.91256038882816
ergo_adaptive,wind,1841,153.33333333333337,1.9050963730236667
ergo_adaptive,wind,1842,153.41666666666663,1.9037061796204873
ergo_adaptive,wind,1843,153.5,1.9066258240167209
ergo_adaptive,wind,1844,153.58333333333337,1.9028742201565052
ergo_adaptive,wind,1845,153.66666666666663,1.9132349824171566
ergo_adaptive,wind,1846,153.75,1.9149929505501675
ergo_adaptive,wind,1847,153.83333333333337,1.9167905776672338
ergo_adaptive,wind,1848,153.91666666666663,1.926647928364207
ergo_adaptive,wind,1849,154.0,1.9282841231234962
ergo_adaptive,wind,1850,154.08333333333337,1.9342855642189405
ergo_adaptive,wind,1851,154.16666666666663,1.9401707548122125
ergo_adaptive,wind,1852,154.25,1.9448430072903524
ergo_adaptive,wind,1853,154.33333333333337,1.9616325281113536
ergo_adaptive,wind,1854,154.41666666666663,1.9625241115580843
ergo_adaptive,wind,1855,154.5,1.9717814562427627
ergo_adaptive,wind,1856,154.58333333333337,1.979955886456431
ergo_adaptive,wind,1857,154.66666666666663,1.9771438541668958
ergo_adaptive,wind,1858,154.75,1.9781263482193747
ergo_adaptive,wind,1859,154.83333333333337,1.9878889444638832
ergo_adaptive,wind,1860,154.91666666666663,1.981993405084466
ergo_adaptive,wind,1861,155.0,1.9893818143719426
ergo_adaptive,wind,1862,155.08333333333337,1.991030755576659
ergo_adaptive,wind,1863,155.16666666666663,2.0142323655636885
ergo_adaptive,wind,1864,155.25,2.0092215292752007
ergo_adaptive,wind,1865,155.33333333333337,2.0068565485756404
ergo_adaptive,wind,1866,155.41666666666663,2.0301948005595105
ergo_adaptive,wind,1867,155.5,2.036888820558803
ergo_adaptive,wind,1868,155.58333333333337,2.0249493969312224
ergo_adaptive,wind,1869,155.66666666666663,2.0288438074257997
ergo_adaptive,wind,1870,155.75,2.038658284675787
ergo_adaptive,wind,1871,155.83333333333337,2.046314836934
ergo_adaptive,wind,1872,155.91666666666663,2.0397207267282376
ergo_adaptive,wind,1873,156.0,2.044998868890405
ergo_adaptive,wind,1874,156.08333333333337,2.0387194200343144
ergo_adaptive,wind,1875,156.16666666666663,2.0458786675089664
ergo_adaptive,wind,1876,156.25,2.066162344207471
ergo_adaptive,wind,1877,156.33333333333337,2.0721875523665894
ergo_adaptive,wind,1878,156.41666666666663,2.062290887791882
ergo_adaptive,wind,1879,156.5,2.05437640899297
ergo_adaptive,wind,1880,156.58333333333337,2.048383907477662
ergo_adaptive,wind,1881,156.66666666666663,2.051295201570223
ergo_adaptive,wind,1882,156.75,2.061634848762566
ergo_adaptive,wind,1883,156.83333333333337,2.054672726466574
ergo_adaptive,wind,1884,156.91666666666663,2.05948561924986
ergo_adaptive,wind,1885,157.0,2.062002252095531
ergo_adaptive,wind,1886,157.08333333333337,2.07312064360365
ergo_adaptive,wind,1887,157.16666666666663,2.1002275188454345
ergo_adaptive,wind,1888,157.25,2.123646772765755
ergo_adaptive,wind,1889,157.33333333333337,2.12989684688065
ergo_adaptive,wind,1890,157.41666666666663,2.129275382849395
ergo_adaptive,wind,1891,157.5,2.154737890408714
ergo_adaptive,wind,1892,157.58333333333337,2.163459116675734
ergo_adaptive,wind,1893,157.66666666666663,2.1683662792488723
ergo_adaptive,wind,1894,157.75,2.1789033418798915
ergo_adaptive,wind,1895,157.83333333333337,2.19156498928347
ergo_adaptive,wind,1896,157.91666666666663,2.1835084814266863
ergo_adaptive,wind,1897,158.0,2.176625335920057
ergo_adaptive,wind,1898,158.08333333333337,2.167500516295132
ergo_adaptive,wind,1899,158.16666666666663,2.1696792150187396
ergo_adaptive,wind,1900,158.25,2.1673097625331947
ergo_adaptive,wind,1901,158.33333333333337,2.178099808334606
ergo_adaptive,wind,1902,158.41666666666663,2.1757085838644508
ergo_adaptive,wind,1903,158.5,2.171536617688761
ergo_adaptive,wind,1904,158.58333333333337,2.1713641995614634
ergo_adaptive,wind,1905,158.66666666666663,2.1388701041297997
ergo_adaptive,wind,1906,158.75,2.112170249920326
ergo_adaptive,wind,1907,158.83333333333337,2.1064741363254367
ergo_adaptive,wind,1908,158.91666666666663,2.1023261530777955
ergo_adaptive,wind,1909,159.0,2.117778184727199
ergo_adaptive,wind,1910,159.08333333333337,2.0824974480313174
ergo_adaptive,wind,1911,159.16666666666663,2.070455731922097
ergo_adaptive,wind,1912,159.25,2.0739590530866874
ergo_adaptive,wind,1913,159.33333333333337,2.0601807374070664
ergo_adaptive,wind,1914,159.41666666666663,2.053648412229666
ergo_adaptive,wind,1915,159.5,2.0371142953031267
ergo_adaptive,wind,1916,159.58333333333337,2.0262108010659285
ergo_adaptive,wind,1917,159.66666666666663,2.0363744730540354
ergo_adaptive,wind,1918,159.75,2.0654452225934747
ergo_adaptive,wind,1919,159.83333333333337,2.040806670430662
ergo_adaptive,wind,1920,159.91666666666663,2.0423268718959444
ergo_adaptive,wind,1921,160.0,2.0226370981641555
ergo_adaptive,wind,1922,160.08333333333337,2.0292201652944053
ergo_adaptive,wind,1923,160.16666666666663,2.0292090408052097
ergo_adaptive,wind,1924,160.25,2.0089901312422738
ergo_adaptive,wind,1925,160.33333333333337,2.0110847135270773
ergo_adaptive,wind,1926,160.41666666666663,2.0035677095324758
ergo_adaptive,wind,1927,160.5,1.9996438868503816
ergo_adaptive,wind,1928,160.58333333333337,2.004553315821029
ergo_adaptive,wind,1929,160.66666666666663,2.000587649493986
ergo_adaptive,wind,1930,160.75,1.9852836572825359
ergo_adaptive,wind,1931,160.83333333333337,1.9615071295286444
ergo_adaptive,wind,1932,160.91666666666663,1.9724793741896502
ergo_adaptive,wind,1933,161.0,1.9474937162309538
ergo_adaptive,wind,1934,161.08333333333337,1.9423896533103822
ergo_adaptive,wind,1935,161.16666666666663,1.918004816590325
ergo_adaptive,wind,1936,161.25,1.9108529699458683
ergo_adaptive,wind,1937,161.33333333333337,1.9061905124447271
ergo_adaptive,wind,1938,161.41666666666663,1.8918086156337781
ergo_adaptive,wind,1939,161.5,1.90217192608158
ergo_adaptive,wind,1940,161.58333333333337,1.883753861301798
ergo_adaptive,wind,1941,161.66666666666663,1.8872778067231415
ergo_adaptive,wind,1942,161.75,1.8908320180286065
ergo_adaptive,wind,1943,161.83333333333337,1.8855680539613757
ergo_adaptive,wind,1944,161.91666666666663,1.8932824262540977
ergo_adaptive,wind,1945,162.0,1.8814205932436503
ergo_adaptive,wind,1946,162.08333333333337,1.870396101662292
ergo_adaptive,wind,1947,162.16666666666663,1.8724977332365655
ergo_adaptive,wind,1948,162.25,1.8595294987071624
ergo_adaptive,wind,1949,162.33333333333337,1.857879064676213
ergo_adaptive,wind,1950,162.41666666666663,1.8550877896976696
ergo_adaptive,wind,1951,162.5,1.855521796991196
ergo_adaptive,wind,1952,162.58333333333337,1.8431186215522142
ergo_adaptive,wind,1953,162.66666666666663,1.8375338042581206
ergo_adaptive,wind,1954,162.75,1.830755590058854
ergo_adaptive,wind,1955,162.83333333333337,1.8356133601883329
ergo_adaptive,wind,1956,162.91666666666663,1.8369582330122474
ergo_adaptive,wind,1957,163.0,1.8354556221001102
ergo_adaptive,wind,1958,163.08333333333337,1.8269424948477326
ergo_adaptive,wind,1959,163.16666666666663,1.8118213376920156
ergo_adaptive,wind,1960,163.25,1.8037821675786163
ergo_adaptive,wind,1961,163.33333333333337,1.8031823529635822
ergo_adaptive,wind,1962,163.41666666666663,1.7977855627805863
ergo_adaptive,wind,1963,163.5,1.7937720121237646
ergo_adaptive,wind,1964,163.58333333333337,1.814737165151899
ergo_adaptive,wind,1965,163.66666666666663,1.8040063626465381
ergo_adaptive,wind,1966,163.75,1.7918460041838882
ergo_adaptive,wind,1967,163.83333333333337,1.7852919325202317
ergo_adaptive,wind,1968,163.91666666666663,1.7922480271252863
ergo_adaptive,wind,1969,164.0,1.8012166324320078
ergo_adaptive,wind,1970,164.08333333333337,1.804172142785479
ergo_adaptive,wind,1971,164.16666666666663,1.803135829489822
ergo_adaptive,wind,1972,164.25,1.7927874864144924
ergo_adaptive,wind,1973,164.33333333333337,1.781241866203238
ergo_adaptive,wind,1974,164.41666666666663,1.7808063396964444
ergo_adaptive,wind,1975,164.5,1.776169849546033
ergo_adaptive,wind,1976,164.58333333333337,1.7809899761738175
ergo_adaptive,wind,1977,164.66666666666663,1.7772633707469312
ergo_adaptive,wind,1978,164.75,1.786091064007277
ergo_adaptive,wind,1979,164.83333333333337,1.7794080391651146
ergo_adaptive,wind,1980,164.91666666666663,1.7753638842313824
ergo_adaptive,wind,1981,165.0,1.7761747187519261
ergo_adaptive,wind,1982,165.08333333333337,1.7852043475224613
ergo_adaptive,wind,1983,165.16666666666663,1.7809566255802387
ergo_adaptive,wind,1984,165.25,1.7799209215894471
ergo_adaptive,wind,1985,165.33333333333337,1.775644110676571
ergo_adaptive,wind,1986,165.41666666666663,1.7828264597694248
ergo_adaptive,wind,1987,165.5,1.7842451106556108
ergo_adaptive,wind,1988,165.58333333333337,1.7654256045957781
ergo_adaptive,wind,1989,165.66666666666663,1.770447977783243
ergo_adaptive,wind,1990,165.75,1.7789737492893694
ergo_adaptive,wind,1991,165.83333333333337,1.7807303574624382
ergo_adaptive,wind,1992,165.91666666666663,1.7755202367201828
ergo_adaptive,wind,1993,166.0,1.7832376419476423
ergo_adaptive,wind,1994,166.08333333333337,1.7781094548947394
ergo_adaptive,wind,1995,166.16666666666663,1.7745643059868368
ergo_adaptive,wind,1996,166.25,1.7685403102086075
ergo_adaptive,wind,1997,166.33333333333337,1.7704393777756293
ergo_adaptive,wind,1998,166.41666666666663,1.7709867345654484
ergo_adaptive,wind,1999,166.5,1.779075851399157
ergo_adaptive,wind,2000,166.58333333333337,1.7736880375517423
ergo_adaptive,wind,2001,166.66666666666663,1.777733518304653
ergo_adaptive,wind,2002,166.75,1.7823686772316876
ergo_adaptive,wind,2003,166.83333333333337,1.7729674518376815
ergo_adaptive,wind,2004,166.91666666666663,1.781956757100722
ergo_adaptive,wind,2005,167.0,1.7830810122319698
ergo_adaptive,wind,2006,167.08333333333337,1.7867264585422618
ergo_adaptive,wind,2007,167.16666666666663,1.7761733729785343
ergo_adaptive,wind,2008,167.25,1.7696508724982358
ergo_adaptive,wind,2009,167.33333333333337,1.7548106932303094
ergo_adaptive,wind,2010,167.41666666666663,1.751131708959386
ergo_adaptive,wind,2011,167.5,1.7482070878770883
ergo_adaptive,wind,2012,167.58333333333337,1.75746697330297
ergo_adaptive,wind,2013,167.66666666666663,1.7512144029992605
ergo_adaptive,wind,2014,167.75,1.7581272179818177
ergo_adaptive,wind,2015,167.83333333333337,1.7760599629490184
ergo_adaptive,wind,2016,167.91666666666663,1.7723731418744
ergo_adaptive,wind,2017,168.0,1.784834937850933
ergo_adaptive,wind,2018,168.08333333333337,1.7808621927737167
ergo_adaptive,wind,2019,168.16666666666663,1.7749524935526468
ergo_adaptive,wind,2020,168.25,1.7714509125878592
ergo_adaptive,wind,2021,168.33333333333337,1.762243054672474
ergo_adaptive,wind,2022,168.41666666666663,1.7620795219960503
ergo_adaptive,wind,2023,168.5,1.7586667556558235
ergo_adaptive,wind,2024,168.58333333333337,1.7692359389255852
ergo_adaptive,wind,2025,168.66666666666663,1.7589452659801708
ergo_adaptive,wind,2026,168.75,1.7633785212724378
ergo_adaptive,wind,2027,168.83333333333337,1.762320826014323
ergo_adaptive,wind,2028,168.91666666666663,1.7554038946331116
ergo_adaptive,wind,2029,169.0,1.7660010684284908
ergo_adaptive,wind,2030,169.08333333333337,1.7654024704452205
ergo_adaptive,wind,2031,169.16666666666663,1.7487740585061633
ergo_adaptive,wind,2032,169.25,1.745743784749894
ergo_adaptive,wind,2033,169.33333333333337,1.7493629783146174
ergo_adaptive,wind,2034,169.41666666666663,1.745813570188741
ergo_adaptive,wind,2035,169.5,1.757422512161161
ergo_adaptive,wind,2036,169.58333333333337,1.760150529401868
ergo_adaptive,wind,2037,169.66666666666663,1.7670803051084543
ergo_adaptive,wind,2038,169.75,1.7557645632147134
ergo_adaptive,wind,2039,169.83333333333337,1.766853891080375
ergo_adaptive,wind,2040,169.91666666666663,1.776510323615937
ergo_adaptive,wind,2041,170.0,1.7703585087911888
ergo_adaptive,wind,2042,170.08333333333337,1.7752317166300504
ergo_adaptive,wind,2043,170.16666666666663,1.7754654285176443
ergo_adaptive,wind,2044,170.25,1.7856070536174942
ergo_adaptive,wind,2045,170.33333333333337,1.7794454365315275
ergo_adaptive,wind,2046,170.41666666666663,1.7820088364732458
ergo_adaptive,wind,2047,170.5,1.7667962019170014
ergo_adaptive,wind,2048,170.58333333333337,1.7794365661629834
ergo_adaptive,wind,2049,170.66666666666663,1.7756001203680136
ergo_adaptive,wind,2050,170.75,1.773447892405756
ergo_adaptive,wind,2051,170.83333333333337,1.7684984366146377
ergo_adaptive,wind,2052,170.91666666666663,1.7720144015257409
ergo_adaptive,wind,2053,171.0,1.7683158868969973
ergo_adaptive,wind,2054,171.08333333333337,1.7647334790560185
ergo_adaptive,wind,2055,171.16666666666663,1.7558474632419807
ergo_adaptive,wind,2056,171.25,1.7441081190637109
ergo_adaptive,wind,2057,171.33333333333337,1.7407394688749567
ergo_adaptive,wind,2058,171.41666666666663,1.7500822440700838
ergo_adaptive,wind,2059,171.5,1.7407280578632458
ergo_adaptive,wind,2060,171.58333333333337,1.7450915596106367
ergo_adaptive,wind,2061,171.66666666666663,1.7338594542221748
ergo_adaptive,wind,2062,171.75,1.7347973256267846
ergo_adaptive,wind,2063,171.83333333333337,1.7278135574237647
ergo_adaptive,wind,2064,171.91666666666663,1.7322642905543528
ergo_adaptive,wind,2065,172.0,1.7287625353842906
ergo_adaptive,wind,2066,172.08333333333337,1.7306291591676322
ergo_adaptive,wind,2067,172.16666666666663,1.732752760274705
ergo_adaptive,wind,2068,172.25,1.7324451358213326
ergo_adaptive,wind,2069,172.33333333333337,1.7393653339902548
ergo_adaptive,wind,2070,172.41666666666663,1.7385829486327156
ergo_adaptive,wind,2071,172.5,1.7294707822165523
ergo_adaptive,wind,2072,172.58333333333337,1.735387177411265
ergo_adaptive,wind,2073,172.66666666666663,1.7229857529072827
ergo_adaptive,wind,2074,172.75,1.729272343866508
ergo_adaptive,wind,2075,172.83333333333337,1.7392677684888762
ergo_adaptive,wind,2076,172.91666666666663,1.7313088825783407
ergo_adaptive,wind,2077,173.0,1.722609059569362
ergo_adaptive,wind,2078,173.08333333333337,1.7216714195220881
ergo_adaptive,wind,2079,173.16666666666663,1.7194437109286709
ergo_adaptive,wind,2080,173.25,1.7305466844389972
ergo_adaptive,wind,2081,173.33333333333337,1.7255799143817847
ergo_adaptive,wind,2082,173.41666666666663,1.7180179696132025
ergo_adaptive,wind,2083,173.5,1.7116226215136314
ergo_adaptive,wind,2084,173.58333333333337,1.715368405426223
ergo_adaptive,wind,2085,173.66666666666663,1.714710260218709
ergo_adaptive,wind,2086,173.75,1.7032601273658992
ergo_adaptive,wind,2087,173.83333333333337,1.7112948442456621
ergo_adaptive,wind,2088,173.91666666666663,1.7115469847985885
ergo_adaptive,wind,2089,174.0,1.7159890988547009
ergo_adaptive,wind,2090,174.08333333333337,1.718161389482527
ergo_adaptive,wind,2091,174.16666666666663,1.710574872346024
ergo_adaptive,wind,2092,174.25,1.7080816076690188
ergo_adaptive,wind,2093,174.33333333333337,1.704218278807466
ergo_adaptive,wind,2094,174.41666666666663,1.7099992291002617
ergo_adaptive,wind,2095,174.5,1.7121065932516386
ergo_adaptive,wind,2096,174.58333333333337,1.708961164773033
ergo_adaptive,wind,2097,174.66666666666663,1.7141366017186592
ergo_adaptive,wind,2098,174.75,1.7173576652287204
ergo_adaptive,wind,2099,174.83333333333337,1.7143128139521404
ergo_adaptive,wind,2100,174.91666666666663,1.7163725033767303
ergo_adaptive,wind,2101,175.0,1.720900624483419
ergo_adaptive,wind,2102,175.08333333333337,1.7196999891988438
ergo_adaptive,wind,2103,175.16666666666663,1.7205437356297184
ergo_adaptive,wind,2104,175.25,1.731382090681388
ergo_adaptive,wind,2105,175.33333333333337,1.7277916019317363
ergo_adaptive,wind,2106,175.41666666666663,1.7283599865914347
ergo_adaptive,wind,2107,175.5,1.7296538525730443
ergo_adaptive,wind,2108,175.58333333333337,1.7294349193084018
ergo_adaptive,wind,2109,175.66666666666663,1.7192324161760748
ergo_adaptive,wind,2110,175.75,1.720372273919905
ergo_adaptive,wind,2111,175.83333333333337,1.7263439219177585
ergo_adaptive,wind,2112,175.91666666666663,1.7223926822645363
ergo_adaptive,wind,2113,176.0,1.7195884907346655
ergo_adaptive,wind,2114,176.08333333333337,1.7280916921911962
ergo_adaptive,wind,2115,176.16666666666663,1.7276017237223276
ergo_adaptive,wind,2116,176.25,1.7385373810739988
ergo_adaptive,wind,2117,176.33333333333337,1.7370361927399451
ergo_adaptive,wind,2118,176.41666666666663,1.7283935287202787
ergo_adaptive,wind,2119,176.5,1.7224417612865708
ergo_adaptive,wind,2120,176.58333333333337,1.7146061366115917
ergo_adaptive,wind,2121,176.66666666666663,1.7254713560196342
ergo_adaptive,wind,2122,176.75,1.723724861761532
ergo_adaptive,wind,2123,176.83333333333337,1.7317615590568134
ergo_adaptive,wind,2124,176.91666666666663,1.730120996123526
ergo_adaptive,wind,2125,177.0,1.727852211794386
ergo_adaptive,wind,2126,177.08333333333337,1.730955796696502
ergo_adaptive,wind,2127,177.16666666666663,1.7262119939735352
ergo_adaptive,wind,2128,177.25,1.736544632881102
ergo_adaptive,wind,2129,177.33333333333337,1.7314849400230352
ergo_adaptive,wind,2130,177.41666666666663,1.7235117264962116
ergo_adaptive,wind,2131,177.5,1.7207828535999592
ergo_adaptive,wind,2132,177.58333333333337,1.7180085756344445
ergo_adaptive,wind,2133,177.66666666666663,1.7124672130650131
ergo_adaptive,wind,2134,177.75,1.7149301983761676
ergo_adaptive,wind,2135,177.83333333333337,1.714466454576524
ergo_adaptive,wind,2136,177.91666666666663,1.7169835002909541
ergo_adaptive,wind,2137,178.0,1.7225087442326992
ergo_adaptive,wind,2138,178.08333333333337,1.7241747702531574
ergo_adaptive,wind,2139,178.16666666666663,1.7214112328590712
ergo_adaptive,wind,2140,178.25,1.7156848993979696
ergo_adaptive,wind,2141,178.33333333333337,1.7108125351632408
ergo_adaptive,wind,2142,178.41666666666663,1.7093339291660352
ergo_adaptive,wind,2143,178.5,1.7082200185271315
ergo_adaptive,wind,2144,178.58333333333337,1.7099605518509986
ergo_adaptive,wind,2145,178.66666666666663,1.7120334213710295
ergo_adaptive,wind,2146,178.75,1.7172829299088919
ergo_adaptive,wind,2147,178.83333333333337,1.7207827584715532
ergo_adaptive,wind,2148,178.91666666666663,1.7185587151765922
ergo_adaptive,wind,2149,179.0,1.7213651117926423
ergo_adaptive,wind,2150,179.08333333333337,1.7219519349920558
ergo_adaptive,wind,2151,179.16666666666663,1.7249221656179994
ergo_adaptive,wind,2152,179.25,1.7266134295254283
ergo_adaptive,wind,2153,179.33333333333337,1.7224396257430383
ergo_adaptive,wind,2154,179.41666666666663,1.7223748087358033
ergo_adaptive,wind,2155,179.5,1.7319193003681412
ergo_adaptive,wind,2156,179.58333333333337,1.7417463506554147
ergo_adaptive,wind,2157,179.66666666666663,1.7378320604565431
ergo_adaptive,wind,2158,179.75,1.7318469964913346
ergo_adaptive,wind,2159,179.83333333333337,1.7240666566734377
ergo_adaptive,wind,2160,179.91666666666663,1.7298306322239976
ergo_adaptive,wind,2161,180.0,1.7304651483552194
ergo_adaptive,wind,2162,180.08333333333337,1.7267669414786735
ergo_adaptive,wind,2163,180.16666666666663,1.7221522739335513
ergo_adaptive,wind,2164,180.25,1.7216009290903642
ergo_adaptive,wind,2165,180.33333333333337,1.724745221227653
ergo_adaptive,wind,2166,180.41666666666663,1.724906196015117
ergo_adaptive,wind,2167,180.5,1.7235655166644042
ergo_adaptive,wind,2168,180.58333333333337,1.7262895050861868
ergo_adaptive,wind,2169,180.66666666666663,1.7339255292305238
ergo_adaptive,wind,2170,180.75,1.7439653922434637
ergo_adaptive,wind,2171,180.83333333333337,1.7394434665600447
ergo_adaptive,wind,2172,180.91666666666663,1.7305396567858464
ergo_adaptive,wind,2173,181.0,1.728407767945336
ergo_adaptive,wind,2174,181.08333333333337,1.7316599761196685
ergo_adaptive,wind,2175,181.16666666666663,1.7352424929197456
ergo_adaptive,wind,2176,181.25,1.7361320957179867
ergo_adaptive,wind,2177,181.33333333333337,1.7390694168979761
ergo_adaptive,wind,2178,181.41666666666663,1.7416783163412342
ergo_adaptive,wind,2179,181.5,1.7347536504770653
ergo_adaptive,wind,2180,181.58333333333337,1.7413595618535775
ergo_adaptive,wind,2181,181.66666666666663,1.7387383483919492
ergo_adaptive,wind,2182,181.75,1.7461932284286732
ergo_adaptive,wind,2183,181.83333333333337,1.7370367962545101
ergo_adaptive,wind,2184,181.91666666666663,1.7367664472530768
ergo_adaptive,wind,2185,182.0,1.7385346131068486
ergo_adaptive,wind,2186,182.08333333333337,1.7393210118106783
ergo_adaptive,wind,2187,182.16666666666663,1.7385188021096696
ergo_adaptive,wind,2188,182.25,1.7293303160985956
ergo_adaptive,wind,2189,182.33333333333337,1.7385656078026397
ergo_adaptive,wind,2190,182.41666666666663,1.735859829177013
ergo_adaptive,wind,2191,182.5,1.7301505271456061
ergo_adaptive,wind,2192,182.58333333333337,1.7382838336368698
ergo_adaptive,wind,2193,182.66666666666663,1.7425481732111592
ergo_adaptive,wind,2194,182.75,1.7353259965846854
ergo_adaptive,wind,2195,182.83333333333337,1.7381553662571505
ergo_adaptive,wind,2196,182.91666666666663,1.7412844961070615
ergo_adaptive,wind,2197,183.0,1.746657185411912
ergo_adaptive,wind,2198,183.08333333333337,1.7508872279040624
ergo_adaptive,wind,2199,183.16666666666663,1.7472881769416315
ergo_adaptive,wind,2200,183.25,1.7550646370683727
ergo_adaptive,wind,2201,183.33333333333337,1.7474580782789162
ergo_adaptive,wind,2202,183.41666666666663,1.7446997838186864
ergo_adaptive,wind,2203,183.5,1.7512144341094051
ergo_adaptive,wind,2204,183.58333333333337,1.7558229373615772
ergo_adaptive,wind,2205,183.66666666666663,1.7412608208969937
ergo_adaptive,wind,2206,183.75,1.7414984743303201
ergo_adaptive,wind,2207,183.83333333333337,1.742086148513088
ergo_adaptive,wind,2208,183.91666666666663,1.7467420276067143
ergo_adaptive,wind,2209,184.0,1.7392119852790795
ergo_adaptive,wind,2210,184.08333333333337,1.7412680793612578
ergo_adaptive,wind,2211,184.16666666666663,1.7471642425633382
ergo_adaptive,wind,2212,184.25,1.744686975913989
ergo_adaptive,wind,2213,184.33333333333337,1.7463312814834078
ergo_adaptive,wind,2214,184.41666666666663,1.7465978170466014
ergo_adaptive,wind,2215,184.5,1.7448250571220705
ergo_adaptive,wind,2216,184.58333333333337,1.7598437252399934
ergo_adaptive,wind,2217,184.66666666666663,1.7555570557667854
ergo_adaptive,wind,2218,184.75,1.7567887084626335
ergo_adaptive,wind,2219,184.83333333333337,1.7548333861685885
ergo_adaptive,wind,2220,184.91666666666663,1.7737587790330176
ergo_adaptive,wind,2221,185.0,1.7663121597398277
ergo_adaptive,wind,2222,185.08333333333337,1.77642074888107
ergo_adaptive,wind,2223,185.16666666666663,1.7750760676464423
ergo_adaptive,wind,2224,185.25,1.772660424747394
ergo_adaptive,wind,2225,185.33333333333337,1.7749966783896876
ergo_adaptive,wind,2226,185.41666666666663,1.7837261826528874
ergo_adaptive,wind,2227,185.5,1.7878581874691772
ergo_adaptive,wind,2228,185.58333333333337,1.7897687031542244
ergo_adaptive,wind,2229,185.66666666666663,1.7823574024955768
ergo_adaptive,wind,2230,185.75,1.781822157865052
ergo_adaptive,wind,2231,185.83333333333337,1.7766773995041678
ergo_adaptive,wind,2232,185.91666666666663,1.7769352646070622
ergo_adaptive,wind,2233,186.0,1.7714543915143917
ergo_adaptive,wind,2234,186.08333333333337,1.7655495924037836
ergo_adaptive,wind,2235,186.16666666666663,1.7720557463091529
ergo_adaptive,wind,2236,186.25,1.7643061652569643
ergo_adaptive,wind,2237,186.33333333333337,1.776282633400059
ergo_adaptive,wind,2238,186.41666666666663,1.7828838748356306
ergo_adaptive,wind,2239,186.5,1.783444912964978
ergo_adaptive,wind,2240,186.58333333333337,1.7884028128005434
ergo_adaptive,wind,2241,186.66666666666663,1.7896864861792565
ergo_adaptive,wind,2242,186.75,1.805859301162453
ergo_adaptive,wind,2243,186.83333333333337,1.8053328159181243
ergo_adaptive,wind,2244,186.91666666666663,1.7973354890186677
ergo_adaptive,wind,2245,187.0,1.7878528818719701
ergo_adaptive,wind,2246,187.08333333333337,1.7791732147891572
ergo_adaptive,wind,2247,187.16666666666663,1.7794524404813148
ergo_adaptive,wind,2248,187.25,1.778020996030878
ergo_adaptive,wind,2249,187.33333333333337,1.7900196145415226
ergo_adaptive,wind,2250,187.41666666666663,1.7982676843087955
ergo_adaptive,wind,2251,187.5,1.8047033610732504
ergo_adaptive,wind,2252,187.58333333333337,1.8018392128094658
ergo_adaptive,wind,2253,187.66666666666663,1.7966882494524992
ergo_adaptive,wind,2254,187.75,1.789340714866962
ergo_adaptive,wind,2255,187.83333333333337,1.7896917980359925
ergo_adaptive,wind,2256,187.91666666666663,1.7923616969725327
ergo_adaptive,wind,2257,188.0,1.7858713976039455
ergo_adaptive,wind,2258,188.08333333333337,1.7936357065512578
ergo_adaptive,wind,2259,188.16666666666663,1.7903206313493638
ergo_adaptive,wind,2260,188.25,1.7864781591493544
ergo_adaptive,wind,2261,188.33333333333337,1.7792749926609868
ergo_adaptive,wind,2262,188.41666666666663,1.7785360722201002
ergo_adaptive,wind,2263,188.5,1.7829537326912508
ergo_adaptive,wind,2264,188.58333333333337,1.7906108680198232
ergo_adaptive,wind,2265,188.66666666666663,1.7807143907208152
ergo_adaptive,wind,2266,188.75,1.7905649515878868
ergo_adaptive,wind,2267,188.83333333333337,1.8066133963157724
ergo_adaptive,wind,2268,188.91666666666663,1.7934211349389828
ergo_adaptive,wind,2269,189.0,1.7946862052501928
ergo_adaptive,wind,2270,189.08333333333337,1.7957217339367029
ergo_adaptive,wind,2271,189.16666666666663,1.7938452915024905
ergo_adaptive,wind,2272,189.25,1.8002247292647184
ergo_adaptive,wind,2273,189.33333333333337,1.8101246289137285
ergo_adaptive,wind,2274,189.41666666666663,1.8021953989451789
ergo_adaptive,wind,2275,189.5,1.8201409757931402
ergo_adaptive,wind,2276,189.58333333333337,1.8223725906707364
ergo_adaptive,wind,2277,189.66666666666663,1.8337805152340814
ergo_adaptive,wind,2278,189.75,1.8267190290864592
ergo_adaptive,wind,2279,189.83333333333337,1.837307295472654
ergo_adaptive,wind,2280,189.91666666666663,1.8268071046147654
ergo_adaptive,wind,2281,190.0,1.823769747701243
ergo_adaptive,wind,2282,190.08333333333337,1.817417434313966
ergo_adaptive,wind,2283,190.16666666666663,1.8118896615079672
ergo_adaptive,wind,2284,190.25,1.8026090902631815
ergo_adaptive,wind,2285,190.33333333333337,1.8082245577181841
ergo_adaptive,wind,2286,190.41666666666663,1.8300258998490708
ergo_adaptive,wind,2287,190.5,1.836351361906728
ergo_adaptive,wind,2288,190.58333333333337,1.822481711134235
ergo_adaptive,wind,2289,190.66666666666663,1.8246769116989712
ergo_adaptive,wind,2290,190.75,1.8358015127764942
ergo_adaptive,wind,2291,190.83333333333337,1.8474355624398358
ergo_adaptive,wind,2292,190.91666666666663,1.8459673749083783
ergo_adaptive,wind,2293,191.0,1.8618360786067814
ergo_adaptive,wind,2294,191.08333333333337,1.8515664153100013
ergo_adaptive,wind,2295,191.16666666666663,1.854528941634893
ergo_adaptive,wind,2296,191.25,1.8606554331386784
ergo_adaptive,wind,2297,191.33333333333337,1.846792901377342
ergo_adaptive,wind,2298,191.41666666666663,1.8445237064090703
ergo_adaptive,wind,2299,191.5,1.850010315304949
ergo_adaptive,wind,2300,191.58333333333337,1.8579835770077526
ergo_adaptive,wind,2301,191.66666666666663,1.8800364703176087
ergo_adaptive,wind,2302,191.75,1.8807125605793589
ergo_adaptive,wind,2303,191.83333333333337,1.873792991275342
ergo_adaptive,wind,2304,191.91666666666663,1.862598523934313
ergo_adaptive,wind,2305,192.0,1.8675275322150702
ergo_adaptive,wind,2306,192.08333333333337,1.8566619268024516
ergo_adaptive,wind,2307,192.16666666666663,1.8610591180188898
ergo_adaptive,wind,2308,192.25,1.849321678097694
ergo_adaptive,wind,2309,192.33333333333337,1.8459704453424173
ergo_adaptive,wind,2310,192.41666666666663,1.8470079347947546
ergo_adaptive,wind,2311,192.5,1.844732693770451
ergo_adaptive,wind,2312,192.58333333333337,1.8618393592640938
ergo_adaptive,wind,2313,192.66666666666663,1.8646919420344017
ergo_adaptive,wind,2314,192.75,1.8769654224777401
ergo_adaptive,wind,2315,192.83333333333337,1.886977605514185
ergo_adaptive,wind,2316,192.91666666666663,1.8840445758627455
ergo_adaptive,wind,2317,193.0,1.8852393334250266
ergo_adaptive,wind,2318,193.08333333333337,1.8815035073218456
ergo_adaptive,wind,2319,193.16666666666663,1.869406698217415
ergo_adaptive,wind,2320,193.25,1.8829240335491206
ergo_adaptive,wind,2321,193.33333333333337,1.8854580416283555
ergo_adaptive,wind,2322,193.41666666666663,1.8973139944764457
ergo_adaptive,wind,2323,193.5,1.9000418201026545
ergo_adaptive,wind,2324,193.58333333333337,1.9108981205323832
ergo_adaptive,wind,2325,193.66666666666663,1.9061061546088807
ergo_adaptive,wind,2326,193.75,1.922995095578872
ergo_adaptive,wind,2327,193.83333333333337,1.9102978698721174
ergo_adaptive,wind,2328,193.91666666666663,1.9016692002724407
ergo_adaptive,wind,2329,194.0,1.910545823856429
ergo_adaptive,wind,2330,194.08333333333337,1.9082452472085814
ergo_adaptive,wind,2331,194.16666666666663,1.9174961422945618
ergo_adaptive,wind,2332,194.25,1.9183955455113837
ergo_adaptive,wind,2333,194.33333333333337,1.9316018655566876
ergo_adaptive,wind,2334,194.41666666666663,1.914402651078965
ergo_adaptive,wind,2335,194.5,1.9132097913911545
ergo_adaptive,wind,2336,194.58333333333337,1.9260355785932135
ergo_adaptive,wind,2337,194.66666666666663,1.9243586756003717
ergo_adaptive,wind,2338,194.75,1.921258793792409
ergo_adaptive,wind,2339,194.83333333333337,1.9128501386219128
ergo_adaptive,wind,2340,194.91666666666663,1.93307783104451
ergo_adaptive,wind,2341,195.0,1.931809405771338
ergo_adaptive,wind,2342,195.08333333333337,1.9213747354345496
ergo_adaptive,wind,2343,195.16666666666663,1.9354662066286885
ergo_adaptive,wind,2344,195.25,1.9442836939389858
ergo_adaptive,wind,2345,195.33333333333337,1.9463803399486423
ergo_adaptive,wind,2346,195.41666666666663,1.9211783807437934
ergo_adaptive,wind,2347,195.5,1.9334704565283598
ergo_adaptive,wind,2348,195.58333333333337,1.9242163199549391
ergo_adaptive,wind,2349,195.66666666666663,1.9390192928999495
ergo_adaptive,wind,2350,195.75,1.93941428518967
ergo_adaptive,wind,2351,195.83333333333337,1.9425600862994135
ergo_adaptive,wind,2352,195.91666666666663,1.9311896750012711
ergo_adaptive,wind,2353,196.0,1.943432218790114
ergo_adaptive,wind,2354,196.08333333333337,1.962969487604316
ergo_adaptive,wind,2355,196.16666666666663,1.9683464390253353
ergo_adaptive,wind,2356,196.25,1.9525394225169643
ergo_adaptive,wind,2357,196.33333333333337,1.946060421788385
ergo_adaptive,wind,2358,196.41666666666663,1.9513183767385203
ergo_adaptive,wind,2359,196.5,1.949925699245083
ergo_adaptive,wind,2360,196.58333333333337,1.9515780357941994
ergo_adaptive,wind,2361,196.66666666666663,1.947773398263976
ergo_adaptive,wind,2362,196.75,1.9739509536033184
ergo_adaptive,wind,2363,196.83333333333337,1.9580617795955866
ergo_adaptive,wind,2364,196.91666666666663,1.9628105085512526
ergo_adaptive,wind,2365,197.0,1.984949189922321
ergo_adaptive,wind,2366,197.08333333333337,1.9879821740794044
ergo_adaptive,wind,2367,197.16666666666663,1.991176389580557
ergo_adaptive,wind,2368,197.25,2.0088444002909625
ergo_adaptive,wind,2369,197.33333333333337,2.023498487439919
ergo_adaptive,wind,2370,197.41666666666663,2.0313500019098734
ergo_adaptive,wind,2371,197.5,2.030818326130013
ergo_adaptive,wind,2372,197.58333333333337,2.023407252466643
ergo_adaptive,wind,2373,197.66666666666663,2.0367013760736885
ergo_adaptive,wind,2374,197.75,2.0197078872339165
ergo_adaptive,wind,2375,197.83333333333337,2.027077106270658
ergo_adaptive,wind,2376,197.91666666666663,2.0338265857034035
ergo_adaptive,wind,2377,198.0,2.0405885665716457
ergo_adaptive,wind,2378,198.08333333333337,2.0327131125031923
ergo_adaptive,wind,2379,198.16666666666663,2.0392919831786145
ergo_adaptive,wind,2380,198.25,2.029336369696907
ergo_adaptive,wind,2381,198.33333333333337,2.0082198563423885
ergo_adaptive,wind,2382,198.41666666666663,2.013077769197568
ergo_adaptive,wind,2383,198.5,2.021218266378368
ergo_adaptive,wind,2384,198.58333333333337,2.0276052138632523
ergo_adaptive,wind,2385,198.66666666666663,2.035450285969756
ergo_adaptive,wind,2386,198.75,2.0149839151535534
ergo_adaptive,wind,2387,198.83333333333337,2.021698022570824
ergo_adaptive,wind,2388,198.91666666666663,2.039622230774133
ergo_adaptive,wind,2389,199.0,2.0519973151341793
ergo_adaptive,wind,2390,199.08333333333337,2.033635448851833
ergo_adaptive,wind,2391,199.16666666666663,2.0317797635708
ergo_adaptive,wind,2392,199.25,2.0468605432669125
ergo_adaptive,wind,2393,199.33333333333337,2.047577650145059
ergo_adaptive,wind,2394,199.41666666666663,2.0422656431676627
ergo_adaptive,wind,2395,199.5,2.0258921121531563
ergo_adaptive,wind,2396,199.58333333333337,2.0353488515885325
ergo_adaptive,wind,2397,199.66666666666663,2.041638794856049
ergo_adaptive,wind,2398,199.75,2.0599941222836513
ergo_adaptive,wind,2399,199.83333333333337,2.0652598711984504
ergo_adaptive,wind,2400,199.91666666666663,2.07362371528872
ergo_adaptive,wind,2401,200.0,2.0672645276998427
ergo_adaptive,wind,2402,200.08333333333337,2.042313410981765
ergo_adaptive,wind,2403,200.16666666666663,2.050306619201896
ergo_adaptive,wind,2404,200.25,2.0565057987837423
ergo_adaptive,wind,2405,200.33333333333337,2.0520002004632603
ergo_adaptive,wind,2406,200.41666666666663,2.016694192316675
ergo_adaptive,wind,2407,200.5,2.047901728385334
ergo_adaptive,wind,2408,200.58333333333337,2.036748461361778
ergo_adaptive,wind,2409,200.66666666666663,2.0551403774743666
ergo_adaptive,wind,2410,200.75,2.058142018910156
ergo_adaptive,wind,2411,200.83333333333337,2.0801037181116158
ergo_adaptive,wind,2412,200.91666666666663,2.0711110883434567
ergo_adaptive,wind,2413,201.0,2.0795697704394316
ergo_adaptive,wind,2414,201.08333333333337,2.087879045281293
ergo_adaptive,wind,2415,201.16666666666663,2.099423023997107
ergo_adaptive,wind,2416,201.25,2.107354502689182
ergo_adaptive,wind,2417,201.33333333333337,2.0901322681960925
ergo_adaptive,wind,2418,201.41666666666663,2.0923931342979283
ergo_adaptive,wind,2419,201.5,2.091390430052788
ergo_adaptive,wind,2420,201.58333333333337,2.1038284662964695
ergo_adaptive,wind,2421,201.66666666666663,2.077501787476946
ergo_adaptive,wind,2422,201.75,2.087853421830958
ergo_adaptive,wind,2423,201.83333333333337,2.116778914726565
ergo_adaptive,wind,2424,201.91666666666663,2.1348405482139037
ergo_adaptive,wind,2425,202.0,2.1461254376512158
ergo_adaptive,wind,2426,202.08333333333337,2.151769340274609
ergo_adaptive,wind,2427,202.16666666666663,2.178461272764176
ergo_adaptive,wind,2428,202.25,2.1792640145676887
ergo_adaptive,wind,2429,202.33333333333337,2.172152563330753
ergo_adaptive,wind,2430,202.41666666666663,2.165910692756145
ergo_adaptive,wind,2431,202.5,2.142813839177015
ergo_adaptive,wind,2432,202.58333333333337,2.130955243847078
ergo_adaptive,wind,2433,202.66666666666663,2.1284767388307566
ergo_adaptive,wind,2434,202.75,2.143058209291025
ergo_adaptive,wind,2435,202.83333333333337,2.1367395178991253
ergo_adaptive,wind,2436,202.91666666666663,2.1494254009614804
ergo_adaptive,wind,2437,203.0,2.148962409951489
ergo_adaptive,wind,2438,203.08333333333337,2.140595779690603
ergo_adaptive,wind,2439,203.16666666666663,2.1364254193879555
ergo_adaptive,wind,2440,203.25,2.154344070405774
ergo_adaptive,wind,2441,203.33333333333337,2.167772171351697
ergo_adaptive,wind,2442,203.41666666666663,2.172053322529866
ergo_adaptive,wind,2443,203.5,2.181974175230381
ergo_adaptive,wind,2444,203.58333333333337,2.2040155919664897
ergo_adaptive,wind,2445,203.66666666666663,2.2107030796482627
ergo_adaptive,wind,2446,203.75,2.2181406926710374
ergo_adaptive,wind,2447,203.83333333333337,2.2048208518987176
ergo_adaptive,wind,2448,203.91666666666663,2.204774512009598
ergo_adaptive,wind,2449,204.0,2.216253211340578
ergo_adaptive,wind,2450,204.08333333333337,2.20633371208822
ergo_adaptive,wind,2451,204.16666666666663,2.2113010335330743
ergo_adaptive,wind,2452,204.25,2.197037941307925
ergo_adaptive,wind,2453,204.33333333333337,2.193978284263167
ergo_adaptive,wind,2454,204.41666666666663,2.181760000836945
ergo_adaptive,wind,2455,204.5,2.196458242283046
ergo_adaptive,wind,2456,204.58333333333337,2.201897124981943
ergo_adaptive,wind,2457,204.66666666666663,2.213596905854008
ergo_adaptive,wind,2458,204.75,2.2268098825993383
ergo_adaptive,wind,2459,204.83333333333337,2.213431061513802
ergo_adaptive,wind,2460,204.91666666666663,2.2191815380115667
ergo_adaptive,wind,2461,205.0,2.2305878138750503
ergo_adaptive,wind,2462,205.08333333333337,2.217350690956259
ergo_adaptive,wind,2463,205.16666666666663,2.228834065127904
ergo_adaptive,wind,2464,205.25,2.2583442002618126
ergo_adaptive,wind,2465,205.33333333333337,2.2359059734950457
ergo_adaptive,wind,2466,205.41666666666663,2.2430597735881452
ergo_adaptive,wind,2467,205.5,2.229742197171084
ergo_adaptive,wind,2468,205.58333333333337,2.2558655221620088
ergo_adaptive,wind,2469,205.66666666666663,2.235577058675835
ergo_adaptive,wind,2470,205.75,2.25036714258609
ergo_adaptive,wind,2471,205.83333333333337,2.25327048261819
ergo_adaptive,wind,2472,205.91666666666663,2.27696493551175
ergo_adaptive,wind,2473,206.0,2.282787519470365
ergo_adaptive,wind,2474,206.08333333333337,2.278633541218357
ergo_adaptive,wind,2475,206.16666666666663,2.2763394766310174
ergo_adaptive,wind,2476,206.25,2.2669129257619556
ergo_adaptive,wind,2477,206.33333333333337,2.278344553135207
ergo_adaptive,wind,2478,206.41666666666663,2.304707113401117
ergo_adaptive,wind,2479,206.5,2.3290762286925073
ergo_adaptive,wind,2480,206.58333333333337,2.3163293040406603
ergo_adaptive,wind,2481,206.66666666666663,2.306826375489088
ergo_adaptive,wind,2482,206.75,2.333991797828139
ergo_adaptive,wind,2483,206.83333333333337,2.3141974520517126
ergo_adaptive,wind,2484,206.91666666666663,2.311827720784858
ergo_adaptive,wind,2485,207.0,2.293655082120943
ergo_adaptive,wind,2486,207.08333333333337,2.26323770755395
ergo_adaptive,wind,2487,207.16666666666663,2.2684066763029955
ergo_adaptive,wind,2488,207.25,2.2498889414517667
ergo_adaptive,wind,2489,207.33333333333337,2.239532254316643
ergo_adaptive,wind,2490,207.41666666666663,2.2532696980384808
ergo_adaptive,wind,2491,207.5,2.2219153754575167
ergo_adaptive,wind,2492,207.58333333333337,2.2142614249470087
ergo_adaptive,wind,2493,207.66666666666663,2.2099731115204992
ergo_adaptive,wind,2494,207.75,2.2017805078211814
ergo_adaptive,wind,2495,207.83333333333337,2.225399608182111
ergo_adaptive,wind,2496,207.91666666666663,2.2375455761209095
ergo_adaptive,wind,2497,208.0,2.241275004388027
ergo_adaptive,wind,2498,208.08333333333337,2.1909721107656033
ergo_adaptive,wind,2499,208.16666666666663,2.2086336704013507
ergo_adaptive,wind,2500,208.25,2.2074550436929563
ergo_adaptive,wind,2501,208.33333333333337,2.2055584902711867
ergo_adaptive,wind,2502,208.41666666666663,2.1832838561369172
ergo_adaptive,wind,2503,208.5,2.204603513332122
ergo_adaptive,wind,2504,208.58333333333337,2.1848548797784577
ergo_adaptive,wind,2505,208.66666666666663,2.2018474214673596
ergo_adaptive,wind,2506,208.75,2.209635579425339
ergo_adaptive,wind,2507,208.83333333333337,2.2390550744576774
ergo_adaptive,wind,2508,208.91666666666663,2.2583903898970075
ergo_adaptive,wind,2509,209.0,2.2707221859306874
ergo_adaptive,wind,2510,209.08333333333337,2.3251709473254762
ergo_adaptive,wind,2511,209.16666666666663,2.325449708914956
ergo_adaptive,wind,2512,209.25,2.324955937785606
ergo_adaptive,wind,2513,209.33333333333337,2.2940296595900684
ergo_adaptive,wind,2514,209.41666666666663,2.3383596962193214
ergo_adaptive,wind,2515,209.5,2.3268366346760776
ergo_adaptive,wind,2516,209.58333333333337,2.340736335243006
ergo_adaptive,wind,2517,209.66666666666663,2.3620228511965924
ergo_adaptive,wind,2518,209.75,2.392708138737012
ergo_adaptive,wind,2519,209.83333333333337,2.3707219283642944
ergo_adaptive,wind,2520,209.91666666666663,2.394081007378723
ergo_adaptive,wind,2521,210.0,2.393122549390182
ergo_adaptive,wind,2522,210.08333333333337,2.404064953611094
ergo_adaptive,wind,2523,210.16666666666663,2.4146803486268595
ergo_adaptive,wind,2524,210.25,2.4150030942139105
ergo_adaptive,wind,2525,210.33333333333337,2.403934975485158
ergo_adaptive,wind,2526,210.41666666666663,2.444886969889145
ergo_adaptive,wind,2527,210.5,2.457863768898239
ergo_adaptive,wind,2528,210.58333333333337,2.4448108783112414
ergo_adaptive,wind,2529,210.66666666666663,2.424246907400395
ergo_adaptive,wind,2530,210.75,2.4249754673182147
ergo_adaptive,wind,2531,210.83333333333337,2.4210618211448405
ergo_adaptive,wind,2532,210.91666666666663,2.4304720815670273
ergo_adaptive,wind,2533,211.0,2.4274706891307822
ergo_adaptive,wind,2534,211.08333333333337,2.4285240989770793
ergo_adaptive,wind,2535,211.16666666666663,2.4327696543961044
ergo_adaptive,wind,2536,211.25,2.434635421423249
ergo_adaptive,wind,2537,211.33333333333337,2.433642112373755
ergo_adaptive,wind,2538,211.41666666666663,2.417904689343309
ergo_adaptive,wind,2539,211.5,2.437857589600735
ergo_adaptive,wind,2540,211.58333333333337,2.459696822210718
ergo_adaptive,wind,2541,211.66666666666663,2.483121134140923
ergo_adaptive,wind,2542,211.75,2.4835625076107726
ergo_adaptive,wind,2543,211.83333333333337,2.501469124009649
ergo_adaptive,wind,2544,211.91666666666663,2.483251391138588
ergo_adaptive,wind,2545,212.0,2.4955796795757084
ergo_adaptive,wind,2546,212.08333333333337,2.508986109448882
ergo_adaptive,wind,2547,212.16666666666663,2.5153330300704626
ergo_adaptive,wind,2548,212.25,2.526163619374619
ergo_adaptive,wind,2549,212.33333333333337,2.574777117251834
ergo_adaptive,wind,2550,212.41666666666663,2.560635812260768
ergo_adaptive,wind,2551,212.5,2.6114664829736185
ergo_adaptive,wind,2552,212.58333333333337,2.5936151391311233
ergo_adaptive,wind,2553,212.66666666666663,2.6277610337819937
ergo_adaptive,wind,2554,212.75,2.6412595600225433
ergo_adaptive,wind,2555,212.83333333333337,2.6112972906913905
ergo_adaptive,wind,2556,212.91666666666663,2.6027326157039457
ergo_adaptive,wind,2557,213.0,2.5943461519749906
ergo_adaptive,wind,2558,213.08333333333337,2.597991962850828
ergo_adaptive,wind,2559,213.16666666666663,2.58076578297612
ergo_adaptive,wind,2560,213.25,2.5716900740334165
ergo_adaptive,wind,2561,213.33333333333337,2.5744202376146434
ergo_adaptive,wind,2562,213.41666666666663,2.552580592304149
ergo_adaptive,wind,2563,213.5,2.5738790036526575
ergo_adaptive,wind,2564,213.58333333333337,2.560526503619484
ergo_adaptive,wind,2565,213.66666666666663,2.5507723364909345
ergo_adaptive,wind,2566,213.75,2.536149395748623
ergo_adaptive,wind,2567,213.83333333333337,2.550360034773688
ergo_adaptive,wind,2568,213.91666666666663,2.5749531758003013
ergo_adaptive,wind,2569,214.0,2.587655695828964
ergo_adaptive,wind,2570,214.08333333333337,2.5854599020125266
ergo_adaptive,wind,2571,214.16666666666663,2.6087040854725885
ergo_adaptive,wind,2572,214.25,2.606362754838012
ergo_adaptive,wind,2573,214.33333333333337,2.6062961038900423
ergo_adaptive,wind,2574,214.41666666666663,2.571351851471593
ergo_adaptive,wind,2575,214.5,2.5660262734052
ergo_adaptive,wind,2576,214.58333333333337,2.574185247083722
ergo_adaptive,wind,2577,214.66666666666663,2.55493509446132
ergo_adaptive,wind,2578,214.75,2.5583557902442267
ergo_adaptive,wind,2579,214.83333333333337,2.57712660358351
ergo_adaptive,wind,2580,214.91666666666663,2.539714042053435
ergo_adaptive,wind,2581,215.0,2.560854710076225
ergo_adaptive,wind,2582,215.08333333333337,2.560679304846731
ergo_adaptive,wind,2583,215.16666666666663,2.55269885704188
ergo_adaptive,wind,2584,215.25,2.5612021689334012
ergo_adaptive,wind,2585,215.33333333333337,2.538672075756407
ergo_adaptive,wind,2586,215.41666666666663,2.5374275252202954
ergo_adaptive,wind,2587,215.5,2.5239207766869804
ergo_adaptive,wind,2588,215.58333333333337,2.5295154903313324
ergo_adaptive,wind,2589,215.66666666666663,2.5380328336727684
ergo_adaptive,wind,2590,215.75,2.5362528044823933
ergo_adaptive,wind,2591,215.83333333333337,2.5459911526568497
ergo_adaptive,wind,2592,215.91666666666663,2.5481537840460806
ergo_adaptive,wind,2593,216.0,2.5332055851725896
ergo_adaptive,wind,2594,216.08333333333337,2.5147139427616523
ergo_adaptive,wind,2595,216.16666666666663,2.5153811108501163
ergo_adaptive,wind,2596,216.25,2.5440913699911625
ergo_adaptive,wind,2597,216.33333333333337,2.5685152071773714
ergo_adaptive,wind,2598,216.41666666666663,2.5466985910841498
ergo_adaptive,wind,2599,216.5,2.5298862372008766
ergo_adaptive,wind,2600,216.58333333333337,2.5211370087753173
ergo_adaptive,wind,2601,216.66666666666663,2.5167111165433695
ergo_adaptive,wind,2602,216.75,2.5407761113065552
ergo_adaptive,wind,2603,216.83333333333337,2.570634526845535
ergo_adaptive,wind,2604,216.91666666666663,2.582159945070352
ergo_adaptive,wind,2605,217.0,2.587038972697815
ergo_adaptive,wind,2606,217.08333333333337,2.6053251260931214
ergo_adaptive,wind,2607,217.16666666666663,2.6070029394812706
ergo_adaptive,wind,2608,217.25,2.6175786554069336
ergo_adaptive,wind,2609,217.33333333333337,2.585031854982609
ergo_adaptive,wind,2610,217.41666666666663,2.5605862475808934
ergo_adaptive,wind,2611,217.5,2.5793913605328953
ergo_adaptive,wind,2612,217.58333333333337,2.599222833496615
ergo_adaptive,wind,2613,217.66666666666663,2.5983845776842474
ergo_adaptive,wind,2614,217.75,2.5838829562999925
ergo_adaptive,wind,2615,217.83333333333337,2.5639235775878277
ergo_adaptive,wind,2616,217.91666666666663,2.5676337185575884
ergo_adaptive,wind,2617,218.0,2.5281430140263237
ergo_adaptive,wind,2618,218.08333333333337,2.543261184706776
ergo_adaptive,wind,2619,218.16666666666663,2.5313906443275322
ergo_adaptive,wind,2620,218.25,2.5437962859775154
ergo_adaptive,wind,2621,218.33333333333337,2.551630267071398
ergo_adaptive,wind,2622,218.41666666666663,2.544594417057098
ergo_adaptive,wind,2623,218.5,2.518415959945372
ergo_adaptive,wind,2624,218.58333333333337,2.4753150092121023
ergo_adaptive,wind,2625,218.66666666666663,2.4956056057530365
ergo_adaptive,wind,2626,218.75,2.525534550116473
ergo_adaptive,wind,2627,218.83333333333337,2.4640633515858217
ergo_adaptive,wind,2628,218.91666666666663,2.5050376075309857
ergo_adaptive,wind,2629,219.0,2.473725982742411
ergo_adaptive,wind,2630,219.08333333333337,2.4930095820609695
ergo_adaptive,wind,2631,219.16666666666663,2.480820449807064
ergo_adaptive,wind,2632,219.25,2.4612460949331862
ergo_adaptive,wind,2633,219.33333333333337,2.4256320531692053
ergo_adaptive,wind,2634,219.41666666666663,2.4019266796611247
ergo_adaptive,wind,2635,219.5,2.3860016499008267
ergo_adaptive,wind,2636,219.58333333333337,2.3580351940241027
ergo_adaptive,wind,2637,219.66666666666663,2.3413952525953023
ergo_adaptive,wind,2638,219.75,2.3522018146173105
ergo_adaptive,wind,2639,219.83333333333337,2.3205351155148337
ergo_adaptive,wind,2640,219.91666666666663,2.30406167202827
ergo_adaptive,wind,2641,220.0,2.2944585326389677
ergo_adaptive,wind,2642,220.08333333333337,2.2941868489888364
ergo_adaptive,wind,2643,220.16666666666663,2.321821102953466
ergo_adaptive,wind,2644,220.25,2.3284380356091043
ergo_adaptive,wind,2645,220.33333333333337,2.3032484245271556
ergo_adaptive,wind,2646,220.41666666666663,2.2817354809007653
ergo_adaptive,wind,2647,220.5,2.2340319240979722
ergo_adaptive,wind,2648,220.58333333333337,2.228169585214366
ergo_adaptive,wind,2649,220.66666666666663,2.2217081911317442
ergo_adaptive,wind,2650,220.75,2.2083131665275517
ergo_adaptive,wind,2651,220.83333333333337,2.191022965882418
ergo_adaptive,wind,2652,220.91666666666663,2.1821008920689158
ergo_adaptive,wind,2653,221.0,2.196925002378478
ergo_adaptive,wind,2654,221.08333333333337,2.184229512639234
ergo_adaptive,wind,2655,221.16666666666663,2.177122073735581
ergo_adaptive,wind,2656,221.25,2.1761183770514596
ergo_adaptive,wind,2657,221.33333333333337,2.1629487618907985
ergo_adaptive,wind,2658,221.41666666666663,2.1626306602850636
ergo_adaptive,wind,2659,221.5,2.1681744083104406
ergo_adaptive,wind,2660,221.58333333333337,2.1732174418086414
ergo_adaptive,wind,2661,221.66666666666663,2.1702949384736643
ergo_adaptive,wind,2662,221.75,2.165137643048253
ergo_adaptive,wind,2663,221.83333333333337,2.1623450722432658
ergo_adaptive,wind,2664,221.91666666666663,2.179334620600114
ergo_adaptive,wind,2665,222.0,2.1815024982075
ergo_adaptive,wind,2666,222.08333333333337,2.186558477795783
ergo_adaptive,wind,2667,222.16666666666663,2.174942979426837
ergo_adaptive,wind,2668,222.25,2.176489706727649
ergo_adaptive,wind,2669,222.33333333333337,2.191358485000692
ergo_adaptive,wind,2670,222.41666666666663,2.2076557813433095
ergo_adaptive,wind,2671,222.5,2.1753673643286158
ergo_adaptive,wind,2672,222.58333333333337,2.178693563235149
ergo_adaptive,wind,2673,222.66666666666663,2.170012286154007
ergo_adaptive,wind,2674,222.75,2.1819104317547304
ergo_adaptive,wind,2675,222.83333333333337,2.1932190432469576
ergo_adaptive,wind,2676,222.91666666666663,2.2050064509915814
ergo_adaptive,wind,2677,223.0,2.2332734686410824
ergo_adaptive,wind,2678,223.08333333333337,2.228009504997386
ergo_adaptive,wind,2679,223.16666666666663,2.2432328550858243
ergo_adaptive,wind,2680,223.25,2.2684924596958753
ergo_adaptive,wind,2681,223.33333333333337,2.2657626734235743
ergo_adaptive,wind,2682,223.41666666666663,2.265363464914124
ergo_adaptive,wind,2683,223.5,2.300794482604216
ergo_adaptive,wind,2684,223.58333333333337,2.3088374208951183
ergo_adaptive,wind,2685,223.66666666666663,2.306034161412811
ergo_adaptive,wind,2686,223.75,2.3350811974293832
ergo_adaptive,wind,2687,223.83333333333337,2.331442904008508
ergo_adaptive,wind,2688,223.91666666666663,2.3001679627261056
ergo_adaptive,wind,2689,224.0,2.2999541064024625
ergo_adaptive,wind,2690,224.08333333333337,2.29105053946141
ergo_adaptive,wind,2691,224.16666666666663,2.283102507555882
ergo_adaptive,wind,2692,224.25,2.2989529805568525
ergo_adaptive,wind,2693,224.33333333333337,2.27974911018704
ergo_adaptive,wind,2694,224.41666666666663,2.238053206441664
ergo_adaptive,wind,2695,224.5,2.229675903527506
ergo_adaptive,wind,2696,224.58333333333337,2.213897438611108
ergo_adaptive,wind,2697,224.66666666666663,2.2037292438198266
ergo_adaptive,wind,2698,224.75,2.1593252737463646
ergo_adaptive,wind,2699,224.83333333333337,2.1458937658711337
ergo_adaptive,wind,2700,224.91666666666663,2.139926315123252
ergo_adaptive,wind,2701,225.0,2.1138286892540763
ergo_adaptive,wind,2702,225.08333333333337,2.0895919709732436
ergo_adaptive,wind,2703,225.16666666666663,2.0701515342078385
ergo_adaptive,wind,2704,225.25,2.0475833714142557
ergo_adaptive,wind,2705,225.33333333333337,2.033086966898256
ergo_adaptive,wind,2706,225.41666666666663,2.0130106896657813
ergo_adaptive,wind,2707,225.5,1.991315821823768
ergo_adaptive,wind,2708,225.58333333333337,1.9800250494717662
ergo_adaptive,wind,2709,225.66666666666663,1.9582639124314147
ergo_adaptive,wind,2710,225.75,1.9486999724312026
ergo_adaptive,wind,2711,225.83333333333337,1.9509181983392816
ergo_adaptive,wind,2712,225.91666666666663,1.9515372374913393
ergo_adaptive,wind,2713,226.0,1.9432803436789823
ergo_adaptive,wind,2714,226.08333333333337,1.938263612425669
ergo_adaptive,wind,2715,226.16666666666663,1.9523226274415004
ergo_adaptive,wind,2716,226.25,1.9593548979557331
ergo_adaptive,wind,2717,226.33333333333337,1.9545813594424182
ergo_adaptive,wind,2718,226.41666666666663,1.9343423039592829
ergo_adaptive,wind,2719,226.5,1.9076807449137603
ergo_adaptive,wind,2720,226.58333333333337,1.9002083846896767
ergo_adaptive,wind,2721,226.66666666666663,1.8986107114662398
ergo_adaptive,wind,2722,226.75,1.9017670053643738
ergo_adaptive,wind,2723,226.83333333333337,1.900843514316886
ergo_adaptive,wind,2724,226.91666666666663,1.8970366527841973
ergo_adaptive,wind,2725,227.0,1.8881514874004262
ergo_adaptive,wind,2726,227.08333333333337,1.8807519319399761
ergo_adaptive,wind,2727,227.16666666666663,1.8814766132481802
ergo_adaptive,wind,2728,227.25,1.8767774119734435
ergo_adaptive,wind,2729,227.33333333333337,1.8862187089685332
ergo_adaptive,wind,2730,227.41666666666663,1.8835082411612674
ergo_adaptive,wind,2731,227.5,1.8778913936484578
ergo_adaptive,wind,2732,227.58333333333337,1.887410956704907
ergo_adaptive,wind,2733,227.66666666666663,1.896796211371055
ergo_adaptive,wind,2734,227.75,1.891229839392028
ergo_adaptive,wind,2735,227.83333333333337,1.8981965223157193
ergo_adaptive,wind,2736,227.91666666666663,1.9059733208548366
ergo_adaptive,wind,2737,228.0,1.8938460570175508
ergo_adaptive,wind,2738,228.08333333333337,1.9078121434448507
ergo_adaptive,wind,2739,228.16666666666663,1.9090977300771184
ergo_adaptive,wind,2740,228.25,1.913543878779707
ergo_adaptive,wind,2741,228.33333333333337,1.9252221443774227
ergo_adaptive,wind,2742,228.41666666666663,1.915126188567023
ergo_adaptive,wind,2743,228.5,1.9118956792091244
ergo_adaptive,wind,2744,228.58333333333337,1.9158234810298422
ergo_adaptive,wind,2745,228.66666666666663,1.940699787459344
ergo_adaptive,wind,2746,228.75,1.950909140869506
ergo_adaptive,wind,2747,228.83333333333337,1.9787819979732417
ergo_adaptive,wind,2748,228.91666666666663,1.996286117511007
ergo_adaptive,wind,2749,229.0,1.9521417583716856
ergo_adaptive,wind,2750,229.08333333333337,1.9614451261747055
ergo_adaptive,wind,2751,229.16666666666663,1.9835559446757625
ergo_adaptive,wind,2752,229.25,1.9809407985236747
ergo_adaptive,wind,2753,229.33333333333337,1.9649284107742473
ergo_adaptive,wind,2754,229.41666666666663,1.999799641466126
ergo_adaptive,wind,2755,229.5,2.0279511347936694
ergo_adaptive,wind,2756,229.58333333333337,2.02656991346714
ergo_adaptive,wind,2757,229.66666666666663,2.016809709097586
ergo_adaptive,wind,2758,229.75,1.9966253032122934
ergo_adaptive,wind,2759,229.83333333333337,1.9858926900366511
ergo_adaptive,wind,2760,229.91666666666663,1.9646277737166389
ergo_adaptive,wind,2761,230.0,2.0071298117815135
ergo_adaptive,wind,2762,230.08333333333337,2.0346361061643425
ergo_adaptive,wind,2763,230.16666666666663,2.000998267891246
ergo_adaptive,wind,2764,230.25,2.0296895122852527
ergo_adaptive,wind,2765,230.33333333333337,2.0174709808611766
ergo_adaptive,wind,2766,230.41666666666663,1.994070357454244
ergo_adaptive,wind,2767,230.5,1.9585399061525168
ergo_adaptive,wind,2768,230.58333333333337,1.939769210229926
ergo_adaptive,wind,2769,230.66666666666663,1.9499494344384924
ergo_adaptive,wind,2770,230.75,1.9675623130949436
ergo_adaptive,wind,2771,230.83333333333337,1.939889654055536
ergo_adaptive,wind,2772,230.91666666666663,1.9326017017476933
ergo_adaptive,wind,2773,231.0,1.9236970257360877
ergo_adaptive,wind,2774,231.08333333333337,1.9211306324054853
ergo_adaptive,wind,2775,231.16666666666663,1.9311333837042228
ergo_adaptive,wind,2776,231.25,1.9351212471025152
ergo_adaptive,wind,2777,231.33333333333337,1.9352262606782644
ergo_adaptive,wind,2778,231.41666666666663,1.9210682774715406
ergo_adaptive,wind,2779,231.5,1.9156063895220938
ergo_adaptive,wind,2780,231.58333333333337,1.9205680664993108
ergo_adaptive,wind,2781,231.66666666666663,1.9050201659714432
ergo_adaptive,wind,2782,231.75,1.9002185429380476
ergo_adaptive,wind,2783,231.83333333333337,1.8869523336525653
ergo_adaptive,wind,2784,231.91666666666663,1.8923515866038487
ergo_adaptive,wind,2785,232.0,1.8947988099293651
ergo_adaptive,wind,2786,232.08333333333337,1.8952195652322545
ergo_adaptive,wind,2787,232.16666666666663,1.894068328144291
ergo_adaptive,wind,2788,232.25,1.894315364856018
ergo_adaptive,wind,2789,232.33333333333337,1.8884007342215405
ergo_adaptive,wind,2790,232.41666666666663,1.8776558131990662
ergo_adaptive,wind,2791,232.5,1.876131262976572
ergo_adaptive,wind,2792,232.58333333333337,1.8798469402719726
ergo_adaptive,wind,2793,232.66666666666663,1.8866679288890091
ergo_adaptive,wind,2794,232.75,1.8921313781182185
ergo_adaptive,wind,2795,232.83333333333337,1.8825872076257888
ergo_adaptive,wind,2796,232.91666666666663,1.8770471494085572
ergo_adaptive,wind,2797,233.0,1.8873715219503917
ergo_adaptive,wind,2798,233.08333333333337,1.8939806648749344
ergo_adaptive,wind,2799,233.16666666666663,1.8940501115176325
ergo_adaptive,wind,2800,233.25,1.8928590305650197
ergo_adaptive,wind,2801,233.33333333333337,1.8977761642313047
ergo_adaptive,wind,2802,233.41666666666663,1.9112963596320005
ergo_adaptive,wind,2803,233.5,1.8976999298729555
ergo_adaptive,wind,2804,233.58333333333337,1.9052286151507785
ergo_adaptive,wind,2805,233.66666666666663,1.8970870244217006
ergo_adaptive,wind,2806,233.75,1.8970757632037711
ergo_adaptive,wind,2807,233.83333333333337,1.8940733832709542
ergo_adaptive,wind,2808,233.91666666666663,1.8949328231350233
ergo_adaptive,wind,2809,234.0,1.8978653840947786
ergo_adaptive,wind,2810,234.08333333333337,1.9017133395707626
ergo_adaptive,wind,2811,234.16666666666663,1.8822738500123157
ergo_adaptive,wind,2812,234.25,1.8872578148369155
ergo_adaptive,wind,2813,234.33333333333337,1.8881413023355214
ergo_adaptive,wind,2814,234.41666666666663,1.8977792140213778
ergo_adaptive,wind,2815,234.5,1.912788769812951
ergo_adaptive,wind,2816,234.58333333333337,1.912433653980388
ergo_adaptive,wind,2817,234.66666666666663,1.9224139887173253
ergo_adaptive,wind,2818,234.75,1.9274383778639104
ergo_adaptive,wind,2819,234.83333333333337,1.9166279556418806
ergo_adaptive,wind,2820,234.91666666666663,1.9130342715069975
ergo_adaptive,wind,2821,235.0,1.9194455753456543
ergo_adaptive,wind,2822,235.08333333333337,1.9162468323893995
ergo_adaptive,wind,2823,235.16666666666663,1.9098068963370662
ergo_adaptive,wind,2824,235.25,1.9111421766832497
ergo_adaptive,wind,2825,235.33333333333337,1.9138055869574446
ergo_adaptive,wind,2826,235.41666666666663,1.9060670325328073
ergo_adaptive,wind,2827,235.5,1.8980756207936857
ergo_adaptive,wind,2828,235.58333333333337,1.894333799979848
ergo_adaptive,wind,2829,235.66666666666663,1.8847166265439164
ergo_adaptive,wind,2830,235.75,1.8976368337380587
ergo_adaptive,wind,2831,235.83333333333337,1.9016912583696604
ergo_adaptive,wind,2832,235.91666666666663,1.9052711944903022
ergo_adaptive,wind,2833,236.0,1.9028170617622584
ergo_adaptive,wind,2834,236.08333333333337,1.8906003780984586
ergo_adaptive,wind,2835,236.16666666666663,1.9030656440907165
ergo_adaptive,wind,2836,236.25,1.9059276326617083
ergo_adaptive,wind,2837,236.33333333333337,1.8908283462072257
ergo_adaptive,wind,2838,236.41666666666663,1.8809792691798985
ergo_adaptive,wind,2839,236.5,1.8886889596561118
ergo_adaptive,wind,2840,236.58333333333337,1.9000069877472163
ergo_adaptive,wind,2841,236.66666666666663,1.892203805776096
ergo_adaptive,wind,2842,236.75,1.8863150885808704
ergo_adaptive,wind,2843,236.83333333333337,1.8892995489369946
ergo_adaptive,wind,2844,236.91666666666663,1.8849547435767475
ergo_adaptive,wind,2845,237.0,1.8887152359361177
ergo_adaptive,wind,2846,237.08333333333337,1.8907445727880745
ergo_adaptive,wind,2847,237.16666666666663,1.8869547472258155
ergo_adaptive,wind,2848,237.25,1.8896624202775434
ergo_adaptive,wind,2849,237.33333333333337,1.8779892481161518
ergo_adaptive,wind,2850,237.41666666666663,1.8846759444947128
ergo_adaptive,wind,2851,237.5,1.872495543879522
ergo_adaptive,wind,2852,237.58333333333337,1.8810510513556638
ergo_adaptive,wind,2853,237.66666666666663,1.878728925264242
ergo_adaptive,wind,2854,237.75,1.8830608614233875
ergo_adaptive,wind,2855,237.83333333333337,1.8948774775350272
ergo_adaptive,wind,2856,237.91666666666663,1.8913491437852492
ergo_adaptive,wind,2857,238.0,1.8896905081698574
ergo_adaptive,wind,2858,238.08333333333337,1.8996842399737317
ergo_adaptive,wind,2859,238.16666666666663,1.9041280056996388
ergo_adaptive,wind,2860,238.25,1.9067630862740907
ergo_adaptive,wind,2861,238.33333333333337,1.9042696342053276
ergo_adaptive,wind,2862,238.41666666666663,1.909007813427682
ergo_adaptive,wind,2863,238.5,1.9196198789232786
ergo_adaptive,wind,2864,238.58333333333337,1.9212056385087157
ergo_adaptive,wind,2865,238.66666666666663,1.9107999587959736
ergo_adaptive,wind,2866,238.75,1.9284099342450645
ergo_adaptive,wind,2867,238.83333333333337,1.9213354976309533
ergo_adaptive,wind,2868,238.91666666666663,1.9179572530429163
ergo_adaptive,wind,2869,239.0,1.9102477583389963
ergo_adaptive,wind,2870,239.08333333333337,1.9090518031227666
ergo_adaptive,wind,2871,239.16666666666663,1.9124163562857355
ergo_adaptive,wind,2872,239.25,1.9200428518376988
ergo_adaptive,wind,2873,239.33333333333337,1.908472082716046
ergo_adaptive,wind,2874,239.41666666666663,1.8988244336321094
ergo_adaptive,wind,2875,239.5,1.8987572811428068
ergo_adaptive,wind,2876,239.58333333333337,1.8998494262538055
ergo_adaptive,wind,2877,239.66666666666663,1.9196885522378708
ergo_adaptive,wind,2878,239.75,1.9529558359982184
ergo_adaptive,wind,2879,239.83333333333337,1.9622353123862233
ergo_adaptive,wind,2880,239.91666666666663,1.9643093390431843
ergo_adaptive,wind,2881,240.0,1.9617672972369637
ergo_adaptive,wind,2882,240.08333333333337,1.9763353060353144
ergo_adaptive,wind,2883,240.16666666666663,1.9873810945503818
ergo_adaptive,wind,2884,240.25,2.010090837373589
ergo_adaptive,wind,2885,240.33333333333337,2.0119965640123896
ergo_adaptive,wind,2886,240.41666666666663,2.0225754520367913
ergo_adaptive,wind,2887,240.5,2.0406067147709974
ergo_adaptive,wind,2888,240.58333333333337,2.0432758895056953
ergo_adaptive,wind,2889,240.66666666666663,2.0520228205896336
ergo_adaptive,wind,2890,240.75,2.0645536764970323
ergo_adaptive,wind,2891,240.83333333333337,2.057458378121323
ergo_adaptive,wind,2892,240.91666666666663,2.0594634647044763
ergo_adaptive,wind,2893,241.0,2.0808112540544585
ergo_adaptive,wind,2894,241.08333333333337,2.065221397493182
ergo_adaptive,wind,2895,241.16666666666663,2.0535496485534406
ergo_adaptive,wind,2896,241.25,2.0300463438144924
ergo_adaptive,wind,2897,241.33333333333337,2.04352167998753
ergo_adaptive,wind,2898,241.41666666666663,2.025877711287646
ergo_adaptive,wind,2899,241.5,2.019188654609257
ergo_adaptive,wind,2900,241.58333333333337,2.012372525932135
ergo_adaptive,wind,2901,241.66666666666663,1.9945684784354611
ergo_adaptive,wind,2902,241.75,1.9964512022076855
ergo_adaptive,wind,2903,241.83333333333337,1.9942321653907678
ergo_adaptive,wind,2904,241.91666666666663,1.9806440352040955
ergo_adaptive,wind,2905,242.0,1.9544633804813811
ergo_adaptive,wind,2906,242.08333333333337,1.968472992980182
ergo_adaptive,wind,2907,242.16666666666663,1.9797577486771498
ergo_adaptive,wind,2908,242.25,1.9833633031537061
ergo_adaptive,wind,2909,242.33333333333337,2.0053399199988085
ergo_adaptive,wind,2910,242.41666666666663,2.011758390282447
ergo_adaptive,wind,2911,242.5,2.029031868460031
ergo_adaptive,wind,2912,242.58333333333337,2.0471391526662304
ergo_adaptive,wind,2913,242.66666666666663,2.0417393562498103
ergo_adaptive,wind,2914,242.75,2.035826236740991
ergo_adaptive,wind,2915,242.83333333333337,2.0470050513722353
ergo_adaptive,wind,2916,242.91666666666663,2.0636693142050317
ergo_adaptive,wind,2917,243.0,2.0661538740676257
ergo_adaptive,wind,2918,243.08333333333337,2.062679940287236
ergo_adaptive,wind,2919,243.16666666666663,2.0545170597684335
ergo_adaptive,wind,2920,243.25,2.0627712269044856
ergo_adaptive,wind,2921,243.33333333333337,2.047958374486721
ergo_adaptive,wind,2922,243.41666666666663,2.0538405508475948
ergo_adaptive,wind,2923,243.5,2.0583118539740273
ergo_adaptive,wind,2924,243.58333333333337,2.0432256060503637
ergo_adaptive,wind,2925,243.66666666666663,2.0330787288216268
ergo_adaptive,wind,2926,243.75,2.0430481691741744
ergo_adaptive,wind,2927,243.83333333333337,2.055559184089739
ergo_adaptive,wind,2928,243.91666666666663,2.066963481623387
ergo_adaptive,wind,2929,244.0,2.0428923069473433
ergo_adaptive,wind,2930,244.08333333333337,2.0397580685628203
ergo_adaptive,wind,2931,244.16666666666663,2.0323825354842353
ergo_adaptive,wind,2932,244.25,2.0435080474223764
ergo_adaptive,wind,2933,244.33333333333337,2.0543899203293687
ergo_adaptive,wind,2934,244.41666666666663,2.0681725220129588
ergo_adaptive,wind,2935,244.5,2.109701303348778
ergo_adaptive,wind,2936,244.58333333333337,2.153347342029675
ergo_adaptive,wind,2937,244.66666666666663,2.157028132452112
ergo_adaptive,wind,2938,244.75,2.136769962318092
ergo_adaptive,wind,2939,244.83333333333337,2.110767811068566
ergo_adaptive,wind,2940,244.91666666666663,2.10907351527216
ergo_adaptive,wind,2941,245.0,2.082153665179551
ergo_adaptive,wind,2942,245.08333333333337,2.0647363669221344
ergo_adaptive,wind,2943,245.16666666666663,2.0613688594261896
ergo_adaptive,wind,2944,245.25,2.0738347832619075
ergo_adaptive,wind,2945,245.33333333333337,2.126462751241664
ergo_adaptive,wind,2946,245.41666666666663,2.1290814146933648
ergo_adaptive,wind,2947,245.5,2.1045423299876282
ergo_adaptive,wind,2948,245.58333333333337,2.09927111640842
ergo_adaptive,wind,2949,245.66666666666663,2.112122745627795
ergo_adaptive,wind,2950,245.75,2.103898157265988
ergo_adaptive,wind,2951,245.83333333333337,2.097178630726505
ergo_adaptive,wind,2952,245.91666666666663,2.119488138886681
ergo_adaptive,wind,2953,246.0,2.1032265089269506
ergo_adaptive,wind,2954,246.08333333333337,2.120419984275173
ergo_adaptive,wind,2955,246.16666666666663,2.124435996701268
ergo_adaptive,wind,2956,246.25,2.1384531619836364
ergo_adaptive,wind,2957,246.33333333333337,2.117356791604892
ergo_adaptive,wind,2958,246.41666666666663,2.1199718506279366
ergo_adaptive,wind,2959,246.5,2.135645655555816
ergo_adaptive,wind,2960,246.58333333333337,2.124956303644806
ergo_adaptive,wind,2961,246.66666666666663,2.13308885571882
ergo_adaptive,wind,2962,246.75,2.145024443540815
ergo_adaptive,wind,2963,246.83333333333337,2.163096579962092
ergo_adaptive,wind,2964,246.91666666666663,2.1754241820805977
ergo_adaptive,wind,2965,247.0,2.1700135852132667
ergo_adaptive,wind,2966,247.08333333333337,2.1788648897490224
ergo_adaptive,wind,2967,247.16666666666663,2.1936327359669874
ergo_adaptive,wind,2968,247.25,2.178636147856221
ergo_adaptive,wind,2969,247.33333333333337,2.1867042713656435
ergo_adaptive,wind,2970,247.41666666666663,2.191347711209392
ergo_adaptive,wind,2971,247.5,2.19284198876394
ergo_adaptive,wind,2972,247.58333333333337,2.202219472007948
ergo_adaptive,wind,2973,247.66666666666663,2.220513765925228
ergo_adaptive,wind,2974,247.75,2.218639102117106
ergo_adaptive,wind,2975,247.83333333333337,2.203176371946525
ergo_adaptive,wind,2976,247.91666666666663,2.219436093257829
ergo_adaptive,wind,2977,248.0,2.2126450800260993
ergo_adaptive,wind,2978,248.08333333333337,2.208165023384432
ergo_adaptive,wind,2979,248.16666666666663,2.19833170668414
ergo_adaptive,wind,2980,248.25,2.1932511733472597
ergo_adaptive,wind,2981,248.33333333333337,2.2010189091799672
ergo_adaptive,wind,2982,248.41666666666663,2.2182690676300543
ergo_adaptive,wind,2983,248.5,2.2106156767764285
ergo_adaptive,wind,2984,248.58333333333337,2.2296667082477843
ergo_adaptive,wind,2985,248.66666666666663,2.250945214742704
ergo_adaptive,wind,2986,248.75,2.23694819964307
ergo_adaptive,wind,2987,248.83333333333337,2.2225414644198986
ergo_adaptive,wind,2988,248.91666666666663,2.2349886720871934
ergo_adaptive,wind,2989,249.0,2.235466008621929
ergo_adaptive,wind,2990,249.08333333333337,2.210208404028528
ergo_adaptive,wind,2991,249.16666666666663,2.2001365304567084
ergo_adaptive,wind,2992,249.25,2.2202076375382007
ergo_adaptive,wind,2993,249.33333333333337,2.2328477091351173
ergo_adaptive,wind,2994,249.41666666666663,2.225931621411909
ergo_adaptive,wind,2995,249.5,2.232392656305427
ergo_adaptive,wind,2996,249.58333333333337,2.2305250812041955
ergo_adaptive,wind,2997,249.66666666666663,2.2258071158770574
ergo_adaptive,wind,2998,249.75,2.249115797934482
ergo_adaptive,wind,2999,249.83333333333337,2.2478792617111996
ergo_adaptive,wind,3000,249.91666666666663,2.2718889889342875
ergo_adaptive,wind,3001,250.0,2.2596925974431348
ergo_adaptive,wind,3002,250.08333333333337,2.260678194735428
ergo_adaptive,wind,3003,250.16666666666663,2.2570338210201855
ergo_adaptive,wind,3004,250.25,2.248698232044982
ergo_adaptive,wind,3005,250.33333333333337,2.2525312395498593
ergo_adaptive,wind,3006,250.41666666666663,2.266601207193633
ergo_adaptive,wind,3007,250.5,2.2832111895198417
ergo_adaptive,wind,3008,250.58333333333337,2.306964010554002
ergo_adaptive,wind,3009,250.66666666666663,2.279500891073689
ergo_adaptive,wind,3010,250.75,2.2886030198530825
ergo_adaptive,wind,3011,250.83333333333337,2.3080595528034134
ergo_adaptive,wind,3012,250.91666666666663,2.3048571469223202
ergo_adaptive,wind,3013,251.0,2.3105602263211353
ergo_adaptive,wind,3014,251.08333333333337,2.311796083533052
ergo_adaptive,wind,3015,251.16666666666663,2.305128980136773
ergo_adaptive,wind,3016,251.25,2.291856241165113
ergo_adaptive,wind,3017,251.33333333333337,2.3107601986614568
ergo_adaptive,wind,3018,251.41666666666663,2.327855338997875
ergo_adaptive,wind,3019,251.5,2.3049567663637553
ergo_adaptive,wind,3020,251.58333333333337,2.34075170821109
ergo_adaptive,wind,3021,251.66666666666663,2.2945617668795633
ergo_adaptive,wind,3022,251.75,2.2846354831250126
ergo_adaptive,wind,3023,251.83333333333337,2.2769906282186505
ergo_adaptive,wind,3024,251.91666666666663,2.2809358435671787
ergo_adaptive,wind,3025,252.0,2.287171721662574
ergo_adaptive,wind,3026,252.08333333333337,2.301461759364716
ergo_adaptive,wind,3027,252.16666666666663,2.2961475071690334
ergo_adaptive,wind,3028,252.25,2.2889400752979743
ergo_adaptive,wind,3029,252.33333333333337,2.288751319236791
ergo_adaptive,wind,3030,252.41666666666663,2.2902313118839897
ergo_adaptive,wind,3031,252.5,2.2804499393809694
ergo_adaptive,wind,3032,252.58333333333337,2.300926263036955
ergo_adaptive,wind,3033,252.66666666666663,2.306324386534707
ergo_adaptive,wind,3034,252.75,2.3114157736553773
ergo_adaptive,wind,3035,252.83333333333337,2.299988492367309
ergo_adaptive,wind,3036,252.91666666666663,2.276001643519167
ergo_adaptive,wind,3037,253.0,2.2846822258890924
ergo_adaptive,wind,3038,253.08333333333337,2.2818511508893717
ergo_adaptive,wind,3039,253.16666666666663,2.2913669336674793
ergo_adaptive,wind,3040,253.25,2.2808631630727048
ergo_adaptive,wind,3041,253.33333333333337,2.304679076857277
ergo_adaptive,wind,3042,253.41666666666663,2.3096524954304063
ergo_adaptive,wind,3043,253.5,2.3229637975704387
ergo_adaptive,wind,3044,253.58333333333337,2.3271625580672595
ergo_adaptive,wind,3045,253.66666666666663,2.3149294928394295
ergo_adaptive,wind,3046,253.75,2.2939760274912935
ergo_adaptive,wind,3047,253.83333333333337,2.289647422846634
ergo_adaptive,wind,3048,253.91666666666663,2.305167087930761
ergo_adaptive,wind,3049,254.0,2.28211681201384
ergo_adaptive,wind,3050,254.08333333333337,2.289938503844869
ergo_adaptive,wind,3051,254.16666666666663,2.2927885830763195
ergo_adaptive,wind,3052,254.25,2.2655657183319757
ergo_adaptive,wind,3053,254.33333333333337,2.3008474209289633
ergo_adaptive,wind,3054,254.41666666666663,2.2981763057554567
ergo_adaptive,wind,3055,254.5,2.3364727934569784
ergo_adaptive,wind,3056,254.58333333333337,2.3479899301366776
ergo_adaptive,wind,3057,254.66666666666663,2.3262553154346226
ergo_adaptive,wind,3058,254.75,2.3305302184653747
ergo_adaptive,wind,3059,254.83333333333337,2.334098665639199
ergo_adaptive,wind,3060,254.91666666666663,2.3209742569472263
ergo_adaptive,wind,3061,255.0,2.321388619268693
ergo_adaptive,wind,3062,255.08333333333337,2.2993329094725636
ergo_adaptive,wind,3063,255.16666666666663,2.3195988873660496
ergo_adaptive,wind,3064,255.25,2.33583453308949
ergo_adaptive,wind,3065,255.33333333333337,2.3629789560852816
ergo_adaptive,wind,3066,255.41666666666663,2.3259988419916544
ergo_adaptive,wind,3067,255.5,2.3369837849863475
ergo_adaptive,wind,3068,255.58333333333337,2.3473161394531545
ergo_adaptive,wind,3069,255.66666666666663,2.3635613716970387
ergo_adaptive,wind,3070,255.75,2.3608816548988294
ergo_adaptive,wind,3071,255.83333333333337,2.35746424100237
ergo_adaptive,wind,3072,255.91666666666663,2.359110758985556
ergo_adaptive,wind,3073,256.0,2.36079407035342
ergo_adaptive,wind,3074,256.08333333333337,2.3608915447539323
ergo_adaptive,wind,3075,256.16666666666663,2.352590713211924
ergo_adaptive,wind,3076,256.25,2.370579128271164
ergo_adaptive,wind,3077,256.33333333333337,2.3413867117963933
ergo_adaptive,wind,3078,256.41666666666663,2.320655684918473
ergo_adaptive,wind,3079,256.5,2.3306387835946083
ergo_adaptive,wind,3080,256.58333333333337,2.3352299004537187
ergo_adaptive,wind,3081,256.66666666666663,2.300531584685936
ergo_adaptive,wind,3082,256.75,2.3287263085678744
ergo_adaptive,wind,3083,256.83333333333337,2.323324664404992
ergo_adaptive,wind,3084,256.91666666666663,2.3488554722370583
ergo_adaptive,wind,3085,257.0,2.333851605668671
ergo_adaptive,wind,3086,257.08333333333337,2.3668341046267662
ergo_adaptive,wind,3087,257.16666666666663,2.3815720584753057
ergo_adaptive,wind,3088,257.25,2.3678633078705373
ergo_adaptive,wind,3089,257.33333333333337,2.385473384746701
ergo_adaptive,wind,3090,257.41666666666663,2.4294854184325327
ergo_adaptive,wind,3091,257.5,2.4109946490607976
ergo_adaptive,wind,3092,257.58333333333337,2.4171484613402923
ergo_adaptive,wind,3093,257.66666666666663,2.3848593509194105
ergo_adaptive,wind,3094,257.75,2.3606360173528373
ergo_adaptive,wind,3095,257.83333333333337,2.3678583090895873
ergo_adaptive,wind,3096,257.91666666666663,2.3696500593538627
ergo_adaptive,wind,3097,258.0,2.3579063883205404
ergo_adaptive,wind,3098,258.08333333333337,2.366959698578685
ergo_adaptive,wind,3099,258.16666666666663,2.3696235023302026
ergo_adaptive,wind,3100,258.25,2.3804723190662744
ergo_adaptive,wind,3101,258.33333333333337,2.3391922496290705
ergo_adaptive,wind,3102,258.41666666666663,2.324989023539169
ergo_adaptive,wind,3103,258.5,2.3218483226004634
ergo_adaptive,wind,3104,258.58333333333337,2.313701654451763
ergo_adaptive,wind,3105,258.66666666666663,2.35243196522357
ergo_adaptive,wind,3106,258.75,2.326116317107312
ergo_adaptive,wind,3107,258.83333333333337,2.3547776113482795
ergo_adaptive,wind,3108,258.91666666666663,2.3369967311160824
ergo_adaptive,wind,3109,259.0,2.313780206244551
ergo_adaptive,wind,3110,259.08333333333337,2.2956358874329705
ergo_adaptive,wind,3111,259.16666666666663,2.3068915383062305
ergo_adaptive,wind,3112,259.25,2.286115727212318
ergo_adaptive,wind,3113,259.33333333333337,2.2968688482504125
ergo_adaptive,wind,3114,259.41666666666663,2.31472203364961
ergo_adaptive,wind,3115,259.5,2.3048830738520136
ergo_adaptive,wind,3116,259.58333333333337,2.326541682439695
ergo_adaptive,wind,3117,259.66666666666663,2.3625709544322158
ergo_adaptive,wind,3118,259.75,2.371743354994018
ergo_adaptive,wind,3119,259.83333333333337,2.3281363799415065
ergo_adaptive,wind,3120,259.91666666666663,2.309397825514127
ergo_adaptive,wind,3121,260.0,2.31996095053625
ergo_adaptive,wind,3122,260.08333333333337,2.3200938833675457
ergo_adaptive,wind,3123,260.16666666666663,2.3011952224909207
ergo_adaptive,wind,3124,260.25,2.3107487238438353
ergo_adaptive,wind,3125,260.33333333333337,2.279171649111062
ergo_adaptive,wind,3126,260.41666666666663,2.2969120051720835
ergo_adaptive,wind,3127,260.5,2.293357315105338
ergo_adaptive,wind,3128,260.58333333333337,2.2695730944572152
ergo_adaptive,wind,3129,260.66666666666663,2.2777783778881306
ergo_adaptive,wind,3130,260.75,2.2610727015132994
ergo_adaptive,wind,3131,260.83333333333337,2.25251439099227
ergo_adaptive,wind,3132,260.91666666666663,2.2599599147882055
ergo_adaptive,wind,3133,261.0,2.267652500370194
ergo_adaptive,wind,3134,261.08333333333337,2.267589824396345
ergo_adaptive,wind,3135,261.16666666666663,2.2489976687131668
ergo_adaptive,wind,3136,261.25,2.2539848090115417
ergo_adaptive,wind,3137,261.33333333333337,2.2393029875170867
ergo_adaptive,wind,3138,261.41666666666663,2.2173856210159135
ergo_adaptive,wind,3139,261.5,2.1910493502398345
ergo_adaptive,wind,3140,261.58333333333337,2.108730438261808
ergo_adaptive,wind,3141,261.66666666666663,2.0826529095948354
ergo_adaptive,wind,3142,261.75,2.067457235695495
ergo_adaptive,wind,3143,261.83333333333337,2.0514568018691
ergo_adaptive,wind,3144,261.91666666666663,2.055870586946274
ergo_adaptive,wind,3145,262.0,2.043138374895204
ergo_adaptive,wind,3146,262.08333333333337,2.050979073524053
ergo_adaptive,wind,3147,262.16666666666663,2.0468962226078578
ergo_adaptive,wind,3148,262.25,2.0408547635218457
ergo_adaptive,wind,3149,262.33333333333337,2.0458012100643908
ergo_adaptive,wind,3150,262.41666666666663,2.031011305720469
ergo_adaptive,wind,3151,262.5,2.0304190236812163
ergo_adaptive,wind,3152,262.58333333333337,1.9992964856382687
ergo_adaptive,wind,3153,262.66666666666663,2.0361897031211633
ergo_adaptive,wind,3154,262.75,2.026181738577145
ergo_adaptive,wind,3155,262.83333333333337,2.0052358438727924
ergo_adaptive,wind,3156,262.91666666666663,2.008779340558967
ergo_adaptive,wind,3157,263.0,2.0218614319960917
ergo_adaptive,wind,3158,263.08333333333337,2.0189903978612933
ergo_adaptive,wind,3159,263.16666666666663,1.995314118223956
ergo_adaptive,wind,3160,263.25,1.9673586121230144
ergo_adaptive,wind,3161,263.33333333333337,1.9568240464934388
ergo_adaptive,wind,3162,263.41666666666663,1.9539028545071415
ergo_adaptive,wind,3163,263.5,1.9742934708083215
ergo_adaptive,wind,3164,263.58333333333337,1.9587988954186988
ergo_adaptive,wind,3165,263.66666666666663,1.9435354466753454
ergo_adaptive,wind,3166,263.75,1.947102910390461
ergo_adaptive,wind,3167,263.83333333333337,1.9406923736556827
ergo_adaptive,wind,3168,263.91666666666663,1.933660227753988
ergo_adaptive,wind,3169,264.0,1.9386033178759894
ergo_adaptive,wind,3170,264.08333333333337,1.9475909956970623
ergo_adaptive,wind,3171,264.16666666666663,1.9715767831777415
ergo_adaptive,wind,3172,264.25,1.984347705106286
ergo_adaptive,wind,3173,264.33333333333337,1.9706511687308685
ergo_adaptive,wind,3174,264.41666666666663,1.9738830214166418
ergo_adaptive,wind,3175,264.5,1.9365456210764336
ergo_adaptive,wind,3176,264.58333333333337,1.9292943857508178
ergo_adaptive,wind,3177,264.66666666666663,1.9375662254261896
ergo_adaptive,wind,3178,264.75,1.949379335452434
ergo_adaptive,wind,3179,264.83333333333337,1.9375379820714884
ergo_adaptive,wind,3180,264.91666666666663,1.938335479580019
ergo_adaptive,wind,3181,265.0,1.9223229776340673
ergo_adaptive,wind,3182,265.08333333333337,1.903557275668513
ergo_adaptive,wind,3183,265.16666666666663,1.9109064145786003
ergo_adaptive,wind,3184,265.25,1.9452807422972949
ergo_adaptive,wind,3185,265.33333333333337,1.956239256042299
ergo_adaptive,wind,3186,265.41666666666663,1.9540940105392295
ergo_adaptive,wind,3187,265.5,1.9643773976582999
ergo_adaptive,wind,3188,265.58333333333337,1.946019334708432
ergo_adaptive,wind,3189,265.66666666666663,1.9366945391226502
ergo_adaptive,wind,3190,265.75,1.9592921745784615
ergo_adaptive,wind,3191,265.83333333333337,1.9409613131200185
ergo_adaptive,wind,3192,265.91666666666663,1.915374028228806
ergo_adaptive,wind,3193,266.0,1.949018087329991
ergo_adaptive,wind,3194,266.08333333333337,1.9491432940565587
ergo_adaptive,wind,3195,266.16666666666663,1.920160681495654
ergo_adaptive,wind,3196,266.25,1.9058897564118382
ergo_adaptive,wind,3197,266.33333333333337,1.9195336384627344
ergo_adaptive,wind,3198,266.41666666666663,1.9057998708464232
ergo_adaptive,wind,3199,266.5,1.8967293690449218
ergo_adaptive,wind,3200,266.58333333333337,1.9062365215945927
ergo_adaptive,wind,3201,266.66666666666663,1.91763427572248
ergo_adaptive,wind,3202,266.75,1.924004361823388
ergo_adaptive,wind,3203,266.83333333333337,1.9301619612737644
ergo_adaptive,wind,3204,266.91666666666663,1.9477096820063855
ergo_adaptive,wind,3205,267.0,1.9623632002668046
ergo_adaptive,wind,3206,267.08333333333337,1.936963714847607
ergo_adaptive,wind,3207,267.16666666666663,1.9498694937629328
ergo_adaptive,wind,3208,267.25,1.9342263848178174
ergo_adaptive,wind,3209,267.33333333333337,1.9424774615048996
ergo_adaptive,wind,3210,267.41666666666663,1.9377567569966387
ergo_adaptive,wind,3211,267.5,1.9385728889468845
ergo_adaptive,wind,3212,267.58333333333337,1.9403825163492858
ergo_adaptive,wind,3213,267.66666666666663,1.9268742154133325
ergo_adaptive,wind,3214,267.75,1.9064274392533855
ergo_adaptive,wind,3215,267.83333333333337,1.918062269553343
ergo_adaptive,wind,3216,267.91666666666663,1.9273320890172383
ergo_adaptive,wind,3217,268.0,1.9402139261563076
ergo_adaptive,wind,3218,268.08333333333337,1.9401526988925524
ergo_adaptive,wind,3219,268.16666666666663,1.9343283265098299
ergo_adaptive,wind,3220,268.25,1.9350259327276496
ergo_adaptive,wind,3221,268.33333333333337,1.9386441177843767
ergo_adaptive,wind,3222,268.41666666666663,1.9535878510523614
ergo_adaptive,wind,3223,268.5,1.9319690812931816
ergo_adaptive,wind,3224,268.58333333333337,1.912380722042676
ergo_adaptive,wind,3225,268.66666666666663,1.925127800304493
ergo_adaptive,wind,3226,268.75,1.9243301368003431
ergo_adaptive,wind,3227,268.83333333333337,1.916627203681702
ergo_adaptive,wind,3228,268.91666666666663,1.9057509805237134
ergo_adaptive,wind,3229,269.0,1.915018468940574
ergo_adaptive,wind,3230,269.08333333333337,1.908856451123401
ergo_adaptive,wind,3231,269.16666666666663,1.9167376468049306
ergo_adaptive,wind,3232,269.25,1.9168337280728354
ergo_adaptive,wind,3233,269.33333333333337,1.918289550969814
ergo_adaptive,wind,3234,269.41666666666663,1.9268269319420392
ergo_adaptive,wind,3235,269.5,1.936069384962217
ergo_adaptive,wind,3236,269.58333333333337,1.9169682718640855
ergo_adaptive,wind,3237,269.66666666666663,1.921534507576687
ergo_adaptive,wind,3238,269.75,1.9339568339709263
ergo_adaptive,wind,3239,269.83333333333337,1.9263156413467148
ergo_adaptive,wind,3240,269.91666666666663,1.9255773104701757
ergo_adaptive,wind,3241,270.0,1.894112562593128
ergo_adaptive,wind,3242,270.08333333333337,1.9049248015354778
ergo_adaptive,wind,3243,270.16666666666663,1.9058734577333891
ergo_adaptive,wind,3244,270.25,1.9222750795597279
ergo_adaptive,wind,3245,270.33333333333337,1.9326722992945684
ergo_adaptive,wind,3246,270.41666666666663,1.9329067953556665
ergo_adaptive,wind,3247,270.5,1.93493799736748
ergo_adaptive,wind,3248,270.58333333333337,1.9289741547589794
ergo_adaptive,wind,3249,270.66666666666663,1.9282196983240916
ergo_adaptive,wind,3250,270.75,1.952010761904087
ergo_adaptive,wind,3251,270.83333333333337,1.969248397448104
ergo_adaptive,wind,3252,270.91666666666663,1.980900866169239
ergo_adaptive,wind,3253,271.0,1.9837405799918277
ergo_adaptive,wind,3254,271.08333333333337,1.9616103192038388
ergo_adaptive,wind,3255,271.16666666666663,1.9479076315976411
ergo_adaptive,wind,3256,271.25,1.953365271535201
ergo_adaptive,wind,3257,271.33333333333337,1.943559375655626
ergo_adaptive,wind,3258,271.41666666666663,1.9532274820940405
ergo_adaptive,wind,3259,271.5,1.9412533149557158
ergo_adaptive,wind,3260,271.58333333333337,1.956292328720226
ergo_adaptive,wind,3261,271.66666666666663,1.936051037220317
ergo_adaptive,wind,3262,271.75,1.9343134894195813
ergo_adaptive,wind,3263,271.83333333333337,1.9160206056760316
ergo_adaptive,wind,3264,271.91666666666663,1.9050961977800687
ergo_adaptive,wind,3265,272.0,1.8789888535170232
ergo_adaptive,wind,3266,272.08333333333337,1.850899277202542
ergo_adaptive,wind,3267,272.16666666666663,1.8350513292527069
ergo_adaptive,wind,3268,272.25,1.8319739213318642
ergo_adaptive,wind,3269,272.33333333333337,1.8364835292077923
ergo_adaptive,wind,3270,272.41666666666663,1.8416830776287934
ergo_adaptive,wind,3271,272.5,1.8215391749136214
ergo_adaptive,wind,3272,272.58333333333337,1.8297394463765952
ergo_adaptive,wind,3273,272.66666666666663,1.8185599472071736
ergo_adaptive,wind,3274,272.75,1.8465403652344279
ergo_adaptive,wind,3275,272.83333333333337,1.8481112659278687
ergo_adaptive,wind,3276,272.91666666666663,1.8448364560728474
ergo_adaptive,wind,3277,273.0,1.847223227383095
ergo_adaptive,wind,3278,273.08333333333337,1.823787480524284
ergo_adaptive,wind,3279,273.16666666666663,1.8229586321471276
ergo_adaptive,wind,3280,273.25,1.7983525973755754
ergo_adaptive,wind,3281,273.33333333333337,1.788786954724775
ergo_adaptive,wind,3282,273.41666666666663,1.820340609810165
ergo_adaptive,wind,3283,273.5,1.7977539089150791
ergo_adaptive,wind,3284,273.58333333333337,1.7653458705605072
ergo_adaptive,wind,3285,273.66666666666663,1.767349317004688
ergo_adaptive,wind,3286,273.75,1.7850594586424824
ergo_adaptive,wind,3287,273.83333333333337,1.778975748729059
ergo_adaptive,wind,3288,273.91666666666663,1.7807569804176937
ergo_adaptive,wind,3289,274.0,1.7863907198430293
ergo_adaptive,wind,3290,274.08333333333337,1.773441098560984
ergo_adaptive,wind,3291,274.16666666666663,1.7618904140563736
ergo_adaptive,wind,3292,274.25,1.7423392256990509
ergo_adaptive,wind,3293,274.33333333333337,1.735620684404168
ergo_adaptive,wind,3294,274.41666666666663,1.7397052666147705
ergo_adaptive,wind,3295,274.5,1.743183910719814
ergo_adaptive,wind,3296,274.58333333333337,1.7420674983156548
ergo_adaptive,wind,3297,274.66666666666663,1.7464705354408006
ergo_adaptive,wind,3298,274.75,1.7599481029272044
ergo_adaptive,wind,3299,274.83333333333337,1.7707733053092807
ergo_adaptive,wind,3300,274.91666666666663,1.7798075946841612
ergo_adaptive,wind,3301,275.0,1.7937733325364387
ergo_adaptive,wind,3302,275.08333333333337,1.8102682142270672
ergo_adaptive,wind,3303,275.16666666666663,1.8134598790314653
ergo_adaptive,wind,3304,275.25,1.790642877720686
ergo_adaptive,wind,3305,275.33333333333337,1.7762988184238007
ergo_adaptive,wind,3306,275.41666666666663,1.7641437287870865
ergo_adaptive,wind,3307,275.5,1.7549542129390552
ergo_adaptive,wind,3308,275.58333333333337,1.740112654101311
ergo_adaptive,wind,3309,275.66666666666663,1.7485146268561222
ergo_adaptive,wind,3310,275.75,1.7355127229602727
ergo_adaptive,wind,3311,275.83333333333337,1.73465286216431
ergo_adaptive,wind,3312,275.91666666666663,1.73230647219626
ergo_adaptive,wind,3313,276.0,1.7281302291684586
ergo_adaptive,wind,3314,276.08333333333337,1.725496830227363
ergo_adaptive,wind,3315,276.16666666666663,1.7367125972264292
ergo_adaptive,wind,3316,276.25,1.7470704973826165
ergo_adaptive,wind,3317,276.33333333333337,1.7646460590986606
ergo_adaptive,wind,3318,276.41666666666663,1.7454890562774734
ergo_adaptive,wind,3319,276.5,1.7357110292081621
ergo_adaptive,wind,3320,276.58333333333337,1.7283954589784256
ergo_adaptive,wind,3321,276.66666666666663,1.7438878111920355
ergo_adaptive,wind,3322,276.75,1.7096359877953204
ergo_adaptive,wind,3323,276.83333333333337,1.6742286005909988
ergo_adaptive,wind,3324,276.91666666666663,1.6554355766370945
ergo_adaptive,wind,3325,277.0,1.6517246339523404
ergo_adaptive,wind,3326,277.08333333333337,1.6371701813720028
ergo_adaptive,wind,3327,277.16666666666663,1.650006786599626
ergo_adaptive,wind,3328,277.25,1.643089535464946
ergo_adaptive,wind,3329,277.33333333333337,1.6063300235741542
ergo_adaptive,wind,3330,277.41666666666663,1.5987038346187596
ergo_adaptive,wind,3331,277.5,1.5996586910139061
ergo_adaptive,wind,3332,277.58333333333337,1.612111031831668
ergo_adaptive,wind,3333,277.66666666666663,1.6114296798887042
ergo_adaptive,wind,3334,277.75,1.6101481697587663
ergo_adaptive,wind,3335,277.83333333333337,1.6005745022756248
ergo_adaptive,wind,3336,277.91666666666663,1.5950146637097145
ergo_adaptive,wind,3337,278.0,1.5842289086583017
ergo_adaptive,wind,3338,278.08333333333337,1.5846871917986995
ergo_adaptive,wind,3339,278.16666666666663,1.5823388414052508
ergo_adaptive,wind,3340,278.25,1.5764981934532944
ergo_adaptive,wind,3341,278.33333333333337,1.589019159575216
ergo_adaptive,wind,3342,278.41666666666663,1.5913006979809
ergo_adaptive,wind,3343,278.5,1.5801136432991891
ergo_adaptive,wind,3344,278.58333333333337,1.5829401328944759
ergo_adaptive,wind,3345,278.66666666666663,1.5731917076557387
ergo_adaptive,wind,3346,278.75,1.5704553237866408
ergo_adaptive,wind,3347,278.83333333333337,1.572645619857677
ergo_adaptive,wind,3348,278.91666666666663,1.575028517019689
ergo_adaptive,wind,3349,279.0,1.573817281237948
ergo_adaptive,wind,3350,279.08333333333337,1.5653990054912366
ergo_adaptive,wind,3351,279.16666666666663,1.5646574457992715
ergo_adaptive,wind,3352,279.25,1.56466390949118
ergo_adaptive,wind,3353,279.33333333333337,1.5727269776385908
ergo_adaptive,wind,3354,279.41666666666663,1.5657844428971208
ergo_adaptive,wind,3355,279.5,1.557845092570268
ergo_adaptive,wind,3356,279.58333333333337,1.55975306461262
ergo_adaptive,wind,3357,279.66666666666663,1.5603733406964202
ergo_adaptive,wind,3358,279.75,1.559970788498853
ergo_adaptive,wind,3359,279.83333333333337,1.5605158442880955
ergo_adaptive,wind,3360,279.91666666666663,1.559426888752245
ergo_adaptive,wind,3361,280.0,1.5595562162938572
ergo_adaptive,wind,3362,280.08333333333337,1.5603736229726013
ergo_adaptive,wind,3363,280.16666666666663,1.56054904119018
ergo_adaptive,wind,3364,280.25,1.5637107735162483
ergo_adaptive,wind,3365,280.33333333333337,1.5608350406933154
ergo_adaptive,wind,3366,280.41666666666663,1.5615880401460027
ergo_adaptive,wind,3367,280.5,1.5625338278575676
ergo_adaptive,wind,3368,280.58333333333337,1.5629380063233953
ergo_adaptive,wind,3369,280.66666666666663,1.5634893573650324
ergo_adaptive,wind,3370,280.75,1.563030799596137
ergo_adaptive,wind,3371,280.83333333333337,1.5633887598560694
ergo_adaptive,wind,3372,280.91666666666663,1.563960507173721
ergo_adaptive,wind,3373,281.0,1.5670645135605004
ergo_adaptive,wind,3374,281.08333333333337,1.5718518071924128
ergo_adaptive,wind,3375,281.16666666666663,1.5737602121303909
ergo_adaptive,wind,3376,281.25,1.5775367020458348
ergo_adaptive,wind,3377,281.33333333333337,1.5917318511100693
ergo_adaptive,wind,3378,281.41666666666663,1.5858248559239019
ergo_adaptive,wind,3379,281.5,1.5903631766121964
ergo_adaptive,wind,3380,281.58333333333337,1.6043476549729083
ergo_adaptive,wind,3381,281.66666666666663,1.6147907178173149
ergo_adaptive,wind,3382,281.75,1.6046592507636475
ergo_adaptive,wind,3383,281.83333333333337,1.6111065975857013
ergo_adaptive,wind,3384,281.91666666666663,1.6408263331303168
ergo_adaptive,wind,3385,282.0,1.6634394224424014
ergo_adaptive,wind,3386,282.08333333333337,1.68475439785626
ergo_adaptive,wind,3387,282.16666666666663,1.7118754415990634
ergo_adaptive,wind,3388,282.25,1.692520417489141
ergo_adaptive,wind,3389,282.33333333333337,1.695716410402141
ergo_adaptive,wind,3390,282.41666666666663,1.7185066857951616
ergo_adaptive,wind,3391,282.5,1.7339418638887791
ergo_adaptive,wind,3392,282.58333333333337,1.7624807519015477
ergo_adaptive,wind,3393,282.66666666666663,1.7743642727115376
ergo_adaptive,wind,3394,282.75,1.8093408717975152
ergo_adaptive,wind,3395,282.83333333333337,1.851606116764258
ergo_adaptive,wind,3396,282.91666666666663,1.8702029889579386
ergo_adaptive,wind,3397,283.0,1.885656242102216
ergo_adaptive,wind,3398,283.08333333333337,1.9023277530005995
ergo_adaptive,wind,3399,283.16666666666663,1.895887555758306
ergo_adaptive,wind,3400,283.25,1.9293486239444428
ergo_adaptive,wind,3401,283.33333333333337,1.932001463023687
ergo_adaptive,wind,3402,283.41666666666663,1.9056384077692545
ergo_adaptive,wind,3403,283.5,1.9494800743399945
ergo_adaptive,wind,3404,283.58333333333337,1.9057615632188907
ergo_adaptive,wind,3405,283.66666666666663,1.9231736085247733
ergo_adaptive,wind,3406,283.75,1.9238002571887922
ergo_adaptive,wind,3407,283.83333333333337,1.8759453970392392
ergo_adaptive,wind,3408,283.91666666666663,1.8961477354933423
ergo_adaptive,wind,3409,284.0,1.9264585050074516
ergo_adaptive,wind,3410,284.08333333333337,1.9111044606414818
ergo_adaptive,wind,3411,284.16666666666663,1.8880598369574932
ergo_adaptive,wind,3412,284.25,1.894382661869262
ergo_adaptive,wind,3413,284.33333333333337,1.8695804390721413
ergo_adaptive,wind,3414,284.41666666666663,1.8854183318424254
ergo_adaptive,wind,3415,284.5,1.8424093663797882
ergo_adaptive,wind,3416,284.58333333333337,1.8434890069024858
ergo_adaptive,wind,3417,284.66666666666663,1.825760799344774
ergo_adaptive,wind,3418,284.75,1.7902864001022194
ergo_adaptive,wind,3419,284.83333333333337,1.8064188088273245
ergo_adaptive,wind,3420,284.91666666666663,1.7622950419103094
ergo_adaptive,wind,3421,285.0,1.7803923882250683
ergo_adaptive,wind,3422,285.08333333333337,1.7569893710255269
ergo_adaptive,wind,3423,285.16666666666663,1.71855313143735
ergo_adaptive,wind,3424,285.25,1.6519603110636882
ergo_adaptive,wind,3425,285.33333333333337,1.6855695851586079
ergo_adaptive,wind,3426,285.41666666666663,1.6243063603136758
ergo_adaptive,wind,3427,285.5,1.626240896551501
ergo_adaptive,wind,3428,285.58333333333337,1.6200259142934865
ergo_adaptive,wind,3429,285.66666666666663,1.6168136091151608
ergo_adaptive,wind,3430,285.75,1.6295570738072824
ergo_adaptive,wind,3431,285.83333333333337,1.602341496667105
ergo_adaptive,wind,3432,285.91666666666663,1.6012909056825888
ergo_adaptive,wind,3433,286.0,1.5959512029875353
ergo_adaptive,wind,3434,286.08333333333337,1.5612516331931514
ergo_adaptive,wind,3435,286.16666666666663,1.5640442252940845
ergo_adaptive,wind,3436,286.25,1.529394577355474
ergo_adaptive,wind,3437,286.33333333333337,1.5321334376174944
ergo_adaptive,wind,3438,286.41666666666663,1.5315394756403624
ergo_adaptive,wind,3439,286.5,1.5307914117180506
ergo_adaptive,wind,3440,286.58333333333337,1.5300012786323338
ergo_adaptive,wind,3441,286.66666666666663,1.5206192347876426
ergo_adaptive,wind,3442,286.75,1.5273063482899707
ergo_adaptive,wind,3443,286.83333333333337,1.5224413615239047
ergo_adaptive,wind,3444,286.91666666666663,1.521127630592161
ergo_adaptive,wind,3445,287.0,1.5229385101189503
ergo_adaptive,wind,3446,287.08333333333337,1.5144700234221993
ergo_adaptive,wind,3447,287.16666666666663,1.5048519933284352
ergo_adaptive,wind,3448,287.25,1.5164889057103117
ergo_adaptive,wind,3449,287.33333333333337,1.5355111409470554
ergo_adaptive,wind,3450,287.41666666666663,1.5408886892206426
ergo_adaptive,wind,3451,287.5,1.546433779402101
ergo_adaptive,wind,3452,287.58333333333337,1.5351339935780128
ergo_adaptive,wind,3453,287.66666666666663,1.5505416400300474
ergo_adaptive,wind,3454,287.75,1.5651607381316772
ergo_adaptive,wind,3455,287.83333333333337,1.5765243755298965
ergo_adaptive,wind,3456,287.91666666666663,1.5692743787672563
ergo_adaptive,wind,3457,288.0,1.5610540206266805
ergo_adaptive,wind,3458,288.08333333333337,1.5528740005468527
ergo_adaptive,wind,3459,288.16666666666663,1.543211514177123
ergo_adaptive,wind,3460,288.25,1.5621422086698034
ergo_adaptive,wind,3461,288.33333333333337,1.5697866774303662
ergo_adaptive,wind,3462,288.41666666666663,1.5865347813064088
ergo_adaptive,wind,3463,288.5,1.5908001633053115
ergo_adaptive,wind,3464,288.58333333333337,1.6302922427023763
ergo_adaptive,wind,3465,288.66666666666663,1.6360077050161677
ergo_adaptive,wind,3466,288.75,1.6351235378668805
ergo_adaptive,wind,3467,288.83333333333337,1.6145998282359908
ergo_adaptive,wind,3468,288.91666666666663,1.626152007252643
ergo_adaptive,wind,3469,289.0,1.6277863088227975
ergo_adaptive,wind,3470,289.08333333333337,1.6295194238832902
ergo_adaptive,wind,3471,289.16666666666663,1.6482285132644323
ergo_adaptive,wind,3472,289.25,1.6479484865459328
ergo_adaptive,wind,3473,289.33333333333337,1.6284463759357055
ergo_adaptive,wind,3474,289.41666666666663,1.6136738707746363
ergo_adaptive,wind,3475,289.5,1.6237878506188468
ergo_adaptive,wind,3476,289.58333333333337,1.6461269098825893
ergo_adaptive,wind,3477,289.66666666666663,1.6512955338234243
ergo_adaptive,wind,3478,289.75,1.639747198964837
ergo_adaptive,wind,3479,289.83333333333337,1.6503845953980911
ergo_adaptive,wind,3480,289.91666666666663,1.6515968277426774
ergo_adaptive,wind,3481,290.0,1.6341979675757838
ergo_adaptive,wind,3482,290.08333333333337,1.6570594521142692
ergo_adaptive,wind,3483,290.16666666666663,1.64761317224163
ergo_adaptive,wind,3484,290.25,1.6465819329142921
ergo_adaptive,wind,3485,290.33333333333337,1.6397469143519308
ergo_adaptive,wind,3486,290.41666666666663,1.6426811235346663
ergo_adaptive,wind,3487,290.5,1.6518831504761216
ergo_adaptive,wind,3488,290.58333333333337,1.6493161195068347
ergo_adaptive,wind,3489,290.66666666666663,1.6349739439505961
ergo_adaptive,wind,3490,290.75,1.645664714519496
ergo_adaptive,wind,3491,290.83333333333337,1.627142571439598
ergo_adaptive,wind,3492,290.91666666666663,1.6245703248408077
ergo_adaptive,wind,3493,291.0,1.6185247911566305
ergo_adaptive,wind,3494,291.08333333333337,1.6481868791351473
ergo_adaptive,wind,3495,291.16666666666663,1.6271281525929076
ergo_adaptive,wind,3496,291.25,1.614002175441347
ergo_adaptive,wind,3497,291.33333333333337,1.6232220985553767
ergo_adaptive,wind,3498,291.41666666666663,1.6183441395360125
ergo_adaptive,wind,3499,291.5,1.6033973095267962
ergo_adaptive,wind,3500,291.58333333333337,1.5963943183146194
ergo_adaptive,wind,3501,291.66666666666663,1.5647986649070642
ergo_adaptive,wind,3502,291.75,1.5499275185232673
ergo_adaptive,wind,3503,291.83333333333337,1.5454688572395998
ergo_adaptive,wind,3504,291.91666666666663,1.542053829002454
ergo_adaptive,wind,3505,292.0,1.527118890347619
ergo_adaptive,wind,3506,292.08333333333337,1.5202920965973914
ergo_adaptive,wind,3507,292.16666666666663,1.5089356258047175
ergo_adaptive,wind,3508,292.25,1.504381012574685
ergo_adaptive,wind,3509,292.33333333333337,1.5028699417652063
ergo_adaptive,wind,3510,292.41666666666663,1.493914035686731
ergo_adaptive,wind,3511,292.5,1.4897259603649822
ergo_adaptive,wind,3512,292.58333333333337,1.4893300735584396
ergo_adaptive,wind,3513,292.66666666666663,1.4860976532267203
ergo_adaptive,wind,3514,292.75,1.4825891507268016
ergo_adaptive,wind,3515,292.83333333333337,1.4863847773848204
ergo_adaptive,wind,3516,292.91666666666663,1.4915210366259617
ergo_adaptive,wind,3517,293.0,1.4972043568426798
ergo_adaptive,wind,3518,293.08333333333337,1.4880369014127914
ergo_adaptive,wind,3519,293.16666666666663,1.4861973545652438
ergo_adaptive,wind,3520,293.25,1.487538821425072
ergo_adaptive,wind,3521,293.33333333333337,1.4760172503268298
ergo_adaptive,wind,3522,293.41666666666663,1.478493414839411
ergo_adaptive,wind,3523,293.5,1.484705844933942
ergo_adaptive,wind,3524,293.58333333333337,1.488360172372876
ergo_adaptive,wind,3525,293.66666666666663,1.5017933794267126
ergo_adaptive,wind,3526,293.75,1.5045130417407837
ergo_adaptive,wind,3527,293.83333333333337,1.4941947856903008
ergo_adaptive,wind,3528,293.91666666666663,1.5004929153856463
ergo_adaptive,wind,3529,294.0,1.503659018598358
ergo_adaptive,wind,3530,294.08333333333337,1.506204756943115
ergo_adaptive,wind,3531,294.16666666666663,1.501436125532813
ergo_adaptive,wind,3532,294.25,1.4929496943017981
ergo_adaptive,wind,3533,294.33333333333337,1.5057730065629846
ergo_adaptive,wind,3534,294.41666666666663,1.5107503877552806
ergo_adaptive,wind,3535,294.5,1.502803944487745
ergo_adaptive,wind,3536,294.58333333333337,1.5001909010815486
ergo_adaptive,wind,3537,294.66666666666663,1.4898564425172816
ergo_adaptive,wind,3538,294.75,1.491706113649986
ergo_adaptive,wind,3539,294.83333333333337,1.491780175531918
ergo_adaptive,wind,3540,294.91666666666663,1.481632358325577
ergo_adaptive,wind,3541,295.0,1.4777943589589786
ergo_adaptive,wind,3542,295.08333333333337,1.4826702277884813
ergo_adaptive,wind,3543,295.16666666666663,1.4817736913180561
ergo_adaptive,wind,3544,295.25,1.489123260605199
ergo_adaptive,wind,3545,295.33333333333337,1.4894303247128333
ergo_adaptive,wind,3546,295.41666666666663,1.491107029731765
ergo_adaptive,wind,3547,295.5,1.480674725837739
ergo_adaptive,wind,3548,295.58333333333337,1.483987021183645
ergo_adaptive,wind,3549,295.66666666666663,1.4769240529381962
ergo_adaptive,wind,3550,295.75,1.4782787239339932
ergo_adaptive,wind,3551,295.83333333333337,1.48185860971265
ergo_adaptive,wind,3552,295.91666666666663,1.4872836760334938
ergo_adaptive,wind,3553,296.0,1.4864246048971734
ergo_adaptive,wind,3554,296.08333333333337,1.4825073751901332
ergo_adaptive,wind,3555,296.16666666666663,1.4869588760267327
ergo_adaptive,wind,3556,296.25,1.4890441086006632
ergo_adaptive,wind,3557,296.33333333333337,1.4858605041746353
ergo_adaptive,wind,3558,296.41666666666663,1.4819046014264843
ergo_adaptive,wind,3559,296.5,1.4798759291884613
ergo_adaptive,wind,3560,296.58333333333337,1.4733955221618888
ergo_adaptive,wind,3561,296.66666666666663,1.4873183945026243
ergo_adaptive,wind,3562,296.75,1.47537934341398
ergo_adaptive,wind,3563,296.83333333333337,1.4507915881174842
ergo_adaptive,wind,3564,296.91666666666663,1.4565789437839023
ergo_adaptive,wind,3565,297.0,1.4653500082110844
ergo_adaptive,wind,3566,297.08333333333337,1.4538004062347432
ergo_adaptive,wind,3567,297.16666666666663,1.4680837307421748
ergo_adaptive,wind,3568,297.25,1.475890421934902
ergo_adaptive,wind,3569,297.33333333333337,1.4706102539000065
ergo_adaptive,wind,3570,297.41666666666663,1.4828524414341528
ergo_adaptive,wind,3571,297.5,1.486873732199004
ergo_adaptive,wind,3572,297.58333333333337,1.4952286809023816
ergo_adaptive,wind,3573,297.66666666666663,1.4944599117886828
ergo_adaptive,wind,3574,297.75,1.4860565386007487
ergo_adaptive,wind,3575,297.83333333333337,1.4841093607809097
ergo_adaptive,wind,3576,297.91666666666663,1.4855065087451302
ergo_adaptive,wind,3577,298.0,1.4802497541029254
ergo_adaptive,wind,3578,298.08333333333337,1.4779697725832264
ergo_adaptive,wind,3579,298.16666666666663,1.462659113958827
ergo_adaptive,wind,3580,298.25,1.4562129628742253
ergo_adaptive,wind,3581,298.33333333333337,1.4565544470046534
ergo_adaptive,wind,3582,298.41666666666663,1.4544463531482095
ergo_adaptive,wind,3583,298.5,1.4604860126409633
ergo_adaptive,wind,3584,298.58333333333337,1.4600315662469852
ergo_adaptive,wind,3585,298.66666666666663,1.4568808910104953
ergo_adaptive,wind,3586,298.75,1.4556662051031533
ergo_adaptive,wind,3587,298.83333333333337,1.450314604946161
ergo_adaptive,wind,3588,298.91666666666663,1.4479835395287668
ergo_adaptive,wind,3589,299.0,1.4494982790353572
ergo_adaptive,wind,3590,299.08333333333337,1.4482714307736284
ergo_adaptive,wind,3591,299.16666666666663,1.4549959824726626
ergo_adaptive,wind,3592,299.25,1.4578855445114072
ergo_adaptive,wind,3593,299.33333333333337,1.4545896594112848
ergo_adaptive,wind,3594,299.41666666666663,1.4553040825743064
ergo_adaptive,wind,3595,299.5,1.455608031761316
ergo_adaptive,wind,3596,299.58333333333337,1.4521242590324739
ergo_adaptive,wind,3597,299.66666666666663,1.452881177855696
ergo_adaptive,wind,3598,299.75,1.454127592096828
ergo_adaptive,wind,3599,299.83333333333337,1.4587158004066627
ergo_adaptive,wind,3600,299.91666666666663,1.4554395345646312
ergo_adaptive,wind,3601,300.0,1.4532772399340153
ergo_adaptive,wind,3602,300.08333333333337,1.4640675136207788
ergo_adaptive,wind,3603,300.16666666666663,1.4661110102243655
ergo_adaptive,wind,3604,300.25,1.4757836189804696
ergo_adaptive,wind,3605,300.33333333333337,1.4823309576412
ergo_adaptive,wind,3606,300.41666666666663,1.4839924624569731
ergo_adaptive,wind,3607,300.5,1.4798084167547798
ergo_adaptive,wind,3608,300.58333333333337,1.4858935033319245
ergo_adaptive,wind,3609,300.66666666666663,1.4908596369691505
ergo_adaptive,wind,3610,300.75,1.4845581961181629
ergo_adaptive,wind,3611,300.83333333333337,1.481040345348445
ergo_adaptive,wind,3612,300.91666666666663,1.4846938630507633
ergo_adaptive,wind,3613,301.0,1.4847659999952798
ergo_adaptive,wind,3614,301.08333333333337,1.498032711710014
ergo_adaptive,wind,3615,301.16666666666663,1.5017833446970552
ergo_adaptive,wind,3616,301.25,1.4957348893896956
ergo_adaptive,wind,3617,301.33333333333337,1.5010631572800126
ergo_adaptive,wind,3618,301.41666666666663,1.5020331264427689
ergo_adaptive,wind,3619,301.5,1.4987395460198192
ergo_adaptive,wind,3620,301.58333333333337,1.5026079015678533
ergo_adaptive,wind,3621,301.66666666666663,1.4968254793744293
ergo_adaptive,wind,3622,301.75,1.4889843552224513
ergo_adaptive,wind,3623,301.83333333333337,1.5042827404619354
ergo_adaptive,wind,3624,301.91666666666663,1.4980410683042766
ergo_adaptive,wind,3625,302.0,1.489517484924299
ergo_adaptive,wind,3626,302.08333333333337,1.4863187700214595
ergo_adaptive,wind,3627,302.16666666666663,1.4860091519611722
ergo_adaptive,wind,3628,302.25,1.48847829592643
ergo_adaptive,wind,3629,302.33333333333337,1.4896970955077502
ergo_adaptive,wind,3630,302.41666666666663,1.4897191834557655
ergo_adaptive,wind,3631,302.5,1.4895402013642849
ergo_adaptive,wind,3632,302.58333333333337,1.48897522652685
ergo_adaptive,wind,3633,302.66666666666663,1.4826441855807886
ergo_adaptive,wind,3634,302.75,1.4798070203857001
ergo_adaptive,wind,3635,302.83333333333337,1.4875393599842508
ergo_adaptive,wind,3636,302.91666666666663,1.484555921482436
ergo_adaptive,wind,3637,303.0,1.4791212961239284
ergo_adaptive,wind,3638,303.08333333333337,1.475846016135559
ergo_adaptive,wind,3639,303.16666666666663,1.4737959621033059
ergo_adaptive,wind,3640,303.25,1.479313434484394
ergo_adaptive,wind,3641,303.33333333333337,1.4771728995496338
ergo_adaptive,wind,3642,303.41666666666663,1.4815992892553236
ergo_adaptive,wind,3643,303.5,1.4775821246857794
ergo_adaptive,wind,3644,303.58333333333337,1.4770111579947125
ergo_adaptive,wind,3645,303.66666666666663,1.4782260906787317
ergo_adaptive,wind,3646,303.75,1.4742919083129986
ergo_adaptive,wind,3647,303.83333333333337,1.4801722084862374
ergo_adaptive,wind,3648,303.91666666666663,1.482045429601647
ergo_adaptive,wind,3649,304.0,1.4803371246681396
ergo_adaptive,wind,3650,304.08333333333337,1.4879009613225327
ergo_adaptive,wind,3651,304.16666666666663,1.4892919442264705
ergo_adaptive,wind,3652,304.25,1.4992061770948333
ergo_adaptive,wind,3653,304.33333333333337,1.4943663601555714
ergo_adaptive,wind,3654,304.41666666666663,1.4962637965853887
ergo_adaptive,wind,3655,304.5,1.4933437879694387
ergo_adaptive,wind,3656,304.58333333333337,1.5039317422362293
ergo_adaptive,wind,3657,304.66666666666663,1.5046169035099295
ergo_adaptive,wind,3658,304.75,1.5192018828710303
ergo_adaptive,wind,3659,304.83333333333337,1.510254099220888
ergo_adaptive,wind,3660,304.91666666666663,1.50342665489552
ergo_adaptive,wind,3661,305.0,1.5216083623036758
ergo_adaptive,wind,3662,305.08333333333337,1.5140786758035143
ergo_adaptive,wind,3663,305.16666666666663,1.5017907247371147
ergo_adaptive,wind,3664,305.25,1.5057513850486939
ergo_adaptive,wind,3665,305.33333333333337,1.4951081308082446
ergo_adaptive,wind,3666,305.41666666666663,1.4991803584423964
ergo_adaptive,wind,3667,305.5,1.5050136406224688
ergo_adaptive,wind,3668,305.58333333333337,1.4983452063334544
ergo_adaptive,wind,3669,305.66666666666663,1.503370980319776
ergo_adaptive,wind,3670,305.75,1.4970845887437174
ergo_adaptive,wind,3671,305.83333333333337,1.4950569623894945
ergo_adaptive,wind,3672,305.91666666666663,1.4885689167254155
ergo_adaptive,wind,3673,306.0,1.4885395555591718
ergo_adaptive,wind,3674,306.08333333333337,1.4772089881040877
ergo_adaptive,wind,3675,306.16666666666663,1.484901883821189
ergo_adaptive,wind,3676,306.25,1.4834322005070115
ergo_adaptive,wind,3677,306.33333333333337,1.485928676908935
ergo_adaptive,wind,3678,306.41666666666663,1.4880757393208435
ergo_adaptive,wind,3679,306.5,1.4895857162448862
ergo_adaptive,wind,3680,306.58333333333337,1.4906739459697858
ergo_adaptive,wind,3681,306.66666666666663,1.48750175797273
ergo_adaptive,wind,3682,306.75,1.4819222459919807
ergo_adaptive,wind,3683,306.83333333333337,1.48082929976465
ergo_adaptive,wind,3684,306.91666666666663,1.4759453507510114
ergo_adaptive,wind,3685,307.0,1.4699001805468528
ergo_adaptive,wind,3686,307.08333333333337,1.4719661919533555
ergo_adaptive,wind,3687,307.16666666666663,1.4793826074046614
ergo_adaptive,wind,3688,307.25,1.4723532320426005
ergo_adaptive,wind,3689,307.33333333333337,1.4811707791740392
ergo_adaptive,wind,3690,307.41666666666663,1.4798217178261024
ergo_adaptive,wind,3691,307.5,1.485659085267304
ergo_adaptive,wind,3692,307.58333333333337,1.491829470010055
ergo_adaptive,wind,3693,307.66666666666663,1.485602740965294
ergo_adaptive,wind,3694,307.75,1.4840401573042248
ergo_adaptive,wind,3695,307.83333333333337,1.479717559311866
ergo_adaptive,wind,3696,307.91666666666663,1.4776473820765472
ergo_adaptive,wind,3697,308.0,1.4827076477076315
ergo_adaptive,wind,3698,308.08333333333337,1.4855319697864782
ergo_adaptive,wind,3699,308.16666666666663,1.4870913045565544
ergo_adaptive,wind,3700,308.25,1.4915667519933553
ergo_adaptive,wind,3701,308.33333333333337,1.4878001975291948
ergo_adaptive,wind,3702,308.41666666666663,1.48162818675261
ergo_adaptive,wind,3703,308.5,1.4798343870208284
ergo_adaptive,wind,3704,308.58333333333337,1.4757504772949124
ergo_adaptive,wind,3705,308.66666666666663,1.4806267752132463
ergo_adaptive,wind,3706,308.75,1.4863914307290658
ergo_adaptive,wind,3707,308.83333333333337,1.4800155939941484
ergo_adaptive,wind,3708,308.91666666666663,1.4767619270704335
ergo_adaptive,wind,3709,309.0,1.47439114552248
ergo_adaptive,wind,3710,309.08333333333337,1.48349631128868
ergo_adaptive,wind,3711,309.16666666666663,1.4818459946407345
ergo_adaptive,wind,3712,309.25,1.478978413394824
ergo_adaptive,wind,3713,309.33333333333337,1.4776251728757084
ergo_adaptive,wind,3714,309.41666666666663,1.483011707039958
ergo_adaptive,wind,3715,309.5,1.4786908161220542
ergo_adaptive,wind,3716,309.58333333333337,1.4780584259707525
ergo_adaptive,wind,3717,309.66666666666663,1.4844286185833506
ergo_adaptive,wind,3718,309.75,1.4860350576771362
ergo_adaptive,wind,3719,309.83333333333337,1.4843041882237213
ergo_adaptive,wind,3720,309.91666666666663,1.4840448695283375
ergo_adaptive,wind,3721,310.0,1.4844500316968843
ergo_adaptive,wind,3722,310.08333333333337,1.478021081017983
ergo_adaptive,wind,3723,310.16666666666663,1.4786508852501405
ergo_adaptive,wind,3724,310.25,1.4847842943973595
ergo_adaptive,wind,3725,310.33333333333337,1.483129600324064
ergo_adaptive,wind,3726,310.41666666666663,1.479061451118322
ergo_adaptive,wind,3727,310.5,1.4780731982505837
ergo_adaptive,wind,3728,310.58333333333337,1.4787646031486439
ergo_adaptive,wind,3729,310.66666666666663,1.4739455984474101
ergo_adaptive,wind,3730,310.75,1.476698402700826
ergo_adaptive,wind,3731,310.83333333333337,1.4812227019797057
ergo_adaptive,wind,3732,310.91666666666663,1.4793419947145765
ergo_adaptive,wind,3733,311.0,1.4863173946186161
ergo_adaptive,wind,3734,311.08333333333337,1.4820814261275344
ergo_adaptive,wind,3735,311.16666666666663,1.4845766141873284
ergo_adaptive,wind,3736,311.25,1.487808953555515
ergo_adaptive,wind,3737,311.33333333333337,1.4947163877648977
ergo_adaptive,wind,3738,311.41666666666663,1.4947278923367278
ergo_adaptive,wind,3739,311.5,1.4995335249261252
ergo_adaptive,wind,3740,311.58333333333337,1.496926037349677
ergo_adaptive,wind,3741,311.66666666666663,1.4989515814614438
ergo_adaptive,wind,3742,311.75,1.500069854429183
ergo_adaptive,wind,3743,311.83333333333337,1.5027218274705851
ergo_adaptive,wind,3744,311.91666666666663,1.5003844498333045
ergo_adaptive,wind,3745,312.0,1.4919539382498095
ergo_adaptive,wind,3746,312.08333333333337,1.491549149414264
ergo_adaptive,wind,3747,312.16666666666663,1.5021584975640234
ergo_adaptive,wind,3748,312.25,1.4968689744861794
ergo_adaptive,wind,3749,312.33333333333337,1.50512264448775
ergo_adaptive,wind,3750,312.41666666666663,1.5002271977164274
ergo_adaptive,wind,3751,312.5,1.494732892855505
ergo_adaptive,wind,3752,312.58333333333337,1.4821741179151575
ergo_adaptive,wind,3753,312.66666666666663,1.4831948342557544
ergo_adaptive,wind,3754,312.75,1.4746155478717669
ergo_adaptive,wind,3755,312.83333333333337,1.477624226006818
ergo_adaptive,wind,3756,312.91666666666663,1.4812100560329464
ergo_adaptive,wind,3757,313.0,1.4882683796220466
ergo_adaptive,wind,3758,313.08333333333337,1.4935983606298466
ergo_adaptive,wind,3759,313.16666666666663,1.4978879007270278
ergo_adaptive,wind,3760,313.25,1.4982463052675619
ergo_adaptive,wind,3761,313.33333333333337,1.5080513016229462
ergo_adaptive,wind,3762,313.41666666666663,1.511403906460194
ergo_adaptive,wind,3763,313.5,1.5092964335318353
ergo_adaptive,wind,3764,313.58333333333337,1.511738811692507
ergo_adaptive,wind,3765,313.66666666666663,1.5036580858782647
ergo_adaptive,wind,3766,313.75,1.5048265717041136
ergo_adaptive,wind,3767,313.83333333333337,1.5118810667769227
ergo_adaptive,wind,3768,313.91666666666663,1.5008362898463108
ergo_adaptive,wind,3769,314.0,1.491372112851632
ergo_adaptive,wind,3770,314.08333333333337,1.4973607670403437
ergo_adaptive,wind,3771,314.16666666666663,1.496677128946123
ergo_adaptive,wind,3772,314.25,1.4991247035689437
ergo_adaptive,wind,3773,314.33333333333337,1.498358478374612
ergo_adaptive,wind,3774,314.41666666666663,1.504048870332174
ergo_adaptive,wind,3775,314.5,1.497205387562904
ergo_adaptive,wind,3776,314.58333333333337,1.4918861999280209
ergo_adaptive,wind,3777,314.66666666666663,1.4902463674744024
ergo_adaptive,wind,3778,314.75,1.4960895284039686
ergo_adaptive,wind,3779,314.83333333333337,1.493985186755335
ergo_adaptive,wind,3780,314.91666666666663,1.498067572511246
ergo_adaptive,wind,3781,315.0,1.4844580257484448
ergo_adaptive,wind,3782,315.08333333333337,1.4768358508290074
ergo_adaptive,wind,3783,315.16666666666663,1.4757902684227855
ergo_adaptive,wind,3784,315.25,1.4792601069019766
ergo_adaptive,wind,3785,315.33333333333337,1.4724773595733824
ergo_adaptive,wind,3786,315.41666666666663,1.4731779076145008
ergo_adaptive,wind,3787,315.5,1.4753515577625724
ergo_adaptive,wind,3788,315.58333333333337,1.4768260085663274
ergo_adaptive,wind,3789,315.66666666666663,1.469427880558346
ergo_adaptive,wind,3790,315.75,1.4690044413989594
ergo_adaptive,wind,3791,315.83333333333337,1.4725193753456818
ergo_adaptive,wind,3792,315.91666666666663,1.4745304702684923
ergo_adaptive,wind,3793,316.0,1.4741807233473716
ergo_adaptive,wind,3794,316.08333333333337,1.4760594596672751
ergo_adaptive,wind,3795,316.16666666666663,1.4727335192303899
ergo_adaptive,wind,3796,316.25,1.471154468779928
ergo_adaptive,wind,3797,316.33333333333337,1.4716694526184395
ergo_adaptive,wind,3798,316.41666666666663,1.4726116910496112
ergo_adaptive,wind,3799,316.5,1.4724761234619708
ergo_adaptive,wind,3800,316.58333333333337,1.472748925022226
ergo_adaptive,wind,3801,316.66666666666663,1.473159263754285
ergo_adaptive,wind,3802,316.75,1.4736157222320336
ergo_adaptive,wind,3803,316.83333333333337,1.4747412926859618
ergo_adaptive,wind,3804,316.91666666666663,1.4750614215958033
ergo_adaptive,wind,3805,317.0,1.4749670117150986
ergo_adaptive,wind,3806,317.08333333333337,1.4758210126322804
ergo_adaptive,wind,3807,317.16666666666663,1.4758342452520683
ergo_adaptive,wind,3808,317.25,1.476404954090297
ergo_adaptive,wind,3809,317.33333333333337,1.476753341218406
ergo_adaptive,wind,3810,317.41666666666663,1.4770334418824378
ergo_adaptive,wind,3811,317.5,1.477975233980619
ergo_adaptive,wind,3812,317.58333333333337,1.4782079924057778
ergo_adaptive,wind,3813,317.66666666666663,1.4800715685720605
ergo_adaptive,wind,3814,317.75,1.4812987338025305
ergo_adaptive,wind,3815,317.83333333333337,1.4821632812314844
ergo_adaptive,wind,3816,317.91666666666663,1.4846485673779017
ergo_adaptive,wind,3817,318.0,1.485953661149962
ergo_adaptive,wind,3818,318.08333333333337,1.4863427836552006
ergo_adaptive,wind,3819,318.16666666666663,1.4905189736451214
ergo_adaptive,wind,3820,318.25,1.4933878515447983
ergo_adaptive,wind,3821,318.33333333333337,1.4913639625840085
ergo_adaptive,wind,3822,318.41666666666663,1.494099059206599
ergo_adaptive,wind,3823,318.5,1.4977236936280494
ergo_adaptive,wind,3824,318.58333333333337,1.4974491123550857
ergo_adaptive,wind,3825,318.66666666666663,1.4980658446605437
ergo_adaptive,wind,3826,318.75,1.5014637020345662
ergo_adaptive,wind,3827,318.83333333333337,1.5092609790472153
ergo_adaptive,wind,3828,318.91666666666663,1.501866083274081
ergo_adaptive,wind,3829,319.0,1.5040518999976935
ergo_adaptive,wind,3830,319.08333333333337,1.5070230763910966
ergo_adaptive,wind,3831,319.16666666666663,1.5083422393402637
ergo_adaptive,wind,3832,319.25,1.5070388231175473
ergo_adaptive,wind,3833,319.33333333333337,1.5080525030152343
ergo_adaptive,wind,3834,319.41666666666663,1.512607554208368
ergo_adaptive,wind,3835,319.5,1.5156716810774722
ergo_adaptive,wind,3836,319.58333333333337,1.511335420363957
ergo_adaptive,wind,3837,319.66666666666663,1.5148445241273167
ergo_adaptive,wind,3838,319.75,1.5129894064382419
ergo_adaptive,wind,3839,319.83333333333337,1.5204895698896668
ergo_adaptive,wind,3840,319.91666666666663,1.5272828882142777
ergo_adaptive,wind,3841,320.0,1.5363053236309563
ergo_adaptive,wind,3842,320.08333333333337,1.5348689138315492
ergo_adaptive,wind,3843,320.16666666666663,1.5377426645841412
ergo_adaptive,wind,3844,320.25,1.544502628740838
ergo_adaptive,wind,3845,320.33333333333337,1.5354208021346494
ergo_adaptive,wind,3846,320.41666666666663,1.5310738952799836
ergo_adaptive,wind,3847,320.5,1.5245620845671248
ergo_adaptive,wind,3848,320.58333333333337,1.5366647646455207
ergo_adaptive,wind,3849,320.66666666666663,1.5374304901418527
ergo_adaptive,wind,3850,320.75,1.545446383482193
ergo_adaptive,wind,3851,320.83333333333337,1.5598630750616462
ergo_adaptive,wind,3852,320.91666666666663,1.5625159275968803
ergo_adaptive,wind,3853,321.0,1.5625329073383438
ergo_adaptive,wind,3854,321.08333333333337,1.5800392656145055
ergo_adaptive,wind,3855,321.16666666666663,1.593237275680149
ergo_adaptive,wind,3856,321.25,1.5865176600006086
ergo_adaptive,wind,3857,321.33333333333337,1.591521855244752
ergo_adaptive,wind,3858,321.41666666666663,1.5900236047380363
ergo_adaptive,wind,3859,321.5,1.5876310199471473
ergo_adaptive,wind,3860,321.58333333333337,1.5708357220744678
ergo_adaptive,wind,3861,321.66666666666663,1.5540720935998271
ergo_adaptive,wind,3862,321.75,1.5753506670531534
ergo_adaptive,wind,3863,321.83333333333337,1.5827694896024556
ergo_adaptive,wind,3864,321.91666666666663,1.5726783224063103
ergo_adaptive,wind,3865,322.0,1.5756272679979677
ergo_adaptive,wind,3866,322.08333333333337,1.5817430490081197
ergo_adaptive,wind,3867,322.16666666666663,1.5806644420193716
ergo_adaptive,wind,3868,322.25,1.6019665273327963
ergo_adaptive,wind,3869,322.33333333333337,1.6270388829048608
ergo_adaptive,wind,3870,322.41666666666663,1.6686334785325228
ergo_adaptive,wind,3871,322.5,1.6742143650717218
ergo_adaptive,wind,3872,322.58333333333337,1.6765547261450697
ergo_adaptive,wind,3873,322.66666666666663,1.6725537548634608
ergo_adaptive,wind,3874,322.75,1.6878888705909183
ergo_adaptive,wind,3875,322.83333333333337,1.689512211420629
ergo_adaptive,wind,3876,322.91666666666663,1.694641346448083
ergo_adaptive,wind,3877,323.0,1.724711342448398
ergo_adaptive,wind,3878,323.08333333333337,1.7689185657418938
ergo_adaptive,wind,3879,323.16666666666663,1.7925222040049054
ergo_adaptive,wind,3880,323.25,1.8325254928119286
ergo_adaptive,wind,3881,323.33333333333337,1.8810851250803364
ergo_adaptive,wind,3882,323.41666666666663,1.90334915969542
ergo_adaptive,wind,3883,323.5,1.9124916370567437
ergo_adaptive,wind,3884,323.58333333333337,1.9049417238942719
ergo_adaptive,wind,3885,323.66666666666663,1.9056925137819276
ergo_adaptive,wind,3886,323.75,1.932145666403816
ergo_adaptive,wind,3887,323.83333333333337,1.9799862375589024
ergo_adaptive,wind,3888,323.91666666666663,2.0003115387672397
ergo_adaptive,wind,3889,324.0,2.008569737040236
ergo_adaptive,wind,3890,324.08333333333337,2.0246088718339736
ergo_adaptive,wind,3891,324.16666666666663,2.05125637350197
ergo_adaptive,wind,3892,324.25,2.1063764847345308
ergo_adaptive,wind,3893,324.33333333333337,2.091700701752606
ergo_adaptive,wind,3894,324.41666666666663,2.1107354669412683
ergo_adaptive,wind,3895,324.5,2.0636432580182533
ergo_adaptive,wind,3896,324.58333333333337,2.0764096215407615
ergo_adaptive,wind,3897,324.66666666666663,2.0693967859256333
ergo_adaptive,wind,3898,324.75,2.0742956081506168
ergo_adaptive,wind,3899,324.83333333333337,2.0667774703981
ergo_adaptive,wind,3900,324.91666666666663,2.0521525506446325
ergo_adaptive,wind,3901,325.0,2.0471861169739567
ergo_adaptive,wind,3902,325.08333333333337,2.0366629425926606
ergo_adaptive,wind,3903,325.16666666666663,2.0531582049177732
ergo_adaptive,wind,3904,325.25,2.0246671428554337
ergo_adaptive,wind,3905,325.33333333333337,2.0442395442405363
ergo_adaptive,wind,3906,325.41666666666663,2.0591719266351665
ergo_adaptive,wind,3907,325.5,2.064216192376905
ergo_adaptive,wind,3908,325.58333333333337,2.0062340050773466
ergo_adaptive,wind,3909,325.66666666666663,2.002144236834208
ergo_adaptive,wind,3910,325.75,1.9727143076849645
ergo_adaptive,wind,3911,325.83333333333337,1.9496349149357501
ergo_adaptive,wind,3912,325.91666666666663,2.0036937363683984
ergo_adaptive,wind,3913,326.0,2.0238701061459174
ergo_adaptive,wind,3914,326.08333333333337,1.952786489512947
ergo_adaptive,wind,3915,326.16666666666663,1.8943239104293983
ergo_adaptive,wind,3916,326.25,1.8896975603524502
ergo_adaptive,wind,3917,326.33333333333337,1.8407524272255529
ergo_adaptive,wind,3918,326.41666666666663,1.8001758928981213
ergo_adaptive,wind,3919,326.5,1.7694498172630029
ergo_adaptive,wind,3920,326.58333333333337,1.740258788827794
ergo_adaptive,wind,3921,326.66666666666663,1.7244440387746258
ergo_adaptive,wind,3922,326.75,1.7071812730434246
ergo_adaptive,wind,3923,326.83333333333337,1.6696909300356158
ergo_adaptive,wind,3924,326.91666666666663,1.676542306000421
ergo_adaptive,wind,3925,327.0,1.6751399435870389
ergo_adaptive,wind,3926,327.08333333333337,1.6701299341989357
ergo_adaptive,wind,3927,327.16666666666663,1.6502607355693815
ergo_adaptive,wind,3928,327.25,1.654329904342886
ergo_adaptive,wind,3929,327.33333333333337,1.6362543523379118
ergo_adaptive,wind,3930,327.41666666666663,1.597630132061139
ergo_adaptive,wind,3931,327.5,1.592858923121805
ergo_adaptive,wind,3932,327.58333333333337,1.6071421941636994
ergo_adaptive,wind,3933,327.66666666666663,1.6028070825592091
ergo_adaptive,wind,3934,327.75,1.5962816058841054
ergo_adaptive,wind,3935,327.83333333333337,1.602598044525831
ergo_adaptive,wind,3936,327.91666666666663,1.5947001143832793
ergo_adaptive,wind,3937,328.0,1.5893555100380015
ergo_adaptive,wind,3938,328.08333333333337,1.5888026229441867
ergo_adaptive,wind,3939,328.16666666666663,1.5968356625302738
ergo_adaptive,wind,3940,328.25,1.582334873695018
ergo_adaptive,wind,3941,328.33333333333337,1.5706286148056883
ergo_adaptive,wind,3942,328.41666666666663,1.5568332727002605
ergo_adaptive,wind,3943,328.5,1.5632864732574216
ergo_adaptive,wind,3944,328.58333333333337,1.5626196365649618
ergo_adaptive,wind,3945,328.66666666666663,1.5650951728487985
ergo_adaptive,wind,3946,328.75,1.5611723134567028
ergo_adaptive,wind,3947,328.83333333333337,1.5661133286548934
ergo_adaptive,wind,3948,328.91666666666663,1.5733176148328305
ergo_adaptive,wind,3949,329.0,1.5704821489071863
ergo_adaptive,wind,3950,329.08333333333337,1.5826801474882968
ergo_adaptive,wind,3951,329.16666666666663,1.5703556549604103
ergo_adaptive,wind,3952,329.25,1.573652296202894
ergo_adaptive,wind,3953,329.33333333333337,1.571771476920528
ergo_adaptive,wind,3954,329.41666666666663,1.5617085811167528
ergo_adaptive,wind,3955,329.5,1.5605870548825704
ergo_adaptive,wind,3956,329.58333333333337,1.5608251575168373
ergo_adaptive,wind,3957,329.66666666666663,1.554349235567638
ergo_adaptive,wind,3958,329.75,1.5579784883794585
ergo_adaptive,wind,3959,329.83333333333337,1.5541751079078805
ergo_adaptive,wind,3960,329.91666666666663,1.5538700758524424
ergo_adaptive,wind,3961,330.0,1.5663648952088032
ergo_adaptive,wind,3962,330.08333333333337,1.5721557204658632
ergo_adaptive,wind,3963,330.16666666666663,1.5678163044001978
ergo_adaptive,wind,3964,330.25,1.5670373165892013
ergo_adaptive,wind,3965,330.33333333333337,1.5668077431119405
ergo_adaptive,wind,3966,330.41666666666663,1.5664603437071045
ergo_adaptive,wind,3967,330.5,1.56719293474369
ergo_adaptive,wind,3968,330.58333333333337,1.5672439485796374
ergo_adaptive,wind,3969,330.66666666666663,1.569389450318218
ergo_adaptive,wind,3970,330.75,1.570214597477533
ergo_adaptive,wind,3971,330.83333333333337,1.5730008860123954
ergo_adaptive,wind,3972,330.91666666666663,1.5731485595054273
ergo_adaptive,wind,3973,331.0,1.5696194461868824
ergo_adaptive,wind,3974,331.08333333333337,1.5738371650531962
ergo_adaptive,wind,3975,331.16666666666663,1.5784170354601854
ergo_adaptive,wind,3976,331.25,1.5847236993420992
ergo_adaptive,wind,3977,331.33333333333337,1.5858484987873074
ergo_adaptive,wind,3978,331.41666666666663,1.5862501883630131
ergo_adaptive,wind,3979,331.5,1.5884954488152296
ergo_adaptive,wind,3980,331.58333333333337,1.5859470795969204
ergo_adaptive,wind,3981,331.66666666666663,1.585505321139837
ergo_adaptive,wind,3982,331.75,1.5945650852377677
ergo_adaptive,wind,3983,331.83333333333337,1.6172000008876
ergo_adaptive,wind,3984,331.91666666666663,1.600346794294876
ergo_adaptive,wind,3985,332.0,1.626124397672018
ergo_adaptive,wind,3986,332.08333333333337,1.6304650873817408
ergo_adaptive,wind,3987,332.16666666666663,1.6481507198213743
ergo_adaptive,wind,3988,332.25,1.6304640157668682
ergo_adaptive,wind,3989,332.33333333333337,1.6381835169709327
ergo_adaptive,wind,3990,332.41666666666663,1.6558955076664827
ergo_adaptive,wind,3991,332.5,1.661853097583329
ergo_adaptive,wind,3992,332.58333333333337,1.629378618962767
ergo_adaptive,wind,3993,332.66666666666663,1.6353468465482992
ergo_adaptive,wind,3994,332.75,1.6640971334220784
ergo_adaptive,wind,3995,332.83333333333337,1.6569469511148753
ergo_adaptive,wind,3996,332.91666666666663,1.6732862555809707
ergo_adaptive,wind,3997,333.0,1.6712463828275193
ergo_adaptive,wind,3998,333.08333333333337,1.6857068467631637
ergo_adaptive,wind,3999,333.16666666666663,1.7055087992882307
ergo_adaptive,wind,4000,333.25,1.6988602603629595
ergo_adaptive,wind,4001,333.33333333333337,1.660444878324645
ergo_adaptive,wind,4002,333.41666666666663,1.6898185149724352
ergo_adaptive,wind,4003,333.5,1.6830753406961443
ergo_adaptive,wind,4004,333.58333333333337,1.7172166236988098
ergo_adaptive,wind,4005,333.66666666666663,1.7156616257760222
ergo_adaptive,wind,4006,333.75,1.706177825018645
ergo_adaptive,wind,4007,333.83333333333337,1.6955771659743635
ergo_adaptive,wind,4008,333.91666666666663,1.6824417903987652
ergo_adaptive,wind,4009,334.0,1.6837628797647228
ergo_adaptive,wind,4010,334.08333333333337,1.6713425174956078
ergo_adaptive,wind,4011,334.16666666666663,1.6809411920398623
ergo_adaptive,wind,4012,334.25,1.6973578657467117
ergo_adaptive,wind,4013,334.33333333333337,1.7079924769477335
ergo_adaptive,wind,4014,334.41666666666663,1.706803228527812
ergo_adaptive,wind,4015,334.5,1.6716105208834486
ergo_adaptive,wind,4016,334.58333333333337,1.6605972899912742
ergo_adaptive,wind,4017,334.66666666666663,1.6618408161276428
ergo_adaptive,wind,4018,334.75,1.6686069161463386
ergo_adaptive,wind,4019,334.83333333333337,1.6693917454285438
ergo_adaptive,wind,4020,334.91666666666663,1.6255532326990103
ergo_adaptive,wind,4021,335.0,1.6255743719928295
ergo_adaptive,wind,4022,335.08333333333337,1.575348591289681
ergo_adaptive,wind,4023,335.16666666666663,1.543977434148367
ergo_adaptive,wind,4024,335.25,1.5669291122399667
ergo_adaptive,wind,4025,335.33333333333337,1.5639667076962027
ergo_adaptive,wind,4026,335.41666666666663,1.5895912048308178
ergo_adaptive,wind,4027,335.5,1.5727828038880782
ergo_adaptive,wind,4028,335.58333333333337,1.5567701300035837
ergo_adaptive,wind,4029,335.66666666666663,1.5414163589023016
ergo_adaptive,wind,4030,335.75,1.5259123993735904
ergo_adaptive,wind,4031,335.83333333333337,1.5126724838086723
ergo_adaptive,wind,4032,335.91666666666663,1.5061485539932635
ergo_adaptive,wind,4033,336.0,1.5037844831113154
ergo_adaptive,wind,4034,336.08333333333337,1.5114639017663212
ergo_adaptive,wind,4035,336.16666666666663,1.5136364133820766
ergo_adaptive,wind,4036,336.25,1.5135318272553222
ergo_adaptive,wind,4037,336.33333333333337,1.501961043935093
ergo_adaptive,wind,4038,336.41666666666663,1.501787405184799
ergo_adaptive,wind,4039,336.5,1.4950846585049367
ergo_adaptive,wind,4040,336.58333333333337,1.4790041013545974
ergo_adaptive,wind,4041,336.66666666666663,1.4781335220640572
ergo_adaptive,wind,4042,336.75,1.4781303187865957
ergo_adaptive,wind,4043,336.83333333333337,1.4724229248725895
ergo_adaptive,wind,4044,336.91666666666663,1.4837784437090225
ergo_adaptive,wind,4045,337.0,1.4668620814938573
ergo_adaptive,wind,4046,337.08333333333337,1.4786647893092222
ergo_adaptive,wind,4047,337.16666666666663,1.4697662513341607
ergo_adaptive,wind,4048,337.25,1.4707134180133954
ergo_adaptive,wind,4049,337.33333333333337,1.4773138865118143
ergo_adaptive,wind,4050,337.41666666666663,1.46473062905394
ergo_adaptive,wind,4051,337.5,1.4747331520113727
ergo_adaptive,wind,4052,337.58333333333337,1.4722405948169905
ergo_adaptive,wind,4053,337.66666666666663,1.460364483233997
ergo_adaptive,wind,4054,337.75,1.4518973869235896
ergo_adaptive,wind,4055,337.83333333333337,1.4557249280920512
ergo_adaptive,wind,4056,337.91666666666663,1.4530445201384068
ergo_adaptive,wind,4057,338.0,1.4541878528548167
ergo_adaptive,wind,4058,338.08333333333337,1.4482229724322335
ergo_adaptive,wind,4059,338.16666666666663,1.4479249101760368
ergo_adaptive,wind,4060,338.25,1.448494565429666
ergo_adaptive,wind,4061,338.33333333333337,1.43711089019531
ergo_adaptive,wind,4062,338.41666666666663,1.452178026802697
ergo_adaptive,wind,4063,338.5,1.4661017492760928
ergo_adaptive,wind,4064,338.58333333333337,1.4698633316299905
ergo_adaptive,wind,4065,338.66666666666663,1.4568730785421118
ergo_adaptive,wind,4066,338.75,1.4493825945443448
ergo_adaptive,wind,4067,338.83333333333337,1.4463375467703028
ergo_adaptive,wind,4068,338.91666666666663,1.4416980771156955
ergo_adaptive,wind,4069,339.0,1.4412294455624521
ergo_adaptive,wind,4070,339.08333333333337,1.4334964922684938
ergo_adaptive,wind,4071,339.16666666666663,1.435292063172467
ergo_adaptive,wind,4072,339.25,1.434985909458283
ergo_adaptive,wind,4073,339.33333333333337,1.4385930165637608
ergo_adaptive,wind,4074,339.41666666666663,1.441320362757957
ergo_adaptive,wind,4075,339.5,1.4384745775105743
ergo_adaptive,wind,4076,339.58333333333337,1.4406358780605855
ergo_adaptive,wind,4077,339.66666666666663,1.4437139532718515
ergo_adaptive,wind,4078,339.75,1.4349626921268526
ergo_adaptive,wind,4079,339.83333333333337,1.4361429435790765
ergo_adaptive,wind,4080,339.91666666666663,1.4351755164061788
ergo_adaptive,wind,4081,340.0,1.4347038622174049
ergo_adaptive,wind,4082,340.08333333333337,1.4295552314328288
ergo_adaptive,wind,4083,340.16666666666663,1.4297522455635516
ergo_adaptive,wind,4084,340.25,1.4324784701506548
ergo_adaptive,wind,4085,340.33333333333337,1.4286751059162413
ergo_adaptive,wind,4086,340.41666666666663,1.4323750284262873
ergo_adaptive,wind,4087,340.5,1.4334060494451017
ergo_adaptive,wind,4088,340.58333333333337,1.433891088952478
ergo_adaptive,wind,4089,340.66666666666663,1.438626056137229
ergo_adaptive,wind,4090,340.75,1.4421333315848994
ergo_adaptive,wind,4091,340.83333333333337,1.441284151593244
ergo_adaptive,wind,4092,340.91666666666663,1.4386715250124396
ergo_adaptive,wind,4093,341.0,1.4314229470454893
ergo_adaptive,wind,4094,341.08333333333337,1.4317720161928273
ergo_adaptive,wind,4095,341.16666666666663,1.4328596663249398
ergo_adaptive,wind,4096,341.25,1.4355570192380414
ergo_adaptive,wind,4097,341.33333333333337,1.431199802331916
ergo_adaptive,wind,4098,341.41666666666663,1.4309109980918977
ergo_adaptive,wind,4099,341.5,1.4305393044994958
ergo_adaptive,wind,4100,341.58333333333337,1.43233429687105
ergo_adaptive,wind,4101,341.66666666666663,1.43116661240945
ergo_adaptive,wind,4102,341.75,1.4321315412419175
ergo_adaptive,wind,4103,341.83333333333337,1.432337522923487
ergo_adaptive,wind,4104,341.91666666666663,1.436502482004163
ergo_adaptive,wind,4105,342.0,1.4378323013310794
ergo_adaptive,wind,4106,342.08333333333337,1.4387448516175863
ergo_adaptive,wind,4107,342.16666666666663,1.4438378138866517
ergo_adaptive,wind,4108,342.25,1.4403302332483106
ergo_adaptive,wind,4109,342.33333333333337,1.4472567389273925
ergo_adaptive,wind,4110,342.41666666666663,1.4475255790216741
ergo_adaptive,wind,4111,342.5,1.4448988235322326
ergo_adaptive,wind,4112,342.58333333333337,1.4562768724810111
ergo_adaptive,wind,4113,342.66666666666663,1.467203621603991
ergo_adaptive,wind,4114,342.75,1.4638894920506251
ergo_adaptive,wind,4115,342.83333333333337,1.448019862104579
ergo_adaptive,wind,4116,342.91666666666663,1.4385597046492478
ergo_adaptive,wind,4117,343.0,1.43676479631973
ergo_adaptive,wind,4118,343.08333333333337,1.442846105021321
ergo_adaptive,wind,4119,343.16666666666663,1.4431692159658827
ergo_adaptive,wind,4120,343.25,1.4499078114289574
ergo_adaptive,wind,4121,343.33333333333337,1.4473049537135945
ergo_adaptive,wind,4122,343.41666666666663,1.4468243622369517
ergo_adaptive,wind,4123,343.5,1.4483344974659331
ergo_adaptive,wind,4124,343.58333333333337,1.4480303755907327
ergo_adaptive,wind,4125,343.66666666666663,1.4382913208103356
ergo_adaptive,wind,4126,343.75,1.4441354232743275
ergo_adaptive,wind,4127,343.83333333333337,1.4516148585201514
ergo_adaptive,wind,4128,343.91666666666663,1.4567207208753092
ergo_adaptive,wind,4129,344.0,1.4636083411100753
ergo_adaptive,wind,4130,344.08333333333337,1.4725130694026631
ergo_adaptive,wind,4131,344.16666666666663,1.4582097445286357
ergo_adaptive,wind,4132,344.25,1.446146908132488
ergo_adaptive,wind,4133,344.33333333333337,1.4409160044826834
ergo_adaptive,wind,4134,344.41666666666663,1.443128459067693
ergo_adaptive,wind,4135,344.5,1.4389564659723024
ergo_adaptive,wind,4136,344.58333333333337,1.4377541634912172
ergo_adaptive,wind,4137,344.66666666666663,1.436267045680223
ergo_adaptive,wind,4138,344.75,1.434840138661239
ergo_adaptive,wind,4139,344.83333333333337,1.4384088741818508
ergo_adaptive,wind,4140,344.91666666666663,1.4394899607885117
ergo_adaptive,wind,4141,345.0,1.4408706613889128
ergo_adaptive,wind,4142,345.08333333333337,1.440443961059221
ergo_adaptive,wind,4143,345.16666666666663,1.4421148057964706
ergo_adaptive,wind,4144,345.25,1.441271553651319
ergo_adaptive,wind,4145,345.33333333333337,1.4452075451004287
ergo_adaptive,wind,4146,345.41666666666663,1.4414644598885915
ergo_adaptive,wind,4147,345.5,1.4475310655755214
ergo_adaptive,wind,4148,345.58333333333337,1.4487248543554174
ergo_adaptive,wind,4149,345.66666666666663,1.4541570506611867
ergo_adaptive,wind,4150,345.75,1.4477712932671176
ergo_adaptive,wind,4151,345.83333333333337,1.4448817909296063
ergo_adaptive,wind,4152,345.91666666666663,1.4401903053343388
ergo_adaptive,wind,4153,346.0,1.4413646853483015
ergo_adaptive,wind,4154,346.08333333333337,1.4419449958494843
ergo_adaptive,wind,4155,346.16666666666663,1.444392214041281
ergo_adaptive,wind,4156,346.25,1.4415334030573577
ergo_adaptive,wind,4157,346.33333333333337,1.4418653589962673
ergo_adaptive,wind,4158,346.41666666666663,1.4399162646185542
ergo_adaptive,wind,4159,346.5,1.4433097717263075
ergo_adaptive,wind,4160,346.58333333333337,1.4412484464442807
ergo_adaptive,wind,4161,346.66666666666663,1.4399673484399667
ergo_adaptive,wind,4162,346.75,1.4452297179656823
ergo_adaptive,wind,4163,346.83333333333337,1.447751764939437
ergo_adaptive,wind,4164,346.91666666666663,1.4448016813317786
ergo_adaptive,wind,4165,347.0,1.4425026308185809
ergo_adaptive,wind,4166,347.08333333333337,1.4393438023527156
ergo_adaptive,wind,4167,347.16666666666663,1.435358754116662
ergo_adaptive,wind,4168,347.25,1.4360652219182475
ergo_adaptive,wind,4169,347.33333333333337,1.4371381071128635
ergo_adaptive,wind,4170,347.41666666666663,1.4348304804927525
ergo_adaptive,wind,4171,347.5,1.4344767367478133
ergo_adaptive,wind,4172,347.58333333333337,1.4353271680635216
ergo_adaptive,wind,4173,347.66666666666663,1.4359787828637385
ergo_adaptive,wind,4174,347.75,1.4358874255036054
ergo_adaptive,wind,4175,347.83333333333337,1.4371058445275358
ergo_adaptive,wind,4176,347.91666666666663,1.4401812536094365
ergo_adaptive,wind,4177,348.0,1.4438596602896077
ergo_adaptive,wind,4178,348.08333333333337,1.442095919108262
ergo_adaptive,wind,4179,348.16666666666663,1.443381520281978
ergo_adaptive,wind,4180,348.25,1.447777861434816
ergo_adaptive,wind,4181,348.33333333333337,1.4433540343356461
ergo_adaptive,wind,4182,348.41666666666663,1.4439518815755268
ergo_adaptive,wind,4183,348.5,1.4459093457495955
ergo_adaptive,wind,4184,348.58333333333337,1.4501930456786056
ergo_adaptive,wind,4185,348.66666666666663,1.4522327466251115
ergo_adaptive,wind,4186,348.75,1.447622640668856
ergo_adaptive,wind,4187,348.83333333333337,1.450050605948226
ergo_adaptive,wind,4188,348.91666666666663,1.4505469906304724
ergo_adaptive,wind,4189,349.0,1.4504208497802944
ergo_adaptive,wind,4190,349.08333333333337,1.45738388611978
ergo_adaptive,wind,4191,349.16666666666663,1.457863114392793
ergo_adaptive,wind,4192,349.25,1.4558317661118825
ergo_adaptive,wind,4193,349.33333333333337,1.4531441534180132
ergo_adaptive,wind,4194,349.41666666666663,1.4508433709298871
ergo_adaptive,wind,4195,349.5,1.4499430302060508
ergo_adaptive,wind,4196,349.58333333333337,1.4460981426016541
ergo_adaptive,wind,4197,349.66666666666663,1.4459717665044618
ergo_adaptive,wind,4198,349.75,1.4508529638102516
ergo_adaptive,wind,4199,349.83333333333337,1.4553067243418167
ergo_adaptive,wind,4200,349.91666666666663,1.4571068313464635
ergo_adaptive,wind,4201,350.0,1.4531018581285637
ergo_adaptive,wind,4202,350.08333333333337,1.4576016856659422
ergo_adaptive,wind,4203,350.16666666666663,1.4589812957009707
ergo_adaptive,wind,4204,350.25,1.4546585950965367
ergo_adaptive,wind,4205,350.33333333333337,1.459711924743322
ergo_adaptive,wind,4206,350.41666666666663,1.4572682814703455
ergo_adaptive,wind,4207,350.5,1.4620569656683227
ergo_adaptive,wind,4208,350.58333333333337,1.4566322295393777
ergo_adaptive,wind,4209,350.66666666666663,1.4541582431926565
ergo_adaptive,wind,4210,350.75,1.4555734881531668
ergo_adaptive,wind,4211,350.83333333333337,1.4538646094996768
ergo_adaptive,wind,4212,350.91666666666663,1.4452515619728792
ergo_adaptive,wind,4213,351.0,1.4427261677095227
ergo_adaptive,wind,4214,351.08333333333337,1.4432090697261444
ergo_adaptive,wind,4215,351.16666666666663,1.445386651876232
ergo_adaptive,wind,4216,351.25,1.445593480567736
ergo_adaptive,wind,4217,351.33333333333337,1.452289722259631
ergo_adaptive,wind,4218,351.41666666666663,1.4525184387632042
ergo_adaptive,wind,4219,351.5,1.4546785223449619
ergo_adaptive,wind,4220,351.58333333333337,1.4557866047511545
ergo_adaptive,wind,4221,351.66666666666663,1.4496215681738118
ergo_adaptive,wind,4222,351.75,1.4519645686934255
ergo_adaptive,wind,4223,351.83333333333337,1.454295903092876
ergo_adaptive,wind,4224,351.91666666666663,1.4514927023087796
ergo_adaptive,wind,4225,352.0,1.4547532808321235
ergo_adaptive,wind,4226,352.08333333333337,1.4550218766776106
ergo_adaptive,wind,4227,352.16666666666663,1.4537961901679743
ergo_adaptive,wind,4228,352.25,1.4531442357573658
ergo_adaptive,wind,4229,352.33333333333337,1.451031886099907
ergo_adaptive,wind,4230,352.41666666666663,1.4496152574115282
ergo_adaptive,wind,4231,352.5,1.4521975803612903
ergo_adaptive,wind,4232,352.58333333333337,1.4531794389202675
ergo_adaptive,wind,4233,352.66666666666663,1.4577612167426806
ergo_adaptive,wind,4234,352.75,1.4637673589234967
ergo_adaptive,wind,4235,352.83333333333337,1.4610557128028452
ergo_adaptive,wind,4236,352.91666666666663,1.4646271349799311
ergo_adaptive,wind,4237,353.0,1.4606924616507433
ergo_adaptive,wind,4238,353.08333333333337,1.464506367255706
ergo_adaptive,wind,4239,353.16666666666663,1.4662390907270768
ergo_adaptive,wind,4240,353.25,1.4626318224229955
ergo_adaptive,wind,4241,353.33333333333337,1.4571638473835256
ergo_adaptive,wind,4242,353.41666666666663,1.4573507729655248
ergo_adaptive,wind,4243,353.5,1.4581809008290179
ergo_adaptive,wind,4244,353.58333333333337,1.4603263152477401
ergo_adaptive,wind,4245,353.66666666666663,1.4580633278915562
ergo_adaptive,wind,4246,353.75,1.459081759215358
ergo_adaptive,wind,4247,353.83333333333337,1.4542251231266403
ergo_adaptive,wind,4248,353.91666666666663,1.4536467595493847
ergo_adaptive,wind,4249,354.0,1.4516214120851394
ergo_adaptive,wind,4250,354.08333333333337,1.4527399804749532
ergo_adaptive,wind,4251,354.16666666666663,1.4515966491998809
ergo_adaptive,wind,4252,354.25,1.4521570141993156
ergo_adaptive,wind,4253,354.33333333333337,1.45320175112598
ergo_adaptive,wind,4254,354.41666666666663,1.4581046154001087
ergo_adaptive,wind,4255,354.5,1.4600769445731294
ergo_adaptive,wind,4256,354.58333333333337,1.4605332648919367
ergo_adaptive,wind,4257,354.66666666666663,1.460105751711702
ergo_adaptive,wind,4258,354.75,1.4628194169857098
ergo_adaptive,wind,4259,354.83333333333337,1.4596412481593055
ergo_adaptive,wind,4260,354.91666666666663,1.4637520447990808
ergo_adaptive,wind,4261,355.0,1.4629464832407428
ergo_adaptive,wind,4262,355.08333333333337,1.4638505293537734
ergo_adaptive,wind,4263,355.16666666666663,1.464389500051385
ergo_adaptive,wind,4264,355.25,1.4685651509385302
ergo_adaptive,wind,4265,355.33333333333337,1.4680623410412894
ergo_adaptive,wind,4266,355.41666666666663,1.4708602151518426
ergo_adaptive,wind,4267,355.5,1.466427435627001
ergo_adaptive,wind,4268,355.58333333333337,1.465116587742027
ergo_adaptive,wind,4269,355.66666666666663,1.4709025724396019
ergo_adaptive,wind,4270,355.75,1.4784870577418787
ergo_adaptive,wind,4271,355.83333333333337,1.4797243181776432
ergo_adaptive,wind,4272,355.91666666666663,1.4749154463747876
ergo_adaptive,wind,4273,356.0,1.4783551588381256
ergo_adaptive,wind,4274,356.08333333333337,1.4781708363308868
ergo_adaptive,wind,4275,356.16666666666663,1.4803723781849494
ergo_adaptive,wind,4276,356.25,1.4790561327393617
ergo_adaptive,wind,4277,356.33333333333337,1.4800367353690256
ergo_adaptive,wind,4278,356.41666666666663,1.4836662330637276
ergo_adaptive,wind,4279,356.5,1.4931949450240996
ergo_adaptive,wind,4280,356.58333333333337,1.4946415353577722
ergo_adaptive,wind,4281,356.66666666666663,1.4952720989128707
ergo_adaptive,wind,4282,356.75,1.4959105345888113
ergo_adaptive,wind,4283,356.83333333333337,1.4931728830410602
ergo_adaptive,wind,4284,356.91666666666663,1.4879027858297382
ergo_adaptive,wind,4285,357.0,1.492137472169798
ergo_adaptive,wind,4286,357.08333333333337,1.4827145947925569
ergo_adaptive,wind,4287,357.16666666666663,1.485166625813998
ergo_adaptive,wind,4288,357.25,1.4814793794390941
ergo_adaptive,wind,4289,357.33333333333337,1.48054502699916
ergo_adaptive,wind,4290,357.41666666666663,1.4792180485892268
ergo_adaptive,wind,4291,357.5,1.476955680116105
ergo_adaptive,wind,4292,357.58333333333337,1.4814000256799797
ergo_adaptive,wind,4293,357.66666666666663,1.4869557721210522
ergo_adaptive,wind,4294,357.75,1.490752949441576
ergo_adaptive,wind,4295,357.83333333333337,1.4969051110782738
ergo_adaptive,wind,4296,357.91666666666663,1.5001574321928528
ergo_adaptive,wind,4297,358.0,1.4966963179090726
ergo_adaptive,wind,4298,358.08333333333337,1.4935960594885966
ergo_adaptive,wind,4299,358.16666666666663,1.4917592382869538
ergo_adaptive,wind,4300,358.25,1.4890907847405412
ergo_adaptive,wind,4301,358.33333333333337,1.4902309186505662
ergo_adaptive,wind,4302,358.41666666666663,1.4983023480003708
ergo_adaptive,wind,4303,358.5,1.5037809775976132
ergo_adaptive,wind,4304,358.58333333333337,1.501999221616122
ergo_adaptive,wind,4305,358.66666666666663,1.5029903706545311
ergo_adaptive,wind,4306,358.75,1.4958698988204895
ergo_adaptive,wind,4307,358.83333333333337,1.5015607244797344
ergo_adaptive,wind,4308,358.91666666666663,1.5054022248025318
ergo_adaptive,wind,4309,359.0,1.50154812455582
ergo_adaptive,wind,4310,359.08333333333337,1.5036598061934214
ergo_adaptive,wind,4311,359.16666666666663,1.4943743458106122
ergo_adaptive,wind,4312,359.25,1.5004703246559998
ergo_adaptive,wind,4313,359.33333333333337,1.5075642721875613
ergo_adaptive,wind,4314,359.41666666666663,1.509420107009536
ergo_adaptive,wind,4315,359.5,1.5044395073864756
ergo_adaptive,wind,4316,359.58333333333337,1.5051889728260683
ergo_adaptive,wind,4317,359.66666666666663,1.5033158435734248
ergo_adaptive,wind,4318,359.75,1.502264728500877
ergo_adaptive,wind,4319,359.83333333333337,1.5099125421197859
ergo_adaptive,wind,4320,359.91666666666663,1.5152249937998443
ergo_adaptive,wind,4321,360.0,1.5159395614291293
ergo_adaptive,estimated,1,0.0,0.5482123617960044
ergo_adaptive,estimated,2,0.08333333333337123,0.5579134416832501
ergo_adaptive,estimated,3,0.16666666666662877,0.5604675262289702
ergo_adaptive,estimated,4,0.25,0.5618784714191497
ergo_adaptive,estimated,5,0.33333333333337123,0.5628921413509295
ergo_adaptive,estimated,6,0.41666666666662877,0.563718410202915
ergo_adaptive,estimated,7,0.5,0.5644340254700617
ergo_adaptive,estimated,8,0.5833333333333712,0.565045026509991
ergo_adaptive,estimated,9,0.6666666666666288,0.5655699473969814
ergo_adaptive,estimated,10,0.75,0.5660391563193514
ergo_adaptive,estimated,11,0.8333333333333712,0.5664570044472167
ergo_adaptive,estimated,12,0.9166666666666288,0.5668172006751278
ergo_adaptive,estimated,13,1.0,0.5671502648470254
ergo_adaptive,estimated,14,1.0833333333333712,0.5674483181535461
ergo_adaptive,estimated,15,1.1666666666666288,0.567727054406933
ergo_adaptive,estimated,16,1.25,0.5680596813260935
ergo_adaptive,estimated,17,1.3333333333333712,0.5684687584512809
ergo_adaptive,estimated,18,1.4166666666666288,0.568959245237287
ergo_adaptive,estimated,19,1.5,0.5694755725161763
ergo_adaptive,estimated,20,1.5833333333333712,0.5699772308574985
ergo_adaptive,estimated,21,1.6666666666666288,0.5704587422703944
ergo_adaptive,estimated,22,1.75,0.5709265980252607
ergo_adaptive,estimated,23,1.8333333333333712,0.5713714199324909
ergo_adaptive,estimated,24,1.9166666666666288,0.5718003180315608
ergo_adaptive,estimated,25,2.0,0.5721956253125923
ergo_adaptive,estimated,26,2.0833333333333712,0.5725962489574798
ergo_adaptive,estimated,27,2.1666666666666288,0.5730466668993277
ergo_adaptive,estimated,28,2.25,0.5735503334614535
ergo_adaptive,estimated,29,2.3333333333333712,0.5740675058291068
ergo_adaptive,estimated,30,2.4166666666666288,0.5745656489733096
ergo_adaptive,estimated,31,2.5,0.5750388528400656
ergo_adaptive,estimated,32,2.5833333333333712,0.575525591608155
ergo_adaptive,estimated,33,2.6666666666666288,0.5760236167340089
ergo_adaptive,estimated,34,2.75,0.5765345228267813
ergo_adaptive,estimated,35,2.8333333333333712,0.5770569996195758
ergo_adaptive,estimated,36,2.9166666666666288,0.577587321097655
ergo_adaptive,estimated,37,3.0,0.5780763544989704
ergo_adaptive,estimated,38,3.0833333333333712,0.5784762018929084
ergo_adaptive,estimated,39,3.1666666666666288,0.5788425222619719
ergo_adaptive,estimated,40,3.25,0.5792331001369738
ergo_adaptive,estimated,41,3.3333333333333712,0.5797863355020338
ergo_adaptive,estimated,42,3.4166666666666288,0.5804469748763799
ergo_adaptive,estimated,43,3.5,0.5810901958818602
ergo_adaptive,estimated,44,3.5833333333333712,0.581732878263094
ergo_adaptive,estimated,45,3.6666666666666288,0.5822402192056132
ergo_adaptive,estimated,46,3.75,0.5826959284832425
ergo_adaptive,estimated,47,3.8333333333333712,0.5831201165647141
ergo_adaptive,estimated,48,3.9166666666666288,0.5836445619751487
ergo_adaptive,estimated,49,4.0,0.5841380699750831
ergo_adaptive,estimated,50,4.083333333333371,0.5847058328862541
ergo_adaptive,estimated,51,4.166666666666629,0.5851585819656413
ergo_adaptive,estimated,52,4.25,0.5856643482527871
ergo_adaptive,estimated,53,4.333333333333371,0.586242712729203
ergo_adaptive,estimated,54,4.416666666666629,0.5867961689198853
ergo_adaptive,estimated,55,4.5,0.5873616900044545
ergo_adaptive,estimated,56,4.583333333333371,0.5879523987304547
ergo_adaptive,estimated,57,4.666666666666629,0.5882811998870583
ergo_adaptive,estimated,58,4.75,0.5889494752296539
ergo_adaptive,estimated,59,4.833333333333371,0.5894626998909456
ergo_adaptive,estimated,60,4.916666666666629,0.5901460752569853
ergo_adaptive,estimated,61,5.0,0.590681809965473
ergo_adaptive,estimated,62,5.083333333333371,0.5910846987161036
ergo_adaptive,estimated,63,5.166666666666629,0.5916236060331653
ergo_adaptive,estimated,64,5.25,0.5921664299220334
ergo_adaptive,estimated,65,5.333333333333371,0.5928695434401494
ergo_adaptive,estimated,66,5.416666666666629,0.593217793746425
ergo_adaptive,estimated,67,5.5,0.5937671541028929
ergo_adaptive,estimated,68,5.583333333333371,0.59450435638599
ergo_adaptive,estimated,69,5.666666666666629,0.5950738784486064
ergo_adaptive,estimated,70,5.75,0.5955018603883863
ergo_adaptive,estimated,71,5.833333333333371,0.5961613738627187
ergo_adaptive,estimated,72,5.916666666666629,0.5967537501885387
ergo_adaptive,estimated,73,6.0,0.5973378040495524
ergo_adaptive,estimated,74,6.083333333333371,0.5978641000876977
ergo_adaptive,estimated,75,6.166666666666629,0.5982572524275819
ergo_adaptive,estimated,76,6.25,0.5985529880484981
ergo_adaptive,estimated,77,6.333333333333371,0.5989837610827623
ergo_adaptive,estimated,78,6.416666666666629,0.5995116021899323
ergo_adaptive,estimated,79,6.5,0.6000409439148163
ergo_adaptive,estimated,80,6.583333333333371,0.6004938898454768
ergo_adaptive,estimated,81,6.666666666666629,0.6009538689715005
ergo_adaptive,estimated,82,6.75,0.6014785098485889
ergo_adaptive,estimated,83,6.833333333333371,0.6019671737801742
ergo_adaptive,estimated,84,6.916666666666629,0.6023996287116117
ergo_adaptive,estimated,85,7.0,0.6027562572890609
ergo_adaptive,estimated,86,7.083333333333371,0.6030770682967468
ergo_adaptive,estimated,87,7.166666666666629,0.6034151506283912
ergo_adaptive,estimated,88,7.25,0.6037443247385252
ergo_adaptive,estimated,89,7.333333333333371,0.6040338972862022
ergo_adaptive,estimated,90,7.416666666666629,0.6043478926977035
ergo_adaptive,estimated,91,7.5,0.6046549255426514
ergo_adaptive,estimated,92,7.583333333333371,0.6049056097012234
ergo_adaptive,estimated,93,7.666666666666629,0.6051358793338821
ergo_adaptive,estimated,94,7.75,0.6053869774390422
ergo_adaptive,estimated,95,7.833333333333371,0.605639776145388
ergo_adaptive,estimated,96,7.916666666666629,0.6058458735989
ergo_adaptive,estimated,97,8.0,0.6059945705075979
ergo_adaptive,estimated,98,8.083333333333371,0.6060642949447793
ergo_adaptive,estimated,99,8.166666666666629,0.6060429312934614
ergo_adaptive,estimated,100,8.25,0.6059216854260759
ergo_adaptive,estimated,101,8.333333333333371,0.6057240015323972
ergo_adaptive,estimated,102,8.416666666666629,0.6054708397952632
ergo_adaptive,estimated,103,8.5,0.6051893728491262
ergo_adaptive,estimated,104,8.583333333333371,0.6048826914102152
ergo_adaptive,estimated,105,8.666666666666629,0.6045777007452783
ergo_adaptive,estimated,106,8.75,0.6042851602631446
ergo_adaptive,estimated,107,8.833333333333371,0.6041163651138068
ergo_adaptive,estimated,108,8.916666666666629,0.6040459644846128
ergo_adaptive,estimated,109,9.0,0.6039874579550455
ergo_adaptive,estimated,110,9.083333333333371,0.6038818893325514
ergo_adaptive,estimated,111,9.166666666666629,0.6038626416474232
ergo_adaptive,estimated,112,9.25,0.60390748121596
ergo_adaptive,estimated,113,9.333333333333371,0.6039241072677772
ergo_adaptive,estimated,114,9.416666666666629,0.6038676798809747
ergo_adaptive,estimated,115,9.5,0.603816272121755
ergo_adaptive,estimated,116,9.583333333333371,0.6038476769390162
ergo_adaptive,estimated,117,9.666666666666629,0.603869390996066
ergo_adaptive,estimated,118,9.75,0.6038508221130771
ergo_adaptive,estimated,119,9.833333333333371,0.6038532082490677
ergo_adaptive,estimated,120,9.916666666666629,0.6038951950272993
ergo_adaptive,estimated,121,10.0,0.6038852544873935
ergo_adaptive,estimated,122,10.083333333333371,0.6038221183402587
ergo_adaptive,estimated,123,10.166666666666629,0.6036640292525165
ergo_adaptive,estimated,124,10.25,0.603594787981446
ergo_adaptive,estimated,125,10.333333333333371,0.6031748489536917
ergo_adaptive,estimated,126,10.416666666666629,0.6034026126676176
ergo_adaptive,estimated,127,10.5,0.6033653496851407
ergo_adaptive,estimated,128,10.583333333333371,0.6030015821267338
ergo_adaptive,estimated,129,10.666666666666629,0.6025957496998242
ergo_adaptive,estimated,130,10.75,0.6026981916722534
ergo_adaptive,estimated,131,10.833333333333371,0.6028839351864289
ergo_adaptive,estimated,132,10.916666666666629,0.602249885323958
ergo_adaptive,estimated,133,11.0,0.6022368252374373
ergo_adaptive,estimated,134,11.083333333333371,0.6024891906295906
ergo_adaptive,estimated,135,11.166666666666629,0.602177596097875
ergo_adaptive,estimated,136,11.25,0.6021701000599847
ergo_adaptive,estimated,137,11.333333333333371,0.6023563701688651
ergo_adaptive,estimated,138,11.416666666666629,0.6025440279945757
ergo_adaptive,estimated,139,11.5,0.6023470590268744
ergo_adaptive,estimated,140,11.583333333333371,0.6024649990540559
ergo_adaptive,estimated,141,11.666666666666629,0.6020546652914016
ergo_adaptive,estimated,142,11.75,0.6014927410554947
ergo_adaptive,estimated,143,11.833333333333371,0.6013900391875558
ergo_adaptive,estimated,144,11.916666666666629,0.601339240911019
ergo_adaptive,estimated,145,12.0,0.6008576928656361
ergo_adaptive,estimated,146,12.083333333333371,0.6018661757007059
ergo_adaptive,estimated,147,12.166666666666629,0.6016507965355963
ergo_adaptive,estimated,148,12.25,0.6019046033865156
ergo_adaptive,estimated,149,12.333333333333371,0.6019327092344766
ergo_adaptive,estimated,150,12.416666666666629,0.6019301687528698
ergo_adaptive,estimated,151,12.5,0.601757517822026
ergo_adaptive,estimated,152,12.583333333333371,0.6028848264866477
ergo_adaptive,estimated,153,12.666666666666629,0.6041056622523728
ergo_adaptive,estimated,154,12.75,0.6044674823845154
ergo_adaptive,estimated,155,12.833333333333371,0.6044925866089029
ergo_adaptive,estimated,156,12.916666666666629,0.6049945924672262
ergo_adaptive,estimated,157,13.0,0.6052713252075327
ergo_adaptive,estimated,158,13.083333333333371,0.6053446732217731
ergo_adaptive,estimated,159,13.166666666666629,0.6058754641035387
ergo_adaptive,estimated,160,13.25,0.606560327416703
ergo_adaptive,estimated,161,13.333333333333371,0.6067537469955012
ergo_adaptive,estimated,162,13.416666666666629,0.6071213713529637
ergo_adaptive,estimated,163,13.5,0.6074610953705828
ergo_adaptive,estimated,164,13.583333333333371,0.6077544637423382
ergo_adaptive,estimated,165,13.666666666666629,0.608315023718364
ergo_adaptive,estimated,166,13.75,0.6084634661098282
ergo_adaptive,estimated,167,13.833333333333371,0.6085725217778047
ergo_adaptive,estimated,168,13.916666666666629,0.6088035015264095
ergo_adaptive,estimated,169,14.0,0.609046153364564
ergo_adaptive,estimated,170,14.083333333333371,0.6094021610121771
ergo_adaptive,estimated,171,14.166666666666629,0.6099329130773694
ergo_adaptive,estimated,172,14.25,0.610027820545401
ergo_adaptive,estimated,173,14.333333333333371,0.6102582846118276
ergo_adaptive,estimated,174,14.416666666666629,0.6105407037158351
ergo_adaptive,estimated,175,14.5,0.6107856453937205
ergo_adaptive,estimated,176,14.583333333333371,0.61117141980695
ergo_adaptive,estimated,177,14.666666666666629,0.611464155116564
ergo_adaptive,estimated,178,14.75,0.6116617306146189
ergo_adaptive,estimated,179,14.833333333333371,0.6117845361870398
ergo_adaptive,estimated,180,14.916666666666629,0.6121579651574186
ergo_adaptive,estimated,181,15.0,0.6125291071870962
ergo_adaptive,estimated,182,15.083333333333371,0.6129129358276555
ergo_adaptive,estimated,183,15.166666666666629,0.6132414201136992
ergo_adaptive,estimated,184,15.25,0.6136518271272434
ergo_adaptive,estimated,185,15.333333333333371,0.6139905024791898
ergo_adaptive,estimated,186,15.416666666666629,0.6144501567680265
ergo_adaptive,estimated,187,15.5,0.6147845413350417
ergo_adaptive,estimated,188,15.583333333333371,0.6150425882458445
ergo_adaptive,estimated,189,15.666666666666629,0.6154561938311114
ergo_adaptive,estimated,190,15.75,0.6158843518732933
ergo_adaptive,estimated,191,15.833333333333371,0.6161714874575386
ergo_adaptive,estimated,192,15.916666666666629,0.6166372118272097
ergo_adaptive,estimated,193,16.0,0.6168947553891667
ergo_adaptive,estimated,194,16.08333333333337,0.617152712930943
ergo_adaptive,estimated,195,16.16666666666663,0.61736411576097
ergo_adaptive,estimated,196,16.25,0.6176660834984241
ergo_adaptive,estimated,197,16.33333333333337,0.6178792212530532
ergo_adaptive,estimated,198,16.41666666666663,0.6180613480129501
ergo_adaptive,estimated,199,16.5,0.6178342549728257
ergo_adaptive,estimated,200,16.58333333333337,0.6179853294173534
ergo_adaptive,estimated,201,16.66666666666663,0.6179102761382128
ergo_adaptive,estimated,202,16.75,0.6172191461490414
ergo_adaptive,estimated,203,16.83333333333337,0.6173359428841967
ergo_adaptive,estimated,204,16.91666666666663,0.6175398982644702
ergo_adaptive,estimated,205,17.0,0.6164076671281236
ergo_adaptive,estimated,206,17.08333333333337,0.6149462687660886
ergo_adaptive,estimated,207,17.16666666666663,0.6150883241061069
ergo_adaptive,estimated,208,17.25,0.6108992597273734
ergo_adaptive,estimated,209,17.33333333333337,0.6072799010495966
ergo_adaptive,estimated,210,17.41666666666663,0.6047170530913439
ergo_adaptive,estimated,211,17.5,0.5995084528818948
ergo_adaptive,estimated,212,17.58333333333337,0.5963417543217806
ergo_adaptive,estimated,213,17.66666666666663,0.5970021094530193
ergo_adaptive,estimated,214,17.75,0.5938801914238616
ergo_adaptive,estimated,215,17.83333333333337,0.5924465898461153
ergo_adaptive,estimated,216,17.91666666666663,0.5889269777524085
ergo_adaptive,estimated,217,18.0,0.5835030217109581
ergo_adaptive,estimated,218,18.08333333333337,0.585771667169323
ergo_adaptive,estimated,219,18.16666666666663,0.5864950102365466
ergo_adaptive,estimated,220,18.25,0.5848998947269282
ergo_adaptive,estimated,221,18.33333333333337,0.5847724755559603
ergo_adaptive,estimated,222,18.41666666666663,0.5876103248366843
ergo_adaptive,estimated,223,18.5,0.5858127396794204
ergo_adaptive,estimated,224,18.58333333333337,0.5813415777251802
ergo_adaptive,estimated,225,18.66666666666663,0.5798589486770735
ergo_adaptive,estimated,226,18.75,0.5927787056922368
ergo_adaptive,estimated,227,18.83333333333337,0.5944034871897516
ergo_adaptive,estimated,228,18.91666666666663,0.5945540293797982
ergo_adaptive,estimated,229,19.0,0.5932777816152718
ergo_adaptive,estimated,230,19.08333333333337,0.6015107071684918
ergo_adaptive,estimated,231,19.16666666666663,0.6041847880944791
ergo_adaptive,estimated,232,19.25,0.6051003367083099
ergo_adaptive,estimated,233,19.33333333333337,0.6042927897753138
ergo_adaptive,estimated,234,19.41666666666663,0.608239915837573
ergo_adaptive,estimated,235,19.5,0.6090362672070871
ergo_adaptive,estimated,236,19.58333333333337,0.6102895063892317
ergo_adaptive,estimated,237,19.66666666666663,0.6116036811364955
ergo_adaptive,estimated,238,19.75,0.6120677994603114
ergo_adaptive,estimated,239,19.83333333333337,0.6127276368614485
ergo_adaptive,estimated,240,19.91666666666663,0.6135373929248499
ergo_adaptive,estimated,241,20.0,0.6136865222111985
ergo_adaptive,estimated,242,20.08333333333337,0.6149477093570785
ergo_adaptive,estimated,243,20.16666666666663,0.6148224146604023
ergo_adaptive,estimated,244,20.25,0.6149263155909627
ergo_adaptive,estimated,245,20.33333333333337,0.6148993692052739
ergo_adaptive,estimated,246,20.41666666666663,0.6147013433005994
ergo_adaptive,estimated,247,20.5,0.6157423199244999
ergo_adaptive,estimated,248,20.58333333333337,0.6162103739484232
ergo_adaptive,estimated,249,20.66666666666663,0.6162947008286095
ergo_adaptive,estimated,250,20.75,0.6163201563582418
ergo_adaptive,estimated,251,20.83333333333337,0.6164410376132073
ergo_adaptive,estimated,252,20.91666666666663,0.6166643023504013
ergo_adaptive,estimated,253,21.0,0.6167422055506168
ergo_adaptive,estimated,254,21.08333333333337,0.6164660196284506
ergo_adaptive,estimated,255,21.16666666666663,0.6168969743164116
ergo_adaptive,estimated,256,21.25,0.6169987101408386
ergo_adaptive,estimated,257,21.33333333333337,0.6174993754872279
ergo_adaptive,estimated,258,21.41666666666663,0.6172598741108573
ergo_adaptive,estimated,259,21.5,0.6174457686015205
ergo_adaptive,estimated,260,21.58333333333337,0.6178199619666985
ergo_adaptive,estimated,261,21.66666666666663,0.6176845856566833
ergo_adaptive,estimated,262,21.75,0.6178191320004351
ergo_adaptive,estimated,263,21.83333333333337,0.6184719208548783
ergo_adaptive,estimated,264,21.91666666666663,0.6178937987043517
ergo_adaptive,estimated,265,22.0,0.6184100879025356
ergo_adaptive,estimated,266,22.08333333333337,0.6185020278761226
ergo_adaptive,estimated,267,22.16666666666663,0.6193760539606216
ergo_adaptive,estimated,268,22.25,0.6192174348795866
ergo_adaptive,estimated,269,22.33333333333337,0.6194960637238462
ergo_adaptive,estimated,270,22.41666666666663,0.6194096699602444
ergo_adaptive,estimated,271,22.5,0.6197077196771886
ergo_adaptive,estimated,272,22.58333333333337,0.6196505011331926
ergo_adaptive,estimated,273,22.66666666666663,0.6198878481073082
ergo_adaptive,estimated,274,22.75,0.6204481235663097
ergo_adaptive,estimated,275,22.83333333333337,0.6211160343578471
ergo_adaptive,estimated,276,22.91666666666663,0.6210398970570492
ergo_adaptive,estimated,277,23.0,0.621222720603756
ergo_adaptive,estimated,278,23.08333333333337,0.6213086346153993
ergo_adaptive,estimated,279,23.16666666666663,0.6221993692286761
ergo_adaptive,estimated,280,23.25,0.6227431981057093
ergo_adaptive,estimated,281,23.33333333333337,0.6230074636542822
ergo_adaptive,estimated,282,23.41666666666663,0.6236620813625259
ergo_adaptive,estimated,283,23.5,0.6243414673249564
ergo_adaptive,estimated,284,23.58333333333337,0.6243144143704319
ergo_adaptive,estimated,285,23.66666666666663,0.624607733807234
ergo_adaptive,estimated,286,23.75,0.624926416295201
ergo_adaptive,estimated,287,23.83333333333337,0.6251595951549126
ergo_adaptive,estimated,288,23.91666666666663,0.6254859078273906
ergo_adaptive,estimated,289,24.0,0.6259083093054177
ergo_adaptive,estimated,290,24.08333333333337,0.6260154344834244
ergo_adaptive,estimated,291,24.16666666666663,0.6265092312103581
ergo_adaptive,estimated,292,24.25,0.6267160529603548
ergo_adaptive,estimated,293,24.33333333333337,0.6268642574283156
ergo_adaptive,estimated,294,24.41666666666663,0.6271697921005039
ergo_adaptive,estimated,295,24.5,0.6274376998973795
ergo_adaptive,estimated,296,24.58333333333337,0.6279390355333191
ergo_adaptive,estimated,297,24.66666666666663,0.6283615735151006
ergo_adaptive,estimated,298,24.75,0.6285994486382188
ergo_adaptive,estimated,299,24.83333333333337,0.6287321148306387
ergo_adaptive,estimated,300,24.91666666666663,0.629150016143724
ergo_adaptive,estimated,301,25.0,0.6296244733632916
ergo_adaptive,estimated,302,25.08333333333337,0.6298565131543059
ergo_adaptive,estimated,303,25.16666666666663,0.6301830091322174
ergo_adaptive,estimated,304,25.25,0.6301788486954065
ergo_adaptive,estimated,305,25.33333333333337,0.6305408886298176
ergo_adaptive,estimated,306,25.41666666666663,0.6308164860567312
ergo_adaptive,estimated,307,25.5,0.6308697608329619
ergo_adaptive,estimated,308,25.58333333333337,0.6311016385728028
ergo_adaptive,estimated,309,25.66666666666663,0.6315617500373893
ergo_adaptive,estimated,310,25.75,0.6319199411702815
ergo_adaptive,estimated,311,25.83333333333337,0.6321437188633727
ergo_adaptive,estimated,312,25.91666666666663,0.6321562027410847
ergo_adaptive,estimated,313,26.0,0.6322033263020302
ergo_adaptive,estimated,314,26.08333333333337,0.6325015034742687
ergo_adaptive,estimated,315,26.16666666666663,0.6328927973530836
ergo_adaptive,estimated,316,26.25,0.6329803180384115
ergo_adaptive,estimated,317,26.33333333333337,0.633210938535852
ergo_adaptive,estimated,318,26.41666666666663,0.6336318171306409
ergo_adaptive,estimated,319,26.5,0.6337557025713798
ergo_adaptive,estimated,320,26.58333333333337,0.6338702375068322
ergo_adaptive,estimated,321,26.66666666666663,0.6340751634599937
ergo_adaptive,estimated,322,26.75,0.6342469733992789
ergo_adaptive,estimated,323,26.83333333333337,0.6344817924440039
ergo_adaptive,estimated,324,26.91666666666663,0.6347299218093729
ergo_adaptive,estimated,325,27.0,0.6348834394560594
ergo_adaptive,estimated,326,27.08333333333337,0.6351143956484623
ergo_adaptive,estimated,327,27.16666666666663,0.6353078114748946
ergo_adaptive,estimated,328,27.25,0.6352735349961005
ergo_adaptive,estimated,329,27.33333333333337,0.6353841395309159
ergo_adaptive,estimated,330,27.41666666666663,0.6355062170154226
ergo_adaptive,estimated,331,27.5,0.6356595209054301
ergo_adaptive,estimated,332,27.58333333333337,0.6355799722632548
ergo_adaptive,estimated,333,27.66666666666663,0.6355885919873634
ergo_adaptive,estimated,334,27.75,0.6356477622389044
ergo_adaptive,estimated,335,27.83333333333337,0.6358984449132481
ergo_adaptive,estimated,336,27.91666666666663,0.6358748987370021
ergo_adaptive,estimated,337,28.0,0.6359803131686261
ergo_adaptive,estimated,338,28.08333333333337,0.6361365206806879
ergo_adaptive,estimated,339,28.16666666666663,0.6358891641121578
ergo_adaptive,estimated,340,28.25,0.6360050478058266
ergo_adaptive,estimated,341,28.33333333333337,0.6362201521009834
ergo_adaptive,estimated,342,28.41666666666663,0.6356492598458332
ergo_adaptive,estimated,343,28.5,0.635631427506906
ergo_adaptive,estimated,344,28.58333333333337,0.6351406373268736
ergo_adaptive,estimated,345,28.66666666666663,0.6341521886296054
ergo_adaptive,estimated,346,28.75,0.6321662348857896
ergo_adaptive,estimated,347,28.83333333333337,0.6314871566275768
ergo_adaptive,estimated,348,28.91666666666663,0.6286918998360831
ergo_adaptive,estimated,349,29.0,0.6248398350365943
ergo_adaptive,estimated,350,29.08333333333337,0.6237226683914527
ergo_adaptive,estimated,351,29.16666666666663,0.6239691078349313
ergo_adaptive,estimated,352,29.25,0.6165572786816841
ergo_adaptive,estimated,353,29.33333333333337,0.614617452508167
ergo_adaptive,estimated,354,29.41666666666663,0.6164268706942997
ergo_adaptive,estimated,355,29.5,0.6144525458899638
ergo_adaptive,estimated,356,29.58333333333337,0.6114941277757032
ergo_adaptive,estimated,357,29.66666666666663,0.6128265786866969
ergo_adaptive,estimated,358,29.75,0.6102615324342905
ergo_adaptive,estimated,359,29.83333333333337,0.6071254168065006
ergo_adaptive,estimated,360,29.91666666666663,0.6067505863769199
ergo_adaptive,estimated,361,30.0,0.6090491544503098
ergo_adaptive,estimated,362,30.08333333333337,0.6061163745481423
ergo_adaptive,estimated,363,30.16666666666663,0.6027464878614659
ergo_adaptive,estimated,364,30.25,0.604587536507308
ergo_adaptive,estimated,365,30.33333333333337,0.604442520315804
ergo_adaptive,estimated,366,30.41666666666663,0.606242773870854
ergo_adaptive,estimated,367,30.5,0.6044907013653008
ergo_adaptive,estimated,368,30.58333333333337,0.6076064916917117
ergo_adaptive,estimated,369,30.66666666666663,0.6095553386537734
ergo_adaptive,estimated,370,30.75,0.6081853866448657
ergo_adaptive,estimated,371,30.83333333333337,0.6125383050735947
ergo_adaptive,estimated,372,30.91666666666663,0.6152668951831052
ergo_adaptive,estimated,373,31.0,0.6181487002884016
ergo_adaptive,estimated,374,31.08333333333337,0.6213833270008431
ergo_adaptive,estimated,375,31.16666666666663,0.6221454724913013
ergo_adaptive,estimated,376,31.25,0.6213465652146107
ergo_adaptive,estimated,377,31.33333333333337,0.6205280161739329
ergo_adaptive,estimated,378,31.41666666666663,0.6217670422985988
ergo_adaptive,estimated,379,31.5,0.6239869860345568
ergo_adaptive,estimated,380,31.58333333333337,0.624340809270663
ergo_adaptive,estimated,381,31.66666666666663,0.6264616617786872
ergo_adaptive,estimated,382,31.75,0.6265214965532357
ergo_adaptive,estimated,383,31.83333333333337,0.6273643815726583
ergo_adaptive,estimated,384,31.91666666666663,0.6283977060702655
ergo_adaptive,estimated,385,32.0,0.6286111830380391
ergo_adaptive,estimated,386,32.08333333333337,0.6289300927869244
ergo_adaptive,estimated,387,32.16666666666663,0.6296222572662302
ergo_adaptive,estimated,388,32.25,0.6305888316413913
ergo_adaptive,estimated,389,32.33333333333337,0.6310304387050837
ergo_adaptive,estimated,390,32.41666666666663,0.6311777000824501
ergo_adaptive,estimated,391,32.5,0.6306400848655496
ergo_adaptive,estimated,392,32.58333333333337,0.6311365793828161
ergo_adaptive,estimated,393,32.66666666666663,0.6312901056465988
ergo_adaptive,estimated,394,32.75,0.6314740112577164
ergo_adaptive,estimated,395,32.83333333333337,0.632359780363258
ergo_adaptive,estimated,396,32.91666666666663,0.6327614069958774
ergo_adaptive,estimated,397,33.0,0.6326880039056161
ergo_adaptive,estimated,398,33.08333333333337,0.6329917163096391
ergo_adaptive,estimated,399,33.16666666666663,0.6330287035305568
ergo_adaptive,estimated,400,33.25,0.6336298659037425
ergo_adaptive,estimated,401,33.33333333333337,0.6334142286901479
ergo_adaptive,estimated,402,33.41666666666663,0.6338630352423873
ergo_adaptive,estimated,403,33.5,0.6340797607758848
ergo_adaptive,estimated,404,33.58333333333337,0.6343443845890203
ergo_adaptive,estimated,405,33.66666666666663,0.6342207259582866
ergo_adaptive,estimated,406,33.75,0.6344627365131844
ergo_adaptive,estimated,407,33.83333333333337,0.634468477559872
ergo_adaptive,estimated,408,33.91666666666663,0.6342694362985255
ergo_adaptive,estimated,409,34.0,0.6342269289173611
ergo_adaptive,estimated,410,34.08333333333337,0.6343381377406522
ergo_adaptive,estimated,411,34.16666666666663,0.6340629349883159
ergo_adaptive,estimated,412,34.25,0.6335046560733545
ergo_adaptive,estimated,413,34.33333333333337,0.6338261118575579
ergo_adaptive,estimated,414,34.41666666666663,0.6331357660172124
ergo_adaptive,estimated,415,34.5,0.6331182955133391
ergo_adaptive,estimated,416,34.58333333333337,0.6326536458789963
ergo_adaptive,estimated,417,34.66666666666663,0.6318706269687528
ergo_adaptive,estimated,418,34.75,0.6318214666685824
ergo_adaptive,estimated,419,34.83333333333337,0.6317165026158327
ergo_adaptive,estimated,420,34.91666666666663,0.6312481253499197
ergo_adaptive,estimated,421,35.0,0.6297808995314437
ergo_adaptive,estimated,422,35.08333333333337,0.6291370634924965
ergo_adaptive,estimated,423,35.16666666666663,0.6284921374658671
ergo_adaptive,estimated,424,35.25,0.6284827951414734
ergo_adaptive,estimated,425,35.33333333333337,0.6265073590050307
ergo_adaptive,estimated,426,35.41666666666663,0.6252723682095553
ergo_adaptive,estimated,427,35.5,0.6252551739633943
ergo_adaptive,estimated,428,35.58333333333337,0.6263647874862827
ergo_adaptive,estimated,429,35.66666666666663,0.6260289529911053
ergo_adaptive,estimated,430,35.75,0.6266789456297994
ergo_adaptive,estimated,431,35.83333333333337,0.6240715053623971
ergo_adaptive,estimated,432,35.91666666666663,0.622552371128133
ergo_adaptive,estimated,433,36.0,0.6231814815664447
ergo_adaptive,estimated,434,36.08333333333337,0.6193871139189668
ergo_adaptive,estimated,435,36.16666666666663,0.6198556547141988
ergo_adaptive,estimated,436,36.25,0.6197576358430867
ergo_adaptive,estimated,437,36.33333333333337,0.619294931288518
ergo_adaptive,estimated,438,36.41666666666663,0.6177399065412943
ergo_adaptive,estimated,439,36.5,0.6182849363525414
ergo_adaptive,estimated,440,36.58333333333337,0.6146605311335898
ergo_adaptive,estimated,441,36.66666666666663,0.6159873264778647
ergo_adaptive,estimated,442,36.75,0.6172092179850903
ergo_adaptive,estimated,443,36.83333333333337,0.6187799847740513
ergo_adaptive,estimated,444,36.91666666666663,0.6173797269365587
ergo_adaptive,estimated,445,37.0,0.6193955467739753
ergo_adaptive,estimated,446,37.08333333333337,0.6133372212312371
ergo_adaptive,estimated,447,37.16666666666663,0.6135010851164459
ergo_adaptive,estimated,448,37.25,0.6142639285065038
ergo_adaptive,estimated,449,37.33333333333337,0.6171862573240722
ergo_adaptive,estimated,450,37.41666666666663,0.6180713825994685
ergo_adaptive,estimated,451,37.5,0.619594032617163
ergo_adaptive,estimated,452,37.58333333333337,0.6210286581832689
ergo_adaptive,estimated,453,37.66666666666663,0.6199896258670013
ergo_adaptive,estimated,454,37.75,0.621590458034572
ergo_adaptive,estimated,455,37.83333333333337,0.621751671542077
ergo_adaptive,estimated,456,37.91666666666663,0.6226366718184542
ergo_adaptive,estimated,457,38.0,0.6233843971128452
ergo_adaptive,estimated,458,38.08333333333337,0.6246738917481236
ergo_adaptive,estimated,459,38.16666666666663,0.6250477846604736
ergo_adaptive,estimated,460,38.25,0.6271494847668568
ergo_adaptive,estimated,461,38.33333333333337,0.6274827529774237
ergo_adaptive,estimated,462,38.41666666666663,0.6272828703124362
ergo_adaptive,estimated,463,38.5,0.6273350887716044
ergo_adaptive,estimated,464,38.58333333333337,0.6289417798725715
ergo_adaptive,estimated,465,38.66666666666663,0.6292670712675847
ergo_adaptive,estimated,466,38.75,0.6298626027261455
ergo_adaptive,estimated,467,38.83333333333337,0.6313979893405517
ergo_adaptive,estimated,468,38.91666666666663,0.6320326490860991
ergo_adaptive,estimated,469,39.0,0.6341915110854254
ergo_adaptive,estimated,470,39.08333333333337,0.633385201549526
ergo_adaptive,estimated,471,39.16666666666663,0.6327675458812255
ergo_adaptive,estimated,472,39.25,0.6327384409398292
ergo_adaptive,estimated,473,39.33333333333337,0.6328079719529649
ergo_adaptive,estimated,474,39.41666666666663,0.6345390337551617
ergo_adaptive,estimated,475,39.5,0.6346848767387503
ergo_adaptive,estimated,476,39.58333333333337,0.6357485372257423
ergo_adaptive,estimated,477,39.66666666666663,0.6357406532144841
ergo_adaptive,estimated,478,39.75,0.63613382923879
ergo_adaptive,estimated,479,39.83333333333337,0.6363476361566158
ergo_adaptive,estimated,480,39.91666666666663,0.6364382049393043
ergo_adaptive,estimated,481,40.0,0.6366432176454132
ergo_adaptive,estimated,482,40.08333333333337,0.6376484817426322
ergo_adaptive,estimated,483,40.16666666666663,0.6386778932377669
ergo_adaptive,estimated,484,40.25,0.6391376235154744
ergo_adaptive,estimated,485,40.33333333333337,0.6393153426176134
ergo_adaptive,estimated,486,40.41666666666663,0.6389638469533752
ergo_adaptive,estimated,487,40.5,0.6394066185452021
ergo_adaptive,estimated,488,40.58333333333337,0.6398632101910022
ergo_adaptive,estimated,489,40.66666666666663,0.6400501170653178
ergo_adaptive,estimated,490,40.75,0.6400390366681049
ergo_adaptive,estimated,491,40.83333333333337,0.6403576355533379
ergo_adaptive,estimated,492,40.91666666666663,0.6409145279965097
ergo_adaptive,estimated,493,41.0,0.6406984335276829
ergo_adaptive,estimated,494,41.08333333333337,0.6412300919760973
ergo_adaptive,estimated,495,41.16666666666663,0.6414744960873018
ergo_adaptive,estimated,496,41.25,0.6416059739320052
ergo_adaptive,estimated,497,41.33333333333337,0.6418615175801226
ergo_adaptive,estimated,498,41.41666666666663,0.642066201888436
ergo_adaptive,estimated,499,41.5,0.6420582940293982
ergo_adaptive,estimated,500,41.58333333333337,0.642145822921364
ergo_adaptive,estimated,501,41.66666666666663,0.6424011441347294
ergo_adaptive,estimated,502,41.75,0.6422994202774673
ergo_adaptive,estimated,503,41.83333333333337,0.6422548055290668
ergo_adaptive,estimated,504,41.91666666666663,0.6424508483116446
ergo_adaptive,estimated,505,42.0,0.64300848318975
ergo_adaptive,estimated,506,42.08333333333337,0.643046570280207
ergo_adaptive,estimated,507,42.16666666666663,0.6431232272207136
ergo_adaptive,estimated,508,42.25,0.6431250010463815
ergo_adaptive,estimated,509,42.33333333333337,0.6434020882103785
ergo_adaptive,estimated,510,42.41666666666663,0.6435732433453223
ergo_adaptive,estimated,511,42.5,0.6435636028592482
ergo_adaptive,estimated,512,42.58333333333337,0.6436655330303744
ergo_adaptive,estimated,513,42.66666666666663,0.6434910213055043
ergo_adaptive,estimated,514,42.75,0.6436616574383865
ergo_adaptive,estimated,515,42.83333333333337,0.6436015709691573
ergo_adaptive,estimated,516,42.91666666666663,0.6436244112108082
ergo_adaptive,estimated,517,43.0,0.6435292922511984
ergo_adaptive,estimated,518,43.08333333333337,0.6434903690082526
ergo_adaptive,estimated,519,43.16666666666663,0.643553690078308
ergo_adaptive,estimated,520,43.25,0.6434581445597731
ergo_adaptive,estimated,521,43.33333333333337,0.6433831205332142
ergo_adaptive,estimated,522,43.41666666666663,0.6433731863563174
ergo_adaptive,estimated,523,43.5,0.6434286637705753
ergo_adaptive,estimated,524,43.58333333333337,0.6432725271695288
ergo_adaptive,estimated,525,43.66666666666663,0.64316589608084
ergo_adaptive,estimated,526,43.75,0.6430142661232843
ergo_adaptive,estimated,527,43.83333333333337,0.6428645742476414
ergo_adaptive,estimated,528,43.91666666666663,0.6426524974202651
ergo_adaptive,estimated,529,44.0,0.6424623890699185
ergo_adaptive,estimated,530,44.08333333333337,0.6423451676204572
ergo_adaptive,estimated,531,44.16666666666663,0.642146820610777
ergo_adaptive,estimated,532,44.25,0.6417232786052127
ergo_adaptive,estimated,533,44.33333333333337,0.641372970280057
ergo_adaptive,estimated,534,44.41666666666663,0.6409832645130041
ergo_adaptive,estimated,535,44.5,0.6404904059214264
ergo_adaptive,estimated,536,44.58333333333337,0.6397061681507071
ergo_adaptive,estimated,537,44.66666666666663,0.6394870079810377
ergo_adaptive,estimated,538,44.75,0.6390102652028958
ergo_adaptive,estimated,539,44.83333333333337,0.6389124552714445
ergo_adaptive,estimated,540,44.91666666666663,0.6385693403621996
ergo_adaptive,estimated,541,45.0,0.6385966556449086
ergo_adaptive,estimated,542,45.08333333333337,0.6383071009510864
ergo_adaptive,estimated,543,45.16666666666663,0.6382796224943394
ergo_adaptive,estimated,544,45.25,0.6382670403172903
ergo_adaptive,estimated,545,45.33333333333337,0.638377246885966
ergo_adaptive,estimated,546,45.41666666666663,0.6384004435842424
ergo_adaptive,estimated,547,45.5,0.6378021205542665
ergo_adaptive,estimated,548,45.58333333333337,0.6377215370215663
ergo_adaptive,estimated,549,45.66666666666663,0.6373790368943095
ergo_adaptive,estimated,550,45.75,0.6373448394557912
ergo_adaptive,estimated,551,45.83333333333337,0.6372797715324559
ergo_adaptive,estimated,552,45.91666666666663,0.6373300575502925
ergo_adaptive,estimated,553,46.0,0.6369229216954534
ergo_adaptive,estimated,554,46.08333333333337,0.6371473588241714
ergo_adaptive,estimated,555,46.16666666666663,0.6369154858926747
ergo_adaptive,estimated,556,46.25,0.6366860909146943
ergo_adaptive,estimated,557,46.33333333333337,0.6367586032490461
ergo_adaptive,estimated,558,46.41666666666663,0.6368549287045912
ergo_adaptive,estimated,559,46.5,0.6371929026322958
ergo_adaptive,estimated,560,46.58333333333337,0.6377693237517279
ergo_adaptive,estimated,561,46.66666666666663,0.6376950156608285
ergo_adaptive,estimated,562,46.75,0.6380080467476326
ergo_adaptive,estimated,563,46.83333333333337,0.6377102235237873
ergo_adaptive,estimated,564,46.91666666666663,0.637364196293683
ergo_adaptive,estimated,565,47.0,0.6377471264519549
ergo_adaptive,estimated,566,47.08333333333337,0.6370638832357576
ergo_adaptive,estimated,567,47.16666666666663,0.6372173370807496
ergo_adaptive,estimated,568,47.25,0.6369884405534371
ergo_adaptive,estimated,569,47.33333333333337,0.6367708225983475
ergo_adaptive,estimated,570,47.41666666666663,0.6366033697435716
ergo_adaptive,estimated,571,47.5,0.6365590325430395
ergo_adaptive,estimated,572,47.58333333333337,0.6364525155896619
ergo_adaptive,estimated,573,47.66666666666663,0.6359479110970372
ergo_adaptive,estimated,574,47.75,0.6361436364951615
ergo_adaptive,estimated,575,47.83333333333337,0.6361316255494768
ergo_adaptive,estimated,576,47.91666666666663,0.6358931252271557
ergo_adaptive,estimated,577,48.0,0.6354299434734418
ergo_adaptive,estimated,578,48.08333333333337,0.6354754675110184
ergo_adaptive,estimated,579,48.16666666666663,0.6357696058949918
ergo_adaptive,estimated,580,48.25,0.6356877172494271
ergo_adaptive,estimated,581,48.33333333333337,0.6351387767760921
ergo_adaptive,estimated,582,48.41666666666663,0.634365354543089
ergo_adaptive,estimated,583,48.5,0.6343962208967859
ergo_adaptive,estimated,584,48.58333333333337,0.6340637774913094
ergo_adaptive,estimated,585,48.66666666666663,0.6344297594072547
ergo_adaptive,estimated,586,48.75,0.6348078717772083
ergo_adaptive,estimated,587,48.83333333333337,0.6341218348126079
ergo_adaptive,estimated,588,48.91666666666663,0.633761455378809
ergo_adaptive,estimated,589,49.0,0.6338828799085976
ergo_adaptive,estimated,590,49.08333333333337,0.6339051107624688
ergo_adaptive,estimated,591,49.16666666666663,0.6338363983184584
ergo_adaptive,estimated,592,49.25,0.6342876649869962
ergo_adaptive,estimated,593,49.33333333333337,0.6336784687669745
ergo_adaptive,estimated,594,49.41666666666663,0.633450205328689
ergo_adaptive,estimated,595,49.5,0.633013649099835
ergo_adaptive,estimated,596,49.58333333333337,0.6336548223516948
ergo_adaptive,estimated,597,49.66666666666663,0.6336999136390844
ergo_adaptive,estimated,598,49.75,0.6336819058035738
ergo_adaptive,estimated,599,49.83333333333337,0.6326420410172695
ergo_adaptive,estimated,600,49.91666666666663,0.6324136892305366
ergo_adaptive,estimated,601,50.0,0.6318870909087332
ergo_adaptive,estimated,602,50.08333333333337,0.6321765643676216
ergo_adaptive,estimated,603,50.16666666666663,0.6313404219142972
ergo_adaptive,estimated,604,50.25,0.6320154179516742
ergo_adaptive,estimated,605,50.33333333333337,0.6325158226741285
ergo_adaptive,estimated,606,50.41666666666663,0.6324978670413062
ergo_adaptive,estimated,607,50.5,0.6333814386667074
ergo_adaptive,estimated,608,50.58333333333337,0.6327105359096804
ergo_adaptive,estimated,609,50.66666666666663,0.631393329681294
ergo_adaptive,estimated,610,50.75,0.6312707171870146
ergo_adaptive,estimated,611,50.83333333333337,0.630483108863118
ergo_adaptive,estimated,612,50.91666666666663,0.6297843380388793
ergo_adaptive,estimated,613,51.0,0.630239599145885
ergo_adaptive,estimated,614,51.08333333333337,0.6277341592473209
ergo_adaptive,estimated,615,51.16666666666663,0.6299260627052177
ergo_adaptive,estimated,616,51.25,0.6296969865809923
ergo_adaptive,estimated,617,51.33333333333337,0.6289315056574706
ergo_adaptive,estimated,618,51.41666666666663,0.6296122059992596
ergo_adaptive,estimated,619,51.5,0.6302543017795641
ergo_adaptive,estimated,620,51.58333333333337,0.6295705281866251
ergo_adaptive,estimated,621,51.66666666666663,0.6320972687386165
ergo_adaptive,estimated,622,51.75,0.6309206177052027
ergo_adaptive,estimated,623,51.83333333333337,0.6290990562714439
ergo_adaptive,estimated,624,51.91666666666663,0.6278720188154101
ergo_adaptive,estimated,625,52.0,0.6267217217290827
ergo_adaptive,estimated,626,52.08333333333337,0.6289486090742006
ergo_adaptive,estimated,627,52.16666666666663,0.6297089019324754
ergo_adaptive,estimated,628,52.25,0.6300759830466818
ergo_adaptive,estimated,629,52.33333333333337,0.627984197696208
ergo_adaptive,estimated,630,52.41666666666663,0.6237243314340892
ergo_adaptive,estimated,631,52.5,0.6221423687141133
ergo_adaptive,estimated,632,52.58333333333337,0.6238700683943658
ergo_adaptive,estimated,633,52.66666666666663,0.6237296635320061
ergo_adaptive,estimated,634,52.75,0.6269336952008994
ergo_adaptive,estimated,635,52.83333333333337,0.6271602527663146
ergo_adaptive,estimated,636,52.91666666666663,0.6273265960692909
ergo_adaptive,estimated,637,53.0,0.6277092376209752
ergo_adaptive,estimated,638,53.08333333333337,0.6264246409198342
ergo_adaptive,estimated,639,53.16666666666663,0.6260642338330417
ergo_adaptive,estimated,640,53.25,0.6264689768703671
ergo_adaptive,estimated,641,53.33333333333337,0.6261899173186971
ergo_adaptive,estimated,642,53.41666666666663,0.6261916878156172
ergo_adaptive,estimated,643,53.5,0.6273065168445567
ergo_adaptive,estimated,644,53.58333333333337,0.625414300515059
ergo_adaptive,estimated,645,53.66666666666663,0.6240631952076323
ergo_adaptive,estimated,646,53.75,0.6250999231423252
ergo_adaptive,estimated,647,53.83333333333337,0.6258155274576516
ergo_adaptive,estimated,648,53.91666666666663,0.6269104032045576
ergo_adaptive,estimated,649,54.0,0.6263094827590191
ergo_adaptive,estimated,650,54.08333333333337,0.6266879674821964
ergo_adaptive,estimated,651,54.16666666666663,0.6273160507314194
ergo_adaptive,estimated,652,54.25,0.6290144451236473
ergo_adaptive,estimated,653,54.33333333333337,0.629783064120151
ergo_adaptive,estimated,654,54.41666666666663,0.6295492445878353
ergo_adaptive,estimated,655,54.5,0.6279539050805211
ergo_adaptive,estimated,656,54.58333333333337,0.627291961491056
ergo_adaptive,estimated,657,54.66666666666663,0.628244304021051
ergo_adaptive,estimated,658,54.75,0.6282977455144114
ergo_adaptive,estimated,659,54.83333333333337,0.6296711006891749
ergo_adaptive,estimated,660,54.91666666666663,0.629800791488905
ergo_adaptive,estimated,661,55.0,0.6296567558045092
ergo_adaptive,estimated,662,55.08333333333337,0.630375815755474
ergo_adaptive,estimated,663,55.16666666666663,0.6306280206886493
ergo_adaptive,estimated,664,55.25,0.6305422452183888
ergo_adaptive,estimated,665,55.33333333333337,0.6305083295946537
ergo_adaptive,estimated,666,55.41666666666663,0.6301768095161006
ergo_adaptive,estimated,667,55.5,0.629958341694614
ergo_adaptive,estimated,668,55.58333333333337,0.6296862772180423
ergo_adaptive,estimated,669,55.66666666666663,0.6289403915257915
ergo_adaptive,estimated,670,55.75,0.6291480871245989
ergo_adaptive,estimated,671,55.83333333333337,0.6291030338941291
ergo_adaptive,estimated,672,55.91666666666663,0.6281868216489651
ergo_adaptive,estimated,673,56.0,0.6280962855793364
ergo_adaptive,estimated,674,56.08333333333337,0.6281194041406286
ergo_adaptive,estimated,675,56.16666666666663,0.6274060617575353
ergo_adaptive,estimated,676,56.25,0.6276995145550367
ergo_adaptive,estimated,677,56.33333333333337,0.6275393300700187
ergo_adaptive,estimated,678,56.41666666666663,0.6267775589298025
ergo_adaptive,estimated,679,56.5,0.6263363865646195
ergo_adaptive,estimated,680,56.58333333333337,0.6258168104672672
ergo_adaptive,estimated,681,56.66666666666663,0.6262983659368307
ergo_adaptive,estimated,682,56.75,0.6261340526188434
ergo_adaptive,estimated,683,56.83333333333337,0.6259250644971462
ergo_adaptive,estimated,684,56.91666666666663,0.624753064663111
ergo_adaptive,estimated,685,57.0,0.6254508938306877
ergo_adaptive,estimated,686,57.08333333333337,0.6248617171088189
ergo_adaptive,estimated,687,57.16666666666663,0.624373808660088
ergo_adaptive,estimated,688,57.25,0.6241623524909596
ergo_adaptive,estimated,689,57.33333333333337,0.6233751461975275
ergo_adaptive,estimated,690,57.41666666666663,0.623104708615866
ergo_adaptive,estimated,691,57.5,0.6230070080263007
ergo_adaptive,estimated,692,57.58333333333337,0.6224105909721558
ergo_adaptive,estimated,693,57.66666666666663,0.6223650435790061
ergo_adaptive,estimated,694,57.75,0.6225561535481456
ergo_adaptive,estimated,695,57.83333333333337,0.6227756349454132
ergo_adaptive,estimated,696,57.91666666666663,0.6214772812775872
ergo_adaptive,estimated,697,58.0,0.6212600119693106
ergo_adaptive,estimated,698,58.08333333333337,0.6208121992629566
ergo_adaptive,estimated,699,58.16666666666663,0.6206221575252425
ergo_adaptive,estimated,700,58.25,0.6206382321588426
ergo_adaptive,estimated,701,58.33333333333337,0.6203182409606277
ergo_adaptive,estimated,702,58.41666666666663,0.6202634970450387
ergo_adaptive,estimated,703,58.5,0.6199887886501588
ergo_adaptive,estimated,704,58.58333333333337,0.6195713708227939
ergo_adaptive,estimated,705,58.66666666666663,0.6188002331554011
ergo_adaptive,estimated,706,58.75,0.6186114891777431
ergo_adaptive,estimated,707,58.83333333333337,0.6183017137547859
ergo_adaptive,estimated,708,58.91666666666663,0.6185443122150245
ergo_adaptive,estimated,709,59.0,0.6184874239985653
ergo_adaptive,estimated,710,59.08333333333337,0.6173326671467362
ergo_adaptive,estimated,711,59.16666666666663,0.6166320612090243
ergo_adaptive,estimated,712,59.25,0.6156946071536931
ergo_adaptive,estimated,713,59.33333333333337,0.616863086580737
ergo_adaptive,estimated,714,59.41666666666663,0.6161780566671566
ergo_adaptive,estimated,715,59.5,0.6143967819766438
ergo_adaptive,estimated,716,59.58333333333337,0.6144713797088992
ergo_adaptive,estimated,717,59.66666666666663,0.6152308302852547
ergo_adaptive,estimated,718,59.75,0.6146561627573965
ergo_adaptive,estimated,719,59.83333333333337,0.6151255140145857
ergo_adaptive,estimated,720,59.91666666666663,0.6146004533877081
ergo_adaptive,estimated,721,60.0,0.6153006123426593
ergo_adaptive,estimated,722,60.08333333333337,0.6155797059968505
ergo_adaptive,estimated,723,60.16666666666663,0.6140530531312091
ergo_adaptive,estimated,724,60.25,0.6127817276297456
ergo_adaptive,estimated,725,60.33333333333337,0.6108742543227357
ergo_adaptive,estimated,726,60.41666666666663,0.6097924098082438
ergo_adaptive,estimated,727,60.5,0.6111932062312659
ergo_adaptive,estimated,728,60.58333333333337,0.611169883240377
ergo_adaptive,estimated,729,60.66666666666663,0.6092255906685272
ergo_adaptive,estimated,730,60.75,0.6075796363437648
ergo_adaptive,estimated,731,60.83333333333337,0.6072135921736616
ergo_adaptive,estimated,732,60.91666666666663,0.6045302343503641
ergo_adaptive,estimated,733,61.0,0.6043583675352886
ergo_adaptive,estimated,734,61.08333333333337,0.6029426302133541
ergo_adaptive,estimated,735,61.16666666666663,0.6014544298486312
ergo_adaptive,estimated,736,61.25,0.5982837393608679
ergo_adaptive,estimated,737,61.33333333333337,0.5988815940154286
ergo_adaptive,estimated,738,61.41666666666663,0.5996201823304786
ergo_adaptive,estimated,739,61.5,0.6009066228879726
ergo_adaptive,estimated,740,61.58333333333337,0.5990056136018854
ergo_adaptive,estimated,741,61.66666666666663,0.6001966988854914
ergo_adaptive,estimated,742,61.75,0.5990462848487771
ergo_adaptive,estimated,743,61.83333333333337,0.5979921205823857
ergo_adaptive,estimated,744,61.91666666666663,0.5996184657069765
ergo_adaptive,estimated,745,62.0,0.5977120816687864
ergo_adaptive,estimated,746,62.08333333333337,0.5974562422801071
ergo_adaptive,estimated,747,62.16666666666663,0.5987142697342488
ergo_adaptive,estimated,748,62.25,0.5985929631695386
ergo_adaptive,estimated,749,62.33333333333337,0.601530767179734
ergo_adaptive,estimated,750,62.41666666666663,0.602044851038778
ergo_adaptive,estimated,751,62.5,0.6005241307864398
ergo_adaptive,estimated,752,62.58333333333337,0.6002301553340929
ergo_adaptive,estimated,753,62.66666666666663,0.6001116750982632
ergo_adaptive,estimated,754,62.75,0.6014852412913863
ergo_adaptive,estimated,755,62.83333333333337,0.6015643926059415
ergo_adaptive,estimated,756,62.91666666666663,0.603920746637841
ergo_adaptive,estimated,757,63.0,0.606069639035019
ergo_adaptive,estimated,758,63.08333333333337,0.606146203201655
ergo_adaptive,estimated,759,63.16666666666663,0.6067774511692736
ergo_adaptive,estimated,760,63.25,0.6044228432954897
ergo_adaptive,estimated,761,63.33333333333337,0.6037615549529226
ergo_adaptive,estimated,762,63.41666666666663,0.60449919173555
ergo_adaptive,estimated,763,63.5,0.6058825424164243
ergo_adaptive,estimated,764,63.58333333333337,0.6066806984758126
ergo_adaptive,estimated,765,63.66666666666663,0.6091866996401324
ergo_adaptive,estimated,766,63.75,0.6094347628376686
ergo_adaptive,estimated,767,63.83333333333337,0.6099772633668599
ergo_adaptive,estimated,768,63.91666666666663,0.6100847121039559
ergo_adaptive,estimated,769,64.0,0.6105159536469027
ergo_adaptive,estimated,770,64.08333333333337,0.6109886873577628
ergo_adaptive,estimated,771,64.16666666666663,0.6118061541925962
ergo_adaptive,estimated,772,64.25,0.6120757785030863
ergo_adaptive,estimated,773,64.33333333333337,0.6134318080650513
ergo_adaptive,estimated,774,64.41666666666663,0.6132713611303645
ergo_adaptive,estimated,775,64.5,0.6133462062011832
ergo_adaptive,estimated,776,64.58333333333337,0.6148592244294457
ergo_adaptive,estimated,777,64.66666666666663,0.6154850510263976
ergo_adaptive,estimated,778,64.75,0.6156264297892953
ergo_adaptive,estimated,779,64.83333333333337,0.6155284726738952
ergo_adaptive,estimated,780,64.91666666666663,0.6159217054865461
ergo_adaptive,estimated,781,65.0,0.616551778026707
ergo_adaptive,estimated,782,65.08333333333337,0.6170124597397453
ergo_adaptive,estimated,783,65.16666666666663,0.6174488679547321
ergo_adaptive,estimated,784,65.25,0.6179475448018257
ergo_adaptive,estimated,785,65.33333333333337,0.6179008060461384
ergo_adaptive,estimated,786,65.41666666666663,0.6175886493115114
ergo_adaptive,estimated,787,65.5,0.6183432540557204
ergo_adaptive,estimated,788,65.58333333333337,0.6186108989360021
ergo_adaptive,estimated,789,65.66666666666663,0.6189399775208765
ergo_adaptive,estimated,790,65.75,0.6196910291038612
ergo_adaptive,estimated,791,65.83333333333337,0.6201422356305123
ergo_adaptive,estimated,792,65.91666666666663,0.6202810622227994
ergo_adaptive,estimated,793,66.0,0.6203779628278016
ergo_adaptive,estimated,794,66.08333333333337,0.6208075207699932
ergo_adaptive,estimated,795,66.16666666666663,0.6211326870255386
ergo_adaptive,estimated,796,66.25,0.6214956905942385
ergo_adaptive,estimated,797,66.33333333333337,0.6216955138282267
ergo_adaptive,estimated,798,66.41666666666663,0.621536966340023
ergo_adaptive,estimated,799,66.5,0.6219035720058164
ergo_adaptive,estimated,800,66.58333333333337,0.6214445384114389
ergo_adaptive,estimated,801,66.66666666666663,0.6218718783645979
ergo_adaptive,estimated,802,66.75,0.6220338172197089
ergo_adaptive,estimated,803,66.83333333333337,0.6227165455852164
ergo_adaptive,estimated,804,66.91666666666663,0.6229437443923361
ergo_adaptive,estimated,805,67.0,0.6228899437956945
ergo_adaptive,estimated,806,67.08333333333337,0.6237441846898868
ergo_adaptive,estimated,807,67.16666666666663,0.6238093855342931
ergo_adaptive,estimated,808,67.25,0.6236733139631113
ergo_adaptive,estimated,809,67.33333333333337,0.6234718632719587
ergo_adaptive,estimated,810,67.41666666666663,0.6232488529802598
ergo_adaptive,estimated,811,67.5,0.6231862160162164
ergo_adaptive,estimated,812,67.58333333333337,0.6233120571787207
ergo_adaptive,estimated,813,67.66666666666663,0.6225954711573228
ergo_adaptive,estimated,814,67.75,0.6221114488415883
ergo_adaptive,estimated,815,67.83333333333337,0.6226611213742069
ergo_adaptive,estimated,816,67.91666666666663,0.6228953449637349
ergo_adaptive,estimated,817,68.0,0.6217541005208926
ergo_adaptive,estimated,818,68.08333333333337,0.6211461753597562
ergo_adaptive,estimated,819,68.16666666666663,0.6203268020040954
ergo_adaptive,estimated,820,68.25,0.6184478108560362
ergo_adaptive,estimated,821,68.33333333333337,0.618007863636215
ergo_adaptive,estimated,822,68.41666666666663,0.6162037957363294
ergo_adaptive,estimated,823,68.5,0.6152941281768689
ergo_adaptive,estimated,824,68.58333333333337,0.6144243803513433
ergo_adaptive,estimated,825,68.66666666666663,0.6116225214057062
ergo_adaptive,estimated,826,68.75,0.6083532397285377
ergo_adaptive,estimated,827,68.83333333333337,0.6054162792418739
ergo_adaptive,estimated,828,68.91666666666663,0.6082933975719474
ergo_adaptive,estimated,829,69.0,0.6066268464813637
ergo_adaptive,estimated,830,69.08333333333337,0.6068065067829652
ergo_adaptive,estimated,831,69.16666666666663,0.6092895076699946
ergo_adaptive,estimated,832,69.25,0.6070750796880747
ergo_adaptive,estimated,833,69.33333333333337,0.6011079598594322
ergo_adaptive,estimated,834,69.41666666666663,0.5989966778766517
ergo_adaptive,estimated,835,69.5,0.6029264686993779
ergo_adaptive,estimated,836,69.58333333333337,0.6037781519059735
ergo_adaptive,estimated,837,69.66666666666663,0.6050148945921386
ergo_adaptive,estimated,838,69.75,0.6060622501017805
ergo_adaptive,estimated,839,69.83333333333337,0.606362568465921
ergo_adaptive,estimated,840,69.91666666666663,0.6073231266713002
ergo_adaptive,estimated,841,70.0,0.606896127196924
ergo_adaptive,estimated,842,70.08333333333337,0.609833256524253
ergo_adaptive,estimated,843,70.16666666666663,0.6108722632399195
ergo_adaptive,estimated,844,70.25,0.6111683910557928
ergo_adaptive,estimated,845,70.33333333333337,0.6103026737701265
ergo_adaptive,estimated,846,70.41666666666663,0.6112519966834187
ergo_adaptive,estimated,847,70.5,0.6115601413338828
ergo_adaptive,estimated,848,70.58333333333337,0.6131272859864223
ergo_adaptive,estimated,849,70.66666666666663,0.6132073553711378
ergo_adaptive,estimated,850,70.75,0.6131671566278695
ergo_adaptive,estimated,851,70.83333333333337,0.6148247120084447
ergo_adaptive,estimated,852,70.91666666666663,0.6150677703643623
ergo_adaptive,estimated,853,71.0,0.6158280436920752
ergo_adaptive,estimated,854,71.08333333333337,0.6155616684477553
ergo_adaptive,estimated,855,71.16666666666663,0.616692592580227
ergo_adaptive,estimated,856,71.25,0.6159138414911391
ergo_adaptive,estimated,857,71.33333333333337,0.6158896037867452
ergo_adaptive,estimated,858,71.41666666666663,0.6154855602021674
ergo_adaptive,estimated,859,71.5,0.6145328778197808
ergo_adaptive,estimated,860,71.58333333333337,0.6148468969439431
ergo_adaptive,estimated,861,71.66666666666663,0.6148464221913169
ergo_adaptive,estimated,862,71.75,0.6146302224855373
ergo_adaptive,estimated,863,71.83333333333337,0.6151609752853481
ergo_adaptive,estimated,864,71.91666666666663,0.6157545464611639
ergo_adaptive,estimated,865,72.0,0.61489513158708
ergo_adaptive,estimated,866,72.08333333333337,0.6142748665783198
ergo_adaptive,estimated,867,72.16666666666663,0.6161816550708994
ergo_adaptive,estimated,868,72.25,0.6148472521276435
ergo_adaptive,estimated,869,72.33333333333337,0.6142380170236793
ergo_adaptive,estimated,870,72.41666666666663,0.6159080446735518
ergo_adaptive,estimated,871,72.5,0.6154036885705169
ergo_adaptive,estimated,872,72.58333333333337,0.6169294880477406
ergo_adaptive,estimated,873,72.66666666666663,0.6178376037684125
ergo_adaptive,estimated,874,72.75,0.6191922407200259
ergo_adaptive,estimated,875,72.83333333333337,0.618049830910053
ergo_adaptive,estimated,876,72.91666666666663,0.618201793734063
ergo_adaptive,estimated,877,73.0,0.6187658808349419
ergo_adaptive,estimated,878,73.08333333333337,0.6197803817664732
ergo_adaptive,estimated,879,73.16666666666663,0.6204092703329364
ergo_adaptive,estimated,880,73.25,0.6204370496566121
ergo_adaptive,estimated,881,73.33333333333337,0.6210930918821662
ergo_adaptive,estimated,882,73.41666666666663,0.6218062733907437
ergo_adaptive,estimated,883,73.5,0.6230031894095684
ergo_adaptive,estimated,884,73.58333333333337,0.6235773206509598
ergo_adaptive,estimated,885,73.66666666666663,0.6241930843392212
ergo_adaptive,estimated,886,73.75,0.6241651968804043
ergo_adaptive,estimated,887,73.83333333333337,0.6261628113104419
ergo_adaptive,estimated,888,73.91666666666663,0.6264374388906551
ergo_adaptive,estimated,889,74.0,0.6271225971048137
ergo_adaptive,estimated,890,74.08333333333337,0.6274827542119445
ergo_adaptive,estimated,891,74.16666666666663,0.6273127410384574
ergo_adaptive,estimated,892,74.25,0.6273256933258986
ergo_adaptive,estimated,893,74.33333333333337,0.6275742411812083
ergo_adaptive,estimated,894,74.41666666666663,0.6284348068427434
ergo_adaptive,estimated,895,74.5,0.6291169223480746
ergo_adaptive,estimated,896,74.58333333333337,0.6299095033757011
ergo_adaptive,estimated,897,74.66666666666663,0.6303634396010223
ergo_adaptive,estimated,898,74.75,0.6305079265350317
ergo_adaptive,estimated,899,74.83333333333337,0.6310555248596488
ergo_adaptive,estimated,900,74.91666666666663,0.6311683903517629
ergo_adaptive,estimated,901,75.0,0.6315391670418685
ergo_adaptive,estimated,902,75.08333333333337,0.6316828535142835
ergo_adaptive,estimated,903,75.16666666666663,0.6320507865694966
ergo_adaptive,estimated,904,75.25,0.6324768090760741
ergo_adaptive,estimated,905,75.33333333333337,0.632758837476924
ergo_adaptive,estimated,906,75.41666666666663,0.6327298165772235
ergo_adaptive,estimated,907,75.5,0.6326048985601639
ergo_adaptive,estimated,908,75.58333333333337,0.6330945646830599
ergo_adaptive,estimated,909,75.66666666666663,0.6333264474831285
ergo_adaptive,estimated,910,75.75,0.6336698928187183
ergo_adaptive,estimated,911,75.83333333333337,0.6339017041989903
ergo_adaptive,estimated,912,75.91666666666663,0.6339359954261776
ergo_adaptive,estimated,913,76.0,0.6342706675441122
ergo_adaptive,estimated,914,76.08333333333337,0.634338557018489
ergo_adaptive,estimated,915,76.16666666666663,0.6345863633960682
ergo_adaptive,estimated,916,76.25,0.6349057610259019
ergo_adaptive,estimated,917,76.33333333333337,0.6351219080019372
ergo_adaptive,estimated,918,76.41666666666663,0.6352092858630543
ergo_adaptive,estimated,919,76.5,0.6351960095665065
ergo_adaptive,estimated,920,76.58333333333337,0.6353184149260896
ergo_adaptive,estimated,921,76.66666666666663,0.6354006459460925
ergo_adaptive,estimated,922,76.75,0.6358476691464816
ergo_adaptive,estimated,923,76.83333333333337,0.635901018955035
ergo_adaptive,estimated,924,76.91666666666663,0.635786052087658
ergo_adaptive,estimated,925,77.0,0.6357465667185884
ergo_adaptive,estimated,926,77.08333333333337,0.6361370117553874
ergo_adaptive,estimated,927,77.16666666666663,0.6362212606713034
ergo_adaptive,estimated,928,77.25,0.6364297156185017
ergo_adaptive,estimated,929,77.33333333333337,0.6368013657888044
ergo_adaptive,estimated,930,77.41666666666663,0.6368023181625153
ergo_adaptive,estimated,931,77.5,0.6370139908455525
ergo_adaptive,estimated,932,77.58333333333337,0.6371338923374326
ergo_adaptive,estimated,933,77.66666666666663,0.6372917937446063
ergo_adaptive,estimated,934,77.75,0.6373169439250976
ergo_adaptive,estimated,935,77.83333333333337,0.6374115282158507
ergo_adaptive,estimated,936,77.91666666666663,0.6377122441226014
ergo_adaptive,estimated,937,78.0,0.63758906939755
ergo_adaptive,estimated,938,78.08333333333337,0.6373853000269121
ergo_adaptive,estimated,939,78.16666666666663,0.6374389702019999
ergo_adaptive,estimated,940,78.25,0.6374006038911569
ergo_adaptive,estimated,941,78.33333333333337,0.6373996533195964
ergo_adaptive,estimated,942,78.41666666666663,0.6371491737725186
ergo_adaptive,estimated,943,78.5,0.6369193998607515
ergo_adaptive,estimated,944,78.58333333333337,0.6366257847645568
ergo_adaptive,estimated,945,78.66666666666663,0.6360980246863313
ergo_adaptive,estimated,946,78.75,0.6353522536399683
ergo_adaptive,estimated,947,78.83333333333337,0.6352030615119092
ergo_adaptive,estimated,948,78.91666666666663,0.6345845957395341
ergo_adaptive,estimated,949,79.0,0.6344856445570549
ergo_adaptive,estimated,950,79.08333333333337,0.634310666380431
ergo_adaptive,estimated,951,79.16666666666663,0.6339201427830005
ergo_adaptive,estimated,952,79.25,0.6336186266418784
ergo_adaptive,estimated,953,79.33333333333337,0.6332794827348288
ergo_adaptive,estimated,954,79.41666666666663,0.6325912793341955
ergo_adaptive,estimated,955,79.5,0.6319708303897291
ergo_adaptive,estimated,956,79.58333333333337,0.6320838702917932
ergo_adaptive,estimated,957,79.66666666666663,0.6321882511354262
ergo_adaptive,estimated,958,79.75,0.6316090481680033
ergo_adaptive,estimated,959,79.83333333333337,0.6310403535677629
ergo_adaptive,estimated,960,79.91666666666663,0.6303498469160199
ergo_adaptive,estimated,961,80.0,0.6293470660793621
ergo_adaptive,estimated,962,80.08333333333337,0.628502673774787
ergo_adaptive,estimated,963,80.16666666666663,0.6274552921604659
ergo_adaptive,estimated,964,80.25,0.6283299125820049
ergo_adaptive,estimated,965,80.33333333333337,0.6272525118067857
ergo_adaptive,estimated,966,80.41666666666663,0.6264492801292026
ergo_adaptive,estimated,967,80.5,0.6255993420949748
ergo_adaptive,estimated,968,80.58333333333337,0.623198814417181
ergo_adaptive,estimated,969,80.66666666666663,0.6232191094451753
ergo_adaptive,estimated,970,80.75,0.6212827334120982
ergo_adaptive,estimated,971,80.83333333333337,0.6213146826061537
ergo_adaptive,estimated,972,80.91666666666663,0.6203355356768705
ergo_adaptive,estimated,973,81.0,0.6187695131307702
ergo_adaptive,estimated,974,81.08333333333337,0.6211097726658059
ergo_adaptive,estimated,975,81.16666666666663,0.6198911197568641
ergo_adaptive,estimated,976,81.25,0.6200561593374402
ergo_adaptive,estimated,977,81.33333333333337,0.6204810778860625
ergo_adaptive,estimated,978,81.41666666666663,0.6207889385105126
ergo_adaptive,estimated,979,81.5,0.6181447630514275
ergo_adaptive,estimated,980,81.58333333333337,0.618335541728915
ergo_adaptive,estimated,981,81.66666666666663,0.6180379522992845
ergo_adaptive,estimated,982,81.75,0.6165749076985164
ergo_adaptive,estimated,983,81.83333333333337,0.6155139604446738
ergo_adaptive,estimated,984,81.91666666666663,0.6148266662389391
ergo_adaptive,estimated,985,82.0,0.6150494711363668
ergo_adaptive,estimated,986,82.08333333333337,0.6149941299247838
ergo_adaptive,estimated,987,82.16666666666663,0.6157569696327587
ergo_adaptive,estimated,988,82.25,0.6157568780669525
ergo_adaptive,estimated,989,82.33333333333337,0.6133867027335445
ergo_adaptive,estimated,990,82.41666666666663,0.6139408917231642
ergo_adaptive,estimated,991,82.5,0.6117249289004781
ergo_adaptive,estimated,992,82.58333333333337,0.6125610562092146
ergo_adaptive,estimated,993,82.66666666666663,0.6131060153740423
ergo_adaptive,estimated,994,82.75,0.6098929193830782
ergo_adaptive,estimated,995,82.83333333333337,0.6092826023703517
ergo_adaptive,estimated,996,82.91666666666663,0.6074257837672926
ergo_adaptive,estimated,997,83.0,0.6057707087288434
ergo_adaptive,estimated,998,83.08333333333337,0.6055198775575018
ergo_adaptive,estimated,999,83.16666666666663,0.6024771765154051
ergo_adaptive,estimated,1000,83.25,0.6028192663391009
ergo_adaptive,estimated,1001,83.33333333333337,0.5990171428600233
ergo_adaptive,estimated,1002,83.41666666666663,0.5980171940411471
ergo_adaptive,estimated,1003,83.5,0.5990787489129452
ergo_adaptive,estimated,1004,83.58333333333337,0.600503952822568
ergo_adaptive,estimated,1005,83.66666666666663,0.6004921652372355
ergo_adaptive,estimated,1006,83.75,0.6003057979167112
ergo_adaptive,estimated,1007,83.83333333333337,0.5984894968815894
ergo_adaptive,estimated,1008,83.91666666666663,0.6005414740672494
ergo_adaptive,estimated,1009,84.0,0.5988231581367454
ergo_adaptive,estimated,1010,84.08333333333337,0.595291729636061
ergo_adaptive,estimated,1011,84.16666666666663,0.5971150225946333
ergo_adaptive,estimated,1012,84.25,0.5974573717157111
ergo_adaptive,estimated,1013,84.33333333333337,0.5968553307514265
ergo_adaptive,estimated,1014,84.41666666666663,0.5949239941551574
ergo_adaptive,estimated,1015,84.5,0.5934787931348721
ergo_adaptive,estimated,1016,84.58333333333337,0.5912065072415078
ergo_adaptive,estimated,1017,84.66666666666663,0.58867763417959
ergo_adaptive,estimated,1018,84.75,0.5868962527925408
ergo_adaptive,estimated,1019,84.83333333333337,0.5860860301207061
ergo_adaptive,estimated,1020,84.91666666666663,0.5840950386287426
ergo_adaptive,estimated,1021,85.0,0.5834345403698604
ergo_adaptive,estimated,1022,85.08333333333337,0.5810922804746871
ergo_adaptive,estimated,1023,85.16666666666663,0.5779349043827499
ergo_adaptive,estimated,1024,85.25,0.5806179573276675
ergo_adaptive,estimated,1025,85.33333333333337,0.5803176633669972
ergo_adaptive,estimated,1026,85.41666666666663,0.5795723413639755
ergo_adaptive,estimated,1027,85.5,0.5784856781698201
ergo_adaptive,estimated,1028,85.58333333333337,0.5792794425147334
ergo_adaptive,estimated,1029,85.66666666666663,0.5787349220074381
ergo_adaptive,estimated,1030,85.75,0.5760335079194254
ergo_adaptive,estimated,1031,85.83333333333337,0.5766878822060318
ergo_adaptive,estimated,1032,85.91666666666663,0.5763143301775332
ergo_adaptive,estimated,1033,86.0,0.5749837672434729
ergo_adaptive,estimated,1034,86.08333333333337,0.5777612751661698
ergo_adaptive,estimated,1035,86.16666666666663,0.5768271505099413
ergo_adaptive,estimated,1036,86.25,0.5749369844904456
ergo_adaptive,estimated,1037,86.33333333333337,0.5727702155477403
ergo_adaptive,estimated,1038,86.41666666666663,0.5698145064776708
ergo_adaptive,estimated,1039,86.5,0.5695124050371854
ergo_adaptive,estimated,1040,86.58333333333337,0.5703616604553892
ergo_adaptive,estimated,1041,86.66666666666663,0.5675905160025638
ergo_adaptive,estimated,1042,86.75,0.5656862566868973
ergo_adaptive,estimated,1043,86.83333333333337,0.5650914511868899
ergo_adaptive,estimated,1044,86.91666666666663,0.5647861905706589
ergo_adaptive,estimated,1045,87.0,0.5649284061979011
ergo_adaptive,estimated,1046,87.08333333333337,0.5646575823646465
ergo_adaptive,estimated,1047,87.16666666666663,0.5639406262783745
ergo_adaptive,estimated,1048,87.25,0.5659049583963639
ergo_adaptive,estimated,1049,87.33333333333337,0.5661813116393062
ergo_adaptive,estimated,1050,87.41666666666663,0.5664701070090544
ergo_adaptive,estimated,1051,87.5,0.5653758332430773
ergo_adaptive,estimated,1052,87.58333333333337,0.5672797464571585
ergo_adaptive,estimated,1053,87.66666666666663,0.5696210149460202
ergo_adaptive,estimated,1054,87.75,0.5702920843876172
ergo_adaptive,estimated,1055,87.83333333333337,0.5663521930579538
ergo_adaptive,estimated,1056,87.91666666666663,0.566986514415137
ergo_adaptive,estimated,1057,88.0,0.5675325901868074
ergo_adaptive,estimated,1058,88.08333333333337,0.5663049766761986
ergo_adaptive,estimated,1059,88.16666666666663,0.5658119290332636
ergo_adaptive,estimated,1060,88.25,0.5655878768526116
ergo_adaptive,estimated,1061,88.33333333333337,0.5649088659102425
ergo_adaptive,estimated,1062,88.41666666666663,0.5647070124944954
ergo_adaptive,estimated,1063,88.5,0.5635819088753521
ergo_adaptive,estimated,1064,88.58333333333337,0.562340214866687
ergo_adaptive,estimated,1065,88.66666666666663,0.5637729344464024
ergo_adaptive,estimated,1066,88.75,0.5647438227145762
ergo_adaptive,estimated,1067,88.83333333333337,0.5630882038517258
ergo_adaptive,estimated,1068,88.91666666666663,0.5613754967655136
ergo_adaptive,estimated,1069,89.0,0.5630450423625596
ergo_adaptive,estimated,1070,89.08333333333337,0.5628730409372589
ergo_adaptive,estimated,1071,89.16666666666663,0.5618736580436742
ergo_adaptive,estimated,1072,89.25,0.5593622254090472
ergo_adaptive,estimated,1073,89.33333333333337,0.5582190764756568
ergo_adaptive,estimated,1074,89.41666666666663,0.5583587619030234
ergo_adaptive,estimated,1075,89.5,0.5575173105071096
ergo_adaptive,estimated,1076,89.58333333333337,0.5581965828386725
ergo_adaptive,estimated,1077,89.66666666666663,0.5581246884038668
ergo_adaptive,estimated,1078,89.75,0.5563457711254097
ergo_adaptive,estimated,1079,89.83333333333337,0.5575383909284819
ergo_adaptive,estimated,1080,89.91666666666663,0.558096411997994
ergo_adaptive,estimated,1081,90.0,0.5567977104612266
ergo_adaptive,estimated,1082,90.08333333333337,0.5537365465730278
ergo_adaptive,estimated,1083,90.16666666666663,0.5526389920645248
ergo_adaptive,estimated,1084,90.25,0.5520682415453994
ergo_adaptive,estimated,1085,90.33333333333337,0.5523090286901935
ergo_adaptive,estimated,1086,90.41666666666663,0.5540919124969919
ergo_adaptive,estimated,1087,90.5,0.5550217729621219
ergo_adaptive,estimated,1088,90.58333333333337,0.5553610382132999
ergo_adaptive,estimated,1089,90.66666666666663,0.5574609703826189
ergo_adaptive,estimated,1090,90.75,0.5582026704141446
ergo_adaptive,estimated,1091,90.83333333333337,0.5610951723467354
ergo_adaptive,estimated,1092,90.91666666666663,0.5597690595435546
ergo_adaptive,estimated,1093,91.0,0.5590298202640684
ergo_adaptive,estimated,1094,91.08333333333337,0.5595375995029205
ergo_adaptive,estimated,1095,91.16666666666663,0.5589750218072026
ergo_adaptive,estimated,1096,91.25,0.5539890769074344
ergo_adaptive,estimated,1097,91.33333333333337,0.5550076419163833
ergo_adaptive,estimated,1098,91.41666666666663,0.5554783493631982
ergo_adaptive,estimated,1099,91.5,0.5532065222664722
ergo_adaptive,estimated,1100,91.58333333333337,0.5503175324222945
ergo_adaptive,estimated,1101,91.66666666666663,0.5517628357761334
ergo_adaptive,estimated,1102,91.75,0.5527425419878191
ergo_adaptive,estimated,1103,91.83333333333337,0.5526298187547056
ergo_adaptive,estimated,1104,91.91666666666663,0.5520042764765734
ergo_adaptive,estimated,1105,92.0,0.552002112076191
ergo_adaptive,estimated,1106,92.08333333333337,0.5509999844165924
ergo_adaptive,estimated,1107,92.16666666666663,0.5508883006430001
ergo_adaptive,estimated,1108,92.25,0.5491193559476012
ergo_adaptive,estimated,1109,92.33333333333337,0.5506289909011249
ergo_adaptive,estimated,1110,92.41666666666663,0.550148412016634
ergo_adaptive,estimated,1111,92.5,0.5473864894497256
ergo_adaptive,estimated,1112,92.58333333333337,0.5463892615957658
ergo_adaptive,estimated,1113,92.66666666666663,0.5470225222996452
ergo_adaptive,estimated,1114,92.75,0.5493638955902153
ergo_adaptive,estimated,1115,92.83333333333337,0.5505383959560534
ergo_adaptive,estimated,1116,92.91666666666663,0.5500268863537683
ergo_adaptive,estimated,1117,93.0,0.5515220393232957
ergo_adaptive,estimated,1118,93.08333333333337,0.5502300125771592
ergo_adaptive,estimated,1119,93.16666666666663,0.5505474611552074
ergo_adaptive,estimated,1120,93.25,0.5526273841329712
ergo_adaptive,estimated,1121,93.33333333333337,0.5511574460133175
ergo_adaptive,estimated,1122,93.41666666666663,0.5498319374236535
ergo_adaptive,estimated,1123,93.5,0.5490921940050182
ergo_adaptive,estimated,1124,93.58333333333337,0.546852729949681
ergo_adaptive,estimated,1125,93.66666666666663,0.5470622149607437
ergo_adaptive,estimated,1126,93.75,0.5480904148883128
ergo_adaptive,estimated,1127,93.83333333333337,0.5458150152888417
ergo_adaptive,estimated,1128,93.91666666666663,0.5450217782563079
ergo_adaptive,estimated,1129,94.0,0.5432905844469005
ergo_adaptive,estimated,1130,94.08333333333337,0.5432601579560236
ergo_adaptive,estimated,1131,94.16666666666663,0.5432957031261232
ergo_adaptive,estimated,1132,94.25,0.5432368770965073
ergo_adaptive,estimated,1133,94.33333333333337,0.5413185355264092
ergo_adaptive,estimated,1134,94.41666666666663,0.5385148306348464
ergo_adaptive,estimated,1135,94.5,0.5407173628287448
ergo_adaptive,estimated,1136,94.58333333333337,0.5402410848495854
ergo_adaptive,estimated,1137,94.66666666666663,0.541261405824648
ergo_adaptive,estimated,1138,94.75,0.5394824091870833
ergo_adaptive,estimated,1139,94.83333333333337,0.5408258952445159
ergo_adaptive,estimated,1140,94.91666666666663,0.5435910700057163
ergo_adaptive,estimated,1141,95.0,0.5417603735748513
ergo_adaptive,estimated,1142,95.08333333333337,0.5442596269415919
ergo_adaptive,estimated,1143,95.16666666666663,0.545909357336466
ergo_adaptive,estimated,1144,95.25,0.5433124448175011
ergo_adaptive,estimated,1145,95.33333333333337,0.5437915951579112
ergo_adaptive,estimated,1146,95.41666666666663,0.542117050518862
ergo_adaptive,estimated,1147,95.5,0.5442113488922282
ergo_adaptive,estimated,1148,95.58333333333337,0.5470263279677495
ergo_adaptive,estimated,1149,95.66666666666663,0.5471164241591236
ergo_adaptive,estimated,1150,95.75,0.5477953484620733
ergo_adaptive,estimated,1151,95.83333333333337,0.5466444476917358
ergo_adaptive,estimated,1152,95.91666666666663,0.5529353624060069
ergo_adaptive,estimated,1153,96.0,0.5514789684372807
ergo_adaptive,estimated,1154,96.08333333333337,0.5481730751552565
ergo_adaptive,estimated,1155,96.16666666666663,0.5467523291782868
ergo_adaptive,estimated,1156,96.25,0.5493033456071552
ergo_adaptive,estimated,1157,96.33333333333337,0.551741818099378
ergo_adaptive,estimated,1158,96.41666666666663,0.5496636829972007
ergo_adaptive,estimated,1159,96.5,0.5545403018179886
ergo_adaptive,estimated,1160,96.58333333333337,0.5518695816824369
ergo_adaptive,estimated,1161,96.66666666666663,0.5553258860473211
ergo_adaptive,estimated,1162,96.75,0.5598720586872956
ergo_adaptive,estimated,1163,96.83333333333337,0.5595662048828138
ergo_adaptive,estimated,1164,96.91666666666663,0.5625680824438193
ergo_adaptive,estimated,1165,97.0,0.5621975079609843
ergo_adaptive,estimated,1166,97.08333333333337,0.5650094449053968
ergo_adaptive,estimated,1167,97.16666666666663,0.5692091877387647
ergo_adaptive,estimated,1168,97.25,0.5711156726851823
ergo_adaptive,estimated,1169,97.33333333333337,0.573810910798397
ergo_adaptive,estimated,1170,97.41666666666663,0.5735206895686946
ergo_adaptive,estimated,1171,97.5,0.5734160375912999
ergo_adaptive,estimated,1172,97.58333333333337,0.5758789887123187
ergo_adaptive,estimated,1173,97.66666666666663,0.5771949484480158
ergo_adaptive,estimated,1174,97.75,0.5780697880815897
ergo_adaptive,estimated,1175,97.83333333333337,0.5778376276959671
ergo_adaptive,estimated,1176,97.91666666666663,0.5780023145326817
ergo_adaptive,estimated,1177,98.0,0.580692999819034
ergo_adaptive,estimated,1178,98.08333333333337,0.5829300982568069
ergo_adaptive,estimated,1179,98.16666666666663,0.5845760509905105
ergo_adaptive,estimated,1180,98.25,0.5843216354322478
ergo_adaptive,estimated,1181,98.33333333333337,0.585993620127345
ergo_adaptive,estimated,1182,98.41666666666663,0.58635158871374
ergo_adaptive,estimated,1183,98.5,0.587358509684869
ergo_adaptive,estimated,1184,98.58333333333337,0.5870653863893399
ergo_adaptive,estimated,1185,98.66666666666663,0.5875816279474678
ergo_adaptive,estimated,1186,98.75,0.5874915607864286
ergo_adaptive,estimated,1187,98.83333333333337,0.5883858717571738
ergo_adaptive,estimated,1188,98.91666666666663,0.5898261250307436
ergo_adaptive,estimated,1189,99.0,0.5913454987543071
ergo_adaptive,estimated,1190,99.08333333333337,0.5921363245355996
ergo_adaptive,estimated,1191,99.16666666666663,0.5920613948214573
ergo_adaptive,estimated,1192,99.25,0.5907720229235371
ergo_adaptive,estimated,1193,99.33333333333337,0.5923973192842287
ergo_adaptive,estimated,1194,99.41666666666663,0.5929160405131083
ergo_adaptive,estimated,1195,99.5,0.5922679341328058
ergo_adaptive,estimated,1196,99.58333333333337,0.5934152728146296
ergo_adaptive,estimated,1197,99.66666666666663,0.5955284229470176
ergo_adaptive,estimated,1198,99.75,0.5955101636732821
ergo_adaptive,estimated,1199,99.83333333333337,0.5952632340033505
ergo_adaptive,estimated,1200,99.91666666666663,0.5946535064644174
ergo_adaptive,estimated,1201,100.0,0.5928837523032576
ergo_adaptive,estimated,1202,100.08333333333337,0.5925024381347292
ergo_adaptive,estimated,1203,100.16666666666663,0.5928575853606735
ergo_adaptive,estimated,1204,100.25,0.5903381505738785
ergo_adaptive,estimated,1205,100.33333333333337,0.5910557872524308
ergo_adaptive,estimated,1206,100.41666666666663,0.5897630641323837
ergo_adaptive,estimated,1207,100.5,0.5896408100680693
ergo_adaptive,estimated,1208,100.58333333333337,0.5866978728896468
ergo_adaptive,estimated,1209,100.66666666666663,0.5825385292645417
ergo_adaptive,estimated,1210,100.75,0.5768045634602252
ergo_adaptive,estimated,1211,100.83333333333337,0.5761580338356271
ergo_adaptive,estimated,1212,100.91666666666663,0.5745263082872659
ergo_adaptive,estimated,1213,101.0,0.5790637443878772
ergo_adaptive,estimated,1214,101.08333333333337,0.5803605859286268
ergo_adaptive,estimated,1215,101.16666666666663,0.5779307930036516
ergo_adaptive,estimated,1216,101.25,0.5793009687081166
ergo_adaptive,estimated,1217,101.33333333333337,0.5751149775052551
ergo_adaptive,estimated,1218,101.41666666666663,0.5742347871948839
ergo_adaptive,estimated,1219,101.5,0.5725569659455613
ergo_adaptive,estimated,1220,101.58333333333337,0.5666861457736888
ergo_adaptive,estimated,1221,101.66666666666663,0.5666684090576866
ergo_adaptive,estimated,1222,101.75,0.5667779870201303
ergo_adaptive,estimated,1223,101.83333333333337,0.5676264786018811
ergo_adaptive,estimated,1224,101.91666666666663,0.5734151417153457
ergo_adaptive,estimated,1225,102.0,0.5725543411468428
ergo_adaptive,estimated,1226,102.08333333333337,0.5729792657845265
ergo_adaptive,estimated,1227,102.16666666666663,0.5740503233981746
ergo_adaptive,estimated,1228,102.25,0.5698209797108789
ergo_adaptive,estimated,1229,102.33333333333337,0.5678935508741986
ergo_adaptive,estimated,1230,102.41666666666663,0.5638515698540494
ergo_adaptive,estimated,1231,102.5,0.557207315837729
ergo_adaptive,estimated,1232,102.58333333333337,0.5585286687849407
ergo_adaptive,estimated,1233,102.66666666666663,0.5592543593755684
ergo_adaptive,estimated,1234,102.75,0.5585685135708369
ergo_adaptive,estimated,1235,102.83333333333337,0.560829067908435
ergo_adaptive,estimated,1236,102.91666666666663,0.5605294898645617
ergo_adaptive,estimated,1237,103.0,0.5591589615841206
ergo_adaptive,estimated,1238,103.08333333333337,0.5575745244293531
ergo_adaptive,estimated,1239,103.16666666666663,0.5557546638909412
ergo_adaptive,estimated,1240,103.25,0.5537195821876545
ergo_adaptive,estimated,1241,103.33333333333337,0.5543166926870392
ergo_adaptive,estimated,1242,103.41666666666663,0.5560250661004598
ergo_adaptive,estimated,1243,103.5,0.5593638773436501
ergo_adaptive,estimated,1244,103.58333333333337,0.5633679320222185
ergo_adaptive,estimated,1245,103.66666666666663,0.5641282714952957
ergo_adaptive,estimated,1246,103.75,0.5640225018961976
ergo_adaptive,estimated,1247,103.83333333333337,0.5621320583192971
ergo_adaptive,estimated,1248,103.91666666666663,0.5635193965900667
ergo_adaptive,estimated,1249,104.0,0.565016579381589
ergo_adaptive,estimated,1250,104.08333333333337,0.5642139137037919
ergo_adaptive,estimated,1251,104.16666666666663,0.5642167623055018
ergo_adaptive,estimated,1252,104.25,0.5644409627569712
ergo_adaptive,estimated,1253,104.33333333333337,0.5625522493970619
ergo_adaptive,estimated,1254,104.41666666666663,0.5614683610285849
ergo_adaptive,estimated,1255,104.5,0.5592151268820744
ergo_adaptive,estimated,1256,104.58333333333337,0.5607193738982645
ergo_adaptive,estimated,1257,104.66666666666663,0.5607033403306226
ergo_adaptive,estimated,1258,104.75,0.5611757866219409
ergo_adaptive,estimated,1259,104.83333333333337,0.5615483598220823
ergo_adaptive,estimated,1260,104.91666666666663,0.5683498863465188
ergo_adaptive,estimated,1261,105.0,0.5683142588864095
ergo_adaptive,estimated,1262,105.08333333333337,0.570043326218085
ergo_adaptive,estimated,1263,105.16666666666663,0.5747542700079143
ergo_adaptive,estimated,1264,105.25,0.5675392377457488
ergo_adaptive,estimated,1265,105.33333333333337,0.5607325081257652
ergo_adaptive,estimated,1266,105.41666666666663,0.5606673904365577
ergo_adaptive,estimated,1267,105.5,0.5591730658980022
ergo_adaptive,estimated,1268,105.58333333333337,0.5597955294872479
ergo_adaptive,estimated,1269,105.66666666666663,0.561489369541757
ergo_adaptive,estimated,1270,105.75,0.5573610487194072
ergo_adaptive,estimated,1271,105.83333333333337,0.5592496929649764
ergo_adaptive,estimated,1272,105.91666666666663,0.5611566597286658
ergo_adaptive,estimated,1273,106.0,0.5600604695632058
ergo_adaptive,estimated,1274,106.08333333333337,0.5553819181736526
ergo_adaptive,estimated,1275,106.16666666666663,0.552054429970466
ergo_adaptive,estimated,1276,106.25,0.5542805431942577
ergo_adaptive,estimated,1277,106.33333333333337,0.550985230902431
ergo_adaptive,estimated,1278,106.41666666666663,0.5479280653707063
ergo_adaptive,estimated,1279,106.5,0.5442784526569143
ergo_adaptive,estimated,1280,106.58333333333337,0.5489545142042349
ergo_adaptive,estimated,1281,106.66666666666663,0.5467063935982331
ergo_adaptive,estimated,1282,106.75,0.5514355101775706
ergo_adaptive,estimated,1283,106.83333333333337,0.5563069205428036
ergo_adaptive,estimated,1284,106.91666666666663,0.5555988989567242
ergo_adaptive,estimated,1285,107.0,0.5558366212759972
ergo_adaptive,estimated,1286,107.08333333333337,0.5543465313207921
ergo_adaptive,estimated,1287,107.16666666666663,0.5528040930637227
ergo_adaptive,estimated,1288,107.25,0.5559786981864099
ergo_adaptive,estimated,1289,107.33333333333337,0.5588887213497318
ergo_adaptive,estimated,1290,107.41666666666663,0.554170295016431
ergo_adaptive,estimated,1291,107.5,0.5567691823017029
ergo_adaptive,estimated,1292,107.58333333333337,0.5567443015033641
ergo_adaptive,estimated,1293,107.66666666666663,0.5568428523865687
ergo_adaptive,estimated,1294,107.75,0.5556293911457344
ergo_adaptive,estimated,1295,107.83333333333337,0.556431218100617
ergo_adaptive,estimated,1296,107.91666666666663,0.5572493805951705
ergo_adaptive,estimated,1297,108.0,0.5554545921974348
ergo_adaptive,estimated,1298,108.08333333333337,0.5567099320410154
ergo_adaptive,estimated,1299,108.16666666666663,0.5559269460757089
ergo_adaptive,estimated,1300,108.25,0.5530663773452202
ergo_adaptive,estimated,1301,108.33333333333337,0.5525736663199508
ergo_adaptive,estimated,1302,108.41666666666663,0.5489369138746619
ergo_adaptive,estimated,1303,108.5,0.5496582691112184
ergo_adaptive,estimated,1304,108.58333333333337,0.5509172923012194
ergo_adaptive,estimated,1305,108.66666666666663,0.5499536168198704
ergo_adaptive,estimated,1306,108.75,0.5499019435261413
ergo_adaptive,estimated,1307,108.83333333333337,0.5461012342067679
ergo_adaptive,estimated,1308,108.91666666666663,0.5494325397074352
ergo_adaptive,estimated,1309,109.0,0.5498693431057957
ergo_adaptive,estimated,1310,109.08333333333337,0.5448230062513518
ergo_adaptive,estimated,1311,109.16666666666663,0.5438007706314115
ergo_adaptive,estimated,1312,109.25,0.5445337712920346
ergo_adaptive,estimated,1313,109.33333333333337,0.5438682179845107
ergo_adaptive,estimated,1314,109.41666666666663,0.5425494056183069
ergo_adaptive,estimated,1315,109.5,0.5443708041147364
ergo_adaptive,estimated,1316,109.58333333333337,0.5468316114384628
ergo_adaptive,estimated,1317,109.66666666666663,0.5480699417138069
ergo_adaptive,estimated,1318,109.75,0.5500675239225207
ergo_adaptive,estimated,1319,109.83333333333337,0.5534751577830614
ergo_adaptive,estimated,1320,109.91666666666663,0.552677072934269
ergo_adaptive,estimated,1321,110.0,0.5541827695676768
ergo_adaptive,estimated,1322,110.08333333333337,0.5518069991689246
ergo_adaptive,estimated,1323,110.16666666666663,0.5530852914091057
ergo_adaptive,estimated,1324,110.25,0.5537444930771489
ergo_adaptive,estimated,1325,110.33333333333337,0.5532658487859957
ergo_adaptive,estimated,1326,110.41666666666663,0.5502031305717454
ergo_adaptive,estimated,1327,110.5,0.5491009709206626
ergo_adaptive,estimated,1328,110.58333333333337,0.5450039924754023
ergo_adaptive,estimated,1329,110.66666666666663,0.543617044227944
ergo_adaptive,estimated,1330,110.75,0.5434068659754214
ergo_adaptive,estimated,1331,110.83333333333337,0.5448856293663087
ergo_adaptive,estimated,1332,110.91666666666663,0.5425283549381883
ergo_adaptive,estimated,1333,111.0,0.5444743238251626
ergo_adaptive,estimated,1334,111.08333333333337,0.5410511785915407
ergo_adaptive,estimated,1335,111.16666666666663,0.5397588988635271
ergo_adaptive,estimated,1336,111.25,0.539134219568501
ergo_adaptive,estimated,1337,111.33333333333337,0.5398320352944039
ergo_adaptive,estimated,1338,111.41666666666663,0.539516206911954
ergo_adaptive,estimated,1339,111.5,0.5392759231289396
ergo_adaptive,estimated,1340,111.58333333333337,0.5378958821560008
ergo_adaptive,estimated,1341,111.66666666666663,0.5371827491681994
ergo_adaptive,estimated,1342,111.75,0.5357820591469825
ergo_adaptive,estimated,1343,111.83333333333337,0.5351793915952952
ergo_adaptive,estimated,1344,111.91666666666663,0.5354196903322156
ergo_adaptive,estimated,1345,112.0,0.53788503658226
ergo_adaptive,estimated,1346,112.08333333333337,0.5393388789636641
ergo_adaptive,estimated,1347,112.16666666666663,0.5381883195461764
ergo_adaptive,estimated,1348,112.25,0.5393154110018588
ergo_adaptive,estimated,1349,112.33333333333337,0.539597157551851
ergo_adaptive,estimated,1350,112.41666666666663,0.5395693820232891
ergo_adaptive,estimated,1351,112.5,0.5394908404856636
ergo_adaptive,estimated,1352,112.58333333333337,0.5393873249790346
ergo_adaptive,estimated,1353,112.66666666666663,0.5415782176967866
ergo_adaptive,estimated,1354,112.75,0.5398709275138182
ergo_adaptive,estimated,1355,112.83333333333337,0.5383515302246619
ergo_adaptive,estimated,1356,112.91666666666663,0.5385154226144876
ergo_adaptive,estimated,1357,113.0,0.5370973655382907
ergo_adaptive,estimated,1358,113.08333333333337,0.5388503967123595
ergo_adaptive,estimated,1359,113.16666666666663,0.5391496331479309
ergo_adaptive,estimated,1360,113.25,0.5373752792410246
ergo_adaptive,estimated,1361,113.33333333333337,0.538630732836436
ergo_adaptive,estimated,1362,113.41666666666663,0.5359576472619498
ergo_adaptive,estimated,1363,113.5,0.5356984402132351
ergo_adaptive,estimated,1364,113.58333333333337,0.5372146054009188
ergo_adaptive,estimated,1365,113.66666666666663,0.539216327494147
ergo_adaptive,estimated,1366,113.75,0.5405237670122582
ergo_adaptive,estimated,1367,113.83333333333337,0.5396431080545739
ergo_adaptive,estimated,1368,113.91666666666663,0.5377451773397551
ergo_adaptive,estimated,1369,114.0,0.535674240087048
ergo_adaptive,estimated,1370,114.08333333333337,0.5365907638381281
ergo_adaptive,estimated,1371,114.16666666666663,0.534349009894383
ergo_adaptive,estimated,1372,114.25,0.5348813832002769
ergo_adaptive,estimated,1373,114.33333333333337,0.5346926452317221
ergo_adaptive,estimated,1374,114.41666666666663,0.5322818987097344
ergo_adaptive,estimated,1375,114.5,0.5352250522998099
ergo_adaptive,estimated,1376,114.58333333333337,0.5320001131810705
ergo_adaptive,estimated,1377,114.66666666666663,0.5307777122612429
ergo_adaptive,estimated,1378,114.75,0.5307720669503007
ergo_adaptive,estimated,1379,114.83333333333337,0.5302434672504988
ergo_adaptive,estimated,1380,114.91666666666663,0.5326912172834679
ergo_adaptive,estimated,1381,115.0,0.5280090362739861
ergo_adaptive,estimated,1382,115.08333333333337,0.5306677471948995
ergo_adaptive,estimated,1383,115.16666666666663,0.5340370980239523
ergo_adaptive,estimated,1384,115.25,0.5310636462684344
ergo_adaptive,estimated,1385,115.33333333333337,0.5315343642469356
ergo_adaptive,estimated,1386,115.41666666666663,0.5297860356967085
ergo_adaptive,estimated,1387,115.5,0.5312333243305453
ergo_adaptive,estimated,1388,115.58333333333337,0.532608179942634
ergo_adaptive,estimated,1389,115.66666666666663,0.5366725601302419
ergo_adaptive,estimated,1390,115.75,0.5350579634151388
ergo_adaptive,estimated,1391,115.83333333333337,0.5382467948714681
ergo_adaptive,estimated,1392,115.91666666666663,0.5349583321684432
ergo_adaptive,estimated,1393,116.0,0.5356242837891966
ergo_adaptive,estimated,1394,116.08333333333337,0.5365523408280855
ergo_adaptive,estimated,1395,116.16666666666663,0.5342393412313774
ergo_adaptive,estimated,1396,116.25,0.5318780752395978
ergo_adaptive,estimated,1397,116.33333333333337,0.5328239458505555
ergo_adaptive,estimated,1398,116.41666666666663,0.5315244868402614
ergo_adaptive,estimated,1399,116.5,0.5307040050851818
ergo_adaptive,estimated,1400,116.58333333333337,0.5260882908646465
ergo_adaptive,estimated,1401,116.66666666666663,0.5275649449081283
ergo_adaptive,estimated,1402,116.75,0.524576309229063
ergo_adaptive,estimated,1403,116.83333333333337,0.5240871117642316
ergo_adaptive,estimated,1404,116.91666666666663,0.5227302160032203
ergo_adaptive,estimated,1405,117.0,0.5249369231016588
ergo_adaptive,estimated,1406,117.08333333333337,0.5232467257309997
ergo_adaptive,estimated,1407,117.16666666666663,0.5231404877106214
ergo_adaptive,estimated,1408,117.25,0.520985580476466
ergo_adaptive,estimated,1409,117.33333333333337,0.5233342968544964
ergo_adaptive,estimated,1410,117.41666666666663,0.5244573166512735
ergo_adaptive,estimated,1411,117.5,0.5243660133933482
ergo_adaptive,estimated,1412,117.58333333333337,0.5267351333592543
ergo_adaptive,estimated,1413,117.66666666666663,0.5254370127042413
ergo_adaptive,estimated,1414,117.75,0.526389214663327
ergo_adaptive,estimated,1415,117.83333333333337,0.5227493552304938
ergo_adaptive,estimated,1416,117.91666666666663,0.522571051792784
ergo_adaptive,estimated,1417,118.0,0.5231745057386519
ergo_adaptive,estimated,1418,118.08333333333337,0.5224469642046892
ergo_adaptive,estimated,1419,118.16666666666663,0.5228107681192515
ergo_adaptive,estimated,1420,118.25,0.5258416495011098
ergo_adaptive,estimated,1421,118.33333333333337,0.5244212383911598
ergo_adaptive,estimated,1422,118.41666666666663,0.5254092347492373
ergo_adaptive,estimated,1423,118.5,0.5256828714335734
ergo_adaptive,estimated,1424,118.58333333333337,0.5215153890106881
ergo_adaptive,estimated,1425,118.66666666666663,0.5212189665404372
ergo_adaptive,estimated,1426,118.75,0.5221430028338235
ergo_adaptive,estimated,1427,118.83333333333337,0.5217352636408311
ergo_adaptive,estimated,1428,118.91666666666663,0.5247677211917288
ergo_adaptive,estimated,1429,119.0,0.5229491651442626
ergo_adaptive,estimated,1430,119.08333333333337,0.522765434304498
ergo_adaptive,estimated,1431,119.16666666666663,0.5234376129210672
ergo_adaptive,estimated,1432,119.25,0.5235967690489777
ergo_adaptive,estimated,1433,119.33333333333337,0.5263663105913373
ergo_adaptive,estimated,1434,119.41666666666663,0.5240125120094001
ergo_adaptive,estimated,1435,119.5,0.522978288061126
ergo_adaptive,estimated,1436,119.58333333333337,0.5243917955840134
ergo_adaptive,estimated,1437,119.66666666666663,0.525413807395746
ergo_adaptive,estimated,1438,119.75,0.526559400475787
ergo_adaptive,estimated,1439,119.83333333333337,0.526476678755159
ergo_adaptive,estimated,1440,119.91666666666663,0.527132620205262
ergo_adaptive,estimated,1441,120.0,0.5250023661613383
ergo_adaptive,estimated,1442,120.08333333333337,0.5237863538553371
ergo_adaptive,estimated,1443,120.16666666666663,0.5272916590582596
ergo_adaptive,estimated,1444,120.25,0.5260696897463364
ergo_adaptive,estimated,1445,120.33333333333337,0.5245809919569485
ergo_adaptive,estimated,1446,120.41666666666663,0.5231786422634214
ergo_adaptive,estimated,1447,120.5,0.5215718463884641
ergo_adaptive,estimated,1448,120.58333333333337,0.5211093036944192
ergo_adaptive,estimated,1449,120.66666666666663,0.5233079192040611
ergo_adaptive,estimated,1450,120.75,0.5241079911883443
ergo_adaptive,estimated,1451,120.83333333333337,0.5202295503104063
ergo_adaptive,estimated,1452,120.91666666666663,0.524145842780299
ergo_adaptive,estimated,1453,121.0,0.5227491956608236
ergo_adaptive,estimated,1454,121.08333333333337,0.5213388194787817
ergo_adaptive,estimated,1455,121.16666666666663,0.5179066695515187
ergo_adaptive,estimated,1456,121.25,0.5189627617685625
ergo_adaptive,estimated,1457,121.33333333333337,0.5181096229743984
ergo_adaptive,estimated,1458,121.41666666666663,0.5179272837412043
ergo_adaptive,estimated,1459,121.5,0.5167282224194726
ergo_adaptive,estimated,1460,121.58333333333337,0.521409756199098
ergo_adaptive,estimated,1461,121.66666666666663,0.5222233924916693
ergo_adaptive,estimated,1462,121.75,0.5186705600757815
ergo_adaptive,estimated,1463,121.83333333333337,0.5196089297979812
ergo_adaptive,estimated,1464,121.91666666666663,0.5174072866611942
ergo_adaptive,estimated,1465,122.0,0.5143086943063286
ergo_adaptive,estimated,1466,122.08333333333337,0.5168044469219301
ergo_adaptive,estimated,1467,122.16666666666663,0.5149288717681001
ergo_adaptive,estimated,1468,122.25,0.514329803451062
ergo_adaptive,estimated,1469,122.33333333333337,0.5154229190205086
ergo_adaptive,estimated,1470,122.41666666666663,0.5169150621033224
ergo_adaptive,estimated,1471,122.5,0.5148147434163834
ergo_adaptive,estimated,1472,122.58333333333337,0.5155060935744487
ergo_adaptive,estimated,1473,122.66666666666663,0.5162384403933555
ergo_adaptive,estimated,1474,122.75,0.5196470839398512
ergo_adaptive,estimated,1475,122.83333333333337,0.5198387111179876
ergo_adaptive,estimated,1476,122.91666666666663,0.5152357528592578
ergo_adaptive,estimated,1477,123.0,0.5158391349373029
ergo_adaptive,estimated,1478,123.08333333333337,0.5132197249227171
ergo_adaptive,estimated,1479,123.16666666666663,0.5113260224082595
ergo_adaptive,estimated,1480,123.25,0.5129685378181881
ergo_adaptive,estimated,1481,123.33333333333337,0.5154695259064827
ergo_adaptive,estimated,1482,123.41666666666663,0.5171308389886481
ergo_adaptive,estimated,1483,123.5,0.518433495890108
ergo_adaptive,estimated,1484,123.58333333333337,0.517825941716459
ergo_adaptive,estimated,1485,123.66666666666663,0.5162168356543332
ergo_adaptive,estimated,1486,123.75,0.5140467160273309
ergo_adaptive,estimated,1487,123.83333333333337,0.5142664321242509
ergo_adaptive,estimated,1488,123.91666666666663,0.516701326474713
ergo_adaptive,estimated,1489,124.0,0.5186130464352338
ergo_adaptive,estimated,1490,124.08333333333337,0.5208486587561019
ergo_adaptive,estimated,1491,124.16666666666663,0.518026052090278
ergo_adaptive,estimated,1492,124.25,0.5174799083590015
ergo_adaptive,estimated,1493,124.33333333333337,0.515206453538357
ergo_adaptive,estimated,1494,124.41666666666663,0.5162388176848463
ergo_adaptive,estimated,1495,124.5,0.5166952324282176
ergo_adaptive,estimated,1496,124.58333333333337,0.5147589973660538
ergo_adaptive,estimated,1497,124.66666666666663,0.5140331885545935
ergo_adaptive,estimated,1498,124.75,0.5126455203387543
ergo_adaptive,estimated,1499,124.83333333333337,0.5123554998520863
ergo_adaptive,estimated,1500,124.91666666666663,0.5113181823326959
ergo_adaptive,estimated,1501,125.0,0.510233215604454
ergo_adaptive,estimated,1502,125.08333333333337,0.509839669603942
ergo_adaptive,estimated,1503,125.16666666666663,0.5085298794658696
ergo_adaptive,estimated,1504,125.25,0.5112614190222902
ergo_adaptive,estimated,1505,125.33333333333337,0.5107158634830908
ergo_adaptive,estimated,1506,125.41666666666663,0.5120551408446296
ergo_adaptive,estimated,1507,125.5,0.5132075501546782
ergo_adaptive,estimated,1508,125.58333333333337,0.5121328321545068
ergo_adaptive,estimated,1509,125.66666666666663,0.5139543871045564
ergo_adaptive,estimated,1510,125.75,0.5130323956579276
ergo_adaptive,estimated,1511,125.83333333333337,0.5132393340204514
ergo_adaptive,estimated,1512,125.91666666666663,0.5103576341589032
ergo_adaptive,estimated,1513,126.0,0.5128595204970435
ergo_adaptive,estimated,1514,126.08333333333337,0.5134736085111171
ergo_adaptive,estimated,1515,126.16666666666663,0.513005244641108
ergo_adaptive,estimated,1516,126.25,0.5127262286101085
ergo_adaptive,estimated,1517,126.33333333333337,0.5083957316950201
ergo_adaptive,estimated,1518,126.41666666666663,0.50668082944883
ergo_adaptive,estimated,1519,126.5,0.5072148018704083
ergo_adaptive,estimated,1520,126.58333333333337,0.5096420609602706
ergo_adaptive,estimated,1521,126.66666666666663,0.5092924222419982
ergo_adaptive,estimated,1522,126.75,0.5119037579801781
ergo_adaptive,estimated,1523,126.83333333333337,0.5097498258467905
ergo_adaptive,estimated,1524,126.91666666666663,0.5112025995373778
ergo_adaptive,estimated,1525,127.0,0.5102570966177508
ergo_adaptive,estimated,1526,127.08333333333337,0.5105672765912118
ergo_adaptive,estimated,1527,127.16666666666663,0.5107675851463704
ergo_adaptive,estimated,1528,127.25,0.5090321853744127
ergo_adaptive,estimated,1529,127.33333333333337,0.5099282758923592
ergo_adaptive,estimated,1530,127.41666666666663,0.5131649418752977
ergo_adaptive,estimated,1531,127.5,0.5148357051952662
ergo_adaptive,estimated,1532,127.58333333333337,0.5095699887620891
ergo_adaptive,estimated,1533,127.66666666666663,0.5105642864499059
ergo_adaptive,estimated,1534,127.75,0.5103019009424009
ergo_adaptive,estimated,1535,127.83333333333337,0.5152864426452498
ergo_adaptive,estimated,1536,127.91666666666663,0.5124232895530512
ergo_adaptive,estimated,1537,128.0,0.511908366802849
ergo_adaptive,estimated,1538,128.08333333333337,0.5114426968151227
ergo_adaptive,estimated,1539,128.16666666666663,0.5117747706098755
ergo_adaptive,estimated,1540,128.25,0.5108255188106575
ergo_adaptive,estimated,1541,128.33333333333337,0.5096401707304167
ergo_adaptive,estimated,1542,128.41666666666663,0.5116440804960339
ergo_adaptive,estimated,1543,128.5,0.5127611709555707
ergo_adaptive,estimated,1544,128.58333333333337,0.5118839739177249
ergo_adaptive,estimated,1545,128.66666666666663,0.5138418157291075
ergo_adaptive,estimated,1546,128.75,0.5086513613921521
ergo_adaptive,estimated,1547,128.83333333333337,0.5088523390674355
ergo_adaptive,estimated,1548,128.91666666666663,0.5058331700825658
ergo_adaptive,estimated,1549,129.0,0.5109954760630079
ergo_adaptive,estimated,1550,129.08333333333337,0.5152105171860734
ergo_adaptive,estimated,1551,129.16666666666663,0.5123907604787415
ergo_adaptive,estimated,1552,129.25,0.5111419421348551
ergo_adaptive,estimated,1553,129.33333333333337,0.5116144318476592
ergo_adaptive,estimated,1554,129.41666666666663,0.5108887065913545
ergo_adaptive,estimated,1555,129.5,0.507299482783565
ergo_adaptive,estimated,1556,129.58333333333337,0.5056247341741227
ergo_adaptive,estimated,1557,129.66666666666663,0.5042634612952385
ergo_adaptive,estimated,1558,129.75,0.5066298878346778
ergo_adaptive,estimated,1559,129.83333333333337,0.5061086807982665
ergo_adaptive,estimated,1560,129.91666666666663,0.5055878336114619
ergo_adaptive,estimated,1561,130.0,0.5061486382697276
ergo_adaptive,estimated,1562,130.08333333333337,0.5049124660896578
ergo_adaptive,estimated,1563,130.16666666666663,0.5030309549614008
ergo_adaptive,estimated,1564,130.25,0.504030943559766
ergo_adaptive,estimated,1565,130.33333333333337,0.5043996244123238
ergo_adaptive,estimated,1566,130.41666666666663,0.5069036283185315
ergo_adaptive,estimated,1567,130.5,0.5072500084262846
ergo_adaptive,estimated,1568,130.58333333333337,0.5029268998598055
ergo_adaptive,estimated,1569,130.66666666666663,0.5032548677859391
ergo_adaptive,estimated,1570,130.75,0.5034566413347921
ergo_adaptive,estimated,1571,130.83333333333337,0.5036945596187703
ergo_adaptive,estimated,1572,130.91666666666663,0.5069111319127598
ergo_adaptive,estimated,1573,131.0,0.5046116433437993
ergo_adaptive,estimated,1574,131.08333333333337,0.5081969545634654
ergo_adaptive,estimated,1575,131.16666666666663,0.5067641181478798
ergo_adaptive,estimated,1576,131.25,0.5069268771925889
ergo_adaptive,estimated,1577,131.33333333333337,0.503892324174352
ergo_adaptive,estimated,1578,131.41666666666663,0.5066850755498451
ergo_adaptive,estimated,1579,131.5,0.511351568365213
ergo_adaptive,estimated,1580,131.58333333333337,0.5106960381371419
ergo_adaptive,estimated,1581,131.66666666666663,0.5067673467910982
ergo_adaptive,estimated,1582,131.75,0.5056623030761758
ergo_adaptive,estimated,1583,131.83333333333337,0.5039974263679449
ergo_adaptive,estimated,1584,131.91666666666663,0.505896633039576
ergo_adaptive,estimated,1585,132.0,0.5045361930688685
ergo_adaptive,estimated,1586,132.08333333333337,0.5054664561761862
ergo_adaptive,estimated,1587,132.16666666666663,0.5034725658600258
ergo_adaptive,estimated,1588,132.25,0.5019039405543751
ergo_adaptive,estimated,1589,132.33333333333337,0.503103085739718
ergo_adaptive,estimated,1590,132.41666666666663,0.5055009025529563
ergo_adaptive,estimated,1591,132.5,0.5047278894547825
ergo_adaptive,estimated,1592,132.58333333333337,0.5063147491294453
ergo_adaptive,estimated,1593,132.66666666666663,0.5059893699510393
ergo_adaptive,estimated,1594,132.75,0.5070454705350174
ergo_adaptive,estimated,1595,132.83333333333337,0.5045322990954809
ergo_adaptive,estimated,1596,132.91666666666663,0.5034808631792562
ergo_adaptive,estimated,1597,133.0,0.5022422753533496
ergo_adaptive,estimated,1598,133.08333333333337,0.5031470934551641
ergo_adaptive,estimated,1599,133.16666666666663,0.5032913457970397
ergo_adaptive,estimated,1600,133.25,0.5048490565372727
ergo_adaptive,estimated,1601,133.33333333333337,0.5008777235900463
ergo_adaptive,estimated,1602,133.41666666666663,0.5003934861076554
ergo_adaptive,estimated,1603,133.5,0.500053615659582
ergo_adaptive,estimated,1604,133.58333333333337,0.4987905991195109
ergo_adaptive,estimated,1605,133.66666666666663,0.4989105886670949
ergo_adaptive,estimated,1606,133.75,0.49917855218183
ergo_adaptive,estimated,1607,133.83333333333337,0.503867889566041
ergo_adaptive,estimated,1608,133.91666666666663,0.5046254326062638
ergo_adaptive,estimated,1609,134.0,0.5046012412687767
ergo_adaptive,estimated,1610,134.08333333333337,0.5065449596135411
ergo_adaptive,estimated,1611,134.16666666666663,0.5034850435600369
ergo_adaptive,estimated,1612,134.25,0.5067814882340127
ergo_adaptive,estimated,1613,134.33333333333337,0.5131344157115113
ergo_adaptive,estimated,1614,134.41666666666663,0.5114171044823616
ergo_adaptive,estimated,1615,134.5,0.5145011246011292
ergo_adaptive,estimated,1616,134.58333333333337,0.5083300152542174
ergo_adaptive,estimated,1617,134.66666666666663,0.5066019770687371
ergo_adaptive,estimated,1618,134.75,0.5033513350709832
ergo_adaptive,estimated,1619,134.83333333333337,0.5030515358337927
ergo_adaptive,estimated,1620,134.91666666666663,0.5055806549767592
ergo_adaptive,estimated,1621,135.0,0.5057500692951873
ergo_adaptive,estimated,1622,135.08333333333337,0.5050033202032334
ergo_adaptive,estimated,1623,135.16666666666663,0.5023286889472468
ergo_adaptive,estimated,1624,135.25,0.49761142612035275
ergo_adaptive,estimated,1625,135.33333333333337,0.4988632866896677
ergo_adaptive,estimated,1626,135.41666666666663,0.5068048934532292
ergo_adaptive,estimated,1627,135.5,0.5051129556803794
ergo_adaptive,estimated,1628,135.58333333333337,0.5039748751542388
ergo_adaptive,estimated,1629,135.66666666666663,0.505913103590192
ergo_adaptive,estimated,1630,135.75,0.5071009828262979
ergo_adaptive,estimated,1631,135.83333333333337,0.5014468208472066
ergo_adaptive,estimated,1632,135.91666666666663,0.5002644389435512
ergo_adaptive,estimated,1633,136.0,0.502765238531685
ergo_adaptive,estimated,1634,136.08333333333337,0.5044330500057161
ergo_adaptive,estimated,1635,136.16666666666663,0.5029231060719467
ergo_adaptive,estimated,1636,136.25,0.5028502538515937
ergo_adaptive,estimated,1637,136.33333333333337,0.5026337759881068
ergo_adaptive,estimated,1638,136.41666666666663,0.5044775766827027
ergo_adaptive,estimated,1639,136.5,0.5031888626064428
ergo_adaptive,estimated,1640,136.58333333333337,0.500090828359905
ergo_adaptive,estimated,1641,136.66666666666663,0.5008980635978088
ergo_adaptive,estimated,1642,136.75,0.5019251739636394
ergo_adaptive,estimated,1643,136.83333333333337,0.5004452423481468
ergo_adaptive,estimated,1644,136.91666666666663,0.5037598180881016
ergo_adaptive,estimated,1645,137.0,0.507350308052677
ergo_adaptive,estimated,1646,137.08333333333337,0.506463045806937
ergo_adaptive,estimated,1647,137.16666666666663,0.5079256923989225
ergo_adaptive,estimated,1648,137.25,0.5029479166854091
ergo_adaptive,estimated,1649,137.33333333333337,0.5071865157820575
ergo_adaptive,estimated,1650,137.41666666666663,0.5076692752288116
ergo_adaptive,estimated,1651,137.5,0.5092119518041787
ergo_adaptive,estimated,1652,137.58333333333337,0.5062090239306196
ergo_adaptive,estimated,1653,137.66666666666663,0.507096883183351
ergo_adaptive,estimated,1654,137.75,0.5035689727818523
ergo_adaptive,estimated,1655,137.83333333333337,0.504709993081438
ergo_adaptive,estimated,1656,137.91666666666663,0.5040648154989206
ergo_adaptive,estimated,1657,138.0,0.5049977314801856
ergo_adaptive,estimated,1658,138.08333333333337,0.5034258072615123
ergo_adaptive,estimated,1659,138.16666666666663,0.5006428750267901
ergo_adaptive,estimated,1660,138.25,0.5003554010445271
ergo_adaptive,estimated,1661,138.33333333333337,0.4977327917462684
ergo_adaptive,estimated,1662,138.41666666666663,0.5018769247909063
ergo_adaptive,estimated,1663,138.5,0.5046160163122755
ergo_adaptive,estimated,1664,138.58333333333337,0.5090524220517354
ergo_adaptive,estimated,1665,138.66666666666663,0.5086373161254987
ergo_adaptive,estimated,1666,138.75,0.5120703308853687
ergo_adaptive,estimated,1667,138.83333333333337,0.5130425397877624
ergo_adaptive,estimated,1668,138.91666666666663,0.5115893325837998
ergo_adaptive,estimated,1669,139.0,0.5098493623130289
ergo_adaptive,estimated,1670,139.08333333333337,0.5086970517932355
ergo_adaptive,estimated,1671,139.16666666666663,0.5047605159245743
ergo_adaptive,estimated,1672,139.25,0.506579383915216
ergo_adaptive,estimated,1673,139.33333333333337,0.5026963355642696
ergo_adaptive,estimated,1674,139.41666666666663,0.5012229392422672
ergo_adaptive,estimated,1675,139.5,0.4969866631270511
ergo_adaptive,estimated,1676,139.58333333333337,0.4959925906593303
ergo_adaptive,estimated,1677,139.66666666666663,0.4933650655674492
ergo_adaptive,estimated,1678,139.75,0.5013361411213137
ergo_adaptive,estimated,1679,139.83333333333337,0.4980516909395857
ergo_adaptive,estimated,1680,139.91666666666663,0.49938933656472473
ergo_adaptive,estimated,1681,140.0,0.5009882122273903
ergo_adaptive,estimated,1682,140.08333333333337,0.49645551408410976
ergo_adaptive,estimated,1683,140.16666666666663,0.4982800075768792
ergo_adaptive,estimated,1684,140.25,0.500200661083749
ergo_adaptive,estimated,1685,140.33333333333337,0.4970297395703822
ergo_adaptive,estimated,1686,140.41666666666663,0.49728352508370777
ergo_adaptive,estimated,1687,140.5,0.49941315282001686
ergo_adaptive,estimated,1688,140.58333333333337,0.4969256918057627
ergo_adaptive,estimated,1689,140.66666666666663,0.49722998903257587
ergo_adaptive,estimated,1690,140.75,0.4984388649059697
ergo_adaptive,estimated,1691,140.83333333333337,0.5004116409413307
ergo_adaptive,estimated,1692,140.91666666666663,0.4997306882428876
ergo_adaptive,estimated,1693,141.0,0.49930548671957
ergo_adaptive,estimated,1694,141.08333333333337,0.5014138461642315
ergo_adaptive,estimated,1695,141.16666666666663,0.5041090642731524
ergo_adaptive,estimated,1696,141.25,0.5027595415092235
ergo_adaptive,estimated,1697,141.33333333333337,0.501050228215574
ergo_adaptive,estimated,1698,141.41666666666663,0.5047009999667599
ergo_adaptive,estimated,1699,141.5,0.5059798303806013
ergo_adaptive,estimated,1700,141.58333333333337,0.5069536427977005
ergo_adaptive,estimated,1701,141.66666666666663,0.5050572420173091
ergo_adaptive,estimated,1702,141.75,0.4994884692855234
ergo_adaptive,estimated,1703,141.83333333333337,0.5023684920120972
ergo_adaptive,estimated,1704,141.91666666666663,0.5018779379721554
ergo_adaptive,estimated,1705,142.0,0.5016403810733175
ergo_adaptive,estimated,1706,142.08333333333337,0.4995258443646129
ergo_adaptive,estimated,1707,142.16666666666663,0.500093560281936
ergo_adaptive,estimated,1708,142.25,0.5017922445716374
ergo_adaptive,estimated,1709,142.33333333333337,0.5026348287664114
ergo_adaptive,estimated,1710,142.41666666666663,0.5072220710006649
ergo_adaptive,estimated,1711,142.5,0.5045002085533491
ergo_adaptive,estimated,1712,142.58333333333337,0.5101212495636988
ergo_adaptive,estimated,1713,142.66666666666663,0.5125253127087563
ergo_adaptive,estimated,1714,142.75,0.5132490370019185
ergo_adaptive,estimated,1715,142.83333333333337,0.5163700928476358
ergo_adaptive,estimated,1716,142.91666666666663,0.520297339183992
ergo_adaptive,estimated,1717,143.0,0.5213899811947326
ergo_adaptive,estimated,1718,143.08333333333337,0.5264796578852152
ergo_adaptive,estimated,1719,143.16666666666663,0.523138362173719
ergo_adaptive,estimated,1720,143.25,0.5240525481475272
ergo_adaptive,estimated,1721,143.33333333333337,0.5315750045135875
ergo_adaptive,estimated,1722,143.41666666666663,0.5341902117975048
ergo_adaptive,estimated,1723,143.5,0.5437875809373411
ergo_adaptive,estimated,1724,143.58333333333337,0.542573120511181
ergo_adaptive,estimated,1725,143.66666666666663,0.5411505852942728
ergo_adaptive,estimated,1726,143.75,0.5459969211091421
ergo_adaptive,estimated,1727,143.83333333333337,0.5519846998174933
ergo_adaptive,estimated,1728,143.91666666666663,0.5546900105992446
ergo_adaptive,estimated,1729,144.0,0.5569050669860643
ergo_adaptive,estimated,1730,144.08333333333337,0.5562669906285828
ergo_adaptive,estimated,1731,144.16666666666663,0.5589220024958822
ergo_adaptive,estimated,1732,144.25,0.5612081212287262
ergo_adaptive,estimated,1733,144.33333333333337,0.5646061869967239
ergo_adaptive,estimated,1734,144.41666666666663,0.5662564323943375
ergo_adaptive,estimated,1735,144.5,0.5666671029050322
ergo_adaptive,estimated,1736,144.58333333333337,0.5674714520491407
ergo_adaptive,estimated,1737,144.66666666666663,0.5690769254307882
ergo_adaptive,estimated,1738,144.75,0.5706340477008235
ergo_adaptive,estimated,1739,144.83333333333337,0.5726095481798257
ergo_adaptive,estimated,1740,144.91666666666663,0.5742775012188368
ergo_adaptive,estimated,1741,145.0,0.5750448941296604
ergo_adaptive,estimated,1742,145.08333333333337,0.575635990677356
ergo_adaptive,estimated,1743,145.16666666666663,0.5762985262214009
ergo_adaptive,estimated,1744,145.25,0.5765118163509518
ergo_adaptive,estimated,1745,145.33333333333337,0.5776006312919912
ergo_adaptive,estimated,1746,145.41666666666663,0.5782524678392968
ergo_adaptive,estimated,1747,145.5,0.5788726642535406
ergo_adaptive,estimated,1748,145.58333333333337,0.5804534062064668
ergo_adaptive,estimated,1749,145.66666666666663,0.5813766467691343
ergo_adaptive,estimated,1750,145.75,0.582153878757373
ergo_adaptive,estimated,1751,145.83333333333337,0.5825570094781446
ergo_adaptive,estimated,1752,145.91666666666663,0.583424160677574
ergo_adaptive,estimated,1753,146.0,0.5843892924339348
ergo_adaptive,estimated,1754,146.08333333333337,0.5855586262410941
ergo_adaptive,estimated,1755,146.16666666666663,0.5857663775306378
ergo_adaptive,estimated,1756,146.25,0.5864588034710629
ergo_adaptive,estimated,1757,146.33333333333337,0.587410229805569
ergo_adaptive,estimated,1758,146.41666666666663,0.587507427346265
ergo_adaptive,estimated,1759,146.5,0.5881871620438912
ergo_adaptive,estimated,1760,146.58333333333337,0.5887940605984896
ergo_adaptive,estimated,1761,146.66666666666663,0.5893793320218952
ergo_adaptive,estimated,1762,146.75,0.5899102595574456
ergo_adaptive,estimated,1763,146.83333333333337,0.5903149400472042
ergo_adaptive,estimated,1764,146.91666666666663,0.5909770249835373
ergo_adaptive,estimated,1765,147.0,0.5917940547766262
ergo_adaptive,estimated,1766,147.08333333333337,0.5920925778343055
ergo_adaptive,estimated,1767,147.16666666666663,0.5923903030824471
ergo_adaptive,estimated,1768,147.25,0.5927279310528382
ergo_adaptive,estimated,1769,147.33333333333337,0.5932958397646405
ergo_adaptive,estimated,1770,147.41666666666663,0.5936448558724885
ergo_adaptive,estimated,1771,147.5,0.594556752860579
ergo_adaptive,estimated,1772,147.58333333333337,0.5948950626938949
ergo_adaptive,estimated,1773,147.66666666666663,0.5950964864149015
ergo_adaptive,estimated,1774,147.75,0.5957037827678089
ergo_adaptive,estimated,1775,147.83333333333337,0.5958700385169294
ergo_adaptive,estimated,1776,147.91666666666663,0.5959246408736494
ergo_adaptive,estimated,1777,148.0,0.5960901818680083
ergo_adaptive,estimated,1778,148.08333333333337,0.5965965409719342
ergo_adaptive,estimated,1779,148.16666666666663,0.5968790450159709
ergo_adaptive,estimated,1780,148.25,0.5973058563052281
ergo_adaptive,estimated,1781,148.33333333333337,0.5978071336126691
ergo_adaptive,estimated,1782,148.41666666666663,0.5979840659881961
ergo_adaptive,estimated,1783,148.5,0.5979089953144532
ergo_adaptive,estimated,1784,148.58333333333337,0.5983645757030037
ergo_adaptive,estimated,1785,148.66666666666663,0.5983369147156787
ergo_adaptive,estimated,1786,148.75,0.5981866096053308
ergo_adaptive,estimated,1787,148.83333333333337,0.5982885142506735
ergo_adaptive,estimated,1788,148.91666666666663,0.5983857998163132
ergo_adaptive,estimated,1789,149.0,0.5987253307162088
ergo_adaptive,estimated,1790,149.08333333333337,0.5989412559040758
ergo_adaptive,estimated,1791,149.16666666666663,0.5991318636977669
ergo_adaptive,estimated,1792,149.25,0.5994552778308583
ergo_adaptive,estimated,1793,149.33333333333337,0.5997746690670122
ergo_adaptive,estimated,1794,149.41666666666663,0.5999543804328612
ergo_adaptive,estimated,1795,149.5,0.6003075864244107
ergo_adaptive,estimated,1796,149.58333333333337,0.600339916620727
ergo_adaptive,estimated,1797,149.66666666666663,0.6003164881417339
ergo_adaptive,estimated,1798,149.75,0.6003237293899908
ergo_adaptive,estimated,1799,149.83333333333337,0.6004351699949092
ergo_adaptive,estimated,1800,149.91666666666663,0.6005789413356755
ergo_adaptive,estimated,1801,150.0,0.6008307667761379
ergo_adaptive,estimated,1802,150.08333333333337,0.6009343312137138
ergo_adaptive,estimated,1803,150.16666666666663,0.6009152798486597
ergo_adaptive,estimated,1804,150.25,0.6009667929151381
ergo_adaptive,estimated,1805,150.33333333333337,0.6013451136307701
ergo_adaptive,estimated,1806,150.41666666666663,0.6014392943307653
ergo_adaptive,estimated,1807,150.5,0.6011087886495116
ergo_adaptive,estimated,1808,150.58333333333337,0.6014192994267994
ergo_adaptive,estimated,1809,150.66666666666663,0.6016419018890882
ergo_adaptive,estimated,1810,150.75,0.6016835647340214
ergo_adaptive,estimated,1811,150.83333333333337,0.6017883896977192
ergo_adaptive,estimated,1812,150.91666666666663,0.6015293469752196
ergo_adaptive,estimated,1813,151.0,0.6017406599717312
ergo_adaptive,estimated,1814,151.08333333333337,0.6020100294547809
ergo_adaptive,estimated,1815,151.16666666666663,0.6018071285122332
ergo_adaptive,estimated,1816,151.25,0.601382372435005
ergo_adaptive,estimated,1817,151.33333333333337,0.6015490395681738
ergo_adaptive,estimated,1818,151.41666666666663,0.6011024851692824
ergo_adaptive,estimated,1819,151.5,0.6011610169339516
ergo_adaptive,estimated,1820,151.58333333333337,0.6008857896440254
ergo_adaptive,estimated,1821,151.66666666666663,0.6006394612287379
ergo_adaptive,estimated,1822,151.75,0.5998853699065751
ergo_adaptive,estimated,1823,151.83333333333337,0.5992444470712344
ergo_adaptive,estimated,1824,151.91666666666663,0.5989496044277772
ergo_adaptive,estimated,1825,152.0,0.5986867603736108
ergo_adaptive,estimated,1826,152.08333333333337,0.5983096208614723
ergo_adaptive,estimated,1827,152.16666666666663,0.5978720556610474
ergo_adaptive,estimated,1828,152.25,0.597779745019157
ergo_adaptive,estimated,1829,152.33333333333337,0.5973936953958933
ergo_adaptive,estimated,1830,152.41666666666663,0.5971863168621611
ergo_adaptive,estimated,1831,152.5,0.5971945564307394
ergo_adaptive,estimated,1832,152.58333333333337,0.5970256617323239
ergo_adaptive,estimated,1833,152.66666666666663,0.5969612997778557
ergo_adaptive,estimated,1834,152.75,0.5966888429606401
ergo_adaptive,estimated,1835,152.83333333333337,0.5965316471228356
ergo_adaptive,estimated,1836,152.91666666666663,0.5962218308902028
ergo_adaptive,estimated,1837,153.0,0.596537512165481
ergo_adaptive,estimated,1838,153.08333333333337,0.5965321707519046
ergo_adaptive,estimated,1839,153.16666666666663,0.5961154869216414
ergo_adaptive,estimated,1840,153.25,0.5956981157351737
ergo_adaptive,estimated,1841,153.33333333333337,0.5956863641768029
ergo_adaptive,estimated,1842,153.41666666666663,0.5955250059198022
ergo_adaptive,estimated,1843,153.5,0.5951437428800991
ergo_adaptive,estimated,1844,153.58333333333337,0.595042010214079
ergo_adaptive,estimated,1845,153.66666666666663,0.5943676387437024
ergo_adaptive,estimated,1846,153.75,0.5940755561753444
ergo_adaptive,estimated,1847,153.83333333333337,0.5938007150849509
ergo_adaptive,estimated,1848,153.91666666666663,0.5931688998419896
ergo_adaptive,estimated,1849,154.0,0.5931475113125125
ergo_adaptive,estimated,1850,154.08333333333337,0.5929389709826467
ergo_adaptive,estimated,1851,154.16666666666663,0.5927701342534087
ergo_adaptive,estimated,1852,154.25,0.5926894007191515
ergo_adaptive,estimated,1853,154.33333333333337,0.5918257750625405
ergo_adaptive,estimated,1854,154.41666666666663,0.5918625581966294
ergo_adaptive,estimated,1855,154.5,0.5911953810545248
ergo_adaptive,estimated,1856,154.58333333333337,0.5905538723224658
ergo_adaptive,estimated,1857,154.66666666666663,0.5905109212918216
ergo_adaptive,estimated,1858,154.75,0.590240742930552
ergo_adaptive,estimated,1859,154.83333333333337,0.5894940024685562
ergo_adaptive,estimated,1860,154.91666666666663,0.5896308747174704
ergo_adaptive,estimated,1861,155.0,0.5890385205021265
ergo_adaptive,estimated,1862,155.08333333333337,0.5887230310459821
ergo_adaptive,estimated,1863,155.16666666666663,0.587235442285003
ergo_adaptive,estimated,1864,155.25,0.5873438880955992
ergo_adaptive,estimated,1865,155.33333333333337,0.5872479589150927
ergo_adaptive,estimated,1866,155.41666666666663,0.5856742238582907
ergo_adaptive,estimated,1867,155.5,0.5850579314685376
ergo_adaptive,estimated,1868,155.58333333333337,0.5856554299005448
ergo_adaptive,estimated,1869,155.66666666666663,0.5852513920424228
ergo_adaptive,estimated,1870,155.75,0.584437798144131
ergo_adaptive,estimated,1871,155.83333333333337,0.5837706285168252
ergo_adaptive,estimated,1872,155.91666666666663,0.5840329504786681
ergo_adaptive,estimated,1873,156.0,0.5835237707007845
ergo_adaptive,estimated,1874,156.08333333333337,0.583728665456344
ergo_adaptive,estimated,1875,156.16666666666663,0.5830307794125359
ergo_adaptive,estimated,1876,156.25,0.581317920448518
ergo_adaptive,estimated,1877,156.33333333333337,0.5806154516541386
ergo_adaptive,estimated,1878,156.41666666666663,0.5812914449518861
ergo_adaptive,estimated,1879,156.5,0.581638730274104
ergo_adaptive,estimated,1880,156.58333333333337,0.5819100215205107
ergo_adaptive,estimated,1881,156.66666666666663,0.5815436309487039
ergo_adaptive,estimated,1882,156.75,0.5807539234209065
ergo_adaptive,estimated,1883,156.83333333333337,0.5810291991654262
ergo_adaptive,estimated,1884,156.91666666666663,0.5806173027533227
ergo_adaptive,estimated,1885,157.0,0.5804737441690342
ergo_adaptive,estimated,1886,157.08333333333337,0.5795669497268892
ergo_adaptive,estimated,1887,157.16666666666663,0.5769218765528277
ergo_adaptive,estimated,1888,157.25,0.574287480435678
ergo_adaptive,estimated,1889,157.33333333333337,0.5737278052116377
ergo_adaptive,estimated,1890,157.41666666666663,0.5739682823653136
ergo_adaptive,estimated,1891,157.5,0.5705321027747798
ergo_adaptive,estimated,1892,157.58333333333337,0.5692042910157925
ergo_adaptive,estimated,1893,157.66666666666663,0.5683447341986548
ergo_adaptive,estimated,1894,157.75,0.566877294595287
ergo_adaptive,estimated,1895,157.83333333333337,0.5654040182060237
ergo_adaptive,estimated,1896,157.91666666666663,0.5660986406972834
ergo_adaptive,estimated,1897,158.0,0.5667421078670433
ergo_adaptive,estimated,1898,158.08333333333337,0.5675838121492024
ergo_adaptive,estimated,1899,158.16666666666663,0.5675199763767353
ergo_adaptive,estimated,1900,158.25,0.5679063537672595
ergo_adaptive,estimated,1901,158.33333333333337,0.5672284907217228
ergo_adaptive,estimated,1902,158.41666666666663,0.5675836017073297
ergo_adaptive,estimated,1903,158.5,0.568036464279316
ergo_adaptive,estimated,1904,158.58333333333337,0.5682132535791758
ergo_adaptive,estimated,1905,158.66666666666663,0.5706615367814898
ergo_adaptive,estimated,1906,158.75,0.5724699693602157
ergo_adaptive,estimated,1907,158.83333333333337,0.5728616079563161
ergo_adaptive,estimated,1908,158.91666666666663,0.5731705922498586
ergo_adaptive,estimated,1909,159.0,0.5723680784640721
ergo_adaptive,estimated,1910,159.08333333333337,0.5746104014667356
ergo_adaptive,estimated,1911,159.16666666666663,0.5754484734889116
ergo_adaptive,estimated,1912,159.25,0.5753648025242597
ergo_adaptive,estimated,1913,159.33333333333337,0.5763150616667346
ergo_adaptive,estimated,1914,159.41666666666663,0.5768764429070884
ergo_adaptive,estimated,1915,159.5,0.5780004269945445
ergo_adaptive,estimated,1916,159.58333333333337,0.5787756411847799
ergo_adaptive,estimated,1917,159.66666666666663,0.578399363857967
ergo_adaptive,estimated,1918,159.75,0.5770311687073107
ergo_adaptive,estimated,1919,159.83333333333337,0.5785877074127083
ergo_adaptive,estimated,1920,159.91666666666663,0.5787186541956141
ergo_adaptive,estimated,1921,160.0,0.5799166527514832
ergo_adaptive,estimated,1922,160.08333333333337,0.57981987617612
ergo_adaptive,estimated,1923,160.16666666666663,0.5800643856647006
ergo_adaptive,estimated,1924,160.25,0.5812414758636234
ergo_adaptive,estimated,1925,160.33333333333337,0.5813660534461284
ergo_adaptive,estimated,1926,160.41666666666663,0.5819222636218575
ergo_adaptive,estimated,1927,160.5,0.5823507371651142
ergo_adaptive,estimated,1928,160.58333333333337,0.5824043983994779
ergo_adaptive,estimated,1929,160.66666666666663,0.5827989455372125
ergo_adaptive,estimated,1930,160.75,0.5836261225549733
ergo_adaptive,estimated,1931,160.83333333333337,0.5847271653902699
ergo_adaptive,estimated,1932,160.91666666666663,0.5843970302467136
ergo_adaptive,estimated,1933,161.0,0.5854394138613266
ergo_adaptive,estimated,1934,161.08333333333337,0.5856685418861372
ergo_adaptive,estimated,1935,161.16666666666663,0.5865652278925599
ergo_adaptive,estimated,1936,161.25,0.5868538370790859
ergo_adaptive,estimated,1937,161.33333333333337,0.5870998165551454
ergo_adaptive,estimated,1938,161.41666666666663,0.5877460463414168
ergo_adaptive,estimated,1939,161.5,0.5875248681406547
ergo_adaptive,estimated,1940,161.58333333333337,0.5883294340370505
ergo_adaptive,estimated,1941,161.66666666666663,0.5883975990360458
ergo_adaptive,estimated,1942,161.75,0.5884984873426401
ergo_adaptive,estimated,1943,161.83333333333337,0.5889458995080843
ergo_adaptive,estimated,1944,161.91666666666663,0.5890224055059361
ergo_adaptive,estimated,1945,162.0,0.5896502190531602
ergo_adaptive,estimated,1946,162.08333333333337,0.5902223991557789
ergo_adaptive,estimated,1947,162.16666666666663,0.5904511866421194
ergo_adaptive,estimated,1948,162.25,0.5911535481765376
ergo_adaptive,estimated,1949,162.33333333333337,0.5914950369218597
ergo_adaptive,estimated,1950,162.41666666666663,0.5918051015112064
ergo_adaptive,estimated,1951,162.5,0.5920588377704488
ergo_adaptive,estimated,1952,162.58333333333337,0.5927277917345691
ergo_adaptive,estimated,1953,162.66666666666663,0.5932025126410272
ergo_adaptive,estimated,1954,162.75,0.593622063640798
ergo_adaptive,estimated,1955,162.83333333333337,0.5937347454256192
ergo_adaptive,estimated,1956,162.91666666666663,0.5940308411633727
ergo_adaptive,estimated,1957,163.0,0.5944247968782431
ergo_adaptive,estimated,1958,163.08333333333337,0.5949187277961809
ergo_adaptive,estimated,1959,163.16666666666663,0.5955403670597755
ergo_adaptive,estimated,1960,163.25,0.5960624307430831
ergo_adaptive,estimated,1961,163.33333333333337,0.5962304958810063
ergo_adaptive,estimated,1962,163.41666666666663,0.5965374599472018
ergo_adaptive,estimated,1963,163.5,0.5967807415330869
ergo_adaptive,estimated,1964,163.58333333333337,0.5961329193712046
ergo_adaptive,estimated,1965,163.66666666666663,0.5964407188247376
ergo_adaptive,estimated,1966,163.75,0.5968879927284105
ergo_adaptive,estimated,1967,163.83333333333337,0.5970994289378154
ergo_adaptive,estimated,1968,163.91666666666663,0.5966288595501088
ergo_adaptive,estimated,1969,164.0,0.5961352297202419
ergo_adaptive,estimated,1970,164.08333333333337,0.5958927709637971
ergo_adaptive,estimated,1971,164.16666666666663,0.5957142595643482
ergo_adaptive,estimated,1972,164.25,0.5960686045431713
ergo_adaptive,estimated,1973,164.33333333333337,0.5964013552718321
ergo_adaptive,estimated,1974,164.41666666666663,0.596246402891016
ergo_adaptive,estimated,1975,164.5,0.5964200079991365
ergo_adaptive,estimated,1976,164.58333333333337,0.5959705214426594
ergo_adaptive,estimated,1977,164.66666666666663,0.5959809704839778
ergo_adaptive,estimated,1978,164.75,0.5956579381960362
ergo_adaptive,estimated,1979,164.83333333333337,0.5958258229707439
ergo_adaptive,estimated,1980,164.91666666666663,0.5959542114403032
ergo_adaptive,estimated,1981,165.0,0.5958906842730822
ergo_adaptive,estimated,1982,165.08333333333337,0.5954542289214808
ergo_adaptive,estimated,1983,165.16666666666663,0.5956167174364257
ergo_adaptive,estimated,1984,165.25,0.595499132110599
ergo_adaptive,estimated,1985,165.33333333333337,0.5955236261084663
ergo_adaptive,estimated,1986,165.41666666666663,0.5950241246074537
ergo_adaptive,estimated,1987,165.5,0.594799333724718
ergo_adaptive,estimated,1988,165.58333333333337,0.59549097079673
ergo_adaptive,estimated,1989,165.66666666666663,0.5950282362300853
ergo_adaptive,estimated,1990,165.75,0.5944955396954024
ergo_adaptive,estimated,1991,165.83333333333337,0.5943306246892717
ergo_adaptive,estimated,1992,165.91666666666663,0.5943119290355104
ergo_adaptive,estimated,1993,166.0,0.5938541562864459
ergo_adaptive,estimated,1994,166.08333333333337,0.5938409244624764
ergo_adaptive,estimated,1995,166.16666666666663,0.593878476432831
ergo_adaptive,estimated,1996,166.25,0.593911945998961
ergo_adaptive,estimated,1997,166.33333333333337,0.5937459280494491
ergo_adaptive,estimated,1998,166.41666666666663,0.593518083544793
ergo_adaptive,estimated,1999,166.5,0.593243493383242
ergo_adaptive,estimated,2000,166.58333333333337,0.5933455435693544
ergo_adaptive,estimated,2001,166.66666666666663,0.5931793590748149
ergo_adaptive,estimated,2002,166.75,0.5930439171068348
ergo_adaptive,estimated,2003,166.83333333333337,0.5933326541711736
ergo_adaptive,estimated,2004,166.91666666666663,0.5930411605544336
ergo_adaptive,estimated,2005,167.0,0.5930102426358692
ergo_adaptive,estimated,2006,167.08333333333337,0.5929134056349553
ergo_adaptive,estimated,2007,167.16666666666663,0.5933133311688857
ergo_adaptive,estimated,2008,167.25,0.5933874342515898
ergo_adaptive,estimated,2009,167.33333333333337,0.5938556890921368
ergo_adaptive,estimated,2010,167.41666666666663,0.5939691690259236
ergo_adaptive,estimated,2011,167.5,0.5939251314156945
ergo_adaptive,estimated,2012,167.58333333333337,0.5934843638015782
ergo_adaptive,estimated,2013,167.66666666666663,0.5936707369626157
ergo_adaptive,estimated,2014,167.75,0.593256422769937
ergo_adaptive,estimated,2015,167.83333333333337,0.5924067487144844
ergo_adaptive,estimated,2016,167.91666666666663,0.5923613689429406
ergo_adaptive,estimated,2017,168.0,0.5917924164271713
ergo_adaptive,estimated,2018,168.08333333333337,0.5920036190404879
ergo_adaptive,estimated,2019,168.16666666666663,0.5920674711477097
ergo_adaptive,estimated,2020,168.25,0.5921261005558733
ergo_adaptive,estimated,2021,168.33333333333337,0.5925493204797682
ergo_adaptive,estimated,2022,168.41666666666663,0.5923742360520882
ergo_adaptive,estimated,2023,168.5,0.5924381410262964
ergo_adaptive,estimated,2024,168.58333333333337,0.5920287559752925
ergo_adaptive,estimated,2025,168.66666666666663,0.5922883952212668
ergo_adaptive,estimated,2026,168.75,0.5920768169270353
ergo_adaptive,estimated,2027,168.83333333333337,0.5922212124400424
ergo_adaptive,estimated,2028,168.91666666666663,0.5923916009043324
ergo_adaptive,estimated,2029,169.0,0.5919840808105195
ergo_adaptive,estimated,2030,169.08333333333337,0.5919934378993494
ergo_adaptive,estimated,2031,169.16666666666663,0.5924922868053266
ergo_adaptive,estimated,2032,169.25,0.5925293946175647
ergo_adaptive,estimated,2033,169.33333333333337,0.5922787764076127
ergo_adaptive,estimated,2034,169.41666666666663,0.5923204244690543
ergo_adaptive,estimated,2035,169.5,0.5918167443513708
ergo_adaptive,estimated,2036,169.58333333333337,0.5916154335524654
ergo_adaptive,estimated,2037,169.66666666666663,0.591292515975214
ergo_adaptive,estimated,2038,169.75,0.5915547584128591
ergo_adaptive,estimated,2039,169.83333333333337,0.5910604050017991
ergo_adaptive,estimated,2040,169.91666666666663,0.5905442154183083
ergo_adaptive,estimated,2041,170.0,0.5906774076960369
ergo_adaptive,estimated,2042,170.08333333333337,0.5904278242645841
ergo_adaptive,estimated,2043,170.16666666666663,0.5902754756194252
ergo_adaptive,estimated,2044,170.25,0.5898043145290363
ergo_adaptive,estimated,2045,170.33333333333337,0.5898906445380224
ergo_adaptive,estimated,2046,170.41666666666663,0.5897342750286787
ergo_adaptive,estimated,2047,170.5,0.5901396788369644
ergo_adaptive,estimated,2048,170.58333333333337,0.5896038174363964
ergo_adaptive,estimated,2049,170.66666666666663,0.5896338798890631
ergo_adaptive,estimated,2050,170.75,0.5897132925035365
ergo_adaptive,estimated,2051,170.83333333333337,0.5897689259554622
ergo_adaptive,estimated,2052,170.91666666666663,0.5896155982105401
ergo_adaptive,estimated,2053,171.0,0.5895990411574871
ergo_adaptive,estimated,2054,171.08333333333337,0.5897084918646291
ergo_adaptive,estimated,2055,171.16666666666663,0.5899228446935934
ergo_adaptive,estimated,2056,171.25,0.5903197593209023
ergo_adaptive,estimated,2057,171.33333333333337,0.5903226005998824
ergo_adaptive,estimated,2058,171.41666666666663,0.5899361636655583
ergo_adaptive,estimated,2059,171.5,0.5901351618580163
ergo_adaptive,estimated,2060,171.58333333333337,0.5899396117307905
ergo_adaptive,estimated,2061,171.66666666666663,0.590179121988556
ergo_adaptive,estimated,2062,171.75,0.5900637893451617
ergo_adaptive,estimated,2063,171.83333333333337,0.5901552546847753
ergo_adaptive,estimated,2064,171.91666666666663,0.5898905798345196
ergo_adaptive,estimated,2065,172.0,0.5898695941201206
ergo_adaptive,estimated,2066,172.08333333333337,0.5896779171136378
ergo_adaptive,estimated,2067,172.16666666666663,0.5894380203226364
ergo_adaptive,estimated,2068,172.25,0.589333328821913
ergo_adaptive,estimated,2069,172.33333333333337,0.5889124784079078
ergo_adaptive,estimated,2070,172.41666666666663,0.5888217214903609
ergo_adaptive,estimated,2071,172.5,0.5889283764851853
ergo_adaptive,estimated,2072,172.58333333333337,0.5886548240094358
ergo_adaptive,estimated,2073,172.66666666666663,0.5889303368538245
ergo_adaptive,estimated,2074,172.75,0.5886303218986005
ergo_adaptive,estimated,2075,172.83333333333337,0.5881478246674251
ergo_adaptive,estimated,2076,172.91666666666663,0.5884236818712589
ergo_adaptive,estimated,2077,173.0,0.5885267208580394
ergo_adaptive,estimated,2078,173.08333333333337,0.588583257091406
ergo_adaptive,estimated,2079,173.16666666666663,0.5885142266924476
ergo_adaptive,estimated,2080,173.25,0.58814002625901
ergo_adaptive,estimated,2081,173.33333333333337,0.5882691037113292
ergo_adaptive,estimated,2082,173.41666666666663,0.5885733522632337
ergo_adaptive,estimated,2083,173.5,0.5887604075230843
ergo_adaptive,estimated,2084,173.58333333333337,0.5886331025131073
ergo_adaptive,estimated,2085,173.66666666666663,0.5885724733058482
ergo_adaptive,estimated,2086,173.75,0.58899965812155
ergo_adaptive,estimated,2087,173.83333333333337,0.5887241474066023
ergo_adaptive,estimated,2088,173.91666666666663,0.5886504209339332
ergo_adaptive,estimated,2089,174.0,0.5884912432822965
ergo_adaptive,estimated,2090,174.08333333333337,0.5883567077527215
ergo_adaptive,estimated,2091,174.16666666666663,0.5886145466216632
ergo_adaptive,estimated,2092,174.25,0.5885995561925172
ergo_adaptive,estimated,2093,174.33333333333337,0.5887157724436378
ergo_adaptive,estimated,2094,174.41666666666663,0.5884407552141366
ergo_adaptive,estimated,2095,174.5,0.5883008514500653
ergo_adaptive,estimated,2096,174.58333333333337,0.5883121330744446
ergo_adaptive,estimated,2097,174.66666666666663,0.5880205659794935
ergo_adaptive,estimated,2098,174.75,0.5877958971225266
ergo_adaptive,estimated,2099,174.83333333333337,0.5877732084155969
ergo_adaptive,estimated,2100,174.91666666666663,0.5875648941461563
ergo_adaptive,estimated,2101,175.0,0.5872841988888424
ergo_adaptive,estimated,2102,175.08333333333337,0.5871826152076698
ergo_adaptive,estimated,2103,175.16666666666663,0.5870449373228461
ergo_adaptive,estimated,2104,175.25,0.5865492302877005
ergo_adaptive,estimated,2105,175.33333333333337,0.5864989287326159
ergo_adaptive,estimated,2106,175.41666666666663,0.5863705603761212
ergo_adaptive,estimated,2107,175.5,0.5862195989172403
ergo_adaptive,estimated,2108,175.58333333333337,0.5861153561040173
ergo_adaptive,estimated,2109,175.66666666666663,0.5862631523494816
ergo_adaptive,estimated,2110,175.75,0.5861378720233926
ergo_adaptive,estimated,2111,175.83333333333337,0.5859365452870943
ergo_adaptive,estimated,2112,175.91666666666663,0.5860147485841279
ergo_adaptive,estimated,2113,176.0,0.5859829480916441
ergo_adaptive,estimated,2114,176.08333333333337,0.585661388346051
ergo_adaptive,estimated,2115,176.16666666666663,0.5857417379821208
ergo_adaptive,estimated,2116,176.25,0.5852933392702201
ergo_adaptive,estimated,2117,176.33333333333337,0.585217658422987
ergo_adaptive,estimated,2118,176.41666666666663,0.585501990660071
ergo_adaptive,estimated,2119,176.5,0.5855986105896142
ergo_adaptive,estimated,2120,176.58333333333337,0.5859413415527638
ergo_adaptive,estimated,2121,176.66666666666663,0.5855231269940852
ergo_adaptive,estimated,2122,176.75,0.5854927479272695
ergo_adaptive,estimated,2123,176.83333333333337,0.5852700715868364
ergo_adaptive,estimated,2124,176.91666666666663,0.5853154442207079
ergo_adaptive,estimated,2125,177.0,0.5853621910030096
ergo_adaptive,estimated,2126,177.08333333333337,0.5852429898612969
ergo_adaptive,estimated,2127,177.16666666666663,0.5853526224328464
ergo_adaptive,estimated,2128,177.25,0.5850994758844138
ergo_adaptive,estimated,2129,177.33333333333337,0.5852586344865806
ergo_adaptive,estimated,2130,177.41666666666663,0.5854946785940234
ergo_adaptive,estimated,2131,177.5,0.5856448345929383
ergo_adaptive,estimated,2132,177.58333333333337,0.5857334680923556
ergo_adaptive,estimated,2133,177.66666666666663,0.585893776204244
ergo_adaptive,estimated,2134,177.75,0.5858597827684549
ergo_adaptive,estimated,2135,177.83333333333337,0.5859066039648071
ergo_adaptive,estimated,2136,177.91666666666663,0.5858534943811884
ergo_adaptive,estimated,2137,178.0,0.5856560275533111
ergo_adaptive,estimated,2138,178.08333333333337,0.5855885656600508
ergo_adaptive,estimated,2139,178.16666666666663,0.5855418931050953
ergo_adaptive,estimated,2140,178.25,0.5856664196848782
ergo_adaptive,estimated,2141,178.33333333333337,0.5857406645448564
ergo_adaptive,estimated,2142,178.41666666666663,0.5857114971769108
ergo_adaptive,estimated,2143,178.5,0.585739550220408
ergo_adaptive,estimated,2144,178.58333333333337,0.585634822453252
ergo_adaptive,estimated,2145,178.66666666666663,0.5854930465842636
ergo_adaptive,estimated,2146,178.75,0.585283446368967
ergo_adaptive,estimated,2147,178.83333333333337,0.5851859695898756
ergo_adaptive,estimated,2148,178.91666666666663,0.585159157841964
ergo_adaptive,estimated,2149,179.0,0.5850500243321501
ergo_adaptive,estimated,2150,179.08333333333337,0.5849482597885217
ergo_adaptive,estimated,2151,179.16666666666663,0.5848087953119503
ergo_adaptive,estimated,2152,179.25,0.5846808823839512
ergo_adaptive,estimated,2153,179.33333333333337,0.5847841150560077
ergo_adaptive,estimated,2154,179.41666666666663,0.5846985920843525
ergo_adaptive,estimated,2155,179.5,0.584386331013687
ergo_adaptive,estimated,2156,179.58333333333337,0.5840425815193452
ergo_adaptive,estimated,2157,179.66666666666663,0.5841322686468311
ergo_adaptive,estimated,2158,179.75,0.5842564253046585
ergo_adaptive,estimated,2159,179.83333333333337,0.584420738583763
ergo_adaptive,estimated,2160,179.91666666666663,0.5842338228167401
ergo_adaptive,estimated,2161,180.0,0.584195508497124
ergo_adaptive,estimated,2162,180.08333333333337,0.5843590247333477
ergo_adaptive,estimated,2163,180.16666666666663,0.5844239017305415
ergo_adaptive,estimated,2164,180.25,0.5844432762069325
ergo_adaptive,estimated,2165,180.33333333333337,0.5843471356330716
ergo_adaptive,estimated,2166,180.41666666666663,0.5843084317676793
ergo_adaptive,estimated,2167,180.5,0.5842928524091051
ergo_adaptive,estimated,2168,180.58333333333337,0.5841869402598047
ergo_adaptive,estimated,2169,180.66666666666663,0.5839690901169369
ergo_adaptive,estimated,2170,180.75,0.5836681911020652
ergo_adaptive,estimated,2171,180.83333333333337,0.5837680532367789
ergo_adaptive,estimated,2172,180.91666666666663,0.5839654465008294
ergo_adaptive,estimated,2173,181.0,0.5840407740508786
ergo_adaptive,estimated,2174,181.08333333333337,0.5839276809125216
ergo_adaptive,estimated,2175,181.16666666666663,0.5837498311951086
ergo_adaptive,estimated,2176,181.25,0.5837053271045519
ergo_adaptive,estimated,2177,181.33333333333337,0.583549400860107
ergo_adaptive,estimated,2178,181.41666666666663,0.5834463896074139
ergo_adaptive,estimated,2179,181.5,0.5835909368559377
ergo_adaptive,estimated,2180,181.58333333333337,0.5833485821003805
ergo_adaptive,estimated,2181,181.66666666666663,0.5833421870392334
ergo_adaptive,estimated,2182,181.75,0.5830720814069994
ergo_adaptive,estimated,2183,181.83333333333337,0.5832169187265819
ergo_adaptive,estimated,2184,181.91666666666663,0.583169878679288
ergo_adaptive,estimated,2185,182.0,0.5831062115540778
ergo_adaptive,estimated,2186,182.08333333333337,0.5829981974342355
ergo_adaptive,estimated,2187,182.16666666666663,0.582948939158117
ergo_adaptive,estimated,2188,182.25,0.5831234594594151
ergo_adaptive,estimated,2189,182.33333333333337,0.5827872891335626
ergo_adaptive,estimated,2190,182.41666666666663,0.5827986806721934
ergo_adaptive,estimated,2191,182.5,0.5828490913934425
ergo_adaptive,estimated,2192,182.58333333333337,0.5825725031682855
ergo_adaptive,estimated,2193,182.66666666666663,0.5823652952739992
ergo_adaptive,estimated,2194,182.75,0.5824370641699202
ergo_adaptive,estimated,2195,182.83333333333337,0.5822928196257261
ergo_adaptive,estimated,2196,182.91666666666663,0.5822105831571098
ergo_adaptive,estimated,2197,183.0,0.5820276710136796
ergo_adaptive,estimated,2198,183.08333333333337,0.5818918948668496
ergo_adaptive,estimated,2199,183.16666666666663,0.581951667072859
ergo_adaptive,estimated,2200,183.25,0.5817170256654691
ergo_adaptive,estimated,2201,183.33333333333337,0.5818523259610402
ergo_adaptive,estimated,2202,183.41666666666663,0.5818727466579765
ergo_adaptive,estimated,2203,183.5,0.5816719957622793
ergo_adaptive,estimated,2204,183.58333333333337,0.5816014936960746
ergo_adaptive,estimated,2205,183.66666666666663,0.5819279930096513
ergo_adaptive,estimated,2206,183.75,0.5819347429853492
ergo_adaptive,estimated,2207,183.83333333333337,0.5819001210867434
ergo_adaptive,estimated,2208,183.91666666666663,0.5817180474928642
ergo_adaptive,estimated,2209,184.0,0.5818784444263152
ergo_adaptive,estimated,2210,184.08333333333337,0.5818140451080573
ergo_adaptive,estimated,2211,184.16666666666663,0.5816575227658066
ergo_adaptive,estimated,2212,184.25,0.5817742195811612
ergo_adaptive,estimated,2213,184.33333333333337,0.5817128505917041
ergo_adaptive,estimated,2214,184.41666666666663,0.5817042590149443
ergo_adaptive,estimated,2215,184.5,0.5816901549735849
ergo_adaptive,estimated,2216,184.58333333333337,0.5813411196392935
ergo_adaptive,estimated,2217,184.66666666666663,0.5814180782788267
ergo_adaptive,estimated,2218,184.75,0.5813450437743056
ergo_adaptive,estimated,2219,184.83333333333337,0.5813234510834941
ergo_adaptive,estimated,2220,184.91666666666663,0.5807647458845935
ergo_adaptive,estimated,2221,185.0,0.5808984824678891
ergo_adaptive,estimated,2222,185.08333333333337,0.580568713293591
ergo_adaptive,estimated,2223,185.16666666666663,0.5805631887443062
ergo_adaptive,estimated,2224,185.25,0.5805320772154495
ergo_adaptive,estimated,2225,185.33333333333337,0.5803816767180829
ergo_adaptive,estimated,2226,185.41666666666663,0.5800751633990544
ergo_adaptive,estimated,2227,185.5,0.5798371877147913
ergo_adaptive,estimated,2228,185.58333333333337,0.5796924720416746
ergo_adaptive,estimated,2229,185.66666666666663,0.5798574831944618
ergo_adaptive,estimated,2230,185.75,0.5797463963737111
ergo_adaptive,estimated,2231,185.83333333333337,0.579759621721877
ergo_adaptive,estimated,2232,185.91666666666663,0.5796181962531946
ergo_adaptive,estimated,2233,186.0,0.579611429122936
ergo_adaptive,estimated,2234,186.08333333333337,0.5796334732202767
ergo_adaptive,estimated,2235,186.16666666666663,0.5793367254976197
ergo_adaptive,estimated,2236,186.25,0.5793888551523524
ergo_adaptive,estimated,2237,186.33333333333337,0.57902032071233
ergo_adaptive,estimated,2238,186.41666666666663,0.5787363511822633
ergo_adaptive,estimated,2239,186.5,0.578662440203883
ergo_adaptive,estimated,2240,186.58333333333337,0.5784909240072111
ergo_adaptive,estimated,2241,186.66666666666663,0.5783963522272687
ergo_adaptive,estimated,2242,186.75,0.5778758788868028
ergo_adaptive,estimated,2243,186.83333333333337,0.5778391388636158
ergo_adaptive,estimated,2244,186.91666666666663,0.578021063361888
ergo_adaptive,estimated,2245,187.0,0.578192266525285
ergo_adaptive,estimated,2246,187.08333333333337,0.5783773458902312
ergo_adaptive,estimated,2247,187.16666666666663,0.5783114371424829
ergo_adaptive,estimated,2248,187.25,0.5783120168808954
ergo_adaptive,estimated,2249,187.33333333333337,0.5780188231011805
ergo_adaptive,estimated,2250,187.41666666666663,0.5777820729816032
ergo_adaptive,estimated,2251,187.5,0.5775864547280705
ergo_adaptive,estimated,2252,187.58333333333337,0.5776785115536973
ergo_adaptive,estimated,2253,187.66666666666663,0.5778464420583562
ergo_adaptive,estimated,2254,187.75,0.5780272924058101
ergo_adaptive,estimated,2255,187.83333333333337,0.5780511159210208
ergo_adaptive,estimated,2256,187.91666666666663,0.5780409715502057
ergo_adaptive,estimated,2257,188.0,0.5782392767569311
ergo_adaptive,estimated,2258,188.08333333333337,0.5781038310595041
ergo_adaptive,estimated,2259,188.16666666666663,0.578240694950136
ergo_adaptive,estimated,2260,188.25,0.5783777432995967
ergo_adaptive,estimated,2261,188.33333333333337,0.5786475810969092
ergo_adaptive,estimated,2262,188.41666666666663,0.5787463428500565
ergo_adaptive,estimated,2263,188.5,0.5786795459640574
ergo_adaptive,estimated,2264,188.58333333333337,0.578518369276468
ergo_adaptive,estimated,2265,188.66666666666663,0.5787973845022751
ergo_adaptive,estimated,2266,188.75,0.5785854503546211
ergo_adaptive,estimated,2267,188.83333333333337,0.5782086762632924
ergo_adaptive,estimated,2268,188.91666666666663,0.5786127167075804
ergo_adaptive,estimated,2269,189.0,0.5786757373512899
ergo_adaptive,estimated,2270,189.08333333333337,0.5786737210041986
ergo_adaptive,estimated,2271,189.16666666666663,0.5787138856330835
ergo_adaptive,estimated,2272,189.25,0.5785371845689671
ergo_adaptive,estimated,2273,189.33333333333337,0.5781990112370842
ergo_adaptive,estimated,2274,189.41666666666663,0.578401679352088
ergo_adaptive,estimated,2275,189.5,0.5778469191175563
ergo_adaptive,estimated,2276,189.58333333333337,0.5777834795839725
ergo_adaptive,estimated,2277,189.66666666666663,0.5773911837552667
ergo_adaptive,estimated,2278,189.75,0.5776243282641014
ergo_adaptive,estimated,2279,189.83333333333337,0.5772566987680668
ergo_adaptive,estimated,2280,189.91666666666663,0.5775386341126048
ergo_adaptive,estimated,2281,190.0,0.5775893281067803
ergo_adaptive,estimated,2282,190.08333333333337,0.5777697827445075
ergo_adaptive,estimated,2283,190.16666666666663,0.5778979873252914
ergo_adaptive,estimated,2284,190.25,0.5781119681980894
ergo_adaptive,estimated,2285,190.33333333333337,0.5779472248835109
ergo_adaptive,estimated,2286,190.41666666666663,0.5773011262180137
ergo_adaptive,estimated,2287,190.5,0.5771099903111576
ergo_adaptive,estimated,2288,190.58333333333337,0.5774908283532694
ergo_adaptive,estimated,2289,190.66666666666663,0.5774080200523054
ergo_adaptive,estimated,2290,190.75,0.577055520504008
ergo_adaptive,estimated,2291,190.83333333333337,0.5766920364465301
ergo_adaptive,estimated,2292,190.91666666666663,0.5767451560849944
ergo_adaptive,estimated,2293,191.0,0.5762576925876183
ergo_adaptive,estimated,2294,191.08333333333337,0.5765304615395027
ergo_adaptive,estimated,2295,191.16666666666663,0.5764123533145633
ergo_adaptive,estimated,2296,191.25,0.5761696408116802
ergo_adaptive,estimated,2297,191.33333333333337,0.5765768936876573
ergo_adaptive,estimated,2298,191.41666666666663,0.5766893248132284
ergo_adaptive,estimated,2299,191.5,0.5765603843600821
ergo_adaptive,estimated,2300,191.58333333333337,0.5762837795015545
ergo_adaptive,estimated,2301,191.66666666666663,0.5755933764200214
ergo_adaptive,estimated,2302,191.75,0.5755778833064233
ergo_adaptive,estimated,2303,191.83333333333337,0.5758149374582273
ergo_adaptive,estimated,2304,191.91666666666663,0.5761909326612789
ergo_adaptive,estimated,2305,192.0,0.5760417125048481
ergo_adaptive,estimated,2306,192.08333333333337,0.5763768181905967
ergo_adaptive,estimated,2307,192.16666666666663,0.5763274316114574
ergo_adaptive,estimated,2308,192.25,0.5766658824611491
ergo_adaptive,estimated,2309,192.33333333333337,0.5768484504289992
ergo_adaptive,estimated,2310,192.41666666666663,0.576817372355808
ergo_adaptive,estimated,2311,192.5,0.5769264115408224
ergo_adaptive,estimated,2312,192.58333333333337,0.5764321469262491
ergo_adaptive,estimated,2313,192.66666666666663,0.5764229965776846
ergo_adaptive,estimated,2314,192.75,0.5760456472821386
ergo_adaptive,estimated,2315,192.83333333333337,0.575687725445083
ergo_adaptive,estimated,2316,192.91666666666663,0.5758389314057341
ergo_adaptive,estimated,2317,193.0,0.5758230891769544
ergo_adaptive,estimated,2318,193.08333333333337,0.5759338400478939
ergo_adaptive,estimated,2319,193.16666666666663,0.5763986389589275
ergo_adaptive,estimated,2320,193.25,0.5759028331436021
ergo_adaptive,estimated,2321,193.33333333333337,0.5757830531012498
ergo_adaptive,estimated,2322,193.41666666666663,0.5752985735374752
ergo_adaptive,estimated,2323,193.5,0.5751766557609179
ergo_adaptive,estimated,2324,193.58333333333337,0.5747037251589363
ergo_adaptive,estimated,2325,193.66666666666663,0.5748922182119304
ergo_adaptive,estimated,2326,193.75,0.5741170074871516
ergo_adaptive,estimated,2327,193.83333333333337,0.5746584801401629
ergo_adaptive,estimated,2328,193.91666666666663,0.5750140044100849
ergo_adaptive,estimated,2329,194.0,0.5746545827880727
ergo_adaptive,estimated,2330,194.08333333333337,0.5746296146920311
ergo_adaptive,estimated,2331,194.16666666666663,0.5742405962274605
ergo_adaptive,estimated,2332,194.25,0.5741401076326782
ergo_adaptive,estimated,2333,194.33333333333337,0.5735325733738471
ergo_adaptive,estimated,2334,194.41666666666663,0.5742843891532063
ergo_adaptive,estimated,2335,194.5,0.5743121023769889
ergo_adaptive,estimated,2336,194.58333333333337,0.5737466120900524
ergo_adaptive,estimated,2337,194.66666666666663,0.5737614402846961
ergo_adaptive,estimated,2338,194.75,0.5738673784390432
ergo_adaptive,estimated,2339,194.83333333333337,0.5741378767881335
ergo_adaptive,estimated,2340,194.91666666666663,0.5732630426510834
ergo_adaptive,estimated,2341,195.0,0.57329409898688
ergo_adaptive,estimated,2342,195.08333333333337,0.573679954832941
ergo_adaptive,estimated,2343,195.16666666666663,0.5730096327365094
ergo_adaptive,estimated,2344,195.25,0.5725588535519333
ergo_adaptive,estimated,2345,195.33333333333337,0.5723866426992363
ergo_adaptive,estimated,2346,195.41666666666663,0.5733881734664367
ergo_adaptive,estimated,2347,195.5,0.5728155708359501
ergo_adaptive,estimated,2348,195.58333333333337,0.5731881023476345
ergo_adaptive,estimated,2349,195.66666666666663,0.5725518948597282
ergo_adaptive,estimated,2350,195.75,0.5725721685710361
ergo_adaptive,estimated,2351,195.83333333333337,0.572434232470624
ergo_adaptive,estimated,2352,195.91666666666663,0.5728944941383738
ergo_adaptive,estimated,2353,196.0,0.5723526287581008
ergo_adaptive,estimated,2354,196.08333333333337,0.5713543608797788
ergo_adaptive,estimated,2355,196.16666666666663,0.571050086051232
ergo_adaptive,estimated,2356,196.25,0.5717817606373439
ergo_adaptive,estimated,2357,196.33333333333337,0.572085808016688
ergo_adaptive,estimated,2358,196.41666666666663,0.5718073233265424
ergo_adaptive,estimated,2359,196.5,0.5718754708707119
ergo_adaptive,estimated,2360,196.58333333333337,0.5718282922735117
ergo_adaptive,estimated,2361,196.66666666666663,0.5720150982499554
ergo_adaptive,estimated,2362,196.75,0.570694910661814
ergo_adaptive,estimated,2363,196.83333333333337,0.5715527471724001
ergo_adaptive,estimated,2364,196.91666666666663,0.5713125177885081
ergo_adaptive,estimated,2365,197.0,0.5701503758934893
ergo_adaptive,estimated,2366,197.08333333333337,0.5699586815127328
ergo_adaptive,estimated,2367,197.16666666666663,0.5697763039847679
ergo_adaptive,estimated,2368,197.25,0.5687555589429613
ergo_adaptive,estimated,2369,197.33333333333337,0.5678220008871957
ergo_adaptive,estimated,2370,197.41666666666663,0.5672812212281065
ergo_adaptive,estimated,2371,197.5,0.5673786200885835
ergo_adaptive,estimated,2372,197.58333333333337,0.5678807564228152
ergo_adaptive,estimated,2373,197.66666666666663,0.56691930722484
ergo_adaptive,estimated,2374,197.75,0.5680981204035404
ergo_adaptive,estimated,2375,197.83333333333337,0.5675493439916907
ergo_adaptive,estimated,2376,197.91666666666663,0.5670732142405639
ergo_adaptive,estimated,2377,198.0,0.5665728911905719
ergo_adaptive,estimated,2378,198.08333333333337,0.5670880651024593
ergo_adaptive,estimated,2379,198.16666666666663,0.566595916343655
ergo_adaptive,estimated,2380,198.25,0.5673528307883373
ergo_adaptive,estimated,2381,198.33333333333337,0.5688100498951217
ergo_adaptive,estimated,2382,198.41666666666663,0.568436558046379
ergo_adaptive,estimated,2383,198.5,0.5678012648180514
ergo_adaptive,estimated,2384,198.58333333333337,0.5673709801287491
ergo_adaptive,estimated,2385,198.66666666666663,0.5667567169887004
ergo_adaptive,estimated,2386,198.75,0.5681860336706391
ergo_adaptive,estimated,2387,198.83333333333337,0.5677045671140181
ergo_adaptive,estimated,2388,198.91666666666663,0.5664369679369605
ergo_adaptive,estimated,2389,199.0,0.5654761973289534
ergo_adaptive,estimated,2390,199.08333333333337,0.5668196331376564
ergo_adaptive,estimated,2391,199.16666666666663,0.5669114256904559
ergo_adaptive,estimated,2392,199.25,0.5657695072929274
ergo_adaptive,estimated,2393,199.33333333333337,0.5656374049954966
ergo_adaptive,estimated,2394,199.41666666666663,0.5659768179630095
ergo_adaptive,estimated,2395,199.5,0.5671225480512582
ergo_adaptive,estimated,2396,199.58333333333337,0.5664410483778373
ergo_adaptive,estimated,2397,199.66666666666663,0.5660003526618043
ergo_adaptive,estimated,2398,199.75,0.564640231952866
ergo_adaptive,estimated,2399,199.83333333333337,0.5641966799967124
ergo_adaptive,estimated,2400,199.91666666666663,0.5635318722825274
ergo_adaptive,estimated,2401,200.0,0.5639871972898985
ergo_adaptive,estimated,2402,200.08333333333337,0.565750061447175
ergo_adaptive,estimated,2403,200.16666666666663,0.5651966985511878
ergo_adaptive,estimated,2404,200.25,0.564709842333602
ergo_adaptive,estimated,2405,200.33333333333337,0.5650389711001633
ergo_adaptive,estimated,2406,200.41666666666663,0.5673765624013067
ergo_adaptive,estimated,2407,200.5,0.5653202527805262
ergo_adaptive,estimated,2408,200.58333333333337,0.566093005797912
ergo_adaptive,estimated,2409,200.66666666666663,0.5648045340983792
ergo_adaptive,estimated,2410,200.75,0.5645700894534551
ergo_adaptive,estimated,2411,200.83333333333337,0.562908075787448
ergo_adaptive,estimated,2412,200.91666666666663,0.5635535386180899
ergo_adaptive,estimated,2413,201.0,0.5628910522339878
ergo_adaptive,estimated,2414,201.08333333333337,0.562218500984258
ergo_adaptive,estimated,2415,201.16666666666663,0.5612598292727115
ergo_adaptive,estimated,2416,201.25,0.5605747587512029
ergo_adaptive,estimated,2417,201.33333333333337,0.5619169938097193
ergo_adaptive,estimated,2418,201.41666666666663,0.5617520057050222
ergo_adaptive,estimated,2419,201.5,0.5618007740883776
ergo_adaptive,estimated,2420,201.58333333333337,0.5607704319257237
ergo_adaptive,estimated,2421,201.66666666666663,0.5628680805038002
ergo_adaptive,estimated,2422,201.75,0.5620326916330921
ergo_adaptive,estimated,2423,201.83333333333337,0.5596071991654564
ergo_adaptive,estimated,2424,201.91666666666663,0.5579890603562133
ergo_adaptive,estimated,2425,202.0,0.5569268969477608
ergo_adaptive,estimated,2426,202.08333333333337,0.5564075148995774
ergo_adaptive,estimated,2427,202.16666666666663,0.5536592236642364
ergo_adaptive,estimated,2428,202.25,0.5535992249465651
ergo_adaptive,estimated,2429,202.33333333333337,0.5543600563023393
ergo_adaptive,estimated,2430,202.41666666666663,0.5550229478641961
ergo_adaptive,estimated,2431,202.5,0.5573897170543051
ergo_adaptive,estimated,2432,202.58333333333337,0.5585823286722172
ergo_adaptive,estimated,2433,202.66666666666663,0.5588026533968122
ergo_adaptive,estimated,2434,202.75,0.557488579389284
ergo_adaptive,estimated,2435,202.83333333333337,0.5580762768920301
ergo_adaptive,estimated,2436,202.91666666666663,0.5568329085252625
ergo_adaptive,estimated,2437,203.0,0.5568876520902751
ergo_adaptive,estimated,2438,203.08333333333337,0.5577063431607822
ergo_adaptive,estimated,2439,203.16666666666663,0.558078827589983
ergo_adaptive,estimated,2440,203.25,0.556303537648744
ergo_adaptive,estimated,2441,203.33333333333337,0.5549309627074693
ergo_adaptive,estimated,2442,203.41666666666663,0.5544780818302336
ergo_adaptive,estimated,2443,203.5,0.5534013392596205
ergo_adaptive,estimated,2444,203.58333333333337,0.5509340151930228
ergo_adaptive,estimated,2445,203.66666666666663,0.5501587400589949
ergo_adaptive,estimated,2446,203.75,0.54931119593245
ergo_adaptive,estimated,2447,203.83333333333337,0.5507551419287383
ergo_adaptive,estimated,2448,203.91666666666663,0.5506596880726472
ergo_adaptive,estimated,2449,204.0,0.5492985696228518
ergo_adaptive,estimated,2450,204.08333333333337,0.5504395127509527
ergo_adaptive,estimated,2451,204.16666666666663,0.5498435345106722
ergo_adaptive,estimated,2452,204.25,0.5514693568197713
ergo_adaptive,estimated,2453,204.33333333333337,0.5517889462702055
ergo_adaptive,estimated,2454,204.41666666666663,0.5531132147480072
ergo_adaptive,estimated,2455,204.5,0.5514392929095354
ergo_adaptive,estimated,2456,204.58333333333337,0.5507763481732714
ergo_adaptive,estimated,2457,204.66666666666663,0.5493679630187267
ergo_adaptive,estimated,2458,204.75,0.5478351839123937
ergo_adaptive,estimated,2459,204.83333333333337,0.5493995436954121
ergo_adaptive,estimated,2460,204.91666666666663,0.5486260115202858
ergo_adaptive,estimated,2461,205.0,0.5472022792475544
ergo_adaptive,estimated,2462,205.08333333333337,0.5487446180131604
ergo_adaptive,estimated,2463,205.16666666666663,0.5473109166250616
ergo_adaptive,estimated,2464,205.25,0.543570395793204
ergo_adaptive,estimated,2465,205.33333333333337,0.5463535356135513
ergo_adaptive,estimated,2466,205.41666666666663,0.5453953573495337
ergo_adaptive,estimated,2467,205.5,0.5470153181181713
ergo_adaptive,estimated,2468,205.58333333333337,0.5437450529828872
ergo_adaptive,estimated,2469,205.66666666666663,0.5462858974154919
ergo_adaptive,estimated,2470,205.75,0.5443671493393633
ergo_adaptive,estimated,2471,205.83333333333337,0.5438966623179696
ergo_adaptive,estimated,2472,205.91666666666663,0.5407036789956428
ergo_adaptive,estimated,2473,206.0,0.5397928031290704
ergo_adaptive,estimated,2474,206.08333333333337,0.5403275540527634
ergo_adaptive,estimated,2475,206.16666666666663,0.5405837044249238
ergo_adaptive,estimated,2476,206.25,0.5416214524278248
ergo_adaptive,estimated,2477,206.33333333333337,0.5400706032490641
ergo_adaptive,estimated,2478,206.41666666666663,0.5365762349284279
ergo_adaptive,estimated,2479,206.5,0.5331664521076044
ergo_adaptive,estimated,2480,206.58333333333337,0.534782084324012
ergo_adaptive,estimated,2481,206.66666666666663,0.5359669004945872
ergo_adaptive,estimated,2482,206.75,0.5323508509376321
ergo_adaptive,estimated,2483,206.83333333333337,0.5349665185853119
ergo_adaptive,estimated,2484,206.91666666666663,0.5352788193002934
ergo_adaptive,estimated,2485,207.0,0.537552945141291
ergo_adaptive,estimated,2486,207.08333333333337,0.5413615112142227
ergo_adaptive,estimated,2487,207.16666666666663,0.5406816109959697
ergo_adaptive,estimated,2488,207.25,0.5429280799384044
ergo_adaptive,estimated,2489,207.33333333333337,0.5441662459365688
ergo_adaptive,estimated,2490,207.41666666666663,0.5425248907528673
ergo_adaptive,estimated,2491,207.5,0.5461976076871097
ergo_adaptive,estimated,2492,207.58333333333337,0.5470695361988739
ergo_adaptive,estimated,2493,207.66666666666663,0.5475553502656901
ergo_adaptive,estimated,2494,207.75,0.5484521073125885
ergo_adaptive,estimated,2495,207.83333333333337,0.5457623386414496
ergo_adaptive,estimated,2496,207.91666666666663,0.5443323635404019
ergo_adaptive,estimated,2497,208.0,0.5438996590947427
ergo_adaptive,estimated,2498,208.08333333333337,0.5496699020537038
ergo_adaptive,estimated,2499,208.16666666666663,0.5476974742894339
ergo_adaptive,estimated,2500,208.25,0.5478525363719107
ergo_adaptive,estimated,2501,208.33333333333337,0.5481055331951552
ergo_adaptive,estimated,2502,208.41666666666663,0.5505896393605774
ergo_adaptive,estimated,2503,208.5,0.5482457038210136
ergo_adaptive,estimated,2504,208.58333333333337,0.5505115943790032
ergo_adaptive,estimated,2505,208.66666666666663,0.5487598031012286
ergo_adaptive,estimated,2506,208.75,0.5479986555103342
ergo_adaptive,estimated,2507,208.83333333333337,0.5446201474853049
ergo_adaptive,estimated,2508,208.91666666666663,0.542275142875303
ergo_adaptive,estimated,2509,209.0,0.5408012433664696
ergo_adaptive,estimated,2510,209.08333333333337,0.5335685097564509
ergo_adaptive,estimated,2511,209.16666666666663,0.533647728277455
ergo_adaptive,estimated,2512,209.25,0.533780315704591
ergo_adaptive,estimated,2513,209.33333333333337,0.5383364411240458
ergo_adaptive,estimated,2514,209.41666666666663,0.5321291155457274
ergo_adaptive,estimated,2515,209.5,0.5340159837142844
ergo_adaptive,estimated,2516,209.58333333333337,0.5320043784591671
ergo_adaptive,estimated,2517,209.66666666666663,0.5288516464355534
ergo_adaptive,estimated,2518,209.75,0.5245196584540791
ergo_adaptive,estimated,2519,209.83333333333337,0.5279027447861073
ergo_adaptive,estimated,2520,209.91666666666663,0.5246387877747791
ergo_adaptive,estimated,2521,210.0,0.5242598616462188
ergo_adaptive,estimated,2522,210.08333333333337,0.5227701051681719
ergo_adaptive,estimated,2523,210.16666666666663,0.5211616147267188
ergo_adaptive,estimated,2524,210.25,0.5211338166960701
ergo_adaptive,estimated,2525,210.33333333333337,0.5225879670734145
ergo_adaptive,estimated,2526,210.41666666666663,0.5170721756492879
ergo_adaptive,estimated,2527,210.5,0.5153362464839016
ergo_adaptive,estimated,2528,210.58333333333337,0.517190906354183
ergo_adaptive,estimated,2529,210.66666666666663,0.5200253615996957
ergo_adaptive,estimated,2530,210.75,0.5199404938442137
ergo_adaptive,estimated,2531,210.83333333333337,0.520432495729059
ergo_adaptive,estimated,2532,210.91666666666663,0.519240633592419
ergo_adaptive,estimated,2533,211.0,0.519702242996164
ergo_adaptive,estimated,2534,211.08333333333337,0.5195692782694903
ergo_adaptive,estimated,2535,211.16666666666663,0.519052667991672
ergo_adaptive,estimated,2536,211.25,0.5187603679784573
ergo_adaptive,estimated,2537,211.33333333333337,0.5188083420177071
ergo_adaptive,estimated,2538,211.41666666666663,0.521006017663737
ergo_adaptive,estimated,2539,211.5,0.5185875334099045
ergo_adaptive,estimated,2540,211.58333333333337,0.5155301012093082
ergo_adaptive,estimated,2541,211.66666666666663,0.5124685147640342
ergo_adaptive,estimated,2542,211.75,0.512396576770967
ergo_adaptive,estimated,2543,211.83333333333337,0.5096903971980028
ergo_adaptive,estimated,2544,211.91666666666663,0.5128349387634885
ergo_adaptive,estimated,2545,212.0,0.5111221715684241
ergo_adaptive,estimated,2546,212.08333333333337,0.5092893114408691
ergo_adaptive,estimated,2547,212.16666666666663,0.5086618130048144
ergo_adaptive,estimated,2548,212.25,0.5075324489941987
ergo_adaptive,estimated,2549,212.33333333333337,0.5015845540785357
ergo_adaptive,estimated,2550,212.41666666666663,0.5036000384803919
ergo_adaptive,estimated,2551,212.5,0.4979062752313042
ergo_adaptive,estimated,2552,212.58333333333337,0.5002461434898754
ergo_adaptive,estimated,2553,212.66666666666663,0.49688878329785463
ergo_adaptive,estimated,2554,212.75,0.4958227031796936
ergo_adaptive,estimated,2555,212.83333333333337,0.49915412898210026
ergo_adaptive,estimated,2556,212.91666666666663,0.500214166839987
ergo_adaptive,estimated,2557,213.0,0.5010113510203352
ergo_adaptive,estimated,2558,213.08333333333337,0.5008624724938815
ergo_adaptive,estimated,2559,213.16666666666663,0.5019710721755414
ergo_adaptive,estimated,2560,213.25,0.5027751204069848
ergo_adaptive,estimated,2561,213.33333333333337,0.5023594012354261
ergo_adaptive,estimated,2562,213.41666666666663,0.5055587282404914
ergo_adaptive,estimated,2563,213.5,0.5022280189395689
ergo_adaptive,estimated,2564,213.58333333333337,0.504146027860081
ergo_adaptive,estimated,2565,213.66666666666663,0.5055083528760302
ergo_adaptive,estimated,2566,213.75,0.5073817349383805
ergo_adaptive,estimated,2567,213.83333333333337,0.5058894012802011
ergo_adaptive,estimated,2568,213.91666666666663,0.5038297477713906
ergo_adaptive,estimated,2569,214.0,0.5028552576664226
ergo_adaptive,estimated,2570,214.08333333333337,0.5031430451342989
ergo_adaptive,estimated,2571,214.16666666666663,0.501014766097087
ergo_adaptive,estimated,2572,214.25,0.5011293652557427
ergo_adaptive,estimated,2573,214.33333333333337,0.5011535002059584
ergo_adaptive,estimated,2574,214.41666666666663,0.5049024129937236
ergo_adaptive,estimated,2575,214.5,0.505364516458547
ergo_adaptive,estimated,2576,214.58333333333337,0.504299589918557
ergo_adaptive,estimated,2577,214.66666666666663,0.5063976993323784
ergo_adaptive,estimated,2578,214.75,0.5058266620044932
ergo_adaptive,estimated,2579,214.83333333333337,0.5035398408587058
ergo_adaptive,estimated,2580,214.91666666666663,0.5079049658867089
ergo_adaptive,estimated,2581,215.0,0.5051871077363534
ergo_adaptive,estimated,2582,215.08333333333337,0.5050055240412006
ergo_adaptive,estimated,2583,215.16666666666663,0.5059144085403349
ergo_adaptive,estimated,2584,215.25,0.5047386156914512
ergo_adaptive,estimated,2585,215.33333333333337,0.5074833533252096
ergo_adaptive,estimated,2586,215.41666666666663,0.5075365529700046
ergo_adaptive,estimated,2587,215.5,0.5092536725914985
ergo_adaptive,estimated,2588,215.58333333333337,0.5085515098681127
ergo_adaptive,estimated,2589,215.66666666666663,0.5073955792339022
ergo_adaptive,estimated,2590,215.75,0.5076205066210664
ergo_adaptive,estimated,2591,215.83333333333337,0.5061276532554546
ergo_adaptive,estimated,2592,215.91666666666663,0.5057019763147204
ergo_adaptive,estimated,2593,216.0,0.5076393796942851
ergo_adaptive,estimated,2594,216.08333333333337,0.5099148789003458
ergo_adaptive,estimated,2595,216.16666666666663,0.5098786498777013
ergo_adaptive,estimated,2596,216.25,0.5063846368570806
ergo_adaptive,estimated,2597,216.33333333333337,0.5032232112888063
ergo_adaptive,estimated,2598,216.41666666666663,0.5061968133037313
ergo_adaptive,estimated,2599,216.5,0.5083776668988642
ergo_adaptive,estimated,2600,216.58333333333337,0.5094968837076541
ergo_adaptive,estimated,2601,216.66666666666663,0.510101104610856
ergo_adaptive,estimated,2602,216.75,0.5070702027754322
ergo_adaptive,estimated,2603,216.83333333333337,0.5033316963098355
ergo_adaptive,estimated,2604,216.91666666666663,0.501774030081451
ergo_adaptive,estimated,2605,217.0,0.5010192853924349
ergo_adaptive,estimated,2606,217.08333333333337,0.4984518628756866
ergo_adaptive,estimated,2607,217.16666666666663,0.49817009947662644
ergo_adaptive,estimated,2608,217.25,0.4968311834168003
ergo_adaptive,estimated,2609,217.33333333333337,0.5009909838706728
ergo_adaptive,estimated,2610,217.41666666666663,0.5040620062788376
ergo_adaptive,estimated,2611,217.5,0.501609553773443
ergo_adaptive,estimated,2612,217.58333333333337,0.4991124034705391
ergo_adaptive,estimated,2613,217.66666666666663,0.499178521862035
ergo_adaptive,estimated,2614,217.75,0.5011021438317776
ergo_adaptive,estimated,2615,217.83333333333337,0.5037743976612807
ergo_adaptive,estimated,2616,217.91666666666663,0.5032790828592424
ergo_adaptive,estimated,2617,218.0,0.5087548313952027
ergo_adaptive,estimated,2618,218.08333333333337,0.5068162002547357
ergo_adaptive,estimated,2619,218.16666666666663,0.508597323997599
ergo_adaptive,estimated,2620,218.25,0.5072400063328658
ergo_adaptive,estimated,2621,218.33333333333337,0.5065511028309555
ergo_adaptive,estimated,2622,218.41666666666663,0.5079328885592401
ergo_adaptive,estimated,2623,218.5,0.5119319069171762
ergo_adaptive,estimated,2624,218.58333333333337,0.5180779654474956
ergo_adaptive,estimated,2625,218.66666666666663,0.5160287519325643
ergo_adaptive,estimated,2626,218.75,0.5126565153231807
ergo_adaptive,estimated,2627,218.83333333333337,0.5206979657567111
ergo_adaptive,estimated,2628,218.91666666666663,0.5165798147376813
ergo_adaptive,estimated,2629,219.0,0.5210691077485996
ergo_adaptive,estimated,2630,219.08333333333337,0.5195795246041327
ergo_adaptive,estimated,2631,219.16666666666663,0.5216588762276139
ergo_adaptive,estimated,2632,219.25,0.5245150014467208
ergo_adaptive,estimated,2633,219.33333333333337,0.5287978817438082
ergo_adaptive,estimated,2634,219.41666666666663,0.5317334091277492
ergo_adaptive,estimated,2635,219.5,0.5338298295154404
ergo_adaptive,estimated,2636,219.58333333333337,0.5367278218512275
ergo_adaptive,estimated,2637,219.66666666666663,0.5387086398928644
ergo_adaptive,estimated,2638,219.75,0.5387287629810031
ergo_adaptive,estimated,2639,219.83333333333337,0.5417349463426278
ergo_adaptive,estimated,2640,219.91666666666663,0.5435434307719359
ergo_adaptive,estimated,2641,220.0,0.5449333805385274
ergo_adaptive,estimated,2642,220.08333333333337,0.5457892247347141
ergo_adaptive,estimated,2643,220.16666666666663,0.5446126823751157
ergo_adaptive,estimated,2644,220.25,0.5448812797776055
ergo_adaptive,estimated,2645,220.33333333333337,0.5476016233027854
ergo_adaptive,estimated,2646,220.41666666666663,0.5499944123836865
ergo_adaptive,estimated,2647,220.5,0.5545073866481002
ergo_adaptive,estimated,2648,220.58333333333337,0.5557155898666855
ergo_adaptive,estimated,2649,220.66666666666663,0.5568766745447526
ergo_adaptive,estimated,2650,220.75,0.5585600936300119
ergo_adaptive,estimated,2651,220.83333333333337,0.5607349032484897
ergo_adaptive,estimated,2652,220.91666666666663,0.5622981485661417
ergo_adaptive,estimated,2653,221.0,0.5617638325623198
ergo_adaptive,estimated,2654,221.08333333333337,0.5635151463189422
ergo_adaptive,estimated,2655,221.16666666666663,0.5647918784848165
ergo_adaptive,estimated,2656,221.25,0.5655923250628357
ergo_adaptive,estimated,2657,221.33333333333337,0.5674458711605274
ergo_adaptive,estimated,2658,221.41666666666663,0.5681255793529344
ergo_adaptive,estimated,2659,221.5,0.5682632884589129
ergo_adaptive,estimated,2660,221.58333333333337,0.568473043267123
ergo_adaptive,estimated,2661,221.66666666666663,0.5693660974199272
ergo_adaptive,estimated,2662,221.75,0.5703997590106779
ergo_adaptive,estimated,2663,221.83333333333337,0.5711482053690893
ergo_adaptive,estimated,2664,221.91666666666663,0.5703130973206392
ergo_adaptive,estimated,2665,222.0,0.5707696560479489
ergo_adaptive,estimated,2666,222.08333333333337,0.5709940824210799
ergo_adaptive,estimated,2667,222.16666666666663,0.5723843631043862
ergo_adaptive,estimated,2668,222.25,0.572709249374764
ergo_adaptive,estimated,2669,222.33333333333337,0.5721563527509375
ergo_adaptive,estimated,2670,222.41666666666663,0.5715253756881111
ergo_adaptive,estimated,2671,222.5,0.5745787918080241
ergo_adaptive,estimated,2672,222.58333333333337,0.574733542597818
ergo_adaptive,estimated,2673,222.66666666666663,0.5759225300769992
ergo_adaptive,estimated,2674,222.75,0.5756642253001519
ergo_adaptive,estimated,2675,222.83333333333337,0.5753792406699936
ergo_adaptive,estimated,2676,222.91666666666663,0.574892088285005
ergo_adaptive,estimated,2677,223.0,0.5730308134443639
ergo_adaptive,estimated,2678,223.08333333333337,0.574036637003588
ergo_adaptive,estimated,2679,223.16666666666663,0.5732473981351658
ergo_adaptive,estimated,2680,223.25,0.5712098100410391
ergo_adaptive,estimated,2681,223.33333333333337,0.5718556857322756
ergo_adaptive,estimated,2682,223.41666666666663,0.5723692977746909
ergo_adaptive,estimated,2683,223.5,0.5689091402557014
ergo_adaptive,estimated,2684,223.58333333333337,0.5682637531600634
ergo_adaptive,estimated,2685,223.66666666666663,0.5688849402905591
ergo_adaptive,estimated,2686,223.75,0.5653077646503372
ergo_adaptive,estimated,2687,223.83333333333337,0.5662236585059459
ergo_adaptive,estimated,2688,223.91666666666663,0.5706518384953213
ergo_adaptive,estimated,2689,224.0,0.5708891903220401
ergo_adaptive,estimated,2690,224.08333333333337,0.5721985136191712
ergo_adaptive,estimated,2691,224.16666666666663,0.5734745191274809
ergo_adaptive,estimated,2692,224.25,0.5721123272618128
ergo_adaptive,estimated,2693,224.33333333333337,0.5744970217106322
ergo_adaptive,estimated,2694,224.41666666666663,0.5785826436076473
ergo_adaptive,estimated,2695,224.5,0.5796118859542172
ergo_adaptive,estimated,2696,224.58333333333337,0.5811690920945254
ergo_adaptive,estimated,2697,224.66666666666663,0.5822284515618845
ergo_adaptive,estimated,2698,224.75,0.5852585462005013
ergo_adaptive,estimated,2699,224.83333333333337,0.5862358457267418
ergo_adaptive,estimated,2700,224.91666666666663,0.5868062018147095
ergo_adaptive,estimated,2701,225.0,0.5885020595240611
ergo_adaptive,estimated,2702,225.08333333333337,0.5900754004180763
ergo_adaptive,estimated,2703,225.16666666666663,0.5913828095497287
ergo_adaptive,estimated,2704,225.25,0.5927715254791488
ergo_adaptive,estimated,2705,225.33333333333337,0.5936874942827548
ergo_adaptive,estimated,2706,225.41666666666663,0.5948931119381334
ergo_adaptive,estimated,2707,225.5,0.5962918616887527
ergo_adaptive,estimated,2708,225.58333333333337,0.5971960241093531
ergo_adaptive,estimated,2709,225.66666666666663,0.5985398778995816
ergo_adaptive,estimated,2710,225.75,0.5992448582199307
ergo_adaptive,estimated,2711,225.83333333333337,0.5994618862029101
ergo_adaptive,estimated,2712,225.91666666666663,0.5998257156427363
ergo_adaptive,estimated,2713,226.0,0.6005832938808414
ergo_adaptive,estimated,2714,226.08333333333337,0.6010505191135124
ergo_adaptive,estimated,2715,226.16666666666663,0.600579264838815
ergo_adaptive,estimated,2716,226.25,0.6006031032715937
ergo_adaptive,estimated,2717,226.33333333333337,0.6012377416108605
ergo_adaptive,estimated,2718,226.41666666666663,0.6026213391058076
ergo_adaptive,estimated,2719,226.5,0.6044810006829296
ergo_adaptive,estimated,2720,226.58333333333337,0.6053371244802167
ergo_adaptive,estimated,2721,226.66666666666663,0.605827206182385
ergo_adaptive,estimated,2722,226.75,0.6059240165221113
ergo_adaptive,estimated,2723,226.83333333333337,0.6062562528401929
ergo_adaptive,estimated,2724,226.91666666666663,0.6068456140971434
ergo_adaptive,estimated,2725,227.0,0.6078112690314013
ergo_adaptive,estimated,2726,227.08333333333337,0.6086555952258915
ergo_adaptive,estimated,2727,227.16666666666663,0.6088856224216145
ergo_adaptive,estimated,2728,227.25,0.6095305909227102
ergo_adaptive,estimated,2729,227.33333333333337,0.6092440759370609
ergo_adaptive,estimated,2730,227.41666666666663,0.6097645908834277
ergo_adaptive,estimated,2731,227.5,0.6104310242705757
ergo_adaptive,estimated,2732,227.58333333333337,0.6101185691290425
ergo_adaptive,estimated,2733,227.66666666666663,0.6098994578252587
ergo_adaptive,estimated,2734,227.75,0.6105719048152407
ergo_adaptive,estimated,2735,227.83333333333337,0.6104830851718825
ergo_adaptive,estimated,2736,227.91666666666663,0.6103441744910543
ergo_adaptive,estimated,2737,228.0,0.6113262352502452
ergo_adaptive,estimated,2738,228.08333333333337,0.610920442546494
ergo_adaptive,estimated,2739,228.16666666666663,0.6111696861099456
ergo_adaptive,estimated,2740,228.25,0.6112254360393385
ergo_adaptive,estimated,2741,228.33333333333337,0.6109298284250549
ergo_adaptive,estimated,2742,228.41666666666663,0.6117733200401256
ergo_adaptive,estimated,2743,228.5,0.6122535895150528
ergo_adaptive,estimated,2744,228.58333333333337,0.6123363383538671
ergo_adaptive,estimated,2745,228.66666666666663,0.6114173596701169
ergo_adaptive,estimated,2746,228.75,0.6112438470271766
ergo_adaptive,estimated,2747,228.83333333333337,0.6101890544464914
ergo_adaptive,estimated,2748,228.91666666666663,0.6095466713688864
ergo_adaptive,estimated,2749,229.0,0.6119588863038409
ergo_adaptive,estimated,2750,229.08333333333337,0.61183105870848
ergo_adaptive,estimated,2751,229.16666666666663,0.6111240869211001
ergo_adaptive,estimated,2752,229.25,0.6115227099889567
ergo_adaptive,estimated,2753,229.33333333333337,0.6124661736328573
ergo_adaptive,estimated,2754,229.41666666666663,0.6111385350094579
ergo_adaptive,estimated,2755,229.5,0.6100215564773559
ergo_adaptive,estimated,2756,229.58333333333337,0.6103773976507609
ergo_adaptive,estimated,2757,229.66666666666663,0.611094460646862
ergo_adaptive,estimated,2758,229.75,0.6122622755898826
ergo_adaptive,estimated,2759,229.83333333333337,0.6130029018328839
ergo_adaptive,estimated,2760,229.91666666666663,0.6141396410681351
ergo_adaptive,estimated,2761,230.0,0.6126202019046489
ergo_adaptive,estimated,2762,230.08333333333337,0.6115600104443146
ergo_adaptive,estimated,2763,230.16666666666663,0.613315421044604
ergo_adaptive,estimated,2764,230.25,0.6123284472527559
ergo_adaptive,estimated,2765,230.33333333333337,0.6130946041385099
ergo_adaptive,estimated,2766,230.41666666666663,0.6142282668223691
ergo_adaptive,estimated,2767,230.5,0.6155651038437959
ergo_adaptive,estimated,2768,230.58333333333337,0.6160735480750908
ergo_adaptive,estimated,2769,230.66666666666663,0.6157634598254236
ergo_adaptive,estimated,2770,230.75,0.6151034827780713
ergo_adaptive,estimated,2771,230.83333333333337,0.6157521493480241
ergo_adaptive,estimated,2772,230.91666666666663,0.6157193480598865
ergo_adaptive,estimated,2773,231.0,0.615695141648073
ergo_adaptive,estimated,2774,231.08333333333337,0.6154449930924293
ergo_adaptive,estimated,2775,231.16666666666663,0.6147129881732244
ergo_adaptive,estimated,2776,231.25,0.6141872067530794
ergo_adaptive,estimated,2777,231.33333333333337,0.6138226737841527
ergo_adaptive,estimated,2778,231.41666666666663,0.6140956030025321
ergo_adaptive,estimated,2779,231.5,0.613979873752471
ergo_adaptive,estimated,2780,231.58333333333337,0.6134256017089034
ergo_adaptive,estimated,2781,231.66666666666663,0.6137891081274124
ergo_adaptive,estimated,2782,231.75,0.6136635776275969
ergo_adaptive,estimated,2783,231.83333333333337,0.6139242238510002
ergo_adaptive,estimated,2784,231.91666666666663,0.6133519943900585
ergo_adaptive,estimated,2785,232.0,0.6129066586294637
ergo_adaptive,estimated,2786,232.08333333333337,0.6125843047307475
ergo_adaptive,estimated,2787,232.16666666666663,0.6123312207192613
ergo_adaptive,estimated,2788,232.25,0.6120167302753047
ergo_adaptive,estimated,2789,232.33333333333337,0.6120085364870042
ergo_adaptive,estimated,2790,232.41666666666663,0.6121993807370726
ergo_adaptive,estimated,2791,232.5,0.6119751199311397
ergo_adaptive,estimated,2792,232.58333333333337,0.6115173359086956
ergo_adaptive,estimated,2793,232.66666666666663,0.6109228228368214
ergo_adaptive,estimated,2794,232.75,0.6103833486838519
ergo_adaptive,estimated,2795,232.83333333333337,0.6105451680097318
ergo_adaptive,estimated,2796,232.91666666666663,0.6105095727869592
ergo_adaptive,estimated,2797,233.0,0.6097703522217569
ergo_adaptive,estimated,2798,233.08333333333337,0.6091845717473383
ergo_adaptive,estimated,2799,233.16666666666663,0.6089067781410685
ergo_adaptive,estimated,2800,233.25,0.6086948777457517
ergo_adaptive,estimated,2801,233.33333333333337,0.6082038523509751
ergo_adaptive,estimated,2802,233.41666666666663,0.6072954710470905
ergo_adaptive,estimated,2803,233.5,0.6076731704672844
ergo_adaptive,estimated,2804,233.58333333333337,0.6070625213227749
ergo_adaptive,estimated,2805,233.66666666666663,0.6071728757977248
ergo_adaptive,estimated,2806,233.75,0.6069175002826181
ergo_adaptive,estimated,2807,233.83333333333337,0.6067991900878655
ergo_adaptive,estimated,2808,233.91666666666663,0.6064982765169521
ergo_adaptive,estimated,2809,234.0,0.606103783140048
ergo_adaptive,estimated,2810,234.08333333333337,0.6056672894856853
ergo_adaptive,estimated,2811,234.16666666666663,0.6063018643860939
ergo_adaptive,estimated,2812,234.25,0.6058236402976407
ergo_adaptive,estimated,2813,234.33333333333337,0.6055350207946104
ergo_adaptive,estimated,2814,234.41666666666663,0.6048477824254077
ergo_adaptive,estimated,2815,234.5,0.6039065569787921
ergo_adaptive,estimated,2816,234.58333333333337,0.6036950459811802
ergo_adaptive,estimated,2817,234.66666666666663,0.6029898838315282
ergo_adaptive,estimated,2818,234.75,0.6025237543167267
ergo_adaptive,estimated,2819,234.83333333333337,0.602799908475077
ergo_adaptive,estimated,2820,234.91666666666663,0.6027363978474405
ergo_adaptive,estimated,2821,235.0,0.6022051627016771
ergo_adaptive,estimated,2822,235.08333333333337,0.6021237354604646
ergo_adaptive,estimated,2823,235.16666666666663,0.6021996582798167
ergo_adaptive,estimated,2824,235.25,0.6019051831753924
ergo_adaptive,estimated,2825,235.33333333333337,0.6015462952250386
ergo_adaptive,estimated,2826,235.41666666666663,0.6016617591101103
ergo_adaptive,estimated,2827,235.5,0.6017884569156016
ergo_adaptive,estimated,2828,235.58333333333337,0.6017260472226847
ergo_adaptive,estimated,2829,235.66666666666663,0.6019132448964692
ergo_adaptive,estimated,2830,235.75,0.6011228964625212
ergo_adaptive,estimated,2831,235.83333333333337,0.6007206524953763
ergo_adaptive,estimated,2832,235.91666666666663,0.6003436626021489
ergo_adaptive,estimated,2833,236.0,0.6002323186571281
ergo_adaptive,estimated,2834,236.08333333333337,0.6005470844703226
ergo_adaptive,estimated,2835,236.16666666666663,0.5997875333900673
ergo_adaptive,estimated,2836,236.25,0.5994457311444301
ergo_adaptive,estimated,2837,236.33333333333337,0.5999003822284716
ergo_adaptive,estimated,2838,236.41666666666663,0.6001122661291588
ergo_adaptive,estimated,2839,236.5,0.5995819422868881
ergo_adaptive,estimated,2840,236.58333333333337,0.5988764028210019
ergo_adaptive,estimated,2841,236.66666666666663,0.5989905585843378
ergo_adaptive,estimated,2842,236.75,0.5990343855882858
ergo_adaptive,estimated,2843,236.83333333333337,0.5987033601229353
ergo_adaptive,estimated,2844,236.91666666666663,0.5986812663704637
ergo_adaptive,estimated,2845,237.0,0.5983152983576903
ergo_adaptive,estimated,2846,237.08333333333337,0.598024099086408
ergo_adaptive,estimated,2847,237.16666666666663,0.5979837386654745
ergo_adaptive,estimated,2848,237.25,0.5976782290072343
ergo_adaptive,estimated,2849,237.33333333333337,0.5979608504268787
ergo_adaptive,estimated,2850,237.41666666666663,0.5974841631208043
ergo_adaptive,estimated,2851,237.5,0.5977791983797471
ergo_adaptive,estimated,2852,237.58333333333337,0.5972402578783602
ergo_adaptive,estimated,2853,237.66666666666663,0.5971430480232431
ergo_adaptive,estimated,2854,237.75,0.5967741226459007
ergo_adaptive,estimated,2855,237.83333333333337,0.5960795785560282
ergo_adaptive,estimated,2856,237.91666666666663,0.5960413625234828
ergo_adaptive,estimated,2857,238.0,0.5959122543445867
ergo_adaptive,estimated,2858,238.08333333333337,0.5953062417378623
ergo_adaptive,estimated,2859,238.16666666666663,0.5949245132656417
ergo_adaptive,estimated,2860,238.25,0.5946232304287357
ergo_adaptive,estimated,2861,238.33333333333337,0.5945416567716206
ergo_adaptive,estimated,2862,238.41666666666663,0.594147844586759
ergo_adaptive,estimated,2863,238.5,0.5935019397636626
ergo_adaptive,estimated,2864,238.58333333333337,0.5932549887998373
ergo_adaptive,estimated,2865,238.66666666666663,0.5935280401754497
ergo_adaptive,estimated,2866,238.75,0.5925708038048928
ergo_adaptive,estimated,2867,238.83333333333337,0.5927002761516087
ergo_adaptive,estimated,2868,238.91666666666663,0.5926679582278791
ergo_adaptive,estimated,2869,239.0,0.5928295501706474
ergo_adaptive,estimated,2870,239.08333333333337,0.5927349117204471
ergo_adaptive,estimated,2871,239.16666666666663,0.5924634201059439
ergo_adaptive,estimated,2872,239.25,0.5920149387157367
ergo_adaptive,estimated,2873,239.33333333333337,0.5927001226582748
ergo_adaptive,estimated,2874,239.41666666666663,0.5933168421688533
ergo_adaptive,estimated,2875,239.5,0.5934189642029185
ergo_adaptive,estimated,2876,239.58333333333337,0.5934240025247597
ergo_adaptive,estimated,2877,239.66666666666663,0.5924083177768735
ergo_adaptive,estimated,2878,239.75,0.5905501916089568
ergo_adaptive,estimated,2879,239.83333333333337,0.5899381656474264
ergo_adaptive,estimated,2880,239.91666666666663,0.589774431001666
ergo_adaptive,estimated,2881,240.0,0.5898071577942412
ergo_adaptive,estimated,2882,240.08333333333337,0.5887168082553449
ergo_adaptive,estimated,2883,240.16666666666663,0.5879062500346888
ergo_adaptive,estimated,2884,240.25,0.5862553775501178
ergo_adaptive,estimated,2885,240.33333333333337,0.5859002188803313
ergo_adaptive,estimated,2886,240.41666666666663,0.5850101218983119
ergo_adaptive,estimated,2887,240.5,0.5836235652480483
ergo_adaptive,estimated,2888,240.58333333333337,0.5832936258591622
ergo_adaptive,estimated,2889,240.66666666666663,0.5823925953590562
ergo_adaptive,estimated,2890,240.75,0.5812809951951909
ergo_adaptive,estimated,2891,240.83333333333337,0.581747905778585
ergo_adaptive,estimated,2892,240.91666666666663,0.5814801940569999
ergo_adaptive,estimated,2893,241.0,0.5796266012580138
ergo_adaptive,estimated,2894,241.08333333333337,0.5809297028472409
ergo_adaptive,estimated,2895,241.16666666666663,0.5818604764281194
ergo_adaptive,estimated,2896,241.25,0.5834372903929965
ergo_adaptive,estimated,2897,241.33333333333337,0.5822143583211872
ergo_adaptive,estimated,2898,241.41666666666663,0.583392853294546
ergo_adaptive,estimated,2899,241.5,0.5836005844950197
ergo_adaptive,estimated,2900,241.58333333333337,0.5838492696692387
ergo_adaptive,estimated,2901,241.66666666666663,0.5847231248342761
ergo_adaptive,estimated,2902,241.75,0.5844059235832527
ergo_adaptive,estimated,2903,241.83333333333337,0.5843858374115564
ergo_adaptive,estimated,2904,241.91666666666663,0.58499946178517
ergo_adaptive,estimated,2905,242.0,0.5863247023369439
ergo_adaptive,estimated,2906,242.08333333333337,0.5853617340074208
ergo_adaptive,estimated,2907,242.16666666666663,0.5845403628151907
ergo_adaptive,estimated,2908,242.25,0.5841707979410315
ergo_adaptive,estimated,2909,242.33333333333337,0.5826322716340874
ergo_adaptive,estimated,2910,242.41666666666663,0.5820191793542097
ergo_adaptive,estimated,2911,242.5,0.5806109539919292
ergo_adaptive,estimated,2912,242.58333333333337,0.5790987741612232
ergo_adaptive,estimated,2913,242.66666666666663,0.5793795155317132
ergo_adaptive,estimated,2914,242.75,0.5796625984455669
ergo_adaptive,estimated,2915,242.83333333333337,0.5786403050975205
ergo_adaptive,estimated,2916,242.91666666666663,0.5772132853385139
ergo_adaptive,estimated,2917,243.0,0.5768129318807406
ergo_adaptive,estimated,2918,243.08333333333337,0.5768764137840179
ergo_adaptive,estimated,2919,243.16666666666663,0.5773897475023395
ergo_adaptive,estimated,2920,243.25,0.5766025824248047
ergo_adaptive,estimated,2921,243.33333333333337,0.5777056644058705
ergo_adaptive,estimated,2922,243.41666666666663,0.577289182264573
ergo_adaptive,estimated,2923,243.5,0.5767581769199198
ergo_adaptive,estimated,2924,243.58333333333337,0.5776560444931744
ergo_adaptive,estimated,2925,243.66666666666663,0.5782306941277233
ergo_adaptive,estimated,2926,243.75,0.5773831886873717
ergo_adaptive,estimated,2927,243.83333333333337,0.576359138630868
ergo_adaptive,estimated,2928,243.91666666666663,0.5752137972107313
ergo_adaptive,estimated,2929,244.0,0.5768505683142187
ergo_adaptive,estimated,2930,244.08333333333337,0.5768953734626997
ergo_adaptive,estimated,2931,244.16666666666663,0.5773562994833759
ergo_adaptive,estimated,2932,244.25,0.5763148785353008
ergo_adaptive,estimated,2933,244.33333333333337,0.5753648280683845
ergo_adaptive,estimated,2934,244.41666666666663,0.5741561081531977
ergo_adaptive,estimated,2935,244.5,0.5703677677851786
ergo_adaptive,estimated,2936,244.58333333333337,0.5657883826732628
ergo_adaptive,estimated,2937,244.66666666666663,0.5652373773552286
ergo_adaptive,estimated,2938,244.75,0.5672092605164668
ergo_adaptive,estimated,2939,244.83333333333337,0.5698144968644464
ergo_adaptive,estimated,2940,244.91666666666663,0.5697740293403093
ergo_adaptive,estimated,2941,245.0,0.5721221711019824
ergo_adaptive,estimated,2942,245.08333333333337,0.5733774171269961
ergo_adaptive,estimated,2943,245.16666666666663,0.5736655284165045
ergo_adaptive,estimated,2944,245.25,0.5724039608992187
ergo_adaptive,estimated,2945,245.33333333333337,0.567226618218459
ergo_adaptive,estimated,2946,245.41666666666663,0.5668507041456069
ergo_adaptive,estimated,2947,245.5,0.5695529165819252
ergo_adaptive,estimated,2948,245.58333333333337,0.5700165180285574
ergo_adaptive,estimated,2949,245.66666666666663,0.5686386992564867
ergo_adaptive,estimated,2950,245.75,0.5693460852639257
ergo_adaptive,estimated,2951,245.83333333333337,0.5699315336778641
ergo_adaptive,estimated,2952,245.91666666666663,0.5676685133910268
ergo_adaptive,estimated,2953,246.0,0.5692523982284285
ergo_adaptive,estimated,2954,246.08333333333337,0.5676645255842261
ergo_adaptive,estimated,2955,246.16666666666663,0.5671572877819651
ergo_adaptive,estimated,2956,246.25,0.5655568876151832
ergo_adaptive,estimated,2957,246.33333333333337,0.5675803176423445
ergo_adaptive,estimated,2958,246.41666666666663,0.5672513447495804
ergo_adaptive,estimated,2959,246.5,0.5656338694773507
ergo_adaptive,estimated,2960,246.58333333333337,0.5666798694440918
ergo_adaptive,estimated,2961,246.66666666666663,0.5655619322018187
ergo_adaptive,estimated,2962,246.75,0.5641236469994045
ergo_adaptive,estimated,2963,246.83333333333337,0.5621599262109025
ergo_adaptive,estimated,2964,246.91666666666663,0.5603812995938385
ergo_adaptive,estimated,2965,247.0,0.5609533624460705
ergo_adaptive,estimated,2966,247.08333333333337,0.5594637157819953
ergo_adaptive,estimated,2967,247.16666666666663,0.5573942213359399
ergo_adaptive,estimated,2968,247.25,0.5590912056407833
ergo_adaptive,estimated,2969,247.33333333333337,0.5579072876181829
ergo_adaptive,estimated,2970,247.41666666666663,0.5572684068964802
ergo_adaptive,estimated,2971,247.5,0.556805412489358
ergo_adaptive,estimated,2972,247.58333333333337,0.5555319048477193
ergo_adaptive,estimated,2973,247.66666666666663,0.5530914565247497
ergo_adaptive,estimated,2974,247.75,0.5531368595824554
ergo_adaptive,estimated,2975,247.83333333333337,0.5550144126844326
ergo_adaptive,estimated,2976,247.91666666666663,0.5528656735894326
ergo_adaptive,estimated,2977,248.0,0.5532541519482715
ergo_adaptive,estimated,2978,248.08333333333337,0.5536973216869234
ergo_adaptive,estimated,2979,248.16666666666663,0.5549159188894986
ergo_adaptive,estimated,2980,248.25,0.5553728090588107
ergo_adaptive,estimated,2981,248.33333333333337,0.5542603003563282
ergo_adaptive,estimated,2982,248.41666666666663,0.552007880917729
ergo_adaptive,estimated,2983,248.5,0.5527916871518368
ergo_adaptive,estimated,2984,248.58333333333337,0.5503626831790417
ergo_adaptive,estimated,2985,248.66666666666663,0.5473718210045436
ergo_adaptive,estimated,2986,248.75,0.5491558380061353
ergo_adaptive,estimated,2987,248.83333333333337,0.5510395417405684
ergo_adaptive,estimated,2988,248.91666666666663,0.5492507834467093
ergo_adaptive,estimated,2989,249.0,0.5491807824584521
ergo_adaptive,estimated,2990,249.08333333333337,0.5523034314086487
ergo_adaptive,estimated,2991,249.16666666666663,0.553687470680263
ergo_adaptive,estimated,2992,249.25,0.551194771997413
ergo_adaptive,estimated,2993,249.33333333333337,0.5495031414253342
ergo_adaptive,estimated,2994,249.41666666666663,0.5504730805759407
ergo_adaptive,estimated,2995,249.5,0.5496353021810226
ergo_adaptive,estimated,2996,249.58333333333337,0.5499924447613184
ergo_adaptive,estimated,2997,249.66666666666663,0.5505378379252561
ergo_adaptive,estimated,2998,249.75,0.5474578465997882
ergo_adaptive,estimated,2999,249.83333333333337,0.5475373160064814
ergo_adaptive,estimated,3000,249.91666666666663,0.5442796809845343
ergo_adaptive,estimated,3001,250.0,0.5460594610078298
ergo_adaptive,estimated,3002,250.08333333333337,0.5459147677692193
ergo_adaptive,estimated,3003,250.16666666666663,0.5462747906464094
ergo_adaptive,estimated,3004,250.25,0.5473088695269027
ergo_adaptive,estimated,3005,250.33333333333337,0.5468217326477551
ergo_adaptive,estimated,3006,250.41666666666663,0.5446531177859522
ergo_adaptive,estimated,3007,250.5,0.5422474804681127
ergo_adaptive,estimated,3008,250.58333333333337,0.5384968336586249
ergo_adaptive,estimated,3009,250.66666666666663,0.5424303906130731
ergo_adaptive,estimated,3010,250.75,0.5409793606081987
ergo_adaptive,estimated,3011,250.83333333333337,0.5383116422340387
ergo_adaptive,estimated,3012,250.91666666666663,0.5389095588205335
ergo_adaptive,estimated,3013,251.0,0.5380911748941735
ergo_adaptive,estimated,3014,251.08333333333337,0.5379293891603072
ergo_adaptive,estimated,3015,251.16666666666663,0.5388717895014362
ergo_adaptive,estimated,3016,251.25,0.5407024962910084
ergo_adaptive,estimated,3017,251.33333333333337,0.5379117428010332
ergo_adaptive,estimated,3018,251.41666666666663,0.53541358833774
ergo_adaptive,estimated,3019,251.5,0.5386077699648989
ergo_adaptive,estimated,3020,251.58333333333337,0.5332487221898538
ergo_adaptive,estimated,3021,251.66666666666663,0.5401420134393764
ergo_adaptive,estimated,3022,251.75,0.5412233109193046
ergo_adaptive,estimated,3023,251.83333333333337,0.5422305066614941
ergo_adaptive,estimated,3024,251.91666666666663,0.5417662178179296
ergo_adaptive,estimated,3025,252.0,0.5408950339143048
ergo_adaptive,estimated,3026,252.08333333333337,0.5386422460095699
ergo_adaptive,estimated,3027,252.16666666666663,0.5394607467725286
ergo_adaptive,estimated,3028,252.25,0.5401850644559723
ergo_adaptive,estimated,3029,252.33333333333337,0.5401789706966671
ergo_adaptive,estimated,3030,252.41666666666663,0.5400935825541551
ergo_adaptive,estimated,3031,252.5,0.5413851642404616
ergo_adaptive,estimated,3032,252.58333333333337,0.5382926051699587
ergo_adaptive,estimated,3033,252.66666666666663,0.537366930471797
ergo_adaptive,estimated,3034,252.75,0.536424901566656
ergo_adaptive,estimated,3035,252.83333333333337,0.5379328956726974
ergo_adaptive,estimated,3036,252.91666666666663,0.5411184899737594
ergo_adaptive,estimated,3037,253.0,0.5396815084414612
ergo_adaptive,estimated,3038,253.08333333333337,0.5399866122942395
ergo_adaptive,estimated,3039,253.16666666666663,0.5387232950729076
ergo_adaptive,estimated,3040,253.25,0.540232175080789
ergo_adaptive,estimated,3041,253.33333333333337,0.5366556303201976
ergo_adaptive,estimated,3042,253.41666666666663,0.5357280902728627
ergo_adaptive,estimated,3043,253.5,0.533823316103526
ergo_adaptive,estimated,3044,253.58333333333337,0.5333023407895114
ergo_adaptive,estimated,3045,253.66666666666663,0.5350234514693092
ergo_adaptive,estimated,3046,253.75,0.5379478775092421
ergo_adaptive,estimated,3047,253.83333333333337,0.5387595328034055
ergo_adaptive,estimated,3048,253.91666666666663,0.5364355829036203
ergo_adaptive,estimated,3049,254.0,0.539690857266341
ergo_adaptive,estimated,3050,254.08333333333337,0.5383255699546491
ergo_adaptive,estimated,3051,254.16666666666663,0.5378695848512206
ergo_adaptive,estimated,3052,254.25,0.5414823098922501
ergo_adaptive,estimated,3053,254.33333333333337,0.5361211685576771
ergo_adaptive,estimated,3054,254.41666666666663,0.5364806881195648
ergo_adaptive,estimated,3055,254.5,0.5308727520989585
ergo_adaptive,estimated,3056,254.58333333333337,0.5291471239179178
ergo_adaptive,estimated,3057,254.66666666666663,0.5324290769141817
ergo_adaptive,estimated,3058,254.75,0.5317941146570856
ergo_adaptive,estimated,3059,254.83333333333337,0.5312926945636505
ergo_adaptive,estimated,3060,254.91666666666663,0.5330811131643222
ergo_adaptive,estimated,3061,255.0,0.5330062071207677
ergo_adaptive,estimated,3062,255.08333333333337,0.5363026416521235
ergo_adaptive,estimated,3063,255.16666666666663,0.5333320456340827
ergo_adaptive,estimated,3064,255.25,0.5308052653482589
ergo_adaptive,estimated,3065,255.33333333333337,0.52670645208573
ergo_adaptive,estimated,3066,255.41666666666663,0.532132980439465
ergo_adaptive,estimated,3067,255.5,0.5308252141976462
ergo_adaptive,estimated,3068,255.58333333333337,0.52934724851823
ergo_adaptive,estimated,3069,255.66666666666663,0.5268390887774054
ergo_adaptive,estimated,3070,255.75,0.52743727034874
ergo_adaptive,estimated,3071,255.83333333333337,0.5281398388435821
ergo_adaptive,estimated,3072,255.91666666666663,0.5278612055380698
ergo_adaptive,estimated,3073,256.0,0.5275855964104654
ergo_adaptive,estimated,3074,256.08333333333337,0.5276250870456914
ergo_adaptive,estimated,3075,256.16666666666663,0.5288639940400279
ergo_adaptive,estimated,3076,256.25,0.5260733009273016
ergo_adaptive,estimated,3077,256.33333333333337,0.5303950720969687
ergo_adaptive,estimated,3078,256.41666666666663,0.533431298823037
ergo_adaptive,estimated,3079,256.5,0.5318166840975287
ergo_adaptive,estimated,3080,256.58333333333337,0.5312309265501418
ergo_adaptive,estimated,3081,256.66666666666663,0.536015812622182
ergo_adaptive,estimated,3082,256.75,0.5317683571481084
ergo_adaptive,estimated,3083,256.83333333333337,0.5323914765014792
ergo_adaptive,estimated,3084,256.91666666666663,0.5284349936116038
ergo_adaptive,estimated,3085,257.0,0.5305732495285855
ergo_adaptive,estimated,3086,257.08333333333337,0.525550674794225
ergo_adaptive,estimated,3087,257.16666666666663,0.5231551832117147
ergo_adaptive,estimated,3088,257.25,0.5252277894024588
ergo_adaptive,estimated,3089,257.33333333333337,0.5223263581861506
ergo_adaptive,estimated,3090,257.41666666666663,0.5154912579435195
ergo_adaptive,estimated,3091,257.5,0.518307252356733
ergo_adaptive,estimated,3092,257.58333333333337,0.5172848292262514
ergo_adaptive,estimated,3093,257.66666666666663,0.5219905465843301
ergo_adaptive,estimated,3094,257.75,0.5255606136827998
ergo_adaptive,estimated,3095,257.83333333333337,0.5243801179191974
ergo_adaptive,estimated,3096,257.91666666666663,0.5239787694117782
ergo_adaptive,estimated,3097,258.0,0.5256825286299502
ergo_adaptive,estimated,3098,258.08333333333337,0.5240194111350341
ergo_adaptive,estimated,3099,258.16666666666663,0.5237981095031532
ergo_adaptive,estimated,3100,258.25,0.5219752782361446
ergo_adaptive,estimated,3101,258.33333333333337,0.5282967423976012
ergo_adaptive,estimated,3102,258.41666666666663,0.5304867083151387
ergo_adaptive,estimated,3103,258.5,0.5307837720624025
ergo_adaptive,estimated,3104,258.58333333333337,0.5320373537812413
ergo_adaptive,estimated,3105,258.66666666666663,0.5261066283977034
ergo_adaptive,estimated,3106,258.75,0.5301028606979209
ergo_adaptive,estimated,3107,258.83333333333337,0.5256367698065679
ergo_adaptive,estimated,3108,258.91666666666663,0.5283868691741924
ergo_adaptive,estimated,3109,259.0,0.5319248928445515
ergo_adaptive,estimated,3110,259.08333333333337,0.5346860559483357
ergo_adaptive,estimated,3111,259.16666666666663,0.5328222548678949
ergo_adaptive,estimated,3112,259.25,0.5356185694674043
ergo_adaptive,estimated,3113,259.33333333333337,0.5339280726390432
ergo_adaptive,estimated,3114,259.41666666666663,0.5312242833286057
ergo_adaptive,estimated,3115,259.5,0.5326612940858759
ergo_adaptive,estimated,3116,259.58333333333337,0.5294017881285648
ergo_adaptive,estimated,3117,259.66666666666663,0.5238363767139369
ergo_adaptive,estimated,3118,259.75,0.5223712081202142
ergo_adaptive,estimated,3119,259.83333333333337,0.529292554806613
ergo_adaptive,estimated,3120,259.91666666666663,0.5319727262786066
ergo_adaptive,estimated,3121,260.0,0.5303953780897382
ergo_adaptive,estimated,3122,260.08333333333337,0.5304916536856942
ergo_adaptive,estimated,3123,260.16666666666663,0.5333879762606573
ergo_adaptive,estimated,3124,260.25,0.5320445975027579
ergo_adaptive,estimated,3125,260.33333333333337,0.5367203282549556
ergo_adaptive,estimated,3126,260.41666666666663,0.5343481001216908
ergo_adaptive,estimated,3127,260.5,0.5347710112263303
ergo_adaptive,estimated,3128,260.58333333333337,0.538543634967697
ergo_adaptive,estimated,3129,260.66666666666663,0.5375095489203441
ergo_adaptive,estimated,3130,260.75,0.5401396888988529
ergo_adaptive,estimated,3131,260.83333333333337,0.5414055254972094
ergo_adaptive,estimated,3132,260.91666666666663,0.540348111829962
ergo_adaptive,estimated,3133,261.0,0.5393794879848839
ergo_adaptive,estimated,3134,261.08333333333337,0.5395346064344528
ergo_adaptive,estimated,3135,261.16666666666663,0.5423718518965749
ergo_adaptive,estimated,3136,261.25,0.5421217582283197
ergo_adaptive,estimated,3137,261.33333333333337,0.5445740480752923
ergo_adaptive,estimated,3138,261.41666666666663,0.5479248160680699
ergo_adaptive,estimated,3139,261.5,0.5516226904389461
ergo_adaptive,estimated,3140,261.58333333333337,0.5600836186746
ergo_adaptive,estimated,3141,261.66666666666663,0.5627338256600851
ergo_adaptive,estimated,3142,261.75,0.5645073222763274
ergo_adaptive,estimated,3143,261.83333333333337,0.5660547099981686
ergo_adaptive,estimated,3144,261.91666666666663,0.5659749674571289
ergo_adaptive,estimated,3145,262.0,0.5669622270353865
ergo_adaptive,estimated,3146,262.08333333333337,0.5665559421240047
ergo_adaptive,estimated,3147,262.16666666666663,0.5667988131448857
ergo_adaptive,estimated,3148,262.25,0.5671145991369649
ergo_adaptive,estimated,3149,262.33333333333337,0.5666667025032756
ergo_adaptive,estimated,3150,262.41666666666663,0.5677936138269055
ergo_adaptive,estimated,3151,262.5,0.5677199923843175
ergo_adaptive,estimated,3152,262.58333333333337,0.5698888583402607
ergo_adaptive,estimated,3153,262.66666666666663,0.5673137702683769
ergo_adaptive,estimated,3154,262.75,0.5681047653244176
ergo_adaptive,estimated,3155,262.83333333333337,0.5694798707615838
ergo_adaptive,estimated,3156,262.91666666666663,0.5691313203041387
ergo_adaptive,estimated,3157,263.0,0.5682369352514031
ergo_adaptive,estimated,3158,263.08333333333337,0.5684644424576415
ergo_adaptive,estimated,3159,263.16666666666663,0.5699523860631768
ergo_adaptive,estimated,3160,263.25,0.5716964578037278
ergo_adaptive,estimated,3161,263.33333333333337,0.5722328506869041
ergo_adaptive,estimated,3162,263.41666666666663,0.5723641551406433
ergo_adaptive,estimated,3163,263.5,0.5709372409422777
ergo_adaptive,estimated,3164,263.58333333333337,0.571799098752443
ergo_adaptive,estimated,3165,263.66666666666663,0.5726168202852798
ergo_adaptive,estimated,3166,263.75,0.57225750945883
ergo_adaptive,estimated,3167,263.83333333333337,0.5726089464202294
ergo_adaptive,estimated,3168,263.91666666666663,0.5729850623456106
ergo_adaptive,estimated,3169,264.0,0.572647897026176
ergo_adaptive,estimated,3170,264.08333333333337,0.5720826278941192
ergo_adaptive,estimated,3171,264.16666666666663,0.5705005537726968
ergo_adaptive,estimated,3172,264.25,0.5696270764294387
ergo_adaptive,estimated,3173,264.33333333333337,0.57044245141656
ergo_adaptive,estimated,3174,264.41666666666663,0.5701562367492156
ergo_adaptive,estimated,3175,264.5,0.5723950989005041
ergo_adaptive,estimated,3176,264.58333333333337,0.5727679488316657
ergo_adaptive,estimated,3177,264.66666666666663,0.5723563597301857
ergo_adaptive,estimated,3178,264.75,0.5716034933937991
ergo_adaptive,estimated,3179,264.83333333333337,0.5721221857390693
ergo_adaptive,estimated,3180,264.91666666666663,0.5720328201845244
ergo_adaptive,estimated,3181,265.0,0.5728681798508938
ergo_adaptive,estimated,3182,265.08333333333337,0.5737586571239675
ergo_adaptive,estimated,3183,265.16666666666663,0.5733071702596708
ergo_adaptive,estimated,3184,265.25,0.5714375439739386
ergo_adaptive,estimated,3185,265.33333333333337,0.5708393165165857
ergo_adaptive,estimated,3186,265.41666666666663,0.5708490994847436
ergo_adaptive,estimated,3187,265.5,0.5702192800951631
ergo_adaptive,estimated,3188,265.58333333333337,0.5711580810732088
ergo_adaptive,estimated,3189,265.66666666666663,0.5715814869839076
ergo_adaptive,estimated,3190,265.75,0.5702205444083133
ergo_adaptive,estimated,3191,265.83333333333337,0.571160228246095
ergo_adaptive,estimated,3192,265.91666666666663,0.5723389635217382
ergo_adaptive,estimated,3193,266.0,0.5704853099029273
ergo_adaptive,estimated,3194,266.08333333333337,0.5704469972502367
ergo_adaptive,estimated,3195,266.16666666666663,0.5719660528078822
ergo_adaptive,estimated,3196,266.25,0.5725956482467591
ergo_adaptive,estimated,3197,266.33333333333337,0.5718593248548987
ergo_adaptive,estimated,3198,266.41666666666663,0.5724631903663626
ergo_adaptive,estimated,3199,266.5,0.5727515192626474
ergo_adaptive,estimated,3200,266.58333333333337,0.5723071623485564
ergo_adaptive,estimated,3201,266.66666666666663,0.5716986242669881
ergo_adaptive,estimated,3202,266.75,0.5713004458893265
ergo_adaptive,estimated,3203,266.83333333333337,0.5709507392765031
ergo_adaptive,estimated,3204,266.91666666666663,0.5699459531263819
ergo_adaptive,estimated,3205,267.0,0.569063009649675
ergo_adaptive,estimated,3206,267.08333333333337,0.5705268268422321
ergo_adaptive,estimated,3207,267.16666666666663,0.5697675640422265
ergo_adaptive,estimated,3208,267.25,0.570564923252814
ergo_adaptive,estimated,3209,267.33333333333337,0.5700338409148901
ergo_adaptive,estimated,3210,267.41666666666663,0.5702524096133366
ergo_adaptive,estimated,3211,267.5,0.5701629684018047
ergo_adaptive,estimated,3212,267.58333333333337,0.5700084182142814
ergo_adaptive,estimated,3213,267.66666666666663,0.5706155450475673
ergo_adaptive,estimated,3214,267.75,0.5716388433180067
ergo_adaptive,estimated,3215,267.83333333333337,0.5709865666566096
ergo_adaptive,estimated,3216,267.91666666666663,0.5704656444941101
ergo_adaptive,estimated,3217,268.0,0.5696957853681733
ergo_adaptive,estimated,3218,268.08333333333337,0.569659834150911
ergo_adaptive,estimated,3219,268.16666666666663,0.5699415317899615
ergo_adaptive,estimated,3220,268.25,0.5698404916209199
ergo_adaptive,estimated,3221,268.33333333333337,0.5696164164777916
ergo_adaptive,estimated,3222,268.41666666666663,0.5686998840318096
ergo_adaptive,estimated,3223,268.5,0.5698481288116077
ergo_adaptive,estimated,3224,268.58333333333337,0.5707661227578931
ergo_adaptive,estimated,3225,268.66666666666663,0.5700545072682407
ergo_adaptive,estimated,3226,268.75,0.570065054288584
ergo_adaptive,estimated,3227,268.83333333333337,0.570453222915079
ergo_adaptive,estimated,3228,268.91666666666663,0.5709033573118214
ergo_adaptive,estimated,3229,269.0,0.5704406454080175
ergo_adaptive,estimated,3230,269.08333333333337,0.5706465930368854
ergo_adaptive,estimated,3231,269.16666666666663,0.5703178186131532
ergo_adaptive,estimated,3232,269.25,0.570228945349408
ergo_adaptive,estimated,3233,269.33333333333337,0.5701796597732969
ergo_adaptive,estimated,3234,269.41666666666663,0.5698016371837757
ergo_adaptive,estimated,3235,269.5,0.5693090188910277
ergo_adaptive,estimated,3236,269.58333333333337,0.5702225513142202
ergo_adaptive,estimated,3237,269.66666666666663,0.5699804186628982
ergo_adaptive,estimated,3238,269.75,0.5693649524795034
ergo_adaptive,estimated,3239,269.83333333333337,0.5696826551010388
ergo_adaptive,estimated,3240,269.91666666666663,0.5696684322017929
ergo_adaptive,estimated,3241,270.0,0.5710657018581559
ergo_adaptive,estimated,3242,270.08333333333337,0.570607768252045
ergo_adaptive,estimated,3243,270.16666666666663,0.570441094780623
ergo_adaptive,estimated,3244,270.25,0.5696508262077424
ergo_adaptive,estimated,3245,270.33333333333337,0.5690987338532205
ergo_adaptive,estimated,3246,270.41666666666663,0.5691005494649132
ergo_adaptive,estimated,3247,270.5,0.568994512706746
ergo_adaptive,estimated,3248,270.58333333333337,0.569227719029197
ergo_adaptive,estimated,3249,270.66666666666663,0.5692347634533655
ergo_adaptive,estimated,3250,270.75,0.5680800951378252
ergo_adaptive,estimated,3251,270.83333333333337,0.5670494196669438
ergo_adaptive,estimated,3252,270.91666666666663,0.5663695150838428
ergo_adaptive,estimated,3253,271.0,0.5661110638447105
ergo_adaptive,estimated,3254,271.08333333333337,0.5672880727382523
ergo_adaptive,estimated,3255,271.16666666666663,0.5679408244744458
ergo_adaptive,estimated,3256,271.25,0.5674987763280387
ergo_adaptive,estimated,3257,271.33333333333337,0.5680645616042619
ergo_adaptive,estimated,3258,271.41666666666663,0.5674602587250168
ergo_adaptive,estimated,3259,271.5,0.5679690824014775
ergo_adaptive,estimated,3260,271.58333333333337,0.5673400308646298
ergo_adaptive,estimated,3261,271.66666666666663,0.5684335484496907
ergo_adaptive,estimated,3262,271.75,0.5686536342436319
ergo_adaptive,estimated,3263,271.83333333333337,0.5695088603289865
ergo_adaptive,estimated,3264,271.91666666666663,0.5701123673650478
ergo_adaptive,estimated,3265,272.0,0.5709443633778376
ergo_adaptive,estimated,3266,272.08333333333337,0.5717359392018292
ergo_adaptive,estimated,3267,272.16666666666663,0.5722159190367152
ergo_adaptive,estimated,3268,272.25,0.5723660235174319
ergo_adaptive,estimated,3269,272.33333333333337,0.5722521837356522
ergo_adaptive,estimated,3270,272.41666666666663,0.5720742692194307
ergo_adaptive,estimated,3271,272.5,0.5726845812533617
ergo_adaptive,estimated,3272,272.58333333333337,0.5723461143612733
ergo_adaptive,estimated,3273,272.66666666666663,0.5724919480254658
ergo_adaptive,estimated,3274,272.75,0.5714617288721188
ergo_adaptive,estimated,3275,272.83333333333337,0.5713951982827338
ergo_adaptive,estimated,3276,272.91666666666663,0.5714092898642323
ergo_adaptive,estimated,3277,273.0,0.5713036649343965
ergo_adaptive,estimated,3278,273.08333333333337,0.572029072511116
ergo_adaptive,estimated,3279,273.16666666666663,0.5720360004814675
ergo_adaptive,estimated,3280,273.25,0.5727556327845795
ergo_adaptive,estimated,3281,273.33333333333337,0.5729848137163097
ergo_adaptive,estimated,3282,273.41666666666663,0.5719351278672097
ergo_adaptive,estimated,3283,273.5,0.5726860706538311
ergo_adaptive,estimated,3284,273.58333333333337,0.573564417232628
ergo_adaptive,estimated,3285,273.66666666666663,0.573445309553279
ergo_adaptive,estimated,3286,273.75,0.5728844321036523
ergo_adaptive,estimated,3287,273.83333333333337,0.5730059519417576
ergo_adaptive,estimated,3288,273.91666666666663,0.5728770321171847
ergo_adaptive,estimated,3289,274.0,0.5727117683017905
ergo_adaptive,estimated,3290,274.08333333333337,0.5730449192599376
ergo_adaptive,estimated,3291,274.16666666666663,0.5733657263200524
ergo_adaptive,estimated,3292,274.25,0.5737930396845642
ergo_adaptive,estimated,3293,274.33333333333337,0.5739412438621542
ergo_adaptive,estimated,3294,274.41666666666663,0.5738330954395889
ergo_adaptive,estimated,3295,274.5,0.5737597416284338
ergo_adaptive,estimated,3296,274.58333333333337,0.5737697290814776
ergo_adaptive,estimated,3297,274.66666666666663,0.5736507518048168
ergo_adaptive,estimated,3298,274.75,0.5733200626982756
ergo_adaptive,estimated,3299,274.83333333333337,0.5731145353066922
ergo_adaptive,estimated,3300,274.91666666666663,0.5729678413024837
ergo_adaptive,estimated,3301,275.0,0.572675784358122
ergo_adaptive,estimated,3302,275.08333333333337,0.5722694118199103
ergo_adaptive,estimated,3303,275.16666666666663,0.5722431491952714
ergo_adaptive,estimated,3304,275.25,0.5727666028150826
ergo_adaptive,estimated,3305,275.33333333333337,0.5730775350387733
ergo_adaptive,estimated,3306,275.41666666666663,0.5733407905825212
ergo_adaptive,estimated,3307,275.5,0.5734755507361082
ergo_adaptive,estimated,3308,275.58333333333337,0.573775082685386
ergo_adaptive,estimated,3309,275.66666666666663,0.5735592813477525
ergo_adaptive,estimated,3310,275.75,0.5738022354520657
ergo_adaptive,estimated,3311,275.83333333333337,0.5737628665804839
ergo_adaptive,estimated,3312,275.91666666666663,0.5737880354170163
ergo_adaptive,estimated,3313,276.0,0.5737866070032767
ergo_adaptive,estimated,3314,276.08333333333337,0.5737156366450761
ergo_adaptive,estimated,3315,276.16666666666663,0.5734736182122565
ergo_adaptive,estimated,3316,276.25,0.5732688341827437
ergo_adaptive,estimated,3317,276.33333333333337,0.5731948795313372
ergo_adaptive,estimated,3318,276.41666666666663,0.5736516879225236
ergo_adaptive,estimated,3319,276.5,0.5740099835249107
ergo_adaptive,estimated,3320,276.58333333333337,0.5744584931423277
ergo_adaptive,estimated,3321,276.66666666666663,0.5745422348595314
ergo_adaptive,estimated,3322,276.75,0.575212948636008
ergo_adaptive,estimated,3323,276.83333333333337,0.5758478868631677
ergo_adaptive,estimated,3324,276.91666666666663,0.5762475781391345
ergo_adaptive,estimated,3325,277.0,0.576563888731121
ergo_adaptive,estimated,3326,277.08333333333337,0.5771428503579733
ergo_adaptive,estimated,3327,277.16666666666663,0.5776812269877428
ergo_adaptive,estimated,3328,277.25,0.5783955915987148
ergo_adaptive,estimated,3329,277.33333333333337,0.5792436983407981
ergo_adaptive,estimated,3330,277.41666666666663,0.5798892802797275
ergo_adaptive,estimated,3331,277.5,0.5805474536440195
ergo_adaptive,estimated,3332,277.58333333333337,0.581149696736109
ergo_adaptive,estimated,3333,277.66666666666663,0.5817725528202741
ergo_adaptive,estimated,3334,277.75,0.5823491057749584
ergo_adaptive,estimated,3335,277.83333333333337,0.5830091868622969
ergo_adaptive,estimated,3336,277.91666666666663,0.5836772965584277
ergo_adaptive,estimated,3337,278.0,0.584343903622722
ergo_adaptive,estimated,3338,278.08333333333337,0.5848806742538587
ergo_adaptive,estimated,3339,278.16666666666663,0.5854387569445263
ergo_adaptive,estimated,3340,278.25,0.5860567703099443
ergo_adaptive,estimated,3341,278.33333333333337,0.5865424539631041
ergo_adaptive,estimated,3342,278.41666666666663,0.5870411679226724
ergo_adaptive,estimated,3343,278.5,0.5876028607674187
ergo_adaptive,estimated,3344,278.58333333333337,0.5881083758896388
ergo_adaptive,estimated,3345,278.66666666666663,0.5887023439610977
ergo_adaptive,estimated,3346,278.75,0.5892065552095779
ergo_adaptive,estimated,3347,278.83333333333337,0.5896385589937577
ergo_adaptive,estimated,3348,278.91666666666663,0.5900879683785104
ergo_adaptive,estimated,3349,279.0,0.5905807926918445
ergo_adaptive,estimated,3350,279.08333333333337,0.5910940489717128
ergo_adaptive,estimated,3351,279.16666666666663,0.5915065897562013
ergo_adaptive,estimated,3352,279.25,0.5918937421681484
ergo_adaptive,estimated,3353,279.33333333333337,0.5922091359323615
ergo_adaptive,estimated,3354,279.41666666666663,0.5925740659954627
ergo_adaptive,estimated,3355,279.5,0.5928866896882138
ergo_adaptive,estimated,3356,279.58333333333337,0.5929314051818445
ergo_adaptive,estimated,3357,279.66666666666663,0.5930016342454956
ergo_adaptive,estimated,3358,279.75,0.5930515642774318
ergo_adaptive,estimated,3359,279.83333333333337,0.5932300664938427
ergo_adaptive,estimated,3360,279.91666666666663,0.5934500149943761
ergo_adaptive,estimated,3361,280.0,0.5937942540328788
ergo_adaptive,estimated,3362,280.08333333333337,0.5941906649688308
ergo_adaptive,estimated,3363,280.16666666666663,0.5945237904858499
ergo_adaptive,estimated,3364,280.25,0.5950137911155085
ergo_adaptive,estimated,3365,280.33333333333337,0.5952628622395387
ergo_adaptive,estimated,3366,280.41666666666663,0.5957260329881973
ergo_adaptive,estimated,3367,280.5,0.595864576273611
ergo_adaptive,estimated,3368,280.58333333333337,0.596239898045927
ergo_adaptive,estimated,3369,280.66666666666663,0.596682263837449
ergo_adaptive,estimated,3370,280.75,0.597238730654406
ergo_adaptive,estimated,3371,280.83333333333337,0.5976288370223317
ergo_adaptive,estimated,3372,280.91666666666663,0.5979249599439524
ergo_adaptive,estimated,3373,281.0,0.5982266775230551
ergo_adaptive,estimated,3374,281.08333333333337,0.5986083000969225
ergo_adaptive,estimated,3375,281.16666666666663,0.5990807951195513
ergo_adaptive,estimated,3376,281.25,0.5994000235711054
ergo_adaptive,estimated,3377,281.33333333333337,0.599360358711165
ergo_adaptive,estimated,3378,281.41666666666663,0.6001740520326649
ergo_adaptive,estimated,3379,281.5,0.6005901426324447
ergo_adaptive,estimated,3380,281.58333333333337,0.6005667578087015
ergo_adaptive,estimated,3381,281.66666666666663,0.6006069676240376
ergo_adaptive,estimated,3382,281.75,0.6015555183143476
ergo_adaptive,estimated,3383,281.83333333333337,0.6018264844467318
ergo_adaptive,estimated,3384,281.91666666666663,0.600883244452789
ergo_adaptive,estimated,3385,282.0,0.5999117928519286
ergo_adaptive,estimated,3386,282.08333333333337,0.5988498469930063
ergo_adaptive,estimated,3387,282.16666666666663,0.5972743315161246
ergo_adaptive,estimated,3388,282.25,0.5994628672970361
ergo_adaptive,estimated,3389,282.33333333333337,0.5997879426658341
ergo_adaptive,estimated,3390,282.41666666666663,0.5984703696207228
ergo_adaptive,estimated,3391,282.5,0.5976737079213519
ergo_adaptive,estimated,3392,282.58333333333337,0.5956078580332242
ergo_adaptive,estimated,3393,282.66666666666663,0.5949860149099732
ergo_adaptive,estimated,3394,282.75,0.5918717114393626
ergo_adaptive,estimated,3395,282.83333333333337,0.5877308246750624
ergo_adaptive,estimated,3396,282.91666666666663,0.586153502267294
ergo_adaptive,estimated,3397,283.0,0.584898700069465
ergo_adaptive,estimated,3398,283.08333333333337,0.5834988869677351
ergo_adaptive,estimated,3399,283.16666666666663,0.5845719749546688
ergo_adaptive,estimated,3400,283.25,0.5813375783874613
ergo_adaptive,estimated,3401,283.33333333333337,0.5814595680405067
ergo_adaptive,estimated,3402,283.41666666666663,0.5846733052474853
ergo_adaptive,estimated,3403,283.5,0.5802657537106811
ergo_adaptive,estimated,3404,283.58333333333337,0.5851840989557987
ergo_adaptive,estimated,3405,283.66666666666663,0.5838388409329421
ergo_adaptive,estimated,3406,283.75,0.5842533639266203
ergo_adaptive,estimated,3407,283.83333333333337,0.5895424875591536
ergo_adaptive,estimated,3408,283.91666666666663,0.5880016806792383
ergo_adaptive,estimated,3409,284.0,0.5854661197841591
ergo_adaptive,estimated,3410,284.08333333333337,0.5875050571183877
ergo_adaptive,estimated,3411,284.16666666666663,0.5902376736837035
ergo_adaptive,estimated,3412,284.25,0.5901370272054403
ergo_adaptive,estimated,3413,284.33333333333337,0.5927922457351885
ergo_adaptive,estimated,3414,284.41666666666663,0.5919271846496335
ergo_adaptive,estimated,3415,284.5,0.595948583162449
ergo_adaptive,estimated,3416,284.58333333333337,0.5963151729848966
ergo_adaptive,estimated,3417,284.66666666666663,0.5979034004259984
ergo_adaptive,estimated,3418,284.75,0.6005882001299194
ergo_adaptive,estimated,3419,284.83333333333337,0.6002550262385091
ergo_adaptive,estimated,3420,284.91666666666663,0.6032398331800787
ergo_adaptive,estimated,3421,285.0,0.6028647427754595
ergo_adaptive,estimated,3422,285.08333333333337,0.6044939200498415
ergo_adaptive,estimated,3423,285.16666666666663,0.6066369609738091
ergo_adaptive,estimated,3424,285.25,0.6094439364682437
ergo_adaptive,estimated,3425,285.33333333333337,0.6088879640495173
ergo_adaptive,estimated,3426,285.41666666666663,0.6110924579244336
ergo_adaptive,estimated,3427,285.5,0.6114341309725231
ergo_adaptive,estimated,3428,285.58333333333337,0.6120441499712097
ergo_adaptive,estimated,3429,285.66666666666663,0.6125928238922297
ergo_adaptive,estimated,3430,285.75,0.6126532468870766
ergo_adaptive,estimated,3431,285.83333333333337,0.6136374210307276
ergo_adaptive,estimated,3432,285.91666666666663,0.6141215275297359
ergo_adaptive,estimated,3433,286.0,0.6147742073105665
ergo_adaptive,estimated,3434,286.08333333333337,0.616028865182299
ergo_adaptive,estimated,3435,286.16666666666663,0.6164010635624151
ergo_adaptive,estimated,3436,286.25,0.6174701328017429
ergo_adaptive,estimated,3437,286.33333333333337,0.6177724426708434
ergo_adaptive,estimated,3438,286.41666666666663,0.618179566829274
ergo_adaptive,estimated,3439,286.5,0.6185591934602903
ergo_adaptive,estimated,3440,286.58333333333337,0.6188488194219446
ergo_adaptive,estimated,3441,286.66666666666663,0.6193411310617569
ergo_adaptive,estimated,3442,286.75,0.619623710118671
ergo_adaptive,estimated,3443,286.83333333333337,0.6201645897249913
ergo_adaptive,estimated,3444,286.91666666666663,0.6205888725146596
ergo_adaptive,estimated,3445,287.0,0.6208479540273816
ergo_adaptive,estimated,3446,287.08333333333337,0.6211970801355446
ergo_adaptive,estimated,3447,287.16666666666663,0.6216411099010628
ergo_adaptive,estimated,3448,287.25,0.621774572315849
ergo_adaptive,estimated,3449,287.33333333333337,0.6218021367471114
ergo_adaptive,estimated,3450,287.41666666666663,0.6220548049515086
ergo_adaptive,estimated,3451,287.5,0.6222420397367253
ergo_adaptive,estimated,3452,287.58333333333337,0.6226907584032666
ergo_adaptive,estimated,3453,287.66666666666663,0.6226435168895871
ergo_adaptive,estimated,3454,287.75,0.6226527740916392
ergo_adaptive,estimated,3455,287.83333333333337,0.6227132086251658
ergo_adaptive,estimated,3456,287.91666666666663,0.6230970658130254
ergo_adaptive,estimated,3457,288.0,0.623497317951944
ergo_adaptive,estimated,3458,288.08333333333337,0.6238924938369428
ergo_adaptive,estimated,3459,288.16666666666663,0.6243021727130407
ergo_adaptive,estimated,3460,288.25,0.6241884187230969
ergo_adaptive,estimated,3461,288.33333333333337,0.6242047366036124
ergo_adaptive,estimated,3462,288.41666666666663,0.6240206206846748
ergo_adaptive,estimated,3463,288.5,0.6241253498839696
ergo_adaptive,estimated,3464,288.58333333333337,0.6235866021333194
ergo_adaptive,estimated,3465,288.66666666666663,0.623693837378107
ergo_adaptive,estimated,3466,288.75,0.623883002179889
ergo_adaptive,estimated,3467,288.83333333333337,0.6243637185435481
ergo_adaptive,estimated,3468,288.91666666666663,0.6241192909550667
ergo_adaptive,estimated,3469,289.0,0.6242025197957743
ergo_adaptive,estimated,3470,289.08333333333337,0.6243701990565212
ergo_adaptive,estimated,3471,289.16666666666663,0.6241499741462478
ergo_adaptive,estimated,3472,289.25,0.6242917808366226
ergo_adaptive,estimated,3473,289.33333333333337,0.624773930562868
ergo_adaptive,estimated,3474,289.41666666666663,0.625028847452532
ergo_adaptive,estimated,3475,289.5,0.6248814177846101
ergo_adaptive,estimated,3476,289.58333333333337,0.6245208300519486
ergo_adaptive,estimated,3477,289.66666666666663,0.6245561982157104
ergo_adaptive,estimated,3478,289.75,0.6249908529339556
ergo_adaptive,estimated,3479,289.83333333333337,0.6247924065642978
ergo_adaptive,estimated,3480,289.91666666666663,0.6248488070076768
ergo_adaptive,estimated,3481,290.0,0.6254357932006896
ergo_adaptive,estimated,3482,290.08333333333337,0.6249023060499973
ergo_adaptive,estimated,3483,290.16666666666663,0.6252403208442252
ergo_adaptive,estimated,3484,290.25,0.6253307481391629
ergo_adaptive,estimated,3485,290.33333333333337,0.6256354330861303
ergo_adaptive,estimated,3486,290.41666666666663,0.6256900467631715
ergo_adaptive,estimated,3487,290.5,0.6255128039889056
ergo_adaptive,estimated,3488,290.58333333333337,0.6256409085453052
ergo_adaptive,estimated,3489,290.66666666666663,0.6261254672762537
ergo_adaptive,estimated,3490,290.75,0.6259965093418185
ergo_adaptive,estimated,3491,290.83333333333337,0.6265557778635573
ergo_adaptive,estimated,3492,290.91666666666663,0.6266680375084562
ergo_adaptive,estimated,3493,291.0,0.6268785039497676
ergo_adaptive,estimated,3494,291.08333333333337,0.6263316206443342
ergo_adaptive,estimated,3495,291.16666666666663,0.6269124952478049
ergo_adaptive,estimated,3496,291.25,0.627232242183618
ergo_adaptive,estimated,3497,291.33333333333337,0.6271019023772323
ergo_adaptive,estimated,3498,291.41666666666663,0.627273526658103
ergo_adaptive,estimated,3499,291.5,0.6276206063929521
ergo_adaptive,estimated,3500,291.58333333333337,0.627775294691894
ergo_adaptive,estimated,3501,291.66666666666663,0.6282746398711918
ergo_adaptive,estimated,3502,291.75,0.6285146842973126
ergo_adaptive,estimated,3503,291.83333333333337,0.6286128640819855
ergo_adaptive,estimated,3504,291.91666666666663,0.6286680004471751
ergo_adaptive,estimated,3505,292.0,0.6288412516417325
ergo_adaptive,estimated,3506,292.08333333333337,0.6289036052147048
ergo_adaptive,estimated,3507,292.16666666666663,0.6290385571935417
ergo_adaptive,estimated,3508,292.25,0.6290662196915214
ergo_adaptive,estimated,3509,292.33333333333337,0.6289985849721819
ergo_adaptive,estimated,3510,292.41666666666663,0.628980101270834
ergo_adaptive,estimated,3511,292.5,0.6289242966349936
ergo_adaptive,estimated,3512,292.58333333333337,0.6288340122073992
ergo_adaptive,estimated,3513,292.66666666666663,0.628784961994733
ergo_adaptive,estimated,3514,292.75,0.6287348757971434
ergo_adaptive,estimated,3515,292.83333333333337,0.6285600969130022
ergo_adaptive,estimated,3516,292.91666666666663,0.6284398481078618
ergo_adaptive,estimated,3517,293.0,0.6283398431491799
ergo_adaptive,estimated,3518,293.08333333333337,0.6285878455002408
ergo_adaptive,estimated,3519,293.16666666666663,0.6286222728210519
ergo_adaptive,estimated,3520,293.25,0.6286594991650861
ergo_adaptive,estimated,3521,293.33333333333337,0.6291566492464225
ergo_adaptive,estimated,3522,293.41666666666663,0.6291599631497066
ergo_adaptive,estimated,3523,293.5,0.6289940400485088
ergo_adaptive,estimated,3524,293.58333333333337,0.6289767938749813
ergo_adaptive,estimated,3525,293.66666666666663,0.628751746011932
ergo_adaptive,estimated,3526,293.75,0.628825898228519
ergo_adaptive,estimated,3527,293.83333333333337,0.6292139110527332
ergo_adaptive,estimated,3528,293.91666666666663,0.6291445633174001
ergo_adaptive,estimated,3529,294.0,0.6292231434425151
ergo_adaptive,estimated,3530,294.08333333333337,0.6293339476117529
ergo_adaptive,estimated,3531,294.16666666666663,0.6296127084625447
ergo_adaptive,estimated,3532,294.25,0.629979568990073
ergo_adaptive,estimated,3533,294.33333333333337,0.6297877660190032
ergo_adaptive,estimated,3534,294.41666666666663,0.6298405722870463
ergo_adaptive,estimated,3535,294.5,0.6302238431245473
ergo_adaptive,estimated,3536,294.58333333333337,0.6304311005813641
ergo_adaptive,estimated,3537,294.66666666666663,0.6308541448335527
ergo_adaptive,estimated,3538,294.75,0.6309926861220987
ergo_adaptive,estimated,3539,294.83333333333337,0.6311739358573162
ergo_adaptive,estimated,3540,294.91666666666663,0.6314368891725555
ergo_adaptive,estimated,3541,295.0,0.6313094597802992
ergo_adaptive,estimated,3542,295.08333333333337,0.6309315259800294
ergo_adaptive,estimated,3543,295.16666666666663,0.6307026514451928
ergo_adaptive,estimated,3544,295.25,0.6302238942541843
ergo_adaptive,estimated,3545,295.33333333333337,0.6298031925729057
ergo_adaptive,estimated,3546,295.41666666666663,0.629369616540951
ergo_adaptive,estimated,3547,295.5,0.6292494006476137
ergo_adaptive,estimated,3548,295.58333333333337,0.6288584221571575
ergo_adaptive,estimated,3549,295.66666666666663,0.6287185974322922
ergo_adaptive,estimated,3550,295.75,0.6283699555981226
ergo_adaptive,estimated,3551,295.83333333333337,0.627952347989979
ergo_adaptive,estimated,3552,295.91666666666663,0.6274549097354526
ergo_adaptive,estimated,3553,296.0,0.6271197907385561
ergo_adaptive,estimated,3554,296.08333333333337,0.6268654278770575
ergo_adaptive,estimated,3555,296.16666666666663,0.6263602659442401
ergo_adaptive,estimated,3556,296.25,0.62594901241815
ergo_adaptive,estimated,3557,296.33333333333337,0.625664262197811
ergo_adaptive,estimated,3558,296.41666666666663,0.625408624294188
ergo_adaptive,estimated,3559,296.5,0.6251134662309019
ergo_adaptive,estimated,3560,296.58333333333337,0.6249618763370863
ergo_adaptive,estimated,3561,296.66666666666663,0.6244112875983482
ergo_adaptive,estimated,3562,296.75,0.6246535120697772
ergo_adaptive,estimated,3563,296.83333333333337,0.6251932567371015
ergo_adaptive,estimated,3564,296.91666666666663,0.6250266465356784
ergo_adaptive,estimated,3565,297.0,0.6247244176938073
ergo_adaptive,estimated,3566,297.08333333333337,0.624927213133968
ergo_adaptive,estimated,3567,297.16666666666663,0.6244773285185363
ergo_adaptive,estimated,3568,297.25,0.6240842617122475
ergo_adaptive,estimated,3569,297.33333333333337,0.6239277462745112
ergo_adaptive,estimated,3570,297.41666666666663,0.6233374862472316
ergo_adaptive,estimated,3571,297.5,0.6229187713678136
ergo_adaptive,estimated,3572,297.58333333333337,0.6223477535643693
ergo_adaptive,estimated,3573,297.66666666666663,0.6220082088674094
ergo_adaptive,estimated,3574,297.75,0.6218384989691758
ergo_adaptive,estimated,3575,297.83333333333337,0.6215649522358224
ergo_adaptive,estimated,3576,297.91666666666663,0.6212614928983873
ergo_adaptive,estimated,3577,298.0,0.6211371651963697
ergo_adaptive,estimated,3578,298.08333333333337,0.6210258602298915
ergo_adaptive,estimated,3579,298.16666666666663,0.6211881152368496
ergo_adaptive,estimated,3580,298.25,0.6211589527978869
ergo_adaptive,estimated,3581,298.33333333333337,0.6210170736846713
ergo_adaptive,estimated,3582,298.41666666666663,0.621012020142142
ergo_adaptive,estimated,3583,298.5,0.62083169875427
ergo_adaptive,estimated,3584,298.58333333333337,0.620869955022099
ergo_adaptive,estimated,3585,298.66666666666663,0.620923836296629
ergo_adaptive,estimated,3586,298.75,0.6208051733180237
ergo_adaptive,estimated,3587,298.83333333333337,0.620703395103558
ergo_adaptive,estimated,3588,298.91666666666663,0.620494750254976
ergo_adaptive,estimated,3589,299.0,0.6201782381465303
ergo_adaptive,estimated,3590,299.08333333333337,0.6198867054628532
ergo_adaptive,estimated,3591,299.16666666666663,0.6194227121883756
ergo_adaptive,estimated,3592,299.25,0.6190145046071188
ergo_adaptive,estimated,3593,299.33333333333337,0.6187716308812372
ergo_adaptive,estimated,3594,299.41666666666663,0.6184561864709024
ergo_adaptive,estimated,3595,299.5,0.6181283140316846
ergo_adaptive,estimated,3596,299.58333333333337,0.6178842326565983
ergo_adaptive,estimated,3597,299.66666666666663,0.6175551953716946
ergo_adaptive,estimated,3598,299.75,0.6171970457978063
ergo_adaptive,estimated,3599,299.83333333333337,0.6167464156590687
ergo_adaptive,estimated,3600,299.91666666666663,0.6165905573659314
ergo_adaptive,estimated,3601,300.0,0.6165196894301805
ergo_adaptive,estimated,3602,300.08333333333337,0.616223268938292
ergo_adaptive,estimated,3603,300.16666666666663,0.6161955541473817
ergo_adaptive,estimated,3604,300.25,0.616018755477034
ergo_adaptive,estimated,3605,300.33333333333337,0.6159698696165374
ergo_adaptive,estimated,3606,300.41666666666663,0.616067049426563
ergo_adaptive,estimated,3607,300.5,0.616274432662371
ergo_adaptive,estimated,3608,300.58333333333337,0.6162135305847922
ergo_adaptive,estimated,3609,300.66666666666663,0.61618213595077
ergo_adaptive,estimated,3610,300.75,0.6164036700924299
ergo_adaptive,estimated,3611,300.83333333333337,0.6165197212059177
ergo_adaptive,estimated,3612,300.91666666666663,0.6163996841005267
ergo_adaptive,estimated,3613,301.0,0.6163505022463608
ergo_adaptive,estimated,3614,301.08333333333337,0.6160810460234766
ergo_adaptive,estimated,3615,301.16666666666663,0.6160005063923175
ergo_adaptive,estimated,3616,301.25,0.616045880929336
ergo_adaptive,estimated,3617,301.33333333333337,0.615870679102379
ergo_adaptive,estimated,3618,301.41666666666663,0.615812308984861
ergo_adaptive,estimated,3619,301.5,0.6158396039157179
ergo_adaptive,estimated,3620,301.58333333333337,0.6157280457416123
ergo_adaptive,estimated,3621,301.66666666666663,0.6157301316193381
ergo_adaptive,estimated,3622,301.75,0.6157700101812427
ergo_adaptive,estimated,3623,301.83333333333337,0.6155174885155519
ergo_adaptive,estimated,3624,301.91666666666663,0.6155412207897142
ergo_adaptive,estimated,3625,302.0,0.615565319734004
ergo_adaptive,estimated,3626,302.08333333333337,0.6154424491283684
ergo_adaptive,estimated,3627,302.16666666666663,0.6151985617949561
ergo_adaptive,estimated,3628,302.25,0.6148271008010753
ergo_adaptive,estimated,3629,302.33333333333337,0.6144556706309058
ergo_adaptive,estimated,3630,302.41666666666663,0.6141204496474626
ergo_adaptive,estimated,3631,302.5,0.613784412755045
ergo_adaptive,estimated,3632,302.58333333333337,0.6135030188628371
ergo_adaptive,estimated,3633,302.66666666666663,0.6133054024579637
ergo_adaptive,estimated,3634,302.75,0.6130773754677373
ergo_adaptive,estimated,3635,302.83333333333337,0.6126476606884373
ergo_adaptive,estimated,3636,302.91666666666663,0.6123898977737705
ergo_adaptive,estimated,3637,303.0,0.6122142852483538
ergo_adaptive,estimated,3638,303.08333333333337,0.6120476259936715
ergo_adaptive,estimated,3639,303.16666666666663,0.6118863980685478
ergo_adaptive,estimated,3640,303.25,0.6115781849430089
ergo_adaptive,estimated,3641,303.33333333333337,0.6114060143975405
ergo_adaptive,estimated,3642,303.41666666666663,0.6110777858429357
ergo_adaptive,estimated,3643,303.5,0.6108592370122093
ergo_adaptive,estimated,3644,303.58333333333337,0.6105867730294824
ergo_adaptive,estimated,3645,303.66666666666663,0.6102761834951207
ergo_adaptive,estimated,3646,303.75,0.6100521932070887
ergo_adaptive,estimated,3647,303.83333333333337,0.6096656408954351
ergo_adaptive,estimated,3648,303.91666666666663,0.6093773936477364
ergo_adaptive,estimated,3649,304.0,0.6091521040269684
ergo_adaptive,estimated,3650,304.08333333333337,0.6087639114741591
ergo_adaptive,estimated,3651,304.16666666666663,0.6084697485313854
ergo_adaptive,estimated,3652,304.25,0.6080409587620179
ergo_adaptive,estimated,3653,304.33333333333337,0.6078860958679346
ergo_adaptive,estimated,3654,304.41666666666663,0.6076712938756368
ergo_adaptive,estimated,3655,304.5,0.607572980144529
ergo_adaptive,estimated,3656,304.58333333333337,0.6073116796771337
ergo_adaptive,estimated,3657,304.66666666666663,0.6072533487396004
ergo_adaptive,estimated,3658,304.75,0.6070541086073667
ergo_adaptive,estimated,3659,304.83333333333337,0.6071675904464312
ergo_adaptive,estimated,3660,304.91666666666663,0.6072109820379122
ergo_adaptive,estimated,3661,305.0,0.606961097203897
ergo_adaptive,estimated,3662,305.08333333333337,0.6070368474682976
ergo_adaptive,estimated,3663,305.16666666666663,0.6071647876458248
ergo_adaptive,estimated,3664,305.25,0.6071029128225985
ergo_adaptive,estimated,3665,305.33333333333337,0.607178260088298
ergo_adaptive,estimated,3666,305.41666666666663,0.6071796323268326
ergo_adaptive,estimated,3667,305.5,0.6071984100157665
ergo_adaptive,estimated,3668,305.58333333333337,0.6072517654029482
ergo_adaptive,estimated,3669,305.66666666666663,0.6071112646912367
ergo_adaptive,estimated,3670,305.75,0.6069894505944176
ergo_adaptive,estimated,3671,305.83333333333337,0.6067868633500357
ergo_adaptive,estimated,3672,305.91666666666663,0.6065653018792829
ergo_adaptive,estimated,3673,306.0,0.6062671079947407
ergo_adaptive,estimated,3674,306.08333333333337,0.6060414803787715
ergo_adaptive,estimated,3675,306.16666666666663,0.6056444353298076
ergo_adaptive,estimated,3676,306.25,0.6053280141566317
ergo_adaptive,estimated,3677,306.33333333333337,0.6049730580562082
ergo_adaptive,estimated,3678,306.41666666666663,0.6046252341920929
ergo_adaptive,estimated,3679,306.5,0.6042887486800078
ergo_adaptive,estimated,3680,306.58333333333337,0.6039643726589314
ergo_adaptive,estimated,3681,306.66666666666663,0.6036943351691941
ergo_adaptive,estimated,3682,306.75,0.6034600083282317
ergo_adaptive,estimated,3683,306.83333333333337,0.603177899410722
ergo_adaptive,estimated,3684,306.91666666666663,0.6029500637031385
ergo_adaptive,estimated,3685,307.0,0.602742709322543
ergo_adaptive,estimated,3686,307.08333333333337,0.6024420528070755
ergo_adaptive,estimated,3687,307.16666666666663,0.6020755578452818
ergo_adaptive,estimated,3688,307.25,0.6018964750600816
ergo_adaptive,estimated,3689,307.33333333333337,0.6015239204956762
ergo_adaptive,estimated,3690,307.41666666666663,0.6012822243383893
ergo_adaptive,estimated,3691,307.5,0.6009523047387371
ergo_adaptive,estimated,3692,307.58333333333337,0.6006240230514227
ergo_adaptive,estimated,3693,307.66666666666663,0.6004523545610416
ergo_adaptive,estimated,3694,307.75,0.6002263809572708
ergo_adaptive,estimated,3695,307.83333333333337,0.6000344108160132
ergo_adaptive,estimated,3696,307.91666666666663,0.599818730769888
ergo_adaptive,estimated,3697,308.0,0.5995153858319129
ergo_adaptive,estimated,3698,308.08333333333337,0.5992424496377717
ergo_adaptive,estimated,3699,308.16666666666663,0.5989862177876032
ergo_adaptive,estimated,3700,308.25,0.5986954993221071
ergo_adaptive,estimated,3701,308.33333333333337,0.5985084908936307
ergo_adaptive,estimated,3702,308.41666666666663,0.5983511796309083
ergo_adaptive,estimated,3703,308.5,0.5981421883676454
ergo_adaptive,estimated,3704,308.58333333333337,0.5979622203566152
ergo_adaptive,estimated,3705,308.66666666666663,0.5976745690226043
ergo_adaptive,estimated,3706,308.75,0.5973795443368589
ergo_adaptive,estimated,3707,308.83333333333337,0.597230931388804
ergo_adaptive,estimated,3708,308.91666666666663,0.5970458595729367
ergo_adaptive,estimated,3709,309.0,0.5968532797771848
ergo_adaptive,estimated,3710,309.08333333333337,0.5965192735703391
ergo_adaptive,estimated,3711,309.16666666666663,0.5963166561641956
ergo_adaptive,estimated,3712,309.25,0.5961329491404953
ergo_adaptive,estimated,3713,309.33333333333337,0.5959312976126862
ergo_adaptive,estimated,3714,309.41666666666663,0.5956478015463075
ergo_adaptive,estimated,3715,309.5,0.5954836541060502
ergo_adaptive,estimated,3716,309.58333333333337,0.5952766937696817
ergo_adaptive,estimated,3717,309.66666666666663,0.594986199304261
ergo_adaptive,estimated,3718,309.75,0.5947543164374103
ergo_adaptive,estimated,3719,309.83333333333337,0.5945623782090351
ergo_adaptive,estimated,3720,309.91666666666663,0.5943546414925172
ergo_adaptive,estimated,3721,310.0,0.5941406468992783
ergo_adaptive,estimated,3722,310.08333333333337,0.5940092767010645
ergo_adaptive,estimated,3723,310.16666666666663,0.5937929465656334
ergo_adaptive,estimated,3724,310.25,0.5935149205937751
ergo_adaptive,estimated,3725,310.33333333333337,0.5933289495040949
ergo_adaptive,estimated,3726,310.41666666666663,0.5931706970026129
ergo_adaptive,estimated,3727,310.5,0.5929789530389691
ergo_adaptive,estimated,3728,310.58333333333337,0.5927690917582251
ergo_adaptive,estimated,3729,310.66666666666663,0.5926261870717334
ergo_adaptive,estimated,3730,310.75,0.5923919945848038
ergo_adaptive,estimated,3731,310.83333333333337,0.5921380723404941
ergo_adaptive,estimated,3732,310.91666666666663,0.5919614572462785
ergo_adaptive,estimated,3733,311.0,0.5916848100451025
ergo_adaptive,estimated,3734,311.08333333333337,0.5915272954673889
ergo_adaptive,estimated,3735,311.16666666666663,0.5913717709841533
ergo_adaptive,estimated,3736,311.25,0.5913075014907186
ergo_adaptive,estimated,3737,311.33333333333337,0.5912389630628829
ergo_adaptive,estimated,3738,311.41666666666663,0.5912398914727142
ergo_adaptive,estimated,3739,311.5,0.5911976244734491
ergo_adaptive,estimated,3740,311.58333333333337,0.5913275138304726
ergo_adaptive,estimated,3741,311.66666666666663,0.5914283564760267
ergo_adaptive,estimated,3742,311.75,0.5914945603217281
ergo_adaptive,estimated,3743,311.83333333333337,0.5915228478838668
ergo_adaptive,estimated,3744,311.91666666666663,0.591707966548125
ergo_adaptive,estimated,3745,312.0,0.5920380763403686
ergo_adaptive,estimated,3746,312.08333333333337,0.5922234017086458
ergo_adaptive,estimated,3747,312.16666666666663,0.5921715731206959
ergo_adaptive,estimated,3748,312.25,0.5923812135445756
ergo_adaptive,estimated,3749,312.33333333333337,0.5924472071680135
ergo_adaptive,estimated,3750,312.41666666666663,0.5926805437432195
ergo_adaptive,estimated,3751,312.5,0.5928567431509446
ergo_adaptive,estimated,3752,312.58333333333337,0.59318818735407
ergo_adaptive,estimated,3753,312.66666666666663,0.5933968109531407
ergo_adaptive,estimated,3754,312.75,0.5938014200483409
ergo_adaptive,estimated,3755,312.83333333333337,0.5939133266883125
ergo_adaptive,estimated,3756,312.91666666666663,0.5940022610143575
ergo_adaptive,estimated,3757,313.0,0.5941059360850067
ergo_adaptive,estimated,3758,313.08333333333337,0.5942824996520228
ergo_adaptive,estimated,3759,313.16666666666663,0.594446129929042
ergo_adaptive,estimated,3760,313.25,0.594635185158088
ergo_adaptive,estimated,3761,313.33333333333337,0.5947218176415999
ergo_adaptive,estimated,3762,313.41666666666663,0.5949491907432246
ergo_adaptive,estimated,3763,313.5,0.5952555804824454
ergo_adaptive,estimated,3764,313.58333333333337,0.5954690376615174
ergo_adaptive,estimated,3765,313.66666666666663,0.5958317174225888
ergo_adaptive,estimated,3766,313.75,0.5960842721959164
ergo_adaptive,estimated,3767,313.83333333333337,0.5962590709026786
ergo_adaptive,estimated,3768,313.91666666666663,0.5966694999517842
ergo_adaptive,estimated,3769,314.0,0.5970354387080545
ergo_adaptive,estimated,3770,314.08333333333337,0.5971815202018906
ergo_adaptive,estimated,3771,314.16666666666663,0.5974432601754539
ergo_adaptive,estimated,3772,314.25,0.597651918223089
ergo_adaptive,estimated,3773,314.33333333333337,0.5978968691065317
ergo_adaptive,estimated,3774,314.41666666666663,0.5981715537155128
ergo_adaptive,estimated,3775,314.5,0.5987713815144101
ergo_adaptive,estimated,3776,314.58333333333337,0.5993712492130331
ergo_adaptive,estimated,3777,314.66666666666663,0.5997830307303493
ergo_adaptive,estimated,3778,314.75,0.6001125473063936
ergo_adaptive,estimated,3779,314.83333333333337,0.6006977356294104
ergo_adaptive,estimated,3780,314.91666666666663,0.6012490535883095
ergo_adaptive,estimated,3781,315.0,0.6019169884936248
ergo_adaptive,estimated,3782,315.08333333333337,0.6024456884039038
ergo_adaptive,estimated,3783,315.16666666666663,0.6029445187949588
ergo_adaptive,estimated,3784,315.25,0.603436180070283
ergo_adaptive,estimated,3785,315.33333333333337,0.604033222492836
ergo_adaptive,estimated,3786,315.41666666666663,0.6044620481963068
ergo_adaptive,estimated,3787,315.5,0.6048658162172216
ergo_adaptive,estimated,3788,315.58333333333337,0.6053199401979227
ergo_adaptive,estimated,3789,315.66666666666663,0.6059120104320009
ergo_adaptive,estimated,3790,315.75,0.6063551914896975
ergo_adaptive,estimated,3791,315.83333333333337,0.6066781429488681
ergo_adaptive,estimated,3792,315.91666666666663,0.6070739348849807
ergo_adaptive,estimated,3793,316.0,0.607522779382828
ergo_adaptive,estimated,3794,316.08333333333337,0.6079043858108027
ergo_adaptive,estimated,3795,316.16666666666663,0.6083261035377198
ergo_adaptive,estimated,3796,316.25,0.6087707365496831
ergo_adaptive,estimated,3797,316.33333333333337,0.609191484167766
ergo_adaptive,estimated,3798,316.41666666666663,0.609598578700447
ergo_adaptive,estimated,3799,316.5,0.609925492328373
ergo_adaptive,estimated,3800,316.58333333333337,0.6102451545716459
ergo_adaptive,estimated,3801,316.66666666666663,0.6106312103683535
ergo_adaptive,estimated,3802,316.75,0.6109952352295129
ergo_adaptive,estimated,3803,316.83333333333337,0.6112985815069674
ergo_adaptive,estimated,3804,316.91666666666663,0.6116123122971749
ergo_adaptive,estimated,3805,317.0,0.6119850294879342
ergo_adaptive,estimated,3806,317.08333333333337,0.612331286758533
ergo_adaptive,estimated,3807,317.16666666666663,0.6126975370476475
ergo_adaptive,estimated,3808,317.25,0.6130212885179575
ergo_adaptive,estimated,3809,317.33333333333337,0.6133505150829149
ergo_adaptive,estimated,3810,317.41666666666663,0.6137057420924904
ergo_adaptive,estimated,3811,317.5,0.6140131694254063
ergo_adaptive,estimated,3812,317.58333333333337,0.6143182401729506
ergo_adaptive,estimated,3813,317.66666666666663,0.6145753921178185
ergo_adaptive,estimated,3814,317.75,0.6148847670882421
ergo_adaptive,estimated,3815,317.83333333333337,0.6151971500851455
ergo_adaptive,estimated,3816,317.91666666666663,0.6154347145644764
ergo_adaptive,estimated,3817,318.0,0.6156629597456651
ergo_adaptive,estimated,3818,318.08333333333337,0.6159322539093347
ergo_adaptive,estimated,3819,318.16666666666663,0.6161734229459753
ergo_adaptive,estimated,3820,318.25,0.6163809780113365
ergo_adaptive,estimated,3821,318.33333333333337,0.6162647256979533
ergo_adaptive,estimated,3822,318.41666666666663,0.6160838894428374
ergo_adaptive,estimated,3823,318.5,0.6157755802330601
ergo_adaptive,estimated,3824,318.58333333333337,0.6154891014452919
ergo_adaptive,estimated,3825,318.66666666666663,0.6151906829172484
ergo_adaptive,estimated,3826,318.75,0.6148769151175122
ergo_adaptive,estimated,3827,318.83333333333337,0.6145083964124116
ergo_adaptive,estimated,3828,318.91666666666663,0.6143023101650665
ergo_adaptive,estimated,3829,319.0,0.6139812359201914
ergo_adaptive,estimated,3830,319.08333333333337,0.6136606426506817
ergo_adaptive,estimated,3831,319.16666666666663,0.6133769019158929
ergo_adaptive,estimated,3832,319.25,0.6131254665864079
ergo_adaptive,estimated,3833,319.33333333333337,0.6128555831275393
ergo_adaptive,estimated,3834,319.41666666666663,0.6125794550101922
ergo_adaptive,estimated,3835,319.5,0.6123115991836241
ergo_adaptive,estimated,3836,319.58333333333337,0.6121361725889253
ergo_adaptive,estimated,3837,319.66666666666663,0.6118808924535073
ergo_adaptive,estimated,3838,319.75,0.6116959155920901
ergo_adaptive,estimated,3839,319.83333333333337,0.6114349477750494
ergo_adaptive,estimated,3840,319.91666666666663,0.6112351161347489
ergo_adaptive,estimated,3841,320.0,0.6110073983967003
ergo_adaptive,estimated,3842,320.08333333333337,0.6109587661407746
ergo_adaptive,estimated,3843,320.16666666666663,0.6108206291004181
ergo_adaptive,estimated,3844,320.25,0.6106497213774305
ergo_adaptive,estimated,3845,320.33333333333337,0.6106947524947728
ergo_adaptive,estimated,3846,320.41666666666663,0.6105695157321614
ergo_adaptive,estimated,3847,320.5,0.6104416942022196
ergo_adaptive,estimated,3848,320.58333333333337,0.6100778305593346
ergo_adaptive,estimated,3849,320.66666666666663,0.6098474625263365
ergo_adaptive,estimated,3850,320.75,0.6094923843937313
ergo_adaptive,estimated,3851,320.83333333333337,0.6090068995551643
ergo_adaptive,estimated,3852,320.91666666666663,0.6087063979845294
ergo_adaptive,estimated,3853,321.0,0.6084509026825395
ergo_adaptive,estimated,3854,321.08333333333337,0.6078758983205774
ergo_adaptive,estimated,3855,321.16666666666663,0.6074013740557123
ergo_adaptive,estimated,3856,321.25,0.6073546390169519
ergo_adaptive,estimated,3857,321.33333333333337,0.6070191208970633
ergo_adaptive,estimated,3858,321.41666666666663,0.606840827741412
ergo_adaptive,estimated,3859,321.5,0.6067189454005841
ergo_adaptive,estimated,3860,321.58333333333337,0.6068507542168705
ergo_adaptive,estimated,3861,321.66666666666663,0.6069452340181631
ergo_adaptive,estimated,3862,321.75,0.6064439348988635
ergo_adaptive,estimated,3863,321.83333333333337,0.6061882998279357
ergo_adaptive,estimated,3864,321.91666666666663,0.6062271890130551
ergo_adaptive,estimated,3865,322.0,0.6060445456369202
ergo_adaptive,estimated,3866,322.08333333333337,0.6058688306005796
ergo_adaptive,estimated,3867,322.16666666666663,0.6059708823731936
ergo_adaptive,estimated,3868,322.25,0.6057191277647364
ergo_adaptive,estimated,3869,322.33333333333337,0.6053109958106109
ergo_adaptive,estimated,3870,322.41666666666663,0.603934367800747
ergo_adaptive,estimated,3871,322.5,0.6039621357717386
ergo_adaptive,estimated,3872,322.58333333333337,0.6041273922715378
ergo_adaptive,estimated,3873,322.66666666666663,0.6046152435742421
ergo_adaptive,estimated,3874,322.75,0.6042063536738251
ergo_adaptive,estimated,3875,322.83333333333337,0.6044039810726842
ergo_adaptive,estimated,3876,322.91666666666663,0.6044017019367699
ergo_adaptive,estimated,3877,323.0,0.6027657019317658
ergo_adaptive,estimated,3878,323.08333333333337,0.5995664557411713
ergo_adaptive,estimated,3879,323.16666666666663,0.5977438122865777
ergo_adaptive,estimated,3880,323.25,0.5943286259143316
ergo_adaptive,estimated,3881,323.33333333333337,0.5900962485437092
ergo_adaptive,estimated,3882,323.41666666666663,0.5883513804193142
ergo_adaptive,estimated,3883,323.5,0.5877002942976844
ergo_adaptive,estimated,3884,323.58333333333337,0.5886055808604719
ergo_adaptive,estimated,3885,323.66666666666663,0.588895650153343
ergo_adaptive,estimated,3886,323.75,0.586866492498288
ergo_adaptive,estimated,3887,323.83333333333337,0.5828423333494817
ergo_adaptive,estimated,3888,323.91666666666663,0.5812319013056719
ergo_adaptive,estimated,3889,324.0,0.5806725825828125
ergo_adaptive,estimated,3890,324.08333333333337,0.5794581023732818
ergo_adaptive,estimated,3891,324.16666666666663,0.5772392492362058
ergo_adaptive,estimated,3892,324.25,0.5725360089527718
ergo_adaptive,estimated,3893,324.33333333333337,0.5738993858410937
ergo_adaptive,estimated,3894,324.41666666666663,0.5725741274466798
ergo_adaptive,estimated,3895,324.5,0.576530479515235
ergo_adaptive,estimated,3896,324.58333333333337,0.575157234116769
ergo_adaptive,estimated,3897,324.66666666666663,0.5754018720652699
ergo_adaptive,estimated,3898,324.75,0.5746489339348587
ergo_adaptive,estimated,3899,324.83333333333337,0.5748997302720011
ergo_adaptive,estimated,3900,324.91666666666663,0.5757960566480927
ergo_adaptive,estimated,3901,325.0,0.5759188708002327
ergo_adaptive,estimated,3902,325.08333333333337,0.5766052346787228
ergo_adaptive,estimated,3903,325.16666666666663,0.5751144755894176
ergo_adaptive,estimated,3904,325.25,0.577822672056971
ergo_adaptive,estimated,3905,325.33333333333337,0.576290227909757
ergo_adaptive,estimated,3906,325.41666666666663,0.5751802871161904
ergo_adaptive,estimated,3907,325.5,0.5750188241805588
ergo_adaptive,estimated,3908,325.58333333333337,0.5807322649234864
ergo_adaptive,estimated,3909,325.66666666666663,0.5815473150628643
ergo_adaptive,estimated,3910,325.75,0.5845656499516971
ergo_adaptive,estimated,3911,325.83333333333337,0.5869430319503053
ergo_adaptive,estimated,3912,325.91666666666663,0.5828019568725733
ergo_adaptive,estimated,3913,326.0,0.5814400655619486
ergo_adaptive,estimated,3914,326.08333333333337,0.587952310680274
ergo_adaptive,estimated,3915,326.16666666666663,0.5925414510253795
ergo_adaptive,estimated,3916,326.25,0.5933166321547719
ergo_adaptive,estimated,3917,326.33333333333337,0.5965506032614369
ergo_adaptive,estimated,3918,326.41666666666663,0.5989366114786928
ergo_adaptive,estimated,3919,326.5,0.6006122739050941
ergo_adaptive,estimated,3920,326.58333333333337,0.6020786376176076
ergo_adaptive,estimated,3921,326.66666666666663,0.6030880183734434
ergo_adaptive,estimated,3922,326.75,0.6041184057865645
ergo_adaptive,estimated,3923,326.83333333333337,0.6055780633704029
ergo_adaptive,estimated,3924,326.91666666666663,0.6058157371955225
ergo_adaptive,estimated,3925,327.0,0.606343163405872
ergo_adaptive,estimated,3926,327.08333333333337,0.6069931134186494
ergo_adaptive,estimated,3927,327.16666666666663,0.6079128485001103
ergo_adaptive,estimated,3928,327.25,0.6081671478083366
ergo_adaptive,estimated,3929,327.33333333333337,0.6089801019924794
ergo_adaptive,estimated,3930,327.41666666666663,0.6103432234089103
ergo_adaptive,estimated,3931,327.5,0.6109072826590227
ergo_adaptive,estimated,3932,327.58333333333337,0.6108727770122494
ergo_adaptive,estimated,3933,327.66666666666663,0.6112988510490265
ergo_adaptive,estimated,3934,327.75,0.6119122015648015
ergo_adaptive,estimated,3935,327.83333333333337,0.6122549814311221
ergo_adaptive,estimated,3936,327.91666666666663,0.612770665622113
ergo_adaptive,estimated,3937,328.0,0.6131802376883242
ergo_adaptive,estimated,3938,328.08333333333337,0.6135922562398972
ergo_adaptive,estimated,3939,328.16666666666663,0.6138735915357121
ergo_adaptive,estimated,3940,328.25,0.6145628165039514
ergo_adaptive,estimated,3941,328.33333333333337,0.6151322605209788
ergo_adaptive,estimated,3942,328.41666666666663,0.6158573449815188
ergo_adaptive,estimated,3943,328.5,0.6160563809063719
ergo_adaptive,estimated,3944,328.58333333333337,0.6164449131405723
ergo_adaptive,estimated,3945,328.66666666666663,0.6166677660747706
ergo_adaptive,estimated,3946,328.75,0.6170623765126975
ergo_adaptive,estimated,3947,328.83333333333337,0.617262565028671
ergo_adaptive,estimated,3948,328.91666666666663,0.6174284918466062
ergo_adaptive,estimated,3949,329.0,0.617778054794461
ergo_adaptive,estimated,3950,329.08333333333337,0.6177556063848495
ergo_adaptive,estimated,3951,329.16666666666663,0.6183085303649984
ergo_adaptive,estimated,3952,329.25,0.6185374735668211
ergo_adaptive,estimated,3953,329.33333333333337,0.6188464817936803
ergo_adaptive,estimated,3954,329.41666666666663,0.6193221909658384
ergo_adaptive,estimated,3955,329.5,0.6195842235610435
ergo_adaptive,estimated,3956,329.58333333333337,0.6198368432400382
ergo_adaptive,estimated,3957,329.66666666666663,0.6203299298721693
ergo_adaptive,estimated,3958,329.75,0.6203689705768497
ergo_adaptive,estimated,3959,329.83333333333337,0.6206680554041266
ergo_adaptive,estimated,3960,329.91666666666663,0.6208518366953951
ergo_adaptive,estimated,3961,330.0,0.6207429653925551
ergo_adaptive,estimated,3962,330.08333333333337,0.6207501691997132
ergo_adaptive,estimated,3963,330.16666666666663,0.6208590398770039
ergo_adaptive,estimated,3964,330.25,0.6209009551027186
ergo_adaptive,estimated,3965,330.33333333333337,0.6207462994221178
ergo_adaptive,estimated,3966,330.41666666666663,0.6204941235492715
ergo_adaptive,estimated,3967,330.5,0.6208169639035334
ergo_adaptive,estimated,3968,330.58333333333337,0.6205520063244044
ergo_adaptive,estimated,3969,330.66666666666663,0.6203496538338488
ergo_adaptive,estimated,3970,330.75,0.6204412769385506
ergo_adaptive,estimated,3971,330.83333333333337,0.6203864897066791
ergo_adaptive,estimated,3972,330.91666666666663,0.6206305302681897
ergo_adaptive,estimated,3973,331.0,0.6212472523876916
ergo_adaptive,estimated,3974,331.08333333333337,0.6210132596117552
ergo_adaptive,estimated,3975,331.16666666666663,0.6208892068207259
ergo_adaptive,estimated,3976,331.25,0.6207616831372007
ergo_adaptive,estimated,3977,331.33333333333337,0.6209680961580786
ergo_adaptive,estimated,3978,331.41666666666663,0.6211052845980993
ergo_adaptive,estimated,3979,331.5,0.6211747287561902
ergo_adaptive,estimated,3980,331.58333333333337,0.6216779195850296
ergo_adaptive,estimated,3981,331.66666666666663,0.622092741346494
ergo_adaptive,estimated,3982,331.75,0.6218768722473712
ergo_adaptive,estimated,3983,331.83333333333337,0.620848662598353
ergo_adaptive,estimated,3984,331.91666666666663,0.6221563786295777
ergo_adaptive,estimated,3985,332.0,0.621048148747866
ergo_adaptive,estimated,3986,332.08333333333337,0.6211457292158945
ergo_adaptive,estimated,3987,332.16666666666663,0.620313874615693
ergo_adaptive,estimated,3988,332.25,0.6217374153458463
ergo_adaptive,estimated,3989,332.33333333333337,0.6215839264995224
ergo_adaptive,estimated,3990,332.41666666666663,0.6207591411874651
ergo_adaptive,estimated,3991,332.5,0.62061456515699
ergo_adaptive,estimated,3992,332.58333333333337,0.62280902942079
ergo_adaptive,estimated,3993,332.66666666666663,0.6227503879216865
ergo_adaptive,estimated,3994,332.75,0.621376865315718
ergo_adaptive,estimated,3995,332.83333333333337,0.6222407914925406
ergo_adaptive,estimated,3996,332.91666666666663,0.6215011965775012
ergo_adaptive,estimated,3997,333.0,0.6219518236421916
ergo_adaptive,estimated,3998,333.08333333333337,0.6210185747045375
ergo_adaptive,estimated,3999,333.16666666666663,0.6197671181194827
ergo_adaptive,estimated,4000,333.25,0.620515601822796
ergo_adaptive,estimated,4001,333.33333333333337,0.6232718613968902
ergo_adaptive,estimated,4002,333.41666666666663,0.62178062916245
ergo_adaptive,estimated,4003,333.5,0.622517249945517
ergo_adaptive,estimated,4004,333.58333333333337,0.620659042844393
ergo_adaptive,estimated,4005,333.66666666666663,0.6211388959020888
ergo_adaptive,estimated,4006,333.75,0.6220293431179119
ergo_adaptive,estimated,4007,333.83333333333337,0.6229366537640103
ergo_adaptive,estimated,4008,333.91666666666663,0.6239765803439129
ergo_adaptive,estimated,4009,334.0,0.6242761261767523
ergo_adaptive,estimated,4010,334.08333333333337,0.6251192185052904
ergo_adaptive,estimated,4011,334.16666666666663,0.6248500970693374
ergo_adaptive,estimated,4012,334.25,0.6243998866787062
ergo_adaptive,estimated,4013,334.33333333333337,0.6243157550708734
ergo_adaptive,estimated,4014,334.41666666666663,0.6247560768705903
ergo_adaptive,estimated,4015,334.5,0.6265225273481323
ergo_adaptive,estimated,4016,334.58333333333337,0.627244429317775
ergo_adaptive,estimated,4017,334.66666666666663,0.627598923774535
ergo_adaptive,estimated,4018,334.75,0.6277598651640006
ergo_adaptive,estimated,4019,334.83333333333337,0.6280703181587679
ergo_adaptive,estimated,4020,334.91666666666663,0.6295973591327199
ergo_adaptive,estimated,4021,335.0,0.6298845972822033
ergo_adaptive,estimated,4022,335.08333333333337,0.6313627431657225
ergo_adaptive,estimated,4023,335.16666666666663,0.6323267730344243
ergo_adaptive,estimated,4024,335.25,0.6320251014839978
ergo_adaptive,estimated,4025,335.33333333333337,0.6322547811678655
ergo_adaptive,estimated,4026,335.41666666666663,0.6320812305386371
ergo_adaptive,estimated,4027,335.5,0.6327688247830034
ergo_adaptive,estimated,4028,335.58333333333337,0.6333594049543902
ergo_adaptive,estimated,4029,335.66666666666663,0.6338697649788634
ergo_adaptive,estimated,4030,335.75,0.6344261359407671
ergo_adaptive,estimated,4031,335.83333333333337,0.6349922779440017
ergo_adaptive,estimated,4032,335.91666666666663,0.6354221601517304
ergo_adaptive,estimated,4033,336.0,0.6357173688719827
ergo_adaptive,estimated,4034,336.08333333333337,0.6358088168315564
ergo_adaptive,estimated,4035,336.16666666666663,0.6360131992663366
ergo_adaptive,estimated,4036,336.25,0.6362706204385306
ergo_adaptive,estimated,4037,336.33333333333337,0.6366520488528754
ergo_adaptive,estimated,4038,336.41666666666663,0.6367504478231701
ergo_adaptive,estimated,4039,336.5,0.6370132272666545
ergo_adaptive,estimated,4040,336.58333333333337,0.6375514233292201
ergo_adaptive,estimated,4041,336.66666666666663,0.6378298096923771
ergo_adaptive,estimated,4042,336.75,0.6380018644948776
ergo_adaptive,estimated,4043,336.83333333333337,0.6382622729151621
ergo_adaptive,estimated,4044,336.91666666666663,0.6383130985524087
ergo_adaptive,estimated,4045,337.0,0.6388465686833295
ergo_adaptive,estimated,4046,337.08333333333337,0.6388785508536238
ergo_adaptive,estimated,4047,337.16666666666663,0.6391802756996829
ergo_adaptive,estimated,4048,337.25,0.6393277608806688
ergo_adaptive,estimated,4049,337.33333333333337,0.6394113014564378
ergo_adaptive,estimated,4050,337.41666666666663,0.639751863798221
ergo_adaptive,estimated,4051,337.5,0.639704094350783
ergo_adaptive,estimated,4052,337.58333333333337,0.6397879050557409
ergo_adaptive,estimated,4053,337.66666666666663,0.6400638842821308
ergo_adaptive,estimated,4054,337.75,0.6403470893794864
ergo_adaptive,estimated,4055,337.83333333333337,0.6403774695242433
ergo_adaptive,estimated,4056,337.91666666666663,0.640396191445986
ergo_adaptive,estimated,4057,338.0,0.6404600951574682
ergo_adaptive,estimated,4058,338.08333333333337,0.6407192319405131
ergo_adaptive,estimated,4059,338.16666666666663,0.640874107765781
ergo_adaptive,estimated,4060,338.25,0.6409309551277922
ergo_adaptive,estimated,4061,338.33333333333337,0.6411171168389621
ergo_adaptive,estimated,4062,338.41666666666663,0.6410273908705962
ergo_adaptive,estimated,4063,338.5,0.6408053649119949
ergo_adaptive,estimated,4064,338.58333333333337,0.6405214163355217
ergo_adaptive,estimated,4065,338.66666666666663,0.6403999899812575
ergo_adaptive,estimated,4066,338.75,0.6401260094403015
ergo_adaptive,estimated,4067,338.83333333333337,0.6397494628996395
ergo_adaptive,estimated,4068,338.91666666666663,0.6394453190311631
ergo_adaptive,estimated,4069,339.0,0.6389831629535011
ergo_adaptive,estimated,4070,339.08333333333337,0.6388008363338077
ergo_adaptive,estimated,4071,339.16666666666663,0.6382716083687708
ergo_adaptive,estimated,4072,339.25,0.6378755867519464
ergo_adaptive,estimated,4073,339.33333333333337,0.6373072798620988
ergo_adaptive,estimated,4074,339.41666666666663,0.6367560750597502
ergo_adaptive,estimated,4075,339.5,0.6364819286132974
ergo_adaptive,estimated,4076,339.58333333333337,0.6359798323874085
ergo_adaptive,estimated,4077,339.66666666666663,0.6354377995943377
ergo_adaptive,estimated,4078,339.75,0.6353685513063851
ergo_adaptive,estimated,4079,339.83333333333337,0.6348870101185505
ergo_adaptive,estimated,4080,339.91666666666663,0.634490266043309
ergo_adaptive,estimated,4081,340.0,0.6340793056549492
ergo_adaptive,estimated,4082,340.08333333333337,0.6339241119347649
ergo_adaptive,estimated,4083,340.16666666666663,0.633514670038067
ergo_adaptive,estimated,4084,340.25,0.632928506454818
ergo_adaptive,estimated,4085,340.33333333333337,0.63276808613446
ergo_adaptive,estimated,4086,340.41666666666663,0.632177609326977
ergo_adaptive,estimated,4087,340.5,0.6317002836572441
ergo_adaptive,estimated,4088,340.58333333333337,0.6313073324001508
ergo_adaptive,estimated,4089,340.66666666666663,0.6307206046708548
ergo_adaptive,estimated,4090,340.75,0.63020934217256
ergo_adaptive,estimated,4091,340.83333333333337,0.6299255559496544
ergo_adaptive,estimated,4092,340.91666666666663,0.6297134618496559
ergo_adaptive,estimated,4093,341.0,0.6297477345991075
ergo_adaptive,estimated,4094,341.08333333333337,0.6294432621047855
ergo_adaptive,estimated,4095,341.16666666666663,0.6290528144118417
ergo_adaptive,estimated,4096,341.25,0.6286597800935666
ergo_adaptive,estimated,4097,341.33333333333337,0.6285260438922783
ergo_adaptive,estimated,4098,341.41666666666663,0.6283573007014223
ergo_adaptive,estimated,4099,341.5,0.6281271779061506
ergo_adaptive,estimated,4100,341.58333333333337,0.6277738907055911
ergo_adaptive,estimated,4101,341.66666666666663,0.6276146902207393
ergo_adaptive,estimated,4102,341.75,0.6272910957572222
ergo_adaptive,estimated,4103,341.83333333333337,0.627069738429811
ergo_adaptive,estimated,4104,341.91666666666663,0.6265943688751053
ergo_adaptive,estimated,4105,342.0,0.6262212087040337
ergo_adaptive,estimated,4106,342.08333333333337,0.6258956058782613
ergo_adaptive,estimated,4107,342.16666666666663,0.6254670308387167
ergo_adaptive,estimated,4108,342.25,0.6253974096469946
ergo_adaptive,estimated,4109,342.33333333333337,0.6248522651093199
ergo_adaptive,estimated,4110,342.41666666666663,0.6246036197704612
ergo_adaptive,estimated,4111,342.5,0.6244510570510728
ergo_adaptive,estimated,4112,342.58333333333337,0.6238373448182329
ergo_adaptive,estimated,4113,342.66666666666663,0.6231948184563793
ergo_adaptive,estimated,4114,342.75,0.6230647290093649
ergo_adaptive,estimated,4115,342.83333333333337,0.6233567964814671
ergo_adaptive,estimated,4116,342.91666666666663,0.6234594034080226
ergo_adaptive,estimated,4117,343.0,0.6232496796272191
ergo_adaptive,estimated,4118,343.08333333333337,0.622751843298132
ergo_adaptive,estimated,4119,343.16666666666663,0.6224931842222726
ergo_adaptive,estimated,4120,343.25,0.6219660054433465
ergo_adaptive,estimated,4121,343.33333333333337,0.6217844471695712
ergo_adaptive,estimated,4122,343.41666666666663,0.6215177426195745
ergo_adaptive,estimated,4123,343.5,0.6211988342245701
ergo_adaptive,estimated,4124,343.58333333333337,0.6209776187998599
ergo_adaptive,estimated,4125,343.66666666666663,0.6211208548347106
ergo_adaptive,estimated,4126,343.75,0.6206822582692133
ergo_adaptive,estimated,4127,343.83333333333337,0.6202009107168568
ergo_adaptive,estimated,4128,343.91666666666663,0.6199406608042989
ergo_adaptive,estimated,4129,344.0,0.6195563231712486
ergo_adaptive,estimated,4130,344.08333333333337,0.6191183008110863
ergo_adaptive,estimated,4131,344.16666666666663,0.6194478220265306
ergo_adaptive,estimated,4132,344.25,0.6197162992706421
ergo_adaptive,estimated,4133,344.33333333333337,0.6198100410694988
ergo_adaptive,estimated,4134,344.41666666666663,0.619567959759877
ergo_adaptive,estimated,4135,344.5,0.619705485448921
ergo_adaptive,estimated,4136,344.58333333333337,0.6196444491172614
ergo_adaptive,estimated,4137,344.66666666666663,0.6195375654166448
ergo_adaptive,estimated,4138,344.75,0.6195202179817806
ergo_adaptive,estimated,4139,344.83333333333337,0.619160790115705
ergo_adaptive,estimated,4140,344.91666666666663,0.6190193210607645
ergo_adaptive,estimated,4141,345.0,0.618787879969409
ergo_adaptive,estimated,4142,345.08333333333337,0.6186083649342478
ergo_adaptive,estimated,4143,345.16666666666663,0.6184265143985771
ergo_adaptive,estimated,4144,345.25,0.6183440200338258
ergo_adaptive,estimated,4145,345.33333333333337,0.6179837764248287
ergo_adaptive,estimated,4146,345.41666666666663,0.6179882057529036
ergo_adaptive,estimated,4147,345.5,0.6175725955384642
ergo_adaptive,estimated,4148,345.58333333333337,0.617422684904095
ergo_adaptive,estimated,4149,345.66666666666663,0.6170612653583339
ergo_adaptive,estimated,4150,345.75,0.6171396195460568
ergo_adaptive,estimated,4151,345.83333333333337,0.617057625015471
ergo_adaptive,estimated,4152,345.91666666666663,0.6172039725286215
ergo_adaptive,estimated,4153,346.0,0.617031376359518
ergo_adaptive,estimated,4154,346.08333333333337,0.6168517711935086
ergo_adaptive,estimated,4155,346.16666666666663,0.6165667970866424
ergo_adaptive,estimated,4156,346.25,0.616552770538796
ergo_adaptive,estimated,4157,346.33333333333337,0.6163573821894881
ergo_adaptive,estimated,4158,346.41666666666663,0.616289692779509
ergo_adaptive,estimated,4159,346.5,0.6159742441745112
ergo_adaptive,estimated,4160,346.58333333333337,0.6159579634323725
ergo_adaptive,estimated,4161,346.66666666666663,0.6158253199849626
ergo_adaptive,estimated,4162,346.75,0.6153976654480967
ergo_adaptive,estimated,4163,346.83333333333337,0.6150791585775391
ergo_adaptive,estimated,4164,346.91666666666663,0.6149638025676103
ergo_adaptive,estimated,4165,347.0,0.6148281952321161
ergo_adaptive,estimated,4166,347.08333333333337,0.6147475300544202
ergo_adaptive,estimated,4167,347.16666666666663,0.6148655616260408
ergo_adaptive,estimated,4168,347.25,0.6146596391942155
ergo_adaptive,estimated,4169,347.33333333333337,0.6144122607626628
ergo_adaptive,estimated,4170,347.41666666666663,0.6143487025725918
ergo_adaptive,estimated,4171,347.5,0.6141533857988186
ergo_adaptive,estimated,4172,347.58333333333337,0.6139250462889299
ergo_adaptive,estimated,4173,347.66666666666663,0.6136742982980261
ergo_adaptive,estimated,4174,347.75,0.6134957295890563
ergo_adaptive,estimated,4175,347.83333333333337,0.6132494786646903
ergo_adaptive,estimated,4176,347.91666666666663,0.613006343448964
ergo_adaptive,estimated,4177,348.0,0.6127004979773751
ergo_adaptive,estimated,4178,348.08333333333337,0.6126546077082422
ergo_adaptive,estimated,4179,348.16666666666663,0.6124492771167337
ergo_adaptive,estimated,4180,348.25,0.6121447642034952
ergo_adaptive,estimated,4181,348.33333333333337,0.6121554575650535
ergo_adaptive,estimated,4182,348.41666666666663,0.6119604154378872
ergo_adaptive,estimated,4183,348.5,0.6117560652017396
ergo_adaptive,estimated,4184,348.58333333333337,0.6114369109753965
ergo_adaptive,estimated,4185,348.66666666666663,0.611210740976425
ergo_adaptive,estimated,4186,348.75,0.6111903943024094
ergo_adaptive,estimated,4187,348.83333333333337,0.6109593029608706
ergo_adaptive,estimated,4188,348.91666666666663,0.6107688051681518
ergo_adaptive,estimated,4189,349.0,0.6106016214123314
ergo_adaptive,estimated,4190,349.08333333333337,0.6101620202640551
ergo_adaptive,estimated,4191,349.16666666666663,0.6099587128474612
ergo_adaptive,estimated,4192,349.25,0.6098583909126665
ergo_adaptive,estimated,4193,349.33333333333337,0.6097528263227051
ergo_adaptive,estimated,4194,349.41666666666663,0.609653920573137
ergo_adaptive,estimated,4195,349.5,0.6094736259255524
ergo_adaptive,estimated,4196,349.58333333333337,0.6094254797702567
ergo_adaptive,estimated,4197,349.66666666666663,0.6092246424761332
ergo_adaptive,estimated,4198,349.75,0.6088110381728669
ergo_adaptive,estimated,4199,349.83333333333337,0.6084665102084015
ergo_adaptive,estimated,4200,349.91666666666663,0.6081473922212748
ergo_adaptive,estimated,4201,350.0,0.6081381407410343
ergo_adaptive,estimated,4202,350.08333333333337,0.6077708570312133
ergo_adaptive,estimated,4203,350.16666666666663,0.607517733815383
ergo_adaptive,estimated,4204,350.25,0.6074980219580278
ergo_adaptive,estimated,4205,350.33333333333337,0.6071498888554577
ergo_adaptive,estimated,4206,350.41666666666663,0.6070290209735746
ergo_adaptive,estimated,4207,350.5,0.6066840242598173
ergo_adaptive,estimated,4208,350.58333333333337,0.606670942827158
ergo_adaptive,estimated,4209,350.66666666666663,0.6065800053626041
ergo_adaptive,estimated,4210,350.75,0.6063561985698813
ergo_adaptive,estimated,4211,350.83333333333337,0.6062549946602026
ergo_adaptive,estimated,4212,350.91666666666663,0.6064360440454465
ergo_adaptive,estimated,4213,351.0,0.6064089747118949
ergo_adaptive,estimated,4214,351.08333333333337,0.6062996074274319
ergo_adaptive,estimated,4215,351.16666666666663,0.6061513204295508
ergo_adaptive,estimated,4216,351.25,0.606242350839025
ergo_adaptive,estimated,4217,351.33333333333337,0.6059884576629807
ergo_adaptive,estimated,4218,351.41666666666663,0.6059922707701169
ergo_adaptive,estimated,4219,351.5,0.6058955685679465
ergo_adaptive,estimated,4220,351.58333333333337,0.605825265356799
ergo_adaptive,estimated,4221,351.66666666666663,0.6060233612328427
ergo_adaptive,estimated,4222,351.75,0.6059148163425251
ergo_adaptive,estimated,4223,351.83333333333337,0.6058122973675552
ergo_adaptive,estimated,4224,351.91666666666663,0.6059740575375826
ergo_adaptive,estimated,4225,352.0,0.6058620382139621
ergo_adaptive,estimated,4226,352.08333333333337,0.6059723630071389
ergo_adaptive,estimated,4227,352.16666666666663,0.6062428369451023
ergo_adaptive,estimated,4228,352.25,0.6065507036531995
ergo_adaptive,estimated,4229,352.33333333333337,0.6069538965403476
ergo_adaptive,estimated,4230,352.41666666666663,0.6073213158344499
ergo_adaptive,estimated,4231,352.5,0.6073963646468477
ergo_adaptive,estimated,4232,352.58333333333337,0.6076060951983846
ergo_adaptive,estimated,4233,352.66666666666663,0.6076459758219127
ergo_adaptive,estimated,4234,352.75,0.6076469234034149
ergo_adaptive,estimated,4235,352.83333333333337,0.6080404255452783
ergo_adaptive,estimated,4236,352.91666666666663,0.6080592244693575
ergo_adaptive,estimated,4237,353.0,0.6083683662466433
ergo_adaptive,estimated,4238,353.08333333333337,0.6082598297914511
ergo_adaptive,estimated,4239,353.16666666666663,0.6082286663726086
ergo_adaptive,estimated,4240,353.25,0.6084099512368989
ergo_adaptive,estimated,4241,353.33333333333337,0.6086697268600438
ergo_adaptive,estimated,4242,353.41666666666663,0.6086411013618526
ergo_adaptive,estimated,4243,353.5,0.6085581941355919
ergo_adaptive,estimated,4244,353.58333333333337,0.6083989678272803
ergo_adaptive,estimated,4245,353.66666666666663,0.6084154222810327
ergo_adaptive,estimated,4246,353.75,0.608262026872977
ergo_adaptive,estimated,4247,353.83333333333337,0.6083380926776747
ergo_adaptive,estimated,4248,353.91666666666663,0.6082069491958557
ergo_adaptive,estimated,4249,354.0,0.6081581342457474
ergo_adaptive,estimated,4250,354.08333333333337,0.6079489296116118
ergo_adaptive,estimated,4251,354.16666666666663,0.6078527247407574
ergo_adaptive,estimated,4252,354.25,0.6076704358073196
ergo_adaptive,estimated,4253,354.33333333333337,0.6074542334608726
ergo_adaptive,estimated,4254,354.41666666666663,0.607079785084789
ergo_adaptive,estimated,4255,354.5,0.6068436299436111
ergo_adaptive,estimated,4256,354.58333333333337,0.6066764176793762
ergo_adaptive,estimated,4257,354.66666666666663,0.6065356871077192
ergo_adaptive,estimated,4258,354.75,0.6062786270611952
ergo_adaptive,estimated,4259,354.83333333333337,0.6062338059028842
ergo_adaptive,estimated,4260,354.91666666666663,0.6059253903251757
ergo_adaptive,estimated,4261,355.0,0.6057955985515167
ergo_adaptive,estimated,4262,355.08333333333337,0.6055894341381992
ergo_adaptive,estimated,4263,355.16666666666663,0.605393410049533
ergo_adaptive,estimated,4264,355.25,0.6050619399987429
ergo_adaptive,estimated,4265,355.33333333333337,0.6049059874806783
ergo_adaptive,estimated,4266,355.41666666666663,0.6046133736832386
ergo_adaptive,estimated,4267,355.5,0.6045714928334075
ergo_adaptive,estimated,4268,355.58333333333337,0.604417470703518
ergo_adaptive,estimated,4269,355.66666666666663,0.6040060666576678
ergo_adaptive,estimated,4270,355.75,0.6035606885952225
ergo_adaptive,estimated,4271,355.83333333333337,0.6033150318151669
ergo_adaptive,estimated,4272,355.91666666666663,0.6032717209119293
ergo_adaptive,estimated,4273,356.0,0.6030089617019999
ergo_adaptive,estimated,4274,356.08333333333337,0.6029545112065413
ergo_adaptive,estimated,4275,356.16666666666663,0.602823596404008
ergo_adaptive,estimated,4276,356.25,0.6027887811545936
ergo_adaptive,estimated,4277,356.33333333333337,0.6026728794122803
ergo_adaptive,estimated,4278,356.41666666666663,0.6024454802545914
ergo_adaptive,estimated,4279,356.5,0.6020634440964613
ergo_adaptive,estimated,4280,356.58333333333337,0.6019037308534213
ergo_adaptive,estimated,4281,356.66666666666663,0.6017724973513114
ergo_adaptive,estimated,4282,356.75,0.601640287969072
ergo_adaptive,estimated,4283,356.83333333333337,0.601605985249357
ergo_adaptive,estimated,4284,356.91666666666663,0.6016431667739636
ergo_adaptive,estimated,4285,357.0,0.6014164259195978
ergo_adaptive,estimated,4286,357.08333333333337,0.6015755346136477
ergo_adaptive,estimated,4287,357.16666666666663,0.6014119164735174
ergo_adaptive,estimated,4288,357.25,0.6014254314626936
ergo_adaptive,estimated,4289,357.33333333333337,0.6013653142008184
ergo_adaptive,estimated,4290,357.41666666666663,0.6013405194668667
ergo_adaptive,estimated,4291,357.5,0.6013657366843609
ergo_adaptive,estimated,4292,357.58333333333337,0.6012421771867729
ergo_adaptive,estimated,4293,357.66666666666663,0.6011259137754908
ergo_adaptive,estimated,4294,357.75,0.6010371805463239
ergo_adaptive,estimated,4295,357.83333333333337,0.6008939840340313
ergo_adaptive,estimated,4296,357.91666666666663,0.6007616756915806
ergo_adaptive,estimated,4297,358.0,0.6008043285022995
ergo_adaptive,estimated,4298,358.08333333333337,0.600802473802807
ergo_adaptive,estimated,4299,358.16666666666663,0.6007514708673823
ergo_adaptive,estimated,4300,358.25,0.6007520596305026
ergo_adaptive,estimated,4301,358.33333333333337,0.6005627466205937
ergo_adaptive,estimated,4302,358.41666666666663,0.6001656099827128
ergo_adaptive,estimated,4303,358.5,0.5998487759820433
ergo_adaptive,estimated,4304,358.58333333333337,0.5997992228413671
ergo_adaptive,estimated,4305,358.66666666666663,0.5996673134012163
ergo_adaptive,estimated,4306,358.75,0.5997838356184241
ergo_adaptive,estimated,4307,358.83333333333337,0.5994982148074294
ergo_adaptive,estimated,4308,358.91666666666663,0.5992721565689151
ergo_adaptive,estimated,4309,359.0,0.599264938930111
ergo_adaptive,estimated,4310,359.08333333333337,0.5990759508945276
ergo_adaptive,estimated,4311,359.16666666666663,0.5991913924757801
ergo_adaptive,estimated,4312,359.25,0.5989088325278846
ergo_adaptive,estimated,4313,359.33333333333337,0.5985984221322089
ergo_adaptive,estimated,4314,359.41666666666663,0.5984300112426131
ergo_adaptive,estimated,4315,359.5,0.5984339459774051
ergo_adaptive,estimated,4316,359.58333333333337,0.5982811024937427
ergo_adaptive,estimated,4317,359.66666666666663,0.598217726885125
ergo_adaptive,estimated,4318,359.75,0.5981143310901904
ergo_adaptive,estimated,4319,359.83333333333337,0.597804277436903
ergo_adaptive,estimated,4320,359.91666666666663,0.5975586401918147
ergo_adaptive,estimated,4321,360.0,0.597419597736118
ergo_adaptive,gt,1,0.0,0.5298262477282941
ergo_adaptive,gt,2,0.08333333333337123,0.5389915651439982
ergo_adaptive,gt,3,0.16666666666662877,0.5414200283872067
ergo_adaptive,gt,4,0.25,0.5427662962521935
ergo_adaptive,gt,5,0.33333333333337123,0.5437480198195149
ergo_adaptive,gt,6,0.41666666666662877,0.5445521082153074
ergo_adaptive,gt,7,0.5,0.545239844320282
ergo_adaptive,gt,8,0.5833333333333712,0.5458352551612361
ergo_adaptive,gt,9,0.6666666666666288,0.5463529565643932
ergo_adaptive,gt,10,0.75,0.5468061621362383
ergo_adaptive,gt,11,0.8333333333333712,0.547206293732727
ergo_adaptive,gt,12,0.9166666666666288,0.5475605566074183
ergo_adaptive,gt,13,1.0,0.5478727959407012
ergo_adaptive,gt,14,1.0833333333333712,0.5481521260254256
ergo_adaptive,gt,15,1.1666666666666288,0.54842707470184
ergo_adaptive,gt,16,1.25,0.5487448595154288
ergo_adaptive,gt,17,1.3333333333333712,0.5491341547900205
ergo_adaptive,gt,18,1.4166666666666288,0.5495876255806719
ergo_adaptive,gt,19,1.5,0.5500730976204623
ergo_adaptive,gt,20,1.5833333333333712,0.5505578816256582
ergo_adaptive,gt,21,1.6666666666666288,0.5510239122971271
ergo_adaptive,gt,22,1.75,0.5514662740278475
ergo_adaptive,gt,23,1.8333333333333712,0.5518828107385368
ergo_adaptive,gt,24,1.9166666666666288,0.55227056974745
ergo_adaptive,gt,25,2.0,0.5526375769197541
ergo_adaptive,gt,26,2.0833333333333712,0.5530153933620109
ergo_adaptive,gt,27,2.1666666666666288,0.5534374891092174
ergo_adaptive,gt,28,2.25,0.553903413576996
ergo_adaptive,gt,29,2.3333333333333712,0.5543827305624417
ergo_adaptive,gt,30,2.4166666666666288,0.5548453216727764
ergo_adaptive,gt,31,2.5,0.5552895254590219
ergo_adaptive,gt,32,2.5833333333333712,0.5557355250618343
ergo_adaptive,gt,33,2.6666666666666288,0.5561959569306338
ergo_adaptive,gt,34,2.75,0.5566686652968701
ergo_adaptive,gt,35,2.8333333333333712,0.5571488131175591
ergo_adaptive,gt,36,2.9166666666666288,0.557628859765732
ergo_adaptive,gt,37,3.0,0.5580842044669544
ergo_adaptive,gt,38,3.0833333333333712,0.5584743658419453
ergo_adaptive,gt,39,3.1666666666666288,0.5587867498377532
ergo_adaptive,gt,40,3.25,0.559145900291976
ergo_adaptive,gt,41,3.3333333333333712,0.5596384348115773
ergo_adaptive,gt,42,3.4166666666666288,0.5602210206740658
ergo_adaptive,gt,43,3.5,0.5608161830050474
ergo_adaptive,gt,44,3.5833333333333712,0.5613682619991873
ergo_adaptive,gt,45,3.6666666666666288,0.5618546428039065
ergo_adaptive,gt,46,3.75,0.5622799306785227
ergo_adaptive,gt,47,3.8333333333333712,0.5626904844407548
ergo_adaptive,gt,48,3.9166666666666288,0.5631520486171728
ergo_adaptive,gt,49,4.0,0.5636621494569128
ergo_adaptive,gt,50,4.083333333333371,0.5641485245281376
ergo_adaptive,gt,51,4.166666666666629,0.5645559880940345
ergo_adaptive,gt,52,4.25,0.5649698073830365
ergo_adaptive,gt,53,4.333333333333371,0.5654905058606012
ergo_adaptive,gt,54,4.416666666666629,0.5660863985724839
ergo_adaptive,gt,55,4.5,0.5666785399991234
ergo_adaptive,gt,56,4.583333333333371,0.5672168002031307
ergo_adaptive,gt,57,4.666666666666629,0.5677046059612023
ergo_adaptive,gt,58,4.75,0.5681860469896511
ergo_adaptive,gt,59,4.833333333333371,0.5687015710897914
ergo_adaptive,gt,60,4.916666666666629,0.569226987999688
ergo_adaptive,gt,61,5.0,0.5696774316997133
ergo_adaptive,gt,62,5.083333333333371,0.5700160401377449
ergo_adaptive,gt,63,5.166666666666629,0.5704767418478819
ergo_adaptive,gt,64,5.25,0.5710844367733633
ergo_adaptive,gt,65,5.333333333333371,0.571702894600339
ergo_adaptive,gt,66,5.416666666666629,0.5722371266978374
ergo_adaptive,gt,67,5.5,0.5727465650903699
ergo_adaptive,gt,68,5.583333333333371,0.5733134550191668
ergo_adaptive,gt,69,5.666666666666629,0.5739136710964932
ergo_adaptive,gt,70,5.75,0.5744784229946224
ergo_adaptive,gt,71,5.833333333333371,0.5749806462910219
ergo_adaptive,gt,72,5.916666666666629,0.5754611112774443
ergo_adaptive,gt,73,6.0,0.5759704659664334
ergo_adaptive,gt,74,6.083333333333371,0.5764804308325795
ergo_adaptive,gt,75,6.166666666666629,0.5768967096557356
ergo_adaptive,gt,76,6.25,0.5772228471473848
ergo_adaptive,gt,77,6.333333333333371,0.5776761775564554
ergo_adaptive,gt,78,6.416666666666629,0.5782315850404545
ergo_adaptive,gt,79,6.5,0.578747960152787
ergo_adaptive,gt,80,6.583333333333371,0.5791758186435504
ergo_adaptive,gt,81,6.666666666666629,0.5796151386145928
ergo_adaptive,gt,82,6.75,0.5801090998505503
ergo_adaptive,gt,83,6.833333333333371,0.5806038162503904
ergo_adaptive,gt,84,6.916666666666629,0.5810415325931605
ergo_adaptive,gt,85,7.0,0.5814190816931117
ergo_adaptive,gt,86,7.083333333333371,0.581776421471655
ergo_adaptive,gt,87,7.166666666666629,0.5821307460883367
ergo_adaptive,gt,88,7.25,0.582482554679779
ergo_adaptive,gt,89,7.333333333333371,0.5828094674009517
ergo_adaptive,gt,90,7.416666666666629,0.5831377494188752
ergo_adaptive,gt,91,7.5,0.5834713646737775
ergo_adaptive,gt,92,7.583333333333371,0.5837546384221538
ergo_adaptive,gt,93,7.666666666666629,0.5840038705487661
ergo_adaptive,gt,94,7.75,0.584273452073305
ergo_adaptive,gt,95,7.833333333333371,0.5845416844812907
ergo_adaptive,gt,96,7.916666666666629,0.5847746136651345
ergo_adaptive,gt,97,8.0,0.5849516692474873
ergo_adaptive,gt,98,8.083333333333371,0.5850487377008271
ergo_adaptive,gt,99,8.166666666666629,0.5850442532177583
ergo_adaptive,gt,100,8.25,0.5849388324884685
ergo_adaptive,gt,101,8.333333333333371,0.5847567617956089
ergo_adaptive,gt,102,8.416666666666629,0.5845238958404948
ergo_adaptive,gt,103,8.5,0.5842581736102344
ergo_adaptive,gt,104,8.583333333333371,0.5839716021604401
ergo_adaptive,gt,105,8.666666666666629,0.5836704689579404
ergo_adaptive,gt,106,8.75,0.5833879422171068
ergo_adaptive,gt,107,8.833333333333371,0.5832242495635779
ergo_adaptive,gt,108,8.916666666666629,0.5831528196408307
ergo_adaptive,gt,109,9.0,0.5830831350177905
ergo_adaptive,gt,110,9.083333333333371,0.582990527071491
ergo_adaptive,gt,111,9.166666666666629,0.5829580838532293
ergo_adaptive,gt,112,9.25,0.5829732518805963
ergo_adaptive,gt,113,9.333333333333371,0.582961220128346
ergo_adaptive,gt,114,9.416666666666629,0.582891388648049
ergo_adaptive,gt,115,9.5,0.5828442448868153
ergo_adaptive,gt,116,9.583333333333371,0.5828488197740331
ergo_adaptive,gt,117,9.666666666666629,0.5828554487993284
ergo_adaptive,gt,118,9.75,0.5828240918600106
ergo_adaptive,gt,119,9.833333333333371,0.5827875312891709
ergo_adaptive,gt,120,9.916666666666629,0.5827847192155305
ergo_adaptive,gt,121,10.0,0.5827991288964671
ergo_adaptive,gt,122,10.083333333333371,0.5827963661799813
ergo_adaptive,gt,123,10.166666666666629,0.5827752388663339
ergo_adaptive,gt,124,10.25,0.5827629856214971
ergo_adaptive,gt,125,10.333333333333371,0.5827698502431766
ergo_adaptive,gt,126,10.416666666666629,0.5827700725010212
ergo_adaptive,gt,127,10.5,0.5827331066464013
ergo_adaptive,gt,128,10.583333333333371,0.5826867409499659
ergo_adaptive,gt,129,10.666666666666629,0.5826892335535117
ergo_adaptive,gt,130,10.75,0.5827196071495624
ergo_adaptive,gt,131,10.833333333333371,0.5827046971384199
ergo_adaptive,gt,132,10.916666666666629,0.5826535431817356
ergo_adaptive,gt,133,11.0,0.5826843813332123
ergo_adaptive,gt,134,11.083333333333371,0.5827824076943547
ergo_adaptive,gt,135,11.166666666666629,0.582882271718547
ergo_adaptive,gt,136,11.25,0.582954349201009
ergo_adaptive,gt,137,11.333333333333371,0.5830164079350162
ergo_adaptive,gt,138,11.416666666666629,0.5830948535984523
ergo_adaptive,gt,139,11.5,0.5831924154327972
ergo_adaptive,gt,140,11.583333333333371,0.5832686223914569
ergo_adaptive,gt,141,11.666666666666629,0.5832635187602687
ergo_adaptive,gt,142,11.75,0.5832984590931107
ergo_adaptive,gt,143,11.833333333333371,0.5834616836750041
ergo_adaptive,gt,144,11.916666666666629,0.583681164687308
ergo_adaptive,gt,145,12.0,0.5838826784834557
ergo_adaptive,gt,146,12.083333333333371,0.584059798492298
ergo_adaptive,gt,147,12.166666666666629,0.5842366749084014
ergo_adaptive,gt,148,12.25,0.5844308769620672
ergo_adaptive,gt,149,12.333333333333371,0.5846321414127543
ergo_adaptive,gt,150,12.416666666666629,0.5847819504068159
ergo_adaptive,gt,151,12.5,0.5848505070266118
ergo_adaptive,gt,152,12.583333333333371,0.5850186299617408
ergo_adaptive,gt,153,12.666666666666629,0.5853066853339507
ergo_adaptive,gt,154,12.75,0.5856258493892784
ergo_adaptive,gt,155,12.833333333333371,0.585905826541885
ergo_adaptive,gt,156,12.916666666666629,0.5861176714565084
ergo_adaptive,gt,157,13.0,0.5862813487090874
ergo_adaptive,gt,158,13.083333333333371,0.5864840351619274
ergo_adaptive,gt,159,13.166666666666629,0.586741549054986
ergo_adaptive,gt,160,13.25,0.5869913698600349
ergo_adaptive,gt,161,13.333333333333371,0.58721928644936
ergo_adaptive,gt,162,13.416666666666629,0.5874607348219917
ergo_adaptive,gt,163,13.5,0.5877172468641169
ergo_adaptive,gt,164,13.583333333333371,0.5879739392840908
ergo_adaptive,gt,165,13.666666666666629,0.5881991366634843
ergo_adaptive,gt,166,13.75,0.5883396363626722
ergo_adaptive,gt,167,13.833333333333371,0.5884648491744694
ergo_adaptive,gt,168,13.916666666666629,0.5887011395464984
ergo_adaptive,gt,169,14.0,0.5890095279873808
ergo_adaptive,gt,170,14.083333333333371,0.5893102260184452
ergo_adaptive,gt,171,14.166666666666629,0.5895440401104045
ergo_adaptive,gt,172,14.25,0.5896597597444625
ergo_adaptive,gt,173,14.333333333333371,0.5897459774517823
ergo_adaptive,gt,174,14.416666666666629,0.5899725785629881
ergo_adaptive,gt,175,14.5,0.5902858384949299
ergo_adaptive,gt,176,14.583333333333371,0.5905941751594316
ergo_adaptive,gt,177,14.666666666666629,0.5908512546591911
ergo_adaptive,gt,178,14.75,0.5910419130427377
ergo_adaptive,gt,179,14.833333333333371,0.5912147919302985
ergo_adaptive,gt,180,14.916666666666629,0.5914607237483115
ergo_adaptive,gt,181,15.0,0.5917643907874501
ergo_adaptive,gt,182,15.083333333333371,0.5920698999454407
ergo_adaptive,gt,183,15.166666666666629,0.5923737140719137
ergo_adaptive,gt,184,15.25,0.5926820930720554
ergo_adaptive,gt,185,15.333333333333371,0.5929953943194619
ergo_adaptive,gt,186,15.416666666666629,0.5933260702116834
ergo_adaptive,gt,187,15.5,0.5936442375149331
ergo_adaptive,gt,188,15.583333333333371,0.5939193454929355
ergo_adaptive,gt,189,15.666666666666629,0.5942173640957957
ergo_adaptive,gt,190,15.75,0.5945708953007863
ergo_adaptive,gt,191,15.833333333333371,0.5949351435866503
ergo_adaptive,gt,192,15.916666666666629,0.595268031704811
ergo_adaptive,gt,193,16.0,0.5955267599763425
ergo_adaptive,gt,194,16.08333333333337,0.5956911872356401
ergo_adaptive,gt,195,16.16666666666663,0.5958962426947577
ergo_adaptive,gt,196,16.25,0.5961985357730284
ergo_adaptive,gt,197,16.33333333333337,0.5965232618369241
ergo_adaptive,gt,198,16.41666666666663,0.5968007907523366
ergo_adaptive,gt,199,16.5,0.5969858219693688
ergo_adaptive,gt,200,16.58333333333337,0.5970571226230738
ergo_adaptive,gt,201,16.66666666666663,0.5971645433316438
ergo_adaptive,gt,202,16.75,0.5973769406978517
ergo_adaptive,gt,203,16.83333333333337,0.5976160948387262
ergo_adaptive,gt,204,16.91666666666663,0.5978117539904045
ergo_adaptive,gt,205,17.0,0.597929263050586
ergo_adaptive,gt,206,17.08333333333337,0.5979606054691562
ergo_adaptive,gt,207,17.16666666666663,0.5980053451438725
ergo_adaptive,gt,208,17.25,0.5981283193747146
ergo_adaptive,gt,209,17.33333333333337,0.5982755390283355
ergo_adaptive,gt,210,17.41666666666663,0.5983972543545409
ergo_adaptive,gt,211,17.5,0.5984842561139065
ergo_adaptive,gt,212,17.58333333333337,0.5985418347981527
ergo_adaptive,gt,213,17.66666666666663,0.5986061455433224
ergo_adaptive,gt,214,17.75,0.5986971485851882
ergo_adaptive,gt,215,17.83333333333337,0.5987762199512324
ergo_adaptive,gt,216,17.91666666666663,0.5988349508333676
ergo_adaptive,gt,217,18.0,0.5989294867012048
ergo_adaptive,gt,218,18.08333333333337,0.5990692386911307
ergo_adaptive,gt,219,18.16666666666663,0.5992218347178999
ergo_adaptive,gt,220,18.25,0.599347020440649
ergo_adaptive,gt,221,18.33333333333337,0.5993901408949841
ergo_adaptive,gt,222,18.41666666666663,0.5993701584125712
ergo_adaptive,gt,223,18.5,0.5994941022193457
ergo_adaptive,gt,224,18.58333333333337,0.5997198765260918
ergo_adaptive,gt,225,18.66666666666663,0.5999466249516092
ergo_adaptive,gt,226,18.75,0.6001264755377043
ergo_adaptive,gt,227,18.83333333333337,0.6002663105389928
ergo_adaptive,gt,228,18.91666666666663,0.6003982869702116
ergo_adaptive,gt,229,19.0,0.6005491511800284
ergo_adaptive,gt,230,19.08333333333337,0.6006825487915088
ergo_adaptive,gt,231,19.16666666666663,0.6007206018728333
ergo_adaptive,gt,232,19.25,0.600751890158664
ergo_adaptive,gt,233,19.33333333333337,0.6009051290089131
ergo_adaptive,gt,234,19.41666666666663,0.6011107083043622
ergo_adaptive,gt,235,19.5,0.6012784971003535
ergo_adaptive,gt,236,19.58333333333337,0.6013898714522793
ergo_adaptive,gt,237,19.66666666666663,0.601479842603528
ergo_adaptive,gt,238,19.75,0.601575666686733
ergo_adaptive,gt,239,19.83333333333337,0.6016633827734936
ergo_adaptive,gt,240,19.91666666666663,0.6017005842290041
ergo_adaptive,gt,241,20.0,0.6016887651724794
ergo_adaptive,gt,242,20.08333333333337,0.6017061853477026
ergo_adaptive,gt,243,20.16666666666663,0.6017647197920899
ergo_adaptive,gt,244,20.25,0.601794286409355
ergo_adaptive,gt,245,20.33333333333337,0.601771677952181
ergo_adaptive,gt,246,20.41666666666663,0.6017760789645271
ergo_adaptive,gt,247,20.5,0.6018201857364635
ergo_adaptive,gt,248,20.58333333333337,0.6018588556497756
ergo_adaptive,gt,249,20.66666666666663,0.601862639097945
ergo_adaptive,gt,250,20.75,0.6018424870983489
ergo_adaptive,gt,251,20.83333333333337,0.6018459469421137
ergo_adaptive,gt,252,20.91666666666663,0.6018800992439913
ergo_adaptive,gt,253,21.0,0.6018938860113314
ergo_adaptive,gt,254,21.08333333333337,0.6018687500764164
ergo_adaptive,gt,255,21.16666666666663,0.601879858085944
ergo_adaptive,gt,256,21.25,0.6019530953393295
ergo_adaptive,gt,257,21.33333333333337,0.6020265291740505
ergo_adaptive,gt,258,21.41666666666663,0.6020538326970901
ergo_adaptive,gt,259,21.5,0.6020914927532294
ergo_adaptive,gt,260,21.58333333333337,0.6021899391996313
ergo_adaptive,gt,261,21.66666666666663,0.6023102841255961
ergo_adaptive,gt,262,21.75,0.6023999877735371
ergo_adaptive,gt,263,21.83333333333337,0.6024761962965096
ergo_adaptive,gt,264,21.91666666666663,0.6025871420914652
ergo_adaptive,gt,265,22.0,0.6027286859435343
ergo_adaptive,gt,266,22.08333333333337,0.6028582318267156
ergo_adaptive,gt,267,22.16666666666663,0.6029608711498742
ergo_adaptive,gt,268,22.25,0.6030718045326814
ergo_adaptive,gt,269,22.33333333333337,0.6032188144503599
ergo_adaptive,gt,270,22.41666666666663,0.6033691784301678
ergo_adaptive,gt,271,22.5,0.6034656079036212
ergo_adaptive,gt,272,22.58333333333337,0.6035377843667322
ergo_adaptive,gt,273,22.66666666666663,0.6036902481263411
ergo_adaptive,gt,274,22.75,0.6038980776537296
ergo_adaptive,gt,275,22.83333333333337,0.6040471315586862
ergo_adaptive,gt,276,22.91666666666663,0.6041125496513782
ergo_adaptive,gt,277,23.0,0.6042844569113779
ergo_adaptive,gt,278,23.08333333333337,0.6045586900245027
ergo_adaptive,gt,279,23.16666666666663,0.6048258541517935
ergo_adaptive,gt,280,23.25,0.605031872116704
ergo_adaptive,gt,281,23.33333333333337,0.605229924001486
ergo_adaptive,gt,282,23.41666666666663,0.6054677150949239
ergo_adaptive,gt,283,23.5,0.6057225693266368
ergo_adaptive,gt,284,23.58333333333337,0.6059453490541344
ergo_adaptive,gt,285,23.66666666666663,0.6061260105378302
ergo_adaptive,gt,286,23.75,0.6063149873277881
ergo_adaptive,gt,287,23.83333333333337,0.6065466143453396
ergo_adaptive,gt,288,23.91666666666663,0.6067678252853674
ergo_adaptive,gt,289,24.0,0.6068927565121008
ergo_adaptive,gt,290,24.08333333333337,0.6070069909883338
ergo_adaptive,gt,291,24.16666666666663,0.6072552320982781
ergo_adaptive,gt,292,24.25,0.6075578208942075
ergo_adaptive,gt,293,24.33333333333337,0.6077815443900331
ergo_adaptive,gt,294,24.41666666666663,0.607940289413523
ergo_adaptive,gt,295,24.5,0.6081794449359262
ergo_adaptive,gt,296,24.58333333333337,0.6084890485049307
ergo_adaptive,gt,297,24.66666666666663,0.6087760815904977
ergo_adaptive,gt,298,24.75,0.6090030116039088
ergo_adaptive,gt,299,24.83333333333337,0.6092217006642289
ergo_adaptive,gt,300,24.91666666666663,0.6094729989793557
ergo_adaptive,gt,301,25.0,0.6097306678582218
ergo_adaptive,gt,302,25.08333333333337,0.6099477032243488
ergo_adaptive,gt,303,25.16666666666663,0.6101286230615734
ergo_adaptive,gt,304,25.25,0.6103287099439
ergo_adaptive,gt,305,25.33333333333337,0.6105606391158742
ergo_adaptive,gt,306,25.41666666666663,0.6107619611644716
ergo_adaptive,gt,307,25.5,0.6108865278342678
ergo_adaptive,gt,308,25.58333333333337,0.6110276650447167
ergo_adaptive,gt,309,25.66666666666663,0.6112553302838611
ergo_adaptive,gt,310,25.75,0.6114852542554211
ergo_adaptive,gt,311,25.83333333333337,0.6115878772608349
ergo_adaptive,gt,312,25.91666666666663,0.6116629297702174
ergo_adaptive,gt,313,26.0,0.6118860434171269
ergo_adaptive,gt,314,26.08333333333337,0.6121611514216251
ergo_adaptive,gt,315,26.16666666666663,0.612347912355418
ergo_adaptive,gt,316,26.25,0.6124462546321531
ergo_adaptive,gt,317,26.33333333333337,0.6126121943638295
ergo_adaptive,gt,318,26.41666666666663,0.6128462120345874
ergo_adaptive,gt,319,26.5,0.6130486434397706
ergo_adaptive,gt,320,26.58333333333337,0.6131745910731567
ergo_adaptive,gt,321,26.66666666666663,0.6132980109336489
ergo_adaptive,gt,322,26.75,0.6134683765276971
ergo_adaptive,gt,323,26.83333333333337,0.613641390519097
ergo_adaptive,gt,324,26.91666666666663,0.6137648730253362
ergo_adaptive,gt,325,27.0,0.6138593906998911
ergo_adaptive,gt,326,27.08333333333337,0.6139747785878632
ergo_adaptive,gt,327,27.16666666666663,0.6141058547817768
ergo_adaptive,gt,328,27.25,0.6142081180626174
ergo_adaptive,gt,329,27.33333333333337,0.6142720368849396
ergo_adaptive,gt,330,27.41666666666663,0.6143381212552267
ergo_adaptive,gt,331,27.5,0.6144263290790324
ergo_adaptive,gt,332,27.58333333333337,0.6145021185795675
ergo_adaptive,gt,333,27.66666666666663,0.6145378181357837
ergo_adaptive,gt,334,27.75,0.6145635056490603
ergo_adaptive,gt,335,27.83333333333337,0.614615081016888
ergo_adaptive,gt,336,27.91666666666663,0.6146688656139352
ergo_adaptive,gt,337,28.0,0.614671452606704
ergo_adaptive,gt,338,28.08333333333337,0.6146185156214128
ergo_adaptive,gt,339,28.16666666666663,0.6145817501374956
ergo_adaptive,gt,340,28.25,0.6145804936927397
ergo_adaptive,gt,341,28.33333333333337,0.6145666508377
ergo_adaptive,gt,342,28.41666666666663,0.6145252154141357
ergo_adaptive,gt,343,28.5,0.6144575134841217
ergo_adaptive,gt,344,28.58333333333337,0.6143210453523684
ergo_adaptive,gt,345,28.66666666666663,0.6141079268652188
ergo_adaptive,gt,346,28.75,0.6139866748819388
ergo_adaptive,gt,347,28.83333333333337,0.6139421458950296
ergo_adaptive,gt,348,28.91666666666663,0.6138760969698003
ergo_adaptive,gt,349,29.0,0.6137344046281065
ergo_adaptive,gt,350,29.08333333333337,0.6136164155493812
ergo_adaptive,gt,351,29.16666666666663,0.6135761435264858
ergo_adaptive,gt,352,29.25,0.6135522352446382
ergo_adaptive,gt,353,29.33333333333337,0.6134834937066
ergo_adaptive,gt,354,29.41666666666663,0.6134026478002605
ergo_adaptive,gt,355,29.5,0.6133743025501849
ergo_adaptive,gt,356,29.58333333333337,0.6133835551267969
ergo_adaptive,gt,357,29.66666666666663,0.6133786453243315
ergo_adaptive,gt,358,29.75,0.613354180431325
ergo_adaptive,gt,359,29.83333333333337,0.6133547227612113
ergo_adaptive,gt,360,29.91666666666663,0.6133957634070615
ergo_adaptive,gt,361,30.0,0.6134432345890819
ergo_adaptive,gt,362,30.08333333333337,0.6134699891761589
ergo_adaptive,gt,363,30.16666666666663,0.613501216811564
ergo_adaptive,gt,364,30.25,0.6135725535036395
ergo_adaptive,gt,365,30.33333333333337,0.6136665434066662
ergo_adaptive,gt,366,30.41666666666663,0.6137329298461676
ergo_adaptive,gt,367,30.5,0.6137743416184188
ergo_adaptive,gt,368,30.58333333333337,0.6138599170820033
ergo_adaptive,gt,369,30.66666666666663,0.6139978090101537
ergo_adaptive,gt,370,30.75,0.6141081214113483
ergo_adaptive,gt,371,30.83333333333337,0.6141399191724106
ergo_adaptive,gt,372,30.91666666666663,0.6142121507233289
ergo_adaptive,gt,373,31.0,0.6143823931036286
ergo_adaptive,gt,374,31.08333333333337,0.6145505060323767
ergo_adaptive,gt,375,31.16666666666663,0.6145884870225409
ergo_adaptive,gt,376,31.25,0.6146224516144625
ergo_adaptive,gt,377,31.33333333333337,0.6147974620278499
ergo_adaptive,gt,378,31.41666666666663,0.6150135158106861
ergo_adaptive,gt,379,31.5,0.6151323895642552
ergo_adaptive,gt,380,31.58333333333337,0.6151691556613477
ergo_adaptive,gt,381,31.66666666666663,0.6153016163492553
ergo_adaptive,gt,382,31.75,0.615506023123654
ergo_adaptive,gt,383,31.83333333333337,0.6156684485113934
ergo_adaptive,gt,384,31.91666666666663,0.6157478671524502
ergo_adaptive,gt,385,32.0,0.6158474498666178
ergo_adaptive,gt,386,32.08333333333337,0.616013193866332
ergo_adaptive,gt,387,32.16666666666663,0.616179900877529
ergo_adaptive,gt,388,32.25,0.616288141269248
ergo_adaptive,gt,389,32.33333333333337,0.6163777310012918
ergo_adaptive,gt,390,32.41666666666663,0.6165116081966469
ergo_adaptive,gt,391,32.5,0.6166691437681474
ergo_adaptive,gt,392,32.58333333333337,0.6167938767532508
ergo_adaptive,gt,393,32.66666666666663,0.6168864448800282
ergo_adaptive,gt,394,32.75,0.6169998495423591
ergo_adaptive,gt,395,32.83333333333337,0.6171455829013597
ergo_adaptive,gt,396,32.91666666666663,0.6172789434323086
ergo_adaptive,gt,397,33.0,0.6173751887217992
ergo_adaptive,gt,398,33.08333333333337,0.6174710412783185
ergo_adaptive,gt,399,33.16666666666663,0.6175967067443808
ergo_adaptive,gt,400,33.25,0.6177217511101577
ergo_adaptive,gt,401,33.33333333333337,0.6178038660721581
ergo_adaptive,gt,402,33.41666666666663,0.6178567248267155
ergo_adaptive,gt,403,33.5,0.6179205042461635
ergo_adaptive,gt,404,33.58333333333337,0.6179914128465736
ergo_adaptive,gt,405,33.66666666666663,0.6180326890606584
ergo_adaptive,gt,406,33.75,0.6180408624799628
ergo_adaptive,gt,407,33.83333333333337,0.6180414842834302
ergo_adaptive,gt,408,33.91666666666663,0.6180446402204488
ergo_adaptive,gt,409,34.0,0.6180465763823654
ergo_adaptive,gt,410,34.08333333333337,0.6179516596988803
ergo_adaptive,gt,411,34.16666666666663,0.6177569159276058
ergo_adaptive,gt,412,34.25,0.617569761890281
ergo_adaptive,gt,413,34.33333333333337,0.6174667555475966
ergo_adaptive,gt,414,34.41666666666663,0.6174063386553527
ergo_adaptive,gt,415,34.5,0.6173167308824952
ergo_adaptive,gt,416,34.58333333333337,0.6172073160473599
ergo_adaptive,gt,417,34.66666666666663,0.6171429687177975
ergo_adaptive,gt,418,34.75,0.617116962881246
ergo_adaptive,gt,419,34.83333333333337,0.6170782166102025
ergo_adaptive,gt,420,34.91666666666663,0.6170117417643078
ergo_adaptive,gt,421,35.0,0.6169543867207192
ergo_adaptive,gt,422,35.08333333333337,0.6169248839271287
ergo_adaptive,gt,423,35.16666666666663,0.6168980831904098
ergo_adaptive,gt,424,35.25,0.6168450749178078
ergo_adaptive,gt,425,35.33333333333337,0.6167775335854245
ergo_adaptive,gt,426,35.41666666666663,0.6167321221522397
ergo_adaptive,gt,427,35.5,0.6167078877641926
ergo_adaptive,gt,428,35.58333333333337,0.6166562342085474
ergo_adaptive,gt,429,35.66666666666663,0.616552358758792
ergo_adaptive,gt,430,35.75,0.6164843412410688
ergo_adaptive,gt,431,35.83333333333337,0.6164877394737766
ergo_adaptive,gt,432,35.91666666666663,0.6164913023012365
ergo_adaptive,gt,433,36.0,0.6164225040020929
ergo_adaptive,gt,434,36.08333333333337,0.6163698997929156
ergo_adaptive,gt,435,36.16666666666663,0.6164029120519103
ergo_adaptive,gt,436,36.25,0.6164690313269673
ergo_adaptive,gt,437,36.33333333333337,0.6165089289377961
ergo_adaptive,gt,438,36.41666666666663,0.6165266612168706
ergo_adaptive,gt,439,36.5,0.6165605896488995
ergo_adaptive,gt,440,36.58333333333337,0.6166232921856076
ergo_adaptive,gt,441,36.66666666666663,0.6166882832133153
ergo_adaptive,gt,442,36.75,0.6167144568008817
ergo_adaptive,gt,443,36.83333333333337,0.6167145710815841
ergo_adaptive,gt,444,36.91666666666663,0.6167714055706901
ergo_adaptive,gt,445,37.0,0.6168797744329118
ergo_adaptive,gt,446,37.08333333333337,0.616950709802056
ergo_adaptive,gt,447,37.16666666666663,0.6169637854199073
ergo_adaptive,gt,448,37.25,0.6170538647748908
ergo_adaptive,gt,449,37.33333333333337,0.6172357779355034
ergo_adaptive,gt,450,37.41666666666663,0.6174335830776639
ergo_adaptive,gt,451,37.5,0.6175960053638538
ergo_adaptive,gt,452,37.58333333333337,0.6177315694747145
ergo_adaptive,gt,453,37.66666666666663,0.6178739464239187
ergo_adaptive,gt,454,37.75,0.6180340630460655
ergo_adaptive,gt,455,37.83333333333337,0.6181641160107548
ergo_adaptive,gt,456,37.91666666666663,0.6181838405807747
ergo_adaptive,gt,457,38.0,0.6182034380062069
ergo_adaptive,gt,458,38.08333333333337,0.618372810482776
ergo_adaptive,gt,459,38.16666666666663,0.6186093361752604
ergo_adaptive,gt,460,38.25,0.6188053699210678
ergo_adaptive,gt,461,38.33333333333337,0.6189597397256328
ergo_adaptive,gt,462,38.41666666666663,0.6191298838322342
ergo_adaptive,gt,463,38.5,0.6193247891289945
ergo_adaptive,gt,464,38.58333333333337,0.6195056542211909
ergo_adaptive,gt,465,38.66666666666663,0.6196163937215244
ergo_adaptive,gt,466,38.75,0.6196473485192686
ergo_adaptive,gt,467,38.83333333333337,0.6197239138385949
ergo_adaptive,gt,468,38.91666666666663,0.6198927379840451
ergo_adaptive,gt,469,39.0,0.6200582768919245
ergo_adaptive,gt,470,39.08333333333337,0.6201555896512725
ergo_adaptive,gt,471,39.16666666666663,0.6202676170741814
ergo_adaptive,gt,472,39.25,0.6204469777563068
ergo_adaptive,gt,473,39.33333333333337,0.6206486308102972
ergo_adaptive,gt,474,39.41666666666663,0.6208101121220324
ergo_adaptive,gt,475,39.5,0.62090148181928
ergo_adaptive,gt,476,39.58333333333337,0.6209608712977979
ergo_adaptive,gt,477,39.66666666666663,0.6210658362783201
ergo_adaptive,gt,478,39.75,0.6211984887415037
ergo_adaptive,gt,479,39.83333333333337,0.6212610768249505
ergo_adaptive,gt,480,39.91666666666663,0.6212661697490318
ergo_adaptive,gt,481,40.0,0.6213750855434269
ergo_adaptive,gt,482,40.08333333333337,0.6215701594219688
ergo_adaptive,gt,483,40.16666666666663,0.621757445565151
ergo_adaptive,gt,484,40.25,0.6218869824610312
ergo_adaptive,gt,485,40.33333333333337,0.6219756190412363
ergo_adaptive,gt,486,40.41666666666663,0.6220675526337633
ergo_adaptive,gt,487,40.5,0.6221764353345343
ergo_adaptive,gt,488,40.58333333333337,0.6222480152309477
ergo_adaptive,gt,489,40.66666666666663,0.6222071573533409
ergo_adaptive,gt,490,40.75,0.622192057020016
ergo_adaptive,gt,491,40.83333333333337,0.6223148593936358
ergo_adaptive,gt,492,40.91666666666663,0.622479020875632
ergo_adaptive,gt,493,41.0,0.6225837276978249
ergo_adaptive,gt,494,41.08333333333337,0.6226488831808477
ergo_adaptive,gt,495,41.16666666666663,0.6227430415476437
ergo_adaptive,gt,496,41.25,0.6228652696217467
ergo_adaptive,gt,497,41.33333333333337,0.6229683065667042
ergo_adaptive,gt,498,41.41666666666663,0.6230158330279992
ergo_adaptive,gt,499,41.5,0.6230282071306885
ergo_adaptive,gt,500,41.58333333333337,0.6230687927277296
ergo_adaptive,gt,501,41.66666666666663,0.6231363938983355
ergo_adaptive,gt,502,41.75,0.6231461155916811
ergo_adaptive,gt,503,41.83333333333337,0.6230459225646984
ergo_adaptive,gt,504,41.91666666666663,0.6230460152042141
ergo_adaptive,gt,505,42.0,0.6231570185841779
ergo_adaptive,gt,506,42.08333333333337,0.6232616304229052
ergo_adaptive,gt,507,42.16666666666663,0.6232913500109918
ergo_adaptive,gt,508,42.25,0.6233021947838359
ergo_adaptive,gt,509,42.33333333333337,0.6233505977433375
ergo_adaptive,gt,510,42.41666666666663,0.6234119467855609
ergo_adaptive,gt,511,42.5,0.6234369544328576
ergo_adaptive,gt,512,42.58333333333337,0.6234172438853678
ergo_adaptive,gt,513,42.66666666666663,0.6233909037853885
ergo_adaptive,gt,514,42.75,0.6233827264214113
ergo_adaptive,gt,515,42.83333333333337,0.6233597701993123
ergo_adaptive,gt,516,42.91666666666663,0.6232715564237999
ergo_adaptive,gt,517,43.0,0.6231531348356313
ergo_adaptive,gt,518,43.08333333333337,0.6230924654636666
ergo_adaptive,gt,519,43.16666666666663,0.6230595086524485
ergo_adaptive,gt,520,43.25,0.6229545992992784
ergo_adaptive,gt,521,43.33333333333337,0.6227639052845774
ergo_adaptive,gt,522,43.41666666666663,0.6226574749549583
ergo_adaptive,gt,523,43.5,0.6226136652517084
ergo_adaptive,gt,524,43.58333333333337,0.6225359364591927
ergo_adaptive,gt,525,43.66666666666663,0.6223808462676119
ergo_adaptive,gt,526,43.75,0.6221661867943035
ergo_adaptive,gt,527,43.83333333333337,0.6219668262432276
ergo_adaptive,gt,528,43.91666666666663,0.6217914976820388
ergo_adaptive,gt,529,44.0,0.6215915585385496
ergo_adaptive,gt,530,44.08333333333337,0.6213686785797259
ergo_adaptive,gt,531,44.16666666666663,0.6211237551683703
ergo_adaptive,gt,532,44.25,0.6207898330080507
ergo_adaptive,gt,533,44.33333333333337,0.6204190487488419
ergo_adaptive,gt,534,44.41666666666663,0.6200086952877165
ergo_adaptive,gt,535,44.5,0.6195481717139374
ergo_adaptive,gt,536,44.58333333333337,0.6191407029981374
ergo_adaptive,gt,537,44.66666666666663,0.618800090920749
ergo_adaptive,gt,538,44.75,0.618479874573547
ergo_adaptive,gt,539,44.83333333333337,0.6181432189762806
ergo_adaptive,gt,540,44.91666666666663,0.6178241567228051
ergo_adaptive,gt,541,45.0,0.6175582159603751
ergo_adaptive,gt,542,45.08333333333337,0.6173287481339833
ergo_adaptive,gt,543,45.16666666666663,0.6171009245166199
ergo_adaptive,gt,544,45.25,0.6168683038808569
ergo_adaptive,gt,545,45.33333333333337,0.6166544754565602
ergo_adaptive,gt,546,45.41666666666663,0.6164719557381728
ergo_adaptive,gt,547,45.5,0.6162969644708022
ergo_adaptive,gt,548,45.58333333333337,0.6160971509397433
ergo_adaptive,gt,549,45.66666666666663,0.6158944635692591
ergo_adaptive,gt,550,45.75,0.615740930705681
ergo_adaptive,gt,551,45.83333333333337,0.6156185925353069
ergo_adaptive,gt,552,45.91666666666663,0.6154494183852856
ergo_adaptive,gt,553,46.0,0.6152287678758248
ergo_adaptive,gt,554,46.08333333333337,0.6151068965307582
ergo_adaptive,gt,555,46.16666666666663,0.6150676966901182
ergo_adaptive,gt,556,46.25,0.6150129670606129
ergo_adaptive,gt,557,46.33333333333337,0.6148974770388967
ergo_adaptive,gt,558,46.41666666666663,0.6148183354269713
ergo_adaptive,gt,559,46.5,0.6148157139394957
ergo_adaptive,gt,560,46.58333333333337,0.6148368678913351
ergo_adaptive,gt,561,46.66666666666663,0.6148289235818343
ergo_adaptive,gt,562,46.75,0.6148032514995039
ergo_adaptive,gt,563,46.83333333333337,0.6147997104567141
ergo_adaptive,gt,564,46.91666666666663,0.6148200836697563
ergo_adaptive,gt,565,47.0,0.6148252077355035
ergo_adaptive,gt,566,47.08333333333337,0.6147876364459529
ergo_adaptive,gt,567,47.16666666666663,0.6147229302687862
ergo_adaptive,gt,568,47.25,0.6145799244731462
ergo_adaptive,gt,569,47.33333333333337,0.6143643659953384
ergo_adaptive,gt,570,47.41666666666663,0.6141827689480694
ergo_adaptive,gt,571,47.5,0.6140168692814882
ergo_adaptive,gt,572,47.58333333333337,0.6138100406301956
ergo_adaptive,gt,573,47.66666666666663,0.6135538812249841
ergo_adaptive,gt,574,47.75,0.6132825752720455
ergo_adaptive,gt,575,47.83333333333337,0.6130628363390477
ergo_adaptive,gt,576,47.91666666666663,0.6128785211712638
ergo_adaptive,gt,577,48.0,0.612738933799648
ergo_adaptive,gt,578,48.08333333333337,0.6126282714721353
ergo_adaptive,gt,579,48.16666666666663,0.6125291437269778
ergo_adaptive,gt,580,48.25,0.6124170599146886
ergo_adaptive,gt,581,48.33333333333337,0.6122792008030101
ergo_adaptive,gt,582,48.41666666666663,0.6121414627506753
ergo_adaptive,gt,583,48.5,0.612015975496897
ergo_adaptive,gt,584,48.58333333333337,0.6118907990069972
ergo_adaptive,gt,585,48.66666666666663,0.6117729313632805
ergo_adaptive,gt,586,48.75,0.6116660208908352
ergo_adaptive,gt,587,48.83333333333337,0.6115685638878692
ergo_adaptive,gt,588,48.91666666666663,0.6114747252875196
ergo_adaptive,gt,589,49.0,0.6113807191179869
ergo_adaptive,gt,590,49.08333333333337,0.6112954600978869
ergo_adaptive,gt,591,49.16666666666663,0.6112309888655458
ergo_adaptive,gt,592,49.25,0.6111846855878722
ergo_adaptive,gt,593,49.33333333333337,0.6111520944806934
ergo_adaptive,gt,594,49.41666666666663,0.6111208570043897
ergo_adaptive,gt,595,49.5,0.6110684657208573
ergo_adaptive,gt,596,49.58333333333337,0.6110071824055603
ergo_adaptive,gt,597,49.66666666666663,0.6109973367784041
ergo_adaptive,gt,598,49.75,0.6110317464708721
ergo_adaptive,gt,599,49.83333333333337,0.6110475639664551
ergo_adaptive,gt,600,49.91666666666663,0.6109930876865429
ergo_adaptive,gt,601,50.0,0.6108694038236887
ergo_adaptive,gt,602,50.08333333333337,0.61083306748693
ergo_adaptive,gt,603,50.16666666666663,0.6108972188172174
ergo_adaptive,gt,604,50.25,0.6109931218021539
ergo_adaptive,gt,605,50.33333333333337,0.6110475325723239
ergo_adaptive,gt,606,50.41666666666663,0.6110761498390279
ergo_adaptive,gt,607,50.5,0.6111270405108746
ergo_adaptive,gt,608,50.58333333333337,0.6111917232207122
ergo_adaptive,gt,609,50.66666666666663,0.6112337175417313
ergo_adaptive,gt,610,50.75,0.6112408186915017
ergo_adaptive,gt,611,50.83333333333337,0.6112373873803733
ergo_adaptive,gt,612,50.91666666666663,0.6112474457168459
ergo_adaptive,gt,613,51.0,0.6112561171971638
ergo_adaptive,gt,614,51.08333333333337,0.6112245254371653
ergo_adaptive,gt,615,51.16666666666663,0.6111609761097905
ergo_adaptive,gt,616,51.25,0.6111269229864618
ergo_adaptive,gt,617,51.33333333333337,0.611116095328948
ergo_adaptive,gt,618,51.41666666666663,0.6110565064279411
ergo_adaptive,gt,619,51.5,0.6109128984189748
ergo_adaptive,gt,620,51.58333333333337,0.610843895823692
ergo_adaptive,gt,621,51.66666666666663,0.6108474270324875
ergo_adaptive,gt,622,51.75,0.6108342457451225
ergo_adaptive,gt,623,51.83333333333337,0.6107477173977767
ergo_adaptive,gt,624,51.91666666666663,0.6106691079312577
ergo_adaptive,gt,625,52.0,0.6106552281800592
ergo_adaptive,gt,626,52.08333333333337,0.6106580311830703
ergo_adaptive,gt,627,52.16666666666663,0.6106209737241294
ergo_adaptive,gt,628,52.25,0.6105630875670293
ergo_adaptive,gt,629,52.33333333333337,0.6105366172086327
ergo_adaptive,gt,630,52.41666666666663,0.6105369599261619
ergo_adaptive,gt,631,52.5,0.6105225002738043
ergo_adaptive,gt,632,52.58333333333337,0.6104821047073963
ergo_adaptive,gt,633,52.66666666666663,0.6104497324562479
ergo_adaptive,gt,634,52.75,0.610445015671703
ergo_adaptive,gt,635,52.83333333333337,0.610441314500504
ergo_adaptive,gt,636,52.91666666666663,0.6104079525088068
ergo_adaptive,gt,637,53.0,0.6103656874645198
ergo_adaptive,gt,638,53.08333333333337,0.6103575188419843
ergo_adaptive,gt,639,53.16666666666663,0.6103708939648045
ergo_adaptive,gt,640,53.25,0.6103468074291312
ergo_adaptive,gt,641,53.33333333333337,0.6102778581612592
ergo_adaptive,gt,642,53.41666666666663,0.6102576401609086
ergo_adaptive,gt,643,53.5,0.6103016014502317
ergo_adaptive,gt,644,53.58333333333337,0.6103190341560791
ergo_adaptive,gt,645,53.66666666666663,0.6102222248192095
ergo_adaptive,gt,646,53.75,0.6101851753341385
ergo_adaptive,gt,647,53.83333333333337,0.6102649317323142
ergo_adaptive,gt,648,53.91666666666663,0.6103621886341628
ergo_adaptive,gt,649,54.0,0.6103896468763902
ergo_adaptive,gt,650,54.08333333333337,0.6103897562843015
ergo_adaptive,gt,651,54.16666666666663,0.6104399163042015
ergo_adaptive,gt,652,54.25,0.6105233471768952
ergo_adaptive,gt,653,54.33333333333337,0.6105856945659425
ergo_adaptive,gt,654,54.41666666666663,0.6106132177268379
ergo_adaptive,gt,655,54.5,0.6106419828822045
ergo_adaptive,gt,656,54.58333333333337,0.6107013599414433
ergo_adaptive,gt,657,54.66666666666663,0.6107716490607977
ergo_adaptive,gt,658,54.75,0.6108096606062756
ergo_adaptive,gt,659,54.83333333333337,0.6108308569616843
ergo_adaptive,gt,660,54.91666666666663,0.6108186576372576
ergo_adaptive,gt,661,55.0,0.6108317905404718
ergo_adaptive,gt,662,55.08333333333337,0.6108461156079524
ergo_adaptive,gt,663,55.16666666666663,0.6108425459906819
ergo_adaptive,gt,664,55.25,0.6107926993308819
ergo_adaptive,gt,665,55.33333333333337,0.6106779122773803
ergo_adaptive,gt,666,55.41666666666663,0.6104835272954027
ergo_adaptive,gt,667,55.5,0.610210848415947
ergo_adaptive,gt,668,55.58333333333337,0.6098757822184318
ergo_adaptive,gt,669,55.66666666666663,0.6094975053135268
ergo_adaptive,gt,670,55.75,0.6090918437841192
ergo_adaptive,gt,671,55.83333333333337,0.6086702441539826
ergo_adaptive,gt,672,55.91666666666663,0.6082406868014636
ergo_adaptive,gt,673,56.0,0.6078086536393736
ergo_adaptive,gt,674,56.08333333333337,0.6073778383592696
ergo_adaptive,gt,675,56.16666666666663,0.6069506497829
ergo_adaptive,gt,676,56.25,0.6065285756555666
ergo_adaptive,gt,677,56.33333333333337,0.6061124502971597
ergo_adaptive,gt,678,56.41666666666663,0.6057026528375319
ergo_adaptive,gt,679,56.5,0.6052992536346365
ergo_adaptive,gt,680,56.58333333333337,0.6049021214109794
ergo_adaptive,gt,681,56.66666666666663,0.6045110005443194
ergo_adaptive,gt,682,56.75,0.6041255658145318
ergo_adaptive,gt,683,56.83333333333337,0.6037454603006019
ergo_adaptive,gt,684,56.91666666666663,0.6033703208500504
ergo_adaptive,gt,685,57.0,0.6029997945213954
ergo_adaptive,gt,686,57.08333333333337,0.602633548581759
ergo_adaptive,gt,687,57.16666666666663,0.6022712759934673
ergo_adaptive,gt,688,57.25,0.601912697817558
ergo_adaptive,gt,689,57.33333333333337,0.6015575635731735
ergo_adaptive,gt,690,57.41666666666663,0.6012056502972273
ergo_adaptive,gt,691,57.5,0.6008567608286982
ergo_adaptive,gt,692,57.58333333333337,0.6005107216797763
ergo_adaptive,gt,693,57.66666666666663,0.6001673807381832
ergo_adaptive,gt,694,57.75,0.5998266049604162
ergo_adaptive,gt,695,57.83333333333337,0.5994882781558573
ergo_adaptive,gt,696,57.91666666666663,0.5991522989200823
ergo_adaptive,gt,697,58.0,0.5988185787473067
ergo_adaptive,gt,698,58.08333333333337,0.5984870403329912
ergo_adaptive,gt,699,58.16666666666663,0.5981576160654288
ergo_adaptive,gt,700,58.25,0.5978302466976478
ergo_adaptive,gt,701,58.33333333333337,0.5975048801866942
ergo_adaptive,gt,702,58.41666666666663,0.5971814706852896
ergo_adaptive,gt,703,58.5,0.5968599776702225
ergo_adaptive,gt,704,58.58333333333337,0.5965403651921125
ergo_adaptive,gt,705,58.66666666666663,0.5962226012320224
ergo_adaptive,gt,706,58.75,0.5959066571515401
ergo_adaptive,gt,707,58.83333333333337,0.5955925072242388
ergo_adaptive,gt,708,58.91666666666663,0.595280128237751
ergo_adaptive,gt,709,59.0,0.5949694991569906
ergo_adaptive,gt,710,59.08333333333337,0.594660600840291
ergo_adaptive,gt,711,59.16666666666663,0.5943062753732306
ergo_adaptive,gt,712,59.25,0.594102209685664
ergo_adaptive,gt,713,59.33333333333337,0.5940157937635154
ergo_adaptive,gt,714,59.41666666666663,0.593950738608181
ergo_adaptive,gt,715,59.5,0.5938340278534521
ergo_adaptive,gt,716,59.58333333333337,0.5937153226143878
ergo_adaptive,gt,717,59.66666666666663,0.5936424944405406
ergo_adaptive,gt,718,59.75,0.5935823176262005
ergo_adaptive,gt,719,59.83333333333337,0.593488572916123
ergo_adaptive,gt,720,59.91666666666663,0.5933797614752361
ergo_adaptive,gt,721,60.0,0.593303635027874
ergo_adaptive,gt,722,60.08333333333337,0.5932531616208664
ergo_adaptive,gt,723,60.16666666666663,0.5931914471512276
ergo_adaptive,gt,724,60.25,0.5931095557601533
ergo_adaptive,gt,725,60.33333333333337,0.5930336980739223
ergo_adaptive,gt,726,60.41666666666663,0.5929766946047803
ergo_adaptive,gt,727,60.5,0.5929193596669782
ergo_adaptive,gt,728,60.58333333333337,0.5928388919759977
ergo_adaptive,gt,729,60.66666666666663,0.592746852251207
ergo_adaptive,gt,730,60.75,0.592677149042509
ergo_adaptive,gt,731,60.83333333333337,0.5926267409441941
ergo_adaptive,gt,732,60.91666666666663,0.5925487359502072
ergo_adaptive,gt,733,61.0,0.5924256292843846
ergo_adaptive,gt,734,61.08333333333337,0.5923533223023828
ergo_adaptive,gt,735,61.16666666666663,0.5923480826041616
ergo_adaptive,gt,736,61.25,0.5923422869677262
ergo_adaptive,gt,737,61.33333333333337,0.5922870662619393
ergo_adaptive,gt,738,61.41666666666663,0.592256697940091
ergo_adaptive,gt,739,61.5,0.592295021667272
ergo_adaptive,gt,740,61.58333333333337,0.5923620720132519
ergo_adaptive,gt,741,61.66666666666663,0.5924142507702734
ergo_adaptive,gt,742,61.75,0.5924552167993301
ergo_adaptive,gt,743,61.83333333333337,0.5925139383791533
ergo_adaptive,gt,744,61.91666666666663,0.5925997846287072
ergo_adaptive,gt,745,62.0,0.5926865829479971
ergo_adaptive,gt,746,62.08333333333337,0.5927349837736912
ergo_adaptive,gt,747,62.16666666666663,0.5927699166352149
ergo_adaptive,gt,748,62.25,0.5928719825500135
ergo_adaptive,gt,749,62.33333333333337,0.5930243020001311
ergo_adaptive,gt,750,62.41666666666663,0.5931421328915862
ergo_adaptive,gt,751,62.5,0.593221392540447
ergo_adaptive,gt,752,62.58333333333337,0.5933782499612951
ergo_adaptive,gt,753,62.66666666666663,0.5936132654484362
ergo_adaptive,gt,754,62.75,0.5938603774108379
ergo_adaptive,gt,755,62.83333333333337,0.5940810814520832
ergo_adaptive,gt,756,62.91666666666663,0.5942869847597335
ergo_adaptive,gt,757,63.0,0.5945029642377773
ergo_adaptive,gt,758,63.08333333333337,0.5947320902109849
ergo_adaptive,gt,759,63.16666666666663,0.5949356652081853
ergo_adaptive,gt,760,63.25,0.5950557872945382
ergo_adaptive,gt,761,63.33333333333337,0.5951825208879769
ergo_adaptive,gt,762,63.41666666666663,0.5954084963256319
ergo_adaptive,gt,763,63.5,0.5956743914864127
ergo_adaptive,gt,764,63.58333333333337,0.5959070453967058
ergo_adaptive,gt,765,63.66666666666663,0.5961151936194767
ergo_adaptive,gt,766,63.75,0.5963419245156507
ergo_adaptive,gt,767,63.83333333333337,0.5965896196423023
ergo_adaptive,gt,768,63.91666666666663,0.5968297022181367
ergo_adaptive,gt,769,64.0,0.5970186503452075
ergo_adaptive,gt,770,64.08333333333337,0.5971432809575488
ergo_adaptive,gt,771,64.16666666666663,0.5973035718537428
ergo_adaptive,gt,772,64.25,0.5975388835567438
ergo_adaptive,gt,773,64.33333333333337,0.5977871661097096
ergo_adaptive,gt,774,64.41666666666663,0.5980029367140657
ergo_adaptive,gt,775,64.5,0.5982105487926224
ergo_adaptive,gt,776,64.58333333333337,0.5984286056490727
ergo_adaptive,gt,777,64.66666666666663,0.5986497776699464
ergo_adaptive,gt,778,64.75,0.5988449157068889
ergo_adaptive,gt,779,64.83333333333337,0.5989507859165237
ergo_adaptive,gt,780,64.91666666666663,0.5989925816886078
ergo_adaptive,gt,781,65.0,0.5991716034965447
ergo_adaptive,gt,782,65.08333333333337,0.5994536288187475
ergo_adaptive,gt,783,65.16666666666663,0.5997454612761848
ergo_adaptive,gt,784,65.25,0.5999776725441883
ergo_adaptive,gt,785,65.33333333333337,0.6000951713701334
ergo_adaptive,gt,786,65.41666666666663,0.6001235973491454
ergo_adaptive,gt,787,65.5,0.600284352093996
ergo_adaptive,gt,788,65.58333333333337,0.6005652330710084
ergo_adaptive,gt,789,65.66666666666663,0.6008652057130695
ergo_adaptive,gt,790,65.75,0.6011080796826666
ergo_adaptive,gt,791,65.83333333333337,0.6012494126476554
ergo_adaptive,gt,792,65.91666666666663,0.6013210049477181
ergo_adaptive,gt,793,66.0,0.6014777090029415
ergo_adaptive,gt,794,66.08333333333337,0.6017245014209051
ergo_adaptive,gt,795,66.16666666666663,0.6019705952106787
ergo_adaptive,gt,796,66.25,0.6021776427523033
ergo_adaptive,gt,797,66.33333333333337,0.6023660608731864
ergo_adaptive,gt,798,66.41666666666663,0.6025530680559189
ergo_adaptive,gt,799,66.5,0.6027433067368203
ergo_adaptive,gt,800,66.58333333333337,0.6029016614411873
ergo_adaptive,gt,801,66.66666666666663,0.6029593313608572
ergo_adaptive,gt,802,66.75,0.6030084897032472
ergo_adaptive,gt,803,66.83333333333337,0.6031812945238558
ergo_adaptive,gt,804,66.91666666666663,0.6034147208851326
ergo_adaptive,gt,805,67.0,0.6036222234285538
ergo_adaptive,gt,806,67.08333333333337,0.6037631914002003
ergo_adaptive,gt,807,67.16666666666663,0.6038404544494516
ergo_adaptive,gt,808,67.25,0.6039106180669657
ergo_adaptive,gt,809,67.33333333333337,0.6040131777577011
ergo_adaptive,gt,810,67.41666666666663,0.6040962357793676
ergo_adaptive,gt,811,67.5,0.6041080291680853
ergo_adaptive,gt,812,67.58333333333337,0.604132511680926
ergo_adaptive,gt,813,67.66666666666663,0.6042257633088545
ergo_adaptive,gt,814,67.75,0.6043392654863592
ergo_adaptive,gt,815,67.83333333333337,0.6044140155937673
ergo_adaptive,gt,816,67.91666666666663,0.6044264937820581
ergo_adaptive,gt,817,68.0,0.6044004195749524
ergo_adaptive,gt,818,68.08333333333337,0.6043903621434328
ergo_adaptive,gt,819,68.16666666666663,0.6043936969724478
ergo_adaptive,gt,820,68.25,0.6043423475947246
ergo_adaptive,gt,821,68.33333333333337,0.6042288254279696
ergo_adaptive,gt,822,68.41666666666663,0.6041948246500293
ergo_adaptive,gt,823,68.5,0.6042379594921699
ergo_adaptive,gt,824,68.58333333333337,0.6042823579356897
ergo_adaptive,gt,825,68.66666666666663,0.6042852319689727
ergo_adaptive,gt,826,68.75,0.6042583892470097
ergo_adaptive,gt,827,68.83333333333337,0.6042347449647313
ergo_adaptive,gt,828,68.91666666666663,0.6042287639300811
ergo_adaptive,gt,829,69.0,0.6042049789313172
ergo_adaptive,gt,830,69.08333333333337,0.6040974940546158
ergo_adaptive,gt,831,69.16666666666663,0.6039947904700397
ergo_adaptive,gt,832,69.25,0.6040227754592621
ergo_adaptive,gt,833,69.33333333333337,0.6041108983152929
ergo_adaptive,gt,834,69.41666666666663,0.6041727552680951
ergo_adaptive,gt,835,69.5,0.6042001943321842
ergo_adaptive,gt,836,69.58333333333337,0.6042313828466815
ergo_adaptive,gt,837,69.66666666666663,0.6042807086749261
ergo_adaptive,gt,838,69.75,0.6043269287428665
ergo_adaptive,gt,839,69.83333333333337,0.6043216296282548
ergo_adaptive,gt,840,69.91666666666663,0.6042399614508546
ergo_adaptive,gt,841,70.0,0.6042023924107793
ergo_adaptive,gt,842,70.08333333333337,0.6042544502865463
ergo_adaptive,gt,843,70.16666666666663,0.6043134849986024
ergo_adaptive,gt,844,70.25,0.6043187843126662
ergo_adaptive,gt,845,70.33333333333337,0.6043078326669342
ergo_adaptive,gt,846,70.41666666666663,0.6043218617432415
ergo_adaptive,gt,847,70.5,0.6043452211814956
ergo_adaptive,gt,848,70.58333333333337,0.6043388046623563
ergo_adaptive,gt,849,70.66666666666663,0.6042816793748953
ergo_adaptive,gt,850,70.75,0.6042087709809515
ergo_adaptive,gt,851,70.83333333333337,0.6041562418556199
ergo_adaptive,gt,852,70.91666666666663,0.6040614195049652
ergo_adaptive,gt,853,71.0,0.6039099219449102
ergo_adaptive,gt,854,71.08333333333337,0.6037364545743945
ergo_adaptive,gt,855,71.16666666666663,0.6035829161933242
ergo_adaptive,gt,856,71.25,0.60347202482939
ergo_adaptive,gt,857,71.33333333333337,0.6033790427667589
ergo_adaptive,gt,858,71.41666666666663,0.6032727419358621
ergo_adaptive,gt,859,71.5,0.6031714595477353
ergo_adaptive,gt,860,71.58333333333337,0.6031110834434543
ergo_adaptive,gt,861,71.66666666666663,0.6030801962763334
ergo_adaptive,gt,862,71.75,0.6030405221711311
ergo_adaptive,gt,863,71.83333333333337,0.6029933536392743
ergo_adaptive,gt,864,71.91666666666663,0.602978196540585
ergo_adaptive,gt,865,72.0,0.6030001052069022
ergo_adaptive,gt,866,72.08333333333337,0.6030219106484002
ergo_adaptive,gt,867,72.16666666666663,0.6030275080354088
ergo_adaptive,gt,868,72.25,0.6030497254045676
ergo_adaptive,gt,869,72.33333333333337,0.6031103659583185
ergo_adaptive,gt,870,72.41666666666663,0.6031824778834783
ergo_adaptive,gt,871,72.5,0.6032354199621068
ergo_adaptive,gt,872,72.58333333333337,0.603287393433353
ergo_adaptive,gt,873,72.66666666666663,0.6033739985988292
ergo_adaptive,gt,874,72.75,0.6034840917332508
ergo_adaptive,gt,875,72.83333333333337,0.6035733274898964
ergo_adaptive,gt,876,72.91666666666663,0.6036386549465921
ergo_adaptive,gt,877,73.0,0.6037351305325214
ergo_adaptive,gt,878,73.08333333333337,0.6038753408116958
ergo_adaptive,gt,879,73.16666666666663,0.6039971909692421
ergo_adaptive,gt,880,73.25,0.6040540245122966
ergo_adaptive,gt,881,73.33333333333337,0.6041348893108347
ergo_adaptive,gt,882,73.41666666666663,0.6043030541679165
ergo_adaptive,gt,883,73.5,0.6044792320129655
ergo_adaptive,gt,884,73.58333333333337,0.6045428833404264
ergo_adaptive,gt,885,73.66666666666663,0.6045876206282094
ergo_adaptive,gt,886,73.75,0.6047754559275262
ergo_adaptive,gt,887,73.83333333333337,0.6050189774597177
ergo_adaptive,gt,888,73.91666666666663,0.6051865773590944
ergo_adaptive,gt,889,74.0,0.6052807093893673
ergo_adaptive,gt,890,74.08333333333337,0.6054452624636066
ergo_adaptive,gt,891,74.16666666666663,0.6056806028904329
ergo_adaptive,gt,892,74.25,0.6058948756642181
ergo_adaptive,gt,893,74.33333333333337,0.606047046776555
ergo_adaptive,gt,894,74.41666666666663,0.6061986136486824
ergo_adaptive,gt,895,74.5,0.6063938972363957
ergo_adaptive,gt,896,74.58333333333337,0.6065976073744652
ergo_adaptive,gt,897,74.66666666666663,0.6067624910574806
ergo_adaptive,gt,898,74.75,0.6069023921645263
ergo_adaptive,gt,899,74.83333333333337,0.6070633629694488
ergo_adaptive,gt,900,74.91666666666663,0.6072457767020021
ergo_adaptive,gt,901,75.0,0.6074047203219889
ergo_adaptive,gt,902,75.08333333333337,0.6075244525042338
ergo_adaptive,gt,903,75.16666666666663,0.6076518148957073
ergo_adaptive,gt,904,75.25,0.6078158768550916
ergo_adaptive,gt,905,75.33333333333337,0.6079725286546445
ergo_adaptive,gt,906,75.41666666666663,0.6080715331255264
ergo_adaptive,gt,907,75.5,0.6081580585841887
ergo_adaptive,gt,908,75.58333333333337,0.608303448845931
ergo_adaptive,gt,909,75.66666666666663,0.6084698776198008
ergo_adaptive,gt,910,75.75,0.608565099390081
ergo_adaptive,gt,911,75.83333333333337,0.6086037072317753
ergo_adaptive,gt,912,75.91666666666663,0.6087216584416172
ergo_adaptive,gt,913,76.0,0.6089017716856338
ergo_adaptive,gt,914,76.08333333333337,0.6090232236168085
ergo_adaptive,gt,915,76.16666666666663,0.609026052824834
ergo_adaptive,gt,916,76.25,0.6091013956538109
ergo_adaptive,gt,917,76.33333333333337,0.6092794371299496
ergo_adaptive,gt,918,76.41666666666663,0.6094345311987067
ergo_adaptive,gt,919,76.5,0.6094392618832624
ergo_adaptive,gt,920,76.58333333333337,0.6094612651139183
ergo_adaptive,gt,921,76.66666666666663,0.6096121027969815
ergo_adaptive,gt,922,76.75,0.6097834171727458
ergo_adaptive,gt,923,76.83333333333337,0.6098377855386451
ergo_adaptive,gt,924,76.91666666666663,0.6098138617724062
ergo_adaptive,gt,925,77.0,0.6099111875016484
ergo_adaptive,gt,926,77.08333333333337,0.6100711010586691
ergo_adaptive,gt,927,77.16666666666663,0.6101584585072318
ergo_adaptive,gt,928,77.25,0.6101244139248095
ergo_adaptive,gt,929,77.33333333333337,0.6101665708033339
ergo_adaptive,gt,930,77.41666666666663,0.6103021684949762
ergo_adaptive,gt,931,77.5,0.6104113059378489
ergo_adaptive,gt,932,77.58333333333337,0.6103974346327667
ergo_adaptive,gt,933,77.66666666666663,0.6103931556042643
ergo_adaptive,gt,934,77.75,0.610495413686755
ergo_adaptive,gt,935,77.83333333333337,0.6106148369629458
ergo_adaptive,gt,936,77.91666666666663,0.6106387302188931
ergo_adaptive,gt,937,78.0,0.6105285840252963
ergo_adaptive,gt,938,78.08333333333337,0.6105051695804523
ergo_adaptive,gt,939,78.16666666666663,0.6105657696080121
ergo_adaptive,gt,940,78.25,0.6105805106818092
ergo_adaptive,gt,941,78.33333333333337,0.6104146747740047
ergo_adaptive,gt,942,78.41666666666663,0.61003327346909
ergo_adaptive,gt,943,78.5,0.6096430647716943
ergo_adaptive,gt,944,78.58333333333337,0.6092215438165677
ergo_adaptive,gt,945,78.66666666666663,0.608793434391904
ergo_adaptive,gt,946,78.75,0.6083836697035383
ergo_adaptive,gt,947,78.83333333333337,0.6080207838822977
ergo_adaptive,gt,948,78.91666666666663,0.6077258964243587
ergo_adaptive,gt,949,79.0,0.6075067657905121
ergo_adaptive,gt,950,79.08333333333337,0.6073383281011765
ergo_adaptive,gt,951,79.16666666666663,0.6071945863257583
ergo_adaptive,gt,952,79.25,0.6070431043898943
ergo_adaptive,gt,953,79.33333333333337,0.6068610560336722
ergo_adaptive,gt,954,79.41666666666663,0.6066468616361725
ergo_adaptive,gt,955,79.5,0.6064254032570945
ergo_adaptive,gt,956,79.58333333333337,0.6062094144501595
ergo_adaptive,gt,957,79.66666666666663,0.6060058809309197
ergo_adaptive,gt,958,79.75,0.6058033113472062
ergo_adaptive,gt,959,79.83333333333337,0.6055863373116923
ergo_adaptive,gt,960,79.91666666666663,0.605340958208242
ergo_adaptive,gt,961,80.0,0.6050580477268364
ergo_adaptive,gt,962,80.08333333333337,0.6047347234875151
ergo_adaptive,gt,963,80.16666666666663,0.6043752260993595
ergo_adaptive,gt,964,80.25,0.6039935092325069
ergo_adaptive,gt,965,80.33333333333337,0.6036130163268122
ergo_adaptive,gt,966,80.41666666666663,0.6032416045437866
ergo_adaptive,gt,967,80.5,0.6028821338585
ergo_adaptive,gt,968,80.58333333333337,0.6025377261694014
ergo_adaptive,gt,969,80.66666666666663,0.6022098092570319
ergo_adaptive,gt,970,80.75,0.6018936956634886
ergo_adaptive,gt,971,80.83333333333337,0.6015891906252697
ergo_adaptive,gt,972,80.91666666666663,0.6012958915907084
ergo_adaptive,gt,973,81.0,0.6010116439008771
ergo_adaptive,gt,974,81.08333333333337,0.6007322674806218
ergo_adaptive,gt,975,81.16666666666663,0.6004520105217996
ergo_adaptive,gt,976,81.25,0.6001642179927585
ergo_adaptive,gt,977,81.33333333333337,0.5998619606642615
ergo_adaptive,gt,978,81.41666666666663,0.5995386719574337
ergo_adaptive,gt,979,81.5,0.5991889650322205
ergo_adaptive,gt,980,81.58333333333337,0.5988100527003851
ergo_adaptive,gt,981,81.66666666666663,0.5984101230997003
ergo_adaptive,gt,982,81.75,0.5980335981682713
ergo_adaptive,gt,983,81.83333333333337,0.5976724016282123
ergo_adaptive,gt,984,81.91666666666663,0.5973220701047574
ergo_adaptive,gt,985,82.0,0.5969793322426282
ergo_adaptive,gt,986,82.08333333333337,0.596644747910989
ergo_adaptive,gt,987,82.16666666666663,0.5963204182954646
ergo_adaptive,gt,988,82.25,0.5960086810673658
ergo_adaptive,gt,989,82.33333333333337,0.5957116625207168
ergo_adaptive,gt,990,82.41666666666663,0.5954309699259978
ergo_adaptive,gt,991,82.5,0.5951671381455578
ergo_adaptive,gt,992,82.58333333333337,0.5949186673048081
ergo_adaptive,gt,993,82.66666666666663,0.594680945870252
ergo_adaptive,gt,994,82.75,0.5944458575074416
ergo_adaptive,gt,995,82.83333333333337,0.594202692154994
ergo_adaptive,gt,996,82.91666666666663,0.5939405980113804
ergo_adaptive,gt,997,83.0,0.5936531094727925
ergo_adaptive,gt,998,83.08333333333337,0.593345596147002
ergo_adaptive,gt,999,83.16666666666663,0.5930392173570923
ergo_adaptive,gt,1000,83.25,0.5927354710600308
ergo_adaptive,gt,1001,83.33333333333337,0.5924223525726313
ergo_adaptive,gt,1002,83.41666666666663,0.5921018919697911
ergo_adaptive,gt,1003,83.5,0.5917791459517235
ergo_adaptive,gt,1004,83.58333333333337,0.5914586831037998
ergo_adaptive,gt,1005,83.66666666666663,0.5911439928587772
ergo_adaptive,gt,1006,83.75,0.5908376327487889
ergo_adaptive,gt,1007,83.83333333333337,0.5905414645192778
ergo_adaptive,gt,1008,83.91666666666663,0.5902568101461081
ergo_adaptive,gt,1009,84.0,0.5899844792736434
ergo_adaptive,gt,1010,84.08333333333337,0.5897246441589702
ergo_adaptive,gt,1011,84.16666666666663,0.5894765558977955
ergo_adaptive,gt,1012,84.25,0.5892381512692367
ergo_adaptive,gt,1013,84.33333333333337,0.5890057199429541
ergo_adaptive,gt,1014,84.41666666666663,0.5887739707014781
ergo_adaptive,gt,1015,84.5,0.5885369402812493
ergo_adaptive,gt,1016,84.58333333333337,0.5882899677161353
ergo_adaptive,gt,1017,84.66666666666663,0.5880321147292864
ergo_adaptive,gt,1018,84.75,0.5877672183965136
ergo_adaptive,gt,1019,84.83333333333337,0.5875019196018892
ergo_adaptive,gt,1020,84.91666666666663,0.5872295322615306
ergo_adaptive,gt,1021,85.0,0.5869427194775889
ergo_adaptive,gt,1022,85.08333333333337,0.5866457130561712
ergo_adaptive,gt,1023,85.16666666666663,0.586343863943151
ergo_adaptive,gt,1024,85.25,0.5861264855906426
ergo_adaptive,gt,1025,85.33333333333337,0.5858980824181291
ergo_adaptive,gt,1026,85.41666666666663,0.5856145050159065
ergo_adaptive,gt,1027,85.5,0.5853193831991805
ergo_adaptive,gt,1028,85.58333333333337,0.5850250344111844
ergo_adaptive,gt,1029,85.66666666666663,0.5847362999057735
ergo_adaptive,gt,1030,85.75,0.5844556589509858
ergo_adaptive,gt,1031,85.83333333333337,0.584249935999578
ergo_adaptive,gt,1032,85.91666666666663,0.5841505077297059
ergo_adaptive,gt,1033,86.0,0.5841086869600922
ergo_adaptive,gt,1034,86.08333333333337,0.5840879549102186
ergo_adaptive,gt,1035,86.16666666666663,0.5839240350069846
ergo_adaptive,gt,1036,86.25,0.5836553803454196
ergo_adaptive,gt,1037,86.33333333333337,0.5833791505286224
ergo_adaptive,gt,1038,86.41666666666663,0.5832220451952772
ergo_adaptive,gt,1039,86.5,0.5832240689898719
ergo_adaptive,gt,1040,86.58333333333337,0.5833210575776591
ergo_adaptive,gt,1041,86.66666666666663,0.5831455011556178
ergo_adaptive,gt,1042,86.75,0.5829897269371658
ergo_adaptive,gt,1043,86.83333333333337,0.5828634710922141
ergo_adaptive,gt,1044,86.91666666666663,0.5826562489482383
ergo_adaptive,gt,1045,87.0,0.5824038754312247
ergo_adaptive,gt,1046,87.08333333333337,0.5821019215741494
ergo_adaptive,gt,1047,87.16666666666663,0.5817987688553667
ergo_adaptive,gt,1048,87.25,0.5814993397991551
ergo_adaptive,gt,1049,87.33333333333337,0.5811921504412624
ergo_adaptive,gt,1050,87.41666666666663,0.5808931852351866
ergo_adaptive,gt,1051,87.5,0.5805977854451322
ergo_adaptive,gt,1052,87.58333333333337,0.5803223746509939
ergo_adaptive,gt,1053,87.66666666666663,0.5800408171374861
ergo_adaptive,gt,1054,87.75,0.5797722992001861
ergo_adaptive,gt,1055,87.83333333333337,0.5795431755085716
ergo_adaptive,gt,1056,87.91666666666663,0.5792920220321315
ergo_adaptive,gt,1057,88.0,0.5790284205964659
ergo_adaptive,gt,1058,88.08333333333337,0.5787612137321023
ergo_adaptive,gt,1059,88.16666666666663,0.5784799262051027
ergo_adaptive,gt,1060,88.25,0.5782065651852593
ergo_adaptive,gt,1061,88.33333333333337,0.5779406824094241
ergo_adaptive,gt,1062,88.41666666666663,0.5776776114010993
ergo_adaptive,gt,1063,88.5,0.5774192737422278
ergo_adaptive,gt,1064,88.58333333333337,0.5771873019525309
ergo_adaptive,gt,1065,88.66666666666663,0.5770353498462304
ergo_adaptive,gt,1066,88.75,0.5768160530931928
ergo_adaptive,gt,1067,88.83333333333337,0.5765634891032759
ergo_adaptive,gt,1068,88.91666666666663,0.5763157750377915
ergo_adaptive,gt,1069,89.0,0.5760858627879004
ergo_adaptive,gt,1070,89.08333333333337,0.5758362946867152
ergo_adaptive,gt,1071,89.16666666666663,0.5755858695683238
ergo_adaptive,gt,1072,89.25,0.5753668022336462
ergo_adaptive,gt,1073,89.33333333333337,0.5752211466806005
ergo_adaptive,gt,1074,89.41666666666663,0.5750914265803199
ergo_adaptive,gt,1075,89.5,0.5748595642178557
ergo_adaptive,gt,1076,89.58333333333337,0.5746459834520589
ergo_adaptive,gt,1077,89.66666666666663,0.5744034945684481
ergo_adaptive,gt,1078,89.75,0.574172417568935
ergo_adaptive,gt,1079,89.83333333333337,0.5739308303255327
ergo_adaptive,gt,1080,89.91666666666663,0.5736957614099151
ergo_adaptive,gt,1081,90.0,0.5734649733461795
ergo_adaptive,gt,1082,90.08333333333337,0.573236824297576
ergo_adaptive,gt,1083,90.16666666666663,0.5730199540388792
ergo_adaptive,gt,1084,90.25,0.5728035538905004
ergo_adaptive,gt,1085,90.33333333333337,0.5725902170755431
ergo_adaptive,gt,1086,90.41666666666663,0.5723774568570457
ergo_adaptive,gt,1087,90.5,0.5721687354420568
ergo_adaptive,gt,1088,90.58333333333337,0.5719580679601588
ergo_adaptive,gt,1089,90.66666666666663,0.5717475569431285
ergo_adaptive,gt,1090,90.75,0.5715288539797977
ergo_adaptive,gt,1091,90.83333333333337,0.571331079084395
ergo_adaptive,gt,1092,90.91666666666663,0.571159248193496
ergo_adaptive,gt,1093,91.0,0.5710220181888284
ergo_adaptive,gt,1094,91.08333333333337,0.5709819312640442
ergo_adaptive,gt,1095,91.16666666666663,0.571055672911529
ergo_adaptive,gt,1096,91.25,0.5712006469422863
ergo_adaptive,gt,1097,91.33333333333337,0.5711281272446069
ergo_adaptive,gt,1098,91.41666666666663,0.5709268940876454
ergo_adaptive,gt,1099,91.5,0.570664854514635
ergo_adaptive,gt,1100,91.58333333333337,0.5703988275561591
ergo_adaptive,gt,1101,91.66666666666663,0.570178971762452
ergo_adaptive,gt,1102,91.75,0.5700299985234266
ergo_adaptive,gt,1103,91.83333333333337,0.5698084162670607
ergo_adaptive,gt,1104,91.91666666666663,0.5695446368515215
ergo_adaptive,gt,1105,92.0,0.5692911884780227
ergo_adaptive,gt,1106,92.08333333333337,0.5690595295351505
ergo_adaptive,gt,1107,92.16666666666663,0.5688165086240624
ergo_adaptive,gt,1108,92.25,0.5686023705675239
ergo_adaptive,gt,1109,92.33333333333337,0.5684074747568149
ergo_adaptive,gt,1110,92.41666666666663,0.5681790118023629
ergo_adaptive,gt,1111,92.5,0.5679709787360993
ergo_adaptive,gt,1112,92.58333333333337,0.5677480123289371
ergo_adaptive,gt,1113,92.66666666666663,0.5675320785105006
ergo_adaptive,gt,1114,92.75,0.5673315049798769
ergo_adaptive,gt,1115,92.83333333333337,0.5671517014048035
ergo_adaptive,gt,1116,92.91666666666663,0.567021608626418
ergo_adaptive,gt,1117,93.0,0.5668368439203978
ergo_adaptive,gt,1118,93.08333333333337,0.5666226272331865
ergo_adaptive,gt,1119,93.16666666666663,0.5664388078039895
ergo_adaptive,gt,1120,93.25,0.5662312289059237
ergo_adaptive,gt,1121,93.33333333333337,0.5660450118510066
ergo_adaptive,gt,1122,93.41666666666663,0.5659351593211519
ergo_adaptive,gt,1123,93.5,0.5659208875530009
ergo_adaptive,gt,1124,93.58333333333337,0.565787676127465
ergo_adaptive,gt,1125,93.66666666666663,0.5656860920391158
ergo_adaptive,gt,1126,93.75,0.5655755226035937
ergo_adaptive,gt,1127,93.83333333333337,0.5653723853187581
ergo_adaptive,gt,1128,93.91666666666663,0.5651529761369776
ergo_adaptive,gt,1129,94.0,0.5649420760454206
ergo_adaptive,gt,1130,94.08333333333337,0.5647308118462364
ergo_adaptive,gt,1131,94.16666666666663,0.5645213959443657
ergo_adaptive,gt,1132,94.25,0.5643155413801001
ergo_adaptive,gt,1133,94.33333333333337,0.5641141758743162
ergo_adaptive,gt,1134,94.41666666666663,0.5639285748559362
ergo_adaptive,gt,1135,94.5,0.5637859727239682
ergo_adaptive,gt,1136,94.58333333333337,0.5635997107544312
ergo_adaptive,gt,1137,94.66666666666663,0.5634069335382862
ergo_adaptive,gt,1138,94.75,0.5632215778280111
ergo_adaptive,gt,1139,94.83333333333337,0.5630363857929567
ergo_adaptive,gt,1140,94.91666666666663,0.5628525073850836
ergo_adaptive,gt,1141,95.0,0.5627130997636449
ergo_adaptive,gt,1142,95.08333333333337,0.5626027800742015
ergo_adaptive,gt,1143,95.16666666666663,0.5624167741437585
ergo_adaptive,gt,1144,95.25,0.5622391474543184
ergo_adaptive,gt,1145,95.33333333333337,0.5621242520204651
ergo_adaptive,gt,1146,95.41666666666663,0.562047510953601
ergo_adaptive,gt,1147,95.5,0.5619674090443961
ergo_adaptive,gt,1148,95.58333333333337,0.5618084775574097
ergo_adaptive,gt,1149,95.66666666666663,0.5616805276077275
ergo_adaptive,gt,1150,95.75,0.5616507278540345
ergo_adaptive,gt,1151,95.83333333333337,0.5617617098702439
ergo_adaptive,gt,1152,95.91666666666663,0.5620306080752723
ergo_adaptive,gt,1153,96.0,0.5623999041244229
ergo_adaptive,gt,1154,96.08333333333337,0.5627780000438017
ergo_adaptive,gt,1155,96.16666666666663,0.563138298348438
ergo_adaptive,gt,1156,96.25,0.5635199050469613
ergo_adaptive,gt,1157,96.33333333333337,0.5639358085510134
ergo_adaptive,gt,1158,96.41666666666663,0.5643456693367838
ergo_adaptive,gt,1159,96.5,0.5647214905128247
ergo_adaptive,gt,1160,96.58333333333337,0.5651012090772721
ergo_adaptive,gt,1161,96.66666666666663,0.56552625147281
ergo_adaptive,gt,1162,96.75,0.5659615530852663
ergo_adaptive,gt,1163,96.83333333333337,0.5663356728402902
ergo_adaptive,gt,1164,96.91666666666663,0.5666704957629786
ergo_adaptive,gt,1165,97.0,0.5670795588631881
ergo_adaptive,gt,1166,97.08333333333337,0.5675437986238617
ergo_adaptive,gt,1167,97.16666666666663,0.5679408929459345
ergo_adaptive,gt,1168,97.25,0.5682147320518163
ergo_adaptive,gt,1169,97.33333333333337,0.5685924983173903
ergo_adaptive,gt,1170,97.41666666666663,0.5690788035644875
ergo_adaptive,gt,1171,97.5,0.5695337780040883
ergo_adaptive,gt,1172,97.58333333333337,0.5698583966743792
ergo_adaptive,gt,1173,97.66666666666663,0.570193031703158
ergo_adaptive,gt,1174,97.75,0.5706331045588386
ergo_adaptive,gt,1175,97.83333333333337,0.5710894401447456
ergo_adaptive,gt,1176,97.91666666666663,0.5714597710337922
ergo_adaptive,gt,1177,98.0,0.5717800060640302
ergo_adaptive,gt,1178,98.08333333333337,0.572158524764342
ergo_adaptive,gt,1179,98.16666666666663,0.5725785294486455
ergo_adaptive,gt,1180,98.25,0.5729592050707393
ergo_adaptive,gt,1181,98.33333333333337,0.5732840967041383
ergo_adaptive,gt,1182,98.41666666666663,0.5736213867226129
ergo_adaptive,gt,1183,98.5,0.5739978712412872
ergo_adaptive,gt,1184,98.58333333333337,0.5743653379662169
ergo_adaptive,gt,1185,98.66666666666663,0.5746847187380973
ergo_adaptive,gt,1186,98.75,0.5749926978295146
ergo_adaptive,gt,1187,98.83333333333337,0.575335542883975
ergo_adaptive,gt,1188,98.91666666666663,0.5756907480662462
ergo_adaptive,gt,1189,99.0,0.576009864931041
ergo_adaptive,gt,1190,99.08333333333337,0.5762997329974595
ergo_adaptive,gt,1191,99.16666666666663,0.5766076963069466
ergo_adaptive,gt,1192,99.25,0.5769367679237135
ergo_adaptive,gt,1193,99.33333333333337,0.577238593400612
ergo_adaptive,gt,1194,99.41666666666663,0.5774867638208537
ergo_adaptive,gt,1195,99.5,0.5777343324139689
ergo_adaptive,gt,1196,99.58333333333337,0.5780122377814769
ergo_adaptive,gt,1197,99.66666666666663,0.5782492500389645
ergo_adaptive,gt,1198,99.75,0.5784043856660772
ergo_adaptive,gt,1199,99.83333333333337,0.5785451187902497
ergo_adaptive,gt,1200,99.91666666666663,0.5786943192830295
ergo_adaptive,gt,1201,100.0,0.578798497273166
ergo_adaptive,gt,1202,100.08333333333337,0.5788465411548996
ergo_adaptive,gt,1203,100.16666666666663,0.5789227128304739
ergo_adaptive,gt,1204,100.25,0.579044640071094
ergo_adaptive,gt,1205,100.33333333333337,0.5791550064993705
ergo_adaptive,gt,1206,100.41666666666663,0.579220105303327
ergo_adaptive,gt,1207,100.5,0.5792804422821585
ergo_adaptive,gt,1208,100.58333333333337,0.579368865773486
ergo_adaptive,gt,1209,100.66666666666663,0.5794623696559372
ergo_adaptive,gt,1210,100.75,0.5795278872909726
ergo_adaptive,gt,1211,100.83333333333337,0.5794021195601127
ergo_adaptive,gt,1212,100.91666666666663,0.5791540840043371
ergo_adaptive,gt,1213,101.0,0.5788889619596761
ergo_adaptive,gt,1214,101.08333333333337,0.5786003290543364
ergo_adaptive,gt,1215,101.16666666666663,0.5783993071506499
ergo_adaptive,gt,1216,101.25,0.5783599043722341
ergo_adaptive,gt,1217,101.33333333333337,0.5784117622363446
ergo_adaptive,gt,1218,101.41666666666663,0.578310769748508
ergo_adaptive,gt,1219,101.5,0.5781467672173551
ergo_adaptive,gt,1220,101.58333333333337,0.577966109555256
ergo_adaptive,gt,1221,101.66666666666663,0.577773280360972
ergo_adaptive,gt,1222,101.75,0.577579443476798
ergo_adaptive,gt,1223,101.83333333333337,0.5774009186753034
ergo_adaptive,gt,1224,101.91666666666663,0.5772354774012445
ergo_adaptive,gt,1225,102.0,0.5769406892938144
ergo_adaptive,gt,1226,102.08333333333337,0.5766022991244708
ergo_adaptive,gt,1227,102.16666666666663,0.5762892644920337
ergo_adaptive,gt,1228,102.25,0.5760202664891944
ergo_adaptive,gt,1229,102.33333333333337,0.5757285327910969
ergo_adaptive,gt,1230,102.41666666666663,0.5754674933675411
ergo_adaptive,gt,1231,102.5,0.5752560462148486
ergo_adaptive,gt,1232,102.58333333333337,0.5750269559352502
ergo_adaptive,gt,1233,102.66666666666663,0.5747628510012763
ergo_adaptive,gt,1234,102.75,0.5744973778946401
ergo_adaptive,gt,1235,102.83333333333337,0.5742377449335371
ergo_adaptive,gt,1236,102.91666666666663,0.5740224250692528
ergo_adaptive,gt,1237,103.0,0.5738555602917705
ergo_adaptive,gt,1238,103.08333333333337,0.5737288632714225
ergo_adaptive,gt,1239,103.16666666666663,0.5736381507700802
ergo_adaptive,gt,1240,103.25,0.5735651539934216
ergo_adaptive,gt,1241,103.33333333333337,0.5734724879732664
ergo_adaptive,gt,1242,103.41666666666663,0.5733672223719576
ergo_adaptive,gt,1243,103.5,0.573297245449148
ergo_adaptive,gt,1244,103.58333333333337,0.5732643208377065
ergo_adaptive,gt,1245,103.66666666666663,0.573087200750801
ergo_adaptive,gt,1246,103.75,0.5728301893875104
ergo_adaptive,gt,1247,103.83333333333337,0.5725774985149281
ergo_adaptive,gt,1248,103.91666666666663,0.5723057962386225
ergo_adaptive,gt,1249,104.0,0.5720686696462869
ergo_adaptive,gt,1250,104.08333333333337,0.5718446063966096
ergo_adaptive,gt,1251,104.16666666666663,0.5716071383849639
ergo_adaptive,gt,1252,104.25,0.5714358268968907
ergo_adaptive,gt,1253,104.33333333333337,0.571330165565045
ergo_adaptive,gt,1254,104.41666666666663,0.5712278671993177
ergo_adaptive,gt,1255,104.5,0.5710332364724008
ergo_adaptive,gt,1256,104.58333333333337,0.5708418800354834
ergo_adaptive,gt,1257,104.66666666666663,0.5707065604259185
ergo_adaptive,gt,1258,104.75,0.5706050526776045
ergo_adaptive,gt,1259,104.83333333333337,0.5705221700091043
ergo_adaptive,gt,1260,104.91666666666663,0.5705041233673018
ergo_adaptive,gt,1261,105.0,0.5705655597510303
ergo_adaptive,gt,1262,105.08333333333337,0.570679522794498
ergo_adaptive,gt,1263,105.16666666666663,0.5708095191097067
ergo_adaptive,gt,1264,105.25,0.5709406106205357
ergo_adaptive,gt,1265,105.33333333333337,0.571095135402885
ergo_adaptive,gt,1266,105.41666666666663,0.5712575206871878
ergo_adaptive,gt,1267,105.5,0.5714035045966662
ergo_adaptive,gt,1268,105.58333333333337,0.5715122404367009
ergo_adaptive,gt,1269,105.66666666666663,0.5716031035484828
ergo_adaptive,gt,1270,105.75,0.5717437234400861
ergo_adaptive,gt,1271,105.83333333333337,0.5719237608107697
ergo_adaptive,gt,1272,105.91666666666663,0.572086415574247
ergo_adaptive,gt,1273,106.0,0.5722126981700949
ergo_adaptive,gt,1274,106.08333333333337,0.5724057158386501
ergo_adaptive,gt,1275,106.16666666666663,0.5726893105744544
ergo_adaptive,gt,1276,106.25,0.5729713504669495
ergo_adaptive,gt,1277,106.33333333333337,0.5731452124546248
ergo_adaptive,gt,1278,106.41666666666663,0.5733728543867608
ergo_adaptive,gt,1279,106.5,0.573745381056405
ergo_adaptive,gt,1280,106.58333333333337,0.574160749375708
ergo_adaptive,gt,1281,106.66666666666663,0.5745163875346164
ergo_adaptive,gt,1282,106.75,0.5748526014066734
ergo_adaptive,gt,1283,106.83333333333337,0.5749848586933535
ergo_adaptive,gt,1284,106.91666666666663,0.5748318125080442
ergo_adaptive,gt,1285,107.0,0.5746179513146099
ergo_adaptive,gt,1286,107.08333333333337,0.574397007537378
ergo_adaptive,gt,1287,107.16666666666663,0.5740948736640203
ergo_adaptive,gt,1288,107.25,0.5737805061195033
ergo_adaptive,gt,1289,107.33333333333337,0.5734971892016836
ergo_adaptive,gt,1290,107.41666666666663,0.5733038610605866
ergo_adaptive,gt,1291,107.5,0.5730952542127022
ergo_adaptive,gt,1292,107.58333333333337,0.5728207987858888
ergo_adaptive,gt,1293,107.66666666666663,0.5725391577211523
ergo_adaptive,gt,1294,107.75,0.572257783529279
ergo_adaptive,gt,1295,107.83333333333337,0.5719958947419282
ergo_adaptive,gt,1296,107.91666666666663,0.5717284144445974
ergo_adaptive,gt,1297,108.0,0.5714668967868427
ergo_adaptive,gt,1298,108.08333333333337,0.571215797221418
ergo_adaptive,gt,1299,108.16666666666663,0.5709612905228022
ergo_adaptive,gt,1300,108.25,0.5707093931826434
ergo_adaptive,gt,1301,108.33333333333337,0.5704771675551753
ergo_adaptive,gt,1302,108.41666666666663,0.5702456547186058
ergo_adaptive,gt,1303,108.5,0.5700010753222358
ergo_adaptive,gt,1304,108.58333333333337,0.569769584472686
ergo_adaptive,gt,1305,108.66666666666663,0.5695463815713535
ergo_adaptive,gt,1306,108.75,0.5693236533120312
ergo_adaptive,gt,1307,108.83333333333337,0.5691114401670431
ergo_adaptive,gt,1308,108.91666666666663,0.5688826941936151
ergo_adaptive,gt,1309,109.0,0.568673018418214
ergo_adaptive,gt,1310,109.08333333333337,0.5684605515883101
ergo_adaptive,gt,1311,109.16666666666663,0.5682477078471238
ergo_adaptive,gt,1312,109.25,0.5680272391564882
ergo_adaptive,gt,1313,109.33333333333337,0.5678182569451419
ergo_adaptive,gt,1314,109.41666666666663,0.5676106204248066
ergo_adaptive,gt,1315,109.5,0.567398309105816
ergo_adaptive,gt,1316,109.58333333333337,0.567202090840659
ergo_adaptive,gt,1317,109.66666666666663,0.5670067302954256
ergo_adaptive,gt,1318,109.75,0.5668092734692814
ergo_adaptive,gt,1319,109.83333333333337,0.5666174955885092
ergo_adaptive,gt,1320,109.91666666666663,0.5664048765293788
ergo_adaptive,gt,1321,110.0,0.5662023377264958
ergo_adaptive,gt,1322,110.08333333333337,0.5660017812556629
ergo_adaptive,gt,1323,110.16666666666663,0.5657971031454132
ergo_adaptive,gt,1324,110.25,0.5655959473922726
ergo_adaptive,gt,1325,110.33333333333337,0.5653945372529519
ergo_adaptive,gt,1326,110.41666666666663,0.5651949794604213
ergo_adaptive,gt,1327,110.5,0.5650118847634189
ergo_adaptive,gt,1328,110.58333333333337,0.5648277069211416
ergo_adaptive,gt,1329,110.66666666666663,0.5646408941530763
ergo_adaptive,gt,1330,110.75,0.5644452862200969
ergo_adaptive,gt,1331,110.83333333333337,0.5642547995033685
ergo_adaptive,gt,1332,110.91666666666663,0.564079714387845
ergo_adaptive,gt,1333,111.0,0.5638887488088898
ergo_adaptive,gt,1334,111.08333333333337,0.5637140289833311
ergo_adaptive,gt,1335,111.16666666666663,0.5635231624253003
ergo_adaptive,gt,1336,111.25,0.5633316801598705
ergo_adaptive,gt,1337,111.33333333333337,0.5631416657508884
ergo_adaptive,gt,1338,111.41666666666663,0.5629613255577236
ergo_adaptive,gt,1339,111.5,0.5627800137464757
ergo_adaptive,gt,1340,111.58333333333337,0.5625914074251404
ergo_adaptive,gt,1341,111.66666666666663,0.5624052762959979
ergo_adaptive,gt,1342,111.75,0.5622231293705771
ergo_adaptive,gt,1343,111.83333333333337,0.5620441079537548
ergo_adaptive,gt,1344,111.91666666666663,0.5618647696991727
ergo_adaptive,gt,1345,112.0,0.5616926694911267
ergo_adaptive,gt,1346,112.08333333333337,0.5615319826118786
ergo_adaptive,gt,1347,112.16666666666663,0.5613578181263041
ergo_adaptive,gt,1348,112.25,0.5611876038992829
ergo_adaptive,gt,1349,112.33333333333337,0.5610191548743468
ergo_adaptive,gt,1350,112.41666666666663,0.5608500770944481
ergo_adaptive,gt,1351,112.5,0.5606869573400624
ergo_adaptive,gt,1352,112.58333333333337,0.5605149662443548
ergo_adaptive,gt,1353,112.66666666666663,0.5603428028402108
ergo_adaptive,gt,1354,112.75,0.5601741512914176
ergo_adaptive,gt,1355,112.83333333333337,0.5600049794585
ergo_adaptive,gt,1356,112.91666666666663,0.5598335321113731
ergo_adaptive,gt,1357,113.0,0.5596597290312817
ergo_adaptive,gt,1358,113.08333333333337,0.5594932740110455
ergo_adaptive,gt,1359,113.16666666666663,0.5593241560786083
ergo_adaptive,gt,1360,113.25,0.55915739307136
ergo_adaptive,gt,1361,113.33333333333337,0.558985543618023
ergo_adaptive,gt,1362,113.41666666666663,0.5588284940745918
ergo_adaptive,gt,1363,113.5,0.558670725675788
ergo_adaptive,gt,1364,113.58333333333337,0.5585055614520005
ergo_adaptive,gt,1365,113.66666666666663,0.5583549128461396
ergo_adaptive,gt,1366,113.75,0.5582022262495198
ergo_adaptive,gt,1367,113.83333333333337,0.558048173733416
ergo_adaptive,gt,1368,113.91666666666663,0.5578964687640513
ergo_adaptive,gt,1369,114.0,0.5577445200372099
ergo_adaptive,gt,1370,114.08333333333337,0.5575857526738643
ergo_adaptive,gt,1371,114.16666666666663,0.5574376073303831
ergo_adaptive,gt,1372,114.25,0.5572784857511904
ergo_adaptive,gt,1373,114.33333333333337,0.5571217133214273
ergo_adaptive,gt,1374,114.41666666666663,0.5569705101251153
ergo_adaptive,gt,1375,114.5,0.5568165745566666
ergo_adaptive,gt,1376,114.58333333333337,0.5566593975331157
ergo_adaptive,gt,1377,114.66666666666663,0.5565083406455249
ergo_adaptive,gt,1378,114.75,0.5563503803473837
ergo_adaptive,gt,1379,114.83333333333337,0.5562029244547153
ergo_adaptive,gt,1380,114.91666666666663,0.5560529978120418
ergo_adaptive,gt,1381,115.0,0.5559034855429867
ergo_adaptive,gt,1382,115.08333333333337,0.5557524022426602
ergo_adaptive,gt,1383,115.16666666666663,0.555606550381801
ergo_adaptive,gt,1384,115.25,0.5554704143143212
ergo_adaptive,gt,1385,115.33333333333337,0.5553337571249725
ergo_adaptive,gt,1386,115.41666666666663,0.5551965097874276
ergo_adaptive,gt,1387,115.5,0.555049610246318
ergo_adaptive,gt,1388,115.58333333333337,0.5549226998391709
ergo_adaptive,gt,1389,115.66666666666663,0.5547891960949757
ergo_adaptive,gt,1390,115.75,0.5546461311407328
ergo_adaptive,gt,1391,115.83333333333337,0.5545060734415577
ergo_adaptive,gt,1392,115.91666666666663,0.5543631030361224
ergo_adaptive,gt,1393,116.0,0.5542263100171643
ergo_adaptive,gt,1394,116.08333333333337,0.5540808664787238
ergo_adaptive,gt,1395,116.16666666666663,0.5539464615266758
ergo_adaptive,gt,1396,116.25,0.5538071966852575
ergo_adaptive,gt,1397,116.33333333333337,0.5536634262497865
ergo_adaptive,gt,1398,116.41666666666663,0.5535279850432802
ergo_adaptive,gt,1399,116.5,0.5533933394102888
ergo_adaptive,gt,1400,116.58333333333337,0.5532541864974225
ergo_adaptive,gt,1401,116.66666666666663,0.5531166265760773
ergo_adaptive,gt,1402,116.75,0.5529885786250442
ergo_adaptive,gt,1403,116.83333333333337,0.5528731390638592
ergo_adaptive,gt,1404,116.91666666666663,0.552754859332642
ergo_adaptive,gt,1405,117.0,0.552625756880219
ergo_adaptive,gt,1406,117.08333333333337,0.5525158861744457
ergo_adaptive,gt,1407,117.16666666666663,0.552391468513375
ergo_adaptive,gt,1408,117.25,0.5522643260738839
ergo_adaptive,gt,1409,117.33333333333337,0.5521423979884039
ergo_adaptive,gt,1410,117.41666666666663,0.552012457264975
ergo_adaptive,gt,1411,117.5,0.5519034789907201
ergo_adaptive,gt,1412,117.58333333333337,0.551784111951516
ergo_adaptive,gt,1413,117.66666666666663,0.5516541829440096
ergo_adaptive,gt,1414,117.75,0.5515221936719811
ergo_adaptive,gt,1415,117.83333333333337,0.5513903865200723
ergo_adaptive,gt,1416,117.91666666666663,0.5512629128761414
ergo_adaptive,gt,1417,118.0,0.5511400134884988
ergo_adaptive,gt,1418,118.08333333333337,0.5510118023574591
ergo_adaptive,gt,1419,118.16666666666663,0.5508892857771156
ergo_adaptive,gt,1420,118.25,0.5507601712460183
ergo_adaptive,gt,1421,118.33333333333337,0.5506451200746187
ergo_adaptive,gt,1422,118.41666666666663,0.550530986369351
ergo_adaptive,gt,1423,118.5,0.5504068004506356
ergo_adaptive,gt,1424,118.58333333333337,0.5502827025248495
ergo_adaptive,gt,1425,118.66666666666663,0.5501570535046808
ergo_adaptive,gt,1426,118.75,0.5500363731845987
ergo_adaptive,gt,1427,118.83333333333337,0.5499154798424467
ergo_adaptive,gt,1428,118.91666666666663,0.5497904364605791
ergo_adaptive,gt,1429,119.0,0.5496731476752379
ergo_adaptive,gt,1430,119.08333333333337,0.5495676957261704
ergo_adaptive,gt,1431,119.16666666666663,0.549445428755746
ergo_adaptive,gt,1432,119.25,0.5493293147276206
ergo_adaptive,gt,1433,119.33333333333337,0.5492213606699271
ergo_adaptive,gt,1434,119.41666666666663,0.5491059528882647
ergo_adaptive,gt,1435,119.5,0.5489848567831309
ergo_adaptive,gt,1436,119.58333333333337,0.5488672508145827
ergo_adaptive,gt,1437,119.66666666666663,0.5487556000866297
ergo_adaptive,gt,1438,119.75,0.5486410959750321
ergo_adaptive,gt,1439,119.83333333333337,0.5485304447495567
ergo_adaptive,gt,1440,119.91666666666663,0.5484226033446421
ergo_adaptive,gt,1441,120.0,0.5483162676346351
ergo_adaptive,gt,1442,120.08333333333337,0.5482026350501317
ergo_adaptive,gt,1443,120.16666666666663,0.5480909227825763
ergo_adaptive,gt,1444,120.25,0.5479938836692019
ergo_adaptive,gt,1445,120.33333333333337,0.5478932882530292
ergo_adaptive,gt,1446,120.41666666666663,0.5477816602869828
ergo_adaptive,gt,1447,120.5,0.547674914378806
ergo_adaptive,gt,1448,120.58333333333337,0.5475613882424025
ergo_adaptive,gt,1449,120.66666666666663,0.5474471611000947
ergo_adaptive,gt,1450,120.75,0.547340962415217
ergo_adaptive,gt,1451,120.83333333333337,0.5472479655529591
ergo_adaptive,gt,1452,120.91666666666663,0.5471556225608121
ergo_adaptive,gt,1453,121.0,0.5470464905018455
ergo_adaptive,gt,1454,121.08333333333337,0.5469356844270116
ergo_adaptive,gt,1455,121.16666666666663,0.5468249460899344
ergo_adaptive,gt,1456,121.25,0.5467210277343464
ergo_adaptive,gt,1457,121.33333333333337,0.5466165950577795
ergo_adaptive,gt,1458,121.41666666666663,0.5465123092845184
ergo_adaptive,gt,1459,121.5,0.5464034784464882
ergo_adaptive,gt,1460,121.58333333333337,0.5462953950273273
ergo_adaptive,gt,1461,121.66666666666663,0.5461991357624015
ergo_adaptive,gt,1462,121.75,0.5461256099951984
ergo_adaptive,gt,1463,121.83333333333337,0.5460568876207048
ergo_adaptive,gt,1464,121.91666666666663,0.5459527078227809
ergo_adaptive,gt,1465,122.0,0.5458471679552505
ergo_adaptive,gt,1466,122.08333333333337,0.5457544882358901
ergo_adaptive,gt,1467,122.16666666666663,0.5456486270001621
ergo_adaptive,gt,1468,122.25,0.5455511624068217
ergo_adaptive,gt,1469,122.33333333333337,0.5454481283249479
ergo_adaptive,gt,1470,122.41666666666663,0.5453479909945012
ergo_adaptive,gt,1471,122.5,0.5452455964412289
ergo_adaptive,gt,1472,122.58333333333337,0.5451411489380844
ergo_adaptive,gt,1473,122.66666666666663,0.5450418189020243
ergo_adaptive,gt,1474,122.75,0.5449402241085352
ergo_adaptive,gt,1475,122.83333333333337,0.5448695250469804
ergo_adaptive,gt,1476,122.91666666666663,0.5447895771970956
ergo_adaptive,gt,1477,123.0,0.5446916535465821
ergo_adaptive,gt,1478,123.08333333333337,0.5445963647934523
ergo_adaptive,gt,1479,123.16666666666663,0.5445002120883446
ergo_adaptive,gt,1480,123.25,0.5444029059432453
ergo_adaptive,gt,1481,123.33333333333337,0.544317288265552
ergo_adaptive,gt,1482,123.41666666666663,0.5442177980218245
ergo_adaptive,gt,1483,123.5,0.544125287031712
ergo_adaptive,gt,1484,123.58333333333337,0.5440521217510568
ergo_adaptive,gt,1485,123.66666666666663,0.5439569331511925
ergo_adaptive,gt,1486,123.75,0.5438596360927387
ergo_adaptive,gt,1487,123.83333333333337,0.5437759003347188
ergo_adaptive,gt,1488,123.91666666666663,0.5436784864184984
ergo_adaptive,gt,1489,124.0,0.5435961372495923
ergo_adaptive,gt,1490,124.08333333333337,0.5435651516216876
ergo_adaptive,gt,1491,124.16666666666663,0.5434879130254829
ergo_adaptive,gt,1492,124.25,0.5433962617688763
ergo_adaptive,gt,1493,124.33333333333337,0.5433027161977568
ergo_adaptive,gt,1494,124.41666666666663,0.5432136410773096
ergo_adaptive,gt,1495,124.5,0.5431219544795668
ergo_adaptive,gt,1496,124.58333333333337,0.5430552461026167
ergo_adaptive,gt,1497,124.66666666666663,0.542960840973585
ergo_adaptive,gt,1498,124.75,0.5428710270067949
ergo_adaptive,gt,1499,124.83333333333337,0.542782027914222
ergo_adaptive,gt,1500,124.91666666666663,0.542689560970322
ergo_adaptive,gt,1501,125.0,0.5426046910084006
ergo_adaptive,gt,1502,125.08333333333337,0.542545197074614
ergo_adaptive,gt,1503,125.16666666666663,0.5424523097500565
ergo_adaptive,gt,1504,125.25,0.542361112221281
ergo_adaptive,gt,1505,125.33333333333337,0.542281893796785
ergo_adaptive,gt,1506,125.41666666666663,0.542253442597212
ergo_adaptive,gt,1507,125.5,0.5421739305514495
ergo_adaptive,gt,1508,125.58333333333337,0.54208732845753
ergo_adaptive,gt,1509,125.66666666666663,0.5419988268899515
ergo_adaptive,gt,1510,125.75,0.5419154778688057
ergo_adaptive,gt,1511,125.83333333333337,0.5418251196589251
ergo_adaptive,gt,1512,125.91666666666663,0.541738167661294
ergo_adaptive,gt,1513,126.0,0.5416540014890872
ergo_adaptive,gt,1514,126.08333333333337,0.541566020349434
ergo_adaptive,gt,1515,126.16666666666663,0.5414817990719811
ergo_adaptive,gt,1516,126.25,0.5414020885813706
ergo_adaptive,gt,1517,126.33333333333337,0.5413360466200129
ergo_adaptive,gt,1518,126.41666666666663,0.5413088013593339
ergo_adaptive,gt,1519,126.5,0.5413960103775385
ergo_adaptive,gt,1520,126.58333333333337,0.5413651974107452
ergo_adaptive,gt,1521,126.66666666666663,0.5412672321295606
ergo_adaptive,gt,1522,126.75,0.5411720108344181
ergo_adaptive,gt,1523,126.83333333333337,0.5410824202660638
ergo_adaptive,gt,1524,126.91666666666663,0.540990019913055
ergo_adaptive,gt,1525,127.0,0.5409047872927268
ergo_adaptive,gt,1526,127.08333333333337,0.5408158897025349
ergo_adaptive,gt,1527,127.16666666666663,0.5407337399021744
ergo_adaptive,gt,1528,127.25,0.5406496040303117
ergo_adaptive,gt,1529,127.33333333333337,0.5405644335235457
ergo_adaptive,gt,1530,127.41666666666663,0.540491425555368
ergo_adaptive,gt,1531,127.5,0.5404121735709485
ergo_adaptive,gt,1532,127.58333333333337,0.5403413218561411
ergo_adaptive,gt,1533,127.66666666666663,0.5402591398250377
ergo_adaptive,gt,1534,127.75,0.540189392437562
ergo_adaptive,gt,1535,127.83333333333337,0.5401173741295483
ergo_adaptive,gt,1536,127.91666666666663,0.5400490506132138
ergo_adaptive,gt,1537,128.0,0.5400244111339778
ergo_adaptive,gt,1538,128.08333333333337,0.540097433938588
ergo_adaptive,gt,1539,128.16666666666663,0.5401943023817839
ergo_adaptive,gt,1540,128.25,0.5401455790459195
ergo_adaptive,gt,1541,128.33333333333337,0.5400493978065901
ergo_adaptive,gt,1542,128.41666666666663,0.5399716382157187
ergo_adaptive,gt,1543,128.5,0.5398705758561089
ergo_adaptive,gt,1544,128.58333333333337,0.5397774750830556
ergo_adaptive,gt,1545,128.66666666666663,0.5396850292481531
ergo_adaptive,gt,1546,128.75,0.5396073745810032
ergo_adaptive,gt,1547,128.83333333333337,0.5395807380060001
ergo_adaptive,gt,1548,128.91666666666663,0.5395405057011703
ergo_adaptive,gt,1549,129.0,0.5395790542593841
ergo_adaptive,gt,1550,129.08333333333337,0.5395156196904171
ergo_adaptive,gt,1551,129.16666666666663,0.539414784110279
ergo_adaptive,gt,1552,129.25,0.5393527311832272
ergo_adaptive,gt,1553,129.33333333333337,0.5393279615888699
ergo_adaptive,gt,1554,129.41666666666663,0.539242665273307
ergo_adaptive,gt,1555,129.5,0.5391576004044026
ergo_adaptive,gt,1556,129.58333333333337,0.5390828999845704
ergo_adaptive,gt,1557,129.66666666666663,0.5390253217818652
ergo_adaptive,gt,1558,129.75,0.53900622848817
ergo_adaptive,gt,1559,129.83333333333337,0.5389260664796018
ergo_adaptive,gt,1560,129.91666666666663,0.538833636345909
ergo_adaptive,gt,1561,130.0,0.5387444484253381
ergo_adaptive,gt,1562,130.08333333333337,0.5386627303809343
ergo_adaptive,gt,1563,130.16666666666663,0.5385863330002187
ergo_adaptive,gt,1564,130.25,0.5385121901282451
ergo_adaptive,gt,1565,130.33333333333337,0.5384377282695493
ergo_adaptive,gt,1566,130.41666666666663,0.5383593825083317
ergo_adaptive,gt,1567,130.5,0.5382946592295736
ergo_adaptive,gt,1568,130.58333333333337,0.5382317989815805
ergo_adaptive,gt,1569,130.66666666666663,0.5381554413318973
ergo_adaptive,gt,1570,130.75,0.5380850002924064
ergo_adaptive,gt,1571,130.83333333333337,0.5380162096932338
ergo_adaptive,gt,1572,130.91666666666663,0.5379435786034444
ergo_adaptive,gt,1573,131.0,0.5378793479290098
ergo_adaptive,gt,1574,131.08333333333337,0.5378589847395924
ergo_adaptive,gt,1575,131.16666666666663,0.5377911031301724
ergo_adaptive,gt,1576,131.25,0.5377167401094387
ergo_adaptive,gt,1577,131.33333333333337,0.5376439573513827
ergo_adaptive,gt,1578,131.41666666666663,0.5375816789629524
ergo_adaptive,gt,1579,131.5,0.5375161833512963
ergo_adaptive,gt,1580,131.58333333333337,0.5374852481927079
ergo_adaptive,gt,1581,131.66666666666663,0.5374215155645089
ergo_adaptive,gt,1582,131.75,0.5373487411646085
ergo_adaptive,gt,1583,131.83333333333337,0.5372866764240268
ergo_adaptive,gt,1584,131.91666666666663,0.5372249463589167
ergo_adaptive,gt,1585,132.0,0.5371619904895384
ergo_adaptive,gt,1586,132.08333333333337,0.5371361206069749
ergo_adaptive,gt,1587,132.16666666666663,0.5370704445937807
ergo_adaptive,gt,1588,132.25,0.5370109662322137
ergo_adaptive,gt,1589,132.33333333333337,0.5369517383216704
ergo_adaptive,gt,1590,132.41666666666663,0.5368888212648757
ergo_adaptive,gt,1591,132.5,0.5368228238263132
ergo_adaptive,gt,1592,132.58333333333337,0.5367577881068426
ergo_adaptive,gt,1593,132.66666666666663,0.5366941173960091
ergo_adaptive,gt,1594,132.75,0.5366310278272304
ergo_adaptive,gt,1595,132.83333333333337,0.5365679118491187
ergo_adaptive,gt,1596,132.91666666666663,0.5365056084430828
ergo_adaptive,gt,1597,133.0,0.5364436607818538
ergo_adaptive,gt,1598,133.08333333333337,0.5363819599429244
ergo_adaptive,gt,1599,133.16666666666663,0.5363222448857672
ergo_adaptive,gt,1600,133.25,0.536264212712208
ergo_adaptive,gt,1601,133.33333333333337,0.5362082942920682
ergo_adaptive,gt,1602,133.41666666666663,0.5361480215604063
ergo_adaptive,gt,1603,133.5,0.5360919535178887
ergo_adaptive,gt,1604,133.58333333333337,0.5360339416715152
ergo_adaptive,gt,1605,133.66666666666663,0.5359887635417834
ergo_adaptive,gt,1606,133.75,0.5359482688529952
ergo_adaptive,gt,1607,133.83333333333337,0.5358898555982206
ergo_adaptive,gt,1608,133.91666666666663,0.5358460825490391
ergo_adaptive,gt,1609,134.0,0.5357845876534457
ergo_adaptive,gt,1610,134.08333333333337,0.53572417982901
ergo_adaptive,gt,1611,134.16666666666663,0.5356682884427465
ergo_adaptive,gt,1612,134.25,0.5356237389055251
ergo_adaptive,gt,1613,134.33333333333337,0.5355630260682673
ergo_adaptive,gt,1614,134.41666666666663,0.5355236968903849
ergo_adaptive,gt,1615,134.5,0.5355785113455669
ergo_adaptive,gt,1616,134.58333333333337,0.5355486267056235
ergo_adaptive,gt,1617,134.66666666666663,0.535493998817981
ergo_adaptive,gt,1618,134.75,0.5354225497958947
ergo_adaptive,gt,1619,134.83333333333337,0.5353778427825034
ergo_adaptive,gt,1620,134.91666666666663,0.5353251568286519
ergo_adaptive,gt,1621,135.0,0.5352650748309399
ergo_adaptive,gt,1622,135.08333333333337,0.5352472292772764
ergo_adaptive,gt,1623,135.16666666666663,0.5352560443359085
ergo_adaptive,gt,1624,135.25,0.5353002017860707
ergo_adaptive,gt,1625,135.33333333333337,0.5355116239889248
ergo_adaptive,gt,1626,135.41666666666663,0.5358737134445511
ergo_adaptive,gt,1627,135.5,0.5359705459288857
ergo_adaptive,gt,1628,135.58333333333337,0.5358744561629079
ergo_adaptive,gt,1629,135.66666666666663,0.5357529843994661
ergo_adaptive,gt,1630,135.75,0.5356570081812575
ergo_adaptive,gt,1631,135.83333333333337,0.5355613831638704
ergo_adaptive,gt,1632,135.91666666666663,0.5354635422553166
ergo_adaptive,gt,1633,136.0,0.5354273307983323
ergo_adaptive,gt,1634,136.08333333333337,0.5353592587337651
ergo_adaptive,gt,1635,136.16666666666663,0.535282331790933
ergo_adaptive,gt,1636,136.25,0.5352550194648562
ergo_adaptive,gt,1637,136.33333333333337,0.535230678305718
ergo_adaptive,gt,1638,136.41666666666663,0.5351986380463329
ergo_adaptive,gt,1639,136.5,0.5351332027306738
ergo_adaptive,gt,1640,136.58333333333337,0.535040985323869
ergo_adaptive,gt,1641,136.66666666666663,0.5349703612818354
ergo_adaptive,gt,1642,136.75,0.5349148141004052
ergo_adaptive,gt,1643,136.83333333333337,0.5348400916077798
ergo_adaptive,gt,1644,136.91666666666663,0.5347733229717513
ergo_adaptive,gt,1645,137.0,0.5347109467268504
ergo_adaptive,gt,1646,137.08333333333337,0.534719741224274
ergo_adaptive,gt,1647,137.16666666666663,0.5348688552331647
ergo_adaptive,gt,1648,137.25,0.5352014926706097
ergo_adaptive,gt,1649,137.33333333333337,0.5354706493200709
ergo_adaptive,gt,1650,137.41666666666663,0.5355320907985052
ergo_adaptive,gt,1651,137.5,0.5355455268547323
ergo_adaptive,gt,1652,137.58333333333337,0.5356247730603435
ergo_adaptive,gt,1653,137.66666666666663,0.53559234347169
ergo_adaptive,gt,1654,137.75,0.5355062246159293
ergo_adaptive,gt,1655,137.83333333333337,0.5353976615721435
ergo_adaptive,gt,1656,137.91666666666663,0.535290461692344
ergo_adaptive,gt,1657,138.0,0.5351853312662688
ergo_adaptive,gt,1658,138.08333333333337,0.5350895407870339
ergo_adaptive,gt,1659,138.16666666666663,0.5349877180987267
ergo_adaptive,gt,1660,138.25,0.5349126548071168
ergo_adaptive,gt,1661,138.33333333333337,0.5348899983060357
ergo_adaptive,gt,1662,138.41666666666663,0.5348805989778058
ergo_adaptive,gt,1663,138.5,0.5348311883126888
ergo_adaptive,gt,1664,138.58333333333337,0.5347560066362411
ergo_adaptive,gt,1665,138.66666666666663,0.5346596539034626
ergo_adaptive,gt,1666,138.75,0.5345771766639441
ergo_adaptive,gt,1667,138.83333333333337,0.5345027012480562
ergo_adaptive,gt,1668,138.91666666666663,0.5345157883620623
ergo_adaptive,gt,1669,139.0,0.5346598062682447
ergo_adaptive,gt,1670,139.08333333333337,0.5349224941211476
ergo_adaptive,gt,1671,139.16666666666663,0.5352553516808118
ergo_adaptive,gt,1672,139.25,0.5353685015905116
ergo_adaptive,gt,1673,139.33333333333337,0.5353911384474497
ergo_adaptive,gt,1674,139.41666666666663,0.5354568063485282
ergo_adaptive,gt,1675,139.5,0.535514828034719
ergo_adaptive,gt,1676,139.58333333333337,0.5357541038749168
ergo_adaptive,gt,1677,139.66666666666663,0.5361954221594996
ergo_adaptive,gt,1678,139.75,0.5367353622136539
ergo_adaptive,gt,1679,139.83333333333337,0.5369065607376589
ergo_adaptive,gt,1680,139.91666666666663,0.5368028331845051
ergo_adaptive,gt,1681,140.0,0.5366327341407313
ergo_adaptive,gt,1682,140.08333333333337,0.5365114020740469
ergo_adaptive,gt,1683,140.16666666666663,0.536374323101793
ergo_adaptive,gt,1684,140.25,0.5363373443202452
ergo_adaptive,gt,1685,140.33333333333337,0.5362330993987556
ergo_adaptive,gt,1686,140.41666666666663,0.5362170758722175
ergo_adaptive,gt,1687,140.5,0.5361745862226972
ergo_adaptive,gt,1688,140.58333333333337,0.5360746407475834
ergo_adaptive,gt,1689,140.66666666666663,0.535989200424732
ergo_adaptive,gt,1690,140.75,0.5358905523500482
ergo_adaptive,gt,1691,140.83333333333337,0.5357997385130168
ergo_adaptive,gt,1692,140.91666666666663,0.5356854901864552
ergo_adaptive,gt,1693,141.0,0.5355718701550112
ergo_adaptive,gt,1694,141.08333333333337,0.5354930248109736
ergo_adaptive,gt,1695,141.16666666666663,0.535493135965338
ergo_adaptive,gt,1696,141.25,0.5354048174558662
ergo_adaptive,gt,1697,141.33333333333337,0.5353069209336607
ergo_adaptive,gt,1698,141.41666666666663,0.5352225880533317
ergo_adaptive,gt,1699,141.5,0.5351431840691505
ergo_adaptive,gt,1700,141.58333333333337,0.5350635745788914
ergo_adaptive,gt,1701,141.66666666666663,0.5352168582396526
ergo_adaptive,gt,1702,141.75,0.5356309073461627
ergo_adaptive,gt,1703,141.83333333333337,0.5357559778043284
ergo_adaptive,gt,1704,141.91666666666663,0.5358435177846219
ergo_adaptive,gt,1705,142.0,0.5358897370256672
ergo_adaptive,gt,1706,142.08333333333337,0.5358242638625507
ergo_adaptive,gt,1707,142.16666666666663,0.5358238237399501
ergo_adaptive,gt,1708,142.25,0.5357537235309476
ergo_adaptive,gt,1709,142.33333333333337,0.5356929531999224
ergo_adaptive,gt,1710,142.41666666666663,0.5357131467126364
ergo_adaptive,gt,1711,142.5,0.5358703195507984
ergo_adaptive,gt,1712,142.58333333333337,0.5361663616115017
ergo_adaptive,gt,1713,142.66666666666663,0.5366413891217389
ergo_adaptive,gt,1714,142.75,0.5373162787173902
ergo_adaptive,gt,1715,142.83333333333337,0.5381130209844311
ergo_adaptive,gt,1716,142.91666666666663,0.5389328569074899
ergo_adaptive,gt,1717,143.0,0.5396843845105893
ergo_adaptive,gt,1718,143.08333333333337,0.5402872014881052
ergo_adaptive,gt,1719,143.16666666666663,0.5409608194482437
ergo_adaptive,gt,1720,143.25,0.5418301170108092
ergo_adaptive,gt,1721,143.33333333333337,0.5427745155640112
ergo_adaptive,gt,1722,143.41666666666663,0.5436736986895994
ergo_adaptive,gt,1723,143.5,0.5444568920922429
ergo_adaptive,gt,1724,143.58333333333337,0.5450747158085979
ergo_adaptive,gt,1725,143.66666666666663,0.5457201318089133
ergo_adaptive,gt,1726,143.75,0.5465522843373863
ergo_adaptive,gt,1727,143.83333333333337,0.5474635373175268
ergo_adaptive,gt,1728,143.91666666666663,0.5483351047818212
ergo_adaptive,gt,1729,144.0,0.5491075423680535
ergo_adaptive,gt,1730,144.08333333333337,0.5497518810285298
ergo_adaptive,gt,1731,144.16666666666663,0.5503825273554465
ergo_adaptive,gt,1732,144.25,0.5511408488601216
ergo_adaptive,gt,1733,144.33333333333337,0.5519650106127014
ergo_adaptive,gt,1734,144.41666666666663,0.5527614920686715
ergo_adaptive,gt,1735,144.5,0.5534936054365228
ergo_adaptive,gt,1736,144.58333333333337,0.5541462310691067
ergo_adaptive,gt,1737,144.66666666666663,0.5547750453645977
ergo_adaptive,gt,1738,144.75,0.555465866318691
ergo_adaptive,gt,1739,144.83333333333337,0.556182834560964
ergo_adaptive,gt,1740,144.91666666666663,0.5568687366672233
ergo_adaptive,gt,1741,145.0,0.5575350102074547
ergo_adaptive,gt,1742,145.08333333333337,0.5581881170203145
ergo_adaptive,gt,1743,145.16666666666663,0.5588289053601708
ergo_adaptive,gt,1744,145.25,0.5594670846098444
ergo_adaptive,gt,1745,145.33333333333337,0.5600598579565315
ergo_adaptive,gt,1746,145.41666666666663,0.5605850632248519
ergo_adaptive,gt,1747,145.5,0.5611495748456441
ergo_adaptive,gt,1748,145.58333333333337,0.5617896875148432
ergo_adaptive,gt,1749,145.66666666666663,0.5624440132326086
ergo_adaptive,gt,1750,145.75,0.5630489810094036
ergo_adaptive,gt,1751,145.83333333333337,0.5635387620901801
ergo_adaptive,gt,1752,145.91666666666663,0.5638815497915628
ergo_adaptive,gt,1753,146.0,0.5643444828211385
ergo_adaptive,gt,1754,146.08333333333337,0.5649530857457882
ergo_adaptive,gt,1755,146.16666666666663,0.5655800623949739
ergo_adaptive,gt,1756,146.25,0.5661396947598851
ergo_adaptive,gt,1757,146.33333333333337,0.5666163651093493
ergo_adaptive,gt,1758,146.41666666666663,0.5670386670091171
ergo_adaptive,gt,1759,146.5,0.5674760536263487
ergo_adaptive,gt,1760,146.58333333333337,0.5679336165947141
ergo_adaptive,gt,1761,146.66666666666663,0.5683394309418662
ergo_adaptive,gt,1762,146.75,0.5687007613086271
ergo_adaptive,gt,1763,146.83333333333337,0.5691136013342671
ergo_adaptive,gt,1764,146.91666666666663,0.56957574503857
ergo_adaptive,gt,1765,147.0,0.5700275027142444
ergo_adaptive,gt,1766,147.08333333333337,0.5704106275916349
ergo_adaptive,gt,1767,147.16666666666663,0.5706731708409554
ergo_adaptive,gt,1768,147.25,0.5708939555356978
ergo_adaptive,gt,1769,147.33333333333337,0.5712394346280346
ergo_adaptive,gt,1770,147.41666666666663,0.5716552458048342
ergo_adaptive,gt,1771,147.5,0.5720433412418497
ergo_adaptive,gt,1772,147.58333333333337,0.572376612964235
ergo_adaptive,gt,1773,147.66666666666663,0.5726706464135489
ergo_adaptive,gt,1774,147.75,0.5729493059964305
ergo_adaptive,gt,1775,147.83333333333337,0.5732315816424075
ergo_adaptive,gt,1776,147.91666666666663,0.5734830940214868
ergo_adaptive,gt,1777,148.0,0.5736648958791917
ergo_adaptive,gt,1778,148.08333333333337,0.5738643294234603
ergo_adaptive,gt,1779,148.16666666666663,0.5741364432575248
ergo_adaptive,gt,1780,148.25,0.5744298520981678
ergo_adaptive,gt,1781,148.33333333333337,0.5746866570751007
ergo_adaptive,gt,1782,148.41666666666663,0.5748615675194186
ergo_adaptive,gt,1783,148.5,0.5749261184485692
ergo_adaptive,gt,1784,148.58333333333337,0.5750394941137389
ergo_adaptive,gt,1785,148.66666666666663,0.5752618871652494
ergo_adaptive,gt,1786,148.75,0.5755131271095155
ergo_adaptive,gt,1787,148.83333333333337,0.5757238882498793
ergo_adaptive,gt,1788,148.91666666666663,0.5758645921693444
ergo_adaptive,gt,1789,149.0,0.5759432485669046
ergo_adaptive,gt,1790,149.08333333333337,0.5760391981667624
ergo_adaptive,gt,1791,149.16666666666663,0.576182248345348
ergo_adaptive,gt,1792,149.25,0.5763084910742351
ergo_adaptive,gt,1793,149.33333333333337,0.5763819240368516
ergo_adaptive,gt,1794,149.41666666666663,0.5764715088525721
ergo_adaptive,gt,1795,149.5,0.5766112019772008
ergo_adaptive,gt,1796,149.58333333333337,0.5767603474071595
ergo_adaptive,gt,1797,149.66666666666663,0.5768732981946313
ergo_adaptive,gt,1798,149.75,0.5769515264263434
ergo_adaptive,gt,1799,149.83333333333337,0.5770325763631393
ergo_adaptive,gt,1800,149.91666666666663,0.5771304687164671
ergo_adaptive,gt,1801,150.0,0.5772160295403312
ergo_adaptive,gt,1802,150.08333333333337,0.577267725141203
ergo_adaptive,gt,1803,150.16666666666663,0.5773151078892671
ergo_adaptive,gt,1804,150.25,0.5773886468835357
ergo_adaptive,gt,1805,150.33333333333337,0.5774651692133881
ergo_adaptive,gt,1806,150.41666666666663,0.5775073407056773
ergo_adaptive,gt,1807,150.5,0.5775306558052847
ergo_adaptive,gt,1808,150.58333333333337,0.5775765366357729
ergo_adaptive,gt,1809,150.66666666666663,0.5776361904977736
ergo_adaptive,gt,1810,150.75,0.5776673655237605
ergo_adaptive,gt,1811,150.83333333333337,0.5776656926309585
ergo_adaptive,gt,1812,150.91666666666663,0.5776447349147028
ergo_adaptive,gt,1813,151.0,0.577585398122346
ergo_adaptive,gt,1814,151.08333333333337,0.5775226728998065
ergo_adaptive,gt,1815,151.16666666666663,0.5773009995468654
ergo_adaptive,gt,1816,151.25,0.5770082531885566
ergo_adaptive,gt,1817,151.33333333333337,0.576686832727582
ergo_adaptive,gt,1818,151.41666666666663,0.5763430409665391
ergo_adaptive,gt,1819,151.5,0.5759921965611815
ergo_adaptive,gt,1820,151.58333333333337,0.5756382274988215
ergo_adaptive,gt,1821,151.66666666666663,0.5752884166167765
ergo_adaptive,gt,1822,151.75,0.5749368667007373
ergo_adaptive,gt,1823,151.83333333333337,0.5745905323849272
ergo_adaptive,gt,1824,151.91666666666663,0.5742495632098301
ergo_adaptive,gt,1825,152.0,0.5739145871230351
ergo_adaptive,gt,1826,152.08333333333337,0.5735861408358992
ergo_adaptive,gt,1827,152.16666666666663,0.5732642631425778
ergo_adaptive,gt,1828,152.25,0.5729489748369376
ergo_adaptive,gt,1829,152.33333333333337,0.5726371528291198
ergo_adaptive,gt,1830,152.41666666666663,0.5723306446665335
ergo_adaptive,gt,1831,152.5,0.5720306078589695
ergo_adaptive,gt,1832,152.58333333333337,0.571730209449082
ergo_adaptive,gt,1833,152.66666666666663,0.5714297072678169
ergo_adaptive,gt,1834,152.75,0.5711305049000273
ergo_adaptive,gt,1835,152.83333333333337,0.5708329522549571
ergo_adaptive,gt,1836,152.91666666666663,0.5705606073305528
ergo_adaptive,gt,1837,153.0,0.5702898205830971
ergo_adaptive,gt,1838,153.08333333333337,0.5700075661243916
ergo_adaptive,gt,1839,153.16666666666663,0.5697321248429326
ergo_adaptive,gt,1840,153.25,0.5694648456586876
ergo_adaptive,gt,1841,153.33333333333337,0.5691865434067509
ergo_adaptive,gt,1842,153.41666666666663,0.5689238818478846
ergo_adaptive,gt,1843,153.5,0.5686623972738286
ergo_adaptive,gt,1844,153.58333333333337,0.5683985338062005
ergo_adaptive,gt,1845,153.66666666666663,0.568139179405867
ergo_adaptive,gt,1846,153.75,0.5678808736274682
ergo_adaptive,gt,1847,153.83333333333337,0.5676240533001364
ergo_adaptive,gt,1848,153.91666666666663,0.567470628505663
ergo_adaptive,gt,1849,154.0,0.5674536978494217
ergo_adaptive,gt,1850,154.08333333333337,0.5675226102769592
ergo_adaptive,gt,1851,154.16666666666663,0.5676033152608072
ergo_adaptive,gt,1852,154.25,0.5676932507157925
ergo_adaptive,gt,1853,154.33333333333337,0.5678015180710871
ergo_adaptive,gt,1854,154.41666666666663,0.5677701149239226
ergo_adaptive,gt,1855,154.5,0.5675738901907823
ergo_adaptive,gt,1856,154.58333333333337,0.5673831707332322
ergo_adaptive,gt,1857,154.66666666666663,0.5671235793534062
ergo_adaptive,gt,1858,154.75,0.566885133184141
ergo_adaptive,gt,1859,154.83333333333337,0.5666096257714931
ergo_adaptive,gt,1860,154.91666666666663,0.566358996661236
ergo_adaptive,gt,1861,155.0,0.5660838285214349
ergo_adaptive,gt,1862,155.08333333333337,0.5658335623800599
ergo_adaptive,gt,1863,155.16666666666663,0.5655673697402884
ergo_adaptive,gt,1864,155.25,0.5653265459607602
ergo_adaptive,gt,1865,155.33333333333337,0.5650671247734818
ergo_adaptive,gt,1866,155.41666666666663,0.5648266925156007
ergo_adaptive,gt,1867,155.5,0.5646062746856758
ergo_adaptive,gt,1868,155.58333333333337,0.5643750254277231
ergo_adaptive,gt,1869,155.66666666666663,0.5641608325445441
ergo_adaptive,gt,1870,155.75,0.5639318892712251
ergo_adaptive,gt,1871,155.83333333333337,0.563761122092879
ergo_adaptive,gt,1872,155.91666666666663,0.5635242080953149
ergo_adaptive,gt,1873,156.0,0.5633132526227517
ergo_adaptive,gt,1874,156.08333333333337,0.563067691426355
ergo_adaptive,gt,1875,156.16666666666663,0.5628575550340633
ergo_adaptive,gt,1876,156.25,0.5626786603470966
ergo_adaptive,gt,1877,156.33333333333337,0.5624459758891984
ergo_adaptive,gt,1878,156.41666666666663,0.562240919355791
ergo_adaptive,gt,1879,156.5,0.5620045459048493
ergo_adaptive,gt,1880,156.58333333333337,0.5617910634446222
ergo_adaptive,gt,1881,156.66666666666663,0.5615678648712772
ergo_adaptive,gt,1882,156.75,0.5613468521563677
ergo_adaptive,gt,1883,156.83333333333337,0.5611217998319127
ergo_adaptive,gt,1884,156.91666666666663,0.5609608959466167
ergo_adaptive,gt,1885,157.0,0.5609175818749017
ergo_adaptive,gt,1886,157.08333333333337,0.5609016708953806
ergo_adaptive,gt,1887,157.16666666666663,0.5609358049700377
ergo_adaptive,gt,1888,157.25,0.5610047288727529
ergo_adaptive,gt,1889,157.33333333333337,0.5611183307295037
ergo_adaptive,gt,1890,157.41666666666663,0.5611382319935284
ergo_adaptive,gt,1891,157.5,0.5610161766343054
ergo_adaptive,gt,1892,157.58333333333337,0.5607823587792672
ergo_adaptive,gt,1893,157.66666666666663,0.5605027751037611
ergo_adaptive,gt,1894,157.75,0.560218346535656
ergo_adaptive,gt,1895,157.83333333333337,0.5599871571043856
ergo_adaptive,gt,1896,157.91666666666663,0.5598360538064591
ergo_adaptive,gt,1897,158.0,0.5597648771789783
ergo_adaptive,gt,1898,158.08333333333337,0.5597646626314798
ergo_adaptive,gt,1899,158.16666666666663,0.5598338323535029
ergo_adaptive,gt,1900,158.25,0.559957120587487
ergo_adaptive,gt,1901,158.33333333333337,0.5600861749399261
ergo_adaptive,gt,1902,158.41666666666663,0.5601710103278394
ergo_adaptive,gt,1903,158.5,0.56023010814935
ergo_adaptive,gt,1904,158.58333333333337,0.5603239203004797
ergo_adaptive,gt,1905,158.66666666666663,0.5604326844544204
ergo_adaptive,gt,1906,158.75,0.5604784167786812
ergo_adaptive,gt,1907,158.83333333333337,0.5604906707798142
ergo_adaptive,gt,1908,158.91666666666663,0.5605128793241798
ergo_adaptive,gt,1909,159.0,0.5605730339032706
ergo_adaptive,gt,1910,159.08333333333337,0.5606673529036781
ergo_adaptive,gt,1911,159.16666666666663,0.5607540188988707
ergo_adaptive,gt,1912,159.25,0.560821742833428
ergo_adaptive,gt,1913,159.33333333333337,0.5609121004601576
ergo_adaptive,gt,1914,159.41666666666663,0.5610428040186528
ergo_adaptive,gt,1915,159.5,0.5611826212356442
ergo_adaptive,gt,1916,159.58333333333337,0.5613043709371511
ergo_adaptive,gt,1917,159.66666666666663,0.5614323896497553
ergo_adaptive,gt,1918,159.75,0.5615953635275661
ergo_adaptive,gt,1919,159.83333333333337,0.5617750609307776
ergo_adaptive,gt,1920,159.91666666666663,0.5619378518271548
ergo_adaptive,gt,1921,160.0,0.5620928965007784
ergo_adaptive,gt,1922,160.08333333333337,0.5622753132348632
ergo_adaptive,gt,1923,160.16666666666663,0.5624818349758002
ergo_adaptive,gt,1924,160.25,0.5626764600727865
ergo_adaptive,gt,1925,160.33333333333337,0.5628529496583855
ergo_adaptive,gt,1926,160.41666666666663,0.5630472701198282
ergo_adaptive,gt,1927,160.5,0.5632734759955813
ergo_adaptive,gt,1928,160.58333333333337,0.5634997103812145
ergo_adaptive,gt,1929,160.66666666666663,0.5637033889838681
ergo_adaptive,gt,1930,160.75,0.5639128678222034
ergo_adaptive,gt,1931,160.83333333333337,0.5641408508083879
ergo_adaptive,gt,1932,160.91666666666663,0.564233380270869
ergo_adaptive,gt,1933,161.0,0.5642283425412867
ergo_adaptive,gt,1934,161.08333333333337,0.5641913546430232
ergo_adaptive,gt,1935,161.16666666666663,0.5641599331156224
ergo_adaptive,gt,1936,161.25,0.5641665133826316
ergo_adaptive,gt,1937,161.33333333333337,0.5642356287184965
ergo_adaptive,gt,1938,161.41666666666663,0.5643538994281027
ergo_adaptive,gt,1939,161.5,0.5645033542718148
ergo_adaptive,gt,1940,161.58333333333337,0.564673861792472
ergo_adaptive,gt,1941,161.66666666666663,0.5648551728742727
ergo_adaptive,gt,1942,161.75,0.5650700827023298
ergo_adaptive,gt,1943,161.83333333333337,0.5653515100293576
ergo_adaptive,gt,1944,161.91666666666663,0.5656641138229483
ergo_adaptive,gt,1945,162.0,0.565940725407456
ergo_adaptive,gt,1946,162.08333333333337,0.5661883305612779
ergo_adaptive,gt,1947,162.16666666666663,0.5664807439327656
ergo_adaptive,gt,1948,162.25,0.5668160352872005
ergo_adaptive,gt,1949,162.33333333333337,0.5671172923256079
ergo_adaptive,gt,1950,162.41666666666663,0.5673553413759002
ergo_adaptive,gt,1951,162.5,0.56762727338773
ergo_adaptive,gt,1952,162.58333333333337,0.5679707126252982
ergo_adaptive,gt,1953,162.66666666666663,0.568303755835711
ergo_adaptive,gt,1954,162.75,0.5685506912379135
ergo_adaptive,gt,1955,162.83333333333337,0.5688008564336774
ergo_adaptive,gt,1956,162.91666666666663,0.5691433308810901
ergo_adaptive,gt,1957,163.0,0.5695091482708701
ergo_adaptive,gt,1958,163.08333333333337,0.5697948536735494
ergo_adaptive,gt,1959,163.16666666666663,0.5700380879758298
ergo_adaptive,gt,1960,163.25,0.5703661694503349
ergo_adaptive,gt,1961,163.33333333333337,0.5705432892543102
ergo_adaptive,gt,1962,163.41666666666663,0.5706707745695212
ergo_adaptive,gt,1963,163.5,0.570806045730322
ergo_adaptive,gt,1964,163.58333333333337,0.5709712220786057
ergo_adaptive,gt,1965,163.66666666666663,0.5708845072331895
ergo_adaptive,gt,1966,163.75,0.5708403152016406
ergo_adaptive,gt,1967,163.83333333333337,0.570762635619633
ergo_adaptive,gt,1968,163.91666666666663,0.5705710466159142
ergo_adaptive,gt,1969,164.0,0.5704699096305836
ergo_adaptive,gt,1970,164.08333333333337,0.5703474452097322
ergo_adaptive,gt,1971,164.16666666666663,0.5701161898394855
ergo_adaptive,gt,1972,164.25,0.5700010414100204
ergo_adaptive,gt,1973,164.33333333333337,0.5697741215999094
ergo_adaptive,gt,1974,164.41666666666663,0.5695819956810738
ergo_adaptive,gt,1975,164.5,0.569547510502271
ergo_adaptive,gt,1976,164.58333333333337,0.5693244697393957
ergo_adaptive,gt,1977,164.66666666666663,0.5691672684523188
ergo_adaptive,gt,1978,164.75,0.5692121519694158
ergo_adaptive,gt,1979,164.83333333333337,0.5690671383597756
ergo_adaptive,gt,1980,164.91666666666663,0.5690159901408797
ergo_adaptive,gt,1981,165.0,0.5689797396515974
ergo_adaptive,gt,1982,165.08333333333337,0.5688941507252531
ergo_adaptive,gt,1983,165.16666666666663,0.5688509284407367
ergo_adaptive,gt,1984,165.25,0.5686772301511654
ergo_adaptive,gt,1985,165.33333333333337,0.5685142017719493
ergo_adaptive,gt,1986,165.41666666666663,0.5683156770408421
ergo_adaptive,gt,1987,165.5,0.5681287151108925
ergo_adaptive,gt,1988,165.58333333333337,0.5679621624249205
ergo_adaptive,gt,1989,165.66666666666663,0.5676912715984943
ergo_adaptive,gt,1990,165.75,0.5674987103448618
ergo_adaptive,gt,1991,165.83333333333337,0.5673936816500704
ergo_adaptive,gt,1992,165.91666666666663,0.5671530187564708
ergo_adaptive,gt,1993,166.0,0.5670304564502736
ergo_adaptive,gt,1994,166.08333333333337,0.5667950127651941
ergo_adaptive,gt,1995,166.16666666666663,0.5666815756357837
ergo_adaptive,gt,1996,166.25,0.5664575772804582
ergo_adaptive,gt,1997,166.33333333333337,0.5663660565402208
ergo_adaptive,gt,1998,166.41666666666663,0.5661581029766704
ergo_adaptive,gt,1999,166.5,0.5661973161357072
ergo_adaptive,gt,2000,166.58333333333337,0.5660551260100536
ergo_adaptive,gt,2001,166.66666666666663,0.5660391110989176
ergo_adaptive,gt,2002,166.75,0.5660789824802737
ergo_adaptive,gt,2003,166.83333333333337,0.5659915346052916
ergo_adaptive,gt,2004,166.91666666666663,0.5660544344913557
ergo_adaptive,gt,2005,167.0,0.5660199463475787
ergo_adaptive,gt,2006,167.08333333333337,0.5660510319122221
ergo_adaptive,gt,2007,167.16666666666663,0.5659656326446623
ergo_adaptive,gt,2008,167.25,0.5658191400783544
ergo_adaptive,gt,2009,167.33333333333337,0.5657297558795321
ergo_adaptive,gt,2010,167.41666666666663,0.5656954879561009
ergo_adaptive,gt,2011,167.5,0.5655217795702124
ergo_adaptive,gt,2012,167.58333333333337,0.5654244704312059
ergo_adaptive,gt,2013,167.66666666666663,0.5653411283622283
ergo_adaptive,gt,2014,167.75,0.5651808530584315
ergo_adaptive,gt,2015,167.83333333333337,0.5650686555874507
ergo_adaptive,gt,2016,167.91666666666663,0.564858829993165
ergo_adaptive,gt,2017,168.0,0.5647510518828441
ergo_adaptive,gt,2018,168.08333333333337,0.564758787423707
ergo_adaptive,gt,2019,168.16666666666663,0.5645831407123012
ergo_adaptive,gt,2020,168.25,0.5645122905023663
ergo_adaptive,gt,2021,168.33333333333337,0.5645319808189208
ergo_adaptive,gt,2022,168.41666666666663,0.5643694175386943
ergo_adaptive,gt,2023,168.5,0.564306096657797
ergo_adaptive,gt,2024,168.58333333333337,0.5643114667733964
ergo_adaptive,gt,2025,168.66666666666663,0.5641632392532512
ergo_adaptive,gt,2026,168.75,0.5641077720427691
ergo_adaptive,gt,2027,168.83333333333337,0.5641667180057459
ergo_adaptive,gt,2028,168.91666666666663,0.5640640426883932
ergo_adaptive,gt,2029,169.0,0.5640244438308041
ergo_adaptive,gt,2030,169.08333333333337,0.5639974909163175
ergo_adaptive,gt,2031,169.16666666666663,0.5639242037717663
ergo_adaptive,gt,2032,169.25,0.563870262279878
ergo_adaptive,gt,2033,169.33333333333337,0.5637172488013851
ergo_adaptive,gt,2034,169.41666666666663,0.5636218073617828
ergo_adaptive,gt,2035,169.5,0.5635492629843324
ergo_adaptive,gt,2036,169.58333333333337,0.5634426157309803
ergo_adaptive,gt,2037,169.66666666666663,0.5633647875706188
ergo_adaptive,gt,2038,169.75,0.5632133096280869
ergo_adaptive,gt,2039,169.83333333333337,0.5631337548927515
ergo_adaptive,gt,2040,169.91666666666663,0.5629624874013406
ergo_adaptive,gt,2041,170.0,0.562867440177042
ergo_adaptive,gt,2042,170.08333333333337,0.5628014234379192
ergo_adaptive,gt,2043,170.16666666666663,0.5626518014568618
ergo_adaptive,gt,2044,170.25,0.5625672115654828
ergo_adaptive,gt,2045,170.33333333333337,0.5624200358936828
ergo_adaptive,gt,2046,170.41666666666663,0.5623468834792998
ergo_adaptive,gt,2047,170.5,0.5622044743843346
ergo_adaptive,gt,2048,170.58333333333337,0.562154523513762
ergo_adaptive,gt,2049,170.66666666666663,0.5620087435223072
ergo_adaptive,gt,2050,170.75,0.5619862217195248
ergo_adaptive,gt,2051,170.83333333333337,0.5618712085658002
ergo_adaptive,gt,2052,170.91666666666663,0.5618482609601453
ergo_adaptive,gt,2053,171.0,0.5617368886590056
ergo_adaptive,gt,2054,171.08333333333337,0.5617087850531615
ergo_adaptive,gt,2055,171.16666666666663,0.5616022823671145
ergo_adaptive,gt,2056,171.25,0.5615702466998199
ergo_adaptive,gt,2057,171.33333333333337,0.5614671294779652
ergo_adaptive,gt,2058,171.41666666666663,0.5614253586790308
ergo_adaptive,gt,2059,171.5,0.5613128367060286
ergo_adaptive,gt,2060,171.58333333333337,0.5612435986530967
ergo_adaptive,gt,2061,171.66666666666663,0.5611146920282482
ergo_adaptive,gt,2062,171.75,0.5610176207976192
ergo_adaptive,gt,2063,171.83333333333337,0.5608732604695267
ergo_adaptive,gt,2064,171.91666666666663,0.5607586047737567
ergo_adaptive,gt,2065,172.0,0.5605982839701069
ergo_adaptive,gt,2066,172.08333333333337,0.5604665459971763
ergo_adaptive,gt,2067,172.16666666666663,0.5602910254074998
ergo_adaptive,gt,2068,172.25,0.5601742416310376
ergo_adaptive,gt,2069,172.33333333333337,0.559994675778249
ergo_adaptive,gt,2070,172.41666666666663,0.55986526694612
ergo_adaptive,gt,2071,172.5,0.5596736014197103
ergo_adaptive,gt,2072,172.58333333333337,0.5596195643439235
ergo_adaptive,gt,2073,172.66666666666663,0.5594423027073276
ergo_adaptive,gt,2074,172.75,0.5593571760085392
ergo_adaptive,gt,2075,172.83333333333337,0.559211251454133
ergo_adaptive,gt,2076,172.91666666666663,0.559190811793494
ergo_adaptive,gt,2077,173.0,0.5590323301908688
ergo_adaptive,gt,2078,173.08333333333337,0.5590348343406724
ergo_adaptive,gt,2079,173.16666666666663,0.5588747432717276
ergo_adaptive,gt,2080,173.25,0.5588689074079679
ergo_adaptive,gt,2081,173.33333333333337,0.5588200268502428
ergo_adaptive,gt,2082,173.41666666666663,0.5588378593684309
ergo_adaptive,gt,2083,173.5,0.5588176969915324
ergo_adaptive,gt,2084,173.58333333333337,0.5588238968939155
ergo_adaptive,gt,2085,173.66666666666663,0.5587353973178251
ergo_adaptive,gt,2086,173.75,0.5587185202422417
ergo_adaptive,gt,2087,173.83333333333337,0.558741754279505
ergo_adaptive,gt,2088,173.91666666666663,0.5586660548985303
ergo_adaptive,gt,2089,174.0,0.5586503271450463
ergo_adaptive,gt,2090,174.08333333333337,0.558584388009332
ergo_adaptive,gt,2091,174.16666666666663,0.5585404485042849
ergo_adaptive,gt,2092,174.25,0.5584377813845716
ergo_adaptive,gt,2093,174.33333333333337,0.5583730052451232
ergo_adaptive,gt,2094,174.41666666666663,0.558272385600422
ergo_adaptive,gt,2095,174.5,0.558183420290927
ergo_adaptive,gt,2096,174.58333333333337,0.558078570576493
ergo_adaptive,gt,2097,174.66666666666663,0.5579589128231436
ergo_adaptive,gt,2098,174.75,0.5578318795450826
ergo_adaptive,gt,2099,174.83333333333337,0.5576952191582838
ergo_adaptive,gt,2100,174.91666666666663,0.557552588547987
ergo_adaptive,gt,2101,175.0,0.5574249876324292
ergo_adaptive,gt,2102,175.08333333333337,0.5572627608669528
ergo_adaptive,gt,2103,175.16666666666663,0.5571332387915644
ergo_adaptive,gt,2104,175.25,0.5569891944305334
ergo_adaptive,gt,2105,175.33333333333337,0.556842482541175
ergo_adaptive,gt,2106,175.41666666666663,0.556709519733916
ergo_adaptive,gt,2107,175.5,0.5565851947620862
ergo_adaptive,gt,2108,175.58333333333337,0.5564643997698998
ergo_adaptive,gt,2109,175.66666666666663,0.556331370054304
ergo_adaptive,gt,2110,175.75,0.5562261034318419
ergo_adaptive,gt,2111,175.83333333333337,0.5561836528558909
ergo_adaptive,gt,2112,175.91666666666663,0.5561202066085893
ergo_adaptive,gt,2113,176.0,0.5559978899239474
ergo_adaptive,gt,2114,176.08333333333337,0.5559387775766343
ergo_adaptive,gt,2115,176.16666666666663,0.555983165710418
ergo_adaptive,gt,2116,176.25,0.5558618114799052
ergo_adaptive,gt,2117,176.33333333333337,0.5557522797459656
ergo_adaptive,gt,2118,176.41666666666663,0.555726183578837
ergo_adaptive,gt,2119,176.5,0.5556773993713688
ergo_adaptive,gt,2120,176.58333333333337,0.5557364640957531
ergo_adaptive,gt,2121,176.66666666666663,0.5556291110274838
ergo_adaptive,gt,2122,176.75,0.5555444906600593
ergo_adaptive,gt,2123,176.83333333333337,0.5555481455413155
ergo_adaptive,gt,2124,176.91666666666663,0.5555314732869743
ergo_adaptive,gt,2125,177.0,0.5555014545743335
ergo_adaptive,gt,2126,177.08333333333337,0.5554643670440031
ergo_adaptive,gt,2127,177.16666666666663,0.5554319093561956
ergo_adaptive,gt,2128,177.25,0.5554637376338618
ergo_adaptive,gt,2129,177.33333333333337,0.5554639570773767
ergo_adaptive,gt,2130,177.41666666666663,0.5554558068735772
ergo_adaptive,gt,2131,177.5,0.5554955467664228
ergo_adaptive,gt,2132,177.58333333333337,0.5554920886718783
ergo_adaptive,gt,2133,177.66666666666663,0.5554655979892887
ergo_adaptive,gt,2134,177.75,0.5554815407495792
ergo_adaptive,gt,2135,177.83333333333337,0.555469924731087
ergo_adaptive,gt,2136,177.91666666666663,0.5554701196558559
ergo_adaptive,gt,2137,178.0,0.555415035239603
ergo_adaptive,gt,2138,178.08333333333337,0.5553749978321919
ergo_adaptive,gt,2139,178.16666666666663,0.5552738229974067
ergo_adaptive,gt,2140,178.25,0.5552085110371819
ergo_adaptive,gt,2141,178.33333333333337,0.5551280270542084
ergo_adaptive,gt,2142,178.41666666666663,0.5550382057630897
ergo_adaptive,gt,2143,178.5,0.5550131516359249
ergo_adaptive,gt,2144,178.58333333333337,0.5549470040608203
ergo_adaptive,gt,2145,178.66666666666663,0.5548600152157545
ergo_adaptive,gt,2146,178.75,0.5547957274508404
ergo_adaptive,gt,2147,178.83333333333337,0.5547759252083211
ergo_adaptive,gt,2148,178.91666666666663,0.5546822331378854
ergo_adaptive,gt,2149,179.0,0.554635691435766
ergo_adaptive,gt,2150,179.08333333333337,0.5545412825592827
ergo_adaptive,gt,2151,179.16666666666663,0.5544983344809884
ergo_adaptive,gt,2152,179.25,0.5543979823513091
ergo_adaptive,gt,2153,179.33333333333337,0.5543506325310418
ergo_adaptive,gt,2154,179.41666666666663,0.5542752222548605
ergo_adaptive,gt,2155,179.5,0.5542303548974659
ergo_adaptive,gt,2156,179.58333333333337,0.5541404993216109
ergo_adaptive,gt,2157,179.66666666666663,0.5540871126922424
ergo_adaptive,gt,2158,179.75,0.5540263608278883
ergo_adaptive,gt,2159,179.83333333333337,0.5539613686383693
ergo_adaptive,gt,2160,179.91666666666663,0.5538953826651616
ergo_adaptive,gt,2161,180.0,0.5538578965129322
ergo_adaptive,gt,2162,180.08333333333337,0.5538760610759481
ergo_adaptive,gt,2163,180.16666666666663,0.5538020842671749
ergo_adaptive,gt,2164,180.25,0.5537893577034828
ergo_adaptive,gt,2165,180.33333333333337,0.5537570970926436
ergo_adaptive,gt,2166,180.41666666666663,0.5537109876479377
ergo_adaptive,gt,2167,180.5,0.553657130197732
ergo_adaptive,gt,2168,180.58333333333337,0.5536029887936649
ergo_adaptive,gt,2169,180.66666666666663,0.5535888478221537
ergo_adaptive,gt,2170,180.75,0.5535511519168976
ergo_adaptive,gt,2171,180.83333333333337,0.55349981946038
ergo_adaptive,gt,2172,180.91666666666663,0.5534419356009346
ergo_adaptive,gt,2173,181.0,0.5534209664782972
ergo_adaptive,gt,2174,181.08333333333337,0.5533708227900127
ergo_adaptive,gt,2175,181.16666666666663,0.5532943580683526
ergo_adaptive,gt,2176,181.25,0.5532523115918626
ergo_adaptive,gt,2177,181.33333333333337,0.5531663736640967
ergo_adaptive,gt,2178,181.41666666666663,0.553117790617458
ergo_adaptive,gt,2179,181.5,0.5530481270686438
ergo_adaptive,gt,2180,181.58333333333337,0.5529652714131402
ergo_adaptive,gt,2181,181.66666666666663,0.5528741674153932
ergo_adaptive,gt,2182,181.75,0.5527783192735958
ergo_adaptive,gt,2183,181.83333333333337,0.5526992537400166
ergo_adaptive,gt,2184,181.91666666666663,0.5526203843913737
ergo_adaptive,gt,2185,182.0,0.5525746625548063
ergo_adaptive,gt,2186,182.08333333333337,0.55248149391111
ergo_adaptive,gt,2187,182.16666666666663,0.5524119447588999
ergo_adaptive,gt,2188,182.25,0.5523322300068418
ergo_adaptive,gt,2189,182.33333333333337,0.5522462651885399
ergo_adaptive,gt,2190,182.41666666666663,0.5521561508315782
ergo_adaptive,gt,2191,182.5,0.5520633264828142
ergo_adaptive,gt,2192,182.58333333333337,0.5519687338866923
ergo_adaptive,gt,2193,182.66666666666663,0.5518730128900007
ergo_adaptive,gt,2194,182.75,0.5517767212251666
ergo_adaptive,gt,2195,182.83333333333337,0.5516848954969144
ergo_adaptive,gt,2196,182.91666666666663,0.5516745458451006
ergo_adaptive,gt,2197,183.0,0.5515946651984787
ergo_adaptive,gt,2198,183.08333333333337,0.5515449615680506
ergo_adaptive,gt,2199,183.16666666666663,0.5514882153940742
ergo_adaptive,gt,2200,183.25,0.5514264648834353
ergo_adaptive,gt,2201,183.33333333333337,0.5513617013502663
ergo_adaptive,gt,2202,183.41666666666663,0.5512961540405354
ergo_adaptive,gt,2203,183.5,0.5512345094078019
ergo_adaptive,gt,2204,183.58333333333337,0.5512560225793289
ergo_adaptive,gt,2205,183.66666666666663,0.5512159318560546
ergo_adaptive,gt,2206,183.75,0.5511921383759627
ergo_adaptive,gt,2207,183.83333333333337,0.5511555519831942
ergo_adaptive,gt,2208,183.91666666666663,0.5511126580409293
ergo_adaptive,gt,2209,184.0,0.5510664359221267
ergo_adaptive,gt,2210,184.08333333333337,0.5510201632028898
ergo_adaptive,gt,2211,184.16666666666663,0.5509812976487907
ergo_adaptive,gt,2212,184.25,0.5509884871125068
ergo_adaptive,gt,2213,184.33333333333337,0.5509458061087575
ergo_adaptive,gt,2214,184.41666666666663,0.5509135653870255
ergo_adaptive,gt,2215,184.5,0.5508674527273573
ergo_adaptive,gt,2216,184.58333333333337,0.5508139057054248
ergo_adaptive,gt,2217,184.66666666666663,0.5507553654971392
ergo_adaptive,gt,2218,184.75,0.5506936007446908
ergo_adaptive,gt,2219,184.83333333333337,0.5506303444268027
ergo_adaptive,gt,2220,184.91666666666663,0.5505894967972548
ergo_adaptive,gt,2221,185.0,0.550510874992152
ergo_adaptive,gt,2222,185.08333333333337,0.5504336093563948
ergo_adaptive,gt,2223,185.16666666666663,0.5503474164732142
ergo_adaptive,gt,2224,185.25,0.550254149624283
ergo_adaptive,gt,2225,185.33333333333337,0.5501548081451682
ergo_adaptive,gt,2226,185.41666666666663,0.550049630997012
ergo_adaptive,gt,2227,185.5,0.5499381881698828
ergo_adaptive,gt,2228,185.58333333333337,0.5498194922244238
ergo_adaptive,gt,2229,185.66666666666663,0.5497292575121769
ergo_adaptive,gt,2230,185.75,0.5495903898314816
ergo_adaptive,gt,2231,185.83333333333337,0.54947317735515
ergo_adaptive,gt,2232,185.91666666666663,0.5493461311098936
ergo_adaptive,gt,2233,186.0,0.549213626931958
ergo_adaptive,gt,2234,186.08333333333337,0.5490766341827076
ergo_adaptive,gt,2235,186.16666666666663,0.54893758422558
ergo_adaptive,gt,2236,186.25,0.548798442102035
ergo_adaptive,gt,2237,186.33333333333337,0.5486615235864576
ergo_adaptive,gt,2238,186.41666666666663,0.5485336338133407
ergo_adaptive,gt,2239,186.5,0.5484248459982618
ergo_adaptive,gt,2240,186.58333333333337,0.5483179582582112
ergo_adaptive,gt,2241,186.66666666666663,0.5482306557969655
ergo_adaptive,gt,2242,186.75,0.5481308676207537
ergo_adaptive,gt,2243,186.83333333333337,0.5480611473327465
ergo_adaptive,gt,2244,186.91666666666663,0.5479931149880766
ergo_adaptive,gt,2245,187.0,0.5479411501912334
ergo_adaptive,gt,2246,187.08333333333337,0.5478924640708037
ergo_adaptive,gt,2247,187.16666666666663,0.5478594367480587
ergo_adaptive,gt,2248,187.25,0.5478131552106493
ergo_adaptive,gt,2249,187.33333333333337,0.5477907707042329
ergo_adaptive,gt,2250,187.41666666666663,0.5477698004234225
ergo_adaptive,gt,2251,187.5,0.5477603916315691
ergo_adaptive,gt,2252,187.58333333333337,0.5477546129350345
ergo_adaptive,gt,2253,187.66666666666663,0.5477670484763749
ergo_adaptive,gt,2254,187.75,0.5477459588161748
ergo_adaptive,gt,2255,187.83333333333337,0.5477431351595325
ergo_adaptive,gt,2256,187.91666666666663,0.5477566333040241
ergo_adaptive,gt,2257,188.0,0.5477774643756965
ergo_adaptive,gt,2258,188.08333333333337,0.5478025534499752
ergo_adaptive,gt,2259,188.16666666666663,0.5478317826357822
ergo_adaptive,gt,2260,188.25,0.54786214149135
ergo_adaptive,gt,2261,188.33333333333337,0.5478939762514379
ergo_adaptive,gt,2262,188.41666666666663,0.5479393965761841
ergo_adaptive,gt,2263,188.5,0.5479493666798582
ergo_adaptive,gt,2264,188.58333333333337,0.5479455304180361
ergo_adaptive,gt,2265,188.66666666666663,0.5479505521152767
ergo_adaptive,gt,2266,188.75,0.5479635377974997
ergo_adaptive,gt,2267,188.83333333333337,0.5479812532177087
ergo_adaptive,gt,2268,188.91666666666663,0.5479890629405062
ergo_adaptive,gt,2269,189.0,0.5480011014275918
ergo_adaptive,gt,2270,189.08333333333337,0.5479698904873078
ergo_adaptive,gt,2271,189.16666666666663,0.5479239144795998
ergo_adaptive,gt,2272,189.25,0.5478699780445495
ergo_adaptive,gt,2273,189.33333333333337,0.5478113559217369
ergo_adaptive,gt,2274,189.41666666666663,0.547749906396314
ergo_adaptive,gt,2275,189.5,0.5476865719715172
ergo_adaptive,gt,2276,189.58333333333337,0.5476219164037784
ergo_adaptive,gt,2277,189.66666666666663,0.5475578301159637
ergo_adaptive,gt,2278,189.75,0.5474966059119799
ergo_adaptive,gt,2279,189.83333333333337,0.5474416525692298
ergo_adaptive,gt,2280,189.91666666666663,0.5473494054037124
ergo_adaptive,gt,2281,190.0,0.5472562658130021
ergo_adaptive,gt,2282,190.08333333333337,0.5471869538504868
ergo_adaptive,gt,2283,190.16666666666663,0.547128773508499
ergo_adaptive,gt,2284,190.25,0.5470713523642837
ergo_adaptive,gt,2285,190.33333333333337,0.5470120666409946
ergo_adaptive,gt,2286,190.41666666666663,0.5469525285629135
ergo_adaptive,gt,2287,190.5,0.5468939144632585
ergo_adaptive,gt,2288,190.58333333333337,0.5468370089132074
ergo_adaptive,gt,2289,190.66666666666663,0.5467823437473962
ergo_adaptive,gt,2290,190.75,0.5467302918508118
ergo_adaptive,gt,2291,190.83333333333337,0.5466811325168258
ergo_adaptive,gt,2292,190.91666666666663,0.546635097642682
ergo_adaptive,gt,2293,191.0,0.546592404598532
ergo_adaptive,gt,2294,191.08333333333337,0.5465532789237123
ergo_adaptive,gt,2295,191.16666666666663,0.5465179670326161
ergo_adaptive,gt,2296,191.25,0.5464867341487509
ergo_adaptive,gt,2297,191.33333333333337,0.5464598326033899
ergo_adaptive,gt,2298,191.41666666666663,0.5464374104123783
ergo_adaptive,gt,2299,191.5,0.5464218901555196
ergo_adaptive,gt,2300,191.58333333333337,0.546382386126466
ergo_adaptive,gt,2301,191.66666666666663,0.5463307149662346
ergo_adaptive,gt,2302,191.75,0.5462987745184045
ergo_adaptive,gt,2303,191.83333333333337,0.5462763217889183
ergo_adaptive,gt,2304,191.91666666666663,0.5462602567152192
ergo_adaptive,gt,2305,192.0,0.5462489460734921
ergo_adaptive,gt,2306,192.08333333333337,0.5462413611330468
ergo_adaptive,gt,2307,192.16666666666663,0.5462366715507102
ergo_adaptive,gt,2308,192.25,0.5462340281805443
ergo_adaptive,gt,2309,192.33333333333337,0.5462324436093978
ergo_adaptive,gt,2310,192.41666666666663,0.5462307500782166
ergo_adaptive,gt,2311,192.5,0.5462276427189615
ergo_adaptive,gt,2312,192.58333333333337,0.5462218030866502
ergo_adaptive,gt,2313,192.66666666666663,0.5462120565745056
ergo_adaptive,gt,2314,192.75,0.5461974956321557
ergo_adaptive,gt,2315,192.83333333333337,0.5461775310295638
ergo_adaptive,gt,2316,192.91666666666663,0.5461518816418859
ergo_adaptive,gt,2317,193.0,0.5461205328195539
ergo_adaptive,gt,2318,193.08333333333337,0.5460836855991763
ergo_adaptive,gt,2319,193.16666666666663,0.5460417070950062
ergo_adaptive,gt,2320,193.25,0.5459950859183057
ergo_adaptive,gt,2321,193.33333333333337,0.5459443937734005
ergo_adaptive,gt,2322,193.41666666666663,0.54589025321155
ergo_adaptive,gt,2323,193.5,0.5458333110135763
ergo_adaptive,gt,2324,193.58333333333337,0.5457742164952768
ergo_adaptive,gt,2325,193.66666666666663,0.54571360402237
ergo_adaptive,gt,2326,193.75,0.5456520790921908
ergo_adaptive,gt,2327,193.83333333333337,0.5455902074358282
ergo_adaptive,gt,2328,193.91666666666663,0.5455285066896909
ergo_adaptive,gt,2329,194.0,0.5454674402675231
ergo_adaptive,gt,2330,194.08333333333337,0.5454074131297361
ergo_adaptive,gt,2331,194.16666666666663,0.5453487691984025
ergo_adaptive,gt,2332,194.25,0.5452917902068577
ergo_adaptive,gt,2333,194.33333333333337,0.5452341507934058
ergo_adaptive,gt,2334,194.41666666666663,0.5451757734161172
ergo_adaptive,gt,2335,194.5,0.5451157623715083
ergo_adaptive,gt,2336,194.58333333333337,0.5450550401793509
ergo_adaptive,gt,2337,194.66666666666663,0.5449943236414807
ergo_adaptive,gt,2338,194.75,0.5449340855842343
ergo_adaptive,gt,2339,194.83333333333337,0.5448746247778568
ergo_adaptive,gt,2340,194.91666666666663,0.544816122120988
ergo_adaptive,gt,2341,195.0,0.544758680374231
ergo_adaptive,gt,2342,195.08333333333337,0.5447023518585409
ergo_adaptive,gt,2343,195.16666666666663,0.5446471576869261
ergo_adaptive,gt,2344,195.25,0.544593101043662
ergo_adaptive,gt,2345,195.33333333333337,0.5445401762650051
ergo_adaptive,gt,2346,195.41666666666663,0.5444883749480294
ergo_adaptive,gt,2347,195.5,0.5444376899456114
ergo_adaptive,gt,2348,195.58333333333337,0.5443881178448967
ergo_adaptive,gt,2349,195.66666666666663,0.5443396603402281
ergo_adaptive,gt,2350,195.75,0.5442923247771738
ergo_adaptive,gt,2351,195.83333333333337,0.5442461240469043
ergo_adaptive,gt,2352,195.91666666666663,0.5442010759395389
ergo_adaptive,gt,2353,196.0,0.5441572020144221
ergo_adaptive,gt,2354,196.08333333333337,0.54411452601019
ergo_adaptive,gt,2355,196.16666666666663,0.5440730717952829
ergo_adaptive,gt,2356,196.25,0.5440328608488465
ergo_adaptive,gt,2357,196.33333333333337,0.5439939092621816
ergo_adaptive,gt,2358,196.41666666666663,0.5439562242619739
ergo_adaptive,gt,2359,196.5,0.5439198002785246
ergo_adaptive,gt,2360,196.58333333333337,0.5438846146149607
ergo_adaptive,gt,2361,196.66666666666663,0.5438506228162304
ergo_adaptive,gt,2362,196.75,0.5438177538881295
ergo_adaptive,gt,2363,196.83333333333337,0.5437859055741926
ergo_adaptive,gt,2364,196.91666666666663,0.5437549399586205
ergo_adaptive,gt,2365,197.0,0.5437246797221849
ergo_adaptive,gt,2366,197.08333333333337,0.5436949054302731
ergo_adaptive,gt,2367,197.16666666666663,0.5436653542724705
ergo_adaptive,gt,2368,197.25,0.5436357206955758
ergo_adaptive,gt,2369,197.33333333333337,0.5436056593705795
ergo_adaptive,gt,2370,197.41666666666663,0.5435747909020737
ergo_adaptive,gt,2371,197.5,0.5435427106177876
ergo_adaptive,gt,2372,197.58333333333337,0.5435090006571085
ergo_adaptive,gt,2373,197.66666666666663,0.5434732454016217
ergo_adaptive,gt,2374,197.75,0.5434350500590504
ergo_adaptive,gt,2375,197.83333333333337,0.5433940619936976
ergo_adaptive,gt,2376,197.91666666666663,0.5433499955560194
ergo_adaptive,gt,2377,198.0,0.5433041130172394
ergo_adaptive,gt,2378,198.08333333333337,0.5432479909016575
ergo_adaptive,gt,2379,198.16666666666663,0.5431829419633016
ergo_adaptive,gt,2380,198.25,0.5431182932599756
ergo_adaptive,gt,2381,198.33333333333337,0.5430507877809223
ergo_adaptive,gt,2382,198.41666666666663,0.5429819267396943
ergo_adaptive,gt,2383,198.5,0.5429121719339902
ergo_adaptive,gt,2384,198.58333333333337,0.542841759742376
ergo_adaptive,gt,2385,198.66666666666663,0.5427709107682361
ergo_adaptive,gt,2386,198.75,0.5426999004266337
ergo_adaptive,gt,2387,198.83333333333337,0.542629080022293
ergo_adaptive,gt,2388,198.91666666666663,0.5425388311619738
ergo_adaptive,gt,2389,199.0,0.5424527363539632
ergo_adaptive,gt,2390,199.08333333333337,0.5423579233197432
ergo_adaptive,gt,2391,199.16666666666663,0.5422653209456475
ergo_adaptive,gt,2392,199.25,0.5421768038335348
ergo_adaptive,gt,2393,199.33333333333337,0.5420932841704962
ergo_adaptive,gt,2394,199.41666666666663,0.5420153986548316
ergo_adaptive,gt,2395,199.5,0.5419435707551512
ergo_adaptive,gt,2396,199.58333333333337,0.5418756236608776
ergo_adaptive,gt,2397,199.66666666666663,0.5418097871386953
ergo_adaptive,gt,2398,199.75,0.5417462735197102
ergo_adaptive,gt,2399,199.83333333333337,0.5416852300285895
ergo_adaptive,gt,2400,199.91666666666663,0.5416266743295072
ergo_adaptive,gt,2401,200.0,0.5415705437667798
ergo_adaptive,gt,2402,200.08333333333337,0.541516730412519
ergo_adaptive,gt,2403,200.16666666666663,0.5414651045236446
ergo_adaptive,gt,2404,200.25,0.5414155300185315
ergo_adaptive,gt,2405,200.33333333333337,0.5413678744629805
ergo_adaptive,gt,2406,200.41666666666663,0.541322015317169
ergo_adaptive,gt,2407,200.5,0.5412778436955008
ergo_adaptive,gt,2408,200.58333333333337,0.5412352665628544
ergo_adaptive,gt,2409,200.66666666666663,0.5411942081118434
ergo_adaptive,gt,2410,200.75,0.541154611118871
ergo_adaptive,gt,2411,200.83333333333337,0.5411164408228775
ergo_adaptive,gt,2412,200.91666666666663,0.5410457671527927
ergo_adaptive,gt,2413,201.0,0.5410009792370082
ergo_adaptive,gt,2414,201.08333333333337,0.5409404179083283
ergo_adaptive,gt,2415,201.16666666666663,0.5408827992614851
ergo_adaptive,gt,2416,201.25,0.5408296760225114
ergo_adaptive,gt,2417,201.33333333333337,0.5407808779518885
ergo_adaptive,gt,2418,201.41666666666663,0.540736156184224
ergo_adaptive,gt,2419,201.5,0.5406952086893804
ergo_adaptive,gt,2420,201.58333333333337,0.5406577101406793
ergo_adaptive,gt,2421,201.66666666666663,0.5406233316826649
ergo_adaptive,gt,2422,201.75,0.5405917532757936
ergo_adaptive,gt,2423,201.83333333333337,0.5405626709237518
ergo_adaptive,gt,2424,201.91666666666663,0.5405358004576184
ergo_adaptive,gt,2425,202.0,0.5405108790822336
ergo_adaptive,gt,2426,202.08333333333337,0.5404876655644835
ergo_adaptive,gt,2427,202.16666666666663,0.5404659397342401
ergo_adaptive,gt,2428,202.25,0.5404455018733043
ergo_adaptive,gt,2429,202.33333333333337,0.5404261726304269
ergo_adaptive,gt,2430,202.41666666666663,0.5404077945062965
ergo_adaptive,gt,2431,202.5,0.5403902374710589
ergo_adaptive,gt,2432,202.58333333333337,0.5403734184475629
ergo_adaptive,gt,2433,202.66666666666663,0.5403574311397207
ergo_adaptive,gt,2434,202.75,0.5403389017341574
ergo_adaptive,gt,2435,202.83333333333337,0.540325076026552
ergo_adaptive,gt,2436,202.91666666666663,0.5402976976511292
ergo_adaptive,gt,2437,203.0,0.540267701866086
ergo_adaptive,gt,2438,203.08333333333337,0.5402370366319269
ergo_adaptive,gt,2439,203.16666666666663,0.5402061842493036
ergo_adaptive,gt,2440,203.25,0.5401752221378474
ergo_adaptive,gt,2441,203.33333333333337,0.5401440914291585
ergo_adaptive,gt,2442,203.41666666666663,0.5401126780401165
ergo_adaptive,gt,2443,203.5,0.5400808445773569
ergo_adaptive,gt,2444,203.58333333333337,0.5400484471414201
ergo_adaptive,gt,2445,203.66666666666663,0.5400153513725229
ergo_adaptive,gt,2446,203.75,0.5399814979048723
ergo_adaptive,gt,2447,203.83333333333337,0.5399472722406266
ergo_adaptive,gt,2448,203.91666666666663,0.5399043725179083
ergo_adaptive,gt,2449,204.0,0.5398584364262065
ergo_adaptive,gt,2450,204.08333333333337,0.5398090942400879
ergo_adaptive,gt,2451,204.16666666666663,0.5397579814816696
ergo_adaptive,gt,2452,204.25,0.5397055179384165
ergo_adaptive,gt,2453,204.33333333333337,0.5396519072201131
ergo_adaptive,gt,2454,204.41666666666663,0.5395972462692479
ergo_adaptive,gt,2455,204.5,0.5395415563517064
ergo_adaptive,gt,2456,204.58333333333337,0.5394847916408823
ergo_adaptive,gt,2457,204.66666666666663,0.5394268014110379
ergo_adaptive,gt,2458,204.75,0.5393605202871181
ergo_adaptive,gt,2459,204.83333333333337,0.5392774076309154
ergo_adaptive,gt,2460,204.91666666666663,0.5391992138092288
ergo_adaptive,gt,2461,205.0,0.5391204103947685
ergo_adaptive,gt,2462,205.08333333333337,0.5390404448585759
ergo_adaptive,gt,2463,205.16666666666663,0.5389593805530313
ergo_adaptive,gt,2464,205.25,0.5388778988061599
ergo_adaptive,gt,2465,205.33333333333337,0.538796211229721
ergo_adaptive,gt,2466,205.41666666666663,0.538714237185158
ergo_adaptive,gt,2467,205.5,0.5386313728731716
ergo_adaptive,gt,2468,205.58333333333337,0.5385377897569076
ergo_adaptive,gt,2469,205.66666666666663,0.5384224122452015
ergo_adaptive,gt,2470,205.75,0.5383174628676242
ergo_adaptive,gt,2471,205.83333333333337,0.53821312012188
ergo_adaptive,gt,2472,205.91666666666663,0.5381087721504875
ergo_adaptive,gt,2473,206.0,0.53800448702645
ergo_adaptive,gt,2474,206.08333333333337,0.5379003366021512
ergo_adaptive,gt,2475,206.16666666666663,0.537796580411998
ergo_adaptive,gt,2476,206.25,0.5377375888088354
ergo_adaptive,gt,2477,206.33333333333337,0.537649664101456
ergo_adaptive,gt,2478,206.41666666666663,0.5375780089795953
ergo_adaptive,gt,2479,206.5,0.5375022693706019
ergo_adaptive,gt,2480,206.58333333333337,0.5374217976401672
ergo_adaptive,gt,2481,206.66666666666663,0.5373464869792436
ergo_adaptive,gt,2482,206.75,0.537277178018301
ergo_adaptive,gt,2483,206.83333333333337,0.5372135581911615
ergo_adaptive,gt,2484,206.91666666666663,0.5371551389980296
ergo_adaptive,gt,2485,207.0,0.5371014092210489
ergo_adaptive,gt,2486,207.08333333333337,0.5370518760564059
ergo_adaptive,gt,2487,207.16666666666663,0.5370060830620366
ergo_adaptive,gt,2488,207.25,0.5369636190059519
ergo_adaptive,gt,2489,207.33333333333337,0.5369241216694399
ergo_adaptive,gt,2490,207.41666666666663,0.5368872786126194
ergo_adaptive,gt,2491,207.5,0.5368528261733316
ergo_adaptive,gt,2492,207.58333333333337,0.53682054757438
ergo_adaptive,gt,2493,207.66666666666663,0.5367902707686386
ergo_adaptive,gt,2494,207.75,0.5367618665043183
ergo_adaptive,gt,2495,207.83333333333337,0.5367352470285689
ergo_adaptive,gt,2496,207.91666666666663,0.5367103658734956
ergo_adaptive,gt,2497,208.0,0.5366872193219366
ergo_adaptive,gt,2498,208.08333333333337,0.536665850532118
ergo_adaptive,gt,2499,208.16666666666663,0.5366463581736528
ergo_adaptive,gt,2500,208.25,0.53662891353222
ergo_adaptive,gt,2501,208.33333333333337,0.5366137957805834
ergo_adaptive,gt,2502,208.41666666666663,0.536601474216074
ergo_adaptive,gt,2503,208.5,0.5365928549472702
ergo_adaptive,gt,2504,208.58333333333337,0.5365906549752449
ergo_adaptive,gt,2505,208.66666666666663,0.5366620066723556
ergo_adaptive,gt,2506,208.75,0.5367173858526136
ergo_adaptive,gt,2507,208.83333333333337,0.5367587673373178
ergo_adaptive,gt,2508,208.91666666666663,0.5367911692739383
ergo_adaptive,gt,2509,209.0,0.5368180348131087
ergo_adaptive,gt,2510,209.08333333333337,0.5368424941815463
ergo_adaptive,gt,2511,209.16666666666663,0.5368685828936887
ergo_adaptive,gt,2512,209.25,0.5369071955599992
ergo_adaptive,gt,2513,209.33333333333337,0.5370321344102844
ergo_adaptive,gt,2514,209.41666666666663,0.5371881395852637
ergo_adaptive,gt,2515,209.5,0.537281803775409
ergo_adaptive,gt,2516,209.58333333333337,0.5373547145306661
ergo_adaptive,gt,2517,209.66666666666663,0.537420480995356
ergo_adaptive,gt,2518,209.75,0.5374282399959229
ergo_adaptive,gt,2519,209.83333333333337,0.537435848275298
ergo_adaptive,gt,2520,209.91666666666663,0.5374461903192702
ergo_adaptive,gt,2521,210.0,0.5374125307592716
ergo_adaptive,gt,2522,210.08333333333337,0.5373871440905023
ergo_adaptive,gt,2523,210.16666666666663,0.537360790427437
ergo_adaptive,gt,2524,210.25,0.5373179933461424
ergo_adaptive,gt,2525,210.33333333333337,0.5372687215154099
ergo_adaptive,gt,2526,210.41666666666663,0.5372160972918432
ergo_adaptive,gt,2527,210.5,0.5371620245955574
ergo_adaptive,gt,2528,210.58333333333337,0.5371943220268373
ergo_adaptive,gt,2529,210.66666666666663,0.5372204191141007
ergo_adaptive,gt,2530,210.75,0.5371720389828192
ergo_adaptive,gt,2531,210.83333333333337,0.5370870988421979
ergo_adaptive,gt,2532,210.91666666666663,0.5370500272356608
ergo_adaptive,gt,2533,211.0,0.5369897252777452
ergo_adaptive,gt,2534,211.08333333333337,0.5369545304172698
ergo_adaptive,gt,2535,211.16666666666663,0.536888818662183
ergo_adaptive,gt,2536,211.25,0.5368256341187602
ergo_adaptive,gt,2537,211.33333333333337,0.5368064786699757
ergo_adaptive,gt,2538,211.41666666666663,0.5367469990432322
ergo_adaptive,gt,2539,211.5,0.5367300014060069
ergo_adaptive,gt,2540,211.58333333333337,0.536734981574253
ergo_adaptive,gt,2541,211.66666666666663,0.5366868480890974
ergo_adaptive,gt,2542,211.75,0.5366566256004093
ergo_adaptive,gt,2543,211.83333333333337,0.5367821758934705
ergo_adaptive,gt,2544,211.91666666666663,0.5370672314841657
ergo_adaptive,gt,2545,212.0,0.5373864123078661
ergo_adaptive,gt,2546,212.08333333333337,0.537663615659199
ergo_adaptive,gt,2547,212.16666666666663,0.5380902007810157
ergo_adaptive,gt,2548,212.25,0.5386127149425791
ergo_adaptive,gt,2549,212.33333333333337,0.5391008804500527
ergo_adaptive,gt,2550,212.41666666666663,0.5394985029681639
ergo_adaptive,gt,2551,212.5,0.5399468852017948
ergo_adaptive,gt,2552,212.58333333333337,0.5404971679828644
ergo_adaptive,gt,2553,212.66666666666663,0.5410618728775072
ergo_adaptive,gt,2554,212.75,0.5415933638455148
ergo_adaptive,gt,2555,212.83333333333337,0.5421092853800661
ergo_adaptive,gt,2556,212.91666666666663,0.5425017883948524
ergo_adaptive,gt,2557,213.0,0.542638849584189
ergo_adaptive,gt,2558,213.08333333333337,0.5426334968460248
ergo_adaptive,gt,2559,213.16666666666663,0.5425767231476712
ergo_adaptive,gt,2560,213.25,0.5424253571313506
ergo_adaptive,gt,2561,213.33333333333337,0.5423447240250678
ergo_adaptive,gt,2562,213.41666666666663,0.5424272288695837
ergo_adaptive,gt,2563,213.5,0.5423885828826793
ergo_adaptive,gt,2564,213.58333333333337,0.5422857929996436
ergo_adaptive,gt,2565,213.66666666666663,0.5421704488503453
ergo_adaptive,gt,2566,213.75,0.5420676003638738
ergo_adaptive,gt,2567,213.83333333333337,0.5419577725386269
ergo_adaptive,gt,2568,213.91666666666663,0.5418747204335896
ergo_adaptive,gt,2569,214.0,0.5418037058330704
ergo_adaptive,gt,2570,214.08333333333337,0.5417627201998306
ergo_adaptive,gt,2571,214.16666666666663,0.5416670008603908
ergo_adaptive,gt,2572,214.25,0.5415477786361819
ergo_adaptive,gt,2573,214.33333333333337,0.5414170222791823
ergo_adaptive,gt,2574,214.41666666666663,0.5412830508996763
ergo_adaptive,gt,2575,214.5,0.5411859754076461
ergo_adaptive,gt,2576,214.58333333333337,0.5410515678562201
ergo_adaptive,gt,2577,214.66666666666663,0.5409434144637226
ergo_adaptive,gt,2578,214.75,0.5408028075745421
ergo_adaptive,gt,2579,214.83333333333337,0.5406742512331429
ergo_adaptive,gt,2580,214.91666666666663,0.5405615000124869
ergo_adaptive,gt,2581,215.0,0.5404596948727161
ergo_adaptive,gt,2582,215.08333333333337,0.540330636592299
ergo_adaptive,gt,2583,215.16666666666663,0.5402047371128984
ergo_adaptive,gt,2584,215.25,0.5401176270965405
ergo_adaptive,gt,2585,215.33333333333337,0.5400257685487453
ergo_adaptive,gt,2586,215.41666666666663,0.5399920815357845
ergo_adaptive,gt,2587,215.5,0.5399564258565244
ergo_adaptive,gt,2588,215.58333333333337,0.5399686505397903
ergo_adaptive,gt,2589,215.66666666666663,0.5399343526796344
ergo_adaptive,gt,2590,215.75,0.5398837310645764
ergo_adaptive,gt,2591,215.83333333333337,0.5398319371306691
ergo_adaptive,gt,2592,215.91666666666663,0.5397430864889131
ergo_adaptive,gt,2593,216.0,0.5396560129077822
ergo_adaptive,gt,2594,216.08333333333337,0.5395866173320621
ergo_adaptive,gt,2595,216.16666666666663,0.5396153582866411
ergo_adaptive,gt,2596,216.25,0.5397207954268146
ergo_adaptive,gt,2597,216.33333333333337,0.5397469460565659
ergo_adaptive,gt,2598,216.41666666666663,0.5397136717090626
ergo_adaptive,gt,2599,216.5,0.5396531624089241
ergo_adaptive,gt,2600,216.58333333333337,0.5396189341439801
ergo_adaptive,gt,2601,216.66666666666663,0.5396350343620462
ergo_adaptive,gt,2602,216.75,0.5396978746297355
ergo_adaptive,gt,2603,216.83333333333337,0.5398317309936876
ergo_adaptive,gt,2604,216.91666666666663,0.5398682196487198
ergo_adaptive,gt,2605,217.0,0.5398216444965156
ergo_adaptive,gt,2606,217.08333333333337,0.539750581217129
ergo_adaptive,gt,2607,217.16666666666663,0.5396979280725713
ergo_adaptive,gt,2608,217.25,0.5396382127290279
ergo_adaptive,gt,2609,217.33333333333337,0.5395848292214357
ergo_adaptive,gt,2610,217.41666666666663,0.5395115377909293
ergo_adaptive,gt,2611,217.5,0.5394454953265562
ergo_adaptive,gt,2612,217.58333333333337,0.5394054883996909
ergo_adaptive,gt,2613,217.66666666666663,0.5394293517828914
ergo_adaptive,gt,2614,217.75,0.5393892704651505
ergo_adaptive,gt,2615,217.83333333333337,0.5393572521237261
ergo_adaptive,gt,2616,217.91666666666663,0.5393414241072323
ergo_adaptive,gt,2617,218.0,0.5393593908207052
ergo_adaptive,gt,2618,218.08333333333337,0.5394160140361077
ergo_adaptive,gt,2619,218.16666666666663,0.5396168828218186
ergo_adaptive,gt,2620,218.25,0.5399453132830041
ergo_adaptive,gt,2621,218.33333333333337,0.5403437524335296
ergo_adaptive,gt,2622,218.41666666666663,0.5407686991292293
ergo_adaptive,gt,2623,218.5,0.5412248278508478
ergo_adaptive,gt,2624,218.58333333333337,0.5417235451387327
ergo_adaptive,gt,2625,218.66666666666663,0.54222588145336
ergo_adaptive,gt,2626,218.75,0.5426662524284037
ergo_adaptive,gt,2627,218.83333333333337,0.5431685736064253
ergo_adaptive,gt,2628,218.91666666666663,0.5438460158167626
ergo_adaptive,gt,2629,219.0,0.5445920977790092
ergo_adaptive,gt,2630,219.08333333333337,0.5452802911676882
ergo_adaptive,gt,2631,219.16666666666663,0.5459242147838135
ergo_adaptive,gt,2632,219.25,0.5466193886654759
ergo_adaptive,gt,2633,219.33333333333337,0.5473629187542899
ergo_adaptive,gt,2634,219.41666666666663,0.5480913554898642
ergo_adaptive,gt,2635,219.5,0.5487610260253761
ergo_adaptive,gt,2636,219.58333333333337,0.5493847815511125
ergo_adaptive,gt,2637,219.66666666666663,0.5500246174068624
ergo_adaptive,gt,2638,219.75,0.5506981209963345
ergo_adaptive,gt,2639,219.83333333333337,0.5513294521766905
ergo_adaptive,gt,2640,219.91666666666663,0.5518766300270652
ergo_adaptive,gt,2641,220.0,0.5524852266559732
ergo_adaptive,gt,2642,220.08333333333337,0.553190084186782
ergo_adaptive,gt,2643,220.16666666666663,0.5539076352951602
ergo_adaptive,gt,2644,220.25,0.5545671142983324
ergo_adaptive,gt,2645,220.33333333333337,0.5551344305341868
ergo_adaptive,gt,2646,220.41666666666663,0.5556573963372617
ergo_adaptive,gt,2647,220.5,0.5562413063669632
ergo_adaptive,gt,2648,220.58333333333337,0.5568527602866087
ergo_adaptive,gt,2649,220.66666666666663,0.5573643541387824
ergo_adaptive,gt,2650,220.75,0.5578042322722843
ergo_adaptive,gt,2651,220.83333333333337,0.5583831292515639
ergo_adaptive,gt,2652,220.91666666666663,0.5590541833131039
ergo_adaptive,gt,2653,221.0,0.5596849271906986
ergo_adaptive,gt,2654,221.08333333333337,0.5602346238498713
ergo_adaptive,gt,2655,221.16666666666663,0.5607847425052255
ergo_adaptive,gt,2656,221.25,0.5613785851128535
ergo_adaptive,gt,2657,221.33333333333337,0.5619715797991546
ergo_adaptive,gt,2658,221.41666666666663,0.5625106945954048
ergo_adaptive,gt,2659,221.5,0.5630059184695521
ergo_adaptive,gt,2660,221.58333333333337,0.5635099842036593
ergo_adaptive,gt,2661,221.66666666666663,0.5640317790409964
ergo_adaptive,gt,2662,221.75,0.5645112555560807
ergo_adaptive,gt,2663,221.83333333333337,0.5649064070499709
ergo_adaptive,gt,2664,221.91666666666663,0.5653089258517061
ergo_adaptive,gt,2665,222.0,0.5657871155465044
ergo_adaptive,gt,2666,222.08333333333337,0.566257277470885
ergo_adaptive,gt,2667,222.16666666666663,0.5665955812032073
ergo_adaptive,gt,2668,222.25,0.5669033971056652
ergo_adaptive,gt,2669,222.33333333333337,0.5673464051057565
ergo_adaptive,gt,2670,222.41666666666663,0.5678302162731638
ergo_adaptive,gt,2671,222.5,0.568204844809789
ergo_adaptive,gt,2672,222.58333333333337,0.5684675347449891
ergo_adaptive,gt,2673,222.66666666666663,0.568837080785623
ergo_adaptive,gt,2674,222.75,0.5692833012330232
ergo_adaptive,gt,2675,222.83333333333337,0.5696709439145227
ergo_adaptive,gt,2676,222.91666666666663,0.5699333483662067
ergo_adaptive,gt,2677,223.0,0.570226512604935
ergo_adaptive,gt,2678,223.08333333333337,0.5706113764672753
ergo_adaptive,gt,2679,223.16666666666663,0.5709875366839158
ergo_adaptive,gt,2680,223.25,0.5712542850682698
ergo_adaptive,gt,2681,223.33333333333337,0.5714923549979813
ergo_adaptive,gt,2682,223.41666666666663,0.5718258411723648
ergo_adaptive,gt,2683,223.5,0.5721938333944203
ergo_adaptive,gt,2684,223.58333333333337,0.5724776160287962
ergo_adaptive,gt,2685,223.66666666666663,0.5726782363834065
ergo_adaptive,gt,2686,223.75,0.5729702020253327
ergo_adaptive,gt,2687,223.83333333333337,0.5733382502250661
ergo_adaptive,gt,2688,223.91666666666663,0.5736560434451157
ergo_adaptive,gt,2689,224.0,0.5738373116210639
ergo_adaptive,gt,2690,224.08333333333337,0.5740900103466118
ergo_adaptive,gt,2691,224.16666666666663,0.5744627198034896
ergo_adaptive,gt,2692,224.25,0.5748351016065346
ergo_adaptive,gt,2693,224.33333333333337,0.5751155330408458
ergo_adaptive,gt,2694,224.41666666666663,0.5753820364389268
ergo_adaptive,gt,2695,224.5,0.5757185544889145
ergo_adaptive,gt,2696,224.58333333333337,0.5760849943627746
ergo_adaptive,gt,2697,224.66666666666663,0.5764176971751594
ergo_adaptive,gt,2698,224.75,0.5766858173740682
ergo_adaptive,gt,2699,224.83333333333337,0.5768939238310542
ergo_adaptive,gt,2700,224.91666666666663,0.5771213280859027
ergo_adaptive,gt,2701,225.0,0.577420244250706
ergo_adaptive,gt,2702,225.08333333333337,0.5777555199178959
ergo_adaptive,gt,2703,225.16666666666663,0.5780831453056978
ergo_adaptive,gt,2704,225.25,0.578358529418895
ergo_adaptive,gt,2705,225.33333333333337,0.578550129055365
ergo_adaptive,gt,2706,225.41666666666663,0.578758393296373
ergo_adaptive,gt,2707,225.5,0.579066640715853
ergo_adaptive,gt,2708,225.58333333333337,0.5793912829616582
ergo_adaptive,gt,2709,225.66666666666663,0.5796034259011787
ergo_adaptive,gt,2710,225.75,0.5797858129951756
ergo_adaptive,gt,2711,225.83333333333337,0.5801095159287971
ergo_adaptive,gt,2712,225.91666666666663,0.5804876345260063
ergo_adaptive,gt,2713,226.0,0.5807734882354378
ergo_adaptive,gt,2714,226.08333333333337,0.58094773191445
ergo_adaptive,gt,2715,226.16666666666663,0.5812400207194826
ergo_adaptive,gt,2716,226.25,0.5816249151146928
ergo_adaptive,gt,2717,226.33333333333337,0.5819642411501786
ergo_adaptive,gt,2718,226.41666666666663,0.5821855336431869
ergo_adaptive,gt,2719,226.5,0.582442045854211
ergo_adaptive,gt,2720,226.58333333333337,0.5827993963442798
ergo_adaptive,gt,2721,226.66666666666663,0.5831605061933286
ergo_adaptive,gt,2722,226.75,0.5834354090150244
ergo_adaptive,gt,2723,226.83333333333337,0.5836826053026024
ergo_adaptive,gt,2724,226.91666666666663,0.5839973285147751
ergo_adaptive,gt,2725,227.0,0.5843450750684809
ergo_adaptive,gt,2726,227.08333333333337,0.5846449448227885
ergo_adaptive,gt,2727,227.16666666666663,0.5848964672048258
ergo_adaptive,gt,2728,227.25,0.5851744407045006
ergo_adaptive,gt,2729,227.33333333333337,0.5854918027253236
ergo_adaptive,gt,2730,227.41666666666663,0.5857919921594505
ergo_adaptive,gt,2731,227.5,0.5860455968478208
ergo_adaptive,gt,2732,227.58333333333337,0.5862963529462649
ergo_adaptive,gt,2733,227.66666666666663,0.5865800982665087
ergo_adaptive,gt,2734,227.75,0.5868672460738219
ergo_adaptive,gt,2735,227.83333333333337,0.5871164499455614
ergo_adaptive,gt,2736,227.91666666666663,0.5873446555007584
ergo_adaptive,gt,2737,228.0,0.5875961353090006
ergo_adaptive,gt,2738,228.08333333333337,0.5878653893910514
ergo_adaptive,gt,2739,228.16666666666663,0.5881073041740859
ergo_adaptive,gt,2740,228.25,0.58831441743054
ergo_adaptive,gt,2741,228.33333333333337,0.5885335797645191
ergo_adaptive,gt,2742,228.41666666666663,0.5887833957428666
ergo_adaptive,gt,2743,228.5,0.5890196067791095
ergo_adaptive,gt,2744,228.58333333333337,0.5892083849824438
ergo_adaptive,gt,2745,228.66666666666663,0.5893954582036768
ergo_adaptive,gt,2746,228.75,0.58962778809092
ergo_adaptive,gt,2747,228.83333333333337,0.5898682912050034
ergo_adaptive,gt,2748,228.91666666666663,0.5900582001294011
ergo_adaptive,gt,2749,229.0,0.590225039627583
ergo_adaptive,gt,2750,229.08333333333337,0.5904403685505935
ergo_adaptive,gt,2751,229.16666666666663,0.590687450735113
ergo_adaptive,gt,2752,229.25,0.5908958179689635
ergo_adaptive,gt,2753,229.33333333333337,0.5910600438020571
ergo_adaptive,gt,2754,229.41666666666663,0.5912578808409279
ergo_adaptive,gt,2755,229.5,0.5915042241004034
ergo_adaptive,gt,2756,229.58333333333337,0.5917338250628211
ergo_adaptive,gt,2757,229.66666666666663,0.591910047982761
ergo_adaptive,gt,2758,229.75,0.5920943914637989
ergo_adaptive,gt,2759,229.83333333333337,0.5923322981825131
ergo_adaptive,gt,2760,229.91666666666663,0.5925772392226999
ergo_adaptive,gt,2761,230.0,0.5927716495337582
ergo_adaptive,gt,2762,230.08333333333337,0.5929471701065357
ergo_adaptive,gt,2763,230.16666666666663,0.5931697772332304
ergo_adaptive,gt,2764,230.25,0.5934202056780356
ergo_adaptive,gt,2765,230.33333333333337,0.5936301064292133
ergo_adaptive,gt,2766,230.41666666666663,0.5937955402489627
ergo_adaptive,gt,2767,230.5,0.5939264691382892
ergo_adaptive,gt,2768,230.58333333333337,0.593984057795316
ergo_adaptive,gt,2769,230.66666666666663,0.5939459376707619
ergo_adaptive,gt,2770,230.75,0.5938076777935
ergo_adaptive,gt,2771,230.83333333333337,0.5935894743706159
ergo_adaptive,gt,2772,230.91666666666663,0.5933164445845617
ergo_adaptive,gt,2773,231.0,0.5930087357782607
ergo_adaptive,gt,2774,231.08333333333337,0.5926804721432953
ergo_adaptive,gt,2775,231.16666666666663,0.5923411051759371
ergo_adaptive,gt,2776,231.25,0.5919968396045032
ergo_adaptive,gt,2777,231.33333333333337,0.5916516923213406
ergo_adaptive,gt,2778,231.41666666666663,0.5913082143988371
ergo_adaptive,gt,2779,231.5,0.590967973960317
ergo_adaptive,gt,2780,231.58333333333337,0.5906318799378348
ergo_adaptive,gt,2781,231.66666666666663,0.5903004011122346
ergo_adaptive,gt,2782,231.75,0.589973715642918
ergo_adaptive,gt,2783,231.83333333333337,0.5896518137612562
ergo_adaptive,gt,2784,231.91666666666663,0.589334568417491
ergo_adaptive,gt,2785,232.0,0.5890217837198535
ergo_adaptive,gt,2786,232.08333333333337,0.5887132278482414
ergo_adaptive,gt,2787,232.16666666666663,0.5884086550658335
ergo_adaptive,gt,2788,232.25,0.5881078200743495
ergo_adaptive,gt,2789,232.33333333333337,0.5878104870144304
ergo_adaptive,gt,2790,232.41666666666663,0.5875164347521948
ergo_adaptive,gt,2791,232.5,0.5872254596239834
ergo_adaptive,gt,2792,232.58333333333337,0.5869373764747209
ergo_adaptive,gt,2793,232.66666666666663,0.5866520185823826
ergo_adaptive,gt,2794,232.75,0.5863692368853493
ergo_adaptive,gt,2795,232.83333333333337,0.5860888988024827
ergo_adaptive,gt,2796,232.91666666666663,0.5858108868443572
ergo_adaptive,gt,2797,233.0,0.5855350971486574
ergo_adaptive,gt,2798,233.08333333333337,0.5852614380262763
ergo_adaptive,gt,2799,233.16666666666663,0.5849898285719839
ergo_adaptive,gt,2800,233.25,0.5847201973708437
ergo_adaptive,gt,2801,233.33333333333337,0.5844524813160873
ergo_adaptive,gt,2802,233.41666666666663,0.5841866245438146
ergo_adaptive,gt,2803,233.5,0.583922577483201
ergo_adaptive,gt,2804,233.58333333333337,0.5836602960167631
ergo_adaptive,gt,2805,233.66666666666663,0.5833997407428687
ergo_adaptive,gt,2806,233.75,0.5831408763315132
ergo_adaptive,gt,2807,233.83333333333337,0.5828836709640198
ergo_adaptive,gt,2808,233.91666666666663,0.5826280958474699
ergo_adaptive,gt,2809,234.0,0.582374124795131
ergo_adaptive,gt,2810,234.08333333333337,0.5821217338647897
ergo_adaptive,gt,2811,234.16666666666663,0.581870901047623
ergo_adaptive,gt,2812,234.25,0.5816216060009844
ergo_adaptive,gt,2813,234.33333333333337,0.5813738298192228
ergo_adaptive,gt,2814,234.41666666666663,0.5811275548373342
ergo_adaptive,gt,2815,234.5,0.5808827644628969
ergo_adaptive,gt,2816,234.58333333333337,0.5806394430323152
ergo_adaptive,gt,2817,234.66666666666663,0.5803975756879264
ergo_adaptive,gt,2818,234.75,0.580157148272983
ergo_adaptive,gt,2819,234.83333333333337,0.5799181472419348
ergo_adaptive,gt,2820,234.91666666666663,0.5796805595837929
ergo_adaptive,gt,2821,235.0,0.579444372756671
ergo_adaptive,gt,2822,235.08333333333337,0.579209574631867
ergo_adaptive,gt,2823,235.16666666666663,0.5789761534460849
ergo_adaptive,gt,2824,235.25,0.578744097760601
ergo_adaptive,gt,2825,235.33333333333337,0.5785133964263465
ergo_adaptive,gt,2826,235.41666666666663,0.5782840385540351
ergo_adaptive,gt,2827,235.5,0.5780560134885865
ergo_adaptive,gt,2828,235.58333333333337,0.5778293107872102
ergo_adaptive,gt,2829,235.66666666666663,0.5776039202006075
ergo_adaptive,gt,2830,235.75,0.5773798316568267
ergo_adaptive,gt,2831,235.83333333333337,0.5771570352473813
ergo_adaptive,gt,2832,235.91666666666663,0.5769355212152908
ergo_adaptive,gt,2833,236.0,0.5767152799447633
ergo_adaptive,gt,2834,236.08333333333337,0.5764963019522732
ergo_adaptive,gt,2835,236.16666666666663,0.5762785778788291
ergo_adaptive,gt,2836,236.25,0.5760620984832548
ergo_adaptive,gt,2837,236.33333333333337,0.5758468546363346
ergo_adaptive,gt,2838,236.41666666666663,0.5756328373156938
ergo_adaptive,gt,2839,236.5,0.5754200376013086
ergo_adaptive,gt,2840,236.58333333333337,0.5752084466715504
ergo_adaptive,gt,2841,236.66666666666663,0.5749980557996879
ergo_adaptive,gt,2842,236.75,0.57478885635078
ergo_adaptive,gt,2843,236.83333333333337,0.5745808397789025
ergo_adaptive,gt,2844,236.91666666666663,0.5743739976246591
ergo_adaptive,gt,2845,237.0,0.5741683215129387
ergo_adaptive,gt,2846,237.08333333333337,0.5739638031508819
ergo_adaptive,gt,2847,237.16666666666663,0.5737604343260257
ergo_adaptive,gt,2848,237.25,0.5735582069046047
ergo_adaptive,gt,2849,237.33333333333337,0.5733571128299844
ergo_adaptive,gt,2850,237.41666666666663,0.5731571441212087
ergo_adaptive,gt,2851,237.5,0.572958292871648
ergo_adaptive,gt,2852,237.58333333333337,0.572760551247731
ergo_adaptive,gt,2853,237.66666666666663,0.5725639114877525
ergo_adaptive,gt,2854,237.75,0.5723683659007456
ergo_adaptive,gt,2855,237.83333333333337,0.5721739068654093
ergo_adaptive,gt,2856,237.91666666666663,0.571980526829088
ergo_adaptive,gt,2857,238.0,0.5717882183067918
ergo_adaptive,gt,2858,238.08333333333337,0.571596973880257
ergo_adaptive,gt,2859,238.16666666666663,0.57140678619704
ergo_adaptive,gt,2860,238.25,0.5712176479696415
ergo_adaptive,gt,2861,238.33333333333337,0.5710295519746575
ergo_adaptive,gt,2862,238.41666666666663,0.5708424910519551
ergo_adaptive,gt,2863,238.5,0.5706564581038693
ergo_adaptive,gt,2864,238.58333333333337,0.5704714460944217
ergo_adaptive,gt,2865,238.66666666666663,0.5702874480485524
ergo_adaptive,gt,2866,238.75,0.5701044570513842
ergo_adaptive,gt,2867,238.83333333333337,0.5699224662474119
ergo_adaptive,gt,2868,238.91666666666663,0.5697414688406767
ergo_adaptive,gt,2869,239.0,0.5695614580718094
ergo_adaptive,gt,2870,239.08333333333337,0.5694089769326971
ergo_adaptive,gt,2871,239.16666666666663,0.5692934704220922
ergo_adaptive,gt,2872,239.25,0.5692161424562421
ergo_adaptive,gt,2873,239.33333333333337,0.5692058578560202
ergo_adaptive,gt,2874,239.41666666666663,0.569252731109791
ergo_adaptive,gt,2875,239.5,0.5692956089544372
ergo_adaptive,gt,2876,239.58333333333337,0.5692910418296626
ergo_adaptive,gt,2877,239.66666666666663,0.5692319697796095
ergo_adaptive,gt,2878,239.75,0.5691323850113073
ergo_adaptive,gt,2879,239.83333333333337,0.5690090926273369
ergo_adaptive,gt,2880,239.91666666666663,0.5688918907711841
ergo_adaptive,gt,2881,240.0,0.5687494757004339
ergo_adaptive,gt,2882,240.08333333333337,0.5686069089854957
ergo_adaptive,gt,2883,240.16666666666663,0.5684433388779748
ergo_adaptive,gt,2884,240.25,0.5682742770919259
ergo_adaptive,gt,2885,240.33333333333337,0.5681042601192822
ergo_adaptive,gt,2886,240.41666666666663,0.5679350977268258
ergo_adaptive,gt,2887,240.5,0.5677675749185703
ergo_adaptive,gt,2888,240.58333333333337,0.5676020149645783
ergo_adaptive,gt,2889,240.66666666666663,0.5674385011709767
ergo_adaptive,gt,2890,240.75,0.5672769766933318
ergo_adaptive,gt,2891,240.83333333333337,0.5671172938600433
ergo_adaptive,gt,2892,240.91666666666663,0.566959239673119
ergo_adaptive,gt,2893,241.0,0.566802549485935
ergo_adaptive,gt,2894,241.08333333333337,0.5666469255947125
ergo_adaptive,gt,2895,241.16666666666663,0.5665032760184897
ergo_adaptive,gt,2896,241.25,0.5663472458968468
ergo_adaptive,gt,2897,241.33333333333337,0.566193847807095
ergo_adaptive,gt,2898,241.41666666666663,0.5660337936388422
ergo_adaptive,gt,2899,241.5,0.5658719519440268
ergo_adaptive,gt,2900,241.58333333333337,0.5657094162609861
ergo_adaptive,gt,2901,241.66666666666663,0.5655464743711314
ergo_adaptive,gt,2902,241.75,0.5653831521853091
ergo_adaptive,gt,2903,241.83333333333337,0.5652193526362227
ergo_adaptive,gt,2904,241.91666666666663,0.5650549059948192
ergo_adaptive,gt,2905,242.0,0.5648895949177487
ergo_adaptive,gt,2906,242.08333333333337,0.5647231719389675
ergo_adaptive,gt,2907,242.16666666666663,0.5645553778403742
ergo_adaptive,gt,2908,242.25,0.564385969284147
ergo_adaptive,gt,2909,242.33333333333337,0.5642147698218835
ergo_adaptive,gt,2910,242.41666666666663,0.5640729305432338
ergo_adaptive,gt,2911,242.5,0.5639129162039979
ergo_adaptive,gt,2912,242.58333333333337,0.5637442330193486
ergo_adaptive,gt,2913,242.66666666666663,0.5635753058823331
ergo_adaptive,gt,2914,242.75,0.5634064438181013
ergo_adaptive,gt,2915,242.83333333333337,0.5632384571963212
ergo_adaptive,gt,2916,242.91666666666663,0.5630729959863613
ergo_adaptive,gt,2917,243.0,0.5629438851072386
ergo_adaptive,gt,2918,243.08333333333337,0.5627960655104746
ergo_adaptive,gt,2919,243.16666666666663,0.5626455408813911
ergo_adaptive,gt,2920,243.25,0.5624947891943431
ergo_adaptive,gt,2921,243.33333333333337,0.5623447162322122
ergo_adaptive,gt,2922,243.41666666666663,0.5621958007517582
ergo_adaptive,gt,2923,243.5,0.5620483501665874
ergo_adaptive,gt,2924,243.58333333333337,0.5619025932770402
ergo_adaptive,gt,2925,243.66666666666663,0.5617587256794159
ergo_adaptive,gt,2926,243.75,0.5616169378103096
ergo_adaptive,gt,2927,243.83333333333337,0.5614774358281774
ergo_adaptive,gt,2928,243.91666666666663,0.561340460130755
ergo_adaptive,gt,2929,244.0,0.5612063053035736
ergo_adaptive,gt,2930,244.08333333333337,0.561075347216111
ergo_adaptive,gt,2931,244.16666666666663,0.560948092123674
ergo_adaptive,gt,2932,244.25,0.5608253232805357
ergo_adaptive,gt,2933,244.33333333333337,0.5607687011278315
ergo_adaptive,gt,2934,244.41666666666663,0.5606654869851386
ergo_adaptive,gt,2935,244.5,0.5605732860161736
ergo_adaptive,gt,2936,244.58333333333337,0.560467210627795
ergo_adaptive,gt,2937,244.66666666666663,0.5603577835469015
ergo_adaptive,gt,2938,244.75,0.5602480216138114
ergo_adaptive,gt,2939,244.83333333333337,0.5601395110839242
ergo_adaptive,gt,2940,244.91666666666663,0.5600332762729374
ergo_adaptive,gt,2941,245.0,0.5599300917577829
ergo_adaptive,gt,2942,245.08333333333337,0.5598306361273171
ergo_adaptive,gt,2943,245.16666666666663,0.5597355982635736
ergo_adaptive,gt,2944,245.25,0.5596457884174592
ergo_adaptive,gt,2945,245.33333333333337,0.5595623047126997
ergo_adaptive,gt,2946,245.41666666666663,0.5594866782425028
ergo_adaptive,gt,2947,245.5,0.5594256456518664
ergo_adaptive,gt,2948,245.58333333333337,0.5593439199430311
ergo_adaptive,gt,2949,245.66666666666663,0.5592435371268863
ergo_adaptive,gt,2950,245.75,0.5591448337586554
ergo_adaptive,gt,2951,245.83333333333337,0.5590467860466082
ergo_adaptive,gt,2952,245.91666666666663,0.5589487956059233
ergo_adaptive,gt,2953,246.0,0.5588504153220686
ergo_adaptive,gt,2954,246.08333333333337,0.5587512068481209
ergo_adaptive,gt,2955,246.16666666666663,0.5586506434463049
ergo_adaptive,gt,2956,246.25,0.5585480254829056
ergo_adaptive,gt,2957,246.33333333333337,0.5584423951293148
ergo_adaptive,gt,2958,246.41666666666663,0.558332463896813
ergo_adaptive,gt,2959,246.5,0.5582166324005206
ergo_adaptive,gt,2960,246.58333333333337,0.5580932739810756
ergo_adaptive,gt,2961,246.66666666666663,0.5579613121811887
ergo_adaptive,gt,2962,246.75,0.5578204943980422
ergo_adaptive,gt,2963,246.83333333333337,0.5576710934606421
ergo_adaptive,gt,2964,246.91666666666663,0.5575364047479638
ergo_adaptive,gt,2965,247.0,0.5573918876935988
ergo_adaptive,gt,2966,247.08333333333337,0.557241361136112
ergo_adaptive,gt,2967,247.16666666666663,0.5570866020716754
ergo_adaptive,gt,2968,247.25,0.5569292909581008
ergo_adaptive,gt,2969,247.33333333333337,0.5567706822553363
ergo_adaptive,gt,2970,247.41666666666663,0.5566119662983781
ergo_adaptive,gt,2971,247.5,0.5564545849197027
ergo_adaptive,gt,2972,247.58333333333337,0.5562998941848212
ergo_adaptive,gt,2973,247.66666666666663,0.5561492074021787
ergo_adaptive,gt,2974,247.75,0.556003969045627
ergo_adaptive,gt,2975,247.83333333333337,0.5558646773361006
ergo_adaptive,gt,2976,247.91666666666663,0.5557313131945466
ergo_adaptive,gt,2977,248.0,0.5556038970061109
ergo_adaptive,gt,2978,248.08333333333337,0.5554824429356515
ergo_adaptive,gt,2979,248.16666666666663,0.5553669231525745
ergo_adaptive,gt,2980,248.25,0.5552572545779312
ergo_adaptive,gt,2981,248.33333333333337,0.5551533006222433
ergo_adaptive,gt,2982,248.41666666666663,0.5550548802575649
ergo_adaptive,gt,2983,248.5,0.5549617792950619
ergo_adaptive,gt,2984,248.58333333333337,0.5548737609731156
ergo_adaptive,gt,2985,248.66666666666663,0.5547905745258369
ergo_adaptive,gt,2986,248.75,0.5547119613613877
ergo_adaptive,gt,2987,248.83333333333337,0.5546376589897984
ergo_adaptive,gt,2988,248.91666666666663,0.554567403059313
ergo_adaptive,gt,2989,249.0,0.5545009279128361
ergo_adaptive,gt,2990,249.08333333333337,0.5544379660454268
ergo_adaptive,gt,2991,249.16666666666663,0.554378246780704
ergo_adaptive,gt,2992,249.25,0.5543214944168305
ergo_adaptive,gt,2993,249.33333333333337,0.5542663190242744
ergo_adaptive,gt,2994,249.41666666666663,0.5542117324484883
ergo_adaptive,gt,2995,249.5,0.5541575678592053
ergo_adaptive,gt,2996,249.58333333333337,0.5541039465836504
ergo_adaptive,gt,2997,249.66666666666663,0.5540510569223573
ergo_adaptive,gt,2998,249.75,0.5539990706173646
ergo_adaptive,gt,2999,249.83333333333337,0.5539481125283378
ergo_adaptive,gt,3000,249.91666666666663,0.553898247732443
ergo_adaptive,gt,3001,250.0,0.5538494715972432
ergo_adaptive,gt,3002,250.08333333333337,0.5538016969320155
ergo_adaptive,gt,3003,250.16666666666663,0.5537547360564256
ergo_adaptive,gt,3004,250.25,0.5537082794497326
ergo_adaptive,gt,3005,250.33333333333337,0.5536618853188677
ergo_adaptive,gt,3006,250.41666666666663,0.5536247279612697
ergo_adaptive,gt,3007,250.5,0.5535783947669416
ergo_adaptive,gt,3008,250.58333333333337,0.5535359929256979
ergo_adaptive,gt,3009,250.66666666666663,0.5534742007827684
ergo_adaptive,gt,3010,250.75,0.5534039107434572
ergo_adaptive,gt,3011,250.83333333333337,0.5533293188490296
ergo_adaptive,gt,3012,250.91666666666663,0.5532520933853142
ergo_adaptive,gt,3013,251.0,0.5531728591249704
ergo_adaptive,gt,3014,251.08333333333337,0.5530917933452107
ergo_adaptive,gt,3015,251.16666666666663,0.5530088480616379
ergo_adaptive,gt,3016,251.25,0.5529238431268396
ergo_adaptive,gt,3017,251.33333333333337,0.5528365134894584
ergo_adaptive,gt,3018,251.41666666666663,0.5527465363181415
ergo_adaptive,gt,3019,251.5,0.5526535493857982
ergo_adaptive,gt,3020,251.58333333333337,0.5525571665546121
ergo_adaptive,gt,3021,251.66666666666663,0.5524569939727432
ergo_adaptive,gt,3022,251.75,0.5523526497145065
ergo_adaptive,gt,3023,251.83333333333337,0.5522437892782692
ergo_adaptive,gt,3024,251.91666666666663,0.552130139261909
ergo_adaptive,gt,3025,252.0,0.5520115415652604
ergo_adaptive,gt,3026,252.08333333333337,0.551888010733481
ergo_adaptive,gt,3027,252.16666666666663,0.551759807756169
ergo_adaptive,gt,3028,252.25,0.55162753434747
ergo_adaptive,gt,3029,252.33333333333337,0.5514922496272417
ergo_adaptive,gt,3030,252.41666666666663,0.5513557730008126
ergo_adaptive,gt,3031,252.5,0.5512206159093642
ergo_adaptive,gt,3032,252.58333333333337,0.5510893732217225
ergo_adaptive,gt,3033,252.66666666666663,0.5509694128344989
ergo_adaptive,gt,3034,252.75,0.5508638004414592
ergo_adaptive,gt,3035,252.83333333333337,0.5507616563814587
ergo_adaptive,gt,3036,252.91666666666663,0.5506579460850645
ergo_adaptive,gt,3037,253.0,0.5505585629513629
ergo_adaptive,gt,3038,253.08333333333337,0.5504608093772312
ergo_adaptive,gt,3039,253.16666666666663,0.550366452888768
ergo_adaptive,gt,3040,253.25,0.5502747791073664
ergo_adaptive,gt,3041,253.33333333333337,0.550186106514461
ergo_adaptive,gt,3042,253.41666666666663,0.5501002117288254
ergo_adaptive,gt,3043,253.5,0.5500170745406531
ergo_adaptive,gt,3044,253.58333333333337,0.5499366007693546
ergo_adaptive,gt,3045,253.66666666666663,0.5498587626114884
ergo_adaptive,gt,3046,253.75,0.5497835706029254
ergo_adaptive,gt,3047,253.83333333333337,0.5497111130998871
ergo_adaptive,gt,3048,253.91666666666663,0.549641582219878
ergo_adaptive,gt,3049,254.0,0.5495753320954986
ergo_adaptive,gt,3050,254.08333333333337,0.5495129933570264
ergo_adaptive,gt,3051,254.16666666666663,0.5494557792354436
ergo_adaptive,gt,3052,254.25,0.549407076898708
ergo_adaptive,gt,3053,254.33333333333337,0.549364577908738
ergo_adaptive,gt,3054,254.41666666666663,0.5493362450926756
ergo_adaptive,gt,3055,254.5,0.5493516350772576
ergo_adaptive,gt,3056,254.58333333333337,0.5493435914913574
ergo_adaptive,gt,3057,254.66666666666663,0.5493220867338857
ergo_adaptive,gt,3058,254.75,0.5492935782376758
ergo_adaptive,gt,3059,254.83333333333337,0.5492626193603778
ergo_adaptive,gt,3060,254.91666666666663,0.5492327258787314
ergo_adaptive,gt,3061,255.0,0.549206894053766
ergo_adaptive,gt,3062,255.08333333333337,0.5491879527054897
ergo_adaptive,gt,3063,255.16666666666663,0.5491788398061392
ergo_adaptive,gt,3064,255.25,0.5491828318697589
ergo_adaptive,gt,3065,255.33333333333337,0.549203637277682
ergo_adaptive,gt,3066,255.41666666666663,0.549244937919954
ergo_adaptive,gt,3067,255.5,0.5493084691566892
ergo_adaptive,gt,3068,255.58333333333337,0.5493906454414326
ergo_adaptive,gt,3069,255.66666666666663,0.5494811232707427
ergo_adaptive,gt,3070,255.75,0.54956601194627
ergo_adaptive,gt,3071,255.83333333333337,0.5496329776712753
ergo_adaptive,gt,3072,255.91666666666663,0.5496750895839313
ergo_adaptive,gt,3073,256.0,0.5496925631600019
ergo_adaptive,gt,3074,256.08333333333337,0.5496919974091558
ergo_adaptive,gt,3075,256.16666666666663,0.5496831249187843
ergo_adaptive,gt,3076,256.25,0.5496713060094497
ergo_adaptive,gt,3077,256.33333333333337,0.5496501575614776
ergo_adaptive,gt,3078,256.41666666666663,0.5496163470262158
ergo_adaptive,gt,3079,256.5,0.5495713483568766
ergo_adaptive,gt,3080,256.58333333333337,0.5495181850838952
ergo_adaptive,gt,3081,256.66666666666663,0.5494598301027913
ergo_adaptive,gt,3082,256.75,0.5493986884737702
ergo_adaptive,gt,3083,256.83333333333337,0.5493365517483989
ergo_adaptive,gt,3084,256.91666666666663,0.5492747026119086
ergo_adaptive,gt,3085,257.0,0.5492140427116037
ergo_adaptive,gt,3086,257.08333333333337,0.5491552036038986
ergo_adaptive,gt,3087,257.16666666666663,0.5490986330443193
ergo_adaptive,gt,3088,257.25,0.5490446589970188
ergo_adaptive,gt,3089,257.33333333333337,0.5489935359692399
ergo_adaptive,gt,3090,257.41666666666663,0.5489454779754006
ergo_adaptive,gt,3091,257.5,0.5489006814911328
ergo_adaptive,gt,3092,257.58333333333337,0.5488593407665907
ergo_adaptive,gt,3093,257.66666666666663,0.5488216569772032
ergo_adaptive,gt,3094,257.75,0.5487878419009828
ergo_adaptive,gt,3095,257.83333333333337,0.5487581160980955
ergo_adaptive,gt,3096,257.91666666666663,0.5487327009343046
ergo_adaptive,gt,3097,258.0,0.548711803323936
ergo_adaptive,gt,3098,258.08333333333337,0.5486955920096683
ergo_adaptive,gt,3099,258.16666666666663,0.548684164975439
ergo_adaptive,gt,3100,258.25,0.5486775097114551
ergo_adaptive,gt,3101,258.33333333333337,0.5486754616342732
ergo_adaptive,gt,3102,258.41666666666663,0.5486776699316442
ergo_adaptive,gt,3103,258.5,0.5486835818101572
ergo_adaptive,gt,3104,258.58333333333337,0.5486924528594761
ergo_adaptive,gt,3105,258.66666666666663,0.5487033833706887
ergo_adaptive,gt,3106,258.75,0.5487153725014876
ergo_adaptive,gt,3107,258.83333333333337,0.5487273790800897
ergo_adaptive,gt,3108,258.91666666666663,0.5487383801847694
ergo_adaptive,gt,3109,259.0,0.5487474231674501
ergo_adaptive,gt,3110,259.08333333333337,0.5487536704371353
ergo_adaptive,gt,3111,259.16666666666663,0.5487564382838466
ergo_adaptive,gt,3112,259.25,0.5487552318998623
ergo_adaptive,gt,3113,259.33333333333337,0.5487497792212556
ergo_adaptive,gt,3114,259.41666666666663,0.5487400665978466
ergo_adaptive,gt,3115,259.5,0.5487263796490156
ergo_adaptive,gt,3116,259.58333333333337,0.5487093528055544
ergo_adaptive,gt,3117,259.66666666666663,0.5486900305046548
ergo_adaptive,gt,3118,259.75,0.5486699408204337
ergo_adaptive,gt,3119,259.83333333333337,0.5486511768440806
ergo_adaptive,gt,3120,259.91666666666663,0.5486364706829149
ergo_adaptive,gt,3121,260.0,0.5486292305710445
ergo_adaptive,gt,3122,260.08333333333337,0.5486312503250877
ergo_adaptive,gt,3123,260.16666666666663,0.5486380092363208
ergo_adaptive,gt,3124,260.25,0.5486462774598225
ergo_adaptive,gt,3125,260.33333333333337,0.5486556718994821
ergo_adaptive,gt,3126,260.41666666666663,0.5486673951162152
ergo_adaptive,gt,3127,260.5,0.5486837193964723
ergo_adaptive,gt,3128,260.58333333333337,0.5487078648803401
ergo_adaptive,gt,3129,260.66666666666663,0.5487441211087861
ergo_adaptive,gt,3130,260.75,0.5487981052570671
ergo_adaptive,gt,3131,260.83333333333337,0.5488770659283124
ergo_adaptive,gt,3132,260.91666666666663,0.5489903037046256
ergo_adaptive,gt,3133,261.0,0.5491503613217816
ergo_adaptive,gt,3134,261.08333333333337,0.5493765215206687
ergo_adaptive,gt,3135,261.16666666666663,0.5496998374803117
ergo_adaptive,gt,3136,261.25,0.5501555189812404
ergo_adaptive,gt,3137,261.33333333333337,0.550756730514749
ergo_adaptive,gt,3138,261.41666666666663,0.5514621183131074
ergo_adaptive,gt,3139,261.5,0.5521822739224083
ergo_adaptive,gt,3140,261.58333333333337,0.5528664196918034
ergo_adaptive,gt,3141,261.66666666666663,0.5535512282902312
ergo_adaptive,gt,3142,261.75,0.5542772772346717
ergo_adaptive,gt,3143,261.83333333333337,0.5547993239535861
ergo_adaptive,gt,3144,261.91666666666663,0.5550809233736828
ergo_adaptive,gt,3145,262.0,0.5551748160840084
ergo_adaptive,gt,3146,262.08333333333337,0.5552028736695915
ergo_adaptive,gt,3147,262.16666666666663,0.5551897079099213
ergo_adaptive,gt,3148,262.25,0.5551513639929962
ergo_adaptive,gt,3149,262.33333333333337,0.5550976188388521
ergo_adaptive,gt,3150,262.41666666666663,0.5550346242137396
ergo_adaptive,gt,3151,262.5,0.5549663334933822
ergo_adaptive,gt,3152,262.58333333333337,0.5548953114161043
ergo_adaptive,gt,3153,262.66666666666663,0.554823219350064
ergo_adaptive,gt,3154,262.75,0.5547511194684389
ergo_adaptive,gt,3155,262.83333333333337,0.5546796721959671
ergo_adaptive,gt,3156,262.91666666666663,0.5546092677543945
ergo_adaptive,gt,3157,263.0,0.5545401154286173
ergo_adaptive,gt,3158,263.08333333333337,0.554472304877246
ergo_adaptive,gt,3159,263.16666666666663,0.5544058485354293
ergo_adaptive,gt,3160,263.25,0.554340711024715
ergo_adaptive,gt,3161,263.33333333333337,0.5542768295451835
ergo_adaptive,gt,3162,263.41666666666663,0.5542141279796672
ergo_adaptive,gt,3163,263.5,0.5541525266152226
ergo_adaptive,gt,3164,263.58333333333337,0.5540919488275023
ergo_adaptive,gt,3165,263.66666666666663,0.5540323256871209
ergo_adaptive,gt,3166,263.75,0.5539735991767647
ergo_adaptive,gt,3167,263.83333333333337,0.5539157245175094
ergo_adaptive,gt,3168,263.91666666666663,0.5538586719687575
ergo_adaptive,gt,3169,264.0,0.5538024283723516
ergo_adaptive,gt,3170,264.08333333333337,0.5537469986467304
ergo_adaptive,gt,3171,264.16666666666663,0.5536924073938198
ergo_adaptive,gt,3172,264.25,0.553638700754412
ergo_adaptive,gt,3173,264.33333333333337,0.5535859486333912
ergo_adaptive,gt,3174,264.41666666666663,0.5535342474117825
ergo_adaptive,gt,3175,264.5,0.5534837232656207
ergo_adaptive,gt,3176,264.58333333333337,0.5534345362137563
ergo_adaptive,gt,3177,264.66666666666663,0.5533868848633583
ergo_adaptive,gt,3178,264.75,0.5533120876554054
ergo_adaptive,gt,3179,264.83333333333337,0.5532683343416558
ergo_adaptive,gt,3180,264.91666666666663,0.5531975760049639
ergo_adaptive,gt,3181,265.0,0.5531233316012523
ergo_adaptive,gt,3182,265.08333333333337,0.5530517271454426
ergo_adaptive,gt,3183,265.16666666666663,0.5529840679383113
ergo_adaptive,gt,3184,265.25,0.552920746831157
ergo_adaptive,gt,3185,265.33333333333337,0.5528619648770569
ergo_adaptive,gt,3186,265.41666666666663,0.5528078210337741
ergo_adaptive,gt,3187,265.5,0.5527565998490327
ergo_adaptive,gt,3188,265.58333333333337,0.5527061882073168
ergo_adaptive,gt,3189,265.66666666666663,0.5526545570546075
ergo_adaptive,gt,3190,265.75,0.5526013196646493
ergo_adaptive,gt,3191,265.83333333333337,0.5525466240529114
ergo_adaptive,gt,3192,265.91666666666663,0.5524907544431485
ergo_adaptive,gt,3193,266.0,0.5524339942151234
ergo_adaptive,gt,3194,266.08333333333337,0.552376585654366
ergo_adaptive,gt,3195,266.16666666666663,0.5523187241399505
ergo_adaptive,gt,3196,266.25,0.5522605633630617
ergo_adaptive,gt,3197,266.33333333333337,0.5522022230293179
ergo_adaptive,gt,3198,266.41666666666663,0.5521437961388274
ergo_adaptive,gt,3199,266.5,0.5520853550427791
ergo_adaptive,gt,3200,266.58333333333337,0.5520269562233479
ergo_adaptive,gt,3201,266.66666666666663,0.5519686439759146
ergo_adaptive,gt,3202,266.75,0.5519104532151647
ergo_adaptive,gt,3203,266.83333333333337,0.5518524116054778
ergo_adaptive,gt,3204,266.91666666666663,0.5517945411787871
ergo_adaptive,gt,3205,267.0,0.5517368595666614
ergo_adaptive,gt,3206,267.08333333333337,0.5516793809428053
ergo_adaptive,gt,3207,267.16666666666663,0.5516221167481343
ergo_adaptive,gt,3208,267.25,0.5515650762522564
ergo_adaptive,gt,3209,267.33333333333337,0.5515082669914497
ergo_adaptive,gt,3210,267.41666666666663,0.5514516951130214
ergo_adaptive,gt,3211,267.5,0.5513953656483743
ergo_adaptive,gt,3212,267.58333333333337,0.55133928273153
ergo_adaptive,gt,3213,267.66666666666663,0.5512834497757357
ergo_adaptive,gt,3214,267.75,0.5512278696177403
ergo_adaptive,gt,3215,267.83333333333337,0.5511725446370681
ergo_adaptive,gt,3216,267.91666666666663,0.5511174768559588
ergo_adaptive,gt,3217,268.0,0.5510626680243974
ergo_adaptive,gt,3218,268.08333333333337,0.551008119693757
ergo_adaptive,gt,3219,268.16666666666663,0.5509538332818965
ergo_adaptive,gt,3220,268.25,0.5508998101320765
ergo_adaptive,gt,3221,268.33333333333337,0.5508460515677085
ergo_adaptive,gt,3222,268.41666666666663,0.5507925589447259
ergo_adaptive,gt,3223,268.5,0.5507393337032258
ergo_adaptive,gt,3224,268.58333333333337,0.5506863774199825
ergo_adaptive,gt,3225,268.66666666666663,0.5506336918634512
ergo_adaptive,gt,3226,268.75,0.5505812790529826
ergo_adaptive,gt,3227,268.83333333333337,0.5505291413241508
ergo_adaptive,gt,3228,268.91666666666663,0.5504772814023644
ergo_adaptive,gt,3229,269.0,0.5504257024873184
ergo_adaptive,gt,3230,269.08333333333337,0.5503744083513527
ergo_adaptive,gt,3231,269.16666666666663,0.5503234034554758
ergo_adaptive,gt,3232,269.25,0.5502726930877098
ergo_adaptive,gt,3233,269.33333333333337,0.5502222835296026
ergo_adaptive,gt,3234,269.41666666666663,0.550172182258324
ergo_adaptive,gt,3235,269.5,0.5501223981938307
ergo_adaptive,gt,3236,269.58333333333337,0.5500729420033431
ergo_adaptive,gt,3237,269.66666666666663,0.550023826479067
ergo_adaptive,gt,3238,269.75,0.5499750670100676
ergo_adaptive,gt,3239,269.83333333333337,0.5499266821759649
ergo_adaptive,gt,3240,269.91666666666663,0.5498786944994034
ergo_adaptive,gt,3241,270.0,0.5498311314071095
ergo_adaptive,gt,3242,270.08333333333337,0.5497840264673711
ergo_adaptive,gt,3243,270.16666666666663,0.549737420997328
ergo_adaptive,gt,3244,270.25,0.5496913661701647
ergo_adaptive,gt,3245,270.33333333333337,0.5496459258057956
ergo_adaptive,gt,3246,270.41666666666663,0.5496011801078785
ergo_adaptive,gt,3247,270.5,0.5495572307295559
ergo_adaptive,gt,3248,270.58333333333337,0.5495142077346198
ergo_adaptive,gt,3249,270.66666666666663,0.5494722793120916
ergo_adaptive,gt,3250,270.75,0.5494316655767618
ergo_adaptive,gt,3251,270.83333333333337,0.5493926585904613
ergo_adaptive,gt,3252,270.91666666666663,0.5493556521583479
ergo_adaptive,gt,3253,271.0,0.5493211876125321
ergo_adaptive,gt,3254,271.08333333333337,0.5492900271328384
ergo_adaptive,gt,3255,271.16666666666663,0.5492632778306108
ergo_adaptive,gt,3256,271.25,0.5492426181757619
ergo_adaptive,gt,3257,271.33333333333337,0.5492307565878727
ergo_adaptive,gt,3258,271.41666666666663,0.5492325045235664
ergo_adaptive,gt,3259,271.5,0.5492578191401872
ergo_adaptive,gt,3260,271.58333333333337,0.5493319295095077
ergo_adaptive,gt,3261,271.66666666666663,0.5495022925265048
ergo_adaptive,gt,3262,271.75,0.5497292884774657
ergo_adaptive,gt,3263,271.83333333333337,0.5500141932455719
ergo_adaptive,gt,3264,271.91666666666663,0.5502788051377843
ergo_adaptive,gt,3265,272.0,0.5505086234249309
ergo_adaptive,gt,3266,272.08333333333337,0.5506781932316261
ergo_adaptive,gt,3267,272.16666666666663,0.5508440344824345
ergo_adaptive,gt,3268,272.25,0.5509558579946231
ergo_adaptive,gt,3269,272.33333333333337,0.551020244404009
ergo_adaptive,gt,3270,272.41666666666663,0.5510011359928821
ergo_adaptive,gt,3271,272.5,0.5510174183876279
ergo_adaptive,gt,3272,272.58333333333337,0.5509217777467257
ergo_adaptive,gt,3273,272.66666666666663,0.5509040329438224
ergo_adaptive,gt,3274,272.75,0.5508647513539924
ergo_adaptive,gt,3275,272.83333333333337,0.5508140742059983
ergo_adaptive,gt,3276,272.91666666666663,0.5507579330835359
ergo_adaptive,gt,3277,273.0,0.5506998918247632
ergo_adaptive,gt,3278,273.08333333333337,0.5506421090708767
ergo_adaptive,gt,3279,273.16666666666663,0.5505858815603978
ergo_adaptive,gt,3280,273.25,0.5505319676688954
ergo_adaptive,gt,3281,273.33333333333337,0.550480787653853
ergo_adaptive,gt,3282,273.41666666666663,0.5504325510884508
ergo_adaptive,gt,3283,273.5,0.5503873395904272
ergo_adaptive,gt,3284,273.58333333333337,0.5503451613043092
ergo_adaptive,gt,3285,273.66666666666663,0.5503059871961801
ergo_adaptive,gt,3286,273.75,0.5502697755489134
ergo_adaptive,gt,3287,273.83333333333337,0.5502364888730521
ergo_adaptive,gt,3288,273.91666666666663,0.5502061061498731
ergo_adaptive,gt,3289,274.0,0.5501786325797396
ergo_adaptive,gt,3290,274.08333333333337,0.5501541086762688
ergo_adaptive,gt,3291,274.16666666666663,0.5501326206138158
ergo_adaptive,gt,3292,274.25,0.550114314359002
ergo_adaptive,gt,3293,274.33333333333337,0.5500994177963708
ergo_adaptive,gt,3294,274.41666666666663,0.550088279219115
ergo_adaptive,gt,3295,274.5,0.5500814416384305
ergo_adaptive,gt,3296,274.58333333333337,0.5500798068467557
ergo_adaptive,gt,3297,274.66666666666663,0.5500850816160917
ergo_adaptive,gt,3298,274.75,0.5501015819949986
ergo_adaptive,gt,3299,274.83333333333337,0.5501602119703897
ergo_adaptive,gt,3300,274.91666666666663,0.5502331255329858
ergo_adaptive,gt,3301,275.0,0.550279301065295
ergo_adaptive,gt,3302,275.08333333333337,0.5503184437061757
ergo_adaptive,gt,3303,275.16666666666663,0.5503881708796154
ergo_adaptive,gt,3304,275.25,0.5504396378955494
ergo_adaptive,gt,3305,275.33333333333337,0.5504664471278992
ergo_adaptive,gt,3306,275.41666666666663,0.550477999937112
ergo_adaptive,gt,3307,275.5,0.5504795981312385
ergo_adaptive,gt,3308,275.58333333333337,0.5504743862232018
ergo_adaptive,gt,3309,275.66666666666663,0.5504643676732267
ergo_adaptive,gt,3310,275.75,0.5504510290726146
ergo_adaptive,gt,3311,275.83333333333337,0.5504352880939797
ergo_adaptive,gt,3312,275.91666666666663,0.5504197259365692
ergo_adaptive,gt,3313,276.0,0.5504087851416621
ergo_adaptive,gt,3314,276.08333333333337,0.5503576724553194
ergo_adaptive,gt,3315,276.16666666666663,0.5502889182619426
ergo_adaptive,gt,3316,276.25,0.5502704073029204
ergo_adaptive,gt,3317,276.33333333333337,0.5504410815458843
ergo_adaptive,gt,3318,276.41666666666663,0.5506082898676716
ergo_adaptive,gt,3319,276.5,0.5508266133281621
ergo_adaptive,gt,3320,276.58333333333337,0.551219534188164
ergo_adaptive,gt,3321,276.66666666666663,0.5515186194339988
ergo_adaptive,gt,3322,276.75,0.5517844789601085
ergo_adaptive,gt,3323,276.83333333333337,0.5520801028124951
ergo_adaptive,gt,3324,276.91666666666663,0.5523233998408548
ergo_adaptive,gt,3325,277.0,0.5526376209039173
ergo_adaptive,gt,3326,277.08333333333337,0.553125756651006
ergo_adaptive,gt,3327,277.16666666666663,0.5537815616185708
ergo_adaptive,gt,3328,277.25,0.5544765305455535
ergo_adaptive,gt,3329,277.33333333333337,0.5551055100253225
ergo_adaptive,gt,3330,277.41666666666663,0.5557296671825486
ergo_adaptive,gt,3331,277.5,0.556424657176903
ergo_adaptive,gt,3332,277.58333333333337,0.5571377129907129
ergo_adaptive,gt,3333,277.66666666666663,0.5577849643322654
ergo_adaptive,gt,3334,277.75,0.558382329928612
ergo_adaptive,gt,3335,277.83333333333337,0.5590119254794184
ergo_adaptive,gt,3336,277.91666666666663,0.559674191717212
ergo_adaptive,gt,3337,278.0,0.5603004693643695
ergo_adaptive,gt,3338,278.08333333333337,0.5608693595223551
ergo_adaptive,gt,3339,278.16666666666663,0.5614415032488794
ergo_adaptive,gt,3340,278.25,0.5620490464102522
ergo_adaptive,gt,3341,278.33333333333337,0.5626453485686427
ergo_adaptive,gt,3342,278.41666666666663,0.563186714188076
ergo_adaptive,gt,3343,278.5,0.5637085828678998
ergo_adaptive,gt,3344,278.58333333333337,0.5642614383502133
ergo_adaptive,gt,3345,278.66666666666663,0.5648223026505285
ergo_adaptive,gt,3346,278.75,0.5653370402930421
ergo_adaptive,gt,3347,278.83333333333337,0.5658144557544902
ergo_adaptive,gt,3348,278.91666666666663,0.5663101662881406
ergo_adaptive,gt,3349,279.0,0.566827022405218
ergo_adaptive,gt,3350,279.08333333333337,0.5673128052791406
ergo_adaptive,gt,3351,279.16666666666663,0.5677500291343541
ergo_adaptive,gt,3352,279.25,0.5681663038389485
ergo_adaptive,gt,3353,279.33333333333337,0.5685612155318909
ergo_adaptive,gt,3354,279.41666666666663,0.5689477259494854
ergo_adaptive,gt,3355,279.5,0.5692687129356031
ergo_adaptive,gt,3356,279.58333333333337,0.5693780043442701
ergo_adaptive,gt,3357,279.66666666666663,0.5694300427968547
ergo_adaptive,gt,3358,279.75,0.5695056497941194
ergo_adaptive,gt,3359,279.83333333333337,0.5696675498798804
ergo_adaptive,gt,3360,279.91666666666663,0.5699412528819615
ergo_adaptive,gt,3361,280.0,0.5702759750303469
ergo_adaptive,gt,3362,280.08333333333337,0.5706040338333536
ergo_adaptive,gt,3363,280.16666666666663,0.5709146178171036
ergo_adaptive,gt,3364,280.25,0.5712470063352122
ergo_adaptive,gt,3365,280.33333333333337,0.5716166615373033
ergo_adaptive,gt,3366,280.41666666666663,0.5719815619096578
ergo_adaptive,gt,3367,280.5,0.572300104585761
ergo_adaptive,gt,3368,280.58333333333337,0.5726181618154855
ergo_adaptive,gt,3369,280.66666666666663,0.5730018769458031
ergo_adaptive,gt,3370,280.75,0.5734060143887009
ergo_adaptive,gt,3371,280.83333333333337,0.5737196046432703
ergo_adaptive,gt,3372,280.91666666666663,0.5739640433408666
ergo_adaptive,gt,3373,281.0,0.5743494875289675
ergo_adaptive,gt,3374,281.08333333333337,0.5748201910119051
ergo_adaptive,gt,3375,281.16666666666663,0.5752431040467086
ergo_adaptive,gt,3376,281.25,0.5755884981546439
ergo_adaptive,gt,3377,281.33333333333337,0.5759619764373156
ergo_adaptive,gt,3378,281.41666666666663,0.5763935309013676
ergo_adaptive,gt,3379,281.5,0.5768245596093164
ergo_adaptive,gt,3380,281.58333333333337,0.5772051893782606
ergo_adaptive,gt,3381,281.66666666666663,0.5775433904142431
ergo_adaptive,gt,3382,281.75,0.5778862867906545
ergo_adaptive,gt,3383,281.83333333333337,0.578252785446121
ergo_adaptive,gt,3384,281.91666666666663,0.5785881688277325
ergo_adaptive,gt,3385,282.0,0.5788109916099636
ergo_adaptive,gt,3386,282.08333333333337,0.5790510038761798
ergo_adaptive,gt,3387,282.16666666666663,0.5794356084092105
ergo_adaptive,gt,3388,282.25,0.5798685043908574
ergo_adaptive,gt,3389,282.33333333333337,0.5802434327450543
ergo_adaptive,gt,3390,282.41666666666663,0.580574108254128
ergo_adaptive,gt,3391,282.5,0.5809320005433695
ergo_adaptive,gt,3392,282.58333333333337,0.5813217751946261
ergo_adaptive,gt,3393,282.66666666666663,0.5816925955939201
ergo_adaptive,gt,3394,282.75,0.5820166722252128
ergo_adaptive,gt,3395,282.83333333333337,0.5823318867671484
ergo_adaptive,gt,3396,282.91666666666663,0.5826797283070508
ergo_adaptive,gt,3397,283.0,0.5830420434578908
ergo_adaptive,gt,3398,283.08333333333337,0.5833726950726296
ergo_adaptive,gt,3399,283.16666666666663,0.5836737110885357
ergo_adaptive,gt,3400,283.25,0.5840061680423353
ergo_adaptive,gt,3401,283.33333333333337,0.5843855420811949
ergo_adaptive,gt,3402,283.41666666666663,0.5847369271310089
ergo_adaptive,gt,3403,283.5,0.5849792230185353
ergo_adaptive,gt,3404,283.58333333333337,0.5852795073515465
ergo_adaptive,gt,3405,283.66666666666663,0.5857299343081033
ergo_adaptive,gt,3406,283.75,0.5862153086116347
ergo_adaptive,gt,3407,283.83333333333337,0.5866299640546695
ergo_adaptive,gt,3408,283.91666666666663,0.5870251099157431
ergo_adaptive,gt,3409,284.0,0.5874884598156426
ergo_adaptive,gt,3410,284.08333333333337,0.5879978160622296
ergo_adaptive,gt,3411,284.16666666666663,0.5884861303722719
ergo_adaptive,gt,3412,284.25,0.5889201180903048
ergo_adaptive,gt,3413,284.33333333333337,0.5893313471494591
ergo_adaptive,gt,3414,284.41666666666663,0.5897798251802637
ergo_adaptive,gt,3415,284.5,0.5902516199162979
ergo_adaptive,gt,3416,284.58333333333337,0.5906466224891904
ergo_adaptive,gt,3417,284.66666666666663,0.5909243729946176
ergo_adaptive,gt,3418,284.75,0.5913449518857682
ergo_adaptive,gt,3419,284.83333333333337,0.5918983569594166
ergo_adaptive,gt,3420,284.91666666666663,0.5924382515527711
ergo_adaptive,gt,3421,285.0,0.5928946212084398
ergo_adaptive,gt,3422,285.08333333333337,0.5933371056966422
ergo_adaptive,gt,3423,285.16666666666663,0.5938194505824987
ergo_adaptive,gt,3424,285.25,0.5943120466872551
ergo_adaptive,gt,3425,285.33333333333337,0.5947560396242177
ergo_adaptive,gt,3426,285.41666666666663,0.5951232817618148
ergo_adaptive,gt,3427,285.5,0.5954703004666243
ergo_adaptive,gt,3428,285.58333333333337,0.5958748242445392
ergo_adaptive,gt,3429,285.66666666666663,0.596292933681103
ergo_adaptive,gt,3430,285.75,0.596616328167917
ergo_adaptive,gt,3431,285.83333333333337,0.5969024413365843
ergo_adaptive,gt,3432,285.91666666666663,0.5973056744461365
ergo_adaptive,gt,3433,286.0,0.5977808274091924
ergo_adaptive,gt,3434,286.08333333333337,0.5982303923643455
ergo_adaptive,gt,3435,286.16666666666663,0.5986059382756274
ergo_adaptive,gt,3436,286.25,0.5989157364185542
ergo_adaptive,gt,3437,286.33333333333337,0.5992212478954468
ergo_adaptive,gt,3438,286.41666666666663,0.5995601950758956
ergo_adaptive,gt,3439,286.5,0.5998699158334929
ergo_adaptive,gt,3440,286.58333333333337,0.6000909274060102
ergo_adaptive,gt,3441,286.66666666666663,0.6003421429152687
ergo_adaptive,gt,3442,286.75,0.6006893552810493
ergo_adaptive,gt,3443,286.83333333333337,0.6010643583342014
ergo_adaptive,gt,3444,286.91666666666663,0.6013918574633056
ergo_adaptive,gt,3445,287.0,0.6016196640653372
ergo_adaptive,gt,3446,287.08333333333337,0.6017371557078723
ergo_adaptive,gt,3447,287.16666666666663,0.6019129309932041
ergo_adaptive,gt,3448,287.25,0.6022024337248779
ergo_adaptive,gt,3449,287.33333333333337,0.602515510907753
ergo_adaptive,gt,3450,287.41666666666663,0.6027845765337411
ergo_adaptive,gt,3451,287.5,0.6029929656484508
ergo_adaptive,gt,3452,287.58333333333337,0.6031470208431264
ergo_adaptive,gt,3453,287.66666666666663,0.6033050114348423
ergo_adaptive,gt,3454,287.75,0.6034980593067417
ergo_adaptive,gt,3455,287.83333333333337,0.6036820352441696
ergo_adaptive,gt,3456,287.91666666666663,0.6038400166692095
ergo_adaptive,gt,3457,288.0,0.6039989636543496
ergo_adaptive,gt,3458,288.08333333333337,0.6041576537842519
ergo_adaptive,gt,3459,288.16666666666663,0.6043093692013883
ergo_adaptive,gt,3460,288.25,0.6044425839687008
ergo_adaptive,gt,3461,288.33333333333337,0.6045176547665855
ergo_adaptive,gt,3462,288.41666666666663,0.6045591715505374
ergo_adaptive,gt,3463,288.5,0.6046657665830645
ergo_adaptive,gt,3464,288.58333333333337,0.6048279395507368
ergo_adaptive,gt,3465,288.66666666666663,0.6049862847668028
ergo_adaptive,gt,3466,288.75,0.6050924992156386
ergo_adaptive,gt,3467,288.83333333333337,0.6050986116526365
ergo_adaptive,gt,3468,288.91666666666663,0.6050398448211308
ergo_adaptive,gt,3469,289.0,0.6051072855543731
ergo_adaptive,gt,3470,289.08333333333337,0.6052577640283018
ergo_adaptive,gt,3471,289.16666666666663,0.6054033891653402
ergo_adaptive,gt,3472,289.25,0.6054924519742244
ergo_adaptive,gt,3473,289.33333333333337,0.6054889846910451
ergo_adaptive,gt,3474,289.41666666666663,0.6054022834965169
ergo_adaptive,gt,3475,289.5,0.6054202666768598
ergo_adaptive,gt,3476,289.58333333333337,0.6055339693959758
ergo_adaptive,gt,3477,289.66666666666663,0.605656346926747
ergo_adaptive,gt,3478,289.75,0.6057340130271023
ergo_adaptive,gt,3479,289.83333333333337,0.6057734462513535
ergo_adaptive,gt,3480,289.91666666666663,0.6058149660242929
ergo_adaptive,gt,3481,290.0,0.6058789866383779
ergo_adaptive,gt,3482,290.08333333333337,0.6059338163050836
ergo_adaptive,gt,3483,290.16666666666663,0.6059469646952178
ergo_adaptive,gt,3484,290.25,0.605963484224079
ergo_adaptive,gt,3485,290.33333333333337,0.6060349189061485
ergo_adaptive,gt,3486,290.41666666666663,0.6061232813030518
ergo_adaptive,gt,3487,290.5,0.6061645598869018
ergo_adaptive,gt,3488,290.58333333333337,0.6061849868401343
ergo_adaptive,gt,3489,290.66666666666663,0.6062603146885363
ergo_adaptive,gt,3490,290.75,0.6063718905588201
ergo_adaptive,gt,3491,290.83333333333337,0.6064496978481088
ergo_adaptive,gt,3492,290.91666666666663,0.6064858269030043
ergo_adaptive,gt,3493,291.0,0.6065500034507377
ergo_adaptive,gt,3494,291.08333333333337,0.6066563524533051
ergo_adaptive,gt,3495,291.16666666666663,0.6067502502073757
ergo_adaptive,gt,3496,291.25,0.6068003237237115
ergo_adaptive,gt,3497,291.33333333333337,0.606848438238551
ergo_adaptive,gt,3498,291.41666666666663,0.6069289077580966
ergo_adaptive,gt,3499,291.5,0.6070125485757657
ergo_adaptive,gt,3500,291.58333333333337,0.6070595266243498
ergo_adaptive,gt,3501,291.66666666666663,0.6070841152092226
ergo_adaptive,gt,3502,291.75,0.6071252901827808
ergo_adaptive,gt,3503,291.83333333333337,0.6071780283831789
ergo_adaptive,gt,3504,291.91666666666663,0.6072045208007344
ergo_adaptive,gt,3505,292.0,0.6071980224563667
ergo_adaptive,gt,3506,292.08333333333337,0.607192502006559
ergo_adaptive,gt,3507,292.16666666666663,0.6072008363829781
ergo_adaptive,gt,3508,292.25,0.6071928865973478
ergo_adaptive,gt,3509,292.33333333333337,0.6071364486291099
ergo_adaptive,gt,3510,292.41666666666663,0.6070432598670608
ergo_adaptive,gt,3511,292.5,0.6069651228579981
ergo_adaptive,gt,3512,292.58333333333337,0.6068948875513702
ergo_adaptive,gt,3513,292.66666666666663,0.6068016727593945
ergo_adaptive,gt,3514,292.75,0.6066817170307861
ergo_adaptive,gt,3515,292.83333333333337,0.60659661969542
ergo_adaptive,gt,3516,292.91666666666663,0.6066019183405429
ergo_adaptive,gt,3517,293.0,0.6066403342009078
ergo_adaptive,gt,3518,293.08333333333337,0.6066210266455404
ergo_adaptive,gt,3519,293.16666666666663,0.6065839562131341
ergo_adaptive,gt,3520,293.25,0.606639758752759
ergo_adaptive,gt,3521,293.33333333333337,0.6067468719683826
ergo_adaptive,gt,3522,293.41666666666663,0.6068085488682354
ergo_adaptive,gt,3523,293.5,0.6068174455047084
ergo_adaptive,gt,3524,293.58333333333337,0.6068848110021893
ergo_adaptive,gt,3525,293.66666666666663,0.6070186439463877
ergo_adaptive,gt,3526,293.75,0.6071398119240282
ergo_adaptive,gt,3527,293.83333333333337,0.6072093357181412
ergo_adaptive,gt,3528,293.91666666666663,0.607291571865888
ergo_adaptive,gt,3529,294.0,0.607429014864725
ergo_adaptive,gt,3530,294.08333333333337,0.6075807053876189
ergo_adaptive,gt,3531,294.16666666666663,0.6077000307314963
ergo_adaptive,gt,3532,294.25,0.607805428528753
ergo_adaptive,gt,3533,294.33333333333337,0.6079411636460493
ergo_adaptive,gt,3534,294.41666666666663,0.6081029941362751
ergo_adaptive,gt,3535,294.5,0.6082486449319712
ergo_adaptive,gt,3536,294.58333333333337,0.6083664271405178
ergo_adaptive,gt,3537,294.66666666666663,0.6084985599769078
ergo_adaptive,gt,3538,294.75,0.6086696342365712
ergo_adaptive,gt,3539,294.83333333333337,0.608839584011929
ergo_adaptive,gt,3540,294.91666666666663,0.6088327864661759
ergo_adaptive,gt,3541,295.0,0.6086270437802588
ergo_adaptive,gt,3542,295.08333333333337,0.6083517728215383
ergo_adaptive,gt,3543,295.16666666666663,0.608096482442064
ergo_adaptive,gt,3544,295.25,0.6078143493596466
ergo_adaptive,gt,3545,295.33333333333337,0.6074028561620206
ergo_adaptive,gt,3546,295.41666666666663,0.6070103096828965
ergo_adaptive,gt,3547,295.5,0.6066427448894806
ergo_adaptive,gt,3548,295.58333333333337,0.6063363469928355
ergo_adaptive,gt,3549,295.66666666666663,0.6060250415998977
ergo_adaptive,gt,3550,295.75,0.6056941372266484
ergo_adaptive,gt,3551,295.83333333333337,0.6053494924670078
ergo_adaptive,gt,3552,295.91666666666663,0.6049952549591753
ergo_adaptive,gt,3553,296.0,0.6046336734969786
ergo_adaptive,gt,3554,296.08333333333337,0.6042644228131479
ergo_adaptive,gt,3555,296.16666666666663,0.6038816186750519
ergo_adaptive,gt,3556,296.25,0.6035185344841791
ergo_adaptive,gt,3557,296.33333333333337,0.603158934864192
ergo_adaptive,gt,3558,296.41666666666663,0.6028045415517551
ergo_adaptive,gt,3559,296.5,0.6024651536504373
ergo_adaptive,gt,3560,296.58333333333337,0.6021690024136829
ergo_adaptive,gt,3561,296.66666666666663,0.6019442648052803
ergo_adaptive,gt,3562,296.75,0.6019041819032822
ergo_adaptive,gt,3563,296.83333333333337,0.6018825920653782
ergo_adaptive,gt,3564,296.91666666666663,0.6018568543823801
ergo_adaptive,gt,3565,297.0,0.6017557880304119
ergo_adaptive,gt,3566,297.08333333333337,0.6016764886722541
ergo_adaptive,gt,3567,297.16666666666663,0.6015811348915262
ergo_adaptive,gt,3568,297.25,0.6013768747062982
ergo_adaptive,gt,3569,297.33333333333337,0.6011033274059976
ergo_adaptive,gt,3570,297.41666666666663,0.6007873856062445
ergo_adaptive,gt,3571,297.5,0.600442571993859
ergo_adaptive,gt,3572,297.58333333333337,0.6000771365360941
ergo_adaptive,gt,3573,297.66666666666663,0.5997181653107994
ergo_adaptive,gt,3574,297.75,0.5993687530436699
ergo_adaptive,gt,3575,297.83333333333337,0.5990502148385107
ergo_adaptive,gt,3576,297.91666666666663,0.5987832717417941
ergo_adaptive,gt,3577,298.0,0.5985450567477291
ergo_adaptive,gt,3578,298.08333333333337,0.5983852874447662
ergo_adaptive,gt,3579,298.16666666666663,0.5982170918238602
ergo_adaptive,gt,3580,298.25,0.5980411675286769
ergo_adaptive,gt,3581,298.33333333333337,0.5979083423500193
ergo_adaptive,gt,3582,298.41666666666663,0.5978484944009065
ergo_adaptive,gt,3583,298.5,0.5978029929970021
ergo_adaptive,gt,3584,298.58333333333337,0.5978339580970777
ergo_adaptive,gt,3585,298.66666666666663,0.5978403970424561
ergo_adaptive,gt,3586,298.75,0.5977023911364392
ergo_adaptive,gt,3587,298.83333333333337,0.5974865703484054
ergo_adaptive,gt,3588,298.91666666666663,0.5972262018977955
ergo_adaptive,gt,3589,299.0,0.5969398497017787
ergo_adaptive,gt,3590,299.08333333333337,0.5966385620280495
ergo_adaptive,gt,3591,299.16666666666663,0.5963291003507226
ergo_adaptive,gt,3592,299.25,0.5960155837752813
ergo_adaptive,gt,3593,299.33333333333337,0.595700402102841
ergo_adaptive,gt,3594,299.41666666666663,0.5953847420168715
ergo_adaptive,gt,3595,299.5,0.5950688756238289
ergo_adaptive,gt,3596,299.58333333333337,0.5947522621121465
ergo_adaptive,gt,3597,299.66666666666663,0.5944334260960756
ergo_adaptive,gt,3598,299.75,0.594109504980598
ergo_adaptive,gt,3599,299.83333333333337,0.5937813302003788
ergo_adaptive,gt,3600,299.91666666666663,0.5935320585859318
ergo_adaptive,gt,3601,300.0,0.5933937849291948
ergo_adaptive,gt,3602,300.08333333333337,0.5933482654791056
ergo_adaptive,gt,3603,300.16666666666663,0.5933471734901836
ergo_adaptive,gt,3604,300.25,0.5933696116818089
ergo_adaptive,gt,3605,300.33333333333337,0.5934389301515116
ergo_adaptive,gt,3606,300.41666666666663,0.5935413418549239
ergo_adaptive,gt,3607,300.5,0.5936266313744778
ergo_adaptive,gt,3608,300.58333333333337,0.5936702847058217
ergo_adaptive,gt,3609,300.66666666666663,0.5937161464639396
ergo_adaptive,gt,3610,300.75,0.5937698934346973
ergo_adaptive,gt,3611,300.83333333333337,0.5937818293503511
ergo_adaptive,gt,3612,300.91666666666663,0.5937185001503825
ergo_adaptive,gt,3613,301.0,0.5936503013719289
ergo_adaptive,gt,3614,301.08333333333337,0.5936225738841804
ergo_adaptive,gt,3615,301.16666666666663,0.5935957782255189
ergo_adaptive,gt,3616,301.25,0.5935189534852743
ergo_adaptive,gt,3617,301.33333333333337,0.5934263117596942
ergo_adaptive,gt,3618,301.41666666666663,0.5933753969446214
ergo_adaptive,gt,3619,301.5,0.5933464649697552
ergo_adaptive,gt,3620,301.58333333333337,0.5932933587864427
ergo_adaptive,gt,3621,301.66666666666663,0.5932163172564204
ergo_adaptive,gt,3622,301.75,0.593154735642714
ergo_adaptive,gt,3623,301.83333333333337,0.5931142053934017
ergo_adaptive,gt,3624,301.91666666666663,0.593067513019038
ergo_adaptive,gt,3625,302.0,0.5929955849848151
ergo_adaptive,gt,3626,302.08333333333337,0.5928499586632368
ergo_adaptive,gt,3627,302.16666666666663,0.5926168837453337
ergo_adaptive,gt,3628,302.25,0.5922963502843216
ergo_adaptive,gt,3629,302.33333333333337,0.5919527159516872
ergo_adaptive,gt,3630,302.41666666666663,0.5916134850394713
ergo_adaptive,gt,3631,302.5,0.5912817473578439
ergo_adaptive,gt,3632,302.58333333333337,0.5910029223554707
ergo_adaptive,gt,3633,302.66666666666663,0.5907159236305023
ergo_adaptive,gt,3634,302.75,0.590460712880953
ergo_adaptive,gt,3635,302.83333333333337,0.5901567059165226
ergo_adaptive,gt,3636,302.91666666666663,0.5898531743610659
ergo_adaptive,gt,3637,303.0,0.5895855676305537
ergo_adaptive,gt,3638,303.08333333333337,0.5893618574940828
ergo_adaptive,gt,3639,303.16666666666663,0.5891642064009076
ergo_adaptive,gt,3640,303.25,0.5889541765721178
ergo_adaptive,gt,3641,303.33333333333337,0.5887344819730845
ergo_adaptive,gt,3642,303.41666666666663,0.5884842872200156
ergo_adaptive,gt,3643,303.5,0.5881987169923746
ergo_adaptive,gt,3644,303.58333333333337,0.5879116248749532
ergo_adaptive,gt,3645,303.66666666666663,0.5876263604256601
ergo_adaptive,gt,3646,303.75,0.5873445568382668
ergo_adaptive,gt,3647,303.83333333333337,0.5870674515418846
ergo_adaptive,gt,3648,303.91666666666663,0.5868108661961926
ergo_adaptive,gt,3649,304.0,0.5865554231643939
ergo_adaptive,gt,3650,304.08333333333337,0.5862993936503058
ergo_adaptive,gt,3651,304.16666666666663,0.5860358493869124
ergo_adaptive,gt,3652,304.25,0.5857723561391783
ergo_adaptive,gt,3653,304.33333333333337,0.5855414928231744
ergo_adaptive,gt,3654,304.41666666666663,0.5853561179091111
ergo_adaptive,gt,3655,304.5,0.5852105173291932
ergo_adaptive,gt,3656,304.58333333333337,0.5851049904151345
ergo_adaptive,gt,3657,304.66666666666663,0.5850544933384881
ergo_adaptive,gt,3658,304.75,0.5850515254158871
ergo_adaptive,gt,3659,304.83333333333337,0.5850516594379682
ergo_adaptive,gt,3660,304.91666666666663,0.5850227932914357
ergo_adaptive,gt,3661,305.0,0.5849936338501629
ergo_adaptive,gt,3662,305.08333333333337,0.5849974598948103
ergo_adaptive,gt,3663,305.16666666666663,0.5850149794006055
ergo_adaptive,gt,3664,305.25,0.5850100858336472
ergo_adaptive,gt,3665,305.33333333333337,0.5850086284023368
ergo_adaptive,gt,3666,305.41666666666663,0.585067375944133
ergo_adaptive,gt,3667,305.5,0.5851609143077886
ergo_adaptive,gt,3668,305.58333333333337,0.585189661309657
ergo_adaptive,gt,3669,305.66666666666663,0.5851140365080311
ergo_adaptive,gt,3670,305.75,0.5849856034282157
ergo_adaptive,gt,3671,305.83333333333337,0.5847986955762732
ergo_adaptive,gt,3672,305.91666666666663,0.5845610986020586
ergo_adaptive,gt,3673,306.0,0.584287542928817
ergo_adaptive,gt,3674,306.08333333333337,0.583991876971448
ergo_adaptive,gt,3675,306.16666666666663,0.5836844723739713
ergo_adaptive,gt,3676,306.25,0.5833724065559956
ergo_adaptive,gt,3677,306.33333333333337,0.5830602833087307
ergo_adaptive,gt,3678,306.41666666666663,0.582750983943945
ergo_adaptive,gt,3679,306.5,0.5824462225265956
ergo_adaptive,gt,3680,306.58333333333337,0.582146931533564
ergo_adaptive,gt,3681,306.66666666666663,0.5818535254556865
ergo_adaptive,gt,3682,306.75,0.5815660809187485
ergo_adaptive,gt,3683,306.83333333333337,0.581284460168524
ergo_adaptive,gt,3684,306.91666666666663,0.5810083958329804
ergo_adaptive,gt,3685,307.0,0.5807375488888995
ergo_adaptive,gt,3686,307.08333333333337,0.5804715478892921
ergo_adaptive,gt,3687,307.16666666666663,0.5802100150012279
ergo_adaptive,gt,3688,307.25,0.5799525827485641
ergo_adaptive,gt,3689,307.33333333333337,0.5796989042315622
ergo_adaptive,gt,3690,307.41666666666663,0.5794486588134319
ergo_adaptive,gt,3691,307.5,0.5792015547068333
ergo_adaptive,gt,3692,307.58333333333337,0.5789573294903472
ergo_adaptive,gt,3693,307.66666666666663,0.5787157492906871
ergo_adaptive,gt,3694,307.75,0.5784766071509521
ergo_adaptive,gt,3695,307.83333333333337,0.5782397209476197
ergo_adaptive,gt,3696,307.91666666666663,0.5780049311043074
ergo_adaptive,gt,3697,308.0,0.5777720982675061
ergo_adaptive,gt,3698,308.08333333333337,0.5775411010503012
ergo_adaptive,gt,3699,308.16666666666663,0.5773118339083295
ergo_adaptive,gt,3700,308.25,0.5770842051832135
ergo_adaptive,gt,3701,308.33333333333337,0.5768581353289931
ergo_adaptive,gt,3702,308.41666666666663,0.576633555324014
ergo_adaptive,gt,3703,308.5,0.5764104052624166
ergo_adaptive,gt,3704,308.58333333333337,0.5761886331143903
ergo_adaptive,gt,3705,308.66666666666663,0.5759681936416584
ergo_adaptive,gt,3706,308.75,0.5757490474535303
ergo_adaptive,gt,3707,308.83333333333337,0.5755311601887283
ergo_adaptive,gt,3708,308.91666666666663,0.5753145018087279
ergo_adaptive,gt,3709,309.0,0.5750990459892512
ergo_adaptive,gt,3710,309.08333333333337,0.5748847695976607
ergo_adaptive,gt,3711,309.16666666666663,0.5746716522451913
ergo_adaptive,gt,3712,309.25,0.5744596759041491
ergo_adaptive,gt,3713,309.33333333333337,0.5742488245813517
ergo_adaptive,gt,3714,309.41666666666663,0.5740390840401594
ergo_adaptive,gt,3715,309.5,0.5738304415644302
ergo_adaptive,gt,3716,309.58333333333337,0.5736228857586222
ergo_adaptive,gt,3717,309.66666666666663,0.5734164063790654
ergo_adaptive,gt,3718,309.75,0.5732109941921392
ergo_adaptive,gt,3719,309.83333333333337,0.5730066408557181
ergo_adaptive,gt,3720,309.91666666666663,0.5728033388208099
ergo_adaptive,gt,3721,310.0,0.5726010812508094
ergo_adaptive,gt,3722,310.08333333333337,0.5723998619562289
ergo_adaptive,gt,3723,310.16666666666663,0.5721996753431747
ergo_adaptive,gt,3724,310.25,0.5720005163742066
ergo_adaptive,gt,3725,310.33333333333337,0.571802380540565
ergo_adaptive,gt,3726,310.41666666666663,0.571605263845103
ergo_adaptive,gt,3727,310.5,0.5714091627956088
ergo_adaptive,gt,3728,310.58333333333337,0.5712140744086022
ergo_adaptive,gt,3729,310.66666666666663,0.5710199962241442
ergo_adaptive,gt,3730,310.75,0.5708269263327773
ergo_adaptive,gt,3731,310.83333333333337,0.5706348634164908
ergo_adaptive,gt,3732,310.91666666666663,0.5704438068067358
ergo_adaptive,gt,3733,311.0,0.5702537565643503
ergo_adaptive,gt,3734,311.08333333333337,0.5700514912022555
ergo_adaptive,gt,3735,311.16666666666663,0.569936502766385
ergo_adaptive,gt,3736,311.25,0.5699196727439235
ergo_adaptive,gt,3737,311.33333333333337,0.5699455967104144
ergo_adaptive,gt,3738,311.41666666666663,0.5699460296237101
ergo_adaptive,gt,3739,311.5,0.5699657583328329
ergo_adaptive,gt,3740,311.58333333333337,0.5700561628426357
ergo_adaptive,gt,3741,311.66666666666663,0.5701772003690061
ergo_adaptive,gt,3742,311.75,0.5702518258468697
ergo_adaptive,gt,3743,311.83333333333337,0.57030902684412
ergo_adaptive,gt,3744,311.91666666666663,0.5704500598236768
ergo_adaptive,gt,3745,312.0,0.5706453681820264
ergo_adaptive,gt,3746,312.08333333333337,0.5708095356761835
ergo_adaptive,gt,3747,312.16666666666663,0.5708976672594923
ergo_adaptive,gt,3748,312.25,0.5710187623693703
ergo_adaptive,gt,3749,312.33333333333337,0.571184549507421
ergo_adaptive,gt,3750,312.41666666666663,0.5713345510208062
ergo_adaptive,gt,3751,312.5,0.5714206551266469
ergo_adaptive,gt,3752,312.58333333333337,0.5715452612213449
ergo_adaptive,gt,3753,312.66666666666663,0.5717527403154667
ergo_adaptive,gt,3754,312.75,0.5719744803482829
ergo_adaptive,gt,3755,312.83333333333337,0.5721340232635476
ergo_adaptive,gt,3756,312.91666666666663,0.5722744653930658
ergo_adaptive,gt,3757,313.0,0.5724769903172741
ergo_adaptive,gt,3758,313.08333333333337,0.5727153034994533
ergo_adaptive,gt,3759,313.16666666666663,0.5729238325014159
ergo_adaptive,gt,3760,313.25,0.5731005937866882
ergo_adaptive,gt,3761,313.33333333333337,0.5733096189820771
ergo_adaptive,gt,3762,313.41666666666663,0.5735629333238368
ergo_adaptive,gt,3763,313.5,0.573817016617054
ergo_adaptive,gt,3764,313.58333333333337,0.5740446568242231
ergo_adaptive,gt,3765,313.66666666666663,0.5742706693534224
ergo_adaptive,gt,3766,313.75,0.5745185546698606
ergo_adaptive,gt,3767,313.83333333333337,0.5747727347845002
ergo_adaptive,gt,3768,313.91666666666663,0.5750043407887172
ergo_adaptive,gt,3769,314.0,0.5752131207205741
ergo_adaptive,gt,3770,314.08333333333337,0.575428301931582
ergo_adaptive,gt,3771,314.16666666666663,0.5756611074515288
ergo_adaptive,gt,3772,314.25,0.5758864506935186
ergo_adaptive,gt,3773,314.33333333333337,0.5761034380435406
ergo_adaptive,gt,3774,314.41666666666663,0.5764358088698276
ergo_adaptive,gt,3775,314.5,0.576923184366594
ergo_adaptive,gt,3776,314.58333333333337,0.5774337184619074
ergo_adaptive,gt,3777,314.66666666666663,0.5778126233379188
ergo_adaptive,gt,3778,314.75,0.5782038016019905
ergo_adaptive,gt,3779,314.83333333333337,0.5787482344665887
ergo_adaptive,gt,3780,314.91666666666663,0.5793330610856127
ergo_adaptive,gt,3781,315.0,0.5798264768757638
ergo_adaptive,gt,3782,315.08333333333337,0.5802484384330071
ergo_adaptive,gt,3783,315.16666666666663,0.5807202630195493
ergo_adaptive,gt,3784,315.25,0.581242275111306
ergo_adaptive,gt,3785,315.33333333333337,0.5817321968744663
ergo_adaptive,gt,3786,315.41666666666663,0.582157086863844
ergo_adaptive,gt,3787,315.5,0.582576720546215
ergo_adaptive,gt,3788,315.58333333333337,0.5830327348333463
ergo_adaptive,gt,3789,315.66666666666663,0.5834869923058417
ergo_adaptive,gt,3790,315.75,0.5838919725021388
ergo_adaptive,gt,3791,315.83333333333337,0.5842706714208488
ergo_adaptive,gt,3792,315.91666666666663,0.5846739951093733
ergo_adaptive,gt,3793,316.0,0.5850924107253581
ergo_adaptive,gt,3794,316.08333333333337,0.5854751801644082
ergo_adaptive,gt,3795,316.16666666666663,0.585818403202917
ergo_adaptive,gt,3796,316.25,0.5861725565185115
ergo_adaptive,gt,3797,316.33333333333337,0.5865527920475062
ergo_adaptive,gt,3798,316.41666666666663,0.5869146158684078
ergo_adaptive,gt,3799,316.5,0.5872317685917887
ergo_adaptive,gt,3800,316.58333333333337,0.5875445432159029
ergo_adaptive,gt,3801,316.66666666666663,0.5878875145561464
ergo_adaptive,gt,3802,316.75,0.5882285160031375
ergo_adaptive,gt,3803,316.83333333333337,0.588523335589796
ergo_adaptive,gt,3804,316.91666666666663,0.5887952327984867
ergo_adaptive,gt,3805,317.0,0.58909712214814
ergo_adaptive,gt,3806,317.08333333333337,0.5894181794949275
ergo_adaptive,gt,3807,317.16666666666663,0.5897060698031649
ergo_adaptive,gt,3808,317.25,0.5899605085946976
ergo_adaptive,gt,3809,317.33333333333337,0.5902340292661752
ergo_adaptive,gt,3810,317.41666666666663,0.5905347190127493
ergo_adaptive,gt,3811,317.5,0.5908135812185819
ergo_adaptive,gt,3812,317.58333333333337,0.5910456217382712
ergo_adaptive,gt,3813,317.66666666666663,0.591270963995663
ergo_adaptive,gt,3814,317.75,0.5915214275534215
ergo_adaptive,gt,3815,317.83333333333337,0.591765403224977
ergo_adaptive,gt,3816,317.91666666666663,0.5919609641259177
ergo_adaptive,gt,3817,318.0,0.5921307466135565
ergo_adaptive,gt,3818,318.08333333333337,0.5923257271361729
ergo_adaptive,gt,3819,318.16666666666663,0.5925331876653581
ergo_adaptive,gt,3820,318.25,0.5926966767325945
ergo_adaptive,gt,3821,318.33333333333337,0.592550042011568
ergo_adaptive,gt,3822,318.41666666666663,0.5923713801821985
ergo_adaptive,gt,3823,318.5,0.592092886605465
ergo_adaptive,gt,3824,318.58333333333337,0.5917922527833521
ergo_adaptive,gt,3825,318.66666666666663,0.5914882065521322
ergo_adaptive,gt,3826,318.75,0.5912094311320089
ergo_adaptive,gt,3827,318.83333333333337,0.590913582617496
ergo_adaptive,gt,3828,318.91666666666663,0.5906201131467192
ergo_adaptive,gt,3829,319.0,0.5903251639841871
ergo_adaptive,gt,3830,319.08333333333337,0.5900370698244689
ergo_adaptive,gt,3831,319.16666666666663,0.5897558269388633
ergo_adaptive,gt,3832,319.25,0.5894832684310195
ergo_adaptive,gt,3833,319.33333333333337,0.5892257885379478
ergo_adaptive,gt,3834,319.41666666666663,0.5889931015710945
ergo_adaptive,gt,3835,319.5,0.5887571259031401
ergo_adaptive,gt,3836,319.58333333333337,0.5885227830253524
ergo_adaptive,gt,3837,319.66666666666663,0.5882939262074517
ergo_adaptive,gt,3838,319.75,0.5880762533407966
ergo_adaptive,gt,3839,319.83333333333337,0.5878955813728353
ergo_adaptive,gt,3840,319.91666666666663,0.5877464777680189
ergo_adaptive,gt,3841,320.0,0.5876121362827071
ergo_adaptive,gt,3842,320.08333333333337,0.5875104913093655
ergo_adaptive,gt,3843,320.16666666666663,0.5873806233928962
ergo_adaptive,gt,3844,320.25,0.5872711065002092
ergo_adaptive,gt,3845,320.33333333333337,0.5871420259810306
ergo_adaptive,gt,3846,320.41666666666663,0.5869398991617882
ergo_adaptive,gt,3847,320.5,0.586705484521735
ergo_adaptive,gt,3848,320.58333333333337,0.5864849428408145
ergo_adaptive,gt,3849,320.66666666666663,0.586253820758028
ergo_adaptive,gt,3850,320.75,0.585997992231494
ergo_adaptive,gt,3851,320.83333333333337,0.5857337400124382
ergo_adaptive,gt,3852,320.91666666666663,0.5854677790229068
ergo_adaptive,gt,3853,321.0,0.585205140485684
ergo_adaptive,gt,3854,321.08333333333337,0.5849504943564032
ergo_adaptive,gt,3855,321.16666666666663,0.5847477390834619
ergo_adaptive,gt,3856,321.25,0.5845486033169095
ergo_adaptive,gt,3857,321.33333333333337,0.584306744926734
ergo_adaptive,gt,3858,321.41666666666663,0.58408451668916
ergo_adaptive,gt,3859,321.5,0.5838839480940996
ergo_adaptive,gt,3860,321.58333333333337,0.583677742718729
ergo_adaptive,gt,3861,321.66666666666663,0.5834719327131347
ergo_adaptive,gt,3862,321.75,0.5833096140172774
ergo_adaptive,gt,3863,321.83333333333337,0.5831672242610921
ergo_adaptive,gt,3864,321.91666666666663,0.5829924476061586
ergo_adaptive,gt,3865,322.0,0.5828373411910044
ergo_adaptive,gt,3866,322.08333333333337,0.5827365400377975
ergo_adaptive,gt,3867,322.16666666666663,0.5827473835435287
ergo_adaptive,gt,3868,322.25,0.5828857837330251
ergo_adaptive,gt,3869,322.33333333333337,0.5831083544568489
ergo_adaptive,gt,3870,322.41666666666663,0.583339404141791
ergo_adaptive,gt,3871,322.5,0.5835263066824369
ergo_adaptive,gt,3872,322.58333333333337,0.5836923368914821
ergo_adaptive,gt,3873,322.66666666666663,0.58389926972522
ergo_adaptive,gt,3874,322.75,0.5841198133844973
ergo_adaptive,gt,3875,322.83333333333337,0.5842422844239448
ergo_adaptive,gt,3876,322.91666666666663,0.5843672205729542
ergo_adaptive,gt,3877,323.0,0.5845269360517413
ergo_adaptive,gt,3878,323.08333333333337,0.5846713909689091
ergo_adaptive,gt,3879,323.16666666666663,0.5847740926015189
ergo_adaptive,gt,3880,323.25,0.5849137442385225
ergo_adaptive,gt,3881,323.33333333333337,0.5851245067165484
ergo_adaptive,gt,3882,323.41666666666663,0.5853333979490343
ergo_adaptive,gt,3883,323.5,0.5854573092691158
ergo_adaptive,gt,3884,323.58333333333337,0.5856018774755939
ergo_adaptive,gt,3885,323.66666666666663,0.5858707470913815
ergo_adaptive,gt,3886,323.75,0.5861780905488881
ergo_adaptive,gt,3887,323.83333333333337,0.5863964750319898
ergo_adaptive,gt,3888,323.91666666666663,0.5865608145336783
ergo_adaptive,gt,3889,324.0,0.586815475155207
ergo_adaptive,gt,3890,324.08333333333337,0.5871510292740314
ergo_adaptive,gt,3891,324.16666666666663,0.5874645549569174
ergo_adaptive,gt,3892,324.25,0.5876357365205401
ergo_adaptive,gt,3893,324.33333333333337,0.587881130024163
ergo_adaptive,gt,3894,324.41666666666663,0.5881893348266063
ergo_adaptive,gt,3895,324.5,0.5883176576350044
ergo_adaptive,gt,3896,324.58333333333337,0.5880223489368146
ergo_adaptive,gt,3897,324.66666666666663,0.5876047956239888
ergo_adaptive,gt,3898,324.75,0.5872236430172663
ergo_adaptive,gt,3899,324.83333333333337,0.5868659898648164
ergo_adaptive,gt,3900,324.91666666666663,0.5865391671240128
ergo_adaptive,gt,3901,325.0,0.5862008090838567
ergo_adaptive,gt,3902,325.08333333333337,0.5859464429823977
ergo_adaptive,gt,3903,325.16666666666663,0.5859123102055251
ergo_adaptive,gt,3904,325.25,0.5860999681884337
ergo_adaptive,gt,3905,325.33333333333337,0.5863959834274879
ergo_adaptive,gt,3906,325.41666666666663,0.5867210504643405
ergo_adaptive,gt,3907,325.5,0.5871161064188956
ergo_adaptive,gt,3908,325.58333333333337,0.5875964929011172
ergo_adaptive,gt,3909,325.66666666666663,0.5880918740431629
ergo_adaptive,gt,3910,325.75,0.588542447654849
ergo_adaptive,gt,3911,325.83333333333337,0.5889777206796846
ergo_adaptive,gt,3912,325.91666666666663,0.5894527962922295
ergo_adaptive,gt,3913,326.0,0.5899551011820386
ergo_adaptive,gt,3914,326.08333333333337,0.5904307623279205
ergo_adaptive,gt,3915,326.16666666666663,0.5908755389511657
ergo_adaptive,gt,3916,326.25,0.5913431226826932
ergo_adaptive,gt,3917,326.33333333333337,0.5918505423767723
ergo_adaptive,gt,3918,326.41666666666663,0.5923435420686696
ergo_adaptive,gt,3919,326.5,0.5927797231808458
ergo_adaptive,gt,3920,326.58333333333337,0.593206606241806
ergo_adaptive,gt,3921,326.66666666666663,0.5936792521997899
ergo_adaptive,gt,3922,326.75,0.5941569990938298
ergo_adaptive,gt,3923,326.83333333333337,0.5945654915778679
ergo_adaptive,gt,3924,326.91666666666663,0.5949379402552192
ergo_adaptive,gt,3925,327.0,0.595378274042353
ergo_adaptive,gt,3926,327.08333333333337,0.5958620336697714
ergo_adaptive,gt,3927,327.16666666666663,0.5962730856928785
ergo_adaptive,gt,3928,327.25,0.5965782646840243
ergo_adaptive,gt,3929,327.33333333333337,0.5969486534316578
ergo_adaptive,gt,3930,327.41666666666663,0.5974070436729821
ergo_adaptive,gt,3931,327.5,0.5978219594355823
ergo_adaptive,gt,3932,327.58333333333337,0.5980682633592637
ergo_adaptive,gt,3933,327.66666666666663,0.5983623808897134
ergo_adaptive,gt,3934,327.75,0.598794712759577
ergo_adaptive,gt,3935,327.83333333333337,0.5992348266382385
ergo_adaptive,gt,3936,327.91666666666663,0.5995470524980782
ergo_adaptive,gt,3937,328.0,0.5998046233197284
ergo_adaptive,gt,3938,328.08333333333337,0.6001674258704556
ergo_adaptive,gt,3939,328.16666666666663,0.6005807994957596
ergo_adaptive,gt,3940,328.25,0.6009233219659257
ergo_adaptive,gt,3941,328.33333333333337,0.6011805652273535
ergo_adaptive,gt,3942,328.41666666666663,0.6014783281383053
ergo_adaptive,gt,3943,328.5,0.6018382844728066
ergo_adaptive,gt,3944,328.58333333333337,0.6021731959107821
ergo_adaptive,gt,3945,328.66666666666663,0.6024305600420499
ergo_adaptive,gt,3946,328.75,0.602681227372309
ergo_adaptive,gt,3947,328.83333333333337,0.6029842040213726
ergo_adaptive,gt,3948,328.91666666666663,0.6032930072671765
ergo_adaptive,gt,3949,329.0,0.6035422914343512
ergo_adaptive,gt,3950,329.08333333333337,0.6037562457996138
ergo_adaptive,gt,3951,329.16666666666663,0.6040047971570124
ergo_adaptive,gt,3952,329.25,0.6042778703352699
ergo_adaptive,gt,3953,329.33333333333337,0.6045119515840638
ergo_adaptive,gt,3954,329.41666666666663,0.6046968747254415
ergo_adaptive,gt,3955,329.5,0.6048939661529277
ergo_adaptive,gt,3956,329.58333333333337,0.6051232406258141
ergo_adaptive,gt,3957,329.66666666666663,0.6053360935202726
ergo_adaptive,gt,3958,329.75,0.6054997955223985
ergo_adaptive,gt,3959,329.83333333333337,0.6056454378368237
ergo_adaptive,gt,3960,329.91666666666663,0.605796544840186
ergo_adaptive,gt,3961,330.0,0.6059575477581708
ergo_adaptive,gt,3962,330.08333333333337,0.6060746759007456
ergo_adaptive,gt,3963,330.16666666666663,0.6060015361049378
ergo_adaptive,gt,3964,330.25,0.6058501501106476
ergo_adaptive,gt,3965,330.33333333333337,0.6057207460495153
ergo_adaptive,gt,3966,330.41666666666663,0.6056893898598721
ergo_adaptive,gt,3967,330.5,0.6057557626040477
ergo_adaptive,gt,3968,330.58333333333337,0.6058572633444745
ergo_adaptive,gt,3969,330.66666666666663,0.6059470791603512
ergo_adaptive,gt,3970,330.75,0.6060394618175308
ergo_adaptive,gt,3971,330.83333333333337,0.6061670537860285
ergo_adaptive,gt,3972,330.91666666666663,0.606319531568848
ergo_adaptive,gt,3973,331.0,0.6064495428156065
ergo_adaptive,gt,3974,331.08333333333337,0.60654612933905
ergo_adaptive,gt,3975,331.16666666666663,0.6066753236615656
ergo_adaptive,gt,3976,331.25,0.6068611752522103
ergo_adaptive,gt,3977,331.33333333333337,0.607029026046184
ergo_adaptive,gt,3978,331.41666666666663,0.6070874641114984
ergo_adaptive,gt,3979,331.5,0.6071839726704563
ergo_adaptive,gt,3980,331.58333333333337,0.6074100880351766
ergo_adaptive,gt,3981,331.66666666666663,0.6076663646421643
ergo_adaptive,gt,3982,331.75,0.607853198539612
ergo_adaptive,gt,3983,331.83333333333337,0.6080081220716811
ergo_adaptive,gt,3984,331.91666666666663,0.6082160656468312
ergo_adaptive,gt,3985,332.0,0.6084625007183193
ergo_adaptive,gt,3986,332.08333333333337,0.6086891637430204
ergo_adaptive,gt,3987,332.16666666666663,0.6088693420539398
ergo_adaptive,gt,3988,332.25,0.6090295235884828
ergo_adaptive,gt,3989,332.33333333333337,0.6092146232867816
ergo_adaptive,gt,3990,332.41666666666663,0.6094159471573748
ergo_adaptive,gt,3991,332.5,0.6095586765755494
ergo_adaptive,gt,3992,332.58333333333337,0.6096073036725635
ergo_adaptive,gt,3993,332.66666666666663,0.6097638266127017
ergo_adaptive,gt,3994,332.75,0.6100369217629186
ergo_adaptive,gt,3995,332.83333333333337,0.6103108723369931
ergo_adaptive,gt,3996,332.91666666666663,0.6105242270034392
ergo_adaptive,gt,3997,333.0,0.610729564560107
ergo_adaptive,gt,3998,333.08333333333337,0.6106757838937605
ergo_adaptive,gt,3999,333.16666666666663,0.6107452100633505
ergo_adaptive,gt,4000,333.25,0.6108982769052818
ergo_adaptive,gt,4001,333.33333333333337,0.6110795623571603
ergo_adaptive,gt,4002,333.41666666666663,0.6112588577769094
ergo_adaptive,gt,4003,333.5,0.611467150577849
ergo_adaptive,gt,4004,333.58333333333337,0.6117155318145497
ergo_adaptive,gt,4005,333.66666666666663,0.6119602990374766
ergo_adaptive,gt,4006,333.75,0.6121624232882438
ergo_adaptive,gt,4007,333.83333333333337,0.6123581183309879
ergo_adaptive,gt,4008,333.91666666666663,0.6126085857479378
ergo_adaptive,gt,4009,334.0,0.612883494964501
ergo_adaptive,gt,4010,334.08333333333337,0.6130801340069373
ergo_adaptive,gt,4011,334.16666666666663,0.6131950638109814
ergo_adaptive,gt,4012,334.25,0.6134492458689585
ergo_adaptive,gt,4013,334.33333333333337,0.6138083405073494
ergo_adaptive,gt,4014,334.41666666666663,0.6141376242280384
ergo_adaptive,gt,4015,334.5,0.614391648625669
ergo_adaptive,gt,4016,334.58333333333337,0.6146626766178113
ergo_adaptive,gt,4017,334.66666666666663,0.6149912753494875
ergo_adaptive,gt,4018,334.75,0.6153286129695954
ergo_adaptive,gt,4019,334.83333333333337,0.61561914384598
ergo_adaptive,gt,4020,334.91666666666663,0.6158590813809097
ergo_adaptive,gt,4021,335.0,0.6161012551156166
ergo_adaptive,gt,4022,335.08333333333337,0.6163795837406323
ergo_adaptive,gt,4023,335.16666666666663,0.6166384809849966
ergo_adaptive,gt,4024,335.25,0.6167821103805615
ergo_adaptive,gt,4025,335.33333333333337,0.6169199051596508
ergo_adaptive,gt,4026,335.41666666666663,0.6172043524954566
ergo_adaptive,gt,4027,335.5,0.6175426017412157
ergo_adaptive,gt,4028,335.58333333333337,0.6178096685848871
ergo_adaptive,gt,4029,335.66666666666663,0.6180196976479797
ergo_adaptive,gt,4030,335.75,0.6182752825418393
ergo_adaptive,gt,4031,335.83333333333337,0.6185772120613753
ergo_adaptive,gt,4032,335.91666666666663,0.6188612339148322
ergo_adaptive,gt,4033,336.0,0.619089203922781
ergo_adaptive,gt,4034,336.08333333333337,0.619284700662588
ergo_adaptive,gt,4035,336.16666666666663,0.6194966733678231
ergo_adaptive,gt,4036,336.25,0.619723310252917
ergo_adaptive,gt,4037,336.33333333333337,0.6198946560261457
ergo_adaptive,gt,4038,336.41666666666663,0.6199660392370578
ergo_adaptive,gt,4039,336.5,0.6200956168589867
ergo_adaptive,gt,4040,336.58333333333337,0.6203357998842131
ergo_adaptive,gt,4041,336.66666666666663,0.6205731979217506
ergo_adaptive,gt,4042,336.75,0.6207205316480882
ergo_adaptive,gt,4043,336.83333333333337,0.6208602236057277
ergo_adaptive,gt,4044,336.91666666666663,0.6210718596507103
ergo_adaptive,gt,4045,337.0,0.621310768488157
ergo_adaptive,gt,4046,337.08333333333337,0.6215083861167214
ergo_adaptive,gt,4047,337.16666666666663,0.6216561208033059
ergo_adaptive,gt,4048,337.25,0.621797269101615
ergo_adaptive,gt,4049,337.33333333333337,0.6219566687006028
ergo_adaptive,gt,4050,337.41666666666663,0.6221013141255344
ergo_adaptive,gt,4051,337.5,0.6221776270961095
ergo_adaptive,gt,4052,337.58333333333337,0.6222124479753213
ergo_adaptive,gt,4053,337.66666666666663,0.6223094432818312
ergo_adaptive,gt,4054,337.75,0.6224524432229275
ergo_adaptive,gt,4055,337.83333333333337,0.6225283352937196
ergo_adaptive,gt,4056,337.91666666666663,0.622499216358417
ergo_adaptive,gt,4057,338.0,0.6225681567798632
ergo_adaptive,gt,4058,338.08333333333337,0.6227335213309392
ergo_adaptive,gt,4059,338.16666666666663,0.6228802005499109
ergo_adaptive,gt,4060,338.25,0.6229435317905625
ergo_adaptive,gt,4061,338.33333333333337,0.6229861947393577
ergo_adaptive,gt,4062,338.41666666666663,0.6230712291039533
ergo_adaptive,gt,4063,338.5,0.6230195043439776
ergo_adaptive,gt,4064,338.58333333333337,0.6227741592287803
ergo_adaptive,gt,4065,338.66666666666663,0.6224327007486087
ergo_adaptive,gt,4066,338.75,0.6220404997724305
ergo_adaptive,gt,4067,338.83333333333337,0.6216199711423374
ergo_adaptive,gt,4068,338.91666666666663,0.621153065638179
ergo_adaptive,gt,4069,339.0,0.6206920975382925
ergo_adaptive,gt,4070,339.08333333333337,0.6202386978336863
ergo_adaptive,gt,4071,339.16666666666663,0.6197928601412223
ergo_adaptive,gt,4072,339.25,0.619353651419262
ergo_adaptive,gt,4073,339.33333333333337,0.6189062333605717
ergo_adaptive,gt,4074,339.41666666666663,0.618464640728273
ergo_adaptive,gt,4075,339.5,0.6180315357018434
ergo_adaptive,gt,4076,339.58333333333337,0.617605371111783
ergo_adaptive,gt,4077,339.66666666666663,0.6171848606563132
ergo_adaptive,gt,4078,339.75,0.6167639310750616
ergo_adaptive,gt,4079,339.83333333333337,0.6163447470656112
ergo_adaptive,gt,4080,339.91666666666663,0.6159234098274647
ergo_adaptive,gt,4081,340.0,0.6155074169474037
ergo_adaptive,gt,4082,340.08333333333337,0.6150941759169667
ergo_adaptive,gt,4083,340.16666666666663,0.614679493527305
ergo_adaptive,gt,4084,340.25,0.6142778994620363
ergo_adaptive,gt,4085,340.33333333333337,0.6138747351931182
ergo_adaptive,gt,4086,340.41666666666663,0.6134763395674612
ergo_adaptive,gt,4087,340.5,0.6130805849361728
ergo_adaptive,gt,4088,340.58333333333337,0.6126872984903081
ergo_adaptive,gt,4089,340.66666666666663,0.6122953090823015
ergo_adaptive,gt,4090,340.75,0.6118991349764612
ergo_adaptive,gt,4091,340.83333333333337,0.6115675349683993
ergo_adaptive,gt,4092,340.91666666666663,0.6112236506275127
ergo_adaptive,gt,4093,341.0,0.6108830982583126
ergo_adaptive,gt,4094,341.08333333333337,0.6105421338077502
ergo_adaptive,gt,4095,341.16666666666663,0.6102013771591482
ergo_adaptive,gt,4096,341.25,0.6098612037954877
ergo_adaptive,gt,4097,341.33333333333337,0.6095400025660724
ergo_adaptive,gt,4098,341.41666666666663,0.6093106086523646
ergo_adaptive,gt,4099,341.5,0.6090633322646754
ergo_adaptive,gt,4100,341.58333333333337,0.608778683305659
ergo_adaptive,gt,4101,341.66666666666663,0.6085354675384751
ergo_adaptive,gt,4102,341.75,0.6082243258031126
ergo_adaptive,gt,4103,341.83333333333337,0.6079985032416756
ergo_adaptive,gt,4104,341.91666666666663,0.6077246665899574
ergo_adaptive,gt,4105,342.0,0.6074397259248253
ergo_adaptive,gt,4106,342.08333333333337,0.6071564323731149
ergo_adaptive,gt,4107,342.16666666666663,0.6069272510093233
ergo_adaptive,gt,4108,342.25,0.6066809038406642
ergo_adaptive,gt,4109,342.33333333333337,0.6064235158278704
ergo_adaptive,gt,4110,342.41666666666663,0.606158656568871
ergo_adaptive,gt,4111,342.5,0.6058895280169688
ergo_adaptive,gt,4112,342.58333333333337,0.6056210463790599
ergo_adaptive,gt,4113,342.66666666666663,0.6053769985722108
ergo_adaptive,gt,4114,342.75,0.6051187208542792
ergo_adaptive,gt,4115,342.83333333333337,0.6048514522749551
ergo_adaptive,gt,4116,342.91666666666663,0.6045792862471641
ergo_adaptive,gt,4117,343.0,0.604316612719787
ergo_adaptive,gt,4118,343.08333333333337,0.6040562760624226
ergo_adaptive,gt,4119,343.16666666666663,0.6037683125330405
ergo_adaptive,gt,4120,343.25,0.6034730226622126
ergo_adaptive,gt,4121,343.33333333333337,0.6031691085779403
ergo_adaptive,gt,4122,343.41666666666663,0.6028644195675593
ergo_adaptive,gt,4123,343.5,0.6025657328311886
ergo_adaptive,gt,4124,343.58333333333337,0.6022911580206494
ergo_adaptive,gt,4125,343.66666666666663,0.6020486497084901
ergo_adaptive,gt,4126,343.75,0.6018097532773367
ergo_adaptive,gt,4127,343.83333333333337,0.6016122106185561
ergo_adaptive,gt,4128,343.91666666666663,0.6015106040824758
ergo_adaptive,gt,4129,344.0,0.6013679767298146
ergo_adaptive,gt,4130,344.08333333333337,0.6011992550529864
ergo_adaptive,gt,4131,344.16666666666663,0.6010148597664329
ergo_adaptive,gt,4132,344.25,0.6008276146903607
ergo_adaptive,gt,4133,344.33333333333337,0.6006926172092487
ergo_adaptive,gt,4134,344.41666666666663,0.6005394112973099
ergo_adaptive,gt,4135,344.5,0.6004232867548926
ergo_adaptive,gt,4136,344.58333333333337,0.600269763586861
ergo_adaptive,gt,4137,344.66666666666663,0.6001082423999601
ergo_adaptive,gt,4138,344.75,0.5999608662036455
ergo_adaptive,gt,4139,344.83333333333337,0.5998082496699411
ergo_adaptive,gt,4140,344.91666666666663,0.599700311974118
ergo_adaptive,gt,4141,345.0,0.5995450798791754
ergo_adaptive,gt,4142,345.08333333333337,0.5993652099190786
ergo_adaptive,gt,4143,345.16666666666663,0.5992751394930894
ergo_adaptive,gt,4144,345.25,0.5991326095717038
ergo_adaptive,gt,4145,345.33333333333337,0.5989588666800499
ergo_adaptive,gt,4146,345.41666666666663,0.5987679633921996
ergo_adaptive,gt,4147,345.5,0.5985854273264175
ergo_adaptive,gt,4148,345.58333333333337,0.598445560940562
ergo_adaptive,gt,4149,345.66666666666663,0.5982795727185483
ergo_adaptive,gt,4150,345.75,0.5980981162910609
ergo_adaptive,gt,4151,345.83333333333337,0.5979182573256584
ergo_adaptive,gt,4152,345.91666666666663,0.597789448662051
ergo_adaptive,gt,4153,346.0,0.5976297384537743
ergo_adaptive,gt,4154,346.08333333333337,0.5974501163977312
ergo_adaptive,gt,4155,346.16666666666663,0.5972666948584701
ergo_adaptive,gt,4156,346.25,0.5971085831722609
ergo_adaptive,gt,4157,346.33333333333337,0.5969219306067649
ergo_adaptive,gt,4158,346.41666666666663,0.5967211836755685
ergo_adaptive,gt,4159,346.5,0.5965705374812734
ergo_adaptive,gt,4160,346.58333333333337,0.5963879897303506
ergo_adaptive,gt,4161,346.66666666666663,0.5961849444578157
ergo_adaptive,gt,4162,346.75,0.5959691170506515
ergo_adaptive,gt,4163,346.83333333333337,0.5957453520569389
ergo_adaptive,gt,4164,346.91666666666663,0.5955170455883969
ergo_adaptive,gt,4165,347.0,0.5952868746978789
ergo_adaptive,gt,4166,347.08333333333337,0.5950587646617954
ergo_adaptive,gt,4167,347.16666666666663,0.5948990787104939
ergo_adaptive,gt,4168,347.25,0.5947215360600243
ergo_adaptive,gt,4169,347.33333333333337,0.5945341109598482
ergo_adaptive,gt,4170,347.41666666666663,0.5943409159823755
ergo_adaptive,gt,4171,347.5,0.594144519917812
ergo_adaptive,gt,4172,347.58333333333337,0.5939468323853241
ergo_adaptive,gt,4173,347.66666666666663,0.5937496084460897
ergo_adaptive,gt,4174,347.75,0.5935551666350504
ergo_adaptive,gt,4175,347.83333333333337,0.5933704493709463
ergo_adaptive,gt,4176,347.91666666666663,0.5932703888738454
ergo_adaptive,gt,4177,348.0,0.593146473022295
ergo_adaptive,gt,4178,348.08333333333337,0.5930048275444861
ergo_adaptive,gt,4179,348.16666666666663,0.5928510084679096
ergo_adaptive,gt,4180,348.25,0.5926885133737203
ergo_adaptive,gt,4181,348.33333333333337,0.5925198890774255
ergo_adaptive,gt,4182,348.41666666666663,0.5923470489186983
ergo_adaptive,gt,4183,348.5,0.5921714917754038
ergo_adaptive,gt,4184,348.58333333333337,0.5919944963753515
ergo_adaptive,gt,4185,348.66666666666663,0.5918174035010307
ergo_adaptive,gt,4186,348.75,0.5916425565832304
ergo_adaptive,gt,4187,348.83333333333337,0.5914863882451074
ergo_adaptive,gt,4188,348.91666666666663,0.5913047693129284
ergo_adaptive,gt,4189,349.0,0.5911380071206424
ergo_adaptive,gt,4190,349.08333333333337,0.590958615562947
ergo_adaptive,gt,4191,349.16666666666663,0.5907709674341698
ergo_adaptive,gt,4192,349.25,0.5905772839401211
ergo_adaptive,gt,4193,349.33333333333337,0.5903786796921185
ergo_adaptive,gt,4194,349.41666666666663,0.5901754933838851
ergo_adaptive,gt,4195,349.5,0.5899671832999429
ergo_adaptive,gt,4196,349.58333333333337,0.5897492844602302
ergo_adaptive,gt,4197,349.66666666666663,0.5895235635600794
ergo_adaptive,gt,4198,349.75,0.5892973119193319
ergo_adaptive,gt,4199,349.83333333333337,0.5890653078169752
ergo_adaptive,gt,4200,349.91666666666663,0.5888234914356762
ergo_adaptive,gt,4201,350.0,0.5886376924623798
ergo_adaptive,gt,4202,350.08333333333337,0.5884284375339209
ergo_adaptive,gt,4203,350.16666666666663,0.5882144216105641
ergo_adaptive,gt,4204,350.25,0.5879992791989486
ergo_adaptive,gt,4205,350.33333333333337,0.5877852018978802
ergo_adaptive,gt,4206,350.41666666666663,0.5875749392680876
ergo_adaptive,gt,4207,350.5,0.5873716462692085
ergo_adaptive,gt,4208,350.58333333333337,0.5871782089232294
ergo_adaptive,gt,4209,350.66666666666663,0.5869965420531311
ergo_adaptive,gt,4210,350.75,0.586826517160542
ergo_adaptive,gt,4211,350.83333333333337,0.5866682449177381
ergo_adaptive,gt,4212,350.91666666666663,0.5865224803489065
ergo_adaptive,gt,4213,351.0,0.5863912555392614
ergo_adaptive,gt,4214,351.08333333333337,0.5862797991450217
ergo_adaptive,gt,4215,351.16666666666663,0.5862063163028294
ergo_adaptive,gt,4216,351.25,0.5862843936741117
ergo_adaptive,gt,4217,351.33333333333337,0.586305974427854
ergo_adaptive,gt,4218,351.41666666666663,0.5862916156078647
ergo_adaptive,gt,4219,351.5,0.5862551090208322
ergo_adaptive,gt,4220,351.58333333333337,0.5862085264989292
ergo_adaptive,gt,4221,351.66666666666663,0.5861689270805407
ergo_adaptive,gt,4222,351.75,0.5861616223583718
ergo_adaptive,gt,4223,351.83333333333337,0.5861419429831001
ergo_adaptive,gt,4224,351.91666666666663,0.5861304459559532
ergo_adaptive,gt,4225,352.0,0.5861492106003172
ergo_adaptive,gt,4226,352.08333333333337,0.586247434517275
ergo_adaptive,gt,4227,352.16666666666663,0.5864244706880882
ergo_adaptive,gt,4228,352.25,0.5866523152829288
ergo_adaptive,gt,4229,352.33333333333337,0.5868891950803728
ergo_adaptive,gt,4230,352.41666666666663,0.5871096910851392
ergo_adaptive,gt,4231,352.5,0.5873205675116097
ergo_adaptive,gt,4232,352.58333333333337,0.5875456912883383
ergo_adaptive,gt,4233,352.66666666666663,0.5877942234505175
ergo_adaptive,gt,4234,352.75,0.588046070259623
ergo_adaptive,gt,4235,352.83333333333337,0.5882612850545335
ergo_adaptive,gt,4236,352.91666666666663,0.5884089453679344
ergo_adaptive,gt,4237,353.0,0.5884893998457154
ergo_adaptive,gt,4238,353.08333333333337,0.5885251840564899
ergo_adaptive,gt,4239,353.16666666666663,0.5885346033036765
ergo_adaptive,gt,4240,353.25,0.5885244060467668
ergo_adaptive,gt,4241,353.33333333333337,0.5884950027177338
ergo_adaptive,gt,4242,353.41666666666663,0.5884456763493718
ergo_adaptive,gt,4243,353.5,0.5883765568105019
ergo_adaptive,gt,4244,353.58333333333337,0.5882897226361402
ergo_adaptive,gt,4245,353.66666666666663,0.5881789340233454
ergo_adaptive,gt,4246,353.75,0.5880526523262244
ergo_adaptive,gt,4247,353.83333333333337,0.5878860876388528
ergo_adaptive,gt,4248,353.91666666666663,0.5877150557018376
ergo_adaptive,gt,4249,354.0,0.5875419344521541
ergo_adaptive,gt,4250,354.08333333333337,0.5873681933273136
ergo_adaptive,gt,4251,354.16666666666663,0.5871946876142923
ergo_adaptive,gt,4252,354.25,0.5870218559311633
ergo_adaptive,gt,4253,354.33333333333337,0.5868498532341753
ergo_adaptive,gt,4254,354.41666666666663,0.5866786402395073
ergo_adaptive,gt,4255,354.5,0.586508042488594
ergo_adaptive,gt,4256,354.58333333333337,0.5863377872128055
ergo_adaptive,gt,4257,354.66666666666663,0.586167522341044
ergo_adaptive,gt,4258,354.75,0.5859968179830868
ergo_adaptive,gt,4259,354.83333333333337,0.5858251431606765
ergo_adaptive,gt,4260,354.91666666666663,0.58565178237774
ergo_adaptive,gt,4261,355.0,0.5854753399964082
ergo_adaptive,gt,4262,355.08333333333337,0.5852910640770232
ergo_adaptive,gt,4263,355.16666666666663,0.5850971220243756
ergo_adaptive,gt,4264,355.25,0.5848965656499552
ergo_adaptive,gt,4265,355.33333333333337,0.584691275295859
ergo_adaptive,gt,4266,355.41666666666663,0.5844824008884051
ergo_adaptive,gt,4267,355.5,0.5842705992319351
ergo_adaptive,gt,4268,355.58333333333337,0.5840562410742524
ergo_adaptive,gt,4269,355.66666666666663,0.5838396553459302
ergo_adaptive,gt,4270,355.75,0.5836216273566442
ergo_adaptive,gt,4271,355.83333333333337,0.583404950954157
ergo_adaptive,gt,4272,355.91666666666663,0.5832000295548021
ergo_adaptive,gt,4273,356.0,0.5830319789715958
ergo_adaptive,gt,4274,356.08333333333337,0.5829572593578347
ergo_adaptive,gt,4275,356.16666666666663,0.5828765559703184
ergo_adaptive,gt,4276,356.25,0.582775564623763
ergo_adaptive,gt,4277,356.33333333333337,0.5826623679378305
ergo_adaptive,gt,4278,356.41666666666663,0.5825420649172816
ergo_adaptive,gt,4279,356.5,0.5824179577336225
ergo_adaptive,gt,4280,356.58333333333337,0.5822922537706918
ergo_adaptive,gt,4281,356.66666666666663,0.5821664838123991
ergo_adaptive,gt,4282,356.75,0.5820417564416324
ergo_adaptive,gt,4283,356.83333333333337,0.5819189193043921
ergo_adaptive,gt,4284,356.91666666666663,0.5817986683764413
ergo_adaptive,gt,4285,357.0,0.5816816306845566
ergo_adaptive,gt,4286,357.08333333333337,0.5815684397453417
ergo_adaptive,gt,4287,357.16666666666663,0.5814598255546874
ergo_adaptive,gt,4288,357.25,0.5813567590885826
ergo_adaptive,gt,4289,357.33333333333337,0.5812607573228716
ergo_adaptive,gt,4290,357.41666666666663,0.581174733858145
ergo_adaptive,gt,4291,357.5,0.5811065226496871
ergo_adaptive,gt,4292,357.58333333333337,0.5810978641942358
ergo_adaptive,gt,4293,357.66666666666663,0.581139509832774
ergo_adaptive,gt,4294,357.75,0.5811440859556581
ergo_adaptive,gt,4295,357.83333333333337,0.5811816333788287
ergo_adaptive,gt,4296,357.91666666666663,0.5811361667970295
ergo_adaptive,gt,4297,358.0,0.5810415333849075
ergo_adaptive,gt,4298,358.08333333333337,0.5809170185858402
ergo_adaptive,gt,4299,358.16666666666663,0.5807762792979956
ergo_adaptive,gt,4300,358.25,0.5806603995726013
ergo_adaptive,gt,4301,358.33333333333337,0.5804934228935661
ergo_adaptive,gt,4302,358.41666666666663,0.5803257893053523
ergo_adaptive,gt,4303,358.5,0.5801628388355549
ergo_adaptive,gt,4304,358.58333333333337,0.580034607211448
ergo_adaptive,gt,4305,358.66666666666663,0.5799196452390475
ergo_adaptive,gt,4306,358.75,0.5797993013028184
ergo_adaptive,gt,4307,358.83333333333337,0.5796704259701244
ergo_adaptive,gt,4308,358.91666666666663,0.5795358384111495
ergo_adaptive,gt,4309,359.0,0.5793976572754046
ergo_adaptive,gt,4310,359.08333333333337,0.5792574172896197
ergo_adaptive,gt,4311,359.16666666666663,0.579116201509994
ergo_adaptive,gt,4312,359.25,0.5789747571017313
ergo_adaptive,gt,4313,359.33333333333337,0.5788335875137238
ergo_adaptive,gt,4314,359.41666666666663,0.5786930225159717
ergo_adaptive,gt,4315,359.5,0.5785532700256716
ergo_adaptive,gt,4316,359.58333333333337,0.5784144538170056
ergo_adaptive,gt,4317,359.66666666666663,0.5782766406307666
ergo_adaptive,gt,4318,359.75,0.5781398594733828
ergo_adaptive,gt,4319,359.83333333333337,0.5780041152330401
ergo_adaptive,gt,4320,359.91666666666663,0.5778693982007853
ergo_adaptive,gt,4321,360.0,0.5777356906663792
ergo_adaptive,target_error,1,0.0,0.16514549551861527
ergo_adaptive,target_error,2,0.08333333333337123,0.1651937421031015
ergo_adaptive,target_error,3,0.16666666666662877,0.16521457644810836
ergo_adaptive,target_error,4,0.25,0.1652319022104588
ergo_adaptive,target_error,5,0.33333333333337123,0.16524206372563838
ergo_adaptive,target_error,6,0.41666666666662877,0.16525143109514653
ergo_adaptive,target_error,7,0.5,0.1652661022949538
ergo_adaptive,target_error,8,0.5833333333333712,0.16527618920506118
ergo_adaptive,target_error,9,0.6666666666666288,0.16528303259681332
ergo_adaptive,target_error,10,0.75,0.16529546015283825
ergo_adaptive,target_error,11,0.8333333333333712,0.16530947959978293
ergo_adaptive,target_error,12,0.9166666666666288,0.1653174697242402
ergo_adaptive,target_error,13,1.0,0.16533419037907202
ergo_adaptive,target_error,14,1.0833333333333712,0.16534997218280473
ergo_adaptive,target_error,15,1.1666666666666288,0.16535719443424315
ergo_adaptive,target_error,16,1.25,0.16536926202907495
ergo_adaptive,target_error,17,1.3333333333333712,0.1653821855626144
ergo_adaptive,target_error,18,1.4166666666666288,0.16540275749673394
ergo_adaptive,target_error,19,1.5,0.1654187730736554
ergo_adaptive,target_error,20,1.5833333333333712,0.16542704911098396
ergo_adaptive,target_error,21,1.6666666666666288,0.16543440000180937
ergo_adaptive,target_error,22,1.75,0.16544721697442732
ergo_adaptive,target_error,23,1.8333333333333712,0.16546164168389255
ergo_adaptive,target_error,24,1.9166666666666288,0.16548302303719636
ergo_adaptive,target_error,25,2.0,0.16549740022317894
ergo_adaptive,target_error,26,2.0833333333333712,0.16550801999877693
ergo_adaptive,target_error,27,2.1666666666666288,0.16551963995967653
ergo_adaptive,target_error,28,2.25,0.16553437566151294
ergo_adaptive,target_error,29,2.3333333333333712,0.16554818172192778
ergo_adaptive,target_error,30,2.4166666666666288,0.1655606575806268
ergo_adaptive,target_error,31,2.5,0.16556948147449665
ergo_adaptive,target_error,32,2.5833333333333712,0.16558383760548945
ergo_adaptive,target_error,33,2.6666666666666288,0.1655952895121788
ergo_adaptive,target_error,34,2.75,0.16560589001066597
ergo_adaptive,target_error,35,2.8333333333333712,0.1656177346179766
ergo_adaptive,target_error,36,2.9166666666666288,0.16563325664408093
ergo_adaptive,target_error,37,3.0,0.16563971539732086
ergo_adaptive,target_error,38,3.0833333333333712,0.16563427396600008
ergo_adaptive,target_error,39,3.1666666666666288,0.16565660076785732
ergo_adaptive,target_error,40,3.25,0.16566320374932833
ergo_adaptive,target_error,41,3.3333333333333712,0.16568010504974467
ergo_adaptive,target_error,42,3.4166666666666288,0.16570250966106928
ergo_adaptive,target_error,43,3.5,0.1657070265966249
ergo_adaptive,target_error,44,3.5833333333333712,0.16573728002874122
ergo_adaptive,target_error,45,3.6666666666666288,0.16573100015575812
ergo_adaptive,target_error,46,3.75,0.1657327705819687
ergo_adaptive,target_error,47,3.8333333333333712,0.1657260080765246
ergo_adaptive,target_error,48,3.9166666666666288,0.1657436822552972
ergo_adaptive,target_error,49,4.0,0.1657172796840316
ergo_adaptive,target_error,50,4.083333333333371,0.165743830636684
ergo_adaptive,target_error,51,4.166666666666629,0.16575547710468724
ergo_adaptive,target_error,52,4.25,0.16579137658732504
ergo_adaptive,target_error,53,4.333333333333371,0.16580571913310846
ergo_adaptive,target_error,54,4.416666666666629,0.16576827770716188
ergo_adaptive,target_error,55,4.5,0.16574291683854886
ergo_adaptive,target_error,56,4.583333333333371,0.16575758835846385
ergo_adaptive,target_error,57,4.666666666666629,0.1656848209138588
ergo_adaptive,target_error,58,4.75,0.16575930796225785
ergo_adaptive,target_error,59,4.833333333333371,0.16575521432718143
ergo_adaptive,target_error,60,4.916666666666629,0.16581956266715803
ergo_adaptive,target_error,61,5.0,0.1658572133812214
ergo_adaptive,target_error,62,5.083333333333371,0.16588989301349732
ergo_adaptive,target_error,63,5.166666666666629,0.1659275374207518
ergo_adaptive,target_error,64,5.25,0.1658986372184218
ergo_adaptive,target_error,65,5.333333333333371,0.16593716839912892
ergo_adaptive,target_error,66,5.416666666666629,0.16587104614798465
ergo_adaptive,target_error,67,5.5,0.16589406155497555
ergo_adaptive,target_error,68,5.583333333333371,0.1659669346106493
ergo_adaptive,target_error,69,5.666666666666629,0.16596455489927878
ergo_adaptive,target_error,70,5.75,0.16592961012535967
ergo_adaptive,target_error,71,5.833333333333371,0.16599658440851883
ergo_adaptive,target_error,72,5.916666666666629,0.16605455310926054
ergo_adaptive,target_error,73,6.0,0.1661032738898369
ergo_adaptive,target_error,74,6.083333333333371,0.1661274431223724
ergo_adaptive,target_error,75,6.166666666666629,0.1661342908382584
ergo_adaptive,target_error,76,6.25,0.16614009936550395
ergo_adaptive,target_error,77,6.333333333333371,0.16614994234998642
ergo_adaptive,target_error,78,6.416666666666629,0.16615855336460086
ergo_adaptive,target_error,79,6.5,0.16618421940609648
ergo_adaptive,target_error,80,6.583333333333371,0.1662167668884471
ergo_adaptive,target_error,81,6.666666666666629,0.16624971066042338
ergo_adaptive,target_error,82,6.75,0.16629223785576056
ergo_adaptive,target_error,83,6.833333333333371,0.1663157809321346
ergo_adaptive,target_error,84,6.916666666666629,0.16634130975175704
ergo_adaptive,target_error,85,7.0,0.16635699611658777
ergo_adaptive,target_error,86,7.083333333333371,0.1663635047950167
ergo_adaptive,target_error,87,7.166666666666629,0.16638536731344614
ergo_adaptive,target_error,88,7.25,0.1664042297808609
ergo_adaptive,target_error,89,7.333333333333371,0.16641357706288232
ergo_adaptive,target_error,90,7.416666666666629,0.1664390370692365
ergo_adaptive,target_error,91,7.5,0.16645648162160118
ergo_adaptive,target_error,92,7.583333333333371,0.16646927645344015
ergo_adaptive,target_error,93,7.666666666666629,0.1664920449007531
ergo_adaptive,target_error,94,7.75,0.1665161580481279
ergo_adaptive,target_error,95,7.833333333333371,0.16654354211707925
ergo_adaptive,target_error,96,7.916666666666629,0.16656162282470646
ergo_adaptive,target_error,97,8.0,0.16657771247453104
ergo_adaptive,target_error,98,8.083333333333371,0.1665933239827145
ergo_adaptive,target_error,99,8.166666666666629,0.1666150913046877
ergo_adaptive,target_error,100,8.25,0.16663572856429176
ergo_adaptive,target_error,101,8.333333333333371,0.1666549235946316
ergo_adaptive,target_error,102,8.416666666666629,0.16666978741133204
ergo_adaptive,target_error,103,8.5,0.16668660089807283
ergo_adaptive,target_error,104,8.583333333333371,0.16669989750284975
ergo_adaptive,target_error,105,8.666666666666629,0.16672226971658163
ergo_adaptive,target_error,106,8.75,0.16673799009818827
ergo_adaptive,target_error,107,8.833333333333371,0.16675259853423097
ergo_adaptive,target_error,108,8.916666666666629,0.16676753285808588
ergo_adaptive,target_error,109,9.0,0.16678825599826927
ergo_adaptive,target_error,110,9.083333333333371,0.16678980321182732
ergo_adaptive,target_error,111,9.166666666666629,0.16680719876819575
ergo_adaptive,target_error,112,9.25,0.16683409160371257
ergo_adaptive,target_error,113,9.333333333333371,0.16685934052995444
ergo_adaptive,target_error,114,9.416666666666629,0.16687317801431265
ergo_adaptive,target_error,115,9.5,0.16686708544662082
ergo_adaptive,target_error,116,9.583333333333371,0.1668806071739716
ergo_adaptive,target_error,117,9.666666666666629,0.16687994019401262
ergo_adaptive,target_error,118,9.75,0.16687598696659994
ergo_adaptive,target_error,119,9.833333333333371,0.1668928023556942
ergo_adaptive,target_error,120,9.916666666666629,0.16690721986658838
ergo_adaptive,target_error,121,10.0,0.16684488068193967
ergo_adaptive,target_error,122,10.083333333333371,0.16673708883969632
ergo_adaptive,target_error,123,10.166666666666629,0.16653667623245688
ergo_adaptive,target_error,124,10.25,0.16641542079134805
ergo_adaptive,target_error,125,10.333333333333371,0.1658440638269499
ergo_adaptive,target_error,126,10.416666666666629,0.16605273843584395
ergo_adaptive,target_error,127,10.5,0.16598720203912876
ergo_adaptive,target_error,128,10.583333333333371,0.16551236747820153
ergo_adaptive,target_error,129,10.666666666666629,0.16489765631535533
ergo_adaptive,target_error,130,10.75,0.16490182513514098
ergo_adaptive,target_error,131,10.833333333333371,0.16508476109942663
ergo_adaptive,target_error,132,10.916666666666629,0.1642138416082261
ergo_adaptive,target_error,133,11.0,0.16405975167529516
ergo_adaptive,target_error,134,11.083333333333371,0.1641705130010801
ergo_adaptive,target_error,135,11.166666666666629,0.16349625986205082
ergo_adaptive,target_error,136,11.25,0.16329895982728984
ergo_adaptive,target_error,137,11.333333333333371,0.16339074667046938
ergo_adaptive,target_error,138,11.416666666666629,0.16346406582854262
ergo_adaptive,target_error,139,11.5,0.16300144196949087
ergo_adaptive,target_error,140,11.583333333333371,0.16300383517776337
ergo_adaptive,target_error,141,11.666666666666629,0.1624664146848674
ergo_adaptive,target_error,142,11.75,0.1617436261701887
ergo_adaptive,target_error,143,11.833333333333371,0.16142462944954317
ergo_adaptive,target_error,144,11.916666666666629,0.16113708802942403
ergo_adaptive,target_error,145,12.0,0.1604905791071219
ergo_adaptive,target_error,146,12.083333333333371,0.16126301908024843
ergo_adaptive,target_error,147,12.166666666666629,0.1609093832927375
ergo_adaptive,target_error,148,12.25,0.16097447147107152
ergo_adaptive,target_error,149,12.333333333333371,0.16085372282175334
ergo_adaptive,target_error,150,12.416666666666629,0.1607743172532239
ergo_adaptive,target_error,151,12.5,0.16063184242728665
ergo_adaptive,target_error,152,12.583333333333371,0.16137570347205848
ergo_adaptive,target_error,153,12.666666666666629,0.162217184195497
ergo_adaptive,target_error,154,12.75,0.16228033408930034
ergo_adaptive,target_error,155,12.833333333333371,0.16207468356047658
ergo_adaptive,target_error,156,12.916666666666629,0.16236378470780202
ergo_adaptive,target_error,157,13.0,0.16249889457876307
ergo_adaptive,target_error,158,13.083333333333371,0.16241171431107357
ergo_adaptive,target_error,159,13.166666666666629,0.16269224579189526
ergo_adaptive,target_error,160,13.25,0.16314880692542102
ergo_adaptive,target_error,161,13.333333333333371,0.16314464788276273
ergo_adaptive,target_error,162,13.416666666666629,0.16330347861788114
ergo_adaptive,target_error,163,13.5,0.16341973030678722
ergo_adaptive,target_error,164,13.583333333333371,0.16348804937719635
ergo_adaptive,target_error,165,13.666666666666629,0.16388050221496883
ergo_adaptive,target_error,166,13.75,0.1639202105193877
ergo_adaptive,target_error,167,13.833333333333371,0.16393179389321055
ergo_adaptive,target_error,168,13.916666666666629,0.1639520405190674
ergo_adaptive,target_error,169,14.0,0.1639033118148411
ergo_adaptive,target_error,170,14.083333333333371,0.1639863870472275
ergo_adaptive,target_error,171,14.166666666666629,0.1643481987354946
ergo_adaptive,target_error,172,14.25,0.16434739669305115
ergo_adaptive,target_error,173,14.333333333333371,0.16454226402126745
ergo_adaptive,target_error,174,14.416666666666629,0.1646256311459506
ergo_adaptive,target_error,175,14.5,0.16455208941027222
ergo_adaptive,target_error,176,14.583333333333371,0.16465362422301497
ergo_adaptive,target_error,177,14.666666666666629,0.16470366143893564
ergo_adaptive,target_error,178,14.75,0.16471786733636326
ergo_adaptive,target_error,179,14.833333333333371,0.16465982167814772
ergo_adaptive,target_error,180,14.916666666666629,0.1648094378873539
ergo_adaptive,target_error,181,15.0,0.16487891029547713
ergo_adaptive,target_error,182,15.083333333333371,0.16495707004879434
ergo_adaptive,target_error,183,15.166666666666629,0.16496263662035054
ergo_adaptive,target_error,184,15.25,0.16505888109382272
ergo_adaptive,target_error,185,15.333333333333371,0.1650514668960901
ergo_adaptive,target_error,186,15.416666666666629,0.16516662580407734
ergo_adaptive,target_error,187,15.5,0.1651331781248244
ergo_adaptive,target_error,188,15.583333333333371,0.16505908352110074
ergo_adaptive,target_error,189,15.666666666666629,0.16513523910462052
ergo_adaptive,target_error,190,15.75,0.16514819986137236
ergo_adaptive,target_error,191,15.833333333333371,0.16498440784203425
ergo_adaptive,target_error,192,15.916666666666629,0.1650494564127897
ergo_adaptive,target_error,193,16.0,0.1649793829131727
ergo_adaptive,target_error,194,16.08333333333337,0.16501064257745562
ergo_adaptive,target_error,195,16.16666666666663,0.16494782839370467
ergo_adaptive,target_error,196,16.25,0.16486576563790634
ergo_adaptive,target_error,197,16.33333333333337,0.1646890750984265
ergo_adaptive,target_error,198,16.41666666666663,0.16452980612703585
ergo_adaptive,target_error,199,16.5,0.16411595174376428
ergo_adaptive,target_error,200,16.58333333333337,0.16411451141870728
ergo_adaptive,target_error,201,16.66666666666663,0.16387497907909418
ergo_adaptive,target_error,202,16.75,0.1629486843942696
ergo_adaptive,target_error,203,16.83333333333337,0.1627068008715519
ergo_adaptive,target_error,204,16.91666666666663,0.1625872510443926
ergo_adaptive,target_error,205,17.0,0.16128177049841577
ergo_adaptive,target_error,206,17.08333333333337,0.1597609303871848
ergo_adaptive,target_error,207,17.16666666666663,0.1597622548586734
ergo_adaptive,target_error,208,17.25,0.15578607591745697
ergo_adaptive,target_error,209,17.33333333333337,0.1529703494183442
ergo_adaptive,target_error,210,17.41666666666663,0.15151937418062078
ergo_adaptive,target_error,211,17.5,0.15029725482321943
ergo_adaptive,target_error,212,17.58333333333337,0.15085363523653986
ergo_adaptive,target_error,213,17.66666666666663,0.150746655457255
ergo_adaptive,target_error,214,17.75,0.1522364408633849
ergo_adaptive,target_error,215,17.83333333333337,0.15327678370890244
ergo_adaptive,target_error,216,17.91666666666663,0.15691649948762262
ergo_adaptive,target_error,217,18.0,0.16559984240902656
ergo_adaptive,target_error,218,18.08333333333337,0.1614415131652086
ergo_adaptive,target_error,219,18.16666666666663,0.16033365977120115
ergo_adaptive,target_error,220,18.25,0.16298110764765875
ergo_adaptive,target_error,221,18.33333333333337,0.16303616917659564
ergo_adaptive,target_error,222,18.41666666666663,0.15838585840709168
ergo_adaptive,target_error,223,18.5,0.16114124131471638
ergo_adaptive,target_error,224,18.58333333333337,0.16962016046443065
ergo_adaptive,target_error,225,18.66666666666663,0.17292003951246718
ergo_adaptive,target_error,226,18.75,0.15272070120636722
ergo_adaptive,target_error,227,18.83333333333337,0.15144691838931554
ergo_adaptive,target_error,228,18.91666666666663,0.15143847353157536
ergo_adaptive,target_error,229,19.0,0.15261058647465114
ergo_adaptive,target_error,230,19.08333333333337,0.1479856521688566
ergo_adaptive,target_error,231,19.16666666666663,0.14746956788171675
ergo_adaptive,target_error,232,19.25,0.1474505310561045
ergo_adaptive,target_error,233,19.33333333333337,0.1476420628549756
ergo_adaptive,target_error,234,19.41666666666663,0.14763010619591288
ergo_adaptive,target_error,235,19.5,0.14778103943774482
ergo_adaptive,target_error,236,19.58333333333337,0.14805294845299186
ergo_adaptive,target_error,237,19.66666666666663,0.14845516234097572
ergo_adaptive,target_error,238,19.75,0.1486720712814975
ergo_adaptive,target_error,239,19.83333333333337,0.14898976905807723
ergo_adaptive,target_error,240,19.91666666666663,0.14946387336057568
ergo_adaptive,target_error,241,20.0,0.14964191958253067
ergo_adaptive,target_error,242,20.08333333333337,0.15063485145895317
ergo_adaptive,target_error,243,20.16666666666663,0.15056413335610183
ergo_adaptive,target_error,244,20.25,0.1507243430039256
ergo_adaptive,target_error,245,20.33333333333337,0.15079056098553828
ergo_adaptive,target_error,246,20.41666666666663,0.15064105289441607
ergo_adaptive,target_error,247,20.5,0.152189838152735
ergo_adaptive,target_error,248,20.58333333333337,0.15301761999126565
ergo_adaptive,target_error,249,20.66666666666663,0.15322485135756272
ergo_adaptive,target_error,250,20.75,0.15335886782280955
ergo_adaptive,target_error,251,20.83333333333337,0.15363876622512587
ergo_adaptive,target_error,252,20.91666666666663,0.15406001097355834
ergo_adaptive,target_error,253,21.0,0.154218155135912
ergo_adaptive,target_error,254,21.08333333333337,0.15375076365319218
ergo_adaptive,target_error,255,21.16666666666663,0.154603655933385
ergo_adaptive,target_error,256,21.25,0.15468588671747657
ergo_adaptive,target_error,257,21.33333333333337,0.15554363471458513
ergo_adaptive,target_error,258,21.41666666666663,0.15506632391537092
ergo_adaptive,target_error,259,21.5,0.15537452852578829
ergo_adaptive,target_error,260,21.58333333333337,0.15591611280080608
ergo_adaptive,target_error,261,21.66666666666663,0.15547418602340954
ergo_adaptive,target_error,262,21.75,0.1555845593471272
ergo_adaptive,target_error,263,21.83333333333337,0.15664912492309463
ergo_adaptive,target_error,264,21.91666666666663,0.15546838673518062
ergo_adaptive,target_error,265,22.0,0.15614316513634355
ergo_adaptive,target_error,266,22.08333333333337,0.1561076205912189
ergo_adaptive,target_error,267,22.16666666666663,0.15746678729114028
ergo_adaptive,target_error,268,22.25,0.15704208890409654
ergo_adaptive,target_error,269,22.33333333333337,0.15730341888309962
ergo_adaptive,target_error,270,22.41666666666663,0.15695140235263919
ergo_adaptive,target_error,271,22.5,0.15732511849784164
ergo_adaptive,target_error,272,22.58333333333337,0.15716303376115862
ergo_adaptive,target_error,273,22.66666666666663,0.15734044480220732
ergo_adaptive,target_error,274,22.75,0.1579477739111457
ergo_adaptive,target_error,275,22.83333333333337,0.1588282654307381
ergo_adaptive,target_error,276,22.91666666666663,0.15865455884665475
ergo_adaptive,target_error,277,23.0,0.15872636491331302
ergo_adaptive,target_error,278,23.08333333333337,0.15848638445522212
ergo_adaptive,target_error,279,23.16666666666663,0.15950213968659674
ergo_adaptive,target_error,280,23.25,0.16008706681633458
ergo_adaptive,target_error,281,23.33333333333337,0.1602491375955943
ergo_adaptive,target_error,282,23.41666666666663,0.16094940256616552
ergo_adaptive,target_error,283,23.5,0.1616647819158319
ergo_adaptive,target_error,284,23.58333333333337,0.16134034188224627
ergo_adaptive,target_error,285,23.66666666666663,0.16156999612998577
ergo_adaptive,target_error,286,23.75,0.1618254539929897
ergo_adaptive,target_error,287,23.83333333333337,0.16188695278268744
ergo_adaptive,target_error,288,23.91666666666663,0.16210170142616118
ergo_adaptive,target_error,289,24.0,0.16260656990780903
ergo_adaptive,target_error,290,24.08333333333337,0.16265367936743375
ergo_adaptive,target_error,291,24.16666666666663,0.16307478169709844
ergo_adaptive,target_error,292,24.25,0.16298481183211969
ergo_adaptive,target_error,293,24.33333333333337,0.1629266541055979
ergo_adaptive,target_error,294,24.41666666666663,0.16319634693831442
ergo_adaptive,target_error,295,24.5,0.16328826429926813
ergo_adaptive,target_error,296,24.58333333333337,0.16361671195797517
ergo_adaptive,target_error,297,24.66666666666663,0.16386194380511704
ergo_adaptive,target_error,298,24.75,0.1639231943912428
ergo_adaptive,target_error,299,24.83333333333337,0.16383901587694416
ergo_adaptive,target_error,300,24.91666666666663,0.16412289615732809
ergo_adaptive,target_error,301,25.0,0.16447967969277877
ergo_adaptive,target_error,302,25.08333333333337,0.16453717271253684
ergo_adaptive,target_error,303,25.16666666666663,0.16478700120918746
ergo_adaptive,target_error,304,25.25,0.16451393453952465
ergo_adaptive,target_error,305,25.33333333333337,0.16473144200275983
ergo_adaptive,target_error,306,25.41666666666663,0.16486523436493974
ergo_adaptive,target_error,307,25.5,0.16478371968582783
ergo_adaptive,target_error,308,25.58333333333337,0.16493767954382552
ergo_adaptive,target_error,309,25.66666666666663,0.16529458791241367
ergo_adaptive,target_error,310,25.75,0.16549358801127861
ergo_adaptive,target_error,311,25.83333333333337,0.16568808508252775
ergo_adaptive,target_error,312,25.91666666666663,0.16560302720658077
ergo_adaptive,target_error,313,26.0,0.1653306963917102
ergo_adaptive,target_error,314,26.08333333333337,0.16534913950849087
ergo_adaptive,target_error,315,26.16666666666663,0.16564496239085422
ergo_adaptive,target_error,316,26.25,0.1656194168362709
ergo_adaptive,target_error,317,26.33333333333337,0.16569509819124553
ergo_adaptive,target_error,318,26.41666666666663,0.16594385396461556
ergo_adaptive,target_error,319,26.5,0.16578818976215423
ergo_adaptive,target_error,320,26.58333333333337,0.16573791746651806
ergo_adaptive,target_error,321,26.66666666666663,0.16582245181589292
ergo_adaptive,target_error,322,26.75,0.16577220737479267
ergo_adaptive,target_error,323,26.83333333333337,0.16580757008300817
ergo_adaptive,target_error,324,26.91666666666663,0.16594012060981664
ergo_adaptive,target_error,325,27.0,0.16596964294602878
ergo_adaptive,target_error,326,27.08333333333337,0.1660750905111181
ergo_adaptive,target_error,327,27.16666666666663,0.16608913868420605
ergo_adaptive,target_error,328,27.25,0.16579662654438387
ergo_adaptive,target_error,329,27.33333333333337,0.16578577376227208
ergo_adaptive,target_error,330,27.41666666666663,0.16578100131727083
ergo_adaptive,target_error,331,27.5,0.16577824344986064
ergo_adaptive,target_error,332,27.58333333333337,0.1654463380160367
ergo_adaptive,target_error,333,27.66666666666663,0.16531968433746458
ergo_adaptive,target_error,334,27.75,0.1652810127847327
ergo_adaptive,target_error,335,27.83333333333337,0.16547114323036258
ergo_adaptive,target_error,336,27.91666666666663,0.1652489330854901
ergo_adaptive,target_error,337,28.0,0.1652903014429536
ergo_adaptive,target_error,338,28.08333333333337,0.16548400673360641
ergo_adaptive,target_error,339,28.16666666666663,0.16502649455230461
ergo_adaptive,target_error,340,28.25,0.16501594379592432
ergo_adaptive,target_error,341,28.33333333333337,0.16515166459631272
ergo_adaptive,target_error,342,28.41666666666663,0.16403925371981368
ergo_adaptive,target_error,343,28.5,0.1638385451295781
ergo_adaptive,target_error,344,28.58333333333337,0.16293145724341473
ergo_adaptive,target_error,345,28.66666666666663,0.16119401390404065
ergo_adaptive,target_error,346,28.75,0.15699601284746564
ergo_adaptive,target_error,347,28.83333333333337,0.15522585420034146
ergo_adaptive,target_error,348,28.91666666666663,0.14887380583670393
ergo_adaptive,target_error,349,29.0,0.14066636260711682
ergo_adaptive,target_error,350,29.08333333333337,0.13842299490035254
ergo_adaptive,target_error,351,29.16666666666663,0.13879282846358051
ergo_adaptive,target_error,352,29.25,0.126260647000124
ergo_adaptive,target_error,353,29.33333333333337,0.12428301221347197
ergo_adaptive,target_error,354,29.41666666666663,0.1263036146875529
ergo_adaptive,target_error,355,29.5,0.124372916226871
ergo_adaptive,target_error,356,29.58333333333337,0.12277976417337495
ergo_adaptive,target_error,357,29.66666666666663,0.12342541847250121
ergo_adaptive,target_error,358,29.75,0.1228846349419423
ergo_adaptive,target_error,359,29.83333333333337,0.12394858563191476
ergo_adaptive,target_error,360,29.91666666666663,0.12429786243451277
ergo_adaptive,target_error,361,30.0,0.12326804956171274
ergo_adaptive,target_error,362,30.08333333333337,0.12498349696459457
ergo_adaptive,target_error,363,30.16666666666663,0.12884764398325277
ergo_adaptive,target_error,364,30.25,0.12661227511634704
ergo_adaptive,target_error,365,30.33333333333337,0.1268883275126745
ergo_adaptive,target_error,366,30.41666666666663,0.1252904782574882
ergo_adaptive,target_error,367,30.5,0.126971697505226
ergo_adaptive,target_error,368,30.58333333333337,0.12461114135608113
ergo_adaptive,target_error,369,30.66666666666663,0.12390687826967348
ergo_adaptive,target_error,370,30.75,0.12455833532736882
ergo_adaptive,target_error,371,30.83333333333337,0.12379160315461554
ergo_adaptive,target_error,372,30.91666666666663,0.12441692552601204
ergo_adaptive,target_error,373,31.0,0.12582042463005758
ergo_adaptive,target_error,374,31.08333333333337,0.12824648069385403
ergo_adaptive,target_error,375,31.16666666666663,0.12902020894809613
ergo_adaptive,target_error,376,31.25,0.12830803653346406
ergo_adaptive,target_error,377,31.33333333333337,0.127504129946238
ergo_adaptive,target_error,378,31.41666666666663,0.12853329218321147
ergo_adaptive,target_error,379,31.5,0.1308421973326332
ergo_adaptive,target_error,380,31.58333333333337,0.1312916837621916
ergo_adaptive,target_error,381,31.66666666666663,0.1339597109198313
ergo_adaptive,target_error,382,31.75,0.13382482709978594
ergo_adaptive,target_error,383,31.83333333333337,0.1348647530932402
ergo_adaptive,target_error,384,31.91666666666663,0.1363611031652142
ergo_adaptive,target_error,385,32.0,0.13660555034108823
ergo_adaptive,target_error,386,32.08333333333337,0.1369083693986575
ergo_adaptive,target_error,387,32.16666666666663,0.13780895896956513
ergo_adaptive,target_error,388,32.25,0.13927937609106553
ergo_adaptive,target_error,389,32.33333333333337,0.13993369513312737
ergo_adaptive,target_error,390,32.41666666666663,0.14001730085377814
ergo_adaptive,target_error,391,32.5,0.13889642872411329
ergo_adaptive,target_error,392,32.58333333333337,0.13958260774556566
ergo_adaptive,target_error,393,32.66666666666663,0.13974274763592162
ergo_adaptive,target_error,394,32.75,0.1399166865935777
ergo_adaptive,target_error,395,32.83333333333337,0.1412501251365933
ergo_adaptive,target_error,396,32.91666666666663,0.14177107657384244
ergo_adaptive,target_error,397,33.0,0.14152712272733692
ergo_adaptive,target_error,398,33.08333333333337,0.14194415837208962
ergo_adaptive,target_error,399,33.16666666666663,0.14183576048904506
ergo_adaptive,target_error,400,33.25,0.14273076995698764
ergo_adaptive,target_error,401,33.33333333333337,0.14225047803423516
ergo_adaptive,target_error,402,33.41666666666663,0.14301345142690675
ergo_adaptive,target_error,403,33.5,0.14334054680519412
ergo_adaptive,target_error,404,33.58333333333337,0.14374014723120757
ergo_adaptive,target_error,405,33.66666666666663,0.1434928259280116
ergo_adaptive,target_error,406,33.75,0.14396875063441908
ergo_adaptive,target_error,407,33.83333333333337,0.14403864363332577
ergo_adaptive,target_error,408,33.91666666666663,0.14372505936264973
ergo_adaptive,target_error,409,34.0,0.14369824675460813
ergo_adaptive,target_error,410,34.08333333333337,0.14410877186523596
ergo_adaptive,target_error,411,34.16666666666663,0.14400067153211182
ergo_adaptive,target_error,412,34.25,0.14337069277048342
ergo_adaptive,target_error,413,34.33333333333337,0.14410369564040326
ergo_adaptive,target_error,414,34.41666666666663,0.14298125054799887
ergo_adaptive,target_error,415,34.5,0.14308022306011225
ergo_adaptive,target_error,416,34.58333333333337,0.14242953574339498
ergo_adaptive,target_error,417,34.66666666666663,0.14112026851883622
ergo_adaptive,target_error,418,34.75,0.14101421954331317
ergo_adaptive,target_error,419,34.83333333333337,0.14082914392000453
ergo_adaptive,target_error,420,34.91666666666663,0.14005287247135512
ergo_adaptive,target_error,421,35.0,0.1374908490071642
ergo_adaptive,target_error,422,35.08333333333337,0.13632337033946684
ergo_adaptive,target_error,423,35.16666666666663,0.13514915123649898
ergo_adaptive,target_error,424,35.25,0.13514441002780866
ergo_adaptive,target_error,425,35.33333333333337,0.13175962024084137
ergo_adaptive,target_error,426,35.41666666666663,0.12964279648020424
ergo_adaptive,target_error,427,35.5,0.12956725124064766
ergo_adaptive,target_error,428,35.58333333333337,0.13146262235851422
ergo_adaptive,target_error,429,35.66666666666663,0.13099524208360488
ergo_adaptive,target_error,430,35.75,0.13215319694204575
ergo_adaptive,target_error,431,35.83333333333337,0.1276043528554068
ergo_adaptive,target_error,432,35.91666666666663,0.1250673233033673
ergo_adaptive,target_error,433,36.0,0.12613345352237845
ergo_adaptive,target_error,434,36.08333333333337,0.12052707325635814
ergo_adaptive,target_error,435,36.16666666666663,0.12111219817207577
ergo_adaptive,target_error,436,36.25,0.12088455874314157
ergo_adaptive,target_error,437,36.33333333333337,0.1202260021959175
ergo_adaptive,target_error,438,36.41666666666663,0.11836604300395587
ergo_adaptive,target_error,439,36.5,0.11897886709054258
ergo_adaptive,target_error,440,36.58333333333337,0.11558187501849616
ergo_adaptive,target_error,441,36.66666666666663,0.11665955351804423
ergo_adaptive,target_error,442,36.75,0.11777354770740568
ergo_adaptive,target_error,443,36.83333333333337,0.11938025359178929
ergo_adaptive,target_error,444,36.91666666666663,0.118053151866526
ergo_adaptive,target_error,445,37.0,0.11994761280103337
ergo_adaptive,target_error,446,37.08333333333337,0.11563939386842029
ergo_adaptive,target_error,447,37.16666666666663,0.11582839774553405
ergo_adaptive,target_error,448,37.25,0.11625676289859149
ergo_adaptive,target_error,449,37.33333333333337,0.1179977150473527
ergo_adaptive,target_error,450,37.41666666666663,0.11862238298105426
ergo_adaptive,target_error,451,37.5,0.11981939594090721
ergo_adaptive,target_error,452,37.58333333333337,0.12108534248674287
ergo_adaptive,target_error,453,37.66666666666663,0.12017621850983014
ergo_adaptive,target_error,454,37.75,0.1215522136383457
ergo_adaptive,target_error,455,37.83333333333337,0.12170586241557506
ergo_adaptive,target_error,456,37.91666666666663,0.12264221212532156
ergo_adaptive,target_error,457,38.0,0.1234883559094433
ergo_adaptive,target_error,458,38.08333333333337,0.1247917779032464
ergo_adaptive,target_error,459,38.16666666666663,0.12506217654858048
ergo_adaptive,target_error,460,38.25,0.1274115632148526
ergo_adaptive,target_error,461,38.33333333333337,0.12775280369667133
ergo_adaptive,target_error,462,38.41666666666663,0.12741572012450483
ergo_adaptive,target_error,463,38.5,0.12736373862058445
ergo_adaptive,target_error,464,38.58333333333337,0.1292711202518716
ergo_adaptive,target_error,465,38.66666666666663,0.12967305895716924
ergo_adaptive,target_error,466,38.75,0.13055028020407508
ergo_adaptive,target_error,467,38.83333333333337,0.13273909879977222
ergo_adaptive,target_error,468,38.91666666666663,0.13354955393711732
ergo_adaptive,target_error,469,39.0,0.136850271510738
ergo_adaptive,target_error,470,39.08333333333337,0.1354750764365095
ergo_adaptive,target_error,471,39.16666666666663,0.13444929824056875
ergo_adaptive,target_error,472,39.25,0.13424801679644788
ergo_adaptive,target_error,473,39.33333333333337,0.1341655020968119
ergo_adaptive,target_error,474,39.41666666666663,0.13669793064020744
ergo_adaptive,target_error,475,39.5,0.13689703214582086
ergo_adaptive,target_error,476,39.58333333333337,0.13867765133777074
ergo_adaptive,target_error,477,39.66666666666663,0.13859140032642128
ergo_adaptive,target_error,478,39.75,0.13913934205593959
ergo_adaptive,target_error,479,39.83333333333337,0.1395063337830704
ergo_adaptive,target_error,480,39.91666666666663,0.13976063784199058
ergo_adaptive,target_error,481,40.0,0.14002875187458874
ergo_adaptive,target_error,482,40.08333333333337,0.14156110456175305
ergo_adaptive,target_error,483,40.16666666666663,0.1432408230077388
ergo_adaptive,target_error,484,40.25,0.143983149186176
ergo_adaptive,target_error,485,40.33333333333337,0.14425506503908803
ergo_adaptive,target_error,486,40.41666666666663,0.14349026103511084
ergo_adaptive,target_error,487,40.5,0.14422873668068786
ergo_adaptive,target_error,488,40.58333333333337,0.1450860895963078
ergo_adaptive,target_error,489,40.66666666666663,0.1456487179970013
ergo_adaptive,target_error,490,40.75,0.14575602747290176
ergo_adaptive,target_error,491,40.83333333333337,0.14624799652338036
ergo_adaptive,target_error,492,40.91666666666663,0.14716113227211672
ergo_adaptive,target_error,493,41.0,0.1465852474703519
ergo_adaptive,target_error,494,41.08333333333337,0.14765849280166077
ergo_adaptive,target_error,495,41.16666666666663,0.14807884047481898
ergo_adaptive,target_error,496,41.25,0.14819448782479738
ergo_adaptive,target_error,497,41.33333333333337,0.14862584654933308
ergo_adaptive,target_error,498,41.41666666666663,0.1490760845641026
ergo_adaptive,target_error,499,41.5,0.14913596879165636
ergo_adaptive,target_error,500,41.58333333333337,0.14934563256837224
ergo_adaptive,target_error,501,41.66666666666663,0.14987252180605934
ergo_adaptive,target_error,502,41.75,0.14973372323996736
ergo_adaptive,target_error,503,41.83333333333337,0.14997333516769842
ergo_adaptive,target_error,504,41.91666666666663,0.15052793220747318
ergo_adaptive,target_error,505,42.0,0.1516919919872028
ergo_adaptive,target_error,506,42.08333333333337,0.15164720385276903
ergo_adaptive,target_error,507,42.16666666666663,0.15188043843940785
ergo_adaptive,target_error,508,42.25,0.15198260654543586
ergo_adaptive,target_error,509,42.33333333333337,0.1526669112070826
ergo_adaptive,target_error,510,42.41666666666663,0.1530702272932948
ergo_adaptive,target_error,511,42.5,0.15311767219502256
ergo_adaptive,target_error,512,42.58333333333337,0.15355912560790622
ergo_adaptive,target_error,513,42.66666666666663,0.15332709649878137
ergo_adaptive,target_error,514,42.75,0.15391677711364685
ergo_adaptive,target_error,515,42.83333333333337,0.1539662300394776
ergo_adaptive,target_error,516,42.91666666666663,0.1543922514198682
ergo_adaptive,target_error,517,43.0,0.1545966466266203
ergo_adaptive,target_error,518,43.08333333333337,0.15479972886338067
ergo_adaptive,target_error,519,43.16666666666663,0.15519747564667505
ergo_adaptive,target_error,520,43.25,0.15537063640877316
ergo_adaptive,target_error,521,43.33333333333337,0.15581905786853514
ergo_adaptive,target_error,522,43.41666666666663,0.15622362821126148
ergo_adaptive,target_error,523,43.5,0.15664179353647775
ergo_adaptive,target_error,524,43.58333333333337,0.15659059803515832
ergo_adaptive,target_error,525,43.66666666666663,0.15687433195912215
ergo_adaptive,target_error,526,43.75,0.15720373422988304
ergo_adaptive,target_error,527,43.83333333333337,0.1575077982121472
ergo_adaptive,target_error,528,43.91666666666663,0.15757712758396866
ergo_adaptive,target_error,529,44.0,0.15777375542412025
ergo_adaptive,target_error,530,44.08333333333337,0.15823650414128296
ergo_adaptive,target_error,531,44.16666666666663,0.1585327046955131
ergo_adaptive,target_error,532,44.25,0.158439724327568
ergo_adaptive,target_error,533,44.33333333333337,0.15864572356340614
ergo_adaptive,target_error,534,44.41666666666663,0.15884616054919676
ergo_adaptive,target_error,535,44.5,0.15889632333156828
ergo_adaptive,target_error,536,44.58333333333337,0.15801726285178624
ergo_adaptive,target_error,537,44.66666666666663,0.1584808753526965
ergo_adaptive,target_error,538,44.75,0.15819553673735992
ergo_adaptive,target_error,539,44.83333333333337,0.15896757045284515
ergo_adaptive,target_error,540,44.91666666666663,0.15903143140408402
ergo_adaptive,target_error,541,45.0,0.15994899669040644
ergo_adaptive,target_error,542,45.08333333333337,0.15991081912164462
ergo_adaptive,target_error,543,45.16666666666663,0.1605748445467035
ergo_adaptive,target_error,544,45.25,0.16129218075270277
ergo_adaptive,target_error,545,45.33333333333337,0.1622955525148436
ergo_adaptive,target_error,546,45.41666666666663,0.16297542202233883
ergo_adaptive,target_error,547,45.5,0.16192051726703366
ergo_adaptive,target_error,548,45.58333333333337,0.1623543083079586
ergo_adaptive,target_error,549,45.66666666666663,0.1620748715621175
ergo_adaptive,target_error,550,45.75,0.16250085739258355
ergo_adaptive,target_error,551,45.83333333333337,0.16275346732972065
ergo_adaptive,target_error,552,45.91666666666663,0.16345305523653328
ergo_adaptive,target_error,553,46.0,0.16303251711656797
ergo_adaptive,target_error,554,46.08333333333337,0.16407498116824545
ergo_adaptive,target_error,555,46.16666666666663,0.1636202413448991
ergo_adaptive,target_error,556,46.25,0.1632160983835501
ergo_adaptive,target_error,557,46.33333333333337,0.16381215350243378
ergo_adaptive,target_error,558,46.41666666666663,0.16436992608129303
ergo_adaptive,target_error,559,46.5,0.165382397793062
ergo_adaptive,target_error,560,46.58333333333337,0.16700703792875088
ergo_adaptive,target_error,561,46.66666666666663,0.16687666206683655
ergo_adaptive,target_error,562,46.75,0.16789700598089913
ergo_adaptive,target_error,563,46.83333333333337,0.16710800753305113
ergo_adaptive,target_error,564,46.91666666666663,0.16611953523388748
ergo_adaptive,target_error,565,47.0,0.16722642974990076
ergo_adaptive,target_error,566,47.08333333333337,0.16546046631579805
ergo_adaptive,target_error,567,47.16666666666663,0.16611598475038677
ergo_adaptive,target_error,568,47.25,0.1659294537827474
ergo_adaptive,target_error,569,47.33333333333337,0.16598917738165347
ergo_adaptive,target_error,570,47.41666666666663,0.16608353251191024
ergo_adaptive,target_error,571,47.5,0.16647387452341428
ergo_adaptive,target_error,572,47.58333333333337,0.16680962507688013
ergo_adaptive,target_error,573,47.66666666666663,0.16617734144499277
ergo_adaptive,target_error,574,47.75,0.1675411033520085
ergo_adaptive,target_error,575,47.83333333333337,0.16817657115834767
ergo_adaptive,target_error,576,47.91666666666663,0.16807243662281882
ergo_adaptive,target_error,577,48.0,0.16720523542025398
ergo_adaptive,target_error,578,48.08333333333337,0.16767621797536858
ergo_adaptive,target_error,579,48.16666666666663,0.16881362358014018
ergo_adaptive,target_error,580,48.25,0.16892837738149255
ergo_adaptive,target_error,581,48.33333333333337,0.16780621550302294
ergo_adaptive,target_error,582,48.41666666666663,0.16608496159302671
ergo_adaptive,target_error,583,48.5,0.16654134372026613
ergo_adaptive,target_error,584,48.58333333333337,0.16600652768242496
ergo_adaptive,target_error,585,48.66666666666663,0.16735329162013077
ergo_adaptive,target_error,586,48.75,0.16871390644935907
ergo_adaptive,target_error,587,48.83333333333337,0.16710476150699827
ergo_adaptive,target_error,588,48.91666666666663,0.16639436054402565
ergo_adaptive,target_error,589,49.0,0.16699206821048748
ergo_adaptive,target_error,590,49.08333333333337,0.16728928401216053
ergo_adaptive,target_error,591,49.16666666666663,0.16727773645662986
ergo_adaptive,target_error,592,49.25,0.16862164281326494
ergo_adaptive,target_error,593,49.33333333333337,0.16703053296952977
ergo_adaptive,target_error,594,49.41666666666663,0.16648257809860684
ergo_adaptive,target_error,595,49.5,0.16543605150177462
ergo_adaptive,target_error,596,49.58333333333337,0.16727942165101614
ergo_adaptive,target_error,597,49.66666666666663,0.1673768839125379
ergo_adaptive,target_error,598,49.75,0.167176025984357
ergo_adaptive,target_error,599,49.83333333333337,0.16436801582828192
ergo_adaptive,target_error,600,49.91666666666663,0.16388144246477693
ergo_adaptive,target_error,601,50.0,0.16282988401794532
ergo_adaptive,target_error,602,50.08333333333337,0.16360158518879656
ergo_adaptive,target_error,603,50.16666666666663,0.16128850086260435
ergo_adaptive,target_error,604,50.25,0.1626233840030574
ergo_adaptive,target_error,605,50.33333333333337,0.1636377855270676
ergo_adaptive,target_error,606,50.41666666666663,0.16342692422817098
ergo_adaptive,target_error,607,50.5,0.16539039666294633
ergo_adaptive,target_error,608,50.58333333333337,0.163436314910502
ergo_adaptive,target_error,609,50.66666666666663,0.16007475474567942
ergo_adaptive,target_error,610,50.75,0.15967633752131957
ergo_adaptive,target_error,611,50.83333333333337,0.15779667494110775
ergo_adaptive,target_error,612,50.91666666666663,0.15613764208248046
ergo_adaptive,target_error,613,51.0,0.15702086100427032
ergo_adaptive,target_error,614,51.08333333333337,0.1517511807917493
ergo_adaptive,target_error,615,51.16666666666663,0.15638253095676402
ergo_adaptive,target_error,616,51.25,0.15587594037507474
ergo_adaptive,target_error,617,51.33333333333337,0.15420822213564944
ergo_adaptive,target_error,618,51.41666666666663,0.15567400291669492
ergo_adaptive,target_error,619,51.5,0.15727551222735445
ergo_adaptive,target_error,620,51.58333333333337,0.15588298906621817
ergo_adaptive,target_error,621,51.66666666666663,0.161248361420673
ergo_adaptive,target_error,622,51.75,0.1585597706888437
ergo_adaptive,target_error,623,51.83333333333337,0.15486017770930402
ergo_adaptive,target_error,624,51.91666666666663,0.15253490633308064
ergo_adaptive,target_error,625,52.0,0.15033000271761815
ergo_adaptive,target_error,626,52.08333333333337,0.15456472066617274
ergo_adaptive,target_error,627,52.16666666666663,0.15611822265738295
ergo_adaptive,target_error,628,52.25,0.15694162931911135
ergo_adaptive,target_error,629,52.33333333333337,0.1527643339964236
ergo_adaptive,target_error,630,52.41666666666663,0.1453517244870791
ergo_adaptive,target_error,631,52.5,0.14309954792793259
ergo_adaptive,target_error,632,52.58333333333337,0.14573379321827404
ergo_adaptive,target_error,633,52.66666666666663,0.14561289317613094
ergo_adaptive,target_error,634,52.75,0.1510331205854518
ergo_adaptive,target_error,635,52.83333333333337,0.15146033709234866
ergo_adaptive,target_error,636,52.91666666666663,0.15184226804981038
ergo_adaptive,target_error,637,53.0,0.152654171179935
ergo_adaptive,target_error,638,53.08333333333337,0.15030048791889478
ergo_adaptive,target_error,639,53.16666666666663,0.14966268357611
ergo_adaptive,target_error,640,53.25,0.15046205922696493
ergo_adaptive,target_error,641,53.33333333333337,0.15011132547478218
ergo_adaptive,target_error,642,53.41666666666663,0.15018804115732343
ergo_adaptive,target_error,643,53.5,0.15226154647792087
ergo_adaptive,target_error,644,53.58333333333337,0.14873256134711216
ergo_adaptive,target_error,645,53.66666666666663,0.14662207566839297
ergo_adaptive,target_error,646,53.75,0.14856554036558142
ergo_adaptive,target_error,647,53.83333333333337,0.1497889786777608
ergo_adaptive,target_error,648,53.91666666666663,0.15176716997938347
ergo_adaptive,target_error,649,54.0,0.1505795304902403
ergo_adaptive,target_error,650,54.08333333333337,0.15138718642402743
ergo_adaptive,target_error,651,54.16666666666663,0.1526298178040019
ergo_adaptive,target_error,652,54.25,0.15612624964766747
ergo_adaptive,target_error,653,54.33333333333337,0.15775722809537238
ergo_adaptive,target_error,654,54.41666666666663,0.15722243811881276
ergo_adaptive,target_error,655,54.5,0.1536962486785017
ergo_adaptive,target_error,656,54.58333333333337,0.15222572872664952
ergo_adaptive,target_error,657,54.66666666666663,0.1541814850601196
ergo_adaptive,target_error,658,54.75,0.15428748659306823
ergo_adaptive,target_error,659,54.83333333333337,0.15737631625044848
ergo_adaptive,target_error,660,54.91666666666663,0.1577844714693694
ergo_adaptive,target_error,661,55.0,0.15750254472293093
ergo_adaptive,target_error,662,55.08333333333337,0.1592391047504285
ergo_adaptive,target_error,663,55.16666666666663,0.159934137742584
ergo_adaptive,target_error,664,55.25,0.15994189701021205
ergo_adaptive,target_error,665,55.33333333333337,0.1602240565735493
ergo_adaptive,target_error,666,55.41666666666663,0.15999443375926167
ergo_adaptive,target_error,667,55.5,0.16020498758572538
ergo_adaptive,target_error,668,55.58333333333337,0.16043502766242548
ergo_adaptive,target_error,669,55.66666666666663,0.15971025030544608
ergo_adaptive,target_error,670,55.75,0.16113005051650342
ergo_adaptive,target_error,671,55.83333333333337,0.16203156364886476
ergo_adaptive,target_error,672,55.91666666666663,0.16106287672583983
ergo_adaptive,target_error,673,56.0,0.16186850113999396
ergo_adaptive,target_error,674,56.08333333333337,0.16291314248168456
ergo_adaptive,target_error,675,56.16666666666663,0.16237907422096082
ergo_adaptive,target_error,676,56.25,0.16398175108094776
ergo_adaptive,target_error,677,56.33333333333337,0.16460710983896573
ergo_adaptive,target_error,678,56.41666666666663,0.1639193327335857
ergo_adaptive,target_error,679,56.5,0.163905276594073
ergo_adaptive,target_error,680,56.58333333333337,0.1637097984418957
ergo_adaptive,target_error,681,56.66666666666663,0.16564689296718627
ergo_adaptive,target_error,682,56.75,0.16619054782160544
ergo_adaptive,target_error,683,56.83333333333337,0.1666284845451102
ergo_adaptive,target_error,684,56.91666666666663,0.16496881690734067
ergo_adaptive,target_error,685,57.0,0.16734235298573127
ergo_adaptive,target_error,686,57.08333333333337,0.1669187803944605
ergo_adaptive,target_error,687,57.16666666666663,0.16670504904591021
ergo_adaptive,target_error,688,57.25,0.16708494043990374
ergo_adaptive,target_error,689,57.33333333333337,0.16620659316017264
ergo_adaptive,target_error,690,57.41666666666663,0.16644145189192974
ergo_adaptive,target_error,691,57.5,0.167044342295613
ergo_adaptive,target_error,692,57.58333333333337,0.16655996587535474
ergo_adaptive,target_error,693,57.66666666666663,0.16726478595167213
ergo_adaptive,target_error,694,57.75,0.1684869340138517
ergo_adaptive,target_error,695,57.83333333333337,0.1697801915767258
ergo_adaptive,target_error,696,57.91666666666663,0.16771396733473037
ergo_adaptive,target_error,697,58.0,0.1680254641860354
ergo_adaptive,target_error,698,58.08333333333337,0.16782721096931577
ergo_adaptive,target_error,699,58.16666666666663,0.16818808763696794
ergo_adaptive,target_error,700,58.25,0.16899899589465286
ergo_adaptive,target_error,701,58.33333333333337,0.16906650310313848
ergo_adaptive,target_error,702,58.41666666666663,0.16971661215656972
ergo_adaptive,target_error,703,58.5,0.1698756424283219
ergo_adaptive,target_error,704,58.58333333333337,0.1697134025154346
ergo_adaptive,target_error,705,58.66666666666663,0.168767094037997
ergo_adaptive,target_error,706,58.75,0.1691014302627388
ergo_adaptive,target_error,707,58.83333333333337,0.16916471368827185
ergo_adaptive,target_error,708,58.91666666666663,0.17044898466011202
ergo_adaptive,target_error,709,59.0,0.17107066425153555
ergo_adaptive,target_error,710,59.08333333333337,0.16924538431964556
ergo_adaptive,target_error,711,59.16666666666663,0.168527452950029
ergo_adaptive,target_error,712,59.25,0.1669372078136817
ergo_adaptive,target_error,713,59.33333333333337,0.1696658986578932
ergo_adaptive,target_error,714,59.41666666666663,0.16825666407704895
ergo_adaptive,target_error,715,59.5,0.16461435371708344
ergo_adaptive,target_error,716,59.58333333333337,0.1650001399250997
ergo_adaptive,target_error,717,59.66666666666663,0.16675241016271977
ergo_adaptive,target_error,718,59.75,0.16557154674960106
ergo_adaptive,target_error,719,59.83333333333337,0.16673188197924266
ergo_adaptive,target_error,720,59.91666666666663,0.16575724866248123
ergo_adaptive,target_error,721,60.0,0.16735344398269875
ergo_adaptive,target_error,722,60.08333333333337,0.16795988518373983
ergo_adaptive,target_error,723,60.16666666666663,0.16465258894793577
ergo_adaptive,target_error,724,60.25,0.16200563370621554
ergo_adaptive,target_error,725,60.33333333333337,0.1580940851094351
ergo_adaptive,target_error,726,60.41666666666663,0.1559196647912838
ergo_adaptive,target_error,727,60.5,0.15875259322449203
ergo_adaptive,target_error,728,60.58333333333337,0.15873747352673298
ergo_adaptive,target_error,729,60.66666666666663,0.15482585778552266
ergo_adaptive,target_error,730,60.75,0.15159410011926877
ergo_adaptive,target_error,731,60.83333333333337,0.15084255307943475
ergo_adaptive,target_error,732,60.91666666666663,0.14598377334797213
ergo_adaptive,target_error,733,61.0,0.14584903715677575
ergo_adaptive,target_error,734,61.08333333333337,0.14353004705527647
ergo_adaptive,target_error,735,61.16666666666663,0.14122426987387957
ergo_adaptive,target_error,736,61.25,0.13746919606744223
ergo_adaptive,target_error,737,61.33333333333337,0.1380861273997449
ergo_adaptive,target_error,738,61.41666666666663,0.13888911003804422
ergo_adaptive,target_error,739,61.5,0.14035736346105154
ergo_adaptive,target_error,740,61.58333333333337,0.13808923381490248
ergo_adaptive,target_error,741,61.66666666666663,0.1392561461386667
ergo_adaptive,target_error,742,61.75,0.13803222322673345
ergo_adaptive,target_error,743,61.83333333333337,0.1371393880836913
ergo_adaptive,target_error,744,61.91666666666663,0.13840258502209601
ergo_adaptive,target_error,745,62.0,0.13691194585512625
ergo_adaptive,target_error,746,62.08333333333337,0.1367770215959394
ergo_adaptive,target_error,747,62.16666666666663,0.1375173995656434
ergo_adaptive,target_error,748,62.25,0.13740832985917095
ergo_adaptive,target_error,749,62.33333333333337,0.139617839934757
ergo_adaptive,target_error,750,62.41666666666663,0.1400032246405361
ergo_adaptive,target_error,751,62.5,0.13867027403125587
ergo_adaptive,target_error,752,62.58333333333337,0.1383887463190426
ergo_adaptive,target_error,753,62.66666666666663,0.1382090618032366
ergo_adaptive,target_error,754,62.75,0.13900561026629948
ergo_adaptive,target_error,755,62.83333333333337,0.1389443179629867
ergo_adaptive,target_error,756,62.91666666666663,0.14070026226559015
ergo_adaptive,target_error,757,63.0,0.14267070431471107
ergo_adaptive,target_error,758,63.08333333333337,0.1425492617210855
ergo_adaptive,target_error,759,63.16666666666663,0.14305995514107606
ergo_adaptive,target_error,760,63.25,0.14069442710938046
ergo_adaptive,target_error,761,63.33333333333337,0.14010954461299388
ergo_adaptive,target_error,762,63.41666666666663,0.14057645018404233
ergo_adaptive,target_error,763,63.5,0.14164406195792573
ergo_adaptive,target_error,764,63.58333333333337,0.14226053893890853
ergo_adaptive,target_error,765,63.66666666666663,0.1449928832715566
ergo_adaptive,target_error,766,63.75,0.14506933740272718
ergo_adaptive,target_error,767,63.83333333333337,0.14550618614751706
ergo_adaptive,target_error,768,63.91666666666663,0.14537165838276594
ergo_adaptive,target_error,769,64.0,0.14575069819435071
ergo_adaptive,target_error,770,64.08333333333337,0.1462890778564925
ergo_adaptive,target_error,771,64.16666666666663,0.14730928752727107
ergo_adaptive,target_error,772,64.25,0.14740329633011182
ergo_adaptive,target_error,773,64.33333333333337,0.14920079713631443
ergo_adaptive,target_error,774,64.41666666666663,0.1486305935342666
ergo_adaptive,target_error,775,64.5,0.14845414349777555
ergo_adaptive,target_error,776,64.58333333333337,0.1506602227569311
ergo_adaptive,target_error,777,64.66666666666663,0.15141018071787507
ergo_adaptive,target_error,778,64.75,0.15135298358290308
ergo_adaptive,target_error,779,64.83333333333337,0.1510312863417671
ergo_adaptive,target_error,780,64.91666666666663,0.15169781995338258
ergo_adaptive,target_error,781,65.0,0.1525491834428623
ergo_adaptive,target_error,782,65.08333333333337,0.15290295667709988
ergo_adaptive,target_error,783,65.16666666666663,0.15319227098195295
ergo_adaptive,target_error,784,65.25,0.1537134591140532
ergo_adaptive,target_error,785,65.33333333333337,0.15343050900530775
ergo_adaptive,target_error,786,65.41666666666663,0.15282612061467732
ergo_adaptive,target_error,787,65.5,0.15394464710475642
ergo_adaptive,target_error,788,65.58333333333337,0.15391748129607496
ergo_adaptive,target_error,789,65.66666666666663,0.15396371214863117
ergo_adaptive,target_error,790,65.75,0.15492841617051345
ergo_adaptive,target_error,791,65.83333333333337,0.15552969296253305
ergo_adaptive,target_error,792,65.91666666666663,0.15565956153277227
ergo_adaptive,target_error,793,66.0,0.15552077974448017
ergo_adaptive,target_error,794,66.08333333333337,0.1558446648673926
ergo_adaptive,target_error,795,66.16666666666663,0.1559569895646509
ergo_adaptive,target_error,796,66.25,0.1562230593298104
ergo_adaptive,target_error,797,66.33333333333337,0.15619121642348227
ergo_adaptive,target_error,798,66.41666666666663,0.1554288434713196
ergo_adaptive,target_error,799,66.5,0.1557105967209502
ergo_adaptive,target_error,800,66.58333333333337,0.15439931307847574
ergo_adaptive,target_error,801,66.66666666666663,0.15507206220656386
ergo_adaptive,target_error,802,66.75,0.15522593942463103
ergo_adaptive,target_error,803,66.83333333333337,0.1561548013853595
ergo_adaptive,target_error,804,66.91666666666663,0.15600051348374222
ergo_adaptive,target_error,805,67.0,0.15531944621189653
ergo_adaptive,target_error,806,67.08333333333337,0.15665379554974482
ergo_adaptive,target_error,807,67.16666666666663,0.1564880932483047
ergo_adaptive,target_error,808,67.25,0.15590592059848463
ergo_adaptive,target_error,809,67.33333333333337,0.15510910944513864
ergo_adaptive,target_error,810,67.41666666666663,0.15432072563211818
ergo_adaptive,target_error,811,67.5,0.15401598886552717
ergo_adaptive,target_error,812,67.58333333333337,0.1540362792959842
ergo_adaptive,target_error,813,67.66666666666663,0.15226948934944348
ergo_adaptive,target_error,814,67.75,0.1509362511291722
ergo_adaptive,target_error,815,67.83333333333337,0.15160651832311728
ergo_adaptive,target_error,816,67.91666666666663,0.15181837033340653
ergo_adaptive,target_error,817,68.0,0.14953235534896087
ergo_adaptive,target_error,818,68.08333333333337,0.1482046782764586
ergo_adaptive,target_error,819,68.16666666666663,0.1464507180463621
ergo_adaptive,target_error,820,68.25,0.14287853511276172
ergo_adaptive,target_error,821,68.33333333333337,0.14217156197198766
ergo_adaptive,target_error,822,68.41666666666663,0.13888675272198814
ergo_adaptive,target_error,823,68.5,0.13716841577903963
ergo_adaptive,target_error,824,68.58333333333337,0.13562622776065716
ergo_adaptive,target_error,825,68.66666666666663,0.13161262160848486
ergo_adaptive,target_error,826,68.75,0.12819033866875865
ergo_adaptive,target_error,827,68.83333333333337,0.12640259056862435
ergo_adaptive,target_error,828,68.91666666666663,0.12844364015648674
ergo_adaptive,target_error,829,69.0,0.1274600499964528
ergo_adaptive,target_error,830,69.08333333333337,0.12780090923097087
ergo_adaptive,target_error,831,69.16666666666663,0.1298609554004903
ergo_adaptive,target_error,832,69.25,0.1284711771129075
ergo_adaptive,target_error,833,69.33333333333337,0.12772267309370253
ergo_adaptive,target_error,834,69.41666666666663,0.1287919367412671
ergo_adaptive,target_error,835,69.5,0.1278700495719477
ergo_adaptive,target_error,836,69.58333333333337,0.12809464382527663
ergo_adaptive,target_error,837,69.66666666666663,0.1284400963891899
ergo_adaptive,target_error,838,69.75,0.12885277490450606
ergo_adaptive,target_error,839,69.83333333333337,0.12915719854754634
ergo_adaptive,target_error,840,69.91666666666663,0.12969325259498332
ergo_adaptive,target_error,841,70.0,0.12980469496415822
ergo_adaptive,target_error,842,70.08333333333337,0.1312575619332443
ergo_adaptive,target_error,843,70.16666666666663,0.13207915401903295
ergo_adaptive,target_error,844,70.25,0.13248457208605005
ergo_adaptive,target_error,845,70.33333333333337,0.13213167512585397
ergo_adaptive,target_error,846,70.41666666666663,0.13296812920859213
ergo_adaptive,target_error,847,70.5,0.1333919783276531
ergo_adaptive,target_error,848,70.58333333333337,0.1349784926379287
ergo_adaptive,target_error,849,70.66666666666663,0.13531186453058705
ergo_adaptive,target_error,850,70.75,0.13550378433450114
ergo_adaptive,target_error,851,70.83333333333337,0.13796496704257646
ergo_adaptive,target_error,852,70.91666666666663,0.13867557427848065
ergo_adaptive,target_error,853,71.0,0.14054450867810583
ergo_adaptive,target_error,854,71.08333333333337,0.14041698827497506
ergo_adaptive,target_error,855,71.16666666666663,0.1431835118878104
ergo_adaptive,target_error,856,71.25,0.14180712286028233
ergo_adaptive,target_error,857,71.33333333333337,0.1419924680339951
ergo_adaptive,target_error,858,71.41666666666663,0.14142198192818664
ergo_adaptive,target_error,859,71.5,0.13977262425118878
ergo_adaptive,target_error,860,71.58333333333337,0.14055724183756266
ergo_adaptive,target_error,861,71.66666666666663,0.1406637889251368
ergo_adaptive,target_error,862,71.75,0.1403750767563971
ergo_adaptive,target_error,863,71.83333333333337,0.1415532190952091
ergo_adaptive,target_error,864,71.91666666666663,0.1428034326363311
ergo_adaptive,target_error,865,72.0,0.1411327832465573
ergo_adaptive,target_error,866,72.08333333333337,0.13999279599438927
ergo_adaptive,target_error,867,72.16666666666663,0.143688519764905
ergo_adaptive,target_error,868,72.25,0.14115446282522845
ergo_adaptive,target_error,869,72.33333333333337,0.14001345781780367
ergo_adaptive,target_error,870,72.41666666666663,0.14304185441926762
ergo_adaptive,target_error,871,72.5,0.1420796521321416
ergo_adaptive,target_error,872,72.58333333333337,0.14496057441818855
ergo_adaptive,target_error,873,72.66666666666663,0.14666363413269162
ergo_adaptive,target_error,874,72.75,0.14928418521220457
ergo_adaptive,target_error,875,72.83333333333337,0.1468604208608563
ergo_adaptive,target_error,876,72.91666666666663,0.14712473525674627
ergo_adaptive,target_error,877,73.0,0.14815265085332696
ergo_adaptive,target_error,878,73.08333333333337,0.15002942654330276
ergo_adaptive,target_error,879,73.16666666666663,0.1511790538384939
ergo_adaptive,target_error,880,73.25,0.15121534020202032
ergo_adaptive,target_error,881,73.33333333333337,0.15252659717694145
ergo_adaptive,target_error,882,73.41666666666663,0.1537888336263669
ergo_adaptive,target_error,883,73.5,0.15611581091718812
ergo_adaptive,target_error,884,73.58333333333337,0.15735087923730226
ergo_adaptive,target_error,885,73.66666666666663,0.15873627899148235
ergo_adaptive,target_error,886,73.75,0.15833831263085912
ergo_adaptive,target_error,887,73.83333333333337,0.16246571875257007
ergo_adaptive,target_error,888,73.91666666666663,0.16280736485313965
ergo_adaptive,target_error,889,74.0,0.16429410490059687
ergo_adaptive,target_error,890,74.08333333333337,0.16484639033396312
ergo_adaptive,target_error,891,74.16666666666663,0.16396481861684536
ergo_adaptive,target_error,892,74.25,0.1635682817854116
ergo_adaptive,target_error,893,74.33333333333337,0.16387927966849214
ergo_adaptive,target_error,894,74.41666666666663,0.16565733603487307
ergo_adaptive,target_error,895,74.5,0.16691112437535705
ergo_adaptive,target_error,896,74.58333333333337,0.1684238396992691
ergo_adaptive,target_error,897,74.66666666666663,0.16920670018121511
ergo_adaptive,target_error,898,74.75,0.16928541811735554
ergo_adaptive,target_error,899,74.83333333333337,0.17031113225639638
ergo_adaptive,target_error,900,74.91666666666663,0.17019372762539547
ergo_adaptive,target_error,901,75.0,0.17078034753102098
ergo_adaptive,target_error,902,75.08333333333337,0.17089438479411836
ergo_adaptive,target_error,903,75.16666666666663,0.17155095588871674
ergo_adaptive,target_error,904,75.25,0.17225892238677934
ergo_adaptive,target_error,905,75.33333333333337,0.1726162392094947
ergo_adaptive,target_error,906,75.41666666666663,0.17232491676904227
ergo_adaptive,target_error,907,75.5,0.17181576836502752
ergo_adaptive,target_error,908,75.58333333333337,0.17272317346921573
ergo_adaptive,target_error,909,75.66666666666663,0.1729081469555446
ergo_adaptive,target_error,910,75.75,0.17357115766316553
ergo_adaptive,target_error,911,75.83333333333337,0.17409442650204887
ergo_adaptive,target_error,912,75.91666666666663,0.17388091536378492
ergo_adaptive,target_error,913,76.0,0.1742783585346621
ergo_adaptive,target_error,914,76.08333333333337,0.17413513505259332
ergo_adaptive,target_error,915,76.16666666666663,0.17478829451813988
ergo_adaptive,target_error,916,76.25,0.17542531920251228
ergo_adaptive,target_error,917,76.33333333333337,0.17549870464441672
ergo_adaptive,target_error,918,76.41666666666663,0.17529261494644688
ergo_adaptive,target_error,919,76.5,0.17523851387093015
ergo_adaptive,target_error,920,76.58333333333337,0.17549047297724213
ergo_adaptive,target_error,921,76.66666666666663,0.1752682660691844
ergo_adaptive,target_error,922,76.75,0.1759578578526265
ergo_adaptive,target_error,923,76.83333333333337,0.17592988684151264
ergo_adaptive,target_error,924,76.91666666666663,0.17567197123164985
ergo_adaptive,target_error,925,77.0,0.175268140962412
ergo_adaptive,target_error,926,77.08333333333337,0.17583081053004695
ergo_adaptive,target_error,927,77.16666666666663,0.1757852550382634
ergo_adaptive,target_error,928,77.25,0.17641779737777724
ergo_adaptive,target_error,929,77.33333333333337,0.17727141754601247
ergo_adaptive,target_error,930,77.41666666666663,0.1768569967937797
ergo_adaptive,target_error,931,77.5,0.17708999653665936
ergo_adaptive,target_error,932,77.58333333333337,0.17743308272199085
ergo_adaptive,target_error,933,77.66666666666663,0.17785139149915982
ergo_adaptive,target_error,934,77.75,0.1776027323661265
ergo_adaptive,target_error,935,77.83333333333337,0.17749782510985776
ergo_adaptive,target_error,936,77.91666666666663,0.17823251986941172
ergo_adaptive,target_error,937,78.0,0.1782539123103185
ergo_adaptive,target_error,938,78.08333333333337,0.1778679751493719
ergo_adaptive,target_error,939,78.16666666666663,0.17796350894143742
ergo_adaptive,target_error,940,78.25,0.17796860168736295
ergo_adaptive,target_error,941,78.33333333333337,0.1785073676939851
ergo_adaptive,target_error,942,78.41666666666663,0.17894059139740787
ergo_adaptive,target_error,943,78.5,0.17944880763241297
ergo_adaptive,target_error,944,78.58333333333337,0.1798710244086872
ergo_adaptive,target_error,945,78.66666666666663,0.1796983572521697
ergo_adaptive,target_error,946,78.75,0.17887385896671984
ergo_adaptive,target_error,947,78.83333333333337,0.17943723367090875
ergo_adaptive,target_error,948,78.91666666666663,0.17853635063714574
ergo_adaptive,target_error,949,79.0,0.17875512788886683
ergo_adaptive,target_error,950,79.08333333333337,0.1786058848775929
ergo_adaptive,target_error,951,79.16666666666663,0.17779535331445304
ergo_adaptive,target_error,952,79.25,0.17724506562025794
ergo_adaptive,target_error,953,79.33333333333337,0.17668466027294907
ergo_adaptive,target_error,954,79.41666666666663,0.17530266818676798
ergo_adaptive,target_error,955,79.5,0.17412556124931444
ergo_adaptive,target_error,956,79.58333333333337,0.17482884601769166
ergo_adaptive,target_error,957,79.66666666666663,0.17546587724718699
ergo_adaptive,target_error,958,79.75,0.17433269947793534
ergo_adaptive,target_error,959,79.83333333333337,0.17328412150715486
ergo_adaptive,target_error,960,79.91666666666663,0.17202884557881828
ergo_adaptive,target_error,961,80.0,0.17012297831920822
ergo_adaptive,target_error,962,80.08333333333337,0.16875184717773264
ergo_adaptive,target_error,963,80.16666666666663,0.1670039919710602
ergo_adaptive,target_error,964,80.25,0.1700586597919277
ergo_adaptive,target_error,965,80.33333333333337,0.16829886783320575
ergo_adaptive,target_error,966,80.41666666666663,0.16720396875996518
ergo_adaptive,target_error,967,80.5,0.16598019846247464
ergo_adaptive,target_error,968,80.58333333333337,0.1610377277498263
ergo_adaptive,target_error,969,80.66666666666663,0.1618392944943137
ergo_adaptive,target_error,970,80.75,0.15800776623396126
ergo_adaptive,target_error,971,80.83333333333337,0.15877752879558485
ergo_adaptive,target_error,972,80.91666666666663,0.15716006502488583
ergo_adaptive,target_error,973,81.0,0.1541922579293627
ergo_adaptive,target_error,974,81.08333333333337,0.1602122620702017
ergo_adaptive,target_error,975,81.16666666666663,0.15799902717017356
ergo_adaptive,target_error,976,81.25,0.15903999004088007
ergo_adaptive,target_error,977,81.33333333333337,0.16070248038670065
ergo_adaptive,target_error,978,81.41666666666663,0.1621540787730712
ergo_adaptive,target_error,979,81.5,0.15679331121363865
ergo_adaptive,target_error,980,81.58333333333337,0.15809385261630074
ergo_adaptive,target_error,981,81.66666666666663,0.15831085333098419
ergo_adaptive,target_error,982,81.75,0.1557884698512836
ergo_adaptive,target_error,983,81.83333333333337,0.154150428379947
ergo_adaptive,target_error,984,81.91666666666663,0.15336755428831303
ergo_adaptive,target_error,985,82.0,0.15466468057591656
ergo_adaptive,target_error,986,82.08333333333337,0.15530002626269093
ergo_adaptive,target_error,987,82.16666666666663,0.1577564949286221
ergo_adaptive,target_error,988,82.25,0.15847015441109893
ergo_adaptive,target_error,989,82.33333333333337,0.15375707248667414
ergo_adaptive,target_error,990,82.41666666666663,0.1556206735264358
ergo_adaptive,target_error,991,82.5,0.15129070552502097
ergo_adaptive,target_error,992,82.58333333333337,0.15366309351263785
ergo_adaptive,target_error,993,82.66666666666663,0.15533280881986014
ergo_adaptive,target_error,994,82.75,0.1485749492643888
ergo_adaptive,target_error,995,82.83333333333337,0.14771716436732815
ergo_adaptive,target_error,996,82.91666666666663,0.14412895103170553
ergo_adaptive,target_error,997,83.0,0.1411373633911445
ergo_adaptive,target_error,998,83.08333333333337,0.1413413087845362
ergo_adaptive,target_error,999,83.16666666666663,0.13549244088472173
ergo_adaptive,target_error,1000,83.25,0.13674812452878135
ergo_adaptive,target_error,1001,83.33333333333337,0.12997838557846103
ergo_adaptive,target_error,1002,83.41666666666663,0.12891616350334753
ergo_adaptive,target_error,1003,83.5,0.1314468503289688
ergo_adaptive,target_error,1004,83.58333333333337,0.1347513701053218
ergo_adaptive,target_error,1005,83.66666666666663,0.13535891742241196
ergo_adaptive,target_error,1006,83.75,0.13566787185231824
ergo_adaptive,target_error,1007,83.83333333333337,0.13287815799311337
ergo_adaptive,target_error,1008,83.91666666666663,0.13734227765536103
ergo_adaptive,target_error,1009,84.0,0.13469091681820256
ergo_adaptive,target_error,1010,84.08333333333337,0.12895813518055185
ergo_adaptive,target_error,1011,84.16666666666663,0.13251379042121658
ergo_adaptive,target_error,1012,84.25,0.13366304332513396
ergo_adaptive,target_error,1013,84.33333333333337,0.13305239062677182
ergo_adaptive,target_error,1014,84.41666666666663,0.1300040245970915
ergo_adaptive,target_error,1015,84.5,0.12806359099625378
ergo_adaptive,target_error,1016,84.58333333333337,0.12491316079683805
ergo_adaptive,target_error,1017,84.66666666666663,0.12196258224697931
ergo_adaptive,target_error,1018,84.75,0.12020846493635216
ergo_adaptive,target_error,1019,84.83333333333337,0.11990382758789075
ergo_adaptive,target_error,1020,84.91666666666663,0.11849050643731854
ergo_adaptive,target_error,1021,85.0,0.11826099054435966
ergo_adaptive,target_error,1022,85.08333333333337,0.117603670461869
ergo_adaptive,target_error,1023,85.16666666666663,0.11753510211499116
ergo_adaptive,target_error,1024,85.25,0.1182133429121171
ergo_adaptive,target_error,1025,85.33333333333337,0.11840290374289555
ergo_adaptive,target_error,1026,85.41666666666663,0.11862431039818873
ergo_adaptive,target_error,1027,85.5,0.11852408141555298
ergo_adaptive,target_error,1028,85.58333333333337,0.11896324657061992
ergo_adaptive,target_error,1029,85.66666666666663,0.118897922887512
ergo_adaptive,target_error,1030,85.75,0.11914725645406243
ergo_adaptive,target_error,1031,85.83333333333337,0.11908474876428532
ergo_adaptive,target_error,1032,85.91666666666663,0.11913760583488973
ergo_adaptive,target_error,1033,86.0,0.1192150550358531
ergo_adaptive,target_error,1034,86.08333333333337,0.1196874463361878
ergo_adaptive,target_error,1035,86.16666666666663,0.11979573841594665
ergo_adaptive,target_error,1036,86.25,0.12045354601974871
ergo_adaptive,target_error,1037,86.33333333333337,0.12155218006662355
ergo_adaptive,target_error,1038,86.41666666666663,0.12395169305663234
ergo_adaptive,target_error,1039,86.5,0.12433995152102296
ergo_adaptive,target_error,1040,86.58333333333337,0.12354748536521196
ergo_adaptive,target_error,1041,86.66666666666663,0.1271507936032883
ergo_adaptive,target_error,1042,86.75,0.13023270367500417
ergo_adaptive,target_error,1043,86.83333333333337,0.1310060473131011
ergo_adaptive,target_error,1044,86.91666666666663,0.1312605944367336
ergo_adaptive,target_error,1045,87.0,0.130820362895005
ergo_adaptive,target_error,1046,87.08333333333337,0.13088681157711152
ergo_adaptive,target_error,1047,87.16666666666663,0.13139870861854225
ergo_adaptive,target_error,1048,87.25,0.12799866060279103
ergo_adaptive,target_error,1049,87.33333333333337,0.12738795677759085
ergo_adaptive,target_error,1050,87.41666666666663,0.12669300348388826
ergo_adaptive,target_error,1051,87.5,0.12773478855254333
ergo_adaptive,target_error,1052,87.58333333333337,0.12544768782631546
ergo_adaptive,target_error,1053,87.66666666666663,0.12374923851482592
ergo_adaptive,target_error,1054,87.75,0.12323953060264885
ergo_adaptive,target_error,1055,87.83333333333337,0.1255929994103272
ergo_adaptive,target_error,1056,87.91666666666663,0.12494315990682446
ergo_adaptive,target_error,1057,88.0,0.12453269202613372
ergo_adaptive,target_error,1058,88.08333333333337,0.12514189052629154
ergo_adaptive,target_error,1059,88.16666666666663,0.12539556971802937
ergo_adaptive,target_error,1060,88.25,0.1254626366519702
ergo_adaptive,target_error,1061,88.33333333333337,0.12590359734193934
ergo_adaptive,target_error,1062,88.41666666666663,0.12572894099871035
ergo_adaptive,target_error,1063,88.5,0.126220988279073
ergo_adaptive,target_error,1064,88.58333333333337,0.12730615802486703
ergo_adaptive,target_error,1065,88.66666666666663,0.1260228141703192
ergo_adaptive,target_error,1066,88.75,0.12529449268736792
ergo_adaptive,target_error,1067,88.83333333333337,0.12638158846582215
ergo_adaptive,target_error,1068,88.91666666666663,0.1278144464456779
ergo_adaptive,target_error,1069,89.0,0.12617610104128554
ergo_adaptive,target_error,1070,89.08333333333337,0.12620575555095018
ergo_adaptive,target_error,1071,89.16666666666663,0.12683803064618837
ergo_adaptive,target_error,1072,89.25,0.12919851634569635
ergo_adaptive,target_error,1073,89.33333333333337,0.13047822334947612
ergo_adaptive,target_error,1074,89.41666666666663,0.130262337117109
ergo_adaptive,target_error,1075,89.5,0.13114019905490412
ergo_adaptive,target_error,1076,89.58333333333337,0.13003232997541564
ergo_adaptive,target_error,1077,89.66666666666663,0.12983793721418277
ergo_adaptive,target_error,1078,89.75,0.13180986177370738
ergo_adaptive,target_error,1079,89.83333333333337,0.13024228893157042
ergo_adaptive,target_error,1080,89.91666666666663,0.12947766819101542
ergo_adaptive,target_error,1081,90.0,0.13077972002988644
ergo_adaptive,target_error,1082,90.08333333333337,0.13468718764078746
ergo_adaptive,target_error,1083,90.16666666666663,0.13623113626463407
ergo_adaptive,target_error,1084,90.25,0.13678877381151575
ergo_adaptive,target_error,1085,90.33333333333337,0.13606438253825073
ergo_adaptive,target_error,1086,90.41666666666663,0.13306102313819182
ergo_adaptive,target_error,1087,90.5,0.13156220752291123
ergo_adaptive,target_error,1088,90.58333333333337,0.13104143484300768
ergo_adaptive,target_error,1089,90.66666666666663,0.12902041753873247
ergo_adaptive,target_error,1090,90.75,0.1280498372156839
ergo_adaptive,target_error,1091,90.83333333333337,0.126351003337344
ergo_adaptive,target_error,1092,90.91666666666663,0.1265833263077385
ergo_adaptive,target_error,1093,91.0,0.12673175712667736
ergo_adaptive,target_error,1094,91.08333333333337,0.12655180893311008
ergo_adaptive,target_error,1095,91.16666666666663,0.12693263067722502
ergo_adaptive,target_error,1096,91.25,0.1309857965628406
ergo_adaptive,target_error,1097,91.33333333333337,0.13000785542699364
ergo_adaptive,target_error,1098,91.41666666666663,0.12962263446920244
ergo_adaptive,target_error,1099,91.5,0.1315693157899976
ergo_adaptive,target_error,1100,91.58333333333337,0.1346362825136683
ergo_adaptive,target_error,1101,91.66666666666663,0.1327137050035655
ergo_adaptive,target_error,1102,91.75,0.13157186532209764
ergo_adaptive,target_error,1103,91.83333333333337,0.13158193683799949
ergo_adaptive,target_error,1104,91.91666666666663,0.13210425832192038
ergo_adaptive,target_error,1105,92.0,0.1317504919898798
ergo_adaptive,target_error,1106,92.08333333333337,0.13294165266861904
ergo_adaptive,target_error,1107,92.16666666666663,0.13289590060637227
ergo_adaptive,target_error,1108,92.25,0.13527613001759867
ergo_adaptive,target_error,1109,92.33333333333337,0.13275553126920986
ergo_adaptive,target_error,1110,92.41666666666663,0.133202171171804
ergo_adaptive,target_error,1111,92.5,0.13705767352811246
ergo_adaptive,target_error,1112,92.58333333333337,0.13835521225760306
ergo_adaptive,target_error,1113,92.66666666666663,0.13684336271171713
ergo_adaptive,target_error,1114,92.75,0.13351243829426115
ergo_adaptive,target_error,1115,92.83333333333337,0.13199999611382904
ergo_adaptive,target_error,1116,92.91666666666663,0.13250473529419166
ergo_adaptive,target_error,1117,93.0,0.13100999563207186
ergo_adaptive,target_error,1118,93.08333333333337,0.13198006769283688
ergo_adaptive,target_error,1119,93.16666666666663,0.13162430881575912
ergo_adaptive,target_error,1120,93.25,0.1298165702706557
ergo_adaptive,target_error,1121,93.33333333333337,0.1307764688858365
ergo_adaptive,target_error,1122,93.41666666666663,0.1318341984717183
ergo_adaptive,target_error,1123,93.5,0.13251037471318436
ergo_adaptive,target_error,1124,93.58333333333337,0.13485586859386117
ergo_adaptive,target_error,1125,93.66666666666663,0.13456149018206254
ergo_adaptive,target_error,1126,93.75,0.13319615055289327
ergo_adaptive,target_error,1127,93.83333333333337,0.13591484081556496
ergo_adaptive,target_error,1128,93.91666666666663,0.13683073423044065
ergo_adaptive,target_error,1129,94.0,0.13925085060127979
ergo_adaptive,target_error,1130,94.08333333333337,0.13934685833647975
ergo_adaptive,target_error,1131,94.16666666666663,0.13912176926824457
ergo_adaptive,target_error,1132,94.25,0.13901215579935372
ergo_adaptive,target_error,1133,94.33333333333337,0.14185125253868644
ergo_adaptive,target_error,1134,94.41666666666663,0.14673729763662083
ergo_adaptive,target_error,1135,94.5,0.1425605790215036
ergo_adaptive,target_error,1136,94.58333333333337,0.14314954929948748
ergo_adaptive,target_error,1137,94.66666666666663,0.14117680500838026
ergo_adaptive,target_error,1138,94.75,0.14394300279824546
ergo_adaptive,target_error,1139,94.83333333333337,0.14145457333343894
ergo_adaptive,target_error,1140,94.91666666666663,0.13732973812236213
ergo_adaptive,target_error,1141,95.0,0.13969045590143206
ergo_adaptive,target_error,1142,95.08333333333337,0.13669477978018113
ergo_adaptive,target_error,1143,95.16666666666663,0.13499891528349411
ergo_adaptive,target_error,1144,95.25,0.1374833819380782
ergo_adaptive,target_error,1145,95.33333333333337,0.1369176197714071
ergo_adaptive,target_error,1146,95.41666666666663,0.13922394368895583
ergo_adaptive,target_error,1147,95.5,0.13639849385384406
ergo_adaptive,target_error,1148,95.58333333333337,0.13356295347741295
ergo_adaptive,target_error,1149,95.66666666666663,0.1335963211934081
ergo_adaptive,target_error,1150,95.75,0.13329769085278959
ergo_adaptive,target_error,1151,95.83333333333337,0.133902216526304
ergo_adaptive,target_error,1152,95.91666666666663,0.13315941250809243
ergo_adaptive,target_error,1153,96.0,0.1329924952580891
ergo_adaptive,target_error,1154,96.08333333333337,0.1337442966699598
ergo_adaptive,target_error,1155,96.16666666666663,0.1347038349218586
ergo_adaptive,target_error,1156,96.25,0.13363374336867914
ergo_adaptive,target_error,1157,96.33333333333337,0.13317330914001993
ergo_adaptive,target_error,1158,96.41666666666663,0.1338603825424812
ergo_adaptive,target_error,1159,96.5,0.13328186483789334
ergo_adaptive,target_error,1160,96.58333333333337,0.13346888470264331
ergo_adaptive,target_error,1161,96.66666666666663,0.13338996347249515
ergo_adaptive,target_error,1162,96.75,0.13463045134591187
ergo_adaptive,target_error,1163,96.83333333333337,0.13434604434578815
ergo_adaptive,target_error,1164,96.91666666666663,0.135811215459961
ergo_adaptive,target_error,1165,97.0,0.13532560062854596
ergo_adaptive,target_error,1166,97.08333333333337,0.13693043473834246
ergo_adaptive,target_error,1167,97.16666666666663,0.1403753627633105
ergo_adaptive,target_error,1168,97.25,0.14207589548780403
ergo_adaptive,target_error,1169,97.33333333333337,0.1447631522456741
ergo_adaptive,target_error,1170,97.41666666666663,0.14371238696890618
ergo_adaptive,target_error,1171,97.5,0.14289180130527793
ergo_adaptive,target_error,1172,97.58333333333337,0.14560807918086655
ergo_adaptive,target_error,1173,97.66666666666663,0.1468797893047243
ergo_adaptive,target_error,1174,97.75,0.1473728146208076
ergo_adaptive,target_error,1175,97.83333333333337,0.14622492400954926
ergo_adaptive,target_error,1176,97.91666666666663,0.1457956853153664
ergo_adaptive,target_error,1177,98.0,0.14930786642934893
ergo_adaptive,target_error,1178,98.08333333333337,0.15211669168297282
ergo_adaptive,target_error,1179,98.16666666666663,0.15394660072227495
ergo_adaptive,target_error,1180,98.25,0.15278386172242422
ergo_adaptive,target_error,1181,98.33333333333337,0.15487016179561813
ergo_adaptive,target_error,1182,98.41666666666663,0.15477261774008663
ergo_adaptive,target_error,1183,98.5,0.1557003931154722
ergo_adaptive,target_error,1184,98.58333333333337,0.15444229320832295
ergo_adaptive,target_error,1185,98.66666666666663,0.15465907552384098
ergo_adaptive,target_error,1186,98.75,0.15384036717060975
ergo_adaptive,target_error,1187,98.83333333333337,0.1546884112975977
ergo_adaptive,target_error,1188,98.91666666666663,0.15647657903256657
ergo_adaptive,target_error,1189,99.0,0.15845141510692784
ergo_adaptive,target_error,1190,99.08333333333337,0.15922175342904518
ergo_adaptive,target_error,1191,99.16666666666663,0.15846741315002638
ergo_adaptive,target_error,1192,99.25,0.15544614321241648
ergo_adaptive,target_error,1193,99.33333333333337,0.15775955571824732
ergo_adaptive,target_error,1194,99.41666666666663,0.15814932338039137
ergo_adaptive,target_error,1195,99.5,0.1564156949748757
ergo_adaptive,target_error,1196,99.58333333333337,0.15792166058719576
ergo_adaptive,target_error,1197,99.66666666666663,0.16128295646175003
ergo_adaptive,target_error,1198,99.75,0.16080621000743756
ergo_adaptive,target_error,1199,99.83333333333337,0.1598542114779317
ergo_adaptive,target_error,1200,99.91666666666663,0.15811588063654428
ergo_adaptive,target_error,1201,100.0,0.1540952533220887
ergo_adaptive,target_error,1202,100.08333333333337,0.15292597012025044
ergo_adaptive,target_error,1203,100.16666666666663,0.15315081778890638
ergo_adaptive,target_error,1204,100.25,0.1473435535397007
ergo_adaptive,target_error,1205,100.33333333333337,0.14820735286288472
ergo_adaptive,target_error,1206,100.41666666666663,0.14500017744546248
ergo_adaptive,target_error,1207,100.5,0.14423386365035507
ergo_adaptive,target_error,1208,100.58333333333337,0.13742975557077805
ergo_adaptive,target_error,1209,100.66666666666663,0.1281593127317328
ergo_adaptive,target_error,1210,100.75,0.11671296773357347
ergo_adaptive,target_error,1211,100.83333333333337,0.11573279949015525
ergo_adaptive,target_error,1212,100.91666666666663,0.1136970064779132
ergo_adaptive,target_error,1213,101.0,0.1207246926804573
ergo_adaptive,target_error,1214,101.08333333333337,0.12331397760140228
ergo_adaptive,target_error,1215,101.16666666666663,0.119047613537774
ergo_adaptive,target_error,1216,101.25,0.12147737191346518
ergo_adaptive,target_error,1217,101.33333333333337,0.11349591429639284
ergo_adaptive,target_error,1218,101.41666666666663,0.11218928060437855
ergo_adaptive,target_error,1219,101.5,0.11007309186161443
ergo_adaptive,target_error,1220,101.58333333333337,0.10558523910275418
ergo_adaptive,target_error,1221,101.66666666666663,0.1057160601570292
ergo_adaptive,target_error,1222,101.75,0.1058557897776329
ergo_adaptive,target_error,1223,101.83333333333337,0.10623421302935522
ergo_adaptive,target_error,1224,101.91666666666663,0.1104008993100746
ergo_adaptive,target_error,1225,102.0,0.10991366559662502
ergo_adaptive,target_error,1226,102.08333333333337,0.11081692825351122
ergo_adaptive,target_error,1227,102.16666666666663,0.11262912244634024
ergo_adaptive,target_error,1228,102.25,0.10756529525189047
ergo_adaptive,target_error,1229,102.33333333333337,0.10606640219701485
ergo_adaptive,target_error,1230,102.41666666666663,0.10421133388142692
ergo_adaptive,target_error,1231,102.5,0.10600850340132088
ergo_adaptive,target_error,1232,102.58333333333337,0.10514492768529353
ergo_adaptive,target_error,1233,102.66666666666663,0.10484360737648073
ergo_adaptive,target_error,1234,102.75,0.10492515485987547
ergo_adaptive,target_error,1235,102.83333333333337,0.10421823191240275
ergo_adaptive,target_error,1236,102.91666666666663,0.10430003286437481
ergo_adaptive,target_error,1237,103.0,0.10471502786220048
ergo_adaptive,target_error,1238,103.08333333333337,0.10548667072379815
ergo_adaptive,target_error,1239,103.16666666666663,0.10679327817968114
ergo_adaptive,target_error,1240,103.25,0.10881701194717082
ergo_adaptive,target_error,1241,103.33333333333337,0.10810020330649786
ergo_adaptive,target_error,1242,103.41666666666663,0.1065070825473319
ergo_adaptive,target_error,1243,103.5,0.1047715642542743
ergo_adaptive,target_error,1244,103.58333333333337,0.10471734846059107
ergo_adaptive,target_error,1245,103.66666666666663,0.10506285530021289
ergo_adaptive,target_error,1246,103.75,0.10522900104456132
ergo_adaptive,target_error,1247,103.83333333333337,0.10508779573896077
ergo_adaptive,target_error,1248,103.91666666666663,0.10552586792289026
ergo_adaptive,target_error,1249,104.0,0.10635449470149452
ergo_adaptive,target_error,1250,104.08333333333337,0.10619439166493778
ergo_adaptive,target_error,1251,104.16666666666663,0.10642331184855562
ergo_adaptive,target_error,1252,104.25,0.10673951679822849
ergo_adaptive,target_error,1253,104.33333333333337,0.10611754499967559
ergo_adaptive,target_error,1254,104.41666666666663,0.10600271291294033
ergo_adaptive,target_error,1255,104.5,0.10598190370712929
ergo_adaptive,target_error,1256,104.58333333333337,0.10624876913569982
ergo_adaptive,target_error,1257,104.66666666666663,0.10636960965246887
ergo_adaptive,target_error,1258,104.75,0.10663310490436603
ergo_adaptive,target_error,1259,104.83333333333337,0.10690293103590871
ergo_adaptive,target_error,1260,104.91666666666663,0.11313853924352758
ergo_adaptive,target_error,1261,105.0,0.11304772337954588
ergo_adaptive,target_error,1262,105.08333333333337,0.11533878194396602
ergo_adaptive,target_error,1263,105.16666666666663,0.12297897136511354
ergo_adaptive,target_error,1264,105.25,0.11093964083379136
ergo_adaptive,target_error,1265,105.33333333333337,0.10517967626932805
ergo_adaptive,target_error,1266,105.41666666666663,0.10516072594638934
ergo_adaptive,target_error,1267,105.5,0.10511278730833011
ergo_adaptive,target_error,1268,105.58333333333337,0.10520281131397745
ergo_adaptive,target_error,1269,105.66666666666663,0.10561991178644203
ergo_adaptive,target_error,1270,105.75,0.10594800931460314
ergo_adaptive,target_error,1271,105.83333333333337,0.10549268261479976
ergo_adaptive,target_error,1272,105.91666666666663,0.10561765832726183
ergo_adaptive,target_error,1273,106.0,0.10560827763115772
ergo_adaptive,target_error,1274,106.08333333333337,0.1081928719493628
ergo_adaptive,target_error,1275,106.16666666666663,0.11284481043249595
ergo_adaptive,target_error,1276,106.25,0.11018230521307136
ergo_adaptive,target_error,1277,106.33333333333337,0.11534927201362914
ergo_adaptive,target_error,1278,106.41666666666663,0.12159155284766493
ergo_adaptive,target_error,1279,106.5,0.13041347460847547
ergo_adaptive,target_error,1280,106.58333333333337,0.12096471332771463
ergo_adaptive,target_error,1281,106.66666666666663,0.1260399600325187
ergo_adaptive,target_error,1282,106.75,0.1178356949347477
ergo_adaptive,target_error,1283,106.83333333333337,0.11186232511265022
ergo_adaptive,target_error,1284,106.91666666666663,0.11255094590378707
ergo_adaptive,target_error,1285,107.0,0.11220065616084679
ergo_adaptive,target_error,1286,107.08333333333337,0.11356337541349928
ergo_adaptive,target_error,1287,107.16666666666663,0.11492585543511967
ergo_adaptive,target_error,1288,107.25,0.11181550382889284
ergo_adaptive,target_error,1289,107.33333333333337,0.10982876418460731
ergo_adaptive,target_error,1290,107.41666666666663,0.11310820948166643
ergo_adaptive,target_error,1291,107.5,0.11094949429568458
ergo_adaptive,target_error,1292,107.58333333333337,0.11087665498028883
ergo_adaptive,target_error,1293,107.66666666666663,0.11079400280510325
ergo_adaptive,target_error,1294,107.75,0.11153487824989271
ergo_adaptive,target_error,1295,107.83333333333337,0.11098190152797421
ergo_adaptive,target_error,1296,107.91666666666663,0.11048304107942146
ergo_adaptive,target_error,1297,108.0,0.11127518856177723
ergo_adaptive,target_error,1298,108.08333333333337,0.11061893265525664
ergo_adaptive,target_error,1299,108.16666666666663,0.11101845942414866
ergo_adaptive,target_error,1300,108.25,0.1125521364841306
ergo_adaptive,target_error,1301,108.33333333333337,0.11277207863553255
ergo_adaptive,target_error,1302,108.41666666666663,0.11601116126785489
ergo_adaptive,target_error,1303,108.5,0.11510897299471748
ergo_adaptive,target_error,1304,108.58333333333337,0.11382927866925024
ergo_adaptive,target_error,1305,108.66666666666663,0.11449598719819004
ergo_adaptive,target_error,1306,108.75,0.11439054639582932
ergo_adaptive,target_error,1307,108.83333333333337,0.11831458858533925
ergo_adaptive,target_error,1308,108.91666666666663,0.11479526987420033
ergo_adaptive,target_error,1309,109.0,0.11425490396588375
ergo_adaptive,target_error,1310,109.08333333333337,0.11938274975441544
ergo_adaptive,target_error,1311,109.16666666666663,0.12065639545992247
ergo_adaptive,target_error,1312,109.25,0.11944933291391732
ergo_adaptive,target_error,1313,109.33333333333337,0.12015181634207628
ergo_adaptive,target_error,1314,109.41666666666663,0.12170383252616257
ergo_adaptive,target_error,1315,109.5,0.1192207187508343
ergo_adaptive,target_error,1316,109.58333333333337,0.11633460556097819
ergo_adaptive,target_error,1317,109.66666666666663,0.11523767908091694
ergo_adaptive,target_error,1318,109.75,0.11368106954607124
ergo_adaptive,target_error,1319,109.83333333333337,0.11208536395450897
ergo_adaptive,target_error,1320,109.91666666666663,0.11223395552864526
ergo_adaptive,target_error,1321,110.0,0.11204936697125054
ergo_adaptive,target_error,1322,110.08333333333337,0.11245577852495255
ergo_adaptive,target_error,1323,110.16666666666663,0.11229178588804128
ergo_adaptive,target_error,1324,110.25,0.11232995131893743
ergo_adaptive,target_error,1325,110.33333333333337,0.11238615186120136
ergo_adaptive,target_error,1326,110.41666666666663,0.11325073177776324
ergo_adaptive,target_error,1327,110.5,0.11379339118817994
ergo_adaptive,target_error,1328,110.58333333333337,0.11653171537704153
ergo_adaptive,target_error,1329,110.66666666666663,0.11788189004898524
ergo_adaptive,target_error,1330,110.75,0.11788492204633723
ergo_adaptive,target_error,1331,110.83333333333337,0.11645055160667384
ergo_adaptive,target_error,1332,110.91666666666663,0.11868863710795728
ergo_adaptive,target_error,1333,111.0,0.11679418534304067
ergo_adaptive,target_error,1334,111.08333333333337,0.11993838435829218
ergo_adaptive,target_error,1335,111.16666666666663,0.1212356046840852
ergo_adaptive,target_error,1336,111.25,0.12180750582771153
ergo_adaptive,target_error,1337,111.33333333333337,0.12084448403834061
ergo_adaptive,target_error,1338,111.41666666666663,0.12097887200176695
ergo_adaptive,target_error,1339,111.5,0.12109285824317886
ergo_adaptive,target_error,1340,111.58333333333337,0.12263675667925378
ergo_adaptive,target_error,1341,111.66666666666663,0.12332000962808934
ergo_adaptive,target_error,1342,111.75,0.12517774580787863
ergo_adaptive,target_error,1343,111.83333333333337,0.12584035823918632
ergo_adaptive,target_error,1344,111.91666666666663,0.12553755146617965
ergo_adaptive,target_error,1345,112.0,0.1221534360434721
ergo_adaptive,target_error,1346,112.08333333333337,0.12039749007471252
ergo_adaptive,target_error,1347,112.16666666666663,0.12147302197005257
ergo_adaptive,target_error,1348,112.25,0.12001859338029698
ergo_adaptive,target_error,1349,112.33333333333337,0.11961351620550924
ergo_adaptive,target_error,1350,112.41666666666663,0.11948633071605887
ergo_adaptive,target_error,1351,112.5,0.11925421762983601
ergo_adaptive,target_error,1352,112.58333333333337,0.1192580773358884
ergo_adaptive,target_error,1353,112.66666666666663,0.11740725430291109
ergo_adaptive,target_error,1354,112.75,0.11837045144597279
ergo_adaptive,target_error,1355,112.83333333333337,0.11966047660586883
ergo_adaptive,target_error,1356,112.91666666666663,0.11951336571013171
ergo_adaptive,target_error,1357,113.0,0.12063644476522234
ergo_adaptive,target_error,1358,113.08333333333337,0.11877643537481933
ergo_adaptive,target_error,1359,113.16666666666663,0.118515288512712
ergo_adaptive,target_error,1360,113.25,0.12004101100550822
ergo_adaptive,target_error,1361,113.33333333333337,0.11908072580332009
ergo_adaptive,target_error,1362,113.41666666666663,0.12167442630882631
ergo_adaptive,target_error,1363,113.5,0.12175898774197225
ergo_adaptive,target_error,1364,113.58333333333337,0.1201912418233359
ergo_adaptive,target_error,1365,113.66666666666663,0.11844190681263331
ergo_adaptive,target_error,1366,113.75,0.11761076111806729
ergo_adaptive,target_error,1367,113.83333333333337,0.11828291773921706
ergo_adaptive,target_error,1368,113.91666666666663,0.1194231440088972
ergo_adaptive,target_error,1369,114.0,0.1212592839189286
ergo_adaptive,target_error,1370,114.08333333333337,0.12037445585786764
ergo_adaptive,target_error,1371,114.16666666666663,0.1221753927793993
ergo_adaptive,target_error,1372,114.25,0.12151919917838655
ergo_adaptive,target_error,1373,114.33333333333337,0.12178746121691617
ergo_adaptive,target_error,1374,114.41666666666663,0.12424427793366388
ergo_adaptive,target_error,1375,114.5,0.12097289376455779
ergo_adaptive,target_error,1376,114.58333333333337,0.12400747756404867
ergo_adaptive,target_error,1377,114.66666666666663,0.12525175809025615
ergo_adaptive,target_error,1378,114.75,0.12507526262452504
ergo_adaptive,target_error,1379,114.83333333333337,0.12554251545217088
ergo_adaptive,target_error,1380,114.91666666666663,0.12262629554069472
ergo_adaptive,target_error,1381,115.0,0.12806337598067327
ergo_adaptive,target_error,1382,115.08333333333337,0.12456642171386874
ergo_adaptive,target_error,1383,115.16666666666663,0.12114486150336719
ergo_adaptive,target_error,1384,115.25,0.12393924791550995
ergo_adaptive,target_error,1385,115.33333333333337,0.12342249752417488
ergo_adaptive,target_error,1386,115.41666666666663,0.12514521530169812
ergo_adaptive,target_error,1387,115.5,0.12369732081700326
ergo_adaptive,target_error,1388,115.58333333333337,0.12230019383769083
ergo_adaptive,target_error,1389,115.66666666666663,0.1190658385179797
ergo_adaptive,target_error,1390,115.75,0.11992031852389462
ergo_adaptive,target_error,1391,115.83333333333337,0.11841556649675218
ergo_adaptive,target_error,1392,115.91666666666663,0.11981915007480273
ergo_adaptive,target_error,1393,116.0,0.1193203676001185
ergo_adaptive,target_error,1394,116.08333333333337,0.11903128411642949
ergo_adaptive,target_error,1395,116.16666666666663,0.12028487504898384
ergo_adaptive,target_error,1396,116.25,0.12180933813412112
ergo_adaptive,target_error,1397,116.33333333333337,0.12108987930756519
ergo_adaptive,target_error,1398,116.41666666666663,0.12208849253607766
ergo_adaptive,target_error,1399,116.5,0.12303537233232972
ergo_adaptive,target_error,1400,116.58333333333337,0.12777015177418766
ergo_adaptive,target_error,1401,116.66666666666663,0.12633645156142914
ergo_adaptive,target_error,1402,116.75,0.13014028588385582
ergo_adaptive,target_error,1403,116.83333333333337,0.13063919021772058
ergo_adaptive,target_error,1404,116.91666666666663,0.1324208740826935
ergo_adaptive,target_error,1405,117.0,0.12941106547478623
ergo_adaptive,target_error,1406,117.08333333333337,0.13132223360366274
ergo_adaptive,target_error,1407,117.16666666666663,0.1314209484357887
ergo_adaptive,target_error,1408,117.25,0.13457415803922487
ergo_adaptive,target_error,1409,117.33333333333337,0.1309228482076079
ergo_adaptive,target_error,1410,117.41666666666663,0.1296266370859942
ergo_adaptive,target_error,1411,117.5,0.12968097212172003
ergo_adaptive,target_error,1412,117.58333333333337,0.12690210089347329
ergo_adaptive,target_error,1413,117.66666666666663,0.12798227678554425
ergo_adaptive,target_error,1414,117.75,0.1268225265726705
ergo_adaptive,target_error,1415,117.83333333333337,0.13074218868412182
ergo_adaptive,target_error,1416,117.91666666666663,0.13089606572226323
ergo_adaptive,target_error,1417,118.0,0.1301553681252842
ergo_adaptive,target_error,1418,118.08333333333337,0.13103452851183134
ergo_adaptive,target_error,1419,118.16666666666663,0.13045121715476357
ergo_adaptive,target_error,1420,118.25,0.12709834505203182
ergo_adaptive,target_error,1421,118.33333333333337,0.12854316930490964
ergo_adaptive,target_error,1422,118.41666666666663,0.12722615066209653
ergo_adaptive,target_error,1423,118.5,0.12693312832548012
ergo_adaptive,target_error,1424,118.58333333333337,0.13168703338047236
ergo_adaptive,target_error,1425,118.66666666666663,0.13186286457801139
ergo_adaptive,target_error,1426,118.75,0.1304218976833985
ergo_adaptive,target_error,1427,118.83333333333337,0.13079951805898232
ergo_adaptive,target_error,1428,118.91666666666663,0.12739625539859087
ergo_adaptive,target_error,1429,119.0,0.12937590708435837
ergo_adaptive,target_error,1430,119.08333333333337,0.12944752847136548
ergo_adaptive,target_error,1431,119.16666666666663,0.1287213052353902
ergo_adaptive,target_error,1432,119.25,0.12877248690817633
ergo_adaptive,target_error,1433,119.33333333333337,0.12599947297508637
ergo_adaptive,target_error,1434,119.41666666666663,0.12787135845170117
ergo_adaptive,target_error,1435,119.5,0.12874036579156847
ergo_adaptive,target_error,1436,119.58333333333337,0.1276399507631644
ergo_adaptive,target_error,1437,119.66666666666663,0.12665730820107102
ergo_adaptive,target_error,1438,119.75,0.1256469376887913
ergo_adaptive,target_error,1439,119.83333333333337,0.1255446603428983
ergo_adaptive,target_error,1440,119.91666666666663,0.12506647706451765
ergo_adaptive,target_error,1441,120.0,0.12672729348995762
ergo_adaptive,target_error,1442,120.08333333333337,0.12793306997706277
ergo_adaptive,target_error,1443,120.16666666666663,0.12548508407239753
ergo_adaptive,target_error,1444,120.25,0.12600172798268955
ergo_adaptive,target_error,1445,120.33333333333337,0.12717585697068337
ergo_adaptive,target_error,1446,120.41666666666663,0.12824431506925824
ergo_adaptive,target_error,1447,120.5,0.1297321665127631
ergo_adaptive,target_error,1448,120.58333333333337,0.1300750945016914
ergo_adaptive,target_error,1449,120.66666666666663,0.12827838311187592
ergo_adaptive,target_error,1450,120.75,0.12754178425687626
ergo_adaptive,target_error,1451,120.83333333333337,0.13114720651239764
ergo_adaptive,target_error,1452,120.91666666666663,0.12712764739401775
ergo_adaptive,target_error,1453,121.0,0.1282351827184977
ergo_adaptive,target_error,1454,121.08333333333337,0.1294712230964847
ergo_adaptive,target_error,1455,121.16666666666663,0.13295785498470092
ergo_adaptive,target_error,1456,121.25,0.13164642708046284
ergo_adaptive,target_error,1457,121.33333333333337,0.13263099393913547
ergo_adaptive,target_error,1458,121.41666666666663,0.13280874631903283
ergo_adaptive,target_error,1459,121.5,0.13415390105586245
ergo_adaptive,target_error,1460,121.58333333333337,0.12922346487218397
ergo_adaptive,target_error,1461,121.66666666666663,0.1281838100004289
ergo_adaptive,target_error,1462,121.75,0.13199530900848783
ergo_adaptive,target_error,1463,121.83333333333337,0.1308153741948047
ergo_adaptive,target_error,1464,121.91666666666663,0.13289245737176805
ergo_adaptive,target_error,1465,122.0,0.13667959035669508
ergo_adaptive,target_error,1466,122.08333333333337,0.13336200636020695
ergo_adaptive,target_error,1467,122.16666666666663,0.13539823125613842
ergo_adaptive,target_error,1468,122.25,0.13620758864162888
ergo_adaptive,target_error,1469,122.33333333333337,0.1346542358452833
ergo_adaptive,target_error,1470,122.41666666666663,0.1325957133923599
ergo_adaptive,target_error,1471,122.5,0.13478530995944593
ergo_adaptive,target_error,1472,122.58333333333337,0.1338796846565538
ergo_adaptive,target_error,1473,122.66666666666663,0.1331162953918038
ergo_adaptive,target_error,1474,122.75,0.12959525567689092
ergo_adaptive,target_error,1475,122.83333333333337,0.12933181179436765
ergo_adaptive,target_error,1476,122.91666666666663,0.1341444992021164
ergo_adaptive,target_error,1477,123.0,0.13358296045065907
ergo_adaptive,target_error,1478,123.08333333333337,0.13626402907839036
ergo_adaptive,target_error,1479,123.16666666666663,0.13896429972008204
ergo_adaptive,target_error,1480,123.25,0.13661623322059285
ergo_adaptive,target_error,1481,123.33333333333337,0.13342526243800437
ergo_adaptive,target_error,1482,123.41666666666663,0.13183589475062663
ergo_adaptive,target_error,1483,123.5,0.13057178265414665
ergo_adaptive,target_error,1484,123.58333333333337,0.13088046195290273
ergo_adaptive,target_error,1485,123.66666666666663,0.13247587132335098
ergo_adaptive,target_error,1486,123.75,0.13471257479722487
ergo_adaptive,target_error,1487,123.83333333333337,0.13437108546313498
ergo_adaptive,target_error,1488,123.91666666666663,0.13167153200522924
ergo_adaptive,target_error,1489,124.0,0.12974479168352096
ergo_adaptive,target_error,1490,124.08333333333337,0.1282066338120128
ergo_adaptive,target_error,1491,124.16666666666663,0.13010900778355408
ergo_adaptive,target_error,1492,124.25,0.13052909500081314
ergo_adaptive,target_error,1493,124.33333333333337,0.13243969383177043
ergo_adaptive,target_error,1494,124.41666666666663,0.13155668862161513
ergo_adaptive,target_error,1495,124.5,0.13105089088641944
ergo_adaptive,target_error,1496,124.58333333333337,0.13321594756533972
ergo_adaptive,target_error,1497,124.66666666666663,0.13383108361041193
ergo_adaptive,target_error,1498,124.75,0.13546840170992305
ergo_adaptive,target_error,1499,124.83333333333337,0.13604921268115774
ergo_adaptive,target_error,1500,124.91666666666663,0.13747018739261196
ergo_adaptive,target_error,1501,125.0,0.13899687912138883
ergo_adaptive,target_error,1502,125.08333333333337,0.13927822573093673
ergo_adaptive,target_error,1503,125.16666666666663,0.14105244157617944
ergo_adaptive,target_error,1504,125.25,0.13787385962509233
ergo_adaptive,target_error,1505,125.33333333333337,0.1386189646839209
ergo_adaptive,target_error,1506,125.41666666666663,0.1368785617042724
ergo_adaptive,target_error,1507,125.5,0.13561289450361017
ergo_adaptive,target_error,1508,125.58333333333337,0.13698892692426623
ergo_adaptive,target_error,1509,125.66666666666663,0.13533088123649933
ergo_adaptive,target_error,1510,125.75,0.13608494899638848
ergo_adaptive,target_error,1511,125.83333333333337,0.13572444382141508
ergo_adaptive,target_error,1512,125.91666666666663,0.1389680972313018
ergo_adaptive,target_error,1513,126.0,0.13601149625764009
ergo_adaptive,target_error,1514,126.08333333333337,0.1354106311957073
ergo_adaptive,target_error,1515,126.16666666666663,0.13619460069288775
ergo_adaptive,target_error,1516,126.25,0.13651219954225874
ergo_adaptive,target_error,1517,126.33333333333337,0.1414984686907367
ergo_adaptive,target_error,1518,126.41666666666663,0.1441501400796943
ergo_adaptive,target_error,1519,126.5,0.1434409418534168
ergo_adaptive,target_error,1520,126.58333333333337,0.1404367309513607
ergo_adaptive,target_error,1521,126.66666666666663,0.14078462124487406
ergo_adaptive,target_error,1522,126.75,0.13770709178247853
ergo_adaptive,target_error,1523,126.83333333333337,0.1403082956647463
ergo_adaptive,target_error,1524,126.91666666666663,0.13858926940301336
ergo_adaptive,target_error,1525,127.0,0.1397588166661635
ergo_adaptive,target_error,1526,127.08333333333337,0.13917178440770872
ergo_adaptive,target_error,1527,127.16666666666663,0.13881153628935564
ergo_adaptive,target_error,1528,127.25,0.1407615310395487
ergo_adaptive,target_error,1529,127.33333333333337,0.13925819010903942
ergo_adaptive,target_error,1530,127.41666666666663,0.13613497679407952
ergo_adaptive,target_error,1531,127.5,0.1347459241053052
ergo_adaptive,target_error,1532,127.58333333333337,0.13889852774236983
ergo_adaptive,target_error,1533,127.66666666666663,0.13794369651792174
ergo_adaptive,target_error,1534,127.75,0.13805406468478776
ergo_adaptive,target_error,1535,127.83333333333337,0.13411172759151765
ergo_adaptive,target_error,1536,127.91666666666663,0.13695971706102578
ergo_adaptive,target_error,1537,128.0,0.13759489398881772
ergo_adaptive,target_error,1538,128.08333333333337,0.13819826260825285
ergo_adaptive,target_error,1539,128.16666666666663,0.13797224065011407
ergo_adaptive,target_error,1540,128.25,0.13883306452403907
ergo_adaptive,target_error,1541,128.33333333333337,0.13999031979027882
ergo_adaptive,target_error,1542,128.41666666666663,0.13777770440927226
ergo_adaptive,target_error,1543,128.5,0.13670610347255477
ergo_adaptive,target_error,1544,128.58333333333337,0.13725353200592771
ergo_adaptive,target_error,1545,128.66666666666663,0.13568317639558367
ergo_adaptive,target_error,1546,128.75,0.14111658978903358
ergo_adaptive,target_error,1547,128.83333333333337,0.14110180385609247
ergo_adaptive,target_error,1548,128.91666666666663,0.14484859589001925
ergo_adaptive,target_error,1549,129.0,0.13852721869967635
ergo_adaptive,target_error,1550,129.08333333333337,0.13578006674140725
ergo_adaptive,target_error,1551,129.16666666666663,0.13753637287401543
ergo_adaptive,target_error,1552,129.25,0.1386082367596766
ergo_adaptive,target_error,1553,129.33333333333337,0.13818952574523977
ergo_adaptive,target_error,1554,129.41666666666663,0.13892630211370915
ergo_adaptive,target_error,1555,129.5,0.14267858310577788
ergo_adaptive,target_error,1556,129.58333333333337,0.1444933710461216
ergo_adaptive,target_error,1557,129.66666666666663,0.14593910069124372
ergo_adaptive,target_error,1558,129.75,0.1425531652645165
ergo_adaptive,target_error,1559,129.83333333333337,0.14329320819058075
ergo_adaptive,target_error,1560,129.91666666666663,0.14392463932720892
ergo_adaptive,target_error,1561,130.0,0.14317656464708448
ergo_adaptive,target_error,1562,130.08333333333337,0.1448400416486884
ergo_adaptive,target_error,1563,130.16666666666663,0.14740817500741468
ergo_adaptive,target_error,1564,130.25,0.14603691022522894
ergo_adaptive,target_error,1565,130.33333333333337,0.14580475049672906
ergo_adaptive,target_error,1566,130.41666666666663,0.14295071298288753
ergo_adaptive,target_error,1567,130.5,0.14242261302136505
ergo_adaptive,target_error,1568,130.58333333333337,0.1474257996797459
ergo_adaptive,target_error,1569,130.66666666666663,0.14679337082153668
ergo_adaptive,target_error,1570,130.75,0.1463369997865761
ergo_adaptive,target_error,1571,130.83333333333337,0.14591190523698105
ergo_adaptive,target_error,1572,130.91666666666663,0.1425362333647335
ergo_adaptive,target_error,1573,131.0,0.14543563017974012
ergo_adaptive,target_error,1574,131.08333333333337,0.1413264537265299
ergo_adaptive,target_error,1575,131.16666666666663,0.14261519790957064
ergo_adaptive,target_error,1576,131.25,0.14240802924282842
ergo_adaptive,target_error,1577,131.33333333333337,0.14568919222372026
ergo_adaptive,target_error,1578,131.41666666666663,0.14233560720918922
ergo_adaptive,target_error,1579,131.5,0.1378261088037976
ergo_adaptive,target_error,1580,131.58333333333337,0.13833131022252343
ergo_adaptive,target_error,1581,131.66666666666663,0.14195353924807685
ergo_adaptive,target_error,1582,131.75,0.14317939896679346
ergo_adaptive,target_error,1583,131.83333333333337,0.1453512958446608
ergo_adaptive,target_error,1584,131.91666666666663,0.14354994142782107
ergo_adaptive,target_error,1585,132.0,0.14509958069808832
ergo_adaptive,target_error,1586,132.08333333333337,0.1440180634436016
ergo_adaptive,target_error,1587,132.16666666666663,0.1461976624954511
ergo_adaptive,target_error,1588,132.25,0.14797985219887066
ergo_adaptive,target_error,1589,132.33333333333337,0.14650373713915688
ergo_adaptive,target_error,1590,132.41666666666663,0.1434839509595404
ergo_adaptive,target_error,1591,132.5,0.14438983491165006
ergo_adaptive,target_error,1592,132.58333333333337,0.14267308709861054
ergo_adaptive,target_error,1593,132.66666666666663,0.1430622491043886
ergo_adaptive,target_error,1594,132.75,0.14225320732731137
ergo_adaptive,target_error,1595,132.83333333333337,0.14482395716177357
ergo_adaptive,target_error,1596,132.91666666666663,0.14579810453103506
ergo_adaptive,target_error,1597,133.0,0.14733019441989328
ergo_adaptive,target_error,1598,133.08333333333337,0.1462620794955994
ergo_adaptive,target_error,1599,133.16666666666663,0.14635683311593622
ergo_adaptive,target_error,1600,133.25,0.144693425353394
ergo_adaptive,target_error,1601,133.33333333333337,0.1495296183935928
ergo_adaptive,target_error,1602,133.41666666666663,0.15012081091427118
ergo_adaptive,target_error,1603,133.5,0.15053117855812842
ergo_adaptive,target_error,1604,133.58333333333337,0.15223953710200003
ergo_adaptive,target_error,1605,133.66666666666663,0.1520408746277073
ergo_adaptive,target_error,1606,133.75,0.15171342220199066
ergo_adaptive,target_error,1607,133.83333333333337,0.1455639927974576
ergo_adaptive,target_error,1608,133.91666666666663,0.14454238528985083
ergo_adaptive,target_error,1609,134.0,0.14447499152539764
ergo_adaptive,target_error,1610,134.08333333333337,0.1425724825425518
ergo_adaptive,target_error,1611,134.16666666666663,0.14616879786473258
ergo_adaptive,target_error,1612,134.25,0.14264303078592783
ergo_adaptive,target_error,1613,134.33333333333337,0.13897324708924821
ergo_adaptive,target_error,1614,134.41666666666663,0.14010537077561436
ergo_adaptive,target_error,1615,134.5,0.13846212127705426
ergo_adaptive,target_error,1616,134.58333333333337,0.14125583833723251
ergo_adaptive,target_error,1617,134.66666666666663,0.14286283621780937
ergo_adaptive,target_error,1618,134.75,0.14569089956625048
ergo_adaptive,target_error,1619,134.83333333333337,0.14569762133426
ergo_adaptive,target_error,1620,134.91666666666663,0.1430441153446212
ergo_adaptive,target_error,1621,135.0,0.14283216687157207
ergo_adaptive,target_error,1622,135.08333333333337,0.14368089078528107
ergo_adaptive,target_error,1623,135.16666666666663,0.14647609040808945
ergo_adaptive,target_error,1624,135.25,0.15292917418002153
ergo_adaptive,target_error,1625,135.33333333333337,0.15132286480148366
ergo_adaptive,target_error,1626,135.41666666666663,0.1428802179239426
ergo_adaptive,target_error,1627,135.5,0.14445659535021546
ergo_adaptive,target_error,1628,135.58333333333337,0.14530161753758125
ergo_adaptive,target_error,1629,135.66666666666663,0.14372275228692658
ergo_adaptive,target_error,1630,135.75,0.14336760927969044
ergo_adaptive,target_error,1631,135.83333333333337,0.14931790706471526
ergo_adaptive,target_error,1632,135.91666666666663,0.15057800325191503
ergo_adaptive,target_error,1633,136.0,0.14781393819965635
ergo_adaptive,target_error,1634,136.08333333333337,0.14584685642069098
ergo_adaptive,target_error,1635,136.16666666666663,0.14754322252438906
ergo_adaptive,target_error,1636,136.25,0.147798074363967
ergo_adaptive,target_error,1637,136.33333333333337,0.14827655377576113
ergo_adaptive,target_error,1638,136.41666666666663,0.1463379772541058
ergo_adaptive,target_error,1639,136.5,0.14754299929544326
ergo_adaptive,target_error,1640,136.58333333333337,0.14968262996224713
ergo_adaptive,target_error,1641,136.66666666666663,0.14882822413933702
ergo_adaptive,target_error,1642,136.75,0.14784396475563394
ergo_adaptive,target_error,1643,136.83333333333337,0.14948691514630452
ergo_adaptive,target_error,1644,136.91666666666663,0.1462879484499539
ergo_adaptive,target_error,1645,137.0,0.1430107116888711
ergo_adaptive,target_error,1646,137.08333333333337,0.1438735212513376
ergo_adaptive,target_error,1647,137.16666666666663,0.1429412937820355
ergo_adaptive,target_error,1648,137.25,0.14760891460879838
ergo_adaptive,target_error,1649,137.33333333333337,0.14458556331697836
ergo_adaptive,target_error,1650,137.41666666666663,0.14406405859454294
ergo_adaptive,target_error,1651,137.5,0.1429641917025589
ergo_adaptive,target_error,1652,137.58333333333337,0.1450002388961382
ergo_adaptive,target_error,1653,137.66666666666663,0.14438000526334932
ergo_adaptive,target_error,1654,137.75,0.14735008902414284
ergo_adaptive,target_error,1655,137.83333333333337,0.1463034348680531
ergo_adaptive,target_error,1656,137.91666666666663,0.14659457213026222
ergo_adaptive,target_error,1657,138.0,0.14578372733177575
ergo_adaptive,target_error,1658,138.08333333333337,0.147194950050859
ergo_adaptive,target_error,1659,138.16666666666663,0.14979925358221619
ergo_adaptive,target_error,1660,138.25,0.15036994621678007
ergo_adaptive,target_error,1661,138.33333333333337,0.15340254905858378
ergo_adaptive,target_error,1662,138.41666666666663,0.14899695624192477
ergo_adaptive,target_error,1663,138.5,0.14648659016472032
ergo_adaptive,target_error,1664,138.58333333333337,0.14243187233145627
ergo_adaptive,target_error,1665,138.66666666666663,0.1425731906328206
ergo_adaptive,target_error,1666,138.75,0.14133434822174681
ergo_adaptive,target_error,1667,138.83333333333337,0.14113935154137786
ergo_adaptive,target_error,1668,138.91666666666663,0.14184134139659546
ergo_adaptive,target_error,1669,139.0,0.14295786540893748
ergo_adaptive,target_error,1670,139.08333333333337,0.14387986596328364
ergo_adaptive,target_error,1671,139.16666666666663,0.14724565213080354
ergo_adaptive,target_error,1672,139.25,0.146510254730924
ergo_adaptive,target_error,1673,139.33333333333337,0.14897991154231316
ergo_adaptive,target_error,1674,139.41666666666663,0.15027739426153064
ergo_adaptive,target_error,1675,139.5,0.1560713283207278
ergo_adaptive,target_error,1676,139.58333333333337,0.15782380453151026
ergo_adaptive,target_error,1677,139.66666666666663,0.16247016390652477
ergo_adaptive,target_error,1678,139.75,0.1521465365911647
ergo_adaptive,target_error,1679,139.83333333333337,0.15607273270380878
ergo_adaptive,target_error,1680,139.91666666666663,0.1545557417810276
ergo_adaptive,target_error,1681,140.0,0.15282143809708781
ergo_adaptive,target_error,1682,140.08333333333337,0.15833254275223552
ergo_adaptive,target_error,1683,140.16666666666663,0.15699066609016385
ergo_adaptive,target_error,1684,140.25,0.15482603117179236
ergo_adaptive,target_error,1685,140.33333333333337,0.1584812048401049
ergo_adaptive,target_error,1686,140.41666666666663,0.1580982300254982
ergo_adaptive,target_error,1687,140.5,0.15591134763852882
ergo_adaptive,target_error,1688,140.58333333333337,0.1581685616858607
ergo_adaptive,target_error,1689,140.66666666666663,0.15770436969425436
ergo_adaptive,target_error,1690,140.75,0.15665627110305597
ergo_adaptive,target_error,1691,140.83333333333337,0.15411567383049107
ergo_adaptive,target_error,1692,140.91666666666663,0.15520367804638383
ergo_adaptive,target_error,1693,141.0,0.1558108548652822
ergo_adaptive,target_error,1694,141.08333333333337,0.15354606324107345
ergo_adaptive,target_error,1695,141.16666666666663,0.15058904187277516
ergo_adaptive,target_error,1696,141.25,0.15153979234530152
ergo_adaptive,target_error,1697,141.33333333333337,0.15280400417588674
ergo_adaptive,target_error,1698,141.41666666666663,0.1501822969778328
ergo_adaptive,target_error,1699,141.5,0.150050856013438
ergo_adaptive,target_error,1700,141.58333333333337,0.14966956586172223
ergo_adaptive,target_error,1701,141.66666666666663,0.15093516625462955
ergo_adaptive,target_error,1702,141.75,0.1559631857330241
ergo_adaptive,target_error,1703,141.83333333333337,0.15339225502129172
ergo_adaptive,target_error,1704,141.91666666666663,0.15406278361177064
ergo_adaptive,target_error,1705,142.0,0.15458555082864162
ergo_adaptive,target_error,1706,142.08333333333337,0.15666123808732785
ergo_adaptive,target_error,1707,142.16666666666663,0.1560438589081289
ergo_adaptive,target_error,1708,142.25,0.1544136189114131
ergo_adaptive,target_error,1709,142.33333333333337,0.15343744919907462
ergo_adaptive,target_error,1710,142.41666666666663,0.1497009691152599
ergo_adaptive,target_error,1711,142.5,0.15200045363489287
ergo_adaptive,target_error,1712,142.58333333333337,0.14828694704634926
ergo_adaptive,target_error,1713,142.66666666666663,0.14735522918952432
ergo_adaptive,target_error,1714,142.75,0.14738977003701423
ergo_adaptive,target_error,1715,142.83333333333337,0.14654354858400945
ergo_adaptive,target_error,1716,142.91666666666663,0.14590551546354688
ergo_adaptive,target_error,1717,143.0,0.14593135406738564
ergo_adaptive,target_error,1718,143.08333333333337,0.14589912703764613
ergo_adaptive,target_error,1719,143.16666666666663,0.14598686138187122
ergo_adaptive,target_error,1720,143.25,0.146044003835047
ergo_adaptive,target_error,1721,143.33333333333337,0.14647954468254587
ergo_adaptive,target_error,1722,143.41666666666663,0.14690505153940545
ergo_adaptive,target_error,1723,143.5,0.15051145638317795
ergo_adaptive,target_error,1724,143.58333333333337,0.1495987325231096
ergo_adaptive,target_error,1725,143.66666666666663,0.14870434183276965
ergo_adaptive,target_error,1726,143.75,0.15075022868450588
ergo_adaptive,target_error,1727,143.83333333333337,0.15415442530899018
ergo_adaptive,target_error,1728,143.91666666666663,0.15566000544756983
ergo_adaptive,target_error,1729,144.0,0.15695354417125196
ergo_adaptive,target_error,1730,144.08333333333337,0.15587496057102923
ergo_adaptive,target_error,1731,144.16666666666663,0.15771021449805844
ergo_adaptive,target_error,1732,144.25,0.15922569919651872
ergo_adaptive,target_error,1733,144.33333333333337,0.16201462980468906
ergo_adaptive,target_error,1734,144.41666666666663,0.1630311473648606
ergo_adaptive,target_error,1735,144.5,0.16268072847652904
ergo_adaptive,target_error,1736,144.58333333333337,0.16288929990541626
ergo_adaptive,target_error,1737,144.66666666666663,0.1640793559211045
ergo_adaptive,target_error,1738,144.75,0.16517446352653872
ergo_adaptive,target_error,1739,144.83333333333337,0.1668167352211955
ergo_adaptive,target_error,1740,144.91666666666663,0.16815995757994215
ergo_adaptive,target_error,1741,145.0,0.16832885546629456
ergo_adaptive,target_error,1742,145.08333333333337,0.16827735370433436
ergo_adaptive,target_error,1743,145.16666666666663,0.16833842971158938
ergo_adaptive,target_error,1744,145.25,0.16780380749089843
ergo_adaptive,target_error,1745,145.33333333333337,0.1684933018789677
ergo_adaptive,target_error,1746,145.41666666666663,0.16869691830166078
ergo_adaptive,target_error,1747,145.5,0.16880132567846648
ergo_adaptive,target_error,1748,145.58333333333337,0.17010849725971838
ergo_adaptive,target_error,1749,145.66666666666663,0.1705083405582206
ergo_adaptive,target_error,1750,145.75,0.17077563738967091
ergo_adaptive,target_error,1751,145.83333333333337,0.17068520467222933
ergo_adaptive,target_error,1752,145.91666666666663,0.17145898967063003
ergo_adaptive,target_error,1753,146.0,0.17220546538490933
ergo_adaptive,target_error,1754,146.08333333333337,0.1730396179844851
ergo_adaptive,target_error,1755,146.16666666666663,0.17244768106826694
ergo_adaptive,target_error,1756,146.25,0.17265980808579223
ergo_adaptive,target_error,1757,146.33333333333337,0.17337514694867875
ergo_adaptive,target_error,1758,146.41666666666663,0.17292710043301773
ergo_adaptive,target_error,1759,146.5,0.17330122367242204
ergo_adaptive,target_error,1760,146.58333333333337,0.17353839570922788
ergo_adaptive,target_error,1761,146.66666666666663,0.17382378503739476
ergo_adaptive,target_error,1762,146.75,0.17409769479981152
ergo_adaptive,target_error,1763,146.83333333333337,0.17410002831016266
ergo_adaptive,target_error,1764,146.91666666666663,0.17440824343404054
ergo_adaptive,target_error,1765,147.0,0.17497081047023613
ergo_adaptive,target_error,1766,147.08333333333337,0.17485385047351573
ergo_adaptive,target_error,1767,147.16666666666663,0.17493009051273478
ergo_adaptive,target_error,1768,147.25,0.1751336050369597
ergo_adaptive,target_error,1769,147.33333333333337,0.17548751025805248
ergo_adaptive,target_error,1770,147.41666666666663,0.17538627110909089
ergo_adaptive,target_error,1771,147.5,0.17621252213352506
ergo_adaptive,target_error,1772,147.58333333333337,0.17623015034959158
ergo_adaptive,target_error,1773,147.66666666666663,0.1760965131409348
ergo_adaptive,target_error,1774,147.75,0.17663557077708628
ergo_adaptive,target_error,1775,147.83333333333337,0.1764632897140698
ergo_adaptive,target_error,1776,147.91666666666663,0.17616835745360374
ergo_adaptive,target_error,1777,148.0,0.176169248880412
ergo_adaptive,target_error,1778,148.08333333333337,0.17668251909086496
ergo_adaptive,target_error,1779,148.16666666666663,0.17671326376139607
ergo_adaptive,target_error,1780,148.25,0.17694034777748863
ergo_adaptive,target_error,1781,148.33333333333337,0.1773569446678668
ergo_adaptive,target_error,1782,148.41666666666663,0.17738071651528636
ergo_adaptive,target_error,1783,148.5,0.17717802037257255
ergo_adaptive,target_error,1784,148.58333333333337,0.1777765965733592
ergo_adaptive,target_error,1785,148.66666666666663,0.17735966129552283
ergo_adaptive,target_error,1786,148.75,0.17671143205055934
ergo_adaptive,target_error,1787,148.83333333333337,0.17655996220214834
ergo_adaptive,target_error,1788,148.91666666666663,0.1765213593711087
ergo_adaptive,target_error,1789,149.0,0.17694571603482376
ergo_adaptive,target_error,1790,149.08333333333337,0.1771542807482537
ergo_adaptive,target_error,1791,149.16666666666663,0.1772410258888253
ergo_adaptive,target_error,1792,149.25,0.1775677253802858
ergo_adaptive,target_error,1793,149.33333333333337,0.17798652327108191
ergo_adaptive,target_error,1794,149.41666666666663,0.1781417537311248
ergo_adaptive,target_error,1795,149.5,0.1784992272403825
ergo_adaptive,target_error,1796,149.58333333333337,0.17828715316020013
ergo_adaptive,target_error,1797,149.66666666666663,0.17805741856015908
ergo_adaptive,target_error,1798,149.75,0.17794934326196443
ergo_adaptive,target_error,1799,149.83333333333337,0.17800566491519795
ergo_adaptive,target_error,1800,149.91666666666663,0.17808559792408346
ergo_adaptive,target_error,1801,150.0,0.1783605638387421
ergo_adaptive,target_error,1802,150.08333333333337,0.17846059998862787
ergo_adaptive,target_error,1803,150.16666666666663,0.17837826577998678
ergo_adaptive,target_error,1804,150.25,0.17837000255267532
ergo_adaptive,target_error,1805,150.33333333333337,0.17887006400436128
ergo_adaptive,target_error,1806,150.41666666666663,0.17898821207443957
ergo_adaptive,target_error,1807,150.5,0.17849152827156559
ergo_adaptive,target_error,1808,150.58333333333337,0.1789380442331451
ergo_adaptive,target_error,1809,150.66666666666663,0.17924316565067247
ergo_adaptive,target_error,1810,150.75,0.17931892950114686
ergo_adaptive,target_error,1811,150.83333333333337,0.17955347629708987
ergo_adaptive,target_error,1812,150.91666666666663,0.17926763056303346
ergo_adaptive,target_error,1813,151.0,0.17976979139495683
ergo_adaptive,target_error,1814,151.08333333333337,0.18040930201376634
ergo_adaptive,target_error,1815,151.16666666666663,0.18051817471096945
ergo_adaptive,target_error,1816,151.25,0.18038903264087383
ergo_adaptive,target_error,1817,151.33333333333337,0.18132269743528884
ergo_adaptive,target_error,1818,151.41666666666663,0.18121314046806103
ergo_adaptive,target_error,1819,151.5,0.18201953179046595
ergo_adaptive,target_error,1820,151.58333333333337,0.18225211766503713
ergo_adaptive,target_error,1821,151.66666666666663,0.18251522593749314
ergo_adaptive,target_error,1822,151.75,0.18190051845837438
ergo_adaptive,target_error,1823,151.83333333333337,0.18148215956900993
ergo_adaptive,target_error,1824,151.91666666666663,0.18165799659283044
ergo_adaptive,target_error,1825,152.0,0.18187218728398272
ergo_adaptive,target_error,1826,152.08333333333337,0.18187549648921109
ergo_adaptive,target_error,1827,152.16666666666663,0.1817642757151434
ergo_adaptive,target_error,1828,152.25,0.18222897722972514
ergo_adaptive,target_error,1829,152.33333333333337,0.18221237189189873
ergo_adaptive,target_error,1830,152.41666666666663,0.18246660747671697
ergo_adaptive,target_error,1831,152.5,0.18308776844394772
ergo_adaptive,target_error,1832,152.58333333333337,0.18341690265596192
ergo_adaptive,target_error,1833,152.66666666666663,0.18392465226594754
ergo_adaptive,target_error,1834,152.75,0.1840532054085988
ergo_adaptive,target_error,1835,152.83333333333337,0.18439197797629514
ergo_adaptive,target_error,1836,152.91666666666663,0.18438386563096382
ergo_adaptive,target_error,1837,153.0,0.18552506392487697
ergo_adaptive,target_error,1838,153.08333333333337,0.18612314736010896
ergo_adaptive,target_error,1839,153.16666666666663,0.18593334971563208
ergo_adaptive,target_error,1840,153.25,0.1857385342368039
ergo_adaptive,target_error,1841,153.33333333333337,0.1863241304784856
ergo_adaptive,target_error,1842,153.41666666666663,0.18657551002176578
ergo_adaptive,target_error,1843,153.5,0.1864150023903429
ergo_adaptive,target_error,1844,153.58333333333337,0.18679935824827007
ergo_adaptive,target_error,1845,153.66666666666663,0.18609368758326625
ergo_adaptive,target_error,1846,153.75,0.18609706613328988
ergo_adaptive,target_error,1847,153.83333333333337,0.18612838742871385
ergo_adaptive,target_error,1848,153.91666666666663,0.18524925680080126
ergo_adaptive,target_error,1849,154.0,0.18518263630340867
ergo_adaptive,target_error,1850,154.08333333333337,0.18456774414698054
ergo_adaptive,target_error,1851,154.16666666666663,0.183991156445903
ergo_adaptive,target_error,1852,154.25,0.18354000971842713
ergo_adaptive,target_error,1853,154.33333333333337,0.1816703757467443
ergo_adaptive,target_error,1854,154.41666666666663,0.1816767109331941
ergo_adaptive,target_error,1855,154.5,0.18088072560330254
ergo_adaptive,target_error,1856,154.58333333333337,0.1801192665857877
ergo_adaptive,target_error,1857,154.66666666666663,0.18050841321123712
ergo_adaptive,target_error,1858,154.75,0.18047137162281734
ergo_adaptive,target_error,1859,154.83333333333337,0.17977064623076033
ergo_adaptive,target_error,1860,154.91666666666663,0.18043004771376256
ergo_adaptive,target_error,1861,155.0,0.17999046701154944
ergo_adaptive,target_error,1862,155.08333333333337,0.1799250289053484
ergo_adaptive,target_error,1863,155.16666666666663,0.17811919146260755
ergo_adaptive,target_error,1864,155.25,0.17869951941242257
ergo_adaptive,target_error,1865,155.33333333333337,0.1790161348325157
ergo_adaptive,target_error,1866,155.41666666666663,0.17706456993413122
ergo_adaptive,target_error,1867,155.5,0.17651956297795707
ergo_adaptive,target_error,1868,155.58333333333337,0.17778099759203214
ergo_adaptive,target_error,1869,155.66666666666663,0.1775268832233534
ergo_adaptive,target_error,1870,155.75,0.1767484816191777
ergo_adaptive,target_error,1871,155.83333333333337,0.17601504517416872
ergo_adaptive,target_error,1872,155.91666666666663,0.17678290920479858
ergo_adaptive,target_error,1873,156.0,0.17639092170724166
ergo_adaptive,target_error,1874,156.08333333333337,0.17708780474301278
ergo_adaptive,target_error,1875,156.16666666666663,0.17640252189589314
ergo_adaptive,target_error,1876,156.25,0.17420236802252986
ergo_adaptive,target_error,1877,156.33333333333337,0.1736076305492144
ergo_adaptive,target_error,1878,156.41666666666663,0.17489785612196476
ergo_adaptive,target_error,1879,156.5,0.17577574380738056
ergo_adaptive,target_error,1880,156.58333333333337,0.17651781831440738
ergo_adaptive,target_error,1881,156.66666666666663,0.17640506227062958
ergo_adaptive,target_error,1882,156.75,0.17572333418576988
ergo_adaptive,target_error,1883,156.83333333333337,0.17648330092342654
ergo_adaptive,target_error,1884,156.91666666666663,0.1761727444545861
ergo_adaptive,target_error,1885,157.0,0.1759891872024994
ergo_adaptive,target_error,1886,157.08333333333337,0.17471219676346686
ergo_adaptive,target_error,1887,157.16666666666663,0.17095528300534102
ergo_adaptive,target_error,1888,157.25,0.1674291370812001
ergo_adaptive,target_error,1889,157.33333333333337,0.16655431507211654
ergo_adaptive,target_error,1890,157.41666666666663,0.16682358128077251
ergo_adaptive,target_error,1891,157.5,0.162762922700659
ergo_adaptive,target_error,1892,157.58333333333337,0.1616229130090792
ergo_adaptive,target_error,1893,157.66666666666663,0.1611091655880776
ergo_adaptive,target_error,1894,157.75,0.1599638095980737
ergo_adaptive,target_error,1895,157.83333333333337,0.15885919690796144
ergo_adaptive,target_error,1896,157.91666666666663,0.15980070600278995
ergo_adaptive,target_error,1897,158.0,0.16063346677199486
ergo_adaptive,target_error,1898,158.08333333333337,0.1616614526598932
ergo_adaptive,target_error,1899,158.16666666666663,0.16161144043238077
ergo_adaptive,target_error,1900,158.25,0.1619984965935204
ergo_adaptive,target_error,1901,158.33333333333337,0.16117420904676627
ergo_adaptive,target_error,1902,158.41666666666663,0.16156696276091215
ergo_adaptive,target_error,1903,158.5,0.1621112932270863
ergo_adaptive,target_error,1904,158.58333333333337,0.16230012834198737
ergo_adaptive,target_error,1905,158.66666666666663,0.16518039282801902
ergo_adaptive,target_error,1906,158.75,0.1674013602475235
ergo_adaptive,target_error,1907,158.83333333333337,0.1679692233095706
ergo_adaptive,target_error,1908,158.91666666666663,0.16842610156896837
ergo_adaptive,target_error,1909,159.0,0.1673459340273568
ergo_adaptive,target_error,1910,159.08333333333337,0.17043728958204274
ergo_adaptive,target_error,1911,159.16666666666663,0.17161400722911566
ergo_adaptive,target_error,1912,159.25,0.17146369987906265
ergo_adaptive,target_error,1913,159.33333333333337,0.17283714774918305
ergo_adaptive,target_error,1914,159.41666666666663,0.17356560085588402
ergo_adaptive,target_error,1915,159.5,0.1751616136358215
ergo_adaptive,target_error,1916,159.58333333333337,0.17625731287920077
ergo_adaptive,target_error,1917,159.66666666666663,0.17553376630588569
ergo_adaptive,target_error,1918,159.75,0.1732206162640179
ergo_adaptive,target_error,1919,159.83333333333337,0.17543512809069292
ergo_adaptive,target_error,1920,159.91666666666663,0.17545847123437516
ergo_adaptive,target_error,1921,160.0,0.1771889658059107
ergo_adaptive,target_error,1922,160.08333333333337,0.17681926202148998
ergo_adaptive,target_error,1923,160.16666666666663,0.1769588264865799
ergo_adaptive,target_error,1924,160.25,0.17862308532453056
ergo_adaptive,target_error,1925,160.33333333333337,0.1786215786278766
ergo_adaptive,target_error,1926,160.41666666666663,0.17929718722242663
ergo_adaptive,target_error,1927,160.5,0.17971578964837165
ergo_adaptive,target_error,1928,160.58333333333337,0.17952128543665066
ergo_adaptive,target_error,1929,160.66666666666663,0.17992606465295582
ergo_adaptive,target_error,1930,160.75,0.18104437146764768
ergo_adaptive,target_error,1931,160.83333333333337,0.1826053874181927
ergo_adaptive,target_error,1932,160.91666666666663,0.18199076447057613
ergo_adaptive,target_error,1933,161.0,0.18379682431828478
ergo_adaptive,target_error,1934,161.08333333333337,0.18432163854113973
ergo_adaptive,target_error,1935,161.16666666666663,0.1859390068948696
ergo_adaptive,target_error,1936,161.25,0.18649952546904555
ergo_adaptive,target_error,1937,161.33333333333337,0.18689036898132905
ergo_adaptive,target_error,1938,161.41666666666663,0.18788322326103568
ergo_adaptive,target_error,1939,161.5,0.18734392332795533
ergo_adaptive,target_error,1940,161.58333333333337,0.18853470068225
ergo_adaptive,target_error,1941,161.66666666666663,0.18843531904376354
ergo_adaptive,target_error,1942,161.75,0.18833632178174084
ergo_adaptive,target_error,1943,161.83333333333337,0.18873189084267367
ergo_adaptive,target_error,1944,161.91666666666663,0.18841946619075875
ergo_adaptive,target_error,1945,162.0,0.18914603820377968
ergo_adaptive,target_error,1946,162.08333333333337,0.18982639310354593
ergo_adaptive,target_error,1947,162.16666666666663,0.18981736533656007
ergo_adaptive,target_error,1948,162.25,0.19058054525835968
ergo_adaptive,target_error,1949,162.33333333333337,0.19075811081357968
ergo_adaptive,target_error,1950,162.41666666666663,0.19098985602425728
ergo_adaptive,target_error,1951,162.5,0.19106071585915888
ergo_adaptive,target_error,1952,162.58333333333337,0.19175436516458577
ergo_adaptive,target_error,1953,162.66666666666663,0.19211644869855574
ergo_adaptive,target_error,1954,162.75,0.19253062522316486
ergo_adaptive,target_error,1955,162.83333333333337,0.19238284911122117
ergo_adaptive,target_error,1956,162.91666666666663,0.19240398423215757
ergo_adaptive,target_error,1957,163.0,0.19256075438630985
ergo_adaptive,target_error,1958,163.08333333333337,0.19304030748713966
ergo_adaptive,target_error,1959,163.16666666666663,0.19382747398068137
ergo_adaptive,target_error,1960,163.25,0.19428326346092062
ergo_adaptive,target_error,1961,163.33333333333337,0.19436575991508334
ergo_adaptive,target_error,1962,163.41666666666663,0.19477385108996617
ergo_adaptive,target_error,1963,163.5,0.19504299136205203
ergo_adaptive,target_error,1964,163.58333333333337,0.1936681776468829
ergo_adaptive,target_error,1965,163.66666666666663,0.19441790202795783
ergo_adaptive,target_error,1966,163.75,0.19533551853408296
ergo_adaptive,target_error,1967,163.83333333333337,0.19589524596023755
ergo_adaptive,target_error,1968,163.91666666666663,0.195474838551369
ergo_adaptive,target_error,1969,164.0,0.19484428181516733
ergo_adaptive,target_error,1970,164.08333333333337,0.19469114513630084
ergo_adaptive,target_error,1971,164.16666666666663,0.19483781400958738
ergo_adaptive,target_error,1972,164.25,0.19569309649327488
ergo_adaptive,target_error,1973,164.33333333333337,0.1966800679542528
ergo_adaptive,target_error,1974,164.41666666666663,0.1967995006451182
ergo_adaptive,target_error,1975,164.5,0.19719991431389042
ergo_adaptive,target_error,1976,164.58333333333337,0.19686367840285926
ergo_adaptive,target_error,1977,164.66666666666663,0.19719846530244114
ergo_adaptive,target_error,1978,164.75,0.19660846554902997
ergo_adaptive,target_error,1979,164.83333333333337,0.19718235808420967
ergo_adaptive,target_error,1980,164.91666666666663,0.19753271766844097
ergo_adaptive,target_error,1981,165.0,0.19753369130830986
ergo_adaptive,target_error,1982,165.08333333333337,0.1969802609284943
ergo_adaptive,target_error,1983,165.16666666666663,0.19737465945657007
ergo_adaptive,target_error,1984,165.25,0.19751332687172823
ergo_adaptive,target_error,1985,165.33333333333337,0.1978792655277669
ergo_adaptive,target_error,1986,165.41666666666663,0.1974096451115524
ergo_adaptive,target_error,1987,165.5,0.19739200024366663
ergo_adaptive,target_error,1988,165.58333333333337,0.19888569304562398
ergo_adaptive,target_error,1989,165.66666666666663,0.19861198996199125
ergo_adaptive,target_error,1990,165.75,0.19807608209600544
ergo_adaptive,target_error,1991,165.83333333333337,0.19800638434350926
ergo_adaptive,target_error,1992,165.91666666666663,0.19842555670003484
ergo_adaptive,target_error,1993,166.0,0.19791117045232426
ergo_adaptive,target_error,1994,166.08333333333337,0.19831194384126277
ergo_adaptive,target_error,1995,166.16666666666663,0.1986066252121258
ergo_adaptive,target_error,1996,166.25,0.19906453765908697
ergo_adaptive,target_error,1997,166.33333333333337,0.19897592005681725
ergo_adaptive,target_error,1998,166.41666666666663,0.1989860874782658
ergo_adaptive,target_error,1999,166.5,0.19849245384555808
ergo_adaptive,target_error,2000,166.58333333333337,0.19892763122809914
ergo_adaptive,target_error,2001,166.66666666666663,0.198712337621023
ergo_adaptive,target_error,2002,166.75,0.19845184258448126
ergo_adaptive,target_error,2003,166.83333333333337,0.1991075902307793
ergo_adaptive,target_error,2004,166.91666666666663,0.19853434887650817
ergo_adaptive,target_error,2005,167.0,0.19856679166758315
ergo_adaptive,target_error,2006,167.08333333333337,0.19837778211594131
ergo_adaptive,target_error,2007,167.16666666666663,0.19921532028083702
ergo_adaptive,target_error,2008,167.25,0.19962127241314734
ergo_adaptive,target_error,2009,167.33333333333337,0.20059198225983224
ergo_adaptive,target_error,2010,167.41666666666663,0.2008654983446373
ergo_adaptive,target_error,2011,167.5,0.2011110218607658
ergo_adaptive,target_error,2012,167.58333333333337,0.20056250918238988
ergo_adaptive,target_error,2013,167.66666666666663,0.20104476886105757
ergo_adaptive,target_error,2014,167.75,0.20065210479791096
ergo_adaptive,target_error,2015,167.83333333333337,0.19945279999444587
ergo_adaptive,target_error,2016,167.91666666666663,0.19975266365380817
ergo_adaptive,target_error,2017,168.0,0.19900926746835648
ergo_adaptive,target_error,2018,168.08333333333337,0.1993629731284546
ergo_adaptive,target_error,2019,168.16666666666663,0.199778168147958
ergo_adaptive,target_error,2020,168.25,0.20002148734511063
ergo_adaptive,target_error,2021,168.33333333333337,0.20070531368561081
ergo_adaptive,target_error,2022,168.41666666666663,0.20070714528303402
ergo_adaptive,target_error,2023,168.5,0.20094309688944387
ergo_adaptive,target_error,2024,168.58333333333337,0.200272056254122
ergo_adaptive,target_error,2025,168.66666666666663,0.20096209053726058
ergo_adaptive,target_error,2026,168.75,0.20072344235469328
ergo_adaptive,target_error,2027,168.83333333333337,0.20087330834756875
ergo_adaptive,target_error,2028,168.91666666666663,0.20134365032543536
ergo_adaptive,target_error,2029,169.0,0.2007509705823254
ergo_adaptive,target_error,2030,169.08333333333337,0.20082437753647017
ergo_adaptive,target_error,2031,169.16666666666663,0.20180602775889897
ergo_adaptive,target_error,2032,169.25,0.20198038379039662
ergo_adaptive,target_error,2033,169.33333333333337,0.20184471472699772
ergo_adaptive,target_error,2034,169.41666666666663,0.20209285700494542
ergo_adaptive,target_error,2035,169.5,0.2013960058071601
ergo_adaptive,target_error,2036,169.58333333333337,0.20126081609880772
ergo_adaptive,target_error,2037,169.66666666666663,0.20086157937063848
ergo_adaptive,target_error,2038,169.75,0.20156216136798005
ergo_adaptive,target_error,2039,169.83333333333337,0.2008883709013828
ergo_adaptive,target_error,2040,169.91666666666663,0.20035452369604773
ergo_adaptive,target_error,2041,170.0,0.20074953969353018
ergo_adaptive,target_error,2042,170.08333333333337,0.20045651712713475
ergo_adaptive,target_error,2043,170.16666666666663,0.20046810458452577
ergo_adaptive,target_error,2044,170.25,0.199855460058943
ergo_adaptive,target_error,2045,170.33333333333337,0.2002633665607849
ergo_adaptive,target_error,2046,170.41666666666663,0.20013987515139361
ergo_adaptive,target_error,2047,170.5,0.201048568353335
ergo_adaptive,target_error,2048,170.58333333333337,0.2002678037107026
ergo_adaptive,target_error,2049,170.66666666666663,0.20056690942951988
ergo_adaptive,target_error,2050,170.75,0.20074483488435188
ergo_adaptive,target_error,2051,170.83333333333337,0.20104224865302422
ergo_adaptive,target_error,2052,170.91666666666663,0.200835058725685
ergo_adaptive,target_error,2053,171.0,0.2010113513051688
ergo_adaptive,target_error,2054,171.08333333333337,0.20124394360995765
ergo_adaptive,target_error,2055,171.16666666666663,0.20177928326069203
ergo_adaptive,target_error,2056,171.25,0.20248380156129053
ergo_adaptive,target_error,2057,171.33333333333337,0.20267144172548598
ergo_adaptive,target_error,2058,171.41666666666663,0.2021156442885551
ergo_adaptive,target_error,2059,171.5,0.20263455766449284
ergo_adaptive,target_error,2060,171.58333333333337,0.20243346514869856
ergo_adaptive,target_error,2061,171.66666666666663,0.20304131071125414
ergo_adaptive,target_error,2062,171.75,0.20301708621300418
ergo_adaptive,target_error,2063,171.83333333333337,0.20340817639980913
ergo_adaptive,target_error,2064,171.91666666666663,0.2031724508618946
ergo_adaptive,target_error,2065,172.0,0.2034067053268481
ergo_adaptive,target_error,2066,172.08333333333337,0.2033168586726727
ergo_adaptive,target_error,2067,172.16666666666663,0.20322966418851243
ergo_adaptive,target_error,2068,172.25,0.20325314246298595
ergo_adaptive,target_error,2069,172.33333333333337,0.20288883867659924
ergo_adaptive,target_error,2070,172.41666666666663,0.20295641832897598
ergo_adaptive,target_error,2071,172.5,0.20344587013868237
ergo_adaptive,target_error,2072,172.58333333333337,0.20309687597888756
ergo_adaptive,target_error,2073,172.66666666666663,0.20381388229638114
ergo_adaptive,target_error,2074,172.75,0.2034770516053513
ergo_adaptive,target_error,2075,172.83333333333337,0.20296109991451167
ergo_adaptive,target_error,2076,172.91666666666663,0.20342871689574388
ergo_adaptive,target_error,2077,173.0,0.203856898300244
ergo_adaptive,target_error,2078,173.08333333333337,0.20393365599440375
ergo_adaptive,target_error,2079,173.16666666666663,0.2040858209638816
ergo_adaptive,target_error,2080,173.25,0.20350535105656167
ergo_adaptive,target_error,2081,173.33333333333337,0.20378575497000062
ergo_adaptive,target_error,2082,173.41666666666663,0.20422386851489824
ergo_adaptive,target_error,2083,173.5,0.20455020844364183
ergo_adaptive,target_error,2084,173.58333333333337,0.20433574723178713
ergo_adaptive,target_error,2085,173.66666666666663,0.2043877037063088
ergo_adaptive,target_error,2086,173.75,0.20506322859770995
ergo_adaptive,target_error,2087,173.83333333333337,0.20459772623089476
ergo_adaptive,target_error,2088,173.91666666666663,0.204606974665285
ergo_adaptive,target_error,2089,174.0,0.2043794160025859
ergo_adaptive,target_error,2090,174.08333333333337,0.20427970127179168
ergo_adaptive,target_error,2091,174.16666666666663,0.20473150735197193
ergo_adaptive,target_error,2092,174.25,0.20487084945275547
ergo_adaptive,target_error,2093,174.33333333333337,0.20513742926626638
ergo_adaptive,target_error,2094,174.41666666666663,0.20488126645979324
ergo_adaptive,target_error,2095,174.5,0.2047994723729525
ergo_adaptive,target_error,2096,174.58333333333337,0.20497661283863144
ergo_adaptive,target_error,2097,174.66666666666663,0.20471361957282183
ergo_adaptive,target_error,2098,174.75,0.20457312908549408
ergo_adaptive,target_error,2099,174.83333333333337,0.20474777184517576
ergo_adaptive,target_error,2100,174.91666666666663,0.20464770277249889
ergo_adaptive,target_error,2101,175.0,0.2044307593740142
ergo_adaptive,target_error,2102,175.08333333333337,0.20452201599565048
ergo_adaptive,target_error,2103,175.16666666666663,0.2045137473057878
ergo_adaptive,target_error,2104,175.25,0.20396683401557678
ergo_adaptive,target_error,2105,175.33333333333337,0.20412330076982052
ergo_adaptive,target_error,2106,175.41666666666663,0.2041275478798001
ergo_adaptive,target_error,2107,175.5,0.20408267614433537
ergo_adaptive,target_error,2108,175.58333333333337,0.2041011160446136
ergo_adaptive,target_error,2109,175.66666666666663,0.20453114000518152
ergo_adaptive,target_error,2110,175.75,0.20449724309850167
ergo_adaptive,target_error,2111,175.83333333333337,0.20425424161026304
ergo_adaptive,target_error,2112,175.91666666666663,0.20445614356022399
ergo_adaptive,target_error,2113,176.0,0.20459823326461943
ergo_adaptive,target_error,2114,176.08333333333337,0.20419638019494588
ergo_adaptive,target_error,2115,176.16666666666663,0.2042348250598424
ergo_adaptive,target_error,2116,176.25,0.20375074152511416
ergo_adaptive,target_error,2117,176.33333333333337,0.20380683762134819
ergo_adaptive,target_error,2118,176.41666666666663,0.20426498826549846
ergo_adaptive,target_error,2119,176.5,0.2044906292784287
ergo_adaptive,target_error,2120,176.58333333333337,0.20488911119674488
ergo_adaptive,target_error,2121,176.66666666666663,0.2044415318156512
ergo_adaptive,target_error,2122,176.75,0.2045244483256466
ergo_adaptive,target_error,2123,176.83333333333337,0.20417457583574478
ergo_adaptive,target_error,2124,176.91666666666663,0.20425636188458512
ergo_adaptive,target_error,2125,177.0,0.20436243003269175
ergo_adaptive,target_error,2126,177.08333333333337,0.20423493890023553
ergo_adaptive,target_error,2127,177.16666666666663,0.20444186150629745
ergo_adaptive,target_error,2128,177.25,0.2039964300189858
ergo_adaptive,target_error,2129,177.33333333333337,0.2042207457931947
ergo_adaptive,target_error,2130,177.41666666666663,0.20457404578551677
ergo_adaptive,target_error,2131,177.5,0.20471191837126418
ergo_adaptive,target_error,2132,177.58333333333337,0.204828068459395
ergo_adaptive,target_error,2133,177.66666666666663,0.2050874488455072
ergo_adaptive,target_error,2134,177.75,0.20499493276095765
ergo_adaptive,target_error,2135,177.83333333333337,0.20505464457202036
ergo_adaptive,target_error,2136,177.91666666666663,0.20494643974064947
ergo_adaptive,target_error,2137,178.0,0.20472477201881933
ergo_adaptive,target_error,2138,178.08333333333337,0.20465717032126124
ergo_adaptive,target_error,2139,178.16666666666663,0.20473372861190345
ergo_adaptive,target_error,2140,178.25,0.20499173980236565
ergo_adaptive,target_error,2141,178.33333333333337,0.2051990321016389
ergo_adaptive,target_error,2142,178.41666666666663,0.20527462239452549
ergo_adaptive,target_error,2143,178.5,0.20533268016373904
ergo_adaptive,target_error,2144,178.58333333333337,0.20525570212194316
ergo_adaptive,target_error,2145,178.66666666666663,0.20517064240481217
ergo_adaptive,target_error,2146,178.75,0.20494437359511813
ergo_adaptive,target_error,2147,178.83333333333337,0.20480753071890065
ergo_adaptive,target_error,2148,178.91666666666663,0.20489948137533184
ergo_adaptive,target_error,2149,179.0,0.20478807409793778
ergo_adaptive,target_error,2150,179.08333333333337,0.20477429544635775
ergo_adaptive,target_error,2151,179.16666666666663,0.2046162452272567
ergo_adaptive,target_error,2152,179.25,0.20457482282325642
ergo_adaptive,target_error,2153,179.33333333333337,0.20477057208603242
ergo_adaptive,target_error,2154,179.41666666666663,0.20475415248476628
ergo_adaptive,target_error,2155,179.5,0.20435070480809342
ergo_adaptive,target_error,2156,179.58333333333337,0.20398422505728744
ergo_adaptive,target_error,2157,179.66666666666663,0.20417867626818575
ergo_adaptive,target_error,2158,179.75,0.20443227267775266
ergo_adaptive,target_error,2159,179.83333333333337,0.2047472979307608
ergo_adaptive,target_error,2160,179.91666666666663,0.20456764330586183
ergo_adaptive,target_error,2161,180.0,0.2045526880172539
ergo_adaptive,target_error,2162,180.08333333333337,0.20472474761231496
ergo_adaptive,target_error,2163,180.16666666666663,0.20491064619517857
ergo_adaptive,target_error,2164,180.25,0.20492854831661164
ergo_adaptive,target_error,2165,180.33333333333337,0.20481797488873427
ergo_adaptive,target_error,2166,180.41666666666663,0.20481039800457132
ergo_adaptive,target_error,2167,180.5,0.2048485924963453
ergo_adaptive,target_error,2168,180.58333333333337,0.20476201250298565
ergo_adaptive,target_error,2169,180.66666666666663,0.2044425323241422
ergo_adaptive,target_error,2170,180.75,0.2040403765004653
ergo_adaptive,target_error,2171,180.83333333333337,0.20423954534855793
ergo_adaptive,target_error,2172,180.91666666666663,0.204587183288332
ergo_adaptive,target_error,2173,181.0,0.2046930984549274
ergo_adaptive,target_error,2174,181.08333333333337,0.2045824466149811
ergo_adaptive,target_error,2175,181.16666666666663,0.20442529359213416
ergo_adaptive,target_error,2176,181.25,0.20439128080042548
ergo_adaptive,target_error,2177,181.33333333333337,0.20428041190627547
ergo_adaptive,target_error,2178,181.41666666666663,0.20417072459240992
ergo_adaptive,target_error,2179,181.5,0.20445022975895397
ergo_adaptive,target_error,2180,181.58333333333337,0.2042040388563451
ergo_adaptive,target_error,2181,181.66666666666663,0.20430750757460805
ergo_adaptive,target_error,2182,181.75,0.20404441648137342
ergo_adaptive,target_error,2183,181.83333333333337,0.20434824051086894
ergo_adaptive,target_error,2184,181.91666666666663,0.20437105137171235
ergo_adaptive,target_error,2185,182.0,0.20431130194964114
ergo_adaptive,target_error,2186,182.08333333333337,0.2042765066944727
ergo_adaptive,target_error,2187,182.16666666666663,0.20427850575129616
ergo_adaptive,target_error,2188,182.25,0.20460891513988333
ergo_adaptive,target_error,2189,182.33333333333337,0.20424568917914568
ergo_adaptive,target_error,2190,182.41666666666663,0.20437094570151818
ergo_adaptive,target_error,2191,182.5,0.2045533551819951
ergo_adaptive,target_error,2192,182.58333333333337,0.20429196380945322
ergo_adaptive,target_error,2193,182.66666666666663,0.20412720152678437
ergo_adaptive,target_error,2194,182.75,0.2043491926538671
ergo_adaptive,target_error,2195,182.83333333333337,0.2042645184844772
ergo_adaptive,target_error,2196,182.91666666666663,0.20413371667882374
ergo_adaptive,target_error,2197,183.0,0.20397077998266258
ergo_adaptive,target_error,2198,183.08333333333337,0.2038287969590464
ergo_adaptive,target_error,2199,183.16666666666663,0.20397125063010277
ergo_adaptive,target_error,2200,183.25,0.2037131237375706
ergo_adaptive,target_error,2201,183.33333333333337,0.20397544526164038
ergo_adaptive,target_error,2202,183.41666666666663,0.20407834912412404
ergo_adaptive,target_error,2203,183.5,0.20386884182896153
ergo_adaptive,target_error,2204,183.58333333333337,0.2036999167025102
ergo_adaptive,target_error,2205,183.66666666666663,0.20418860959597862
ergo_adaptive,target_error,2206,183.75,0.2042026464972642
ergo_adaptive,target_error,2207,183.83333333333337,0.20418109085358419
ergo_adaptive,target_error,2208,183.91666666666663,0.20397041876978203
ergo_adaptive,target_error,2209,184.0,0.20423076741485713
ergo_adaptive,target_error,2210,184.08333333333337,0.2041845497992938
ergo_adaptive,target_error,2211,184.16666666666663,0.20400017294329462
ergo_adaptive,target_error,2212,184.25,0.20410681425647823
ergo_adaptive,target_error,2213,184.33333333333337,0.20405532870642976
ergo_adaptive,target_error,2214,184.41666666666663,0.20405680889892264
ergo_adaptive,target_error,2215,184.5,0.20407537641611773
ergo_adaptive,target_error,2216,184.58333333333337,0.20364274676560434
ergo_adaptive,target_error,2217,184.66666666666663,0.20380715553672207
ergo_adaptive,target_error,2218,184.75,0.20376966113926356
ergo_adaptive,target_error,2219,184.83333333333337,0.20380720791942786
ergo_adaptive,target_error,2220,184.91666666666663,0.2030521943366671
ergo_adaptive,target_error,2221,185.0,0.20332669142640303
ergo_adaptive,target_error,2222,185.08333333333337,0.2029425940911743
ergo_adaptive,target_error,2223,185.16666666666663,0.20303211094127663
ergo_adaptive,target_error,2224,185.25,0.20310020183217362
ergo_adaptive,target_error,2225,185.33333333333337,0.20300939442633037
ergo_adaptive,target_error,2226,185.41666666666663,0.2027036746837468
ergo_adaptive,target_error,2227,185.5,0.20250830879674933
ergo_adaptive,target_error,2228,185.58333333333337,0.20245221127802568
ergo_adaptive,target_error,2229,185.66666666666663,0.2027821120930822
ergo_adaptive,target_error,2230,185.75,0.20280338256060831
ergo_adaptive,target_error,2231,185.83333333333337,0.2029639003375607
ergo_adaptive,target_error,2232,185.91666666666663,0.20292351935452602
ergo_adaptive,target_error,2233,186.0,0.2030831455344211
ergo_adaptive,target_error,2234,186.08333333333337,0.20328737058935778
ergo_adaptive,target_error,2235,186.16666666666663,0.2030528576654007
ergo_adaptive,target_error,2236,186.25,0.20330422077367954
ergo_adaptive,target_error,2237,186.33333333333337,0.20296327659057886
ergo_adaptive,target_error,2238,186.41666666666663,0.20272914975652062
ergo_adaptive,target_error,2239,186.5,0.20275700119829584
ergo_adaptive,target_error,2240,186.58333333333337,0.20264750828962932
ergo_adaptive,target_error,2241,186.66666666666663,0.20261799057885993
ergo_adaptive,target_error,2242,186.75,0.20201150071916138
ergo_adaptive,target_error,2243,186.83333333333337,0.20203931614297604
ergo_adaptive,target_error,2244,186.91666666666663,0.20237118202794868
ergo_adaptive,target_error,2245,187.0,0.20266479309878493
ergo_adaptive,target_error,2246,187.08333333333337,0.20296501314541043
ergo_adaptive,target_error,2247,187.16666666666663,0.20290166796419823
ergo_adaptive,target_error,2248,187.25,0.2029449086565428
ergo_adaptive,target_error,2249,187.33333333333337,0.20254829366471627
ergo_adaptive,target_error,2250,187.41666666666663,0.2022248002574771
ergo_adaptive,target_error,2251,187.5,0.2019435923148927
ergo_adaptive,target_error,2252,187.58333333333337,0.20205282163868601
ergo_adaptive,target_error,2253,187.66666666666663,0.20223896125126556
ergo_adaptive,target_error,2254,187.75,0.20248658888203594
ergo_adaptive,target_error,2255,187.83333333333337,0.2024921603602079
ergo_adaptive,target_error,2256,187.91666666666663,0.20242354522273207
ergo_adaptive,target_error,2257,188.0,0.20263286550587103
ergo_adaptive,target_error,2258,188.08333333333337,0.20237302172502278
ergo_adaptive,target_error,2259,188.16666666666663,0.20248339880411045
ergo_adaptive,target_error,2260,188.25,0.20259241277618475
ergo_adaptive,target_error,2261,188.33333333333337,0.20287212470670019
ergo_adaptive,target_error,2262,188.41666666666663,0.2028963510284086
ergo_adaptive,target_error,2263,188.5,0.20275610196304997
ergo_adaptive,target_error,2264,188.58333333333337,0.20250666160142083
ergo_adaptive,target_error,2265,188.66666666666663,0.20283953422992257
ergo_adaptive,target_error,2266,188.75,0.20248764659405152
ergo_adaptive,target_error,2267,188.83333333333337,0.20188350098829305
ergo_adaptive,target_error,2268,188.91666666666663,0.202388226796836
ergo_adaptive,target_error,2269,189.0,0.20239368962363377
ergo_adaptive,target_error,2270,189.08333333333337,0.20238470702761402
ergo_adaptive,target_error,2271,189.16666666666663,0.2024604545034934
ergo_adaptive,target_error,2272,189.25,0.20224925269353838
ergo_adaptive,target_error,2273,189.33333333333337,0.20182324405578564
ergo_adaptive,target_error,2274,189.41666666666663,0.2021495720107161
ergo_adaptive,target_error,2275,189.5,0.2014093991845845
ergo_adaptive,target_error,2276,189.58333333333337,0.2013597939952578
ergo_adaptive,target_error,2277,189.66666666666663,0.20083829961264232
ergo_adaptive,target_error,2278,189.75,0.2012119722713822
ergo_adaptive,target_error,2279,189.83333333333337,0.20071117103780375
ergo_adaptive,target_error,2280,189.91666666666663,0.20120919001301746
ergo_adaptive,target_error,2281,190.0,0.20137479801049768
ergo_adaptive,target_error,2282,190.08333333333337,0.20168217412786743
ergo_adaptive,target_error,2283,190.16666666666663,0.20190000736964767
ergo_adaptive,target_error,2284,190.25,0.20223432045577858
ergo_adaptive,target_error,2285,190.33333333333337,0.202054449286712
ergo_adaptive,target_error,2286,190.41666666666663,0.20121370438042327
ergo_adaptive,target_error,2287,190.5,0.20099709869061352
ergo_adaptive,target_error,2288,190.58333333333337,0.20157351307122848
ergo_adaptive,target_error,2289,190.66666666666663,0.20150698722109464
ergo_adaptive,target_error,2290,190.75,0.20106769207767664
ergo_adaptive,target_error,2291,190.83333333333337,0.20060513480825778
ergo_adaptive,target_error,2292,190.91666666666663,0.20071451407203791
ergo_adaptive,target_error,2293,191.0,0.20006644102760862
ergo_adaptive,target_error,2294,191.08333333333337,0.2004783579615967
ergo_adaptive,target_error,2295,191.16666666666663,0.200337049474681
ergo_adaptive,target_error,2296,191.25,0.20001751937898404
ergo_adaptive,target_error,2297,191.33333333333337,0.2005945642747579
ergo_adaptive,target_error,2298,191.41666666666663,0.2007437533442837
ergo_adaptive,target_error,2299,191.5,0.2005465294017258
ergo_adaptive,target_error,2300,191.58333333333337,0.20018090307073086
ergo_adaptive,target_error,2301,191.66666666666663,0.19927979892247635
ergo_adaptive,target_error,2302,191.75,0.19927016174136186
ergo_adaptive,target_error,2303,191.83333333333337,0.19959733156313123
ergo_adaptive,target_error,2304,191.91666666666663,0.2001052496796312
ergo_adaptive,target_error,2305,192.0,0.19987264736705623
ergo_adaptive,target_error,2306,192.08333333333337,0.20030963724325657
ergo_adaptive,target_error,2307,192.16666666666663,0.2001963534324018
ergo_adaptive,target_error,2308,192.25,0.20062721347147625
ergo_adaptive,target_error,2309,192.33333333333337,0.20082586813775025
ergo_adaptive,target_error,2310,192.41666666666663,0.20073727581707532
ergo_adaptive,target_error,2311,192.5,0.20083739390184935
ergo_adaptive,target_error,2312,192.58333333333337,0.2001034738038852
ergo_adaptive,target_error,2313,192.66666666666663,0.20004226156380803
ergo_adaptive,target_error,2314,192.75,0.19947360609830972
ergo_adaptive,target_error,2315,192.83333333333337,0.19894030224232953
ergo_adaptive,target_error,2316,192.91666666666663,0.19913414501740964
ergo_adaptive,target_error,2317,193.0,0.19910000348624254
ergo_adaptive,target_error,2318,193.08333333333337,0.19925981439368237
ergo_adaptive,target_error,2319,193.16666666666663,0.1999152373343748
ergo_adaptive,target_error,2320,193.25,0.19923346275854178
ergo_adaptive,target_error,2321,193.33333333333337,0.19908711600788911
ergo_adaptive,target_error,2322,193.41666666666663,0.19842857178924916
ergo_adaptive,target_error,2323,193.5,0.19828684818241882
ergo_adaptive,target_error,2324,193.58333333333337,0.1976489523514195
ergo_adaptive,target_error,2325,193.66666666666663,0.197956376836527
ergo_adaptive,target_error,2326,193.75,0.19689226949369146
ergo_adaptive,target_error,2327,193.83333333333337,0.19770740054037547
ergo_adaptive,target_error,2328,193.91666666666663,0.1982505331502415
ergo_adaptive,target_error,2329,194.0,0.1977775984992675
ergo_adaptive,target_error,2330,194.08333333333337,0.1977941155692471
ergo_adaptive,target_error,2331,194.16666666666663,0.19727516801374348
ergo_adaptive,target_error,2332,194.25,0.19717310903160282
ergo_adaptive,target_error,2333,194.33333333333337,0.19634724943425752
ergo_adaptive,target_error,2334,194.41666666666663,0.19745172929470667
ergo_adaptive,target_error,2335,194.5,0.19753709944628697
ergo_adaptive,target_error,2336,194.58333333333337,0.19679491260359702
ergo_adaptive,target_error,2337,194.66666666666663,0.19687338223361117
ergo_adaptive,target_error,2338,194.75,0.1970754114340436
ergo_adaptive,target_error,2339,194.83333333333337,0.19751146141343115
ergo_adaptive,target_error,2340,194.91666666666663,0.1963521115941473
ergo_adaptive,target_error,2341,195.0,0.19644929294080662
ergo_adaptive,target_error,2342,195.08333333333337,0.19703964181994776
ergo_adaptive,target_error,2343,195.16666666666663,0.19617077782344688
ergo_adaptive,target_error,2344,195.25,0.19560268156164348
ergo_adaptive,target_error,2345,195.33333333333337,0.19542163346634686
ergo_adaptive,target_error,2346,195.41666666666663,0.1968616754585253
ergo_adaptive,target_error,2347,195.5,0.1961231421376317
ergo_adaptive,target_error,2348,195.58333333333337,0.1966797441771199
ergo_adaptive,target_error,2349,195.66666666666663,0.19584205542346012
ergo_adaptive,target_error,2350,195.75,0.19590153076271036
ergo_adaptive,target_error,2351,195.83333333333337,0.19574651334685364
ergo_adaptive,target_error,2352,195.91666666666663,0.1964187185586313
ergo_adaptive,target_error,2353,196.0,0.19570386170050852
ergo_adaptive,target_error,2354,196.08333333333337,0.19436736049948566
ergo_adaptive,target_error,2355,196.16666666666663,0.19398060437428752
ergo_adaptive,target_error,2356,196.25,0.19502305406511286
ergo_adaptive,target_error,2357,196.33333333333337,0.19546389971565642
ergo_adaptive,target_error,2358,196.41666666666663,0.19510395050318782
ergo_adaptive,target_error,2359,196.5,0.19521369738998445
ergo_adaptive,target_error,2360,196.58333333333337,0.19515591749752978
ergo_adaptive,target_error,2361,196.66666666666663,0.19542321808981974
ergo_adaptive,target_error,2362,196.75,0.19360513319398492
ergo_adaptive,target_error,2363,196.83333333333337,0.19479298382457547
ergo_adaptive,target_error,2364,196.91666666666663,0.19446348437385255
ergo_adaptive,target_error,2365,197.0,0.1928466159481394
ergo_adaptive,target_error,2366,197.08333333333337,0.1925843546940555
ergo_adaptive,target_error,2367,197.16666666666663,0.1923295816829061
ergo_adaptive,target_error,2368,197.25,0.1908985903250796
ergo_adaptive,target_error,2369,197.33333333333337,0.1895975057521973
ergo_adaptive,target_error,2370,197.41666666666663,0.18884808695315308
ergo_adaptive,target_error,2371,197.5,0.18897514309155877
ergo_adaptive,target_error,2372,197.58333333333337,0.1896750090946091
ergo_adaptive,target_error,2373,197.66666666666663,0.18834704510900407
ergo_adaptive,target_error,2374,197.75,0.18999413576790147
ergo_adaptive,target_error,2375,197.83333333333337,0.18924473045968565
ergo_adaptive,target_error,2376,197.91666666666663,0.18859265439476433
ergo_adaptive,target_error,2377,198.0,0.18792425508398342
ergo_adaptive,target_error,2378,198.08333333333337,0.18864663665536563
ergo_adaptive,target_error,2379,198.16666666666663,0.18802534029826387
ergo_adaptive,target_error,2380,198.25,0.18910823028742899
ergo_adaptive,target_error,2381,198.33333333333337,0.19116081887882802
ergo_adaptive,target_error,2382,198.41666666666663,0.19070948857706801
ergo_adaptive,target_error,2383,198.5,0.18990822898824902
ergo_adaptive,target_error,2384,198.58333333333337,0.18935281769313314
ergo_adaptive,target_error,2385,198.66666666666663,0.18856637909009277
ergo_adaptive,target_error,2386,198.75,0.19059961648621654
ergo_adaptive,target_error,2387,198.83333333333337,0.18998161789903134
ergo_adaptive,target_error,2388,198.91666666666663,0.18833382325505332
ergo_adaptive,target_error,2389,199.0,0.18706457983877228
ergo_adaptive,target_error,2390,199.08333333333337,0.1889975418248793
ergo_adaptive,target_error,2391,199.16666666666663,0.18921022774938032
ergo_adaptive,target_error,2392,199.25,0.18772811954885585
ergo_adaptive,target_error,2393,199.33333333333337,0.18764640492989274
ergo_adaptive,target_error,2394,199.41666666666663,0.18819298177539093
ergo_adaptive,target_error,2395,199.5,0.1898202444117593
ergo_adaptive,target_error,2396,199.58333333333337,0.1889407524050672
ergo_adaptive,target_error,2397,199.66666666666663,0.18838272995655775
ergo_adaptive,target_error,2398,199.75,0.1865980464920627
ergo_adaptive,target_error,2399,199.83333333333337,0.18606797370376088
ergo_adaptive,target_error,2400,199.91666666666663,0.1852374122281473
ergo_adaptive,target_error,2401,200.0,0.18589667435200014
ergo_adaptive,target_error,2402,200.08333333333337,0.18830276371338348
ergo_adaptive,target_error,2403,200.16666666666663,0.1875993620356069
ergo_adaptive,target_error,2404,200.25,0.18700908169326147
ergo_adaptive,target_error,2405,200.33333333333337,0.18747630160095055
ergo_adaptive,target_error,2406,200.41666666666663,0.19062486302830978
ergo_adaptive,target_error,2407,200.5,0.1879173462538013
ergo_adaptive,target_error,2408,200.58333333333337,0.1889657268497858
ergo_adaptive,target_error,2409,200.66666666666663,0.18729506377961547
ergo_adaptive,target_error,2410,200.75,0.18702144277173163
ergo_adaptive,target_error,2411,200.83333333333337,0.18487874987355596
ergo_adaptive,target_error,2412,200.91666666666663,0.1857980613086505
ergo_adaptive,target_error,2413,201.0,0.18492425892254696
ergo_adaptive,target_error,2414,201.08333333333337,0.18411322616165535
ergo_adaptive,target_error,2415,201.16666666666663,0.18294257912718306
ergo_adaptive,target_error,2416,201.25,0.18212406832730743
ergo_adaptive,target_error,2417,201.33333333333337,0.1839108873060652
ergo_adaptive,target_error,2418,201.41666666666663,0.18372380002235109
ergo_adaptive,target_error,2419,201.5,0.18383105027199317
ergo_adaptive,target_error,2420,201.58333333333337,0.18253751018360934
ergo_adaptive,target_error,2421,201.66666666666663,0.18528004199935125
ergo_adaptive,target_error,2422,201.75,0.18422585514493933
ergo_adaptive,target_error,2423,201.83333333333337,0.1811335939149159
ergo_adaptive,target_error,2424,201.91666666666663,0.17911352696641433
ergo_adaptive,target_error,2425,202.0,0.17781708584838163
ergo_adaptive,target_error,2426,202.08333333333337,0.17718304826538825
ergo_adaptive,target_error,2427,202.16666666666663,0.1739421543477113
ergo_adaptive,target_error,2428,202.25,0.17387300331399674
ergo_adaptive,target_error,2429,202.33333333333337,0.17476858018235666
ergo_adaptive,target_error,2430,202.41666666666663,0.17555666212896157
ergo_adaptive,target_error,2431,202.5,0.17840682806901847
ergo_adaptive,target_error,2432,202.58333333333337,0.17985861433951317
ergo_adaptive,target_error,2433,202.66666666666663,0.1801463241746438
ergo_adaptive,target_error,2434,202.75,0.17847669271221162
ergo_adaptive,target_error,2435,202.83333333333337,0.17914425511874385
ergo_adaptive,target_error,2436,202.91666666666663,0.17762521320503552
ergo_adaptive,target_error,2437,203.0,0.177701674681792
ergo_adaptive,target_error,2438,203.08333333333337,0.1787218872189672
ergo_adaptive,target_error,2439,203.16666666666663,0.17923844257079666
ergo_adaptive,target_error,2440,203.25,0.177099884486704
ergo_adaptive,target_error,2441,203.33333333333337,0.17545767817553828
ergo_adaptive,target_error,2442,203.41666666666663,0.1749412831323397
ergo_adaptive,target_error,2443,203.5,0.17370433890163678
ergo_adaptive,target_error,2444,203.58333333333337,0.17089127929503042
ergo_adaptive,target_error,2445,203.66666666666663,0.17004545430297915
ergo_adaptive,target_error,2446,203.75,0.1690990815881065
ergo_adaptive,target_error,2447,203.83333333333337,0.17079480836341196
ergo_adaptive,target_error,2448,203.91666666666663,0.17060806354961885
ergo_adaptive,target_error,2449,204.0,0.1690680127025377
ergo_adaptive,target_error,2450,204.08333333333337,0.170372715755538
ergo_adaptive,target_error,2451,204.16666666666663,0.1697549716044272
ergo_adaptive,target_error,2452,204.25,0.17161574449802966
ergo_adaptive,target_error,2453,204.33333333333337,0.1720371137887852
ergo_adaptive,target_error,2454,204.41666666666663,0.17365703991618064
ergo_adaptive,target_error,2455,204.5,0.1717624472013777
ergo_adaptive,target_error,2456,204.58333333333337,0.17107731689185343
ergo_adaptive,target_error,2457,204.66666666666663,0.16955127467099712
ergo_adaptive,target_error,2458,204.75,0.16785616800294245
ergo_adaptive,target_error,2459,204.83333333333337,0.16965840080101383
ergo_adaptive,target_error,2460,204.91666666666663,0.1689319153778876
ergo_adaptive,target_error,2461,205.0,0.16745489787801385
ergo_adaptive,target_error,2462,205.08333333333337,0.16922689795843365
ergo_adaptive,target_error,2463,205.16666666666663,0.16770242917107925
ergo_adaptive,target_error,2464,205.25,0.16388395695084465
ergo_adaptive,target_error,2465,205.33333333333337,0.16678217181070035
ergo_adaptive,target_error,2466,205.41666666666663,0.1658743970057492
ergo_adaptive,target_error,2467,205.5,0.16764022358541109
ergo_adaptive,target_error,2468,205.58333333333337,0.16429403655572303
ergo_adaptive,target_error,2469,205.66666666666663,0.16710686284544657
ergo_adaptive,target_error,2470,205.75,0.16514971336921025
ergo_adaptive,target_error,2471,205.83333333333337,0.16482470556446377
ergo_adaptive,target_error,2472,205.91666666666663,0.1619066697412555
ergo_adaptive,target_error,2473,206.0,0.1612563152011009
ergo_adaptive,target_error,2474,206.08333333333337,0.16173633491526015
ergo_adaptive,target_error,2475,206.16666666666663,0.1620566801042571
ergo_adaptive,target_error,2476,206.25,0.16305019201999893
ergo_adaptive,target_error,2477,206.33333333333337,0.1616639485609757
ergo_adaptive,target_error,2478,206.41666666666663,0.1588534139801125
ergo_adaptive,target_error,2479,206.5,0.15628852949616354
ergo_adaptive,target_error,2480,206.58333333333337,0.1574408949652727
ergo_adaptive,target_error,2481,206.66666666666663,0.15836578218764102
ergo_adaptive,target_error,2482,206.75,0.15600076812665645
ergo_adaptive,target_error,2483,206.83333333333337,0.1576592940250395
ergo_adaptive,target_error,2484,206.91666666666663,0.1578686610182809
ergo_adaptive,target_error,2485,207.0,0.15967435990230616
ergo_adaptive,target_error,2486,207.08333333333337,0.16294927015706126
ergo_adaptive,target_error,2487,207.16666666666663,0.16244176604130772
ergo_adaptive,target_error,2488,207.25,0.16459894898369676
ergo_adaptive,target_error,2489,207.33333333333337,0.1658192908995937
ergo_adaptive,target_error,2490,207.41666666666663,0.1641984414063711
ergo_adaptive,target_error,2491,207.5,0.16802840733973498
ergo_adaptive,target_error,2492,207.58333333333337,0.16898123185061656
ergo_adaptive,target_error,2493,207.66666666666663,0.16951753421276972
ergo_adaptive,target_error,2494,207.75,0.1706125211554343
ergo_adaptive,target_error,2495,207.83333333333337,0.16777346550501718
ergo_adaptive,target_error,2496,207.91666666666663,0.16633848005178586
ergo_adaptive,target_error,2497,208.0,0.1659013507676964
ergo_adaptive,target_error,2498,208.08333333333337,0.1720822176504529
ergo_adaptive,target_error,2499,208.16666666666663,0.1699804210966101
ergo_adaptive,target_error,2500,208.25,0.17012934322515302
ergo_adaptive,target_error,2501,208.33333333333337,0.17033925933134655
ergo_adaptive,target_error,2502,208.41666666666663,0.17312465856951043
ergo_adaptive,target_error,2503,208.5,0.17047798341582288
ergo_adaptive,target_error,2504,208.58333333333337,0.17298229248349975
ergo_adaptive,target_error,2505,208.66666666666663,0.17074514046712452
ergo_adaptive,target_error,2506,208.75,0.16971728795880367
ergo_adaptive,target_error,2507,208.83333333333337,0.16586763916411743
ergo_adaptive,target_error,2508,208.91666666666663,0.16343976313952832
ergo_adaptive,target_error,2509,209.0,0.161919763753315
ergo_adaptive,target_error,2510,209.08333333333337,0.156028661026366
ergo_adaptive,target_error,2511,209.16666666666663,0.1560234089233638
ergo_adaptive,target_error,2512,209.25,0.15606551685802317
ergo_adaptive,target_error,2513,209.33333333333337,0.15967605220073408
ergo_adaptive,target_error,2514,209.41666666666663,0.15445615816341904
ergo_adaptive,target_error,2515,209.5,0.15564892589158483
ergo_adaptive,target_error,2516,209.58333333333337,0.1541216426275493
ergo_adaptive,target_error,2517,209.66666666666663,0.15231248282980758
ergo_adaptive,target_error,2518,209.75,0.15118482514600767
ergo_adaptive,target_error,2519,209.83333333333337,0.1520341445896923
ergo_adaptive,target_error,2520,209.91666666666663,0.15136263366950156
ergo_adaptive,target_error,2521,210.0,0.15093514415987605
ergo_adaptive,target_error,2522,210.08333333333337,0.15093976195502723
ergo_adaptive,target_error,2523,210.16666666666663,0.1509853808514469
ergo_adaptive,target_error,2524,210.25,0.15102278673521075
ergo_adaptive,target_error,2525,210.33333333333337,0.1508281424588405
ergo_adaptive,target_error,2526,210.41666666666663,0.15231247775691154
ergo_adaptive,target_error,2527,210.5,0.15324698279914267
ergo_adaptive,target_error,2528,210.58333333333337,0.1523047912024398
ergo_adaptive,target_error,2529,210.66666666666663,0.15128667372454224
ergo_adaptive,target_error,2530,210.75,0.15133527715631623
ergo_adaptive,target_error,2531,210.83333333333337,0.15124200071642582
ergo_adaptive,target_error,2532,210.91666666666663,0.15160722551332756
ergo_adaptive,target_error,2533,211.0,0.15155069335644542
ergo_adaptive,target_error,2534,211.08333333333337,0.15157586698303277
ergo_adaptive,target_error,2535,211.16666666666663,0.1518091938769433
ergo_adaptive,target_error,2536,211.25,0.15187110760707803
ergo_adaptive,target_error,2537,211.33333333333337,0.1517477110756241
ergo_adaptive,target_error,2538,211.41666666666663,0.151402258441227
ergo_adaptive,target_error,2539,211.5,0.15224936362682392
ergo_adaptive,target_error,2540,211.58333333333337,0.1534379470469736
ergo_adaptive,target_error,2541,211.66666666666663,0.15546073106824793
ergo_adaptive,target_error,2542,211.75,0.1554562449332656
ergo_adaptive,target_error,2543,211.83333333333337,0.15738638844781805
ergo_adaptive,target_error,2544,211.91666666666663,0.15533149977829172
ergo_adaptive,target_error,2545,212.0,0.1566700419879406
ergo_adaptive,target_error,2546,212.08333333333337,0.1585928462219144
ergo_adaptive,target_error,2547,212.16666666666663,0.1596423267938153
ergo_adaptive,target_error,2548,212.25,0.16166314211977353
ergo_adaptive,target_error,2549,212.33333333333337,0.17308324638730763
ergo_adaptive,target_error,2550,212.41666666666663,0.16948303268715947
ergo_adaptive,target_error,2551,212.5,0.18368410545411262
ergo_adaptive,target_error,2552,212.58333333333337,0.1785042429890915
ergo_adaptive,target_error,2553,212.66666666666663,0.18879691931533119
ergo_adaptive,target_error,2554,212.75,0.1930831421224598
ergo_adaptive,target_error,2555,212.83333333333337,0.18393661647970472
ergo_adaptive,target_error,2556,212.91666666666663,0.18149032181131824
ergo_adaptive,target_error,2557,213.0,0.1792087786890537
ergo_adaptive,target_error,2558,213.08333333333337,0.18017278690898003
ergo_adaptive,target_error,2559,213.16666666666663,0.17607191982434847
ergo_adaptive,target_error,2560,213.25,0.17390589335693463
ergo_adaptive,target_error,2561,213.33333333333337,0.1745975790772184
ergo_adaptive,target_error,2562,213.41666666666663,0.16932669887907906
ergo_adaptive,target_error,2563,213.5,0.17386674110941602
ergo_adaptive,target_error,2564,213.58333333333337,0.17105113815641007
ergo_adaptive,target_error,2565,213.66666666666663,0.16915585533397073
ergo_adaptive,target_error,2566,213.75,0.16672500532453313
ergo_adaptive,target_error,2567,213.83333333333337,0.1690165547052692
ergo_adaptive,target_error,2568,213.91666666666663,0.17336143421445227
ergo_adaptive,target_error,2569,214.0,0.17568136123421407
ergo_adaptive,target_error,2570,214.08333333333337,0.17520068520308524
ergo_adaptive,target_error,2571,214.16666666666663,0.17972943895928212
ergo_adaptive,target_error,2572,214.25,0.17915519062480753
ergo_adaptive,target_error,2573,214.33333333333337,0.17912277645207855
ergo_adaptive,target_error,2574,214.41666666666663,0.17201884348874882
ergo_adaptive,target_error,2575,214.5,0.17094061944900646
ergo_adaptive,target_error,2576,214.58333333333337,0.17247826852016332
ergo_adaptive,target_error,2577,214.66666666666663,0.16878013995174115
ergo_adaptive,target_error,2578,214.75,0.1693632741979095
ergo_adaptive,target_error,2579,214.83333333333337,0.1730373164473077
ergo_adaptive,target_error,2580,214.91666666666663,0.1658977624859795
ergo_adaptive,target_error,2581,215.0,0.16970851683006039
ergo_adaptive,target_error,2582,215.08333333333337,0.16962569580526943
ergo_adaptive,target_error,2583,215.16666666666663,0.16807472928114403
ergo_adaptive,target_error,2584,215.25,0.16962971556446169
ergo_adaptive,target_error,2585,215.33333333333337,0.165545640659273
ergo_adaptive,target_error,2586,215.41666666666663,0.16531813547175694
ergo_adaptive,target_error,2587,215.5,0.16310779838229758
ergo_adaptive,target_error,2588,215.58333333333337,0.1639369925462885
ergo_adaptive,target_error,2589,215.66666666666663,0.16531314791935445
ergo_adaptive,target_error,2590,215.75,0.1649771541928549
ergo_adaptive,target_error,2591,215.83333333333337,0.16662151971012215
ergo_adaptive,target_error,2592,215.91666666666663,0.1669531433893981
ergo_adaptive,target_error,2593,216.0,0.1641916506087514
ergo_adaptive,target_error,2594,216.08333333333337,0.16120710793357004
ergo_adaptive,target_error,2595,216.16666666666663,0.16127584428649766
ergo_adaptive,target_error,2596,216.25,0.16544516583390606
ergo_adaptive,target_error,2597,216.33333333333337,0.16959091482012736
ergo_adaptive,target_error,2598,216.41666666666663,0.16552812158515026
ergo_adaptive,target_error,2599,216.5,0.1626351614269764
ergo_adaptive,target_error,2600,216.58333333333337,0.1612804527269537
ergo_adaptive,target_error,2601,216.66666666666663,0.1605862997142128
ergo_adaptive,target_error,2602,216.75,0.16381109944274677
ergo_adaptive,target_error,2603,216.83333333333337,0.16836724910348233
ergo_adaptive,target_error,2604,216.91666666666663,0.17038575109246015
ergo_adaptive,target_error,2605,217.0,0.17126848815272674
ergo_adaptive,target_error,2606,217.08333333333337,0.17516182333444621
ergo_adaptive,target_error,2607,217.16666666666663,0.17553899829591627
ergo_adaptive,target_error,2608,217.25,0.17799156633060811
ergo_adaptive,target_error,2609,217.33333333333337,0.17061703274130616
ergo_adaptive,target_error,2610,217.41666666666663,0.16578116263711778
ergo_adaptive,target_error,2611,217.5,0.169361874019438
ergo_adaptive,target_error,2612,217.58333333333337,0.17322021968090986
ergo_adaptive,target_error,2613,217.66666666666663,0.1730074648756221
ergo_adaptive,target_error,2614,217.75,0.17009817597501659
ergo_adaptive,target_error,2615,217.83333333333337,0.16639300257328232
ergo_adaptive,target_error,2616,217.91666666666663,0.1669757991545079
ergo_adaptive,target_error,2617,218.0,0.16082917001989513
ergo_adaptive,target_error,2618,218.08333333333337,0.16290367216935694
ergo_adaptive,target_error,2619,218.16666666666663,0.16123320759248996
ergo_adaptive,target_error,2620,218.25,0.1627507955524248
ergo_adaptive,target_error,2621,218.33333333333337,0.16371157020900562
ergo_adaptive,target_error,2622,218.41666666666663,0.16271104087812865
ergo_adaptive,target_error,2623,218.5,0.15976955136351392
ergo_adaptive,target_error,2624,218.58333333333337,0.1563706141512476
ergo_adaptive,target_error,2625,218.66666666666663,0.1575797393172405
ergo_adaptive,target_error,2626,218.75,0.15983409805961024
ergo_adaptive,target_error,2627,218.83333333333337,0.155813771137795
ergo_adaptive,target_error,2628,218.91666666666663,0.15789729046747733
ergo_adaptive,target_error,2629,219.0,0.1560911536305419
ergo_adaptive,target_error,2630,219.08333333333337,0.15692902811892212
ergo_adaptive,target_error,2631,219.16666666666663,0.15625012211934222
ergo_adaptive,target_error,2632,219.25,0.15540854813864302
ergo_adaptive,target_error,2633,219.33333333333337,0.15439487798980217
ergo_adaptive,target_error,2634,219.41666666666663,0.15390010864815595
ergo_adaptive,target_error,2635,219.5,0.15363196440266996
ergo_adaptive,target_error,2636,219.58333333333337,0.15337409029847862
ergo_adaptive,target_error,2637,219.66666666666663,0.15325756573900193
ergo_adaptive,target_error,2638,219.75,0.15318602713968862
ergo_adaptive,target_error,2639,219.83333333333337,0.15315744113040397
ergo_adaptive,target_error,2640,219.91666666666663,0.15318959865797382
ergo_adaptive,target_error,2641,220.0,0.15320760366906952
ergo_adaptive,target_error,2642,220.08333333333337,0.15315821108346234
ergo_adaptive,target_error,2643,220.16666666666663,0.15284206713017803
ergo_adaptive,target_error,2644,220.25,0.1527217078988222
ergo_adaptive,target_error,2645,220.33333333333337,0.15295300086600874
ergo_adaptive,target_error,2646,220.41666666666663,0.15324394648553433
ergo_adaptive,target_error,2647,220.5,0.15423747318906425
ergo_adaptive,target_error,2648,220.58333333333337,0.15436933796227115
ergo_adaptive,target_error,2649,220.66666666666663,0.15453446061511558
ergo_adaptive,target_error,2650,220.75,0.15494789231357486
ergo_adaptive,target_error,2651,220.83333333333337,0.15556219721068126
ergo_adaptive,target_error,2652,220.91666666666663,0.15590822912904667
ergo_adaptive,target_error,2653,221.0,0.15530867447084487
ergo_adaptive,target_error,2654,221.08333333333337,0.1557898926936387
ergo_adaptive,target_error,2655,221.16666666666663,0.15607676149226132
ergo_adaptive,target_error,2656,221.25,0.15611383316286057
ergo_adaptive,target_error,2657,221.33333333333337,0.1566951509532831
ergo_adaptive,target_error,2658,221.41666666666663,0.1567059499177983
ergo_adaptive,target_error,2659,221.5,0.1564561081232606
ergo_adaptive,target_error,2660,221.58333333333337,0.1562419263430019
ergo_adaptive,target_error,2661,221.66666666666663,0.15636667675025398
ergo_adaptive,target_error,2662,221.75,0.15659430726601514
ergo_adaptive,target_error,2663,221.83333333333337,0.1567253425060224
ergo_adaptive,target_error,2664,221.91666666666663,0.15601922393829376
ergo_adaptive,target_error,2665,222.0,0.15594144508073862
ergo_adaptive,target_error,2666,222.08333333333337,0.15575233473857286
ergo_adaptive,target_error,2667,222.16666666666663,0.15622610543740797
ergo_adaptive,target_error,2668,222.25,0.15617782524189736
ergo_adaptive,target_error,2669,222.33333333333337,0.15560602334097126
ergo_adaptive,target_error,2670,222.41666666666663,0.15500017721682183
ergo_adaptive,target_error,2671,222.5,0.15626136747791253
ergo_adaptive,target_error,2672,222.58333333333337,0.1561486854024953
ergo_adaptive,target_error,2673,222.66666666666663,0.15651647659038956
ergo_adaptive,target_error,2674,222.75,0.15606737211289065
ergo_adaptive,target_error,2675,222.83333333333337,0.15565660006410548
ergo_adaptive,target_error,2676,222.91666666666663,0.15523353183795396
ergo_adaptive,target_error,2677,223.0,0.15418145620382734
ergo_adaptive,target_error,2678,223.08333333333337,0.1543988313483026
ergo_adaptive,target_error,2679,223.16666666666663,0.15382943174866082
ergo_adaptive,target_error,2680,223.25,0.15285146973905514
ergo_adaptive,target_error,2681,223.33333333333337,0.1529783618333733
ergo_adaptive,target_error,2682,223.41666666666663,0.1530156601713977
ergo_adaptive,target_error,2683,223.5,0.15168613762359157
ergo_adaptive,target_error,2684,223.58333333333337,0.15142328724796758
ergo_adaptive,target_error,2685,223.66666666666663,0.1515392786196514
ergo_adaptive,target_error,2686,223.75,0.15079066642688896
ergo_adaptive,target_error,2687,223.83333333333337,0.15088623731059522
ergo_adaptive,target_error,2688,223.91666666666663,0.15170433344734924
ergo_adaptive,target_error,2689,224.0,0.15174233191057743
ergo_adaptive,target_error,2690,224.08333333333337,0.15203279059971572
ergo_adaptive,target_error,2691,224.16666666666663,0.15230406723323206
ergo_adaptive,target_error,2692,224.25,0.1519258375901186
ergo_adaptive,target_error,2693,224.33333333333337,0.15245511348172605
ergo_adaptive,target_error,2694,224.41666666666663,0.15370589258147885
ergo_adaptive,target_error,2695,224.5,0.15401565811898674
ergo_adaptive,target_error,2696,224.58333333333337,0.15454703232779118
ergo_adaptive,target_error,2697,224.66666666666663,0.15491149149277347
ergo_adaptive,target_error,2698,224.75,0.1563414197449357
ergo_adaptive,target_error,2699,224.83333333333337,0.15682614097914943
ergo_adaptive,target_error,2700,224.91666666666663,0.15708093188015995
ergo_adaptive,target_error,2701,225.0,0.15799491759264514
ergo_adaptive,target_error,2702,225.08333333333337,0.15887620241983083
ergo_adaptive,target_error,2703,225.16666666666663,0.15962903314626203
ergo_adaptive,target_error,2704,225.25,0.1605248694857727
ergo_adaptive,target_error,2705,225.33333333333337,0.16115912434345955
ergo_adaptive,target_error,2706,225.41666666666663,0.16204643100091792
ergo_adaptive,target_error,2707,225.5,0.16306375751625626
ergo_adaptive,target_error,2708,225.58333333333337,0.16365992470401833
ergo_adaptive,target_error,2709,225.66666666666663,0.1648177337137455
ergo_adaptive,target_error,2710,225.75,0.1654149723220376
ergo_adaptive,target_error,2711,225.83333333333337,0.16536926610549074
ergo_adaptive,target_error,2712,225.91666666666663,0.16541490595195846
ergo_adaptive,target_error,2713,226.0,0.16596625644692706
ergo_adaptive,target_error,2714,226.08333333333337,0.16634120198363878
ergo_adaptive,target_error,2715,226.16666666666663,0.16559698935738862
ergo_adaptive,target_error,2716,226.25,0.16528065723508656
ergo_adaptive,target_error,2717,226.33333333333337,0.16562907472665117
ergo_adaptive,target_error,2718,226.41666666666663,0.16690677420146166
ergo_adaptive,target_error,2719,226.5,0.16878482109720014
ergo_adaptive,target_error,2720,226.58333333333337,0.1694313437756111
ergo_adaptive,target_error,2721,226.66666666666663,0.16962948232074815
ergo_adaptive,target_error,2722,226.75,0.1694527594749711
ergo_adaptive,target_error,2723,226.83333333333337,0.1695962769792418
ergo_adaptive,target_error,2724,226.91666666666663,0.1699640834524795
ergo_adaptive,target_error,2725,227.0,0.17076637536265182
ergo_adaptive,target_error,2726,227.08333333333337,0.17149980536203727
ergo_adaptive,target_error,2727,227.16666666666663,0.17149638357135089
ergo_adaptive,target_error,2728,227.25,0.17199964615485067
ergo_adaptive,target_error,2729,227.33333333333337,0.17122190519088784
ergo_adaptive,target_error,2730,227.41666666666663,0.17151256673568077
ergo_adaptive,target_error,2731,227.5,0.17205733179952604
ergo_adaptive,target_error,2732,227.58333333333337,0.1713423756501946
ergo_adaptive,target_error,2733,227.66666666666663,0.17072915578453932
ergo_adaptive,target_error,2734,227.75,0.17119338056445163
ergo_adaptive,target_error,2735,227.83333333333337,0.17078859238744756
ergo_adaptive,target_error,2736,227.91666666666663,0.17036352232485247
ergo_adaptive,target_error,2737,228.0,0.17120723682520517
ergo_adaptive,target_error,2738,228.08333333333337,0.1704195230483692
ergo_adaptive,target_error,2739,228.16666666666663,0.1704204041330079
ergo_adaptive,target_error,2740,228.25,0.1702512162922551
ergo_adaptive,target_error,2741,228.33333333333337,0.1696957841374412
ergo_adaptive,target_error,2742,228.41666666666663,0.17031090919029762
ergo_adaptive,target_error,2743,228.5,0.17056002976791865
ergo_adaptive,target_error,2744,228.58333333333337,0.1704412696002977
ergo_adaptive,target_error,2745,228.66666666666663,0.1693179744577706
ergo_adaptive,target_error,2746,228.75,0.16892427773807403
ergo_adaptive,target_error,2747,228.83333333333337,0.16775289401640908
ergo_adaptive,target_error,2748,228.91666666666663,0.16705799089744955
ergo_adaptive,target_error,2749,229.0,0.1690237119105787
ergo_adaptive,target_error,2750,229.08333333333337,0.1687259929077509
ergo_adaptive,target_error,2751,229.16666666666663,0.167922201094653
ergo_adaptive,target_error,2752,229.25,0.1681012677869342
ergo_adaptive,target_error,2753,229.33333333333337,0.168785166194035
ergo_adaptive,target_error,2754,229.41666666666663,0.16758100035548926
ergo_adaptive,target_error,2755,229.5,0.16661449343537155
ergo_adaptive,target_error,2756,229.58333333333337,0.1667500123412482
ergo_adaptive,target_error,2757,229.66666666666663,0.1671851679453139
ergo_adaptive,target_error,2758,229.75,0.16795494917167458
ergo_adaptive,target_error,2759,229.83333333333337,0.16838877373093708
ergo_adaptive,target_error,2760,229.91666666666663,0.16914703897120248
ergo_adaptive,target_error,2761,230.0,0.1679318720874328
ergo_adaptive,target_error,2762,230.08333333333337,0.16720577510937532
ergo_adaptive,target_error,2763,230.16666666666663,0.16828251448938922
ergo_adaptive,target_error,2764,230.25,0.16755902668716616
ergo_adaptive,target_error,2765,230.33333333333337,0.16798732978625108
ergo_adaptive,target_error,2766,230.41666666666663,0.1687120728157625
ergo_adaptive,target_error,2767,230.5,0.16967638177686625
ergo_adaptive,target_error,2768,230.58333333333337,0.17013443635788886
ergo_adaptive,target_error,2769,230.66666666666663,0.17000768742688452
ergo_adaptive,target_error,2770,230.75,0.16966682611358383
ergo_adaptive,target_error,2771,230.83333333333337,0.17054517895979623
ergo_adaptive,target_error,2772,230.91666666666663,0.17087334575065485
ergo_adaptive,target_error,2773,231.0,0.17128234003738482
ergo_adaptive,target_error,2774,231.08333333333337,0.17147018813599346
ergo_adaptive,target_error,2775,231.16666666666663,0.17111717373849147
ergo_adaptive,target_error,2776,231.25,0.17101587275636315
ergo_adaptive,target_error,2777,231.33333333333337,0.17109404274709597
ergo_adaptive,target_error,2778,231.41666666666663,0.17190323885020112
ergo_adaptive,target_error,2779,231.5,0.17228026319566556
ergo_adaptive,target_error,2780,231.58333333333337,0.17207573851088656
ergo_adaptive,target_error,2781,231.66666666666663,0.1730419488659046
ergo_adaptive,target_error,2782,231.75,0.17340606503193343
ergo_adaptive,target_error,2783,231.83333333333337,0.17428006337887417
ergo_adaptive,target_error,2784,231.91666666666663,0.17403166806543702
ergo_adaptive,target_error,2785,232.0,0.17397184960700063
ergo_adaptive,target_error,2786,232.08333333333337,0.17400634522835814
ergo_adaptive,target_error,2787,232.16666666666663,0.1741483753848633
ergo_adaptive,target_error,2788,232.25,0.1742027895717463
ergo_adaptive,target_error,2789,232.33333333333337,0.17462609808078594
ergo_adaptive,target_error,2790,232.41666666666663,0.17538512693972536
ergo_adaptive,target_error,2791,232.5,0.1755488780557758
ergo_adaptive,target_error,2792,232.58333333333337,0.17537446395946105
ergo_adaptive,target_error,2793,232.66666666666663,0.17499598210429276
ergo_adaptive,target_error,2794,232.75,0.17471599579032052
ergo_adaptive,target_error,2795,232.83333333333337,0.17539364805460164
ergo_adaptive,target_error,2796,232.91666666666663,0.1758285975974032
ergo_adaptive,target_error,2797,233.0,0.17521649186597146
ergo_adaptive,target_error,2798,233.08333333333337,0.17486547761015006
ergo_adaptive,target_error,2799,233.16666666666663,0.17493185441939527
ergo_adaptive,target_error,2800,233.25,0.17507273284275282
ergo_adaptive,target_error,2801,233.33333333333337,0.1748183127950838
ergo_adaptive,target_error,2802,233.41666666666663,0.17402263312578573
ergo_adaptive,target_error,2803,233.5,0.17496459583525287
ergo_adaptive,target_error,2804,233.58333333333337,0.17454634106465153
ergo_adaptive,target_error,2805,233.66666666666663,0.17514542912478534
ergo_adaptive,target_error,2806,233.75,0.1752100102190052
ergo_adaptive,target_error,2807,233.83333333333337,0.17546755215667795
ergo_adaptive,target_error,2808,233.91666666666663,0.17548521163181388
ergo_adaptive,target_error,2809,234.0,0.17537047576232345
ergo_adaptive,target_error,2810,234.08333333333337,0.1751981377750303
ergo_adaptive,target_error,2811,234.16666666666663,0.17649733268614912
ergo_adaptive,target_error,2812,234.25,0.1762511021283937
ergo_adaptive,target_error,2813,234.33333333333337,0.17625957781578652
ergo_adaptive,target_error,2814,234.41666666666663,0.17571821342793667
ergo_adaptive,target_error,2815,234.5,0.17483402513847254
ergo_adaptive,target_error,2816,234.58333333333337,0.17491279694929876
ergo_adaptive,target_error,2817,234.66666666666663,0.17434444508847444
ergo_adaptive,target_error,2818,234.75,0.17408762327845123
ergo_adaptive,target_error,2819,234.83333333333337,0.17483680325131698
ergo_adaptive,target_error,2820,234.91666666666663,0.17512570852232356
ergo_adaptive,target_error,2821,235.0,0.17478923788051742
ergo_adaptive,target_error,2822,235.08333333333337,0.17505477733435576
ergo_adaptive,target_error,2823,235.16666666666663,0.17551483179646124
ergo_adaptive,target_error,2824,235.25,0.17549906129504927
ergo_adaptive,target_error,2825,235.33333333333337,0.1754038959770609
ergo_adaptive,target_error,2826,235.41666666666663,0.1759540333459153
ergo_adaptive,target_error,2827,235.5,0.1765130936281707
ergo_adaptive,target_error,2828,235.58333333333337,0.17680609004748218
ergo_adaptive,target_error,2829,235.66666666666663,0.17746021794789188
ergo_adaptive,target_error,2830,235.75,0.1767343375431607
ergo_adaptive,target_error,2831,235.83333333333337,0.17654854938583195
ergo_adaptive,target_error,2832,235.91666666666663,0.1763897232947983
ergo_adaptive,target_error,2833,236.0,0.1766024568803021
ergo_adaptive,target_error,2834,236.08333333333337,0.17740528637118785
ergo_adaptive,target_error,2835,236.16666666666663,0.17670964546545495
ergo_adaptive,target_error,2836,236.25,0.17659741345125718
ergo_adaptive,target_error,2837,236.33333333333337,0.17755957400700567
ergo_adaptive,target_error,2838,236.41666666666663,0.17819710332539232
ergo_adaptive,target_error,2839,236.5,0.1777914486753779
ergo_adaptive,target_error,2840,236.58333333333337,0.17718332214496973
ergo_adaptive,target_error,2841,236.66666666666663,0.17771468806129573
ergo_adaptive,target_error,2842,236.75,0.17811800693243018
ergo_adaptive,target_error,2843,236.83333333333337,0.17799747410482467
ergo_adaptive,target_error,2844,236.91666666666663,0.17830770554412081
ergo_adaptive,target_error,2845,237.0,0.17814637752334803
ergo_adaptive,target_error,2846,237.08333333333337,0.178085647536552
ergo_adaptive,target_error,2847,237.16666666666663,0.1783604032968758
ergo_adaptive,target_error,2848,237.25,0.17825319493105035
ergo_adaptive,target_error,2849,237.33333333333337,0.17898009338502713
ergo_adaptive,target_error,2850,237.41666666666663,0.1786528725315236
ergo_adaptive,target_error,2851,237.5,0.17940325472713353
ergo_adaptive,target_error,2852,237.58333333333337,0.178966596523741
ergo_adaptive,target_error,2853,237.66666666666663,0.17914875529934554
ergo_adaptive,target_error,2854,237.75,0.17895567518330646
ergo_adaptive,target_error,2855,237.83333333333337,0.17834524422612352
ergo_adaptive,target_error,2856,237.91666666666663,0.17859777657303014
ergo_adaptive,target_error,2857,238.0,0.17874941010930828
ergo_adaptive,target_error,2858,238.08333333333337,0.17823739105251957
ergo_adaptive,target_error,2859,238.16666666666663,0.17804227528125063
ergo_adaptive,target_error,2860,238.25,0.17794890100007085
ergo_adaptive,target_error,2861,238.33333333333337,0.17814718560568862
ergo_adaptive,target_error,2862,238.41666666666663,0.17793617375087478
ergo_adaptive,target_error,2863,238.5,0.17738754938302215
ergo_adaptive,target_error,2864,238.58333333333337,0.17735306896057026
ergo_adaptive,target_error,2865,238.66666666666663,0.17800089968811178
ergo_adaptive,target_error,2866,238.75,0.1770562168692777
ergo_adaptive,target_error,2867,238.83333333333337,0.17751870120453184
ergo_adaptive,target_error,2868,238.91666666666663,0.17776704793370815
ergo_adaptive,target_error,2869,239.0,0.1782544065447531
ergo_adaptive,target_error,2870,239.08333333333337,0.17837848827797256
ergo_adaptive,target_error,2871,239.16666666666663,0.17819568129291077
ergo_adaptive,target_error,2872,239.25,0.17772946532654993
ergo_adaptive,target_error,2873,239.33333333333337,0.17857359186808708
ergo_adaptive,target_error,2874,239.41666666666663,0.17924017845941648
ergo_adaptive,target_error,2875,239.5,0.17926734419277496
ergo_adaptive,target_error,2876,239.58333333333337,0.1792550786500432
ergo_adaptive,target_error,2877,239.66666666666663,0.17808151987722903
ergo_adaptive,target_error,2878,239.75,0.17608507829794667
ergo_adaptive,target_error,2879,239.83333333333337,0.17558100848296854
ergo_adaptive,target_error,2880,239.91666666666663,0.17556089899453584
ergo_adaptive,target_error,2881,240.0,0.17578280392788334
ergo_adaptive,target_error,2882,240.08333333333337,0.17475523972899384
ergo_adaptive,target_error,2883,240.16666666666663,0.17410921655907718
ergo_adaptive,target_error,2884,240.25,0.17261693741352555
ergo_adaptive,target_error,2885,240.33333333333337,0.1724424674595164
ergo_adaptive,target_error,2886,240.41666666666663,0.17176795436897882
ergo_adaptive,target_error,2887,240.5,0.17067100064410975
ergo_adaptive,target_error,2888,240.58333333333337,0.17057240685394473
ergo_adaptive,target_error,2889,240.66666666666663,0.1698897135583251
ergo_adaptive,target_error,2890,240.75,0.16908671953707616
ergo_adaptive,target_error,2891,240.83333333333337,0.16972666074229206
ergo_adaptive,target_error,2892,240.91666666666663,0.16969396725199015
ergo_adaptive,target_error,2893,241.0,0.16826813913007443
ergo_adaptive,target_error,2894,241.08333333333337,0.1696853427014499
ergo_adaptive,target_error,2895,241.16666666666663,0.17077133772336972
ergo_adaptive,target_error,2896,241.25,0.17239514339186057
ergo_adaptive,target_error,2897,241.33333333333337,0.1713781216620258
ergo_adaptive,target_error,2898,241.41666666666663,0.1727259785016019
ergo_adaptive,target_error,2899,241.5,0.17308410552793996
ergo_adaptive,target_error,2900,241.58333333333337,0.17350957456091662
ergo_adaptive,target_error,2901,241.66666666666663,0.1745556327577507
ergo_adaptive,target_error,2902,241.75,0.17441908704111073
ergo_adaptive,target_error,2903,241.83333333333337,0.17460827877164925
ergo_adaptive,target_error,2904,241.91666666666663,0.17543885935771175
ergo_adaptive,target_error,2905,242.0,0.17709385229294347
ergo_adaptive,target_error,2906,242.08333333333337,0.17625427817812908
ergo_adaptive,target_error,2907,242.16666666666663,0.17559935593755552
ergo_adaptive,target_error,2908,242.25,0.17543669613786586
ergo_adaptive,target_error,2909,242.33333333333337,0.17409092929611908
ergo_adaptive,target_error,2910,242.41666666666663,0.17359879606952652
ergo_adaptive,target_error,2911,242.5,0.1723959048691942
ergo_adaptive,target_error,2912,242.58333333333337,0.17116591774493406
ergo_adaptive,target_error,2913,242.66666666666663,0.1716432121050755
ergo_adaptive,target_error,2914,242.75,0.1721105349472535
ergo_adaptive,target_error,2915,242.83333333333337,0.17134932843846756
ergo_adaptive,target_error,2916,242.91666666666663,0.17029083481367296
ergo_adaptive,target_error,2917,243.0,0.17002212337165926
ergo_adaptive,target_error,2918,243.08333333333337,0.1702027148718673
ergo_adaptive,target_error,2919,243.16666666666663,0.1708403436457852
ergo_adaptive,target_error,2920,243.25,0.17030851173228365
ergo_adaptive,target_error,2921,243.33333333333337,0.17153448034933724
ergo_adaptive,target_error,2922,243.41666666666663,0.17141877184403775
ergo_adaptive,target_error,2923,243.5,0.17108547788032888
ergo_adaptive,target_error,2924,243.58333333333337,0.17202478224788376
ergo_adaptive,target_error,2925,243.66666666666663,0.17272713118059416
ergo_adaptive,target_error,2926,243.75,0.17210629700328584
ergo_adaptive,target_error,2927,243.83333333333337,0.17135823335170133
ergo_adaptive,target_error,2928,243.91666666666663,0.17042362847074324
ergo_adaptive,target_error,2929,244.0,0.17202176570595715
ergo_adaptive,target_error,2930,244.08333333333337,0.1721891974890867
ergo_adaptive,target_error,2931,244.16666666666663,0.1728056117160318
ergo_adaptive,target_error,2932,244.25,0.17191450845333447
ergo_adaptive,target_error,2933,244.33333333333337,0.1710453208809328
ergo_adaptive,target_error,2934,244.41666666666663,0.17008223234404649
ergo_adaptive,target_error,2935,244.5,0.16698421927178886
ergo_adaptive,target_error,2936,244.58333333333337,0.1635820514665236
ergo_adaptive,target_error,2937,244.66666666666663,0.16326661755098343
ergo_adaptive,target_error,2938,244.75,0.16475483310718644
ergo_adaptive,target_error,2939,244.83333333333337,0.16699082304425397
ergo_adaptive,target_error,2940,244.91666666666663,0.16700495674313248
ergo_adaptive,target_error,2941,245.0,0.1690808596860842
ergo_adaptive,target_error,2942,245.08333333333337,0.1702159152870415
ergo_adaptive,target_error,2943,245.16666666666663,0.17064917682157263
ergo_adaptive,target_error,2944,245.25,0.16954821536052148
ergo_adaptive,target_error,2945,245.33333333333337,0.16531124938372357
ergo_adaptive,target_error,2946,245.41666666666663,0.16507710626714422
ergo_adaptive,target_error,2947,245.5,0.16749049412097836
ergo_adaptive,target_error,2948,245.58333333333337,0.16797846950662043
ergo_adaptive,target_error,2949,245.66666666666663,0.16691433521388477
ergo_adaptive,target_error,2950,245.75,0.16759215362373817
ergo_adaptive,target_error,2951,245.83333333333337,0.16820333639664156
ergo_adaptive,target_error,2952,245.91666666666663,0.16649058389633012
ergo_adaptive,target_error,2953,246.0,0.1679002486098767
ergo_adaptive,target_error,2954,246.08333333333337,0.1669023771503624
ergo_adaptive,target_error,2955,246.16666666666663,0.16661755117270097
ergo_adaptive,target_error,2956,246.25,0.16552628795603427
ergo_adaptive,target_error,2957,246.33333333333337,0.1670533183723391
ergo_adaptive,target_error,2958,246.41666666666663,0.16694796134894113
ergo_adaptive,target_error,2959,246.5,0.16600386008030288
ergo_adaptive,target_error,2960,246.58333333333337,0.16689745271152118
ergo_adaptive,target_error,2961,246.66666666666663,0.16610303117647499
ergo_adaptive,target_error,2962,246.75,0.16524425322447908
ergo_adaptive,target_error,2963,246.83333333333337,0.16434873310684237
ergo_adaptive,target_error,2964,246.91666666666663,0.16319033326962865
ergo_adaptive,target_error,2965,247.0,0.16369200490515418
ergo_adaptive,target_error,2966,247.08333333333337,0.1626506156585938
ergo_adaptive,target_error,2967,247.16666666666663,0.1615281506964148
ergo_adaptive,target_error,2968,247.25,0.16257544978175284
ergo_adaptive,target_error,2969,247.33333333333337,0.16198156338645422
ergo_adaptive,target_error,2970,247.41666666666663,0.16184655708561857
ergo_adaptive,target_error,2971,247.5,0.1615847092550955
ergo_adaptive,target_error,2972,247.58333333333337,0.16110490053815188
ergo_adaptive,target_error,2973,247.66666666666663,0.1601665077330302
ergo_adaptive,target_error,2974,247.75,0.16020901319909936
ergo_adaptive,target_error,2975,247.83333333333337,0.16119993090320459
ergo_adaptive,target_error,2976,247.91666666666663,0.16036126152921773
ergo_adaptive,target_error,2977,248.0,0.16021657916393606
ergo_adaptive,target_error,2978,248.08333333333337,0.16049631700229994
ergo_adaptive,target_error,2979,248.16666666666663,0.16129200571081345
ergo_adaptive,target_error,2980,248.25,0.16155046690230346
ergo_adaptive,target_error,2981,248.33333333333337,0.16098419933657898
ergo_adaptive,target_error,2982,248.41666666666663,0.1599959893214032
ergo_adaptive,target_error,2983,248.5,0.16030811623644192
ergo_adaptive,target_error,2984,248.58333333333337,0.1594237415300543
ergo_adaptive,target_error,2985,248.66666666666663,0.15834246725301301
ergo_adaptive,target_error,2986,248.75,0.15895465900020941
ergo_adaptive,target_error,2987,248.83333333333337,0.15982449121008294
ergo_adaptive,target_error,2988,248.91666666666663,0.159044517393157
ergo_adaptive,target_error,2989,249.0,0.15912488152555745
ergo_adaptive,target_error,2990,249.08333333333337,0.16038989005865203
ergo_adaptive,target_error,2991,249.16666666666663,0.1613179914881714
ergo_adaptive,target_error,2992,249.25,0.16028411273687682
ergo_adaptive,target_error,2993,249.33333333333337,0.15963977392051315
ergo_adaptive,target_error,2994,249.41666666666663,0.16019622790261936
ergo_adaptive,target_error,2995,249.5,0.15996860087068904
ergo_adaptive,target_error,2996,249.58333333333337,0.1603377977863869
ergo_adaptive,target_error,2997,249.66666666666663,0.16056552616950537
ergo_adaptive,target_error,2998,249.75,0.15957012616095262
ergo_adaptive,target_error,2999,249.83333333333337,0.15957169250443543
ergo_adaptive,target_error,3000,249.91666666666663,0.15891060533704973
ergo_adaptive,target_error,3001,250.0,0.15950796440305245
ergo_adaptive,target_error,3002,250.08333333333337,0.15954731674814157
ergo_adaptive,target_error,3003,250.16666666666663,0.15952741209578586
ergo_adaptive,target_error,3004,250.25,0.15975664566618694
ergo_adaptive,target_error,3005,250.33333333333337,0.1597532241825394
ergo_adaptive,target_error,3006,250.41666666666663,0.15893418813608787
ergo_adaptive,target_error,3007,250.5,0.15869833280384057
ergo_adaptive,target_error,3008,250.58333333333337,0.15831133710804068
ergo_adaptive,target_error,3009,250.66666666666663,0.15851175286992278
ergo_adaptive,target_error,3010,250.75,0.15826847112243725
ergo_adaptive,target_error,3011,250.83333333333337,0.15854558732803128
ergo_adaptive,target_error,3012,250.91666666666663,0.15883496450992046
ergo_adaptive,target_error,3013,251.0,0.1590096734026027
ergo_adaptive,target_error,3014,251.08333333333337,0.15917554713287424
ergo_adaptive,target_error,3015,251.16666666666663,0.1592160471575408
ergo_adaptive,target_error,3016,251.25,0.15924140255054556
ergo_adaptive,target_error,3017,251.33333333333337,0.15934572577633938
ergo_adaptive,target_error,3018,251.41666666666663,0.15985233305231802
ergo_adaptive,target_error,3019,251.5,0.15936100677983317
ergo_adaptive,target_error,3020,251.58333333333337,0.1602940520983726
ergo_adaptive,target_error,3021,251.66666666666663,0.15969622679124829
ergo_adaptive,target_error,3022,251.75,0.15939786398085742
ergo_adaptive,target_error,3023,251.83333333333337,0.1595630011687193
ergo_adaptive,target_error,3024,251.91666666666663,0.1598712685989216
ergo_adaptive,target_error,3025,252.0,0.16006274383934235
ergo_adaptive,target_error,3026,252.08333333333337,0.1599920024042688
ergo_adaptive,target_error,3027,252.16666666666663,0.16027036313632026
ergo_adaptive,target_error,3028,252.25,0.16001047527365825
ergo_adaptive,target_error,3029,252.33333333333337,0.16020152308730198
ergo_adaptive,target_error,3030,252.41666666666663,0.16064586406318315
ergo_adaptive,target_error,3031,252.5,0.16077603559976958
ergo_adaptive,target_error,3032,252.58333333333337,0.16074998710588484
ergo_adaptive,target_error,3033,252.66666666666663,0.16079683950322873
ergo_adaptive,target_error,3034,252.75,0.16075263066016618
ergo_adaptive,target_error,3035,252.83333333333337,0.16061752110784475
ergo_adaptive,target_error,3036,252.91666666666663,0.16065822860477866
ergo_adaptive,target_error,3037,253.0,0.16035817033076666
ergo_adaptive,target_error,3038,253.08333333333337,0.16041589931938385
ergo_adaptive,target_error,3039,253.16666666666663,0.16056450986612808
ergo_adaptive,target_error,3040,253.25,0.16091999663026885
ergo_adaptive,target_error,3041,253.33333333333337,0.16048586567294168
ergo_adaptive,target_error,3042,253.41666666666663,0.1602863510185641
ergo_adaptive,target_error,3043,253.5,0.16054840022865882
ergo_adaptive,target_error,3044,253.58333333333337,0.16086955351294163
ergo_adaptive,target_error,3045,253.66666666666663,0.16077083948517504
ergo_adaptive,target_error,3046,253.75,0.16084957438578856
ergo_adaptive,target_error,3047,253.83333333333337,0.1613619321815979
ergo_adaptive,target_error,3048,253.91666666666663,0.16111109134410417
ergo_adaptive,target_error,3049,254.0,0.16150709984913172
ergo_adaptive,target_error,3050,254.08333333333337,0.1610057860129092
ergo_adaptive,target_error,3051,254.16666666666663,0.16096555614252245
ergo_adaptive,target_error,3052,254.25,0.16131731032145963
ergo_adaptive,target_error,3053,254.33333333333337,0.16001378471473646
ergo_adaptive,target_error,3054,254.41666666666663,0.1599855499842223
ergo_adaptive,target_error,3055,254.5,0.16055736529855377
ergo_adaptive,target_error,3056,254.58333333333337,0.16099475633807267
ergo_adaptive,target_error,3057,254.66666666666663,0.16041969095944952
ergo_adaptive,target_error,3058,254.75,0.1605413140674102
ergo_adaptive,target_error,3059,254.83333333333337,0.16070634204180081
ergo_adaptive,target_error,3060,254.91666666666663,0.16026529407253928
ergo_adaptive,target_error,3061,255.0,0.16028592655158186
ergo_adaptive,target_error,3062,255.08333333333337,0.1603169991478981
ergo_adaptive,target_error,3063,255.16666666666663,0.16042957717014453
ergo_adaptive,target_error,3064,255.25,0.16064636503730287
ergo_adaptive,target_error,3065,255.33333333333337,0.16197780366399225
ergo_adaptive,target_error,3066,255.41666666666663,0.1599144790789611
ergo_adaptive,target_error,3067,255.5,0.16083933826404484
ergo_adaptive,target_error,3068,255.58333333333337,0.16143732325542728
ergo_adaptive,target_error,3069,255.66666666666663,0.16248987067282814
ergo_adaptive,target_error,3070,255.75,0.1624934219615663
ergo_adaptive,target_error,3071,255.83333333333337,0.162448173239459
ergo_adaptive,target_error,3072,255.91666666666663,0.1625690109137374
ergo_adaptive,target_error,3073,256.0,0.16274934681108538
ergo_adaptive,target_error,3074,256.08333333333337,0.16289749940510811
ergo_adaptive,target_error,3075,256.16666666666663,0.16224309908993376
ergo_adaptive,target_error,3076,256.25,0.16387701477016078
ergo_adaptive,target_error,3077,256.33333333333337,0.16149346696428812
ergo_adaptive,target_error,3078,256.41666666666663,0.16051827387855708
ergo_adaptive,target_error,3079,256.5,0.16083195712806136
ergo_adaptive,target_error,3080,256.58333333333337,0.1612651708910668
ergo_adaptive,target_error,3081,256.66666666666663,0.15999780886671797
ergo_adaptive,target_error,3082,256.75,0.16055936159857276
ergo_adaptive,target_error,3083,256.83333333333337,0.16024652995470318
ergo_adaptive,target_error,3084,256.91666666666663,0.1611614138176446
ergo_adaptive,target_error,3085,257.0,0.16044260613260572
ergo_adaptive,target_error,3086,257.08333333333337,0.1621779554698027
ergo_adaptive,target_error,3087,257.16666666666663,0.16320243708629661
ergo_adaptive,target_error,3088,257.25,0.16219159288934626
ergo_adaptive,target_error,3089,257.33333333333337,0.16337849291265555
ergo_adaptive,target_error,3090,257.41666666666663,0.16837407067291493
ergo_adaptive,target_error,3091,257.5,0.16600274153085015
ergo_adaptive,target_error,3092,257.58333333333337,0.16671067517233812
ergo_adaptive,target_error,3093,257.66666666666663,0.16301703613005622
ergo_adaptive,target_error,3094,257.75,0.16107211282634695
ergo_adaptive,target_error,3095,257.83333333333337,0.16149189508907869
ergo_adaptive,target_error,3096,257.91666666666663,0.16150066160613005
ergo_adaptive,target_error,3097,258.0,0.16062955431289355
ergo_adaptive,target_error,3098,258.08333333333337,0.16092914524522112
ergo_adaptive,target_error,3099,258.16666666666663,0.1613676712589388
ergo_adaptive,target_error,3100,258.25,0.1621129365680426
ergo_adaptive,target_error,3101,258.33333333333337,0.15937200264639048
ergo_adaptive,target_error,3102,258.41666666666663,0.15891863043944865
ergo_adaptive,target_error,3103,258.5,0.15860164022801274
ergo_adaptive,target_error,3104,258.58333333333337,0.15845545700843439
ergo_adaptive,target_error,3105,258.66666666666663,0.15999332764071877
ergo_adaptive,target_error,3106,258.75,0.15869382513081715
ergo_adaptive,target_error,3107,258.83333333333337,0.16007533261820647
ergo_adaptive,target_error,3108,258.91666666666663,0.15907634174750612
ergo_adaptive,target_error,3109,259.0,0.15827267281522325
ergo_adaptive,target_error,3110,259.08333333333337,0.15808521503024234
ergo_adaptive,target_error,3111,259.16666666666663,0.15800847886090397
ergo_adaptive,target_error,3112,259.25,0.1574620904924714
ergo_adaptive,target_error,3113,259.33333333333337,0.1574408494362812
ergo_adaptive,target_error,3114,259.41666666666663,0.15784523688040727
ergo_adaptive,target_error,3115,259.5,0.15758487982829414
ergo_adaptive,target_error,3116,259.58333333333337,0.15840371290112087
ergo_adaptive,target_error,3117,259.66666666666663,0.16092531011836833
ergo_adaptive,target_error,3118,259.75,0.1618557207291609
ergo_adaptive,target_error,3119,259.83333333333337,0.15875175462190783
ergo_adaptive,target_error,3120,259.91666666666663,0.15789094030206327
ergo_adaptive,target_error,3121,260.0,0.15835767212040266
ergo_adaptive,target_error,3122,260.08333333333337,0.15853194997661532
ergo_adaptive,target_error,3123,260.16666666666663,0.1580218373679467
ergo_adaptive,target_error,3124,260.25,0.15840363927777368
ergo_adaptive,target_error,3125,260.33333333333337,0.15799226017054918
ergo_adaptive,target_error,3126,260.41666666666663,0.15840479795806242
ergo_adaptive,target_error,3127,260.5,0.15826835235511713
ergo_adaptive,target_error,3128,260.58333333333337,0.15867262141045116
ergo_adaptive,target_error,3129,260.66666666666663,0.15880107118408027
ergo_adaptive,target_error,3130,260.75,0.15927262494223152
ergo_adaptive,target_error,3131,260.83333333333337,0.15946061852785112
ergo_adaptive,target_error,3132,260.91666666666663,0.15920219512727113
ergo_adaptive,target_error,3133,261.0,0.15915418475115203
ergo_adaptive,target_error,3134,261.08333333333337,0.1591221769577433
ergo_adaptive,target_error,3135,261.16666666666663,0.15916135169648377
ergo_adaptive,target_error,3136,261.25,0.15922524629603696
ergo_adaptive,target_error,3137,261.33333333333337,0.15927722259664193
ergo_adaptive,target_error,3138,261.41666666666663,0.15956290147977248
ergo_adaptive,target_error,3139,261.5,0.16021749123888052
ergo_adaptive,target_error,3140,261.58333333333337,0.16345946207170547
ergo_adaptive,target_error,3141,261.66666666666663,0.16469683502201934
ergo_adaptive,target_error,3142,261.75,0.16544319715334205
ergo_adaptive,target_error,3143,261.83333333333337,0.1662140408315253
ergo_adaptive,target_error,3144,261.91666666666663,0.16592208463301877
ergo_adaptive,target_error,3145,262.0,0.16668821809680912
ergo_adaptive,target_error,3146,262.08333333333337,0.16643128238451738
ergo_adaptive,target_error,3147,262.16666666666663,0.16665381305273191
ergo_adaptive,target_error,3148,262.25,0.16694079081602106
ergo_adaptive,target_error,3149,262.33333333333337,0.16660188340712598
ergo_adaptive,target_error,3150,262.41666666666663,0.16776224067096054
ergo_adaptive,target_error,3151,262.5,0.1677539212747934
ergo_adaptive,target_error,3152,262.58333333333337,0.17001043602270333
ergo_adaptive,target_error,3153,262.66666666666663,0.1676336531024361
ergo_adaptive,target_error,3154,262.75,0.16853986288027212
ergo_adaptive,target_error,3155,262.83333333333337,0.16997813725190353
ergo_adaptive,target_error,3156,262.91666666666663,0.16969461319808915
ergo_adaptive,target_error,3157,263.0,0.16893683409517846
ergo_adaptive,target_error,3158,263.08333333333337,0.1692894417220408
ergo_adaptive,target_error,3159,263.16666666666663,0.17085368891168942
ergo_adaptive,target_error,3160,263.25,0.17284521077662487
ergo_adaptive,target_error,3161,263.33333333333337,0.173525254694717
ergo_adaptive,target_error,3162,263.41666666666663,0.17377151372543245
ergo_adaptive,target_error,3163,263.5,0.17218821625070474
ergo_adaptive,target_error,3164,263.58333333333337,0.1732274221966674
ergo_adaptive,target_error,3165,263.66666666666663,0.17425278924019053
ergo_adaptive,target_error,3166,263.75,0.17387745931162346
ergo_adaptive,target_error,3167,263.83333333333337,0.17438812773298115
ergo_adaptive,target_error,3168,263.91666666666663,0.17493221327489322
ergo_adaptive,target_error,3169,264.0,0.17460788027069168
ergo_adaptive,target_error,3170,264.08333333333337,0.1740205163302662
ergo_adaptive,target_error,3171,264.16666666666663,0.17225751755745572
ergo_adaptive,target_error,3172,264.25,0.17136698404286077
ergo_adaptive,target_error,3173,264.33333333333337,0.1723345500683611
ergo_adaptive,target_error,3174,264.41666666666663,0.17207547057542247
ergo_adaptive,target_error,3175,264.5,0.1747488696795435
ergo_adaptive,target_error,3176,264.58333333333337,0.1752769854451384
ergo_adaptive,target_error,3177,264.66666666666663,0.17488433242250317
ergo_adaptive,target_error,3178,264.75,0.17411028432027584
ergo_adaptive,target_error,3179,264.83333333333337,0.17476343752425225
ergo_adaptive,target_error,3180,264.91666666666663,0.17477443267546294
ergo_adaptive,target_error,3181,265.0,0.1759090401448223
ergo_adaptive,target_error,3182,265.08333333333337,0.1771290616616386
ergo_adaptive,target_error,3183,265.16666666666663,0.17666195725541334
ergo_adaptive,target_error,3184,265.25,0.17450304026240215
ergo_adaptive,target_error,3185,265.33333333333337,0.17392295785793122
ergo_adaptive,target_error,3186,265.41666666666663,0.1739918310418396
ergo_adaptive,target_error,3187,265.5,0.17335441816306035
ergo_adaptive,target_error,3188,265.58333333333337,0.174482670146505
ergo_adaptive,target_error,3189,265.66666666666663,0.17504430633918272
ergo_adaptive,target_error,3190,265.75,0.17352296335582598
ergo_adaptive,target_error,3191,265.83333333333337,0.17467496096299895
ergo_adaptive,target_error,3192,265.91666666666663,0.17614270081531125
ergo_adaptive,target_error,3193,266.0,0.17400432757679185
ergo_adaptive,target_error,3194,266.08333333333337,0.17404486717418985
ergo_adaptive,target_error,3195,266.16666666666663,0.17594139590065558
ergo_adaptive,target_error,3196,266.25,0.17679570026154157
ergo_adaptive,target_error,3197,266.33333333333337,0.17596606001290999
ergo_adaptive,target_error,3198,266.41666666666663,0.1767894979795946
ergo_adaptive,target_error,3199,266.5,0.1772144621068305
ergo_adaptive,target_error,3200,266.58333333333337,0.17675280154118186
ergo_adaptive,target_error,3201,266.66666666666663,0.17608244801059045
ergo_adaptive,target_error,3202,266.75,0.17567112960596834
ergo_adaptive,target_error,3203,266.83333333333337,0.17533338683213134
ergo_adaptive,target_error,3204,266.91666666666663,0.17421936473598001
ergo_adaptive,target_error,3205,267.0,0.17327932332429213
ergo_adaptive,target_error,3206,267.08333333333337,0.17508371232526687
ergo_adaptive,target_error,3207,267.16666666666663,0.17426528070674158
ergo_adaptive,target_error,3208,267.25,0.17528041438726047
ergo_adaptive,target_error,3209,267.33333333333337,0.17471561262235186
ergo_adaptive,target_error,3210,267.41666666666663,0.1750527069571043
ergo_adaptive,target_error,3211,267.5,0.175022256754443
ergo_adaptive,target_error,3212,267.58333333333337,0.1749112875041139
ergo_adaptive,target_error,3213,267.66666666666663,0.17569691514344715
ergo_adaptive,target_error,3214,267.75,0.17704181847746236
ergo_adaptive,target_error,3215,267.83333333333337,0.17630261965081448
ergo_adaptive,target_error,3216,267.91666666666663,0.17574243520797253
ergo_adaptive,target_error,3217,268.0,0.17488509290826545
ergo_adaptive,target_error,3218,268.08333333333337,0.17491617940258444
ergo_adaptive,target_error,3219,268.16666666666663,0.1753263966781825
ergo_adaptive,target_error,3220,268.25,0.1752728394815947
ergo_adaptive,target_error,3221,268.33333333333337,0.17508086277334686
ergo_adaptive,target_error,3222,268.41666666666663,0.17406659846737732
ergo_adaptive,target_error,3223,268.5,0.1754894417912964
ergo_adaptive,target_error,3224,268.58333333333337,0.17666870744422095
ergo_adaptive,target_error,3225,268.66666666666663,0.17586395234952545
ergo_adaptive,target_error,3226,268.75,0.17594923841820748
ergo_adaptive,target_error,3227,268.83333333333337,0.17650091228304066
ergo_adaptive,target_error,3228,268.91666666666663,0.177118649312665
ergo_adaptive,target_error,3229,269.0,0.17662216112240917
ergo_adaptive,target_error,3230,269.08333333333337,0.17693368162536444
ergo_adaptive,target_error,3231,269.16666666666663,0.1766177234734766
ergo_adaptive,target_error,3232,269.25,0.17656700411053244
ergo_adaptive,target_error,3233,269.33333333333337,0.1765874114527427
ergo_adaptive,target_error,3234,269.41666666666663,0.17621558658865163
ergo_adaptive,target_error,3235,269.5,0.17569685000706572
ergo_adaptive,target_error,3236,269.58333333333337,0.1768588641148336
ergo_adaptive,target_error,3237,269.66666666666663,0.17663346840370683
ergo_adaptive,target_error,3238,269.75,0.17596955102929437
ergo_adaptive,target_error,3239,269.83333333333337,0.1764043724684698
ergo_adaptive,target_error,3240,269.91666666666663,0.17644634814111512
ergo_adaptive,target_error,3241,270.0,0.17821854154166747
ergo_adaptive,target_error,3242,270.08333333333337,0.17772378370869837
ergo_adaptive,target_error,3243,270.16666666666663,0.17755966894957634
ergo_adaptive,target_error,3244,270.25,0.17666062983191808
ergo_adaptive,target_error,3245,270.33333333333337,0.17605909793074762
ergo_adaptive,target_error,3246,270.41666666666663,0.17613053834044679
ergo_adaptive,target_error,3247,270.5,0.17606909570290666
ergo_adaptive,target_error,3248,270.58333333333337,0.17639233655638487
ergo_adaptive,target_error,3249,270.66666666666663,0.17645512719018297
ergo_adaptive,target_error,3250,270.75,0.1751852303875297
ergo_adaptive,target_error,3251,270.83333333333337,0.17405836486149487
ergo_adaptive,target_error,3252,270.91666666666663,0.17336598914336035
ergo_adaptive,target_error,3253,271.0,0.17310989532454174
ergo_adaptive,target_error,3254,271.08333333333337,0.17441726522909767
ergo_adaptive,target_error,3255,271.16666666666663,0.17517000589410486
ergo_adaptive,target_error,3256,271.25,0.1746613375384472
ergo_adaptive,target_error,3257,271.33333333333337,0.17533477021019958
ergo_adaptive,target_error,3258,271.41666666666663,0.17463298357645515
ergo_adaptive,target_error,3259,271.5,0.1751376828933105
ergo_adaptive,target_error,3260,271.58333333333337,0.1744090069662182
ergo_adaptive,target_error,3261,271.66666666666663,0.17537972402084154
ergo_adaptive,target_error,3262,271.75,0.1753689651478084
ergo_adaptive,target_error,3263,271.83333333333337,0.17592998622981065
ergo_adaptive,target_error,3264,271.91666666666663,0.17629353675478238
ergo_adaptive,target_error,3265,272.0,0.1768896777853731
ergo_adaptive,target_error,3266,272.08333333333337,0.17756679671765335
ergo_adaptive,target_error,3267,272.16666666666663,0.1779415528360307
ergo_adaptive,target_error,3268,272.25,0.1780075071540095
ergo_adaptive,target_error,3269,272.33333333333337,0.17780543953130698
ergo_adaptive,target_error,3270,272.41666666666663,0.17763820593374383
ergo_adaptive,target_error,3271,272.5,0.17841085169256587
ergo_adaptive,target_error,3272,272.58333333333337,0.17811752975360506
ergo_adaptive,target_error,3273,272.66666666666663,0.17832456026063212
ergo_adaptive,target_error,3274,272.75,0.17703713530498252
ergo_adaptive,target_error,3275,272.83333333333337,0.17703751529314243
ergo_adaptive,target_error,3276,272.91666666666663,0.17713651344969844
ergo_adaptive,target_error,3277,273.0,0.1770907550033939
ergo_adaptive,target_error,3278,273.08333333333337,0.17813684907081773
ergo_adaptive,target_error,3279,273.16666666666663,0.1782343816987563
ergo_adaptive,target_error,3280,273.25,0.17930492143601492
ergo_adaptive,target_error,3281,273.33333333333337,0.17970469913615875
ergo_adaptive,target_error,3282,273.41666666666663,0.1783191765530822
ergo_adaptive,target_error,3283,273.5,0.17943024114144984
ergo_adaptive,target_error,3284,273.58333333333337,0.18074700074963435
ergo_adaptive,target_error,3285,273.66666666666663,0.1806321346762234
ergo_adaptive,target_error,3286,273.75,0.1798798737472246
ergo_adaptive,target_error,3287,273.83333333333337,0.1801008014922766
ergo_adaptive,target_error,3288,273.91666666666663,0.17995883829664888
ergo_adaptive,target_error,3289,274.0,0.17976491880399398
ergo_adaptive,target_error,3290,274.08333333333337,0.18027412562208084
ergo_adaptive,target_error,3291,274.16666666666663,0.18076863242278735
ergo_adaptive,target_error,3292,274.25,0.18141771222485706
ergo_adaptive,target_error,3293,274.33333333333337,0.18165764830046366
ergo_adaptive,target_error,3294,274.41666666666663,0.1815127696391433
ergo_adaptive,target_error,3295,274.5,0.1814138074277372
ergo_adaptive,target_error,3296,274.58333333333337,0.18142884268466158
ergo_adaptive,target_error,3297,274.66666666666663,0.18124536429914476
ergo_adaptive,target_error,3298,274.75,0.18074389860912676
ergo_adaptive,target_error,3299,274.83333333333337,0.1803807784746272
ergo_adaptive,target_error,3300,274.91666666666663,0.18008225827214996
ergo_adaptive,target_error,3301,275.0,0.17962553107835344
ergo_adaptive,target_error,3302,275.08333333333337,0.17903318531881401
ergo_adaptive,target_error,3303,275.16666666666663,0.178921423388164
ergo_adaptive,target_error,3304,275.25,0.17955158646038363
ergo_adaptive,target_error,3305,275.33333333333337,0.17994578765602057
ergo_adaptive,target_error,3306,275.41666666666663,0.1803025263049149
ergo_adaptive,target_error,3307,275.5,0.18049494581427689
ergo_adaptive,target_error,3308,275.58333333333337,0.1809336388618866
ergo_adaptive,target_error,3309,275.66666666666663,0.18065044451333337
ergo_adaptive,target_error,3310,275.75,0.1810199872229665
ergo_adaptive,target_error,3311,275.83333333333337,0.1809947719976681
ergo_adaptive,target_error,3312,275.91666666666663,0.1810634010614426
ergo_adaptive,target_error,3313,276.0,0.1810945646509462
ergo_adaptive,target_error,3314,276.08333333333337,0.1810844411763602
ergo_adaptive,target_error,3315,276.16666666666663,0.1808685004912443
ergo_adaptive,target_error,3316,276.25,0.18063789698444527
ergo_adaptive,target_error,3317,276.33333333333337,0.18034349154021478
ergo_adaptive,target_error,3318,276.41666666666663,0.18073145218544515
ergo_adaptive,target_error,3319,276.5,0.18092944166077998
ergo_adaptive,target_error,3320,276.58333333333337,0.18102065777817875
ergo_adaptive,target_error,3321,276.66666666666663,0.18074961454005922
ergo_adaptive,target_error,3322,276.75,0.1813076590129527
ergo_adaptive,target_error,3323,276.83333333333337,0.18179852578393763
ergo_adaptive,target_error,3324,276.91666666666663,0.18204038952217613
ergo_adaptive,target_error,3325,277.0,0.1820649065310085
ergo_adaptive,target_error,3326,277.08333333333337,0.18221607433061793
ergo_adaptive,target_error,3327,277.16666666666663,0.18206922720037935
ergo_adaptive,target_error,3328,277.25,0.18211891632026922
ergo_adaptive,target_error,3329,277.33333333333337,0.182458670997263
ergo_adaptive,target_error,3330,277.41666666666663,0.1825121126072346
ergo_adaptive,target_error,3331,277.5,0.18247978429923317
ergo_adaptive,target_error,3332,277.58333333333337,0.18233813477286567
ergo_adaptive,target_error,3333,277.66666666666663,0.18232272068482036
ergo_adaptive,target_error,3334,277.75,0.1823121200938947
ergo_adaptive,target_error,3335,277.83333333333337,0.18237739874741202
ergo_adaptive,target_error,3336,277.91666666666663,0.1824064506800381
ergo_adaptive,target_error,3337,278.0,0.18248720157247575
ergo_adaptive,target_error,3338,278.08333333333337,0.18245976193500993
ergo_adaptive,target_error,3339,278.16666666666663,0.1824591922374491
ergo_adaptive,target_error,3340,278.25,0.18249524458719033
ergo_adaptive,target_error,3341,278.33333333333337,0.18234953664240194
ergo_adaptive,target_error,3342,278.41666666666663,0.18230533606936405
ergo_adaptive,target_error,3343,278.5,0.18238504468937555
ergo_adaptive,target_error,3344,278.58333333333337,0.18233387566246126
ergo_adaptive,target_error,3345,278.66666666666663,0.1824046344414631
ergo_adaptive,target_error,3346,278.75,0.18241011142510286
ergo_adaptive,target_error,3347,278.83333333333337,0.18236337246834647
ergo_adaptive,target_error,3348,278.91666666666663,0.18231583627456183
ergo_adaptive,target_error,3349,279.0,0.1823025237058484
ergo_adaptive,target_error,3350,279.08333333333337,0.18236682254353825
ergo_adaptive,target_error,3351,279.16666666666663,0.1823517075563239
ergo_adaptive,target_error,3352,279.25,0.18233357301287054
ergo_adaptive,target_error,3353,279.33333333333337,0.1822506172245011
ergo_adaptive,target_error,3354,279.41666666666663,0.1822653739851381
ergo_adaptive,target_error,3355,279.5,0.18229370038247192
ergo_adaptive,target_error,3356,279.58333333333337,0.1822055288862874
ergo_adaptive,target_error,3357,279.66666666666663,0.18222136802198116
ergo_adaptive,target_error,3358,279.75,0.18215288032941987
ergo_adaptive,target_error,3359,279.83333333333337,0.18213160268681927
ergo_adaptive,target_error,3360,279.91666666666663,0.1819885603399325
ergo_adaptive,target_error,3361,280.0,0.18193007291705798
ergo_adaptive,target_error,3362,280.08333333333337,0.18195486187565793
ergo_adaptive,target_error,3363,280.16666666666663,0.18190808341781559
ergo_adaptive,target_error,3364,280.25,0.1820523917472504
ergo_adaptive,target_error,3365,280.33333333333337,0.1817762165608688
ergo_adaptive,target_error,3366,280.41666666666663,0.18181594910260007
ergo_adaptive,target_error,3367,280.5,0.18145287855116696
ergo_adaptive,target_error,3368,280.58333333333337,0.18142481285623643
ergo_adaptive,target_error,3369,280.66666666666663,0.18138113225610927
ergo_adaptive,target_error,3370,280.75,0.18146055377410875
ergo_adaptive,target_error,3371,280.83333333333337,0.18144025562930946
ergo_adaptive,target_error,3372,280.91666666666663,0.18138777724383232
ergo_adaptive,target_error,3373,281.0,0.18110944137200466
ergo_adaptive,target_error,3374,281.08333333333337,0.1808018918884967
ergo_adaptive,target_error,3375,281.16666666666663,0.18068978125022375
ergo_adaptive,target_error,3376,281.25,0.1804804506003314
ergo_adaptive,target_error,3377,281.33333333333337,0.17972510695729388
ergo_adaptive,target_error,3378,281.41666666666663,0.1800366011077363
ergo_adaptive,target_error,3379,281.5,0.1797966365898476
ergo_adaptive,target_error,3380,281.58333333333337,0.1790343965863149
ergo_adaptive,target_error,3381,281.66666666666663,0.17842131567715852
ergo_adaptive,target_error,3382,281.75,0.17901813718139656
ergo_adaptive,target_error,3383,281.83333333333337,0.17865446349109862
ergo_adaptive,target_error,3384,281.91666666666663,0.17671610348139302
ergo_adaptive,target_error,3385,282.0,0.17494681914061824
ergo_adaptive,target_error,3386,282.08333333333337,0.1730552881722905
ergo_adaptive,target_error,3387,282.16666666666663,0.17034980765286206
ergo_adaptive,target_error,3388,282.25,0.17235687530844795
ergo_adaptive,target_error,3389,282.33333333333337,0.17208074726883765
ergo_adaptive,target_error,3390,282.41666666666663,0.16981918188835968
ergo_adaptive,target_error,3391,282.5,0.16821900581530086
ergo_adaptive,target_error,3392,282.58333333333337,0.16510446631809717
ergo_adaptive,target_error,3393,282.66666666666663,0.16382950322740875
ergo_adaptive,target_error,3394,282.75,0.1601087252064644
ergo_adaptive,target_error,3395,282.83333333333337,0.15635972812801513
ergo_adaptive,target_error,3396,282.91666666666663,0.15520236941376261
ergo_adaptive,target_error,3397,283.0,0.15450721842734766
ergo_adaptive,target_error,3398,283.08333333333337,0.15410734433056314
ergo_adaptive,target_error,3399,283.16666666666663,0.1543119287676005
ergo_adaptive,target_error,3400,283.25,0.15422740581502592
ergo_adaptive,target_error,3401,283.33333333333337,0.1543264400522964
ergo_adaptive,target_error,3402,283.41666666666663,0.1542153925176181
ergo_adaptive,target_error,3403,283.5,0.15502757418102353
ergo_adaptive,target_error,3404,283.58333333333337,0.1542278141552286
ergo_adaptive,target_error,3405,283.66666666666663,0.15438893859547784
ergo_adaptive,target_error,3406,283.75,0.15443229027367938
ergo_adaptive,target_error,3407,283.83333333333337,0.15462227186172464
ergo_adaptive,target_error,3408,283.91666666666663,0.15443952270864802
ergo_adaptive,target_error,3409,284.0,0.15471424009992293
ergo_adaptive,target_error,3410,284.08333333333337,0.1545579526073624
ergo_adaptive,target_error,3411,284.16666666666663,0.15460463955589543
ergo_adaptive,target_error,3412,284.25,0.1546456182289771
ergo_adaptive,target_error,3413,284.33333333333337,0.15490424422184193
ergo_adaptive,target_error,3414,284.41666666666663,0.1548138397250778
ergo_adaptive,target_error,3415,284.5,0.1554851414192675
ergo_adaptive,target_error,3416,284.58333333333337,0.15553333453288262
ergo_adaptive,target_error,3417,284.66666666666663,0.15597007661369777
ergo_adaptive,target_error,3418,284.75,0.15688928041998385
ergo_adaptive,target_error,3419,284.83333333333337,0.15656552003700022
ergo_adaptive,target_error,3420,284.91666666666663,0.1577288994089234
ergo_adaptive,target_error,3421,285.0,0.1573554931044375
ergo_adaptive,target_error,3422,285.08333333333337,0.1580017485668308
ergo_adaptive,target_error,3423,285.16666666666663,0.15901265412900004
ergo_adaptive,target_error,3424,285.25,0.16067631201804225
ergo_adaptive,target_error,3425,285.33333333333337,0.15996077646161022
ergo_adaptive,target_error,3426,285.41666666666663,0.16141195693666394
ergo_adaptive,target_error,3427,285.5,0.16143589355071974
ergo_adaptive,target_error,3428,285.58333333333337,0.16163303672773457
ergo_adaptive,target_error,3429,285.66666666666663,0.1617671843505895
ergo_adaptive,target_error,3430,285.75,0.16157352218615667
ergo_adaptive,target_error,3431,285.83333333333337,0.16218845728120537
ergo_adaptive,target_error,3432,285.91666666666663,0.16227762741665133
ergo_adaptive,target_error,3433,286.0,0.16244738906791073
ergo_adaptive,target_error,3434,286.08333333333337,0.16319381799885205
ergo_adaptive,target_error,3435,286.16666666666663,0.16320298454305004
ergo_adaptive,target_error,3436,286.25,0.1639576132680882
ergo_adaptive,target_error,3437,286.33333333333337,0.16396362306153597
ergo_adaptive,target_error,3438,286.41666666666663,0.1640379826549438
ergo_adaptive,target_error,3439,286.5,0.16411354368041192
ergo_adaptive,target_error,3440,286.58333333333337,0.16418985074956852
ergo_adaptive,target_error,3441,286.66666666666663,0.16443854731738064
ergo_adaptive,target_error,3442,286.75,0.16436505417359215
ergo_adaptive,target_error,3443,286.83333333333337,0.1645219121170757
ergo_adaptive,target_error,3444,286.91666666666663,0.16460781772064265
ergo_adaptive,target_error,3445,287.0,0.16463078031949901
ergo_adaptive,target_error,3446,287.08333333333337,0.16486144173818437
ergo_adaptive,target_error,3447,287.16666666666663,0.1651243947133491
ergo_adaptive,target_error,3448,287.25,0.16493596300723218
ergo_adaptive,target_error,3449,287.33333333333337,0.16461786112929977
ergo_adaptive,target_error,3450,287.41666666666663,0.16457352562337232
ergo_adaptive,target_error,3451,287.5,0.16452726667101691
ergo_adaptive,target_error,3452,287.58333333333337,0.16479707211389644
ergo_adaptive,target_error,3453,287.66666666666663,0.164565950498512
ergo_adaptive,target_error,3454,287.75,0.1643563260701178
ergo_adaptive,target_error,3455,287.83333333333337,0.16420812668351412
ergo_adaptive,target_error,3456,287.91666666666663,0.1643948746981822
ergo_adaptive,target_error,3457,288.0,0.1645976392079051
ergo_adaptive,target_error,3458,288.08333333333337,0.16479842765599853
ergo_adaptive,target_error,3459,288.16666666666663,0.1650255145634696
ergo_adaptive,target_error,3460,288.25,0.16474778945882776
ergo_adaptive,target_error,3461,288.33333333333337,0.16467061553975737
ergo_adaptive,target_error,3462,288.41666666666663,0.1644422334964291
ergo_adaptive,target_error,3463,288.5,0.164424676954906
ergo_adaptive,target_error,3464,288.58333333333337,0.16379789463620525
ergo_adaptive,target_error,3465,288.66666666666663,0.163751683590533
ergo_adaptive,target_error,3466,288.75,0.16382002114274963
ergo_adaptive,target_error,3467,288.83333333333337,0.16422465951492618
ergo_adaptive,target_error,3468,288.91666666666663,0.16408971352266102
ergo_adaptive,target_error,3469,289.0,0.16411639915528362
ergo_adaptive,target_error,3470,289.08333333333337,0.16414132594717454
ergo_adaptive,target_error,3471,289.16666666666663,0.16388064532187374
ergo_adaptive,target_error,3472,289.25,0.16393889078535784
ergo_adaptive,target_error,3473,289.33333333333337,0.16432137740342292
ergo_adaptive,target_error,3474,289.41666666666663,0.16461639052558077
ergo_adaptive,target_error,3475,289.5,0.1645019369837606
ergo_adaptive,target_error,3476,289.58333333333337,0.16416601149386856
ergo_adaptive,target_error,3477,289.66666666666663,0.16412216122082732
ergo_adaptive,target_error,3478,289.75,0.16439010984059602
ergo_adaptive,target_error,3479,289.83333333333337,0.16424026190758378
ergo_adaptive,target_error,3480,289.91666666666663,0.16426839793363
ergo_adaptive,target_error,3481,290.0,0.16465679994887494
ergo_adaptive,target_error,3482,290.08333333333337,0.1642574142145743
ergo_adaptive,target_error,3483,290.16666666666663,0.16450026736618104
ergo_adaptive,target_error,3484,290.25,0.16457128570294488
ergo_adaptive,target_error,3485,290.33333333333337,0.16475618275946732
ergo_adaptive,target_error,3486,290.41666666666663,0.16474824213124348
ergo_adaptive,target_error,3487,290.5,0.16461590185144429
ergo_adaptive,target_error,3488,290.58333333333337,0.16471584516832177
ergo_adaptive,target_error,3489,290.66666666666663,0.16503628082737
ergo_adaptive,target_error,3490,290.75,0.16488460676000277
ergo_adaptive,target_error,3491,290.83333333333337,0.16527118399496507
ergo_adaptive,target_error,3492,290.91666666666663,0.16536193584001813
ergo_adaptive,target_error,3493,291.0,0.16551156451654755
ergo_adaptive,target_error,3494,291.08333333333337,0.16505532973850603
ergo_adaptive,target_error,3495,291.16666666666663,0.16544976757523067
ergo_adaptive,target_error,3496,291.25,0.1657067964448858
ergo_adaptive,target_error,3497,291.33333333333337,0.16560437771205602
ergo_adaptive,target_error,3498,291.41666666666663,0.16572166694196153
ergo_adaptive,target_error,3499,291.5,0.16599012834189777
ergo_adaptive,target_error,3500,291.58333333333337,0.1661348346024483
ergo_adaptive,target_error,3501,291.66666666666663,0.166642252078374
ergo_adaptive,target_error,3502,291.75,0.16690347112682533
ergo_adaptive,target_error,3503,291.83333333333337,0.1670089197182429
ergo_adaptive,target_error,3504,291.91666666666663,0.16709832164537425
ergo_adaptive,target_error,3505,292.0,0.167357911202874
ergo_adaptive,target_error,3506,292.08333333333337,0.16749710244057261
ergo_adaptive,target_error,3507,292.16666666666663,0.16770764606403019
ergo_adaptive,target_error,3508,292.25,0.1678143244419426
ergo_adaptive,target_error,3509,292.33333333333337,0.16786700620843148
ergo_adaptive,target_error,3510,292.41666666666663,0.1680259360293328
ergo_adaptive,target_error,3511,292.5,0.16812222111337366
ergo_adaptive,target_error,3512,292.58333333333337,0.1681616187812268
ergo_adaptive,target_error,3513,292.66666666666663,0.16827068942176165
ergo_adaptive,target_error,3514,292.75,0.16840269770320604
ergo_adaptive,target_error,3515,292.83333333333337,0.16832702068801586
ergo_adaptive,target_error,3516,292.91666666666663,0.16819985723803732
ergo_adaptive,target_error,3517,293.0,0.16805392197498542
ergo_adaptive,target_error,3518,293.08333333333337,0.16840684309668624
ergo_adaptive,target_error,3519,293.16666666666663,0.16851735585996142
ergo_adaptive,target_error,3520,293.25,0.16850792767023337
ergo_adaptive,target_error,3521,293.33333333333337,0.1690158087682009
ergo_adaptive,target_error,3522,293.41666666666663,0.1689509937656269
ergo_adaptive,target_error,3523,293.5,0.1687393277058713
ergo_adaptive,target_error,3524,293.58333333333337,0.1686399617858075
ergo_adaptive,target_error,3525,293.66666666666663,0.1681998526205955
ergo_adaptive,target_error,3526,293.75,0.1681475363724317
ergo_adaptive,target_error,3527,293.83333333333337,0.1685445620207928
ergo_adaptive,target_error,3528,293.91666666666663,0.16836335954311413
ergo_adaptive,target_error,3529,294.0,0.168294351063676
ergo_adaptive,target_error,3530,294.08333333333337,0.16824747260994682
ergo_adaptive,target_error,3531,294.16666666666663,0.16844627059251835
ergo_adaptive,target_error,3532,294.25,0.1687768611483102
ergo_adaptive,target_error,3533,294.33333333333337,0.1683781015182535
ergo_adaptive,target_error,3534,294.41666666666663,0.16825285911167606
ergo_adaptive,target_error,3535,294.5,0.16854919812789737
ergo_adaptive,target_error,3536,294.58333333333337,0.1686710479295726
ergo_adaptive,target_error,3537,294.66666666666663,0.16904918274357286
ergo_adaptive,target_error,3538,294.75,0.16902077345310823
ergo_adaptive,target_error,3539,294.83333333333337,0.16905099172389954
ergo_adaptive,target_error,3540,294.91666666666663,0.16942196412565377
ergo_adaptive,target_error,3541,295.0,0.16955706164851575
ergo_adaptive,target_error,3542,295.08333333333337,0.16944950012258544
ergo_adaptive,target_error,3543,295.16666666666663,0.16951444936145657
ergo_adaptive,target_error,3544,295.25,0.16927761548953546
ergo_adaptive,target_error,3545,295.33333333333337,0.16929543141734493
ergo_adaptive,target_error,3546,295.41666666666663,0.16927185482382942
ergo_adaptive,target_error,3547,295.5,0.16964296174800214
ergo_adaptive,target_error,3548,295.58333333333337,0.169554485184552
ergo_adaptive,target_error,3549,295.66666666666663,0.16981925363893954
ergo_adaptive,target_error,3550,295.75,0.16982103042115576
ergo_adaptive,target_error,3551,295.83333333333337,0.1697446874378278
ergo_adaptive,target_error,3552,295.91666666666663,0.16957204722093944
ergo_adaptive,target_error,3553,296.0,0.1696334891779435
ergo_adaptive,target_error,3554,296.08333333333337,0.1698177997641295
ergo_adaptive,target_error,3555,296.16666666666663,0.1696662401335969
ergo_adaptive,target_error,3556,296.25,0.1696245178955159
ergo_adaptive,target_error,3557,296.33333333333337,0.16975707487713118
ergo_adaptive,target_error,3558,296.41666666666663,0.16992456942791964
ergo_adaptive,target_error,3559,296.5,0.1700127313515438
ergo_adaptive,target_error,3560,296.58333333333337,0.1702440490365023
ergo_adaptive,target_error,3561,296.66666666666663,0.1698108028418822
ergo_adaptive,target_error,3562,296.75,0.17021825494484039
ergo_adaptive,target_error,3563,296.83333333333337,0.17104476658185927
ergo_adaptive,target_error,3564,296.91666666666663,0.17085456054052903
ergo_adaptive,target_error,3565,297.0,0.17058945303117334
ergo_adaptive,target_error,3566,297.08333333333337,0.17102065298038618
ergo_adaptive,target_error,3567,297.16666666666663,0.17053298613513537
ergo_adaptive,target_error,3568,297.25,0.17029271090184395
ergo_adaptive,target_error,3569,297.33333333333337,0.1704813861111612
ergo_adaptive,target_error,3570,297.41666666666663,0.17012030883522092
ergo_adaptive,target_error,3571,297.5,0.17004001573289618
ergo_adaptive,target_error,3572,297.58333333333337,0.1697793061447383
ergo_adaptive,target_error,3573,297.66666666666663,0.16983183056319534
ergo_adaptive,target_error,3574,297.75,0.17010871579751768
ergo_adaptive,target_error,3575,297.83333333333337,0.17019595678269403
ergo_adaptive,target_error,3576,297.91666666666663,0.1701677466003448
ergo_adaptive,target_error,3577,298.0,0.17034913238913652
ergo_adaptive,target_error,3578,298.08333333333337,0.170433090741449
ergo_adaptive,target_error,3579,298.16666666666663,0.1709241369048986
ergo_adaptive,target_error,3580,298.25,0.17115934026186538
ergo_adaptive,target_error,3581,298.33333333333337,0.17116670729487965
ergo_adaptive,target_error,3582,298.41666666666663,0.17126626435441994
ergo_adaptive,target_error,3583,298.5,0.17108692167169406
ergo_adaptive,target_error,3584,298.58333333333337,0.171116235446967
ergo_adaptive,target_error,3585,298.66666666666663,0.17120628840384533
ergo_adaptive,target_error,3586,298.75,0.1712570506992527
ergo_adaptive,target_error,3587,298.83333333333337,0.1714498915017255
ergo_adaptive,target_error,3588,298.91666666666663,0.17155121624487288
ergo_adaptive,target_error,3589,299.0,0.17152729844027867
ergo_adaptive,target_error,3590,299.08333333333337,0.17156559220756087
ergo_adaptive,target_error,3591,299.16666666666663,0.17135061931142387
ergo_adaptive,target_error,3592,299.25,0.17123014374387743
ergo_adaptive,target_error,3593,299.33333333333337,0.171358763935101
ergo_adaptive,target_error,3594,299.41666666666663,0.17137577657658798
ergo_adaptive,target_error,3595,299.5,0.17137498980947238
ergo_adaptive,target_error,3596,299.58333333333337,0.17150352721260542
ergo_adaptive,target_error,3597,299.66666666666663,0.17150214557400698
ergo_adaptive,target_error,3598,299.75,0.1714630388608034
ergo_adaptive,target_error,3599,299.83333333333337,0.17128556019954244
ergo_adaptive,target_error,3600,299.91666666666663,0.17143588102408255
ergo_adaptive,target_error,3601,300.0,0.1715366725877535
ergo_adaptive,target_error,3602,300.08333333333337,0.171133927003998
ergo_adaptive,target_error,3603,300.16666666666663,0.17107447801209932
ergo_adaptive,target_error,3604,300.25,0.1707552089008099
ergo_adaptive,target_error,3605,300.33333333333337,0.1705561864078056
ergo_adaptive,target_error,3606,300.41666666666663,0.17051806022454197
ergo_adaptive,target_error,3607,300.5,0.17066410721397318
ergo_adaptive,target_error,3608,300.58333333333337,0.1704873107126203
ergo_adaptive,target_error,3609,300.66666666666663,0.17035010362368125
ergo_adaptive,target_error,3610,300.75,0.17055511673370566
ergo_adaptive,target_error,3611,300.83333333333337,0.17067661062177486
ergo_adaptive,target_error,3612,300.91666666666663,0.17057717568123515
ergo_adaptive,target_error,3613,301.0,0.1705862834568457
ergo_adaptive,target_error,3614,301.08333333333337,0.17023579720134036
ergo_adaptive,target_error,3615,301.16666666666663,0.17014939177818797
ergo_adaptive,target_error,3616,301.25,0.17030445741514122
ergo_adaptive,target_error,3617,301.33333333333337,0.1701927466112343
ergo_adaptive,target_error,3618,301.41666666666663,0.17018143965639368
ergo_adaptive,target_error,3619,301.5,0.17025574964149193
ergo_adaptive,target_error,3620,301.58333333333337,0.1701857327161154
ergo_adaptive,target_error,3621,301.66666666666663,0.17029922222545968
ergo_adaptive,target_error,3622,301.75,0.17044802259670946
ergo_adaptive,target_error,3623,301.83333333333337,0.1701864174871706
ergo_adaptive,target_error,3624,301.91666666666663,0.17029506510682554
ergo_adaptive,target_error,3625,302.0,0.17044082044151979
ergo_adaptive,target_error,3626,302.08333333333337,0.17049089215692445
ergo_adaptive,target_error,3627,302.16666666666663,0.17049717110460083
ergo_adaptive,target_error,3628,302.25,0.17044894785060774
ergo_adaptive,target_error,3629,302.33333333333337,0.17042757345475934
ergo_adaptive,target_error,3630,302.41666666666663,0.17044868354863063
ergo_adaptive,target_error,3631,302.5,0.17045256965766076
ergo_adaptive,target_error,3632,302.58333333333337,0.17046499397247616
ergo_adaptive,target_error,3633,302.66666666666663,0.17060187603489077
ergo_adaptive,target_error,3634,302.75,0.17065691686734782
ergo_adaptive,target_error,3635,302.83333333333337,0.17049877927194804
ergo_adaptive,target_error,3636,302.91666666666663,0.17057659141100498
ergo_adaptive,target_error,3637,303.0,0.17071646286832912
ergo_adaptive,target_error,3638,303.08333333333337,0.1708055630204416
ergo_adaptive,target_error,3639,303.16666666666663,0.17086425096576924
ergo_adaptive,target_error,3640,303.25,0.17073110976566322
ergo_adaptive,target_error,3641,303.33333333333337,0.1708037562184208
ergo_adaptive,target_error,3642,303.41666666666663,0.17069633816748514
ergo_adaptive,target_error,3643,303.5,0.17080102302212558
ergo_adaptive,target_error,3644,303.58333333333337,0.1708306323239302
ergo_adaptive,target_error,3645,303.66666666666663,0.17080279555140038
ergo_adaptive,target_error,3646,303.75,0.17089461722076976
ergo_adaptive,target_error,3647,303.83333333333337,0.17074670727154628
ergo_adaptive,target_error,3648,303.91666666666663,0.17070712437940552
ergo_adaptive,target_error,3649,304.0,0.1707564601291038
ergo_adaptive,target_error,3650,304.08333333333337,0.17057468874620807
ergo_adaptive,target_error,3651,304.16666666666663,0.17053286546908594
ergo_adaptive,target_error,3652,304.25,0.17030998877766435
ergo_adaptive,target_error,3653,304.33333333333337,0.17041522316583552
ergo_adaptive,target_error,3654,304.41666666666663,0.17037518546824915
ergo_adaptive,target_error,3655,304.5,0.17043628581786127
ergo_adaptive,target_error,3656,304.58333333333337,0.17022629355666102
ergo_adaptive,target_error,3657,304.66666666666663,0.17021297830478968
ergo_adaptive,target_error,3658,304.75,0.16996592377737615
ergo_adaptive,target_error,3659,304.83333333333337,0.17010818854696882
ergo_adaptive,target_error,3660,304.91666666666663,0.17020638870598434
ergo_adaptive,target_error,3661,305.0,0.16994529758710858
ergo_adaptive,target_error,3662,305.08333333333337,0.17004293212679109
ergo_adaptive,target_error,3663,305.16666666666663,0.17019437548311753
ergo_adaptive,target_error,3664,305.25,0.17014044638096495
ergo_adaptive,target_error,3665,305.33333333333337,0.170258696271615
ergo_adaptive,target_error,3666,305.41666666666663,0.17020927529941463
ergo_adaptive,target_error,3667,305.5,0.17014163204160804
ergo_adaptive,target_error,3668,305.58333333333337,0.17020129383119206
ergo_adaptive,target_error,3669,305.66666666666663,0.170152517722269
ergo_adaptive,target_error,3670,305.75,0.1701910175476317
ergo_adaptive,target_error,3671,305.83333333333337,0.1701997194209332
ergo_adaptive,target_error,3672,305.91666666666663,0.17024672750305045
ergo_adaptive,target_error,3673,306.0,0.17023850472456745
ergo_adaptive,target_error,3674,306.08333333333337,0.17035447560355643
ergo_adaptive,target_error,3675,306.16666666666663,0.1702540651022538
ergo_adaptive,target_error,3676,306.25,0.17026668469307793
ergo_adaptive,target_error,3677,306.33333333333337,0.17022600150068873
ergo_adaptive,target_error,3678,306.41666666666663,0.17018978861949796
ergo_adaptive,target_error,3679,306.5,0.17016136413722716
ergo_adaptive,target_error,3680,306.58333333333337,0.17014077280306017
ergo_adaptive,target_error,3681,306.66666666666663,0.1701834978147512
ergo_adaptive,target_error,3682,306.75,0.1702659363403572
ergo_adaptive,target_error,3683,306.83333333333337,0.1702753093764073
ergo_adaptive,target_error,3684,306.91666666666663,0.17035089099404793
ergo_adaptive,target_error,3685,307.0,0.17044825545762493
ergo_adaptive,target_error,3686,307.08333333333337,0.1704079363694042
ergo_adaptive,target_error,3687,307.16666666666663,0.17027041584722818
ergo_adaptive,target_error,3688,307.25,0.17038570242555168
ergo_adaptive,target_error,3689,307.33333333333337,0.17022835541319112
ergo_adaptive,target_error,3690,307.41666666666663,0.17024598812030237
ergo_adaptive,target_error,3691,307.5,0.1701392384105874
ergo_adaptive,target_error,3692,307.58333333333337,0.17003219877111916
ergo_adaptive,target_error,3693,307.66666666666663,0.1701301643049883
ergo_adaptive,target_error,3694,307.75,0.17015247566520256
ergo_adaptive,target_error,3695,307.83333333333337,0.17021776621355506
ergo_adaptive,target_error,3696,307.91666666666663,0.17024811128779585
ergo_adaptive,target_error,3697,308.0,0.17015584962060853
ergo_adaptive,target_error,3698,308.08333333333337,0.1701029027072741
ergo_adaptive,target_error,3699,308.16666666666663,0.17007008429393175
ergo_adaptive,target_error,3700,308.25,0.16998927919670556
ergo_adaptive,target_error,3701,308.33333333333337,0.1700439912261574
ergo_adaptive,target_error,3702,308.41666666666663,0.17013726511637664
ergo_adaptive,target_error,3703,308.5,0.17015928062142913
ergo_adaptive,target_error,3704,308.58333333333337,0.170219341639422
ergo_adaptive,target_error,3705,308.66666666666663,0.17012973054606606
ergo_adaptive,target_error,3706,308.75,0.17002962659658477
ergo_adaptive,target_error,3707,308.83333333333337,0.1701252044036499
ergo_adaptive,target_error,3708,308.91666666666663,0.17017053225571563
ergo_adaptive,target_error,3709,309.0,0.170204118104907
ergo_adaptive,target_error,3710,309.08333333333337,0.1700422697870642
ergo_adaptive,target_error,3711,309.16666666666663,0.17005798927012916
ergo_adaptive,target_error,3712,309.25,0.17009792298634693
ergo_adaptive,target_error,3713,309.33333333333337,0.17011192752935542
ergo_adaptive,target_error,3714,309.41666666666663,0.17001283587201352
ergo_adaptive,target_error,3715,309.5,0.17007435028886408
ergo_adaptive,target_error,3716,309.58333333333337,0.17007619876677818
ergo_adaptive,target_error,3717,309.66666666666663,0.16996311421073726
ergo_adaptive,target_error,3718,309.75,0.16992825732102534
ergo_adaptive,target_error,3719,309.83333333333337,0.16994536985547024
ergo_adaptive,target_error,3720,309.91666666666663,0.1699398081859517
ergo_adaptive,target_error,3721,310.0,0.1699243259613269
ergo_adaptive,target_error,3722,310.08333333333337,0.17001921548364832
ergo_adaptive,target_error,3723,310.16666666666663,0.16999737787601144
ergo_adaptive,target_error,3724,310.25,0.16989068475697136
ergo_adaptive,target_error,3725,310.33333333333337,0.1699068386642851
ergo_adaptive,target_error,3726,310.41666666666663,0.16995929461952294
ergo_adaptive,target_error,3727,310.5,0.16996498613865413
ergo_adaptive,target_error,3728,310.58333333333337,0.16994441396838897
ergo_adaptive,target_error,3729,310.66666666666663,0.17001437232294805
ergo_adaptive,target_error,3730,310.75,0.16995712948656683
ergo_adaptive,target_error,3731,310.83333333333337,0.16987207633925347
ergo_adaptive,target_error,3732,310.91666666666663,0.16989079903629573
ergo_adaptive,target_error,3733,311.0,0.16977310954220035
ergo_adaptive,target_error,3734,311.08333333333337,0.16983401766931674
ergo_adaptive,target_error,3735,311.16666666666663,0.16977546074094496
ergo_adaptive,target_error,3736,311.25,0.16970415912533549
ergo_adaptive,target_error,3737,311.33333333333337,0.16956984576739517
ergo_adaptive,target_error,3738,311.41666666666663,0.1695609968594212
ergo_adaptive,target_error,3739,311.5,0.1694693106913405
ergo_adaptive,target_error,3740,311.58333333333337,0.1695055085368073
ergo_adaptive,target_error,3741,311.66666666666663,0.16946166488557884
ergo_adaptive,target_error,3742,311.75,0.16943383953028224
ergo_adaptive,target_error,3743,311.83333333333337,0.1693786061289356
ergo_adaptive,target_error,3744,311.91666666666663,0.16941155768184743
ergo_adaptive,target_error,3745,312.0,0.16955968441649755
ergo_adaptive,target_error,3746,312.08333333333337,0.16955948605870264
ergo_adaptive,target_error,3747,312.16666666666663,0.16935146912979898
ergo_adaptive,target_error,3748,312.25,0.1694400933540326
ergo_adaptive,target_error,3749,312.33333333333337,0.16928127099842147
ergo_adaptive,target_error,3750,312.41666666666663,0.16936070257790542
ergo_adaptive,target_error,3751,312.5,0.16945414014539983
ergo_adaptive,target_error,3752,312.58333333333337,0.16970589873596578
ergo_adaptive,target_error,3753,312.66666666666663,0.1696738447283306
ergo_adaptive,target_error,3754,312.75,0.16989668349560672
ergo_adaptive,target_error,3755,312.83333333333337,0.16979785810875936
ergo_adaptive,target_error,3756,312.91666666666663,0.16969542852832106
ergo_adaptive,target_error,3757,313.0,0.16952508652944354
ergo_adaptive,target_error,3758,313.08333333333337,0.1694057585126806
ergo_adaptive,target_error,3759,313.16666666666663,0.1693123088668766
ergo_adaptive,target_error,3760,313.25,0.1692963731575296
ergo_adaptive,target_error,3761,313.33333333333337,0.1691030484490987
ergo_adaptive,target_error,3762,313.41666666666663,0.1690331967016527
ergo_adaptive,target_error,3763,313.5,0.16906302749517163
ergo_adaptive,target_error,3764,313.58333333333337,0.16900990695489998
ergo_adaptive,target_error,3765,313.66666666666663,0.16914976184761119
ergo_adaptive,target_error,3766,313.75,0.1691187940926856
ergo_adaptive,target_error,3767,313.83333333333337,0.16898038391785122
ergo_adaptive,target_error,3768,313.91666666666663,0.16917511776838026
ergo_adaptive,target_error,3769,314.0,0.16934947982946333
ergo_adaptive,target_error,3770,314.08333333333337,0.16922201492985361
ergo_adaptive,target_error,3771,314.16666666666663,0.16922499462210902
ergo_adaptive,target_error,3772,314.25,0.16916896549171612
ergo_adaptive,target_error,3773,314.33333333333337,0.16917420282519205
ergo_adaptive,target_error,3774,314.41666666666663,0.16906462429531946
ergo_adaptive,target_error,3775,314.5,0.1691727491951955
ergo_adaptive,target_error,3776,314.58333333333337,0.169255023168664
ergo_adaptive,target_error,3777,314.66666666666663,0.16927119350223635
ergo_adaptive,target_error,3778,314.75,0.16916171934242638
ergo_adaptive,target_error,3779,314.83333333333337,0.1691834553393375
ergo_adaptive,target_error,3780,314.91666666666663,0.16910651987602401
ergo_adaptive,target_error,3781,315.0,0.16931217378211258
ergo_adaptive,target_error,3782,315.08333333333337,0.16943410676713977
ergo_adaptive,target_error,3783,315.16666666666663,0.1694419045227775
ergo_adaptive,target_error,3784,315.25,0.1693652079268035
ergo_adaptive,target_error,3785,315.33333333333337,0.16948545284067765
ergo_adaptive,target_error,3786,315.41666666666663,0.16945872657250977
ergo_adaptive,target_error,3787,315.5,0.1694015472123686
ergo_adaptive,target_error,3788,315.58333333333337,0.16936096453546542
ergo_adaptive,target_error,3789,315.66666666666663,0.16952352810019658
ergo_adaptive,target_error,3790,315.75,0.16954063498813124
ergo_adaptive,target_error,3791,315.83333333333337,0.16941478065820723
ergo_adaptive,target_error,3792,315.91666666666663,0.16935753890293814
ergo_adaptive,target_error,3793,316.0,0.16935289063058973
ergo_adaptive,target_error,3794,316.08333333333337,0.1693010403380652
ergo_adaptive,target_error,3795,316.16666666666663,0.1693667625801705
ergo_adaptive,target_error,3796,316.25,0.1694478549256357
ergo_adaptive,target_error,3797,316.33333333333337,0.16944782675515138
ergo_adaptive,target_error,3798,316.41666666666663,0.16945322721331701
ergo_adaptive,target_error,3799,316.5,0.16940304758527155
ergo_adaptive,target_error,3800,316.58333333333337,0.16934437101391833
ergo_adaptive,target_error,3801,316.66666666666663,0.16933441426932944
ergo_adaptive,target_error,3802,316.75,0.16928973095802852
ergo_adaptive,target_error,3803,316.83333333333337,0.16922356376448486
ergo_adaptive,target_error,3804,316.91666666666663,0.1692058794144859
ergo_adaptive,target_error,3805,317.0,0.16922393344047415
ergo_adaptive,target_error,3806,317.08333333333337,0.16916390507848672
ergo_adaptive,target_error,3807,317.16666666666663,0.1691839561508086
ergo_adaptive,target_error,3808,317.25,0.1691875443950528
ergo_adaptive,target_error,3809,317.33333333333337,0.16916016207454931
ergo_adaptive,target_error,3810,317.41666666666663,0.16912070241503804
ergo_adaptive,target_error,3811,317.5,0.16903941756970114
ergo_adaptive,target_error,3812,317.58333333333337,0.16902952712614483
ergo_adaptive,target_error,3813,317.66666666666663,0.16895177472555914
ergo_adaptive,target_error,3814,317.75,0.16890772347206146
ergo_adaptive,target_error,3815,317.83333333333337,0.16887643206520642
ergo_adaptive,target_error,3816,317.91666666666663,0.16881050642736734
ergo_adaptive,target_error,3817,318.0,0.16877257221451397
ergo_adaptive,target_error,3818,318.08333333333337,0.16875356825349597
ergo_adaptive,target_error,3819,318.16666666666663,0.16867026232375823
ergo_adaptive,target_error,3820,318.25,0.1686080581646381
ergo_adaptive,target_error,3821,318.33333333333337,0.1686063994835998
ergo_adaptive,target_error,3822,318.41666666666663,0.16854203455959008
ergo_adaptive,target_error,3823,318.5,0.1684670319239902
ergo_adaptive,target_error,3824,318.58333333333337,0.16846321862401967
ergo_adaptive,target_error,3825,318.66666666666663,0.1684472055209966
ergo_adaptive,target_error,3826,318.75,0.1683616962385046
ergo_adaptive,target_error,3827,318.83333333333337,0.16823739015773942
ergo_adaptive,target_error,3828,318.91666666666663,0.1683469134139631
ergo_adaptive,target_error,3829,319.0,0.16829098023779632
ergo_adaptive,target_error,3830,319.08333333333337,0.16822522920639324
ergo_adaptive,target_error,3831,319.16666666666663,0.16820340365919298
ergo_adaptive,target_error,3832,319.25,0.16821473378134685
ergo_adaptive,target_error,3833,319.33333333333337,0.1681735588029224
ergo_adaptive,target_error,3834,319.41666666666663,0.16808891848724378
ergo_adaptive,target_error,3835,319.5,0.16802156184559655
ergo_adaptive,target_error,3836,319.58333333333337,0.16808421060189635
ergo_adaptive,target_error,3837,319.66666666666663,0.16802232349416146
ergo_adaptive,target_error,3838,319.75,0.16804141374996612
ergo_adaptive,target_error,3839,319.83333333333337,0.16788217931478316
ergo_adaptive,target_error,3840,319.91666666666663,0.1677628174141575
ergo_adaptive,target_error,3841,320.0,0.16756935120091176
ergo_adaptive,target_error,3842,320.08333333333337,0.1675832395174858
ergo_adaptive,target_error,3843,320.16666666666663,0.16750402403056525
ergo_adaptive,target_error,3844,320.25,0.16733684995952483
ergo_adaptive,target_error,3845,320.33333333333337,0.16753153883780378
ergo_adaptive,target_error,3846,320.41666666666663,0.16759755910115343
ergo_adaptive,target_error,3847,320.5,0.16771411697697894
ergo_adaptive,target_error,3848,320.58333333333337,0.16745487729181732
ergo_adaptive,target_error,3849,320.66666666666663,0.16742716504413857
ergo_adaptive,target_error,3850,320.75,0.16726324523084077
ergo_adaptive,target_error,3851,320.83333333333337,0.1669305330911161
ergo_adaptive,target_error,3852,320.91666666666663,0.16686468462373788
ergo_adaptive,target_error,3853,321.0,0.16685657434057344
ergo_adaptive,target_error,3854,321.08333333333337,0.1663907027142867
ergo_adaptive,target_error,3855,321.16666666666663,0.1659745297947111
ergo_adaptive,target_error,3856,321.25,0.16616057973976942
ergo_adaptive,target_error,3857,321.33333333333337,0.16601482133451578
ergo_adaptive,target_error,3858,321.41666666666663,0.16604690379359477
ergo_adaptive,target_error,3859,321.5,0.16613637849246937
ergo_adaptive,target_error,3860,321.58333333333337,0.16657945458609386
ergo_adaptive,target_error,3861,321.66666666666663,0.16697504377381145
ergo_adaptive,target_error,3862,321.75,0.1664507720808877
ergo_adaptive,target_error,3863,321.83333333333337,0.16624817831011163
ergo_adaptive,target_error,3864,321.91666666666663,0.16651045925500707
ergo_adaptive,target_error,3865,322.0,0.16641448185076346
ergo_adaptive,target_error,3866,322.08333333333337,0.1662420602128788
ergo_adaptive,target_error,3867,322.16666666666663,0.16627437468814732
ergo_adaptive,target_error,3868,322.25,0.165536987315038
ergo_adaptive,target_error,3869,322.33333333333337,0.16441055611583807
ergo_adaptive,target_error,3870,322.41666666666663,0.16183868102124324
ergo_adaptive,target_error,3871,322.5,0.16145390778529498
ergo_adaptive,target_error,3872,322.58333333333337,0.16130213570124816
ergo_adaptive,target_error,3873,322.66666666666663,0.16156177782469558
ergo_adaptive,target_error,3874,322.75,0.16057201902767018
ergo_adaptive,target_error,3875,322.83333333333337,0.16057912600649882
ergo_adaptive,target_error,3876,322.91666666666663,0.16007181545470123
ergo_adaptive,target_error,3877,323.0,0.15653668442474206
ergo_adaptive,target_error,3878,323.08333333333337,0.15007317860753633
ergo_adaptive,target_error,3879,323.16666666666663,0.1464043925572659
ergo_adaptive,target_error,3880,323.25,0.1404828136555918
ergo_adaptive,target_error,3881,323.33333333333337,0.13512127082603617
ergo_adaptive,target_error,3882,323.41666666666663,0.13368723660966883
ergo_adaptive,target_error,3883,323.5,0.1333045883973086
ergo_adaptive,target_error,3884,323.58333333333337,0.13358307169086278
ergo_adaptive,target_error,3885,323.66666666666663,0.1335317590816848
ergo_adaptive,target_error,3886,323.75,0.13281255976160336
ergo_adaptive,target_error,3887,323.83333333333337,0.13426937713997114
ergo_adaptive,target_error,3888,323.91666666666663,0.13587535173198817
ergo_adaptive,target_error,3889,324.0,0.1365556998702155
ergo_adaptive,target_error,3890,324.08333333333337,0.1382918797343142
ergo_adaptive,target_error,3891,324.16666666666663,0.14200473889821083
ergo_adaptive,target_error,3892,324.25,0.15226306086553074
ergo_adaptive,target_error,3893,324.33333333333337,0.14912178150984867
ergo_adaptive,target_error,3894,324.41666666666663,0.15285424063281036
ergo_adaptive,target_error,3895,324.5,0.1437681583718589
ergo_adaptive,target_error,3896,324.58333333333337,0.14582514556588905
ergo_adaptive,target_error,3897,324.66666666666663,0.14449127394701847
ergo_adaptive,target_error,3898,324.75,0.1451256088722993
ergo_adaptive,target_error,3899,324.83333333333337,0.1437539985493878
ergo_adaptive,target_error,3900,324.91666666666663,0.14145549975076468
ergo_adaptive,target_error,3901,325.0,0.14063111423188435
ergo_adaptive,target_error,3902,325.08333333333337,0.13904905877173288
ergo_adaptive,target_error,3903,325.16666666666663,0.141317392751729
ergo_adaptive,target_error,3904,325.25,0.13723872806276777
ergo_adaptive,target_error,3905,325.33333333333337,0.13976541333998418
ergo_adaptive,target_error,3906,325.41666666666663,0.14191097375587045
ergo_adaptive,target_error,3907,325.5,0.14261213659362787
ergo_adaptive,target_error,3908,325.58333333333337,0.13493939140051067
ergo_adaptive,target_error,3909,325.66666666666663,0.13446141233969786
ergo_adaptive,target_error,3910,325.75,0.1320821943399674
ergo_adaptive,target_error,3911,325.83333333333337,0.1307787291044899
ergo_adaptive,target_error,3912,325.91666666666663,0.13403209709246108
ergo_adaptive,target_error,3913,326.0,0.13574773486045807
ergo_adaptive,target_error,3914,326.08333333333337,0.13098630635260547
ergo_adaptive,target_error,3915,326.16666666666663,0.1294933160654413
ergo_adaptive,target_error,3916,326.25,0.12941581362810306
ergo_adaptive,target_error,3917,326.33333333333337,0.12924571815334243
ergo_adaptive,target_error,3918,326.41666666666663,0.12944514404699606
ergo_adaptive,target_error,3919,326.5,0.1297354965814067
ergo_adaptive,target_error,3920,326.58333333333337,0.13009411502079027
ergo_adaptive,target_error,3921,326.66666666666663,0.13032359781218636
ergo_adaptive,target_error,3922,326.75,0.13059634739566772
ergo_adaptive,target_error,3923,326.83333333333337,0.13123181665338582
ergo_adaptive,target_error,3924,326.91666666666663,0.13114571896531796
ergo_adaptive,target_error,3925,327.0,0.131203531174954
ergo_adaptive,target_error,3926,327.08333333333337,0.1313255550873549
ergo_adaptive,target_error,3927,327.16666666666663,0.13172420666898385
ergo_adaptive,target_error,3928,327.25,0.13168974447215176
ergo_adaptive,target_error,3929,327.33333333333337,0.13207781668752366
ergo_adaptive,target_error,3930,327.41666666666663,0.13295803607158532
ergo_adaptive,target_error,3931,327.5,0.1331315000173044
ergo_adaptive,target_error,3932,327.58333333333337,0.132850618052987
ergo_adaptive,target_error,3933,327.66666666666663,0.13300793818312046
ergo_adaptive,target_error,3934,327.75,0.13322415716749708
ergo_adaptive,target_error,3935,327.83333333333337,0.13313224136860533
ergo_adaptive,target_error,3936,327.91666666666663,0.13338667945170268
ergo_adaptive,target_error,3937,328.0,0.13358882499180963
ergo_adaptive,target_error,3938,328.08333333333337,0.13366941702838736
ergo_adaptive,target_error,3939,328.16666666666663,0.133526283711918
ergo_adaptive,target_error,3940,328.25,0.1339870375378347
ergo_adaptive,target_error,3941,328.33333333333337,0.13442761635211595
ergo_adaptive,target_error,3942,328.41666666666663,0.13505721766887174
ergo_adaptive,target_error,3943,328.5,0.1348522034319659
ergo_adaptive,target_error,3944,328.58333333333337,0.13495837729049406
ergo_adaptive,target_error,3945,328.66666666666663,0.1349372794567251
ergo_adaptive,target_error,3946,328.75,0.1351816025904237
ergo_adaptive,target_error,3947,328.83333333333337,0.1350565585263049
ergo_adaptive,target_error,3948,328.91666666666663,0.1348713899105601
ergo_adaptive,target_error,3949,329.0,0.13505255963343873
ergo_adaptive,target_error,3950,329.08333333333337,0.13472498361301552
ergo_adaptive,target_error,3951,329.16666666666663,0.13522021399296885
ergo_adaptive,target_error,3952,329.25,0.13518269828902021
ergo_adaptive,target_error,3953,329.33333333333337,0.13533350905878805
ergo_adaptive,target_error,3954,329.41666666666663,0.13583992125160574
ergo_adaptive,target_error,3955,329.5,0.13598557739131636
ergo_adaptive,target_error,3956,329.58333333333337,0.13606319086818786
ergo_adaptive,target_error,3957,329.66666666666663,0.13658524223744917
ergo_adaptive,target_error,3958,329.75,0.13641015726624003
ergo_adaptive,target_error,3959,329.83333333333337,0.13672756160883615
ergo_adaptive,target_error,3960,329.91666666666663,0.13684554569848698
ergo_adaptive,target_error,3961,330.0,0.13642604337183795
ergo_adaptive,target_error,3962,330.08333333333337,0.13628926388390353
ergo_adaptive,target_error,3963,330.16666666666663,0.13665383408501067
ergo_adaptive,target_error,3964,330.25,0.13703460714205987
ergo_adaptive,target_error,3965,330.33333333333337,0.1369960236391177
ergo_adaptive,target_error,3966,330.41666666666663,0.13658272035150693
ergo_adaptive,target_error,3967,330.5,0.1370358763321946
ergo_adaptive,target_error,3968,330.58333333333337,0.13634510848373183
ergo_adaptive,target_error,3969,330.66666666666663,0.13581683738007913
ergo_adaptive,target_error,3970,330.75,0.1357881168239007
ergo_adaptive,target_error,3971,330.83333333333337,0.1354549659694715
ergo_adaptive,target_error,3972,330.91666666666663,0.13556573872785854
ergo_adaptive,target_error,3973,331.0,0.1363384225759179
ergo_adaptive,target_error,3974,331.08333333333337,0.13574490300495096
ergo_adaptive,target_error,3975,331.16666666666663,0.1352942615195518
ergo_adaptive,target_error,3976,331.25,0.13476075331751888
ergo_adaptive,target_error,3977,331.33333333333337,0.1347662604649461
ergo_adaptive,target_error,3978,331.41666666666663,0.13484436883916495
ergo_adaptive,target_error,3979,331.5,0.1347555145549837
ergo_adaptive,target_error,3980,331.58333333333337,0.13509643802787363
ergo_adaptive,target_error,3981,331.66666666666663,0.1352557485609178
ergo_adaptive,target_error,3982,331.75,0.13459486632840562
ergo_adaptive,target_error,3983,331.83333333333337,0.13293337490404183
ergo_adaptive,target_error,3984,331.91666666666663,0.13433802387639904
ergo_adaptive,target_error,3985,332.0,0.1324918229016966
ergo_adaptive,target_error,3986,332.08333333333337,0.13227524559462134
ergo_adaptive,target_error,3987,332.16666666666663,0.1310419901150934
ergo_adaptive,target_error,3988,332.25,0.13248033330873493
ergo_adaptive,target_error,3989,332.33333333333337,0.1320295091220281
ergo_adaptive,target_error,3990,332.41666666666663,0.13083574508199203
ergo_adaptive,target_error,3991,332.5,0.13051183280791892
ergo_adaptive,target_error,3992,332.58333333333337,0.1328950488783592
ergo_adaptive,target_error,3993,332.66666666666663,0.13260532822161347
ergo_adaptive,target_error,3994,332.75,0.1307758501389373
ergo_adaptive,target_error,3995,332.83333333333337,0.13136376581117978
ergo_adaptive,target_error,3996,332.91666666666663,0.1304092278590721
ergo_adaptive,target_error,3997,333.0,0.13064430851624362
ergo_adaptive,target_error,3998,333.08333333333337,0.12981934564225636
ergo_adaptive,target_error,3999,333.16666666666663,0.1286932887743012
ergo_adaptive,target_error,4000,333.25,0.12920749895844966
ergo_adaptive,target_error,4001,333.33333333333337,0.1316265849171345
ergo_adaptive,target_error,4002,333.41666666666663,0.13002369065224356
ergo_adaptive,target_error,4003,333.5,0.13052102669084015
ergo_adaptive,target_error,4004,333.58333333333337,0.12882559148108394
ergo_adaptive,target_error,4005,333.66666666666663,0.12906100432613601
ergo_adaptive,target_error,4006,333.75,0.12960743804117866
ergo_adaptive,target_error,4007,333.83333333333337,0.13020450631650549
ergo_adaptive,target_error,4008,333.91666666666663,0.1308963441503298
ergo_adaptive,target_error,4009,334.0,0.13097885163234954
ergo_adaptive,target_error,4010,334.08333333333337,0.1315741653820286
ergo_adaptive,target_error,4011,334.16666666666663,0.13132399403605524
ergo_adaptive,target_error,4012,334.25,0.13086696798534397
ergo_adaptive,target_error,4013,334.33333333333337,0.1306483707590041
ergo_adaptive,target_error,4014,334.41666666666663,0.13080053493354735
ergo_adaptive,target_error,4015,334.5,0.13198156226338192
ergo_adaptive,target_error,4016,334.58333333333337,0.13244399303428964
ergo_adaptive,target_error,4017,334.66666666666663,0.13254094283897602
ergo_adaptive,target_error,4018,334.75,0.13246401266987537
ergo_adaptive,target_error,4019,334.83333333333337,0.13256110193633372
ergo_adaptive,target_error,4020,334.91666666666663,0.13390101339338892
ergo_adaptive,target_error,4021,335.0,0.13402519562609863
ergo_adaptive,target_error,4022,335.08333333333337,0.13560149581337394
ergo_adaptive,target_error,4023,335.16666666666663,0.13671445973513074
ergo_adaptive,target_error,4024,335.25,0.13611504443822547
ergo_adaptive,target_error,4025,335.33333333333337,0.13632608760100023
ergo_adaptive,target_error,4026,335.41666666666663,0.1357321734143172
ergo_adaptive,target_error,4027,335.5,0.13630642373059837
ergo_adaptive,target_error,4028,335.58333333333337,0.13687195276127923
ergo_adaptive,target_error,4029,335.66666666666663,0.13742779327190197
ergo_adaptive,target_error,4030,335.75,0.13800501857300207
ergo_adaptive,target_error,4031,335.83333333333337,0.1385365625145301
ergo_adaptive,target_error,4032,335.91666666666663,0.1388676695867983
ergo_adaptive,target_error,4033,336.0,0.13906041886664286
ergo_adaptive,target_error,4034,336.08333333333337,0.13893798432138835
ergo_adaptive,target_error,4035,336.16666666666663,0.1389910964906543
ergo_adaptive,target_error,4036,336.25,0.13911309649391762
ergo_adaptive,target_error,4037,336.33333333333337,0.13957279192337657
ergo_adaptive,target_error,4038,336.41666666666663,0.1396943359924687
ergo_adaptive,target_error,4039,336.5,0.1400164624597438
ergo_adaptive,target_error,4040,336.58333333333337,0.1406645581418322
ergo_adaptive,target_error,4041,336.66666666666663,0.14080838684652436
ergo_adaptive,target_error,4042,336.75,0.14092347645344377
ergo_adaptive,target_error,4043,336.83333333333337,0.14123494873557502
ergo_adaptive,target_error,4044,336.91666666666663,0.14096935047411888
ergo_adaptive,target_error,4045,337.0,0.14163750313543294
ergo_adaptive,target_error,4046,337.08333333333337,0.14135930694838375
ergo_adaptive,target_error,4047,337.16666666666663,0.1417476623861267
ergo_adaptive,target_error,4048,337.25,0.14183058953472857
ergo_adaptive,target_error,4049,337.33333333333337,0.14174154615948859
ergo_adaptive,target_error,4050,337.41666666666663,0.14222574033644786
ergo_adaptive,target_error,4051,337.5,0.14203772020934965
ergo_adaptive,target_error,4052,337.58333333333337,0.14221806332973608
ergo_adaptive,target_error,4053,337.66666666666663,0.14267679530489835
ergo_adaptive,target_error,4054,337.75,0.1430582677021392
ergo_adaptive,target_error,4055,337.83333333333337,0.1430387057908318
ergo_adaptive,target_error,4056,337.91666666666663,0.14322907998009687
ergo_adaptive,target_error,4057,338.0,0.14330178507787708
ergo_adaptive,target_error,4058,338.08333333333337,0.14359406983529516
ergo_adaptive,target_error,4059,338.16666666666663,0.1437016083404998
ergo_adaptive,target_error,4060,338.25,0.14378265069630575
ergo_adaptive,target_error,4061,338.33333333333337,0.1442067248005252
ergo_adaptive,target_error,4062,338.41666666666663,0.1439189603225876
ergo_adaptive,target_error,4063,338.5,0.14365000464099362
ergo_adaptive,target_error,4064,338.58333333333337,0.1436678942142625
ergo_adaptive,target_error,4065,338.66666666666663,0.14424669558271305
ergo_adaptive,target_error,4066,338.75,0.14460742340114077
ergo_adaptive,target_error,4067,338.83333333333337,0.144804560451667
ergo_adaptive,target_error,4068,338.91666666666663,0.1452611134295066
ergo_adaptive,target_error,4069,339.0,0.14535169630801784
ergo_adaptive,target_error,4070,339.08333333333337,0.14606042180500567
ergo_adaptive,target_error,4071,339.16666666666663,0.14596233665425248
ergo_adaptive,target_error,4072,339.25,0.14615474335558545
ergo_adaptive,target_error,4073,339.33333333333337,0.14596641541713387
ergo_adaptive,target_error,4074,339.41666666666663,0.14580685400379684
ergo_adaptive,target_error,4075,339.5,0.146254064833592
ergo_adaptive,target_error,4076,339.58333333333337,0.1461697566428759
ergo_adaptive,target_error,4077,339.66666666666663,0.14598474192054411
ergo_adaptive,target_error,4078,339.75,0.14687415837602702
ergo_adaptive,target_error,4079,339.83333333333337,0.1468132485276736
ergo_adaptive,target_error,4080,339.91666666666663,0.1469551926001101
ergo_adaptive,target_error,4081,340.0,0.1470520079647786
ergo_adaptive,target_error,4082,340.08333333333337,0.1477405486804366
ergo_adaptive,target_error,4083,340.16666666666663,0.14784150009619748
ergo_adaptive,target_error,4084,340.25,0.1474887986209557
ergo_adaptive,target_error,4085,340.33333333333337,0.1481426740220086
ergo_adaptive,target_error,4086,340.41666666666663,0.14777227216309918
ergo_adaptive,target_error,4087,340.5,0.14766474077720196
ergo_adaptive,target_error,4088,340.58333333333337,0.14774958476966227
ergo_adaptive,target_error,4089,340.66666666666663,0.14738625567904673
ergo_adaptive,target_error,4090,340.75,0.14721220122599965
ergo_adaptive,target_error,4091,340.83333333333337,0.14739534045374905
ergo_adaptive,target_error,4092,340.91666666666663,0.1477752409481636
ergo_adaptive,target_error,4093,341.0,0.14873023126054344
ergo_adaptive,target_error,4094,341.08333333333337,0.14889760792015944
ergo_adaptive,target_error,4095,341.16666666666663,0.14885922110269198
ergo_adaptive,target_error,4096,341.25,0.14881689541402
ergo_adaptive,target_error,4097,341.33333333333337,0.14934606327694203
ergo_adaptive,target_error,4098,341.41666666666663,0.14956320944236898
ergo_adaptive,target_error,4099,341.5,0.1496720545915323
ergo_adaptive,target_error,4100,341.58333333333337,0.14958620906665812
ergo_adaptive,target_error,4101,341.66666666666663,0.14986056670223183
ergo_adaptive,target_error,4102,341.75,0.14991029478780116
ergo_adaptive,target_error,4103,341.83333333333337,0.14999688798143854
ergo_adaptive,target_error,4104,341.91666666666663,0.1495802958314773
ergo_adaptive,target_error,4105,342.0,0.14944649455562445
ergo_adaptive,target_error,4106,342.08333333333337,0.14942411597580296
ergo_adaptive,target_error,4107,342.16666666666663,0.14902640810134904
ergo_adaptive,target_error,4108,342.25,0.14950790677990367
ergo_adaptive,target_error,4109,342.33333333333337,0.14891318859618183
ergo_adaptive,target_error,4110,342.41666666666663,0.14902442940509544
ergo_adaptive,target_error,4111,342.5,0.14936785723507734
ergo_adaptive,target_error,4112,342.58333333333337,0.1486639356332819
ergo_adaptive,target_error,4113,342.66666666666663,0.14785767130131025
ergo_adaptive,target_error,4114,342.75,0.14820707645838344
ergo_adaptive,target_error,4115,342.83333333333337,0.14953035160477116
ergo_adaptive,target_error,4116,342.91666666666663,0.15048100472383244
ergo_adaptive,target_error,4117,343.0,0.15068204611871858
ergo_adaptive,target_error,4118,343.08333333333337,0.15018900791021977
ergo_adaptive,target_error,4119,343.16666666666663,0.15033605995004748
ergo_adaptive,target_error,4120,343.25,0.14987029841857832
ergo_adaptive,target_error,4121,343.33333333333337,0.15022478094228947
ergo_adaptive,target_error,4122,343.41666666666663,0.15038710805240002
ergo_adaptive,target_error,4123,343.5,0.15041641697719002
ergo_adaptive,target_error,4124,343.58333333333337,0.1506185701899961
ergo_adaptive,target_error,4125,343.66666666666663,0.15160153947716407
ergo_adaptive,target_error,4126,343.75,0.15119443011560524
ergo_adaptive,target_error,4127,343.83333333333337,0.15060189423649334
ergo_adaptive,target_error,4128,343.91666666666663,0.15029680384477578
ergo_adaptive,target_error,4129,344.0,0.14981583320343642
ergo_adaptive,target_error,4130,344.08333333333337,0.14929274027266806
ergo_adaptive,target_error,4131,344.16666666666663,0.1504916262885545
ergo_adaptive,target_error,4132,344.25,0.1516123016097678
ergo_adaptive,target_error,4133,344.33333333333337,0.1522186164682727
ergo_adaptive,target_error,4134,344.41666666666663,0.1520675888508405
ergo_adaptive,target_error,4135,344.5,0.15273880532290596
ergo_adaptive,target_error,4136,344.58333333333337,0.15302817784489572
ergo_adaptive,target_error,4137,344.66666666666663,0.15322799111092866
ergo_adaptive,target_error,4138,344.75,0.1536134773999082
ergo_adaptive,target_error,4139,344.83333333333337,0.15315555579600834
ergo_adaptive,target_error,4140,344.91666666666663,0.1531227484136416
ergo_adaptive,target_error,4141,345.0,0.15299209335059047
ergo_adaptive,target_error,4142,345.08333333333337,0.15305284698851693
ergo_adaptive,target_error,4143,345.16666666666663,0.1528796375682308
ergo_adaptive,target_error,4144,345.25,0.15307985115743467
ergo_adaptive,target_error,4145,345.33333333333337,0.1526904060401747
ergo_adaptive,target_error,4146,345.41666666666663,0.15322064300846344
ergo_adaptive,target_error,4147,345.5,0.1527282132189302
ergo_adaptive,target_error,4148,345.58333333333337,0.15275809617439495
ergo_adaptive,target_error,4149,345.66666666666663,0.15236038846624916
ergo_adaptive,target_error,4150,345.75,0.1530255631554858
ergo_adaptive,target_error,4151,345.83333333333337,0.15331738362556424
ergo_adaptive,target_error,4152,345.91666666666663,0.15403673051243733
ergo_adaptive,target_error,4153,346.0,0.1540608846290472
ergo_adaptive,target_error,4154,346.08333333333337,0.15411976222107246
ergo_adaptive,target_error,4155,346.16666666666663,0.1539324746883568
ergo_adaptive,target_error,4156,346.25,0.1543379596117171
ergo_adaptive,target_error,4157,346.33333333333337,0.1543732994430826
ergo_adaptive,target_error,4158,346.41666666666663,0.15476435697700575
ergo_adaptive,target_error,4159,346.5,0.1544039790249369
ergo_adaptive,target_error,4160,346.58333333333337,0.15487014289883327
ergo_adaptive,target_error,4161,346.66666666666663,0.15510158696132467
ergo_adaptive,target_error,4162,346.75,0.15463422072562888
ergo_adaptive,target_error,4163,346.83333333333337,0.15446278622917362
ergo_adaptive,target_error,4164,346.91666666666663,0.15479722411300637
ergo_adaptive,target_error,4165,347.0,0.15509085569602032
ergo_adaptive,target_error,4166,347.08333333333337,0.15552128034022833
ergo_adaptive,target_error,4167,347.16666666666663,0.1562879731814389
ergo_adaptive,target_error,4168,347.25,0.15626606672644114
ergo_adaptive,target_error,4169,347.33333333333337,0.15616350388462213
ergo_adaptive,target_error,4170,347.41666666666663,0.15655619052850112
ergo_adaptive,target_error,4171,347.5,0.1566137516448593
ergo_adaptive,target_error,4172,347.58333333333337,0.15659010910648255
ergo_adaptive,target_error,4173,347.66666666666663,0.15650665565647406
ergo_adaptive,target_error,4174,347.75,0.1566057311405696
ergo_adaptive,target_error,4175,347.83333333333337,0.15650346897905737
ergo_adaptive,target_error,4176,347.91666666666663,0.1561785365776389
ergo_adaptive,target_error,4177,348.0,0.15576747106414857
ergo_adaptive,target_error,4178,348.08333333333337,0.15605361272667811
ergo_adaptive,target_error,4179,348.16666666666663,0.15597510027973277
ergo_adaptive,target_error,4180,348.25,0.1556796216511578
ergo_adaptive,target_error,4181,348.33333333333337,0.15617322845643553
ergo_adaptive,target_error,4182,348.41666666666663,0.15617176767031837
ergo_adaptive,target_error,4183,348.5,0.1561575744085894
ergo_adaptive,target_error,4184,348.58333333333337,0.15586665264431016
ergo_adaptive,target_error,4185,348.66666666666663,0.15580548238434624
ergo_adaptive,target_error,4186,348.75,0.15623440317955734
ergo_adaptive,target_error,4187,348.83333333333337,0.1561059605404462
ergo_adaptive,target_error,4188,348.91666666666663,0.15613678688501065
ergo_adaptive,target_error,4189,349.0,0.15618450510989695
ergo_adaptive,target_error,4190,349.08333333333337,0.15561686397989002
ergo_adaptive,target_error,4191,349.16666666666663,0.15563271413739
ergo_adaptive,target_error,4192,349.25,0.15590601872169596
ergo_adaptive,target_error,4193,349.33333333333337,0.15618016692897907
ergo_adaptive,target_error,4194,349.41666666666663,0.15648622257730102
ergo_adaptive,target_error,4195,349.5,0.15660851771602216
ergo_adaptive,target_error,4196,349.58333333333337,0.15707996628727708
ergo_adaptive,target_error,4197,349.66666666666663,0.15719636796581235
ergo_adaptive,target_error,4198,349.75,0.15679068814072458
ergo_adaptive,target_error,4199,349.83333333333337,0.15657888052072105
ergo_adaptive,target_error,4200,349.91666666666663,0.15644976846376102
ergo_adaptive,target_error,4201,350.0,0.15691513759584613
ergo_adaptive,target_error,4202,350.08333333333337,0.15658660559626075
ergo_adaptive,target_error,4203,350.16666666666663,0.15654393404637648
ergo_adaptive,target_error,4204,350.25,0.15705977361560483
ergo_adaptive,target_error,4205,350.33333333333337,0.15679361244040652
ergo_adaptive,target_error,4206,350.41666666666663,0.15705631481707688
ergo_adaptive,target_error,4207,350.5,0.15677372347400909
ergo_adaptive,target_error,4208,350.58333333333337,0.15725039537372382
ergo_adaptive,target_error,4209,350.66666666666663,0.15751904580465526
ergo_adaptive,target_error,4210,350.75,0.1574380224641679
ergo_adaptive,target_error,4211,350.83333333333337,0.15762424353456717
ergo_adaptive,target_error,4212,350.91666666666663,0.1584838597103474
ergo_adaptive,target_error,4213,351.0,0.15879747224875804
ergo_adaptive,target_error,4214,351.08333333333337,0.15884912620919456
ergo_adaptive,target_error,4215,351.16666666666663,0.1586998578759273
ergo_adaptive,target_error,4216,351.25,0.15875491016118487
ergo_adaptive,target_error,4217,351.33333333333337,0.15809658982174524
ergo_adaptive,target_error,4218,351.41666666666663,0.15817488720867498
ergo_adaptive,target_error,4219,351.5,0.15806521348081104
ergo_adaptive,target_error,4220,351.58333333333337,0.15804545319052696
ergo_adaptive,target_error,4221,351.66666666666663,0.1586595509809933
ergo_adaptive,target_error,4222,351.75,0.15843715540102313
ergo_adaptive,target_error,4223,351.83333333333337,0.1582651139544258
ergo_adaptive,target_error,4224,351.91666666666663,0.1587125560547804
ergo_adaptive,target_error,4225,352.0,0.1584138120750913
ergo_adaptive,target_error,4226,352.08333333333337,0.15845207878535209
ergo_adaptive,target_error,4227,352.16666666666663,0.15867686074720683
ergo_adaptive,target_error,4228,352.25,0.15886456158808676
ergo_adaptive,target_error,4229,352.33333333333337,0.15926426863396648
ergo_adaptive,target_error,4230,352.41666666666663,0.1596221763604307
ergo_adaptive,target_error,4231,352.5,0.15926068942102847
ergo_adaptive,target_error,4232,352.58333333333337,0.15920100103998602
ergo_adaptive,target_error,4233,352.66666666666663,0.1586735042140287
ergo_adaptive,target_error,4234,352.75,0.1580739178191579
ergo_adaptive,target_error,4235,352.83333333333337,0.15845521965362608
ergo_adaptive,target_error,4236,352.91666666666663,0.1581512898364755
ergo_adaptive,target_error,4237,353.0,0.15866116340888742
ergo_adaptive,target_error,4238,353.08333333333337,0.15833288726273392
ergo_adaptive,target_error,4239,353.16666666666663,0.15824360845603053
ergo_adaptive,target_error,4240,353.25,0.1586794108533551
ergo_adaptive,target_error,4241,353.33333333333337,0.15935765541574196
ergo_adaptive,target_error,4242,353.41666666666663,0.15941576631328908
ergo_adaptive,target_error,4243,353.5,0.15939628828279445
ergo_adaptive,target_error,4244,353.58333333333337,0.15924372465320918
ergo_adaptive,target_error,4245,353.66666666666663,0.15955824274805167
ergo_adaptive,target_error,4246,353.75,0.1595148862978389
ergo_adaptive,target_error,4247,353.83333333333337,0.16013062325461505
ergo_adaptive,target_error,4248,353.91666666666663,0.16026218734448316
ergo_adaptive,target_error,4249,354.0,0.1606101231429516
ergo_adaptive,target_error,4250,354.08333333333337,0.16055153423688537
ergo_adaptive,target_error,4251,354.16666666666663,0.16078446327206877
ergo_adaptive,target_error,4252,354.25,0.1607937085004443
ergo_adaptive,target_error,4253,354.33333333333337,0.16071482304687293
ergo_adaptive,target_error,4254,354.41666666666663,0.16024204002493742
ergo_adaptive,target_error,4255,354.5,0.16011949306862086
ergo_adaptive,target_error,4256,354.58333333333337,0.1601609122212877
ergo_adaptive,target_error,4257,354.66666666666663,0.160267610212992
ergo_adaptive,target_error,4258,354.75,0.16009646427568985
ergo_adaptive,target_error,4259,354.83333333333337,0.16043707569531226
ergo_adaptive,target_error,4260,354.91666666666663,0.16014750658870466
ergo_adaptive,target_error,4261,355.0,0.16029129130309985
ergo_adaptive,target_error,4262,355.08333333333337,0.1602697409909005
ergo_adaptive,target_error,4263,355.16666666666663,0.16029715851925808
ergo_adaptive,target_error,4264,355.25,0.16002755170075503
ergo_adaptive,target_error,4265,355.33333333333337,0.16017399079892417
ergo_adaptive,target_error,4266,355.41666666666663,0.16001932891468607
ergo_adaptive,target_error,4267,355.5,0.16044899887032743
ergo_adaptive,target_error,4268,355.58333333333337,0.16062978263159614
ergo_adaptive,target_error,4269,355.66666666666663,0.1602140310989073
ergo_adaptive,target_error,4270,355.75,0.1597453875047891
ergo_adaptive,target_error,4271,355.83333333333337,0.15972188112635538
ergo_adaptive,target_error,4272,355.91666666666663,0.16011452500926085
ergo_adaptive,target_error,4273,356.0,0.15993625202355516
ergo_adaptive,target_error,4274,356.08333333333337,0.15999390606873531
ergo_adaptive,target_error,4275,356.16666666666663,0.15990112341193696
ergo_adaptive,target_error,4276,356.25,0.16006411117356434
ergo_adaptive,target_error,4277,356.33333333333337,0.16008056007024288
ergo_adaptive,target_error,4278,356.41666666666663,0.1598810198349457
ergo_adaptive,target_error,4279,356.5,0.15937838873765786
ergo_adaptive,target_error,4280,356.58333333333337,0.15934389591922152
ergo_adaptive,target_error,4281,356.66666666666663,0.15936589927479916
ergo_adaptive,target_error,4282,356.75,0.15938487931125345
ergo_adaptive,target_error,4283,356.83333333333337,0.15959425684431464
ergo_adaptive,target_error,4284,356.91666666666663,0.1599467997398983
ergo_adaptive,target_error,4285,357.0,0.15975705100693743
ergo_adaptive,target_error,4286,357.08333333333337,0.16035062917803783
ergo_adaptive,target_error,4287,357.16666666666663,0.1602649541315431
ergo_adaptive,target_error,4288,357.25,0.16054054489963618
ergo_adaptive,target_error,4289,357.33333333333337,0.1606460871251338
ergo_adaptive,target_error,4290,357.41666666666663,0.16080236194963363
ergo_adaptive,target_error,4291,357.5,0.16102767839552054
ergo_adaptive,target_error,4292,357.58333333333337,0.16078298253128473
ergo_adaptive,target_error,4293,357.66666666666663,0.16044365130543808
ergo_adaptive,target_error,4294,357.75,0.1602530627060025
ergo_adaptive,target_error,4295,357.83333333333337,0.15988284167186484
ergo_adaptive,target_error,4296,357.91666666666663,0.15972156146016114
ergo_adaptive,target_error,4297,358.0,0.15999826567811162
ergo_adaptive,target_error,4298,358.08333333333337,0.160256154310679
ergo_adaptive,target_error,4299,358.16666666666663,0.1604533283153674
ergo_adaptive,target_error,4300,358.25,0.16070202131641145
ergo_adaptive,target_error,4301,358.33333333333337,0.16068328191347206
ergo_adaptive,target_error,4302,358.41666666666663,0.16025757816036992
ergo_adaptive,target_error,4303,358.5,0.15999376085557127
ergo_adaptive,target_error,4304,358.58333333333337,0.16016493672578191
ergo_adaptive,target_error,4305,358.66666666666663,0.16015090839285093
ergo_adaptive,target_error,4306,358.75,0.16062365016964064
ergo_adaptive,target_error,4307,358.83333333333337,0.16034540170868847
ergo_adaptive,target_error,4308,358.91666666666663,0.1601992023705227
ergo_adaptive,target_error,4309,359.0,0.16047160099831592
ergo_adaptive,target_error,4310,359.08333333333337,0.1604091241563825
ergo_adaptive,target_error,4311,359.16666666666663,0.16093273510729225
ergo_adaptive,target_error,4312,359.25,0.16068852102244022
ergo_adaptive,target_error,4313,359.33333333333337,0.16040188078582904
ergo_adaptive,target_error,4314,359.41666666666663,0.160382336407166
ergo_adaptive,target_error,4315,359.5,0.1606817100491625
ergo_adaptive,target_error,4316,359.58333333333337,0.16068942157726487
ergo_adaptive,target_error,4317,359.66666666666663,0.1608609471146354
ergo_adaptive,target_error,4318,359.75,0.16095827570110013
ergo_adaptive,target_error,4319,359.83333333333337,0.16066532211250548
ergo_adaptive,target_error,4320,359.91666666666663,0.16049687306839114
ergo_adaptive,target_error,4321,360.0,0.16052181999741374
ergo_ground_truth,wind,1,0.0,1.720421173780938
ergo_ground_truth,wind,2,0.08333333333337123,1.694620035607584
ergo_ground_truth,wind,3,0.16666666666662877,1.6897210075129285
ergo_ground_truth,wind,4,0.25,1.688482556061661
ergo_ground_truth,wind,5,0.33333333333337123,1.688643621799561
ergo_ground_truth,wind,6,0.41666666666662877,1.6889098085591632
ergo_ground_truth,wind,7,0.5,1.6887951942941217
ergo_ground_truth,wind,8,0.5833333333333712,1.688796757440773
ergo_ground_truth,wind,9,0.6666666666666288,1.6891579272143589
ergo_ground_truth,wind,10,0.75,1.6892335676495962
ergo_ground_truth,wind,11,0.8333333333333712,1.689349900239125
ergo_ground_truth,wind,12,0.9166666666666288,1.6894759587131611
ergo_ground_truth,wind,13,1.0,1.6896786098747258
ergo_ground_truth,wind,14,1.0833333333333712,1.6905996851032508
ergo_ground_truth,wind,15,1.1666666666666288,1.689626539120174
ergo_ground_truth,wind,16,1.25,1.689732990069584
ergo_ground_truth,wind,17,1.3333333333333712,1.6899295307584021
ergo_ground_truth,wind,18,1.4166666666666288,1.6933549573865936
ergo_ground_truth,wind,19,1.5,1.6973373320636622
ergo_ground_truth,wind,20,1.5833333333333712,1.6932810454037335
ergo_ground_truth,wind,21,1.6666666666666288,1.6909119955747551
ergo_ground_truth,wind,22,1.75,1.6911529533669045
ergo_ground_truth,wind,23,1.8333333333333712,1.692021000583803
ergo_ground_truth,wind,24,1.9166666666666288,1.7002727250129135
ergo_ground_truth,wind,25,2.0,1.703556091529579
ergo_ground_truth,wind,26,2.0833333333333712,1.699883209339659
ergo_ground_truth,wind,27,2.1666666666666288,1.6984326097210158
ergo_ground_truth,wind,28,2.25,1.701489813190857
ergo_ground_truth,wind,29,2.3333333333333712,1.7033339449953182
ergo_ground_truth,wind,30,2.4166666666666288,1.7026731129592936
ergo_ground_truth,wind,31,2.5,1.6977092306547952
ergo_ground_truth,wind,32,2.5833333333333712,1.6994391564756324
ergo_ground_truth,wind,33,2.6666666666666288,1.6981113984691674
ergo_ground_truth,wind,34,2.75,1.6962617103723292
ergo_ground_truth,wind,35,2.8333333333333712,1.695750044133398
ergo_ground_truth,wind,36,2.9166666666666288,1.6978621114114438
ergo_ground_truth,wind,37,3.0,1.6945616557088288
ergo_ground_truth,wind,38,3.0833333333333712,1.6918812079925178
ergo_ground_truth,wind,39,3.1666666666666288,1.6927223874048765
ergo_ground_truth,wind,40,3.25,1.6923287368886015
ergo_ground_truth,wind,41,3.3333333333333712,1.6928359832521473
ergo_ground_truth,wind,42,3.4166666666666288,1.694969631329472
ergo_ground_truth,wind,43,3.5,1.6938594469923116
ergo_ground_truth,wind,44,3.5833333333333712,1.6995197168118898
ergo_ground_truth,wind,45,3.6666666666666288,1.6945741900966558
ergo_ground_truth,wind,46,3.75,1.6938684215310935
ergo_ground_truth,wind,47,3.8333333333333712,1.693689881521307
ergo_ground_truth,wind,48,3.9166666666666288,1.693720964456462
ergo_ground_truth,wind,49,4.0,1.6945782846530573
ergo_ground_truth,wind,50,4.083333333333371,1.6939424654089144
ergo_ground_truth,wind,51,4.166666666666629,1.693944118694632
ergo_ground_truth,wind,52,4.25,1.6942876245250864
ergo_ground_truth,wind,53,4.333333333333371,1.6946378187010975
ergo_ground_truth,wind,54,4.416666666666629,1.6945247122988574
ergo_ground_truth,wind,55,4.5,1.6955144704491931
ergo_ground_truth,wind,56,4.583333333333371,1.6952545956812635
ergo_ground_truth,wind,57,4.666666666666629,1.6990525329127908
ergo_ground_truth,wind,58,4.75,1.6956580794390919
ergo_ground_truth,wind,59,4.833333333333371,1.696226082269203
ergo_ground_truth,wind,60,4.916666666666629,1.6939075707734559
ergo_ground_truth,wind,61,5.0,1.6931799890602897
ergo_ground_truth,wind,62,5.083333333333371,1.692965746793299
ergo_ground_truth,wind,63,5.166666666666629,1.693308413378361
ergo_ground_truth,wind,64,5.25,1.693665631925643
ergo_ground_truth,wind,65,5.333333333333371,1.693292574766735
ergo_ground_truth,wind,66,5.416666666666629,1.6977862735807896
ergo_ground_truth,wind,67,5.5,1.6974524493037941
ergo_ground_truth,wind,68,5.583333333333371,1.6937659473637665
ergo_ground_truth,wind,69,5.666666666666629,1.6955653476325478
ergo_ground_truth,wind,70,5.75,1.7018577303209865
ergo_ground_truth,wind,71,5.833333333333371,1.6966765500172376
ergo_ground_truth,wind,72,5.916666666666629,1.6927411306284632
ergo_ground_truth,wind,73,6.0,1.6902253200356998
ergo_ground_truth,wind,74,6.083333333333371,1.6900463563128594
ergo_ground_truth,wind,75,6.166666666666629,1.6921766807140808
ergo_ground_truth,wind,76,6.25,1.6953606481892414
ergo_ground_truth,wind,77,6.333333333333371,1.6985827189655174
ergo_ground_truth,wind,78,6.416666666666629,1.7034172781185895
ergo_ground_truth,wind,79,6.5,1.7044745990999426
ergo_ground_truth,wind,80,6.583333333333371,1.7030530109393698
ergo_ground_truth,wind,81,6.666666666666629,1.7013835980307321
ergo_ground_truth,wind,82,6.75,1.6958533671768026
ergo_ground_truth,wind,83,6.833333333333371,1.6968116171295369
ergo_ground_truth,wind,84,6.916666666666629,1.6968408569874165
ergo_ground_truth,wind,85,7.0,1.701315863080664
ergo_ground_truth,wind,86,7.083333333333371,1.7152709412897045
ergo_ground_truth,wind,87,7.166666666666629,1.719346442753151
ergo_ground_truth,wind,88,7.25,1.726731034358434
ergo_ground_truth,wind,89,7.333333333333371,1.7481507683460855
ergo_ground_truth,wind,90,7.416666666666629,1.7507303966727183
ergo_ground_truth,wind,91,7.5,1.7656548747142338
ergo_ground_truth,wind,92,7.583333333333371,1.7911144897268008
ergo_ground_truth,wind,93,7.666666666666629,1.7980642853686588
ergo_ground_truth,wind,94,7.75,1.8013886245707098
ergo_ground_truth,wind,95,7.833333333333371,1.7905283480770207
ergo_ground_truth,wind,96,7.916666666666629,1.8085934306531872
ergo_ground_truth,wind,97,8.0,1.8352252804925369
ergo_ground_truth,wind,98,8.083333333333371,1.8687268439322748
ergo_ground_truth,wind,99,8.166666666666629,1.8707858117018596
ergo_ground_truth,wind,100,8.25,1.8755624833414444
ergo_ground_truth,wind,101,8.333333333333371,1.8868173688287524
ergo_ground_truth,wind,102,8.416666666666629,1.9299888546216266
ergo_ground_truth,wind,103,8.5,1.959173012596355
ergo_ground_truth,wind,104,8.583333333333371,2.0035450148029796
ergo_ground_truth,wind,105,8.666666666666629,1.9873287802856072
ergo_ground_truth,wind,106,8.75,2.007322139980631
ergo_ground_truth,wind,107,8.833333333333371,2.026282220338806
ergo_ground_truth,wind,108,8.916666666666629,2.0386482892799136
ergo_ground_truth,wind,109,9.0,2.028466986390239
ergo_ground_truth,wind,110,9.083333333333371,2.074523733317932
ergo_ground_truth,wind,111,9.166666666666629,2.0695753989650276
ergo_ground_truth,wind,112,9.25,2.039781222240551
ergo_ground_truth,wind,113,9.333333333333371,2.009642009786286
ergo_ground_truth,wind,114,9.416666666666629,2.007925978839971
ergo_ground_truth,wind,115,9.5,2.0366285485370774
ergo_ground_truth,wind,116,9.583333333333371,2.0213005848995023
ergo_ground_truth,wind,117,9.666666666666629,2.018486019753908
ergo_ground_truth,wind,118,9.75,2.012074280496095
ergo_ground_truth,wind,119,9.833333333333371,1.9847835822192434
ergo_ground_truth,wind,120,9.916666666666629,1.956144839773841
ergo_ground_truth,wind,121,10.0,1.962556407534746
ergo_ground_truth,wind,122,10.083333333333371,1.96579465126922
ergo_ground_truth,wind,123,10.166666666666629,1.9704527883700864
ergo_ground_truth,wind,124,10.25,1.9494781197909095
ergo_ground_truth,wind,125,10.333333333333371,1.9603378402850065
ergo_ground_truth,wind,126,10.416666666666629,1.9049414320545457
ergo_ground_truth,wind,127,10.5,1.8728312109845828
ergo_ground_truth,wind,128,10.583333333333371,1.863623157009148
ergo_ground_truth,wind,129,10.666666666666629,1.8515321922182753
ergo_ground_truth,wind,130,10.75,1.814953282248606
ergo_ground_truth,wind,131,10.833333333333371,1.7771472657295662
ergo_ground_truth,wind,132,10.916666666666629,1.7747283984767686
ergo_ground_truth,wind,133,11.0,1.7497198488574341
ergo_ground_truth,wind,134,11.083333333333371,1.7263158717066998
ergo_ground_truth,wind,135,11.166666666666629,1.7236869050163732
ergo_ground_truth,wind,136,11.25,1.717673309244228
ergo_ground_truth,wind,137,11.333333333333371,1.7118532467303398
ergo_ground_truth,wind,138,11.416666666666629,1.7068434508088401
ergo_ground_truth,wind,139,11.5,1.7063527278816564
ergo_ground_truth,wind,140,11.583333333333371,1.7019295333720852
ergo_ground_truth,wind,141,11.666666666666629,1.7041190669020492
ergo_ground_truth,wind,142,11.75,1.7095946543026925
ergo_ground_truth,wind,143,11.833333333333371,1.7112924465680301
ergo_ground_truth,wind,144,11.916666666666629,1.7138036178926184
ergo_ground_truth,wind,145,12.0,1.7226453883824457
ergo_ground_truth,wind,146,12.083333333333371,1.7137821451640032
ergo_ground_truth,wind,147,12.166666666666629,1.7230588615726325
ergo_ground_truth,wind,148,12.25,1.7278448917380256
ergo_ground_truth,wind,149,12.333333333333371,1.7375992971123333
ergo_ground_truth,wind,150,12.416666666666629,1.7482028563537937
ergo_ground_truth,wind,151,12.5,1.7629508776078355
ergo_ground_truth,wind,152,12.583333333333371,1.7534514558050351
ergo_ground_truth,wind,153,12.666666666666629,1.7389291066693073
ergo_ground_truth,wind,154,12.75,1.7452098760914525
ergo_ground_truth,wind,155,12.833333333333371,1.7601484554110056
ergo_ground_truth,wind,156,12.916666666666629,1.7577713757311542
ergo_ground_truth,wind,157,13.0,1.7605566416705185
ergo_ground_truth,wind,158,13.083333333333371,1.7731857545968912
ergo_ground_truth,wind,159,13.166666666666629,1.7704471507311235
ergo_ground_truth,wind,160,13.25,1.7594090400511766
ergo_ground_truth,wind,161,13.333333333333371,1.7722131858852694
ergo_ground_truth,wind,162,13.416666666666629,1.777416289446559
ergo_ground_truth,wind,163,13.5,1.78471614135719
ergo_ground_truth,wind,164,13.583333333333371,1.7917388234547733
ergo_ground_truth,wind,165,13.666666666666629,1.778651051478914
ergo_ground_truth,wind,166,13.75,1.7842737586216224
ergo_ground_truth,wind,167,13.833333333333371,1.7919651472277887
ergo_ground_truth,wind,168,13.916666666666629,1.8002191104683662
ergo_ground_truth,wind,169,14.0,1.81411497102135
ergo_ground_truth,wind,170,14.083333333333371,1.8213984538474046
ergo_ground_truth,wind,171,14.166666666666629,1.8039053457093626
ergo_ground_truth,wind,172,14.25,1.8145279520834827
ergo_ground_truth,wind,173,14.333333333333371,1.8056642464770245
ergo_ground_truth,wind,174,14.416666666666629,1.8074407822877308
ergo_ground_truth,wind,175,14.5,1.8238071687976034
ergo_ground_truth,wind,176,14.583333333333371,1.824441137983757
ergo_ground_truth,wind,177,14.666666666666629,1.8306408963942573
ergo_ground_truth,wind,178,14.75,1.840034486853711
ergo_ground_truth,wind,179,14.833333333333371,1.8581335097977494
ergo_ground_truth,wind,180,14.916666666666629,1.853237044635673
ergo_ground_truth,wind,181,15.0,1.854583577525897
ergo_ground_truth,wind,182,15.083333333333371,1.8536986257734065
ergo_ground_truth,wind,183,15.166666666666629,1.858920584412092
ergo_ground_truth,wind,184,15.25,1.8515878561491912
ergo_ground_truth,wind,185,15.333333333333371,1.8571660020445713
ergo_ground_truth,wind,186,15.416666666666629,1.8421689086904636
ergo_ground_truth,wind,187,15.5,1.8488812356042967
ergo_ground_truth,wind,188,15.583333333333371,1.8643788753815365
ergo_ground_truth,wind,189,15.666666666666629,1.8513737938871218
ergo_ground_truth,wind,190,15.75,1.8473594590056057
ergo_ground_truth,wind,191,15.833333333333371,1.8756038281702356
ergo_ground_truth,wind,192,15.916666666666629,1.8585646913946694
ergo_ground_truth,wind,193,16.0,1.8658138629686098
ergo_ground_truth,wind,194,16.08333333333337,1.8515174627565598
ergo_ground_truth,wind,195,16.16666666666663,1.8510120539305042
ergo_ground_truth,wind,196,16.25,1.8470372164094653
ergo_ground_truth,wind,197,16.33333333333337,1.8485382465829208
ergo_ground_truth,wind,198,16.41666666666663,1.8413960680627712
ergo_ground_truth,wind,199,16.5,1.8451907329433235
ergo_ground_truth,wind,200,16.58333333333337,1.825438208199376
ergo_ground_truth,wind,201,16.66666666666663,1.8141743422232857
ergo_ground_truth,wind,202,16.75,1.8138925019470424
ergo_ground_truth,wind,203,16.83333333333337,1.7984766424196934
ergo_ground_truth,wind,204,16.91666666666663,1.78302945903264
ergo_ground_truth,wind,205,17.0,1.780820623336529
ergo_ground_truth,wind,206,17.08333333333337,1.7792786979174822
ergo_ground_truth,wind,207,17.16666666666663,1.7683623114851121
ergo_ground_truth,wind,208,17.25,1.7750115824814936
ergo_ground_truth,wind,209,17.33333333333337,1.7737022535289664
ergo_ground_truth,wind,210,17.41666666666663,1.7675728259152845
ergo_ground_truth,wind,211,17.5,1.7682850753248562
ergo_ground_truth,wind,212,17.58333333333337,1.7647688401964143
ergo_ground_truth,wind,213,17.66666666666663,1.755831333464814
ergo_ground_truth,wind,214,17.75,1.754479595149558
ergo_ground_truth,wind,215,17.83333333333337,1.7529021196264503
ergo_ground_truth,wind,216,17.91666666666663,1.7536544316087377
ergo_ground_truth,wind,217,18.0,1.7567617861953657
ergo_ground_truth,wind,218,18.08333333333337,1.7541683959483874
ergo_ground_truth,wind,219,18.16666666666663,1.7534976911309186
ergo_ground_truth,wind,220,18.25,1.7543292620679616
ergo_ground_truth,wind,221,18.33333333333337,1.7549706963658467
ergo_ground_truth,wind,222,18.41666666666663,1.7544034011023237
ergo_ground_truth,wind,223,18.5,1.7559794688744648
ergo_ground_truth,wind,224,18.58333333333337,1.7619020142052015
ergo_ground_truth,wind,225,18.66666666666663,1.7682859442663192
ergo_ground_truth,wind,226,18.75,1.7607764288272754
ergo_ground_truth,wind,227,18.83333333333337,1.7625765200525303
ergo_ground_truth,wind,228,18.91666666666663,1.767163389969611
ergo_ground_truth,wind,229,19.0,1.7777510992967869
ergo_ground_truth,wind,230,19.08333333333337,1.7721046465076102
ergo_ground_truth,wind,231,19.16666666666663,1.774345039925422
ergo_ground_truth,wind,232,19.25,1.7812018615248462
ergo_ground_truth,wind,233,19.33333333333337,1.7982729223032572
ergo_ground_truth,wind,234,19.41666666666663,1.796985390353846
ergo_ground_truth,wind,235,19.5,1.811452095141084
ergo_ground_truth,wind,236,19.58333333333337,1.8209453474490984
ergo_ground_truth,wind,237,19.66666666666663,1.8274045088758268
ergo_ground_truth,wind,238,19.75,1.8464753224150168
ergo_ground_truth,wind,239,19.83333333333337,1.8631444636899026
ergo_ground_truth,wind,240,19.91666666666663,1.870456010392707
ergo_ground_truth,wind,241,20.0,1.8918038243014241
ergo_ground_truth,wind,242,20.08333333333337,1.8722007930188165
ergo_ground_truth,wind,243,20.16666666666663,1.909843356650206
ergo_ground_truth,wind,244,20.25,1.9354111727215382
ergo_ground_truth,wind,245,20.33333333333337,1.9628781338798624
ergo_ground_truth,wind,246,20.41666666666663,2.0018625953591904
ergo_ground_truth,wind,247,20.5,1.958137934082787
ergo_ground_truth,wind,248,20.58333333333337,1.945551660396148
ergo_ground_truth,wind,249,20.66666666666663,1.955756643596729
ergo_ground_truth,wind,250,20.75,1.9655584797096388
ergo_ground_truth,wind,251,20.83333333333337,1.9679948469834498
ergo_ground_truth,wind,252,20.91666666666663,1.9633675052044381
ergo_ground_truth,wind,253,21.0,1.966037412593649
ergo_ground_truth,wind,254,21.08333333333337,1.9896224282555572
ergo_ground_truth,wind,255,21.16666666666663,1.9632708160143628
ergo_ground_truth,wind,256,21.25,1.9637522726257564
ergo_ground_truth,wind,257,21.33333333333337,1.9335176865629013
ergo_ground_truth,wind,258,21.41666666666663,1.9525410343507807
ergo_ground_truth,wind,259,21.5,1.9408601195050903
ergo_ground_truth,wind,260,21.58333333333337,1.918450674629757
ergo_ground_truth,wind,261,21.66666666666663,1.9330350863360448
ergo_ground_truth,wind,262,21.75,1.9253999372964599
ergo_ground_truth,wind,263,21.83333333333337,1.8803424696634687
ergo_ground_truth,wind,264,21.91666666666663,1.9214839789545257
ergo_ground_truth,wind,265,22.0,1.8911723856912859
ergo_ground_truth,wind,266,22.08333333333337,1.8874759404953934
ergo_ground_truth,wind,267,22.16666666666663,1.8314319846654294
ergo_ground_truth,wind,268,22.25,1.8460633622305969
ergo_ground_truth,wind,269,22.33333333333337,1.8330060595771691
ergo_ground_truth,wind,270,22.41666666666663,1.8428338027212503
ergo_ground_truth,wind,271,22.5,1.8224214366312796
ergo_ground_truth,wind,272,22.58333333333337,1.82534563722505
ergo_ground_truth,wind,273,22.66666666666663,1.8151162023884595
ergo_ground_truth,wind,274,22.75,1.7884666541481777
ergo_ground_truth,wind,275,22.83333333333337,1.7499704079917635
ergo_ground_truth,wind,276,22.91666666666663,1.7550227795324813
ergo_ground_truth,wind,277,23.0,1.7524286008050414
ergo_ground_truth,wind,278,23.08333333333337,1.7630969494306659
ergo_ground_truth,wind,279,23.16666666666663,1.7257037232927868
ergo_ground_truth,wind,280,23.25,1.704045429142506
ergo_ground_truth,wind,281,23.33333333333337,1.7007067577265653
ergo_ground_truth,wind,282,23.41666666666663,1.6783756583623093
ergo_ground_truth,wind,283,23.5,1.6585522086088134
ergo_ground_truth,wind,284,23.58333333333337,1.6756267566952068
ergo_ground_truth,wind,285,23.66666666666663,1.6725727064610867
ergo_ground_truth,wind,286,23.75,1.6687735919648952
ergo_ground_truth,wind,287,23.83333333333337,1.6729029239218904
ergo_ground_truth,wind,288,23.91666666666663,1.6715054444749005
ergo_ground_truth,wind,289,24.0,1.6581839524780304
ergo_ground_truth,wind,290,24.08333333333337,1.6635844989761215
ergo_ground_truth,wind,291,24.16666666666663,1.6561163475580445
ergo_ground_truth,wind,292,24.25,1.6677556278133068
ergo_ground_truth,wind,293,24.33333333333337,1.6794155251792866
ergo_ground_truth,wind,294,24.41666666666663,1.6781054136334146
ergo_ground_truth,wind,295,24.5,1.6858229346208267
ergo_ground_truth,wind,296,24.58333333333337,1.6832904283615262
ergo_ground_truth,wind,297,24.66666666666663,1.6845476198967844
ergo_ground_truth,wind,298,24.75,1.6948635795428153
ergo_ground_truth,wind,299,24.83333333333337,1.713803652184424
ergo_ground_truth,wind,300,24.91666666666663,1.7132576892289078
ergo_ground_truth,wind,301,25.0,1.7090096847960166
ergo_ground_truth,wind,302,25.08333333333337,1.7242573952549327
ergo_ground_truth,wind,303,25.16666666666663,1.7267564119509942
ergo_ground_truth,wind,304,25.25,1.7700559460698457
ergo_ground_truth,wind,305,25.33333333333337,1.776876840546458
ergo_ground_truth,wind,306,25.41666666666663,1.7914806713576825
ergo_ground_truth,wind,307,25.5,1.8285840540682075
ergo_ground_truth,wind,308,25.58333333333337,1.8422962756786463
ergo_ground_truth,wind,309,25.66666666666663,1.8353796830222766
ergo_ground_truth,wind,310,25.75,1.8444720062513893
ergo_ground_truth,wind,311,25.83333333333337,1.8523203027328348
ergo_ground_truth,wind,312,25.91666666666663,1.89762303176222
ergo_ground_truth,wind,313,26.0,1.9681727258678896
ergo_ground_truth,wind,314,26.08333333333337,2.0020280884138724
ergo_ground_truth,wind,315,26.16666666666663,1.9980364362850278
ergo_ground_truth,wind,316,26.25,2.040083137297029
ergo_ground_truth,wind,317,26.33333333333337,2.066877614512288
ergo_ground_truth,wind,318,26.41666666666663,2.0638079559344207
ergo_ground_truth,wind,319,26.5,2.11867296850729
ergo_ground_truth,wind,320,26.58333333333337,2.1620112026113447
ergo_ground_truth,wind,321,26.66666666666663,2.1821217286009755
ergo_ground_truth,wind,322,26.75,2.219944912148618
ergo_ground_truth,wind,323,26.83333333333337,2.235750095961736
ergo_ground_truth,wind,324,26.91666666666663,2.2342122921148055
ergo_ground_truth,wind,325,27.0,2.2512377102702876
ergo_ground_truth,wind,326,27.08333333333337,2.251086241047818
ergo_ground_truth,wind,327,27.16666666666663,2.2637510031144648
ergo_ground_truth,wind,328,27.25,2.327308691267367
ergo_ground_truth,wind,329,27.33333333333337,2.340368723534761
ergo_ground_truth,wind,330,27.41666666666663,2.349550229404417
ergo_ground_truth,wind,331,27.5,2.353933840474493
ergo_ground_truth,wind,332,27.58333333333337,2.401309318920822
ergo_ground_truth,wind,333,27.66666666666663,2.417914322748059
ergo_ground_truth,wind,334,27.75,2.420829559631011
ergo_ground_truth,wind,335,27.83333333333337,2.394088246791766
ergo_ground_truth,wind,336,27.91666666666663,2.408550790509841
ergo_ground_truth,wind,337,28.0,2.3905972083292295
ergo_ground_truth,wind,338,28.08333333333337,2.3523956992666375
ergo_ground_truth,wind,339,28.16666666666663,2.367648689671861
ergo_ground_truth,wind,340,28.25,2.3387505533866206
ergo_ground_truth,wind,341,28.33333333333337,2.2984716437059163
ergo_ground_truth,wind,342,28.41666666666663,2.312377764939485
ergo_ground_truth,wind,343,28.5,2.272670517203186
ergo_ground_truth,wind,344,28.58333333333337,2.2534869223079976
ergo_ground_truth,wind,345,28.66666666666663,2.247689212393371
ergo_ground_truth,wind,346,28.75,2.2532043966003634
ergo_ground_truth,wind,347,28.83333333333337,2.2135411303858183
ergo_ground_truth,wind,348,28.91666666666663,2.2080705234204157
ergo_ground_truth,wind,349,29.0,2.2106678089384095
ergo_ground_truth,wind,350,29.08333333333337,2.1766831266087276
ergo_ground_truth,wind,351,29.16666666666663,2.1260039274910127
ergo_ground_truth,wind,352,29.25,2.1484214161225528
ergo_ground_truth,wind,353,29.33333333333337,2.122588676310274
ergo_ground_truth,wind,354,29.41666666666663,2.0710145501041883
ergo_ground_truth,wind,355,29.5,2.051053604452045
ergo_ground_truth,wind,356,29.58333333333337,2.0389721963125553
ergo_ground_truth,wind,357,29.66666666666663,2.0008102183234224
ergo_ground_truth,wind,358,29.75,1.9938858633942824
ergo_ground_truth,wind,359,29.83333333333337,1.9917335094567428
ergo_ground_truth,wind,360,29.91666666666663,1.9733106570866887
ergo_ground_truth,wind,361,30.0,1.9431084049094502
ergo_ground_truth,wind,362,30.08333333333337,1.9461620928538312
ergo_ground_truth,wind,363,30.16666666666663,1.9528745239797431
ergo_ground_truth,wind,364,30.25,1.9330732588013972
ergo_ground_truth,wind,365,30.33333333333337,1.9261422128278902
ergo_ground_truth,wind,366,30.41666666666663,1.9126155754434389
ergo_ground_truth,wind,367,30.5,1.9176992245107165
ergo_ground_truth,wind,368,30.58333333333337,1.9012139205400658
ergo_ground_truth,wind,369,30.66666666666663,1.8916834483797733
ergo_ground_truth,wind,370,30.75,1.898364680113432
ergo_ground_truth,wind,371,30.83333333333337,1.8803801337170103
ergo_ground_truth,wind,372,30.91666666666663,1.8697192287170454
ergo_ground_truth,wind,373,31.0,1.8583106783841887
ergo_ground_truth,wind,374,31.08333333333337,1.8440985967184913
ergo_ground_truth,wind,375,31.16666666666663,1.8421733618878198
ergo_ground_truth,wind,376,31.25,1.8505096470037443
ergo_ground_truth,wind,377,31.33333333333337,1.8612521234464614
ergo_ground_truth,wind,378,31.41666666666663,1.8595350488284634
ergo_ground_truth,wind,379,31.5,1.8484548066697095
ergo_ground_truth,wind,380,31.58333333333337,1.849770316915404
ergo_ground_truth,wind,381,31.66666666666663,1.8375155892611423
ergo_ground_truth,wind,382,31.75,1.8431902915092255
ergo_ground_truth,wind,383,31.83333333333337,1.8413734903429215
ergo_ground_truth,wind,384,31.91666666666663,1.835856501746352
ergo_ground_truth,wind,385,32.0,1.8387018188370814
ergo_ground_truth,wind,386,32.08333333333337,1.8416206994410136
ergo_ground_truth,wind,387,32.16666666666663,1.8402682502523524
ergo_ground_truth,wind,388,32.25,1.834307899612892
ergo_ground_truth,wind,389,32.33333333333337,1.8339178603044808
ergo_ground_truth,wind,390,32.41666666666663,1.8380194600444606
ergo_ground_truth,wind,391,32.5,1.8548497353868116
ergo_ground_truth,wind,392,32.58333333333337,1.8545394021788428
ergo_ground_truth,wind,393,32.66666666666663,1.8596649488915624
ergo_ground_truth,wind,394,32.75,1.8649841459817713
ergo_ground_truth,wind,395,32.83333333333337,1.8566332441113005
ergo_ground_truth,wind,396,32.91666666666663,1.8578803372902923
ergo_ground_truth,wind,397,33.0,1.8695173362361213
ergo_ground_truth,wind,398,33.08333333333337,1.8719954080353445
ergo_ground_truth,wind,399,33.16666666666663,1.8829147448883543
ergo_ground_truth,wind,400,33.25,1.8790376285955188
ergo_ground_truth,wind,401,33.33333333333337,1.9002753915080621
ergo_ground_truth,wind,402,33.41666666666663,1.8968293266328162
ergo_ground_truth,wind,403,33.5,1.9021322606934958
ergo_ground_truth,wind,404,33.58333333333337,1.90526312553105
ergo_ground_truth,wind,405,33.66666666666663,1.9246174497214794
ergo_ground_truth,wind,406,33.75,1.925898287835652
ergo_ground_truth,wind,407,33.83333333333337,1.9381442103821511
ergo_ground_truth,wind,408,33.91666666666663,1.9624599154033788
ergo_ground_truth,wind,409,34.0,1.9794901481228555
ergo_ground_truth,wind,410,34.08333333333337,1.9828652171837722
ergo_ground_truth,wind,411,34.16666666666663,2.000679647082359
ergo_ground_truth,wind,412,34.25,2.0286107247560503
ergo_ground_truth,wind,413,34.33333333333337,2.019048695978694
ergo_ground_truth,wind,414,34.41666666666663,2.0537065575823923
ergo_ground_truth,wind,415,34.5,2.0591709599944537
ergo_ground_truth,wind,416,34.58333333333337,2.0749594592582508
ergo_ground_truth,wind,417,34.66666666666663,2.094857812285506
ergo_ground_truth,wind,418,34.75,2.092746599830357
ergo_ground_truth,wind,419,34.83333333333337,2.0895658926548055
ergo_ground_truth,wind,420,34.91666666666663,2.091096387295352
ergo_ground_truth,wind,421,35.0,2.112136067462602
ergo_ground_truth,wind,422,35.08333333333337,2.118863186011214
ergo_ground_truth,wind,423,35.16666666666663,2.1237567483589883
ergo_ground_truth,wind,424,35.25,2.1234032909882243
ergo_ground_truth,wind,425,35.33333333333337,2.1436113213425974
ergo_ground_truth,wind,426,35.41666666666663,2.15096122558735
ergo_ground_truth,wind,427,35.5,2.147384521239997
ergo_ground_truth,wind,428,35.58333333333337,2.132217102348026
ergo_ground_truth,wind,429,35.66666666666663,2.1283792714718195
ergo_ground_truth,wind,430,35.75,2.113364713506564
ergo_ground_truth,wind,431,35.83333333333337,2.1256788057829046
ergo_ground_truth,wind,432,35.91666666666663,2.1284274635654317
ergo_ground_truth,wind,433,36.0,2.1121678716666725
ergo_ground_truth,wind,434,36.08333333333337,2.135350006156312
ergo_ground_truth,wind,435,36.16666666666663,2.1183785362276577
ergo_ground_truth,wind,436,36.25,2.10582934965484
ergo_ground_truth,wind,437,36.33333333333337,2.0959820903952178
ergo_ground_truth,wind,438,36.41666666666663,2.095706519990973
ergo_ground_truth,wind,439,36.5,2.0788539703382884
ergo_ground_truth,wind,440,36.58333333333337,2.0970344178527696
ergo_ground_truth,wind,441,36.66666666666663,2.077892151269594
ergo_ground_truth,wind,442,36.75,2.0608588790524256
ergo_ground_truth,wind,443,36.83333333333337,2.042482666397794
ergo_ground_truth,wind,444,36.91666666666663,2.0507197215508532
ergo_ground_truth,wind,445,37.0,2.032982325110924
ergo_ground_truth,wind,446,37.08333333333337,2.080759644353844
ergo_ground_truth,wind,447,37.16666666666663,2.081177047587205
ergo_ground_truth,wind,448,37.25,2.075898997492233
ergo_ground_truth,wind,449,37.33333333333337,2.05375120626936
ergo_ground_truth,wind,450,37.41666666666663,2.046312383378936
ergo_ground_truth,wind,451,37.5,2.031827672427541
ergo_ground_truth,wind,452,37.58333333333337,2.017916929803711
ergo_ground_truth,wind,453,37.66666666666663,2.027055206986844
ergo_ground_truth,wind,454,37.75,2.0124658377550637
ergo_ground_truth,wind,455,37.83333333333337,2.011632585181934
ergo_ground_truth,wind,456,37.91666666666663,2.0025793901483024
ergo_ground_truth,wind,457,38.0,1.996282551629399
ergo_ground_truth,wind,458,38.08333333333337,1.9878739525146514
ergo_ground_truth,wind,459,38.16666666666663,1.990652158622203
ergo_ground_truth,wind,460,38.25,1.9724907978341681
ergo_ground_truth,wind,461,38.33333333333337,1.975131294679512
ergo_ground_truth,wind,462,38.41666666666663,1.9857483286510573
ergo_ground_truth,wind,463,38.5,1.9947576232369149
ergo_ground_truth,wind,464,38.58333333333337,1.9831487257204063
ergo_ground_truth,wind,465,38.66666666666663,1.98797674636489
ergo_ground_truth,wind,466,38.75,1.9873345757130942
ergo_ground_truth,wind,467,38.83333333333337,1.972907809525463
ergo_ground_truth,wind,468,38.91666666666663,1.975374709541986
ergo_ground_truth,wind,469,39.0,1.9511467103622946
ergo_ground_truth,wind,470,39.08333333333337,1.9777453037134918
ergo_ground_truth,wind,471,39.16666666666663,2.002902848501745
ergo_ground_truth,wind,472,39.25,2.021865291897816
ergo_ground_truth,wind,473,39.33333333333337,2.0424807305505905
ergo_ground_truth,wind,474,39.41666666666663,2.029039434376838
ergo_ground_truth,wind,475,39.5,2.045915702170371
ergo_ground_truth,wind,476,39.58333333333337,2.039986582650237
ergo_ground_truth,wind,477,39.66666666666663,2.062510786859501
ergo_ground_truth,wind,478,39.75,2.076338425818119
ergo_ground_truth,wind,479,39.83333333333337,2.0922577255158474
ergo_ground_truth,wind,480,39.91666666666663,2.110127158524093
ergo_ground_truth,wind,481,40.0,2.1290128577278793
ergo_ground_truth,wind,482,40.08333333333337,2.122498562484681
ergo_ground_truth,wind,483,40.16666666666663,2.108301746147301
ergo_ground_truth,wind,484,40.25,2.1108464472922863
ergo_ground_truth,wind,485,40.33333333333337,2.1236037315067695
ergo_ground_truth,wind,486,40.41666666666663,2.165485743978822
ergo_ground_truth,wind,487,40.5,2.165352745822318
ergo_ground_truth,wind,488,40.58333333333337,2.158696306842929
ergo_ground_truth,wind,489,40.66666666666663,2.1572657687496606
ergo_ground_truth,wind,490,40.75,2.170139500033877
ergo_ground_truth,wind,491,40.83333333333337,2.1700602516690584
ergo_ground_truth,wind,492,40.91666666666663,2.1534917348654026
ergo_ground_truth,wind,493,41.0,2.189987262945814
ergo_ground_truth,wind,494,41.08333333333337,2.163864844828088
ergo_ground_truth,wind,495,41.16666666666663,2.1643311355093977
ergo_ground_truth,wind,496,41.25,2.1780333271838797
ergo_ground_truth,wind,497,41.33333333333337,2.176291541253878
ergo_ground_truth,wind,498,41.41666666666663,2.1713635932765807
ergo_ground_truth,wind,499,41.5,2.184971617127357
ergo_ground_truth,wind,500,41.58333333333337,2.1895904837291438
ergo_ground_truth,wind,501,41.66666666666663,2.1749344430607773
ergo_ground_truth,wind,502,41.75,2.197179866820093
ergo_ground_truth,wind,503,41.83333333333337,2.1963255669818147
ergo_ground_truth,wind,504,41.91666666666663,2.1755316399122564
ergo_ground_truth,wind,505,42.0,2.1162713755088154
ergo_ground_truth,wind,506,42.08333333333337,2.1313977961727733
ergo_ground_truth,wind,507,42.16666666666663,2.127059185523218
ergo_ground_truth,wind,508,42.25,2.130653561142019
ergo_ground_truth,wind,509,42.33333333333337,2.0897992000824583
ergo_ground_truth,wind,510,42.41666666666663,2.070213719151372
ergo_ground_truth,wind,511,42.5,2.077952116831628
ergo_ground_truth,wind,512,42.58333333333337,2.0530332250984973
ergo_ground_truth,wind,513,42.66666666666663,2.0861425243010308
ergo_ground_truth,wind,514,42.75,2.04720674226118
ergo_ground_truth,wind,515,42.83333333333337,2.0566555188628035
ergo_ground_truth,wind,516,42.91666666666663,2.030618028915011
ergo_ground_truth,wind,517,43.0,2.0242022132279764
ergo_ground_truth,wind,518,43.08333333333337,2.0181955430195995
ergo_ground_truth,wind,519,43.16666666666663,1.9937549270481805
ergo_ground_truth,wind,520,43.25,1.990842103752176
ergo_ground_truth,wind,521,43.33333333333337,1.9573074455606236
ergo_ground_truth,wind,522,43.41666666666663,1.928550775987223
ergo_ground_truth,wind,523,43.5,1.900662753707701
ergo_ground_truth,wind,524,43.58333333333337,1.9224923800068727
ergo_ground_truth,wind,525,43.66666666666663,1.9081031256686982
ergo_ground_truth,wind,526,43.75,1.885375666945294
ergo_ground_truth,wind,527,43.83333333333337,1.8648645115574702
ergo_ground_truth,wind,528,43.91666666666663,1.8757667476487805
ergo_ground_truth,wind,529,44.0,1.8700373944885977
ergo_ground_truth,wind,530,44.08333333333337,1.831289196523619
ergo_ground_truth,wind,531,44.16666666666663,1.812522618361356
ergo_ground_truth,wind,532,44.25,1.832616944876057
ergo_ground_truth,wind,533,44.33333333333337,1.8239257949514174
ergo_ground_truth,wind,534,44.41666666666663,1.8169692776556208
ergo_ground_truth,wind,535,44.5,1.818325487225049
ergo_ground_truth,wind,536,44.58333333333337,1.8721939076683074
ergo_ground_truth,wind,537,44.66666666666663,1.847298948145554
ergo_ground_truth,wind,538,44.75,1.8596217041438898
ergo_ground_truth,wind,539,44.83333333333337,1.8250300857776878
ergo_ground_truth,wind,540,44.91666666666663,1.8216776904924745
ergo_ground_truth,wind,541,45.0,1.786485257494154
ergo_ground_truth,wind,542,45.08333333333337,1.7884129269129552
ergo_ground_truth,wind,543,45.16666666666663,1.7682499776129534
ergo_ground_truth,wind,544,45.25,1.7468665515970305
ergo_ground_truth,wind,545,45.33333333333337,1.714958916731844
ergo_ground_truth,wind,546,45.41666666666663,1.6940400129084092
ergo_ground_truth,wind,547,45.5,1.7250872288655867
ergo_ground_truth,wind,548,45.58333333333337,1.711283581541945
ergo_ground_truth,wind,549,45.66666666666663,1.717297326975481
ergo_ground_truth,wind,550,45.75,1.7045966095033716
ergo_ground_truth,wind,551,45.83333333333337,1.6967319981193423
ergo_ground_truth,wind,552,45.91666666666663,1.678702465214315
ergo_ground_truth,wind,553,46.0,1.687857294299217
ergo_ground_truth,wind,554,46.08333333333337,1.6660089641460576
ergo_ground_truth,wind,555,46.16666666666663,1.6758593569679954
ergo_ground_truth,wind,556,46.25,1.6845697548323701
ergo_ground_truth,wind,557,46.33333333333337,1.6748623822123017
ergo_ground_truth,wind,558,46.41666666666663,1.6664316322045316
ergo_ground_truth,wind,559,46.5,1.651070139289026
ergo_ground_truth,wind,560,46.58333333333337,1.6271143038633982
ergo_ground_truth,wind,561,46.66666666666663,1.6323207469826233
ergo_ground_truth,wind,562,46.75,1.6202186598173731
ergo_ground_truth,wind,563,46.83333333333337,1.6357920840693458
ergo_ground_truth,wind,564,46.91666666666663,1.6542977595570323
ergo_ground_truth,wind,565,47.0,1.640230594075627
ergo_ground_truth,wind,566,47.08333333333337,1.6690646801981222
ergo_ground_truth,wind,567,47.16666666666663,1.6614765290823306
ergo_ground_truth,wind,568,47.25,1.668129932467054
ergo_ground_truth,wind,569,47.33333333333337,1.6705380181756382
ergo_ground_truth,wind,570,47.41666666666663,1.6745118824841922
ergo_ground_truth,wind,571,47.5,1.6744005184359632
ergo_ground_truth,wind,572,47.58333333333337,1.6757820284738258
ergo_ground_truth,wind,573,47.66666666666663,1.6959363638159561
ergo_ground_truth,wind,574,47.75,1.6788253002254947
ergo_ground_truth,wind,575,47.83333333333337,1.6776320328917864
ergo_ground_truth,wind,576,47.91666666666663,1.6897777841279369
ergo_ground_truth,wind,577,48.0,1.717198360667571
ergo_ground_truth,wind,578,48.08333333333337,1.7202158577103603
ergo_ground_truth,wind,579,48.16666666666663,1.7120084904637018
ergo_ground_truth,wind,580,48.25,1.722781283852104
ergo_ground_truth,wind,581,48.33333333333337,1.7561846262823773
ergo_ground_truth,wind,582,48.41666666666663,1.799587039022755
ergo_ground_truth,wind,583,48.5,1.8043984789940335
ergo_ground_truth,wind,584,48.58333333333337,1.8250843893137478
ergo_ground_truth,wind,585,48.66666666666663,1.8191037987509362
ergo_ground_truth,wind,586,48.75,1.8167193664383752
ergo_ground_truth,wind,587,48.83333333333337,1.8675355748083375
ergo_ground_truth,wind,588,48.91666666666663,1.8987131749414874
ergo_ground_truth,wind,589,49.0,1.9074144109383622
ergo_ground_truth,wind,590,49.08333333333337,1.9207286805731847
ergo_ground_truth,wind,591,49.16666666666663,1.9375834219360175
ergo_ground_truth,wind,592,49.25,1.9356852936735338
ergo_ground_truth,wind,593,49.33333333333337,1.9714118076996567
ergo_ground_truth,wind,594,49.41666666666663,1.9913867753964645
ergo_ground_truth,wind,595,49.5,2.017563416841444
ergo_ground_truth,wind,596,49.58333333333337,2.0085262969124957
ergo_ground_truth,wind,597,49.66666666666663,2.017856965823389
ergo_ground_truth,wind,598,49.75,2.0280825031302516
ergo_ground_truth,wind,599,49.83333333333337,2.0622958695742843
ergo_ground_truth,wind,600,49.91666666666663,2.07273390002958
ergo_ground_truth,wind,601,50.0,2.085786489263375
ergo_ground_truth,wind,602,50.08333333333337,2.077101678670083
ergo_ground_truth,wind,603,50.16666666666663,2.09202474129641
ergo_ground_truth,wind,604,50.25,2.073705244946039
ergo_ground_truth,wind,605,50.33333333333337,2.0563853183501366
ergo_ground_truth,wind,606,50.41666666666663,2.0492941864034
ergo_ground_truth,wind,607,50.5,2.0235130563274213
ergo_ground_truth,wind,608,50.58333333333337,2.0298299874583012
ergo_ground_truth,wind,609,50.66666666666663,2.043470183971498
ergo_ground_truth,wind,610,50.75,2.031952438339054
ergo_ground_truth,wind,611,50.83333333333337,2.0293380205336704
ergo_ground_truth,wind,612,50.91666666666663,2.022811819402191
ergo_ground_truth,wind,613,51.0,1.999409608376999
ergo_ground_truth,wind,614,51.08333333333337,2.0139587906269174
ergo_ground_truth,wind,615,51.16666666666663,1.9685394368704439
ergo_ground_truth,wind,616,51.25,1.9578761957163608
ergo_ground_truth,wind,617,51.33333333333337,1.9514580349729895
ergo_ground_truth,wind,618,51.41666666666663,1.9260943107622572
ergo_ground_truth,wind,619,51.5,1.900584412395643
ergo_ground_truth,wind,620,51.58333333333337,1.8941725241616276
ergo_ground_truth,wind,621,51.66666666666663,1.852602703348006
ergo_ground_truth,wind,622,51.75,1.854755059378836
ergo_ground_truth,wind,623,51.83333333333337,1.8625856804812413
ergo_ground_truth,wind,624,51.91666666666663,1.8621534118517924
ergo_ground_truth,wind,625,52.0,1.8598477364801531
ergo_ground_truth,wind,626,52.08333333333337,1.8270333444073874
ergo_ground_truth,wind,627,52.16666666666663,1.8081226650483195
ergo_ground_truth,wind,628,52.25,1.7943172520685808
ergo_ground_truth,wind,629,52.33333333333337,1.8041830590957406
ergo_ground_truth,wind,630,52.41666666666663,1.8288209166483482
ergo_ground_truth,wind,631,52.5,1.8321120957525494
ergo_ground_truth,wind,632,52.58333333333337,1.8105750347832845
ergo_ground_truth,wind,633,52.66666666666663,1.805970085010507
ergo_ground_truth,wind,634,52.75,1.7792017827749687
ergo_ground_truth,wind,635,52.83333333333337,1.7739737542277838
ergo_ground_truth,wind,636,52.91666666666663,1.7685947721358628
ergo_ground_truth,wind,637,53.0,1.762277281737206
ergo_ground_truth,wind,638,53.08333333333337,1.7708927542006971
ergo_ground_truth,wind,639,53.16666666666663,1.7720859701435503
ergo_ground_truth,wind,640,53.25,1.7675165016635892
ergo_ground_truth,wind,641,53.33333333333337,1.7693281529918308
ergo_ground_truth,wind,642,53.41666666666663,1.7695426860251748
ergo_ground_truth,wind,643,53.5,1.7609113613580454
ergo_ground_truth,wind,644,53.58333333333337,1.7811004543430071
ergo_ground_truth,wind,645,53.66666666666663,1.7980532376262452
ergo_ground_truth,wind,646,53.75,1.7905525322044744
ergo_ground_truth,wind,647,53.83333333333337,1.7871637954490318
ergo_ground_truth,wind,648,53.91666666666663,1.77963348244092
ergo_ground_truth,wind,649,54.0,1.7903526122001197
ergo_ground_truth,wind,650,54.08333333333337,1.7895631271264976
ergo_ground_truth,wind,651,54.16666666666663,1.787039947225515
ergo_ground_truth,wind,652,54.25,1.7725653879777867
ergo_ground_truth,wind,653,54.33333333333337,1.7682037735252782
ergo_ground_truth,wind,654,54.41666666666663,1.780043111924164
ergo_ground_truth,wind,655,54.5,1.8171826783787817
ergo_ground_truth,wind,656,54.58333333333337,1.838824553372033
ergo_ground_truth,wind,657,54.66666666666663,1.8325592242001003
ergo_ground_truth,wind,658,54.75,1.8448057449556206
ergo_ground_truth,wind,659,54.83333333333337,1.8272791114629485
ergo_ground_truth,wind,660,54.91666666666663,1.8370592142981457
ergo_ground_truth,wind,661,55.0,1.8550977206153363
ergo_ground_truth,wind,662,55.08333333333337,1.8476844346395547
ergo_ground_truth,wind,663,55.16666666666663,1.8545433079671942
ergo_ground_truth,wind,664,55.25,1.8713740826927712
ergo_ground_truth,wind,665,55.33333333333337,1.8831508370353307
ergo_ground_truth,wind,666,55.41666666666663,1.9020687010526367
ergo_ground_truth,wind,667,55.5,1.9145558702710292
ergo_ground_truth,wind,668,55.58333333333337,1.9288857966866182
ergo_ground_truth,wind,669,55.66666666666663,1.964581928682682
ergo_ground_truth,wind,670,55.75,1.945574744110625
ergo_ground_truth,wind,671,55.83333333333337,1.9412071861681341
ergo_ground_truth,wind,672,55.91666666666663,1.9818474826594206
ergo_ground_truth,wind,673,56.0,1.9756232534801765
ergo_ground_truth,wind,674,56.08333333333337,1.9631479650879289
ergo_ground_truth,wind,675,56.16666666666663,1.990409804587204
ergo_ground_truth,wind,676,56.25,1.9650114640294696
ergo_ground_truth,wind,677,56.33333333333337,1.9643086005523511
ergo_ground_truth,wind,678,56.41666666666663,1.9861160882836106
ergo_ground_truth,wind,679,56.5,1.9873198803765297
ergo_ground_truth,wind,680,56.58333333333337,1.988719151357516
ergo_ground_truth,wind,681,56.66666666666663,1.954042857360638
ergo_ground_truth,wind,682,56.75,1.9448768474439286
ergo_ground_truth,wind,683,56.83333333333337,1.939399886818973
ergo_ground_truth,wind,684,56.91666666666663,1.962620426427932
ergo_ground_truth,wind,685,57.0,1.923437544525449
ergo_ground_truth,wind,686,57.08333333333337,1.9310839564458493
ergo_ground_truth,wind,687,57.16666666666663,1.931677962067394
ergo_ground_truth,wind,688,57.25,1.9241955599125116
ergo_ground_truth,wind,689,57.33333333333337,1.9340594791790888
ergo_ground_truth,wind,690,57.41666666666663,1.928443657305999
ergo_ground_truth,wind,691,57.5,1.9188189703078569
ergo_ground_truth,wind,692,57.58333333333337,1.9267401879679171
ergo_ground_truth,wind,693,57.66666666666663,1.9201874283380154
ergo_ground_truth,wind,694,57.75,1.9066701819153808
ergo_ground_truth,wind,695,57.83333333333337,1.892970738940049
ergo_ground_truth,wind,696,57.91666666666663,1.9263118537766954
ergo_ground_truth,wind,697,58.0,1.92367486274199
ergo_ground_truth,wind,698,58.08333333333337,1.9260853045163007
ergo_ground_truth,wind,699,58.16666666666663,1.9233842687980898
ergo_ground_truth,wind,700,58.25,1.9157185896682332
ergo_ground_truth,wind,701,58.33333333333337,1.9217478344819556
ergo_ground_truth,wind,702,58.41666666666663,1.9179699814104525
ergo_ground_truth,wind,703,58.5,1.921368428709476
ergo_ground_truth,wind,704,58.58333333333337,1.9286712542408975
ergo_ground_truth,wind,705,58.66666666666663,1.9474638559600397
ergo_ground_truth,wind,706,58.75,1.9444420304412515
ergo_ground_truth,wind,707,58.83333333333337,1.9476507881720546
ergo_ground_truth,wind,708,58.91666666666663,1.9348603674860585
ergo_ground_truth,wind,709,59.0,1.9331278606958064
ergo_ground_truth,wind,710,59.08333333333337,1.9662759882986938
ergo_ground_truth,wind,711,59.16666666666663,1.9813914091850764
ergo_ground_truth,wind,712,59.25,1.9999486625699974
ergo_ground_truth,wind,713,59.33333333333337,1.979161606042387
ergo_ground_truth,wind,714,59.41666666666663,1.9939861640418586
ergo_ground_truth,wind,715,59.5,2.028611822153737
ergo_ground_truth,wind,716,59.58333333333337,2.030159762602407
ergo_ground_truth,wind,717,59.66666666666663,2.019954417546265
ergo_ground_truth,wind,718,59.75,2.031725178414011
ergo_ground_truth,wind,719,59.83333333333337,2.0258654327519023
ergo_ground_truth,wind,720,59.91666666666663,2.037824285062556
ergo_ground_truth,wind,721,60.0,2.029431639019026
ergo_ground_truth,wind,722,60.08333333333337,2.028667104593489
ergo_ground_truth,wind,723,60.16666666666663,2.056661539552665
ergo_ground_truth,wind,724,60.25,2.0783135244433506
ergo_ground_truth,wind,725,60.33333333333337,2.1060206496762084
ergo_ground_truth,wind,726,60.41666666666663,2.118632305759168
ergo_ground_truth,wind,727,60.5,2.097736279631632
ergo_ground_truth,wind,728,60.58333333333337,2.0943386448376917
ergo_ground_truth,wind,729,60.66666666666663,2.114637608558691
ergo_ground_truth,wind,730,60.75,2.1264688849584243
ergo_ground_truth,wind,731,60.83333333333337,2.119834849970152
ergo_ground_truth,wind,732,60.91666666666663,2.14027374893679
ergo_ground_truth,wind,733,61.0,2.1304678369478887
ergo_ground_truth,wind,734,61.08333333333337,2.1352058249159156
ergo_ground_truth,wind,735,61.16666666666663,2.1389223933827965
ergo_ground_truth,wind,736,61.25,2.1629799688196845
ergo_ground_truth,wind,737,61.33333333333337,2.141028054007748
ergo_ground_truth,wind,738,61.41666666666663,2.116521618745564
ergo_ground_truth,wind,739,61.5,2.0910559628981504
ergo_ground_truth,wind,740,61.58333333333337,2.099014295755219
ergo_ground_truth,wind,741,61.66666666666663,2.079448869150614
ergo_ground_truth,wind,742,61.75,2.080818236514817
ergo_ground_truth,wind,743,61.83333333333337,2.0837332076174246
ergo_ground_truth,wind,744,61.91666666666663,2.066677253592135
ergo_ground_truth,wind,745,62.0,2.078817147177615
ergo_ground_truth,wind,746,62.08333333333337,2.079209178403063
ergo_ground_truth,wind,747,62.16666666666663,2.067439068316732
ergo_ground_truth,wind,748,62.25,2.067683276890744
ergo_ground_truth,wind,749,62.33333333333337,2.0436464701419843
ergo_ground_truth,wind,750,62.41666666666663,2.038510562779132
ergo_ground_truth,wind,751,62.5,2.051655440398154
ergo_ground_truth,wind,752,62.58333333333337,2.0565357953910373
ergo_ground_truth,wind,753,62.66666666666663,2.0612274622514764
ergo_ground_truth,wind,754,62.75,2.053204415194775
ergo_ground_truth,wind,755,62.83333333333337,2.058009272740091
ergo_ground_truth,wind,756,62.91666666666663,2.0384162651842157
ergo_ground_truth,wind,757,63.0,2.017914015968822
ergo_ground_truth,wind,758,63.08333333333337,2.022919504439363
ergo_ground_truth,wind,759,63.16666666666663,2.020716279291647
ergo_ground_truth,wind,760,63.25,2.0665368917996383
ergo_ground_truth,wind,761,63.33333333333337,2.0900949900980055
ergo_ground_truth,wind,762,63.41666666666663,2.0986868387594573
ergo_ground_truth,wind,763,63.5,2.0965064101668602
ergo_ground_truth,wind,764,63.58333333333337,2.099510879688021
ergo_ground_truth,wind,765,63.66666666666663,2.0637677817556894
ergo_ground_truth,wind,766,63.75,2.0701167431636955
ergo_ground_truth,wind,767,63.83333333333337,2.0685121519920187
ergo_ground_truth,wind,768,63.91666666666663,2.078787682283796
ergo_ground_truth,wind,769,64.0,2.0798933387736547
ergo_ground_truth,wind,770,64.08333333333337,2.0796751200850894
ergo_ground_truth,wind,771,64.16666666666663,2.0712282625477494
ergo_ground_truth,wind,772,64.25,2.081730018712258
ergo_ground_truth,wind,773,64.33333333333337,2.0614632439844502
ergo_ground_truth,wind,774,64.41666666666663,2.08499406061745
ergo_ground_truth,wind,775,64.5,2.0994929834770897
ergo_ground_truth,wind,776,64.58333333333337,2.0670681157627357
ergo_ground_truth,wind,777,64.66666666666663,2.0609764320132125
ergo_ground_truth,wind,778,64.75,2.070987377250982
ergo_ground_truth,wind,779,64.83333333333337,2.0889871367691586
ergo_ground_truth,wind,780,64.91666666666663,2.0838656417790826
ergo_ground_truth,wind,781,65.0,2.0743412097928693
ergo_ground_truth,wind,782,65.08333333333337,2.0750097772603087
ergo_ground_truth,wind,783,65.16666666666663,2.077896558865291
ergo_ground_truth,wind,784,65.25,2.07282342008857
ergo_ground_truth,wind,785,65.33333333333337,2.0883819905486463
ergo_ground_truth,wind,786,65.41666666666663,2.1152973459323405
ergo_ground_truth,wind,787,65.5,2.0956391214888797
ergo_ground_truth,wind,788,65.58333333333337,2.104156482389715
ergo_ground_truth,wind,789,65.66666666666663,2.1101166159522093
ergo_ground_truth,wind,790,65.75,2.091008675323924
ergo_ground_truth,wind,791,65.83333333333337,2.0767963802860363
ergo_ground_truth,wind,792,65.91666666666663,2.073808396839052
ergo_ground_truth,wind,793,66.0,2.0802334092629717
ergo_ground_truth,wind,794,66.08333333333337,2.0731815736638657
ergo_ground_truth,wind,795,66.16666666666663,2.0711582129960093
ergo_ground_truth,wind,796,66.25,2.0652606686406543
ergo_ground_truth,wind,797,66.33333333333337,2.0671222658058035
ergo_ground_truth,wind,798,66.41666666666663,2.0919144412995303
ergo_ground_truth,wind,799,66.5,2.0878934150901123
ergo_ground_truth,wind,800,66.58333333333337,2.1320539197830324
ergo_ground_truth,wind,801,66.66666666666663,2.1221528500743374
ergo_ground_truth,wind,802,66.75,2.124132672840563
ergo_ground_truth,wind,803,66.83333333333337,2.0980761232471195
ergo_ground_truth,wind,804,66.91666666666663,2.0986583715072196
ergo_ground_truth,wind,805,67.0,2.1134264693460487
ergo_ground_truth,wind,806,67.08333333333337,2.0671745137153668
ergo_ground_truth,wind,807,67.16666666666663,2.0592111215512947
ergo_ground_truth,wind,808,67.25,2.0645031115298287
ergo_ground_truth,wind,809,67.33333333333337,2.07740731985134
ergo_ground_truth,wind,810,67.41666666666663,2.09048821105124
ergo_ground_truth,wind,811,67.5,2.0924993114857866
ergo_ground_truth,wind,812,67.58333333333337,2.084008494551581
ergo_ground_truth,wind,813,67.66666666666663,2.1129019211866207
ergo_ground_truth,wind,814,67.75,2.1281518179219097
ergo_ground_truth,wind,815,67.83333333333337,2.1093387530605754
ergo_ground_truth,wind,816,67.91666666666663,2.0922007474010096
ergo_ground_truth,wind,817,68.0,2.1104244381311577
ergo_ground_truth,wind,818,68.08333333333337,2.111493486589929
ergo_ground_truth,wind,819,68.16666666666663,2.1143364480317453
ergo_ground_truth,wind,820,68.25,2.130248869604498
ergo_ground_truth,wind,821,68.33333333333337,2.124517598130742
ergo_ground_truth,wind,822,68.41666666666663,2.1325812660933905
ergo_ground_truth,wind,823,68.5,2.1287873033370177
ergo_ground_truth,wind,824,68.58333333333337,2.12319941514091
ergo_ground_truth,wind,825,68.66666666666663,2.1350175969103318
ergo_ground_truth,wind,826,68.75,2.151208569561606
ergo_ground_truth,wind,827,68.83333333333337,2.166586565015462
ergo_ground_truth,wind,828,68.91666666666663,2.1376378932872244
ergo_ground_truth,wind,829,69.0,2.1415342533406294
ergo_ground_truth,wind,830,69.08333333333337,2.1318609667210913
ergo_ground_truth,wind,831,69.16666666666663,2.099769592449871
ergo_ground_truth,wind,832,69.25,2.1070117638065518
ergo_ground_truth,wind,833,69.33333333333337,2.1443254828210216
ergo_ground_truth,wind,834,69.41666666666663,2.162636622709137
ergo_ground_truth,wind,835,69.5,2.142102740181852
ergo_ground_truth,wind,836,69.58333333333337,2.1410586591240595
ergo_ground_truth,wind,837,69.66666666666663,2.1363214664119967
ergo_ground_truth,wind,838,69.75,2.1346152216607512
ergo_ground_truth,wind,839,69.83333333333337,2.1392017118451596
ergo_ground_truth,wind,840,69.91666666666663,2.1369616743685036
ergo_ground_truth,wind,841,70.0,2.150717444558993
ergo_ground_truth,wind,842,70.08333333333337,2.131784681069686
ergo_ground_truth,wind,843,70.16666666666663,2.131725321744709
ergo_ground_truth,wind,844,70.25,2.1394288274578344
ergo_ground_truth,wind,845,70.33333333333337,2.1688992804285725
ergo_ground_truth,wind,846,70.41666666666663,2.174450373604589
ergo_ground_truth,wind,847,70.5,2.1926148473312037
ergo_ground_truth,wind,848,70.58333333333337,2.18394554438542
ergo_ground_truth,wind,849,70.66666666666663,2.2027534614626774
ergo_ground_truth,wind,850,70.75,2.2242883907470863
ergo_ground_truth,wind,851,70.83333333333337,2.201870919573718
ergo_ground_truth,wind,852,70.91666666666663,2.2077271536761267
ergo_ground_truth,wind,853,71.0,2.195093820931429
ergo_ground_truth,wind,854,71.08333333333337,2.1995291108279167
ergo_ground_truth,wind,855,71.16666666666663,2.1695447225190554
ergo_ground_truth,wind,856,71.25,2.1819546891751784
ergo_ground_truth,wind,857,71.33333333333337,2.179192965711486
ergo_ground_truth,wind,858,71.41666666666663,2.1836999683729763
ergo_ground_truth,wind,859,71.5,2.199988301504278
ergo_ground_truth,wind,860,71.58333333333337,2.1938669276848395
ergo_ground_truth,wind,861,71.66666666666663,2.193451084936483
ergo_ground_truth,wind,862,71.75,2.19593858178888
ergo_ground_truth,wind,863,71.83333333333337,2.1854126053292213
ergo_ground_truth,wind,864,71.91666666666663,2.1743687368559708
ergo_ground_truth,wind,865,72.0,2.1901407232772336
ergo_ground_truth,wind,866,72.08333333333337,2.203128734109185
ergo_ground_truth,wind,867,72.16666666666663,2.173911314216367
ergo_ground_truth,wind,868,72.25,2.1984667228976065
ergo_ground_truth,wind,869,72.33333333333337,2.215484272619768
ergo_ground_truth,wind,870,72.41666666666663,2.1974657328983564
ergo_ground_truth,wind,871,72.5,2.213957920986106
ergo_ground_truth,wind,872,72.58333333333337,2.1974978626516695
ergo_ground_truth,wind,873,72.66666666666663,2.1885017165974046
ergo_ground_truth,wind,874,72.75,2.167402415887677
ergo_ground_truth,wind,875,72.83333333333337,2.195627322865933
ergo_ground_truth,wind,876,72.91666666666663,2.2020526752928893
ergo_ground_truth,wind,877,73.0,2.2026023171895774
ergo_ground_truth,wind,878,73.08333333333337,2.194786629854341
ergo_ground_truth,wind,879,73.16666666666663,2.1927446994173727
ergo_ground_truth,wind,880,73.25,2.202715946707045
ergo_ground_truth,wind,881,73.33333333333337,2.2005111563595467
ergo_ground_truth,wind,882,73.41666666666663,2.199899878699443
ergo_ground_truth,wind,883,73.5,2.1859472956438366
ergo_ground_truth,wind,884,73.58333333333337,2.180686376592768
ergo_ground_truth,wind,885,73.66666666666663,2.1728582480311927
ergo_ground_truth,wind,886,73.75,2.189936308224978
ergo_ground_truth,wind,887,73.83333333333337,2.149337050018641
ergo_ground_truth,wind,888,73.91666666666663,2.152110940480519
ergo_ground_truth,wind,889,74.0,2.137208286704237
ergo_ground_truth,wind,890,74.08333333333337,2.136915589542844
ergo_ground_truth,wind,891,74.16666666666663,2.161749922401807
ergo_ground_truth,wind,892,74.25,2.1840295443825126
ergo_ground_truth,wind,893,74.33333333333337,2.2005332493980263
ergo_ground_truth,wind,894,74.41666666666663,2.1948650390589086
ergo_ground_truth,wind,895,74.5,2.193032444461773
ergo_ground_truth,wind,896,74.58333333333337,2.183278919912076
ergo_ground_truth,wind,897,74.66666666666663,2.180553229146743
ergo_ground_truth,wind,898,74.75,2.1905884403673492
ergo_ground_truth,wind,899,74.83333333333337,2.182281353890811
ergo_ground_truth,wind,900,74.91666666666663,2.1949360659929114
ergo_ground_truth,wind,901,75.0,2.1945775721388765
ergo_ground_truth,wind,902,75.08333333333337,2.20472140529628
ergo_ground_truth,wind,903,75.16666666666663,2.2023405188383673
ergo_ground_truth,wind,904,75.25,2.1987335262377243
ergo_ground_truth,wind,905,75.33333333333337,2.1995179063266037
ergo_ground_truth,wind,906,75.41666666666663,2.2158474355251574
ergo_ground_truth,wind,907,75.5,2.239574534234524
ergo_ground_truth,wind,908,75.58333333333337,2.233268457715145
ergo_ground_truth,wind,909,75.66666666666663,2.2406258620383945
ergo_ground_truth,wind,910,75.75,2.235724938896945
ergo_ground_truth,wind,911,75.83333333333337,2.229862963684956
ergo_ground_truth,wind,912,75.91666666666663,2.242974537031654
ergo_ground_truth,wind,913,76.0,2.2411596964090092
ergo_ground_truth,wind,914,76.08333333333337,2.252800802877829
ergo_ground_truth,wind,915,76.16666666666663,2.2437865252403024
ergo_ground_truth,wind,916,76.25,2.232579276533631
ergo_ground_truth,wind,917,76.33333333333337,2.233025472405998
ergo_ground_truth,wind,918,76.41666666666663,2.2430347248988243
ergo_ground_truth,wind,919,76.5,2.2494090101859325
ergo_ground_truth,wind,920,76.58333333333337,2.2496667588041785
ergo_ground_truth,wind,921,76.66666666666663,2.2624907712880886
ergo_ground_truth,wind,922,76.75,2.2493489081857385
ergo_ground_truth,wind,923,76.83333333333337,2.254330548514707
ergo_ground_truth,wind,924,76.91666666666663,2.2682009694313283
ergo_ground_truth,wind,925,77.0,2.2839864107301966
ergo_ground_truth,wind,926,77.08333333333337,2.2768941998308105
ergo_ground_truth,wind,927,77.16666666666663,2.2837720485004462
ergo_ground_truth,wind,928,77.25,2.2700196234145715
ergo_ground_truth,wind,929,77.33333333333337,2.244765646715589
ergo_ground_truth,wind,930,77.41666666666663,2.2575918956637024
ergo_ground_truth,wind,931,77.5,2.2510700404465545
ergo_ground_truth,wind,932,77.58333333333337,2.241107799467238
ergo_ground_truth,wind,933,77.66666666666663,2.2234903223631357
ergo_ground_truth,wind,934,77.75,2.231946007840735
ergo_ground_truth,wind,935,77.83333333333337,2.2363766417537843
ergo_ground_truth,wind,936,77.91666666666663,2.2135424231953778
ergo_ground_truth,wind,937,78.0,2.2162195391030903
ergo_ground_truth,wind,938,78.08333333333337,2.2476958076902496
ergo_ground_truth,wind,939,78.16666666666663,2.260096456689749
ergo_ground_truth,wind,940,78.25,2.28334701917827
ergo_ground_truth,wind,941,78.33333333333337,2.2634837854034573
ergo_ground_truth,wind,942,78.41666666666663,2.2488817472174034
ergo_ground_truth,wind,943,78.5,2.2320720186016696
ergo_ground_truth,wind,944,78.58333333333337,2.2190638557047313
ergo_ground_truth,wind,945,78.66666666666663,2.234536652596399
ergo_ground_truth,wind,946,78.75,2.2712318540484406
ergo_ground_truth,wind,947,78.83333333333337,2.2562923720978967
ergo_ground_truth,wind,948,78.91666666666663,2.281248798008272
ergo_ground_truth,wind,949,79.0,2.275862204343259
ergo_ground_truth,wind,950,79.08333333333337,2.275519382127715
ergo_ground_truth,wind,951,79.16666666666663,2.289593123414735
ergo_ground_truth,wind,952,79.25,2.2942276215076225
ergo_ground_truth,wind,953,79.33333333333337,2.2997045223830033
ergo_ground_truth,wind,954,79.41666666666663,2.320118817027786
ergo_ground_truth,wind,955,79.5,2.334296339782031
ergo_ground_truth,wind,956,79.58333333333337,2.3182722182720092
ergo_ground_truth,wind,957,79.66666666666663,2.301013706770894
ergo_ground_truth,wind,958,79.75,2.308712950242858
ergo_ground_truth,wind,959,79.83333333333337,2.315352478431221
ergo_ground_truth,wind,960,79.91666666666663,2.324957979169537
ergo_ground_truth,wind,961,80.0,2.3400798322912153
ergo_ground_truth,wind,962,80.08333333333337,2.3504152657587776
ergo_ground_truth,wind,963,80.16666666666663,2.365320886334717
ergo_ground_truth,wind,964,80.25,2.3275334089175312
ergo_ground_truth,wind,965,80.33333333333337,2.3422692744661417
ergo_ground_truth,wind,966,80.41666666666663,2.3490859475656864
ergo_ground_truth,wind,967,80.5,2.3563423179230694
ergo_ground_truth,wind,968,80.58333333333337,2.3951222485145203
ergo_ground_truth,wind,969,80.66666666666663,2.385657558205184
ergo_ground_truth,wind,970,80.75,2.4116428959059206
ergo_ground_truth,wind,971,80.83333333333337,2.4028471096665447
ergo_ground_truth,wind,972,80.91666666666663,2.411717832942983
ergo_ground_truth,wind,973,81.0,2.426884947279135
ergo_ground_truth,wind,974,81.08333333333337,2.3833283816953
ergo_ground_truth,wind,975,81.16666666666663,2.3954287673765564
ergo_ground_truth,wind,976,81.25,2.3852185400887658
ergo_ground_truth,wind,977,81.33333333333337,2.3688577893060403
ergo_ground_truth,wind,978,81.41666666666663,2.350983830712507
ergo_ground_truth,wind,979,81.5,2.3824126805828905
ergo_ground_truth,wind,980,81.58333333333337,2.3685016481189938
ergo_ground_truth,wind,981,81.66666666666663,2.360594520602113
ergo_ground_truth,wind,982,81.75,2.3719671495414008
ergo_ground_truth,wind,983,81.83333333333337,2.376536558850987
ergo_ground_truth,wind,984,81.91666666666663,2.3763424160398072
ergo_ground_truth,wind,985,82.0,2.362970692122825
ergo_ground_truth,wind,986,82.08333333333337,2.355299707973191
ergo_ground_truth,wind,987,82.16666666666663,2.335123672479251
ergo_ground_truth,wind,988,82.25,2.3257774772454716
ergo_ground_truth,wind,989,82.33333333333337,2.3494019572599076
ergo_ground_truth,wind,990,82.41666666666663,2.333235219458177
ergo_ground_truth,wind,991,82.5,2.3552471000899504
ergo_ground_truth,wind,992,82.58333333333337,2.3385269021639505
ergo_ground_truth,wind,993,82.66666666666663,2.3242833756746775
ergo_ground_truth,wind,994,82.75,2.352789715281048
ergo_ground_truth,wind,995,82.83333333333337,2.3514711623070537
ergo_ground_truth,wind,996,82.91666666666663,2.3627636887319468
ergo_ground_truth,wind,997,83.0,2.3706006984359407
ergo_ground_truth,wind,998,83.08333333333337,2.3652580872832787
ergo_ground_truth,wind,999,83.16666666666663,2.388830828882872
ergo_ground_truth,wind,1000,83.25,2.374541814199087
ergo_ground_truth,wind,1001,83.33333333333337,2.403759624025331
ergo_ground_truth,wind,1002,83.41666666666663,2.4053635368348814
ergo_ground_truth,wind,1003,83.5,2.3857130281597057
ergo_ground_truth,wind,1004,83.58333333333337,2.3648979207939873
ergo_ground_truth,wind,1005,83.66666666666663,2.359617016584429
ergo_ground_truth,wind,1006,83.75,2.35474426929863
ergo_ground_truth,wind,1007,83.83333333333337,2.3681238701322838
ergo_ground_truth,wind,1008,83.91666666666663,2.3412564961673725
ergo_ground_truth,wind,1009,84.0,2.3537732798048374
ergo_ground_truth,wind,1010,84.08333333333337,2.3837721131075846
ergo_ground_truth,wind,1011,84.16666666666663,2.3614323537842696
ergo_ground_truth,wind,1012,84.25,2.3498311550147424
ergo_ground_truth,wind,1013,84.33333333333337,2.3472282898613335
ergo_ground_truth,wind,1014,84.41666666666663,2.356658882570701
ergo_ground_truth,wind,1015,84.5,2.3601546830143403
ergo_ground_truth,wind,1016,84.58333333333337,2.370387304090798
ergo_ground_truth,wind,1017,84.66666666666663,2.3848028469039333
ergo_ground_truth,wind,1018,84.75,2.3919692541099398
ergo_ground_truth,wind,1019,84.83333333333337,2.3903660744397786
ergo_ground_truth,wind,1020,84.91666666666663,2.3999164323885354
ergo_ground_truth,wind,1021,85.0,2.400351042950664
ergo_ground_truth,wind,1022,85.08333333333337,2.4216075867583036
ergo_ground_truth,wind,1023,85.16666666666663,2.449210431558777
ergo_ground_truth,wind,1024,85.25,2.4174400243922816
ergo_ground_truth,wind,1025,85.33333333333337,2.4144207032218477
ergo_ground_truth,wind,1026,85.41666666666663,2.4163910533543658
ergo_ground_truth,wind,1027,85.5,2.421719853602735
ergo_ground_truth,wind,1028,85.58333333333337,2.407116903524358
ergo_ground_truth,wind,1029,85.66666666666663,2.407977511547875
ergo_ground_truth,wind,1030,85.75,2.434325041468111
ergo_ground_truth,wind,1031,85.83333333333337,2.4224338658719247
ergo_ground_truth,wind,1032,85.91666666666663,2.4149802558346227
ergo_ground_truth,wind,1033,86.0,2.4135420600214714
ergo_ground_truth,wind,1034,86.08333333333337,2.3770230065842632
ergo_ground_truth,wind,1035,86.16666666666663,2.3743112341862944
ergo_ground_truth,wind,1036,86.25,2.3845005853265864
ergo_ground_truth,wind,1037,86.33333333333337,2.401173542370681
ergo_ground_truth,wind,1038,86.41666666666663,2.420428425606002
ergo_ground_truth,wind,1039,86.5,2.416215887608341
ergo_ground_truth,wind,1040,86.58333333333337,2.4047668624429908
ergo_ground_truth,wind,1041,86.66666666666663,2.4251087905993542
ergo_ground_truth,wind,1042,86.75,2.4424473433379763
ergo_ground_truth,wind,1043,86.83333333333337,2.446802748581239
ergo_ground_truth,wind,1044,86.91666666666663,2.448438488638556
ergo_ground_truth,wind,1045,87.0,2.4468995010466474
ergo_ground_truth,wind,1046,87.08333333333337,2.446823653808878
ergo_ground_truth,wind,1047,87.16666666666663,2.449697967463642
ergo_ground_truth,wind,1048,87.25,2.424531968644213
ergo_ground_truth,wind,1049,87.33333333333337,2.417689677761699
ergo_ground_truth,wind,1050,87.41666666666663,2.410070005318676
ergo_ground_truth,wind,1051,87.5,2.4231141265098777
ergo_ground_truth,wind,1052,87.58333333333337,2.401299185146214
ergo_ground_truth,wind,1053,87.66666666666663,2.375569071913739
ergo_ground_truth,wind,1054,87.75,2.3673109646480253
ergo_ground_truth,wind,1055,87.83333333333337,2.4220617523308237
ergo_ground_truth,wind,1056,87.91666666666663,2.4150023889603167
ergo_ground_truth,wind,1057,88.0,2.410497786129585
ergo_ground_truth,wind,1058,88.08333333333337,2.4235828981576013
ergo_ground_truth,wind,1059,88.16666666666663,2.426423145565111
ergo_ground_truth,wind,1060,88.25,2.4217936699909743
ergo_ground_truth,wind,1061,88.33333333333337,2.4218076967307898
ergo_ground_truth,wind,1062,88.41666666666663,2.4088039365116005
ergo_ground_truth,wind,1063,88.5,2.4079567775351283
ergo_ground_truth,wind,1064,88.58333333333337,2.413337720251056
ergo_ground_truth,wind,1065,88.66666666666663,2.3837585716536713
ergo_ground_truth,wind,1066,88.75,2.3634055664899507
ergo_ground_truth,wind,1067,88.83333333333337,2.3788556769850167
ergo_ground_truth,wind,1068,88.91666666666663,2.396246477663725
ergo_ground_truth,wind,1069,89.0,2.354509642345825
ergo_ground_truth,wind,1070,89.08333333333337,2.3461233794570138
ergo_ground_truth,wind,1071,89.16666666666663,2.3498718485939847
ergo_ground_truth,wind,1072,89.25,2.3669941389529634
ergo_ground_truth,wind,1073,89.33333333333337,2.3593447989881473
ergo_ground_truth,wind,1074,89.41666666666663,2.33992194084916
ergo_ground_truth,wind,1075,89.5,2.3313412973353658
ergo_ground_truth,wind,1076,89.58333333333337,2.301292061616638
ergo_ground_truth,wind,1077,89.66666666666663,2.284219649965294
ergo_ground_truth,wind,1078,89.75,2.291289599707745
ergo_ground_truth,wind,1079,89.83333333333337,2.253412352777585
ergo_ground_truth,wind,1080,89.91666666666663,2.2272633543875138
ergo_ground_truth,wind,1081,90.0,2.2264507421547353
ergo_ground_truth,wind,1082,90.08333333333337,2.242279355875141
ergo_ground_truth,wind,1083,90.16666666666663,2.22466736978924
ergo_ground_truth,wind,1084,90.25,2.19936380810629
ergo_ground_truth,wind,1085,90.33333333333337,2.1716067581899074
ergo_ground_truth,wind,1086,90.41666666666663,2.1329648672142674
ergo_ground_truth,wind,1087,90.5,2.1091228002017792
ergo_ground_truth,wind,1088,90.58333333333337,2.0937012904742587
ergo_ground_truth,wind,1089,90.66666666666663,2.0638751967546347
ergo_ground_truth,wind,1090,90.75,2.0501822696386625
ergo_ground_truth,wind,1091,90.83333333333337,2.021408194866204
ergo_ground_truth,wind,1092,90.91666666666663,2.0292637177941866
ergo_ground_truth,wind,1093,91.0,2.0328774117600408
ergo_ground_truth,wind,1094,91.08333333333337,2.0283413979110567
ergo_ground_truth,wind,1095,91.16666666666663,2.0322553368528857
ergo_ground_truth,wind,1096,91.25,2.0614014026024865
ergo_ground_truth,wind,1097,91.33333333333337,2.054902284344309
ergo_ground_truth,wind,1098,91.41666666666663,2.0489940766650796
ergo_ground_truth,wind,1099,91.5,2.059333294013696
ergo_ground_truth,wind,1100,91.58333333333337,2.0719401920450755
ergo_ground_truth,wind,1101,91.66666666666663,2.0552768833160746
ergo_ground_truth,wind,1102,91.75,2.0428778822017915
ergo_ground_truth,wind,1103,91.83333333333337,2.0376860487980757
ergo_ground_truth,wind,1104,91.91666666666663,2.038486143369922
ergo_ground_truth,wind,1105,92.0,2.037135733990604
ergo_ground_truth,wind,1106,92.08333333333337,2.046418220671828
ergo_ground_truth,wind,1107,92.16666666666663,2.0479003117702153
ergo_ground_truth,wind,1108,92.25,2.0612622909079716
ergo_ground_truth,wind,1109,92.33333333333337,2.048464826430813
ergo_ground_truth,wind,1110,92.41666666666663,2.0535335419112384
ergo_ground_truth,wind,1111,92.5,2.0783376289976974
ergo_ground_truth,wind,1112,92.58333333333337,2.0843369623668933
ergo_ground_truth,wind,1113,92.66666666666663,2.073852154739056
ergo_ground_truth,wind,1114,92.75,2.0540449604928686
ergo_ground_truth,wind,1115,92.83333333333337,2.048359297354975
ergo_ground_truth,wind,1116,92.91666666666663,2.060843593168467
ergo_ground_truth,wind,1117,93.0,2.0523971498567937
ergo_ground_truth,wind,1118,93.08333333333337,2.0700041081455933
ergo_ground_truth,wind,1119,93.16666666666663,2.069255628214463
ergo_ground_truth,wind,1120,93.25,2.0520156586372145
ergo_ground_truth,wind,1121,93.33333333333337,2.07187414131897
ergo_ground_truth,wind,1122,93.41666666666663,2.08589599933542
ergo_ground_truth,wind,1123,93.5,2.0936698063393893
ergo_ground_truth,wind,1124,93.58333333333337,2.1200040592032834
ergo_ground_truth,wind,1125,93.66666666666663,2.120512534662084
ergo_ground_truth,wind,1126,93.75,2.1122074909798005
ergo_ground_truth,wind,1127,93.83333333333337,2.1466427377956876
ergo_ground_truth,wind,1128,93.91666666666663,2.161284719657026
ergo_ground_truth,wind,1129,94.0,2.1932736340653816
ergo_ground_truth,wind,1130,94.08333333333337,2.1972778911564266
ergo_ground_truth,wind,1131,94.16666666666663,2.1998853662334286
ergo_ground_truth,wind,1132,94.25,2.2042445562660564
ergo_ground_truth,wind,1133,94.33333333333337,2.2390201687658595
ergo_ground_truth,wind,1134,94.41666666666663,2.285180577268138
ergo_ground_truth,wind,1135,94.5,2.2551125422032383
ergo_ground_truth,wind,1136,94.58333333333337,2.269253293206824
ergo_ground_truth,wind,1137,94.66666666666663,2.2589723246301316
ergo_ground_truth,wind,1138,94.75,2.2991509484121773
ergo_ground_truth,wind,1139,94.83333333333337,2.2785446628968664
ergo_ground_truth,wind,1140,94.91666666666663,2.24091040632641
ergo_ground_truth,wind,1141,95.0,2.2889527629809105
ergo_ground_truth,wind,1142,95.08333333333337,2.262844389521444
ergo_ground_truth,wind,1143,95.16666666666663,2.242388669227371
ergo_ground_truth,wind,1144,95.25,2.294416772968261
ergo_ground_truth,wind,1145,95.33333333333337,2.2835800803850286
ergo_ground_truth,wind,1146,95.41666666666663,2.309841959832762
ergo_ground_truth,wind,1147,95.5,2.2685427942758163
ergo_ground_truth,wind,1148,95.58333333333337,2.214433054342445
ergo_ground_truth,wind,1149,95.66666666666663,2.2149491213741004
ergo_ground_truth,wind,1150,95.75,2.204523005344481
ergo_ground_truth,wind,1151,95.83333333333337,2.212868660092
ergo_ground_truth,wind,1152,95.91666666666663,2.145785159519154
ergo_ground_truth,wind,1153,96.0,2.1528381144376882
ergo_ground_truth,wind,1154,96.08333333333337,2.1747688942270624
ergo_ground_truth,wind,1155,96.16666666666663,2.1797770025064835
ergo_ground_truth,wind,1156,96.25,2.1524359438887224
ergo_ground_truth,wind,1157,96.33333333333337,2.1310462496655376
ergo_ground_truth,wind,1158,96.41666666666663,2.144930510555234
ergo_ground_truth,wind,1159,96.5,2.099374533690261
ergo_ground_truth,wind,1160,96.58333333333337,2.1210418798840305
ergo_ground_truth,wind,1161,96.66666666666663,2.0938160751806927
ergo_ground_truth,wind,1162,96.75,2.059450920976578
ergo_ground_truth,wind,1163,96.83333333333337,2.064311201794621
ergo_ground_truth,wind,1164,96.91666666666663,2.040179852720157
ergo_ground_truth,wind,1165,97.0,2.0478882491145254
ergo_ground_truth,wind,1166,97.08333333333337,2.029756597186852
ergo_ground_truth,wind,1167,97.16666666666663,1.9949016438840423
ergo_ground_truth,wind,1168,97.25,1.9756034175251582
ergo_ground_truth,wind,1169,97.33333333333337,1.9508363549185046
ergo_ground_truth,wind,1170,97.41666666666663,1.9618413029849138
ergo_ground_truth,wind,1171,97.5,1.971164429393095
ergo_ground_truth,wind,1172,97.58333333333337,1.9469078748735855
ergo_ground_truth,wind,1173,97.66666666666663,1.9350338153753548
ergo_ground_truth,wind,1174,97.75,1.9312354701865526
ergo_ground_truth,wind,1175,97.83333333333337,1.940898808089963
ergo_ground_truth,wind,1176,97.91666666666663,1.943913259897353
ergo_ground_truth,wind,1177,98.0,1.9094046118859433
ergo_ground_truth,wind,1178,98.08333333333337,1.883230209970402
ergo_ground_truth,wind,1179,98.16666666666663,1.8681164341893761
ergo_ground_truth,wind,1180,98.25,1.8793126407480893
ergo_ground_truth,wind,1181,98.33333333333337,1.855698829377772
ergo_ground_truth,wind,1182,98.41666666666663,1.85461504692416
ergo_ground_truth,wind,1183,98.5,1.8438426159320478
ergo_ground_truth,wind,1184,98.58333333333337,1.854934391964013
ergo_ground_truth,wind,1185,98.66666666666663,1.8511384110827147
ergo_ground_truth,wind,1186,98.75,1.857865530646265
ergo_ground_truth,wind,1187,98.83333333333337,1.848031979265561
ergo_ground_truth,wind,1188,98.91666666666663,1.8292232785640454
ergo_ground_truth,wind,1189,99.0,1.807364519477247
ergo_ground_truth,wind,1190,99.08333333333337,1.7979096662236558
ergo_ground_truth,wind,1191,99.16666666666663,1.8060483691243328
ergo_ground_truth,wind,1192,99.25,1.836238491788021
ergo_ground_truth,wind,1193,99.33333333333337,1.8130908467822544
ergo_ground_truth,wind,1194,99.41666666666663,1.8091692183976966
ergo_ground_truth,wind,1195,99.5,1.828456096200648
ergo_ground_truth,wind,1196,99.58333333333337,1.8143764931663902
ergo_ground_truth,wind,1197,99.66666666666663,1.7833295793336479
ergo_ground_truth,wind,1198,99.75,1.7858523710178023
ergo_ground_truth,wind,1199,99.83333333333337,1.789007237201403
ergo_ground_truth,wind,1200,99.91666666666663,1.7941111200041504
ergo_ground_truth,wind,1201,100.0,1.8082105894048766
ergo_ground_truth,wind,1202,100.08333333333337,1.806365277362938
ergo_ground_truth,wind,1203,100.16666666666663,1.797420181811297
ergo_ground_truth,wind,1204,100.25,1.8126246129554047
ergo_ground_truth,wind,1205,100.33333333333337,1.8018026027162952
ergo_ground_truth,wind,1206,100.41666666666663,1.8058914864527489
ergo_ground_truth,wind,1207,100.5,1.8021545044864535
ergo_ground_truth,wind,1208,100.58333333333337,1.81542038476481
ergo_ground_truth,wind,1209,100.66666666666663,1.8335233224364698
ergo_ground_truth,wind,1210,100.75,1.8580027328062565
ergo_ground_truth,wind,1211,100.83333333333337,1.8556138931021386
ergo_ground_truth,wind,1212,100.91666666666663,1.862727851373665
ergo_ground_truth,wind,1213,101.0,1.8296792041616847
ergo_ground_truth,wind,1214,101.08333333333337,1.8238746541715265
ergo_ground_truth,wind,1215,101.16666666666663,1.8437552123227354
ergo_ground_truth,wind,1216,101.25,1.8427110037424703
ergo_ground_truth,wind,1217,101.33333333333337,1.8686416978381677
ergo_ground_truth,wind,1218,101.41666666666663,1.8802874320891636
ergo_ground_truth,wind,1219,101.5,1.897972420369388
ergo_ground_truth,wind,1220,101.58333333333337,1.9461631431239965
ergo_ground_truth,wind,1221,101.66666666666663,1.9533275509093408
ergo_ground_truth,wind,1222,101.75,1.9626092611900392
ergo_ground_truth,wind,1223,101.83333333333337,1.9700144678522542
ergo_ground_truth,wind,1224,101.91666666666663,1.9425762754883253
ergo_ground_truth,wind,1225,102.0,1.9707285209980623
ergo_ground_truth,wind,1226,102.08333333333337,1.990417714709642
ergo_ground_truth,wind,1227,102.16666666666663,2.0075440459301888
ergo_ground_truth,wind,1228,102.25,2.0822512526760084
ergo_ground_truth,wind,1229,102.33333333333337,2.125695792103336
ergo_ground_truth,wind,1230,102.41666666666663,2.1812377866538584
ergo_ground_truth,wind,1231,102.5,2.2548991228722537
ergo_ground_truth,wind,1232,102.58333333333337,2.2400017481145684
ergo_ground_truth,wind,1233,102.66666666666663,2.2389746897766507
ergo_ground_truth,wind,1234,102.75,2.255315361911353
ergo_ground_truth,wind,1235,102.83333333333337,2.235742989375757
ergo_ground_truth,wind,1236,102.91666666666663,2.251061917030963
ergo_ground_truth,wind,1237,103.0,2.2768367157005525
ergo_ground_truth,wind,1238,103.08333333333337,2.29498661439556
ergo_ground_truth,wind,1239,103.16666666666663,2.3105052411351297
ergo_ground_truth,wind,1240,103.25,2.3238216643333356
ergo_ground_truth,wind,1241,103.33333333333337,2.3248121895867566
ergo_ground_truth,wind,1242,103.41666666666663,2.3193740369122176
ergo_ground_truth,wind,1243,103.5,2.302318365297354
ergo_ground_truth,wind,1244,103.58333333333337,2.2775087199588913
ergo_ground_truth,wind,1245,103.66666666666663,2.266406579761342
ergo_ground_truth,wind,1246,103.75,2.26130023311498
ergo_ground_truth,wind,1247,103.83333333333337,2.2770033862092074
ergo_ground_truth,wind,1248,103.91666666666663,2.2530574356086945
ergo_ground_truth,wind,1249,104.0,2.229880343732134
ergo_ground_truth,wind,1250,104.08333333333337,2.2358125781237153
ergo_ground_truth,wind,1251,104.16666666666663,2.231084442597795
ergo_ground_truth,wind,1252,104.25,2.2229657746899134
ergo_ground_truth,wind,1253,104.33333333333337,2.2347458616318385
ergo_ground_truth,wind,1254,104.41666666666663,2.2371459142197243
ergo_ground_truth,wind,1255,104.5,2.248449091301027
ergo_ground_truth,wind,1256,104.58333333333337,2.223338608926088
ergo_ground_truth,wind,1257,104.66666666666663,2.2109603261687183
ergo_ground_truth,wind,1258,104.75,2.19535472654284
ergo_ground_truth,wind,1259,104.83333333333337,2.1828661761752155
ergo_ground_truth,wind,1260,104.91666666666663,2.1394793062083655
ergo_ground_truth,wind,1261,105.0,2.135349595996758
ergo_ground_truth,wind,1262,105.08333333333337,2.123746144786506
ergo_ground_truth,wind,1263,105.16666666666663,2.1022235802100147
ergo_ground_truth,wind,1264,105.25,2.1244053092746253
ergo_ground_truth,wind,1265,105.33333333333337,2.1443423375766626
ergo_ground_truth,wind,1266,105.41666666666663,2.134099663383158
ergo_ground_truth,wind,1267,105.5,2.1288010335038448
ergo_ground_truth,wind,1268,105.58333333333337,2.116120584967413
ergo_ground_truth,wind,1269,105.66666666666663,2.1008080641857316
ergo_ground_truth,wind,1270,105.75,2.1056408587967645
ergo_ground_truth,wind,1271,105.83333333333337,2.0905228291328495
ergo_ground_truth,wind,1272,105.91666666666663,2.078810275222383
ergo_ground_truth,wind,1273,106.0,2.0764069294245204
ergo_ground_truth,wind,1274,106.08333333333337,2.0832910483439204
ergo_ground_truth,wind,1275,106.16666666666663,2.086884053625691
ergo_ground_truth,wind,1276,106.25,2.0768846860265087
ergo_ground_truth,wind,1277,106.33333333333337,2.0818889196514165
ergo_ground_truth,wind,1278,106.41666666666663,2.0872283725835494
ergo_ground_truth,wind,1279,106.5,2.094114131495806
ergo_ground_truth,wind,1280,106.58333333333337,2.0811187963297106
ergo_ground_truth,wind,1281,106.66666666666663,2.084889321004676
ergo_ground_truth,wind,1282,106.75,2.0748698515106208
ergo_ground_truth,wind,1283,106.83333333333337,2.0660006203951107
ergo_ground_truth,wind,1284,106.91666666666663,2.068404362354468
ergo_ground_truth,wind,1285,107.0,2.0679401654266405
ergo_ground_truth,wind,1286,107.08333333333337,2.07086341153745
ergo_ground_truth,wind,1287,107.16666666666663,2.074560083940108
ergo_ground_truth,wind,1288,107.25,2.0651809959592584
ergo_ground_truth,wind,1289,107.33333333333337,2.059663334254128
ergo_ground_truth,wind,1290,107.41666666666663,2.0718720403919404
ergo_ground_truth,wind,1291,107.5,2.0664442045348403
ergo_ground_truth,wind,1292,107.58333333333337,2.068247746170017
ergo_ground_truth,wind,1293,107.66666666666663,2.070075623466938
ergo_ground_truth,wind,1294,107.75,2.0765228529489357
ergo_ground_truth,wind,1295,107.83333333333337,2.075341229791854
ergo_ground_truth,wind,1296,107.91666666666663,2.0748873258927683
ergo_ground_truth,wind,1297,108.0,2.084547392792527
ergo_ground_truth,wind,1298,108.08333333333337,2.0821827943964344
ergo_ground_truth,wind,1299,108.16666666666663,2.0891766503465794
ergo_ground_truth,wind,1300,108.25,2.103218203796366
ergo_ground_truth,wind,1301,108.33333333333337,2.107489195580868
ergo_ground_truth,wind,1302,108.41666666666663,2.129160561636279
ergo_ground_truth,wind,1303,108.5,2.125561349631184
ergo_ground_truth,wind,1304,108.58333333333337,2.121766539475193
ergo_ground_truth,wind,1305,108.66666666666663,2.1326311832282387
ergo_ground_truth,wind,1306,108.75,2.1397140066727296
ergo_ground_truth,wind,1307,108.83333333333337,2.17149754629577
ergo_ground_truth,wind,1308,108.91666666666663,2.1552826897504276
ergo_ground_truth,wind,1309,109.0,2.162171131856305
ergo_ground_truth,wind,1310,109.08333333333337,2.203884148306699
ergo_ground_truth,wind,1311,109.16666666666663,2.220178937321678
ergo_ground_truth,wind,1312,109.25,2.2246055568283825
ergo_ground_truth,wind,1313,109.33333333333337,2.2422033163252673
ergo_ground_truth,wind,1314,109.41666666666663,2.2660105492254616
ergo_ground_truth,wind,1315,109.5,2.2662839108528665
ergo_ground_truth,wind,1316,109.58333333333337,2.2646366538568294
ergo_ground_truth,wind,1317,109.66666666666663,2.274355480700476
ergo_ground_truth,wind,1318,109.75,2.2817709790748335
ergo_ground_truth,wind,1319,109.83333333333337,2.2790419752278646
ergo_ground_truth,wind,1320,109.91666666666663,2.3081400096762725
ergo_ground_truth,wind,1321,110.0,2.3163866937478064
ergo_ground_truth,wind,1322,110.08333333333337,2.3578633618296556
ergo_ground_truth,wind,1323,110.16666666666663,2.3618801576621014
ergo_ground_truth,wind,1324,110.25,2.3708629747972307
ergo_ground_truth,wind,1325,110.33333333333337,2.3842151801854503
ergo_ground_truth,wind,1326,110.41666666666663,2.423609214152311
ergo_ground_truth,wind,1327,110.5,2.4368502363005713
ergo_ground_truth,wind,1328,110.58333333333337,2.4728480779477975
ergo_ground_truth,wind,1329,110.66666666666663,2.4774698288792276
ergo_ground_truth,wind,1330,110.75,2.471516469418762
ergo_ground_truth,wind,1331,110.83333333333337,2.450913044837727
ergo_ground_truth,wind,1332,110.91666666666663,2.4695582671196528
ergo_ground_truth,wind,1333,111.0,2.4481730119994487
ergo_ground_truth,wind,1334,111.08333333333337,2.4719596479624304
ergo_ground_truth,wind,1335,111.16666666666663,2.4756965628227126
ergo_ground_truth,wind,1336,111.25,2.473605370455967
ergo_ground_truth,wind,1337,111.33333333333337,2.461852792988729
ergo_ground_truth,wind,1338,111.41666666666663,2.4584718502296434
ergo_ground_truth,wind,1339,111.5,2.4544918958195963
ergo_ground_truth,wind,1340,111.58333333333337,2.4611282831641197
ergo_ground_truth,wind,1341,111.66666666666663,2.457749664350627
ergo_ground_truth,wind,1342,111.75,2.4589567371288568
ergo_ground_truth,wind,1343,111.83333333333337,2.4544050525473233
ergo_ground_truth,wind,1344,111.91666666666663,2.445460020631813
ergo_ground_truth,wind,1345,112.0,2.415031585092495
ergo_ground_truth,wind,1346,112.08333333333337,2.4003362196744216
ergo_ground_truth,wind,1347,112.16666666666663,2.410788040464898
ergo_ground_truth,wind,1348,112.25,2.3959148835104425
ergo_ground_truth,wind,1349,112.33333333333337,2.393267765403566
ergo_ground_truth,wind,1350,112.41666666666663,2.396668017461543
ergo_ground_truth,wind,1351,112.5,2.400914427525563
ergo_ground_truth,wind,1352,112.58333333333337,2.404793333019552
ergo_ground_truth,wind,1353,112.66666666666663,2.38269308441508
ergo_ground_truth,wind,1354,112.75,2.4055263267113154
ergo_ground_truth,wind,1355,112.83333333333337,2.4252101681308376
ergo_ground_truth,wind,1356,112.91666666666663,2.4272988597173217
ergo_ground_truth,wind,1357,113.0,2.4441927587256727
ergo_ground_truth,wind,1358,113.08333333333337,2.425003216613093
ergo_ground_truth,wind,1359,113.16666666666663,2.4284156501511225
ergo_ground_truth,wind,1360,113.25,2.4583952839168615
ergo_ground_truth,wind,1361,113.33333333333337,2.4498967422277564
ergo_ground_truth,wind,1362,113.41666666666663,2.4873474878441586
ergo_ground_truth,wind,1363,113.5,2.4905307868954933
ergo_ground_truth,wind,1364,113.58333333333337,2.4692674437201165
ergo_ground_truth,wind,1365,113.66666666666663,2.4503830897827976
ergo_ground_truth,wind,1366,113.75,2.4434327794942017
ergo_ground_truth,wind,1367,113.83333333333337,2.464608420558879
ergo_ground_truth,wind,1368,113.91666666666663,2.495602249798722
ergo_ground_truth,wind,1369,114.0,2.5245377677552003
ergo_ground_truth,wind,1370,114.08333333333337,2.507708729632182
ergo_ground_truth,wind,1371,114.16666666666663,2.5387569503761878
ergo_ground_truth,wind,1372,114.25,2.5305020935607803
ergo_ground_truth,wind,1373,114.33333333333337,2.5352952428395956
ergo_ground_truth,wind,1374,114.41666666666663,2.569079589995478
ergo_ground_truth,wind,1375,114.5,2.5306738308124195
ergo_ground_truth,wind,1376,114.58333333333337,2.573194876120259
ergo_ground_truth,wind,1377,114.66666666666663,2.589215975452228
ergo_ground_truth,wind,1378,114.75,2.5879513273077936
ergo_ground_truth,wind,1379,114.83333333333337,2.59524454677308
ergo_ground_truth,wind,1380,114.91666666666663,2.5679415932098273
ergo_ground_truth,wind,1381,115.0,2.625439276297814
ergo_ground_truth,wind,1382,115.08333333333337,2.595303303572577
ergo_ground_truth,wind,1383,115.16666666666663,2.5638735355977995
ergo_ground_truth,wind,1384,115.25,2.5998617541883178
ergo_ground_truth,wind,1385,115.33333333333337,2.5971431926196096
ergo_ground_truth,wind,1386,115.41666666666663,2.6120100888438387
ergo_ground_truth,wind,1387,115.5,2.597145958211198
ergo_ground_truth,wind,1388,115.58333333333337,2.5825771263294683
ergo_ground_truth,wind,1389,115.66666666666663,2.5439549149687353
ergo_ground_truth,wind,1390,115.75,2.563030663080589
ergo_ground_truth,wind,1391,115.83333333333337,2.5358036309291476
ergo_ground_truth,wind,1392,115.91666666666663,2.56584123746333
ergo_ground_truth,wind,1393,116.0,2.5557782875034687
ergo_ground_truth,wind,1394,116.08333333333337,2.5423712427783256
ergo_ground_truth,wind,1395,116.16666666666663,2.5581902011777236
ergo_ground_truth,wind,1396,116.25,2.5708459995135526
ergo_ground_truth,wind,1397,116.33333333333337,2.552366946409964
ergo_ground_truth,wind,1398,116.41666666666663,2.555481489976723
ergo_ground_truth,wind,1399,116.5,2.5561925122152287
ergo_ground_truth,wind,1400,116.58333333333337,2.5844242306729908
ergo_ground_truth,wind,1401,116.66666666666663,2.558748436721123
ergo_ground_truth,wind,1402,116.75,2.5728809561914394
ergo_ground_truth,wind,1403,116.83333333333337,2.561823766981712
ergo_ground_truth,wind,1404,116.91666666666663,2.559647977883714
ergo_ground_truth,wind,1405,117.0,2.529247844808395
ergo_ground_truth,wind,1406,117.08333333333337,2.5322687033948763
ergo_ground_truth,wind,1407,117.16666666666663,2.5255327804788443
ergo_ground_truth,wind,1408,117.25,2.531411179172149
ergo_ground_truth,wind,1409,117.33333333333337,2.5031151831531915
ergo_ground_truth,wind,1410,117.41666666666663,2.491687175029953
ergo_ground_truth,wind,1411,117.5,2.4896252050181733
ergo_ground_truth,wind,1412,117.58333333333337,2.4708743607686006
ergo_ground_truth,wind,1413,117.66666666666663,2.476468385585652
ergo_ground_truth,wind,1414,117.75,2.465097663845092
ergo_ground_truth,wind,1415,117.83333333333337,2.4889252154914656
ergo_ground_truth,wind,1416,117.91666666666663,2.48263297981599
ergo_ground_truth,wind,1417,118.0,2.4728043614874298
ergo_ground_truth,wind,1418,118.08333333333337,2.471895087276549
ergo_ground_truth,wind,1419,118.16666666666663,2.4640158905688274
ergo_ground_truth,wind,1420,118.25,2.440026229478445
ergo_ground_truth,wind,1421,118.33333333333337,2.4491875682833544
ergo_ground_truth,wind,1422,118.41666666666663,2.4412147209235155
ergo_ground_truth,wind,1423,118.5,2.439184302106278
ergo_ground_truth,wind,1424,118.58333333333337,2.4669147137500085
ergo_ground_truth,wind,1425,118.66666666666663,2.462487205865325
ergo_ground_truth,wind,1426,118.75,2.45073605704777
ergo_ground_truth,wind,1427,118.83333333333337,2.449266265964623
ergo_ground_truth,wind,1428,118.91666666666663,2.4261437893577535
ergo_ground_truth,wind,1429,119.0,2.4380100348425495
ergo_ground_truth,wind,1430,119.08333333333337,2.4372181899558116
ergo_ground_truth,wind,1431,119.16666666666663,2.430347079144971
ergo_ground_truth,wind,1432,119.25,2.4265062031953537
ergo_ground_truth,wind,1433,119.33333333333337,2.4058329573362367
ergo_ground_truth,wind,1434,119.41666666666663,2.4218855498326866
ergo_ground_truth,wind,1435,119.5,2.427069501183475
ergo_ground_truth,wind,1436,119.58333333333337,2.413362099190136
ergo_ground_truth,wind,1437,119.66666666666663,2.40508263767013
ergo_ground_truth,wind,1438,119.75,2.3959720036680077
ergo_ground_truth,wind,1439,119.83333333333337,2.397657656166466
ergo_ground_truth,wind,1440,119.91666666666663,2.392472265831006
ergo_ground_truth,wind,1441,120.0,2.4102048428507974
ergo_ground_truth,wind,1442,120.08333333333337,2.4178808010604795
ergo_ground_truth,wind,1443,120.16666666666663,2.3802990707607243
ergo_ground_truth,wind,1444,120.25,2.386675332493943
ergo_ground_truth,wind,1445,120.33333333333337,2.393475332309167
ergo_ground_truth,wind,1446,120.41666666666663,2.397585643097292
ergo_ground_truth,wind,1447,120.5,2.400324370204114
ergo_ground_truth,wind,1448,120.58333333333337,2.3883970054225463
ergo_ground_truth,wind,1449,120.66666666666663,2.3550613433302954
ergo_ground_truth,wind,1450,120.75,2.3384363589962667
ergo_ground_truth,wind,1451,120.83333333333337,2.3554383808967145
ergo_ground_truth,wind,1452,120.91666666666663,2.313552576614723
ergo_ground_truth,wind,1453,121.0,2.3142523670378337
ergo_ground_truth,wind,1454,121.08333333333337,2.3132405361748622
ergo_ground_truth,wind,1455,121.16666666666663,2.3226350687693182
ergo_ground_truth,wind,1456,121.25,2.3000244724130314
ergo_ground_truth,wind,1457,121.33333333333337,2.2927537979054398
ergo_ground_truth,wind,1458,121.41666666666663,2.2837256463251325
ergo_ground_truth,wind,1459,121.5,2.2816943022490417
ergo_ground_truth,wind,1460,121.58333333333337,2.254719599513644
ergo_ground_truth,wind,1461,121.66666666666663,2.25056147451109
ergo_ground_truth,wind,1462,121.75,2.263617663008854
ergo_ground_truth,wind,1463,121.83333333333337,2.2542012146367534
ergo_ground_truth,wind,1464,121.91666666666663,2.2576994139219715
ergo_ground_truth,wind,1465,122.0,2.2656572210822983
ergo_ground_truth,wind,1466,122.08333333333337,2.24379474637515
ergo_ground_truth,wind,1467,122.16666666666663,2.244991721088276
ergo_ground_truth,wind,1468,122.25,2.2412451686320027
ergo_ground_truth,wind,1469,122.33333333333337,2.2282731026386164
ergo_ground_truth,wind,1470,122.41666666666663,2.2179753805675966
ergo_ground_truth,wind,1471,122.5,2.2248300669800263
ergo_ground_truth,wind,1472,122.58333333333337,2.216335093202993
ergo_ground_truth,wind,1473,122.66666666666663,2.207802917446671
ergo_ground_truth,wind,1474,122.75,2.1865536560632237
ergo_ground_truth,wind,1475,122.83333333333337,2.1862087842426816
ergo_ground_truth,wind,1476,122.91666666666663,2.212544429240888
ergo_ground_truth,wind,1477,123.0,2.2054892857510446
ergo_ground_truth,wind,1478,123.08333333333337,2.2170211065583176
ergo_ground_truth,wind,1479,123.16666666666663,2.2238088802279705
ergo_ground_truth,wind,1480,123.25,2.2049790797138127
ergo_ground_truth,wind,1481,123.33333333333337,2.185230812272424
ergo_ground_truth,wind,1482,123.41666666666663,2.1756578986620823
ergo_ground_truth,wind,1483,123.5,2.1695092348231766
ergo_ground_truth,wind,1484,123.58333333333337,2.176367854818759
ergo_ground_truth,wind,1485,123.66666666666663,2.189762839159565
ergo_ground_truth,wind,1486,123.75,2.20489939209036
ergo_ground_truth,wind,1487,123.83333333333337,2.201722095525737
ergo_ground_truth,wind,1488,123.91666666666663,2.1864631727128283
ergo_ground_truth,wind,1489,124.0,2.179443941546426
ergo_ground_truth,wind,1490,124.08333333333337,2.1747273566042074
ergo_ground_truth,wind,1491,124.16666666666663,2.201860792400128
ergo_ground_truth,wind,1492,124.25,2.2107275099610897
ergo_ground_truth,wind,1493,124.33333333333337,2.2307738392917105
ergo_ground_truth,wind,1494,124.41666666666663,2.2269694231454555
ergo_ground_truth,wind,1495,124.5,2.2286766859672715
ergo_ground_truth,wind,1496,124.58333333333337,2.2496011544756835
ergo_ground_truth,wind,1497,124.66666666666663,2.259467259737752
ergo_ground_truth,wind,1498,124.75,2.280243100171729
ergo_ground_truth,wind,1499,124.83333333333337,2.295823983988855
ergo_ground_truth,wind,1500,124.91666666666663,2.316018733999262
ergo_ground_truth,wind,1501,125.0,2.336268188986191
ergo_ground_truth,wind,1502,125.08333333333337,2.3488979004978847
ergo_ground_truth,wind,1503,125.16666666666663,2.371648139188528
ergo_ground_truth,wind,1504,125.25,2.3567452709772003
ergo_ground_truth,wind,1505,125.33333333333337,2.3739981461998783
ergo_ground_truth,wind,1506,125.41666666666663,2.3747191167770074
ergo_ground_truth,wind,1507,125.5,2.3787637875843224
ergo_ground_truth,wind,1508,125.58333333333337,2.408051888348526
ergo_ground_truth,wind,1509,125.66666666666663,2.404020163253239
ergo_ground_truth,wind,1510,125.75,2.427355432992768
ergo_ground_truth,wind,1511,125.83333333333337,2.4409802992797465
ergo_ground_truth,wind,1512,125.91666666666663,2.4892856244063544
ergo_ground_truth,wind,1513,126.0,2.4708390794769715
ergo_ground_truth,wind,1514,126.08333333333337,2.47561678190498
ergo_ground_truth,wind,1515,126.16666666666663,2.489941742806728
ergo_ground_truth,wind,1516,126.25,2.5027915315611335
ergo_ground_truth,wind,1517,126.33333333333337,2.547916094812746
ergo_ground_truth,wind,1518,126.41666666666663,2.5603392183039912
ergo_ground_truth,wind,1519,126.5,2.552818155553401
ergo_ground_truth,wind,1520,126.58333333333337,2.5327859928418572
ergo_ground_truth,wind,1521,126.66666666666663,2.5321148094166905
ergo_ground_truth,wind,1522,126.75,2.5026445625084897
ergo_ground_truth,wind,1523,126.83333333333337,2.521990838935201
ergo_ground_truth,wind,1524,126.91666666666663,2.497446919819076
ergo_ground_truth,wind,1525,127.0,2.497570938881957
ergo_ground_truth,wind,1526,127.08333333333337,2.475662860565244
ergo_ground_truth,wind,1527,127.16666666666663,2.4536830574878836
ergo_ground_truth,wind,1528,127.25,2.454248165109369
ergo_ground_truth,wind,1529,127.33333333333337,2.4166861312615047
ergo_ground_truth,wind,1530,127.41666666666663,2.3544015592486285
ergo_ground_truth,wind,1531,127.5,2.31466027570542
ergo_ground_truth,wind,1532,127.58333333333337,2.345668224335093
ergo_ground_truth,wind,1533,127.66666666666663,2.306327225055634
ergo_ground_truth,wind,1534,127.75,2.2791891780454088
ergo_ground_truth,wind,1535,127.83333333333337,2.19710913226418
ergo_ground_truth,wind,1536,127.91666666666663,2.2091289052427423
ergo_ground_truth,wind,1537,128.0,2.1886110537899706
ergo_ground_truth,wind,1538,128.08333333333337,2.163722124156337
ergo_ground_truth,wind,1539,128.16666666666663,2.131138774380687
ergo_ground_truth,wind,1540,128.25,2.1117368531414176
ergo_ground_truth,wind,1541,128.33333333333337,2.096650696904009
ergo_ground_truth,wind,1542,128.41666666666663,2.05040076861037
ergo_ground_truth,wind,1543,128.5,2.012688789015605
ergo_ground_truth,wind,1544,128.58333333333337,2.0022626204544602
ergo_ground_truth,wind,1545,128.66666666666663,1.9693496094553897
ergo_ground_truth,wind,1546,128.75,2.0061150026461956
ergo_ground_truth,wind,1547,128.83333333333337,1.9813822464000432
ergo_ground_truth,wind,1548,128.91666666666663,1.986956577257157
ergo_ground_truth,wind,1549,129.0,1.9320837400835866
ergo_ground_truth,wind,1550,129.08333333333337,1.8963629505420299
ergo_ground_truth,wind,1551,129.16666666666663,1.912181617317464
ergo_ground_truth,wind,1552,129.25,1.913088976298789
ergo_ground_truth,wind,1553,129.33333333333337,1.898000707154222
ergo_ground_truth,wind,1554,129.41666666666663,1.8925648171996263
ergo_ground_truth,wind,1555,129.5,1.9084491453396861
ergo_ground_truth,wind,1556,129.58333333333337,1.9037515707523742
ergo_ground_truth,wind,1557,129.66666666666663,1.895051427315247
ergo_ground_truth,wind,1558,129.75,1.8628641128272116
ergo_ground_truth,wind,1559,129.83333333333337,1.857234323500772
ergo_ground_truth,wind,1560,129.91666666666663,1.8523058540155497
ergo_ground_truth,wind,1561,130.0,1.8379188136466513
ergo_ground_truth,wind,1562,130.08333333333337,1.8365686207276286
ergo_ground_truth,wind,1563,130.16666666666663,1.8384088001507746
ergo_ground_truth,wind,1564,130.25,1.8201665603639479
ergo_ground_truth,wind,1565,130.33333333333337,1.8097450759130678
ergo_ground_truth,wind,1566,130.41666666666663,1.7910021819139268
ergo_ground_truth,wind,1567,130.5,1.7868745940042714
ergo_ground_truth,wind,1568,130.58333333333337,1.8034346068447513
ergo_ground_truth,wind,1569,130.66666666666663,1.795097543362607
ergo_ground_truth,wind,1570,130.75,1.7898124797667905
ergo_ground_truth,wind,1571,130.83333333333337,1.7863324662705544
ergo_ground_truth,wind,1572,130.91666666666663,1.7731409824541766
ergo_ground_truth,wind,1573,131.0,1.7838822386994715
ergo_ground_truth,wind,1574,131.08333333333337,1.7723699723631958
ergo_ground_truth,wind,1575,131.16666666666663,1.7791088837087095
ergo_ground_truth,wind,1576,131.25,1.781044222522621
ergo_ground_truth,wind,1577,131.33333333333337,1.7955823635529953
ergo_ground_truth,wind,1578,131.41666666666663,1.7857428112829448
ergo_ground_truth,wind,1579,131.5,1.7723664962789907
ergo_ground_truth,wind,1580,131.58333333333337,1.7818148895003838
ergo_ground_truth,wind,1581,131.66666666666663,1.80391043362875
ergo_ground_truth,wind,1582,131.75,1.8138184726926498
ergo_ground_truth,wind,1583,131.83333333333337,1.825850117633427
ergo_ground_truth,wind,1584,131.91666666666663,1.8203714004432487
ergo_ground_truth,wind,1585,132.0,1.8311248415706416
ergo_ground_truth,wind,1586,132.08333333333337,1.8308907583590308
ergo_ground_truth,wind,1587,132.16666666666663,1.848682227152718
ergo_ground_truth,wind,1588,132.25,1.8635581431960164
ergo_ground_truth,wind,1589,132.33333333333337,1.864036440569508
ergo_ground_truth,wind,1590,132.41666666666663,1.8593383943662718
ergo_ground_truth,wind,1591,132.5,1.8728785250015072
ergo_ground_truth,wind,1592,132.58333333333337,1.8737472191711646
ergo_ground_truth,wind,1593,132.66666666666663,1.8871405635695675
ergo_ground_truth,wind,1594,132.75,1.8922942457826715
ergo_ground_truth,wind,1595,132.83333333333337,1.9174208144305107
ergo_ground_truth,wind,1596,132.91666666666663,1.9287846478324011
ergo_ground_truth,wind,1597,133.0,1.9434807187409053
ergo_ground_truth,wind,1598,133.08333333333337,1.9407890451871666
ergo_ground_truth,wind,1599,133.16666666666663,1.9430044851280754
ergo_ground_truth,wind,1600,133.25,1.935993184424095
ergo_ground_truth,wind,1601,133.33333333333337,1.9646332617666529
ergo_ground_truth,wind,1602,133.41666666666663,1.9662250369767265
ergo_ground_truth,wind,1603,133.5,1.9659545122115394
ergo_ground_truth,wind,1604,133.58333333333337,1.9702907884274699
ergo_ground_truth,wind,1605,133.66666666666663,1.965612877938698
ergo_ground_truth,wind,1606,133.75,1.9597787692902524
ergo_ground_truth,wind,1607,133.83333333333337,1.9293557095956568
ergo_ground_truth,wind,1608,133.91666666666663,1.9253247878185
ergo_ground_truth,wind,1609,134.0,1.9243861150195865
ergo_ground_truth,wind,1610,134.08333333333337,1.9112742358630892
ergo_ground_truth,wind,1611,134.16666666666663,1.9251776014962698
ergo_ground_truth,wind,1612,134.25,1.901092011265617
ergo_ground_truth,wind,1613,134.33333333333337,1.8663637392101535
ergo_ground_truth,wind,1614,134.41666666666663,1.875840046421614
ergo_ground_truth,wind,1615,134.5,1.862008877476576
ergo_ground_truth,wind,1616,134.58333333333337,1.8845916224046155
ergo_ground_truth,wind,1617,134.66666666666663,1.8846479702722514
ergo_ground_truth,wind,1618,134.75,1.8902553669917272
ergo_ground_truth,wind,1619,134.83333333333337,1.8773166534737287
ergo_ground_truth,wind,1620,134.91666666666663,1.8523043282599405
ergo_ground_truth,wind,1621,135.0,1.8459680567094068
ergo_ground_truth,wind,1622,135.08333333333337,1.8441915804875708
ergo_ground_truth,wind,1623,135.16666666666663,1.8500912739824322
ergo_ground_truth,wind,1624,135.25,1.863810914904282
ergo_ground_truth,wind,1625,135.33333333333337,1.8517539459714725
ergo_ground_truth,wind,1626,135.41666666666663,1.8219252080411867
ergo_ground_truth,wind,1627,135.5,1.823377062556669
ergo_ground_truth,wind,1628,135.58333333333337,1.8277937430125144
ergo_ground_truth,wind,1629,135.66666666666663,1.817720420908178
ergo_ground_truth,wind,1630,135.75,1.8144876555265157
ergo_ground_truth,wind,1631,135.83333333333337,1.8484523044338328
ergo_ground_truth,wind,1632,135.91666666666663,1.8536220727284216
ergo_ground_truth,wind,1633,136.0,1.8380767209459548
ergo_ground_truth,wind,1634,136.08333333333337,1.8302396338125755
ergo_ground_truth,wind,1635,136.16666666666663,1.8425352014627543
ergo_ground_truth,wind,1636,136.25,1.8464860962065983
ergo_ground_truth,wind,1637,136.33333333333337,1.8520629973122658
ergo_ground_truth,wind,1638,136.41666666666663,1.8455633126551416
ergo_ground_truth,wind,1639,136.5,1.8581547032397305
ergo_ground_truth,wind,1640,136.58333333333337,1.8764157333371192
ergo_ground_truth,wind,1641,136.66666666666663,1.8736485938921865
ergo_ground_truth,wind,1642,136.75,1.8724672165654315
ergo_ground_truth,wind,1643,136.83333333333337,1.892011309202319
ergo_ground_truth,wind,1644,136.91666666666663,1.879272376871405
ergo_ground_truth,wind,1645,137.0,1.8677311517515942
ergo_ground_truth,wind,1646,137.08333333333337,1.8908884684394824
ergo_ground_truth,wind,1647,137.16666666666663,1.8988457743907978
ergo_ground_truth,wind,1648,137.25,1.9358750557742785
ergo_ground_truth,wind,1649,137.33333333333337,1.9282545561644637
ergo_ground_truth,wind,1650,137.41666666666663,1.9360595285452087
ergo_ground_truth,wind,1651,137.5,1.938766559778054
ergo_ground_truth,wind,1652,137.58333333333337,1.966757260011769
ergo_ground_truth,wind,1653,137.66666666666663,1.9709082998621952
ergo_ground_truth,wind,1654,137.75,2.00625065470663
ergo_ground_truth,wind,1655,137.83333333333337,2.007771672613346
ergo_ground_truth,wind,1656,137.91666666666663,2.0246559074701818
ergo_ground_truth,wind,1657,138.0,2.027021835203093
ergo_ground_truth,wind,1658,138.08333333333337,2.051399887329368
ergo_ground_truth,wind,1659,138.16666666666663,2.0894192697354215
ergo_ground_truth,wind,1660,138.25,2.105163139645898
ergo_ground_truth,wind,1661,138.33333333333337,2.138719830170814
ergo_ground_truth,wind,1662,138.41666666666663,2.1092646785856455
ergo_ground_truth,wind,1663,138.5,2.1015882261681043
ergo_ground_truth,wind,1664,138.58333333333337,2.074932603972301
ergo_ground_truth,wind,1665,138.66666666666663,2.1044959103217935
ergo_ground_truth,wind,1666,138.75,2.093587314420047
ergo_ground_truth,wind,1667,138.83333333333337,2.109870812327335
ergo_ground_truth,wind,1668,138.91666666666663,2.1472520780404465
ergo_ground_truth,wind,1669,139.0,2.1798259305336334
ergo_ground_truth,wind,1670,139.08333333333337,2.2001921793444517
ergo_ground_truth,wind,1671,139.16666666666663,2.236441227352044
ergo_ground_truth,wind,1672,139.25,2.230221476072397
ergo_ground_truth,wind,1673,139.33333333333337,2.2638946470794314
ergo_ground_truth,wind,1674,139.41666666666663,2.277141319929382
ergo_ground_truth,wind,1675,139.5,2.316740620082129
ergo_ground_truth,wind,1676,139.58333333333337,2.32101127285635
ergo_ground_truth,wind,1677,139.66666666666663,2.335123520546996
ergo_ground_truth,wind,1678,139.75,2.2880799487014856
ergo_ground_truth,wind,1679,139.83333333333337,2.3041696148290622
ergo_ground_truth,wind,1680,139.91666666666663,2.2887962308109886
ergo_ground_truth,wind,1681,140.0,2.263034810404536
ergo_ground_truth,wind,1682,140.08333333333337,2.3053314370008087
ergo_ground_truth,wind,1683,140.16666666666663,2.2822539654356584
ergo_ground_truth,wind,1684,140.25,2.263822204399394
ergo_ground_truth,wind,1685,140.33333333333337,2.2866941929334583
ergo_ground_truth,wind,1686,140.41666666666663,2.2816029877212567
ergo_ground_truth,wind,1687,140.5,2.2634262379488232
ergo_ground_truth,wind,1688,140.58333333333337,2.2807371677891117
ergo_ground_truth,wind,1689,140.66666666666663,2.275616121933583
ergo_ground_truth,wind,1690,140.75,2.266209897817792
ergo_ground_truth,wind,1691,140.83333333333337,2.2487631533000605
ergo_ground_truth,wind,1692,140.91666666666663,2.2610248978022973
ergo_ground_truth,wind,1693,141.0,2.26799588841254
ergo_ground_truth,wind,1694,141.08333333333337,2.2536514875779923
ergo_ground_truth,wind,1695,141.16666666666663,2.2409985345272037
ergo_ground_truth,wind,1696,141.25,2.2621357276105285
ergo_ground_truth,wind,1697,141.33333333333337,2.2854741536271286
ergo_ground_truth,wind,1698,141.41666666666663,2.2569795587743475
ergo_ground_truth,wind,1699,141.5,2.2554776124747993
ergo_ground_truth,wind,1700,141.58333333333337,2.2610890682805604
ergo_ground_truth,wind,1701,141.66666666666663,2.289528639062655
ergo_ground_truth,wind,1702,141.75,2.3342428552827417
ergo_ground_truth,wind,1703,141.83333333333337,2.3268289726299063
ergo_ground_truth,wind,1704,141.91666666666663,2.3455910754840263
ergo_ground_truth,wind,1705,142.0,2.3620067680440657
ergo_ground_truth,wind,1706,142.08333333333337,2.3898914160565936
ergo_ground_truth,wind,1707,142.16666666666663,2.3965257006859435
ergo_ground_truth,wind,1708,142.25,2.3936902428289977
ergo_ground_truth,wind,1709,142.33333333333337,2.398648683996085
ergo_ground_truth,wind,1710,142.41666666666663,2.386835367703307
ergo_ground_truth,wind,1711,142.5,2.4201040429548075
ergo_ground_truth,wind,1712,142.58333333333337,2.4157457489284644
ergo_ground_truth,wind,1713,142.66666666666663,2.420717172753326
ergo_ground_truth,wind,1714,142.75,2.427098566541029
ergo_ground_truth,wind,1715,142.83333333333337,2.4271693021598963
ergo_ground_truth,wind,1716,142.91666666666663,2.4250220190296914
ergo_ground_truth,wind,1717,143.0,2.4277793006189547
ergo_ground_truth,wind,1718,143.08333333333337,2.419647444859049
ergo_ground_truth,wind,1719,143.16666666666663,2.434455524733666
ergo_ground_truth,wind,1720,143.25,2.4401041449391907
ergo_ground_truth,wind,1721,143.33333333333337,2.4277828176248275
ergo_ground_truth,wind,1722,143.41666666666663,2.430136320716224
ergo_ground_truth,wind,1723,143.5,2.3963338776976135
ergo_ground_truth,wind,1724,143.58333333333337,2.415060310876069
ergo_ground_truth,wind,1725,143.66666666666663,2.4383185503978995
ergo_ground_truth,wind,1726,143.75,2.426768201372001
ergo_ground_truth,wind,1727,143.83333333333337,2.3995715335731695
ergo_ground_truth,wind,1728,143.91666666666663,2.3939723837084457
ergo_ground_truth,wind,1729,144.0,2.3895977800585935
ergo_ground_truth,wind,1730,144.08333333333337,2.4184495236642443
ergo_ground_truth,wind,1731,144.16666666666663,2.40474517333996
ergo_ground_truth,wind,1732,144.25,2.396206540837751
ergo_ground_truth,wind,1733,144.33333333333337,2.363503466743362
ergo_ground_truth,wind,1734,144.41666666666663,2.360592561664321
ergo_ground_truth,wind,1735,144.5,2.3860864277766467
ergo_ground_truth,wind,1736,144.58333333333337,2.4021129227741094
ergo_ground_truth,wind,1737,144.66666666666663,2.393549621900906
ergo_ground_truth,wind,1738,144.75,2.3873299291434584
ergo_ground_truth,wind,1739,144.83333333333337,2.364535002888471
ergo_ground_truth,wind,1740,144.91666666666663,2.345872003016875
ergo_ground_truth,wind,1741,145.0,2.3624563562170113
ergo_ground_truth,wind,1742,145.08333333333337,2.388625808426971
ergo_ground_truth,wind,1743,145.16666666666663,2.4110797229393905
ergo_ground_truth,wind,1744,145.25,2.4571812057266076
ergo_ground_truth,wind,1745,145.33333333333337,2.4600870413201488
ergo_ground_truth,wind,1746,145.41666666666663,2.4827917716746533
ergo_ground_truth,wind,1747,145.5,2.5104034204484273
ergo_ground_truth,wind,1748,145.58333333333337,2.488151124775502
ergo_ground_truth,wind,1749,145.66666666666663,2.499222136778094
ergo_ground_truth,wind,1750,145.75,2.5132959704058555
ergo_ground_truth,wind,1751,145.83333333333337,2.538821260113348
ergo_ground_truth,wind,1752,145.91666666666663,2.5267604499581005
ergo_ground_truth,wind,1753,146.0,2.515358814534378
ergo_ground_truth,wind,1754,146.08333333333337,2.5013198139935997
ergo_ground_truth,wind,1755,146.16666666666663,2.5339228569701
ergo_ground_truth,wind,1756,146.25,2.5387515072391813
ergo_ground_truth,wind,1757,146.33333333333337,2.521361140450022
ergo_ground_truth,wind,1758,146.41666666666663,2.549862389313824
ergo_ground_truth,wind,1759,146.5,2.54200488905689
ergo_ground_truth,wind,1760,146.58333333333337,2.5385338549707406
ergo_ground_truth,wind,1761,146.66666666666663,2.5307028755340775
ergo_ground_truth,wind,1762,146.75,2.5214567120212954
ergo_ground_truth,wind,1763,146.83333333333337,2.524681567809622
ergo_ground_truth,wind,1764,146.91666666666663,2.5097755343213013
ergo_ground_truth,wind,1765,147.0,2.4790747312407393
ergo_ground_truth,wind,1766,147.08333333333337,2.4850229998091837
ergo_ground_truth,wind,1767,147.16666666666663,2.479434068189526
ergo_ground_truth,wind,1768,147.25,2.4649478337230475
ergo_ground_truth,wind,1769,147.33333333333337,2.439504823817629
ergo_ground_truth,wind,1770,147.41666666666663,2.4403095788656097
ergo_ground_truth,wind,1771,147.5,2.3880967242661297
ergo_ground_truth,wind,1772,147.58333333333337,2.3805390964145277
ergo_ground_truth,wind,1773,147.66666666666663,2.380854249508536
ergo_ground_truth,wind,1774,147.75,2.338750903236578
ergo_ground_truth,wind,1775,147.83333333333337,2.340889955385091
ergo_ground_truth,wind,1776,147.91666666666663,2.351841279003127
ergo_ground_truth,wind,1777,148.0,2.3472900203834035
ergo_ground_truth,wind,1778,148.08333333333337,2.312841615700129
ergo_ground_truth,wind,1779,148.16666666666663,2.3060899741324734
ergo_ground_truth,wind,1780,148.25,2.2904019174557
ergo_ground_truth,wind,1781,148.33333333333337,2.267367913757565
ergo_ground_truth,wind,1782,148.41666666666663,2.261253894575104
ergo_ground_truth,wind,1783,148.5,2.2675588081160907
ergo_ground_truth,wind,1784,148.58333333333337,2.233145101935368
ergo_ground_truth,wind,1785,148.66666666666663,2.2473694753812286
ergo_ground_truth,wind,1786,148.75,2.2704739683379382
ergo_ground_truth,wind,1787,148.83333333333337,2.272489172389032
ergo_ground_truth,wind,1788,148.91666666666663,2.2722971701888275
ergo_ground_truth,wind,1789,149.0,2.2511165380318094
ergo_ground_truth,wind,1790,149.08333333333337,2.240579915108605
ergo_ground_truth,wind,1791,149.16666666666663,2.2357766706684354
ergo_ground_truth,wind,1792,149.25,2.2212799688997755
ergo_ground_truth,wind,1793,149.33333333333337,2.2022880387352024
ergo_ground_truth,wind,1794,149.41666666666663,2.1935787959373334
ergo_ground_truth,wind,1795,149.5,2.178912666899395
ergo_ground_truth,wind,1796,149.58333333333337,2.1838634209590646
ergo_ground_truth,wind,1797,149.66666666666663,2.189922598182921
ergo_ground_truth,wind,1798,149.75,2.1923072215519532
ergo_ground_truth,wind,1799,149.83333333333337,2.1889526645985846
ergo_ground_truth,wind,1800,149.91666666666663,2.1850200754349736
ergo_ground_truth,wind,1801,150.0,2.175159724203946
ergo_ground_truth,wind,1802,150.08333333333337,2.17118611214532
ergo_ground_truth,wind,1803,150.16666666666663,2.1740635829073534
ergo_ground_truth,wind,1804,150.25,2.1752189948025826
ergo_ground_truth,wind,1805,150.33333333333337,2.1613753944618708
ergo_ground_truth,wind,1806,150.41666666666663,2.1597011116923
ergo_ground_truth,wind,1807,150.5,2.1810110767613495
ergo_ground_truth,wind,1808,150.58333333333337,2.1698356650816053
ergo_ground_truth,wind,1809,150.66666666666663,2.1647344087394806
ergo_ground_truth,wind,1810,150.75,2.167902649393829
ergo_ground_truth,wind,1811,150.83333333333337,2.166265974241633
ergo_ground_truth,wind,1812,150.91666666666663,2.187028832519527
ergo_ground_truth,wind,1813,151.0,2.1774792920511468
ergo_ground_truth,wind,1814,151.08333333333337,2.162102382762694
ergo_ground_truth,wind,1815,151.16666666666663,2.167671569078606
ergo_ground_truth,wind,1816,151.25,2.1884009094545123
ergo_ground_truth,wind,1817,151.33333333333337,2.165102588290308
ergo_ground_truth,wind,1818,151.41666666666663,2.1812417950108705
ergo_ground_truth,wind,1819,151.5,2.166213452079078
ergo_ground_truth,wind,1820,151.58333333333337,2.1754753510663365
ergo_ground_truth,wind,1821,151.66666666666663,2.181881391402641
ergo_ground_truth,wind,1822,151.75,2.2263081598705923
ergo_ground_truth,wind,1823,151.83333333333337,2.258659375905405
ergo_ground_truth,wind,1824,151.91666666666663,2.2674746365351965
ergo_ground_truth,wind,1825,152.0,2.2722806906579063
ergo_ground_truth,wind,1826,152.08333333333337,2.285512469080248
ergo_ground_truth,wind,1827,152.16666666666663,2.3040613703895514
ergo_ground_truth,wind,1828,152.25,2.296548746255228
ergo_ground_truth,wind,1829,152.33333333333337,2.321096592912398
ergo_ground_truth,wind,1830,152.41666666666663,2.327907479342114
ergo_ground_truth,wind,1831,152.5,2.3208009314836513
ergo_ground_truth,wind,1832,152.58333333333337,2.330981060454621
ergo_ground_truth,wind,1833,152.66666666666663,2.331597994082049
ergo_ground_truth,wind,1834,152.75,2.3453591240763196
ergo_ground_truth,wind,1835,152.83333333333337,2.348823462648657
ergo_ground_truth,wind,1836,152.91666666666663,2.3589885259039427
ergo_ground_truth,wind,1837,153.0,2.3333985094470586
ergo_ground_truth,wind,1838,153.08333333333337,2.3291670328969483
ergo_ground_truth,wind,1839,153.16666666666663,2.3508240424317663
ergo_ground_truth,wind,1840,153.25,2.3701582439966544
ergo_ground_truth,wind,1841,153.33333333333337,2.3539103838309225
ergo_ground_truth,wind,1842,153.41666666666663,2.3482265194456513
ergo_ground_truth,wind,1843,153.5,2.356240588014457
ergo_ground_truth,wind,1844,153.58333333333337,2.343371637845556
ergo_ground_truth,wind,1845,153.66666666666663,2.3702747810862697
ergo_ground_truth,wind,1846,153.75,2.3618703132466883
ergo_ground_truth,wind,1847,153.83333333333337,2.350768980646312
ergo_ground_truth,wind,1848,153.91666666666663,2.358761121021373
ergo_ground_truth,wind,1849,154.0,2.3296039168209184
ergo_ground_truth,wind,1850,154.08333333333337,2.3122984560034263
ergo_ground_truth,wind,1851,154.16666666666663,2.290476521115161
ergo_ground_truth,wind,1852,154.25,2.2626227944255914
ergo_ground_truth,wind,1853,154.33333333333337,2.2657900792789962
ergo_ground_truth,wind,1854,154.41666666666663,2.2266467056529864
ergo_ground_truth,wind,1855,154.5,2.2242793263650498
ergo_ground_truth,wind,1856,154.58333333333337,2.2119373054784153
ergo_ground_truth,wind,1857,154.66666666666663,2.176705888161373
ergo_ground_truth,wind,1858,154.75,2.1513002963091132
ergo_ground_truth,wind,1859,154.83333333333337,2.1592503388575577
ergo_ground_truth,wind,1860,154.91666666666663,2.118087699549225
ergo_ground_truth,wind,1861,155.0,2.1202133033057455
ergo_ground_truth,wind,1862,155.08333333333337,2.100681925348646
ergo_ground_truth,wind,1863,155.16666666666663,2.1426212403639506
ergo_ground_truth,wind,1864,155.25,2.0993753662779953
ergo_ground_truth,wind,1865,155.33333333333337,2.0726184707764537
ergo_ground_truth,wind,1866,155.41666666666663,2.1035808825225994
ergo_ground_truth,wind,1867,155.5,2.0880703653228077
ergo_ground_truth,wind,1868,155.58333333333337,2.0371709946634398
ergo_ground_truth,wind,1869,155.66666666666663,2.024245325829708
ergo_ground_truth,wind,1870,155.75,2.029003011117987
ergo_ground_truth,wind,1871,155.83333333333337,2.0195896601126226
ergo_ground_truth,wind,1872,155.91666666666663,1.9921221997935081
ergo_ground_truth,wind,1873,156.0,1.9870132514611616
ergo_ground_truth,wind,1874,156.08333333333337,1.9653265349406317
ergo_ground_truth,wind,1875,156.16666666666663,1.9679094856153625
ergo_ground_truth,wind,1876,156.25,1.9845146646166392
ergo_ground_truth,wind,1877,156.33333333333337,1.9818999744264392
ergo_ground_truth,wind,1878,156.41666666666663,1.9487841521216567
ergo_ground_truth,wind,1879,156.5,1.9286778227926005
ergo_ground_truth,wind,1880,156.58333333333337,1.9135123557987268
ergo_ground_truth,wind,1881,156.66666666666663,1.9195874517599594
ergo_ground_truth,wind,1882,156.75,1.9347174623983243
ergo_ground_truth,wind,1883,156.83333333333337,1.919165455762778
ergo_ground_truth,wind,1884,156.91666666666663,1.9157426482467168
ergo_ground_truth,wind,1885,157.0,1.9042465273714606
ergo_ground_truth,wind,1886,157.08333333333337,1.904721780538281
ergo_ground_truth,wind,1887,157.16666666666663,1.916205830374949
ergo_ground_truth,wind,1888,157.25,1.920649495787461
ergo_ground_truth,wind,1889,157.33333333333337,1.9087038108325416
ergo_ground_truth,wind,1890,157.41666666666663,1.8943823009141059
ergo_ground_truth,wind,1891,157.5,1.907908314479607
ergo_ground_truth,wind,1892,157.58333333333337,1.9109364104322126
ergo_ground_truth,wind,1893,157.66666666666663,1.9128593617693115
ergo_ground_truth,wind,1894,157.75,1.924939885002127
ergo_ground_truth,wind,1895,157.83333333333337,1.9406934903007431
ergo_ground_truth,wind,1896,157.91666666666663,1.9313055055204675
ergo_ground_truth,wind,1897,158.0,1.927346535175377
ergo_ground_truth,wind,1898,158.08333333333337,1.9239745568576987
ergo_ground_truth,wind,1899,158.16666666666663,1.9326773462440263
ergo_ground_truth,wind,1900,158.25,1.939238362244535
ergo_ground_truth,wind,1901,158.33333333333337,1.958070285683397
ergo_ground_truth,wind,1902,158.41666666666663,1.9670016455870596
ergo_ground_truth,wind,1903,158.5,1.9756783578908044
ergo_ground_truth,wind,1904,158.58333333333337,1.9899797336534801
ergo_ground_truth,wind,1905,158.66666666666663,1.9736627052401963
ergo_ground_truth,wind,1906,158.75,1.9629482155052604
ergo_ground_truth,wind,1907,158.83333333333337,1.975818865034939
ergo_ground_truth,wind,1908,158.91666666666663,1.9917957974905536
ergo_ground_truth,wind,1909,159.0,2.031801413736387
ergo_ground_truth,wind,1910,159.08333333333337,2.0080675488586297
ergo_ground_truth,wind,1911,159.16666666666663,2.013237107646266
ergo_ground_truth,wind,1912,159.25,2.0386329649118036
ergo_ground_truth,wind,1913,159.33333333333337,2.0408949663124965
ergo_ground_truth,wind,1914,159.41666666666663,2.0535798827606757
ergo_ground_truth,wind,1915,159.5,2.052336684531736
ergo_ground_truth,wind,1916,159.58333333333337,2.0592769859560223
ergo_ground_truth,wind,1917,159.66666666666663,2.0980235945391437
ergo_ground_truth,wind,1918,159.75,2.1647027291621153
ergo_ground_truth,wind,1919,159.83333333333337,2.1508104740103056
ergo_ground_truth,wind,1920,159.91666666666663,2.177783804542082
ergo_ground_truth,wind,1921,160.0,2.171085549754448
ergo_ground_truth,wind,1922,160.08333333333337,2.207505199212896
ergo_ground_truth,wind,1923,160.16666666666663,2.231733719626254
ergo_ground_truth,wind,1924,160.25,2.221976035394321
ergo_ground_truth,wind,1925,160.33333333333337,2.2503924574401335
ergo_ground_truth,wind,1926,160.41666666666663,2.2620001320196033
ergo_ground_truth,wind,1927,160.5,2.2795644476699395
ergo_ground_truth,wind,1928,160.58333333333337,2.3124938257345384
ergo_ground_truth,wind,1929,160.66666666666663,2.330095746429844
ergo_ground_truth,wind,1930,160.75,2.32478429528077
ergo_ground_truth,wind,1931,160.83333333333337,2.2996852173622853
ergo_ground_truth,wind,1932,160.91666666666663,2.3392335168225977
ergo_ground_truth,wind,1933,161.0,2.2925821014267633
ergo_ground_truth,wind,1934,161.08333333333337,2.292792036087209
ergo_ground_truth,wind,1935,161.16666666666663,2.240272536034001
ergo_ground_truth,wind,1936,161.25,2.2343145462181986
ergo_ground_truth,wind,1937,161.33333333333337,2.23330293358724
ergo_ground_truth,wind,1938,161.41666666666663,2.211088933033304
ergo_ground_truth,wind,1939,161.5,2.238003372599705
ergo_ground_truth,wind,1940,161.58333333333337,2.2065277751141634
ergo_ground_truth,wind,1941,161.66666666666663,2.218614975039889
ergo_ground_truth,wind,1942,161.75,2.231051147884482
ergo_ground_truth,wind,1943,161.83333333333337,2.228746629491316
ergo_ground_truth,wind,1944,161.91666666666663,2.249436468094064
ergo_ground_truth,wind,1945,162.0,2.238404279803375
ergo_ground_truth,wind,1946,162.08333333333337,2.2271847439778694
ergo_ground_truth,wind,1947,162.16666666666663,2.2392243851924074
ergo_ground_truth,wind,1948,162.25,2.226224660502378
ergo_ground_truth,wind,1949,162.33333333333337,2.2320753512020985
ergo_ground_truth,wind,1950,162.41666666666663,2.23635301978986
ergo_ground_truth,wind,1951,162.5,2.247320182659429
ergo_ground_truth,wind,1952,162.58333333333337,2.2384683794004254
ergo_ground_truth,wind,1953,162.66666666666663,2.2399790744438306
ergo_ground_truth,wind,1954,162.75,2.239008008345681
ergo_ground_truth,wind,1955,162.83333333333337,2.2598036841478297
ergo_ground_truth,wind,1956,162.91666666666663,2.276886300843034
ergo_ground_truth,wind,1957,163.0,2.289133080392133
ergo_ground_truth,wind,1958,163.08333333333337,2.2889166766407802
ergo_ground_truth,wind,1959,163.16666666666663,2.2750962841938334
ergo_ground_truth,wind,1960,163.25,2.2719053183090008
ergo_ground_truth,wind,1961,163.33333333333337,2.2787260397132103
ergo_ground_truth,wind,1962,163.41666666666663,2.274708174407814
ergo_ground_truth,wind,1963,163.5,2.2748064542617406
ergo_ground_truth,wind,1964,163.58333333333337,2.3243098180855726
ergo_ground_truth,wind,1965,163.66666666666663,2.3062267769884652
ergo_ground_truth,wind,1966,163.75,2.2895536179128926
ergo_ground_truth,wind,1967,163.83333333333337,2.2885804704988555
ergo_ground_truth,wind,1968,163.91666666666663,2.319592703881625
ergo_ground_truth,wind,1969,164.0,2.347275742718014
ergo_ground_truth,wind,1970,164.08333333333337,2.3586383623326954
ergo_ground_truth,wind,1971,164.16666666666663,2.3611832455421844
ergo_ground_truth,wind,1972,164.25,2.3521897790477158
ergo_ground_truth,wind,1973,164.33333333333337,2.339461537834766
ergo_ground_truth,wind,1974,164.41666666666663,2.3430713320658008
ergo_ground_truth,wind,1975,164.5,2.3416474316556917
ergo_ground_truth,wind,1976,164.58333333333337,2.349492588936349
ergo_ground_truth,wind,1977,164.66666666666663,2.345324795254397
ergo_ground_truth,wind,1978,164.75,2.356195908793592
ergo_ground_truth,wind,1979,164.83333333333337,2.345188052498816
ergo_ground_truth,wind,1980,164.91666666666663,2.338220242659261
ergo_ground_truth,wind,1981,165.0,2.338501338557857
ergo_ground_truth,wind,1982,165.08333333333337,2.3469635627505947
ergo_ground_truth,wind,1983,165.16666666666663,2.3363076949398356
ergo_ground_truth,wind,1984,165.25,2.329925013039321
ergo_ground_truth,wind,1985,165.33333333333337,2.3196118535392913
ergo_ground_truth,wind,1986,165.41666666666663,2.3278149162553845
ergo_ground_truth,wind,1987,165.5,2.325846353450439
ergo_ground_truth,wind,1988,165.58333333333337,2.293024110296182
ergo_ground_truth,wind,1989,165.66666666666663,2.302445708006548
ergo_ground_truth,wind,1990,165.75,2.3144061460605214
ergo_ground_truth,wind,1991,165.83333333333337,2.313547341432296
ergo_ground_truth,wind,1992,165.91666666666663,2.3031541581132418
ergo_ground_truth,wind,1993,166.0,2.3177027322461665
ergo_ground_truth,wind,1994,166.08333333333337,2.304392349715272
ergo_ground_truth,wind,1995,166.16666666666663,2.301656271249799
ergo_ground_truth,wind,1996,166.25,2.2879761081164824
ergo_ground_truth,wind,1997,166.33333333333337,2.2957015841786017
ergo_ground_truth,wind,1998,166.41666666666663,2.2993141138089475
ergo_ground_truth,wind,1999,166.5,2.316500191179101
ergo_ground_truth,wind,2000,166.58333333333337,2.304560554159911
ergo_ground_truth,wind,2001,166.66666666666663,2.3176082818108523
ergo_ground_truth,wind,2002,166.75,2.3330342456751803
ergo_ground_truth,wind,2003,166.83333333333337,2.3098133393397653
ergo_ground_truth,wind,2004,166.91666666666663,2.338319446392711
ergo_ground_truth,wind,2005,167.0,2.3459455346306086
ergo_ground_truth,wind,2006,167.08333333333337,2.3621461225827654
ergo_ground_truth,wind,2007,167.16666666666663,2.3322829717055913
ergo_ground_truth,wind,2008,167.25,2.3182335923142396
ergo_ground_truth,wind,2009,167.33333333333337,2.279758881390811
ergo_ground_truth,wind,2010,167.41666666666663,2.287561723874042
ergo_ground_truth,wind,2011,167.5,2.2955294349142172
ergo_ground_truth,wind,2012,167.58333333333337,2.3482489071359547
ergo_ground_truth,wind,2013,167.66666666666663,2.3465375096665566
ergo_ground_truth,wind,2014,167.75,2.3854640591146743
ergo_ground_truth,wind,2015,167.83333333333337,2.451096026062928
ergo_ground_truth,wind,2016,167.91666666666663,2.438180493542464
ergo_ground_truth,wind,2017,168.0,2.462203520058899
ergo_ground_truth,wind,2018,168.08333333333337,2.458799241848844
ergo_ground_truth,wind,2019,168.16666666666663,2.4487218601390697
ergo_ground_truth,wind,2020,168.25,2.4469464773752616
ergo_ground_truth,wind,2021,168.33333333333337,2.4348083134979754
ergo_ground_truth,wind,2022,168.41666666666663,2.4369309934218117
ergo_ground_truth,wind,2023,168.5,2.4340943132608626
ergo_ground_truth,wind,2024,168.58333333333337,2.459363060011875
ergo_ground_truth,wind,2025,168.66666666666663,2.4358274183898185
ergo_ground_truth,wind,2026,168.75,2.446040589986004
ergo_ground_truth,wind,2027,168.83333333333337,2.44516445939593
ergo_ground_truth,wind,2028,168.91666666666663,2.429584703826545
ergo_ground_truth,wind,2029,169.0,2.4525154178439514
ergo_ground_truth,wind,2030,169.08333333333337,2.4515543820921986
ergo_ground_truth,wind,2031,169.16666666666663,2.4162611093925475
ergo_ground_truth,wind,2032,169.25,2.417382538393807
ergo_ground_truth,wind,2033,169.33333333333337,2.4300456357816604
ergo_ground_truth,wind,2034,169.41666666666663,2.4238563577560615
ergo_ground_truth,wind,2035,169.5,2.456582588063866
ergo_ground_truth,wind,2036,169.58333333333337,2.4630161954894505
ergo_ground_truth,wind,2037,169.66666666666663,2.4763280795756657
ergo_ground_truth,wind,2038,169.75,2.4449975293158803
ergo_ground_truth,wind,2039,169.83333333333337,2.4739003859591704
ergo_ground_truth,wind,2040,169.91666666666663,2.499685497422934
ergo_ground_truth,wind,2041,170.0,2.484789737630975
ergo_ground_truth,wind,2042,170.08333333333337,2.497261110454333
ergo_ground_truth,wind,2043,170.16666666666663,2.4975990176265577
ergo_ground_truth,wind,2044,170.25,2.5272980836212398
ergo_ground_truth,wind,2045,170.33333333333337,2.5111464004356616
ergo_ground_truth,wind,2046,170.41666666666663,2.519985274705326
ergo_ground_truth,wind,2047,170.5,2.48242702370825
ergo_ground_truth,wind,2048,170.58333333333337,2.523776648492612
ergo_ground_truth,wind,2049,170.66666666666663,2.517996200203395
ergo_ground_truth,wind,2050,170.75,2.522175191708792
ergo_ground_truth,wind,2051,170.83333333333337,2.5165275483807896
ergo_ground_truth,wind,2052,170.91666666666663,2.534310809736696
ergo_ground_truth,wind,2053,171.0,2.5305683179329814
ergo_ground_truth,wind,2054,171.08333333333337,2.533616848597757
ergo_ground_truth,wind,2055,171.16666666666663,2.5189913338420378
ergo_ground_truth,wind,2056,171.25,2.5006429192742967
ergo_ground_truth,wind,2057,171.33333333333337,2.5056850441213547
ergo_ground_truth,wind,2058,171.41666666666663,2.5489637172773993
ergo_ground_truth,wind,2059,171.5,2.527725551535434
ergo_ground_truth,wind,2060,171.58333333333337,2.5539007100983846
ergo_ground_truth,wind,2061,171.66666666666663,2.5199718677726954
ergo_ground_truth,wind,2062,171.75,2.534772368021156
ergo_ground_truth,wind,2063,171.83333333333337,2.5137694649404136
ergo_ground_truth,wind,2064,171.91666666666663,2.541054672772098
ergo_ground_truth,wind,2065,172.0,2.532794075991328
ergo_ground_truth,wind,2066,172.08333333333337,2.541330219752025
ergo_ground_truth,wind,2067,172.16666666666663,2.549192688744669
ergo_ground_truth,wind,2068,172.25,2.5508248788948182
ergo_ground_truth,wind,2069,172.33333333333337,2.5721331173303694
ergo_ground_truth,wind,2070,172.41666666666663,2.569223320653729
ergo_ground_truth,wind,2071,172.5,2.5379342326094423
ergo_ground_truth,wind,2072,172.58333333333337,2.5565472403667826
ergo_ground_truth,wind,2073,172.66666666666663,2.513485402331797
ergo_ground_truth,wind,2074,172.75,2.534829795376681
ergo_ground_truth,wind,2075,172.83333333333337,2.562231113689026
ergo_ground_truth,wind,2076,172.91666666666663,2.5375267246670776
ergo_ground_truth,wind,2077,173.0,2.5053957321904194
ergo_ground_truth,wind,2078,173.08333333333337,2.500906610084998
ergo_ground_truth,wind,2079,173.16666666666663,2.4899048765758005
ergo_ground_truth,wind,2080,173.25,2.516394079358665
ergo_ground_truth,wind,2081,173.33333333333337,2.4933273835981398
ergo_ground_truth,wind,2082,173.41666666666663,2.466366539581109
ergo_ground_truth,wind,2083,173.5,2.4434082964915236
ergo_ground_truth,wind,2084,173.58333333333337,2.4480573388999387
ergo_ground_truth,wind,2085,173.66666666666663,2.437080971225853
ergo_ground_truth,wind,2086,173.75,2.396606580559539
ergo_ground_truth,wind,2087,173.83333333333337,2.414889016627176
ergo_ground_truth,wind,2088,173.91666666666663,2.405532984950558
ergo_ground_truth,wind,2089,174.0,2.406805402707137
ergo_ground_truth,wind,2090,174.08333333333337,2.4002260101425823
ergo_ground_truth,wind,2091,174.16666666666663,2.3664638718213773
ergo_ground_truth,wind,2092,174.25,2.3504287097538774
ergo_ground_truth,wind,2093,174.33333333333337,2.3316316030322595
ergo_ground_truth,wind,2094,174.41666666666663,2.3416965619017485
ergo_ground_truth,wind,2095,174.5,2.3378405954756145
ergo_ground_truth,wind,2096,174.58333333333337,2.320095721195057
ergo_ground_truth,wind,2097,174.66666666666663,2.3248615308784584
ergo_ground_truth,wind,2098,174.75,2.3229748367894967
ergo_ground_truth,wind,2099,174.83333333333337,2.306682166624192
ergo_ground_truth,wind,2100,174.91666666666663,2.30391576061857
ergo_ground_truth,wind,2101,175.0,2.306913744370366
ergo_ground_truth,wind,2102,175.08333333333337,2.2945116050652183
ergo_ground_truth,wind,2103,175.16666666666663,2.2890591029800453
ergo_ground_truth,wind,2104,175.25,2.304856084396842
ergo_ground_truth,wind,2105,175.33333333333337,2.2880237847406555
ergo_ground_truth,wind,2106,175.41666666666663,2.281542068488056
ergo_ground_truth,wind,2107,175.5,2.2767241418727986
ergo_ground_truth,wind,2108,175.58333333333337,2.2701205539210587
ergo_ground_truth,wind,2109,175.66666666666663,2.2471732962654825
ergo_ground_truth,wind,2110,175.75,2.248713141269481
ergo_ground_truth,wind,2111,175.83333333333337,2.255872323066097
ergo_ground_truth,wind,2112,175.91666666666663,2.2446326941415093
ergo_ground_truth,wind,2113,176.0,2.23706375899647
ergo_ground_truth,wind,2114,176.08333333333337,2.2506087448166214
ergo_ground_truth,wind,2115,176.16666666666663,2.2462399678207436
ergo_ground_truth,wind,2116,176.25,2.2604493885850134
ergo_ground_truth,wind,2117,176.33333333333337,2.2518587753584276
ergo_ground_truth,wind,2118,176.41666666666663,2.2358917821403224
ergo_ground_truth,wind,2119,176.5,2.229230380705681
ergo_ground_truth,wind,2120,176.58333333333337,2.2215369809969863
ergo_ground_truth,wind,2121,176.66666666666663,2.2476498035290398
ergo_ground_truth,wind,2122,176.75,2.246850458871463
ergo_ground_truth,wind,2123,176.83333333333337,2.263174160073011
ergo_ground_truth,wind,2124,176.91666666666663,2.2605275345790843
ergo_ground_truth,wind,2125,177.0,2.258044623300875
ergo_ground_truth,wind,2126,177.08333333333337,2.2665102095413654
ergo_ground_truth,wind,2127,177.16666666666663,2.260702463674431
ergo_ground_truth,wind,2128,177.25,2.2824044358521287
ergo_ground_truth,wind,2129,177.33333333333337,2.275009322141358
ergo_ground_truth,wind,2130,177.41666666666663,2.2659143830330195
ergo_ground_truth,wind,2131,177.5,2.2685636154862756
ergo_ground_truth,wind,2132,177.58333333333337,2.2722480153192763
ergo_ground_truth,wind,2133,177.66666666666663,2.2696997084674355
ergo_ground_truth,wind,2134,177.75,2.286821767926352
ergo_ground_truth,wind,2135,177.83333333333337,2.299918907239803
ergo_ground_truth,wind,2136,177.91666666666663,2.318900851134201
ergo_ground_truth,wind,2137,178.0,2.3443919832399276
ergo_ground_truth,wind,2138,178.08333333333337,2.3577058966987714
ergo_ground_truth,wind,2139,178.16666666666663,2.3622588804764835
ergo_ground_truth,wind,2140,178.25,2.3592353984418417
ergo_ground_truth,wind,2141,178.33333333333337,2.359367332393151
ergo_ground_truth,wind,2142,178.41666666666663,2.371004841313289
ergo_ground_truth,wind,2143,178.5,2.3846399250162067
ergo_ground_truth,wind,2144,178.58333333333337,2.4101976481590643
ergo_ground_truth,wind,2145,178.66666666666663,2.4334941946255757
ergo_ground_truth,wind,2146,178.75,2.4630215436317817
ergo_ground_truth,wind,2147,178.83333333333337,2.4787628150042322
ergo_ground_truth,wind,2148,178.91666666666663,2.4738430571231858
ergo_ground_truth,wind,2149,179.0,2.484718091967925
ergo_ground_truth,wind,2150,179.08333333333337,2.485694182229488
ergo_ground_truth,wind,2151,179.16666666666663,2.4943205711592995
ergo_ground_truth,wind,2152,179.25,2.494972555055081
ergo_ground_truth,wind,2153,179.33333333333337,2.4725337860920797
ergo_ground_truth,wind,2154,179.41666666666663,2.4680896578717264
ergo_ground_truth,wind,2155,179.5,2.491221206250289
ergo_ground_truth,wind,2156,179.58333333333337,2.5102916854333217
ergo_ground_truth,wind,2157,179.66666666666663,2.482007863059899
ergo_ground_truth,wind,2158,179.75,2.4484624241823156
ergo_ground_truth,wind,2159,179.83333333333337,2.4134261086888977
ergo_ground_truth,wind,2160,179.91666666666663,2.426853064259129
ergo_ground_truth,wind,2161,180.0,2.4142825124050424
ergo_ground_truth,wind,2162,180.08333333333337,2.3844161024230233
ergo_ground_truth,wind,2163,180.16666666666663,2.356868185365765
ergo_ground_truth,wind,2164,180.25,2.343623097263946
ergo_ground_truth,wind,2165,180.33333333333337,2.3396795557505903
ergo_ground_truth,wind,2166,180.41666666666663,2.321286587210532
ergo_ground_truth,wind,2167,180.5,2.298418622325015
ergo_ground_truth,wind,2168,180.58333333333337,2.2898383688033292
ergo_ground_truth,wind,2169,180.66666666666663,2.292829753877931
ergo_ground_truth,wind,2170,180.75,2.2990205564280926
ergo_ground_truth,wind,2171,180.83333333333337,2.261273993243559
ergo_ground_truth,wind,2172,180.91666666666663,2.2174951754689003
ergo_ground_truth,wind,2173,181.0,2.1977454171783837
ergo_ground_truth,wind,2174,181.08333333333337,2.195048367934095
ergo_ground_truth,wind,2175,181.16666666666663,2.193205513520807
ergo_ground_truth,wind,2176,181.25,2.182162987154354
ergo_ground_truth,wind,2177,181.33333333333337,2.178579025616654
ergo_ground_truth,wind,2178,181.41666666666663,2.1721596271108323
ergo_ground_truth,wind,2179,181.5,2.139294209457398
ergo_ground_truth,wind,2180,181.58333333333337,2.1486694686699606
ergo_ground_truth,wind,2181,181.66666666666663,2.1326995458525926
ergo_ground_truth,wind,2182,181.75,2.143908727554058
ergo_ground_truth,wind,2183,181.83333333333337,2.1106516341245944
ergo_ground_truth,wind,2184,181.91666666666663,2.104036018112518
ergo_ground_truth,wind,2185,182.0,2.1026332627805604
ergo_ground_truth,wind,2186,182.08333333333337,2.098890004895135
ergo_ground_truth,wind,2187,182.16666666666663,2.0887023476078816
ergo_ground_truth,wind,2188,182.25,2.058715054798361
ergo_ground_truth,wind,2189,182.33333333333337,2.0816515528278665
ergo_ground_truth,wind,2190,182.41666666666663,2.071687241271588
ergo_ground_truth,wind,2191,182.5,2.0551259107524364
ergo_ground_truth,wind,2192,182.58333333333337,2.075784761383095
ergo_ground_truth,wind,2193,182.66666666666663,2.0810064131696984
ergo_ground_truth,wind,2194,182.75,2.0550031223156378
ergo_ground_truth,wind,2195,182.83333333333337,2.059117332431606
ergo_ground_truth,wind,2196,182.91666666666663,2.0625170486307636
ergo_ground_truth,wind,2197,183.0,2.069981919736389
ergo_ground_truth,wind,2198,183.08333333333337,2.0736483627925315
ergo_ground_truth,wind,2199,183.16666666666663,2.0588670773030193
ergo_ground_truth,wind,2200,183.25,2.072032003429516
ergo_ground_truth,wind,2201,183.33333333333337,2.0495860624823603
ergo_ground_truth,wind,2202,183.41666666666663,2.0418925149568925
ergo_ground_truth,wind,2203,183.5,2.055862578319239
ergo_ground_truth,wind,2204,183.58333333333337,2.0614903509160865
ergo_ground_truth,wind,2205,183.66666666666663,2.0253914916958107
ergo_ground_truth,wind,2206,183.75,2.0284606679393056
ergo_ground_truth,wind,2207,183.83333333333337,2.0307972877982228
ergo_ground_truth,wind,2208,183.91666666666663,2.0405854198455984
ergo_ground_truth,wind,2209,184.0,2.0226087793274448
ergo_ground_truth,wind,2210,184.08333333333337,2.0293039866692393
ergo_ground_truth,wind,2211,184.16666666666663,2.0429568088832495
ergo_ground_truth,wind,2212,184.25,2.0344452931460286
ergo_ground_truth,wind,2213,184.33333333333337,2.037919822004148
ergo_ground_truth,wind,2214,184.41666666666663,2.038258998485281
ergo_ground_truth,wind,2215,184.5,2.033545204611511
ergo_ground_truth,wind,2216,184.58333333333337,2.0725016633347964
ergo_ground_truth,wind,2217,184.66666666666663,2.0603262177387665
ergo_ground_truth,wind,2218,184.75,2.0637412020680292
ergo_ground_truth,wind,2219,184.83333333333337,2.0601725656688332
ergo_ground_truth,wind,2220,184.91666666666663,2.108588530899242
ergo_ground_truth,wind,2221,185.0,2.089419315929226
ergo_ground_truth,wind,2222,185.08333333333337,2.1173164191347627
ergo_ground_truth,wind,2223,185.16666666666663,2.1154952878057776
ergo_ground_truth,wind,2224,185.25,2.1133700723317554
ergo_ground_truth,wind,2225,185.33333333333337,2.1274760892260893
ergo_ground_truth,wind,2226,185.41666666666663,2.160002836834795
ergo_ground_truth,wind,2227,185.5,2.1772856968636214
ergo_ground_truth,wind,2228,185.58333333333337,2.189101952248069
ergo_ground_truth,wind,2229,185.66666666666663,2.176105392734586
ergo_ground_truth,wind,2230,185.75,2.1883820295443615
ergo_ground_truth,wind,2231,185.83333333333337,2.185240304789778
ergo_ground_truth,wind,2232,185.91666666666663,2.201304044845289
ergo_ground_truth,wind,2233,186.0,2.1984873996836525
ergo_ground_truth,wind,2234,186.08333333333337,2.1970508942651596
ergo_ground_truth,wind,2235,186.16666666666663,2.2402141316562934
ergo_ground_truth,wind,2236,186.25,2.226971455581143
ergo_ground_truth,wind,2237,186.33333333333337,2.29028994189141
ergo_ground_truth,wind,2238,186.41666666666663,2.323241136616192
ergo_ground_truth,wind,2239,186.5,2.331884513657198
ergo_ground_truth,wind,2240,186.58333333333337,2.3540051430469155
ergo_ground_truth,wind,2241,186.66666666666663,2.3575534392528077
ergo_ground_truth,wind,2242,186.75,2.4119026695543933
ergo_ground_truth,wind,2243,186.83333333333337,2.40644989761142
ergo_ground_truth,wind,2244,186.91666666666663,2.381815092567346
ergo_ground_truth,wind,2245,187.0,2.353716880528218
ergo_ground_truth,wind,2246,187.08333333333337,2.333180705498863
ergo_ground_truth,wind,2247,187.16666666666663,2.3440235211135105
ergo_ground_truth,wind,2248,187.25,2.3481520683158936
ergo_ground_truth,wind,2249,187.33333333333337,2.397184539452653
ergo_ground_truth,wind,2250,187.41666666666663,2.4212643129907363
ergo_ground_truth,wind,2251,187.5,2.4359858175891484
ergo_ground_truth,wind,2252,187.58333333333337,2.4197675941626433
ergo_ground_truth,wind,2253,187.66666666666663,2.401832911426414
ergo_ground_truth,wind,2254,187.75,2.379276766799212
ergo_ground_truth,wind,2255,187.83333333333337,2.3805483884606486
ergo_ground_truth,wind,2256,187.91666666666663,2.38570398434849
ergo_ground_truth,wind,2257,188.0,2.365098510308884
ergo_ground_truth,wind,2258,188.08333333333337,2.379970316692077
ergo_ground_truth,wind,2259,188.16666666666663,2.364682683932234
ergo_ground_truth,wind,2260,188.25,2.3475533107348263
ergo_ground_truth,wind,2261,188.33333333333337,2.3235226244787435
ergo_ground_truth,wind,2262,188.41666666666663,2.3168142015788007
ergo_ground_truth,wind,2263,188.5,2.3260165247183364
ergo_ground_truth,wind,2264,188.58333333333337,2.337034539768275
ergo_ground_truth,wind,2265,188.66666666666663,2.303244517808004
ergo_ground_truth,wind,2266,188.75,2.3203169058653645
ergo_ground_truth,wind,2267,188.83333333333337,2.3429175505598976
ergo_ground_truth,wind,2268,188.91666666666663,2.3007806944713067
ergo_ground_truth,wind,2269,189.0,2.2959236682191775
ergo_ground_truth,wind,2270,189.08333333333337,2.291642213067661
ergo_ground_truth,wind,2271,189.16666666666663,2.281695471148382
ergo_ground_truth,wind,2272,189.25,2.294746111502067
ergo_ground_truth,wind,2273,189.33333333333337,2.315306131435885
ergo_ground_truth,wind,2274,189.41666666666663,2.2906816502324756
ergo_ground_truth,wind,2275,189.5,2.3331101089348776
ergo_ground_truth,wind,2276,189.58333333333337,2.331925326782446
ergo_ground_truth,wind,2277,189.66666666666663,2.353222117385645
ergo_ground_truth,wind,2278,189.75,2.3331529216343845
ergo_ground_truth,wind,2279,189.83333333333337,2.36170326689238
ergo_ground_truth,wind,2280,189.91666666666663,2.338635667103148
ergo_ground_truth,wind,2281,190.0,2.339159845357331
ergo_ground_truth,wind,2282,190.08333333333337,2.3337775773437026
ergo_ground_truth,wind,2283,190.16666666666663,2.3337653534743557
ergo_ground_truth,wind,2284,190.25,2.3245747875384257
ergo_ground_truth,wind,2285,190.33333333333337,2.357265795143338
ergo_ground_truth,wind,2286,190.41666666666663,2.428686083400068
ergo_ground_truth,wind,2287,190.5,2.446601316661294
ergo_ground_truth,wind,2288,190.58333333333337,2.41027964134021
ergo_ground_truth,wind,2289,190.66666666666663,2.4227266636186298
ergo_ground_truth,wind,2290,190.75,2.4592253422424437
ergo_ground_truth,wind,2291,190.83333333333337,2.4903695818250586
ergo_ground_truth,wind,2292,190.91666666666663,2.481663779593775
ergo_ground_truth,wind,2293,191.0,2.5138441559815514
ergo_ground_truth,wind,2294,191.08333333333337,2.491897940649966
ergo_ground_truth,wind,2295,191.16666666666663,2.49674389848821
ergo_ground_truth,wind,2296,191.25,2.5057754372738894
ergo_ground_truth,wind,2297,191.33333333333337,2.4866613450323296
ergo_ground_truth,wind,2298,191.41666666666663,2.4837540593069827
ergo_ground_truth,wind,2299,191.5,2.4903523288374045
ergo_ground_truth,wind,2300,191.58333333333337,2.4975109170017644
ergo_ground_truth,wind,2301,191.66666666666663,2.5203583361348936
ergo_ground_truth,wind,2302,191.75,2.513382362884436
ergo_ground_truth,wind,2303,191.83333333333337,2.4987463937806953
ergo_ground_truth,wind,2304,191.91666666666663,2.4811250653784698
ergo_ground_truth,wind,2305,192.0,2.4831520750342335
ergo_ground_truth,wind,2306,192.08333333333337,2.468484053233857
ergo_ground_truth,wind,2307,192.16666666666663,2.4678134799510687
ergo_ground_truth,wind,2308,192.25,2.4523093682362016
ergo_ground_truth,wind,2309,192.33333333333337,2.443204376451733
ergo_ground_truth,wind,2310,192.41666666666663,2.4415191540852255
ergo_ground_truth,wind,2311,192.5,2.4332347061199684
ergo_ground_truth,wind,2312,192.58333333333337,2.4450761069138327
ergo_ground_truth,wind,2313,192.66666666666663,2.435869831214378
ergo_ground_truth,wind,2314,192.75,2.4374133352235843
ergo_ground_truth,wind,2315,192.83333333333337,2.435575137780838
ergo_ground_truth,wind,2316,192.91666666666663,2.4178599176116213
ergo_ground_truth,wind,2317,193.0,2.4063370564104463
ergo_ground_truth,wind,2318,193.08333333333337,2.3927870554396686
ergo_ground_truth,wind,2319,193.16666666666663,2.3698806833200257
ergo_ground_truth,wind,2320,193.25,2.377057554533678
ergo_ground_truth,wind,2321,193.33333333333337,2.3703926131756257
ergo_ground_truth,wind,2322,193.41666666666663,2.3727453075869502
ergo_ground_truth,wind,2323,193.5,2.3637368322759666
ergo_ground_truth,wind,2324,193.58333333333337,2.3630866089948603
ergo_ground_truth,wind,2325,193.66666666666663,2.3451437073861405
ergo_ground_truth,wind,2326,193.75,2.3518449427407937
ergo_ground_truth,wind,2327,193.83333333333337,2.3282119081762342
ergo_ground_truth,wind,2328,193.91666666666663,2.3119637664149475
ergo_ground_truth,wind,2329,194.0,2.312997393749712
ergo_ground_truth,wind,2330,194.08333333333337,2.3059745127906854
ergo_ground_truth,wind,2331,194.16666666666663,2.306463599780202
ergo_ground_truth,wind,2332,194.25,2.3003191674179737
ergo_ground_truth,wind,2333,194.33333333333337,2.3040475267745157
ergo_ground_truth,wind,2334,194.41666666666663,2.279956943187859
ergo_ground_truth,wind,2335,194.5,2.273853153189779
ergo_ground_truth,wind,2336,194.58333333333337,2.2804678206708417
ergo_ground_truth,wind,2337,194.66666666666663,2.2746529233128965
ergo_ground_truth,wind,2338,194.75,2.267653930537998
ergo_ground_truth,wind,2339,194.83333333333337,2.2584385071933317
ergo_ground_truth,wind,2340,194.91666666666663,2.273051001430101
ergo_ground_truth,wind,2341,195.0,2.2676630555962927
ergo_ground_truth,wind,2342,195.08333333333337,2.2570428749699163
ergo_ground_truth,wind,2343,195.16666666666663,2.2694634328429624
ergo_ground_truth,wind,2344,195.25,2.275565663571722
ergo_ground_truth,wind,2345,195.33333333333337,2.275621567979241
ergo_ground_truth,wind,2346,195.41666666666663,2.2556488094970937
ergo_ground_truth,wind,2347,195.5,2.269969769994236
ergo_ground_truth,wind,2348,195.58333333333337,2.2639713837625877
ergo_ground_truth,wind,2349,195.66666666666663,2.2802395492984453
ergo_ground_truth,wind,2350,195.75,2.2815491939329
ergo_ground_truth,wind,2351,195.83333333333337,2.2872607476658198
ergo_ground_truth,wind,2352,195.91666666666663,2.281378094762354
ergo_ground_truth,wind,2353,196.0,2.2989463646573505
ergo_ground_truth,wind,2354,196.08333333333337,2.3236362110408764
ergo_ground_truth,wind,2355,196.16666666666663,2.332334840425916
ergo_ground_truth,wind,2356,196.25,2.321486429168078
ergo_ground_truth,wind,2357,196.33333333333337,2.3219680432782424
ergo_ground_truth,wind,2358,196.41666666666663,2.3359439013488874
ergo_ground_truth,wind,2359,196.5,2.3420707501653593
ergo_ground_truth,wind,2360,196.58333333333337,2.3518850710770973
ergo_ground_truth,wind,2361,196.66666666666663,2.357517223956495
ergo_ground_truth,wind,2362,196.75,2.395304224378578
ergo_ground_truth,wind,2363,196.83333333333337,2.382034388246137
ergo_ground_truth,wind,2364,196.91666666666663,2.39515270147065
ergo_ground_truth,wind,2365,197.0,2.42804897969407
ergo_ground_truth,wind,2366,197.08333333333337,2.435811229823732
ergo_ground_truth,wind,2367,197.16666666666663,2.441087180945579
ergo_ground_truth,wind,2368,197.25,2.4611071434328107
ergo_ground_truth,wind,2369,197.33333333333337,2.4786937574635197
ergo_ground_truth,wind,2370,197.41666666666663,2.4876831129915047
ergo_ground_truth,wind,2371,197.5,2.4846086836394345
ergo_ground_truth,wind,2372,197.58333333333337,2.476063147153118
ergo_ground_truth,wind,2373,197.66666666666663,2.489777473650336
ergo_ground_truth,wind,2374,197.75,2.4704217137618185
ergo_ground_truth,wind,2375,197.83333333333337,2.477615891896506
ergo_ground_truth,wind,2376,197.91666666666663,2.4818102187369746
ergo_ground_truth,wind,2377,198.0,2.4868682959737773
ergo_ground_truth,wind,2378,198.08333333333337,2.4747459915596166
ergo_ground_truth,wind,2379,198.16666666666663,2.4801552350878207
ergo_ground_truth,wind,2380,198.25,2.466512029298354
ergo_ground_truth,wind,2381,198.33333333333337,2.440250747593506
ergo_ground_truth,wind,2382,198.41666666666663,2.443805432239613
ergo_ground_truth,wind,2383,198.5,2.447888222096567
ergo_ground_truth,wind,2384,198.58333333333337,2.4490501117801937
ergo_ground_truth,wind,2385,198.66666666666663,2.4471525749431007
ergo_ground_truth,wind,2386,198.75,2.4087369971293313
ergo_ground_truth,wind,2387,198.83333333333337,2.4063010361478523
ergo_ground_truth,wind,2388,198.91666666666663,2.416142036712107
ergo_ground_truth,wind,2389,199.0,2.4149727121161075
ergo_ground_truth,wind,2390,199.08333333333337,2.378501322875915
ergo_ground_truth,wind,2391,199.16666666666663,2.3644657565645626
ergo_ground_truth,wind,2392,199.25,2.3704931404154097
ergo_ground_truth,wind,2393,199.33333333333337,2.356591477723265
ergo_ground_truth,wind,2394,199.41666666666663,2.3370083874330736
ergo_ground_truth,wind,2395,199.5,2.3080177261876127
ergo_ground_truth,wind,2396,199.58333333333337,2.3102593863835033
ergo_ground_truth,wind,2397,199.66666666666663,2.309302192148725
ergo_ground_truth,wind,2398,199.75,2.319831746762311
ergo_ground_truth,wind,2399,199.83333333333337,2.3126138984873585
ergo_ground_truth,wind,2400,199.91666666666663,2.309795754087581
ergo_ground_truth,wind,2401,200.0,2.2910553610911766
ergo_ground_truth,wind,2402,200.08333333333337,2.2560725818994447
ergo_ground_truth,wind,2403,200.16666666666663,2.2608830354949796
ergo_ground_truth,wind,2404,200.25,2.2610453826528794
ergo_ground_truth,wind,2405,200.33333333333337,2.2521015160813276
ergo_ground_truth,wind,2406,200.41666666666663,2.2153356531068464
ergo_ground_truth,wind,2407,200.5,2.2473876632348673
ergo_ground_truth,wind,2408,200.58333333333337,2.2318141775424905
ergo_ground_truth,wind,2409,200.66666666666663,2.246432943140088
ergo_ground_truth,wind,2410,200.75,2.240773583337301
ergo_ground_truth,wind,2411,200.83333333333337,2.255289069239335
ergo_ground_truth,wind,2412,200.91666666666663,2.2344352890228802
ergo_ground_truth,wind,2413,201.0,2.233310970563581
ergo_ground_truth,wind,2414,201.08333333333337,2.2343629778088094
ergo_ground_truth,wind,2415,201.16666666666663,2.2393221844564044
ergo_ground_truth,wind,2416,201.25,2.240083619065388
ergo_ground_truth,wind,2417,201.33333333333337,2.2155989887582797
ergo_ground_truth,wind,2418,201.41666666666663,2.214616064648872
ergo_ground_truth,wind,2419,201.5,2.2127239870314535
ergo_ground_truth,wind,2420,201.58333333333337,2.2243759663181493
ergo_ground_truth,wind,2421,201.66666666666663,2.1952892939812134
ergo_ground_truth,wind,2422,201.75,2.208437078776371
ergo_ground_truth,wind,2423,201.83333333333337,2.237715859584479
ergo_ground_truth,wind,2424,201.91666666666663,2.2516010368225134
ergo_ground_truth,wind,2425,202.0,2.2577608588708604
ergo_ground_truth,wind,2426,202.08333333333337,2.257522720699572
ergo_ground_truth,wind,2427,202.16666666666663,2.2816752473984554
ergo_ground_truth,wind,2428,202.25,2.2748313007933274
ergo_ground_truth,wind,2429,202.33333333333337,2.2620687621667206
ergo_ground_truth,wind,2430,202.41666666666663,2.253056389236284
ergo_ground_truth,wind,2431,202.5,2.2281397724476593
ergo_ground_truth,wind,2432,202.58333333333337,2.2193836285452853
ergo_ground_truth,wind,2433,202.66666666666663,2.224031233891718
ergo_ground_truth,wind,2434,202.75,2.245683299003145
ergo_ground_truth,wind,2435,202.83333333333337,2.240918702217235
ergo_ground_truth,wind,2436,202.91666666666663,2.257883204128548
ergo_ground_truth,wind,2437,203.0,2.2588965206563767
ergo_ground_truth,wind,2438,203.08333333333337,2.251911413470375
ergo_ground_truth,wind,2439,203.16666666666663,2.251052817973368
ergo_ground_truth,wind,2440,203.25,2.2779073232673244
ergo_ground_truth,wind,2441,203.33333333333337,2.2970940663079125
ergo_ground_truth,wind,2442,203.41666666666663,2.3048601657671983
ergo_ground_truth,wind,2443,203.5,2.3216367791915573
ergo_ground_truth,wind,2444,203.58333333333337,2.354578268240771
ergo_ground_truth,wind,2445,203.66666666666663,2.363642772587594
ergo_ground_truth,wind,2446,203.75,2.3773991537553494
ergo_ground_truth,wind,2447,203.83333333333337,2.3699170179675564
ergo_ground_truth,wind,2448,203.91666666666663,2.3785358438295776
ergo_ground_truth,wind,2449,204.0,2.404970084213683
ergo_ground_truth,wind,2450,204.08333333333337,2.4008859490433476
ergo_ground_truth,wind,2451,204.16666666666663,2.421188925476093
ergo_ground_truth,wind,2452,204.25,2.4103690462610454
ergo_ground_truth,wind,2453,204.33333333333337,2.4188911916419267
ergo_ground_truth,wind,2454,204.41666666666663,2.4123980930059252
ergo_ground_truth,wind,2455,204.5,2.4458650542576597
ergo_ground_truth,wind,2456,204.58333333333337,2.4602165670489966
ergo_ground_truth,wind,2457,204.66666666666663,2.4801551143432614
ergo_ground_truth,wind,2458,204.75,2.4977656566906536
ergo_ground_truth,wind,2459,204.83333333333337,2.471424022829313
ergo_ground_truth,wind,2460,204.91666666666663,2.482244523351017
ergo_ground_truth,wind,2461,205.0,2.5060145728641925
ergo_ground_truth,wind,2462,205.08333333333337,2.4846855980343974
ergo_ground_truth,wind,2463,205.16666666666663,2.510058376814859
ergo_ground_truth,wind,2464,205.25,2.5636280055013922
ergo_ground_truth,wind,2465,205.33333333333337,2.514106114618105
ergo_ground_truth,wind,2466,205.41666666666663,2.5238187858379346
ergo_ground_truth,wind,2467,205.5,2.5005628163167684
ergo_ground_truth,wind,2468,205.58333333333337,2.538470443617986
ergo_ground_truth,wind,2469,205.66666666666663,2.5113016325985993
ergo_ground_truth,wind,2470,205.75,2.528707514281135
ergo_ground_truth,wind,2471,205.83333333333337,2.5291003834341197
ergo_ground_truth,wind,2472,205.91666666666663,2.550497626246698
ergo_ground_truth,wind,2473,206.0,2.553204074614211
ergo_ground_truth,wind,2474,206.08333333333337,2.541529957502075
ergo_ground_truth,wind,2475,206.16666666666663,2.532183435897001
ergo_ground_truth,wind,2476,206.25,2.5161548252824586
ergo_ground_truth,wind,2477,206.33333333333337,2.526725100614211
ergo_ground_truth,wind,2478,206.41666666666663,2.5587576945230186
ergo_ground_truth,wind,2479,206.5,2.5719818648170474
ergo_ground_truth,wind,2480,206.58333333333337,2.5488032845600754
ergo_ground_truth,wind,2481,206.66666666666663,2.5325629205145623
ergo_ground_truth,wind,2482,206.75,2.555939308157089
ergo_ground_truth,wind,2483,206.83333333333337,2.5190909876650593
ergo_ground_truth,wind,2484,206.91666666666663,2.5080948938790883
ergo_ground_truth,wind,2485,207.0,2.489744361697784
ergo_ground_truth,wind,2486,207.08333333333337,2.45332133017553
ergo_ground_truth,wind,2487,207.16666666666663,2.4644905111513498
ergo_ground_truth,wind,2488,207.25,2.4426817188621053
ergo_ground_truth,wind,2489,207.33333333333337,2.4294153098460276
ergo_ground_truth,wind,2490,207.41666666666663,2.442421431475249
ergo_ground_truth,wind,2491,207.5,2.408398644449167
ergo_ground_truth,wind,2492,207.58333333333337,2.3989376074256095
ergo_ground_truth,wind,2493,207.66666666666663,2.3927153815756204
ergo_ground_truth,wind,2494,207.75,2.3865856789225677
ergo_ground_truth,wind,2495,207.83333333333337,2.412112652092783
ergo_ground_truth,wind,2496,207.91666666666663,2.4205237456424196
ergo_ground_truth,wind,2497,208.0,2.4161708474260095
ergo_ground_truth,wind,2498,208.08333333333337,2.3514714212850145
ergo_ground_truth,wind,2499,208.16666666666663,2.3788195789832196
ergo_ground_truth,wind,2500,208.25,2.377350530910314
ergo_ground_truth,wind,2501,208.33333333333337,2.3742805176031996
ergo_ground_truth,wind,2502,208.41666666666663,2.350459109839801
ergo_ground_truth,wind,2503,208.5,2.3835457044630113
ergo_ground_truth,wind,2504,208.58333333333337,2.3627335286919005
ergo_ground_truth,wind,2505,208.66666666666663,2.3866584025498927
ergo_ground_truth,wind,2506,208.75,2.400728859957267
ergo_ground_truth,wind,2507,208.83333333333337,2.4416658543513656
ergo_ground_truth,wind,2508,208.91666666666663,2.4666970172906977
ergo_ground_truth,wind,2509,209.0,2.4786851953434565
ergo_ground_truth,wind,2510,209.08333333333337,2.5392446480050355
ergo_ground_truth,wind,2511,209.16666666666663,2.5274697469203264
ergo_ground_truth,wind,2512,209.25,2.5203077011025825
ergo_ground_truth,wind,2513,209.33333333333337,2.4808879314802783
ergo_ground_truth,wind,2514,209.41666666666663,2.5315390451849993
ergo_ground_truth,wind,2515,209.5,2.5168632476032067
ergo_ground_truth,wind,2516,209.58333333333337,2.5339527825530173
ergo_ground_truth,wind,2517,209.66666666666663,2.5629114395406467
ergo_ground_truth,wind,2518,209.75,2.601278583573863
ergo_ground_truth,wind,2519,209.83333333333337,2.5650677766931205
ergo_ground_truth,wind,2520,209.91666666666663,2.597884411440841
ergo_ground_truth,wind,2521,210.0,2.597834141574564
ergo_ground_truth,wind,2522,210.08333333333337,2.615298567847115
ergo_ground_truth,wind,2523,210.16666666666663,2.62567604858971
ergo_ground_truth,wind,2524,210.25,2.6228265755689137
ergo_ground_truth,wind,2525,210.33333333333337,2.612043541500537
ergo_ground_truth,wind,2526,210.41666666666663,2.645396529203111
ergo_ground_truth,wind,2527,210.5,2.650364903925642
ergo_ground_truth,wind,2528,210.58333333333337,2.632967684482894
ergo_ground_truth,wind,2529,210.66666666666663,2.612844088506062
ergo_ground_truth,wind,2530,210.75,2.612179075152125
ergo_ground_truth,wind,2531,210.83333333333337,2.6078545935953534
ergo_ground_truth,wind,2532,210.91666666666663,2.613663934952501
ergo_ground_truth,wind,2533,211.0,2.60734779118995
ergo_ground_truth,wind,2534,211.08333333333337,2.6053177963169643
ergo_ground_truth,wind,2535,211.16666666666663,2.6055542115683505
ergo_ground_truth,wind,2536,211.25,2.6022413771620885
ergo_ground_truth,wind,2537,211.33333333333337,2.5965395347181213
ergo_ground_truth,wind,2538,211.41666666666663,2.5759371040099768
ergo_ground_truth,wind,2539,211.5,2.5830888267398513
ergo_ground_truth,wind,2540,211.58333333333337,2.587982940269946
ergo_ground_truth,wind,2541,211.66666666666663,2.5931522933757827
ergo_ground_truth,wind,2542,211.75,2.5781294745048724
ergo_ground_truth,wind,2543,211.83333333333337,2.571870905758173
ergo_ground_truth,wind,2544,211.91666666666663,2.541374304631747
ergo_ground_truth,wind,2545,212.0,2.531443893949858
ergo_ground_truth,wind,2546,212.08333333333337,2.522735040910941
ergo_ground_truth,wind,2547,212.16666666666663,2.508818487612318
ergo_ground_truth,wind,2548,212.25,2.496286942466792
ergo_ground_truth,wind,2549,212.33333333333337,2.5019567715107467
ergo_ground_truth,wind,2550,212.41666666666663,2.482815185862197
ergo_ground_truth,wind,2551,212.5,2.4918820109189355
ergo_ground_truth,wind,2552,212.58333333333337,2.471521391095984
ergo_ground_truth,wind,2553,212.66666666666663,2.474017783028596
ergo_ground_truth,wind,2554,212.75,2.4699604194705036
ergo_ground_truth,wind,2555,212.83333333333337,2.4500165305289636
ergo_ground_truth,wind,2556,212.91666666666663,2.439084322242592
ergo_ground_truth,wind,2557,213.0,2.4283641125181257
ergo_ground_truth,wind,2558,213.08333333333337,2.425669997827058
ergo_ground_truth,wind,2559,213.16666666666663,2.4094111262502125
ergo_ground_truth,wind,2560,213.25,2.400036245510207
ergo_ground_truth,wind,2561,213.33333333333337,2.39986329049171
ergo_ground_truth,wind,2562,213.41666666666663,2.3874395295638893
ergo_ground_truth,wind,2563,213.5,2.4019335194421196
ergo_ground_truth,wind,2564,213.58333333333337,2.3897754324449885
ergo_ground_truth,wind,2565,213.66666666666663,2.381231483753805
ergo_ground_truth,wind,2566,213.75,2.369917173595833
ergo_ground_truth,wind,2567,213.83333333333337,2.379564403627263
ergo_ground_truth,wind,2568,213.91666666666663,2.3957451460888692
ergo_ground_truth,wind,2569,214.0,2.4033788960811733
ergo_ground_truth,wind,2570,214.08333333333337,2.3987854751471818
ergo_ground_truth,wind,2571,214.16666666666663,2.413329240670607
ergo_ground_truth,wind,2572,214.25,2.4074286713488644
ergo_ground_truth,wind,2573,214.33333333333337,2.4063042587965087
ergo_ground_truth,wind,2574,214.41666666666663,2.3806941769564096
ergo_ground_truth,wind,2575,214.5,2.3821207678319256
ergo_ground_truth,wind,2576,214.58333333333337,2.3929310111639723
ergo_ground_truth,wind,2577,214.66666666666663,2.384963758389432
ergo_ground_truth,wind,2578,214.75,2.392951356334153
ergo_ground_truth,wind,2579,214.83333333333337,2.4108337811530776
ergo_ground_truth,wind,2580,214.91666666666663,2.390036825634847
ergo_ground_truth,wind,2581,215.0,2.410430653078444
ergo_ground_truth,wind,2582,215.08333333333337,2.4160369026723645
ergo_ground_truth,wind,2583,215.16666666666663,2.417141403588962
ergo_ground_truth,wind,2584,215.25,2.4284563821434535
ergo_ground_truth,wind,2585,215.33333333333337,2.4191601294919036
ergo_ground_truth,wind,2586,215.41666666666663,2.4283137531660266
ergo_ground_truth,wind,2587,215.5,2.4297812241061014
ergo_ground_truth,wind,2588,215.58333333333337,2.443514058190822
ergo_ground_truth,wind,2589,215.66666666666663,2.4579953611700693
ergo_ground_truth,wind,2590,215.75,2.4658582146437467
ergo_ground_truth,wind,2591,215.83333333333337,2.4847432797163638
ergo_ground_truth,wind,2592,215.91666666666663,2.4941266131632265
ergo_ground_truth,wind,2593,216.0,2.49010232814843
ergo_ground_truth,wind,2594,216.08333333333337,2.48496879002942
ergo_ground_truth,wind,2595,216.16666666666663,2.4957239519509753
ergo_ground_truth,wind,2596,216.25,2.524592362280424
ergo_ground_truth,wind,2597,216.33333333333337,2.546156771095978
ergo_ground_truth,wind,2598,216.41666666666663,2.5295344657349115
ergo_ground_truth,wind,2599,216.5,2.5203911754265618
ergo_ground_truth,wind,2600,216.58333333333337,2.521363843537537
ergo_ground_truth,wind,2601,216.66666666666663,2.527271307614728
ergo_ground_truth,wind,2602,216.75,2.553817318647837
ergo_ground_truth,wind,2603,216.83333333333337,2.583071727982423
ergo_ground_truth,wind,2604,216.91666666666663,2.596537138082485
ergo_ground_truth,wind,2605,217.0,2.5989680673620854
ergo_ground_truth,wind,2606,217.08333333333337,2.608793283501196
ergo_ground_truth,wind,2607,217.16666666666663,2.601585983407515
ergo_ground_truth,wind,2608,217.25,2.602767773061636
ergo_ground_truth,wind,2609,217.33333333333337,2.56568413726769
ergo_ground_truth,wind,2610,217.41666666666663,2.5412313092126437
ergo_ground_truth,wind,2611,217.5,2.558161610514171
ergo_ground_truth,wind,2612,217.58333333333337,2.5745429112804055
ergo_ground_truth,wind,2613,217.66666666666663,2.567842399655245
ergo_ground_truth,wind,2614,217.75,2.546671554815122
ergo_ground_truth,wind,2615,217.83333333333337,2.521825126812762
ergo_ground_truth,wind,2616,217.91666666666663,2.519677917944164
ergo_ground_truth,wind,2617,218.0,2.4805131225131887
ergo_ground_truth,wind,2618,218.08333333333337,2.490261958202203
ergo_ground_truth,wind,2619,218.16666666666663,2.4780605608617883
ergo_ground_truth,wind,2620,218.25,2.480806023227749
ergo_ground_truth,wind,2621,218.33333333333337,2.47863940528949
ergo_ground_truth,wind,2622,218.41666666666663,2.4663736246111956
ergo_ground_truth,wind,2623,218.5,2.443437994728613
ergo_ground_truth,wind,2624,218.58333333333337,2.410895072388486
ergo_ground_truth,wind,2625,218.66666666666663,2.4180171597255073
ergo_ground_truth,wind,2626,218.75,2.4331602650174693
ergo_ground_truth,wind,2627,218.83333333333337,2.3920544499720084
ergo_ground_truth,wind,2628,218.91666666666663,2.4170040899329526
ergo_ground_truth,wind,2629,219.0,2.39798733569935
ergo_ground_truth,wind,2630,219.08333333333337,2.4125996410813286
ergo_ground_truth,wind,2631,219.16666666666663,2.4068485185092405
ergo_ground_truth,wind,2632,219.25,2.396287439798418
ergo_ground_truth,wind,2633,219.33333333333337,2.3745085723972195
ergo_ground_truth,wind,2634,219.41666666666663,2.3598597550084417
ergo_ground_truth,wind,2635,219.5,2.350479895679038
ergo_ground_truth,wind,2636,219.58333333333337,2.3333448525802427
ergo_ground_truth,wind,2637,219.66666666666663,2.3267584780747343
ergo_ground_truth,wind,2638,219.75,2.3410025271523516
ergo_ground_truth,wind,2639,219.83333333333337,2.322147820354096
ergo_ground_truth,wind,2640,219.91666666666663,2.3143319087631093
ergo_ground_truth,wind,2641,220.0,2.3139160375732892
ergo_ground_truth,wind,2642,220.08333333333337,2.3233155034126334
ergo_ground_truth,wind,2643,220.16666666666663,2.356794708336955
ergo_ground_truth,wind,2644,220.25,2.3740016195895097
ergo_ground_truth,wind,2645,220.33333333333337,2.361097270706797
ergo_ground_truth,wind,2646,220.41666666666663,2.3488536068406676
ergo_ground_truth,wind,2647,220.5,2.3080345612148787
ergo_ground_truth,wind,2648,220.58333333333337,2.309544161360013
ergo_ground_truth,wind,2649,220.66666666666663,2.3084918730641326
ergo_ground_truth,wind,2650,220.75,2.2975913346982746
ergo_ground_truth,wind,2651,220.83333333333337,2.282980498777725
ergo_ground_truth,wind,2652,220.91666666666663,2.2804811330327
ergo_ground_truth,wind,2653,221.0,2.312285153619185
ergo_ground_truth,wind,2654,221.08333333333337,2.3070177090565562
ergo_ground_truth,wind,2655,221.16666666666663,2.308675064142176
ergo_ground_truth,wind,2656,221.25,2.319299887784363
ergo_ground_truth,wind,2657,221.33333333333337,2.3089098420997605
ergo_ground_truth,wind,2658,221.41666666666663,2.318248311547018
ergo_ground_truth,wind,2659,221.5,2.3379993254755376
ergo_ground_truth,wind,2660,221.58333333333337,2.3552766616591696
ergo_ground_truth,wind,2661,221.66666666666663,2.35703504978995
ergo_ground_truth,wind,2662,221.75,2.3538105611182223
ergo_ground_truth,wind,2663,221.83333333333337,2.3538608458643533
ergo_ground_truth,wind,2664,221.91666666666663,2.392631114568466
ergo_ground_truth,wind,2665,222.0,2.399224319168819
ergo_ground_truth,wind,2666,222.08333333333337,2.4123097225083256
ergo_ground_truth,wind,2667,222.16666666666663,2.3936712062548455
ergo_ground_truth,wind,2668,222.25,2.3984026492920236
ergo_ground_truth,wind,2669,222.33333333333337,2.426182661342142
ergo_ground_truth,wind,2670,222.41666666666663,2.4550800359151093
ergo_ground_truth,wind,2671,222.5,2.3975961991597488
ergo_ground_truth,wind,2672,222.58333333333337,2.4045389454588153
ergo_ground_truth,wind,2673,222.66666666666663,2.387454033567763
ergo_ground_truth,wind,2674,222.75,2.4088821107171525
ergo_ground_truth,wind,2675,222.83333333333337,2.428254398006192
ergo_ground_truth,wind,2676,222.91666666666663,2.4501015333855505
ergo_ground_truth,wind,2677,223.0,2.4972413531220146
ergo_ground_truth,wind,2678,223.08333333333337,2.4838933809487584
ergo_ground_truth,wind,2679,223.16666666666663,2.5007239193692206
ergo_ground_truth,wind,2680,223.25,2.5356613268683748
ergo_ground_truth,wind,2681,223.33333333333337,2.526497629057412
ergo_ground_truth,wind,2682,223.41666666666663,2.5194607730609895
ergo_ground_truth,wind,2683,223.5,2.5625934251102445
ergo_ground_truth,wind,2684,223.58333333333337,2.57440058298311
ergo_ground_truth,wind,2685,223.66666666666663,2.5745134428496375
ergo_ground_truth,wind,2686,223.75,2.6267906932624436
ergo_ground_truth,wind,2687,223.83333333333337,2.63197608828104
ergo_ground_truth,wind,2688,223.91666666666663,2.6005189710134085
ergo_ground_truth,wind,2689,224.0,2.6078949229604986
ergo_ground_truth,wind,2690,224.08333333333337,2.606068858232483
ergo_ground_truth,wind,2691,224.16666666666663,2.6068366205360913
ergo_ground_truth,wind,2692,224.25,2.6359563212812915
ergo_ground_truth,wind,2693,224.33333333333337,2.6339154361991515
ergo_ground_truth,wind,2694,224.41666666666663,2.610590659489516
ergo_ground_truth,wind,2695,224.5,2.6169072913519065
ergo_ground_truth,wind,2696,224.58333333333337,2.621179787079749
ergo_ground_truth,wind,2697,224.66666666666663,2.6310793202817706
ergo_ground_truth,wind,2698,224.75,2.6093905985564154
ergo_ground_truth,wind,2699,224.83333333333337,2.614542818436405
ergo_ground_truth,wind,2700,224.91666666666663,2.6274767879492744
ergo_ground_truth,wind,2701,225.0,2.625107901000364
ergo_ground_truth,wind,2702,225.08333333333337,2.6231099976156917
ergo_ground_truth,wind,2703,225.16666666666663,2.6249189832501147
ergo_ground_truth,wind,2704,225.25,2.619597728548293
ergo_ground_truth,wind,2705,225.33333333333337,2.6199530152864843
ergo_ground_truth,wind,2706,225.41666666666663,2.609258781430418
ergo_ground_truth,wind,2707,225.5,2.597361842594322
ergo_ground_truth,wind,2708,225.58333333333337,2.5945032800322365
ergo_ground_truth,wind,2709,225.66666666666663,2.570605424714723
ergo_ground_truth,wind,2710,225.75,2.5633294514034035
ergo_ground_truth,wind,2711,225.83333333333337,2.5745061569978276
ergo_ground_truth,wind,2712,225.91666666666663,2.588435923572433
ergo_ground_truth,wind,2713,226.0,2.590885676599282
ergo_ground_truth,wind,2714,226.08333333333337,2.5939603122437758
ergo_ground_truth,wind,2715,226.16666666666663,2.631790040106609
ergo_ground_truth,wind,2716,226.25,2.661184465301459
ergo_ground_truth,wind,2717,226.33333333333337,2.6795430517672254
ergo_ground_truth,wind,2718,226.41666666666663,2.6662476733766063
ergo_ground_truth,wind,2719,226.5,2.6301949052721976
ergo_ground_truth,wind,2720,226.58333333333337,2.622179371237752
ergo_ground_truth,wind,2721,226.66666666666663,2.621286023814032
ergo_ground_truth,wind,2722,226.75,2.6291132939863044
ergo_ground_truth,wind,2723,226.83333333333337,2.629455324354986
ergo_ground_truth,wind,2724,226.91666666666663,2.6244134986811716
ergo_ground_truth,wind,2725,227.0,2.607387525379614
ergo_ground_truth,wind,2726,227.08333333333337,2.586569745418973
ergo_ground_truth,wind,2727,227.16666666666663,2.583674692313246
ergo_ground_truth,wind,2728,227.25,2.568109501718931
ergo_ground_truth,wind,2729,227.33333333333337,2.585642058777356
ergo_ground_truth,wind,2730,227.41666666666663,2.5799477368157917
ergo_ground_truth,wind,2731,227.5,2.563921125471246
ergo_ground_truth,wind,2732,227.58333333333337,2.5810600628681644
ergo_ground_truth,wind,2733,227.66666666666663,2.599000617900049
ergo_ground_truth,wind,2734,227.75,2.5887512685388527
ergo_ground_truth,wind,2735,227.83333333333337,2.601304687269213
ergo_ground_truth,wind,2736,227.91666666666663,2.6143062595500264
ergo_ground_truth,wind,2737,228.0,2.5929818932502706
ergo_ground_truth,wind,2738,228.08333333333337,2.6106439154139562
ergo_ground_truth,wind,2739,228.16666666666663,2.60979501623209
ergo_ground_truth,wind,2740,228.25,2.6110087926347245
ergo_ground_truth,wind,2741,228.33333333333337,2.6220127108717084
ergo_ground_truth,wind,2742,228.41666666666663,2.6031402400891652
ergo_ground_truth,wind,2743,228.5,2.5890361069261436
ergo_ground_truth,wind,2744,228.58333333333337,2.582269401964313
ergo_ground_truth,wind,2745,228.66666666666663,2.602456719431995
ergo_ground_truth,wind,2746,228.75,2.606836367183105
ergo_ground_truth,wind,2747,228.83333333333337,2.630497879126268
ergo_ground_truth,wind,2748,228.91666666666663,2.6474897707773213
ergo_ground_truth,wind,2749,229.0,2.59822247459394
ergo_ground_truth,wind,2750,229.08333333333337,2.599096945573628
ergo_ground_truth,wind,2751,229.16666666666663,2.6141398291168723
ergo_ground_truth,wind,2752,229.25,2.607209956323809
ergo_ground_truth,wind,2753,229.33333333333337,2.5850491418271195
ergo_ground_truth,wind,2754,229.41666666666663,2.6088810602073145
ergo_ground_truth,wind,2755,229.5,2.6323698285232062
ergo_ground_truth,wind,2756,229.58333333333337,2.6325142759164057
ergo_ground_truth,wind,2757,229.66666666666663,2.625582978762767
ergo_ground_truth,wind,2758,229.75,2.608976069208761
ergo_ground_truth,wind,2759,229.83333333333337,2.597845655897655
ergo_ground_truth,wind,2760,229.91666666666663,2.5747881045597123
ergo_ground_truth,wind,2761,230.0,2.608639527494412
ergo_ground_truth,wind,2762,230.08333333333337,2.6351728075380745
ergo_ground_truth,wind,2763,230.16666666666663,2.6134773263311892
ergo_ground_truth,wind,2764,230.25,2.6440491188790993
ergo_ground_truth,wind,2765,230.33333333333337,2.6453601827740383
ergo_ground_truth,wind,2766,230.41666666666663,2.6358206609100847
ergo_ground_truth,wind,2767,230.5,2.6122859894838744
ergo_ground_truth,wind,2768,230.58333333333337,2.599543525100054
ergo_ground_truth,wind,2769,230.66666666666663,2.619903294262207
ergo_ground_truth,wind,2770,230.75,2.6518022763760722
ergo_ground_truth,wind,2771,230.83333333333337,2.6261062048722854
ergo_ground_truth,wind,2772,230.91666666666663,2.6242242010147483
ergo_ground_truth,wind,2773,231.0,2.6159403300053268
ergo_ground_truth,wind,2774,231.08333333333337,2.616367462876122
ergo_ground_truth,wind,2775,231.16666666666663,2.6367278439738904
ergo_ground_truth,wind,2776,231.25,2.6459909822279353
ergo_ground_truth,wind,2777,231.33333333333337,2.6487700897431
ergo_ground_truth,wind,2778,231.41666666666663,2.6289549316502203
ergo_ground_truth,wind,2779,231.5,2.6210664901492944
ergo_ground_truth,wind,2780,231.58333333333337,2.6328986263695833
ergo_ground_truth,wind,2781,231.66666666666663,2.6078488029230744
ergo_ground_truth,wind,2782,231.75,2.599631384070837
ergo_ground_truth,wind,2783,231.83333333333337,2.5765389518789577
ergo_ground_truth,wind,2784,231.91666666666663,2.586129675234277
ergo_ground_truth,wind,2785,232.0,2.5888142134793917
ergo_ground_truth,wind,2786,232.08333333333337,2.5921248585175753
ergo_ground_truth,wind,2787,232.16666666666663,2.5911615343967878
ergo_ground_truth,wind,2788,232.25,2.5925053599967636
ergo_ground_truth,wind,2789,232.33333333333337,2.585606327591921
ergo_ground_truth,wind,2790,232.41666666666663,2.5662500664075734
ergo_ground_truth,wind,2791,232.5,2.5642825946296925
ergo_ground_truth,wind,2792,232.58333333333337,2.5719887251687106
ergo_ground_truth,wind,2793,232.66666666666663,2.585823991599139
ergo_ground_truth,wind,2794,232.75,2.5957428652535883
ergo_ground_truth,wind,2795,232.83333333333337,2.579453654082725
ergo_ground_truth,wind,2796,232.91666666666663,2.568427513329562
ergo_ground_truth,wind,2797,233.0,2.58918034634142
ergo_ground_truth,wind,2798,233.08333333333337,2.5992308238913946
ergo_ground_truth,wind,2799,233.16666666666663,2.599260634426422
ergo_ground_truth,wind,2800,233.25,2.597112326752405
ergo_ground_truth,wind,2801,233.33333333333337,2.6066512914811457
ergo_ground_truth,wind,2802,233.41666666666663,2.6296919720825054
ergo_ground_truth,wind,2803,233.5,2.6054097802391043
ergo_ground_truth,wind,2804,233.58333333333337,2.619526341396889
ergo_ground_truth,wind,2805,233.66666666666663,2.603888228684343
ergo_ground_truth,wind,2806,233.75,2.604315050773924
ergo_ground_truth,wind,2807,233.83333333333337,2.5991059007685977
ergo_ground_truth,wind,2808,233.91666666666663,2.6001388427479535
ergo_ground_truth,wind,2809,234.0,2.6049617761274155
ergo_ground_truth,wind,2810,234.08333333333337,2.6113869495327418
ergo_ground_truth,wind,2811,234.16666666666663,2.576313022061665
ergo_ground_truth,wind,2812,234.25,2.585116180934735
ergo_ground_truth,wind,2813,234.33333333333337,2.5868533831019955
ergo_ground_truth,wind,2814,234.41666666666663,2.6041574637032165
ergo_ground_truth,wind,2815,234.5,2.6310554920574547
ergo_ground_truth,wind,2816,234.58333333333337,2.6313674117322754
ergo_ground_truth,wind,2817,234.66666666666663,2.6492949635625855
ergo_ground_truth,wind,2818,234.75,2.6586176909033115
ergo_ground_truth,wind,2819,234.83333333333337,2.6395080837061182
ergo_ground_truth,wind,2820,234.91666666666663,2.6333403030218467
ergo_ground_truth,wind,2821,235.0,2.6446139461182896
ergo_ground_truth,wind,2822,235.08333333333337,2.6389512234159884
ergo_ground_truth,wind,2823,235.16666666666663,2.6280507143026166
ergo_ground_truth,wind,2824,235.25,2.6301208952445525
ergo_ground_truth,wind,2825,235.33333333333337,2.634304269262473
ergo_ground_truth,wind,2826,235.41666666666663,2.620108814277232
ergo_ground_truth,wind,2827,235.5,2.6056382008707355
ergo_ground_truth,wind,2828,235.58333333333337,2.5988797715221996
ergo_ground_truth,wind,2829,235.66666666666663,2.581202345660599
ergo_ground_truth,wind,2830,235.75,2.604329472882327
ergo_ground_truth,wind,2831,235.83333333333337,2.6116139858444103
ergo_ground_truth,wind,2832,235.91666666666663,2.617990227175238
ergo_ground_truth,wind,2833,236.0,2.6131894940743554
ergo_ground_truth,wind,2834,236.08333333333337,2.591324983864261
ergo_ground_truth,wind,2835,236.16666666666663,2.6133473551644384
ergo_ground_truth,wind,2836,236.25,2.618087899880967
ergo_ground_truth,wind,2837,236.33333333333337,2.5901080679798754
ergo_ground_truth,wind,2838,236.41666666666663,2.571147381897724
ergo_ground_truth,wind,2839,236.5,2.5857781655109435
ergo_ground_truth,wind,2840,236.58333333333337,2.6053971398844995
ergo_ground_truth,wind,2841,236.66666666666663,2.5911506414661414
ergo_ground_truth,wind,2842,236.75,2.581183583242086
ergo_ground_truth,wind,2843,236.83333333333337,2.586800014735881
ergo_ground_truth,wind,2844,236.91666666666663,2.579557630026475
ergo_ground_truth,wind,2845,237.0,2.5861123592036335
ergo_ground_truth,wind,2846,237.08333333333337,2.5895117392261433
ergo_ground_truth,wind,2847,237.16666666666663,2.5825248059930503
ergo_ground_truth,wind,2848,237.25,2.5884535557665753
ergo_ground_truth,wind,2849,237.33333333333337,2.5655546564840748
ergo_ground_truth,wind,2850,237.41666666666663,2.5773749388704994
ergo_ground_truth,wind,2851,237.5,2.555667574203997
ergo_ground_truth,wind,2852,237.58333333333337,2.571374635010692
ergo_ground_truth,wind,2853,237.66666666666663,2.5686972100825667
ergo_ground_truth,wind,2854,237.75,2.5782026328796728
ergo_ground_truth,wind,2855,237.83333333333337,2.5986142552304377
ergo_ground_truth,wind,2856,237.91666666666663,2.5944594267701486
ergo_ground_truth,wind,2857,238.0,2.5902400275631803
ergo_ground_truth,wind,2858,238.08333333333337,2.610833895674965
ergo_ground_truth,wind,2859,238.16666666666663,2.616342044958212
ergo_ground_truth,wind,2860,238.25,2.617754990118756
ergo_ground_truth,wind,2861,238.33333333333337,2.6076495404566686
ergo_ground_truth,wind,2862,238.41666666666663,2.610464451353732
ergo_ground_truth,wind,2863,238.5,2.6254947988869666
ergo_ground_truth,wind,2864,238.58333333333337,2.618806076141278
ergo_ground_truth,wind,2865,238.66666666666663,2.585585918156007
ergo_ground_truth,wind,2866,238.75,2.610823532225283
ergo_ground_truth,wind,2867,238.83333333333337,2.5795044441197508
ergo_ground_truth,wind,2868,238.91666666666663,2.5588445785686926
ergo_ground_truth,wind,2869,239.0,2.533590135280908
ergo_ground_truth,wind,2870,239.08333333333337,2.5183393479719802
ergo_ground_truth,wind,2871,239.16666666666663,2.507921944631288
ergo_ground_truth,wind,2872,239.25,2.5006531859099734
ergo_ground_truth,wind,2873,239.33333333333337,2.4619709962707046
ergo_ground_truth,wind,2874,239.41666666666663,2.429750590971385
ergo_ground_truth,wind,2875,239.5,2.4146575899668146
ergo_ground_truth,wind,2876,239.58333333333337,2.4030813213962543
ergo_ground_truth,wind,2877,239.66666666666663,2.415570936374653
ergo_ground_truth,wind,2878,239.75,2.4447139389528942
ergo_ground_truth,wind,2879,239.83333333333337,2.437791162535346
ergo_ground_truth,wind,2880,239.91666666666663,2.4192673623943954
ergo_ground_truth,wind,2881,240.0,2.400550949306135
ergo_ground_truth,wind,2882,240.08333333333337,2.40311919995184
ergo_ground_truth,wind,2883,240.16666666666663,2.403438740052401
ergo_ground_truth,wind,2884,240.25,2.416593425779207
ergo_ground_truth,wind,2885,240.33333333333337,2.4036448854488475
ergo_ground_truth,wind,2886,240.41666666666663,2.4022993172709386
ergo_ground_truth,wind,2887,240.5,2.409537325878579
ergo_ground_truth,wind,2888,240.58333333333337,2.398306759073511
ergo_ground_truth,wind,2889,240.66666666666663,2.3949792278037068
ergo_ground_truth,wind,2890,240.75,2.3965378272172333
ergo_ground_truth,wind,2891,240.83333333333337,2.3816008386411767
ergo_ground_truth,wind,2892,240.91666666666663,2.3776631183412382
ergo_ground_truth,wind,2893,241.0,2.3927709003735487
ergo_ground_truth,wind,2894,241.08333333333337,2.371910149410443
ergo_ground_truth,wind,2895,241.16666666666663,2.355711530241322
ergo_ground_truth,wind,2896,241.25,2.3358206121241185
ergo_ground_truth,wind,2897,241.33333333333337,2.3506051086030886
ergo_ground_truth,wind,2898,241.41666666666663,2.3371695342413106
ergo_ground_truth,wind,2899,241.5,2.335642302645345
ergo_ground_truth,wind,2900,241.58333333333337,2.335494852065667
ergo_ground_truth,wind,2901,241.66666666666663,2.325523118804238
ergo_ground_truth,wind,2902,241.75,2.3366530659944065
ergo_ground_truth,wind,2903,241.83333333333337,2.3439361865475585
ergo_ground_truth,wind,2904,241.91666666666663,2.3387765552249546
ergo_ground_truth,wind,2905,242.0,2.322766698466859
ergo_ground_truth,wind,2906,242.08333333333337,2.35135224789797
ergo_ground_truth,wind,2907,242.16666666666663,2.3751465202683537
ergo_ground_truth,wind,2908,242.25,2.3895392711407095
ergo_ground_truth,wind,2909,242.33333333333337,2.425726208061432
ergo_ground_truth,wind,2910,242.41666666666663,2.4362794016895837
ergo_ground_truth,wind,2911,242.5,2.46191122986194
ergo_ground_truth,wind,2912,242.58333333333337,2.4922903716548723
ergo_ground_truth,wind,2913,242.66666666666663,2.49075859014326
ergo_ground_truth,wind,2914,242.75,2.492351791707695
ergo_ground_truth,wind,2915,242.83333333333337,2.519491285996502
ergo_ground_truth,wind,2916,242.91666666666663,2.552475178418812
ergo_ground_truth,wind,2917,243.0,2.5616968463687644
ergo_ground_truth,wind,2918,243.08333333333337,2.563984644137986
ergo_ground_truth,wind,2919,243.16666666666663,2.5625875183324736
ergo_ground_truth,wind,2920,243.25,2.5848905883442734
ergo_ground_truth,wind,2921,243.33333333333337,2.5737647675549606
ergo_ground_truth,wind,2922,243.41666666666663,2.595101365071548
ergo_ground_truth,wind,2923,243.5,2.605909338146609
ergo_ground_truth,wind,2924,243.58333333333337,2.5850266524954955
ergo_ground_truth,wind,2925,243.66666666666663,2.5751549556205755
ergo_ground_truth,wind,2926,243.75,2.5958819980696592
ergo_ground_truth,wind,2927,243.83333333333337,2.616846927792186
ergo_ground_truth,wind,2928,243.91666666666663,2.6298509745196466
ergo_ground_truth,wind,2929,244.0,2.602234015976589
ergo_ground_truth,wind,2930,244.08333333333337,2.6010078624817226
ergo_ground_truth,wind,2931,244.16666666666663,2.5970728235298663
ergo_ground_truth,wind,2932,244.25,2.609109294728702
ergo_ground_truth,wind,2933,244.33333333333337,2.6156884655486885
ergo_ground_truth,wind,2934,244.41666666666663,2.6256973482411543
ergo_ground_truth,wind,2935,244.5,2.6642561222789767
ergo_ground_truth,wind,2936,244.58333333333337,2.6987952509008446
ergo_ground_truth,wind,2937,244.66666666666663,2.6785664714471973
ergo_ground_truth,wind,2938,244.75,2.6325231637144313
ergo_ground_truth,wind,2939,244.83333333333337,2.5885360687082244
ergo_ground_truth,wind,2940,244.91666666666663,2.5745121873964
ergo_ground_truth,wind,2941,245.0,2.533585741059076
ergo_ground_truth,wind,2942,245.08333333333337,2.507989140024055
ergo_ground_truth,wind,2943,245.16666666666663,2.5023943358401017
ergo_ground_truth,wind,2944,245.25,2.5079129596179532
ergo_ground_truth,wind,2945,245.33333333333337,2.553712283987218
ergo_ground_truth,wind,2946,245.41666666666663,2.529419059470049
ergo_ground_truth,wind,2947,245.5,2.475418598551282
ergo_ground_truth,wind,2948,245.58333333333337,2.4497809270265942
ergo_ground_truth,wind,2949,245.66666666666663,2.447019793627478
ergo_ground_truth,wind,2950,245.75,2.417709823610429
ergo_ground_truth,wind,2951,245.83333333333337,2.3961899871772228
ergo_ground_truth,wind,2952,245.91666666666663,2.4072764544990575
ergo_ground_truth,wind,2953,246.0,2.3668122565268552
ergo_ground_truth,wind,2954,246.08333333333337,2.3683512789991825
ergo_ground_truth,wind,2955,246.16666666666663,2.355907363479864
ergo_ground_truth,wind,2956,246.25,2.3554666687628876
ergo_ground_truth,wind,2957,246.33333333333337,2.3135808204005985
ergo_ground_truth,wind,2958,246.41666666666663,2.302344406758088
ergo_ground_truth,wind,2959,246.5,2.306109622576728
ergo_ground_truth,wind,2960,246.58333333333337,2.2818858761245173
ergo_ground_truth,wind,2961,246.66666666666663,2.282620609394736
ergo_ground_truth,wind,2962,246.75,2.284476054412899
ergo_ground_truth,wind,2963,246.83333333333337,2.290008349837749
ergo_ground_truth,wind,2964,246.91666666666663,2.2859479951953405
ergo_ground_truth,wind,2965,247.0,2.263235042753187
ergo_ground_truth,wind,2966,247.08333333333337,2.258461411346155
ergo_ground_truth,wind,2967,247.16666666666663,2.2657469178757377
ergo_ground_truth,wind,2968,247.25,2.2375487092903423
ergo_ground_truth,wind,2969,247.33333333333337,2.2426903952979993
ergo_ground_truth,wind,2970,247.41666666666663,2.2446346989782664
ergo_ground_truth,wind,2971,247.5,2.2384094550205305
ergo_ground_truth,wind,2972,247.58333333333337,2.2460844541408136
ergo_ground_truth,wind,2973,247.66666666666663,2.2635412319937203
ergo_ground_truth,wind,2974,247.75,2.2526685036886644
ergo_ground_truth,wind,2975,247.83333333333337,2.2301018331108518
ergo_ground_truth,wind,2976,247.91666666666663,2.2525438237404654
ergo_ground_truth,wind,2977,248.0,2.2379420948677637
ergo_ground_truth,wind,2978,248.08333333333337,2.235923712407456
ergo_ground_truth,wind,2979,248.16666666666663,2.231467983907925
ergo_ground_truth,wind,2980,248.25,2.232366396581427
ergo_ground_truth,wind,2981,248.33333333333337,2.250034366082928
ergo_ground_truth,wind,2982,248.41666666666663,2.2793572885247855
ergo_ground_truth,wind,2983,248.5,2.2748475897294615
ergo_ground_truth,wind,2984,248.58333333333337,2.3099910932964813
ergo_ground_truth,wind,2985,248.66666666666663,2.342452328283348
ergo_ground_truth,wind,2986,248.75,2.3293280360215007
ergo_ground_truth,wind,2987,248.83333333333337,2.322582698990461
ergo_ground_truth,wind,2988,248.91666666666663,2.3531053777876774
ergo_ground_truth,wind,2989,249.0,2.369592863198433
ergo_ground_truth,wind,2990,249.08333333333337,2.3516277036541586
ergo_ground_truth,wind,2991,249.16666666666663,2.362954503444312
ergo_ground_truth,wind,2992,249.25,2.416726525972169
ergo_ground_truth,wind,2993,249.33333333333337,2.4542758441551857
ergo_ground_truth,wind,2994,249.41666666666663,2.459488997367398
ergo_ground_truth,wind,2995,249.5,2.483150862350772
ergo_ground_truth,wind,2996,249.58333333333337,2.4987347306424343
ergo_ground_truth,wind,2997,249.66666666666663,2.5099788543263646
ergo_ground_truth,wind,2998,249.75,2.5639670619718418
ergo_ground_truth,wind,2999,249.83333333333337,2.5701025905459507
ergo_ground_truth,wind,3000,249.91666666666663,2.620387640874371
ergo_ground_truth,wind,3001,250.0,2.6127162518483917
ergo_ground_truth,wind,3002,250.08333333333337,2.628138572905991
ergo_ground_truth,wind,3003,250.16666666666663,2.6320928103052923
ergo_ground_truth,wind,3004,250.25,2.629540223762631
ergo_ground_truth,wind,3005,250.33333333333337,2.650558351490296
ergo_ground_truth,wind,3006,250.41666666666663,2.6788386342716093
ergo_ground_truth,wind,3007,250.5,2.706334942697258
ergo_ground_truth,wind,3008,250.58333333333337,2.7325485805259273
ergo_ground_truth,wind,3009,250.66666666666663,2.6848884117610328
ergo_ground_truth,wind,3010,250.75,2.690818445485119
ergo_ground_truth,wind,3011,250.83333333333337,2.7066049756984247
ergo_ground_truth,wind,3012,250.91666666666663,2.6955742522953363
ergo_ground_truth,wind,3013,251.0,2.693144690263739
ergo_ground_truth,wind,3014,251.08333333333337,2.6844496373004763
ergo_ground_truth,wind,3015,251.16666666666663,2.666953082443824
ergo_ground_truth,wind,3016,251.25,2.6428495504667167
ergo_ground_truth,wind,3017,251.33333333333337,2.6560902782507863
ergo_ground_truth,wind,3018,251.41666666666663,2.6622407025517227
ergo_ground_truth,wind,3019,251.5,2.6130820549483875
ergo_ground_truth,wind,3020,251.58333333333337,2.642002731779563
ergo_ground_truth,wind,3021,251.66666666666663,2.562290514748026
ergo_ground_truth,wind,3022,251.75,2.5340285016087396
ergo_ground_truth,wind,3023,251.83333333333337,2.510756494775825
ergo_ground_truth,wind,3024,251.91666666666663,2.5032973404173764
ergo_ground_truth,wind,3025,252.0,2.496302553382495
ergo_ground_truth,wind,3026,252.08333333333337,2.496227158574437
ergo_ground_truth,wind,3027,252.16666666666663,2.466630424885876
ergo_ground_truth,wind,3028,252.25,2.437306821798843
ergo_ground_truth,wind,3029,252.33333333333337,2.419687548492378
ergo_ground_truth,wind,3030,252.41666666666663,2.403168734525471
ergo_ground_truth,wind,3031,252.5,2.372618841299863
ergo_ground_truth,wind,3032,252.58333333333337,2.3829760287056
ergo_ground_truth,wind,3033,252.66666666666663,2.3719834320404387
ergo_ground_truth,wind,3034,252.75,2.361204860337347
ergo_ground_truth,wind,3035,252.83333333333337,2.3306757121671606
ergo_ground_truth,wind,3036,252.91666666666663,2.2918047686011707
ergo_ground_truth,wind,3037,253.0,2.2976951357444335
ergo_ground_truth,wind,3038,253.08333333333337,2.290028184064824
ergo_ground_truth,wind,3039,253.16666666666663,2.294850648963605
ergo_ground_truth,wind,3040,253.25,2.2754364956329707
ergo_ground_truth,wind,3041,253.33333333333337,2.297170941656004
ergo_ground_truth,wind,3042,253.41666666666663,2.2942591891303263
ergo_ground_truth,wind,3043,253.5,2.30033349117368
ergo_ground_truth,wind,3044,253.58333333333337,2.2964877463982845
ergo_ground_truth,wind,3045,253.66666666666663,2.278007219107115
ergo_ground_truth,wind,3046,253.75,2.2567752917365436
ergo_ground_truth,wind,3047,253.83333333333337,2.2562730538468494
ergo_ground_truth,wind,3048,253.91666666666663,2.2771523497193393
ergo_ground_truth,wind,3049,254.0,2.2598654514942647
ergo_ground_truth,wind,3050,254.08333333333337,2.275331910718672
ergo_ground_truth,wind,3051,254.16666666666663,2.283584150711287
ergo_ground_truth,wind,3052,254.25,2.267915584721397
ergo_ground_truth,wind,3053,254.33333333333337,2.3063826537921845
ergo_ground_truth,wind,3054,254.41666666666663,2.3126351660071496
ergo_ground_truth,wind,3055,254.5,2.350803482837063
ergo_ground_truth,wind,3056,254.58333333333337,2.363117870184147
ergo_ground_truth,wind,3057,254.66666666666663,2.3506518846632267
ergo_ground_truth,wind,3058,254.75,2.361753077037056
ergo_ground_truth,wind,3059,254.83333333333337,2.3741329481490783
ergo_ground_truth,wind,3060,254.91666666666663,2.373736762621158
ergo_ground_truth,wind,3061,255.0,2.384109859192237
ergo_ground_truth,wind,3062,255.08333333333337,2.379592617357459
ergo_ground_truth,wind,3063,255.16666666666663,2.408729950489052
ergo_ground_truth,wind,3064,255.25,2.431826862818588
ergo_ground_truth,wind,3065,255.33333333333337,2.4581216750754122
ergo_ground_truth,wind,3066,255.41666666666663,2.431848567727469
ergo_ground_truth,wind,3067,255.5,2.450388709595738
ergo_ground_truth,wind,3068,255.58333333333337,2.4672160756870927
ergo_ground_truth,wind,3069,255.66666666666663,2.4864736142312736
ergo_ground_truth,wind,3070,255.75,2.4881633183515586
ergo_ground_truth,wind,3071,255.83333333333337,2.4896856031519756
ergo_ground_truth,wind,3072,255.91666666666663,2.4956961957327186
ergo_ground_truth,wind,3073,256.0,2.50108133471127
ergo_ground_truth,wind,3074,256.08333333333337,2.503368127884197
ergo_ground_truth,wind,3075,256.16666666666663,2.497142528539829
ergo_ground_truth,wind,3076,256.25,2.515904100207927
ergo_ground_truth,wind,3077,256.33333333333337,2.487373897443008
ergo_ground_truth,wind,3078,256.41666666666663,2.4692224575059734
ergo_ground_truth,wind,3079,256.5,2.4804520505354133
ergo_ground_truth,wind,3080,256.58333333333337,2.48387654314693
ergo_ground_truth,wind,3081,256.66666666666663,2.448219046058964
ergo_ground_truth,wind,3082,256.75,2.47581583809761
ergo_ground_truth,wind,3083,256.83333333333337,2.4653278779225145
ergo_ground_truth,wind,3084,256.91666666666663,2.484641136511572
ergo_ground_truth,wind,3085,257.0,2.4606226516334333
ergo_ground_truth,wind,3086,257.08333333333337,2.4877662776948983
ergo_ground_truth,wind,3087,257.16666666666663,2.4908222391575836
ergo_ground_truth,wind,3088,257.25,2.4645245522245527
ergo_ground_truth,wind,3089,257.33333333333337,2.4729081148425913
ergo_ground_truth,wind,3090,257.41666666666663,2.506604165996562
ergo_ground_truth,wind,3091,257.5,2.4794690932800973
ergo_ground_truth,wind,3092,257.58333333333337,2.4779082313202876
ergo_ground_truth,wind,3093,257.66666666666663,2.451079643403475
ergo_ground_truth,wind,3094,257.75,2.433161608842382
ergo_ground_truth,wind,3095,257.83333333333337,2.4371644791364733
ergo_ground_truth,wind,3096,257.91666666666663,2.438609164459489
ergo_ground_truth,wind,3097,258.0,2.430794419965251
ergo_ground_truth,wind,3098,258.08333333333337,2.4396982794564037
ergo_ground_truth,wind,3099,258.16666666666663,2.4440611477314396
ergo_ground_truth,wind,3100,258.25,2.4537300298966147
ergo_ground_truth,wind,3101,258.33333333333337,2.423279936355827
ergo_ground_truth,wind,3102,258.41666666666663,2.4146271488943225
ergo_ground_truth,wind,3103,258.5,2.413915450886307
ergo_ground_truth,wind,3104,258.58333333333337,2.409447505812889
ergo_ground_truth,wind,3105,258.66666666666663,2.4410066048218755
ergo_ground_truth,wind,3106,258.75,2.4216611028996424
ergo_ground_truth,wind,3107,258.83333333333337,2.4455567624403125
ergo_ground_truth,wind,3108,258.91666666666663,2.432599217844779
ergo_ground_truth,wind,3109,259.0,2.4149412684640605
ergo_ground_truth,wind,3110,259.08333333333337,2.401112043748138
ergo_ground_truth,wind,3111,259.16666666666663,2.4112079539500932
ergo_ground_truth,wind,3112,259.25,2.394658395534929
ergo_ground_truth,wind,3113,259.33333333333337,2.404626998119549
ergo_ground_truth,wind,3114,259.41666666666663,2.421021515619941
ergo_ground_truth,wind,3115,259.5,2.4139168996145863
ergo_ground_truth,wind,3116,259.58333333333337,2.4341789991310394
ergo_ground_truth,wind,3117,259.66666666666663,2.4678753561870717
ergo_ground_truth,wind,3118,259.75,2.4787459663855413
ergo_ground_truth,wind,3119,259.83333333333337,2.4423470839943913
ergo_ground_truth,wind,3120,259.91666666666663,2.42850300110849
ergo_ground_truth,wind,3121,260.0,2.439733304425497
ergo_ground_truth,wind,3122,260.08333333333337,2.4419632880401294
ergo_ground_truth,wind,3123,260.16666666666663,2.4281787184340455
ergo_ground_truth,wind,3124,260.25,2.4383709682651844
ergo_ground_truth,wind,3125,260.33333333333337,2.413761659223515
ergo_ground_truth,wind,3126,260.41666666666663,2.430397765830252
ergo_ground_truth,wind,3127,260.5,2.42957891353566
ergo_ground_truth,wind,3128,260.58333333333337,2.4112243599050878
ergo_ground_truth,wind,3129,260.66666666666663,2.4192917515456167
ergo_ground_truth,wind,3130,260.75,2.407717645956527
ergo_ground_truth,wind,3131,260.83333333333337,2.4032773152110734
ergo_ground_truth,wind,3132,260.91666666666663,2.4117520733426687
ergo_ground_truth,wind,3133,261.0,2.421167858186935
ergo_ground_truth,wind,3134,261.08333333333337,2.42687878346345
ergo_ground_truth,wind,3135,261.16666666666663,2.422746614211706
ergo_ground_truth,wind,3136,261.25,2.4366666985665195
ergo_ground_truth,wind,3137,261.33333333333337,2.442976527128927
ergo_ground_truth,wind,3138,261.41666666666663,2.4477734209011364
ergo_ground_truth,wind,3139,261.5,2.4509427314764474
ergo_ground_truth,wind,3140,261.58333333333337,2.4206646661736073
ergo_ground_truth,wind,3141,261.66666666666663,2.4190693758514104
ergo_ground_truth,wind,3142,261.75,2.4247574590140726
ergo_ground_truth,wind,3143,261.83333333333337,2.4290575435125326
ergo_ground_truth,wind,3144,261.91666666666663,2.4425247154164924
ergo_ground_truth,wind,3145,262.0,2.441309681332918
ergo_ground_truth,wind,3146,262.08333333333337,2.4567596094999513
ergo_ground_truth,wind,3147,262.16666666666663,2.460031337256901
ergo_ground_truth,wind,3148,262.25,2.4600749052010107
ergo_ground_truth,wind,3149,262.33333333333337,2.4703912094055083
ergo_ground_truth,wind,3150,262.41666666666663,2.45994875074082
ergo_ground_truth,wind,3151,262.5,2.4632189630093677
ergo_ground_truth,wind,3152,262.58333333333337,2.433903321529585
ergo_ground_truth,wind,3153,262.66666666666663,2.476421138908707
ergo_ground_truth,wind,3154,262.75,2.4689836469723634
ergo_ground_truth,wind,3155,262.83333333333337,2.4489787740082547
ergo_ground_truth,wind,3156,262.91666666666663,2.454872825461821
ergo_ground_truth,wind,3157,263.0,2.4713347738297937
ergo_ground_truth,wind,3158,263.08333333333337,2.470530501281479
ergo_ground_truth,wind,3159,263.16666666666663,2.4464267058556586
ergo_ground_truth,wind,3160,263.25,2.4178463618077206
ergo_ground_truth,wind,3161,263.33333333333337,2.4076709822603037
ergo_ground_truth,wind,3162,263.41666666666663,2.405934222459003
ergo_ground_truth,wind,3163,263.5,2.4286441124484455
ergo_ground_truth,wind,3164,263.58333333333337,2.4128452664650855
ergo_ground_truth,wind,3165,263.66666666666663,2.3972669226457812
ergo_ground_truth,wind,3166,263.75,2.401619459738254
ergo_ground_truth,wind,3167,263.83333333333337,2.395947599794123
ergo_ground_truth,wind,3168,263.91666666666663,2.3896136461303303
ergo_ground_truth,wind,3169,264.0,2.3960491708992655
ergo_ground_truth,wind,3170,264.08333333333337,2.406964510377807
ergo_ground_truth,wind,3171,264.16666666666663,2.4335416505368443
ergo_ground_truth,wind,3172,264.25,2.4485310387874493
ergo_ground_truth,wind,3173,264.33333333333337,2.434941840334248
ergo_ground_truth,wind,3174,264.41666666666663,2.43947393197698
ergo_ground_truth,wind,3175,264.5,2.4010357810996577
ergo_ground_truth,wind,3176,264.58333333333337,2.394759586840372
ergo_ground_truth,wind,3177,264.66666666666663,2.405975700777753
ergo_ground_truth,wind,3178,264.75,2.4227428635102863
ergo_ground_truth,wind,3179,264.83333333333337,2.4142443262252664
ergo_ground_truth,wind,3180,264.91666666666663,2.41796321828134
ergo_ground_truth,wind,3181,265.0,2.403338775027261
ergo_ground_truth,wind,3182,265.08333333333337,2.385113522132436
ergo_ground_truth,wind,3183,265.16666666666663,2.3948908758368743
ergo_ground_truth,wind,3184,265.25,2.434403097605843
ergo_ground_truth,wind,3185,265.33333333333337,2.4490805978622965
ergo_ground_truth,wind,3186,265.41666666666663,2.4479965831959993
ergo_ground_truth,wind,3187,265.5,2.4610909688270666
ergo_ground_truth,wind,3188,265.58333333333337,2.441817878189886
ergo_ground_truth,wind,3189,265.66666666666663,2.4322773286538073
ergo_ground_truth,wind,3190,265.75,2.4579429167088316
ergo_ground_truth,wind,3191,265.83333333333337,2.437559479949416
ergo_ground_truth,wind,3192,265.91666666666663,2.4075974889977068
ergo_ground_truth,wind,3193,266.0,2.446305610230895
ergo_ground_truth,wind,3194,266.08333333333337,2.446913398162203
ergo_ground_truth,wind,3195,266.16666666666663,2.413810338897842
ergo_ground_truth,wind,3196,266.25,2.3969030006231704
ergo_ground_truth,wind,3197,266.33333333333337,2.412583935600103
ergo_ground_truth,wind,3198,266.41666666666663,2.39609686183897
ergo_ground_truth,wind,3199,266.5,2.38402767343004
ergo_ground_truth,wind,3200,266.58333333333337,2.395606266732445
ergo_ground_truth,wind,3201,266.66666666666663,2.408766542718889
ergo_ground_truth,wind,3202,266.75,2.4156853316098528
ergo_ground_truth,wind,3203,266.83333333333337,2.4228840973739834
ergo_ground_truth,wind,3204,266.91666666666663,2.4431386011632754
ergo_ground_truth,wind,3205,267.0,2.4601087214746356
ergo_ground_truth,wind,3206,267.08333333333337,2.431175143034127
ergo_ground_truth,wind,3207,267.16666666666663,2.446024285157869
ergo_ground_truth,wind,3208,267.25,2.427342967054563
ergo_ground_truth,wind,3209,267.33333333333337,2.436235660676428
ergo_ground_truth,wind,3210,267.41666666666663,2.4304811804050064
ergo_ground_truth,wind,3211,267.5,2.431101925152666
ergo_ground_truth,wind,3212,267.58333333333337,2.4327411630033393
ergo_ground_truth,wind,3213,267.66666666666663,2.4157733136350825
ergo_ground_truth,wind,3214,267.75,2.3919348717025213
ergo_ground_truth,wind,3215,267.83333333333337,2.4047048858229076
ergo_ground_truth,wind,3216,267.91666666666663,2.415088442604322
ergo_ground_truth,wind,3217,268.0,2.4292331954816175
ergo_ground_truth,wind,3218,268.08333333333337,2.4287946359010615
ergo_ground_truth,wind,3219,268.16666666666663,2.421728427408156
ergo_ground_truth,wind,3220,268.25,2.4218756637361145
ergo_ground_truth,wind,3221,268.33333333333337,2.4258136455310795
ergo_ground_truth,wind,3222,268.41666666666663,2.4422456337314187
ergo_ground_truth,wind,3223,268.5,2.4167489555142523
ergo_ground_truth,wind,3224,268.58333333333337,2.3930129736349577
ergo_ground_truth,wind,3225,268.66666666666663,2.4070061619178604
ergo_ground_truth,wind,3226,268.75,2.405717999869523
ergo_ground_truth,wind,3227,268.83333333333337,2.3967855024956215
ergo_ground_truth,wind,3228,268.91666666666663,2.3832044974055666
ergo_ground_truth,wind,3229,269.0,2.3938905857805053
ergo_ground_truth,wind,3230,269.08333333333337,2.3856324124846635
ergo_ground_truth,wind,3231,269.16666666666663,2.395552999300277
ergo_ground_truth,wind,3232,269.25,2.3947773740738887
ergo_ground_truth,wind,3233,269.33333333333337,2.396863060070721
ergo_ground_truth,wind,3234,269.41666666666663,2.4075744139034367
ergo_ground_truth,wind,3235,269.5,2.4183623855614247
ergo_ground_truth,wind,3236,269.58333333333337,2.3958004414766205
ergo_ground_truth,wind,3237,269.66666666666663,2.4011143380856046
ergo_ground_truth,wind,3238,269.75,2.41591874326116
ergo_ground_truth,wind,3239,269.83333333333337,2.4064607777590497
ergo_ground_truth,wind,3240,269.91666666666663,2.4052026337342247
ergo_ground_truth,wind,3241,270.0,2.3677456431179484
ergo_ground_truth,wind,3242,270.08333333333337,2.3809062763785453
ergo_ground_truth,wind,3243,270.16666666666663,2.380731229275612
ergo_ground_truth,wind,3244,270.25,2.3998227179948906
ergo_ground_truth,wind,3245,270.33333333333337,2.4116691009739673
ergo_ground_truth,wind,3246,270.41666666666663,2.4123015942493904
ergo_ground_truth,wind,3247,270.5,2.4148776248518407
ergo_ground_truth,wind,3248,270.58333333333337,2.4075515165448027
ergo_ground_truth,wind,3249,270.66666666666663,2.4066330363988606
ergo_ground_truth,wind,3250,270.75,2.435015678080496
ergo_ground_truth,wind,3251,270.83333333333337,2.4543648849214037
ergo_ground_truth,wind,3252,270.91666666666663,2.468007958736395
ergo_ground_truth,wind,3253,271.0,2.470967644058964
ergo_ground_truth,wind,3254,271.08333333333337,2.4459154375881997
ergo_ground_truth,wind,3255,271.16666666666663,2.4305616568215913
ergo_ground_truth,wind,3256,271.25,2.4363091124224665
ergo_ground_truth,wind,3257,271.33333333333337,2.4268834607859993
ergo_ground_truth,wind,3258,271.41666666666663,2.4382542873980992
ergo_ground_truth,wind,3259,271.5,2.4277450047872744
ergo_ground_truth,wind,3260,271.58333333333337,2.4466182632074323
ergo_ground_truth,wind,3261,271.66666666666663,2.435394196418221
ergo_ground_truth,wind,3262,271.75,2.4430823160177737
ergo_ground_truth,wind,3263,271.83333333333337,2.438858116047942
ergo_ground_truth,wind,3264,271.91666666666663,2.440515201141434
ergo_ground_truth,wind,3265,272.0,2.4278101565660273
ergo_ground_truth,wind,3266,272.08333333333337,2.40819098356611
ergo_ground_truth,wind,3267,272.16666666666663,2.3987814804589953
ergo_ground_truth,wind,3268,272.25,2.4009981114201313
ergo_ground_truth,wind,3269,272.33333333333337,2.4111853325856423
ergo_ground_truth,wind,3270,272.41666666666663,2.4224642789369955
ergo_ground_truth,wind,3271,272.5,2.4026708429817525
ergo_ground_truth,wind,3272,272.58333333333337,2.4164878944670973
ergo_ground_truth,wind,3273,272.66666666666663,2.408299338646064
ergo_ground_truth,wind,3274,272.75,2.448102938713047
ergo_ground_truth,wind,3275,272.83333333333337,2.452071425817471
ergo_ground_truth,wind,3276,272.91666666666663,2.4502910099164232
ergo_ground_truth,wind,3277,273.0,2.45461067210353
ergo_ground_truth,wind,3278,273.08333333333337,2.425465430755442
ergo_ground_truth,wind,3279,273.16666666666663,2.424886692978591
ergo_ground_truth,wind,3280,273.25,2.3928984721636906
ergo_ground_truth,wind,3281,273.33333333333337,2.3804827076083876
ergo_ground_truth,wind,3282,273.41666666666663,2.4230293406220924
ergo_ground_truth,wind,3283,273.5,2.3926920548600874
ergo_ground_truth,wind,3284,273.58333333333337,2.348865208018875
ergo_ground_truth,wind,3285,273.66666666666663,2.3521121083703562
ergo_ground_truth,wind,3286,273.75,2.3766799922534783
ergo_ground_truth,wind,3287,273.83333333333337,2.3689910122203255
ergo_ground_truth,wind,3288,273.91666666666663,2.3722433429510246
ergo_ground_truth,wind,3289,274.0,2.379559101974816
ergo_ground_truth,wind,3290,274.08333333333337,2.362718747362787
ergo_ground_truth,wind,3291,274.16666666666663,2.3467793138902535
ergo_ground_truth,wind,3292,274.25,2.3208587906394387
ergo_ground_truth,wind,3293,274.33333333333337,2.311432964358219
ergo_ground_truth,wind,3294,274.41666666666663,2.3173356854789273
ergo_ground_truth,wind,3295,274.5,2.3221002358733154
ergo_ground_truth,wind,3296,274.58333333333337,2.321280666916826
ergo_ground_truth,wind,3297,274.66666666666663,2.3282968872318643
ergo_ground_truth,wind,3298,274.75,2.3474467659195675
ergo_ground_truth,wind,3299,274.83333333333337,2.362524734028466
ergo_ground_truth,wind,3300,274.91666666666663,2.376613070346976
ergo_ground_truth,wind,3301,275.0,2.3961811089198193
ergo_ground_truth,wind,3302,275.08333333333337,2.419229090390342
ergo_ground_truth,wind,3303,275.16666666666663,2.428312060464101
ergo_ground_truth,wind,3304,275.25,2.407143169565735
ergo_ground_truth,wind,3305,275.33333333333337,2.3936624993760125
ergo_ground_truth,wind,3306,275.41666666666663,2.381301620541335
ergo_ground_truth,wind,3307,275.5,2.3727674360340827
ergo_ground_truth,wind,3308,275.58333333333337,2.3549189363979055
ergo_ground_truth,wind,3309,275.66666666666663,2.369093574668596
ergo_ground_truth,wind,3310,275.75,2.3533598330669427
ergo_ground_truth,wind,3311,275.83333333333337,2.354888966658275
ergo_ground_truth,wind,3312,275.91666666666663,2.3544443146319973
ergo_ground_truth,wind,3313,276.0,2.3535904001348427
ergo_ground_truth,wind,3314,276.08333333333337,2.353529359978023
ergo_ground_truth,wind,3315,276.16666666666663,2.373643434648194
ergo_ground_truth,wind,3316,276.25,2.3927865305925207
ergo_ground_truth,wind,3317,276.33333333333337,2.4190144863948717
ergo_ground_truth,wind,3318,276.41666666666663,2.4034605339898953
ergo_ground_truth,wind,3319,276.5,2.3981500835400347
ergo_ground_truth,wind,3320,276.58333333333337,2.3985254896410084
ergo_ground_truth,wind,3321,276.66666666666663,2.423359012697835
ergo_ground_truth,wind,3322,276.75,2.3836239770392567
ergo_ground_truth,wind,3323,276.83333333333337,2.336327983381756
ergo_ground_truth,wind,3324,276.91666666666663,2.3079428715727546
ergo_ground_truth,wind,3325,277.0,2.303610628457279
ergo_ground_truth,wind,3326,277.08333333333337,2.2812250583426046
ergo_ground_truth,wind,3327,277.16666666666663,2.3024366020948186
ergo_ground_truth,wind,3328,277.25,2.294183517374339
ergo_ground_truth,wind,3329,277.33333333333337,2.231775291278747
ergo_ground_truth,wind,3330,277.41666666666663,2.213848882587041
ergo_ground_truth,wind,3331,277.5,2.213977580943329
ergo_ground_truth,wind,3332,277.58333333333337,2.23650810585872
ergo_ground_truth,wind,3333,277.66666666666663,2.2339979257699705
ergo_ground_truth,wind,3334,277.75,2.2305629832216707
ergo_ground_truth,wind,3335,277.83333333333337,2.2108618474890815
ergo_ground_truth,wind,3336,277.91666666666663,2.1981222795285693
ergo_ground_truth,wind,3337,278.0,2.1730155224644547
ergo_ground_truth,wind,3338,278.08333333333337,2.1727899829246096
ergo_ground_truth,wind,3339,278.16666666666663,2.163118217189433
ergo_ground_truth,wind,3340,278.25,2.1421372995403
ergo_ground_truth,wind,3341,278.33333333333337,2.1675157252768265
ergo_ground_truth,wind,3342,278.41666666666663,2.166678029460435
ergo_ground_truth,wind,3343,278.5,2.1345802717141553
ergo_ground_truth,wind,3344,278.58333333333337,2.136464168436291
ergo_ground_truth,wind,3345,278.66666666666663,2.106317865927361
ergo_ground_truth,wind,3346,278.75,2.0938850826371773
ergo_ground_truth,wind,3347,278.83333333333337,2.09668901812942
ergo_ground_truth,wind,3348,278.91666666666663,2.1004290220102364
ergo_ground_truth,wind,3349,279.0,2.09545631278733
ergo_ground_truth,wind,3350,279.08333333333337,2.0689083414694673
ergo_ground_truth,wind,3351,279.16666666666663,2.0655996788754507
ergo_ground_truth,wind,3352,279.25,2.0650759881802023
ergo_ground_truth,wind,3353,279.33333333333337,2.0880813770315387
ergo_ground_truth,wind,3354,279.41666666666663,2.077085490400072
ergo_ground_truth,wind,3355,279.5,2.0612743966690656
ergo_ground_truth,wind,3356,279.58333333333337,2.081516719523183
ergo_ground_truth,wind,3357,279.66666666666663,2.078585945755537
ergo_ground_truth,wind,3358,279.75,2.0909763546448232
ergo_ground_truth,wind,3359,279.83333333333337,2.09619479089275
ergo_ground_truth,wind,3360,279.91666666666663,2.1170814671106104
ergo_ground_truth,wind,3361,280.0,2.127167063455665
ergo_ground_truth,wind,3362,280.08333333333337,2.128952434573052
ergo_ground_truth,wind,3363,280.16666666666663,2.1428083031988763
ergo_ground_truth,wind,3364,280.25,2.1286074110699285
ergo_ground_truth,wind,3365,280.33333333333337,2.1749016772236494
ergo_ground_truth,wind,3366,280.41666666666663,2.177041053959754
ergo_ground_truth,wind,3367,280.5,2.233200705762264
ergo_ground_truth,wind,3368,280.58333333333337,2.2454139668126607
ergo_ground_truth,wind,3369,280.66666666666663,2.2571090691787568
ergo_ground_truth,wind,3370,280.75,2.2529305997454006
ergo_ground_truth,wind,3371,280.83333333333337,2.258413409965561
ergo_ground_truth,wind,3372,280.91666666666663,2.2665914544288475
ergo_ground_truth,wind,3373,281.0,2.2967951681950654
ergo_ground_truth,wind,3374,281.08333333333337,2.322479535859225
ergo_ground_truth,wind,3375,281.16666666666663,2.334254812202901
ergo_ground_truth,wind,3376,281.25,2.355857115971813
ergo_ground_truth,wind,3377,281.33333333333337,2.4059282730622003
ergo_ground_truth,wind,3378,281.41666666666663,2.3888735102924357
ergo_ground_truth,wind,3379,281.5,2.4001360221673873
ergo_ground_truth,wind,3380,281.58333333333337,2.436031578300329
ergo_ground_truth,wind,3381,281.66666666666663,2.457784379414068
ergo_ground_truth,wind,3382,281.75,2.430256096841085
ergo_ground_truth,wind,3383,281.83333333333337,2.436595656500838
ergo_ground_truth,wind,3384,281.91666666666663,2.4854619419536514
ergo_ground_truth,wind,3385,282.0,2.5181539245724758
ergo_ground_truth,wind,3386,282.08333333333337,2.5400922463661506
ergo_ground_truth,wind,3387,282.16666666666663,2.5587467590158917
ergo_ground_truth,wind,3388,282.25,2.517538617700323
ergo_ground_truth,wind,3389,282.33333333333337,2.503970341053841
ergo_ground_truth,wind,3390,282.41666666666663,2.5137632560517225
ergo_ground_truth,wind,3391,282.5,2.513150722683453
ergo_ground_truth,wind,3392,282.58333333333337,2.5216791012520403
ergo_ground_truth,wind,3393,282.66666666666663,2.5131425257229614
ergo_ground_truth,wind,3394,282.75,2.5267957683702345
ergo_ground_truth,wind,3395,282.83333333333337,2.54502409465783
ergo_ground_truth,wind,3396,282.91666666666663,2.53805338017141
ergo_ground_truth,wind,3397,283.0,2.5267888627636736
ergo_ground_truth,wind,3398,283.08333333333337,2.5161441899784323
ergo_ground_truth,wind,3399,283.16666666666663,2.484529451949338
ergo_ground_truth,wind,3400,283.25,2.4866384801570214
ergo_ground_truth,wind,3401,283.33333333333337,2.4654910788036695
ergo_ground_truth,wind,3402,283.41666666666663,2.420978870616727
ergo_ground_truth,wind,3403,283.5,2.433582197431277
ergo_ground_truth,wind,3404,283.58333333333337,2.3774137464549003
ergo_ground_truth,wind,3405,283.66666666666663,2.3712843188816475
ergo_ground_truth,wind,3406,283.75,2.35236938442171
ergo_ground_truth,wind,3407,283.83333333333337,2.2957012828214003
ergo_ground_truth,wind,3408,283.91666666666663,2.2909285485698656
ergo_ground_truth,wind,3409,284.0,2.2945641723735313
ergo_ground_truth,wind,3410,284.08333333333337,2.268522564637891
ergo_ground_truth,wind,3411,284.16666666666663,2.2384884028840837
ergo_ground_truth,wind,3412,284.25,2.2302823466563697
ergo_ground_truth,wind,3413,284.33333333333337,2.2025415809117104
ergo_ground_truth,wind,3414,284.41666666666663,2.205052463893787
ergo_ground_truth,wind,3415,284.5,2.170388019273508
ergo_ground_truth,wind,3416,284.58333333333337,2.1656201042859338
ergo_ground_truth,wind,3417,284.66666666666663,2.1483433054895316
ergo_ground_truth,wind,3418,284.75,2.1238487345042243
ergo_ground_truth,wind,3419,284.83333333333337,2.1343467356950816
ergo_ground_truth,wind,3420,284.91666666666663,2.1083189013790222
ergo_ground_truth,wind,3421,285.0,2.1217458073600994
ergo_ground_truth,wind,3422,285.08333333333337,2.108770147574369
ergo_ground_truth,wind,3423,285.16666666666663,2.0888929850384406
ergo_ground_truth,wind,3424,285.25,2.049472022242393
ergo_ground_truth,wind,3425,285.33333333333337,2.075109413028932
ergo_ground_truth,wind,3426,285.41666666666663,2.0353062499926544
ergo_ground_truth,wind,3427,285.5,2.0409983188955128
ergo_ground_truth,wind,3428,285.58333333333337,2.041849059515752
ergo_ground_truth,wind,3429,285.66666666666663,2.0458216615030462
ergo_ground_truth,wind,3430,285.75,2.062728900757725
ergo_ground_truth,wind,3431,285.83333333333337,2.0492751701287806
ergo_ground_truth,wind,3432,285.91666666666663,2.057005200592114
ergo_ground_truth,wind,3433,286.0,2.063053682175381
ergo_ground_truth,wind,3434,286.08333333333337,2.0454108791583985
ergo_ground_truth,wind,3435,286.16666666666663,2.0574387685022653
ergo_ground_truth,wind,3436,286.25,2.035028176173798
ergo_ground_truth,wind,3437,286.33333333333337,2.04600056342894
ergo_ground_truth,wind,3438,286.41666666666663,2.0544417517165363
ergo_ground_truth,wind,3439,286.5,2.0629618409425587
ergo_ground_truth,wind,3440,286.58333333333337,2.0713296770898784
ergo_ground_truth,wind,3441,286.66666666666663,2.0705767434696876
ergo_ground_truth,wind,3442,286.75,2.089128246044683
ergo_ground_truth,wind,3443,286.83333333333337,2.095342251342623
ergo_ground_truth,wind,3444,286.91666666666663,2.105523247635403
ergo_ground_truth,wind,3445,287.0,2.119776740098908
ergo_ground_truth,wind,3446,287.08333333333337,2.1187185082495303
ergo_ground_truth,wind,3447,287.16666666666663,2.114904491810175
ergo_ground_truth,wind,3448,287.25,2.1445641083315174
ergo_ground_truth,wind,3449,287.33333333333337,2.1844520151848728
ergo_ground_truth,wind,3450,287.41666666666663,2.205493276153716
ergo_ground_truth,wind,3451,287.5,2.228281125000479
ergo_ground_truth,wind,3452,287.58333333333337,2.2226690631952124
ergo_ground_truth,wind,3453,287.66666666666663,2.259697898874036
ergo_ground_truth,wind,3454,287.75,2.2939002967080944
ergo_ground_truth,wind,3455,287.83333333333337,2.3239971244395488
ergo_ground_truth,wind,3456,287.91666666666663,2.323694030692178
ergo_ground_truth,wind,3457,288.0,2.319531643640156
ergo_ground_truth,wind,3458,288.08333333333337,2.3133343323548554
ergo_ground_truth,wind,3459,288.16666666666663,2.3025376531860715
ergo_ground_truth,wind,3460,288.25,2.3454781696192617
ergo_ground_truth,wind,3461,288.33333333333337,2.36569335922628
ergo_ground_truth,wind,3462,288.41666666666663,2.399113289060434
ergo_ground_truth,wind,3463,288.5,2.4103120616637286
ergo_ground_truth,wind,3464,288.58333333333337,2.482872756169685
ergo_ground_truth,wind,3465,288.66666666666663,2.4980965500095715
ergo_ground_truth,wind,3466,288.75,2.5012533798036025
ergo_ground_truth,wind,3467,288.83333333333337,2.4685146376746667
ergo_ground_truth,wind,3468,288.91666666666663,2.490443853624496
ergo_ground_truth,wind,3469,289.0,2.493840337327928
ergo_ground_truth,wind,3470,289.08333333333337,2.4958505127023374
ergo_ground_truth,wind,3471,289.16666666666663,2.524273420391939
ergo_ground_truth,wind,3472,289.25,2.51813834146935
ergo_ground_truth,wind,3473,289.33333333333337,2.473262606464413
ergo_ground_truth,wind,3474,289.41666666666663,2.433484698083372
ergo_ground_truth,wind,3475,289.5,2.443529534091246
ergo_ground_truth,wind,3476,289.58333333333337,2.4650849295954758
ergo_ground_truth,wind,3477,289.66666666666663,2.4685372165163115
ergo_ground_truth,wind,3478,289.75,2.459703471600376
ergo_ground_truth,wind,3479,289.83333333333337,2.4679490362212557
ergo_ground_truth,wind,3480,289.91666666666663,2.471091279841603
ergo_ground_truth,wind,3481,290.0,2.4571194466862685
ergo_ground_truth,wind,3482,290.08333333333337,2.484373285078796
ergo_ground_truth,wind,3483,290.16666666666663,2.4781278731322836
ergo_ground_truth,wind,3484,290.25,2.4797856295827394
ergo_ground_truth,wind,3485,290.33333333333337,2.4750484868703855
ergo_ground_truth,wind,3486,290.41666666666663,2.479548545319166
ergo_ground_truth,wind,3487,290.5,2.4914028960088
ergo_ground_truth,wind,3488,290.58333333333337,2.4904724904065394
ergo_ground_truth,wind,3489,290.66666666666663,2.4778648690429526
ergo_ground_truth,wind,3490,290.75,2.490101796914209
ergo_ground_truth,wind,3491,290.83333333333337,2.4704896600780937
ergo_ground_truth,wind,3492,290.91666666666663,2.468911190360194
ergo_ground_truth,wind,3493,291.0,2.4640741689579206
ergo_ground_truth,wind,3494,291.08333333333337,2.501799659719195
ergo_ground_truth,wind,3495,291.16666666666663,2.4905443580438664
ergo_ground_truth,wind,3496,291.25,2.4846001384321905
ergo_ground_truth,wind,3497,291.33333333333337,2.5055361819445463
ergo_ground_truth,wind,3498,291.41666666666663,2.5139007287735375
ergo_ground_truth,wind,3499,291.5,2.51062197778329
ergo_ground_truth,wind,3500,291.58333333333337,2.515457531834019
ergo_ground_truth,wind,3501,291.66666666666663,2.4852681666713368
ergo_ground_truth,wind,3502,291.75,2.4718804866157056
ergo_ground_truth,wind,3503,291.83333333333337,2.472022561731239
ergo_ground_truth,wind,3504,291.91666666666663,2.474254404187917
ergo_ground_truth,wind,3505,292.0,2.458950720499331
ergo_ground_truth,wind,3506,292.08333333333337,2.4556539396977883
ergo_ground_truth,wind,3507,292.16666666666663,2.443449852231233
ergo_ground_truth,wind,3508,292.25,2.4412396121260245
ergo_ground_truth,wind,3509,292.33333333333337,2.448018923383431
ergo_ground_truth,wind,3510,292.41666666666663,2.4405843318288065
ergo_ground_truth,wind,3511,292.5,2.442992205114778
ergo_ground_truth,wind,3512,292.58333333333337,2.451894573879262
ergo_ground_truth,wind,3513,292.66666666666663,2.452201514703579
ergo_ground_truth,wind,3514,292.75,2.4465307733546693
ergo_ground_truth,wind,3515,292.83333333333337,2.4603316441600644
ergo_ground_truth,wind,3516,292.91666666666663,2.4774291716967363
ergo_ground_truth,wind,3517,293.0,2.4958305117197463
ergo_ground_truth,wind,3518,293.08333333333337,2.4782093152871867
ergo_ground_truth,wind,3519,293.16666666666663,2.476201293535415
ergo_ground_truth,wind,3520,293.25,2.479890868667761
ergo_ground_truth,wind,3521,293.33333333333337,2.441219727797669
ergo_ground_truth,wind,3522,293.41666666666663,2.444147972158593
ergo_ground_truth,wind,3523,293.5,2.4602432079474483
ergo_ground_truth,wind,3524,293.58333333333337,2.4682314510118757
ergo_ground_truth,wind,3525,293.66666666666663,2.5031362736165583
ergo_ground_truth,wind,3526,293.75,2.513208982824153
ergo_ground_truth,wind,3527,293.83333333333337,2.49232494632985
ergo_ground_truth,wind,3528,293.91666666666663,2.505759253596307
ergo_ground_truth,wind,3529,294.0,2.5118817213841846
ergo_ground_truth,wind,3530,294.08333333333337,2.5183413580833736
ergo_ground_truth,wind,3531,294.16666666666663,2.5146629602538666
ergo_ground_truth,wind,3532,294.25,2.5024164882956215
ergo_ground_truth,wind,3533,294.33333333333337,2.5280648961176793
ergo_ground_truth,wind,3534,294.41666666666663,2.54161069879006
ergo_ground_truth,wind,3535,294.5,2.5315627717806537
ergo_ground_truth,wind,3536,294.58333333333337,2.529647100500948
ergo_ground_truth,wind,3537,294.66666666666663,2.509570558370056
ergo_ground_truth,wind,3538,294.75,2.514306539309031
ergo_ground_truth,wind,3539,294.83333333333337,2.5142182749101982
ergo_ground_truth,wind,3540,294.91666666666663,2.4978166811624907
ergo_ground_truth,wind,3541,295.0,2.486685877373005
ergo_ground_truth,wind,3542,295.08333333333337,2.4998905423686524
ergo_ground_truth,wind,3543,295.16666666666663,2.4946405303717407
ergo_ground_truth,wind,3544,295.25,2.507488964862346
ergo_ground_truth,wind,3545,295.33333333333337,2.499305487434523
ergo_ground_truth,wind,3546,295.41666666666663,2.4948779561694896
ergo_ground_truth,wind,3547,295.5,2.456682785506467
ergo_ground_truth,wind,3548,295.58333333333337,2.4574990359621203
ergo_ground_truth,wind,3549,295.66666666666663,2.430694058710267
ergo_ground_truth,wind,3550,295.75,2.425610605566737
ergo_ground_truth,wind,3551,295.83333333333337,2.4254450607771196
ergo_ground_truth,wind,3552,295.91666666666663,2.430886981435299
ergo_ground_truth,wind,3553,296.0,2.4151352595579065
ergo_ground_truth,wind,3554,296.08333333333337,2.389913182174831
ergo_ground_truth,wind,3555,296.16666666666663,2.393268247774278
ergo_ground_truth,wind,3556,296.25,2.3876867641842057
ergo_ground_truth,wind,3557,296.33333333333337,2.3655699963099655
ergo_ground_truth,wind,3558,296.41666666666663,2.34367065970522
ergo_ground_truth,wind,3559,296.5,2.329720000741347
ergo_ground_truth,wind,3560,296.58333333333337,2.3050740342418186
ergo_ground_truth,wind,3561,296.66666666666663,2.3290244854656033
ergo_ground_truth,wind,3562,296.75,2.298393118719042
ergo_ground_truth,wind,3563,296.83333333333337,2.241012948198534
ergo_ground_truth,wind,3564,296.91666666666663,2.2504610759824355
ergo_ground_truth,wind,3565,297.0,2.2664466006178636
ergo_ground_truth,wind,3566,297.08333333333337,2.233941249548982
ergo_ground_truth,wind,3567,297.16666666666663,2.2620440386714566
ergo_ground_truth,wind,3568,297.25,2.272936644066265
ergo_ground_truth,wind,3569,297.33333333333337,2.2501192518728286
ergo_ground_truth,wind,3570,297.41666666666663,2.271244890925967
ergo_ground_truth,wind,3571,297.5,2.267489801675712
ergo_ground_truth,wind,3572,297.58333333333337,2.2771999139794303
ergo_ground_truth,wind,3573,297.66666666666663,2.2634573778329217
ergo_ground_truth,wind,3574,297.75,2.23465073419925
ergo_ground_truth,wind,3575,297.83333333333337,2.2281059371650263
ergo_ground_truth,wind,3576,297.91666666666663,2.2316764481853406
ergo_ground_truth,wind,3577,298.0,2.22193490402679
ergo_ground_truth,wind,3578,298.08333333333337,2.21946223643475
ergo_ground_truth,wind,3579,298.16666666666663,2.1912810508693505
ergo_ground_truth,wind,3580,298.25,2.1823143259699744
ergo_ground_truth,wind,3581,298.33333333333337,2.18929702075099
ergo_ground_truth,wind,3582,298.41666666666663,2.190017479934879
ergo_ground_truth,wind,3583,298.5,2.2074106162738274
ergo_ground_truth,wind,3584,298.58333333333337,2.2107174221432038
ergo_ground_truth,wind,3585,298.66666666666663,2.2081456198069467
ergo_ground_truth,wind,3586,298.75,2.2096546855953068
ergo_ground_truth,wind,3587,298.83333333333337,2.1997105707367393
ergo_ground_truth,wind,3588,298.91666666666663,2.198548290718217
ergo_ground_truth,wind,3589,299.0,2.2096958402438966
ergo_ground_truth,wind,3590,299.08333333333337,2.211171315426216
ergo_ground_truth,wind,3591,299.16666666666663,2.2407629151040296
ergo_ground_truth,wind,3592,299.25,2.2527811630335597
ergo_ground_truth,wind,3593,299.33333333333337,2.244751701924685
ergo_ground_truth,wind,3594,299.41666666666663,2.254938114295896
ergo_ground_truth,wind,3595,299.5,2.2652236085074793
ergo_ground_truth,wind,3596,299.58333333333337,2.261529421074369
ergo_ground_truth,wind,3597,299.66666666666663,2.2764435703248087
ergo_ground_truth,wind,3598,299.75,2.2934688024360597
ergo_ground_truth,wind,3599,299.83333333333337,2.3270210079064166
ergo_ground_truth,wind,3600,299.91666666666663,2.3203790724491333
ergo_ground_truth,wind,3601,300.0,2.321437838114049
ergo_ground_truth,wind,3602,300.08333333333337,2.371661973929286
ergo_ground_truth,wind,3603,300.16666666666663,2.3867211121418617
ergo_ground_truth,wind,3604,300.25,2.4246213562601193
ergo_ground_truth,wind,3605,300.33333333333337,2.448073749868438
ergo_ground_truth,wind,3606,300.41666666666663,2.45418656221134
ergo_ground_truth,wind,3607,300.5,2.4442723702534135
ergo_ground_truth,wind,3608,300.58333333333337,2.4656053143779184
ergo_ground_truth,wind,3609,300.66666666666663,2.4846719367537715
ergo_ground_truth,wind,3610,300.75,2.4706723753522213
ergo_ground_truth,wind,3611,300.83333333333337,2.4642247294237443
ergo_ground_truth,wind,3612,300.91666666666663,2.4803681019522026
ergo_ground_truth,wind,3613,301.0,2.483827218208382
ergo_ground_truth,wind,3614,301.08333333333337,2.5274672471148376
ergo_ground_truth,wind,3615,301.16666666666663,2.5406097936511167
ergo_ground_truth,wind,3616,301.25,2.5319711348686527
ergo_ground_truth,wind,3617,301.33333333333337,2.543131440089016
ergo_ground_truth,wind,3618,301.41666666666663,2.547580383840904
ergo_ground_truth,wind,3619,301.5,2.546313590940459
ergo_ground_truth,wind,3620,301.58333333333337,2.5561123008808937
ergo_ground_truth,wind,3621,301.66666666666663,2.549374274775665
ergo_ground_truth,wind,3622,301.75,2.5372537073043686
ergo_ground_truth,wind,3623,301.83333333333337,2.566252095140834
ergo_ground_truth,wind,3624,301.91666666666663,2.5560515628974523
ergo_ground_truth,wind,3625,302.0,2.538673918464926
ergo_ground_truth,wind,3626,302.08333333333337,2.531566630545661
ergo_ground_truth,wind,3627,302.16666666666663,2.529402500762897
ergo_ground_truth,wind,3628,302.25,2.5358337513461713
ergo_ground_truth,wind,3629,302.33333333333337,2.536332697106915
ergo_ground_truth,wind,3630,302.41666666666663,2.5316760298602516
ergo_ground_truth,wind,3631,302.5,2.5251300462591058
ergo_ground_truth,wind,3632,302.58333333333337,2.5187435157858515
ergo_ground_truth,wind,3633,302.66666666666663,2.493904155223547
ergo_ground_truth,wind,3634,302.75,2.482400163820453
ergo_ground_truth,wind,3635,302.83333333333337,2.5021444792677476
ergo_ground_truth,wind,3636,302.91666666666663,2.4851488959865287
ergo_ground_truth,wind,3637,303.0,2.460906832763806
ergo_ground_truth,wind,3638,303.08333333333337,2.446063695339124
ergo_ground_truth,wind,3639,303.16666666666663,2.437314862254722
ergo_ground_truth,wind,3640,303.25,2.4530902845938156
ergo_ground_truth,wind,3641,303.33333333333337,2.4377499319381477
ergo_ground_truth,wind,3642,303.41666666666663,2.4450588613203377
ergo_ground_truth,wind,3643,303.5,2.4204822916451287
ergo_ground_truth,wind,3644,303.58333333333337,2.411868105639323
ergo_ground_truth,wind,3645,303.66666666666663,2.409710582404549
ergo_ground_truth,wind,3646,303.75,2.3868827450261105
ergo_ground_truth,wind,3647,303.83333333333337,2.404100572393057
ergo_ground_truth,wind,3648,303.91666666666663,2.4025391115053614
ergo_ground_truth,wind,3649,304.0,2.3883191968506847
ergo_ground_truth,wind,3650,304.08333333333337,2.40745821646084
ergo_ground_truth,wind,3651,304.16666666666663,2.401615576574804
ergo_ground_truth,wind,3652,304.25,2.4233541346206278
ergo_ground_truth,wind,3653,304.33333333333337,2.3929363580816343
ergo_ground_truth,wind,3654,304.41666666666663,2.3848400787197424
ergo_ground_truth,wind,3655,304.5,2.3620824233105058
ergo_ground_truth,wind,3656,304.58333333333337,2.377063854256133
ergo_ground_truth,wind,3657,304.66666666666663,2.365727925119027
ergo_ground_truth,wind,3658,304.75,2.3866089761954217
ergo_ground_truth,wind,3659,304.83333333333337,2.3592243363339334
ergo_ground_truth,wind,3660,304.91666666666663,2.338711197598958
ergo_ground_truth,wind,3661,305.0,2.378947396488918
ergo_ground_truth,wind,3662,305.08333333333337,2.3652809824899172
ergo_ground_truth,wind,3663,305.16666666666663,2.343543983019778
ergo_ground_truth,wind,3664,305.25,2.3573657619267263
ergo_ground_truth,wind,3665,305.33333333333337,2.3415144721080727
ergo_ground_truth,wind,3666,305.41666666666663,2.358012978229771
ergo_ground_truth,wind,3667,305.5,2.379796836747262
ergo_ground_truth,wind,3668,305.58333333333337,2.377608016244609
ergo_ground_truth,wind,3669,305.66666666666663,2.4016020153234305
ergo_ground_truth,wind,3670,305.75,2.3955816062480384
ergo_ground_truth,wind,3671,305.83333333333337,2.400809370481855
ergo_ground_truth,wind,3672,305.91666666666663,2.3861220398935
ergo_ground_truth,wind,3673,306.0,2.395077252899163
ergo_ground_truth,wind,3674,306.08333333333337,2.359794932931638
ergo_ground_truth,wind,3675,306.16666666666663,2.3980431037629946
ergo_ground_truth,wind,3676,306.25,2.396413005570656
ergo_ground_truth,wind,3677,306.33333333333337,2.4136711697488615
ergo_ground_truth,wind,3678,306.41666666666663,2.42795608187196
ergo_ground_truth,wind,3679,306.5,2.441200979641083
ergo_ground_truth,wind,3680,306.58333333333337,2.4500873473208906
ergo_ground_truth,wind,3681,306.66666666666663,2.447955984483577
ergo_ground_truth,wind,3682,306.75,2.439194217856255
ergo_ground_truth,wind,3683,306.83333333333337,2.455142371107664
ergo_ground_truth,wind,3684,306.91666666666663,2.4506106925697058
ergo_ground_truth,wind,3685,307.0,2.4429345488380987
ergo_ground_truth,wind,3686,307.08333333333337,2.466790502453914
ergo_ground_truth,wind,3687,307.16666666666663,2.51929075831095
ergo_ground_truth,wind,3688,307.25,2.494812317336467
ergo_ground_truth,wind,3689,307.33333333333337,2.541181721814599
ergo_ground_truth,wind,3690,307.41666666666663,2.538863492694313
ergo_ground_truth,wind,3691,307.5,2.5760593471684965
ergo_ground_truth,wind,3692,307.58333333333337,2.603958430302064
ergo_ground_truth,wind,3693,307.66666666666663,2.5732694352344505
ergo_ground_truth,wind,3694,307.75,2.5667345623977558
ergo_ground_truth,wind,3695,307.83333333333337,2.5560251928544657
ergo_ground_truth,wind,3696,307.91666666666663,2.5529977267829294
ergo_ground_truth,wind,3697,308.0,2.5850026850544876
ergo_ground_truth,wind,3698,308.08333333333337,2.5999268961159157
ergo_ground_truth,wind,3699,308.16666666666663,2.6080178822061426
ergo_ground_truth,wind,3700,308.25,2.6260995057434253
ergo_ground_truth,wind,3701,308.33333333333337,2.6111543582330916
ergo_ground_truth,wind,3702,308.41666666666663,2.589447247599086
ergo_ground_truth,wind,3703,308.5,2.583046445828162
ergo_ground_truth,wind,3704,308.58333333333337,2.571256146171352
ergo_ground_truth,wind,3705,308.66666666666663,2.5891170944469892
ergo_ground_truth,wind,3706,308.75,2.608194481502895
ergo_ground_truth,wind,3707,308.83333333333337,2.58592933861657
ergo_ground_truth,wind,3708,308.91666666666663,2.5746712797103486
ergo_ground_truth,wind,3709,309.0,2.5642920774374836
ergo_ground_truth,wind,3710,309.08333333333337,2.60060750928689
ergo_ground_truth,wind,3711,309.16666666666663,2.5963610309214604
ergo_ground_truth,wind,3712,309.25,2.584214823653065
ergo_ground_truth,wind,3713,309.33333333333337,2.5776796650271394
ergo_ground_truth,wind,3714,309.41666666666663,2.5982691846113766
ergo_ground_truth,wind,3715,309.5,2.5812666962628
ergo_ground_truth,wind,3716,309.58333333333337,2.577619142305987
ergo_ground_truth,wind,3717,309.66666666666663,2.604018218307355
ergo_ground_truth,wind,3718,309.75,2.609706384572769
ergo_ground_truth,wind,3719,309.83333333333337,2.6032908278006377
ergo_ground_truth,wind,3720,309.91666666666663,2.6017959606344525
ergo_ground_truth,wind,3721,310.0,2.6020869033096354
ergo_ground_truth,wind,3722,310.08333333333337,2.5733304490326274
ergo_ground_truth,wind,3723,310.16666666666663,2.5764668874995444
ergo_ground_truth,wind,3724,310.25,2.599822041601985
ergo_ground_truth,wind,3725,310.33333333333337,2.59228497370795
ergo_ground_truth,wind,3726,310.41666666666663,2.5764020235342113
ergo_ground_truth,wind,3727,310.5,2.571258799192501
ergo_ground_truth,wind,3728,310.58333333333337,2.57242894845927
ergo_ground_truth,wind,3729,310.66666666666663,2.549081660953313
ergo_ground_truth,wind,3730,310.75,2.5610887373280677
ergo_ground_truth,wind,3731,310.83333333333337,2.5811367994392054
ergo_ground_truth,wind,3732,310.91666666666663,2.5722490952439196
ergo_ground_truth,wind,3733,311.0,2.599546905286055
ergo_ground_truth,wind,3734,311.08333333333337,2.57474322296487
ergo_ground_truth,wind,3735,311.16666666666663,2.583730035748775
ergo_ground_truth,wind,3736,311.25,2.5954859558052457
ergo_ground_truth,wind,3737,311.33333333333337,2.6229877619874267
ergo_ground_truth,wind,3738,311.41666666666663,2.62904705200094
ergo_ground_truth,wind,3739,311.5,2.64930785492255
ergo_ground_truth,wind,3740,311.58333333333337,2.646472863147925
ergo_ground_truth,wind,3741,311.66666666666663,2.65534612581433
ergo_ground_truth,wind,3742,311.75,2.660985333659108
ergo_ground_truth,wind,3743,311.83333333333337,2.6687632782485755
ergo_ground_truth,wind,3744,311.91666666666663,2.6641573256823956
ergo_ground_truth,wind,3745,312.0,2.639885002766923
ergo_ground_truth,wind,3746,312.08333333333337,2.6352960132039933
ergo_ground_truth,wind,3747,312.16666666666663,2.66322570095118
ergo_ground_truth,wind,3748,312.25,2.647908626534328
ergo_ground_truth,wind,3749,312.33333333333337,2.6683342816354125
ergo_ground_truth,wind,3750,312.41666666666663,2.655395800045532
ergo_ground_truth,wind,3751,312.5,2.6366310112512665
ergo_ground_truth,wind,3752,312.58333333333337,2.5864520660587234
ergo_ground_truth,wind,3753,312.66666666666663,2.582392601051679
ergo_ground_truth,wind,3754,312.75,2.5310524432192345
ergo_ground_truth,wind,3755,312.83333333333337,2.5357425819085804
ergo_ground_truth,wind,3756,312.91666666666663,2.5427774259731883
ergo_ground_truth,wind,3757,313.0,2.5637771615527107
ergo_ground_truth,wind,3758,313.08333333333337,2.5764307674435156
ergo_ground_truth,wind,3759,313.16666666666663,2.5897498326238395
ergo_ground_truth,wind,3760,313.25,2.5934957902072804
ergo_ground_truth,wind,3761,313.33333333333337,2.619028504726359
ergo_ground_truth,wind,3762,313.41666666666663,2.6305024182095678
ergo_ground_truth,wind,3763,313.5,2.628625436112088
ergo_ground_truth,wind,3764,313.58333333333337,2.6361856145400293
ergo_ground_truth,wind,3765,313.66666666666663,2.6198222219542444
ergo_ground_truth,wind,3766,313.75,2.621217346173305
ergo_ground_truth,wind,3767,313.83333333333337,2.6364857207945755
ergo_ground_truth,wind,3768,313.91666666666663,2.6123904053371216
ergo_ground_truth,wind,3769,314.0,2.5836366786433826
ergo_ground_truth,wind,3770,314.08333333333337,2.5954871855971486
ergo_ground_truth,wind,3771,314.16666666666663,2.5909407209951936
ergo_ground_truth,wind,3772,314.25,2.5926071100135704
ergo_ground_truth,wind,3773,314.33333333333337,2.5858452423635314
ergo_ground_truth,wind,3774,314.41666666666663,2.595085917792398
ergo_ground_truth,wind,3775,314.5,2.5818066215086066
ergo_ground_truth,wind,3776,314.58333333333337,2.5705287203108775
ergo_ground_truth,wind,3777,314.66666666666663,2.568911123040365
ergo_ground_truth,wind,3778,314.75,2.587222072049865
ergo_ground_truth,wind,3779,314.83333333333337,2.59292107861427
ergo_ground_truth,wind,3780,314.91666666666663,2.613677244133599
ergo_ground_truth,wind,3781,315.0,2.5957321895962306
ergo_ground_truth,wind,3782,315.08333333333337,2.5813578830696176
ergo_ground_truth,wind,3783,315.16666666666663,2.583070011937735
ergo_ground_truth,wind,3784,315.25,2.601253611879779
ergo_ground_truth,wind,3785,315.33333333333337,2.579568524799806
ergo_ground_truth,wind,3786,315.41666666666663,2.5867537799949316
ergo_ground_truth,wind,3787,315.5,2.601845821850496
ergo_ground_truth,wind,3788,315.58333333333337,2.6133179448125317
ergo_ground_truth,wind,3789,315.66666666666663,2.576601407014982
ergo_ground_truth,wind,3790,315.75,2.570735288877521
ergo_ground_truth,wind,3791,315.83333333333337,2.600534381960952
ergo_ground_truth,wind,3792,315.91666666666663,2.618911501511332
ergo_ground_truth,wind,3793,316.0,2.628627502090975
ergo_ground_truth,wind,3794,316.08333333333337,2.6526387276196832
ergo_ground_truth,wind,3795,316.16666666666663,2.642510236704505
ergo_ground_truth,wind,3796,316.25,2.617786843939765
ergo_ground_truth,wind,3797,316.33333333333337,2.614179002872062
ergo_ground_truth,wind,3798,316.41666666666663,2.605223203609472
ergo_ground_truth,wind,3799,316.5,2.6170861608448446
ergo_ground_truth,wind,3800,316.58333333333337,2.632100467796376
ergo_ground_truth,wind,3801,316.66666666666663,2.631862180388342
ergo_ground_truth,wind,3802,316.75,2.6433268604579494
ergo_ground_truth,wind,3803,316.83333333333337,2.6623314248111094
ergo_ground_truth,wind,3804,316.91666666666663,2.6657742915207656
ergo_ground_truth,wind,3805,317.0,2.6564519210170694
ergo_ground_truth,wind,3806,317.08333333333337,2.670863235518361
ergo_ground_truth,wind,3807,317.16666666666663,2.6562128872205277
ergo_ground_truth,wind,3808,317.25,2.6416462082641834
ergo_ground_truth,wind,3809,317.33333333333337,2.6363100608130225
ergo_ground_truth,wind,3810,317.41666666666663,2.634030713107731
ergo_ground_truth,wind,3811,317.5,2.6462914224595084
ergo_ground_truth,wind,3812,317.58333333333337,2.6358469789003682
ergo_ground_truth,wind,3813,317.66666666666663,2.6453743484310377
ergo_ground_truth,wind,3814,317.75,2.6449322167529963
ergo_ground_truth,wind,3815,317.83333333333337,2.639605126488663
ergo_ground_truth,wind,3816,317.91666666666663,2.6441064843280397
ergo_ground_truth,wind,3817,318.0,2.6407421410392637
ergo_ground_truth,wind,3818,318.08333333333337,2.629990190691468
ergo_ground_truth,wind,3819,318.16666666666663,2.6343572466235923
ergo_ground_truth,wind,3820,318.25,2.63244850289079
ergo_ground_truth,wind,3821,318.33333333333337,2.6192106462445106
ergo_ground_truth,wind,3822,318.41666666666663,2.6208951909911637
ergo_ground_truth,wind,3823,318.5,2.6301073922941485
ergo_ground_truth,wind,3824,318.58333333333337,2.621486873303422
ergo_ground_truth,wind,3825,318.66666666666663,2.6165166778875446
ergo_ground_truth,wind,3826,318.75,2.625086533082322
ergo_ground_truth,wind,3827,318.83333333333337,2.648847294130857
ergo_ground_truth,wind,3828,318.91666666666663,2.6149720875771543
ergo_ground_truth,wind,3829,319.0,2.6206881753311326
ergo_ground_truth,wind,3830,319.08333333333337,2.6277345342182437
ergo_ground_truth,wind,3831,319.16666666666663,2.626711721502772
ergo_ground_truth,wind,3832,319.25,2.6182172719158725
ergo_ground_truth,wind,3833,319.33333333333337,2.618858464228474
ergo_ground_truth,wind,3834,319.41666666666663,2.629721481760677
ergo_ground_truth,wind,3835,319.5,2.636766054612963
ergo_ground_truth,wind,3836,319.58333333333337,2.619192246370945
ergo_ground_truth,wind,3837,319.66666666666663,2.6265745558142073
ergo_ground_truth,wind,3838,319.75,2.6129916914597797
ergo_ground_truth,wind,3839,319.83333333333337,2.6320430834228628
ergo_ground_truth,wind,3840,319.91666666666663,2.6461288751278382
ergo_ground_truth,wind,3841,320.0,2.664141243535151
ergo_ground_truth,wind,3842,320.08333333333337,2.653566962516161
ergo_ground_truth,wind,3843,320.16666666666663,2.6539568472989195
ergo_ground_truth,wind,3844,320.25,2.664215359648718
ergo_ground_truth,wind,3845,320.33333333333337,2.6356062224130032
ergo_ground_truth,wind,3846,320.41666666666663,2.613478184973901
ergo_ground_truth,wind,3847,320.5,2.5844005556778042
ergo_ground_truth,wind,3848,320.58333333333337,2.612567525316378
ergo_ground_truth,wind,3849,320.66666666666663,2.6089242362468963
ergo_ground_truth,wind,3850,320.75,2.624485622610945
ergo_ground_truth,wind,3851,320.83333333333337,2.6577129552003993
ergo_ground_truth,wind,3852,320.91666666666663,2.6613440703094513
ergo_ground_truth,wind,3853,321.0,2.6579051246951573
ergo_ground_truth,wind,3854,321.08333333333337,2.6954854950343194
ergo_ground_truth,wind,3855,321.16666666666663,2.7144518444169603
ergo_ground_truth,wind,3856,321.25,2.7007764696810943
ergo_ground_truth,wind,3857,321.33333333333337,2.708210271764746
ergo_ground_truth,wind,3858,321.41666666666663,2.6987565020518476
ergo_ground_truth,wind,3859,321.5,2.688516202840339
ergo_ground_truth,wind,3860,321.58333333333337,2.6512540742139725
ergo_ground_truth,wind,3861,321.66666666666663,2.607586865000453
ergo_ground_truth,wind,3862,321.75,2.6471801040872736
ergo_ground_truth,wind,3863,321.83333333333337,2.6549976911293043
ergo_ground_truth,wind,3864,321.91666666666663,2.6319919730384354
ergo_ground_truth,wind,3865,322.0,2.6307668766606063
ergo_ground_truth,wind,3866,322.08333333333337,2.630749233070675
ergo_ground_truth,wind,3867,322.16666666666663,2.6180803940852844
ergo_ground_truth,wind,3868,322.25,2.6370846079876844
ergo_ground_truth,wind,3869,322.33333333333337,2.655878055068735
ergo_ground_truth,wind,3870,322.41666666666663,2.6899084201931194
ergo_ground_truth,wind,3871,322.5,2.688587303862644
ergo_ground_truth,wind,3872,322.58333333333337,2.685686692925033
ergo_ground_truth,wind,3873,322.66666666666663,2.6741125325294544
ergo_ground_truth,wind,3874,322.75,2.6738952113259846
ergo_ground_truth,wind,3875,322.83333333333337,2.657590306827795
ergo_ground_truth,wind,3876,322.91666666666663,2.6410589238526376
ergo_ground_truth,wind,3877,323.0,2.6450266034164254
ergo_ground_truth,wind,3878,323.08333333333337,2.6589992397150852
ergo_ground_truth,wind,3879,323.16666666666663,2.65725199214578
ergo_ground_truth,wind,3880,323.25,2.6735412256773854
ergo_ground_truth,wind,3881,323.33333333333337,2.6928059725524673
ergo_ground_truth,wind,3882,323.41666666666663,2.6891840866281234
ergo_ground_truth,wind,3883,323.5,2.681676945137019
ergo_ground_truth,wind,3884,323.58333333333337,2.660898465054744
ergo_ground_truth,wind,3885,323.66666666666663,2.638949504563404
ergo_ground_truth,wind,3886,323.75,2.6296890107881183
ergo_ground_truth,wind,3887,323.83333333333337,2.6422183806875
ergo_ground_truth,wind,3888,323.91666666666663,2.6445549353228595
ergo_ground_truth,wind,3889,324.0,2.6366866948347654
ergo_ground_truth,wind,3890,324.08333333333337,2.631792416777649
ergo_ground_truth,wind,3891,324.16666666666663,2.639243203640304
ergo_ground_truth,wind,3892,324.25,2.6792951141124446
ergo_ground_truth,wind,3893,324.33333333333337,2.6767056122313333
ergo_ground_truth,wind,3894,324.41666666666663,2.6899746542759613
ergo_ground_truth,wind,3895,324.5,2.6580053692418644
ergo_ground_truth,wind,3896,324.58333333333337,2.677013532747811
ergo_ground_truth,wind,3897,324.66666666666663,2.668742132789524
ergo_ground_truth,wind,3898,324.75,2.671350582507671
ergo_ground_truth,wind,3899,324.83333333333337,2.657607496688537
ergo_ground_truth,wind,3900,324.91666666666663,2.6376162819881013
ergo_ground_truth,wind,3901,325.0,2.6314966727644435
ergo_ground_truth,wind,3902,325.08333333333337,2.6184989766107223
ergo_ground_truth,wind,3903,325.16666666666663,2.6317715048246706
ergo_ground_truth,wind,3904,325.25,2.6160325661786206
ergo_ground_truth,wind,3905,325.33333333333337,2.6296220507257373
ergo_ground_truth,wind,3906,325.41666666666663,2.6409967441092377
ergo_ground_truth,wind,3907,325.5,2.6517262611088066
ergo_ground_truth,wind,3908,325.58333333333337,2.6298748623183426
ergo_ground_truth,wind,3909,325.66666666666663,2.6354967197923354
ergo_ground_truth,wind,3910,325.75,2.621340267683686
ergo_ground_truth,wind,3911,325.83333333333337,2.612915386193188
ergo_ground_truth,wind,3912,325.91666666666663,2.6593686895808726
ergo_ground_truth,wind,3913,326.0,2.6926157786494374
ergo_ground_truth,wind,3914,326.08333333333337,2.668022007676982
ergo_ground_truth,wind,3915,326.16666666666663,2.645867096965418
ergo_ground_truth,wind,3916,326.25,2.660090352474214
ergo_ground_truth,wind,3917,326.33333333333337,2.642885873795165
ergo_ground_truth,wind,3918,326.41666666666663,2.626290877826667
ergo_ground_truth,wind,3919,326.5,2.613029048579226
ergo_ground_truth,wind,3920,326.58333333333337,2.599182445217155
ergo_ground_truth,wind,3921,326.66666666666663,2.5961489128722426
ergo_ground_truth,wind,3922,326.75,2.5903538326562416
ergo_ground_truth,wind,3923,326.83333333333337,2.5629669185179917
ergo_ground_truth,wind,3924,326.91666666666663,2.5806995653082456
ergo_ground_truth,wind,3925,327.0,2.5895925846432353
ergo_ground_truth,wind,3926,327.08333333333337,2.6021337571325285
ergo_ground_truth,wind,3927,327.16666666666663,2.5988038391105026
ergo_ground_truth,wind,3928,327.25,2.622616354261141
ergo_ground_truth,wind,3929,327.33333333333337,2.620290005442075
ergo_ground_truth,wind,3930,327.41666666666663,2.5860037449806086
ergo_ground_truth,wind,3931,327.5,2.585950535989297
ergo_ground_truth,wind,3932,327.58333333333337,2.612797196024113
ergo_ground_truth,wind,3933,327.66666666666663,2.617213838387705
ergo_ground_truth,wind,3934,327.75,2.6179338524360936
ergo_ground_truth,wind,3935,327.83333333333337,2.6404845845682527
ergo_ground_truth,wind,3936,327.91666666666663,2.643344299725656
ergo_ground_truth,wind,3937,328.0,2.644607102498669
ergo_ground_truth,wind,3938,328.08333333333337,2.6542725127060547
ergo_ground_truth,wind,3939,328.16666666666663,2.681430759096565
ergo_ground_truth,wind,3940,328.25,2.669503264452039
ergo_ground_truth,wind,3941,328.33333333333337,2.650099165568504
ergo_ground_truth,wind,3942,328.41666666666663,2.6138122180037335
ergo_ground_truth,wind,3943,328.5,2.6301673785751616
ergo_ground_truth,wind,3944,328.58333333333337,2.6301019606002614
ergo_ground_truth,wind,3945,328.66666666666663,2.638710174948177
ergo_ground_truth,wind,3946,328.75,2.62781323722428
ergo_ground_truth,wind,3947,328.83333333333337,2.6447296182876747
ergo_ground_truth,wind,3948,328.91666666666663,2.6698880693402294
ergo_ground_truth,wind,3949,329.0,2.6718142068620616
ergo_ground_truth,wind,3950,329.08333333333337,2.71099045662878
ergo_ground_truth,wind,3951,329.16666666666663,2.6901349130188987
ergo_ground_truth,wind,3952,329.25,2.704801931171042
ergo_ground_truth,wind,3953,329.33333333333337,2.703912055771249
ergo_ground_truth,wind,3954,329.41666666666663,2.674970380483217
ergo_ground_truth,wind,3955,329.5,2.6676633775499132
ergo_ground_truth,wind,3956,329.58333333333337,2.6637364568667032
ergo_ground_truth,wind,3957,329.66666666666663,2.622165252231303
ergo_ground_truth,wind,3958,329.75,2.633841811771497
ergo_ground_truth,wind,3959,329.83333333333337,2.609481905379092
ergo_ground_truth,wind,3960,329.91666666666663,2.600061065331092
ergo_ground_truth,wind,3961,330.0,2.6418540161121786
ergo_ground_truth,wind,3962,330.08333333333337,2.6647295064115077
ergo_ground_truth,wind,3963,330.16666666666663,2.645593812255136
ergo_ground_truth,wind,3964,330.25,2.623685512850354
ergo_ground_truth,wind,3965,330.33333333333337,2.6200958863483113
ergo_ground_truth,wind,3966,330.41666666666663,2.6345223451067366
ergo_ground_truth,wind,3967,330.5,2.609517029760687
ergo_ground_truth,wind,3968,330.58333333333337,2.633340569781671
ergo_ground_truth,wind,3969,330.66666666666663,2.653726526047464
ergo_ground_truth,wind,3970,330.75,2.656990861099714
ergo_ground_truth,wind,3971,330.83333333333337,2.670668328942922
ergo_ground_truth,wind,3972,330.91666666666663,2.666280587998871
ergo_ground_truth,wind,3973,331.0,2.6330906938281156
ergo_ground_truth,wind,3974,331.08333333333337,2.6495110434124367
ergo_ground_truth,wind,3975,331.16666666666663,2.663524291638323
ergo_ground_truth,wind,3976,331.25,2.679124905484337
ergo_ground_truth,wind,3977,331.33333333333337,2.6772090881029835
ergo_ground_truth,wind,3978,331.41666666666663,2.6690262656119166
ergo_ground_truth,wind,3979,331.5,2.6657216009890905
ergo_ground_truth,wind,3980,331.58333333333337,2.648122047622689
ergo_ground_truth,wind,3981,331.66666666666663,2.630505781646581
ergo_ground_truth,wind,3982,331.75,2.638420831173552
ergo_ground_truth,wind,3983,331.83333333333337,2.6731098276263126
ergo_ground_truth,wind,3984,331.91666666666663,2.633791859366049
ergo_ground_truth,wind,3985,332.0,2.6660440851324965
ergo_ground_truth,wind,3986,332.08333333333337,2.664629338258828
ergo_ground_truth,wind,3987,332.16666666666663,2.6828020247338777
ergo_ground_truth,wind,3988,332.25,2.652741682424693
ergo_ground_truth,wind,3989,332.33333333333337,2.654384457643043
ergo_ground_truth,wind,3990,332.41666666666663,2.6713591498337728
ergo_ground_truth,wind,3991,332.5,2.6752079867693634
ergo_ground_truth,wind,3992,332.58333333333337,2.629411336227697
ergo_ground_truth,wind,3993,332.66666666666663,2.6248783631760757
ergo_ground_truth,wind,3994,332.75,2.6462868634253414
ergo_ground_truth,wind,3995,332.83333333333337,2.633041972608281
ergo_ground_truth,wind,3996,332.91666666666663,2.6457695970284356
ergo_ground_truth,wind,3997,333.0,2.6416905427627215
ergo_ground_truth,wind,3998,333.08333333333337,2.654420701623713
ergo_ground_truth,wind,3999,333.16666666666663,2.674151274180429
ergo_ground_truth,wind,4000,333.25,2.667502234480686
ergo_ground_truth,wind,4001,333.33333333333337,2.6247235603549792
ergo_ground_truth,wind,4002,333.41666666666663,2.649505356776397
ergo_ground_truth,wind,4003,333.5,2.6396750310773096
ergo_ground_truth,wind,4004,333.58333333333337,2.670715674177339
ergo_ground_truth,wind,4005,333.66666666666663,2.668179074064266
ergo_ground_truth,wind,4006,333.75,2.6627089313161734
ergo_ground_truth,wind,4007,333.83333333333337,2.6546524062297525
ergo_ground_truth,wind,4008,333.91666666666663,2.643928826645436
ergo_ground_truth,wind,4009,334.0,2.644336930148279
ergo_ground_truth,wind,4010,334.08333333333337,2.6357355970287233
ergo_ground_truth,wind,4011,334.16666666666663,2.6485186831950487
ergo_ground_truth,wind,4012,334.25,2.6701074812492522
ergo_ground_truth,wind,4013,334.33333333333337,2.688882718731907
ergo_ground_truth,wind,4014,334.41666666666663,2.7015681393553517
ergo_ground_truth,wind,4015,334.5,2.685120458100229
ergo_ground_truth,wind,4016,334.58333333333337,2.68491653291257
ergo_ground_truth,wind,4017,334.66666666666663,2.693592238978617
ergo_ground_truth,wind,4018,334.75,2.7121287136935996
ergo_ground_truth,wind,4019,334.83333333333337,2.7278147991779096
ergo_ground_truth,wind,4020,334.91666666666663,2.700752916149964
ergo_ground_truth,wind,4021,335.0,2.709471090437662
ergo_ground_truth,wind,4022,335.08333333333337,2.666420154998774
ergo_ground_truth,wind,4023,335.16666666666663,2.631140741035163
ergo_ground_truth,wind,4024,335.25,2.657654017296267
ergo_ground_truth,wind,4025,335.33333333333337,2.655225729458736
ergo_ground_truth,wind,4026,335.41666666666663,2.6892762743448193
ergo_ground_truth,wind,4027,335.5,2.684769874879549
ergo_ground_truth,wind,4028,335.58333333333337,2.6783780120103633
ergo_ground_truth,wind,4029,335.66666666666663,2.6710284456964457
ergo_ground_truth,wind,4030,335.75,2.6614525813888377
ergo_ground_truth,wind,4031,335.83333333333337,2.6505078698396494
ergo_ground_truth,wind,4032,335.91666666666663,2.6441503117955354
ergo_ground_truth,wind,4033,336.0,2.644002092249418
ergo_ground_truth,wind,4034,336.08333333333337,2.657440119563149
ergo_ground_truth,wind,4035,336.16666666666663,2.6663578260263208
ergo_ground_truth,wind,4036,336.25,2.6738603765229496
ergo_ground_truth,wind,4037,336.33333333333337,2.6679929119649763
ergo_ground_truth,wind,4038,336.41666666666663,2.6753709309601077
ergo_ground_truth,wind,4039,336.5,2.671982321511748
ergo_ground_truth,wind,4040,336.58333333333337,2.6512142478088183
ergo_ground_truth,wind,4041,336.66666666666663,2.653197719874517
ergo_ground_truth,wind,4042,336.75,2.655030136455733
ergo_ground_truth,wind,4043,336.83333333333337,2.646656902865194
ergo_ground_truth,wind,4044,336.91666666666663,2.672339952182259
ergo_ground_truth,wind,4045,337.0,2.6469172290921037
ergo_ground_truth,wind,4046,337.08333333333337,2.6734959156887657
ergo_ground_truth,wind,4047,337.16666666666663,2.662142260586529
ergo_ground_truth,wind,4048,337.25,2.6668774207859482
ergo_ground_truth,wind,4049,337.33333333333337,2.687037251414309
ergo_ground_truth,wind,4050,337.41666666666663,2.6702018796914664
ergo_ground_truth,wind,4051,337.5,2.6955162371215775
ergo_ground_truth,wind,4052,337.58333333333337,2.696518920969152
ergo_ground_truth,wind,4053,337.66666666666663,2.677068376326987
ergo_ground_truth,wind,4054,337.75,2.6620596847994724
ergo_ground_truth,wind,4055,337.83333333333337,2.672480553924419
ergo_ground_truth,wind,4056,337.91666666666663,2.6681795868361196
ergo_ground_truth,wind,4057,338.0,2.672536629290793
ergo_ground_truth,wind,4058,338.08333333333337,2.6616085700787107
ergo_ground_truth,wind,4059,338.16666666666663,2.6667295791065793
ergo_ground_truth,wind,4060,338.25,2.6753046379998735
ergo_ground_truth,wind,4061,338.33333333333337,2.653487132347725
ergo_ground_truth,wind,4062,338.41666666666663,2.6941315378605757
ergo_ground_truth,wind,4063,338.5,2.736826540246748
ergo_ground_truth,wind,4064,338.58333333333337,2.756873552233488
ergo_ground_truth,wind,4065,338.66666666666663,2.730558703896946
ergo_ground_truth,wind,4066,338.75,2.716206041238455
ergo_ground_truth,wind,4067,338.83333333333337,2.713052949922697
ergo_ground_truth,wind,4068,338.91666666666663,2.6946666391213934
ergo_ground_truth,wind,4069,339.0,2.6971886329963755
ergo_ground_truth,wind,4070,339.08333333333337,2.664368363963086
ergo_ground_truth,wind,4071,339.16666666666663,2.6768150778119444
ergo_ground_truth,wind,4072,339.25,2.674524436995811
ergo_ground_truth,wind,4073,339.33333333333337,2.690848239886081
ergo_ground_truth,wind,4074,339.41666666666663,2.703995090255831
ergo_ground_truth,wind,4075,339.5,2.6888555667554144
ergo_ground_truth,wind,4076,339.58333333333337,2.6986574984515013
ergo_ground_truth,wind,4077,339.66666666666663,2.712800473137414
ergo_ground_truth,wind,4078,339.75,2.6748087794211126
ergo_ground_truth,wind,4079,339.83333333333337,2.680891625483888
ergo_ground_truth,wind,4080,339.91666666666663,2.6776393887446672
ergo_ground_truth,wind,4081,340.0,2.6768423319895693
ergo_ground_truth,wind,4082,340.08333333333337,2.6486541856616532
ergo_ground_truth,wind,4083,340.16666666666663,2.648557252156516
ergo_ground_truth,wind,4084,340.25,2.665690133876598
ergo_ground_truth,wind,4085,340.33333333333337,2.6398472726640025
ergo_ground_truth,wind,4086,340.41666666666663,2.6607216492614887
ergo_ground_truth,wind,4087,340.5,2.667129100728709
ergo_ground_truth,wind,4088,340.58333333333337,2.668187569674605
ergo_ground_truth,wind,4089,340.66666666666663,2.6899524147207057
ergo_ground_truth,wind,4090,340.75,2.7042598803934066
ergo_ground_truth,wind,4091,340.83333333333337,2.6996300230984924
ergo_ground_truth,wind,4092,340.91666666666663,2.6872089047443164
ergo_ground_truth,wind,4093,341.0,2.6496785449141407
ergo_ground_truth,wind,4094,341.08333333333337,2.6487944819578333
ergo_ground_truth,wind,4095,341.16666666666663,2.654317341441561
ergo_ground_truth,wind,4096,341.25,2.664697704262273
ergo_ground_truth,wind,4097,341.33333333333337,2.644489074336697
ergo_ground_truth,wind,4098,341.41666666666663,2.6403738057717696
ergo_ground_truth,wind,4099,341.5,2.637369044231028
ergo_ground_truth,wind,4100,341.58333333333337,2.6456416997083845
ergo_ground_truth,wind,4101,341.66666666666663,2.6367885219669325
ergo_ground_truth,wind,4102,341.75,2.6409726612972726
ergo_ground_truth,wind,4103,341.83333333333337,2.6411678911328584
ergo_ground_truth,wind,4104,341.91666666666663,2.663270520877927
ergo_ground_truth,wind,4105,342.0,2.671043611373832
ergo_ground_truth,wind,4106,342.08333333333337,2.6758434277530068
ergo_ground_truth,wind,4107,342.16666666666663,2.69620728901409
ergo_ground_truth,wind,4108,342.25,2.6808477202756267
ergo_ground_truth,wind,4109,342.33333333333337,2.708350489552125
ergo_ground_truth,wind,4110,342.41666666666663,2.708917675902578
ergo_ground_truth,wind,4111,342.5,2.6988838595733093
ergo_ground_truth,wind,4112,342.58333333333337,2.737455477064052
ergo_ground_truth,wind,4113,342.66666666666663,2.7725579964306397
ergo_ground_truth,wind,4114,342.75,2.7628560539331852
ergo_ground_truth,wind,4115,342.83333333333337,2.7099063251316
ergo_ground_truth,wind,4116,342.91666666666663,2.6711917198065906
ergo_ground_truth,wind,4117,343.0,2.665929062885149
ergo_ground_truth,wind,4118,343.08333333333337,2.6910284637282063
ergo_ground_truth,wind,4119,343.16666666666663,2.6902592478925036
ergo_ground_truth,wind,4120,343.25,2.716816802534185
ergo_ground_truth,wind,4121,343.33333333333337,2.705738707828475
ergo_ground_truth,wind,4122,343.41666666666663,2.7031148785480372
ergo_ground_truth,wind,4123,343.5,2.707863125973934
ergo_ground_truth,wind,4124,343.58333333333337,2.7056305551424327
ergo_ground_truth,wind,4125,343.66666666666663,2.66509699743198
ergo_ground_truth,wind,4126,343.75,2.6884768794730154
ergo_ground_truth,wind,4127,343.83333333333337,2.717724860002693
ergo_ground_truth,wind,4128,343.91666666666663,2.734683886320473
ergo_ground_truth,wind,4129,344.0,2.756574318894198
ergo_ground_truth,wind,4130,344.08333333333337,2.7831346086329263
ergo_ground_truth,wind,4131,344.16666666666663,2.7416591841323203
ergo_ground_truth,wind,4132,344.25,2.700446939132511
ergo_ground_truth,wind,4133,344.33333333333337,2.6796200673723467
ergo_ground_truth,wind,4134,344.41666666666663,2.689957927580446
ergo_ground_truth,wind,4135,344.5,2.6694969049999955
ergo_ground_truth,wind,4136,344.58333333333337,2.6619477603991255
ergo_ground_truth,wind,4137,344.66666666666663,2.655037546072707
ergo_ground_truth,wind,4138,344.75,2.642613425820423
ergo_ground_truth,wind,4139,344.83333333333337,2.6647921208270264
ergo_ground_truth,wind,4140,344.91666666666663,2.6692450376896497
ergo_ground_truth,wind,4141,345.0,2.6763011122399543
ergo_ground_truth,wind,4142,345.08333333333337,2.675072458611747
ergo_ground_truth,wind,4143,345.16666666666663,2.68334080167412
ergo_ground_truth,wind,4144,345.25,2.6793503963878664
ergo_ground_truth,wind,4145,345.33333333333337,2.697802159728635
ergo_ground_truth,wind,4146,345.41666666666663,2.6807265802801727
ergo_ground_truth,wind,4147,345.5,2.7072024805548685
ergo_ground_truth,wind,4148,345.58333333333337,2.7119430707471492
ergo_ground_truth,wind,4149,345.66666666666663,2.733482921843631
ergo_ground_truth,wind,4150,345.75,2.70954336182996
ergo_ground_truth,wind,4151,345.83333333333337,2.7000999353632245
ergo_ground_truth,wind,4152,345.91666666666663,2.676915474742798
ergo_ground_truth,wind,4153,346.0,2.682115169913389
ergo_ground_truth,wind,4154,346.08333333333337,2.6846205214493364
ergo_ground_truth,wind,4155,346.16666666666663,2.696805820030126
ergo_ground_truth,wind,4156,346.25,2.682712448830134
ergo_ground_truth,wind,4157,346.33333333333337,2.6844411723753177
ergo_ground_truth,wind,4158,346.41666666666663,2.6710400737778475
ergo_ground_truth,wind,4159,346.5,2.6892484144474915
ergo_ground_truth,wind,4160,346.58333333333337,2.6757418864226143
ergo_ground_truth,wind,4161,346.66666666666663,2.666852660411895
ergo_ground_truth,wind,4162,346.75,2.69545169289163
ergo_ground_truth,wind,4163,346.83333333333337,2.7075335738980737
ergo_ground_truth,wind,4164,346.91666666666663,2.6924888017142
ergo_ground_truth,wind,4165,347.0,2.6796489924365026
ergo_ground_truth,wind,4166,347.08333333333337,2.6602504607564494
ergo_ground_truth,wind,4167,347.16666666666663,2.627265625747736
ergo_ground_truth,wind,4168,347.25,2.6313473273616386
ergo_ground_truth,wind,4169,347.33333333333337,2.639109179284979
ergo_ground_truth,wind,4170,347.41666666666663,2.6188532455721845
ergo_ground_truth,wind,4171,347.5,2.616425651526917
ergo_ground_truth,wind,4172,347.58333333333337,2.621798442216965
ergo_ground_truth,wind,4173,347.66666666666663,2.6279913363533676
ergo_ground_truth,wind,4174,347.75,2.625669149476491
ergo_ground_truth,wind,4175,347.83333333333337,2.634367310782922
ergo_ground_truth,wind,4176,347.91666666666663,2.6543740251232797
ergo_ground_truth,wind,4177,348.0,2.67476867057977
ergo_ground_truth,wind,4178,348.08333333333337,2.6638001660796773
ergo_ground_truth,wind,4179,348.16666666666663,2.6700382357175454
ergo_ground_truth,wind,4180,348.25,2.6912621990507484
ergo_ground_truth,wind,4181,348.33333333333337,2.6677338755290156
ergo_ground_truth,wind,4182,348.41666666666663,2.670234384771557
ergo_ground_truth,wind,4183,348.5,2.678901325000625
ergo_ground_truth,wind,4184,348.58333333333337,2.6988096135527107
ergo_ground_truth,wind,4185,348.66666666666663,2.7070855885057643
ergo_ground_truth,wind,4186,348.75,2.6854532277896523
ergo_ground_truth,wind,4187,348.83333333333337,2.6960435136246828
ergo_ground_truth,wind,4188,348.91666666666663,2.699019287821516
ergo_ground_truth,wind,4189,349.0,2.698538237522048
ergo_ground_truth,wind,4190,349.08333333333337,2.7299721048756735
ergo_ground_truth,wind,4191,349.16666666666663,2.732176642742759
ergo_ground_truth,wind,4192,349.25,2.7225003536917964
ergo_ground_truth,wind,4193,349.33333333333337,2.710571051769996
ergo_ground_truth,wind,4194,349.41666666666663,2.69788858233119
ergo_ground_truth,wind,4195,349.5,2.6935008452236295
ergo_ground_truth,wind,4196,349.58333333333337,2.6695121211017647
ergo_ground_truth,wind,4197,349.66666666666663,2.6661162744253946
ergo_ground_truth,wind,4198,349.75,2.69322995608965
ergo_ground_truth,wind,4199,349.83333333333337,2.7119743123966393
ergo_ground_truth,wind,4200,349.91666666666663,2.7214146953582317
ergo_ground_truth,wind,4201,350.0,2.699655024513682
ergo_ground_truth,wind,4202,350.08333333333337,2.721248903699604
ergo_ground_truth,wind,4203,350.16666666666663,2.7265127313991426
ergo_ground_truth,wind,4204,350.25,2.7075316282810094
ergo_ground_truth,wind,4205,350.33333333333337,2.7331157540128963
ergo_ground_truth,wind,4206,350.41666666666663,2.7213408522263918
ergo_ground_truth,wind,4207,350.5,2.742010213565666
ergo_ground_truth,wind,4208,350.58333333333337,2.717802845310795
ergo_ground_truth,wind,4209,350.66666666666663,2.705449259723212
ergo_ground_truth,wind,4210,350.75,2.710476598898092
ergo_ground_truth,wind,4211,350.83333333333337,2.701339635510478
ergo_ground_truth,wind,4212,350.91666666666663,2.652179425131382
ergo_ground_truth,wind,4213,351.0,2.6316634013064664
ergo_ground_truth,wind,4214,351.08333333333337,2.63347854191104
ergo_ground_truth,wind,4215,351.16666666666663,2.647662182510814
ergo_ground_truth,wind,4216,351.25,2.6472656220815045
ergo_ground_truth,wind,4217,351.33333333333337,2.6836453425370523
ergo_ground_truth,wind,4218,351.41666666666663,2.6843168686451597
ergo_ground_truth,wind,4219,351.5,2.6940119914939693
ergo_ground_truth,wind,4220,351.58333333333337,2.6985607866460786
ergo_ground_truth,wind,4221,351.66666666666663,2.6658536396761283
ergo_ground_truth,wind,4222,351.75,2.6772413656276077
ergo_ground_truth,wind,4223,351.83333333333337,2.688385016620757
ergo_ground_truth,wind,4224,351.91666666666663,2.6726578077590006
ergo_ground_truth,wind,4225,352.0,2.689047213415582
ergo_ground_truth,wind,4226,352.08333333333337,2.6884745745469676
ergo_ground_truth,wind,4227,352.16666666666663,2.6801843877503746
ergo_ground_truth,wind,4228,352.25,2.6755656247777027
ergo_ground_truth,wind,4229,352.33333333333337,2.658647736519354
ergo_ground_truth,wind,4230,352.41666666666663,2.6409318636558847
ergo_ground_truth,wind,4231,352.5,2.653261954980969
ergo_ground_truth,wind,4232,352.58333333333337,2.653385525736926
ergo_ground_truth,wind,4233,352.66666666666663,2.67252529764865
ergo_ground_truth,wind,4234,352.75,2.692818859220413
ergo_ground_truth,wind,4235,352.83333333333337,2.6829436445140393
ergo_ground_truth,wind,4236,352.91666666666663,2.697926171226496
ergo_ground_truth,wind,4237,353.0,2.684027540665772
ergo_ground_truth,wind,4238,353.08333333333337,2.7003492794150055
ergo_ground_truth,wind,4239,353.16666666666663,2.705436082452204
ergo_ground_truth,wind,4240,353.25,2.694371791516906
ergo_ground_truth,wind,4241,353.33333333333337,2.664639189707114
ergo_ground_truth,wind,4242,353.41666666666663,2.6627522123047696
ergo_ground_truth,wind,4243,353.5,2.6658827085355647
ergo_ground_truth,wind,4244,353.58333333333337,2.676565396942413
ergo_ground_truth,wind,4245,353.66666666666663,2.6574351508096434
ergo_ground_truth,wind,4246,353.75,2.657952811184196
ergo_ground_truth,wind,4247,353.83333333333337,2.617060542260214
ergo_ground_truth,wind,4248,353.91666666666663,2.6083507722353523
ergo_ground_truth,wind,4249,354.0,2.5834661618199894
ergo_ground_truth,wind,4250,354.08333333333337,2.589305732108197
ergo_ground_truth,wind,4251,354.16666666666663,2.5727538303763113
ergo_ground_truth,wind,4252,354.25,2.573598780150283
ergo_ground_truth,wind,4253,354.33333333333337,2.5816937735311933
ergo_ground_truth,wind,4254,354.41666666666663,2.618433255586831
ergo_ground_truth,wind,4255,354.5,2.6292713667361594
ergo_ground_truth,wind,4256,354.58333333333337,2.6282718120749196
ergo_ground_truth,wind,4257,354.66666666666663,2.622724339755313
ergo_ground_truth,wind,4258,354.75,2.6364653753365666
ergo_ground_truth,wind,4259,354.83333333333337,2.6144356182294497
ergo_ground_truth,wind,4260,354.91666666666663,2.6363150507776187
ergo_ground_truth,wind,4261,355.0,2.6281474743431237
ergo_ground_truth,wind,4262,355.08333333333337,2.6295641613182648
ergo_ground_truth,wind,4263,355.16666666666663,2.626622481862197
ergo_ground_truth,wind,4264,355.25,2.6452640985999274
ergo_ground_truth,wind,4265,355.33333333333337,2.6293599213286143
ergo_ground_truth,wind,4266,355.41666666666663,2.6415391636928605
ergo_ground_truth,wind,4267,355.5,2.608635875412671
ergo_ground_truth,wind,4268,355.58333333333337,2.5951515571585615
ergo_ground_truth,wind,4269,355.66666666666663,2.629603725706577
ergo_ground_truth,wind,4270,355.75,2.6622067437253016
ergo_ground_truth,wind,4271,355.83333333333337,2.667120196841094
ergo_ground_truth,wind,4272,355.91666666666663,2.6455789797635445
ergo_ground_truth,wind,4273,356.0,2.656753550453542
ergo_ground_truth,wind,4274,356.08333333333337,2.6491592663928345
ergo_ground_truth,wind,4275,356.16666666666663,2.6546523374220907
ergo_ground_truth,wind,4276,356.25,2.645934452451369
ergo_ground_truth,wind,4277,356.33333333333337,2.6480597894458504
ergo_ground_truth,wind,4278,356.41666666666663,2.6586404882874093
ergo_ground_truth,wind,4279,356.5,2.6910862951196743
ergo_ground_truth,wind,4280,356.58333333333337,2.692285606762087
ergo_ground_truth,wind,4281,356.66666666666663,2.691874242479245
ergo_ground_truth,wind,4282,356.75,2.691247469994197
ergo_ground_truth,wind,4283,356.83333333333337,2.680622483643032
ergo_ground_truth,wind,4284,356.91666666666663,2.6611098277737644
ergo_ground_truth,wind,4285,357.0,2.672759344392862
ergo_ground_truth,wind,4286,357.08333333333337,2.6387581531489452
ergo_ground_truth,wind,4287,357.16666666666663,2.6462932571031064
ergo_ground_truth,wind,4288,357.25,2.6315348890287837
ergo_ground_truth,wind,4289,357.33333333333337,2.6267220329524448
ergo_ground_truth,wind,4290,357.41666666666663,2.6203989273935155
ergo_ground_truth,wind,4291,357.5,2.6104835491838974
ergo_ground_truth,wind,4292,357.58333333333337,2.6266877363604557
ergo_ground_truth,wind,4293,357.66666666666663,2.6449062350355335
ergo_ground_truth,wind,4294,357.75,2.6569248796019913
ergo_ground_truth,wind,4295,357.83333333333337,2.6766778892387846
ergo_ground_truth,wind,4296,357.91666666666663,2.6868014987434363
ergo_ground_truth,wind,4297,358.0,2.6738585584981145
ergo_ground_truth,wind,4298,358.08333333333337,2.661738805611672
ergo_ground_truth,wind,4299,358.16666666666663,2.6549110501484368
ergo_ground_truth,wind,4300,358.25,2.6432283687789635
ergo_ground_truth,wind,4301,358.33333333333337,2.6471555947955623
ergo_ground_truth,wind,4302,358.41666666666663,2.6771445160371514
ergo_ground_truth,wind,4303,358.5,2.6960527508291934
ergo_ground_truth,wind,4304,358.58333333333337,2.691588981602556
ergo_ground_truth,wind,4305,358.66666666666663,2.693492150983512
ergo_ground_truth,wind,4306,358.75,2.666609044623448
ergo_ground_truth,wind,4307,358.83333333333337,2.6861605046167347
ergo_ground_truth,wind,4308,358.91666666666663,2.6967982189116113
ergo_ground_truth,wind,4309,359.0,2.6815132822426695
ergo_ground_truth,wind,4310,359.08333333333337,2.687934434465409
ergo_ground_truth,wind,4311,359.16666666666663,2.656188612549029
ergo_ground_truth,wind,4312,359.25,2.6752124473073335
ergo_ground_truth,wind,4313,359.33333333333337,2.696054688823571
ergo_ground_truth,wind,4314,359.41666666666663,2.699156812451687
ergo_ground_truth,wind,4315,359.5,2.68117255291772
ergo_ground_truth,wind,4316,359.58333333333337,2.683506334526115
ergo_ground_truth,wind,4317,359.66666666666663,2.671803027345102
ergo_ground_truth,wind,4318,359.75,2.6674718695531827
ergo_ground_truth,wind,4319,359.83333333333337,2.6902528797377077
ergo_ground_truth,wind,4320,359.91666666666663,2.7036218574255777
ergo_ground_truth,wind,4321,360.0,2.704302083864611
ergo_ground_truth,estimated,1,0.0,0.5298262477282941
ergo_ground_truth,estimated,2,0.08333333333337123,0.5389684904438031
ergo_ground_truth,estimated,3,0.16666666666662877,0.5414017479339128
ergo_ground_truth,estimated,4,0.25,0.5427531605810357
ergo_ground_truth,estimated,5,0.33333333333337123,0.5437324565938886
ergo_ground_truth,estimated,6,0.41666666666662877,0.5445273164352352
ergo_ground_truth,estimated,7,0.5,0.5452009885838167
ergo_ground_truth,estimated,8,0.5833333333333712,0.5457799078527522
ergo_ground_truth,estimated,9,0.6666666666666288,0.546281947587149
ergo_ground_truth,estimated,10,0.75,0.5467243789146036
ergo_ground_truth,estimated,11,0.8333333333333712,0.5471222520964983
ergo_ground_truth,estimated,12,0.9166666666666288,0.5474841421518963
ergo_ground_truth,estimated,13,1.0,0.5478112616110871
ergo_ground_truth,estimated,14,1.0833333333333712,0.5481041708112167
ergo_ground_truth,estimated,15,1.1666666666666288,0.5483755843642191
ergo_ground_truth,estimated,16,1.25,0.5486657837893022
ergo_ground_truth,estimated,17,1.3333333333333712,0.5490198399701416
ergo_ground_truth,estimated,18,1.4166666666666288,0.549451224087321
ergo_ground_truth,estimated,19,1.5,0.5499395535897412
ergo_ground_truth,estimated,20,1.5833333333333712,0.5504504283777265
ergo_ground_truth,estimated,21,1.6666666666666288,0.5509517139771908
ergo_ground_truth,estimated,22,1.75,0.5514210381927006
ergo_ground_truth,estimated,23,1.8333333333333712,0.551847531655113
ergo_ground_truth,estimated,24,1.9166666666666288,0.5522331383159549
ergo_ground_truth,estimated,25,2.0,0.5525979044100396
ergo_ground_truth,estimated,26,2.0833333333333712,0.5529799858416709
ergo_ground_truth,estimated,27,2.1666666666666288,0.5534106467302989
ergo_ground_truth,estimated,28,2.25,0.5538838215227759
ergo_ground_truth,estimated,29,2.3333333333333712,0.5543556582264774
ergo_ground_truth,estimated,30,2.4166666666666288,0.5547674466157583
ergo_ground_truth,estimated,31,2.5,0.5550706750788862
ergo_ground_truth,estimated,32,2.5833333333333712,0.5553526211810972
ergo_ground_truth,estimated,33,2.6666666666666288,0.5557935721413525
ergo_ground_truth,estimated,34,2.75,0.5563636889315516
ergo_ground_truth,estimated,35,2.8333333333333712,0.5569732203378773
ergo_ground_truth,estimated,36,2.9166666666666288,0.5575332312257105
ergo_ground_truth,estimated,37,3.0,0.558006268061032
ergo_ground_truth,estimated,38,3.0833333333333712,0.5584376557113956
ergo_ground_truth,estimated,39,3.1666666666666288,0.5589115672491627
ergo_ground_truth,estimated,40,3.25,0.5594543529168428
ergo_ground_truth,estimated,41,3.3333333333333712,0.5600265881228836
ergo_ground_truth,estimated,42,3.4166666666666288,0.560571015762427
ergo_ground_truth,estimated,43,3.5,0.5610647374545714
ergo_ground_truth,estimated,44,3.5833333333333712,0.5615397431404737
ergo_ground_truth,estimated,45,3.6666666666666288,0.5620443693954846
ergo_ground_truth,estimated,46,3.75,0.5625889538017882
ergo_ground_truth,estimated,47,3.8333333333333712,0.5631391422110378
ergo_ground_truth,estimated,48,3.9166666666666288,0.5636557950218475
ergo_ground_truth,estimated,49,4.0,0.5641407123474563
ergo_ground_truth,estimated,50,4.083333333333371,0.5646359882787539
ergo_ground_truth,estimated,51,4.166666666666629,0.565170827183842
ergo_ground_truth,estimated,52,4.25,0.5657224265953986
ergo_ground_truth,estimated,53,4.333333333333371,0.5662419392198056
ergo_ground_truth,estimated,54,4.416666666666629,0.566719165360431
ergo_ground_truth,estimated,55,4.5,0.5672075627740559
ergo_ground_truth,estimated,56,4.583333333333371,0.567748987007642
ergo_ground_truth,estimated,57,4.666666666666629,0.5683078183753429
ergo_ground_truth,estimated,58,4.75,0.5688128319335078
ergo_ground_truth,estimated,59,4.833333333333371,0.5692623513130408
ergo_ground_truth,estimated,60,4.916666666666629,0.5697566482700135
ergo_ground_truth,estimated,61,5.0,0.5703268971650373
ergo_ground_truth,estimated,62,5.083333333333371,0.5708869993335103
ergo_ground_truth,estimated,63,5.166666666666629,0.571345620956745
ergo_ground_truth,estimated,64,5.25,0.5717812748399432
ergo_ground_truth,estimated,65,5.333333333333371,0.5723271249183803
ergo_ground_truth,estimated,66,5.416666666666629,0.5729247958997256
ergo_ground_truth,estimated,67,5.5,0.5734335449764665
ergo_ground_truth,estimated,68,5.583333333333371,0.5738326977156109
ergo_ground_truth,estimated,69,5.666666666666629,0.5743314049786135
ergo_ground_truth,estimated,70,5.75,0.5749269724243934
ergo_ground_truth,estimated,71,5.833333333333371,0.5754688922325499
ergo_ground_truth,estimated,72,5.916666666666629,0.5758619026592909
ergo_ground_truth,estimated,73,6.0,0.5762891185728314
ergo_ground_truth,estimated,74,6.083333333333371,0.5768313054900949
ergo_ground_truth,estimated,75,6.166666666666629,0.5773690737217405
ergo_ground_truth,estimated,76,6.25,0.5777955561635336
ergo_ground_truth,estimated,77,6.333333333333371,0.5781872770383008
ergo_ground_truth,estimated,78,6.416666666666629,0.5786458742741241
ergo_ground_truth,estimated,79,6.5,0.5791274605562939
ergo_ground_truth,estimated,80,6.583333333333371,0.5795577276260566
ergo_ground_truth,estimated,81,6.666666666666629,0.5799091742286383
ergo_ground_truth,estimated,82,6.75,0.5801783045241149
ergo_ground_truth,estimated,83,6.833333333333371,0.5804157144295486
ergo_ground_truth,estimated,84,6.916666666666629,0.5806936404884737
ergo_ground_truth,estimated,85,7.0,0.5810032999012849
ergo_ground_truth,estimated,86,7.083333333333371,0.5812915988442522
ergo_ground_truth,estimated,87,7.166666666666629,0.5815187497226871
ergo_ground_truth,estimated,88,7.25,0.5817026587237089
ergo_ground_truth,estimated,89,7.333333333333371,0.581891723064608
ergo_ground_truth,estimated,90,7.416666666666629,0.5820926832352957
ergo_ground_truth,estimated,91,7.5,0.5822691537250421
ergo_ground_truth,estimated,92,7.583333333333371,0.5824063143170775
ergo_ground_truth,estimated,93,7.666666666666629,0.5825465766201253
ergo_ground_truth,estimated,94,7.75,0.5827220385409735
ergo_ground_truth,estimated,95,7.833333333333371,0.5828934221997266
ergo_ground_truth,estimated,96,7.916666666666629,0.5829963146901498
ergo_ground_truth,estimated,97,8.0,0.5830833124987678
ergo_ground_truth,estimated,98,8.083333333333371,0.583267478630753
ergo_ground_truth,estimated,99,8.166666666666629,0.5834997056116777
ergo_ground_truth,estimated,100,8.25,0.5836732599858779
ergo_ground_truth,estimated,101,8.333333333333371,0.583792565285577
ergo_ground_truth,estimated,102,8.416666666666629,0.583996795473651
ergo_ground_truth,estimated,103,8.5,0.5842763230050191
ergo_ground_truth,estimated,104,8.583333333333371,0.5845432961926759
ergo_ground_truth,estimated,105,8.666666666666629,0.5847602962356324
ergo_ground_truth,estimated,106,8.75,0.5849824357052329
ergo_ground_truth,estimated,107,8.833333333333371,0.5852513177396222
ergo_ground_truth,estimated,108,8.916666666666629,0.5855355653014066
ergo_ground_truth,estimated,109,9.0,0.5857896770221057
ergo_ground_truth,estimated,110,9.083333333333371,0.586027163801912
ergo_ground_truth,estimated,111,9.166666666666629,0.5862951686337603
ergo_ground_truth,estimated,112,9.25,0.5865926177248851
ergo_ground_truth,estimated,113,9.333333333333371,0.5868739183822855
ergo_ground_truth,estimated,114,9.416666666666629,0.5871274565525298
ergo_ground_truth,estimated,115,9.5,0.5873976323291233
ergo_ground_truth,estimated,116,9.583333333333371,0.5877049533851438
ergo_ground_truth,estimated,117,9.666666666666629,0.5880092014038258
ergo_ground_truth,estimated,118,9.75,0.5882765484585951
ergo_ground_truth,estimated,119,9.833333333333371,0.5885398989372552
ergo_ground_truth,estimated,120,9.916666666666629,0.5888393814478523
ergo_ground_truth,estimated,121,10.0,0.5891491699829258
ergo_ground_truth,estimated,122,10.083333333333371,0.5894200665551589
ergo_ground_truth,estimated,123,10.166666666666629,0.5896661977325727
ergo_ground_truth,estimated,124,10.25,0.5899389277370867
ergo_ground_truth,estimated,125,10.333333333333371,0.5902325364102492
ergo_ground_truth,estimated,126,10.416666666666629,0.5904961751939212
ergo_ground_truth,estimated,127,10.5,0.5907201016667568
ergo_ground_truth,estimated,128,10.583333333333371,0.5909481535804022
ergo_ground_truth,estimated,129,10.666666666666629,0.5911963678740917
ergo_ground_truth,estimated,130,10.75,0.5914273105166603
ergo_ground_truth,estimated,131,10.833333333333371,0.5916110048093124
ergo_ground_truth,estimated,132,10.916666666666629,0.5917739429259626
ergo_ground_truth,estimated,133,11.0,0.5919542700782809
ergo_ground_truth,estimated,134,11.083333333333371,0.5919533592490436
ergo_ground_truth,estimated,135,11.166666666666629,0.5917508972546753
ergo_ground_truth,estimated,136,11.25,0.5914001075140488
ergo_ground_truth,estimated,137,11.333333333333371,0.5910077038407628
ergo_ground_truth,estimated,138,11.416666666666629,0.5906331440162118
ergo_ground_truth,estimated,139,11.5,0.590305084321917
ergo_ground_truth,estimated,140,11.583333333333371,0.5900183549818281
ergo_ground_truth,estimated,141,11.666666666666629,0.5897513814549251
ergo_ground_truth,estimated,142,11.75,0.5895142130925367
ergo_ground_truth,estimated,143,11.833333333333371,0.5893310406242136
ergo_ground_truth,estimated,144,11.916666666666629,0.5891876373435077
ergo_ground_truth,estimated,145,12.0,0.5890455681666719
ergo_ground_truth,estimated,146,12.083333333333371,0.5889013086719456
ergo_ground_truth,estimated,147,12.166666666666629,0.5887900234922183
ergo_ground_truth,estimated,148,12.25,0.5887103308611172
ergo_ground_truth,estimated,149,12.333333333333371,0.5886259898073937
ergo_ground_truth,estimated,150,12.416666666666629,0.5885197956324381
ergo_ground_truth,estimated,151,12.5,0.5884267310069581
ergo_ground_truth,estimated,152,12.583333333333371,0.5883632938251084
ergo_ground_truth,estimated,153,12.666666666666629,0.588299804464979
ergo_ground_truth,estimated,154,12.75,0.5882016304781705
ergo_ground_truth,estimated,155,12.833333333333371,0.5880960185822682
ergo_ground_truth,estimated,156,12.916666666666629,0.5880237438225908
ergo_ground_truth,estimated,157,13.0,0.5879634543667579
ergo_ground_truth,estimated,158,13.083333333333371,0.5878537850891338
ergo_ground_truth,estimated,159,13.166666666666629,0.5877044089401504
ergo_ground_truth,estimated,160,13.25,0.5876148372967289
ergo_ground_truth,estimated,161,13.333333333333371,0.5875694301775272
ergo_ground_truth,estimated,162,13.416666666666629,0.5875215597848041
ergo_ground_truth,estimated,163,13.5,0.587376794767256
ergo_ground_truth,estimated,164,13.583333333333371,0.5871700958483997
ergo_ground_truth,estimated,165,13.666666666666629,0.5869179619893704
ergo_ground_truth,estimated,166,13.75,0.5866710034610031
ergo_ground_truth,estimated,167,13.833333333333371,0.5864149822068787
ergo_ground_truth,estimated,168,13.916666666666629,0.5861516284341242
ergo_ground_truth,estimated,169,14.0,0.5859034881659118
ergo_ground_truth,estimated,170,14.083333333333371,0.5856308373522292
ergo_ground_truth,estimated,171,14.166666666666629,0.585380236709589
ergo_ground_truth,estimated,172,14.25,0.5851239775236083
ergo_ground_truth,estimated,173,14.333333333333371,0.5848930979739886
ergo_ground_truth,estimated,174,14.416666666666629,0.5846553044476999
ergo_ground_truth,estimated,175,14.5,0.584416089167402
ergo_ground_truth,estimated,176,14.583333333333371,0.584177741144622
ergo_ground_truth,estimated,177,14.666666666666629,0.583941714514931
ergo_ground_truth,estimated,178,14.75,0.5837090018356387
ergo_ground_truth,estimated,179,14.833333333333371,0.5834803193063237
ergo_ground_truth,estimated,180,14.916666666666629,0.5832562370103441
ergo_ground_truth,estimated,181,15.0,0.5830372988081367
ergo_ground_truth,estimated,182,15.083333333333371,0.582824159290339
ergo_ground_truth,estimated,183,15.166666666666629,0.5826177952421848
ergo_ground_truth,estimated,184,15.25,0.5824199569182262
ergo_ground_truth,estimated,185,15.333333333333371,0.5822345502848111
ergo_ground_truth,estimated,186,15.416666666666629,0.5820748849597261
ergo_ground_truth,estimated,187,15.5,0.5819807172442593
ergo_ground_truth,estimated,188,15.583333333333371,0.5819803454890798
ergo_ground_truth,estimated,189,15.666666666666629,0.5820191005808395
ergo_ground_truth,estimated,190,15.75,0.5820903294712362
ergo_ground_truth,estimated,191,15.833333333333371,0.5822129381724407
ergo_ground_truth,estimated,192,15.916666666666629,0.5823857232419871
ergo_ground_truth,estimated,193,16.0,0.5825625041430567
ergo_ground_truth,estimated,194,16.08333333333337,0.5827213389211044
ergo_ground_truth,estimated,195,16.16666666666663,0.5829074766068215
ergo_ground_truth,estimated,196,16.25,0.5831434277198076
ergo_ground_truth,estimated,197,16.33333333333337,0.5833873557644319
ergo_ground_truth,estimated,198,16.41666666666663,0.5836013773565096
ergo_ground_truth,estimated,199,16.5,0.5838090721767887
ergo_ground_truth,estimated,200,16.58333333333337,0.5840372277328517
ergo_ground_truth,estimated,201,16.66666666666663,0.5842664272042345
ergo_ground_truth,estimated,202,16.75,0.5844612052147096
ergo_ground_truth,estimated,203,16.83333333333337,0.5846181781884641
ergo_ground_truth,estimated,204,16.91666666666663,0.5847717485584685
ergo_ground_truth,estimated,205,17.0,0.5849435081602807
ergo_ground_truth,estimated,206,17.08333333333337,0.5851036959022442
ergo_ground_truth,estimated,207,17.16666666666663,0.5851992526248979
ergo_ground_truth,estimated,208,17.25,0.5853343234738612
ergo_ground_truth,estimated,209,17.33333333333337,0.5856029613903987
ergo_ground_truth,estimated,210,17.41666666666663,0.5859382613047944
ergo_ground_truth,estimated,211,17.5,0.5862552585032151
ergo_ground_truth,estimated,212,17.58333333333337,0.586565221097407
ergo_ground_truth,estimated,213,17.66666666666663,0.5869169643132347
ergo_ground_truth,estimated,214,17.75,0.5872954490677992
ergo_ground_truth,estimated,215,17.83333333333337,0.5876436039530224
ergo_ground_truth,estimated,216,17.91666666666663,0.5879079801796303
ergo_ground_truth,estimated,217,18.0,0.5881020172167046
ergo_ground_truth,estimated,218,18.08333333333337,0.58834449319471
ergo_ground_truth,estimated,219,18.16666666666663,0.5886584532525255
ergo_ground_truth,estimated,220,18.25,0.5889516938146313
ergo_ground_truth,estimated,221,18.33333333333337,0.589186240353234
ergo_ground_truth,estimated,222,18.41666666666663,0.5894548063823258
ergo_ground_truth,estimated,223,18.5,0.5897854352737761
ergo_ground_truth,estimated,224,18.58333333333337,0.590120328630433
ergo_ground_truth,estimated,225,18.66666666666663,0.590396580685149
ergo_ground_truth,estimated,226,18.75,0.5905617906892753
ergo_ground_truth,estimated,227,18.83333333333337,0.5906360451496702
ergo_ground_truth,estimated,228,18.91666666666663,0.5908165416991179
ergo_ground_truth,estimated,229,19.0,0.5910906163412764
ergo_ground_truth,estimated,230,19.08333333333337,0.5913645287874423
ergo_ground_truth,estimated,231,19.16666666666663,0.5915758042979371
ergo_ground_truth,estimated,232,19.25,0.5917137162607358
ergo_ground_truth,estimated,233,19.33333333333337,0.5918263055404202
ergo_ground_truth,estimated,234,19.41666666666663,0.5919677351186784
ergo_ground_truth,estimated,235,19.5,0.5921094764761689
ergo_ground_truth,estimated,236,19.58333333333337,0.592183091608672
ergo_ground_truth,estimated,237,19.66666666666663,0.5922316366057017
ergo_ground_truth,estimated,238,19.75,0.5923645408353035
ergo_ground_truth,estimated,239,19.83333333333337,0.5925433775363084
ergo_ground_truth,estimated,240,19.91666666666663,0.59266822208281
ergo_ground_truth,estimated,241,20.0,0.5927356754806191
ergo_ground_truth,estimated,242,20.08333333333337,0.5928727855685527
ergo_ground_truth,estimated,243,20.16666666666663,0.5930813779406391
ergo_ground_truth,estimated,244,20.25,0.5932747019369311
ergo_ground_truth,estimated,245,20.33333333333337,0.5934169853287445
ergo_ground_truth,estimated,246,20.41666666666663,0.5935800620033719
ergo_ground_truth,estimated,247,20.5,0.5938036556488151
ergo_ground_truth,estimated,248,20.58333333333337,0.594044502164059
ergo_ground_truth,estimated,249,20.66666666666663,0.594257159800053
ergo_ground_truth,estimated,250,20.75,0.5944567096978974
ergo_ground_truth,estimated,251,20.83333333333337,0.5946847114490437
ergo_ground_truth,estimated,252,20.91666666666663,0.5949417691264612
ergo_ground_truth,estimated,253,21.0,0.5951788291744783
ergo_ground_truth,estimated,254,21.08333333333337,0.5953603245210871
ergo_ground_truth,estimated,255,21.16666666666663,0.5955529642317735
ergo_ground_truth,estimated,256,21.25,0.5958276127358016
ergo_ground_truth,estimated,257,21.33333333333337,0.5961209766848371
ergo_ground_truth,estimated,258,21.41666666666663,0.5963183424269722
ergo_ground_truth,estimated,259,21.5,0.5964959808909581
ergo_ground_truth,estimated,260,21.58333333333337,0.5968104457346645
ergo_ground_truth,estimated,261,21.66666666666663,0.5971987359586659
ergo_ground_truth,estimated,262,21.75,0.5975579246899563
ergo_ground_truth,estimated,263,21.83333333333337,0.5978623485494337
ergo_ground_truth,estimated,264,21.91666666666663,0.5981512442517172
ergo_ground_truth,estimated,265,22.0,0.598458013399593
ergo_ground_truth,estimated,266,22.08333333333337,0.5987686277233535
ergo_ground_truth,estimated,267,22.16666666666663,0.5990158114454395
ergo_ground_truth,estimated,268,22.25,0.5991517656634489
ergo_ground_truth,estimated,269,22.33333333333337,0.5993658145961276
ergo_ground_truth,estimated,270,22.41666666666663,0.5997183320232518
ergo_ground_truth,estimated,271,22.5,0.600096148661992
ergo_ground_truth,estimated,272,22.58333333333337,0.6004204247260434
ergo_ground_truth,estimated,273,22.66666666666663,0.6007171294524459
ergo_ground_truth,estimated,274,22.75,0.6010245166964898
ergo_ground_truth,estimated,275,22.83333333333337,0.601343630654866
ergo_ground_truth,estimated,276,22.91666666666663,0.6016376383251505
ergo_ground_truth,estimated,277,23.0,0.6018318332321657
ergo_ground_truth,estimated,278,23.08333333333337,0.6019307215922794
ergo_ground_truth,estimated,279,23.16666666666663,0.6021924431333835
ergo_ground_truth,estimated,280,23.25,0.6025764638327749
ergo_ground_truth,estimated,281,23.33333333333337,0.6029623583982521
ergo_ground_truth,estimated,282,23.41666666666663,0.6032885214113284
ergo_ground_truth,estimated,283,23.5,0.6035526069291108
ergo_ground_truth,estimated,284,23.58333333333337,0.6037879657334022
ergo_ground_truth,estimated,285,23.66666666666663,0.6040530134734788
ergo_ground_truth,estimated,286,23.75,0.6043350980980866
ergo_ground_truth,estimated,287,23.83333333333337,0.6045768191442888
ergo_ground_truth,estimated,288,23.91666666666663,0.6048116330135113
ergo_ground_truth,estimated,289,24.0,0.6050966502174215
ergo_ground_truth,estimated,290,24.08333333333337,0.6054071125540114
ergo_ground_truth,estimated,291,24.16666666666663,0.605701509886449
ergo_ground_truth,estimated,292,24.25,0.6059378750702995
ergo_ground_truth,estimated,293,24.33333333333337,0.6060791353967429
ergo_ground_truth,estimated,294,24.41666666666663,0.6062349921420886
ergo_ground_truth,estimated,295,24.5,0.6065011602422301
ergo_ground_truth,estimated,296,24.58333333333337,0.6068127676449078
ergo_ground_truth,estimated,297,24.66666666666663,0.6070933289886024
ergo_ground_truth,estimated,298,24.75,0.6073015943435659
ergo_ground_truth,estimated,299,24.83333333333337,0.6074205221189535
ergo_ground_truth,estimated,300,24.91666666666663,0.6075402660525048
ergo_ground_truth,estimated,301,25.0,0.6077415928332219
ergo_ground_truth,estimated,302,25.08333333333337,0.6079695490510446
ergo_ground_truth,estimated,303,25.16666666666663,0.6081646151959217
ergo_ground_truth,estimated,304,25.25,0.608322513758836
ergo_ground_truth,estimated,305,25.33333333333337,0.608452292597541
ergo_ground_truth,estimated,306,25.41666666666663,0.6085757286886423
ergo_ground_truth,estimated,307,25.5,0.6086979157385468
ergo_ground_truth,estimated,308,25.58333333333337,0.6087682520136527
ergo_ground_truth,estimated,309,25.66666666666663,0.6087748708098739
ergo_ground_truth,estimated,310,25.75,0.6088327019405835
ergo_ground_truth,estimated,311,25.83333333333337,0.608960280198695
ergo_ground_truth,estimated,312,25.91666666666663,0.6090915579714582
ergo_ground_truth,estimated,313,26.0,0.6091714938098649
ergo_ground_truth,estimated,314,26.08333333333337,0.6091893736855164
ergo_ground_truth,estimated,315,26.16666666666663,0.6091861038196974
ergo_ground_truth,estimated,316,26.25,0.6092070083894001
ergo_ground_truth,estimated,317,26.33333333333337,0.6092235547532211
ergo_ground_truth,estimated,318,26.41666666666663,0.6091613907180017
ergo_ground_truth,estimated,319,26.5,0.6090648448782828
ergo_ground_truth,estimated,320,26.58333333333337,0.6090764758207783
ergo_ground_truth,estimated,321,26.66666666666663,0.6091405265114211
ergo_ground_truth,estimated,322,26.75,0.6091397363858689
ergo_ground_truth,estimated,323,26.83333333333337,0.6090428208125978
ergo_ground_truth,estimated,324,26.91666666666663,0.609036049580308
ergo_ground_truth,estimated,325,27.0,0.6091123179736175
ergo_ground_truth,estimated,326,27.08333333333337,0.6091602351286581
ergo_ground_truth,estimated,327,27.16666666666663,0.6091239140916646
ergo_ground_truth,estimated,328,27.25,0.6091151195984953
ergo_ground_truth,estimated,329,27.33333333333337,0.6091700041467785
ergo_ground_truth,estimated,330,27.41666666666663,0.6092287557888473
ergo_ground_truth,estimated,331,27.5,0.6092398422029423
ergo_ground_truth,estimated,332,27.58333333333337,0.6091950008795898
ergo_ground_truth,estimated,333,27.66666666666663,0.6091490738894676
ergo_ground_truth,estimated,334,27.75,0.6091361147195739
ergo_ground_truth,estimated,335,27.83333333333337,0.6091276630006537
ergo_ground_truth,estimated,336,27.91666666666663,0.6090913213719686
ergo_ground_truth,estimated,337,28.0,0.6090699500401083
ergo_ground_truth,estimated,338,28.08333333333337,0.6091209469321577
ergo_ground_truth,estimated,339,28.16666666666663,0.6092069099335227
ergo_ground_truth,estimated,340,28.25,0.6092414406150584
ergo_ground_truth,estimated,341,28.33333333333337,0.6092410444384984
ergo_ground_truth,estimated,342,28.41666666666663,0.6093432140505717
ergo_ground_truth,estimated,343,28.5,0.609521409723793
ergo_ground_truth,estimated,344,28.58333333333337,0.6096503499108749
ergo_ground_truth,estimated,345,28.66666666666663,0.609665456174371
ergo_ground_truth,estimated,346,28.75,0.6097735265471549
ergo_ground_truth,estimated,347,28.83333333333337,0.6099914749162033
ergo_ground_truth,estimated,348,28.91666666666663,0.6101943408039396
ergo_ground_truth,estimated,349,29.0,0.6102905248056769
ergo_ground_truth,estimated,350,29.08333333333337,0.6103800442118034
ergo_ground_truth,estimated,351,29.16666666666663,0.6105599449107975
ergo_ground_truth,estimated,352,29.25,0.6107642578342919
ergo_ground_truth,estimated,353,29.33333333333337,0.6108970512078555
ergo_ground_truth,estimated,354,29.41666666666663,0.6109788494191144
ergo_ground_truth,estimated,355,29.5,0.611115223492603
ergo_ground_truth,estimated,356,29.58333333333337,0.6112982062953106
ergo_ground_truth,estimated,357,29.66666666666663,0.6114416909045071
ergo_ground_truth,estimated,358,29.75,0.6115159461070527
ergo_ground_truth,estimated,359,29.83333333333337,0.6116121143098718
ergo_ground_truth,estimated,360,29.91666666666663,0.6117686426749852
ergo_ground_truth,estimated,361,30.0,0.6119145392949216
ergo_ground_truth,estimated,362,30.08333333333337,0.6119811854258899
ergo_ground_truth,estimated,363,30.16666666666663,0.6120345488895753
ergo_ground_truth,estimated,364,30.25,0.6121609044013142
ergo_ground_truth,estimated,365,30.33333333333337,0.6123088878072215
ergo_ground_truth,estimated,366,30.41666666666663,0.6123749089773995
ergo_ground_truth,estimated,367,30.5,0.6123744757013162
ergo_ground_truth,estimated,368,30.58333333333337,0.6124636824909314
ergo_ground_truth,estimated,369,30.66666666666663,0.6126180436797769
ergo_ground_truth,estimated,370,30.75,0.6127126056020471
ergo_ground_truth,estimated,371,30.83333333333337,0.6126802017777917
ergo_ground_truth,estimated,372,30.91666666666663,0.6127274388714419
ergo_ground_truth,estimated,373,31.0,0.6128786413782411
ergo_ground_truth,estimated,374,31.08333333333337,0.6130157824487813
ergo_ground_truth,estimated,375,31.16666666666663,0.6130545788238136
ergo_ground_truth,estimated,376,31.25,0.6130811346964851
ergo_ground_truth,estimated,377,31.33333333333337,0.6131811589902156
ergo_ground_truth,estimated,378,31.41666666666663,0.6133046405709403
ergo_ground_truth,estimated,379,31.5,0.6133811505254821
ergo_ground_truth,estimated,380,31.58333333333337,0.6134199847352556
ergo_ground_truth,estimated,381,31.66666666666663,0.6134754893519155
ergo_ground_truth,estimated,382,31.75,0.6135537937067509
ergo_ground_truth,estimated,383,31.83333333333337,0.6136153139160045
ergo_ground_truth,estimated,384,31.91666666666663,0.6136303463383692
ergo_ground_truth,estimated,385,32.0,0.6136230035179456
ergo_ground_truth,estimated,386,32.08333333333337,0.6136454743902711
ergo_ground_truth,estimated,387,32.16666666666663,0.6136859020722569
ergo_ground_truth,estimated,388,32.25,0.6136638778431535
ergo_ground_truth,estimated,389,32.33333333333337,0.6135550073351371
ergo_ground_truth,estimated,390,32.41666666666663,0.6135578797510163
ergo_ground_truth,estimated,391,32.5,0.6136573045351407
ergo_ground_truth,estimated,392,32.58333333333337,0.6137528193224036
ergo_ground_truth,estimated,393,32.66666666666663,0.6137953871579528
ergo_ground_truth,estimated,394,32.75,0.6138148272021227
ergo_ground_truth,estimated,395,32.83333333333337,0.6138462764495376
ergo_ground_truth,estimated,396,32.91666666666663,0.6138868233857565
ergo_ground_truth,estimated,397,33.0,0.6138963473779417
ergo_ground_truth,estimated,398,33.08333333333337,0.6138304113068301
ergo_ground_truth,estimated,399,33.16666666666663,0.6137533015943288
ergo_ground_truth,estimated,400,33.25,0.6137716752824735
ergo_ground_truth,estimated,401,33.33333333333337,0.613839084301678
ergo_ground_truth,estimated,402,33.41666666666663,0.6138706698250691
ergo_ground_truth,estimated,403,33.5,0.6138774008711582
ergo_ground_truth,estimated,404,33.58333333333337,0.6139223580512126
ergo_ground_truth,estimated,405,33.66666666666663,0.6140054274321866
ergo_ground_truth,estimated,406,33.75,0.61408421916987
ergo_ground_truth,estimated,407,33.83333333333337,0.6141115770505858
ergo_ground_truth,estimated,408,33.91666666666663,0.6140761658442142
ergo_ground_truth,estimated,409,34.0,0.6140638548867025
ergo_ground_truth,estimated,410,34.08333333333337,0.6141235971249941
ergo_ground_truth,estimated,411,34.16666666666663,0.6141905045696623
ergo_ground_truth,estimated,412,34.25,0.614203067164468
ergo_ground_truth,estimated,413,34.33333333333337,0.6142062118684962
ergo_ground_truth,estimated,414,34.41666666666663,0.6142375539971308
ergo_ground_truth,estimated,415,34.5,0.6142687737764289
ergo_ground_truth,estimated,416,34.58333333333337,0.614218089282645
ergo_ground_truth,estimated,417,34.66666666666663,0.6140419322717955
ergo_ground_truth,estimated,418,34.75,0.6137951039393387
ergo_ground_truth,estimated,419,34.83333333333337,0.6135076183112701
ergo_ground_truth,estimated,420,34.91666666666663,0.6131560626133961
ergo_ground_truth,estimated,421,35.0,0.6127678696345059
ergo_ground_truth,estimated,422,35.08333333333337,0.6123568384884054
ergo_ground_truth,estimated,423,35.16666666666663,0.6119318292101149
ergo_ground_truth,estimated,424,35.25,0.611499522792921
ergo_ground_truth,estimated,425,35.33333333333337,0.611064831971724
ergo_ground_truth,estimated,426,35.41666666666663,0.6106312129630816
ergo_ground_truth,estimated,427,35.5,0.6102011023527925
ergo_ground_truth,estimated,428,35.58333333333337,0.6097763268700268
ergo_ground_truth,estimated,429,35.66666666666663,0.6093585665164114
ergo_ground_truth,estimated,430,35.75,0.6089575388781588
ergo_ground_truth,estimated,431,35.83333333333337,0.6085804398117749
ergo_ground_truth,estimated,432,35.91666666666663,0.6082573001912508
ergo_ground_truth,estimated,433,36.0,0.6080527897177593
ergo_ground_truth,estimated,434,36.08333333333337,0.607965776976844
ergo_ground_truth,estimated,435,36.16666666666663,0.6079287376420587
ergo_ground_truth,estimated,436,36.25,0.6079226707180615
ergo_ground_truth,estimated,437,36.33333333333337,0.6079768404781603
ergo_ground_truth,estimated,438,36.41666666666663,0.6080722258241322
ergo_ground_truth,estimated,439,36.5,0.6081515094883524
ergo_ground_truth,estimated,440,36.58333333333337,0.6082064599495871
ergo_ground_truth,estimated,441,36.66666666666663,0.6082885761047165
ergo_ground_truth,estimated,442,36.75,0.6084074198088515
ergo_ground_truth,estimated,443,36.83333333333337,0.6085196622003797
ergo_ground_truth,estimated,444,36.91666666666663,0.6086024676324334
ergo_ground_truth,estimated,445,37.0,0.6086864139615463
ergo_ground_truth,estimated,446,37.08333333333337,0.6087964928973123
ergo_ground_truth,estimated,447,37.16666666666663,0.6089130570395583
ergo_ground_truth,estimated,448,37.25,0.6090020878801645
ergo_ground_truth,estimated,449,37.33333333333337,0.609067437861509
ergo_ground_truth,estimated,450,37.41666666666663,0.6091516732858462
ergo_ground_truth,estimated,451,37.5,0.6092585076722236
ergo_ground_truth,estimated,452,37.58333333333337,0.6093275716006347
ergo_ground_truth,estimated,453,37.66666666666663,0.6093109411351035
ergo_ground_truth,estimated,454,37.75,0.6093358492294092
ergo_ground_truth,estimated,455,37.83333333333337,0.60945001835168
ergo_ground_truth,estimated,456,37.91666666666663,0.6095628136781436
ergo_ground_truth,estimated,457,38.0,0.6095933558042328
ergo_ground_truth,estimated,458,38.08333333333337,0.6096165480799517
ergo_ground_truth,estimated,459,38.16666666666663,0.6097137976584983
ergo_ground_truth,estimated,460,38.25,0.6098436620324968
ergo_ground_truth,estimated,461,38.33333333333337,0.609941438655586
ergo_ground_truth,estimated,462,38.41666666666663,0.6100025569977169
ergo_ground_truth,estimated,463,38.5,0.6100664903731229
ergo_ground_truth,estimated,464,38.58333333333337,0.6101477643889892
ergo_ground_truth,estimated,465,38.66666666666663,0.6102155473759232
ergo_ground_truth,estimated,466,38.75,0.610234165564433
ergo_ground_truth,estimated,467,38.83333333333337,0.6102237015596164
ergo_ground_truth,estimated,468,38.91666666666663,0.6102467322876954
ergo_ground_truth,estimated,469,39.0,0.6102942886351451
ergo_ground_truth,estimated,470,39.08333333333337,0.6102938907413918
ergo_ground_truth,estimated,471,39.16666666666663,0.6102484007334962
ergo_ground_truth,estimated,472,39.25,0.6102450639718666
ergo_ground_truth,estimated,473,39.33333333333337,0.6102702578470215
ergo_ground_truth,estimated,474,39.41666666666663,0.6102681671687379
ergo_ground_truth,estimated,475,39.5,0.6102303457043163
ergo_ground_truth,estimated,476,39.58333333333337,0.610187481181997
ergo_ground_truth,estimated,477,39.66666666666663,0.6101593679861428
ergo_ground_truth,estimated,478,39.75,0.610128371406258
ergo_ground_truth,estimated,479,39.83333333333337,0.6100655796743852
ergo_ground_truth,estimated,480,39.91666666666663,0.60998692221027
ergo_ground_truth,estimated,481,40.0,0.6099343373765457
ergo_ground_truth,estimated,482,40.08333333333337,0.6099056318061455
ergo_ground_truth,estimated,483,40.16666666666663,0.6098655516790131
ergo_ground_truth,estimated,484,40.25,0.6098105695036784
ergo_ground_truth,estimated,485,40.33333333333337,0.6097744109181464
ergo_ground_truth,estimated,486,40.41666666666663,0.6097681994865107
ergo_ground_truth,estimated,487,40.5,0.6097645708718403
ergo_ground_truth,estimated,488,40.58333333333337,0.6097408682590096
ergo_ground_truth,estimated,489,40.66666666666663,0.6097175375584281
ergo_ground_truth,estimated,490,40.75,0.6097282509033437
ergo_ground_truth,estimated,491,40.83333333333337,0.6097571468668842
ergo_ground_truth,estimated,492,40.91666666666663,0.6097456419396636
ergo_ground_truth,estimated,493,41.0,0.6096904905678143
ergo_ground_truth,estimated,494,41.08333333333337,0.6097110716977328
ergo_ground_truth,estimated,495,41.16666666666663,0.6098081833960697
ergo_ground_truth,estimated,496,41.25,0.6098899759215891
ergo_ground_truth,estimated,497,41.33333333333337,0.6099167998801913
ergo_ground_truth,estimated,498,41.41666666666663,0.6099836352627871
ergo_ground_truth,estimated,499,41.5,0.6101249052163976
ergo_ground_truth,estimated,500,41.58333333333337,0.6102890444995324
ergo_ground_truth,estimated,501,41.66666666666663,0.6104267478976206
ergo_ground_truth,estimated,502,41.75,0.6105323549085445
ergo_ground_truth,estimated,503,41.83333333333337,0.6106375161566554
ergo_ground_truth,estimated,504,41.91666666666663,0.610770180674649
ergo_ground_truth,estimated,505,42.0,0.6108992860284111
ergo_ground_truth,estimated,506,42.08333333333337,0.6109467122728984
ergo_ground_truth,estimated,507,42.16666666666663,0.610968843363394
ergo_ground_truth,estimated,508,42.25,0.6111083282764467
ergo_ground_truth,estimated,509,42.33333333333337,0.611308411381364
ergo_ground_truth,estimated,510,42.41666666666663,0.6114709327265297
ergo_ground_truth,estimated,511,42.5,0.6115879342044729
ergo_ground_truth,estimated,512,42.58333333333337,0.6117297909518484
ergo_ground_truth,estimated,513,42.66666666666663,0.6119116886133423
ergo_ground_truth,estimated,514,42.75,0.6120935748770401
ergo_ground_truth,estimated,515,42.83333333333337,0.6122380054157996
ergo_ground_truth,estimated,516,42.91666666666663,0.6123505593391114
ergo_ground_truth,estimated,517,43.0,0.61247486121471
ergo_ground_truth,estimated,518,43.08333333333337,0.6126201550257074
ergo_ground_truth,estimated,519,43.16666666666663,0.6127247518558822
ergo_ground_truth,estimated,520,43.25,0.6127238538172878
ergo_ground_truth,estimated,521,43.33333333333337,0.6127709940268217
ergo_ground_truth,estimated,522,43.41666666666663,0.6129333778111772
ergo_ground_truth,estimated,523,43.5,0.6131127789541533
ergo_ground_truth,estimated,524,43.58333333333337,0.6132248706063277
ergo_ground_truth,estimated,525,43.66666666666663,0.6133189567901507
ergo_ground_truth,estimated,526,43.75,0.6134645169142149
ergo_ground_truth,estimated,527,43.83333333333337,0.6136389619742016
ergo_ground_truth,estimated,528,43.91666666666663,0.6137853929984468
ergo_ground_truth,estimated,529,44.0,0.6138763396886946
ergo_ground_truth,estimated,530,44.08333333333337,0.6139394187454702
ergo_ground_truth,estimated,531,44.16666666666663,0.6140278218715859
ergo_ground_truth,estimated,532,44.25,0.6141284168419261
ergo_ground_truth,estimated,533,44.33333333333337,0.6141544946045185
ergo_ground_truth,estimated,534,44.41666666666663,0.6140904834164057
ergo_ground_truth,estimated,535,44.5,0.6141543206422341
ergo_ground_truth,estimated,536,44.58333333333337,0.6143255364702599
ergo_ground_truth,estimated,537,44.66666666666663,0.6144958315892138
ergo_ground_truth,estimated,538,44.75,0.6146106760168629
ergo_ground_truth,estimated,539,44.83333333333337,0.6146927081925471
ergo_ground_truth,estimated,540,44.91666666666663,0.6147767993622439
ergo_ground_truth,estimated,541,45.0,0.6148689407094878
ergo_ground_truth,estimated,542,45.08333333333337,0.6149257073257358
ergo_ground_truth,estimated,543,45.16666666666663,0.6148741538378287
ergo_ground_truth,estimated,544,45.25,0.6148140980882512
ergo_ground_truth,estimated,545,45.33333333333337,0.6148947055416726
ergo_ground_truth,estimated,546,45.41666666666663,0.6150431783768971
ergo_ground_truth,estimated,547,45.5,0.6151658299468866
ergo_ground_truth,estimated,548,45.58333333333337,0.6152397606065809
ergo_ground_truth,estimated,549,45.66666666666663,0.6152804433315492
ergo_ground_truth,estimated,550,45.75,0.6153103629846577
ergo_ground_truth,estimated,551,45.83333333333337,0.6153473400438162
ergo_ground_truth,estimated,552,45.91666666666663,0.615368128635286
ergo_ground_truth,estimated,553,46.0,0.6153624011070206
ergo_ground_truth,estimated,554,46.08333333333337,0.6153740060978862
ergo_ground_truth,estimated,555,46.16666666666663,0.615397126509488
ergo_ground_truth,estimated,556,46.25,0.615388185991397
ergo_ground_truth,estimated,557,46.33333333333337,0.6153668151443684
ergo_ground_truth,estimated,558,46.41666666666663,0.6153760504799878
ergo_ground_truth,estimated,559,46.5,0.6154098909657124
ergo_ground_truth,estimated,560,46.58333333333337,0.6154324123863598
ergo_ground_truth,estimated,561,46.66666666666663,0.6154006382795371
ergo_ground_truth,estimated,562,46.75,0.615310538067428
ergo_ground_truth,estimated,563,46.83333333333337,0.615248618306988
ergo_ground_truth,estimated,564,46.91666666666663,0.615246799166083
ergo_ground_truth,estimated,565,47.0,0.6152268574815404
ergo_ground_truth,estimated,566,47.08333333333337,0.615116382513566
ergo_ground_truth,estimated,567,47.16666666666663,0.6150345643180248
ergo_ground_truth,estimated,568,47.25,0.6150468797767517
ergo_ground_truth,estimated,569,47.33333333333337,0.6150804935583665
ergo_ground_truth,estimated,570,47.41666666666663,0.6150623297490667
ergo_ground_truth,estimated,571,47.5,0.6150042518472988
ergo_ground_truth,estimated,572,47.58333333333337,0.614962675592118
ergo_ground_truth,estimated,573,47.66666666666663,0.614942722697385
ergo_ground_truth,estimated,574,47.75,0.6149035196769662
ergo_ground_truth,estimated,575,47.83333333333337,0.6148266792193446
ergo_ground_truth,estimated,576,47.91666666666663,0.6147470321655044
ergo_ground_truth,estimated,577,48.0,0.614691592995241
ergo_ground_truth,estimated,578,48.08333333333337,0.6146341925325973
ergo_ground_truth,estimated,579,48.16666666666663,0.6145351719094572
ergo_ground_truth,estimated,580,48.25,0.6144088111822068
ergo_ground_truth,estimated,581,48.33333333333337,0.6143113343349172
ergo_ground_truth,estimated,582,48.41666666666663,0.6142381719943314
ergo_ground_truth,estimated,583,48.5,0.6141234038578358
ergo_ground_truth,estimated,584,48.58333333333337,0.6139599408892922
ergo_ground_truth,estimated,585,48.66666666666663,0.6138537151568513
ergo_ground_truth,estimated,586,48.75,0.6138062978790702
ergo_ground_truth,estimated,587,48.83333333333337,0.6137557548307554
ergo_ground_truth,estimated,588,48.91666666666663,0.6136617054407598
ergo_ground_truth,estimated,589,49.0,0.6135280199383261
ergo_ground_truth,estimated,590,49.08333333333337,0.6133937284781068
ergo_ground_truth,estimated,591,49.16666666666663,0.6132752630750995
ergo_ground_truth,estimated,592,49.25,0.6131430066645874
ergo_ground_truth,estimated,593,49.33333333333337,0.6129846499108066
ergo_ground_truth,estimated,594,49.41666666666663,0.6128355414860404
ergo_ground_truth,estimated,595,49.5,0.6127117651368954
ergo_ground_truth,estimated,596,49.58333333333337,0.6125912508115298
ergo_ground_truth,estimated,597,49.66666666666663,0.6124465841640264
ergo_ground_truth,estimated,598,49.75,0.6122812956951386
ergo_ground_truth,estimated,599,49.83333333333337,0.6121378646894636
ergo_ground_truth,estimated,600,49.91666666666663,0.6120293582908221
ergo_ground_truth,estimated,601,50.0,0.6119028637278026
ergo_ground_truth,estimated,602,50.08333333333337,0.6117114538316795
ergo_ground_truth,estimated,603,50.16666666666663,0.6115874313181171
ergo_ground_truth,estimated,604,50.25,0.6115719741447813
ergo_ground_truth,estimated,605,50.33333333333337,0.6115932734738326
ergo_ground_truth,estimated,606,50.41666666666663,0.6115901437776672
ergo_ground_truth,estimated,607,50.5,0.6115667623615365
ergo_ground_truth,estimated,608,50.58333333333337,0.6115577444715274
ergo_ground_truth,estimated,609,50.66666666666663,0.6115747448939334
ergo_ground_truth,estimated,610,50.75,0.6115863471556559
ergo_ground_truth,estimated,611,50.83333333333337,0.6115455178890389
ergo_ground_truth,estimated,612,50.91666666666663,0.6114835814670948
ergo_ground_truth,estimated,613,51.0,0.6114982656439958
ergo_ground_truth,estimated,614,51.08333333333337,0.6115649506919839
ergo_ground_truth,estimated,615,51.16666666666663,0.6115786191171062
ergo_ground_truth,estimated,616,51.25,0.6115241291615722
ergo_ground_truth,estimated,617,51.33333333333337,0.6115607035747468
ergo_ground_truth,estimated,618,51.41666666666663,0.6116841678751491
ergo_ground_truth,estimated,619,51.5,0.6117984720309287
ergo_ground_truth,estimated,620,51.58333333333337,0.6118552171944853
ergo_ground_truth,estimated,621,51.66666666666663,0.6119053302979424
ergo_ground_truth,estimated,622,51.75,0.6119941656871809
ergo_ground_truth,estimated,623,51.83333333333337,0.6120969230265578
ergo_ground_truth,estimated,624,51.91666666666663,0.6121686713502063
ergo_ground_truth,estimated,625,52.0,0.6122104951039302
ergo_ground_truth,estimated,626,52.08333333333337,0.612264479566411
ergo_ground_truth,estimated,627,52.16666666666663,0.6123440612066055
ergo_ground_truth,estimated,628,52.25,0.6124065033448252
ergo_ground_truth,estimated,629,52.33333333333337,0.6124140539302332
ergo_ground_truth,estimated,630,52.41666666666663,0.6124192511716294
ergo_ground_truth,estimated,631,52.5,0.6124855042859173
ergo_ground_truth,estimated,632,52.58333333333337,0.612564715029285
ergo_ground_truth,estimated,633,52.66666666666663,0.6125525177489783
ergo_ground_truth,estimated,634,52.75,0.6124876110101845
ergo_ground_truth,estimated,635,52.83333333333337,0.6125505356822938
ergo_ground_truth,estimated,636,52.91666666666663,0.6126810699986661
ergo_ground_truth,estimated,637,53.0,0.6127561618742489
ergo_ground_truth,estimated,638,53.08333333333337,0.612754119079952
ergo_ground_truth,estimated,639,53.16666666666663,0.6127926983794207
ergo_ground_truth,estimated,640,53.25,0.6128935158601051
ergo_ground_truth,estimated,641,53.33333333333337,0.6129878604574397
ergo_ground_truth,estimated,642,53.41666666666663,0.6130318131600035
ergo_ground_truth,estimated,643,53.5,0.6130537966762537
ergo_ground_truth,estimated,644,53.58333333333337,0.6130927149733999
ergo_ground_truth,estimated,645,53.66666666666663,0.6131402444981469
ergo_ground_truth,estimated,646,53.75,0.6131535600934224
ergo_ground_truth,estimated,647,53.83333333333337,0.6131138617481263
ergo_ground_truth,estimated,648,53.91666666666663,0.6130759859610668
ergo_ground_truth,estimated,649,54.0,0.6130845233963418
ergo_ground_truth,estimated,650,54.08333333333337,0.613086184640402
ergo_ground_truth,estimated,651,54.16666666666663,0.6129868586378563
ergo_ground_truth,estimated,652,54.25,0.6128781395785933
ergo_ground_truth,estimated,653,54.33333333333337,0.6128875705726906
ergo_ground_truth,estimated,654,54.41666666666663,0.6129446729497303
ergo_ground_truth,estimated,655,54.5,0.6129607107033523
ergo_ground_truth,estimated,656,54.58333333333337,0.6129279127341658
ergo_ground_truth,estimated,657,54.66666666666663,0.6128929973582142
ergo_ground_truth,estimated,658,54.75,0.6128733548888151
ergo_ground_truth,estimated,659,54.83333333333337,0.6128440337727076
ergo_ground_truth,estimated,660,54.91666666666663,0.6127666584377806
ergo_ground_truth,estimated,661,55.0,0.6126431113578937
ergo_ground_truth,estimated,662,55.08333333333337,0.6125458891677684
ergo_ground_truth,estimated,663,55.16666666666663,0.6124962029579427
ergo_ground_truth,estimated,664,55.25,0.6124239176043468
ergo_ground_truth,estimated,665,55.33333333333337,0.6122746255042378
ergo_ground_truth,estimated,666,55.41666666666663,0.612172996027787
ergo_ground_truth,estimated,667,55.5,0.612169176354189
ergo_ground_truth,estimated,668,55.58333333333337,0.6121964440232353
ergo_ground_truth,estimated,669,55.66666666666663,0.6121979682576947
ergo_ground_truth,estimated,670,55.75,0.6121824672078782
ergo_ground_truth,estimated,671,55.83333333333337,0.6121882432096355
ergo_ground_truth,estimated,672,55.91666666666663,0.6122333995824476
ergo_ground_truth,estimated,673,56.0,0.6122899871235823
ergo_ground_truth,estimated,674,56.08333333333337,0.6122905105339433
ergo_ground_truth,estimated,675,56.16666666666663,0.6122414932280822
ergo_ground_truth,estimated,676,56.25,0.6123290418165968
ergo_ground_truth,estimated,677,56.33333333333337,0.612516076575122
ergo_ground_truth,estimated,678,56.41666666666663,0.6126953090575978
ergo_ground_truth,estimated,679,56.5,0.6128010050183187
ergo_ground_truth,estimated,680,56.58333333333337,0.6128277645356102
ergo_ground_truth,estimated,681,56.66666666666663,0.612825997525386
ergo_ground_truth,estimated,682,56.75,0.6128362671131898
ergo_ground_truth,estimated,683,56.83333333333337,0.6128442035862169
ergo_ground_truth,estimated,684,56.91666666666663,0.612823781822652
ergo_ground_truth,estimated,685,57.0,0.6127893113072456
ergo_ground_truth,estimated,686,57.08333333333337,0.6127725487339651
ergo_ground_truth,estimated,687,57.16666666666663,0.6127705860170696
ergo_ground_truth,estimated,688,57.25,0.6127485303954211
ergo_ground_truth,estimated,689,57.33333333333337,0.6126927788644256
ergo_ground_truth,estimated,690,57.41666666666663,0.6126457099215011
ergo_ground_truth,estimated,691,57.5,0.6126319624783018
ergo_ground_truth,estimated,692,57.58333333333337,0.6126057669897014
ergo_ground_truth,estimated,693,57.66666666666663,0.6125021138188173
ergo_ground_truth,estimated,694,57.75,0.6123996343086052
ergo_ground_truth,estimated,695,57.83333333333337,0.6123817689985315
ergo_ground_truth,estimated,696,57.91666666666663,0.6123869435498314
ergo_ground_truth,estimated,697,58.0,0.6123252303055645
ergo_ground_truth,estimated,698,58.08333333333337,0.6122239880598315
ergo_ground_truth,estimated,699,58.16666666666663,0.612184999785947
ergo_ground_truth,estimated,700,58.25,0.612190348371769
ergo_ground_truth,estimated,701,58.33333333333337,0.6121752513030727
ergo_ground_truth,estimated,702,58.41666666666663,0.612122506116056
ergo_ground_truth,estimated,703,58.5,0.6120743454628131
ergo_ground_truth,estimated,704,58.58333333333337,0.6120533273598867
ergo_ground_truth,estimated,705,58.66666666666663,0.6120314256817481
ergo_ground_truth,estimated,706,58.75,0.6119699833105092
ergo_ground_truth,estimated,707,58.83333333333337,0.6118530455041545
ergo_ground_truth,estimated,708,58.91666666666663,0.6117167475942327
ergo_ground_truth,estimated,709,59.0,0.6116068646872511
ergo_ground_truth,estimated,710,59.08333333333337,0.6115107047969768
ergo_ground_truth,estimated,711,59.16666666666663,0.6114040769326825
ergo_ground_truth,estimated,712,59.25,0.6112637021253934
ergo_ground_truth,estimated,713,59.33333333333337,0.6110665363464233
ergo_ground_truth,estimated,714,59.41666666666663,0.6108485165798225
ergo_ground_truth,estimated,715,59.5,0.6106715614295286
ergo_ground_truth,estimated,716,59.58333333333337,0.6105176771434896
ergo_ground_truth,estimated,717,59.66666666666663,0.6103290336115199
ergo_ground_truth,estimated,718,59.75,0.6101131771875415
ergo_ground_truth,estimated,719,59.83333333333337,0.6099424516695138
ergo_ground_truth,estimated,720,59.91666666666663,0.6098129345758793
ergo_ground_truth,estimated,721,60.0,0.6096734186400565
ergo_ground_truth,estimated,722,60.08333333333337,0.6095098820786488
ergo_ground_truth,estimated,723,60.16666666666663,0.6093664474018498
ergo_ground_truth,estimated,724,60.25,0.6092615430101092
ergo_ground_truth,estimated,725,60.33333333333337,0.609168995792911
ergo_ground_truth,estimated,726,60.41666666666663,0.609064322182859
ergo_ground_truth,estimated,727,60.5,0.6089575914851171
ergo_ground_truth,estimated,728,60.58333333333337,0.6088752967429631
ergo_ground_truth,estimated,729,60.66666666666663,0.6088188978904937
ergo_ground_truth,estimated,730,60.75,0.6087509784259865
ergo_ground_truth,estimated,731,60.83333333333337,0.6086323913147096
ergo_ground_truth,estimated,732,60.91666666666663,0.6085404004878856
ergo_ground_truth,estimated,733,61.0,0.6085359138530104
ergo_ground_truth,estimated,734,61.08333333333337,0.6085677964918977
ergo_ground_truth,estimated,735,61.16666666666663,0.6085824673544487
ergo_ground_truth,estimated,736,61.25,0.6085896944098919
ergo_ground_truth,estimated,737,61.33333333333337,0.6086099736783861
ergo_ground_truth,estimated,738,61.41666666666663,0.6086438130254106
ergo_ground_truth,estimated,739,61.5,0.6085659178946687
ergo_ground_truth,estimated,740,61.58333333333337,0.6083188872836377
ergo_ground_truth,estimated,741,61.66666666666663,0.6079846789447936
ergo_ground_truth,estimated,742,61.75,0.6075932132410605
ergo_ground_truth,estimated,743,61.83333333333337,0.6071818483502196
ergo_ground_truth,estimated,744,61.91666666666663,0.6067345076624058
ergo_ground_truth,estimated,745,62.0,0.6063058679423128
ergo_ground_truth,estimated,746,62.08333333333337,0.6058806227825873
ergo_ground_truth,estimated,747,62.16666666666663,0.6054590967445724
ergo_ground_truth,estimated,748,62.25,0.6050407248541305
ergo_ground_truth,estimated,749,62.33333333333337,0.6046235971713504
ergo_ground_truth,estimated,750,62.41666666666663,0.604207661929154
ergo_ground_truth,estimated,751,62.5,0.6037989384441732
ergo_ground_truth,estimated,752,62.58333333333337,0.6033966610287669
ergo_ground_truth,estimated,753,62.66666666666663,0.6029996484632006
ergo_ground_truth,estimated,754,62.75,0.602606565157996
ergo_ground_truth,estimated,755,62.83333333333337,0.6022151317001279
ergo_ground_truth,estimated,756,62.91666666666663,0.6018428645115181
ergo_ground_truth,estimated,757,63.0,0.6014575276526406
ergo_ground_truth,estimated,758,63.08333333333337,0.6010987130354808
ergo_ground_truth,estimated,759,63.16666666666663,0.6007111484657862
ergo_ground_truth,estimated,760,63.25,0.6003737633563869
ergo_ground_truth,estimated,761,63.33333333333337,0.5999995670038464
ergo_ground_truth,estimated,762,63.41666666666663,0.5996749483648098
ergo_ground_truth,estimated,763,63.5,0.5993237623007261
ergo_ground_truth,estimated,764,63.58333333333337,0.5989803096693281
ergo_ground_truth,estimated,765,63.66666666666663,0.5986516835988166
ergo_ground_truth,estimated,766,63.75,0.5983388106935865
ergo_ground_truth,estimated,767,63.83333333333337,0.5979994960652947
ergo_ground_truth,estimated,768,63.91666666666663,0.5976850127267497
ergo_ground_truth,estimated,769,64.0,0.5973477455670136
ergo_ground_truth,estimated,770,64.08333333333337,0.5970397369959942
ergo_ground_truth,estimated,771,64.16666666666663,0.5967094847472717
ergo_ground_truth,estimated,772,64.25,0.5964072135351518
ergo_ground_truth,estimated,773,64.33333333333337,0.5960831858082579
ergo_ground_truth,estimated,774,64.41666666666663,0.5957861237826411
ergo_ground_truth,estimated,775,64.5,0.5954677030643074
ergo_ground_truth,estimated,776,64.58333333333337,0.5951753779553083
ergo_ground_truth,estimated,777,64.66666666666663,0.594862072780072
ergo_ground_truth,estimated,778,64.75,0.5945740578311861
ergo_ground_truth,estimated,779,64.83333333333337,0.5942654611527515
ergo_ground_truth,estimated,780,64.91666666666663,0.5939814009604851
ergo_ground_truth,estimated,781,65.0,0.5936772019077718
ergo_ground_truth,estimated,782,65.08333333333337,0.5933967511008916
ergo_ground_truth,estimated,783,65.16666666666663,0.5930965924814984
ergo_ground_truth,estimated,784,65.25,0.5928196901352359
ergo_ground_truth,estimated,785,65.33333333333337,0.5925235602677401
ergo_ground_truth,estimated,786,65.41666666666663,0.5922497329471879
ergo_ground_truth,estimated,787,65.5,0.5919572860452249
ergo_ground_truth,estimated,788,65.58333333333337,0.5916867451430827
ergo_ground_truth,estimated,789,65.66666666666663,0.5913980830152704
ergo_ground_truth,estimated,790,65.75,0.591129838585818
ergo_ground_truth,estimated,791,65.83333333333337,0.5908445667073926
ergo_ground_truth,estimated,792,65.91666666666663,0.5905802980987438
ergo_ground_truth,estimated,793,66.0,0.5902992275521537
ergo_ground_truth,estimated,794,66.08333333333337,0.5900358662169369
ergo_ground_truth,estimated,795,66.16666666666663,0.5897575439363617
ergo_ground_truth,estimated,796,66.25,0.5895003125417978
ergo_ground_truth,estimated,797,66.33333333333337,0.5892267949646633
ergo_ground_truth,estimated,798,66.41666666666663,0.5889681776763026
ergo_ground_truth,estimated,799,66.5,0.5886948494290275
ergo_ground_truth,estimated,800,66.58333333333337,0.5884362151023734
ergo_ground_truth,estimated,801,66.66666666666663,0.5881649564949326
ergo_ground_truth,estimated,802,66.75,0.587909095712475
ergo_ground_truth,estimated,803,66.83333333333337,0.5876414592551624
ergo_ground_truth,estimated,804,66.91666666666663,0.5873863304625483
ergo_ground_truth,estimated,805,67.0,0.5871196448684525
ergo_ground_truth,estimated,806,67.08333333333337,0.5868686732328979
ergo_ground_truth,estimated,807,67.16666666666663,0.5866073672715797
ergo_ground_truth,estimated,808,67.25,0.5863561865998724
ergo_ground_truth,estimated,809,67.33333333333337,0.5860944052194927
ergo_ground_truth,estimated,810,67.41666666666663,0.5858405695572545
ergo_ground_truth,estimated,811,67.5,0.5855787027663782
ergo_ground_truth,estimated,812,67.58333333333337,0.5853276783866841
ergo_ground_truth,estimated,813,67.66666666666663,0.5850721266470723
ergo_ground_truth,estimated,814,67.75,0.5848233639843198
ergo_ground_truth,estimated,815,67.83333333333337,0.5845672560742174
ergo_ground_truth,estimated,816,67.91666666666663,0.5843152887823237
ergo_ground_truth,estimated,817,68.0,0.5840596071234739
ergo_ground_truth,estimated,818,68.08333333333337,0.5838085838366814
ergo_ground_truth,estimated,819,68.16666666666663,0.5835573010657429
ergo_ground_truth,estimated,820,68.25,0.5833084119306317
ergo_ground_truth,estimated,821,68.33333333333337,0.5830565950632518
ergo_ground_truth,estimated,822,68.41666666666663,0.5828069932030608
ergo_ground_truth,estimated,823,68.5,0.5825607307683663
ergo_ground_truth,estimated,824,68.58333333333337,0.5823140966051013
ergo_ground_truth,estimated,825,68.66666666666663,0.5820667303741642
ergo_ground_truth,estimated,826,68.75,0.5818185801930453
ergo_ground_truth,estimated,827,68.83333333333337,0.5815763426746771
ergo_ground_truth,estimated,828,68.91666666666663,0.5813310639334062
ergo_ground_truth,estimated,829,69.0,0.5810884347101947
ergo_ground_truth,estimated,830,69.08333333333337,0.5808423486653798
ergo_ground_truth,estimated,831,69.16666666666663,0.5806042260445715
ergo_ground_truth,estimated,832,69.25,0.5803606714013654
ergo_ground_truth,estimated,833,69.33333333333337,0.5801230388480072
ergo_ground_truth,estimated,834,69.41666666666663,0.5798795779620038
ergo_ground_truth,estimated,835,69.5,0.5796456465140095
ergo_ground_truth,estimated,836,69.58333333333337,0.5794043386569702
ergo_ground_truth,estimated,837,69.66666666666663,0.5791717074521001
ergo_ground_truth,estimated,838,69.75,0.5789313427081819
ergo_ground_truth,estimated,839,69.83333333333337,0.5787016748511911
ergo_ground_truth,estimated,840,69.91666666666663,0.5784632703115293
ergo_ground_truth,estimated,841,70.0,0.5782354182071848
ergo_ground_truth,estimated,842,70.08333333333337,0.5779986067146586
ergo_ground_truth,estimated,843,70.16666666666663,0.5777731733664861
ergo_ground_truth,estimated,844,70.25,0.5775384028805304
ergo_ground_truth,estimated,845,70.33333333333337,0.577314965697754
ergo_ground_truth,estimated,846,70.41666666666663,0.5770823028278814
ergo_ground_truth,estimated,847,70.5,0.5768610006544855
ergo_ground_truth,estimated,848,70.58333333333337,0.5766306980939687
ergo_ground_truth,estimated,849,70.66666666666663,0.5764113732592832
ergo_ground_truth,estimated,850,70.75,0.5761836286947856
ergo_ground_truth,estimated,851,70.83333333333337,0.5759673025284169
ergo_ground_truth,estimated,852,70.91666666666663,0.5757421101086999
ergo_ground_truth,estimated,853,71.0,0.5755281259139033
ergo_ground_truth,estimated,854,71.08333333333337,0.5753056631345349
ergo_ground_truth,estimated,855,71.16666666666663,0.5750940113706926
ergo_ground_truth,estimated,856,71.25,0.574874407096701
ergo_ground_truth,estimated,857,71.33333333333337,0.5746648317118258
ergo_ground_truth,estimated,858,71.41666666666663,0.5744482004715338
ergo_ground_truth,estimated,859,71.5,0.5742405209147938
ergo_ground_truth,estimated,860,71.58333333333337,0.5740266597517234
ergo_ground_truth,estimated,861,71.66666666666663,0.5738213882803295
ergo_ground_truth,estimated,862,71.75,0.5736102354571258
ergo_ground_truth,estimated,863,71.83333333333337,0.5734072869210193
ergo_ground_truth,estimated,864,71.91666666666663,0.5731989388315526
ergo_ground_truth,estimated,865,72.0,0.5729980656646533
ergo_ground_truth,estimated,866,72.08333333333337,0.572792578899569
ergo_ground_truth,estimated,867,72.16666666666663,0.5725934694603275
ergo_ground_truth,estimated,868,72.25,0.5723909179617772
ergo_ground_truth,estimated,869,72.33333333333337,0.5721936089150275
ergo_ground_truth,estimated,870,72.41666666666663,0.571993252852443
ergo_ground_truth,estimated,871,72.5,0.5717980543162852
ergo_ground_truth,estimated,872,72.58333333333337,0.5716001165654301
ergo_ground_truth,estimated,873,72.66666666666663,0.5714068021100532
ergo_ground_truth,estimated,874,72.75,0.571211270400883
ergo_ground_truth,estimated,875,72.83333333333337,0.5710196635223745
ergo_ground_truth,estimated,876,72.91666666666663,0.5708265403149466
ergo_ground_truth,estimated,877,73.0,0.5706364854093955
ergo_ground_truth,estimated,878,73.08333333333337,0.5704457630889126
ergo_ground_truth,estimated,879,73.16666666666663,0.5702571351144945
ergo_ground_truth,estimated,880,73.25,0.570068856428816
ergo_ground_truth,estimated,881,73.33333333333337,0.5698815234508782
ergo_ground_truth,estimated,882,73.41666666666663,0.5696956811003807
ergo_ground_truth,estimated,883,73.5,0.569509572301402
ergo_ground_truth,estimated,884,73.58333333333337,0.5693253280667911
ergo_ground_truth,estimated,885,73.66666666666663,0.5691409607502714
ergo_ground_truth,estimated,886,73.75,0.5689583495236055
ergo_ground_truth,estimated,887,73.83333333333337,0.5687757347262009
ergo_ground_truth,estimated,888,73.91666666666663,0.5685948595612871
ergo_ground_truth,estimated,889,74.0,0.5684139015235548
ergo_ground_truth,estimated,890,74.08333333333337,0.5682348242514432
ergo_ground_truth,estimated,891,74.16666666666663,0.5680554092699892
ergo_ground_truth,estimated,892,74.25,0.5678781192081025
ergo_ground_truth,estimated,893,74.33333333333337,0.5677001701091976
ergo_ground_truth,estimated,894,74.41666666666663,0.5675246755478999
ergo_ground_truth,estimated,895,74.5,0.5673481271162636
ergo_ground_truth,estimated,896,74.58333333333337,0.5671744497216427
ergo_ground_truth,estimated,897,74.66666666666663,0.566999234004
ergo_ground_truth,estimated,898,74.75,0.5668273838536165
ergo_ground_truth,estimated,899,74.83333333333337,0.5666534457485681
ergo_ground_truth,estimated,900,74.91666666666663,0.5664834307327452
ergo_ground_truth,estimated,901,75.0,0.5663107251887507
ergo_ground_truth,estimated,902,75.08333333333337,0.5661425516609646
ergo_ground_truth,estimated,903,75.16666666666663,0.5659710419432892
ergo_ground_truth,estimated,904,75.25,0.5658047151673717
ergo_ground_truth,estimated,905,75.33333333333337,0.5656343712449294
ergo_ground_truth,estimated,906,75.41666666666663,0.5654698953127203
ergo_ground_truth,estimated,907,75.5,0.5653006926457709
ergo_ground_truth,estimated,908,75.58333333333337,0.5651380701543665
ergo_ground_truth,estimated,909,75.66666666666663,0.5649699891070896
ergo_ground_truth,estimated,910,75.75,0.5648092963277126
ergo_ground_truth,estimated,911,75.83333333333337,0.5646423470439607
ergo_ground_truth,estimated,912,75.91666666666663,0.5644837372277316
ergo_ground_truth,estimated,913,76.0,0.5643177867215357
ergo_ground_truth,estimated,914,76.08333333333337,0.5641611679891206
ergo_ground_truth,estimated,915,76.16666666666663,0.5639962436229677
ergo_ground_truth,estimated,916,76.25,0.5638415981445489
ergo_ground_truth,estimated,917,76.33333333333337,0.5636776981890746
ergo_ground_truth,estimated,918,76.41666666666663,0.5635249861184479
ergo_ground_truth,estimated,919,76.5,0.563362122008869
ergo_ground_truth,estimated,920,76.58333333333337,0.5632113050819672
ergo_ground_truth,estimated,921,76.66666666666663,0.5630494859868298
ergo_ground_truth,estimated,922,76.75,0.5629005174752771
ergo_ground_truth,estimated,923,76.83333333333337,0.5627397551943483
ergo_ground_truth,estimated,924,76.91666666666663,0.5625925808692263
ergo_ground_truth,estimated,925,77.0,0.5624328877952
ergo_ground_truth,estimated,926,77.08333333333337,0.5622874433478862
ergo_ground_truth,estimated,927,77.16666666666663,0.5621288330073833
ergo_ground_truth,estimated,928,77.25,0.5619850431764036
ergo_ground_truth,estimated,929,77.33333333333337,0.5618275295494044
ergo_ground_truth,estimated,930,77.41666666666663,0.5616853069683657
ergo_ground_truth,estimated,931,77.5,0.561528904179979
ergo_ground_truth,estimated,932,77.58333333333337,0.5613881487875007
ergo_ground_truth,estimated,933,77.66666666666663,0.5612328704641222
ergo_ground_truth,estimated,934,77.75,0.561093469146472
ergo_ground_truth,estimated,935,77.83333333333337,0.5609393277763591
ergo_ground_truth,estimated,936,77.91666666666663,0.5608011544388946
ergo_ground_truth,estimated,937,78.0,0.5606481540978528
ergo_ground_truth,estimated,938,78.08333333333337,0.5605110412665995
ergo_ground_truth,estimated,939,78.16666666666663,0.5603592099309309
ergo_ground_truth,estimated,940,78.25,0.5602229861093291
ergo_ground_truth,estimated,941,78.33333333333337,0.5600723356685365
ergo_ground_truth,estimated,942,78.41666666666663,0.559936848389219
ergo_ground_truth,estimated,943,78.5,0.5597873662397453
ergo_ground_truth,estimated,944,78.58333333333337,0.559652460956997
ergo_ground_truth,estimated,945,78.66666666666663,0.5595041378325166
ergo_ground_truth,estimated,946,78.75,0.5593696645714448
ergo_ground_truth,estimated,947,78.83333333333337,0.5592224741175096
ergo_ground_truth,estimated,948,78.91666666666663,0.559088302832116
ergo_ground_truth,estimated,949,79.0,0.5589421915483835
ergo_ground_truth,estimated,950,79.08333333333337,0.5588083411506041
ergo_ground_truth,estimated,951,79.16666666666663,0.5586638264270952
ergo_ground_truth,estimated,952,79.25,0.5585331527496786
ergo_ground_truth,estimated,953,79.33333333333337,0.5584139241335093
ergo_ground_truth,estimated,954,79.41666666666663,0.5582695695002889
ergo_ground_truth,estimated,955,79.5,0.5581364726762645
ergo_ground_truth,estimated,956,79.58333333333337,0.5580083839600039
ergo_ground_truth,estimated,957,79.66666666666663,0.5578646580436954
ergo_ground_truth,estimated,958,79.75,0.557730692997684
ergo_ground_truth,estimated,959,79.83333333333337,0.5575939466113047
ergo_ground_truth,estimated,960,79.91666666666663,0.5574506938286006
ergo_ground_truth,estimated,961,80.0,0.5573164335967364
ergo_ground_truth,estimated,962,80.08333333333337,0.557175038056026
ergo_ground_truth,estimated,963,80.16666666666663,0.5570333409574719
ergo_ground_truth,estimated,964,80.25,0.5569023561998838
ergo_ground_truth,estimated,965,80.33333333333337,0.5567549283461646
ergo_ground_truth,estimated,966,80.41666666666663,0.5566151165431953
ergo_ground_truth,estimated,967,80.5,0.5564800728861914
ergo_ground_truth,estimated,968,80.58333333333337,0.5563290337984036
ergo_ground_truth,estimated,969,80.66666666666663,0.5561901498122166
ergo_ground_truth,estimated,970,80.75,0.5560657174315127
ergo_ground_truth,estimated,971,80.83333333333337,0.5559099235641655
ergo_ground_truth,estimated,972,80.91666666666663,0.5557727775929899
ergo_ground_truth,estimated,973,81.0,0.5556348152951268
ergo_ground_truth,estimated,974,81.08333333333337,0.5554753517627365
ergo_ground_truth,estimated,975,81.16666666666663,0.5553447235325714
ergo_ground_truth,estimated,976,81.25,0.5552291423742284
ergo_ground_truth,estimated,977,81.33333333333337,0.5550642728305358
ergo_ground_truth,estimated,978,81.41666666666663,0.5549255760111594
ergo_ground_truth,estimated,979,81.5,0.554796819470707
ergo_ground_truth,estimated,980,81.58333333333337,0.5546221674144911
ergo_ground_truth,estimated,981,81.66666666666663,0.5544775323218225
ergo_ground_truth,estimated,982,81.75,0.5543622240294663
ergo_ground_truth,estimated,983,81.83333333333337,0.5541941538700802
ergo_ground_truth,estimated,984,81.91666666666663,0.5540667494025462
ergo_ground_truth,estimated,985,82.0,0.5539525332338088
ergo_ground_truth,estimated,986,82.08333333333337,0.553773765001076
ergo_ground_truth,estimated,987,82.16666666666663,0.5536270313343924
ergo_ground_truth,estimated,988,82.25,0.5535158944566783
ergo_ground_truth,estimated,989,82.33333333333337,0.5533365964458745
ergo_ground_truth,estimated,990,82.41666666666663,0.5532035055323098
ergo_ground_truth,estimated,991,82.5,0.5530934348667018
ergo_ground_truth,estimated,992,82.58333333333337,0.5529124933054885
ergo_ground_truth,estimated,993,82.66666666666663,0.5527615292381278
ergo_ground_truth,estimated,994,82.75,0.5526561199764061
ergo_ground_truth,estimated,995,82.83333333333337,0.5524683463284544
ergo_ground_truth,estimated,996,82.91666666666663,0.5523330672215238
ergo_ground_truth,estimated,997,83.0,0.5522333176121175
ergo_ground_truth,estimated,998,83.08333333333337,0.5520739326810429
ergo_ground_truth,estimated,999,83.16666666666663,0.5519172317838451
ergo_ground_truth,estimated,1000,83.25,0.551817467436192
ergo_ground_truth,estimated,1001,83.33333333333337,0.5516549987472519
ergo_ground_truth,estimated,1002,83.41666666666663,0.5515090870218179
ergo_ground_truth,estimated,1003,83.5,0.5514160687556946
ergo_ground_truth,estimated,1004,83.58333333333337,0.5512774486603701
ergo_ground_truth,estimated,1005,83.66666666666663,0.5511196135005015
ergo_ground_truth,estimated,1006,83.75,0.5510242328909338
ergo_ground_truth,estimated,1007,83.83333333333337,0.5508906425353206
ergo_ground_truth,estimated,1008,83.91666666666663,0.5507358335550923
ergo_ground_truth,estimated,1009,84.0,0.5506443623144128
ergo_ground_truth,estimated,1010,84.08333333333337,0.550544675117249
ergo_ground_truth,estimated,1011,84.16666666666663,0.5503835684891273
ergo_ground_truth,estimated,1012,84.25,0.5503037797025292
ergo_ground_truth,estimated,1013,84.33333333333337,0.5501955500495469
ergo_ground_truth,estimated,1014,84.41666666666663,0.5500834133473694
ergo_ground_truth,estimated,1015,84.5,0.5499748595605417
ergo_ground_truth,estimated,1016,84.58333333333337,0.549900311942337
ergo_ground_truth,estimated,1017,84.66666666666663,0.5498055853509835
ergo_ground_truth,estimated,1018,84.75,0.5496826949257746
ergo_ground_truth,estimated,1019,84.83333333333337,0.5495842783121058
ergo_ground_truth,estimated,1020,84.91666666666663,0.5495027327827114
ergo_ground_truth,estimated,1021,85.0,0.5494166085093244
ergo_ground_truth,estimated,1022,85.08333333333337,0.5493354414227358
ergo_ground_truth,estimated,1023,85.16666666666663,0.5491944027597837
ergo_ground_truth,estimated,1024,85.25,0.5491148024397328
ergo_ground_truth,estimated,1025,85.33333333333337,0.5490042431317802
ergo_ground_truth,estimated,1026,85.41666666666663,0.5489161599166661
ergo_ground_truth,estimated,1027,85.5,0.5487783157957546
ergo_ground_truth,estimated,1028,85.58333333333337,0.5486813932229443
ergo_ground_truth,estimated,1029,85.66666666666663,0.5486318331593696
ergo_ground_truth,estimated,1030,85.75,0.5485434049084492
ergo_ground_truth,estimated,1031,85.83333333333337,0.5484077894320486
ergo_ground_truth,estimated,1032,85.91666666666663,0.5483346706212888
ergo_ground_truth,estimated,1033,86.0,0.5482218104405164
ergo_ground_truth,estimated,1034,86.08333333333337,0.5481621950825131
ergo_ground_truth,estimated,1035,86.16666666666663,0.5480008075754755
ergo_ground_truth,estimated,1036,86.25,0.5478992251949885
ergo_ground_truth,estimated,1037,86.33333333333337,0.5478850770976681
ergo_ground_truth,estimated,1038,86.41666666666663,0.5477950622044119
ergo_ground_truth,estimated,1039,86.5,0.5476551559163182
ergo_ground_truth,estimated,1040,86.58333333333337,0.5475795942641423
ergo_ground_truth,estimated,1041,86.66666666666663,0.5474774033449775
ergo_ground_truth,estimated,1042,86.75,0.5474911817733649
ergo_ground_truth,estimated,1043,86.83333333333337,0.5473400962809589
ergo_ground_truth,estimated,1044,86.91666666666663,0.5472383134260291
ergo_ground_truth,estimated,1045,87.0,0.5471091916557036
ergo_ground_truth,estimated,1046,87.08333333333337,0.5470986612539359
ergo_ground_truth,estimated,1047,87.16666666666663,0.547126316493689
ergo_ground_truth,estimated,1048,87.25,0.5469666759434951
ergo_ground_truth,estimated,1049,87.33333333333337,0.5468608139820045
ergo_ground_truth,estimated,1050,87.41666666666663,0.5468572382245935
ergo_ground_truth,estimated,1051,87.5,0.5469255824316033
ergo_ground_truth,estimated,1052,87.58333333333337,0.5468167792575721
ergo_ground_truth,estimated,1053,87.66666666666663,0.5466591571611261
ergo_ground_truth,estimated,1054,87.75,0.5465156369119416
ergo_ground_truth,estimated,1055,87.83333333333337,0.546484613083514
ergo_ground_truth,estimated,1056,87.91666666666663,0.5463545471246144
ergo_ground_truth,estimated,1057,88.0,0.5462297866326664
ergo_ground_truth,estimated,1058,88.08333333333337,0.5461011599431327
ergo_ground_truth,estimated,1059,88.16666666666663,0.546085052299831
ergo_ground_truth,estimated,1060,88.25,0.5462104094384389
ergo_ground_truth,estimated,1061,88.33333333333337,0.5464101943862985
ergo_ground_truth,estimated,1062,88.41666666666663,0.5466313390103328
ergo_ground_truth,estimated,1063,88.5,0.5469588488555601
ergo_ground_truth,estimated,1064,88.58333333333337,0.5474061107015828
ergo_ground_truth,estimated,1065,88.66666666666663,0.5478788223972595
ergo_ground_truth,estimated,1066,88.75,0.5482968167031393
ergo_ground_truth,estimated,1067,88.83333333333337,0.5487003303010961
ergo_ground_truth,estimated,1068,88.91666666666663,0.5491646377497431
ergo_ground_truth,estimated,1069,89.0,0.549666242843917
ergo_ground_truth,estimated,1070,89.08333333333337,0.5501339688156273
ergo_ground_truth,estimated,1071,89.16666666666663,0.5505654037696643
ergo_ground_truth,estimated,1072,89.25,0.5510425512829072
ergo_ground_truth,estimated,1073,89.33333333333337,0.5515822201245968
ergo_ground_truth,estimated,1074,89.41666666666663,0.5521154110560321
ergo_ground_truth,estimated,1075,89.5,0.5525993707030414
ergo_ground_truth,estimated,1076,89.58333333333337,0.5531051887202177
ergo_ground_truth,estimated,1077,89.66666666666663,0.5536769914910399
ergo_ground_truth,estimated,1078,89.75,0.5542471777991448
ergo_ground_truth,estimated,1079,89.83333333333337,0.554746037773093
ergo_ground_truth,estimated,1080,89.91666666666663,0.5552197232397853
ergo_ground_truth,estimated,1081,90.0,0.5557398052291849
ergo_ground_truth,estimated,1082,90.08333333333337,0.5562765514936963
ergo_ground_truth,estimated,1083,90.16666666666663,0.556765961003433
ergo_ground_truth,estimated,1084,90.25,0.5571883591665503
ergo_ground_truth,estimated,1085,90.33333333333337,0.5575720737861064
ergo_ground_truth,estimated,1086,90.41666666666663,0.557930789113958
ergo_ground_truth,estimated,1087,90.5,0.5582966311377353
ergo_ground_truth,estimated,1088,90.58333333333337,0.5586662271349411
ergo_ground_truth,estimated,1089,90.66666666666663,0.558995956898557
ergo_ground_truth,estimated,1090,90.75,0.5592781490921729
ergo_ground_truth,estimated,1091,90.83333333333337,0.5594686575947457
ergo_ground_truth,estimated,1092,90.91666666666663,0.5595592224001423
ergo_ground_truth,estimated,1093,91.0,0.5595576638754195
ergo_ground_truth,estimated,1094,91.08333333333337,0.5594851129374993
ergo_ground_truth,estimated,1095,91.16666666666663,0.5593637419342559
ergo_ground_truth,estimated,1096,91.25,0.5592105114599953
ergo_ground_truth,estimated,1097,91.33333333333337,0.559037187064718
ergo_ground_truth,estimated,1098,91.41666666666663,0.5588517215522264
ergo_ground_truth,estimated,1099,91.5,0.5586595011997328
ergo_ground_truth,estimated,1100,91.58333333333337,0.5584641841551045
ergo_ground_truth,estimated,1101,91.66666666666663,0.5582682303758872
ergo_ground_truth,estimated,1102,91.75,0.5580732382239288
ergo_ground_truth,estimated,1103,91.83333333333337,0.557880033714926
ergo_ground_truth,estimated,1104,91.91666666666663,0.557688202849153
ergo_ground_truth,estimated,1105,92.0,0.557459193559939
ergo_ground_truth,estimated,1106,92.08333333333337,0.5573337634255534
ergo_ground_truth,estimated,1107,92.16666666666663,0.5572929571330433
ergo_ground_truth,estimated,1108,92.25,0.5572594128634221
ergo_ground_truth,estimated,1109,92.33333333333337,0.5571869005212327
ergo_ground_truth,estimated,1110,92.41666666666663,0.5571169581487605
ergo_ground_truth,estimated,1111,92.5,0.5570751981921809
ergo_ground_truth,estimated,1112,92.58333333333337,0.5570366658871359
ergo_ground_truth,estimated,1113,92.66666666666663,0.5569779117048642
ergo_ground_truth,estimated,1114,92.75,0.5569141460260759
ergo_ground_truth,estimated,1115,92.83333333333337,0.5568731544021494
ergo_ground_truth,estimated,1116,92.91666666666663,0.5568566681805149
ergo_ground_truth,estimated,1117,93.0,0.556843653612389
ergo_ground_truth,estimated,1118,93.08333333333337,0.5568231019517496
ergo_ground_truth,estimated,1119,93.16666666666663,0.5568136578728038
ergo_ground_truth,estimated,1120,93.25,0.5568315846302274
ergo_ground_truth,estimated,1121,93.33333333333337,0.5568563674166566
ergo_ground_truth,estimated,1122,93.41666666666663,0.5568533815360988
ergo_ground_truth,estimated,1123,93.5,0.556839408464827
ergo_ground_truth,estimated,1124,93.58333333333337,0.5568612983542877
ergo_ground_truth,estimated,1125,93.66666666666663,0.5569044459848174
ergo_ground_truth,estimated,1126,93.75,0.5569086664033641
ergo_ground_truth,estimated,1127,93.83333333333337,0.55686443645473
ergo_ground_truth,estimated,1128,93.91666666666663,0.5568905593954272
ergo_ground_truth,estimated,1129,94.0,0.5569747507729301
ergo_ground_truth,estimated,1130,94.08333333333337,0.5570524800130305
ergo_ground_truth,estimated,1131,94.16666666666663,0.5570954833197354
ergo_ground_truth,estimated,1132,94.25,0.5571633139344951
ergo_ground_truth,estimated,1133,94.33333333333337,0.5572863279354332
ergo_ground_truth,estimated,1134,94.41666666666663,0.5574385730597449
ergo_ground_truth,estimated,1135,94.5,0.5575950220502758
ergo_ground_truth,estimated,1136,94.58333333333337,0.557765250198103
ergo_ground_truth,estimated,1137,94.66666666666663,0.5579735788011628
ergo_ground_truth,estimated,1138,94.75,0.5582229170339671
ergo_ground_truth,estimated,1139,94.83333333333337,0.558477490841536
ergo_ground_truth,estimated,1140,94.91666666666663,0.5586861293977285
ergo_ground_truth,estimated,1141,95.0,0.5589295186668517
ergo_ground_truth,estimated,1142,95.08333333333337,0.5593183863999752
ergo_ground_truth,estimated,1143,95.16666666666663,0.5597836195400914
ergo_ground_truth,estimated,1144,95.25,0.560218278516628
ergo_ground_truth,estimated,1145,95.33333333333337,0.5606385578364487
ergo_ground_truth,estimated,1146,95.41666666666663,0.561148218799221
ergo_ground_truth,estimated,1147,95.5,0.5617402053772724
ergo_ground_truth,estimated,1148,95.58333333333337,0.5623416516800541
ergo_ground_truth,estimated,1149,95.66666666666663,0.5629001001009439
ergo_ground_truth,estimated,1150,95.75,0.563398515177345
ergo_ground_truth,estimated,1151,95.83333333333337,0.5638984854492172
ergo_ground_truth,estimated,1152,95.91666666666663,0.5644817893103896
ergo_ground_truth,estimated,1153,96.0,0.5651180093844395
ergo_ground_truth,estimated,1154,96.08333333333337,0.565747910637811
ergo_ground_truth,estimated,1155,96.16666666666663,0.5663222300457148
ergo_ground_truth,estimated,1156,96.25,0.5667659821283485
ergo_ground_truth,estimated,1157,96.33333333333337,0.567103540202898
ergo_ground_truth,estimated,1158,96.41666666666663,0.5676201042793025
ergo_ground_truth,estimated,1159,96.5,0.568258127131666
ergo_ground_truth,estimated,1160,96.58333333333337,0.5688682332079527
ergo_ground_truth,estimated,1161,96.66666666666663,0.5693960582759423
ergo_ground_truth,estimated,1162,96.75,0.5699117418989758
ergo_ground_truth,estimated,1163,96.83333333333337,0.5704645956383467
ergo_ground_truth,estimated,1164,96.91666666666663,0.5710244201068974
ergo_ground_truth,estimated,1165,97.0,0.5715355560810654
ergo_ground_truth,estimated,1166,97.08333333333337,0.5719938709234551
ergo_ground_truth,estimated,1167,97.16666666666663,0.5724636165217044
ergo_ground_truth,estimated,1168,97.25,0.5729754370794444
ergo_ground_truth,estimated,1169,97.33333333333337,0.5734634014893109
ergo_ground_truth,estimated,1170,97.41666666666663,0.573856436416799
ergo_ground_truth,estimated,1171,97.5,0.5742499923870994
ergo_ground_truth,estimated,1172,97.58333333333337,0.5747497784888357
ergo_ground_truth,estimated,1173,97.66666666666663,0.5752702756491679
ergo_ground_truth,estimated,1174,97.75,0.5756595330843164
ergo_ground_truth,estimated,1175,97.83333333333337,0.575974501620888
ergo_ground_truth,estimated,1176,97.91666666666663,0.5764562573079189
ergo_ground_truth,estimated,1177,98.0,0.5770168110399438
ergo_ground_truth,estimated,1178,98.08333333333337,0.577484089538164
ergo_ground_truth,estimated,1179,98.16666666666663,0.5778158952913475
ergo_ground_truth,estimated,1180,98.25,0.5782427961456171
ergo_ground_truth,estimated,1181,98.33333333333337,0.5787804210695193
ergo_ground_truth,estimated,1182,98.41666666666663,0.5792883767790307
ergo_ground_truth,estimated,1183,98.5,0.5796802492378357
ergo_ground_truth,estimated,1184,98.58333333333337,0.5800749113551037
ergo_ground_truth,estimated,1185,98.66666666666663,0.5805649294203948
ergo_ground_truth,estimated,1186,98.75,0.5810761837415052
ergo_ground_truth,estimated,1187,98.83333333333337,0.581516554168948
ergo_ground_truth,estimated,1188,98.91666666666663,0.581918536193764
ergo_ground_truth,estimated,1189,99.0,0.582371500226709
ergo_ground_truth,estimated,1190,99.08333333333337,0.5828646980247661
ergo_ground_truth,estimated,1191,99.16666666666663,0.5833252705039117
ergo_ground_truth,estimated,1192,99.25,0.583731160806271
ergo_ground_truth,estimated,1193,99.33333333333337,0.5841294610691153
ergo_ground_truth,estimated,1194,99.41666666666663,0.5845448289203059
ergo_ground_truth,estimated,1195,99.5,0.5849378461083565
ergo_ground_truth,estimated,1196,99.58333333333337,0.5852618942222757
ergo_ground_truth,estimated,1197,99.66666666666663,0.585540862807024
ergo_ground_truth,estimated,1198,99.75,0.5858456463124612
ergo_ground_truth,estimated,1199,99.83333333333337,0.5861681704415457
ergo_ground_truth,estimated,1200,99.91666666666663,0.5864148923112075
ergo_ground_truth,estimated,1201,100.0,0.5865397836279008
ergo_ground_truth,estimated,1202,100.08333333333337,0.5867690928249732
ergo_ground_truth,estimated,1203,100.16666666666663,0.5871164179506554
ergo_ground_truth,estimated,1204,100.25,0.587457170619964
ergo_ground_truth,estimated,1205,100.33333333333337,0.587725445711684
ergo_ground_truth,estimated,1206,100.41666666666663,0.5879695330936725
ergo_ground_truth,estimated,1207,100.5,0.5882287842112542
ergo_ground_truth,estimated,1208,100.58333333333337,0.5884850293814561
ergo_ground_truth,estimated,1209,100.66666666666663,0.5886918453771213
ergo_ground_truth,estimated,1210,100.75,0.5887899102681583
ergo_ground_truth,estimated,1211,100.83333333333337,0.5888127602973326
ergo_ground_truth,estimated,1212,100.91666666666663,0.5889594400248914
ergo_ground_truth,estimated,1213,101.0,0.589191633226042
ergo_ground_truth,estimated,1214,101.08333333333337,0.58941559315973
ergo_ground_truth,estimated,1215,101.16666666666663,0.5895734834268866
ergo_ground_truth,estimated,1216,101.25,0.5896250834525085
ergo_ground_truth,estimated,1217,101.33333333333337,0.589590291926562
ergo_ground_truth,estimated,1218,101.41666666666663,0.5896493336845035
ergo_ground_truth,estimated,1219,101.5,0.5897876214142536
ergo_ground_truth,estimated,1220,101.58333333333337,0.5899053363089873
ergo_ground_truth,estimated,1221,101.66666666666663,0.5899592567194915
ergo_ground_truth,estimated,1222,101.75,0.5899976320544241
ergo_ground_truth,estimated,1223,101.83333333333337,0.590058998988691
ergo_ground_truth,estimated,1224,101.91666666666663,0.5901214421510408
ergo_ground_truth,estimated,1225,102.0,0.5901480185916708
ergo_ground_truth,estimated,1226,102.08333333333337,0.5901448611810284
ergo_ground_truth,estimated,1227,102.16666666666663,0.5901508369612704
ergo_ground_truth,estimated,1228,102.25,0.5901740734358676
ergo_ground_truth,estimated,1229,102.33333333333337,0.5901844527200526
ergo_ground_truth,estimated,1230,102.41666666666663,0.5901701630319576
ergo_ground_truth,estimated,1231,102.5,0.5901635500590793
ergo_ground_truth,estimated,1232,102.58333333333337,0.5901876875329951
ergo_ground_truth,estimated,1233,102.66666666666663,0.5902174270351389
ergo_ground_truth,estimated,1234,102.75,0.5902202984853064
ergo_ground_truth,estimated,1235,102.83333333333337,0.5902209640452035
ergo_ground_truth,estimated,1236,102.91666666666663,0.5902679740656227
ergo_ground_truth,estimated,1237,103.0,0.5903419374087938
ergo_ground_truth,estimated,1238,103.08333333333337,0.5901459501291171
ergo_ground_truth,estimated,1239,103.16666666666663,0.5897760779196835
ergo_ground_truth,estimated,1240,103.25,0.5893180238225585
ergo_ground_truth,estimated,1241,103.33333333333337,0.5888467565045231
ergo_ground_truth,estimated,1242,103.41666666666663,0.5884193742545587
ergo_ground_truth,estimated,1243,103.5,0.5880659632487035
ergo_ground_truth,estimated,1244,103.58333333333337,0.5877898189200126
ergo_ground_truth,estimated,1245,103.66666666666663,0.5875656839948011
ergo_ground_truth,estimated,1246,103.75,0.5873466350583293
ergo_ground_truth,estimated,1247,103.83333333333337,0.5871476883421808
ergo_ground_truth,estimated,1248,103.91666666666663,0.5870266488772559
ergo_ground_truth,estimated,1249,104.0,0.5869537576812947
ergo_ground_truth,estimated,1250,104.08333333333337,0.5868670337950289
ergo_ground_truth,estimated,1251,104.16666666666663,0.5867586253927529
ergo_ground_truth,estimated,1252,104.25,0.5866825796317806
ergo_ground_truth,estimated,1253,104.33333333333337,0.5866494960828506
ergo_ground_truth,estimated,1254,104.41666666666663,0.5866208917654886
ergo_ground_truth,estimated,1255,104.5,0.586572560148941
ergo_ground_truth,estimated,1256,104.58333333333337,0.5865344379666596
ergo_ground_truth,estimated,1257,104.66666666666663,0.5865345026476642
ergo_ground_truth,estimated,1258,104.75,0.5865511258536948
ergo_ground_truth,estimated,1259,104.83333333333337,0.5865493366744409
ergo_ground_truth,estimated,1260,104.91666666666663,0.5865430553873837
ergo_ground_truth,estimated,1261,105.0,0.5865756666513217
ergo_ground_truth,estimated,1262,105.08333333333337,0.5866416416747618
ergo_ground_truth,estimated,1263,105.16666666666663,0.5866901709759915
ergo_ground_truth,estimated,1264,105.25,0.5867078938119665
ergo_ground_truth,estimated,1265,105.33333333333337,0.5867633255903607
ergo_ground_truth,estimated,1266,105.41666666666663,0.5868801328106654
ergo_ground_truth,estimated,1267,105.5,0.5869874919381154
ergo_ground_truth,estimated,1268,105.58333333333337,0.5870038984216351
ergo_ground_truth,estimated,1269,105.66666666666663,0.5870547853956097
ergo_ground_truth,estimated,1270,105.75,0.5872285407896657
ergo_ground_truth,estimated,1271,105.83333333333337,0.5874352962212962
ergo_ground_truth,estimated,1272,105.91666666666663,0.5875717355518089
ergo_ground_truth,estimated,1273,106.0,0.587682065456986
ergo_ground_truth,estimated,1274,106.08333333333337,0.5878707106549589
ergo_ground_truth,estimated,1275,106.16666666666663,0.588111658153878
ergo_ground_truth,estimated,1276,106.25,0.5883317758178231
ergo_ground_truth,estimated,1277,106.33333333333337,0.5885116898064989
ergo_ground_truth,estimated,1278,106.41666666666663,0.588691694743496
ergo_ground_truth,estimated,1279,106.5,0.588899033763038
ergo_ground_truth,estimated,1280,106.58333333333337,0.5891090873621472
ergo_ground_truth,estimated,1281,106.66666666666663,0.5892741829391271
ergo_ground_truth,estimated,1282,106.75,0.5893996531193708
ergo_ground_truth,estimated,1283,106.83333333333337,0.589565941528929
ergo_ground_truth,estimated,1284,106.91666666666663,0.5897834002447897
ergo_ground_truth,estimated,1285,107.0,0.5899595083595809
ergo_ground_truth,estimated,1286,107.08333333333337,0.5900149388710353
ergo_ground_truth,estimated,1287,107.16666666666663,0.5901525405970021
ergo_ground_truth,estimated,1288,107.25,0.590413578579198
ergo_ground_truth,estimated,1289,107.33333333333337,0.5906807652117905
ergo_ground_truth,estimated,1290,107.41666666666663,0.5908698168477196
ergo_ground_truth,estimated,1291,107.5,0.5910325366894165
ergo_ground_truth,estimated,1292,107.58333333333337,0.591239332513671
ergo_ground_truth,estimated,1293,107.66666666666663,0.5914686378093971
ergo_ground_truth,estimated,1294,107.75,0.5916654539907911
ergo_ground_truth,estimated,1295,107.83333333333337,0.5918158564282339
ergo_ground_truth,estimated,1296,107.91666666666663,0.5919568397318002
ergo_ground_truth,estimated,1297,108.0,0.5921184505598398
ergo_ground_truth,estimated,1298,108.08333333333337,0.5922718427994502
ergo_ground_truth,estimated,1299,108.16666666666663,0.5923559260705533
ergo_ground_truth,estimated,1300,108.25,0.5923904402373279
ergo_ground_truth,estimated,1301,108.33333333333337,0.5924981047086147
ergo_ground_truth,estimated,1302,108.41666666666663,0.5926638181086707
ergo_ground_truth,estimated,1303,108.5,0.5927840774917338
ergo_ground_truth,estimated,1304,108.58333333333337,0.5928348340378745
ergo_ground_truth,estimated,1305,108.66666666666663,0.5929266562862237
ergo_ground_truth,estimated,1306,108.75,0.5930779888657006
ergo_ground_truth,estimated,1307,108.83333333333337,0.5932231404112726
ergo_ground_truth,estimated,1308,108.91666666666663,0.5933108245420243
ergo_ground_truth,estimated,1309,109.0,0.5933229550995182
ergo_ground_truth,estimated,1310,109.08333333333337,0.5932819596148005
ergo_ground_truth,estimated,1311,109.16666666666663,0.5932623079848021
ergo_ground_truth,estimated,1312,109.25,0.593275537284008
ergo_ground_truth,estimated,1313,109.33333333333337,0.593283688304552
ergo_ground_truth,estimated,1314,109.41666666666663,0.5932536128606726
ergo_ground_truth,estimated,1315,109.5,0.5931516619169475
ergo_ground_truth,estimated,1316,109.58333333333337,0.592978620541206
ergo_ground_truth,estimated,1317,109.66666666666663,0.5928439063729165
ergo_ground_truth,estimated,1318,109.75,0.5927640550170734
ergo_ground_truth,estimated,1319,109.83333333333337,0.5926599974296902
ergo_ground_truth,estimated,1320,109.91666666666663,0.592465456287506
ergo_ground_truth,estimated,1321,110.0,0.5923009623688199
ergo_ground_truth,estimated,1322,110.08333333333337,0.5922199900164794
ergo_ground_truth,estimated,1323,110.16666666666663,0.5921491133898247
ergo_ground_truth,estimated,1324,110.25,0.5920011457163876
ergo_ground_truth,estimated,1325,110.33333333333337,0.5918280079467153
ergo_ground_truth,estimated,1326,110.41666666666663,0.5917544201555025
ergo_ground_truth,estimated,1327,110.5,0.5917266962124194
ergo_ground_truth,estimated,1328,110.58333333333337,0.5916492658036834
ergo_ground_truth,estimated,1329,110.66666666666663,0.5915105019527878
ergo_ground_truth,estimated,1330,110.75,0.5914504879532413
ergo_ground_truth,estimated,1331,110.83333333333337,0.5914582434969522
ergo_ground_truth,estimated,1332,110.91666666666663,0.591457668157623
ergo_ground_truth,estimated,1333,111.0,0.5914206052102977
ergo_ground_truth,estimated,1334,111.08333333333337,0.5913353795651671
ergo_ground_truth,estimated,1335,111.16666666666663,0.5912040273361896
ergo_ground_truth,estimated,1336,111.25,0.591116694973911
ergo_ground_truth,estimated,1337,111.33333333333337,0.5911030701419455
ergo_ground_truth,estimated,1338,111.41666666666663,0.5911160264404438
ergo_ground_truth,estimated,1339,111.5,0.591110830481156
ergo_ground_truth,estimated,1340,111.58333333333337,0.5910522661312947
ergo_ground_truth,estimated,1341,111.66666666666663,0.5909277150044513
ergo_ground_truth,estimated,1342,111.75,0.590859745863232
ergo_ground_truth,estimated,1343,111.83333333333337,0.5908854548659684
ergo_ground_truth,estimated,1344,111.91666666666663,0.5909381560619877
ergo_ground_truth,estimated,1345,112.0,0.5909643219339644
ergo_ground_truth,estimated,1346,112.08333333333337,0.5909479005277927
ergo_ground_truth,estimated,1347,112.16666666666663,0.590904535912755
ergo_ground_truth,estimated,1348,112.25,0.5908795552276733
ergo_ground_truth,estimated,1349,112.33333333333337,0.5908678943497536
ergo_ground_truth,estimated,1350,112.41666666666663,0.5908003288981897
ergo_ground_truth,estimated,1351,112.5,0.5906684893861867
ergo_ground_truth,estimated,1352,112.58333333333337,0.5906246567257706
ergo_ground_truth,estimated,1353,112.66666666666663,0.5906493474865716
ergo_ground_truth,estimated,1354,112.75,0.590650865088032
ergo_ground_truth,estimated,1355,112.83333333333337,0.5905848905716884
ergo_ground_truth,estimated,1356,112.91666666666663,0.5905215060041724
ergo_ground_truth,estimated,1357,113.0,0.5905095905052151
ergo_ground_truth,estimated,1358,113.08333333333337,0.590508548244036
ergo_ground_truth,estimated,1359,113.16666666666663,0.5904703623736346
ergo_ground_truth,estimated,1360,113.25,0.5904185415280414
ergo_ground_truth,estimated,1361,113.33333333333337,0.590406341746838
ergo_ground_truth,estimated,1362,113.41666666666663,0.5904279594852647
ergo_ground_truth,estimated,1363,113.5,0.5904425241985334
ergo_ground_truth,estimated,1364,113.58333333333337,0.590446916823162
ergo_ground_truth,estimated,1365,113.66666666666663,0.5904808903702143
ergo_ground_truth,estimated,1366,113.75,0.5905608744359847
ergo_ground_truth,estimated,1367,113.83333333333337,0.5906567239160598
ergo_ground_truth,estimated,1368,113.91666666666663,0.5907274829442853
ergo_ground_truth,estimated,1369,114.0,0.5907780580034657
ergo_ground_truth,estimated,1370,114.08333333333337,0.590870852822911
ergo_ground_truth,estimated,1371,114.16666666666663,0.5910241401814473
ergo_ground_truth,estimated,1372,114.25,0.5911998492536418
ergo_ground_truth,estimated,1373,114.33333333333337,0.5913628605385791
ergo_ground_truth,estimated,1374,114.41666666666663,0.5914779084214763
ergo_ground_truth,estimated,1375,114.5,0.5915225451027066
ergo_ground_truth,estimated,1376,114.58333333333337,0.5915507681052903
ergo_ground_truth,estimated,1377,114.66666666666663,0.5916138310243241
ergo_ground_truth,estimated,1378,114.75,0.5916843531149886
ergo_ground_truth,estimated,1379,114.83333333333337,0.5917242754631614
ergo_ground_truth,estimated,1380,114.91666666666663,0.5917542610065664
ergo_ground_truth,estimated,1381,115.0,0.591805678160265
ergo_ground_truth,estimated,1382,115.08333333333337,0.5918641392212617
ergo_ground_truth,estimated,1383,115.16666666666663,0.5918919136021968
ergo_ground_truth,estimated,1384,115.25,0.5918421674903194
ergo_ground_truth,estimated,1385,115.33333333333337,0.5917223860676591
ergo_ground_truth,estimated,1386,115.41666666666663,0.5917018097445539
ergo_ground_truth,estimated,1387,115.5,0.5917549590059191
ergo_ground_truth,estimated,1388,115.58333333333337,0.5918124917847433
ergo_ground_truth,estimated,1389,115.66666666666663,0.5918364689466528
ergo_ground_truth,estimated,1390,115.75,0.5918322319556962
ergo_ground_truth,estimated,1391,115.83333333333337,0.5918291065424188
ergo_ground_truth,estimated,1392,115.91666666666663,0.5918433008196701
ergo_ground_truth,estimated,1393,116.0,0.5918445358116634
ergo_ground_truth,estimated,1394,116.08333333333337,0.5917894763990474
ergo_ground_truth,estimated,1395,116.16666666666663,0.5917361236296974
ergo_ground_truth,estimated,1396,116.25,0.5917596964325763
ergo_ground_truth,estimated,1397,116.33333333333337,0.5918103693944339
ergo_ground_truth,estimated,1398,116.41666666666663,0.5917860902386293
ergo_ground_truth,estimated,1399,116.5,0.5917105536746219
ergo_ground_truth,estimated,1400,116.58333333333337,0.5917423888741324
ergo_ground_truth,estimated,1401,116.66666666666663,0.5918336720997305
ergo_ground_truth,estimated,1402,116.75,0.5918704791485467
ergo_ground_truth,estimated,1403,116.83333333333337,0.5918065189874236
ergo_ground_truth,estimated,1404,116.91666666666663,0.5918037085389366
ergo_ground_truth,estimated,1405,117.0,0.5918810227585248
ergo_ground_truth,estimated,1406,117.08333333333337,0.5919379499497033
ergo_ground_truth,estimated,1407,117.16666666666663,0.5918743927010891
ergo_ground_truth,estimated,1408,117.25,0.5918270688235789
ergo_ground_truth,estimated,1409,117.33333333333337,0.5918844377425909
ergo_ground_truth,estimated,1410,117.41666666666663,0.5919611880343936
ergo_ground_truth,estimated,1411,117.5,0.5919459893665039
ergo_ground_truth,estimated,1412,117.58333333333337,0.5918810717122949
ergo_ground_truth,estimated,1413,117.66666666666663,0.59190829183299
ergo_ground_truth,estimated,1414,117.75,0.5919875313810783
ergo_ground_truth,estimated,1415,117.83333333333337,0.5920236066859637
ergo_ground_truth,estimated,1416,117.91666666666663,0.5920000915925241
ergo_ground_truth,estimated,1417,118.0,0.5920021507533741
ergo_ground_truth,estimated,1418,118.08333333333337,0.5920505027431083
ergo_ground_truth,estimated,1419,118.16666666666663,0.592094098515442
ergo_ground_truth,estimated,1420,118.25,0.5920986836219617
ergo_ground_truth,estimated,1421,118.33333333333337,0.5920884518770575
ergo_ground_truth,estimated,1422,118.41666666666663,0.5920953073477513
ergo_ground_truth,estimated,1423,118.5,0.5921101625714142
ergo_ground_truth,estimated,1424,118.58333333333337,0.5920932872652974
ergo_ground_truth,estimated,1425,118.66666666666663,0.5920259949869991
ergo_ground_truth,estimated,1426,118.75,0.5919612548589283
ergo_ground_truth,estimated,1427,118.83333333333337,0.5919409579927821
ergo_ground_truth,estimated,1428,118.91666666666663,0.5919170906478245
ergo_ground_truth,estimated,1429,119.0,0.5918242843539523
ergo_ground_truth,estimated,1430,119.08333333333337,0.5917367046894002
ergo_ground_truth,estimated,1431,119.16666666666663,0.5917348891490403
ergo_ground_truth,estimated,1432,119.25,0.5917780546856165
ergo_ground_truth,estimated,1433,119.33333333333337,0.5918075549358552
ergo_ground_truth,estimated,1434,119.41666666666663,0.5918008022683184
ergo_ground_truth,estimated,1435,119.5,0.5917722198959715
ergo_ground_truth,estimated,1436,119.58333333333337,0.591767725133126
ergo_ground_truth,estimated,1437,119.66666666666663,0.5918035899782598
ergo_ground_truth,estimated,1438,119.75,0.591828320581018
ergo_ground_truth,estimated,1439,119.83333333333337,0.5918187088225249
ergo_ground_truth,estimated,1440,119.91666666666663,0.591887532811968
ergo_ground_truth,estimated,1441,120.0,0.5920716957419114
ergo_ground_truth,estimated,1442,120.08333333333337,0.5923158500627965
ergo_ground_truth,estimated,1443,120.16666666666663,0.5925601533305809
ergo_ground_truth,estimated,1444,120.25,0.5927723150927454
ergo_ground_truth,estimated,1445,120.33333333333337,0.5929796932970146
ergo_ground_truth,estimated,1446,120.41666666666663,0.5932623584631017
ergo_ground_truth,estimated,1447,120.5,0.5935999118546619
ergo_ground_truth,estimated,1448,120.58333333333337,0.5938808624675976
ergo_ground_truth,estimated,1449,120.66666666666663,0.5940755461991872
ergo_ground_truth,estimated,1450,120.75,0.5942657962147041
ergo_ground_truth,estimated,1451,120.83333333333337,0.5944532937610935
ergo_ground_truth,estimated,1452,120.91666666666663,0.5945908165763679
ergo_ground_truth,estimated,1453,121.0,0.5946486136192134
ergo_ground_truth,estimated,1454,121.08333333333337,0.5946374606068565
ergo_ground_truth,estimated,1455,121.16666666666663,0.5946213278848625
ergo_ground_truth,estimated,1456,121.25,0.5946403440630371
ergo_ground_truth,estimated,1457,121.33333333333337,0.5946341617303058
ergo_ground_truth,estimated,1458,121.41666666666663,0.5944940338264597
ergo_ground_truth,estimated,1459,121.5,0.5942804287849301
ergo_ground_truth,estimated,1460,121.58333333333337,0.5940363423530576
ergo_ground_truth,estimated,1461,121.66666666666663,0.5937474392527532
ergo_ground_truth,estimated,1462,121.75,0.5935146769189145
ergo_ground_truth,estimated,1463,121.83333333333337,0.5933758784486949
ergo_ground_truth,estimated,1464,121.91666666666663,0.5932606207736554
ergo_ground_truth,estimated,1465,122.0,0.59307738272827
ergo_ground_truth,estimated,1466,122.08333333333337,0.5928973525225283
ergo_ground_truth,estimated,1467,122.16666666666663,0.592821468816207
ergo_ground_truth,estimated,1468,122.25,0.5927899428020669
ergo_ground_truth,estimated,1469,122.33333333333337,0.5926995933009586
ergo_ground_truth,estimated,1470,122.41666666666663,0.5925418824063646
ergo_ground_truth,estimated,1471,122.5,0.5924918814232658
ergo_ground_truth,estimated,1472,122.58333333333337,0.5925201795399289
ergo_ground_truth,estimated,1473,122.66666666666663,0.5925241174977304
ergo_ground_truth,estimated,1474,122.75,0.5924578311104769
ergo_ground_truth,estimated,1475,122.83333333333337,0.5924348311415072
ergo_ground_truth,estimated,1476,122.91666666666663,0.5924957722936993
ergo_ground_truth,estimated,1477,123.0,0.5925752947248984
ergo_ground_truth,estimated,1478,123.08333333333337,0.5926185148299988
ergo_ground_truth,estimated,1479,123.16666666666663,0.592651914731448
ergo_ground_truth,estimated,1480,123.25,0.5927180294166049
ergo_ground_truth,estimated,1481,123.33333333333337,0.5928068575043872
ergo_ground_truth,estimated,1482,123.41666666666663,0.5928795765674382
ergo_ground_truth,estimated,1483,123.5,0.592918899944373
ergo_ground_truth,estimated,1484,123.58333333333337,0.5929493351616795
ergo_ground_truth,estimated,1485,123.66666666666663,0.5929962675610476
ergo_ground_truth,estimated,1486,123.75,0.5930343958726554
ergo_ground_truth,estimated,1487,123.83333333333337,0.5930083448836029
ergo_ground_truth,estimated,1488,123.91666666666663,0.5929461368252085
ergo_ground_truth,estimated,1489,124.0,0.5929499559977305
ergo_ground_truth,estimated,1490,124.08333333333337,0.592994394508731
ergo_ground_truth,estimated,1491,124.16666666666663,0.5929888753892266
ergo_ground_truth,estimated,1492,124.25,0.5929168527932258
ergo_ground_truth,estimated,1493,124.33333333333337,0.5928972071948443
ergo_ground_truth,estimated,1494,124.41666666666663,0.5929349935434307
ergo_ground_truth,estimated,1495,124.5,0.5929603834599237
ergo_ground_truth,estimated,1496,124.58333333333337,0.5929335253681193
ergo_ground_truth,estimated,1497,124.66666666666663,0.5928887322763663
ergo_ground_truth,estimated,1498,124.75,0.5928590837958624
ergo_ground_truth,estimated,1499,124.83333333333337,0.5928289551164679
ergo_ground_truth,estimated,1500,124.91666666666663,0.5927676691092111
ergo_ground_truth,estimated,1501,125.0,0.5926750639399625
ergo_ground_truth,estimated,1502,125.08333333333337,0.5925802384233284
ergo_ground_truth,estimated,1503,125.16666666666663,0.5924949622792396
ergo_ground_truth,estimated,1504,125.25,0.5923945181986375
ergo_ground_truth,estimated,1505,125.33333333333337,0.5922575029407237
ergo_ground_truth,estimated,1506,125.41666666666663,0.5921162679901628
ergo_ground_truth,estimated,1507,125.5,0.5920080915392386
ergo_ground_truth,estimated,1508,125.58333333333337,0.5919096686460025
ergo_ground_truth,estimated,1509,125.66666666666663,0.5917726059297959
ergo_ground_truth,estimated,1510,125.75,0.5916420015601264
ergo_ground_truth,estimated,1511,125.83333333333337,0.5916097035041455
ergo_ground_truth,estimated,1512,125.91666666666663,0.5916331502862769
ergo_ground_truth,estimated,1513,126.0,0.5916117387506034
ergo_ground_truth,estimated,1514,126.08333333333337,0.5915418011365172
ergo_ground_truth,estimated,1515,126.16666666666663,0.5915755218333988
ergo_ground_truth,estimated,1516,126.25,0.591689495647427
ergo_ground_truth,estimated,1517,126.33333333333337,0.5917742179824931
ergo_ground_truth,estimated,1518,126.41666666666663,0.5915769360682857
ergo_ground_truth,estimated,1519,126.5,0.5913027941584492
ergo_ground_truth,estimated,1520,126.58333333333337,0.5910725781480727
ergo_ground_truth,estimated,1521,126.66666666666663,0.5909241842583588
ergo_ground_truth,estimated,1522,126.75,0.5908128222161145
ergo_ground_truth,estimated,1523,126.83333333333337,0.5906642274086323
ergo_ground_truth,estimated,1524,126.91666666666663,0.5906197973865557
ergo_ground_truth,estimated,1525,127.0,0.5907264863509747
ergo_ground_truth,estimated,1526,127.08333333333337,0.5908905383375369
ergo_ground_truth,estimated,1527,127.16666666666663,0.5910224513965344
ergo_ground_truth,estimated,1528,127.25,0.5911500163420256
ergo_ground_truth,estimated,1529,127.33333333333337,0.591347675277424
ergo_ground_truth,estimated,1530,127.41666666666663,0.5915981387568993
ergo_ground_truth,estimated,1531,127.5,0.5918280773954347
ergo_ground_truth,estimated,1532,127.58333333333337,0.592016402255745
ergo_ground_truth,estimated,1533,127.66666666666663,0.5922300968432732
ergo_ground_truth,estimated,1534,127.75,0.5924989229538218
ergo_ground_truth,estimated,1535,127.83333333333337,0.5927635686238933
ergo_ground_truth,estimated,1536,127.91666666666663,0.5929694450609884
ergo_ground_truth,estimated,1537,128.0,0.5931729004727703
ergo_ground_truth,estimated,1538,128.08333333333337,0.593444839559058
ergo_ground_truth,estimated,1539,128.16666666666663,0.5937394334862375
ergo_ground_truth,estimated,1540,128.25,0.5939666792962685
ergo_ground_truth,estimated,1541,128.33333333333337,0.5941495221148332
ergo_ground_truth,estimated,1542,128.41666666666663,0.5944092175479091
ergo_ground_truth,estimated,1543,128.5,0.5947290806451049
ergo_ground_truth,estimated,1544,128.58333333333337,0.5949876081547669
ergo_ground_truth,estimated,1545,128.66666666666663,0.595106580938157
ergo_ground_truth,estimated,1546,128.75,0.5953007694082458
ergo_ground_truth,estimated,1547,128.83333333333337,0.5955265099059274
ergo_ground_truth,estimated,1548,128.91666666666663,0.5956786462464368
ergo_ground_truth,estimated,1549,129.0,0.5957009274104693
ergo_ground_truth,estimated,1550,129.08333333333337,0.5955835847256838
ergo_ground_truth,estimated,1551,129.16666666666663,0.5955095049224832
ergo_ground_truth,estimated,1552,129.25,0.5955308095307397
ergo_ground_truth,estimated,1553,129.33333333333337,0.5955733131465017
ergo_ground_truth,estimated,1554,129.41666666666663,0.5955833630325227
ergo_ground_truth,estimated,1555,129.5,0.5955816299443408
ergo_ground_truth,estimated,1556,129.58333333333337,0.5955977448153981
ergo_ground_truth,estimated,1557,129.66666666666663,0.5956284867643297
ergo_ground_truth,estimated,1558,129.75,0.595641220996962
ergo_ground_truth,estimated,1559,129.83333333333337,0.5955837542169427
ergo_ground_truth,estimated,1560,129.91666666666663,0.5954695718079964
ergo_ground_truth,estimated,1561,130.0,0.5954455431953527
ergo_ground_truth,estimated,1562,130.08333333333337,0.5954950972258095
ergo_ground_truth,estimated,1563,130.16666666666663,0.5955406465746852
ergo_ground_truth,estimated,1564,130.25,0.5955430937647349
ergo_ground_truth,estimated,1565,130.33333333333337,0.5954862289364308
ergo_ground_truth,estimated,1566,130.41666666666663,0.5953619557102594
ergo_ground_truth,estimated,1567,130.5,0.5952408945393171
ergo_ground_truth,estimated,1568,130.58333333333337,0.5951686100186253
ergo_ground_truth,estimated,1569,130.66666666666663,0.595108697702561
ergo_ground_truth,estimated,1570,130.75,0.595011588232021
ergo_ground_truth,estimated,1571,130.83333333333337,0.5948629731950477
ergo_ground_truth,estimated,1572,130.91666666666663,0.5946944229855857
ergo_ground_truth,estimated,1573,131.0,0.5945344064602065
ergo_ground_truth,estimated,1574,131.08333333333337,0.5943697933845273
ergo_ground_truth,estimated,1575,131.16666666666663,0.5941681164775465
ergo_ground_truth,estimated,1576,131.25,0.5939344818515635
ergo_ground_truth,estimated,1577,131.33333333333337,0.5937298220307842
ergo_ground_truth,estimated,1578,131.41666666666663,0.5935624615542341
ergo_ground_truth,estimated,1579,131.5,0.5933819442806816
ergo_ground_truth,estimated,1580,131.58333333333337,0.5931701571891196
ergo_ground_truth,estimated,1581,131.66666666666663,0.5929858944854713
ergo_ground_truth,estimated,1582,131.75,0.5928450576363011
ergo_ground_truth,estimated,1583,131.83333333333337,0.5927160858913948
ergo_ground_truth,estimated,1584,131.91666666666663,0.5925635058180262
ergo_ground_truth,estimated,1585,132.0,0.5923497696253346
ergo_ground_truth,estimated,1586,132.08333333333337,0.5920840740073469
ergo_ground_truth,estimated,1587,132.16666666666663,0.5919113608020812
ergo_ground_truth,estimated,1588,132.25,0.5918169295740242
ergo_ground_truth,estimated,1589,132.33333333333337,0.5917406313117333
ergo_ground_truth,estimated,1590,132.41666666666663,0.5916531198159041
ergo_ground_truth,estimated,1591,132.5,0.5915880803011454
ergo_ground_truth,estimated,1592,132.58333333333337,0.5915961707328409
ergo_ground_truth,estimated,1593,132.66666666666663,0.5916793017141188
ergo_ground_truth,estimated,1594,132.75,0.59179018963974
ergo_ground_truth,estimated,1595,132.83333333333337,0.5918877290920146
ergo_ground_truth,estimated,1596,132.91666666666663,0.5919850374753385
ergo_ground_truth,estimated,1597,133.0,0.5921025335737792
ergo_ground_truth,estimated,1598,133.08333333333337,0.5922060880176864
ergo_ground_truth,estimated,1599,133.16666666666663,0.5922236253471607
ergo_ground_truth,estimated,1600,133.25,0.5921760479685101
ergo_ground_truth,estimated,1601,133.33333333333337,0.5921625780287031
ergo_ground_truth,estimated,1602,133.41666666666663,0.5921689669983331
ergo_ground_truth,estimated,1603,133.5,0.592153267258874
ergo_ground_truth,estimated,1604,133.58333333333337,0.592098187687231
ergo_ground_truth,estimated,1605,133.66666666666663,0.5920117089162703
ergo_ground_truth,estimated,1606,133.75,0.5919225665357488
ergo_ground_truth,estimated,1607,133.83333333333337,0.5918479974581985
ergo_ground_truth,estimated,1608,133.91666666666663,0.5917554233895462
ergo_ground_truth,estimated,1609,134.0,0.5916283501056177
ergo_ground_truth,estimated,1610,134.08333333333337,0.5915600740177238
ergo_ground_truth,estimated,1611,134.16666666666663,0.5915798257382769
ergo_ground_truth,estimated,1612,134.25,0.5916385920637453
ergo_ground_truth,estimated,1613,134.33333333333337,0.5916827859519146
ergo_ground_truth,estimated,1614,134.41666666666663,0.5916712425500681
ergo_ground_truth,estimated,1615,134.5,0.5916130539319976
ergo_ground_truth,estimated,1616,134.58333333333337,0.5916276111004279
ergo_ground_truth,estimated,1617,134.66666666666663,0.5917311587276496
ergo_ground_truth,estimated,1618,134.75,0.5918512231631793
ergo_ground_truth,estimated,1619,134.83333333333337,0.5919521045065647
ergo_ground_truth,estimated,1620,134.91666666666663,0.5920495474745746
ergo_ground_truth,estimated,1621,135.0,0.5921568214095575
ergo_ground_truth,estimated,1622,135.08333333333337,0.592279897596288
ergo_ground_truth,estimated,1623,135.16666666666663,0.5923920637744468
ergo_ground_truth,estimated,1624,135.25,0.5924307463394081
ergo_ground_truth,estimated,1625,135.33333333333337,0.5924583526424262
ergo_ground_truth,estimated,1626,135.41666666666663,0.5926135281572432
ergo_ground_truth,estimated,1627,135.5,0.5928532218392777
ergo_ground_truth,estimated,1628,135.58333333333337,0.5930906373496356
ergo_ground_truth,estimated,1629,135.66666666666663,0.5932748761615686
ergo_ground_truth,estimated,1630,135.75,0.5933991022632114
ergo_ground_truth,estimated,1631,135.83333333333337,0.5935257455371968
ergo_ground_truth,estimated,1632,135.91666666666663,0.5937170489549916
ergo_ground_truth,estimated,1633,136.0,0.5939244494442916
ergo_ground_truth,estimated,1634,136.08333333333337,0.5940748826667768
ergo_ground_truth,estimated,1635,136.16666666666663,0.5942283262836455
ergo_ground_truth,estimated,1636,136.25,0.5944560678095516
ergo_ground_truth,estimated,1637,136.33333333333337,0.594722193134826
ergo_ground_truth,estimated,1638,136.41666666666663,0.5949632180951877
ergo_ground_truth,estimated,1639,136.5,0.595142562037775
ergo_ground_truth,estimated,1640,136.58333333333337,0.5952801497780712
ergo_ground_truth,estimated,1641,136.66666666666663,0.5954526504416547
ergo_ground_truth,estimated,1642,136.75,0.5956732430112565
ergo_ground_truth,estimated,1643,136.83333333333337,0.595853544908178
ergo_ground_truth,estimated,1644,136.91666666666663,0.5959385761702083
ergo_ground_truth,estimated,1645,137.0,0.596116465399691
ergo_ground_truth,estimated,1646,137.08333333333337,0.5964045785959277
ergo_ground_truth,estimated,1647,137.16666666666663,0.596682989134225
ergo_ground_truth,estimated,1648,137.25,0.5968630681388278
ergo_ground_truth,estimated,1649,137.33333333333337,0.5969545090386225
ergo_ground_truth,estimated,1650,137.41666666666663,0.5969984462575976
ergo_ground_truth,estimated,1651,137.5,0.5970017015986936
ergo_ground_truth,estimated,1652,137.58333333333337,0.5969435497449563
ergo_ground_truth,estimated,1653,137.66666666666663,0.5968174000290031
ergo_ground_truth,estimated,1654,137.75,0.5966703414911207
ergo_ground_truth,estimated,1655,137.83333333333337,0.5965528146426304
ergo_ground_truth,estimated,1656,137.91666666666663,0.5964395629472088
ergo_ground_truth,estimated,1657,138.0,0.5962615534303047
ergo_ground_truth,estimated,1658,138.08333333333337,0.5960475776466506
ergo_ground_truth,estimated,1659,138.16666666666663,0.5959248147751911
ergo_ground_truth,estimated,1660,138.25,0.5958517402015194
ergo_ground_truth,estimated,1661,138.33333333333337,0.5957399667790073
ergo_ground_truth,estimated,1662,138.41666666666663,0.5955727570456572
ergo_ground_truth,estimated,1663,138.5,0.5954451354618532
ergo_ground_truth,estimated,1664,138.58333333333337,0.5953741651790032
ergo_ground_truth,estimated,1665,138.66666666666663,0.5953023447594266
ergo_ground_truth,estimated,1666,138.75,0.5951928913650415
ergo_ground_truth,estimated,1667,138.83333333333337,0.5950868074194174
ergo_ground_truth,estimated,1668,138.91666666666663,0.595027836674872
ergo_ground_truth,estimated,1669,139.0,0.5949940746153822
ergo_ground_truth,estimated,1670,139.08333333333337,0.5949422563186301
ergo_ground_truth,estimated,1671,139.16666666666663,0.594880445665921
ergo_ground_truth,estimated,1672,139.25,0.5948559280790061
ergo_ground_truth,estimated,1673,139.33333333333337,0.5948703555859045
ergo_ground_truth,estimated,1674,139.41666666666663,0.5948767274225236
ergo_ground_truth,estimated,1675,139.5,0.5948593747514744
ergo_ground_truth,estimated,1676,139.58333333333337,0.5948911140980406
ergo_ground_truth,estimated,1677,139.66666666666663,0.594904685351713
ergo_ground_truth,estimated,1678,139.75,0.5947348802629974
ergo_ground_truth,estimated,1679,139.83333333333337,0.5944653828864847
ergo_ground_truth,estimated,1680,139.91666666666663,0.5941687481877458
ergo_ground_truth,estimated,1681,140.0,0.5939700417854302
ergo_ground_truth,estimated,1682,140.08333333333337,0.5938529323921502
ergo_ground_truth,estimated,1683,140.16666666666663,0.5937536870219016
ergo_ground_truth,estimated,1684,140.25,0.5936437684955811
ergo_ground_truth,estimated,1685,140.33333333333337,0.5935431126106447
ergo_ground_truth,estimated,1686,140.41666666666663,0.5934664819004867
ergo_ground_truth,estimated,1687,140.5,0.5934002427642706
ergo_ground_truth,estimated,1688,140.58333333333337,0.5933095338714158
ergo_ground_truth,estimated,1689,140.66666666666663,0.5931730096275298
ergo_ground_truth,estimated,1690,140.75,0.5930486806977118
ergo_ground_truth,estimated,1691,140.83333333333337,0.5929855602775077
ergo_ground_truth,estimated,1692,140.91666666666663,0.5929338684068911
ergo_ground_truth,estimated,1693,141.0,0.5928287565522464
ergo_ground_truth,estimated,1694,141.08333333333337,0.5927231226475544
ergo_ground_truth,estimated,1695,141.16666666666663,0.5926853497827409
ergo_ground_truth,estimated,1696,141.25,0.5926837022302232
ergo_ground_truth,estimated,1697,141.33333333333337,0.5926653891186227
ergo_ground_truth,estimated,1698,141.41666666666663,0.5926074222520191
ergo_ground_truth,estimated,1699,141.5,0.5925180997808712
ergo_ground_truth,estimated,1700,141.58333333333337,0.5924301729247302
ergo_ground_truth,estimated,1701,141.66666666666663,0.5923534761346987
ergo_ground_truth,estimated,1702,141.75,0.5922549216935855
ergo_ground_truth,estimated,1703,141.83333333333337,0.5921275616947029
ergo_ground_truth,estimated,1704,141.91666666666663,0.5920052505486489
ergo_ground_truth,estimated,1705,142.0,0.5918778110769163
ergo_ground_truth,estimated,1706,142.08333333333337,0.5917175415087879
ergo_ground_truth,estimated,1707,142.16666666666663,0.5915333209758817
ergo_ground_truth,estimated,1708,142.25,0.5913484270565909
ergo_ground_truth,estimated,1709,142.33333333333337,0.5911724786864504
ergo_ground_truth,estimated,1710,142.41666666666663,0.5909877830361725
ergo_ground_truth,estimated,1711,142.5,0.5907797107325596
ergo_ground_truth,estimated,1712,142.58333333333337,0.5905528560286655
ergo_ground_truth,estimated,1713,142.66666666666663,0.5902300197353058
ergo_ground_truth,estimated,1714,142.75,0.5897780857655114
ergo_ground_truth,estimated,1715,142.83333333333337,0.5893129434634734
ergo_ground_truth,estimated,1716,142.91666666666663,0.5888927497450211
ergo_ground_truth,estimated,1717,143.0,0.5885094717221917
ergo_ground_truth,estimated,1718,143.08333333333337,0.5881435102619216
ergo_ground_truth,estimated,1719,143.16666666666663,0.5877840362669262
ergo_ground_truth,estimated,1720,143.25,0.5874297418424717
ergo_ground_truth,estimated,1721,143.33333333333337,0.5870960742452802
ergo_ground_truth,estimated,1722,143.41666666666663,0.5867971017855252
ergo_ground_truth,estimated,1723,143.5,0.5865154858898306
ergo_ground_truth,estimated,1724,143.58333333333337,0.5862357983917357
ergo_ground_truth,estimated,1725,143.66666666666663,0.5859893463927411
ergo_ground_truth,estimated,1726,143.75,0.5857934894747778
ergo_ground_truth,estimated,1727,143.83333333333337,0.5856294607145688
ergo_ground_truth,estimated,1728,143.91666666666663,0.5854670672462119
ergo_ground_truth,estimated,1729,144.0,0.5852756450217754
ergo_ground_truth,estimated,1730,144.08333333333337,0.5850608326668074
ergo_ground_truth,estimated,1731,144.16666666666663,0.5848974691738529
ergo_ground_truth,estimated,1732,144.25,0.5847934240191356
ergo_ground_truth,estimated,1733,144.33333333333337,0.58469879878941
ergo_ground_truth,estimated,1734,144.41666666666663,0.5845969142934687
ergo_ground_truth,estimated,1735,144.5,0.5845261454677637
ergo_ground_truth,estimated,1736,144.58333333333337,0.584502793930379
ergo_ground_truth,estimated,1737,144.66666666666663,0.5845071406664187
ergo_ground_truth,estimated,1738,144.75,0.5845018212391897
ergo_ground_truth,estimated,1739,144.83333333333337,0.5844521468566701
ergo_ground_truth,estimated,1740,144.91666666666663,0.584408185276319
ergo_ground_truth,estimated,1741,145.0,0.5844557498640629
ergo_ground_truth,estimated,1742,145.08333333333337,0.5845640538645082
ergo_ground_truth,estimated,1743,145.16666666666663,0.5846535787877777
ergo_ground_truth,estimated,1744,145.25,0.5847097181218986
ergo_ground_truth,estimated,1745,145.33333333333337,0.5847748871850611
ergo_ground_truth,estimated,1746,145.41666666666663,0.5848516573800867
ergo_ground_truth,estimated,1747,145.5,0.584908585493527
ergo_ground_truth,estimated,1748,145.58333333333337,0.5849224111996446
ergo_ground_truth,estimated,1749,145.66666666666663,0.5849149747259522
ergo_ground_truth,estimated,1750,145.75,0.5849006498469826
ergo_ground_truth,estimated,1751,145.83333333333337,0.5848254031222979
ergo_ground_truth,estimated,1752,145.91666666666663,0.5846876126554029
ergo_ground_truth,estimated,1753,146.0,0.5845221034685547
ergo_ground_truth,estimated,1754,146.08333333333337,0.5843764981416991
ergo_ground_truth,estimated,1755,146.16666666666663,0.5842716049990921
ergo_ground_truth,estimated,1756,146.25,0.5841851801289086
ergo_ground_truth,estimated,1757,146.33333333333337,0.5840897222091765
ergo_ground_truth,estimated,1758,146.41666666666663,0.5840175752643719
ergo_ground_truth,estimated,1759,146.5,0.5840241258976161
ergo_ground_truth,estimated,1760,146.58333333333337,0.5840825930216333
ergo_ground_truth,estimated,1761,146.66666666666663,0.5841257291257196
ergo_ground_truth,estimated,1762,146.75,0.5841793544885246
ergo_ground_truth,estimated,1763,146.83333333333337,0.5843123394980372
ergo_ground_truth,estimated,1764,146.91666666666663,0.5845019304683786
ergo_ground_truth,estimated,1765,147.0,0.5846980917223349
ergo_ground_truth,estimated,1766,147.08333333333337,0.5848666549163813
ergo_ground_truth,estimated,1767,147.16666666666663,0.5850005709976163
ergo_ground_truth,estimated,1768,147.25,0.585167826842738
ergo_ground_truth,estimated,1769,147.33333333333337,0.5853995938546992
ergo_ground_truth,estimated,1770,147.41666666666663,0.5856173348039767
ergo_ground_truth,estimated,1771,147.5,0.5857643183080189
ergo_ground_truth,estimated,1772,147.58333333333337,0.585946689639113
ergo_ground_truth,estimated,1773,147.66666666666663,0.5862091576141281
ergo_ground_truth,estimated,1774,147.75,0.5864818209859632
ergo_ground_truth,estimated,1775,147.83333333333337,0.5866976048066326
ergo_ground_truth,estimated,1776,147.91666666666663,0.586857314830218
ergo_ground_truth,estimated,1777,148.0,0.5869974299812012
ergo_ground_truth,estimated,1778,148.08333333333337,0.5871321393042825
ergo_ground_truth,estimated,1779,148.16666666666663,0.5872325619812377
ergo_ground_truth,estimated,1780,148.25,0.5872420675985611
ergo_ground_truth,estimated,1781,148.33333333333337,0.5871914155423549
ergo_ground_truth,estimated,1782,148.41666666666663,0.5872464737818259
ergo_ground_truth,estimated,1783,148.5,0.587380709117893
ergo_ground_truth,estimated,1784,148.58333333333337,0.5875220303996291
ergo_ground_truth,estimated,1785,148.66666666666663,0.5876240754591375
ergo_ground_truth,estimated,1786,148.75,0.5876448917526599
ergo_ground_truth,estimated,1787,148.83333333333337,0.5875828937826659
ergo_ground_truth,estimated,1788,148.91666666666663,0.5876387775554116
ergo_ground_truth,estimated,1789,149.0,0.5877999374212084
ergo_ground_truth,estimated,1790,149.08333333333337,0.5879650109855258
ergo_ground_truth,estimated,1791,149.16666666666663,0.5880721598440236
ergo_ground_truth,estimated,1792,149.25,0.5881550919109766
ergo_ground_truth,estimated,1793,149.33333333333337,0.5882651444183833
ergo_ground_truth,estimated,1794,149.41666666666663,0.5883905244697697
ergo_ground_truth,estimated,1795,149.5,0.5884852492189265
ergo_ground_truth,estimated,1796,149.58333333333337,0.5885443241047119
ergo_ground_truth,estimated,1797,149.66666666666663,0.5886180515532797
ergo_ground_truth,estimated,1798,149.75,0.5887242730082889
ergo_ground_truth,estimated,1799,149.83333333333337,0.5888178253681482
ergo_ground_truth,estimated,1800,149.91666666666663,0.5888577174197747
ergo_ground_truth,estimated,1801,150.0,0.588898322906486
ergo_ground_truth,estimated,1802,150.08333333333337,0.5889983992760398
ergo_ground_truth,estimated,1803,150.16666666666663,0.5891130892574726
ergo_ground_truth,estimated,1804,150.25,0.5891492048645035
ergo_ground_truth,estimated,1805,150.33333333333337,0.5891450134414016
ergo_ground_truth,estimated,1806,150.41666666666663,0.5892423050318666
ergo_ground_truth,estimated,1807,150.5,0.5893933858032626
ergo_ground_truth,estimated,1808,150.58333333333337,0.5894965685325582
ergo_ground_truth,estimated,1809,150.66666666666663,0.5895311507705348
ergo_ground_truth,estimated,1810,150.75,0.5896039656681167
ergo_ground_truth,estimated,1811,150.83333333333337,0.5897309323608942
ergo_ground_truth,estimated,1812,150.91666666666663,0.5898473135780687
ergo_ground_truth,estimated,1813,151.0,0.5899132510048833
ergo_ground_truth,estimated,1814,151.08333333333337,0.5899679106710436
ergo_ground_truth,estimated,1815,151.16666666666663,0.5900500715204376
ergo_ground_truth,estimated,1816,151.25,0.5901400825010128
ergo_ground_truth,estimated,1817,151.33333333333337,0.5902006403729481
ergo_ground_truth,estimated,1818,151.41666666666663,0.5902339403532765
ergo_ground_truth,estimated,1819,151.5,0.5902737524752862
ergo_ground_truth,estimated,1820,151.58333333333337,0.5903281443045285
ergo_ground_truth,estimated,1821,151.66666666666663,0.5903660699820544
ergo_ground_truth,estimated,1822,151.75,0.5903673618963858
ergo_ground_truth,estimated,1823,151.83333333333337,0.590363839837801
ergo_ground_truth,estimated,1824,151.91666666666663,0.5903865035136531
ergo_ground_truth,estimated,1825,152.0,0.5904090569468807
ergo_ground_truth,estimated,1826,152.08333333333337,0.5903863635074815
ergo_ground_truth,estimated,1827,152.16666666666663,0.5903403865630173
ergo_ground_truth,estimated,1828,152.25,0.5903312091842854
ergo_ground_truth,estimated,1829,152.33333333333337,0.5903445008756045
ergo_ground_truth,estimated,1830,152.41666666666663,0.590316901510241
ergo_ground_truth,estimated,1831,152.5,0.5902318420762613
ergo_ground_truth,estimated,1832,152.58333333333337,0.5901792137594386
ergo_ground_truth,estimated,1833,152.66666666666663,0.5901625914375808
ergo_ground_truth,estimated,1834,152.75,0.5901100877585397
ergo_ground_truth,estimated,1835,152.83333333333337,0.589964789299412
ergo_ground_truth,estimated,1836,152.91666666666663,0.5898522870660737
ergo_ground_truth,estimated,1837,153.0,0.5898138223643714
ergo_ground_truth,estimated,1838,153.08333333333337,0.5897247704776994
ergo_ground_truth,estimated,1839,153.16666666666663,0.5896286076847337
ergo_ground_truth,estimated,1840,153.25,0.5895413140017076
ergo_ground_truth,estimated,1841,153.33333333333337,0.5894553177368588
ergo_ground_truth,estimated,1842,153.41666666666663,0.589396501995589
ergo_ground_truth,estimated,1843,153.5,0.589391578392815
ergo_ground_truth,estimated,1844,153.58333333333337,0.5894209209350483
ergo_ground_truth,estimated,1845,153.66666666666663,0.58944898927445
ergo_ground_truth,estimated,1846,153.75,0.5894851425178521
ergo_ground_truth,estimated,1847,153.83333333333337,0.5895654710737523
ergo_ground_truth,estimated,1848,153.91666666666663,0.5896838558728189
ergo_ground_truth,estimated,1849,154.0,0.589797500343913
ergo_ground_truth,estimated,1850,154.08333333333337,0.5898983211936302
ergo_ground_truth,estimated,1851,154.16666666666663,0.590026915858869
ergo_ground_truth,estimated,1852,154.25,0.5901979658636535
ergo_ground_truth,estimated,1853,154.33333333333337,0.59037352201443
ergo_ground_truth,estimated,1854,154.41666666666663,0.5905285074413177
ergo_ground_truth,estimated,1855,154.5,0.5906986832908508
ergo_ground_truth,estimated,1856,154.58333333333337,0.5909199602663555
ergo_ground_truth,estimated,1857,154.66666666666663,0.5911672051463751
ergo_ground_truth,estimated,1858,154.75,0.5913982690407426
ergo_ground_truth,estimated,1859,154.83333333333337,0.5916309311649546
ergo_ground_truth,estimated,1860,154.91666666666663,0.5919150157738227
ergo_ground_truth,estimated,1861,155.0,0.5922436212799158
ergo_ground_truth,estimated,1862,155.08333333333337,0.5925620156254483
ergo_ground_truth,estimated,1863,155.16666666666663,0.5928567812404493
ergo_ground_truth,estimated,1864,155.25,0.5931716580081331
ergo_ground_truth,estimated,1865,155.33333333333337,0.5935132209159333
ergo_ground_truth,estimated,1866,155.41666666666663,0.5938273978964361
ergo_ground_truth,estimated,1867,155.5,0.5940867281548372
ergo_ground_truth,estimated,1868,155.58333333333337,0.594344088326991
ergo_ground_truth,estimated,1869,155.66666666666663,0.5946435328492601
ergo_ground_truth,estimated,1870,155.75,0.5949427810741738
ergo_ground_truth,estimated,1871,155.83333333333337,0.595171524240023
ergo_ground_truth,estimated,1872,155.91666666666663,0.5953585864960538
ergo_ground_truth,estimated,1873,156.0,0.595615356669597
ergo_ground_truth,estimated,1874,156.08333333333337,0.5959229112064817
ergo_ground_truth,estimated,1875,156.16666666666663,0.5961610183595515
ergo_ground_truth,estimated,1876,156.25,0.5963033727140572
ergo_ground_truth,estimated,1877,156.33333333333337,0.5965392336590913
ergo_ground_truth,estimated,1878,156.41666666666663,0.5968747434175192
ergo_ground_truth,estimated,1879,156.5,0.597210272541688
ergo_ground_truth,estimated,1880,156.58333333333337,0.5974798488300268
ergo_ground_truth,estimated,1881,156.66666666666663,0.5976607871731436
ergo_ground_truth,estimated,1882,156.75,0.5977785530972021
ergo_ground_truth,estimated,1883,156.83333333333337,0.5979380173021448
ergo_ground_truth,estimated,1884,156.91666666666663,0.598160536361306
ergo_ground_truth,estimated,1885,157.0,0.5983911841422963
ergo_ground_truth,estimated,1886,157.08333333333337,0.598585574976715
ergo_ground_truth,estimated,1887,157.16666666666663,0.5986949684821619
ergo_ground_truth,estimated,1888,157.25,0.598670734622017
ergo_ground_truth,estimated,1889,157.33333333333337,0.5987118300213178
ergo_ground_truth,estimated,1890,157.41666666666663,0.5988763164706233
ergo_ground_truth,estimated,1891,157.5,0.5990553793762364
ergo_ground_truth,estimated,1892,157.58333333333337,0.599163530565593
ergo_ground_truth,estimated,1893,157.66666666666663,0.5992264055296761
ergo_ground_truth,estimated,1894,157.75,0.5993066552771186
ergo_ground_truth,estimated,1895,157.83333333333337,0.5994025640494297
ergo_ground_truth,estimated,1896,157.91666666666663,0.599470052902371
ergo_ground_truth,estimated,1897,158.0,0.5994924223019736
ergo_ground_truth,estimated,1898,158.08333333333337,0.5995048378113469
ergo_ground_truth,estimated,1899,158.16666666666663,0.5995352831553048
ergo_ground_truth,estimated,1900,158.25,0.5995606602816644
ergo_ground_truth,estimated,1901,158.33333333333337,0.5995489303731154
ergo_ground_truth,estimated,1902,158.41666666666663,0.5995177555535813
ergo_ground_truth,estimated,1903,158.5,0.59950471245868
ergo_ground_truth,estimated,1904,158.58333333333337,0.5995010471275348
ergo_ground_truth,estimated,1905,158.66666666666663,0.5994688500132853
ergo_ground_truth,estimated,1906,158.75,0.5994077337999316
ergo_ground_truth,estimated,1907,158.83333333333337,0.5993554880459758
ergo_ground_truth,estimated,1908,158.91666666666663,0.5993201187720455
ergo_ground_truth,estimated,1909,159.0,0.5992685038455415
ergo_ground_truth,estimated,1910,159.08333333333337,0.5991843899648389
ergo_ground_truth,estimated,1911,159.16666666666663,0.599096781019688
ergo_ground_truth,estimated,1912,159.25,0.5990278499436554
ergo_ground_truth,estimated,1913,159.33333333333337,0.5989561602664396
ergo_ground_truth,estimated,1914,159.41666666666663,0.5988555610330327
ergo_ground_truth,estimated,1915,159.5,0.5987423664136702
ergo_ground_truth,estimated,1916,159.58333333333337,0.5986475555122525
ergo_ground_truth,estimated,1917,159.66666666666663,0.5985638422369507
ergo_ground_truth,estimated,1918,159.75,0.5984606708731186
ergo_ground_truth,estimated,1919,159.83333333333337,0.5983393267644841
ergo_ground_truth,estimated,1920,159.91666666666663,0.598232613276171
ergo_ground_truth,estimated,1921,160.0,0.5981469309870122
ergo_ground_truth,estimated,1922,160.08333333333337,0.5980515289677883
ergo_ground_truth,estimated,1923,160.16666666666663,0.5979302629778364
ergo_ground_truth,estimated,1924,160.25,0.5978079504844536
ergo_ground_truth,estimated,1925,160.33333333333337,0.5977033903148986
ergo_ground_truth,estimated,1926,160.41666666666663,0.5975981571675164
ergo_ground_truth,estimated,1927,160.5,0.5974743747312946
ergo_ground_truth,estimated,1928,160.58333333333337,0.5973559335443231
ergo_ground_truth,estimated,1929,160.66666666666663,0.597276863807114
ergo_ground_truth,estimated,1930,160.75,0.5972304686793112
ergo_ground_truth,estimated,1931,160.83333333333337,0.5971865849999229
ergo_ground_truth,estimated,1932,160.91666666666663,0.5971476178507028
ergo_ground_truth,estimated,1933,161.0,0.5971448377011064
ergo_ground_truth,estimated,1934,161.08333333333337,0.5971732407058725
ergo_ground_truth,estimated,1935,161.16666666666663,0.5971741224753202
ergo_ground_truth,estimated,1936,161.25,0.5970847704803414
ergo_ground_truth,estimated,1937,161.33333333333337,0.5969336749931491
ergo_ground_truth,estimated,1938,161.41666666666663,0.5968557585835713
ergo_ground_truth,estimated,1939,161.5,0.5968441137143382
ergo_ground_truth,estimated,1940,161.58333333333337,0.5968417511366757
ergo_ground_truth,estimated,1941,161.66666666666663,0.5968071225924247
ergo_ground_truth,estimated,1942,161.75,0.5967056538533742
ergo_ground_truth,estimated,1943,161.83333333333337,0.5965304841766107
ergo_ground_truth,estimated,1944,161.91666666666663,0.5964241480100992
ergo_ground_truth,estimated,1945,162.0,0.5963880347259543
ergo_ground_truth,estimated,1946,162.08333333333337,0.5963645149758262
ergo_ground_truth,estimated,1947,162.16666666666663,0.5963155673344821
ergo_ground_truth,estimated,1948,162.25,0.5962303706072783
ergo_ground_truth,estimated,1949,162.33333333333337,0.5961218796405727
ergo_ground_truth,estimated,1950,162.41666666666663,0.5960274748985966
ergo_ground_truth,estimated,1951,162.5,0.5959439484792324
ergo_ground_truth,estimated,1952,162.58333333333337,0.5958280051066023
ergo_ground_truth,estimated,1953,162.66666666666663,0.5956895872093698
ergo_ground_truth,estimated,1954,162.75,0.5955908803317942
ergo_ground_truth,estimated,1955,162.83333333333337,0.5955309758968035
ergo_ground_truth,estimated,1956,162.91666666666663,0.5954740119229756
ergo_ground_truth,estimated,1957,163.0,0.5953908256314779
ergo_ground_truth,estimated,1958,163.08333333333337,0.5952750358577042
ergo_ground_truth,estimated,1959,163.16666666666663,0.595158918304056
ergo_ground_truth,estimated,1960,163.25,0.5950708383900676
ergo_ground_truth,estimated,1961,163.33333333333337,0.5949795243689282
ergo_ground_truth,estimated,1962,163.41666666666663,0.594830037741742
ergo_ground_truth,estimated,1963,163.5,0.5946846599324469
ergo_ground_truth,estimated,1964,163.58333333333337,0.5946133189976136
ergo_ground_truth,estimated,1965,163.66666666666663,0.5945801580101366
ergo_ground_truth,estimated,1966,163.75,0.5945346395493649
ergo_ground_truth,estimated,1967,163.83333333333337,0.5944846777478618
ergo_ground_truth,estimated,1968,163.91666666666663,0.5944743730292359
ergo_ground_truth,estimated,1969,164.0,0.594444502626305
ergo_ground_truth,estimated,1970,164.08333333333337,0.594241486064651
ergo_ground_truth,estimated,1971,164.16666666666663,0.5939438475720856
ergo_ground_truth,estimated,1972,164.25,0.5936331822220646
ergo_ground_truth,estimated,1973,164.33333333333337,0.5933350481947706
ergo_ground_truth,estimated,1974,164.41666666666663,0.5930276225784641
ergo_ground_truth,estimated,1975,164.5,0.5927037897603789
ergo_ground_truth,estimated,1976,164.58333333333337,0.592450030610719
ergo_ground_truth,estimated,1977,164.66666666666663,0.5922778578365385
ergo_ground_truth,estimated,1978,164.75,0.5921384743275823
ergo_ground_truth,estimated,1979,164.83333333333337,0.5919936642777093
ergo_ground_truth,estimated,1980,164.91666666666663,0.5918454047831144
ergo_ground_truth,estimated,1981,165.0,0.5917082031954233
ergo_ground_truth,estimated,1982,165.08333333333337,0.5915834291977107
ergo_ground_truth,estimated,1983,165.16666666666663,0.5914464740896251
ergo_ground_truth,estimated,1984,165.25,0.5912569271384253
ergo_ground_truth,estimated,1985,165.33333333333337,0.5910495006122383
ergo_ground_truth,estimated,1986,165.41666666666663,0.5908855672285548
ergo_ground_truth,estimated,1987,165.5,0.5907356996882396
ergo_ground_truth,estimated,1988,165.58333333333337,0.5905580435661857
ergo_ground_truth,estimated,1989,165.66666666666663,0.5903396815350849
ergo_ground_truth,estimated,1990,165.75,0.5900932328296391
ergo_ground_truth,estimated,1991,165.83333333333337,0.5898465404465398
ergo_ground_truth,estimated,1992,165.91666666666663,0.5896059696643217
ergo_ground_truth,estimated,1993,166.0,0.5893404926923678
ergo_ground_truth,estimated,1994,166.08333333333337,0.5890345791807473
ergo_ground_truth,estimated,1995,166.16666666666663,0.588771442215335
ergo_ground_truth,estimated,1996,166.25,0.5885690083652039
ergo_ground_truth,estimated,1997,166.33333333333337,0.5883713929695237
ergo_ground_truth,estimated,1998,166.41666666666663,0.588124725254072
ergo_ground_truth,estimated,1999,166.5,0.5879056692027046
ergo_ground_truth,estimated,2000,166.58333333333337,0.5877718377902349
ergo_ground_truth,estimated,2001,166.66666666666663,0.5876795693970992
ergo_ground_truth,estimated,2002,166.75,0.5875697081023111
ergo_ground_truth,estimated,2003,166.83333333333337,0.5874669124880635
ergo_ground_truth,estimated,2004,166.91666666666663,0.5874531677885803
ergo_ground_truth,estimated,2005,167.0,0.5875317759833676
ergo_ground_truth,estimated,2006,167.08333333333337,0.5876455399501217
ergo_ground_truth,estimated,2007,167.16666666666663,0.5877662449637928
ergo_ground_truth,estimated,2008,167.25,0.587931256481255
ergo_ground_truth,estimated,2009,167.33333333333337,0.5881451347443091
ergo_ground_truth,estimated,2010,167.41666666666663,0.5883478139672172
ergo_ground_truth,estimated,2011,167.5,0.5884864477880154
ergo_ground_truth,estimated,2012,167.58333333333337,0.5885674601990648
ergo_ground_truth,estimated,2013,167.66666666666663,0.5886193706632507
ergo_ground_truth,estimated,2014,167.75,0.5886425264012078
ergo_ground_truth,estimated,2015,167.83333333333337,0.5886042015789995
ergo_ground_truth,estimated,2016,167.91666666666663,0.5883240557057258
ergo_ground_truth,estimated,2017,168.0,0.5879511913364933
ergo_ground_truth,estimated,2018,168.08333333333337,0.5875612811558832
ergo_ground_truth,estimated,2019,168.16666666666663,0.5871884560009503
ergo_ground_truth,estimated,2020,168.25,0.5868598883877304
ergo_ground_truth,estimated,2021,168.33333333333337,0.586584793028827
ergo_ground_truth,estimated,2022,168.41666666666663,0.5863481209628569
ergo_ground_truth,estimated,2023,168.5,0.5861225595558478
ergo_ground_truth,estimated,2024,168.58333333333337,0.5858959442398518
ergo_ground_truth,estimated,2025,168.66666666666663,0.5856744418397881
ergo_ground_truth,estimated,2026,168.75,0.5854587158630771
ergo_ground_truth,estimated,2027,168.83333333333337,0.5852376080699888
ergo_ground_truth,estimated,2028,168.91666666666663,0.5850082058200521
ergo_ground_truth,estimated,2029,169.0,0.5847931805625907
ergo_ground_truth,estimated,2030,169.08333333333337,0.5846098119259252
ergo_ground_truth,estimated,2031,169.16666666666663,0.5844421470833644
ergo_ground_truth,estimated,2032,169.25,0.5842561069906702
ergo_ground_truth,estimated,2033,169.33333333333337,0.5840700416454849
ergo_ground_truth,estimated,2034,169.41666666666663,0.583925468645365
ergo_ground_truth,estimated,2035,169.5,0.583805300599459
ergo_ground_truth,estimated,2036,169.58333333333337,0.5836668600332073
ergo_ground_truth,estimated,2037,169.66666666666663,0.5835131655323095
ergo_ground_truth,estimated,2038,169.75,0.5833906981898201
ergo_ground_truth,estimated,2039,169.83333333333337,0.5832977906102697
ergo_ground_truth,estimated,2040,169.91666666666663,0.5832085409028555
ergo_ground_truth,estimated,2041,170.0,0.5831109201018897
ergo_ground_truth,estimated,2042,170.08333333333337,0.5830158261308155
ergo_ground_truth,estimated,2043,170.16666666666663,0.5829411600992549
ergo_ground_truth,estimated,2044,170.25,0.5828896912977163
ergo_ground_truth,estimated,2045,170.33333333333337,0.5828322013564586
ergo_ground_truth,estimated,2046,170.41666666666663,0.5827271585575082
ergo_ground_truth,estimated,2047,170.5,0.5826493438337087
ergo_ground_truth,estimated,2048,170.58333333333337,0.5826246870256915
ergo_ground_truth,estimated,2049,170.66666666666663,0.5826130966874791
ergo_ground_truth,estimated,2050,170.75,0.5825812133558952
ergo_ground_truth,estimated,2051,170.83333333333337,0.5825082285284865
ergo_ground_truth,estimated,2052,170.91666666666663,0.5823778693461593
ergo_ground_truth,estimated,2053,171.0,0.5822596514555453
ergo_ground_truth,estimated,2054,171.08333333333337,0.5822050213596315
ergo_ground_truth,estimated,2055,171.16666666666663,0.5821850080961652
ergo_ground_truth,estimated,2056,171.25,0.5821555150063265
ergo_ground_truth,estimated,2057,171.33333333333337,0.5820832642237738
ergo_ground_truth,estimated,2058,171.41666666666663,0.5819688108493075
ergo_ground_truth,estimated,2059,171.5,0.581862926638002
ergo_ground_truth,estimated,2060,171.58333333333337,0.5817889775404194
ergo_ground_truth,estimated,2061,171.66666666666663,0.5817094794542418
ergo_ground_truth,estimated,2062,171.75,0.5816048560261952
ergo_ground_truth,estimated,2063,171.83333333333337,0.5815477604385436
ergo_ground_truth,estimated,2064,171.91666666666663,0.5814449003071676
ergo_ground_truth,estimated,2065,172.0,0.5811462925867119
ergo_ground_truth,estimated,2066,172.08333333333337,0.5807596593665625
ergo_ground_truth,estimated,2067,172.16666666666663,0.5803852960865846
ergo_ground_truth,estimated,2068,172.25,0.580088946301398
ergo_ground_truth,estimated,2069,172.33333333333337,0.5798989233163927
ergo_ground_truth,estimated,2070,172.41666666666663,0.5798025215658296
ergo_ground_truth,estimated,2071,172.5,0.5797908773880334
ergo_ground_truth,estimated,2072,172.58333333333337,0.5798575063982434
ergo_ground_truth,estimated,2073,172.66666666666663,0.5799682212186208
ergo_ground_truth,estimated,2074,172.75,0.5800986084230186
ergo_ground_truth,estimated,2075,172.83333333333337,0.5802328176230199
ergo_ground_truth,estimated,2076,172.91666666666663,0.5803518279726556
ergo_ground_truth,estimated,2077,173.0,0.5804949530432711
ergo_ground_truth,estimated,2078,173.08333333333337,0.5807026278738109
ergo_ground_truth,estimated,2079,173.16666666666663,0.5809454561122552
ergo_ground_truth,estimated,2080,173.25,0.5811960090159403
ergo_ground_truth,estimated,2081,173.33333333333337,0.5814438942673679
ergo_ground_truth,estimated,2082,173.41666666666663,0.58166363444922
ergo_ground_truth,estimated,2083,173.5,0.5818753618737194
ergo_ground_truth,estimated,2084,173.58333333333337,0.5821271652254753
ergo_ground_truth,estimated,2085,173.66666666666663,0.5824009686597841
ergo_ground_truth,estimated,2086,173.75,0.5826627470252171
ergo_ground_truth,estimated,2087,173.83333333333337,0.5828833923211143
ergo_ground_truth,estimated,2088,173.91666666666663,0.5830138707285585
ergo_ground_truth,estimated,2089,174.0,0.5830908848588694
ergo_ground_truth,estimated,2090,174.08333333333337,0.5832556057519939
ergo_ground_truth,estimated,2091,174.16666666666663,0.5834894298627665
ergo_ground_truth,estimated,2092,174.25,0.583715865120872
ergo_ground_truth,estimated,2093,174.33333333333337,0.58388773234392
ergo_ground_truth,estimated,2094,174.41666666666663,0.584006755669284
ergo_ground_truth,estimated,2095,174.5,0.5841225448415205
ergo_ground_truth,estimated,2096,174.58333333333337,0.5842727774064093
ergo_ground_truth,estimated,2097,174.66666666666663,0.5844123764487942
ergo_ground_truth,estimated,2098,174.75,0.5844510806735369
ergo_ground_truth,estimated,2099,174.83333333333337,0.5845068681961598
ergo_ground_truth,estimated,2100,174.91666666666663,0.5847010340866847
ergo_ground_truth,estimated,2101,175.0,0.5849451869891247
ergo_ground_truth,estimated,2102,175.08333333333337,0.5851214864549512
ergo_ground_truth,estimated,2103,175.16666666666663,0.5852382730163541
ergo_ground_truth,estimated,2104,175.25,0.5854164635564306
ergo_ground_truth,estimated,2105,175.33333333333337,0.5856540943983191
ergo_ground_truth,estimated,2106,175.41666666666663,0.5858625153670365
ergo_ground_truth,estimated,2107,175.5,0.5859983820614697
ergo_ground_truth,estimated,2108,175.58333333333337,0.5861448786106863
ergo_ground_truth,estimated,2109,175.66666666666663,0.5863535784180648
ergo_ground_truth,estimated,2110,175.75,0.5865641670599315
ergo_ground_truth,estimated,2111,175.83333333333337,0.5867027187810859
ergo_ground_truth,estimated,2112,175.91666666666663,0.586814144109508
ergo_ground_truth,estimated,2113,176.0,0.5869876433516702
ergo_ground_truth,estimated,2114,176.08333333333337,0.5871909067389307
ergo_ground_truth,estimated,2115,176.16666666666663,0.5873303474179352
ergo_ground_truth,estimated,2116,176.25,0.5873990784979798
ergo_ground_truth,estimated,2117,176.33333333333337,0.5875222007771649
ergo_ground_truth,estimated,2118,176.41666666666663,0.5877047316724267
ergo_ground_truth,estimated,2119,176.5,0.5878463700193527
ergo_ground_truth,estimated,2120,176.58333333333337,0.5878733761155258
ergo_ground_truth,estimated,2121,176.66666666666663,0.5879346680649004
ergo_ground_truth,estimated,2122,176.75,0.5880876849774992
ergo_ground_truth,estimated,2123,176.83333333333337,0.5882368091648931
ergo_ground_truth,estimated,2124,176.91666666666663,0.588267597504092
ergo_ground_truth,estimated,2125,177.0,0.5882693077026415
ergo_ground_truth,estimated,2126,177.08333333333337,0.5883678518041895
ergo_ground_truth,estimated,2127,177.16666666666663,0.5884958264219593
ergo_ground_truth,estimated,2128,177.25,0.5885460583339603
ergo_ground_truth,estimated,2129,177.33333333333337,0.5885149525767855
ergo_ground_truth,estimated,2130,177.41666666666663,0.588535697186924
ergo_ground_truth,estimated,2131,177.5,0.5886019447500044
ergo_ground_truth,estimated,2132,177.58333333333337,0.5886310326439412
ergo_ground_truth,estimated,2133,177.66666666666663,0.5885800474070035
ergo_ground_truth,estimated,2134,177.75,0.5885331923176143
ergo_ground_truth,estimated,2135,177.83333333333337,0.5885318165036734
ergo_ground_truth,estimated,2136,177.91666666666663,0.5885250439373494
ergo_ground_truth,estimated,2137,178.0,0.5884591858240783
ergo_ground_truth,estimated,2138,178.08333333333337,0.5883722082310785
ergo_ground_truth,estimated,2139,178.16666666666663,0.5883269360364805
ergo_ground_truth,estimated,2140,178.25,0.5883020776874114
ergo_ground_truth,estimated,2141,178.33333333333337,0.5882449055756583
ergo_ground_truth,estimated,2142,178.41666666666663,0.5881637332140125
ergo_ground_truth,estimated,2143,178.5,0.588128120203482
ergo_ground_truth,estimated,2144,178.58333333333337,0.588134849462612
ergo_ground_truth,estimated,2145,178.66666666666663,0.5881218753884019
ergo_ground_truth,estimated,2146,178.75,0.588072480225539
ergo_ground_truth,estimated,2147,178.83333333333337,0.5880564310773345
ergo_ground_truth,estimated,2148,178.91666666666663,0.5880687960452594
ergo_ground_truth,estimated,2149,179.0,0.5880687938487004
ergo_ground_truth,estimated,2150,179.08333333333337,0.5880566833621127
ergo_ground_truth,estimated,2151,179.16666666666663,0.5880709313201974
ergo_ground_truth,estimated,2152,179.25,0.588134999593903
ergo_ground_truth,estimated,2153,179.33333333333337,0.5882241753446081
ergo_ground_truth,estimated,2154,179.41666666666663,0.5883025696099706
ergo_ground_truth,estimated,2155,179.5,0.5883800610908714
ergo_ground_truth,estimated,2156,179.58333333333337,0.5884975066455339
ergo_ground_truth,estimated,2157,179.66666666666663,0.5886497135860891
ergo_ground_truth,estimated,2158,179.75,0.5887741955035304
ergo_ground_truth,estimated,2159,179.83333333333337,0.5888423690178252
ergo_ground_truth,estimated,2160,179.91666666666663,0.588957340934186
ergo_ground_truth,estimated,2161,180.0,0.589159754532196
ergo_ground_truth,estimated,2162,180.08333333333337,0.5893558548981529
ergo_ground_truth,estimated,2163,180.16666666666663,0.589439602700386
ergo_ground_truth,estimated,2164,180.25,0.5895554055833229
ergo_ground_truth,estimated,2165,180.33333333333337,0.5898059276531629
ergo_ground_truth,estimated,2166,180.41666666666663,0.5900998061027374
ergo_ground_truth,estimated,2167,180.5,0.5903394301536405
ergo_ground_truth,estimated,2168,180.58333333333337,0.5905366599693687
ergo_ground_truth,estimated,2169,180.66666666666663,0.590754528070282
ergo_ground_truth,estimated,2170,180.75,0.5909948585214833
ergo_ground_truth,estimated,2171,180.83333333333337,0.5912130683760127
ergo_ground_truth,estimated,2172,180.91666666666663,0.5913774416608473
ergo_ground_truth,estimated,2173,181.0,0.5915162095598757
ergo_ground_truth,estimated,2174,181.08333333333337,0.591689919036771
ergo_ground_truth,estimated,2175,181.16666666666663,0.5918877106201543
ergo_ground_truth,estimated,2176,181.25,0.5920267519525367
ergo_ground_truth,estimated,2177,181.33333333333337,0.5920911122745709
ergo_ground_truth,estimated,2178,181.41666666666663,0.5922491876972629
ergo_ground_truth,estimated,2179,181.5,0.5925010174922654
ergo_ground_truth,estimated,2180,181.58333333333337,0.5927174141275408
ergo_ground_truth,estimated,2181,181.66666666666663,0.5927964395817706
ergo_ground_truth,estimated,2182,181.75,0.5929344606049539
ergo_ground_truth,estimated,2183,181.83333333333337,0.5931989293570723
ergo_ground_truth,estimated,2184,181.91666666666663,0.5934684782508902
ergo_ground_truth,estimated,2185,182.0,0.5936330583709705
ergo_ground_truth,estimated,2186,182.08333333333337,0.5937806857818454
ergo_ground_truth,estimated,2187,182.16666666666663,0.5940178617884303
ergo_ground_truth,estimated,2188,182.25,0.5942963592270014
ergo_ground_truth,estimated,2189,182.33333333333337,0.5945422979312519
ergo_ground_truth,estimated,2190,182.41666666666663,0.5947045428702055
ergo_ground_truth,estimated,2191,182.5,0.594741790655441
ergo_ground_truth,estimated,2192,182.58333333333337,0.5948120459452709
ergo_ground_truth,estimated,2193,182.66666666666663,0.5950241717861958
ergo_ground_truth,estimated,2194,182.75,0.5952969449077183
ergo_ground_truth,estimated,2195,182.83333333333337,0.5955406059721773
ergo_ground_truth,estimated,2196,182.91666666666663,0.5957133011196551
ergo_ground_truth,estimated,2197,183.0,0.5958255336886005
ergo_ground_truth,estimated,2198,183.08333333333337,0.5959523571682434
ergo_ground_truth,estimated,2199,183.16666666666663,0.5961258386576058
ergo_ground_truth,estimated,2200,183.25,0.5962694432613195
ergo_ground_truth,estimated,2201,183.33333333333337,0.596309782510974
ergo_ground_truth,estimated,2202,183.41666666666663,0.5964024091367938
ergo_ground_truth,estimated,2203,183.5,0.5966121166609515
ergo_ground_truth,estimated,2204,183.58333333333337,0.5968471091101871
ergo_ground_truth,estimated,2205,183.66666666666663,0.5970227872381254
ergo_ground_truth,estimated,2206,183.75,0.5971507408522352
ergo_ground_truth,estimated,2207,183.83333333333337,0.597287800960716
ergo_ground_truth,estimated,2208,183.91666666666663,0.597441741403075
ergo_ground_truth,estimated,2209,184.0,0.5975726154735506
ergo_ground_truth,estimated,2210,184.08333333333337,0.5976551379928612
ergo_ground_truth,estimated,2211,184.16666666666663,0.5977194571212657
ergo_ground_truth,estimated,2212,184.25,0.5978017468618412
ergo_ground_truth,estimated,2213,184.33333333333337,0.5978830352589074
ergo_ground_truth,estimated,2214,184.41666666666663,0.597920963749226
ergo_ground_truth,estimated,2215,184.5,0.5979307512970476
ergo_ground_truth,estimated,2216,184.58333333333337,0.597968804011283
ergo_ground_truth,estimated,2217,184.66666666666663,0.5980292780566676
ergo_ground_truth,estimated,2218,184.75,0.5980538895394322
ergo_ground_truth,estimated,2219,184.83333333333337,0.5980299899490398
ergo_ground_truth,estimated,2220,184.91666666666663,0.5980263555279488
ergo_ground_truth,estimated,2221,185.0,0.5980612604599762
ergo_ground_truth,estimated,2222,185.08333333333337,0.5980768409851996
ergo_ground_truth,estimated,2223,185.16666666666663,0.5980318774795174
ergo_ground_truth,estimated,2224,185.25,0.5979846504359072
ergo_ground_truth,estimated,2225,185.33333333333337,0.5979814627926013
ergo_ground_truth,estimated,2226,185.41666666666663,0.597979434632904
ergo_ground_truth,estimated,2227,185.5,0.5979206478246931
ergo_ground_truth,estimated,2228,185.58333333333337,0.5978332744291617
ergo_ground_truth,estimated,2229,185.66666666666663,0.5977828052611861
ergo_ground_truth,estimated,2230,185.75,0.5977513175626278
ergo_ground_truth,estimated,2231,185.83333333333337,0.5976784168788386
ergo_ground_truth,estimated,2232,185.91666666666663,0.5975591176314954
ergo_ground_truth,estimated,2233,186.0,0.5974609861331796
ergo_ground_truth,estimated,2234,186.08333333333337,0.5973947575378841
ergo_ground_truth,estimated,2235,186.16666666666663,0.597307179729255
ergo_ground_truth,estimated,2236,186.25,0.5971654912300034
ergo_ground_truth,estimated,2237,186.33333333333337,0.5970282333451159
ergo_ground_truth,estimated,2238,186.41666666666663,0.5969362623811879
ergo_ground_truth,estimated,2239,186.5,0.5968468094450199
ergo_ground_truth,estimated,2240,186.58333333333337,0.5967001646825258
ergo_ground_truth,estimated,2241,186.66666666666663,0.5965362263703848
ergo_ground_truth,estimated,2242,186.75,0.5964391861108557
ergo_ground_truth,estimated,2243,186.83333333333337,0.5963790227851616
ergo_ground_truth,estimated,2244,186.91666666666663,0.5962706183591495
ergo_ground_truth,estimated,2245,187.0,0.5960955406018501
ergo_ground_truth,estimated,2246,187.08333333333337,0.5960225835434706
ergo_ground_truth,estimated,2247,187.16666666666663,0.5960344149084756
ergo_ground_truth,estimated,2248,187.25,0.5960419271936589
ergo_ground_truth,estimated,2249,187.33333333333337,0.5960001748528361
ergo_ground_truth,estimated,2250,187.41666666666663,0.5959785079047316
ergo_ground_truth,estimated,2251,187.5,0.5960116893989751
ergo_ground_truth,estimated,2252,187.58333333333337,0.5960266593874797
ergo_ground_truth,estimated,2253,187.66666666666663,0.5958935252881497
ergo_ground_truth,estimated,2254,187.75,0.5957126186333246
ergo_ground_truth,estimated,2255,187.83333333333337,0.5955751808098186
ergo_ground_truth,estimated,2256,187.91666666666663,0.5954787978683299
ergo_ground_truth,estimated,2257,188.0,0.5953624051785061
ergo_ground_truth,estimated,2258,188.08333333333337,0.5952252099533466
ergo_ground_truth,estimated,2259,188.16666666666663,0.5951476826629706
ergo_ground_truth,estimated,2260,188.25,0.5951247361268215
ergo_ground_truth,estimated,2261,188.33333333333337,0.5951058090223933
ergo_ground_truth,estimated,2262,188.41666666666663,0.5950543204443144
ergo_ground_truth,estimated,2263,188.5,0.5949676316984512
ergo_ground_truth,estimated,2264,188.58333333333337,0.5948803463654234
ergo_ground_truth,estimated,2265,188.66666666666663,0.5948179698639289
ergo_ground_truth,estimated,2266,188.75,0.5947419426234356
ergo_ground_truth,estimated,2267,188.83333333333337,0.5945969443785226
ergo_ground_truth,estimated,2268,188.91666666666663,0.5944775599277076
ergo_ground_truth,estimated,2269,189.0,0.5944505705337454
ergo_ground_truth,estimated,2270,189.08333333333337,0.5944623941806667
ergo_ground_truth,estimated,2271,189.16666666666663,0.5944514092637151
ergo_ground_truth,estimated,2272,189.25,0.594397361505051
ergo_ground_truth,estimated,2273,189.33333333333337,0.594315983097441
ergo_ground_truth,estimated,2274,189.41666666666663,0.5942436175587302
ergo_ground_truth,estimated,2275,189.5,0.5941844530227947
ergo_ground_truth,estimated,2276,189.58333333333337,0.5940884245427144
ergo_ground_truth,estimated,2277,189.66666666666663,0.5939438289320861
ergo_ground_truth,estimated,2278,189.75,0.5938626351609573
ergo_ground_truth,estimated,2279,189.83333333333337,0.5938579189946417
ergo_ground_truth,estimated,2280,189.91666666666663,0.5938713062264788
ergo_ground_truth,estimated,2281,190.0,0.5938525147828381
ergo_ground_truth,estimated,2282,190.08333333333337,0.5937782779879224
ergo_ground_truth,estimated,2283,190.16666666666663,0.5936734963432365
ergo_ground_truth,estimated,2284,190.25,0.5936100375591765
ergo_ground_truth,estimated,2285,190.33333333333337,0.5935914476386468
ergo_ground_truth,estimated,2286,190.41666666666663,0.5935692373211894
ergo_ground_truth,estimated,2287,190.5,0.5935370880456587
ergo_ground_truth,estimated,2288,190.58333333333337,0.5935257415459135
ergo_ground_truth,estimated,2289,190.66666666666663,0.5935445664286413
ergo_ground_truth,estimated,2290,190.75,0.5935892511081998
ergo_ground_truth,estimated,2291,190.83333333333337,0.5936301348395028
ergo_ground_truth,estimated,2292,190.91666666666663,0.5936042777870418
ergo_ground_truth,estimated,2293,191.0,0.5935516924789176
ergo_ground_truth,estimated,2294,191.08333333333337,0.5934689010271532
ergo_ground_truth,estimated,2295,191.16666666666663,0.5933624300011185
ergo_ground_truth,estimated,2296,191.25,0.5932378234514841
ergo_ground_truth,estimated,2297,191.33333333333337,0.5931021439482812
ergo_ground_truth,estimated,2298,191.41666666666663,0.5929862488389196
ergo_ground_truth,estimated,2299,191.5,0.5929049239353119
ergo_ground_truth,estimated,2300,191.58333333333337,0.5928358856054847
ergo_ground_truth,estimated,2301,191.66666666666663,0.5927558151519684
ergo_ground_truth,estimated,2302,191.75,0.5926786789465763
ergo_ground_truth,estimated,2303,191.83333333333337,0.5926284329609045
ergo_ground_truth,estimated,2304,191.91666666666663,0.592593389052647
ergo_ground_truth,estimated,2305,192.0,0.5925444253400263
ergo_ground_truth,estimated,2306,192.08333333333337,0.592487180123115
ergo_ground_truth,estimated,2307,192.16666666666663,0.5924557228888482
ergo_ground_truth,estimated,2308,192.25,0.5924542435391976
ergo_ground_truth,estimated,2309,192.33333333333337,0.5924508034256105
ergo_ground_truth,estimated,2310,192.41666666666663,0.5924332250804751
ergo_ground_truth,estimated,2311,192.5,0.5924322350124666
ergo_ground_truth,estimated,2312,192.58333333333337,0.592466090136285
ergo_ground_truth,estimated,2313,192.66666666666663,0.5925071173727512
ergo_ground_truth,estimated,2314,192.75,0.5925275449710841
ergo_ground_truth,estimated,2315,192.83333333333337,0.5925478442513049
ergo_ground_truth,estimated,2316,192.91666666666663,0.5925990752702253
ergo_ground_truth,estimated,2317,193.0,0.5926658268833256
ergo_ground_truth,estimated,2318,193.08333333333337,0.5927097864988993
ergo_ground_truth,estimated,2319,193.16666666666663,0.5927359342533595
ergo_ground_truth,estimated,2320,193.25,0.5927896512502285
ergo_ground_truth,estimated,2321,193.33333333333337,0.5928750621674052
ergo_ground_truth,estimated,2322,193.41666666666663,0.592937288768057
ergo_ground_truth,estimated,2323,193.5,0.5929379469725544
ergo_ground_truth,estimated,2324,193.58333333333337,0.5929612465169043
ergo_ground_truth,estimated,2325,193.66666666666663,0.5930665509968062
ergo_ground_truth,estimated,2326,193.75,0.5931815394796904
ergo_ground_truth,estimated,2327,193.83333333333337,0.5932123641475304
ergo_ground_truth,estimated,2328,193.91666666666663,0.5932346242658095
ergo_ground_truth,estimated,2329,194.0,0.5933543861818836
ergo_ground_truth,estimated,2330,194.08333333333337,0.5935196881080618
ergo_ground_truth,estimated,2331,194.16666666666663,0.5936497011863828
ergo_ground_truth,estimated,2332,194.25,0.5937344835480595
ergo_ground_truth,estimated,2333,194.33333333333337,0.5938232687672321
ergo_ground_truth,estimated,2334,194.41666666666663,0.5939364895414009
ergo_ground_truth,estimated,2335,194.5,0.5940439115286076
ergo_ground_truth,estimated,2336,194.58333333333337,0.5941103887193838
ergo_ground_truth,estimated,2337,194.66666666666663,0.594150952098066
ergo_ground_truth,estimated,2338,194.75,0.5942152236498355
ergo_ground_truth,estimated,2339,194.83333333333337,0.5943006341909377
ergo_ground_truth,estimated,2340,194.91666666666663,0.5943424186869298
ergo_ground_truth,estimated,2341,195.0,0.5943119676519925
ergo_ground_truth,estimated,2342,195.08333333333337,0.594327228670921
ergo_ground_truth,estimated,2343,195.16666666666663,0.5944191088931783
ergo_ground_truth,estimated,2344,195.25,0.594493804961145
ergo_ground_truth,estimated,2345,195.33333333333337,0.5944650720745026
ergo_ground_truth,estimated,2346,195.41666666666663,0.5944470956046631
ergo_ground_truth,estimated,2347,195.5,0.5945174004959798
ergo_ground_truth,estimated,2348,195.58333333333337,0.5946053392589362
ergo_ground_truth,estimated,2349,195.66666666666663,0.5946361830636935
ergo_ground_truth,estimated,2350,195.75,0.5946253923109703
ergo_ground_truth,estimated,2351,195.83333333333337,0.5946304355821975
ergo_ground_truth,estimated,2352,195.91666666666663,0.5946520892780015
ergo_ground_truth,estimated,2353,196.0,0.5946508400497401
ergo_ground_truth,estimated,2354,196.08333333333337,0.5946073990647125
ergo_ground_truth,estimated,2355,196.16666666666663,0.5945469117929437
ergo_ground_truth,estimated,2356,196.25,0.5944973569961286
ergo_ground_truth,estimated,2357,196.33333333333337,0.594443533792289
ergo_ground_truth,estimated,2358,196.41666666666663,0.5943464072566804
ergo_ground_truth,estimated,2359,196.5,0.5942136347704736
ergo_ground_truth,estimated,2360,196.58333333333337,0.5941071421565145
ergo_ground_truth,estimated,2361,196.66666666666663,0.5940290770519218
ergo_ground_truth,estimated,2362,196.75,0.5939162056422457
ergo_ground_truth,estimated,2363,196.83333333333337,0.5937329988892913
ergo_ground_truth,estimated,2364,196.91666666666663,0.5936018946531426
ergo_ground_truth,estimated,2365,197.0,0.5935519168318674
ergo_ground_truth,estimated,2366,197.08333333333337,0.5935080836097378
ergo_ground_truth,estimated,2367,197.16666666666663,0.5934000339311846
ergo_ground_truth,estimated,2368,197.25,0.5933130223082688
ergo_ground_truth,estimated,2369,197.33333333333337,0.5933178541977253
ergo_ground_truth,estimated,2370,197.41666666666663,0.5933455851419076
ergo_ground_truth,estimated,2371,197.5,0.5932639631482722
ergo_ground_truth,estimated,2372,197.58333333333337,0.5931228329276869
ergo_ground_truth,estimated,2373,197.66666666666663,0.5930217168884767
ergo_ground_truth,estimated,2374,197.75,0.592943083131
ergo_ground_truth,estimated,2375,197.83333333333337,0.5928176250979438
ergo_ground_truth,estimated,2376,197.91666666666663,0.5927136538520841
ergo_ground_truth,estimated,2377,198.0,0.5927183131362592
ergo_ground_truth,estimated,2378,198.08333333333337,0.5927761458666662
ergo_ground_truth,estimated,2379,198.16666666666663,0.592785524185049
ergo_ground_truth,estimated,2380,198.25,0.5927437537658796
ergo_ground_truth,estimated,2381,198.33333333333337,0.5927899148366789
ergo_ground_truth,estimated,2382,198.41666666666663,0.5929033667700756
ergo_ground_truth,estimated,2383,198.5,0.5929902486192891
ergo_ground_truth,estimated,2384,198.58333333333337,0.5929963238361668
ergo_ground_truth,estimated,2385,198.66666666666663,0.5930408058510569
ergo_ground_truth,estimated,2386,198.75,0.5931576739889464
ergo_ground_truth,estimated,2387,198.83333333333337,0.5932707196413474
ergo_ground_truth,estimated,2388,198.91666666666663,0.5933121137527294
ergo_ground_truth,estimated,2389,199.0,0.5933484123709505
ergo_ground_truth,estimated,2390,199.08333333333337,0.593447918488523
ergo_ground_truth,estimated,2391,199.16666666666663,0.5935687877810981
ergo_ground_truth,estimated,2392,199.25,0.5936503445424862
ergo_ground_truth,estimated,2393,199.33333333333337,0.5937022893965046
ergo_ground_truth,estimated,2394,199.41666666666663,0.5937758555448517
ergo_ground_truth,estimated,2395,199.5,0.5938742392544929
ergo_ground_truth,estimated,2396,199.58333333333337,0.5939591662703695
ergo_ground_truth,estimated,2397,199.66666666666663,0.594013078109838
ergo_ground_truth,estimated,2398,199.75,0.5940657937835377
ergo_ground_truth,estimated,2399,199.83333333333337,0.5941411098580963
ergo_ground_truth,estimated,2400,199.91666666666663,0.594219142548233
ergo_ground_truth,estimated,2401,200.0,0.5942713304966898
ergo_ground_truth,estimated,2402,200.08333333333337,0.5943117985481615
ergo_ground_truth,estimated,2403,200.16666666666663,0.5943744859524351
ergo_ground_truth,estimated,2404,200.25,0.5944548576349684
ergo_ground_truth,estimated,2405,200.33333333333337,0.594507414363719
ergo_ground_truth,estimated,2406,200.41666666666663,0.5945006975159285
ergo_ground_truth,estimated,2407,200.5,0.5945121309737982
ergo_ground_truth,estimated,2408,200.58333333333337,0.5946162263299505
ergo_ground_truth,estimated,2409,200.66666666666663,0.5947705343680186
ergo_ground_truth,estimated,2410,200.75,0.5949165093595198
ergo_ground_truth,estimated,2411,200.83333333333337,0.595045468628458
ergo_ground_truth,estimated,2412,200.91666666666663,0.5951473338226555
ergo_ground_truth,estimated,2413,201.0,0.5952206565225865
ergo_ground_truth,estimated,2414,201.08333333333337,0.5953116681283623
ergo_ground_truth,estimated,2415,201.16666666666663,0.5954389744302215
ergo_ground_truth,estimated,2416,201.25,0.5955820416905009
ergo_ground_truth,estimated,2417,201.33333333333337,0.5957110198361398
ergo_ground_truth,estimated,2418,201.41666666666663,0.5957772953763666
ergo_ground_truth,estimated,2419,201.5,0.5957593857858287
ergo_ground_truth,estimated,2420,201.58333333333337,0.5958006840036351
ergo_ground_truth,estimated,2421,201.66666666666663,0.5959210422052731
ergo_ground_truth,estimated,2422,201.75,0.5960366111526294
ergo_ground_truth,estimated,2423,201.83333333333337,0.5960932907134107
ergo_ground_truth,estimated,2424,201.91666666666663,0.5961409939493391
ergo_ground_truth,estimated,2425,202.0,0.5962268592544234
ergo_ground_truth,estimated,2426,202.08333333333337,0.5963274229118679
ergo_ground_truth,estimated,2427,202.16666666666663,0.596399449831987
ergo_ground_truth,estimated,2428,202.25,0.5964384739003237
ergo_ground_truth,estimated,2429,202.33333333333337,0.596477924022425
ergo_ground_truth,estimated,2430,202.41666666666663,0.5965334371714855
ergo_ground_truth,estimated,2431,202.5,0.5965793757232142
ergo_ground_truth,estimated,2432,202.58333333333337,0.5965906136407212
ergo_ground_truth,estimated,2433,202.66666666666663,0.596590951844061
ergo_ground_truth,estimated,2434,202.75,0.5966154665686961
ergo_ground_truth,estimated,2435,202.83333333333337,0.596646870125634
ergo_ground_truth,estimated,2436,202.91666666666663,0.5966403157237258
ergo_ground_truth,estimated,2437,203.0,0.5966041633386006
ergo_ground_truth,estimated,2438,203.08333333333337,0.5965958690352975
ergo_ground_truth,estimated,2439,203.16666666666663,0.596612663408601
ergo_ground_truth,estimated,2440,203.25,0.5965961326171403
ergo_ground_truth,estimated,2441,203.33333333333337,0.596523959680193
ergo_ground_truth,estimated,2442,203.41666666666663,0.5964724589185938
ergo_ground_truth,estimated,2443,203.5,0.5964644678626291
ergo_ground_truth,estimated,2444,203.58333333333337,0.5964394796299746
ergo_ground_truth,estimated,2445,203.66666666666663,0.596337390218011
ergo_ground_truth,estimated,2446,203.75,0.5962328973403399
ergo_ground_truth,estimated,2447,203.83333333333337,0.5961881731412512
ergo_ground_truth,estimated,2448,203.91666666666663,0.5961508084531887
ergo_ground_truth,estimated,2449,204.0,0.5960368545069041
ergo_ground_truth,estimated,2450,204.08333333333337,0.5958793914494794
ergo_ground_truth,estimated,2451,204.16666666666663,0.5957925636682918
ergo_ground_truth,estimated,2452,204.25,0.5957404191616055
ergo_ground_truth,estimated,2453,204.33333333333337,0.5956434343611474
ergo_ground_truth,estimated,2454,204.41666666666663,0.595483521000498
ergo_ground_truth,estimated,2455,204.5,0.5953618775656694
ergo_ground_truth,estimated,2456,204.58333333333337,0.5952888092627804
ergo_ground_truth,estimated,2457,204.66666666666663,0.5952095764189558
ergo_ground_truth,estimated,2458,204.75,0.5950922341384665
ergo_ground_truth,estimated,2459,204.83333333333337,0.5949734993535454
ergo_ground_truth,estimated,2460,204.91666666666663,0.5948850181918233
ergo_ground_truth,estimated,2461,205.0,0.5948102691882294
ergo_ground_truth,estimated,2462,205.08333333333337,0.5947199264173684
ergo_ground_truth,estimated,2463,205.16666666666663,0.594607631964425
ergo_ground_truth,estimated,2464,205.25,0.5945020532920582
ergo_ground_truth,estimated,2465,205.33333333333337,0.5944363729876349
ergo_ground_truth,estimated,2466,205.41666666666663,0.5943877423157252
ergo_ground_truth,estimated,2467,205.5,0.5942480269881513
ergo_ground_truth,estimated,2468,205.58333333333337,0.5940135955831418
ergo_ground_truth,estimated,2469,205.66666666666663,0.5937935585763121
ergo_ground_truth,estimated,2470,205.75,0.5934119059814326
ergo_ground_truth,estimated,2471,205.83333333333337,0.5929625305977893
ergo_ground_truth,estimated,2472,205.91666666666663,0.5925670810583024
ergo_ground_truth,estimated,2473,206.0,0.5922971572866216
ergo_ground_truth,estimated,2474,206.08333333333337,0.5921591108873587
ergo_ground_truth,estimated,2475,206.16666666666663,0.5920979281905212
ergo_ground_truth,estimated,2476,206.25,0.5920488445259008
ergo_ground_truth,estimated,2477,206.33333333333337,0.5919958837681789
ergo_ground_truth,estimated,2478,206.41666666666663,0.5919535134934358
ergo_ground_truth,estimated,2479,206.5,0.591904859952374
ergo_ground_truth,estimated,2480,206.58333333333337,0.591806990492997
ergo_ground_truth,estimated,2481,206.66666666666663,0.5916755543976956
ergo_ground_truth,estimated,2482,206.75,0.5916148825897094
ergo_ground_truth,estimated,2483,206.83333333333337,0.591623156061305
ergo_ground_truth,estimated,2484,206.91666666666663,0.5916177345607221
ergo_ground_truth,estimated,2485,207.0,0.5915641298427264
ergo_ground_truth,estimated,2486,207.08333333333337,0.5915642904524399
ergo_ground_truth,estimated,2487,207.16666666666663,0.5916433319870495
ergo_ground_truth,estimated,2488,207.25,0.5917414464604928
ergo_ground_truth,estimated,2489,207.33333333333337,0.5918104132199941
ergo_ground_truth,estimated,2490,207.41666666666663,0.5918552677606131
ergo_ground_truth,estimated,2491,207.5,0.5919052600911552
ergo_ground_truth,estimated,2492,207.58333333333337,0.5919703919678232
ergo_ground_truth,estimated,2493,207.66666666666663,0.5920177557843022
ergo_ground_truth,estimated,2494,207.75,0.5919920976614379
ergo_ground_truth,estimated,2495,207.83333333333337,0.5919463063180554
ergo_ground_truth,estimated,2496,207.91666666666663,0.5919940386883195
ergo_ground_truth,estimated,2497,208.0,0.5920918872726098
ergo_ground_truth,estimated,2498,208.08333333333337,0.5921630174841277
ergo_ground_truth,estimated,2499,208.16666666666663,0.5922019586587548
ergo_ground_truth,estimated,2500,208.25,0.5922466757495721
ergo_ground_truth,estimated,2501,208.33333333333337,0.5923036256837785
ergo_ground_truth,estimated,2502,208.41666666666663,0.592352726862881
ergo_ground_truth,estimated,2503,208.5,0.59235397952704
ergo_ground_truth,estimated,2504,208.58333333333337,0.5922576245507258
ergo_ground_truth,estimated,2505,208.66666666666663,0.5921981822932312
ergo_ground_truth,estimated,2506,208.75,0.5922395177514487
ergo_ground_truth,estimated,2507,208.83333333333337,0.5923181452168633
ergo_ground_truth,estimated,2508,208.91666666666663,0.5923738897844163
ergo_ground_truth,estimated,2509,209.0,0.592375451607397
ergo_ground_truth,estimated,2510,209.08333333333337,0.5923044723226576
ergo_ground_truth,estimated,2511,209.16666666666663,0.5922338778675739
ergo_ground_truth,estimated,2512,209.25,0.5922416451266482
ergo_ground_truth,estimated,2513,209.33333333333337,0.5922960238050441
ergo_ground_truth,estimated,2514,209.41666666666663,0.5923456386793325
ergo_ground_truth,estimated,2515,209.5,0.5923518165378782
ergo_ground_truth,estimated,2516,209.58333333333337,0.5922774427304578
ergo_ground_truth,estimated,2517,209.66666666666663,0.5921977660237894
ergo_ground_truth,estimated,2518,209.75,0.5922283639686791
ergo_ground_truth,estimated,2519,209.83333333333337,0.5923301832353475
ergo_ground_truth,estimated,2520,209.91666666666663,0.5924428330005469
ergo_ground_truth,estimated,2521,210.0,0.59256287570945
ergo_ground_truth,estimated,2522,210.08333333333337,0.5926829358249731
ergo_ground_truth,estimated,2523,210.16666666666663,0.5925389932809078
ergo_ground_truth,estimated,2524,210.25,0.5922834585034857
ergo_ground_truth,estimated,2525,210.33333333333337,0.5920558757938016
ergo_ground_truth,estimated,2526,210.41666666666663,0.5918729496843516
ergo_ground_truth,estimated,2527,210.5,0.5916907246006167
ergo_ground_truth,estimated,2528,210.58333333333337,0.5915519301717415
ergo_ground_truth,estimated,2529,210.66666666666663,0.5915231177173099
ergo_ground_truth,estimated,2530,210.75,0.5915690953185658
ergo_ground_truth,estimated,2531,210.83333333333337,0.5916274441973516
ergo_ground_truth,estimated,2532,210.91666666666663,0.5916653252136648
ergo_ground_truth,estimated,2533,211.0,0.5916940376005045
ergo_ground_truth,estimated,2534,211.08333333333337,0.5917472210762255
ergo_ground_truth,estimated,2535,211.16666666666663,0.5918209692212832
ergo_ground_truth,estimated,2536,211.25,0.59185841924419
ergo_ground_truth,estimated,2537,211.33333333333337,0.5918386910964405
ergo_ground_truth,estimated,2538,211.41666666666663,0.5918787559243004
ergo_ground_truth,estimated,2539,211.5,0.5919938886921933
ergo_ground_truth,estimated,2540,211.58333333333337,0.5920863534281521
ergo_ground_truth,estimated,2541,211.66666666666663,0.5920696947639845
ergo_ground_truth,estimated,2542,211.75,0.5920958132501446
ergo_ground_truth,estimated,2543,211.83333333333337,0.5922304402714137
ergo_ground_truth,estimated,2544,211.91666666666663,0.5923801642310313
ergo_ground_truth,estimated,2545,212.0,0.5924446485626924
ergo_ground_truth,estimated,2546,212.08333333333337,0.5924780812262573
ergo_ground_truth,estimated,2547,212.16666666666663,0.5925952902684588
ergo_ground_truth,estimated,2548,212.25,0.5927589898636116
ergo_ground_truth,estimated,2549,212.33333333333337,0.5928762160081036
ergo_ground_truth,estimated,2550,212.41666666666663,0.5929375252370714
ergo_ground_truth,estimated,2551,212.5,0.5930399198804045
ergo_ground_truth,estimated,2552,212.58333333333337,0.593200380080305
ergo_ground_truth,estimated,2553,212.66666666666663,0.5933479911157791
ergo_ground_truth,estimated,2554,212.75,0.593438042130974
ergo_ground_truth,estimated,2555,212.83333333333337,0.5935331290198654
ergo_ground_truth,estimated,2556,212.91666666666663,0.5936864078650751
ergo_ground_truth,estimated,2557,213.0,0.5938541282008677
ergo_ground_truth,estimated,2558,213.08333333333337,0.5939710210528446
ergo_ground_truth,estimated,2559,213.16666666666663,0.594061994722892
ergo_ground_truth,estimated,2560,213.25,0.5942024560731071
ergo_ground_truth,estimated,2561,213.33333333333337,0.5943792113111832
ergo_ground_truth,estimated,2562,213.41666666666663,0.5945171826948171
ergo_ground_truth,estimated,2563,213.5,0.594598521588828
ergo_ground_truth,estimated,2564,213.58333333333337,0.5947095499316152
ergo_ground_truth,estimated,2565,213.66666666666663,0.5948741412036468
ergo_ground_truth,estimated,2566,213.75,0.5950210449630156
ergo_ground_truth,estimated,2567,213.83333333333337,0.5950900621955865
ergo_ground_truth,estimated,2568,213.91666666666663,0.5951561037880612
ergo_ground_truth,estimated,2569,214.0,0.5952855883873
ergo_ground_truth,estimated,2570,214.08333333333337,0.5954247218235852
ergo_ground_truth,estimated,2571,214.16666666666663,0.5954869996552872
ergo_ground_truth,estimated,2572,214.25,0.5955023659863996
ergo_ground_truth,estimated,2573,214.33333333333337,0.5955766020850037
ergo_ground_truth,estimated,2574,214.41666666666663,0.5956823286489303
ergo_ground_truth,estimated,2575,214.5,0.59572894209093
ergo_ground_truth,estimated,2576,214.58333333333337,0.5956884745848612
ergo_ground_truth,estimated,2577,214.66666666666663,0.5956936352990402
ergo_ground_truth,estimated,2578,214.75,0.5957487743081782
ergo_ground_truth,estimated,2579,214.83333333333337,0.5957675134073548
ergo_ground_truth,estimated,2580,214.91666666666663,0.5956766677947445
ergo_ground_truth,estimated,2581,215.0,0.5956034206589746
ergo_ground_truth,estimated,2582,215.08333333333337,0.595600031849401
ergo_ground_truth,estimated,2583,215.16666666666663,0.5955901240746745
ergo_ground_truth,estimated,2584,215.25,0.5954796900144393
ergo_ground_truth,estimated,2585,215.33333333333337,0.595333959925231
ergo_ground_truth,estimated,2586,215.41666666666663,0.5952644093429014
ergo_ground_truth,estimated,2587,215.5,0.5952176827375082
ergo_ground_truth,estimated,2588,215.58333333333337,0.5951006791348515
ergo_ground_truth,estimated,2589,215.66666666666663,0.594902159378241
ergo_ground_truth,estimated,2590,215.75,0.5947732215512433
ergo_ground_truth,estimated,2591,215.83333333333337,0.5946948642601939
ergo_ground_truth,estimated,2592,215.91666666666663,0.5945827705461314
ergo_ground_truth,estimated,2593,216.0,0.594391204586812
ergo_ground_truth,estimated,2594,216.08333333333337,0.5942323771203016
ergo_ground_truth,estimated,2595,216.16666666666663,0.594144569146253
ergo_ground_truth,estimated,2596,216.25,0.5940671427927938
ergo_ground_truth,estimated,2597,216.33333333333337,0.5939469645308048
ergo_ground_truth,estimated,2598,216.41666666666663,0.5938292110424983
ergo_ground_truth,estimated,2599,216.5,0.5937822660758014
ergo_ground_truth,estimated,2600,216.58333333333337,0.593786074048292
ergo_ground_truth,estimated,2601,216.66666666666663,0.5937491718692081
ergo_ground_truth,estimated,2602,216.75,0.5936538448359824
ergo_ground_truth,estimated,2603,216.83333333333337,0.5935965145969443
ergo_ground_truth,estimated,2604,216.91666666666663,0.5935818006206253
ergo_ground_truth,estimated,2605,217.0,0.5935411264894059
ergo_ground_truth,estimated,2606,217.08333333333337,0.5934545652579538
ergo_ground_truth,estimated,2607,217.16666666666663,0.5934613562918727
ergo_ground_truth,estimated,2608,217.25,0.5935459626305475
ergo_ground_truth,estimated,2609,217.33333333333337,0.5936206185233964
ergo_ground_truth,estimated,2610,217.41666666666663,0.5936240386509171
ergo_ground_truth,estimated,2611,217.5,0.5936588925697027
ergo_ground_truth,estimated,2612,217.58333333333337,0.5937723613894587
ergo_ground_truth,estimated,2613,217.66666666666663,0.5938973853388421
ergo_ground_truth,estimated,2614,217.75,0.5939562441407392
ergo_ground_truth,estimated,2615,217.83333333333337,0.5939942908875824
ergo_ground_truth,estimated,2616,217.91666666666663,0.5940971966238742
ergo_ground_truth,estimated,2617,218.0,0.5942292863227073
ergo_ground_truth,estimated,2618,218.08333333333337,0.5943050791495023
ergo_ground_truth,estimated,2619,218.16666666666663,0.5943190026200069
ergo_ground_truth,estimated,2620,218.25,0.5943868827971276
ergo_ground_truth,estimated,2621,218.33333333333337,0.5945104542903685
ergo_ground_truth,estimated,2622,218.41666666666663,0.594601194212208
ergo_ground_truth,estimated,2623,218.5,0.5946030436012304
ergo_ground_truth,estimated,2624,218.58333333333337,0.5946370596944034
ergo_ground_truth,estimated,2625,218.66666666666663,0.5947534701189149
ergo_ground_truth,estimated,2626,218.75,0.5948703658891171
ergo_ground_truth,estimated,2627,218.83333333333337,0.5948783765936226
ergo_ground_truth,estimated,2628,218.91666666666663,0.5948782283922055
ergo_ground_truth,estimated,2629,219.0,0.5949954402273147
ergo_ground_truth,estimated,2630,219.08333333333337,0.5951672955594386
ergo_ground_truth,estimated,2631,219.16666666666663,0.5953062026237625
ergo_ground_truth,estimated,2632,219.25,0.5954113592894009
ergo_ground_truth,estimated,2633,219.33333333333337,0.5955326261168513
ergo_ground_truth,estimated,2634,219.41666666666663,0.5956760183562486
ergo_ground_truth,estimated,2635,219.5,0.5958145111742021
ergo_ground_truth,estimated,2636,219.58333333333337,0.5959006265959695
ergo_ground_truth,estimated,2637,219.66666666666663,0.5958835741506279
ergo_ground_truth,estimated,2638,219.75,0.5959247378366495
ergo_ground_truth,estimated,2639,219.83333333333337,0.5960821295291614
ergo_ground_truth,estimated,2640,219.91666666666663,0.5962808049050847
ergo_ground_truth,estimated,2641,220.0,0.5964530230407382
ergo_ground_truth,estimated,2642,220.08333333333337,0.5965651938133849
ergo_ground_truth,estimated,2643,220.16666666666663,0.596616992259869
ergo_ground_truth,estimated,2644,220.25,0.5966783370937966
ergo_ground_truth,estimated,2645,220.33333333333337,0.5967798690146849
ergo_ground_truth,estimated,2646,220.41666666666663,0.5968627253439373
ergo_ground_truth,estimated,2647,220.5,0.5968843228546277
ergo_ground_truth,estimated,2648,220.58333333333337,0.5969230785401434
ergo_ground_truth,estimated,2649,220.66666666666663,0.5970209669025689
ergo_ground_truth,estimated,2650,220.75,0.5971344883446755
ergo_ground_truth,estimated,2651,220.83333333333337,0.5972147386583102
ergo_ground_truth,estimated,2652,220.91666666666663,0.5972619686382149
ergo_ground_truth,estimated,2653,221.0,0.5973101024075884
ergo_ground_truth,estimated,2654,221.08333333333337,0.5973719096747945
ergo_ground_truth,estimated,2655,221.16666666666663,0.5974212361012644
ergo_ground_truth,estimated,2656,221.25,0.5974321917265257
ergo_ground_truth,estimated,2657,221.33333333333337,0.59743000817403
ergo_ground_truth,estimated,2658,221.41666666666663,0.5974548623897556
ergo_ground_truth,estimated,2659,221.5,0.5974880098025286
ergo_ground_truth,estimated,2660,221.58333333333337,0.5974736105512298
ergo_ground_truth,estimated,2661,221.66666666666663,0.5974197646081374
ergo_ground_truth,estimated,2662,221.75,0.5974094663355778
ergo_ground_truth,estimated,2663,221.83333333333337,0.597436209452463
ergo_ground_truth,estimated,2664,221.91666666666663,0.5974221097320294
ergo_ground_truth,estimated,2665,222.0,0.5973207017424744
ergo_ground_truth,estimated,2666,222.08333333333337,0.5972667390430306
ergo_ground_truth,estimated,2667,222.16666666666663,0.5972767946047952
ergo_ground_truth,estimated,2668,222.25,0.5972737042567592
ergo_ground_truth,estimated,2669,222.33333333333337,0.5971916110718757
ergo_ground_truth,estimated,2670,222.41666666666663,0.5971004940943873
ergo_ground_truth,estimated,2671,222.5,0.5970613724914926
ergo_ground_truth,estimated,2672,222.58333333333337,0.5970342713499289
ergo_ground_truth,estimated,2673,222.66666666666663,0.596966376617155
ergo_ground_truth,estimated,2674,222.75,0.5968669205126511
ergo_ground_truth,estimated,2675,222.83333333333337,0.5967809211776625
ergo_ground_truth,estimated,2676,222.91666666666663,0.5967100232181076
ergo_ground_truth,estimated,2677,223.0,0.5966249781869698
ergo_ground_truth,estimated,2678,223.08333333333337,0.5965125991056022
ergo_ground_truth,estimated,2679,223.16666666666663,0.5963925629941637
ergo_ground_truth,estimated,2680,223.25,0.5962857257694645
ergo_ground_truth,estimated,2681,223.33333333333337,0.5961797592351102
ergo_ground_truth,estimated,2682,223.41666666666663,0.5960338134089037
ergo_ground_truth,estimated,2683,223.5,0.5958432711802268
ergo_ground_truth,estimated,2684,223.58333333333337,0.5957117489691556
ergo_ground_truth,estimated,2685,223.66666666666663,0.595660697450889
ergo_ground_truth,estimated,2686,223.75,0.5956430277429986
ergo_ground_truth,estimated,2687,223.83333333333337,0.5956226817033563
ergo_ground_truth,estimated,2688,223.91666666666663,0.5955459598840388
ergo_ground_truth,estimated,2689,224.0,0.5952921118586009
ergo_ground_truth,estimated,2690,224.08333333333337,0.5949630835893469
ergo_ground_truth,estimated,2691,224.16666666666663,0.59460212446907
ergo_ground_truth,estimated,2692,224.25,0.5942301032366414
ergo_ground_truth,estimated,2693,224.33333333333337,0.5938545357623918
ergo_ground_truth,estimated,2694,224.41666666666663,0.5934684521178556
ergo_ground_truth,estimated,2695,224.5,0.5930839371235233
ergo_ground_truth,estimated,2696,224.58333333333337,0.5927130606350274
ergo_ground_truth,estimated,2697,224.66666666666663,0.5923452727322381
ergo_ground_truth,estimated,2698,224.75,0.5919827028211916
ergo_ground_truth,estimated,2699,224.83333333333337,0.5916295261212484
ergo_ground_truth,estimated,2700,224.91666666666663,0.5912869232962431
ergo_ground_truth,estimated,2701,225.0,0.5909491670370972
ergo_ground_truth,estimated,2702,225.08333333333337,0.5906154364304407
ergo_ground_truth,estimated,2703,225.16666666666663,0.5902931887342417
ergo_ground_truth,estimated,2704,225.25,0.5899755469968204
ergo_ground_truth,estimated,2705,225.33333333333337,0.5896580483307549
ergo_ground_truth,estimated,2706,225.41666666666663,0.5893523863806223
ergo_ground_truth,estimated,2707,225.5,0.5890498164058331
ergo_ground_truth,estimated,2708,225.58333333333337,0.5887458265720933
ergo_ground_truth,estimated,2709,225.66666666666663,0.588453604955902
ergo_ground_truth,estimated,2710,225.75,0.5881615013250703
ergo_ground_truth,estimated,2711,225.83333333333337,0.5878686576558267
ergo_ground_truth,estimated,2712,225.91666666666663,0.5875856618270945
ergo_ground_truth,estimated,2713,226.0,0.587301140727265
ergo_ground_truth,estimated,2714,226.08333333333337,0.5870167615255382
ergo_ground_truth,estimated,2715,226.16666666666663,0.5867410216213891
ergo_ground_truth,estimated,2716,226.25,0.5864629125641083
ergo_ground_truth,estimated,2717,226.33333333333337,0.5861857797178516
ergo_ground_truth,estimated,2718,226.41666666666663,0.5859163969618135
ergo_ground_truth,estimated,2719,226.5,0.5856435633822967
ergo_ground_truth,estimated,2720,226.58333333333337,0.5853732528165074
ergo_ground_truth,estimated,2721,226.66666666666663,0.5851097222725331
ergo_ground_truth,estimated,2722,226.75,0.5848401450113191
ergo_ground_truth,estimated,2723,226.83333333333337,0.5845774158399364
ergo_ground_truth,estimated,2724,226.91666666666663,0.5843228147113635
ergo_ground_truth,estimated,2725,227.0,0.5840546253994845
ergo_ground_truth,estimated,2726,227.08333333333337,0.5838033402567336
ergo_ground_truth,estimated,2727,227.16666666666663,0.5835474292118583
ergo_ground_truth,estimated,2728,227.25,0.5832914434845228
ergo_ground_truth,estimated,2729,227.33333333333337,0.5830457464310052
ergo_ground_truth,estimated,2730,227.41666666666663,0.5827862530520642
ergo_ground_truth,estimated,2731,227.5,0.5825475610550351
ergo_ground_truth,estimated,2732,227.58333333333337,0.5822924828733812
ergo_ground_truth,estimated,2733,227.66666666666663,0.5820485974537744
ergo_ground_truth,estimated,2734,227.75,0.5818024349672144
ergo_ground_truth,estimated,2735,227.83333333333337,0.58155635332077
ergo_ground_truth,estimated,2736,227.91666666666663,0.5813229576373765
ergo_ground_truth,estimated,2737,228.0,0.5810754718104753
ergo_ground_truth,estimated,2738,228.08333333333337,0.5808461655593266
ergo_ground_truth,estimated,2739,228.16666666666663,0.5805971401897742
ergo_ground_truth,estimated,2740,228.25,0.5803597523040512
ergo_ground_truth,estimated,2741,228.33333333333337,0.5801286219495556
ergo_ground_truth,estimated,2742,228.41666666666663,0.5798836456136809
ergo_ground_truth,estimated,2743,228.5,0.5796459712474497
ergo_ground_truth,estimated,2744,228.58333333333337,0.5794152260046518
ergo_ground_truth,estimated,2745,228.66666666666663,0.5791743146104807
ergo_ground_truth,estimated,2746,228.75,0.578963323474716
ergo_ground_truth,estimated,2747,228.83333333333337,0.5787219966427712
ergo_ground_truth,estimated,2748,228.91666666666663,0.578483763698111
ergo_ground_truth,estimated,2749,229.0,0.5782570291845369
ergo_ground_truth,estimated,2750,229.08333333333337,0.5780300819365208
ergo_ground_truth,estimated,2751,229.16666666666663,0.5778070121320122
ergo_ground_truth,estimated,2752,229.25,0.5775843828311383
ergo_ground_truth,estimated,2753,229.33333333333337,0.5773604045502331
ergo_ground_truth,estimated,2754,229.41666666666663,0.5771479398347718
ergo_ground_truth,estimated,2755,229.5,0.5769215026330806
ergo_ground_truth,estimated,2756,229.58333333333337,0.576713778083688
ergo_ground_truth,estimated,2757,229.66666666666663,0.5764879302185343
ergo_ground_truth,estimated,2758,229.75,0.5762714036814218
ergo_ground_truth,estimated,2759,229.83333333333337,0.5760601281824331
ergo_ground_truth,estimated,2760,229.91666666666663,0.575851563198939
ergo_ground_truth,estimated,2761,230.0,0.575642804242827
ergo_ground_truth,estimated,2762,230.08333333333337,0.5754363880260255
ergo_ground_truth,estimated,2763,230.16666666666663,0.5752290423947962
ergo_ground_truth,estimated,2764,230.25,0.5750241072415231
ergo_ground_truth,estimated,2765,230.33333333333337,0.5748185501714894
ergo_ground_truth,estimated,2766,230.41666666666663,0.5746147903369254
ergo_ground_truth,estimated,2767,230.5,0.5744112099455271
ergo_ground_truth,estimated,2768,230.58333333333337,0.5742077970701448
ergo_ground_truth,estimated,2769,230.66666666666663,0.5740049816808853
ergo_ground_truth,estimated,2770,230.75,0.5738028315157006
ergo_ground_truth,estimated,2771,230.83333333333337,0.5736015042371659
ergo_ground_truth,estimated,2772,230.91666666666663,0.5734010712698312
ergo_ground_truth,estimated,2773,231.0,0.5732015859604047
ergo_ground_truth,estimated,2774,231.08333333333337,0.5730030790433125
ergo_ground_truth,estimated,2775,231.16666666666663,0.5728053662387766
ergo_ground_truth,estimated,2776,231.25,0.572608158546154
ergo_ground_truth,estimated,2777,231.33333333333337,0.5724118338244282
ergo_ground_truth,estimated,2778,231.41666666666663,0.5722164994630211
ergo_ground_truth,estimated,2779,231.5,0.5720221754441436
ergo_ground_truth,estimated,2780,231.58333333333337,0.5718288631903674
ergo_ground_truth,estimated,2781,231.66666666666663,0.5716365622900045
ergo_ground_truth,estimated,2782,231.75,0.5714452717547541
ergo_ground_truth,estimated,2783,231.83333333333337,0.5712549896173957
ergo_ground_truth,estimated,2784,231.91666666666663,0.5710657129983157
ergo_ground_truth,estimated,2785,232.0,0.5708774382906142
ergo_ground_truth,estimated,2786,232.08333333333337,0.5706901612953296
ergo_ground_truth,estimated,2787,232.16666666666663,0.5705038773275317
ergo_ground_truth,estimated,2788,232.25,0.5703185813057993
ergo_ground_truth,estimated,2789,232.33333333333337,0.5701342678268635
ergo_ground_truth,estimated,2790,232.41666666666663,0.5699509312283773
ergo_ground_truth,estimated,2791,232.5,0.5697685656416434
ergo_ground_truth,estimated,2792,232.58333333333337,0.5695871650365192
ergo_ground_truth,estimated,2793,232.66666666666663,0.5694067232588245
ergo_ground_truth,estimated,2794,232.75,0.5692272340648266
ergo_ground_truth,estimated,2795,232.83333333333337,0.5690486911356972
ergo_ground_truth,estimated,2796,232.91666666666663,0.5688710882731298
ergo_ground_truth,estimated,2797,233.0,0.5686943879802211
ergo_ground_truth,estimated,2798,233.08333333333337,0.5685644507269504
ergo_ground_truth,estimated,2799,233.16666666666663,0.5683878886486882
ergo_ground_truth,estimated,2800,233.25,0.5682339363566684
ergo_ground_truth,estimated,2801,233.33333333333337,0.5680967606322926
ergo_ground_truth,estimated,2802,233.41666666666663,0.5679152525577322
ergo_ground_truth,estimated,2803,233.5,0.5677456159737228
ergo_ground_truth,estimated,2804,233.58333333333337,0.5675795831653867
ergo_ground_truth,estimated,2805,233.66666666666663,0.5674123465623856
ergo_ground_truth,estimated,2806,233.75,0.5672442479613667
ergo_ground_truth,estimated,2807,233.83333333333337,0.5670767718821715
ergo_ground_truth,estimated,2808,233.91666666666663,0.5669107251850489
ergo_ground_truth,estimated,2809,234.0,0.5667460011266937
ergo_ground_truth,estimated,2810,234.08333333333337,0.5665818931752781
ergo_ground_truth,estimated,2811,234.16666666666663,0.5664179987025496
ergo_ground_truth,estimated,2812,234.25,0.566254672003065
ergo_ground_truth,estimated,2813,234.33333333333337,0.5660923569699932
ergo_ground_truth,estimated,2814,234.41666666666663,0.5659311298527215
ergo_ground_truth,estimated,2815,234.5,0.5657708039616894
ergo_ground_truth,estimated,2816,234.58333333333337,0.5656112439784808
ergo_ground_truth,estimated,2817,234.66666666666663,0.5654524810537797
ergo_ground_truth,estimated,2818,234.75,0.5652946016755311
ergo_ground_truth,estimated,2819,234.83333333333337,0.5651378240070958
ergo_ground_truth,estimated,2820,234.91666666666663,0.564982221780304
ergo_ground_truth,estimated,2821,235.0,0.5648274850166387
ergo_ground_truth,estimated,2822,235.08333333333337,0.5646734049481352
ergo_ground_truth,estimated,2823,235.16666666666663,0.5645201446349848
ergo_ground_truth,estimated,2824,235.25,0.5643678705586384
ergo_ground_truth,estimated,2825,235.33333333333337,0.5642164454049668
ergo_ground_truth,estimated,2826,235.41666666666663,0.5640657616042883
ergo_ground_truth,estimated,2827,235.5,0.5639160298690172
ergo_ground_truth,estimated,2828,235.58333333333337,0.5637671156606288
ergo_ground_truth,estimated,2829,235.66666666666663,0.5636191536175679
ergo_ground_truth,estimated,2830,235.75,0.5634710434515293
ergo_ground_truth,estimated,2831,235.83333333333337,0.5633928141254673
ergo_ground_truth,estimated,2832,235.91666666666663,0.5632652563533529
ergo_ground_truth,estimated,2833,236.0,0.5631641911264476
ergo_ground_truth,estimated,2834,236.08333333333337,0.5630585399202879
ergo_ground_truth,estimated,2835,236.16666666666663,0.5629433150715134
ergo_ground_truth,estimated,2836,236.25,0.5628179150044021
ergo_ground_truth,estimated,2837,236.33333333333337,0.5626946569746297
ergo_ground_truth,estimated,2838,236.41666666666663,0.5625828858948638
ergo_ground_truth,estimated,2839,236.5,0.5624517810105405
ergo_ground_truth,estimated,2840,236.58333333333337,0.562314831834745
ergo_ground_truth,estimated,2841,236.66666666666663,0.5621791074921381
ergo_ground_truth,estimated,2842,236.75,0.5620496967398475
ergo_ground_truth,estimated,2843,236.83333333333337,0.5619265566789475
ergo_ground_truth,estimated,2844,236.91666666666663,0.561805079632167
ergo_ground_truth,estimated,2845,237.0,0.5616786975823972
ergo_ground_truth,estimated,2846,237.08333333333337,0.5615468314109824
ergo_ground_truth,estimated,2847,237.16666666666663,0.5614226298188955
ergo_ground_truth,estimated,2848,237.25,0.5613175059085328
ergo_ground_truth,estimated,2849,237.33333333333337,0.5612042848853138
ergo_ground_truth,estimated,2850,237.41666666666663,0.561071830308725
ergo_ground_truth,estimated,2851,237.5,0.5609413995957221
ergo_ground_truth,estimated,2852,237.58333333333337,0.5608322916234825
ergo_ground_truth,estimated,2853,237.66666666666663,0.5607647202530274
ergo_ground_truth,estimated,2854,237.75,0.5607690888516016
ergo_ground_truth,estimated,2855,237.83333333333337,0.5608841502237153
ergo_ground_truth,estimated,2856,237.91666666666663,0.5610864154795714
ergo_ground_truth,estimated,2857,238.0,0.5613306773775105
ergo_ground_truth,estimated,2858,238.08333333333337,0.5616261369821995
ergo_ground_truth,estimated,2859,238.16666666666663,0.5619983635397274
ergo_ground_truth,estimated,2860,238.25,0.5624007794208207
ergo_ground_truth,estimated,2861,238.33333333333337,0.562731762028971
ergo_ground_truth,estimated,2862,238.41666666666663,0.5630292663204172
ergo_ground_truth,estimated,2863,238.5,0.5634742364099959
ergo_ground_truth,estimated,2864,238.58333333333337,0.5640072674471397
ergo_ground_truth,estimated,2865,238.66666666666663,0.5645005507868981
ergo_ground_truth,estimated,2866,238.75,0.564931928051845
ergo_ground_truth,estimated,2867,238.83333333333337,0.5654045314236857
ergo_ground_truth,estimated,2868,238.91666666666663,0.5659396766930934
ergo_ground_truth,estimated,2869,239.0,0.566477324209621
ergo_ground_truth,estimated,2870,239.08333333333337,0.566970685244036
ergo_ground_truth,estimated,2871,239.16666666666663,0.5674292106231521
ergo_ground_truth,estimated,2872,239.25,0.5678900929026546
ergo_ground_truth,estimated,2873,239.33333333333337,0.5683620100802584
ergo_ground_truth,estimated,2874,239.41666666666663,0.5687962723560611
ergo_ground_truth,estimated,2875,239.5,0.5691262627040107
ergo_ground_truth,estimated,2876,239.58333333333337,0.5694615281360896
ergo_ground_truth,estimated,2877,239.66666666666663,0.569902188207063
ergo_ground_truth,estimated,2878,239.75,0.5703759406468835
ergo_ground_truth,estimated,2879,239.83333333333337,0.5708014095136237
ergo_ground_truth,estimated,2880,239.91666666666663,0.5711887388804568
ergo_ground_truth,estimated,2881,240.0,0.5715785931130077
ergo_ground_truth,estimated,2882,240.08333333333337,0.5719705386006101
ergo_ground_truth,estimated,2883,240.16666666666663,0.5723363365654691
ergo_ground_truth,estimated,2884,240.25,0.5726227024178343
ergo_ground_truth,estimated,2885,240.33333333333337,0.5727924848421344
ergo_ground_truth,estimated,2886,240.41666666666663,0.5730343497067992
ergo_ground_truth,estimated,2887,240.5,0.5733802937147169
ergo_ground_truth,estimated,2888,240.58333333333337,0.5737470247831719
ergo_ground_truth,estimated,2889,240.66666666666663,0.5740627092484606
ergo_ground_truth,estimated,2890,240.75,0.5742798634405245
ergo_ground_truth,estimated,2891,240.83333333333337,0.5743850753892705
ergo_ground_truth,estimated,2892,240.91666666666663,0.5745516549801668
ergo_ground_truth,estimated,2893,241.0,0.5748291340943686
ergo_ground_truth,estimated,2894,241.08333333333337,0.5751348126967517
ergo_ground_truth,estimated,2895,241.16666666666663,0.5754053527872577
ergo_ground_truth,estimated,2896,241.25,0.5756350727315813
ergo_ground_truth,estimated,2897,241.33333333333337,0.5758444949365625
ergo_ground_truth,estimated,2898,241.41666666666663,0.5760645226418003
ergo_ground_truth,estimated,2899,241.5,0.5762864098699132
ergo_ground_truth,estimated,2900,241.58333333333337,0.5764470863782455
ergo_ground_truth,estimated,2901,241.66666666666663,0.5765588846892943
ergo_ground_truth,estimated,2902,241.75,0.5767623763042782
ergo_ground_truth,estimated,2903,241.83333333333337,0.5770452969458097
ergo_ground_truth,estimated,2904,241.91666666666663,0.5773291338409623
ergo_ground_truth,estimated,2905,242.0,0.5775624822825116
ergo_ground_truth,estimated,2906,242.08333333333337,0.5777375803288808
ergo_ground_truth,estimated,2907,242.16666666666663,0.5778949379378658
ergo_ground_truth,estimated,2908,242.25,0.578083376490125
ergo_ground_truth,estimated,2909,242.33333333333337,0.5782709206271379
ergo_ground_truth,estimated,2910,242.41666666666663,0.5783848024506411
ergo_ground_truth,estimated,2911,242.5,0.578480527684076
ergo_ground_truth,estimated,2912,242.58333333333337,0.5786564926869074
ergo_ground_truth,estimated,2913,242.66666666666663,0.5788734166168645
ergo_ground_truth,estimated,2914,242.75,0.5790601706323021
ergo_ground_truth,estimated,2915,242.83333333333337,0.5791935754076241
ergo_ground_truth,estimated,2916,242.91666666666663,0.579301051815098
ergo_ground_truth,estimated,2917,243.0,0.5794100620425231
ergo_ground_truth,estimated,2918,243.08333333333337,0.5795121197474211
ergo_ground_truth,estimated,2919,243.16666666666663,0.5795773470470795
ergo_ground_truth,estimated,2920,243.25,0.5796101218590307
ergo_ground_truth,estimated,2921,243.33333333333337,0.579658693583406
ergo_ground_truth,estimated,2922,243.41666666666663,0.5797317491541136
ergo_ground_truth,estimated,2923,243.5,0.5797908430723491
ergo_ground_truth,estimated,2924,243.58333333333337,0.5798272452597538
ergo_ground_truth,estimated,2925,243.66666666666663,0.5798818693841127
ergo_ground_truth,estimated,2926,243.75,0.5799651818921897
ergo_ground_truth,estimated,2927,243.83333333333337,0.5800235871330972
ergo_ground_truth,estimated,2928,243.91666666666663,0.5799798498171026
ergo_ground_truth,estimated,2929,244.0,0.5798707091635562
ergo_ground_truth,estimated,2930,244.08333333333337,0.5797535148770453
ergo_ground_truth,estimated,2931,244.16666666666663,0.5796577627370889
ergo_ground_truth,estimated,2932,244.25,0.5795639405684124
ergo_ground_truth,estimated,2933,244.33333333333337,0.5794421502390543
ergo_ground_truth,estimated,2934,244.41666666666663,0.5793876370935075
ergo_ground_truth,estimated,2935,244.5,0.5794478348176273
ergo_ground_truth,estimated,2936,244.58333333333337,0.579567957021913
ergo_ground_truth,estimated,2937,244.66666666666663,0.5796868563612596
ergo_ground_truth,estimated,2938,244.75,0.5797970457105228
ergo_ground_truth,estimated,2939,244.83333333333337,0.579929067405289
ergo_ground_truth,estimated,2940,244.91666666666663,0.5800977285039631
ergo_ground_truth,estimated,2941,245.0,0.5802740931039951
ergo_ground_truth,estimated,2942,245.08333333333337,0.58041586158823
ergo_ground_truth,estimated,2943,245.16666666666663,0.5805472500115765
ergo_ground_truth,estimated,2944,245.25,0.5807409149144159
ergo_ground_truth,estimated,2945,245.33333333333337,0.5809776860232402
ergo_ground_truth,estimated,2946,245.41666666666663,0.5811619671194739
ergo_ground_truth,estimated,2947,245.5,0.5812734212495054
ergo_ground_truth,estimated,2948,245.58333333333337,0.5814871203765839
ergo_ground_truth,estimated,2949,245.66666666666663,0.5817948933231744
ergo_ground_truth,estimated,2950,245.75,0.5820685501211678
ergo_ground_truth,estimated,2951,245.83333333333337,0.5822151564910583
ergo_ground_truth,estimated,2952,245.91666666666663,0.5824215972265383
ergo_ground_truth,estimated,2953,246.0,0.5827502612768776
ergo_ground_truth,estimated,2954,246.08333333333337,0.5830849822405174
ergo_ground_truth,estimated,2955,246.16666666666663,0.5833060822396577
ergo_ground_truth,estimated,2956,246.25,0.5834977784564552
ergo_ground_truth,estimated,2957,246.33333333333337,0.5838045054208547
ergo_ground_truth,estimated,2958,246.41666666666663,0.5841587200964459
ergo_ground_truth,estimated,2959,246.5,0.5844300989669905
ergo_ground_truth,estimated,2960,246.58333333333337,0.5846112417457482
ergo_ground_truth,estimated,2961,246.66666666666663,0.5848849565735816
ergo_ground_truth,estimated,2962,246.75,0.5852433941036567
ergo_ground_truth,estimated,2963,246.83333333333337,0.5855558008994134
ergo_ground_truth,estimated,2964,246.91666666666663,0.5857329469938847
ergo_ground_truth,estimated,2965,247.0,0.5859639744677823
ergo_ground_truth,estimated,2966,247.08333333333337,0.5863164224161072
ergo_ground_truth,estimated,2967,247.16666666666663,0.5866674012043864
ergo_ground_truth,estimated,2968,247.25,0.586877481896627
ergo_ground_truth,estimated,2969,247.33333333333337,0.5870637341954651
ergo_ground_truth,estimated,2970,247.41666666666663,0.5873896854811949
ergo_ground_truth,estimated,2971,247.5,0.587762048563823
ergo_ground_truth,estimated,2972,247.58333333333337,0.5880461963800283
ergo_ground_truth,estimated,2973,247.66666666666663,0.5882502064067564
ergo_ground_truth,estimated,2974,247.75,0.5885221355717855
ergo_ground_truth,estimated,2975,247.83333333333337,0.588857721097257
ergo_ground_truth,estimated,2976,247.91666666666663,0.5891625580314869
ergo_ground_truth,estimated,2977,248.0,0.5893990472156485
ergo_ground_truth,estimated,2978,248.08333333333337,0.5896307016982335
ergo_ground_truth,estimated,2979,248.16666666666663,0.5898969024360895
ergo_ground_truth,estimated,2980,248.25,0.5901612493930536
ergo_ground_truth,estimated,2981,248.33333333333337,0.5903796790466593
ergo_ground_truth,estimated,2982,248.41666666666663,0.5905649919155007
ergo_ground_truth,estimated,2983,248.5,0.5907596441763114
ergo_ground_truth,estimated,2984,248.58333333333337,0.5909648314378274
ergo_ground_truth,estimated,2985,248.66666666666663,0.5911378072583872
ergo_ground_truth,estimated,2986,248.75,0.5912616561187403
ergo_ground_truth,estimated,2987,248.83333333333337,0.5913854128593399
ergo_ground_truth,estimated,2988,248.91666666666663,0.5915399573826905
ergo_ground_truth,estimated,2989,249.0,0.591679742042425
ergo_ground_truth,estimated,2990,249.08333333333337,0.5917516204496867
ergo_ground_truth,estimated,2991,249.16666666666663,0.5918069097017974
ergo_ground_truth,estimated,2992,249.25,0.5919191732753122
ergo_ground_truth,estimated,2993,249.33333333333337,0.5920467088971109
ergo_ground_truth,estimated,2994,249.41666666666663,0.5921003149289433
ergo_ground_truth,estimated,2995,249.5,0.5920973304627385
ergo_ground_truth,estimated,2996,249.58333333333337,0.5921707949947146
ergo_ground_truth,estimated,2997,249.66666666666663,0.5922965387507207
ergo_ground_truth,estimated,2998,249.75,0.5923714463411506
ergo_ground_truth,estimated,2999,249.83333333333337,0.5923475813519267
ergo_ground_truth,estimated,3000,249.91666666666663,0.5923965548170965
ergo_ground_truth,estimated,3001,250.0,0.5925344598982095
ergo_ground_truth,estimated,3002,250.08333333333337,0.5926596905012336
ergo_ground_truth,estimated,3003,250.16666666666663,0.5926875658217823
ergo_ground_truth,estimated,3004,250.25,0.5927579123685893
ergo_ground_truth,estimated,3005,250.33333333333337,0.5929540053649153
ergo_ground_truth,estimated,3006,250.41666666666663,0.5931873721464122
ergo_ground_truth,estimated,3007,250.5,0.5933798504874468
ergo_ground_truth,estimated,3008,250.58333333333337,0.5934823195250629
ergo_ground_truth,estimated,3009,250.66666666666663,0.5934193885707265
ergo_ground_truth,estimated,3010,250.75,0.5932550307054151
ergo_ground_truth,estimated,3011,250.83333333333337,0.5931024250058478
ergo_ground_truth,estimated,3012,250.91666666666663,0.5929938246118268
ergo_ground_truth,estimated,3013,251.0,0.5929314916971871
ergo_ground_truth,estimated,3014,251.08333333333337,0.5928880611333898
ergo_ground_truth,estimated,3015,251.16666666666663,0.5928007845459863
ergo_ground_truth,estimated,3016,251.25,0.5927280642984913
ergo_ground_truth,estimated,3017,251.33333333333337,0.5928005305727929
ergo_ground_truth,estimated,3018,251.41666666666663,0.5929599356329032
ergo_ground_truth,estimated,3019,251.5,0.5931141236320199
ergo_ground_truth,estimated,3020,251.58333333333337,0.5932425614509066
ergo_ground_truth,estimated,3021,251.66666666666663,0.5933936718658186
ergo_ground_truth,estimated,3022,251.75,0.5935889889913113
ergo_ground_truth,estimated,3023,251.83333333333337,0.5937964751115422
ergo_ground_truth,estimated,3024,251.91666666666663,0.593975517775854
ergo_ground_truth,estimated,3025,252.0,0.5941347702491753
ergo_ground_truth,estimated,3026,252.08333333333337,0.5943222187433598
ergo_ground_truth,estimated,3027,252.16666666666663,0.5945409570381889
ergo_ground_truth,estimated,3028,252.25,0.5947322353364007
ergo_ground_truth,estimated,3029,252.33333333333337,0.5948678720021587
ergo_ground_truth,estimated,3030,252.41666666666663,0.595032978387828
ergo_ground_truth,estimated,3031,252.5,0.5952685371320234
ergo_ground_truth,estimated,3032,252.58333333333337,0.5954937927197074
ergo_ground_truth,estimated,3033,252.66666666666663,0.5956127269779838
ergo_ground_truth,estimated,3034,252.75,0.5957332395501843
ergo_ground_truth,estimated,3035,252.83333333333337,0.5959711735330054
ergo_ground_truth,estimated,3036,252.91666666666663,0.5962377278855459
ergo_ground_truth,estimated,3037,253.0,0.5963998865478407
ergo_ground_truth,estimated,3038,253.08333333333337,0.5964907052992832
ergo_ground_truth,estimated,3039,253.16666666666663,0.5966965825220426
ergo_ground_truth,estimated,3040,253.25,0.5969694607387787
ergo_ground_truth,estimated,3041,253.33333333333337,0.5971926990381041
ergo_ground_truth,estimated,3042,253.41666666666663,0.5973399873507802
ergo_ground_truth,estimated,3043,253.5,0.59750760450067
ergo_ground_truth,estimated,3044,253.58333333333337,0.5977250312673352
ergo_ground_truth,estimated,3045,253.66666666666663,0.5979354798427494
ergo_ground_truth,estimated,3046,253.75,0.5980956591001898
ergo_ground_truth,estimated,3047,253.83333333333337,0.5982210112931902
ergo_ground_truth,estimated,3048,253.91666666666663,0.5983451411905725
ergo_ground_truth,estimated,3049,254.0,0.5984700722550725
ergo_ground_truth,estimated,3050,254.08333333333337,0.5985484323030883
ergo_ground_truth,estimated,3051,254.16666666666663,0.5985126990708001
ergo_ground_truth,estimated,3052,254.25,0.5984875704929392
ergo_ground_truth,estimated,3053,254.33333333333337,0.5985702251263465
ergo_ground_truth,estimated,3054,254.41666666666663,0.5986870105921759
ergo_ground_truth,estimated,3055,254.5,0.5987621323568382
ergo_ground_truth,estimated,3056,254.58333333333337,0.5987571589705994
ergo_ground_truth,estimated,3057,254.66666666666663,0.5986731505518271
ergo_ground_truth,estimated,3058,254.75,0.5985920371538181
ergo_ground_truth,estimated,3059,254.83333333333337,0.5985574487463742
ergo_ground_truth,estimated,3060,254.91666666666663,0.5985105882218266
ergo_ground_truth,estimated,3061,255.0,0.59837788789785
ergo_ground_truth,estimated,3062,255.08333333333337,0.5982788177448016
ergo_ground_truth,estimated,3063,255.16666666666663,0.5982876337904904
ergo_ground_truth,estimated,3064,255.25,0.5983277223562882
ergo_ground_truth,estimated,3065,255.33333333333337,0.5983013485429977
ergo_ground_truth,estimated,3066,255.41666666666663,0.5982564330720768
ergo_ground_truth,estimated,3067,255.5,0.5983321530813142
ergo_ground_truth,estimated,3068,255.58333333333337,0.5984861650002822
ergo_ground_truth,estimated,3069,255.66666666666663,0.5986140932306679
ergo_ground_truth,estimated,3070,255.75,0.5986874483813946
ergo_ground_truth,estimated,3071,255.83333333333337,0.5988038566043896
ergo_ground_truth,estimated,3072,255.91666666666663,0.5989854909362323
ergo_ground_truth,estimated,3073,256.0,0.5991633695541888
ergo_ground_truth,estimated,3074,256.08333333333337,0.599284494925926
ergo_ground_truth,estimated,3075,256.16666666666663,0.599377573229522
ergo_ground_truth,estimated,3076,256.25,0.5994799883451407
ergo_ground_truth,estimated,3077,256.33333333333337,0.5995824473948634
ergo_ground_truth,estimated,3078,256.41666666666663,0.5996597129422664
ergo_ground_truth,estimated,3079,256.5,0.5997109418101308
ergo_ground_truth,estimated,3080,256.58333333333337,0.5997731436113896
ergo_ground_truth,estimated,3081,256.66666666666663,0.5998747074007157
ergo_ground_truth,estimated,3082,256.75,0.5999816773976543
ergo_ground_truth,estimated,3083,256.83333333333337,0.600020301986449
ergo_ground_truth,estimated,3084,256.91666666666663,0.6000542539078996
ergo_ground_truth,estimated,3085,257.0,0.6001944862504806
ergo_ground_truth,estimated,3086,257.08333333333337,0.600385558223937
ergo_ground_truth,estimated,3087,257.16666666666663,0.6005375273938025
ergo_ground_truth,estimated,3088,257.25,0.6006503421598353
ergo_ground_truth,estimated,3089,257.33333333333337,0.6007984523411888
ergo_ground_truth,estimated,3090,257.41666666666663,0.6009100943427989
ergo_ground_truth,estimated,3091,257.5,0.6008002831811808
ergo_ground_truth,estimated,3092,257.58333333333337,0.6005369428809239
ergo_ground_truth,estimated,3093,257.66666666666663,0.6001669538233143
ergo_ground_truth,estimated,3094,257.75,0.5997420071999287
ergo_ground_truth,estimated,3095,257.83333333333337,0.5993252144630953
ergo_ground_truth,estimated,3096,257.91666666666663,0.5989548011055751
ergo_ground_truth,estimated,3097,258.0,0.5986349821026083
ergo_ground_truth,estimated,3098,258.08333333333337,0.5983403926671046
ergo_ground_truth,estimated,3099,258.16666666666663,0.5980324993460657
ergo_ground_truth,estimated,3100,258.25,0.5977050072746722
ergo_ground_truth,estimated,3101,258.33333333333337,0.5973731319979505
ergo_ground_truth,estimated,3102,258.41666666666663,0.5970426554014224
ergo_ground_truth,estimated,3103,258.5,0.5967166959238008
ergo_ground_truth,estimated,3104,258.58333333333337,0.5963973988391038
ergo_ground_truth,estimated,3105,258.66666666666663,0.5960861104291617
ergo_ground_truth,estimated,3106,258.75,0.5957834153729257
ergo_ground_truth,estimated,3107,258.83333333333337,0.5954892684143123
ergo_ground_truth,estimated,3108,258.91666666666663,0.595203208481738
ergo_ground_truth,estimated,3109,259.0,0.594924545747671
ergo_ground_truth,estimated,3110,259.08333333333337,0.5946524796051512
ergo_ground_truth,estimated,3111,259.16666666666663,0.5943861961029149
ergo_ground_truth,estimated,3112,259.25,0.5941249428290338
ergo_ground_truth,estimated,3113,259.33333333333337,0.5938680534934974
ergo_ground_truth,estimated,3114,259.41666666666663,0.593614948757425
ergo_ground_truth,estimated,3115,259.5,0.5933651287654168
ergo_ground_truth,estimated,3116,259.58333333333337,0.5931181639880908
ergo_ground_truth,estimated,3117,259.66666666666663,0.5928736864048276
ergo_ground_truth,estimated,3118,259.75,0.5926314548294059
ergo_ground_truth,estimated,3119,259.83333333333337,0.592391222619862
ergo_ground_truth,estimated,3120,259.91666666666663,0.5921527179528601
ergo_ground_truth,estimated,3121,260.0,0.5919157095214492
ergo_ground_truth,estimated,3122,260.08333333333337,0.5916800236426111
ergo_ground_truth,estimated,3123,260.16666666666663,0.5914454600384604
ergo_ground_truth,estimated,3124,260.25,0.5912121060235787
ergo_ground_truth,estimated,3125,260.33333333333337,0.590978080413645
ergo_ground_truth,estimated,3126,260.41666666666663,0.5907484482170107
ergo_ground_truth,estimated,3127,260.5,0.5905208752756989
ergo_ground_truth,estimated,3128,260.58333333333337,0.5902902681362073
ergo_ground_truth,estimated,3129,260.66666666666663,0.5900593606732948
ergo_ground_truth,estimated,3130,260.75,0.5898289521941454
ergo_ground_truth,estimated,3131,260.83333333333337,0.5895992645863414
ergo_ground_truth,estimated,3132,260.91666666666663,0.5893703085739933
ergo_ground_truth,estimated,3133,261.0,0.5891420256355689
ergo_ground_truth,estimated,3134,261.08333333333337,0.5889143485647419
ergo_ground_truth,estimated,3135,261.16666666666663,0.588687224005784
ergo_ground_truth,estimated,3136,261.25,0.588460617267189
ergo_ground_truth,estimated,3137,261.33333333333337,0.588234510206338
ergo_ground_truth,estimated,3138,261.41666666666663,0.5880088973744452
ergo_ground_truth,estimated,3139,261.5,0.5877837824654633
ergo_ground_truth,estimated,3140,261.58333333333337,0.5875591755543609
ergo_ground_truth,estimated,3141,261.66666666666663,0.5873350676205792
ergo_ground_truth,estimated,3142,261.75,0.587111412358153
ergo_ground_truth,estimated,3143,261.83333333333337,0.5868881969040857
ergo_ground_truth,estimated,3144,261.91666666666663,0.586665428008895
ergo_ground_truth,estimated,3145,262.0,0.5864431235358373
ergo_ground_truth,estimated,3146,262.08333333333337,0.5862213089555622
ergo_ground_truth,estimated,3147,262.16666666666663,0.5860000154954562
ergo_ground_truth,estimated,3148,262.25,0.585779278880785
ergo_ground_truth,estimated,3149,262.33333333333337,0.5855591383717345
ergo_ground_truth,estimated,3150,262.41666666666663,0.5853396359988445
ergo_ground_truth,estimated,3151,262.5,0.5851208159444716
ergo_ground_truth,estimated,3152,262.58333333333337,0.5849027240319548
ergo_ground_truth,estimated,3153,262.66666666666663,0.5846854072927963
ergo_ground_truth,estimated,3154,262.75,0.5844689135890946
ergo_ground_truth,estimated,3155,262.83333333333337,0.5842532912741056
ergo_ground_truth,estimated,3156,262.91666666666663,0.5840385888783299
ergo_ground_truth,estimated,3157,263.0,0.5838248454813945
ergo_ground_truth,estimated,3158,263.08333333333337,0.5836121197162719
ergo_ground_truth,estimated,3159,263.16666666666663,0.5834004758818825
ergo_ground_truth,estimated,3160,263.25,0.583189951322121
ergo_ground_truth,estimated,3161,263.33333333333337,0.5829805917456318
ergo_ground_truth,estimated,3162,263.41666666666663,0.5827724370243247
ergo_ground_truth,estimated,3163,263.5,0.5825655274833657
ergo_ground_truth,estimated,3164,263.58333333333337,0.5823599005162956
ergo_ground_truth,estimated,3165,263.66666666666663,0.5821555920452132
ergo_ground_truth,estimated,3166,263.75,0.581952635411224
ergo_ground_truth,estimated,3167,263.83333333333337,0.5817510616846224
ergo_ground_truth,estimated,3168,263.91666666666663,0.5815508991994828
ergo_ground_truth,estimated,3169,264.0,0.5813521954190294
ergo_ground_truth,estimated,3170,264.08333333333337,0.5811549771111536
ergo_ground_truth,estimated,3171,264.16666666666663,0.5809592557980063
ergo_ground_truth,estimated,3172,264.25,0.5807650384455861
ergo_ground_truth,estimated,3173,264.33333333333337,0.580572332643664
ergo_ground_truth,estimated,3174,264.41666666666663,0.5803811392788137
ergo_ground_truth,estimated,3175,264.5,0.580191462352011
ergo_ground_truth,estimated,3176,264.58333333333337,0.5800032968852344
ergo_ground_truth,estimated,3177,264.66666666666663,0.5798166437776959
ergo_ground_truth,estimated,3178,264.75,0.5796314921297046
ergo_ground_truth,estimated,3179,264.83333333333337,0.5794478404470809
ergo_ground_truth,estimated,3180,264.91666666666663,0.5792656717502938
ergo_ground_truth,estimated,3181,265.0,0.5790849830826016
ergo_ground_truth,estimated,3182,265.08333333333337,0.5789057511995297
ergo_ground_truth,estimated,3183,265.16666666666663,0.5787279727624671
ergo_ground_truth,estimated,3184,265.25,0.5785516180762312
ergo_ground_truth,estimated,3185,265.33333333333337,0.5783766845787137
ergo_ground_truth,estimated,3186,265.41666666666663,0.5782029562717357
ergo_ground_truth,estimated,3187,265.5,0.5780303809635384
ergo_ground_truth,estimated,3188,265.58333333333337,0.5778590231053307
ergo_ground_truth,estimated,3189,265.66666666666663,0.5776887838170878
ergo_ground_truth,estimated,3190,265.75,0.577519754222109
ergo_ground_truth,estimated,3191,265.83333333333337,0.5773517867561537
ergo_ground_truth,estimated,3192,265.91666666666663,0.5771850197097521
ergo_ground_truth,estimated,3193,266.0,0.5770192498889598
ergo_ground_truth,estimated,3194,266.08333333333337,0.5768544465991361
ergo_ground_truth,estimated,3195,266.16666666666663,0.5766904352653319
ergo_ground_truth,estimated,3196,266.25,0.5765275341916422
ergo_ground_truth,estimated,3197,266.33333333333337,0.57636508329141
ergo_ground_truth,estimated,3198,266.41666666666663,0.5762037881441356
ergo_ground_truth,estimated,3199,266.5,0.5760432065819706
ergo_ground_truth,estimated,3200,266.58333333333337,0.5758836622898397
ergo_ground_truth,estimated,3201,266.66666666666663,0.5757249579017901
ergo_ground_truth,estimated,3202,266.75,0.5755672072436684
ergo_ground_truth,estimated,3203,266.83333333333337,0.575410331887395
ergo_ground_truth,estimated,3204,266.91666666666663,0.5752543642495491
ergo_ground_truth,estimated,3205,267.0,0.5750992722257694
ergo_ground_truth,estimated,3206,267.08333333333337,0.5749450599945545
ergo_ground_truth,estimated,3207,267.16666666666663,0.5747917116520175
ergo_ground_truth,estimated,3208,267.25,0.5746391848718737
ergo_ground_truth,estimated,3209,267.33333333333337,0.5744874339565936
ergo_ground_truth,estimated,3210,267.41666666666663,0.5743364833186999
ergo_ground_truth,estimated,3211,267.5,0.5741863209430856
ergo_ground_truth,estimated,3212,267.58333333333337,0.574036950713494
ergo_ground_truth,estimated,3213,267.66666666666663,0.5738883680188034
ergo_ground_truth,estimated,3214,267.75,0.5737405712418492
ergo_ground_truth,estimated,3215,267.83333333333337,0.5735935568276042
ergo_ground_truth,estimated,3216,267.91666666666663,0.5734473215761816
ergo_ground_truth,estimated,3217,268.0,0.5733018576947949
ergo_ground_truth,estimated,3218,268.08333333333337,0.5731571187946412
ergo_ground_truth,estimated,3219,268.16666666666663,0.5730130655222436
ergo_ground_truth,estimated,3220,268.25,0.5728697208181928
ergo_ground_truth,estimated,3221,268.33333333333337,0.5727270835372673
ergo_ground_truth,estimated,3222,268.41666666666663,0.5725851582337748
ergo_ground_truth,estimated,3223,268.5,0.5724439459112546
ergo_ground_truth,estimated,3224,268.58333333333337,0.5723034472167235
ergo_ground_truth,estimated,3225,268.66666666666663,0.5721636656225226
ergo_ground_truth,estimated,3226,268.75,0.5720246139232577
ergo_ground_truth,estimated,3227,268.83333333333337,0.5718862962428879
ergo_ground_truth,estimated,3228,268.91666666666663,0.5717487054513665
ergo_ground_truth,estimated,3229,269.0,0.5716118371094532
ergo_ground_truth,estimated,3230,269.08333333333337,0.5714756863413839
ergo_ground_truth,estimated,3231,269.16666666666663,0.5713402485119664
ergo_ground_truth,estimated,3232,269.25,0.5712055190977054
ergo_ground_truth,estimated,3233,269.33333333333337,0.5710714937068023
ergo_ground_truth,estimated,3234,269.41666666666663,0.5709381680688392
ergo_ground_truth,estimated,3235,269.5,0.5708055380274814
ergo_ground_truth,estimated,3236,269.58333333333337,0.5706735995320865
ergo_ground_truth,estimated,3237,269.66666666666663,0.5705423486295681
ergo_ground_truth,estimated,3238,269.75,0.5704117814567763
ergo_ground_truth,estimated,3239,269.83333333333337,0.5702819085750169
ergo_ground_truth,estimated,3240,269.91666666666663,0.5701527559930093
ergo_ground_truth,estimated,3241,270.0,0.5700243221525282
ergo_ground_truth,estimated,3242,270.08333333333337,0.5698965976066638
ergo_ground_truth,estimated,3243,270.16666666666663,0.5697695739322146
ergo_ground_truth,estimated,3244,270.25,0.5696432436158887
ergo_ground_truth,estimated,3245,270.33333333333337,0.5695175999644663
ergo_ground_truth,estimated,3246,270.41666666666663,0.5693926370108321
ergo_ground_truth,estimated,3247,270.5,0.5692683494229837
ergo_ground_truth,estimated,3248,270.58333333333337,0.5691447324201796
ergo_ground_truth,estimated,3249,270.66666666666663,0.5690217816982129
ergo_ground_truth,estimated,3250,270.75,0.5688994933644418
ergo_ground_truth,estimated,3251,270.83333333333337,0.5687778638823945
ergo_ground_truth,estimated,3252,270.91666666666663,0.5686568900253196
ergo_ground_truth,estimated,3253,271.0,0.5685365688378262
ergo_ground_truth,estimated,3254,271.08333333333337,0.5684168976046831
ergo_ground_truth,estimated,3255,271.16666666666663,0.568297873825857
ergo_ground_truth,estimated,3256,271.25,0.5681794951969219
ergo_ground_truth,estimated,3257,271.33333333333337,0.5680617595940588
ergo_ground_truth,estimated,3258,271.41666666666663,0.5679446650629515
ergo_ground_truth,estimated,3259,271.5,0.5678282098109814
ergo_ground_truth,estimated,3260,271.58333333333337,0.567712392202204
ergo_ground_truth,estimated,3261,271.66666666666663,0.5675972107546725
ergo_ground_truth,estimated,3262,271.75,0.5674826641397397
ergo_ground_truth,estimated,3263,271.83333333333337,0.5673687511830279
ergo_ground_truth,estimated,3264,271.91666666666663,0.5672554708668065
ergo_ground_truth,estimated,3265,272.0,0.5671428223335571
ergo_ground_truth,estimated,3266,272.08333333333337,0.5670308048905331
ergo_ground_truth,estimated,3267,272.16666666666663,0.5669194180151519
ergo_ground_truth,estimated,3268,272.25,0.5668086613610648
ergo_ground_truth,estimated,3269,272.33333333333337,0.5666985315560886
ergo_ground_truth,estimated,3270,272.41666666666663,0.5665890000280118
ergo_ground_truth,estimated,3271,272.5,0.5664800302239761
ergo_ground_truth,estimated,3272,272.58333333333337,0.5663716187534087
ergo_ground_truth,estimated,3273,272.66666666666663,0.5662637704296293
ergo_ground_truth,estimated,3274,272.75,0.5661564932585931
ergo_ground_truth,estimated,3275,272.83333333333337,0.5660497960228331
ergo_ground_truth,estimated,3276,272.91666666666663,0.565943687180607
ergo_ground_truth,estimated,3277,273.0,0.5658381744324296
ergo_ground_truth,estimated,3278,273.08333333333337,0.5657332646218368
ergo_ground_truth,estimated,3279,273.16666666666663,0.5656289262827988
ergo_ground_truth,estimated,3280,273.25,0.5655250678664692
ergo_ground_truth,estimated,3281,273.33333333333337,0.5654216254513106
ergo_ground_truth,estimated,3282,273.41666666666663,0.5653185775307185
ergo_ground_truth,estimated,3283,273.5,0.5652159146684822
ergo_ground_truth,estimated,3284,273.58333333333337,0.5651135812978005
ergo_ground_truth,estimated,3285,273.66666666666663,0.5650115170755948
ergo_ground_truth,estimated,3286,273.75,0.5649097049706034
ergo_ground_truth,estimated,3287,273.83333333333337,0.5648081524260249
ergo_ground_truth,estimated,3288,273.91666666666663,0.5647068791865693
ergo_ground_truth,estimated,3289,274.0,0.5646059098253208
ergo_ground_truth,estimated,3290,274.08333333333337,0.5645052693776005
ergo_ground_truth,estimated,3291,274.16666666666663,0.5644049809345599
ergo_ground_truth,estimated,3292,274.25,0.5643050644261135
ergo_ground_truth,estimated,3293,274.33333333333337,0.5642055361003511
ergo_ground_truth,estimated,3294,274.41666666666663,0.5641064083951519
ergo_ground_truth,estimated,3295,274.5,0.5640076900188786
ergo_ground_truth,estimated,3296,274.58333333333337,0.5639093861315232
ergo_ground_truth,estimated,3297,274.66666666666663,0.5638114985618926
ergo_ground_truth,estimated,3298,274.75,0.5637140260219855
ergo_ground_truth,estimated,3299,274.83333333333337,0.5636169642943879
ergo_ground_truth,estimated,3300,274.91666666666663,0.5635203063772996
ergo_ground_truth,estimated,3301,275.0,0.5634240425780621
ergo_ground_truth,estimated,3302,275.08333333333337,0.5633281585603757
ergo_ground_truth,estimated,3303,275.16666666666663,0.5632326242647266
ergo_ground_truth,estimated,3304,275.25,0.5631373942793856
ergo_ground_truth,estimated,3305,275.33333333333337,0.5630424271469279
ergo_ground_truth,estimated,3306,275.41666666666663,0.5629476885314594
ergo_ground_truth,estimated,3307,275.5,0.5628531590382655
ergo_ground_truth,estimated,3308,275.58333333333337,0.562758834096078
ergo_ground_truth,estimated,3309,275.66666666666663,0.562664733003271
ergo_ground_truth,estimated,3310,275.75,0.5625709322125502
ergo_ground_truth,estimated,3311,275.83333333333337,0.5624776449221637
ergo_ground_truth,estimated,3312,275.91666666666663,0.5623853995233264
ergo_ground_truth,estimated,3313,276.0,0.5622953948377579
ergo_ground_truth,estimated,3314,276.08333333333337,0.5622100103313242
ergo_ground_truth,estimated,3315,276.16666666666663,0.5621317593850618
ergo_ground_truth,estimated,3316,276.25,0.5620628562922184
ergo_ground_truth,estimated,3317,276.33333333333337,0.5620063234288456
ergo_ground_truth,estimated,3318,276.41666666666663,0.561966587078034
ergo_ground_truth,estimated,3319,276.5,0.5619502545366428
ergo_ground_truth,estimated,3320,276.58333333333337,0.5619674255063167
ergo_ground_truth,estimated,3321,276.66666666666663,0.562034200172554
ergo_ground_truth,estimated,3322,276.75,0.5621750557514045
ergo_ground_truth,estimated,3323,276.83333333333337,0.5623988817047406
ergo_ground_truth,estimated,3324,276.91666666666663,0.5626401336252124
ergo_ground_truth,estimated,3325,277.0,0.5629497633491432
ergo_ground_truth,estimated,3326,277.08333333333337,0.5633800135216869
ergo_ground_truth,estimated,3327,277.16666666666663,0.5638559658199431
ergo_ground_truth,estimated,3328,277.25,0.5643010200888455
ergo_ground_truth,estimated,3329,277.33333333333337,0.5647587924550198
ergo_ground_truth,estimated,3330,277.41666666666663,0.5653089850155588
ergo_ground_truth,estimated,3331,277.5,0.5659247742575588
ergo_ground_truth,estimated,3332,277.58333333333337,0.5665317961091935
ergo_ground_truth,estimated,3333,277.66666666666663,0.5670948351892848
ergo_ground_truth,estimated,3334,277.75,0.5676407113136495
ergo_ground_truth,estimated,3335,277.83333333333337,0.5682077818642437
ergo_ground_truth,estimated,3336,277.91666666666663,0.5687765112312527
ergo_ground_truth,estimated,3337,278.0,0.5692702830050188
ergo_ground_truth,estimated,3338,278.08333333333337,0.569669795693765
ergo_ground_truth,estimated,3339,278.16666666666663,0.570148046557663
ergo_ground_truth,estimated,3340,278.25,0.5707232073456102
ergo_ground_truth,estimated,3341,278.33333333333337,0.5712778178819822
ergo_ground_truth,estimated,3342,278.41666666666663,0.5717531738767626
ergo_ground_truth,estimated,3343,278.5,0.5722330848287968
ergo_ground_truth,estimated,3344,278.58333333333337,0.5727625923113329
ergo_ground_truth,estimated,3345,278.66666666666663,0.5732994562997459
ergo_ground_truth,estimated,3346,278.75,0.5737870147527954
ergo_ground_truth,estimated,3347,278.83333333333337,0.5741894528327182
ergo_ground_truth,estimated,3348,278.91666666666663,0.5745409976997102
ergo_ground_truth,estimated,3349,279.0,0.5749457276249303
ergo_ground_truth,estimated,3350,279.08333333333337,0.575398148040965
ergo_ground_truth,estimated,3351,279.16666666666663,0.575832177505294
ergo_ground_truth,estimated,3352,279.25,0.5762387664712582
ergo_ground_truth,estimated,3353,279.33333333333337,0.5766265842106115
ergo_ground_truth,estimated,3354,279.41666666666663,0.5769788945719999
ergo_ground_truth,estimated,3355,279.5,0.5773180027810573
ergo_ground_truth,estimated,3356,279.58333333333337,0.5776731144452202
ergo_ground_truth,estimated,3357,279.66666666666663,0.5780350085280699
ergo_ground_truth,estimated,3358,279.75,0.5783864824505757
ergo_ground_truth,estimated,3359,279.83333333333337,0.5786865618340432
ergo_ground_truth,estimated,3360,279.91666666666663,0.578867027675015
ergo_ground_truth,estimated,3361,280.0,0.5790572068318557
ergo_ground_truth,estimated,3362,280.08333333333337,0.5793751884591551
ergo_ground_truth,estimated,3363,280.16666666666663,0.5797370024549555
ergo_ground_truth,estimated,3364,280.25,0.5800476340510662
ergo_ground_truth,estimated,3365,280.33333333333337,0.5803032270529407
ergo_ground_truth,estimated,3366,280.41666666666663,0.5805543815579902
ergo_ground_truth,estimated,3367,280.5,0.580814769671712
ergo_ground_truth,estimated,3368,280.58333333333337,0.5810551083304522
ergo_ground_truth,estimated,3369,280.66666666666663,0.5812429413817092
ergo_ground_truth,estimated,3370,280.75,0.5813912458035944
ergo_ground_truth,estimated,3371,280.83333333333337,0.581552730569931
ergo_ground_truth,estimated,3372,280.91666666666663,0.5817294710747555
ergo_ground_truth,estimated,3373,281.0,0.5818588953120154
ergo_ground_truth,estimated,3374,281.08333333333337,0.5819129608580746
ergo_ground_truth,estimated,3375,281.16666666666663,0.5820090390665453
ergo_ground_truth,estimated,3376,281.25,0.5821670326443791
ergo_ground_truth,estimated,3377,281.33333333333337,0.5822993645051694
ergo_ground_truth,estimated,3378,281.41666666666663,0.5823295168274598
ergo_ground_truth,estimated,3379,281.5,0.5823854288148355
ergo_ground_truth,estimated,3380,281.58333333333337,0.5825356793510945
ergo_ground_truth,estimated,3381,281.66666666666663,0.5827015477115354
ergo_ground_truth,estimated,3382,281.75,0.5828083102819327
ergo_ground_truth,estimated,3383,281.83333333333337,0.5829098902674013
ergo_ground_truth,estimated,3384,281.91666666666663,0.5830830355869646
ergo_ground_truth,estimated,3385,282.0,0.5833079750282554
ergo_ground_truth,estimated,3386,282.08333333333337,0.5835325733637234
ergo_ground_truth,estimated,3387,282.16666666666663,0.5837031441423333
ergo_ground_truth,estimated,3388,282.25,0.5837915905787603
ergo_ground_truth,estimated,3389,282.33333333333337,0.5839233685451576
ergo_ground_truth,estimated,3390,282.41666666666663,0.5841374000739767
ergo_ground_truth,estimated,3391,282.5,0.5843432051386523
ergo_ground_truth,estimated,3392,282.58333333333337,0.584437243047093
ergo_ground_truth,estimated,3393,282.66666666666663,0.5845745424427066
ergo_ground_truth,estimated,3394,282.75,0.5848427312915911
ergo_ground_truth,estimated,3395,282.83333333333337,0.5851411967571861
ergo_ground_truth,estimated,3396,282.91666666666663,0.585338406822468
ergo_ground_truth,estimated,3397,283.0,0.5854842046941373
ergo_ground_truth,estimated,3398,283.08333333333337,0.585767908360864
ergo_ground_truth,estimated,3399,283.16666666666663,0.5861238332203447
ergo_ground_truth,estimated,3400,283.25,0.5864123576247775
ergo_ground_truth,estimated,3401,283.33333333333337,0.5865946391129442
ergo_ground_truth,estimated,3402,283.41666666666663,0.5868701630052825
ergo_ground_truth,estimated,3403,283.5,0.5872477373932846
ergo_ground_truth,estimated,3404,283.58333333333337,0.5876045005592354
ergo_ground_truth,estimated,3405,283.66666666666663,0.587866082474576
ergo_ground_truth,estimated,3406,283.75,0.5881384915665695
ergo_ground_truth,estimated,3407,283.83333333333337,0.5884958745033487
ergo_ground_truth,estimated,3408,283.91666666666663,0.5888729076632636
ergo_ground_truth,estimated,3409,284.0,0.5891946844617748
ergo_ground_truth,estimated,3410,284.08333333333337,0.5894856046820875
ergo_ground_truth,estimated,3411,284.16666666666663,0.5898108640324123
ergo_ground_truth,estimated,3412,284.25,0.5901651194462656
ergo_ground_truth,estimated,3413,284.33333333333337,0.5904956699579053
ergo_ground_truth,estimated,3414,284.41666666666663,0.5907850256976885
ergo_ground_truth,estimated,3415,284.5,0.5910739904276695
ergo_ground_truth,estimated,3416,284.58333333333337,0.5913925888571366
ergo_ground_truth,estimated,3417,284.66666666666663,0.591707284018569
ergo_ground_truth,estimated,3418,284.75,0.5919667838198878
ergo_ground_truth,estimated,3419,284.83333333333337,0.5921984362190056
ergo_ground_truth,estimated,3420,284.91666666666663,0.5924823877973702
ergo_ground_truth,estimated,3421,285.0,0.5928000538553091
ergo_ground_truth,estimated,3422,285.08333333333337,0.593049232104419
ergo_ground_truth,estimated,3423,285.16666666666663,0.593202632696792
ergo_ground_truth,estimated,3424,285.25,0.5934504102683655
ergo_ground_truth,estimated,3425,285.33333333333337,0.5937954391719135
ergo_ground_truth,estimated,3426,285.41666666666663,0.5941033654156774
ergo_ground_truth,estimated,3427,285.5,0.5942855449198121
ergo_ground_truth,estimated,3428,285.58333333333337,0.5944983991492643
ergo_ground_truth,estimated,3429,285.66666666666663,0.5948167084654052
ergo_ground_truth,estimated,3430,285.75,0.5951450622610593
ergo_ground_truth,estimated,3431,285.83333333333337,0.5953930338576472
ergo_ground_truth,estimated,3432,285.91666666666663,0.5955997736972227
ergo_ground_truth,estimated,3433,286.0,0.595849911387395
ergo_ground_truth,estimated,3434,286.08333333333337,0.596127747150961
ergo_ground_truth,estimated,3435,286.16666666666663,0.5963681752775962
ergo_ground_truth,estimated,3436,286.25,0.5965595376123631
ergo_ground_truth,estimated,3437,286.33333333333337,0.5967543122763459
ergo_ground_truth,estimated,3438,286.41666666666663,0.5969743843364894
ergo_ground_truth,estimated,3439,286.5,0.5971817996548199
ergo_ground_truth,estimated,3440,286.58333333333337,0.5973453679606721
ergo_ground_truth,estimated,3441,286.66666666666663,0.5974927901340258
ergo_ground_truth,estimated,3442,286.75,0.5976601665248742
ergo_ground_truth,estimated,3443,286.83333333333337,0.5978301040048762
ergo_ground_truth,estimated,3444,286.91666666666663,0.5979634951991174
ergo_ground_truth,estimated,3445,287.0,0.5980678106895904
ergo_ground_truth,estimated,3446,287.08333333333337,0.5981832560156839
ergo_ground_truth,estimated,3447,287.16666666666663,0.5983109890865453
ergo_ground_truth,estimated,3448,287.25,0.5984128553000108
ergo_ground_truth,estimated,3449,287.33333333333337,0.5984783081580523
ergo_ground_truth,estimated,3450,287.41666666666663,0.5985432727155642
ergo_ground_truth,estimated,3451,287.5,0.5986260375678488
ergo_ground_truth,estimated,3452,287.58333333333337,0.5986971636553107
ergo_ground_truth,estimated,3453,287.66666666666663,0.5987311570980602
ergo_ground_truth,estimated,3454,287.75,0.5987542544795901
ergo_ground_truth,estimated,3455,287.83333333333337,0.5988019662008746
ergo_ground_truth,estimated,3456,287.91666666666663,0.5988572248864402
ergo_ground_truth,estimated,3457,288.0,0.59887529094424
ergo_ground_truth,estimated,3458,288.08333333333337,0.5988628018050429
ergo_ground_truth,estimated,3459,288.16666666666663,0.5988906139724866
ergo_ground_truth,estimated,3460,288.25,0.5989660252449137
ergo_ground_truth,estimated,3461,288.33333333333337,0.5990144196884764
ergo_ground_truth,estimated,3462,288.41666666666663,0.5989936418365708
ergo_ground_truth,estimated,3463,288.5,0.5990446896354088
ergo_ground_truth,estimated,3464,288.58333333333337,0.5992019301130554
ergo_ground_truth,estimated,3465,288.66666666666663,0.5993936954616891
ergo_ground_truth,estimated,3466,288.75,0.5995568289308087
ergo_ground_truth,estimated,3467,288.83333333333337,0.5996508223336063
ergo_ground_truth,estimated,3468,288.91666666666663,0.5996874479448913
ergo_ground_truth,estimated,3469,289.0,0.5998087718028019
ergo_ground_truth,estimated,3470,289.08333333333337,0.6000230138467731
ergo_ground_truth,estimated,3471,289.16666666666663,0.6002441034407173
ergo_ground_truth,estimated,3472,289.25,0.6004558628810526
ergo_ground_truth,estimated,3473,289.33333333333337,0.6006610601974894
ergo_ground_truth,estimated,3474,289.41666666666663,0.6008099338245663
ergo_ground_truth,estimated,3475,289.5,0.6006411357818363
ergo_ground_truth,estimated,3476,289.58333333333337,0.6002960177121561
ergo_ground_truth,estimated,3477,289.66666666666663,0.5998910603620515
ergo_ground_truth,estimated,3478,289.75,0.5994846490686401
ergo_ground_truth,estimated,3479,289.83333333333337,0.5990362685083396
ergo_ground_truth,estimated,3480,289.91666666666663,0.5986054962787705
ergo_ground_truth,estimated,3481,290.0,0.5982393175360164
ergo_ground_truth,estimated,3482,290.08333333333337,0.5979331838198527
ergo_ground_truth,estimated,3483,290.16666666666663,0.5976705219190359
ergo_ground_truth,estimated,3484,290.25,0.5974537911005383
ergo_ground_truth,estimated,3485,290.33333333333337,0.5973107193954137
ergo_ground_truth,estimated,3486,290.41666666666663,0.5971476229454856
ergo_ground_truth,estimated,3487,290.5,0.5968344118208949
ergo_ground_truth,estimated,3488,290.58333333333337,0.5964538747711855
ergo_ground_truth,estimated,3489,290.66666666666663,0.5960698120938837
ergo_ground_truth,estimated,3490,290.75,0.5957040069789099
ergo_ground_truth,estimated,3491,290.83333333333337,0.5953507380282446
ergo_ground_truth,estimated,3492,290.91666666666663,0.59499921757817
ergo_ground_truth,estimated,3493,291.0,0.5946517743956733
ergo_ground_truth,estimated,3494,291.08333333333337,0.5943470146924268
ergo_ground_truth,estimated,3495,291.16666666666663,0.5940665942666438
ergo_ground_truth,estimated,3496,291.25,0.5937601527882195
ergo_ground_truth,estimated,3497,291.33333333333337,0.5934443783771455
ergo_ground_truth,estimated,3498,291.41666666666663,0.593125303437235
ergo_ground_truth,estimated,3499,291.5,0.5928113352948774
ergo_ground_truth,estimated,3500,291.58333333333337,0.5925028901117891
ergo_ground_truth,estimated,3501,291.66666666666663,0.592199643159032
ergo_ground_truth,estimated,3502,291.75,0.5919017160408272
ergo_ground_truth,estimated,3503,291.83333333333337,0.5916086416562205
ergo_ground_truth,estimated,3504,291.91666666666663,0.591320579338641
ergo_ground_truth,estimated,3505,292.0,0.59103656037053
ergo_ground_truth,estimated,3506,292.08333333333337,0.5907731936423807
ergo_ground_truth,estimated,3507,292.16666666666663,0.590494302726807
ergo_ground_truth,estimated,3508,292.25,0.5902302566820664
ergo_ground_truth,estimated,3509,292.33333333333337,0.5899844913131654
ergo_ground_truth,estimated,3510,292.41666666666663,0.5897076062146073
ergo_ground_truth,estimated,3511,292.5,0.5894393684405193
ergo_ground_truth,estimated,3512,292.58333333333337,0.5891790758234298
ergo_ground_truth,estimated,3513,292.66666666666663,0.5889191251235468
ergo_ground_truth,estimated,3514,292.75,0.5886641394269081
ergo_ground_truth,estimated,3515,292.83333333333337,0.5884446093917951
ergo_ground_truth,estimated,3516,292.91666666666663,0.5882202232345025
ergo_ground_truth,estimated,3517,293.0,0.587968115465766
ergo_ground_truth,estimated,3518,293.08333333333337,0.5877162963944775
ergo_ground_truth,estimated,3519,293.16666666666663,0.5874984242655339
ergo_ground_truth,estimated,3520,293.25,0.5873251987936382
ergo_ground_truth,estimated,3521,293.33333333333337,0.5871806481528437
ergo_ground_truth,estimated,3522,293.41666666666663,0.5870253104976768
ergo_ground_truth,estimated,3523,293.5,0.586859745709469
ergo_ground_truth,estimated,3524,293.58333333333337,0.5867206365663852
ergo_ground_truth,estimated,3525,293.66666666666663,0.5865582182508046
ergo_ground_truth,estimated,3526,293.75,0.5863909455891806
ergo_ground_truth,estimated,3527,293.83333333333337,0.5861824470861193
ergo_ground_truth,estimated,3528,293.91666666666663,0.5859286075796653
ergo_ground_truth,estimated,3529,294.0,0.5856511369858687
ergo_ground_truth,estimated,3530,294.08333333333337,0.5853532979357652
ergo_ground_truth,estimated,3531,294.16666666666663,0.585063406430239
ergo_ground_truth,estimated,3532,294.25,0.5848177843709357
ergo_ground_truth,estimated,3533,294.33333333333337,0.5846290226096186
ergo_ground_truth,estimated,3534,294.41666666666663,0.5844967455880435
ergo_ground_truth,estimated,3535,294.5,0.5844304250293405
ergo_ground_truth,estimated,3536,294.58333333333337,0.5844531038405171
ergo_ground_truth,estimated,3537,294.66666666666663,0.5845529946371022
ergo_ground_truth,estimated,3538,294.75,0.5846614595348757
ergo_ground_truth,estimated,3539,294.83333333333337,0.5846890278344198
ergo_ground_truth,estimated,3540,294.91666666666663,0.5847222824379286
ergo_ground_truth,estimated,3541,295.0,0.5847972448827373
ergo_ground_truth,estimated,3542,295.08333333333337,0.5849050068492365
ergo_ground_truth,estimated,3543,295.16666666666663,0.584981201960346
ergo_ground_truth,estimated,3544,295.25,0.5850239954890759
ergo_ground_truth,estimated,3545,295.33333333333337,0.5851169116839444
ergo_ground_truth,estimated,3546,295.41666666666663,0.5852651213862038
ergo_ground_truth,estimated,3547,295.5,0.5854219196444023
ergo_ground_truth,estimated,3548,295.58333333333337,0.5855648252950186
ergo_ground_truth,estimated,3549,295.66666666666663,0.5856953897231799
ergo_ground_truth,estimated,3550,295.75,0.585843861616171
ergo_ground_truth,estimated,3551,295.83333333333337,0.5860446478499146
ergo_ground_truth,estimated,3552,295.91666666666663,0.5862583638702098
ergo_ground_truth,estimated,3553,296.0,0.5864217121691375
ergo_ground_truth,estimated,3554,296.08333333333337,0.5865924451458173
ergo_ground_truth,estimated,3555,296.16666666666663,0.5868383674450145
ergo_ground_truth,estimated,3556,296.25,0.5871227973954188
ergo_ground_truth,estimated,3557,296.33333333333337,0.5873816760619475
ergo_ground_truth,estimated,3558,296.41666666666663,0.5876001938459124
ergo_ground_truth,estimated,3559,296.5,0.5878174543274689
ergo_ground_truth,estimated,3560,296.58333333333337,0.5880549414366225
ergo_ground_truth,estimated,3561,296.66666666666663,0.5882887361348804
ergo_ground_truth,estimated,3562,296.75,0.5884920396878458
ergo_ground_truth,estimated,3563,296.83333333333337,0.5886816827691146
ergo_ground_truth,estimated,3564,296.91666666666663,0.5888901761572766
ergo_ground_truth,estimated,3565,297.0,0.589109435416509
ergo_ground_truth,estimated,3566,297.08333333333337,0.5893037001776119
ergo_ground_truth,estimated,3567,297.16666666666663,0.5894730962230335
ergo_ground_truth,estimated,3568,297.25,0.5896585009419371
ergo_ground_truth,estimated,3569,297.33333333333337,0.5898669259660726
ergo_ground_truth,estimated,3570,297.41666666666663,0.5900563618690166
ergo_ground_truth,estimated,3571,297.5,0.5902066038137987
ergo_ground_truth,estimated,3572,297.58333333333337,0.5903649410017563
ergo_ground_truth,estimated,3573,297.66666666666663,0.5905598089877816
ergo_ground_truth,estimated,3574,297.75,0.5907507575063046
ergo_ground_truth,estimated,3575,297.83333333333337,0.5908972986809139
ergo_ground_truth,estimated,3576,297.91666666666663,0.5910386436910707
ergo_ground_truth,estimated,3577,298.0,0.5912224683264018
ergo_ground_truth,estimated,3578,298.08333333333337,0.5914225250814594
ergo_ground_truth,estimated,3579,298.16666666666663,0.5915910302921674
ergo_ground_truth,estimated,3580,298.25,0.5917403286925066
ergo_ground_truth,estimated,3581,298.33333333333337,0.591915339734831
ergo_ground_truth,estimated,3582,298.41666666666663,0.5921131989803253
ergo_ground_truth,estimated,3583,298.5,0.5922942019432281
ergo_ground_truth,estimated,3584,298.58333333333337,0.5924454218194628
ergo_ground_truth,estimated,3585,298.66666666666663,0.5925978632463409
ergo_ground_truth,estimated,3586,298.75,0.5927714750951437
ergo_ground_truth,estimated,3587,298.83333333333337,0.5929379193977282
ergo_ground_truth,estimated,3588,298.91666666666663,0.5930579366509152
ergo_ground_truth,estimated,3589,299.0,0.5931548748271385
ergo_ground_truth,estimated,3590,299.08333333333337,0.5932899031075238
ergo_ground_truth,estimated,3591,299.16666666666663,0.593445857269056
ergo_ground_truth,estimated,3592,299.25,0.5935392208376712
ergo_ground_truth,estimated,3593,299.33333333333337,0.5935513155549778
ergo_ground_truth,estimated,3594,299.41666666666663,0.5936482724665079
ergo_ground_truth,estimated,3595,299.5,0.5938234157606339
ergo_ground_truth,estimated,3596,299.58333333333337,0.5939731606976288
ergo_ground_truth,estimated,3597,299.66666666666663,0.5940456955366837
ergo_ground_truth,estimated,3598,299.75,0.5941298593587655
ergo_ground_truth,estimated,3599,299.83333333333337,0.5942695333167782
ergo_ground_truth,estimated,3600,299.91666666666663,0.594417428119192
ergo_ground_truth,estimated,3601,300.0,0.5945266417870648
ergo_ground_truth,estimated,3602,300.08333333333337,0.5946016164896442
ergo_ground_truth,estimated,3603,300.16666666666663,0.5946715143032384
ergo_ground_truth,estimated,3604,300.25,0.5947454395672358
ergo_ground_truth,estimated,3605,300.33333333333337,0.5947981177178768
ergo_ground_truth,estimated,3606,300.41666666666663,0.5947928606438407
ergo_ground_truth,estimated,3607,300.5,0.5947583784700269
ergo_ground_truth,estimated,3608,300.58333333333337,0.5947699641327953
ergo_ground_truth,estimated,3609,300.66666666666663,0.5948083947699576
ergo_ground_truth,estimated,3610,300.75,0.5948130505355489
ergo_ground_truth,estimated,3611,300.83333333333337,0.5947840366434868
ergo_ground_truth,estimated,3612,300.91666666666663,0.5947773622984852
ergo_ground_truth,estimated,3613,301.0,0.5947995494559263
ergo_ground_truth,estimated,3614,301.08333333333337,0.5948215185573311
ergo_ground_truth,estimated,3615,301.16666666666663,0.5947221633689901
ergo_ground_truth,estimated,3616,301.25,0.5944315321024821
ergo_ground_truth,estimated,3617,301.33333333333337,0.5940771273988084
ergo_ground_truth,estimated,3618,301.41666666666663,0.5937223201098392
ergo_ground_truth,estimated,3619,301.5,0.5934097047344031
ergo_ground_truth,estimated,3620,301.58333333333337,0.5931514298247682
ergo_ground_truth,estimated,3621,301.66666666666663,0.5929353276753364
ergo_ground_truth,estimated,3622,301.75,0.5927416405644145
ergo_ground_truth,estimated,3623,301.83333333333337,0.5925750634192407
ergo_ground_truth,estimated,3624,301.91666666666663,0.5924487852043342
ergo_ground_truth,estimated,3625,302.0,0.5923499940187904
ergo_ground_truth,estimated,3626,302.08333333333337,0.5922531212187208
ergo_ground_truth,estimated,3627,302.16666666666663,0.592156163296583
ergo_ground_truth,estimated,3628,302.25,0.5920791374603017
ergo_ground_truth,estimated,3629,302.33333333333337,0.5920253646554569
ergo_ground_truth,estimated,3630,302.41666666666663,0.5919695460937344
ergo_ground_truth,estimated,3631,302.5,0.591893675511387
ergo_ground_truth,estimated,3632,302.58333333333337,0.5918250063345456
ergo_ground_truth,estimated,3633,302.66666666666663,0.5917906856880034
ergo_ground_truth,estimated,3634,302.75,0.5917627648458434
ergo_ground_truth,estimated,3635,302.83333333333337,0.5916877926316957
ergo_ground_truth,estimated,3636,302.91666666666663,0.5915973989802005
ergo_ground_truth,estimated,3637,303.0,0.5915755669251509
ergo_ground_truth,estimated,3638,303.08333333333337,0.5915957172618334
ergo_ground_truth,estimated,3639,303.16666666666663,0.5915731691104655
ergo_ground_truth,estimated,3640,303.25,0.5914994849301248
ergo_ground_truth,estimated,3641,303.33333333333337,0.5914960395369064
ergo_ground_truth,estimated,3642,303.41666666666663,0.5915599198823615
ergo_ground_truth,estimated,3643,303.5,0.591620382919598
ergo_ground_truth,estimated,3644,303.58333333333337,0.5916415435132828
ergo_ground_truth,estimated,3645,303.66666666666663,0.591664476174569
ergo_ground_truth,estimated,3646,303.75,0.5917205305025609
ergo_ground_truth,estimated,3647,303.83333333333337,0.5917891472806802
ergo_ground_truth,estimated,3648,303.91666666666663,0.5918377177549372
ergo_ground_truth,estimated,3649,304.0,0.5918664402311388
ergo_ground_truth,estimated,3650,304.08333333333337,0.591903789470612
ergo_ground_truth,estimated,3651,304.16666666666663,0.5919599781433964
ergo_ground_truth,estimated,3652,304.25,0.5920058183817458
ergo_ground_truth,estimated,3653,304.33333333333337,0.5920119571758343
ergo_ground_truth,estimated,3654,304.41666666666663,0.5920183922550181
ergo_ground_truth,estimated,3655,304.5,0.5920738317806976
ergo_ground_truth,estimated,3656,304.58333333333337,0.5921438327057935
ergo_ground_truth,estimated,3657,304.66666666666663,0.5921459062951077
ergo_ground_truth,estimated,3658,304.75,0.5921165091239518
ergo_ground_truth,estimated,3659,304.83333333333337,0.5921813933721221
ergo_ground_truth,estimated,3660,304.91666666666663,0.5922997290588393
ergo_ground_truth,estimated,3661,305.0,0.5923801463080317
ergo_ground_truth,estimated,3662,305.08333333333337,0.5923997685602393
ergo_ground_truth,estimated,3663,305.16666666666663,0.5924494427781439
ergo_ground_truth,estimated,3664,305.25,0.5925460955042435
ergo_ground_truth,estimated,3665,305.33333333333337,0.5926355475444489
ergo_ground_truth,estimated,3666,305.41666666666663,0.5926785914111325
ergo_ground_truth,estimated,3667,305.5,0.5927053528003577
ergo_ground_truth,estimated,3668,305.58333333333337,0.5927517349309163
ergo_ground_truth,estimated,3669,305.66666666666663,0.5928033858991408
ergo_ground_truth,estimated,3670,305.75,0.5928275680366963
ergo_ground_truth,estimated,3671,305.83333333333337,0.5928252690540584
ergo_ground_truth,estimated,3672,305.91666666666663,0.592825656721155
ergo_ground_truth,estimated,3673,306.0,0.5928343284822952
ergo_ground_truth,estimated,3674,306.08333333333337,0.5928273202954548
ergo_ground_truth,estimated,3675,306.16666666666663,0.5927918089641003
ergo_ground_truth,estimated,3676,306.25,0.5927465195345112
ergo_ground_truth,estimated,3677,306.33333333333337,0.5927048456288933
ergo_ground_truth,estimated,3678,306.41666666666663,0.5926504066004573
ergo_ground_truth,estimated,3679,306.5,0.5925658650379946
ergo_ground_truth,estimated,3680,306.58333333333337,0.5924650341249222
ergo_ground_truth,estimated,3681,306.66666666666663,0.5923698423668573
ergo_ground_truth,estimated,3682,306.75,0.5922742059229317
ergo_ground_truth,estimated,3683,306.83333333333337,0.5921585758913785
ergo_ground_truth,estimated,3684,306.91666666666663,0.5920288889236988
ergo_ground_truth,estimated,3685,307.0,0.5919136781716001
ergo_ground_truth,estimated,3686,307.08333333333337,0.5918176329828279
ergo_ground_truth,estimated,3687,307.16666666666663,0.5917133909530647
ergo_ground_truth,estimated,3688,307.25,0.5915808966043571
ergo_ground_truth,estimated,3689,307.33333333333337,0.5914610717214748
ergo_ground_truth,estimated,3690,307.41666666666663,0.5913931584926196
ergo_ground_truth,estimated,3691,307.5,0.5913503758345321
ergo_ground_truth,estimated,3692,307.58333333333337,0.5913034811770749
ergo_ground_truth,estimated,3693,307.66666666666663,0.5912803162520854
ergo_ground_truth,estimated,3694,307.75,0.5912925703072662
ergo_ground_truth,estimated,3695,307.83333333333337,0.5913090260394447
ergo_ground_truth,estimated,3696,307.91666666666663,0.5913138812243496
ergo_ground_truth,estimated,3697,308.0,0.5913026237861312
ergo_ground_truth,estimated,3698,308.08333333333337,0.5912868157140864
ergo_ground_truth,estimated,3699,308.16666666666663,0.591303611991394
ergo_ground_truth,estimated,3700,308.25,0.5911436985313755
ergo_ground_truth,estimated,3701,308.33333333333337,0.5908725373470683
ergo_ground_truth,estimated,3702,308.41666666666663,0.5905687126575505
ergo_ground_truth,estimated,3703,308.5,0.5902314020730236
ergo_ground_truth,estimated,3704,308.58333333333337,0.5899383211096267
ergo_ground_truth,estimated,3705,308.66666666666663,0.5896086315548168
ergo_ground_truth,estimated,3706,308.75,0.5893053688585412
ergo_ground_truth,estimated,3707,308.83333333333337,0.5889745948901025
ergo_ground_truth,estimated,3708,308.91666666666663,0.5886638012192686
ergo_ground_truth,estimated,3709,309.0,0.5883566092614736
ergo_ground_truth,estimated,3710,309.08333333333337,0.5880788761897026
ergo_ground_truth,estimated,3711,309.16666666666663,0.587754991649811
ergo_ground_truth,estimated,3712,309.25,0.5874618634784992
ergo_ground_truth,estimated,3713,309.33333333333337,0.5871995999145059
ergo_ground_truth,estimated,3714,309.41666666666663,0.5869020487099676
ergo_ground_truth,estimated,3715,309.5,0.5866212603146937
ergo_ground_truth,estimated,3716,309.58333333333337,0.5863492037267964
ergo_ground_truth,estimated,3717,309.66666666666663,0.586116078880301
ergo_ground_truth,estimated,3718,309.75,0.5858488476559055
ergo_ground_truth,estimated,3719,309.83333333333337,0.5855812612411817
ergo_ground_truth,estimated,3720,309.91666666666663,0.5853174010217788
ergo_ground_truth,estimated,3721,310.0,0.5850614861257313
ergo_ground_truth,estimated,3722,310.08333333333337,0.5848076313793247
ergo_ground_truth,estimated,3723,310.16666666666663,0.5845434817229275
ergo_ground_truth,estimated,3724,310.25,0.5842914598120511
ergo_ground_truth,estimated,3725,310.33333333333337,0.5840412433531074
ergo_ground_truth,estimated,3726,310.41666666666663,0.5837932487966113
ergo_ground_truth,estimated,3727,310.5,0.5835477471266441
ergo_ground_truth,estimated,3728,310.58333333333337,0.5833047523659585
ergo_ground_truth,estimated,3729,310.66666666666663,0.5830640487098961
ergo_ground_truth,estimated,3730,310.75,0.5828253037868771
ergo_ground_truth,estimated,3731,310.83333333333337,0.5825881903344509
ergo_ground_truth,estimated,3732,310.91666666666663,0.582352505208371
ergo_ground_truth,estimated,3733,311.0,0.5821182180449475
ergo_ground_truth,estimated,3734,311.08333333333337,0.5818854404137871
ergo_ground_truth,estimated,3735,311.16666666666663,0.5816544100631693
ergo_ground_truth,estimated,3736,311.25,0.5814254820943512
ergo_ground_truth,estimated,3737,311.33333333333337,0.581199086280165
ergo_ground_truth,estimated,3738,311.41666666666663,0.5809755450204368
ergo_ground_truth,estimated,3739,311.5,0.5807547517140785
ergo_ground_truth,estimated,3740,311.58333333333337,0.5805362336229126
ergo_ground_truth,estimated,3741,311.66666666666663,0.5803199451523844
ergo_ground_truth,estimated,3742,311.75,0.5801050461050624
ergo_ground_truth,estimated,3743,311.83333333333337,0.5798961735244695
ergo_ground_truth,estimated,3744,311.91666666666663,0.579678347429035
ergo_ground_truth,estimated,3745,312.0,0.5794707219182673
ergo_ground_truth,estimated,3746,312.08333333333337,0.5792529917883538
ergo_ground_truth,estimated,3747,312.16666666666663,0.5790350505463377
ergo_ground_truth,estimated,3748,312.25,0.5788186340745931
ergo_ground_truth,estimated,3749,312.33333333333337,0.578615430867749
ergo_ground_truth,estimated,3750,312.41666666666663,0.5784045708311665
ergo_ground_truth,estimated,3751,312.5,0.5781925429584509
ergo_ground_truth,estimated,3752,312.58333333333337,0.5779831682180803
ergo_ground_truth,estimated,3753,312.66666666666663,0.5777766146235073
ergo_ground_truth,estimated,3754,312.75,0.5775717451011928
ergo_ground_truth,estimated,3755,312.83333333333337,0.577370358543845
ergo_ground_truth,estimated,3756,312.91666666666663,0.5771671660149328
ergo_ground_truth,estimated,3757,313.0,0.5769831841857593
ergo_ground_truth,estimated,3758,313.08333333333337,0.576787087200224
ergo_ground_truth,estimated,3759,313.16666666666663,0.5765844783436436
ergo_ground_truth,estimated,3760,313.25,0.5763816868245494
ergo_ground_truth,estimated,3761,313.33333333333337,0.5761785755908522
ergo_ground_truth,estimated,3762,313.41666666666663,0.5759780089624471
ergo_ground_truth,estimated,3763,313.5,0.5757797062700756
ergo_ground_truth,estimated,3764,313.58333333333337,0.5755786964226105
ergo_ground_truth,estimated,3765,313.66666666666663,0.5753822684323026
ergo_ground_truth,estimated,3766,313.75,0.5751841313826832
ergo_ground_truth,estimated,3767,313.83333333333337,0.5749944263692848
ergo_ground_truth,estimated,3768,313.91666666666663,0.574796688444461
ergo_ground_truth,estimated,3769,314.0,0.5746067920205407
ergo_ground_truth,estimated,3770,314.08333333333337,0.5744123374840001
ergo_ground_truth,estimated,3771,314.16666666666663,0.5742264532486788
ergo_ground_truth,estimated,3772,314.25,0.574036825969849
ergo_ground_truth,estimated,3773,314.33333333333337,0.5738532948192562
ergo_ground_truth,estimated,3774,314.41666666666663,0.5736773746928707
ergo_ground_truth,estimated,3775,314.5,0.5735180735398369
ergo_ground_truth,estimated,3776,314.58333333333337,0.5733453634697984
ergo_ground_truth,estimated,3777,314.66666666666663,0.5731739887620955
ergo_ground_truth,estimated,3778,314.75,0.57298945370192
ergo_ground_truth,estimated,3779,314.83333333333337,0.5728046835565944
ergo_ground_truth,estimated,3780,314.91666666666663,0.5726313902603617
ergo_ground_truth,estimated,3781,315.0,0.572453736506472
ergo_ground_truth,estimated,3782,315.08333333333337,0.5722731261592462
ergo_ground_truth,estimated,3783,315.16666666666663,0.5721009891391272
ergo_ground_truth,estimated,3784,315.25,0.5720006096311223
ergo_ground_truth,estimated,3785,315.33333333333337,0.572013653353262
ergo_ground_truth,estimated,3786,315.41666666666663,0.5721259447915772
ergo_ground_truth,estimated,3787,315.5,0.5721819061632593
ergo_ground_truth,estimated,3788,315.58333333333337,0.5721885747331841
ergo_ground_truth,estimated,3789,315.66666666666663,0.5720940474571442
ergo_ground_truth,estimated,3790,315.75,0.571898655629552
ergo_ground_truth,estimated,3791,315.83333333333337,0.5716830115268398
ergo_ground_truth,estimated,3792,315.91666666666663,0.571489448840953
ergo_ground_truth,estimated,3793,316.0,0.5713036744805599
ergo_ground_truth,estimated,3794,316.08333333333337,0.571157510625051
ergo_ground_truth,estimated,3795,316.16666666666663,0.5710001599970053
ergo_ground_truth,estimated,3796,316.25,0.5708714361129501
ergo_ground_truth,estimated,3797,316.33333333333337,0.5707079579752703
ergo_ground_truth,estimated,3798,316.41666666666663,0.5705591150506248
ergo_ground_truth,estimated,3799,316.5,0.5703761092013709
ergo_ground_truth,estimated,3800,316.58333333333337,0.570219329460733
ergo_ground_truth,estimated,3801,316.66666666666663,0.5700399867698906
ergo_ground_truth,estimated,3802,316.75,0.5698850833409909
ergo_ground_truth,estimated,3803,316.83333333333337,0.5696976060831894
ergo_ground_truth,estimated,3804,316.91666666666663,0.5695385981307801
ergo_ground_truth,estimated,3805,317.0,0.5693690785219097
ergo_ground_truth,estimated,3806,317.08333333333337,0.5692249999236899
ergo_ground_truth,estimated,3807,317.16666666666663,0.5690451628136597
ergo_ground_truth,estimated,3808,317.25,0.5688924427511839
ergo_ground_truth,estimated,3809,317.33333333333337,0.5687327887529047
ergo_ground_truth,estimated,3810,317.41666666666663,0.5685918954376286
ergo_ground_truth,estimated,3811,317.5,0.5684181539866365
ergo_ground_truth,estimated,3812,317.58333333333337,0.5682731385108152
ergo_ground_truth,estimated,3813,317.66666666666663,0.5681108191159918
ergo_ground_truth,estimated,3814,317.75,0.5679684690336778
ergo_ground_truth,estimated,3815,317.83333333333337,0.5677981744880694
ergo_ground_truth,estimated,3816,317.91666666666663,0.5676591731109354
ergo_ground_truth,estimated,3817,318.0,0.5675010814489908
ergo_ground_truth,estimated,3818,318.08333333333337,0.5673608105445646
ergo_ground_truth,estimated,3819,318.16666666666663,0.5671949838506026
ergo_ground_truth,estimated,3820,318.25,0.5670622749445895
ergo_ground_truth,estimated,3821,318.33333333333337,0.566908564918788
ergo_ground_truth,estimated,3822,318.41666666666663,0.5667700372139828
ergo_ground_truth,estimated,3823,318.5,0.566608227397358
ergo_ground_truth,estimated,3824,318.58333333333337,0.5664813119222862
ergo_ground_truth,estimated,3825,318.66666666666663,0.5663317357123276
ergo_ground_truth,estimated,3826,318.75,0.5661945971410719
ergo_ground_truth,estimated,3827,318.83333333333337,0.5660365299259418
ergo_ground_truth,estimated,3828,318.91666666666663,0.5659150628751436
ergo_ground_truth,estimated,3829,319.0,0.5657694730227847
ergo_ground_truth,estimated,3830,319.08333333333337,0.5656340545051435
ergo_ground_truth,estimated,3831,319.16666666666663,0.5654799725741506
ergo_ground_truth,estimated,3832,319.25,0.5653638013921658
ergo_ground_truth,estimated,3833,319.33333333333337,0.5652227398697623
ergo_ground_truth,estimated,3834,319.41666666666663,0.5650905751191081
ergo_ground_truth,estimated,3835,319.5,0.5649406559261382
ergo_ground_truth,estimated,3836,319.58333333333337,0.5648288415846904
ergo_ground_truth,estimated,3837,319.66666666666663,0.5646913763000682
ergo_ground_truth,estimated,3838,319.75,0.5645617342964041
ergo_ground_truth,estimated,3839,319.83333333333337,0.5644153122939806
ergo_ground_truth,estimated,3840,319.91666666666663,0.5643065615415667
ergo_ground_truth,estimated,3841,320.0,0.5641718349388093
ergo_ground_truth,estimated,3842,320.08333333333337,0.5640445383290077
ergo_ground_truth,estimated,3843,320.16666666666663,0.5639015068130878
ergo_ground_truth,estimated,3844,320.25,0.5637949285854986
ergo_ground_truth,estimated,3845,320.33333333333337,0.5636624913109851
ergo_ground_truth,estimated,3846,320.41666666666663,0.5635381418771706
ergo_ground_truth,estimated,3847,320.5,0.5633978109700161
ergo_ground_truth,estimated,3848,320.58333333333337,0.5632923370507248
ergo_ground_truth,estimated,3849,320.66666666666663,0.5631617356271618
ergo_ground_truth,estimated,3850,320.75,0.5630409502075302
ergo_ground_truth,estimated,3851,320.83333333333337,0.5629017847564332
ergo_ground_truth,estimated,3852,320.91666666666663,0.5627972533003793
ergo_ground_truth,estimated,3853,321.0,0.5626684976256824
ergo_ground_truth,estimated,3854,321.08333333333337,0.5625512235981525
ergo_ground_truth,estimated,3855,321.16666666666663,0.5624131655762582
ergo_ground_truth,estimated,3856,321.25,0.5623099576297377
ergo_ground_truth,estimated,3857,321.33333333333337,0.5621832905721171
ergo_ground_truth,estimated,3858,321.41666666666663,0.5620692954166632
ergo_ground_truth,estimated,3859,321.5,0.5619328841637615
ergo_ground_truth,estimated,3860,321.58333333333337,0.5618313702919414
ergo_ground_truth,estimated,3861,321.66666666666663,0.5617069468149417
ergo_ground_truth,estimated,3862,321.75,0.5615959972195443
ergo_ground_truth,estimated,3863,321.83333333333337,0.5614615236023184
ergo_ground_truth,estimated,3864,321.91666666666663,0.5613618924620462
ergo_ground_truth,estimated,3865,322.0,0.561239722019352
ergo_ground_truth,estimated,3866,322.08333333333337,0.5611315328055785
ergo_ground_truth,estimated,3867,322.16666666666663,0.560999252473076
ergo_ground_truth,estimated,3868,322.25,0.5609021026749412
ergo_ground_truth,estimated,3869,322.33333333333337,0.5607820100193873
ergo_ground_truth,estimated,3870,322.41666666666663,0.5606759248595319
ergo_ground_truth,estimated,3871,322.5,0.5605468597779997
ergo_ground_truth,estimated,3872,322.58333333333337,0.5604524051491175
ergo_ground_truth,estimated,3873,322.66666666666663,0.5603346082291752
ergo_ground_truth,estimated,3874,322.75,0.5602321891782258
ergo_ground_truth,estimated,3875,322.83333333333337,0.5601058567638754
ergo_ground_truth,estimated,3876,322.91666666666663,0.5600132316963526
ergo_ground_truth,estimated,3877,323.0,0.5598981835644496
ergo_ground_truth,estimated,3878,323.08333333333337,0.5598011626472753
ergo_ground_truth,estimated,3879,323.16666666666663,0.5596747201366254
ergo_ground_truth,estimated,3880,323.25,0.5595825129440457
ergo_ground_truth,estimated,3881,323.33333333333337,0.5594679130639337
ergo_ground_truth,estimated,3882,323.41666666666663,0.5593727169145124
ergo_ground_truth,estimated,3883,323.5,0.5592468440560813
ergo_ground_truth,estimated,3884,323.58333333333337,0.5591563054565843
ergo_ground_truth,estimated,3885,323.66666666666663,0.5590431833554599
ergo_ground_truth,estimated,3886,323.75,0.5589502403362744
ergo_ground_truth,estimated,3887,323.83333333333337,0.5588254555460904
ergo_ground_truth,estimated,3888,323.91666666666663,0.5587369056324993
ergo_ground_truth,estimated,3889,324.0,0.5586255485626244
ergo_ground_truth,estimated,3890,324.08333333333337,0.5585350848381538
ergo_ground_truth,estimated,3891,324.16666666666663,0.5584114566109429
ergo_ground_truth,estimated,3892,324.25,0.5583247046959695
ergo_ground_truth,estimated,3893,324.33333333333337,0.5582149611926767
ergo_ground_truth,estimated,3894,324.41666666666663,0.5581269588914509
ergo_ground_truth,estimated,3895,324.5,0.5580044529556376
ergo_ground_truth,estimated,3896,324.58333333333337,0.5579192906111955
ergo_ground_truth,estimated,3897,324.66666666666663,0.557810978083768
ergo_ground_truth,estimated,3898,324.75,0.5577252806126647
ergo_ground_truth,estimated,3899,324.83333333333337,0.5576038746309884
ergo_ground_truth,estimated,3900,324.91666666666663,0.557520345985265
ergo_ground_truth,estimated,3901,325.0,0.5574134697371663
ergo_ground_truth,estimated,3902,325.08333333333337,0.557329604296844
ergo_ground_truth,estimated,3903,325.16666666666663,0.5572091579285959
ergo_ground_truth,estimated,3904,325.25,0.557127529006522
ergo_ground_truth,estimated,3905,325.33333333333337,0.5570222531954725
ergo_ground_truth,estimated,3906,325.41666666666663,0.5569387672464079
ergo_ground_truth,estimated,3907,325.5,0.5568186463240989
ergo_ground_truth,estimated,3908,325.58333333333337,0.5567392456016427
ergo_ground_truth,estimated,3909,325.66666666666663,0.5566358639471607
ergo_ground_truth,estimated,3910,325.75,0.5565252513965318
ergo_ground_truth,estimated,3911,325.83333333333337,0.5564054499469573
ergo_ground_truth,estimated,3912,325.91666666666663,0.556311290704394
ergo_ground_truth,estimated,3913,326.0,0.5562093264628261
ergo_ground_truth,estimated,3914,326.08333333333337,0.5561092242494575
ergo_ground_truth,estimated,3915,326.16666666666663,0.5560103943057356
ergo_ground_truth,estimated,3916,326.25,0.555912388025775
ergo_ground_truth,estimated,3917,326.33333333333337,0.5558152549275065
ergo_ground_truth,estimated,3918,326.41666666666663,0.5557189488792013
ergo_ground_truth,estimated,3919,326.5,0.5556234271104034
ergo_ground_truth,estimated,3920,326.58333333333337,0.5555286516648235
ergo_ground_truth,estimated,3921,326.66666666666663,0.5554345900643392
ergo_ground_truth,estimated,3922,326.75,0.5553412152479418
ergo_ground_truth,estimated,3923,326.83333333333337,0.5552485083415829
ergo_ground_truth,estimated,3924,326.91666666666663,0.5551564513398128
ergo_ground_truth,estimated,3925,327.0,0.5550650226107232
ergo_ground_truth,estimated,3926,327.08333333333337,0.5549742004853467
ergo_ground_truth,estimated,3927,327.16666666666663,0.5548839639429225
ergo_ground_truth,estimated,3928,327.25,0.5547942928559145
ergo_ground_truth,estimated,3929,327.33333333333337,0.5547051681972895
ergo_ground_truth,estimated,3930,327.41666666666663,0.5546165722149435
ergo_ground_truth,estimated,3931,327.5,0.5545284885356236
ergo_ground_truth,estimated,3932,327.58333333333337,0.55444090218679
ergo_ground_truth,estimated,3933,327.66666666666663,0.5543537995498355
ergo_ground_truth,estimated,3934,327.75,0.5542671682685665
ergo_ground_truth,estimated,3935,327.83333333333337,0.5541809971358868
ergo_ground_truth,estimated,3936,327.91666666666663,0.5540952759754407
ergo_ground_truth,estimated,3937,328.0,0.5540099955281563
ergo_ground_truth,estimated,3938,328.08333333333337,0.5539251473483675
ergo_ground_truth,estimated,3939,328.16666666666663,0.553840723710935
ergo_ground_truth,estimated,3940,328.25,0.5537567175290955
ergo_ground_truth,estimated,3941,328.33333333333337,0.5536731222820909
ergo_ground_truth,estimated,3942,328.41666666666663,0.5535899294901971
ergo_ground_truth,estimated,3943,328.5,0.5535071324349797
ergo_ground_truth,estimated,3944,328.58333333333337,0.5534247284263251
ergo_ground_truth,estimated,3945,328.66666666666663,0.5533427137302976
ergo_ground_truth,estimated,3946,328.75,0.5532610841308219
ergo_ground_truth,estimated,3947,328.83333333333337,0.5531798354373816
ergo_ground_truth,estimated,3948,328.91666666666663,0.553098987986079
ergo_ground_truth,estimated,3949,329.0,0.5530185214923512
ergo_ground_truth,estimated,3950,329.08333333333337,0.5529384251961534
ergo_ground_truth,estimated,3951,329.16666666666663,0.552858693861622
ergo_ground_truth,estimated,3952,329.25,0.5527793240505843
ergo_ground_truth,estimated,3953,329.33333333333337,0.5527004164157776
ergo_ground_truth,estimated,3954,329.41666666666663,0.5526220639719928
ergo_ground_truth,estimated,3955,329.5,0.5525440832426748
ergo_ground_truth,estimated,3956,329.58333333333337,0.5524664548760398
ergo_ground_truth,estimated,3957,329.66666666666663,0.55238918133908
ergo_ground_truth,estimated,3958,329.75,0.5523122524446886
ergo_ground_truth,estimated,3959,329.83333333333337,0.5522356615239282
ergo_ground_truth,estimated,3960,329.91666666666663,0.5521594070752074
ergo_ground_truth,estimated,3961,330.0,0.5520834873795725
ergo_ground_truth,estimated,3962,330.08333333333337,0.5520079006558603
ergo_ground_truth,estimated,3963,330.16666666666663,0.5519326451539963
ergo_ground_truth,estimated,3964,330.25,0.5518577191449624
ergo_ground_truth,estimated,3965,330.33333333333337,0.5517831209065629
ergo_ground_truth,estimated,3966,330.41666666666663,0.551708848715756
ergo_ground_truth,estimated,3967,330.5,0.5516349008453089
ergo_ground_truth,estimated,3968,330.58333333333337,0.5515612755630401
ergo_ground_truth,estimated,3969,330.66666666666663,0.5514879711326021
ergo_ground_truth,estimated,3970,330.75,0.551414985815115
ergo_ground_truth,estimated,3971,330.83333333333337,0.5513423178712039
ergo_ground_truth,estimated,3972,330.91666666666663,0.5512699655631483
ergo_ground_truth,estimated,3973,331.0,0.5511979271569679
ergo_ground_truth,estimated,3974,331.08333333333337,0.5511262009243393
ergo_ground_truth,estimated,3975,331.16666666666663,0.551054785144293
ergo_ground_truth,estimated,3976,331.25,0.5509836781046674
ergo_ground_truth,estimated,3977,331.33333333333337,0.550912878103322
ergo_ground_truth,estimated,3978,331.41666666666663,0.5508423834491188
ergo_ground_truth,estimated,3979,331.5,0.5507721924626932
ergo_ground_truth,estimated,3980,331.58333333333337,0.5507023034770365
ergo_ground_truth,estimated,3981,331.66666666666663,0.5506327148379118
ergo_ground_truth,estimated,3982,331.75,0.5505634249041264
ergo_ground_truth,estimated,3983,331.83333333333337,0.5504944320476824
ergo_ground_truth,estimated,3984,331.91666666666663,0.5504257346538256
ergo_ground_truth,estimated,3985,332.0,0.5503573311210072
ergo_ground_truth,estimated,3986,332.08333333333337,0.5502892198607757
ergo_ground_truth,estimated,3987,332.16666666666663,0.5502213992976147
ergo_ground_truth,estimated,3988,332.25,0.5501538678687315
ergo_ground_truth,estimated,3989,332.33333333333337,0.5500866240238135
ergo_ground_truth,estimated,3990,332.41666666666663,0.550019666224755
ergo_ground_truth,estimated,3991,332.5,0.5499529929453659
ergo_ground_truth,estimated,3992,332.58333333333337,0.5498866026710645
ergo_ground_truth,estimated,3993,332.66666666666663,0.5498204938985614
ergo_ground_truth,estimated,3994,332.75,0.5497546651355376
ergo_ground_truth,estimated,3995,332.83333333333337,0.5496891149003207
ergo_ground_truth,estimated,3996,332.91666666666663,0.5496238417215604
ergo_ground_truth,estimated,3997,333.0,0.5495588441379075
ergo_ground_truth,estimated,3998,333.08333333333337,0.5494941206976957
ergo_ground_truth,estimated,3999,333.16666666666663,0.5494296699586292
ergo_ground_truth,estimated,4000,333.25,0.5493654904874765
ergo_ground_truth,estimated,4001,333.33333333333337,0.5493016651952333
ergo_ground_truth,estimated,4002,333.41666666666663,0.5492381598074261
ergo_ground_truth,estimated,4003,333.5,0.5491749349710652
ergo_ground_truth,estimated,4004,333.58333333333337,0.5491119789931908
ergo_ground_truth,estimated,4005,333.66666666666663,0.549049287839269
ergo_ground_truth,estimated,4006,333.75,0.5489868594035611
ergo_ground_truth,estimated,4007,333.83333333333337,0.54892469208078
ergo_ground_truth,estimated,4008,333.91666666666663,0.5488627844438504
ergo_ground_truth,estimated,4009,334.0,0.5488011351496348
ergo_ground_truth,estimated,4010,334.08333333333337,0.5487397429028671
ergo_ground_truth,estimated,4011,334.16666666666663,0.5486786064376489
ergo_ground_truth,estimated,4012,334.25,0.5486177245063237
ergo_ground_truth,estimated,4013,334.33333333333337,0.5485570958723929
ergo_ground_truth,estimated,4014,334.41666666666663,0.5484967193059896
ergo_ground_truth,estimated,4015,334.5,0.5484366798019721
ergo_ground_truth,estimated,4016,334.58333333333337,0.5483768898374883
ergo_ground_truth,estimated,4017,334.66666666666663,0.5483173513843331
ergo_ground_truth,estimated,4018,334.75,0.5482580604995243
ergo_ground_truth,estimated,4019,334.83333333333337,0.5481990156123268
ergo_ground_truth,estimated,4020,334.91666666666663,0.5481402153196995
ergo_ground_truth,estimated,4021,335.0,0.5480816583627804
ergo_ground_truth,estimated,4022,335.08333333333337,0.548023343534892
ergo_ground_truth,estimated,4023,335.16666666666663,0.5479659456447259
ergo_ground_truth,estimated,4024,335.25,0.5479087006270612
ergo_ground_truth,estimated,4025,335.33333333333337,0.5478517100666803
ergo_ground_truth,estimated,4026,335.41666666666663,0.5477949429596051
ergo_ground_truth,estimated,4027,335.5,0.54773838888123
ergo_ground_truth,estimated,4028,335.58333333333337,0.547682014847734
ergo_ground_truth,estimated,4029,335.66666666666663,0.5476259425275813
ergo_ground_truth,estimated,4030,335.75,0.5475701769131037
ergo_ground_truth,estimated,4031,335.83333333333337,0.5475146403831092
ergo_ground_truth,estimated,4032,335.91666666666663,0.547459330661896
ergo_ground_truth,estimated,4033,336.0,0.5474042425924313
ergo_ground_truth,estimated,4034,336.08333333333337,0.5473493749162801
ergo_ground_truth,estimated,4035,336.16666666666663,0.5472947267905499
ergo_ground_truth,estimated,4036,336.25,0.5472402976602345
ergo_ground_truth,estimated,4037,336.33333333333337,0.5471860870237263
ergo_ground_truth,estimated,4038,336.41666666666663,0.5471320943816635
ergo_ground_truth,estimated,4039,336.5,0.5470783192102989
ergo_ground_truth,estimated,4040,336.58333333333337,0.5470247609523123
ergo_ground_truth,estimated,4041,336.66666666666663,0.5469714190137379
ergo_ground_truth,estimated,4042,336.75,0.5469181472824597
ergo_ground_truth,estimated,4043,336.83333333333337,0.5468649807573914
ergo_ground_truth,estimated,4044,336.91666666666663,0.5468119983848375
ergo_ground_truth,estimated,4045,337.0,0.5467592127243652
ergo_ground_truth,estimated,4046,337.08333333333337,0.5467066305752032
ergo_ground_truth,estimated,4047,337.16666666666663,0.5466542538668208
ergo_ground_truth,estimated,4048,337.25,0.5466020831856566
ergo_ground_truth,estimated,4049,337.33333333333337,0.5465501184680072
ergo_ground_truth,estimated,4050,337.41666666666663,0.5464983593486464
ergo_ground_truth,estimated,4051,337.5,0.5464467967615887
ergo_ground_truth,estimated,4052,337.58333333333337,0.5463954373875768
ergo_ground_truth,estimated,4053,337.66666666666663,0.5463442808779775
ergo_ground_truth,estimated,4054,337.75,0.5462933270341552
ergo_ground_truth,estimated,4055,337.83333333333337,0.5462425751959455
ergo_ground_truth,estimated,4056,337.91666666666663,0.546192024586746
ergo_ground_truth,estimated,4057,338.0,0.5461416743644679
ergo_ground_truth,estimated,4058,338.08333333333337,0.5460915236539312
ergo_ground_truth,estimated,4059,338.16666666666663,0.5460415715600935
ergo_ground_truth,estimated,4060,338.25,0.5459918171751863
ergo_ground_truth,estimated,4061,338.33333333333337,0.5459422595829031
ergo_ground_truth,estimated,4062,338.41666666666663,0.5458928978611273
ergo_ground_truth,estimated,4063,338.5,0.5458437310838236
ergo_ground_truth,estimated,4064,338.58333333333337,0.5457947583224014
ergo_ground_truth,estimated,4065,338.66666666666663,0.5457456782449243
ergo_ground_truth,estimated,4066,338.75,0.5456967164583036
ergo_ground_truth,estimated,4067,338.83333333333337,0.5456479107025692
ergo_ground_truth,estimated,4068,338.91666666666663,0.5455992814528653
ergo_ground_truth,estimated,4069,339.0,0.5455508357944837
ergo_ground_truth,estimated,4070,339.08333333333337,0.5455025761142684
ergo_ground_truth,estimated,4071,339.16666666666663,0.5454545028720599
ergo_ground_truth,estimated,4072,339.25,0.5454066157052839
ergo_ground_truth,estimated,4073,339.33333333333337,0.5453589138755309
ergo_ground_truth,estimated,4074,339.41666666666663,0.5453113964615496
ergo_ground_truth,estimated,4075,339.5,0.5452640624494135
ergo_ground_truth,estimated,4076,339.58333333333337,0.5452169107783524
ergo_ground_truth,estimated,4077,339.66666666666663,0.5451699403658502
ergo_ground_truth,estimated,4078,339.75,0.5451231501221186
ergo_ground_truth,estimated,4079,339.83333333333337,0.5450765389586384
ergo_ground_truth,estimated,4080,339.91666666666663,0.5450301057931569
ergo_ground_truth,estimated,4081,340.0,0.5449838495524749
ergo_ground_truth,estimated,4082,340.08333333333337,0.5449377691738297
ergo_ground_truth,estimated,4083,340.16666666666663,0.5448918636053819
ergo_ground_truth,estimated,4084,340.25,0.5448461318061442
ergo_ground_truth,estimated,4085,340.33333333333337,0.5448005727455715
ergo_ground_truth,estimated,4086,340.41666666666663,0.5447551953956522
ergo_ground_truth,estimated,4087,340.5,0.5447099916398633
ergo_ground_truth,estimated,4088,340.58333333333337,0.5446649586178709
ergo_ground_truth,estimated,4089,340.66666666666663,0.5446200946236157
ergo_ground_truth,estimated,4090,340.75,0.5445753983659174
ergo_ground_truth,estimated,4091,340.83333333333337,0.5445308687348909
ergo_ground_truth,estimated,4092,340.91666666666663,0.5444865047044631
ergo_ground_truth,estimated,4093,341.0,0.544442305289368
ergo_ground_truth,estimated,4094,341.08333333333337,0.544398269525528
ergo_ground_truth,estimated,4095,341.16666666666663,0.5443543964607572
ergo_ground_truth,estimated,4096,341.25,0.5443106851501437
ergo_ground_truth,estimated,4097,341.33333333333337,0.5442671346536355
ergo_ground_truth,estimated,4098,341.41666666666663,0.5442237440347126
ergo_ground_truth,estimated,4099,341.5,0.5441805123596244
ergo_ground_truth,estimated,4100,341.58333333333337,0.5441374386969363
ergo_ground_truth,estimated,4101,341.66666666666663,0.5440945221172572
ergo_ground_truth,estimated,4102,341.75,0.5440517616930749
ergo_ground_truth,estimated,4103,341.83333333333337,0.5440091564986612
ergo_ground_truth,estimated,4104,341.91666666666663,0.5439667056100189
ergo_ground_truth,estimated,4105,342.0,0.5439244081048569
ergo_ground_truth,estimated,4106,342.08333333333337,0.5438822630625841
ergo_ground_truth,estimated,4107,342.16666666666663,0.5438402695643134
ergo_ground_truth,estimated,4108,342.25,0.5437984266928738
ergo_ground_truth,estimated,4109,342.33333333333337,0.5437567335328264
ergo_ground_truth,estimated,4110,342.41666666666663,0.5437151891704833
ergo_ground_truth,estimated,4111,342.5,0.5436737926939286
ergo_ground_truth,estimated,4112,342.58333333333337,0.5436325431930393
ergo_ground_truth,estimated,4113,342.66666666666663,0.5435914397595091
ergo_ground_truth,estimated,4114,342.75,0.5435504814868709
ergo_ground_truth,estimated,4115,342.83333333333337,0.5435096674705221
ergo_ground_truth,estimated,4116,342.91666666666663,0.5434689968077497
ergo_ground_truth,estimated,4117,343.0,0.5434284685977581
ergo_ground_truth,estimated,4118,343.08333333333337,0.5433880819416963
ergo_ground_truth,estimated,4119,343.16666666666663,0.5433478359426903
ergo_ground_truth,estimated,4120,343.25,0.543307765549334
ergo_ground_truth,estimated,4121,343.33333333333337,0.5432681348474736
ergo_ground_truth,estimated,4122,343.41666666666663,0.5432287370214198
ergo_ground_truth,estimated,4123,343.5,0.5431895145581408
ergo_ground_truth,estimated,4124,343.58333333333337,0.5431504455702114
ergo_ground_truth,estimated,4125,343.66666666666663,0.5431115193266474
ergo_ground_truth,estimated,4126,343.75,0.543072729867848
ergo_ground_truth,estimated,4127,343.83333333333337,0.543034073666074
ergo_ground_truth,estimated,4128,343.91666666666663,0.5429955485180759
ergo_ground_truth,estimated,4129,344.0,0.5429571529556081
ergo_ground_truth,estimated,4130,344.08333333333337,0.5429188859173741
ergo_ground_truth,estimated,4131,344.16666666666663,0.5428807465631768
ergo_ground_truth,estimated,4132,344.25,0.5428427341678208
ergo_ground_truth,estimated,4133,344.33333333333337,0.5428048480604876
ergo_ground_truth,estimated,4134,344.41666666666663,0.5427670875903471
ergo_ground_truth,estimated,4135,344.5,0.5427294521074586
ergo_ground_truth,estimated,4136,344.58333333333337,0.5426919409526387
ergo_ground_truth,estimated,4137,344.66666666666663,0.5426545534526034
ergo_ground_truth,estimated,4138,344.75,0.5426172889181963
ergo_ground_truth,estimated,4139,344.83333333333337,0.5425801466443991
ergo_ground_truth,estimated,4140,344.91666666666663,0.5425431259113328
ergo_ground_truth,estimated,4141,345.0,0.5425062259857757
ergo_ground_truth,estimated,4142,345.08333333333337,0.5424694461229093
ergo_ground_truth,estimated,4143,345.16666666666663,0.5424327855681228
ergo_ground_truth,estimated,4144,345.25,0.5423962435587741
ergo_ground_truth,estimated,4145,345.33333333333337,0.5423598193258561
ergo_ground_truth,estimated,4146,345.41666666666663,0.5423235120955382
ergo_ground_truth,estimated,4147,345.5,0.5422873210905759
ergo_ground_truth,estimated,4148,345.58333333333337,0.5422512455315881
ergo_ground_truth,estimated,4149,345.66666666666663,0.5422152846382081
ergo_ground_truth,estimated,4150,345.75,0.5421794376301193
ergo_ground_truth,estimated,4151,345.83333333333337,0.5421437037279867
ergo_ground_truth,estimated,4152,345.91666666666663,0.5421080821542943
ergo_ground_truth,estimated,4153,346.0,0.5420725721341026
ergo_ground_truth,estimated,4154,346.08333333333337,0.542037172895734
ergo_ground_truth,estimated,4155,346.16666666666663,0.5420018836713987
ergo_ground_truth,estimated,4156,346.25,0.5419667036977669
ergo_ground_truth,estimated,4157,346.33333333333337,0.5419316322164994
ergo_ground_truth,estimated,4158,346.41666666666663,0.5418966684747398
ergo_ground_truth,estimated,4159,346.5,0.5418618117255773
ergo_ground_truth,estimated,4160,346.58333333333337,0.5418270612284838
ergo_ground_truth,estimated,4161,346.66666666666663,0.5417924162497313
ergo_ground_truth,estimated,4162,346.75,0.5417578760627941
ergo_ground_truth,estimated,4163,346.83333333333337,0.541723439948738
ergo_ground_truth,estimated,4164,346.91666666666663,0.5416891071966
ergo_ground_truth,estimated,4165,347.0,0.5416548771037637
ergo_ground_truth,estimated,4166,347.08333333333337,0.5416207489763288
ergo_ground_truth,estimated,4167,347.16666666666663,0.5415867221294797
ergo_ground_truth,estimated,4168,347.25,0.5415527958878549
ergo_ground_truth,estimated,4169,347.33333333333337,0.5415189695859167
ergo_ground_truth,estimated,4170,347.41666666666663,0.541485242568325
ergo_ground_truth,estimated,4171,347.5,0.5414516141903152
ergo_ground_truth,estimated,4172,347.58333333333337,0.5414180838180805
ergo_ground_truth,estimated,4173,347.66666666666663,0.5413846508291625
ergo_ground_truth,estimated,4174,347.75,0.5413513146128464
ergo_ground_truth,estimated,4175,347.83333333333337,0.5413180745705656
ergo_ground_truth,estimated,4176,347.91666666666663,0.5412849301163148
ergo_ground_truth,estimated,4177,348.0,0.541251880677072
ergo_ground_truth,estimated,4178,348.08333333333337,0.5412189996448512
ergo_ground_truth,estimated,4179,348.16666666666663,0.5411862436422129
ergo_ground_truth,estimated,4180,348.25,0.5411535995037686
ergo_ground_truth,estimated,4181,348.33333333333337,0.5411210111526582
ergo_ground_truth,estimated,4182,348.41666666666663,0.5410884994984928
ergo_ground_truth,estimated,4183,348.5,0.5410560705423342
ergo_ground_truth,estimated,4184,348.58333333333337,0.5410237269950211
ergo_ground_truth,estimated,4185,348.66666666666663,0.5409914704004655
ergo_ground_truth,estimated,4186,348.75,0.5409593016297697
ergo_ground_truth,estimated,4187,348.83333333333337,0.5409272211258179
ergo_ground_truth,estimated,4188,348.91666666666663,0.5408952290563244
ergo_ground_truth,estimated,4189,349.0,0.5408633254136008
ergo_ground_truth,estimated,4190,349.08333333333337,0.5408315100802654
ergo_ground_truth,estimated,4191,349.16666666666663,0.5407997828728165
ergo_ground_truth,estimated,4192,349.25,0.5407681435707211
ergo_ground_truth,estimated,4193,349.33333333333337,0.5407365919359846
ergo_ground_truth,estimated,4194,349.41666666666663,0.5407051277264322
ergo_ground_truth,estimated,4195,349.5,0.5406737507048228
ergo_ground_truth,estimated,4196,349.58333333333337,0.5406424606451885
ergo_ground_truth,estimated,4197,349.66666666666663,0.5406112573373228
ergo_ground_truth,estimated,4198,349.75,0.5405801405900305
ergo_ground_truth,estimated,4199,349.83333333333337,0.5405491102335475
ergo_ground_truth,estimated,4200,349.91666666666663,0.5405181661214047
ergo_ground_truth,estimated,4201,350.0,0.5404873081319211
ergo_ground_truth,estimated,4202,350.08333333333337,0.5404565361694486
ergo_ground_truth,estimated,4203,350.16666666666663,0.540425850165452
ergo_ground_truth,estimated,4204,350.25,0.5403952500794857
ergo_ground_truth,estimated,4205,350.33333333333337,0.5403647359000985
ergo_ground_truth,estimated,4206,350.41666666666663,0.5403343076456976
ergo_ground_truth,estimated,4207,350.5,0.5403039653653895
ergo_ground_truth,estimated,4208,350.58333333333337,0.5402737091398059
ergo_ground_truth,estimated,4209,350.66666666666663,0.5402435390819268
ergo_ground_truth,estimated,4210,350.75,0.5402134553379035
ergo_ground_truth,estimated,4211,350.83333333333337,0.5401834580878849
ergo_ground_truth,estimated,4212,350.91666666666663,0.5401535475468506
ergo_ground_truth,estimated,4213,351.0,0.5401237239654512
ergo_ground_truth,estimated,4214,351.08333333333337,0.5400939876308547
ergo_ground_truth,estimated,4215,351.16666666666663,0.5400643094201651
ergo_ground_truth,estimated,4216,351.25,0.5400345799420103
ergo_ground_truth,estimated,4217,351.33333333333337,0.5400045438689712
ergo_ground_truth,estimated,4218,351.41666666666663,0.5399745825485736
ergo_ground_truth,estimated,4219,351.5,0.5399446191616266
ergo_ground_truth,estimated,4220,351.58333333333337,0.5399147092431325
ergo_ground_truth,estimated,4221,351.66666666666663,0.5398848541285316
ergo_ground_truth,estimated,4222,351.75,0.5398550705214725
ergo_ground_truth,estimated,4223,351.83333333333337,0.5398253641111654
ergo_ground_truth,estimated,4224,351.91666666666663,0.5397957427994957
ergo_ground_truth,estimated,4225,352.0,0.5397662109447529
ergo_ground_truth,estimated,4226,352.08333333333337,0.5397367733531784
ergo_ground_truth,estimated,4227,352.16666666666663,0.539707433271139
ergo_ground_truth,estimated,4228,352.25,0.5396781942441596
ergo_ground_truth,estimated,4229,352.33333333333337,0.5396490589241999
ergo_ground_truth,estimated,4230,352.41666666666663,0.5396200304178085
ergo_ground_truth,estimated,4231,352.5,0.539591111060177
ergo_ground_truth,estimated,4232,352.58333333333337,0.53956221311925
ergo_ground_truth,estimated,4233,352.66666666666663,0.5395335723953053
ergo_ground_truth,estimated,4234,352.75,0.5395047603926917
ergo_ground_truth,estimated,4235,352.83333333333337,0.5394767475895645
ergo_ground_truth,estimated,4236,352.91666666666663,0.5394469253735122
ergo_ground_truth,estimated,4237,353.0,0.5394241438550622
ergo_ground_truth,estimated,4238,353.08333333333337,0.5393976442630404
ergo_ground_truth,estimated,4239,353.16666666666663,0.5393815210066758
ergo_ground_truth,estimated,4240,353.25,0.539350019056897
ergo_ground_truth,estimated,4241,353.33333333333337,0.5393310778299084
ergo_ground_truth,estimated,4242,353.41666666666663,0.5393023310809034
ergo_ground_truth,estimated,4243,353.5,0.5392817539308205
ergo_ground_truth,estimated,4244,353.58333333333337,0.5392532052842746
ergo_ground_truth,estimated,4245,353.66666666666663,0.539233569164432
ergo_ground_truth,estimated,4246,353.75,0.539203980128903
ergo_ground_truth,estimated,4247,353.83333333333337,0.5391878891037926
ergo_ground_truth,estimated,4248,353.91666666666663,0.5391592581572342
ergo_ground_truth,estimated,4249,354.0,0.5391441725510747
ergo_ground_truth,estimated,4250,354.08333333333337,0.539117033777646
ergo_ground_truth,estimated,4251,354.16666666666663,0.5391006004936393
ergo_ground_truth,estimated,4252,354.25,0.5390744624072319
ergo_ground_truth,estimated,4253,354.33333333333337,0.5390580932728777
ergo_ground_truth,estimated,4254,354.41666666666663,0.5390322862595043
ergo_ground_truth,estimated,4255,354.5,0.5390196014593616
ergo_ground_truth,estimated,4256,354.58333333333337,0.538995127013571
ergo_ground_truth,estimated,4257,354.66666666666663,0.5389822680138628
ergo_ground_truth,estimated,4258,354.75,0.538959078082144
ergo_ground_truth,estimated,4259,354.83333333333337,0.538942844056271
ergo_ground_truth,estimated,4260,354.91666666666663,0.5389199367382519
ergo_ground_truth,estimated,4261,355.0,0.5389033132798201
ergo_ground_truth,estimated,4262,355.08333333333337,0.5388799995662279
ergo_ground_truth,estimated,4263,355.16666666666663,0.5388659022201815
ergo_ground_truth,estimated,4264,355.25,0.538844143426536
ergo_ground_truth,estimated,4265,355.33333333333337,0.5388321425113036
ergo_ground_truth,estimated,4266,355.41666666666663,0.5388108888045159
ergo_ground_truth,estimated,4267,355.5,0.5387963165309199
ergo_ground_truth,estimated,4268,355.58333333333337,0.5387753757515416
ergo_ground_truth,estimated,4269,355.66666666666663,0.5387596373108825
ergo_ground_truth,estimated,4270,355.75,0.5387392021011465
ergo_ground_truth,estimated,4271,355.83333333333337,0.5387239091679492
ergo_ground_truth,estimated,4272,355.91666666666663,0.5387044949239466
ergo_ground_truth,estimated,4273,356.0,0.5386905127514596
ergo_ground_truth,estimated,4274,356.08333333333337,0.5386725629578084
ergo_ground_truth,estimated,4275,356.16666666666663,0.5386586796194306
ergo_ground_truth,estimated,4276,356.25,0.5386411326716025
ergo_ground_truth,estimated,4277,356.33333333333337,0.5386263000290482
ergo_ground_truth,estimated,4278,356.41666666666663,0.5386090493449686
ergo_ground_truth,estimated,4279,356.5,0.5385937365839134
ergo_ground_truth,estimated,4280,356.58333333333337,0.5385772524001391
ergo_ground_truth,estimated,4281,356.66666666666663,0.5385621670659508
ergo_ground_truth,estimated,4282,356.75,0.5385471499913214
ergo_ground_truth,estimated,4283,356.83333333333337,0.5385326810772205
ergo_ground_truth,estimated,4284,356.91666666666663,0.5385191819727506
ergo_ground_truth,estimated,4285,357.0,0.5385048927090732
ergo_ground_truth,estimated,4286,357.08333333333337,0.5384919115838459
ergo_ground_truth,estimated,4287,357.16666666666663,0.5384772710338861
ergo_ground_truth,estimated,4288,357.25,0.538464553789618
ergo_ground_truth,estimated,4289,357.33333333333337,0.5384496786956265
ergo_ground_truth,estimated,4290,357.41666666666663,0.5384377246623756
ergo_ground_truth,estimated,4291,357.5,0.5384229202365268
ergo_ground_truth,estimated,4292,357.58333333333337,0.5384114723691541
ergo_ground_truth,estimated,4293,357.66666666666663,0.5383964845021564
ergo_ground_truth,estimated,4294,357.75,0.5383852025138397
ergo_ground_truth,estimated,4295,357.83333333333337,0.5383700619036829
ergo_ground_truth,estimated,4296,357.91666666666663,0.5383591947466
ergo_ground_truth,estimated,4297,358.0,0.5383440147637648
ergo_ground_truth,estimated,4298,358.08333333333337,0.5383340542314184
ergo_ground_truth,estimated,4299,358.16666666666663,0.5383189285952382
ergo_ground_truth,estimated,4300,358.25,0.5383102321987252
ergo_ground_truth,estimated,4301,358.33333333333337,0.5382952353166556
ergo_ground_truth,estimated,4302,358.41666666666663,0.5382875536415234
ergo_ground_truth,estimated,4303,358.5,0.5382727102324794
ergo_ground_truth,estimated,4304,358.58333333333337,0.5382653850576203
ergo_ground_truth,estimated,4305,358.66666666666663,0.5382506916774337
ergo_ground_truth,estimated,4306,358.75,0.5382434802202535
ergo_ground_truth,estimated,4307,358.83333333333337,0.5382289103882272
ergo_ground_truth,estimated,4308,358.91666666666663,0.5382220818744311
ergo_ground_truth,estimated,4309,359.0,0.5382075680179594
ergo_ground_truth,estimated,4310,359.08333333333337,0.538201548724858
ergo_ground_truth,estimated,4311,359.16666666666663,0.538187048746083
ergo_ground_truth,estimated,4312,359.25,0.5381820364589144
ergo_ground_truth,estimated,4313,359.33333333333337,0.5381676160119504
ergo_ground_truth,estimated,4314,359.41666666666663,0.5381632914838018
ergo_ground_truth,estimated,4315,359.5,0.5381490896727524
ergo_ground_truth,estimated,4316,359.58333333333337,0.5381449357431255
ergo_ground_truth,estimated,4317,359.66666666666663,0.5381310236032382
ergo_ground_truth,estimated,4318,359.75,0.5381269047837047
ergo_ground_truth,estimated,4319,359.83333333333337,0.5381132116797307
ergo_ground_truth,estimated,4320,359.91666666666663,0.5381093893497364
ergo_ground_truth,estimated,4321,360.0,0.5380957721673805
ergo_ground_truth,gt,1,0.0,0.5298262477282941
ergo_ground_truth,gt,2,0.08333333333337123,0.5389684904438031
ergo_ground_truth,gt,3,0.16666666666662877,0.5414017479339128
ergo_ground_truth,gt,4,0.25,0.5427531605810357
ergo_ground_truth,gt,5,0.33333333333337123,0.5437324565938886
ergo_ground_truth,gt,6,0.41666666666662877,0.5445273164352352
ergo_ground_truth,gt,7,0.5,0.5452009885838167
ergo_ground_truth,gt,8,0.5833333333333712,0.5457799078527522
ergo_ground_truth,gt,9,0.6666666666666288,0.546281947587149
ergo_ground_truth,gt,10,0.75,0.5467243789146036
ergo_ground_truth,gt,11,0.8333333333333712,0.5471222520964983
ergo_ground_truth,gt,12,0.9166666666666288,0.5474841421518963
ergo_ground_truth,gt,13,1.0,0.5478112616110871
ergo_ground_truth,gt,14,1.0833333333333712,0.5481041708112167
ergo_ground_truth,gt,15,1.1666666666666288,0.5483755843642191
ergo_ground_truth,gt,16,1.25,0.5486657837893022
ergo_ground_truth,gt,17,1.3333333333333712,0.5490198399701416
ergo_ground_truth,gt,18,1.4166666666666288,0.549451224087321
ergo_ground_truth,gt,19,1.5,0.5499395535897412
ergo_ground_truth,gt,20,1.5833333333333712,0.5504504283777265
ergo_ground_truth,gt,21,1.6666666666666288,0.5509517139771908
ergo_ground_truth,gt,22,1.75,0.5514210381927006
ergo_ground_truth,gt,23,1.8333333333333712,0.551847531655113
ergo_ground_truth,gt,24,1.9166666666666288,0.5522331383159549
ergo_ground_truth,gt,25,2.0,0.5525979044100396
ergo_ground_truth,gt,26,2.0833333333333712,0.5529799858416709
ergo_ground_truth,gt,27,2.1666666666666288,0.5534106467302989
ergo_ground_truth,gt,28,2.25,0.5538838215227759
ergo_ground_truth,gt,29,2.3333333333333712,0.5543556582264774
ergo_ground_truth,gt,30,2.4166666666666288,0.5547674466157583
ergo_ground_truth,gt,31,2.5,0.5550706750788862
ergo_ground_truth,gt,32,2.5833333333333712,0.5553526211810972
ergo_ground_truth,gt,33,2.6666666666666288,0.5557935721413525
ergo_ground_truth,gt,34,2.75,0.5563636889315516
ergo_ground_truth,gt,35,2.8333333333333712,0.5569732203378773
ergo_ground_truth,gt,36,2.9166666666666288,0.5575332312257105
ergo_ground_truth,gt,37,3.0,0.558006268061032
ergo_ground_truth,gt,38,3.0833333333333712,0.5584376557113956
ergo_ground_truth,gt,39,3.1666666666666288,0.5589115672491627
ergo_ground_truth,gt,40,3.25,0.5594543529168428
ergo_ground_truth,gt,41,3.3333333333333712,0.5600265881228836
ergo_ground_truth,gt,42,3.4166666666666288,0.560571015762427
ergo_ground_truth,gt,43,3.5,0.5610647374545714
ergo_ground_truth,gt,44,3.5833333333333712,0.5615397431404737
ergo_ground_truth,gt,45,3.6666666666666288,0.5620443693954846
ergo_ground_truth,gt,46,3.75,0.5625889538017882
ergo_ground_truth,gt,47,3.8333333333333712,0.5631391422110378
ergo_ground_truth,gt,48,3.9166666666666288,0.5636557950218475
ergo_ground_truth,gt,49,4.0,0.5641407123474563
ergo_ground_truth,gt,50,4.083333333333371,0.5646359882787539
ergo_ground_truth,gt,51,4.166666666666629,0.565170827183842
ergo_ground_truth,gt,52,4.25,0.5657224265953986
ergo_ground_truth,gt,53,4.333333333333371,0.5662419392198056
ergo_ground_truth,gt,54,4.416666666666629,0.566719165360431
ergo_ground_truth,gt,55,4.5,0.5672075627740559
ergo_ground_truth,gt,56,4.583333333333371,0.567748987007642
ergo_ground_truth,gt,57,4.666666666666629,0.5683078183753429
ergo_ground_truth,gt,58,4.75,0.5688128319335078
ergo_ground_truth,gt,59,4.833333333333371,0.5692623513130408
ergo_ground_truth,gt,60,4.916666666666629,0.5697566482700135
ergo_ground_truth,gt,61,5.0,0.5703268971650373
ergo_ground_truth,gt,62,5.083333333333371,0.5708869993335103
ergo_ground_truth,gt,63,5.166666666666629,0.571345620956745
ergo_ground_truth,gt,64,5.25,0.5717812748399432
ergo_ground_truth,gt,65,5.333333333333371,0.5723271249183803
ergo_ground_truth,gt,66,5.416666666666629,0.5729247958997256
ergo_ground_truth,gt,67,5.5,0.5734335449764665
ergo_ground_truth,gt,68,5.583333333333371,0.5738326977156109
ergo_ground_truth,gt,69,5.666666666666629,0.5743314049786135
ergo_ground_truth,gt,70,5.75,0.5749269724243934
ergo_ground_truth,gt,71,5.833333333333371,0.5754688922325499
ergo_ground_truth,gt,72,5.916666666666629,0.5758619026592909
ergo_ground_truth,gt,73,6.0,0.5762891185728314
ergo_ground_truth,gt,74,6.083333333333371,0.5768313054900949
ergo_ground_truth,gt,75,6.166666666666629,0.5773690737217405
ergo_ground_truth,gt,76,6.25,0.5777955561635336
ergo_ground_truth,gt,77,6.333333333333371,0.5781872770383008
ergo_ground_truth,gt,78,6.416666666666629,0.5786458742741241
ergo_ground_truth,gt,79,6.5,0.5791274605562939
ergo_ground_truth,gt,80,6.583333333333371,0.5795577276260566
ergo_ground_truth,gt,81,6.666666666666629,0.5799091742286383
ergo_ground_truth,gt,82,6.75,0.5801783045241149
ergo_ground_truth,gt,83,6.833333333333371,0.5804157144295486
ergo_ground_truth,gt,84,6.916666666666629,0.5806936404884737
ergo_ground_truth,gt,85,7.0,0.5810032999012849
ergo_ground_truth,gt,86,7.083333333333371,0.5812915988442522
ergo_ground_truth,gt,87,7.166666666666629,0.5815187497226871
ergo_ground_truth,gt,88,7.25,0.5817026587237089
ergo_ground_truth,gt,89,7.333333333333371,0.581891723064608
ergo_ground_truth,gt,90,7.416666666666629,0.5820926832352957
ergo_ground_truth,gt,91,7.5,0.5822691537250421
ergo_ground_truth,gt,92,7.583333333333371,0.5824063143170775
ergo_ground_truth,gt,93,7.666666666666629,0.5825465766201253
ergo_ground_truth,gt,94,7.75,0.5827220385409735
ergo_ground_truth,gt,95,7.833333333333371,0.5828934221997266
ergo_ground_truth,gt,96,7.916666666666629,0.5829963146901498
ergo_ground_truth,gt,97,8.0,0.5830833124987678
ergo_ground_truth,gt,98,8.083333333333371,0.583267478630753
ergo_ground_truth,gt,99,8.166666666666629,0.5834997056116777
ergo_ground_truth,gt,100,8.25,0.5836732599858779
ergo_ground_truth,gt,101,8.333333333333371,0.583792565285577
ergo_ground_truth,gt,102,8.416666666666629,0.583996795473651
ergo_ground_truth,gt,103,8.5,0.5842763230050191
ergo_ground_truth,gt,104,8.583333333333371,0.5845432961926759
ergo_ground_truth,gt,105,8.666666666666629,0.5847602962356324
ergo_ground_truth,gt,106,8.75,0.5849824357052329
ergo_ground_truth,gt,107,8.833333333333371,0.5852513177396222
ergo_ground_truth,gt,108,8.916666666666629,0.5855355653014066
ergo_ground_truth,gt,109,9.0,0.5857896770221057
ergo_ground_truth,gt,110,9.083333333333371,0.586027163801912
ergo_ground_truth,gt,111,9.166666666666629,0.5862951686337603
ergo_ground_truth,gt,112,9.25,0.5865926177248851
ergo_ground_truth,gt,113,9.333333333333371,0.5868739183822855
ergo_ground_truth,gt,114,9.416666666666629,0.5871274565525298
ergo_ground_truth,gt,115,9.5,0.5873976323291233
ergo_ground_truth,gt,116,9.583333333333371,0.5877049533851438
ergo_ground_truth,gt,117,9.666666666666629,0.5880092014038258
ergo_ground_truth,gt,118,9.75,0.5882765484585951
ergo_ground_truth,gt,119,9.833333333333371,0.5885398989372552
ergo_ground_truth,gt,120,9.916666666666629,0.5888393814478523
ergo_ground_truth,gt,121,10.0,0.5891491699829258
ergo_ground_truth,gt,122,10.083333333333371,0.5894200665551589
ergo_ground_truth,gt,123,10.166666666666629,0.5896661977325727
ergo_ground_truth,gt,124,10.25,0.5899389277370867
ergo_ground_truth,gt,125,10.333333333333371,0.5902325364102492
ergo_ground_truth,gt,126,10.416666666666629,0.5904961751939212
ergo_ground_truth,gt,127,10.5,0.5907201016667568
ergo_ground_truth,gt,128,10.583333333333371,0.5909481535804022
ergo_ground_truth,gt,129,10.666666666666629,0.5911963678740917
ergo_ground_truth,gt,130,10.75,0.5914273105166603
ergo_ground_truth,gt,131,10.833333333333371,0.5916110048093124
ergo_ground_truth,gt,132,10.916666666666629,0.5917739429259626
ergo_ground_truth,gt,133,11.0,0.5919542700782809
ergo_ground_truth,gt,134,11.083333333333371,0.5919533592490436
ergo_ground_truth,gt,135,11.166666666666629,0.5917508972546753
ergo_ground_truth,gt,136,11.25,0.5914001075140488
ergo_ground_truth,gt,137,11.333333333333371,0.5910077038407628
ergo_ground_truth,gt,138,11.416666666666629,0.5906331440162118
ergo_ground_truth,gt,139,11.5,0.590305084321917
ergo_ground_truth,gt,140,11.583333333333371,0.5900183549818281
ergo_ground_truth,gt,141,11.666666666666629,0.5897513814549251
ergo_ground_truth,gt,142,11.75,0.5895142130925367
ergo_ground_truth,gt,143,11.833333333333371,0.5893310406242136
ergo_ground_truth,gt,144,11.916666666666629,0.5891876373435077
ergo_ground_truth,gt,145,12.0,0.5890455681666719
ergo_ground_truth,gt,146,12.083333333333371,0.5889013086719456
ergo_ground_truth,gt,147,12.166666666666629,0.5887900234922183
ergo_ground_truth,gt,148,12.25,0.5887103308611172
ergo_ground_truth,gt,149,12.333333333333371,0.5886259898073937
ergo_ground_truth,gt,150,12.416666666666629,0.5885197956324381
ergo_ground_truth,gt,151,12.5,0.5884267310069581
ergo_ground_truth,gt,152,12.583333333333371,0.5883632938251084
ergo_ground_truth,gt,153,12.666666666666629,0.588299804464979
ergo_ground_truth,gt,154,12.75,0.5882016304781705
ergo_ground_truth,gt,155,12.833333333333371,0.5880960185822682
ergo_ground_truth,gt,156,12.916666666666629,0.5880237438225908
ergo_ground_truth,gt,157,13.0,0.5879634543667579
ergo_ground_truth,gt,158,13.083333333333371,0.5878537850891338
ergo_ground_truth,gt,159,13.166666666666629,0.5877044089401504
ergo_ground_truth,gt,160,13.25,0.5876148372967289
ergo_ground_truth,gt,161,13.333333333333371,0.5875694301775272
ergo_ground_truth,gt,162,13.416666666666629,0.5875215597848041
ergo_ground_truth,gt,163,13.5,0.587376794767256
ergo_ground_truth,gt,164,13.583333333333371,0.5871700958483997
ergo_ground_truth,gt,165,13.666666666666629,0.5869179619893704
ergo_ground_truth,gt,166,13.75,0.5866710034610031
ergo_ground_truth,gt,167,13.833333333333371,0.5864149822068787
ergo_ground_truth,gt,168,13.916666666666629,0.5861516284341242
ergo_ground_truth,gt,169,14.0,0.5859034881659118
ergo_ground_truth,gt,170,14.083333333333371,0.5856308373522292
ergo_ground_truth,gt,171,14.166666666666629,0.585380236709589
ergo_ground_truth,gt,172,14.25,0.5851239775236083
ergo_ground_truth,gt,173,14.333333333333371,0.5848930979739886
ergo_ground_truth,gt,174,14.416666666666629,0.5846553044476999
ergo_ground_truth,gt,175,14.5,0.584416089167402
ergo_ground_truth,gt,176,14.583333333333371,0.584177741144622
ergo_ground_truth,gt,177,14.666666666666629,0.583941714514931
ergo_ground_truth,gt,178,14.75,0.5837090018356387
ergo_ground_truth,gt,179,14.833333333333371,0.5834803193063237
ergo_ground_truth,gt,180,14.916666666666629,0.5832562370103441
ergo_ground_truth,gt,181,15.0,0.5830372988081367
ergo_ground_truth,gt,182,15.083333333333371,0.582824159290339
ergo_ground_truth,gt,183,15.166666666666629,0.5826177952421848
ergo_ground_truth,gt,184,15.25,0.5824199569182262
ergo_ground_truth,gt,185,15.333333333333371,0.5822345502848111
ergo_ground_truth,gt,186,15.416666666666629,0.5820748849597261
ergo_ground_truth,gt,187,15.5,0.5819807172442593
ergo_ground_truth,gt,188,15.583333333333371,0.5819803454890798
ergo_ground_truth,gt,189,15.666666666666629,0.5820191005808395
ergo_ground_truth,gt,190,15.75,0.5820903294712362
ergo_ground_truth,gt,191,15.833333333333371,0.5822129381724407
ergo_ground_truth,gt,192,15.916666666666629,0.5823857232419871
ergo_ground_truth,gt,193,16.0,0.5825625041430567
ergo_ground_truth,gt,194,16.08333333333337,0.5827213389211044
ergo_ground_truth,gt,195,16.16666666666663,0.5829074766068215
ergo_ground_truth,gt,196,16.25,0.5831434277198076
ergo_ground_truth,gt,197,16.33333333333337,0.5833873557644319
ergo_ground_truth,gt,198,16.41666666666663,0.5836013773565096
ergo_ground_truth,gt,199,16.5,0.5838090721767887
ergo_ground_truth,gt,200,16.58333333333337,0.5840372277328517
ergo_ground_truth,gt,201,16.66666666666663,0.5842664272042345
ergo_ground_truth,gt,202,16.75,0.5844612052147096
ergo_ground_truth,gt,203,16.83333333333337,0.5846181781884641
ergo_ground_truth,gt,204,16.91666666666663,0.5847717485584685
ergo_ground_truth,gt,205,17.0,0.5849435081602807
ergo_ground_truth,gt,206,17.08333333333337,0.5851036959022442
ergo_ground_truth,gt,207,17.16666666666663,0.5851992526248979
ergo_ground_truth,gt,208,17.25,0.5853343234738612
ergo_ground_truth,gt,209,17.33333333333337,0.5856029613903987
ergo_ground_truth,gt,210,17.41666666666663,0.5859382613047944
ergo_ground_truth,gt,211,17.5,0.5862552585032151
ergo_ground_truth,gt,212,17.58333333333337,0.586565221097407
ergo_ground_truth,gt,213,17.66666666666663,0.5869169643132347
ergo_ground_truth,gt,214,17.75,0.5872954490677992
ergo_ground_truth,gt,215,17.83333333333337,0.5876436039530224
ergo_ground_truth,gt,216,17.91666666666663,0.5879079801796303
ergo_ground_truth,gt,217,18.0,0.5881020172167046
ergo_ground_truth,gt,218,18.08333333333337,0.58834449319471
ergo_ground_truth,gt,219,18.16666666666663,0.5886584532525255
ergo_ground_truth,gt,220,18.25,0.5889516938146313
ergo_ground_truth,gt,221,18.33333333333337,0.589186240353234
ergo_ground_truth,gt,222,18.41666666666663,0.5894548063823258
ergo_ground_truth,gt,223,18.5,0.5897854352737761
ergo_ground_truth,gt,224,18.58333333333337,0.590120328630433
ergo_ground_truth,gt,225,18.66666666666663,0.590396580685149
ergo_ground_truth,gt,226,18.75,0.5905617906892753
ergo_ground_truth,gt,227,18.83333333333337,0.5906360451496702
ergo_ground_truth,gt,228,18.91666666666663,0.5908165416991179
ergo_ground_truth,gt,229,19.0,0.5910906163412764
ergo_ground_truth,gt,230,19.08333333333337,0.5913645287874423
ergo_ground_truth,gt,231,19.16666666666663,0.5915758042979371
ergo_ground_truth,gt,232,19.25,0.5917137162607358
ergo_ground_truth,gt,233,19.33333333333337,0.5918263055404202
ergo_ground_truth,gt,234,19.41666666666663,0.5919677351186784
ergo_ground_truth,gt,235,19.5,0.5921094764761689
ergo_ground_truth,gt,236,19.58333333333337,0.592183091608672
ergo_ground_truth,gt,237,19.66666666666663,0.5922316366057017
ergo_ground_truth,gt,238,19.75,0.5923645408353035
ergo_ground_truth,gt,239,19.83333333333337,0.5925433775363084
ergo_ground_truth,gt,240,19.91666666666663,0.59266822208281
ergo_ground_truth,gt,241,20.0,0.5927356754806191
ergo_ground_truth,gt,242,20.08333333333337,0.5928727855685527
ergo_ground_truth,gt,243,20.16666666666663,0.5930813779406391
ergo_ground_truth,gt,244,20.25,0.5932747019369311
ergo_ground_truth,gt,245,20.33333333333337,0.5934169853287445
ergo_ground_truth,gt,246,20.41666666666663,0.5935800620033719
ergo_ground_truth,gt,247,20.5,0.5938036556488151
ergo_ground_truth,gt,248,20.58333333333337,0.594044502164059
ergo_ground_truth,gt,249,20.66666666666663,0.594257159800053
ergo_ground_truth,gt,250,20.75,0.5944567096978974
ergo_ground_truth,gt,251,20.83333333333337,0.5946847114490437
ergo_ground_truth,gt,252,20.91666666666663,0.5949417691264612
ergo_ground_truth,gt,253,21.0,0.5951788291744783
ergo_ground_truth,gt,254,21.08333333333337,0.5953603245210871
ergo_ground_truth,gt,255,21.16666666666663,0.5955529642317735
ergo_ground_truth,gt,256,21.25,0.5958276127358016
ergo_ground_truth,gt,257,21.33333333333337,0.5961209766848371
ergo_ground_truth,gt,258,21.41666666666663,0.5963183424269722
ergo_ground_truth,gt,259,21.5,0.5964959808909581
ergo_ground_truth,gt,260,21.58333333333337,0.5968104457346645
ergo_ground_truth,gt,261,21.66666666666663,0.5971987359586659
ergo_ground_truth,gt,262,21.75,0.5975579246899563
ergo_ground_truth,gt,263,21.83333333333337,0.5978623485494337
ergo_ground_truth,gt,264,21.91666666666663,0.5981512442517172
ergo_ground_truth,gt,265,22.0,0.598458013399593
ergo_ground_truth,gt,266,22.08333333333337,0.5987686277233535
ergo_ground_truth,gt,267,22.16666666666663,0.5990158114454395
ergo_ground_truth,gt,268,22.25,0.5991517656634489
ergo_ground_truth,gt,269,22.33333333333337,0.5993658145961276
ergo_ground_truth,gt,270,22.41666666666663,0.5997183320232518
ergo_ground_truth,gt,271,22.5,0.600096148661992
ergo_ground_truth,gt,272,22.58333333333337,0.6004204247260434
ergo_ground_truth,gt,273,22.66666666666663,0.6007171294524459
ergo_ground_truth,gt,274,22.75,0.6010245166964898
ergo_ground_truth,gt,275,22.83333333333337,0.601343630654866
ergo_ground_truth,gt,276,22.91666666666663,0.6016376383251505
ergo_ground_truth,gt,277,23.0,0.6018318332321657
ergo_ground_truth,gt,278,23.08333333333337,0.6019307215922794
ergo_ground_truth,gt,279,23.16666666666663,0.6021924431333835
ergo_ground_truth,gt,280,23.25,0.6025764638327749
ergo_ground_truth,gt,281,23.33333333333337,0.6029623583982521
ergo_ground_truth,gt,282,23.41666666666663,0.6032885214113284
ergo_ground_truth,gt,283,23.5,0.6035526069291108
ergo_ground_truth,gt,284,23.58333333333337,0.6037879657334022
ergo_ground_truth,gt,285,23.66666666666663,0.6040530134734788
ergo_ground_truth,gt,286,23.75,0.6043350980980866
ergo_ground_truth,gt,287,23.83333333333337,0.6045768191442888
ergo_ground_truth,gt,288,23.91666666666663,0.6048116330135113
ergo_ground_truth,gt,289,24.0,0.6050966502174215
ergo_ground_truth,gt,290,24.08333333333337,0.6054071125540114
ergo_ground_truth,gt,291,24.16666666666663,0.605701509886449
ergo_ground_truth,gt,292,24.25,0.6059378750702995
ergo_ground_truth,gt,293,24.33333333333337,0.6060791353967429
ergo_ground_truth,gt,294,24.41666666666663,0.6062349921420886
ergo_ground_truth,gt,295,24.5,0.6065011602422301
ergo_ground_truth,gt,296,24.58333333333337,0.6068127676449078
ergo_ground_truth,gt,297,24.66666666666663,0.6070933289886024
ergo_ground_truth,gt,298,24.75,0.6073015943435659
ergo_ground_truth,gt,299,24.83333333333337,0.6074205221189535
ergo_ground_truth,gt,300,24.91666666666663,0.6075402660525048
ergo_ground_truth,gt,301,25.0,0.6077415928332219
ergo_ground_truth,gt,302,25.08333333333337,0.6079695490510446
ergo_ground_truth,gt,303,25.16666666666663,0.6081646151959217
ergo_ground_truth,gt,304,25.25,0.608322513758836
ergo_ground_truth,gt,305,25.33333333333337,0.608452292597541
ergo_ground_truth,gt,306,25.41666666666663,0.6085757286886423
ergo_ground_truth,gt,307,25.5,0.6086979157385468
ergo_ground_truth,gt,308,25.58333333333337,0.6087682520136527
ergo_ground_truth,gt,309,25.66666666666663,0.6087748708098739
ergo_ground_truth,gt,310,25.75,0.6088327019405835
ergo_ground_truth,gt,311,25.83333333333337,0.608960280198695
ergo_ground_truth,gt,312,25.91666666666663,0.6090915579714582
ergo_ground_truth,gt,313,26.0,0.6091714938098649
ergo_ground_truth,gt,314,26.08333333333337,0.6091893736855164
ergo_ground_truth,gt,315,26.16666666666663,0.6091861038196974
ergo_ground_truth,gt,316,26.25,0.6092070083894001
ergo_ground_truth,gt,317,26.33333333333337,0.6092235547532211
ergo_ground_truth,gt,318,26.41666666666663,0.6091613907180017
ergo_ground_truth,gt,319,26.5,0.6090648448782828
ergo_ground_truth,gt,320,26.58333333333337,0.6090764758207783
ergo_ground_truth,gt,321,26.66666666666663,0.6091405265114211
ergo_ground_truth,gt,322,26.75,0.6091397363858689
ergo_ground_truth,gt,323,26.83333333333337,0.6090428208125978
ergo_ground_truth,gt,324,26.91666666666663,0.609036049580308
ergo_ground_truth,gt,325,27.0,0.6091123179736175
ergo_ground_truth,gt,326,27.08333333333337,0.6091602351286581
ergo_ground_truth,gt,327,27.16666666666663,0.6091239140916646
ergo_ground_truth,gt,328,27.25,0.6091151195984953
ergo_ground_truth,gt,329,27.33333333333337,0.6091700041467785
ergo_ground_truth,gt,330,27.41666666666663,0.6092287557888473
ergo_ground_truth,gt,331,27.5,0.6092398422029423
ergo_ground_truth,gt,332,27.58333333333337,0.6091950008795898
ergo_ground_truth,gt,333,27.66666666666663,0.6091490738894676
ergo_ground_truth,gt,334,27.75,0.6091361147195739
ergo_ground_truth,gt,335,27.83333333333337,0.6091276630006537
ergo_ground_truth,gt,336,27.91666666666663,0.6090913213719686
ergo_ground_truth,gt,337,28.0,0.6090699500401083
ergo_ground_truth,gt,338,28.08333333333337,0.6091209469321577
ergo_ground_truth,gt,339,28.16666666666663,0.6092069099335227
ergo_ground_truth,gt,340,28.25,0.6092414406150584
ergo_ground_truth,gt,341,28.33333333333337,0.6092410444384984
ergo_ground_truth,gt,342,28.41666666666663,0.6093432140505717
ergo_ground_truth,gt,343,28.5,0.609521409723793
ergo_ground_truth,gt,344,28.58333333333337,0.6096503499108749
ergo_ground_truth,gt,345,28.66666666666663,0.609665456174371
ergo_ground_truth,gt,346,28.75,0.6097735265471549
ergo_ground_truth,gt,347,28.83333333333337,0.6099914749162033
ergo_ground_truth,gt,348,28.91666666666663,0.6101943408039396
ergo_ground_truth,gt,349,29.0,0.6102905248056769
ergo_ground_truth,gt,350,29.08333333333337,0.6103800442118034
ergo_ground_truth,gt,351,29.16666666666663,0.6105599449107975
ergo_ground_truth,gt,352,29.25,0.6107642578342919
ergo_ground_truth,gt,353,29.33333333333337,0.6108970512078555
ergo_ground_truth,gt,354,29.41666666666663,0.6109788494191144
ergo_ground_truth,gt,355,29.5,0.611115223492603
ergo_ground_truth,gt,356,29.58333333333337,0.6112982062953106
ergo_ground_truth,gt,357,29.66666666666663,0.6114416909045071
ergo_ground_truth,gt,358,29.75,0.6115159461070527
ergo_ground_truth,gt,359,29.83333333333337,0.6116121143098718
ergo_ground_truth,gt,360,29.91666666666663,0.6117686426749852
ergo_ground_truth,gt,361,30.0,0.6119145392949216
ergo_ground_truth,gt,362,30.08333333333337,0.6119811854258899
ergo_ground_truth,gt,363,30.16666666666663,0.6120345488895753
ergo_ground_truth,gt,364,30.25,0.6121609044013142
ergo_ground_truth,gt,365,30.33333333333337,0.6123088878072215
ergo_ground_truth,gt,366,30.41666666666663,0.6123749089773995
ergo_ground_truth,gt,367,30.5,0.6123744757013162
ergo_ground_truth,gt,368,30.58333333333337,0.6124636824909314
ergo_ground_truth,gt,369,30.66666666666663,0.6126180436797769
ergo_ground_truth,gt,370,30.75,0.6127126056020471
ergo_ground_truth,gt,371,30.83333333333337,0.6126802017777917
ergo_ground_truth,gt,372,30.91666666666663,0.6127274388714419
ergo_ground_truth,gt,373,31.0,0.6128786413782411
ergo_ground_truth,gt,374,31.08333333333337,0.6130157824487813
ergo_ground_truth,gt,375,31.16666666666663,0.6130545788238136
ergo_ground_truth,gt,376,31.25,0.6130811346964851
ergo_ground_truth,gt,377,31.33333333333337,0.6131811589902156
ergo_ground_truth,gt,378,31.41666666666663,0.6133046405709403
ergo_ground_truth,gt,379,31.5,0.6133811505254821
ergo_ground_truth,gt,380,31.58333333333337,0.6134199847352556
ergo_ground_truth,gt,381,31.66666666666663,0.6134754893519155
ergo_ground_truth,gt,382,31.75,0.6135537937067509
ergo_ground_truth,gt,383,31.83333333333337,0.6136153139160045
ergo_ground_truth,gt,384,31.91666666666663,0.6136303463383692
ergo_ground_truth,gt,385,32.0,0.6136230035179456
ergo_ground_truth,gt,386,32.08333333333337,0.6136454743902711
ergo_ground_truth,gt,387,32.16666666666663,0.6136859020722569
ergo_ground_truth,gt,388,32.25,0.6136638778431535
ergo_ground_truth,gt,389,32.33333333333337,0.6135550073351371
ergo_ground_truth,gt,390,32.41666666666663,0.6135578797510163
ergo_ground_truth,gt,391,32.5,0.6136573045351407
ergo_ground_truth,gt,392,32.58333333333337,0.6137528193224036
ergo_ground_truth,gt,393,32.66666666666663,0.6137953871579528
ergo_ground_truth,gt,394,32.75,0.6138148272021227
ergo_ground_truth,gt,395,32.83333333333337,0.6138462764495376
ergo_ground_truth,gt,396,32.91666666666663,0.6138868233857565
ergo_ground_truth,gt,397,33.0,0.6138963473779417
ergo_ground_truth,gt,398,33.08333333333337,0.6138304113068301
ergo_ground_truth,gt,399,33.16666666666663,0.6137533015943288
ergo_ground_truth,gt,400,33.25,0.6137716752824735
ergo_ground_truth,gt,401,33.33333333333337,0.613839084301678
ergo_ground_truth,gt,402,33.41666666666663,0.6138706698250691
ergo_ground_truth,gt,403,33.5,0.6138774008711582
ergo_ground_truth,gt,404,33.58333333333337,0.6139223580512126
ergo_ground_truth,gt,405,33.66666666666663,0.6140054274321866
ergo_ground_truth,gt,406,33.75,0.61408421916987
ergo_ground_truth,gt,407,33.83333333333337,0.6141115770505858
ergo_ground_truth,gt,408,33.91666666666663,0.6140761658442142
ergo_ground_truth,gt,409,34.0,0.6140638548867025
ergo_ground_truth,gt,410,34.08333333333337,0.6141235971249941
ergo_ground_truth,gt,411,34.16666666666663,0.6141905045696623
ergo_ground_truth,gt,412,34.25,0.614203067164468
ergo_ground_truth,gt,413,34.33333333333337,0.6142062118684962
ergo_ground_truth,gt,414,34.41666666666663,0.6142375539971308
ergo_ground_truth,gt,415,34.5,0.6142687737764289
ergo_ground_truth,gt,416,34.58333333333337,0.614218089282645
ergo_ground_truth,gt,417,34.66666666666663,0.6140419322717955
ergo_ground_truth,gt,418,34.75,0.6137951039393387
ergo_ground_truth,gt,419,34.83333333333337,0.6135076183112701
ergo_ground_truth,gt,420,34.91666666666663,0.6131560626133961
ergo_ground_truth,gt,421,35.0,0.6127678696345059
ergo_ground_truth,gt,422,35.08333333333337,0.6123568384884054
ergo_ground_truth,gt,423,35.16666666666663,0.6119318292101149
ergo_ground_truth,gt,424,35.25,0.611499522792921
ergo_ground_truth,gt,425,35.33333333333337,0.611064831971724
ergo_ground_truth,gt,426,35.41666666666663,0.6106312129630816
ergo_ground_truth,gt,427,35.5,0.6102011023527925
ergo_ground_truth,gt,428,35.58333333333337,0.6097763268700268
ergo_ground_truth,gt,429,35.66666666666663,0.6093585665164114
ergo_ground_truth,gt,430,35.75,0.6089575388781588
ergo_ground_truth,gt,431,35.83333333333337,0.6085804398117749
ergo_ground_truth,gt,432,35.91666666666663,0.6082573001912508
ergo_ground_truth,gt,433,36.0,0.6080527897177593
ergo_ground_truth,gt,434,36.08333333333337,0.607965776976844
ergo_ground_truth,gt,435,36.16666666666663,0.6079287376420587
ergo_ground_truth,gt,436,36.25,0.6079226707180615
ergo_ground_truth,gt,437,36.33333333333337,0.6079768404781603
ergo_ground_truth,gt,438,36.41666666666663,0.6080722258241322
ergo_ground_truth,gt,439,36.5,0.6081515094883524
ergo_ground_truth,gt,440,36.58333333333337,0.6082064599495871
ergo_ground_truth,gt,441,36.66666666666663,0.6082885761047165
ergo_ground_truth,gt,442,36.75,0.6084074198088515
ergo_ground_truth,gt,443,36.83333333333337,0.6085196622003797
ergo_ground_truth,gt,444,36.91666666666663,0.6086024676324334
ergo_ground_truth,gt,445,37.0,0.6086864139615463
ergo_ground_truth,gt,446,37.08333333333337,0.6087964928973123
ergo_ground_truth,gt,447,37.16666666666663,0.6089130570395583
ergo_ground_truth,gt,448,37.25,0.6090020878801645
ergo_ground_truth,gt,449,37.33333333333337,0.609067437861509
ergo_ground_truth,gt,450,37.41666666666663,0.6091516732858462
ergo_ground_truth,gt,451,37.5,0.6092585076722236
ergo_ground_truth,gt,452,37.58333333333337,0.6093275716006347
ergo_ground_truth,gt,453,37.66666666666663,0.6093109411351035
ergo_ground_truth,gt,454,37.75,0.6093358492294092
ergo_ground_truth,gt,455,37.83333333333337,0.60945001835168
ergo_ground_truth,gt,456,37.91666666666663,0.6095628136781436
ergo_ground_truth,gt,457,38.0,0.6095933558042328
ergo_ground_truth,gt,458,38.08333333333337,0.6096165480799517
ergo_ground_truth,gt,459,38.16666666666663,0.6097137976584983
ergo_ground_truth,gt,460,38.25,0.6098436620324968
ergo_ground_truth,gt,461,38.33333333333337,0.609941438655586
ergo_ground_truth,gt,462,38.41666666666663,0.6100025569977169
ergo_ground_truth,gt,463,38.5,0.6100664903731229
ergo_ground_truth,gt,464,38.58333333333337,0.6101477643889892
ergo_ground_truth,gt,465,38.66666666666663,0.6102155473759232
ergo_ground_truth,gt,466,38.75,0.610234165564433
ergo_ground_truth,gt,467,38.83333333333337,0.6102237015596164
ergo_ground_truth,gt,468,38.91666666666663,0.6102467322876954
ergo_ground_truth,gt,469,39.0,0.6102942886351451
ergo_ground_truth,gt,470,39.08333333333337,0.6102938907413918
ergo_ground_truth,gt,471,39.16666666666663,0.6102484007334962
ergo_ground_truth,gt,472,39.25,0.6102450639718666
ergo_ground_truth,gt,473,39.33333333333337,0.6102702578470215
ergo_ground_truth,gt,474,39.41666666666663,0.6102681671687379
ergo_ground_truth,gt,475,39.5,0.6102303457043163
ergo_ground_truth,gt,476,39.58333333333337,0.610187481181997
ergo_ground_truth,gt,477,39.66666666666663,0.6101593679861428
ergo_ground_truth,gt,478,39.75,0.610128371406258
ergo_ground_truth,gt,479,39.83333333333337,0.6100655796743852
ergo_ground_truth,gt,480,39.91666666666663,0.60998692221027
ergo_ground_truth,gt,481,40.0,0.6099343373765457
ergo_ground_truth,gt,482,40.08333333333337,0.6099056318061455
ergo_ground_truth,gt,483,40.16666666666663,0.6098655516790131
ergo_ground_truth,gt,484,40.25,0.6098105695036784
ergo_ground_truth,gt,485,40.33333333333337,0.6097744109181464
ergo_ground_truth,gt,486,40.41666666666663,0.6097681994865107
ergo_ground_truth,gt,487,40.5,0.6097645708718403
ergo_ground_truth,gt,488,40.58333333333337,0.6097408682590096
ergo_ground_truth,gt,489,40.66666666666663,0.6097175375584281
ergo_ground_truth,gt,490,40.75,0.6097282509033437
ergo_ground_truth,gt,491,40.83333333333337,0.6097571468668842
ergo_ground_truth,gt,492,40.91666666666663,0.6097456419396636
ergo_ground_truth,gt,493,41.0,0.6096904905678143
ergo_ground_truth,gt,494,41.08333333333337,0.6097110716977328
ergo_ground_truth,gt,495,41.16666666666663,0.6098081833960697
ergo_ground_truth,gt,496,41.25,0.6098899759215891
ergo_ground_truth,gt,497,41.33333333333337,0.6099167998801913
ergo_ground_truth,gt,498,41.41666666666663,0.6099836352627871
ergo_ground_truth,gt,499,41.5,0.6101249052163976
ergo_ground_truth,gt,500,41.58333333333337,0.6102890444995324
ergo_ground_truth,gt,501,41.66666666666663,0.6104267478976206
ergo_ground_truth,gt,502,41.75,0.6105323549085445
ergo_ground_truth,gt,503,41.83333333333337,0.6106375161566554
ergo_ground_truth,gt,504,41.91666666666663,0.610770180674649
ergo_ground_truth,gt,505,42.0,0.6108992860284111
ergo_ground_truth,gt,506,42.08333333333337,0.6109467122728984
ergo_ground_truth,gt,507,42.16666666666663,0.610968843363394
ergo_ground_truth,gt,508,42.25,0.6111083282764467
ergo_ground_truth,gt,509,42.33333333333337,0.611308411381364
ergo_ground_truth,gt,510,42.41666666666663,0.6114709327265297
ergo_ground_truth,gt,511,42.5,0.6115879342044729
ergo_ground_truth,gt,512,42.58333333333337,0.6117297909518484
ergo_ground_truth,gt,513,42.66666666666663,0.6119116886133423
ergo_ground_truth,gt,514,42.75,0.6120935748770401
ergo_ground_truth,gt,515,42.83333333333337,0.6122380054157996
ergo_ground_truth,gt,516,42.91666666666663,0.6123505593391114
ergo_ground_truth,gt,517,43.0,0.61247486121471
ergo_ground_truth,gt,518,43.08333333333337,0.6126201550257074
ergo_ground_truth,gt,519,43.16666666666663,0.6127247518558822
ergo_ground_truth,gt,520,43.25,0.6127238538172878
ergo_ground_truth,gt,521,43.33333333333337,0.6127709940268217
ergo_ground_truth,gt,522,43.41666666666663,0.6129333778111772
ergo_ground_truth,gt,523,43.5,0.6131127789541533
ergo_ground_truth,gt,524,43.58333333333337,0.6132248706063277
ergo_ground_truth,gt,525,43.66666666666663,0.6133189567901507
ergo_ground_truth,gt,526,43.75,0.6134645169142149
ergo_ground_truth,gt,527,43.83333333333337,0.6136389619742016
ergo_ground_truth,gt,528,43.91666666666663,0.6137853929984468
ergo_ground_truth,gt,529,44.0,0.6138763396886946
ergo_ground_truth,gt,530,44.08333333333337,0.6139394187454702
ergo_ground_truth,gt,531,44.16666666666663,0.6140278218715859
ergo_ground_truth,gt,532,44.25,0.6141284168419261
ergo_ground_truth,gt,533,44.33333333333337,0.6141544946045185
ergo_ground_truth,gt,534,44.41666666666663,0.6140904834164057
ergo_ground_truth,gt,535,44.5,0.6141543206422341
ergo_ground_truth,gt,536,44.58333333333337,0.6143255364702599
ergo_ground_truth,gt,537,44.66666666666663,0.6144958315892138
ergo_ground_truth,gt,538,44.75,0.6146106760168629
ergo_ground_truth,gt,539,44.83333333333337,0.6146927081925471
ergo_ground_truth,gt,540,44.91666666666663,0.6147767993622439
ergo_ground_truth,gt,541,45.0,0.6148689407094878
ergo_ground_truth,gt,542,45.08333333333337,0.6149257073257358
ergo_ground_truth,gt,543,45.16666666666663,0.6148741538378287
ergo_ground_truth,gt,544,45.25,0.6148140980882512
ergo_ground_truth,gt,545,45.33333333333337,0.6148947055416726
ergo_ground_truth,gt,546,45.41666666666663,0.6150431783768971
ergo_ground_truth,gt,547,45.5,0.6151658299468866
ergo_ground_truth,gt,548,45.58333333333337,0.6152397606065809
ergo_ground_truth,gt,549,45.66666666666663,0.6152804433315492
ergo_ground_truth,gt,550,45.75,0.6153103629846577
ergo_ground_truth,gt,551,45.83333333333337,0.6153473400438162
ergo_ground_truth,gt,552,45.91666666666663,0.615368128635286
ergo_ground_truth,gt,553,46.0,0.6153624011070206
ergo_ground_truth,gt,554,46.08333333333337,0.6153740060978862
ergo_ground_truth,gt,555,46.16666666666663,0.615397126509488
ergo_ground_truth,gt,556,46.25,0.615388185991397
ergo_ground_truth,gt,557,46.33333333333337,0.6153668151443684
ergo_ground_truth,gt,558,46.41666666666663,0.6153760504799878
ergo_ground_truth,gt,559,46.5,0.6154098909657124
ergo_ground_truth,gt,560,46.58333333333337,0.6154324123863598
ergo_ground_truth,gt,561,46.66666666666663,0.6154006382795371
ergo_ground_truth,gt,562,46.75,0.615310538067428
ergo_ground_truth,gt,563,46.83333333333337,0.615248618306988
ergo_ground_truth,gt,564,46.91666666666663,0.615246799166083
ergo_ground_truth,gt,565,47.0,0.6152268574815404
ergo_ground_truth,gt,566,47.08333333333337,0.615116382513566
ergo_ground_truth,gt,567,47.16666666666663,0.6150345643180248
ergo_ground_truth,gt,568,47.25,0.6150468797767517
ergo_ground_truth,gt,569,47.33333333333337,0.6150804935583665
ergo_ground_truth,gt,570,47.41666666666663,0.6150623297490667
ergo_ground_truth,gt,571,47.5,0.6150042518472988
ergo_ground_truth,gt,572,47.58333333333337,0.614962675592118
ergo_ground_truth,gt,573,47.66666666666663,0.614942722697385
ergo_ground_truth,gt,574,47.75,0.6149035196769662
ergo_ground_truth,gt,575,47.83333333333337,0.6148266792193446
ergo_ground_truth,gt,576,47.91666666666663,0.6147470321655044
ergo_ground_truth,gt,577,48.0,0.614691592995241
ergo_ground_truth,gt,578,48.08333333333337,0.6146341925325973
ergo_ground_truth,gt,579,48.16666666666663,0.6145351719094572
ergo_ground_truth,gt,580,48.25,0.6144088111822068
ergo_ground_truth,gt,581,48.33333333333337,0.6143113343349172
ergo_ground_truth,gt,582,48.41666666666663,0.6142381719943314
ergo_ground_truth,gt,583,48.5,0.6141234038578358
ergo_ground_truth,gt,584,48.58333333333337,0.6139599408892922
ergo_ground_truth,gt,585,48.66666666666663,0.6138537151568513
ergo_ground_truth,gt,586,48.75,0.6138062978790702
ergo_ground_truth,gt,587,48.83333333333337,0.6137557548307554
ergo_ground_truth,gt,588,48.91666666666663,0.6136617054407598
ergo_ground_truth,gt,589,49.0,0.6135280199383261
ergo_ground_truth,gt,590,49.08333333333337,0.6133937284781068
ergo_ground_truth,gt,591,49.16666666666663,0.6132752630750995
ergo_ground_truth,gt,592,49.25,0.6131430066645874
ergo_ground_truth,gt,593,49.33333333333337,0.6129846499108066
ergo_ground_truth,gt,594,49.41666666666663,0.6128355414860404
ergo_ground_truth,gt,595,49.5,0.6127117651368954
ergo_ground_truth,gt,596,49.58333333333337,0.6125912508115298
ergo_ground_truth,gt,597,49.66666666666663,0.6124465841640264
ergo_ground_truth,gt,598,49.75,0.6122812956951386
ergo_ground_truth,gt,599,49.83333333333337,0.6121378646894636
ergo_ground_truth,gt,600,49.91666666666663,0.6120293582908221
ergo_ground_truth,gt,601,50.0,0.6119028637278026
ergo_ground_truth,gt,602,50.08333333333337,0.6117114538316795
ergo_ground_truth,gt,603,50.16666666666663,0.6115874313181171
ergo_ground_truth,gt,604,50.25,0.6115719741447813
ergo_ground_truth,gt,605,50.33333333333337,0.6115932734738326
ergo_ground_truth,gt,606,50.41666666666663,0.6115901437776672
ergo_ground_truth,gt,607,50.5,0.6115667623615365
ergo_ground_truth,gt,608,50.58333333333337,0.6115577444715274
ergo_ground_truth,gt,609,50.66666666666663,0.6115747448939334
ergo_ground_truth,gt,610,50.75,0.6115863471556559
ergo_ground_truth,gt,611,50.83333333333337,0.6115455178890389
ergo_ground_truth,gt,612,50.91666666666663,0.6114835814670948
ergo_ground_truth,gt,613,51.0,0.6114982656439958
ergo_ground_truth,gt,614,51.08333333333337,0.6115649506919839
ergo_ground_truth,gt,615,51.16666666666663,0.6115786191171062
ergo_ground_truth,gt,616,51.25,0.6115241291615722
ergo_ground_truth,gt,617,51.33333333333337,0.6115607035747468
ergo_ground_truth,gt,618,51.41666666666663,0.6116841678751491
ergo_ground_truth,gt,619,51.5,0.6117984720309287
ergo_ground_truth,gt,620,51.58333333333337,0.6118552171944853
ergo_ground_truth,gt,621,51.66666666666663,0.6119053302979424
ergo_ground_truth,gt,622,51.75,0.6119941656871809
ergo_ground_truth,gt,623,51.83333333333337,0.6120969230265578
ergo_ground_truth,gt,624,51.91666666666663,0.6121686713502063
ergo_ground_truth,gt,625,52.0,0.6122104951039302
ergo_ground_truth,gt,626,52.08333333333337,0.612264479566411
ergo_ground_truth,gt,627,52.16666666666663,0.6123440612066055
ergo_ground_truth,gt,628,52.25,0.6124065033448252
ergo_ground_truth,gt,629,52.33333333333337,0.6124140539302332
ergo_ground_truth,gt,630,52.41666666666663,0.6124192511716294
ergo_ground_truth,gt,631,52.5,0.6124855042859173
ergo_ground_truth,gt,632,52.58333333333337,0.612564715029285
ergo_ground_truth,gt,633,52.66666666666663,0.6125525177489783
ergo_ground_truth,gt,634,52.75,0.6124876110101845
ergo_ground_truth,gt,635,52.83333333333337,0.6125505356822938
ergo_ground_truth,gt,636,52.91666666666663,0.6126810699986661
ergo_ground_truth,gt,637,53.0,0.6127561618742489
ergo_ground_truth,gt,638,53.08333333333337,0.612754119079952
ergo_ground_truth,gt,639,53.16666666666663,0.6127926983794207
ergo_ground_truth,gt,640,53.25,0.6128935158601051
ergo_ground_truth,gt,641,53.33333333333337,0.6129878604574397
ergo_ground_truth,gt,642,53.41666666666663,0.6130318131600035
ergo_ground_truth,gt,643,53.5,0.6130537966762537
ergo_ground_truth,gt,644,53.58333333333337,0.6130927149733999
ergo_ground_truth,gt,645,53.66666666666663,0.6131402444981469
ergo_ground_truth,gt,646,53.75,0.6131535600934224
ergo_ground_truth,gt,647,53.83333333333337,0.6131138617481263
ergo_ground_truth,gt,648,53.91666666666663,0.6130759859610668
ergo_ground_truth,gt,649,54.0,0.6130845233963418
ergo_ground_truth,gt,650,54.08333333333337,0.613086184640402
ergo_ground_truth,gt,651,54.16666666666663,0.6129868586378563
ergo_ground_truth,gt,652,54.25,0.6128781395785933
ergo_ground_truth,gt,653,54.33333333333337,0.6128875705726906
ergo_ground_truth,gt,654,54.41666666666663,0.6129446729497303
ergo_ground_truth,gt,655,54.5,0.6129607107033523
ergo_ground_truth,gt,656,54.58333333333337,0.6129279127341658
ergo_ground_truth,gt,657,54.66666666666663,0.6128929973582142
ergo_ground_truth,gt,658,54.75,0.6128733548888151
ergo_ground_truth,gt,659,54.83333333333337,0.6128440337727076
ergo_ground_truth,gt,660,54.91666666666663,0.6127666584377806
ergo_ground_truth,gt,661,55.0,0.6126431113578937
ergo_ground_truth,gt,662,55.08333333333337,0.6125458891677684
ergo_ground_truth,gt,663,55.16666666666663,0.6124962029579427
ergo_ground_truth,gt,664,55.25,0.6124239176043468
ergo_ground_truth,gt,665,55.33333333333337,0.6122746255042378
ergo_ground_truth,gt,666,55.41666666666663,0.612172996027787
ergo_ground_truth,gt,667,55.5,0.612169176354189
ergo_ground_truth,gt,668,55.58333333333337,0.6121964440232353
ergo_ground_truth,gt,669,55.66666666666663,0.6121979682576947
ergo_ground_truth,gt,670,55.75,0.6121824672078782
ergo_ground_truth,gt,671,55.83333333333337,0.6121882432096355
ergo_ground_truth,gt,672,55.91666666666663,0.6122333995824476
ergo_ground_truth,gt,673,56.0,0.6122899871235823
ergo_ground_truth,gt,674,56.08333333333337,0.6122905105339433
ergo_ground_truth,gt,675,56.16666666666663,0.6122414932280822
ergo_ground_truth,gt,676,56.25,0.6123290418165968
ergo_ground_truth,gt,677,56.33333333333337,0.612516076575122
ergo_ground_truth,gt,678,56.41666666666663,0.6126953090575978
ergo_ground_truth,gt,679,56.5,0.6128010050183187
ergo_ground_truth,gt,680,56.58333333333337,0.6128277645356102
ergo_ground_truth,gt,681,56.66666666666663,0.612825997525386
ergo_ground_truth,gt,682,56.75,0.6128362671131898
ergo_ground_truth,gt,683,56.83333333333337,0.6128442035862169
ergo_ground_truth,gt,684,56.91666666666663,0.612823781822652
ergo_ground_truth,gt,685,57.0,0.6127893113072456
ergo_ground_truth,gt,686,57.08333333333337,0.6127725487339651
ergo_ground_truth,gt,687,57.16666666666663,0.6127705860170696
ergo_ground_truth,gt,688,57.25,0.6127485303954211
ergo_ground_truth,gt,689,57.33333333333337,0.6126927788644256
ergo_ground_truth,gt,690,57.41666666666663,0.6126457099215011
ergo_ground_truth,gt,691,57.5,0.6126319624783018
ergo_ground_truth,gt,692,57.58333333333337,0.6126057669897014
ergo_ground_truth,gt,693,57.66666666666663,0.6125021138188173
ergo_ground_truth,gt,694,57.75,0.6123996343086052
ergo_ground_truth,gt,695,57.83333333333337,0.6123817689985315
ergo_ground_truth,gt,696,57.91666666666663,0.6123869435498314
ergo_ground_truth,gt,697,58.0,0.6123252303055645
ergo_ground_truth,gt,698,58.08333333333337,0.6122239880598315
ergo_ground_truth,gt,699,58.16666666666663,0.612184999785947
ergo_ground_truth,gt,700,58.25,0.612190348371769
ergo_ground_truth,gt,701,58.33333333333337,0.6121752513030727
ergo_ground_truth,gt,702,58.41666666666663,0.612122506116056
ergo_ground_truth,gt,703,58.5,0.6120743454628131
ergo_ground_truth,gt,704,58.58333333333337,0.6120533273598867
ergo_ground_truth,gt,705,58.66666666666663,0.6120314256817481
ergo_ground_truth,gt,706,58.75,0.6119699833105092
ergo_ground_truth,gt,707,58.83333333333337,0.6118530455041545
ergo_ground_truth,gt,708,58.91666666666663,0.6117167475942327
ergo_ground_truth,gt,709,59.0,0.6116068646872511
ergo_ground_truth,gt,710,59.08333333333337,0.6115107047969768
ergo_ground_truth,gt,711,59.16666666666663,0.6114040769326825
ergo_ground_truth,gt,712,59.25,0.6112637021253934
ergo_ground_truth,gt,713,59.33333333333337,0.6110665363464233
ergo_ground_truth,gt,714,59.41666666666663,0.6108485165798225
ergo_ground_truth,gt,715,59.5,0.6106715614295286
ergo_ground_truth,gt,716,59.58333333333337,0.6105176771434896
ergo_ground_truth,gt,717,59.66666666666663,0.6103290336115199
ergo_ground_truth,gt,718,59.75,0.6101131771875415
ergo_ground_truth,gt,719,59.83333333333337,0.6099424516695138
ergo_ground_truth,gt,720,59.91666666666663,0.6098129345758793
ergo_ground_truth,gt,721,60.0,0.6096734186400565
ergo_ground_truth,gt,722,60.08333333333337,0.6095098820786488
ergo_ground_truth,gt,723,60.16666666666663,0.6093664474018498
ergo_ground_truth,gt,724,60.25,0.6092615430101092
ergo_ground_truth,gt,725,60.33333333333337,0.609168995792911
ergo_ground_truth,gt,726,60.41666666666663,0.609064322182859
ergo_ground_truth,gt,727,60.5,0.6089575914851171
ergo_ground_truth,gt,728,60.58333333333337,0.6088752967429631
ergo_ground_truth,gt,729,60.66666666666663,0.6088188978904937
ergo_ground_truth,gt,730,60.75,0.6087509784259865
ergo_ground_truth,gt,731,60.83333333333337,0.6086323913147096
ergo_ground_truth,gt,732,60.91666666666663,0.6085404004878856
ergo_ground_truth,gt,733,61.0,0.6085359138530104
ergo_ground_truth,gt,734,61.08333333333337,0.6085677964918977
ergo_ground_truth,gt,735,61.16666666666663,0.6085824673544487
ergo_ground_truth,gt,736,61.25,0.6085896944098919
ergo_ground_truth,gt,737,61.33333333333337,0.6086099736783861
ergo_ground_truth,gt,738,61.41666666666663,0.6086438130254106
ergo_ground_truth,gt,739,61.5,0.6085659178946687
ergo_ground_truth,gt,740,61.58333333333337,0.6083188872836377
ergo_ground_truth,gt,741,61.66666666666663,0.6079846789447936
ergo_ground_truth,gt,742,61.75,0.6075932132410605
ergo_ground_truth,gt,743,61.83333333333337,0.6071818483502196
ergo_ground_truth,gt,744,61.91666666666663,0.6067345076624058
ergo_ground_truth,gt,745,62.0,0.6063058679423128
ergo_ground_truth,gt,746,62.08333333333337,0.6058806227825873
ergo_ground_truth,gt,747,62.16666666666663,0.6054590967445724
ergo_ground_truth,gt,748,62.25,0.6050407248541305
ergo_ground_truth,gt,749,62.33333333333337,0.6046235971713504
ergo_ground_truth,gt,750,62.41666666666663,0.604207661929154
ergo_ground_truth,gt,751,62.5,0.6037989384441732
ergo_ground_truth,gt,752,62.58333333333337,0.6033966610287669
ergo_ground_truth,gt,753,62.66666666666663,0.6029996484632006
ergo_ground_truth,gt,754,62.75,0.602606565157996
ergo_ground_truth,gt,755,62.83333333333337,0.6022151317001279
ergo_ground_truth,gt,756,62.91666666666663,0.6018428645115181
ergo_ground_truth,gt,757,63.0,0.6014575276526406
ergo_ground_truth,gt,758,63.08333333333337,0.6010987130354808
ergo_ground_truth,gt,759,63.16666666666663,0.6007111484657862
ergo_ground_truth,gt,760,63.25,0.6003737633563869
ergo_ground_truth,gt,761,63.33333333333337,0.5999995670038464
ergo_ground_truth,gt,762,63.41666666666663,0.5996749483648098
ergo_ground_truth,gt,763,63.5,0.5993237623007261
ergo_ground_truth,gt,764,63.58333333333337,0.5989803096693281
ergo_ground_truth,gt,765,63.66666666666663,0.5986516835988166
ergo_ground_truth,gt,766,63.75,0.5983388106935865
ergo_ground_truth,gt,767,63.83333333333337,0.5979994960652947
ergo_ground_truth,gt,768,63.91666666666663,0.5976850127267497
ergo_ground_truth,gt,769,64.0,0.5973477455670136
ergo_ground_truth,gt,770,64.08333333333337,0.5970397369959942
ergo_ground_truth,gt,771,64.16666666666663,0.5967094847472717
ergo_ground_truth,gt,772,64.25,0.5964072135351518
ergo_ground_truth,gt,773,64.33333333333337,0.5960831858082579
ergo_ground_truth,gt,774,64.41666666666663,0.5957861237826411
ergo_ground_truth,gt,775,64.5,0.5954677030643074
ergo_ground_truth,gt,776,64.58333333333337,0.5951753779553083
ergo_ground_truth,gt,777,64.66666666666663,0.594862072780072
ergo_ground_truth,gt,778,64.75,0.5945740578311861
ergo_ground_truth,gt,779,64.83333333333337,0.5942654611527515
ergo_ground_truth,gt,780,64.91666666666663,0.5939814009604851
ergo_ground_truth,gt,781,65.0,0.5936772019077718
ergo_ground_truth,gt,782,65.08333333333337,0.5933967511008916
ergo_ground_truth,gt,783,65.16666666666663,0.5930965924814984
ergo_ground_truth,gt,784,65.25,0.5928196901352359
ergo_ground_truth,gt,785,65.33333333333337,0.5925235602677401
ergo_ground_truth,gt,786,65.41666666666663,0.5922497329471879
ergo_ground_truth,gt,787,65.5,0.5919572860452249
ergo_ground_truth,gt,788,65.58333333333337,0.5916867451430827
ergo_ground_truth,gt,789,65.66666666666663,0.5913980830152704
ergo_ground_truth,gt,790,65.75,0.591129838585818
ergo_ground_truth,gt,791,65.83333333333337,0.5908445667073926
ergo_ground_truth,gt,792,65.91666666666663,0.5905802980987438
ergo_ground_truth,gt,793,66.0,0.5902992275521537
ergo_ground_truth,gt,794,66.08333333333337,0.5900358662169369
ergo_ground_truth,gt,795,66.16666666666663,0.5897575439363617
ergo_ground_truth,gt,796,66.25,0.5895003125417978
ergo_ground_truth,gt,797,66.33333333333337,0.5892267949646633
ergo_ground_truth,gt,798,66.41666666666663,0.5889681776763026
ergo_ground_truth,gt,799,66.5,0.5886948494290275
ergo_ground_truth,gt,800,66.58333333333337,0.5884362151023734
ergo_ground_truth,gt,801,66.66666666666663,0.5881649564949326
ergo_ground_truth,gt,802,66.75,0.587909095712475
ergo_ground_truth,gt,803,66.83333333333337,0.5876414592551624
ergo_ground_truth,gt,804,66.91666666666663,0.5873863304625483
ergo_ground_truth,gt,805,67.0,0.5871196448684525
ergo_ground_truth,gt,806,67.08333333333337,0.5868686732328979
ergo_ground_truth,gt,807,67.16666666666663,0.5866073672715797
ergo_ground_truth,gt,808,67.25,0.5863561865998724
ergo_ground_truth,gt,809,67.33333333333337,0.5860944052194927
ergo_ground_truth,gt,810,67.41666666666663,0.5858405695572545
ergo_ground_truth,gt,811,67.5,0.5855787027663782
ergo_ground_truth,gt,812,67.58333333333337,0.5853276783866841
ergo_ground_truth,gt,813,67.66666666666663,0.5850721266470723
ergo_ground_truth,gt,814,67.75,0.5848233639843198
ergo_ground_truth,gt,815,67.83333333333337,0.5845672560742174
ergo_ground_truth,gt,816,67.91666666666663,0.5843152887823237
ergo_ground_truth,gt,817,68.0,0.5840596071234739
ergo_ground_truth,gt,818,68.08333333333337,0.5838085838366814
ergo_ground_truth,gt,819,68.16666666666663,0.5835573010657429
ergo_ground_truth,gt,820,68.25,0.5833084119306317
ergo_ground_truth,gt,821,68.33333333333337,0.5830565950632518
ergo_ground_truth,gt,822,68.41666666666663,0.5828069932030608
ergo_ground_truth,gt,823,68.5,0.5825607307683663
ergo_ground_truth,gt,824,68.58333333333337,0.5823140966051013
ergo_ground_truth,gt,825,68.66666666666663,0.5820667303741642
ergo_ground_truth,gt,826,68.75,0.5818185801930453
ergo_ground_truth,gt,827,68.83333333333337,0.5815763426746771
ergo_ground_truth,gt,828,68.91666666666663,0.5813310639334062
ergo_ground_truth,gt,829,69.0,0.5810884347101947
ergo_ground_truth,gt,830,69.08333333333337,0.5808423486653798
ergo_ground_truth,gt,831,69.16666666666663,0.5806042260445715
ergo_ground_truth,gt,832,69.25,0.5803606714013654
ergo_ground_truth,gt,833,69.33333333333337,0.5801230388480072
ergo_ground_truth,gt,834,69.41666666666663,0.5798795779620038
ergo_ground_truth,gt,835,69.5,0.5796456465140095
ergo_ground_truth,gt,836,69.58333333333337,0.5794043386569702
ergo_ground_truth,gt,837,69.66666666666663,0.5791717074521001
ergo_ground_truth,gt,838,69.75,0.5789313427081819
ergo_ground_truth,gt,839,69.83333333333337,0.5787016748511911
ergo_ground_truth,gt,840,69.91666666666663,0.5784632703115293
ergo_ground_truth,gt,841,70.0,0.5782354182071848
ergo_ground_truth,gt,842,70.08333333333337,0.5779986067146586
ergo_ground_truth,gt,843,70.16666666666663,0.5777731733664861
ergo_ground_truth,gt,844,70.25,0.5775384028805304
ergo_ground_truth,gt,845,70.33333333333337,0.577314965697754
ergo_ground_truth,gt,846,70.41666666666663,0.5770823028278814
ergo_ground_truth,gt,847,70.5,0.5768610006544855
ergo_ground_truth,gt,848,70.58333333333337,0.5766306980939687
ergo_ground_truth,gt,849,70.66666666666663,0.5764113732592832
ergo_ground_truth,gt,850,70.75,0.5761836286947856
ergo_ground_truth,gt,851,70.83333333333337,0.5759673025284169
ergo_ground_truth,gt,852,70.91666666666663,0.5757421101086999
ergo_ground_truth,gt,853,71.0,0.5755281259139033
ergo_ground_truth,gt,854,71.08333333333337,0.5753056631345349
ergo_ground_truth,gt,855,71.16666666666663,0.5750940113706926
ergo_ground_truth,gt,856,71.25,0.574874407096701
ergo_ground_truth,gt,857,71.33333333333337,0.5746648317118258
ergo_ground_truth,gt,858,71.41666666666663,0.5744482004715338
ergo_ground_truth,gt,859,71.5,0.5742405209147938
ergo_ground_truth,gt,860,71.58333333333337,0.5740266597517234
ergo_ground_truth,gt,861,71.66666666666663,0.5738213882803295
ergo_ground_truth,gt,862,71.75,0.5736102354571258
ergo_ground_truth,gt,863,71.83333333333337,0.5734072869210193
ergo_ground_truth,gt,864,71.91666666666663,0.5731989388315526
ergo_ground_truth,gt,865,72.0,0.5729980656646533
ergo_ground_truth,gt,866,72.08333333333337,0.572792578899569
ergo_ground_truth,gt,867,72.16666666666663,0.5725934694603275
ergo_ground_truth,gt,868,72.25,0.5723909179617772
ergo_ground_truth,gt,869,72.33333333333337,0.5721936089150275
ergo_ground_truth,gt,870,72.41666666666663,0.571993252852443
ergo_ground_truth,gt,871,72.5,0.5717980543162852
ergo_ground_truth,gt,872,72.58333333333337,0.5716001165654301
ergo_ground_truth,gt,873,72.66666666666663,0.5714068021100532
ergo_ground_truth,gt,874,72.75,0.571211270400883
ergo_ground_truth,gt,875,72.83333333333337,0.5710196635223745
ergo_ground_truth,gt,876,72.91666666666663,0.5708265403149466
ergo_ground_truth,gt,877,73.0,0.5706364854093955
ergo_ground_truth,gt,878,73.08333333333337,0.5704457630889126
ergo_ground_truth,gt,879,73.16666666666663,0.5702571351144945
ergo_ground_truth,gt,880,73.25,0.570068856428816
ergo_ground_truth,gt,881,73.33333333333337,0.5698815234508782
ergo_ground_truth,gt,882,73.41666666666663,0.5696956811003807
ergo_ground_truth,gt,883,73.5,0.569509572301402
ergo_ground_truth,gt,884,73.58333333333337,0.5693253280667911
ergo_ground_truth,gt,885,73.66666666666663,0.5691409607502714
ergo_ground_truth,gt,886,73.75,0.5689583495236055
ergo_ground_truth,gt,887,73.83333333333337,0.5687757347262009
ergo_ground_truth,gt,888,73.91666666666663,0.5685948595612871
ergo_ground_truth,gt,889,74.0,0.5684139015235548
ergo_ground_truth,gt,890,74.08333333333337,0.5682348242514432
ergo_ground_truth,gt,891,74.16666666666663,0.5680554092699892
ergo_ground_truth,gt,892,74.25,0.5678781192081025
ergo_ground_truth,gt,893,74.33333333333337,0.5677001701091976
ergo_ground_truth,gt,894,74.41666666666663,0.5675246755478999
ergo_ground_truth,gt,895,74.5,0.5673481271162636
ergo_ground_truth,gt,896,74.58333333333337,0.5671744497216427
ergo_ground_truth,gt,897,74.66666666666663,0.566999234004
ergo_ground_truth,gt,898,74.75,0.5668273838536165
ergo_ground_truth,gt,899,74.83333333333337,0.5666534457485681
ergo_ground_truth,gt,900,74.91666666666663,0.5664834307327452
ergo_ground_truth,gt,901,75.0,0.5663107251887507
ergo_ground_truth,gt,902,75.08333333333337,0.5661425516609646
ergo_ground_truth,gt,903,75.16666666666663,0.5659710419432892
ergo_ground_truth,gt,904,75.25,0.5658047151673717
ergo_ground_truth,gt,905,75.33333333333337,0.5656343712449294
ergo_ground_truth,gt,906,75.41666666666663,0.5654698953127203
ergo_ground_truth,gt,907,75.5,0.5653006926457709
ergo_ground_truth,gt,908,75.58333333333337,0.5651380701543665
ergo_ground_truth,gt,909,75.66666666666663,0.5649699891070896
ergo_ground_truth,gt,910,75.75,0.5648092963277126
ergo_ground_truth,gt,911,75.83333333333337,0.5646423470439607
ergo_ground_truth,gt,912,75.91666666666663,0.5644837372277316
ergo_ground_truth,gt,913,76.0,0.5643177867215357
ergo_ground_truth,gt,914,76.08333333333337,0.5641611679891206
ergo_ground_truth,gt,915,76.16666666666663,0.5639962436229677
ergo_ground_truth,gt,916,76.25,0.5638415981445489
ergo_ground_truth,gt,917,76.33333333333337,0.5636776981890746
ergo_ground_truth,gt,918,76.41666666666663,0.5635249861184479
ergo_ground_truth,gt,919,76.5,0.563362122008869
ergo_ground_truth,gt,920,76.58333333333337,0.5632113050819672
ergo_ground_truth,gt,921,76.66666666666663,0.5630494859868298
ergo_ground_truth,gt,922,76.75,0.5629005174752771
ergo_ground_truth,gt,923,76.83333333333337,0.5627397551943483
ergo_ground_truth,gt,924,76.91666666666663,0.5625925808692263
ergo_ground_truth,gt,925,77.0,0.5624328877952
ergo_ground_truth,gt,926,77.08333333333337,0.5622874433478862
ergo_ground_truth,gt,927,77.16666666666663,0.5621288330073833
ergo_ground_truth,gt,928,77.25,0.5619850431764036
ergo_ground_truth,gt,929,77.33333333333337,0.5618275295494044
ergo_ground_truth,gt,930,77.41666666666663,0.5616853069683657
ergo_ground_truth,gt,931,77.5,0.561528904179979
ergo_ground_truth,gt,932,77.58333333333337,0.5613881487875007
ergo_ground_truth,gt,933,77.66666666666663,0.5612328704641222
ergo_ground_truth,gt,934,77.75,0.561093469146472
ergo_ground_truth,gt,935,77.83333333333337,0.5609393277763591
ergo_ground_truth,gt,936,77.91666666666663,0.5608011544388946
ergo_ground_truth,gt,937,78.0,0.5606481540978528
ergo_ground_truth,gt,938,78.08333333333337,0.5605110412665995
ergo_ground_truth,gt,939,78.16666666666663,0.5603592099309309
ergo_ground_truth,gt,940,78.25,0.5602229861093291
ergo_ground_truth,gt,941,78.33333333333337,0.5600723356685365
ergo_ground_truth,gt,942,78.41666666666663,0.559936848389219
ergo_ground_truth,gt,943,78.5,0.5597873662397453
ergo_ground_truth,gt,944,78.58333333333337,0.559652460956997
ergo_ground_truth,gt,945,78.66666666666663,0.5595041378325166
ergo_ground_truth,gt,946,78.75,0.5593696645714448
ergo_ground_truth,gt,947,78.83333333333337,0.5592224741175096
ergo_ground_truth,gt,948,78.91666666666663,0.559088302832116
ergo_ground_truth,gt,949,79.0,0.5589421915483835
ergo_ground_truth,gt,950,79.08333333333337,0.5588083411506041
ergo_ground_truth,gt,951,79.16666666666663,0.5586638264270952
ergo_ground_truth,gt,952,79.25,0.5585331527496786
ergo_ground_truth,gt,953,79.33333333333337,0.5584139241335093
ergo_ground_truth,gt,954,79.41666666666663,0.5582695695002889
ergo_ground_truth,gt,955,79.5,0.5581364726762645
ergo_ground_truth,gt,956,79.58333333333337,0.5580083839600039
ergo_ground_truth,gt,957,79.66666666666663,0.5578646580436954
ergo_ground_truth,gt,958,79.75,0.557730692997684
ergo_ground_truth,gt,959,79.83333333333337,0.5575939466113047
ergo_ground_truth,gt,960,79.91666666666663,0.5574506938286006
ergo_ground_truth,gt,961,80.0,0.5573164335967364
ergo_ground_truth,gt,962,80.08333333333337,0.557175038056026
ergo_ground_truth,gt,963,80.16666666666663,0.5570333409574719
ergo_ground_truth,gt,964,80.25,0.5569023561998838
ergo_ground_truth,gt,965,80.33333333333337,0.5567549283461646
ergo_ground_truth,gt,966,80.41666666666663,0.5566151165431953
ergo_ground_truth,gt,967,80.5,0.5564800728861914
ergo_ground_truth,gt,968,80.58333333333337,0.5563290337984036
ergo_ground_truth,gt,969,80.66666666666663,0.5561901498122166
ergo_ground_truth,gt,970,80.75,0.5560657174315127
ergo_ground_truth,gt,971,80.83333333333337,0.5559099235641655
ergo_ground_truth,gt,972,80.91666666666663,0.5557727775929899
ergo_ground_truth,gt,973,81.0,0.5556348152951268
ergo_ground_truth,gt,974,81.08333333333337,0.5554753517627365
ergo_ground_truth,gt,975,81.16666666666663,0.5553447235325714
ergo_ground_truth,gt,976,81.25,0.5552291423742284
ergo_ground_truth,gt,977,81.33333333333337,0.5550642728305358
ergo_ground_truth,gt,978,81.41666666666663,0.5549255760111594
ergo_ground_truth,gt,979,81.5,0.554796819470707
ergo_ground_truth,gt,980,81.58333333333337,0.5546221674144911
ergo_ground_truth,gt,981,81.66666666666663,0.5544775323218225
ergo_ground_truth,gt,982,81.75,0.5543622240294663
ergo_ground_truth,gt,983,81.83333333333337,0.5541941538700802
ergo_ground_truth,gt,984,81.91666666666663,0.5540667494025462
ergo_ground_truth,gt,985,82.0,0.5539525332338088
ergo_ground_truth,gt,986,82.08333333333337,0.553773765001076
ergo_ground_truth,gt,987,82.16666666666663,0.5536270313343924
ergo_ground_truth,gt,988,82.25,0.5535158944566783
ergo_ground_truth,gt,989,82.33333333333337,0.5533365964458745
ergo_ground_truth,gt,990,82.41666666666663,0.5532035055323098
ergo_ground_truth,gt,991,82.5,0.5530934348667018
ergo_ground_truth,gt,992,82.58333333333337,0.5529124933054885
ergo_ground_truth,gt,993,82.66666666666663,0.5527615292381278
ergo_ground_truth,gt,994,82.75,0.5526561199764061
ergo_ground_truth,gt,995,82.83333333333337,0.5524683463284544
ergo_ground_truth,gt,996,82.91666666666663,0.5523330672215238
ergo_ground_truth,gt,997,83.0,0.5522333176121175
ergo_ground_truth,gt,998,83.08333333333337,0.5520739326810429
ergo_ground_truth,gt,999,83.16666666666663,0.5519172317838451
ergo_ground_truth,gt,1000,83.25,0.551817467436192
ergo_ground_truth,gt,1001,83.33333333333337,0.5516549987472519
ergo_ground_truth,gt,1002,83.41666666666663,0.5515090870218179
ergo_ground_truth,gt,1003,83.5,0.5514160687556946
ergo_ground_truth,gt,1004,83.58333333333337,0.5512774486603701
ergo_ground_truth,gt,1005,83.66666666666663,0.5511196135005015
ergo_ground_truth,gt,1006,83.75,0.5510242328909338
ergo_ground_truth,gt,1007,83.83333333333337,0.5508906425353206
ergo_ground_truth,gt,1008,83.91666666666663,0.5507358335550923
ergo_ground_truth,gt,1009,84.0,0.5506443623144128
ergo_ground_truth,gt,1010,84.08333333333337,0.550544675117249
ergo_ground_truth,gt,1011,84.16666666666663,0.5503835684891273
ergo_ground_truth,gt,1012,84.25,0.5503037797025292
ergo_ground_truth,gt,1013,84.33333333333337,0.5501955500495469
ergo_ground_truth,gt,1014,84.41666666666663,0.5500834133473694
ergo_ground_truth,gt,1015,84.5,0.5499748595605417
ergo_ground_truth,gt,1016,84.58333333333337,0.549900311942337
ergo_ground_truth,gt,1017,84.66666666666663,0.5498055853509835
ergo_ground_truth,gt,1018,84.75,0.5496826949257746
ergo_ground_truth,gt,1019,84.83333333333337,0.5495842783121058
ergo_ground_truth,gt,1020,84.91666666666663,0.5495027327827114
ergo_ground_truth,gt,1021,85.0,0.5494166085093244
ergo_ground_truth,gt,1022,85.08333333333337,0.5493354414227358
ergo_ground_truth,gt,1023,85.16666666666663,0.5491944027597837
ergo_ground_truth,gt,1024,85.25,0.5491148024397328
ergo_ground_truth,gt,1025,85.33333333333337,0.5490042431317802
ergo_ground_truth,gt,1026,85.41666666666663,0.5489161599166661
ergo_ground_truth,gt,1027,85.5,0.5487783157957546
ergo_ground_truth,gt,1028,85.58333333333337,0.5486813932229443
ergo_ground_truth,gt,1029,85.66666666666663,0.5486318331593696
ergo_ground_truth,gt,1030,85.75,0.5485434049084492
ergo_ground_truth,gt,1031,85.83333333333337,0.5484077894320486
ergo_ground_truth,gt,1032,85.91666666666663,0.5483346706212888
ergo_ground_truth,gt,1033,86.0,0.5482218104405164
ergo_ground_truth,gt,1034,86.08333333333337,0.5481621950825131
ergo_ground_truth,gt,1035,86.16666666666663,0.5480008075754755
ergo_ground_truth,gt,1036,86.25,0.5478992251949885
ergo_ground_truth,gt,1037,86.33333333333337,0.5478850770976681
ergo_ground_truth,gt,1038,86.41666666666663,0.5477950622044119
ergo_ground_truth,gt,1039,86.5,0.5476551559163182
ergo_ground_truth,gt,1040,86.58333333333337,0.5475795942641423
ergo_ground_truth,gt,1041,86.66666666666663,0.5474774033449775
ergo_ground_truth,gt,1042,86.75,0.5474911817733649
ergo_ground_truth,gt,1043,86.83333333333337,0.5473400962809589
ergo_ground_truth,gt,1044,86.91666666666663,0.5472383134260291
ergo_ground_truth,gt,1045,87.0,0.5471091916557036
ergo_ground_truth,gt,1046,87.08333333333337,0.5470986612539359
ergo_ground_truth,gt,1047,87.16666666666663,0.547126316493689
ergo_ground_truth,gt,1048,87.25,0.5469666759434951
ergo_ground_truth,gt,1049,87.33333333333337,0.5468608139820045
ergo_ground_truth,gt,1050,87.41666666666663,0.5468572382245935
ergo_ground_truth,gt,1051,87.5,0.5469255824316033
ergo_ground_truth,gt,1052,87.58333333333337,0.5468167792575721
ergo_ground_truth,gt,1053,87.66666666666663,0.5466591571611261
ergo_ground_truth,gt,1054,87.75,0.5465156369119416
ergo_ground_truth,gt,1055,87.83333333333337,0.546484613083514
ergo_ground_truth,gt,1056,87.91666666666663,0.5463545471246144
ergo_ground_truth,gt,1057,88.0,0.5462297866326664
ergo_ground_truth,gt,1058,88.08333333333337,0.5461011599431327
ergo_ground_truth,gt,1059,88.16666666666663,0.546085052299831
ergo_ground_truth,gt,1060,88.25,0.5462104094384389
ergo_ground_truth,gt,1061,88.33333333333337,0.5464101943862985
ergo_ground_truth,gt,1062,88.41666666666663,0.5466313390103328
ergo_ground_truth,gt,1063,88.5,0.5469588488555601
ergo_ground_truth,gt,1064,88.58333333333337,0.5474061107015828
ergo_ground_truth,gt,1065,88.66666666666663,0.5478788223972595
ergo_ground_truth,gt,1066,88.75,0.5482968167031393
ergo_ground_truth,gt,1067,88.83333333333337,0.5487003303010961
ergo_ground_truth,gt,1068,88.91666666666663,0.5491646377497431
ergo_ground_truth,gt,1069,89.0,0.549666242843917
ergo_ground_truth,gt,1070,89.08333333333337,0.5501339688156273
ergo_ground_truth,gt,1071,89.16666666666663,0.5505654037696643
ergo_ground_truth,gt,1072,89.25,0.5510425512829072
ergo_ground_truth,gt,1073,89.33333333333337,0.5515822201245968
ergo_ground_truth,gt,1074,89.41666666666663,0.5521154110560321
ergo_ground_truth,gt,1075,89.5,0.5525993707030414
ergo_ground_truth,gt,1076,89.58333333333337,0.5531051887202177
ergo_ground_truth,gt,1077,89.66666666666663,0.5536769914910399
ergo_ground_truth,gt,1078,89.75,0.5542471777991448
ergo_ground_truth,gt,1079,89.83333333333337,0.554746037773093
ergo_ground_truth,gt,1080,89.91666666666663,0.5552197232397853
ergo_ground_truth,gt,1081,90.0,0.5557398052291849
ergo_ground_truth,gt,1082,90.08333333333337,0.5562765514936963
ergo_ground_truth,gt,1083,90.16666666666663,0.556765961003433
ergo_ground_truth,gt,1084,90.25,0.5571883591665503
ergo_ground_truth,gt,1085,90.33333333333337,0.5575720737861064
ergo_ground_truth,gt,1086,90.41666666666663,0.557930789113958
ergo_ground_truth,gt,1087,90.5,0.5582966311377353
ergo_ground_truth,gt,1088,90.58333333333337,0.5586662271349411
ergo_ground_truth,gt,1089,90.66666666666663,0.558995956898557
ergo_ground_truth,gt,1090,90.75,0.5592781490921729
ergo_ground_truth,gt,1091,90.83333333333337,0.5594686575947457
ergo_ground_truth,gt,1092,90.91666666666663,0.5595592224001423
ergo_ground_truth,gt,1093,91.0,0.5595576638754195
ergo_ground_truth,gt,1094,91.08333333333337,0.5594851129374993
ergo_ground_truth,gt,1095,91.16666666666663,0.5593637419342559
ergo_ground_truth,gt,1096,91.25,0.5592105114599953
ergo_ground_truth,gt,1097,91.33333333333337,0.559037187064718
ergo_ground_truth,gt,1098,91.41666666666663,0.5588517215522264
ergo_ground_truth,gt,1099,91.5,0.5586595011997328
ergo_ground_truth,gt,1100,91.58333333333337,0.5584641841551045
ergo_ground_truth,gt,1101,91.66666666666663,0.5582682303758872
ergo_ground_truth,gt,1102,91.75,0.5580732382239288
ergo_ground_truth,gt,1103,91.83333333333337,0.557880033714926
ergo_ground_truth,gt,1104,91.91666666666663,0.557688202849153
ergo_ground_truth,gt,1105,92.0,0.557459193559939
ergo_ground_truth,gt,1106,92.08333333333337,0.5573337634255534
ergo_ground_truth,gt,1107,92.16666666666663,0.5572929571330433
ergo_ground_truth,gt,1108,92.25,0.5572594128634221
ergo_ground_truth,gt,1109,92.33333333333337,0.5571869005212327
ergo_ground_truth,gt,1110,92.41666666666663,0.5571169581487605
ergo_ground_truth,gt,1111,92.5,0.5570751981921809
ergo_ground_truth,gt,1112,92.58333333333337,0.5570366658871359
ergo_ground_truth,gt,1113,92.66666666666663,0.5569779117048642
ergo_ground_truth,gt,1114,92.75,0.5569141460260759
ergo_ground_truth,gt,1115,92.83333333333337,0.5568731544021494
ergo_ground_truth,gt,1116,92.91666666666663,0.5568566681805149
ergo_ground_truth,gt,1117,93.0,0.556843653612389
ergo_ground_truth,gt,1118,93.08333333333337,0.5568231019517496
ergo_ground_truth,gt,1119,93.16666666666663,0.5568136578728038
ergo_ground_truth,gt,1120,93.25,0.5568315846302274
ergo_ground_truth,gt,1121,93.33333333333337,0.5568563674166566
ergo_ground_truth,gt,1122,93.41666666666663,0.5568533815360988
ergo_ground_truth,gt,1123,93.5,0.556839408464827
ergo_ground_truth,gt,1124,93.58333333333337,0.5568612983542877
ergo_ground_truth,gt,1125,93.66666666666663,0.5569044459848174
ergo_ground_truth,gt,1126,93.75,0.5569086664033641
ergo_ground_truth,gt,1127,93.83333333333337,0.55686443645473
ergo_ground_truth,gt,1128,93.91666666666663,0.5568905593954272
ergo_ground_truth,gt,1129,94.0,0.5569747507729301
ergo_ground_truth,gt,1130,94.08333333333337,0.5570524800130305
ergo_ground_truth,gt,1131,94.16666666666663,0.5570954833197354
ergo_ground_truth,gt,1132,94.25,0.5571633139344951
ergo_ground_truth,gt,1133,94.33333333333337,0.5572863279354332
ergo_ground_truth,gt,1134,94.41666666666663,0.5574385730597449
ergo_ground_truth,gt,1135,94.5,0.5575950220502758
ergo_ground_truth,gt,1136,94.58333333333337,0.557765250198103
ergo_ground_truth,gt,1137,94.66666666666663,0.5579735788011628
ergo_ground_truth,gt,1138,94.75,0.5582229170339671
ergo_ground_truth,gt,1139,94.83333333333337,0.558477490841536
ergo_ground_truth,gt,1140,94.91666666666663,0.5586861293977285
ergo_ground_truth,gt,1141,95.0,0.5589295186668517
ergo_ground_truth,gt,1142,95.08333333333337,0.5593183863999752
ergo_ground_truth,gt,1143,95.16666666666663,0.5597836195400914
ergo_ground_truth,gt,1144,95.25,0.560218278516628
ergo_ground_truth,gt,1145,95.33333333333337,0.5606385578364487
ergo_ground_truth,gt,1146,95.41666666666663,0.561148218799221
ergo_ground_truth,gt,1147,95.5,0.5617402053772724
ergo_ground_truth,gt,1148,95.58333333333337,0.5623416516800541
ergo_ground_truth,gt,1149,95.66666666666663,0.5629001001009439
ergo_ground_truth,gt,1150,95.75,0.563398515177345
ergo_ground_truth,gt,1151,95.83333333333337,0.5638984854492172
ergo_ground_truth,gt,1152,95.91666666666663,0.5644817893103896
ergo_ground_truth,gt,1153,96.0,0.5651180093844395
ergo_ground_truth,gt,1154,96.08333333333337,0.565747910637811
ergo_ground_truth,gt,1155,96.16666666666663,0.5663222300457148
ergo_ground_truth,gt,1156,96.25,0.5667659821283485
ergo_ground_truth,gt,1157,96.33333333333337,0.567103540202898
ergo_ground_truth,gt,1158,96.41666666666663,0.5676201042793025
ergo_ground_truth,gt,1159,96.5,0.568258127131666
ergo_ground_truth,gt,1160,96.58333333333337,0.5688682332079527
ergo_ground_truth,gt,1161,96.66666666666663,0.5693960582759423
ergo_ground_truth,gt,1162,96.75,0.5699117418989758
ergo_ground_truth,gt,1163,96.83333333333337,0.5704645956383467
ergo_ground_truth,gt,1164,96.91666666666663,0.5710244201068974
ergo_ground_truth,gt,1165,97.0,0.5715355560810654
ergo_ground_truth,gt,1166,97.08333333333337,0.5719938709234551
ergo_ground_truth,gt,1167,97.16666666666663,0.5724636165217044
ergo_ground_truth,gt,1168,97.25,0.5729754370794444
ergo_ground_truth,gt,1169,97.33333333333337,0.5734634014893109
ergo_ground_truth,gt,1170,97.41666666666663,0.573856436416799
ergo_ground_truth,gt,1171,97.5,0.5742499923870994
ergo_ground_truth,gt,1172,97.58333333333337,0.5747497784888357
ergo_ground_truth,gt,1173,97.66666666666663,0.5752702756491679
ergo_ground_truth,gt,1174,97.75,0.5756595330843164
ergo_ground_truth,gt,1175,97.83333333333337,0.575974501620888
ergo_ground_truth,gt,1176,97.91666666666663,0.5764562573079189
ergo_ground_truth,gt,1177,98.0,0.5770168110399438
ergo_ground_truth,gt,1178,98.08333333333337,0.577484089538164
ergo_ground_truth,gt,1179,98.16666666666663,0.5778158952913475
ergo_ground_truth,gt,1180,98.25,0.5782427961456171
ergo_ground_truth,gt,1181,98.33333333333337,0.5787804210695193
ergo_ground_truth,gt,1182,98.41666666666663,0.5792883767790307
ergo_ground_truth,gt,1183,98.5,0.5796802492378357
ergo_ground_truth,gt,1184,98.58333333333337,0.5800749113551037
ergo_ground_truth,gt,1185,98.66666666666663,0.5805649294203948
ergo_ground_truth,gt,1186,98.75,0.5810761837415052
ergo_ground_truth,gt,1187,98.83333333333337,0.581516554168948
ergo_ground_truth,gt,1188,98.91666666666663,0.581918536193764
ergo_ground_truth,gt,1189,99.0,0.582371500226709
ergo_ground_truth,gt,1190,99.08333333333337,0.5828646980247661
ergo_ground_truth,gt,1191,99.16666666666663,0.5833252705039117
ergo_ground_truth,gt,1192,99.25,0.583731160806271
ergo_ground_truth,gt,1193,99.33333333333337,0.5841294610691153
ergo_ground_truth,gt,1194,99.41666666666663,0.5845448289203059
ergo_ground_truth,gt,1195,99.5,0.5849378461083565
ergo_ground_truth,gt,1196,99.58333333333337,0.5852618942222757
ergo_ground_truth,gt,1197,99.66666666666663,0.585540862807024
ergo_ground_truth,gt,1198,99.75,0.5858456463124612
ergo_ground_truth,gt,1199,99.83333333333337,0.5861681704415457
ergo_ground_truth,gt,1200,99.91666666666663,0.5864148923112075
ergo_ground_truth,gt,1201,100.0,0.5865397836279008
ergo_ground_truth,gt,1202,100.08333333333337,0.5867690928249732
ergo_ground_truth,gt,1203,100.16666666666663,0.5871164179506554
ergo_ground_truth,gt,1204,100.25,0.587457170619964
ergo_ground_truth,gt,1205,100.33333333333337,0.587725445711684
ergo_ground_truth,gt,1206,100.41666666666663,0.5879695330936725
ergo_ground_truth,gt,1207,100.5,0.5882287842112542
ergo_ground_truth,gt,1208,100.58333333333337,0.5884850293814561
ergo_ground_truth,gt,1209,100.66666666666663,0.5886918453771213
ergo_ground_truth,gt,1210,100.75,0.5887899102681583
ergo_ground_truth,gt,1211,100.83333333333337,0.5888127602973326
ergo_ground_truth,gt,1212,100.91666666666663,0.5889594400248914
ergo_ground_truth,gt,1213,101.0,0.589191633226042
ergo_ground_truth,gt,1214,101.08333333333337,0.58941559315973
ergo_ground_truth,gt,1215,101.16666666666663,0.5895734834268866
ergo_ground_truth,gt,1216,101.25,0.5896250834525085
ergo_ground_truth,gt,1217,101.33333333333337,0.589590291926562
ergo_ground_truth,gt,1218,101.41666666666663,0.5896493336845035
ergo_ground_truth,gt,1219,101.5,0.5897876214142536
ergo_ground_truth,gt,1220,101.58333333333337,0.5899053363089873
ergo_ground_truth,gt,1221,101.66666666666663,0.5899592567194915
ergo_ground_truth,gt,1222,101.75,0.5899976320544241
ergo_ground_truth,gt,1223,101.83333333333337,0.590058998988691
ergo_ground_truth,gt,1224,101.91666666666663,0.5901214421510408
ergo_ground_truth,gt,1225,102.0,0.5901480185916708
ergo_ground_truth,gt,1226,102.08333333333337,0.5901448611810284
ergo_ground_truth,gt,1227,102.16666666666663,0.5901508369612704
ergo_ground_truth,gt,1228,102.25,0.5901740734358676
ergo_ground_truth,gt,1229,102.33333333333337,0.5901844527200526
ergo_ground_truth,gt,1230,102.41666666666663,0.5901701630319576
ergo_ground_truth,gt,1231,102.5,0.5901635500590793
ergo_ground_truth,gt,1232,102.58333333333337,0.5901876875329951
ergo_ground_truth,gt,1233,102.66666666666663,0.5902174270351389
ergo_ground_truth,gt,1234,102.75,0.5902202984853064
ergo_ground_truth,gt,1235,102.83333333333337,0.5902209640452035
ergo_ground_truth,gt,1236,102.91666666666663,0.5902679740656227
ergo_ground_truth,gt,1237,103.0,0.5903419374087938
ergo_ground_truth,gt,1238,103.08333333333337,0.5901459501291171
ergo_ground_truth,gt,1239,103.16666666666663,0.5897760779196835
ergo_ground_truth,gt,1240,103.25,0.5893180238225585
ergo_ground_truth,gt,1241,103.33333333333337,0.5888467565045231
ergo_ground_truth,gt,1242,103.41666666666663,0.5884193742545587
ergo_ground_truth,gt,1243,103.5,0.5880659632487035
ergo_ground_truth,gt,1244,103.58333333333337,0.5877898189200126
ergo_ground_truth,gt,1245,103.66666666666663,0.5875656839948011
ergo_ground_truth,gt,1246,103.75,0.5873466350583293
ergo_ground_truth,gt,1247,103.83333333333337,0.5871476883421808
ergo_ground_truth,gt,1248,103.91666666666663,0.5870266488772559
ergo_ground_truth,gt,1249,104.0,0.5869537576812947
ergo_ground_truth,gt,1250,104.08333333333337,0.5868670337950289
ergo_ground_truth,gt,1251,104.16666666666663,0.5867586253927529
ergo_ground_truth,gt,1252,104.25,0.5866825796317806
ergo_ground_truth,gt,1253,104.33333333333337,0.5866494960828506
ergo_ground_truth,gt,1254,104.41666666666663,0.5866208917654886
ergo_ground_truth,gt,1255,104.5,0.586572560148941
ergo_ground_truth,gt,1256,104.58333333333337,0.5865344379666596
ergo_ground_truth,gt,1257,104.66666666666663,0.5865345026476642
ergo_ground_truth,gt,1258,104.75,0.5865511258536948
ergo_ground_truth,gt,1259,104.83333333333337,0.5865493366744409
ergo_ground_truth,gt,1260,104.91666666666663,0.5865430553873837
ergo_ground_truth,gt,1261,105.0,0.5865756666513217
ergo_ground_truth,gt,1262,105.08333333333337,0.5866416416747618
ergo_ground_truth,gt,1263,105.16666666666663,0.5866901709759915
ergo_ground_truth,gt,1264,105.25,0.5867078938119665
ergo_ground_truth,gt,1265,105.33333333333337,0.5867633255903607
ergo_ground_truth,gt,1266,105.41666666666663,0.5868801328106654
ergo_ground_truth,gt,1267,105.5,0.5869874919381154
ergo_ground_truth,gt,1268,105.58333333333337,0.5870038984216351
ergo_ground_truth,gt,1269,105.66666666666663,0.5870547853956097
ergo_ground_truth,gt,1270,105.75,0.5872285407896657
ergo_ground_truth,gt,1271,105.83333333333337,0.5874352962212962
ergo_ground_truth,gt,1272,105.91666666666663,0.5875717355518089
ergo_ground_truth,gt,1273,106.0,0.587682065456986
ergo_ground_truth,gt,1274,106.08333333333337,0.5878707106549589
ergo_ground_truth,gt,1275,106.16666666666663,0.588111658153878
ergo_ground_truth,gt,1276,106.25,0.5883317758178231
ergo_ground_truth,gt,1277,106.33333333333337,0.5885116898064989
ergo_ground_truth,gt,1278,106.41666666666663,0.588691694743496
ergo_ground_truth,gt,1279,106.5,0.588899033763038
ergo_ground_truth,gt,1280,106.58333333333337,0.5891090873621472
ergo_ground_truth,gt,1281,106.66666666666663,0.5892741829391271
ergo_ground_truth,gt,1282,106.75,0.5893996531193708
ergo_ground_truth,gt,1283,106.83333333333337,0.589565941528929
ergo_ground_truth,gt,1284,106.91666666666663,0.5897834002447897
ergo_ground_truth,gt,1285,107.0,0.5899595083595809
ergo_ground_truth,gt,1286,107.08333333333337,0.5900149388710353
ergo_ground_truth,gt,1287,107.16666666666663,0.5901525405970021
ergo_ground_truth,gt,1288,107.25,0.590413578579198
ergo_ground_truth,gt,1289,107.33333333333337,0.5906807652117905
ergo_ground_truth,gt,1290,107.41666666666663,0.5908698168477196
ergo_ground_truth,gt,1291,107.5,0.5910325366894165
ergo_ground_truth,gt,1292,107.58333333333337,0.591239332513671
ergo_ground_truth,gt,1293,107.66666666666663,0.5914686378093971
ergo_ground_truth,gt,1294,107.75,0.5916654539907911
ergo_ground_truth,gt,1295,107.83333333333337,0.5918158564282339
ergo_ground_truth,gt,1296,107.91666666666663,0.5919568397318002
ergo_ground_truth,gt,1297,108.0,0.5921184505598398
ergo_ground_truth,gt,1298,108.08333333333337,0.5922718427994502
ergo_ground_truth,gt,1299,108.16666666666663,0.5923559260705533
ergo_ground_truth,gt,1300,108.25,0.5923904402373279
ergo_ground_truth,gt,1301,108.33333333333337,0.5924981047086147
ergo_ground_truth,gt,1302,108.41666666666663,0.5926638181086707
ergo_ground_truth,gt,1303,108.5,0.5927840774917338
ergo_ground_truth,gt,1304,108.58333333333337,0.5928348340378745
ergo_ground_truth,gt,1305,108.66666666666663,0.5929266562862237
ergo_ground_truth,gt,1306,108.75,0.5930779888657006
ergo_ground_truth,gt,1307,108.83333333333337,0.5932231404112726
ergo_ground_truth,gt,1308,108.91666666666663,0.5933108245420243
ergo_ground_truth,gt,1309,109.0,0.5933229550995182
ergo_ground_truth,gt,1310,109.08333333333337,0.5932819596148005
ergo_ground_truth,gt,1311,109.16666666666663,0.5932623079848021
ergo_ground_truth,gt,1312,109.25,0.593275537284008
ergo_ground_truth,gt,1313,109.33333333333337,0.593283688304552
ergo_ground_truth,gt,1314,109.41666666666663,0.5932536128606726
ergo_ground_truth,gt,1315,109.5,0.5931516619169475
ergo_ground_truth,gt,1316,109.58333333333337,0.592978620541206
ergo_ground_truth,gt,1317,109.66666666666663,0.5928439063729165
ergo_ground_truth,gt,1318,109.75,0.5927640550170734
ergo_ground_truth,gt,1319,109.83333333333337,0.5926599974296902
ergo_ground_truth,gt,1320,109.91666666666663,0.592465456287506
ergo_ground_truth,gt,1321,110.0,0.5923009623688199
ergo_ground_truth,gt,1322,110.08333333333337,0.5922199900164794
ergo_ground_truth,gt,1323,110.16666666666663,0.5921491133898247
ergo_ground_truth,gt,1324,110.25,0.5920011457163876
ergo_ground_truth,gt,1325,110.33333333333337,0.5918280079467153
ergo_ground_truth,gt,1326,110.41666666666663,0.5917544201555025
ergo_ground_truth,gt,1327,110.5,0.5917266962124194
ergo_ground_truth,gt,1328,110.58333333333337,0.5916492658036834
ergo_ground_truth,gt,1329,110.66666666666663,0.5915105019527878
ergo_ground_truth,gt,1330,110.75,0.5914504879532413
ergo_ground_truth,gt,1331,110.83333333333337,0.5914582434969522
ergo_ground_truth,gt,1332,110.91666666666663,0.591457668157623
ergo_ground_truth,gt,1333,111.0,0.5914206052102977
ergo_ground_truth,gt,1334,111.08333333333337,0.5913353795651671
ergo_ground_truth,gt,1335,111.16666666666663,0.5912040273361896
ergo_ground_truth,gt,1336,111.25,0.591116694973911
ergo_ground_truth,gt,1337,111.33333333333337,0.5911030701419455
ergo_ground_truth,gt,1338,111.41666666666663,0.5911160264404438
ergo_ground_truth,gt,1339,111.5,0.591110830481156
ergo_ground_truth,gt,1340,111.58333333333337,0.5910522661312947
ergo_ground_truth,gt,1341,111.66666666666663,0.5909277150044513
ergo_ground_truth,gt,1342,111.75,0.590859745863232
ergo_ground_truth,gt,1343,111.83333333333337,0.5908854548659684
ergo_ground_truth,gt,1344,111.91666666666663,0.5909381560619877
ergo_ground_truth,gt,1345,112.0,0.5909643219339644
ergo_ground_truth,gt,1346,112.08333333333337,0.5909479005277927
ergo_ground_truth,gt,1347,112.16666666666663,0.590904535912755
ergo_ground_truth,gt,1348,112.25,0.5908795552276733
ergo_ground_truth,gt,1349,112.33333333333337,0.5908678943497536
ergo_ground_truth,gt,1350,112.41666666666663,0.5908003288981897
ergo_ground_truth,gt,1351,112.5,0.5906684893861867
ergo_ground_truth,gt,1352,112.58333333333337,0.5906246567257706
ergo_ground_truth,gt,1353,112.66666666666663,0.5906493474865716
ergo_ground_truth,gt,1354,112.75,0.590650865088032
ergo_ground_truth,gt,1355,112.83333333333337,0.5905848905716884
ergo_ground_truth,gt,1356,112.91666666666663,0.5905215060041724
ergo_ground_truth,gt,1357,113.0,0.5905095905052151
ergo_ground_truth,gt,1358,113.08333333333337,0.590508548244036
ergo_ground_truth,gt,1359,113.16666666666663,0.5904703623736346
ergo_ground_truth,gt,1360,113.25,0.5904185415280414
ergo_ground_truth,gt,1361,113.33333333333337,0.590406341746838
ergo_ground_truth,gt,1362,113.41666666666663,0.5904279594852647
ergo_ground_truth,gt,1363,113.5,0.5904425241985334
ergo_ground_truth,gt,1364,113.58333333333337,0.590446916823162
ergo_ground_truth,gt,1365,113.66666666666663,0.5904808903702143
ergo_ground_truth,gt,1366,113.75,0.5905608744359847
ergo_ground_truth,gt,1367,113.83333333333337,0.5906567239160598
ergo_ground_truth,gt,1368,113.91666666666663,0.5907274829442853
ergo_ground_truth,gt,1369,114.0,0.5907780580034657
ergo_ground_truth,gt,1370,114.08333333333337,0.590870852822911
ergo_ground_truth,gt,1371,114.16666666666663,0.5910241401814473
ergo_ground_truth,gt,1372,114.25,0.5911998492536418
ergo_ground_truth,gt,1373,114.33333333333337,0.5913628605385791
ergo_ground_truth,gt,1374,114.41666666666663,0.5914779084214763
ergo_ground_truth,gt,1375,114.5,0.5915225451027066
ergo_ground_truth,gt,1376,114.58333333333337,0.5915507681052903
ergo_ground_truth,gt,1377,114.66666666666663,0.5916138310243241
ergo_ground_truth,gt,1378,114.75,0.5916843531149886
ergo_ground_truth,gt,1379,114.83333333333337,0.5917242754631614
ergo_ground_truth,gt,1380,114.91666666666663,0.5917542610065664
ergo_ground_truth,gt,1381,115.0,0.591805678160265
ergo_ground_truth,gt,1382,115.08333333333337,0.5918641392212617
ergo_ground_truth,gt,1383,115.16666666666663,0.5918919136021968
ergo_ground_truth,gt,1384,115.25,0.5918421674903194
ergo_ground_truth,gt,1385,115.33333333333337,0.5917223860676591
ergo_ground_truth,gt,1386,115.41666666666663,0.5917018097445539
ergo_ground_truth,gt,1387,115.5,0.5917549590059191
ergo_ground_truth,gt,1388,115.58333333333337,0.5918124917847433
ergo_ground_truth,gt,1389,115.66666666666663,0.5918364689466528
ergo_ground_truth,gt,1390,115.75,0.5918322319556962
ergo_ground_truth,gt,1391,115.83333333333337,0.5918291065424188
ergo_ground_truth,gt,1392,115.91666666666663,0.5918433008196701
ergo_ground_truth,gt,1393,116.0,0.5918445358116634
ergo_ground_truth,gt,1394,116.08333333333337,0.5917894763990474
ergo_ground_truth,gt,1395,116.16666666666663,0.5917361236296974
ergo_ground_truth,gt,1396,116.25,0.5917596964325763
ergo_ground_truth,gt,1397,116.33333333333337,0.5918103693944339
ergo_ground_truth,gt,1398,116.41666666666663,0.5917860902386293
ergo_ground_truth,gt,1399,116.5,0.5917105536746219
ergo_ground_truth,gt,1400,116.58333333333337,0.5917423888741324
ergo_ground_truth,gt,1401,116.66666666666663,0.5918336720997305
ergo_ground_truth,gt,1402,116.75,0.5918704791485467
ergo_ground_truth,gt,1403,116.83333333333337,0.5918065189874236
ergo_ground_truth,gt,1404,116.91666666666663,0.5918037085389366
ergo_ground_truth,gt,1405,117.0,0.5918810227585248
ergo_ground_truth,gt,1406,117.08333333333337,0.5919379499497033
ergo_ground_truth,gt,1407,117.16666666666663,0.5918743927010891
ergo_ground_truth,gt,1408,117.25,0.5918270688235789
ergo_ground_truth,gt,1409,117.33333333333337,0.5918844377425909
ergo_ground_truth,gt,1410,117.41666666666663,0.5919611880343936
ergo_ground_truth,gt,1411,117.5,0.5919459893665039
ergo_ground_truth,gt,1412,117.58333333333337,0.5918810717122949
ergo_ground_truth,gt,1413,117.66666666666663,0.59190829183299
ergo_ground_truth,gt,1414,117.75,0.5919875313810783
ergo_ground_truth,gt,1415,117.83333333333337,0.5920236066859637
ergo_ground_truth,gt,1416,117.91666666666663,0.5920000915925241
ergo_ground_truth,gt,1417,118.0,0.5920021507533741
ergo_ground_truth,gt,1418,118.08333333333337,0.5920505027431083
ergo_ground_truth,gt,1419,118.16666666666663,0.592094098515442
ergo_ground_truth,gt,1420,118.25,0.5920986836219617
ergo_ground_truth,gt,1421,118.33333333333337,0.5920884518770575
ergo_ground_truth,gt,1422,118.41666666666663,0.5920953073477513
ergo_ground_truth,gt,1423,118.5,0.5921101625714142
ergo_ground_truth,gt,1424,118.58333333333337,0.5920932872652974
ergo_ground_truth,gt,1425,118.66666666666663,0.5920259949869991
ergo_ground_truth,gt,1426,118.75,0.5919612548589283
ergo_ground_truth,gt,1427,118.83333333333337,0.5919409579927821
ergo_ground_truth,gt,1428,118.91666666666663,0.5919170906478245
ergo_ground_truth,gt,1429,119.0,0.5918242843539523
ergo_ground_truth,gt,1430,119.08333333333337,0.5917367046894002
ergo_ground_truth,gt,1431,119.16666666666663,0.5917348891490403
ergo_ground_truth,gt,1432,119.25,0.5917780546856165
ergo_ground_truth,gt,1433,119.33333333333337,0.5918075549358552
ergo_ground_truth,gt,1434,119.41666666666663,0.5918008022683184
ergo_ground_truth,gt,1435,119.5,0.5917722198959715
ergo_ground_truth,gt,1436,119.58333333333337,0.591767725133126
ergo_ground_truth,gt,1437,119.66666666666663,0.5918035899782598
ergo_ground_truth,gt,1438,119.75,0.591828320581018
ergo_ground_truth,gt,1439,119.83333333333337,0.5918187088225249
ergo_ground_truth,gt,1440,119.91666666666663,0.591887532811968
ergo_ground_truth,gt,1441,120.0,0.5920716957419114
ergo_ground_truth,gt,1442,120.08333333333337,0.5923158500627965
ergo_ground_truth,gt,1443,120.16666666666663,0.5925601533305809
ergo_ground_truth,gt,1444,120.25,0.5927723150927454
ergo_ground_truth,gt,1445,120.33333333333337,0.5929796932970146
ergo_ground_truth,gt,1446,120.41666666666663,0.5932623584631017
ergo_ground_truth,gt,1447,120.5,0.5935999118546619
ergo_ground_truth,gt,1448,120.58333333333337,0.5938808624675976
ergo_ground_truth,gt,1449,120.66666666666663,0.5940755461991872
ergo_ground_truth,gt,1450,120.75,0.5942657962147041
ergo_ground_truth,gt,1451,120.83333333333337,0.5944532937610935
ergo_ground_truth,gt,1452,120.91666666666663,0.5945908165763679
ergo_ground_truth,gt,1453,121.0,0.5946486136192134
ergo_ground_truth,gt,1454,121.08333333333337,0.5946374606068565
ergo_ground_truth,gt,1455,121.16666666666663,0.5946213278848625
ergo_ground_truth,gt,1456,121.25,0.5946403440630371
ergo_ground_truth,gt,1457,121.33333333333337,0.5946341617303058
ergo_ground_truth,gt,1458,121.41666666666663,0.5944940338264597
ergo_ground_truth,gt,1459,121.5,0.5942804287849301
ergo_ground_truth,gt,1460,121.58333333333337,0.5940363423530576
ergo_ground_truth,gt,1461,121.66666666666663,0.5937474392527532
ergo_ground_truth,gt,1462,121.75,0.5935146769189145
ergo_ground_truth,gt,1463,121.83333333333337,0.5933758784486949
ergo_ground_truth,gt,1464,121.91666666666663,0.5932606207736554
ergo_ground_truth,gt,1465,122.0,0.59307738272827
ergo_ground_truth,gt,1466,122.08333333333337,0.5928973525225283
ergo_ground_truth,gt,1467,122.16666666666663,0.592821468816207
ergo_ground_truth,gt,1468,122.25,0.5927899428020669
ergo_ground_truth,gt,1469,122.33333333333337,0.5926995933009586
ergo_ground_truth,gt,1470,122.41666666666663,0.5925418824063646
ergo_ground_truth,gt,1471,122.5,0.5924918814232658
ergo_ground_truth,gt,1472,122.58333333333337,0.5925201795399289
ergo_ground_truth,gt,1473,122.66666666666663,0.5925241174977304
ergo_ground_truth,gt,1474,122.75,0.5924578311104769
ergo_ground_truth,gt,1475,122.83333333333337,0.5924348311415072
ergo_ground_truth,gt,1476,122.91666666666663,0.5924957722936993
ergo_ground_truth,gt,1477,123.0,0.5925752947248984
ergo_ground_truth,gt,1478,123.08333333333337,0.5926185148299988
ergo_ground_truth,gt,1479,123.16666666666663,0.592651914731448
ergo_ground_truth,gt,1480,123.25,0.5927180294166049
ergo_ground_truth,gt,1481,123.33333333333337,0.5928068575043872
ergo_ground_truth,gt,1482,123.41666666666663,0.5928795765674382
ergo_ground_truth,gt,1483,123.5,0.592918899944373
ergo_ground_truth,gt,1484,123.58333333333337,0.5929493351616795
ergo_ground_truth,gt,1485,123.66666666666663,0.5929962675610476
ergo_ground_truth,gt,1486,123.75,0.5930343958726554
ergo_ground_truth,gt,1487,123.83333333333337,0.5930083448836029
ergo_ground_truth,gt,1488,123.91666666666663,0.5929461368252085
ergo_ground_truth,gt,1489,124.0,0.5929499559977305
ergo_ground_truth,gt,1490,124.08333333333337,0.592994394508731
ergo_ground_truth,gt,1491,124.16666666666663,0.5929888753892266
ergo_ground_truth,gt,1492,124.25,0.5929168527932258
ergo_ground_truth,gt,1493,124.33333333333337,0.5928972071948443
ergo_ground_truth,gt,1494,124.41666666666663,0.5929349935434307
ergo_ground_truth,gt,1495,124.5,0.5929603834599237
ergo_ground_truth,gt,1496,124.58333333333337,0.5929335253681193
ergo_ground_truth,gt,1497,124.66666666666663,0.5928887322763663
ergo_ground_truth,gt,1498,124.75,0.5928590837958624
ergo_ground_truth,gt,1499,124.83333333333337,0.5928289551164679
ergo_ground_truth,gt,1500,124.91666666666663,0.5927676691092111
ergo_ground_truth,gt,1501,125.0,0.5926750639399625
ergo_ground_truth,gt,1502,125.08333333333337,0.5925802384233284
ergo_ground_truth,gt,1503,125.16666666666663,0.5924949622792396
ergo_ground_truth,gt,1504,125.25,0.5923945181986375
ergo_ground_truth,gt,1505,125.33333333333337,0.5922575029407237
ergo_ground_truth,gt,1506,125.41666666666663,0.5921162679901628
ergo_ground_truth,gt,1507,125.5,0.5920080915392386
ergo_ground_truth,gt,1508,125.58333333333337,0.5919096686460025
ergo_ground_truth,gt,1509,125.66666666666663,0.5917726059297959
ergo_ground_truth,gt,1510,125.75,0.5916420015601264
ergo_ground_truth,gt,1511,125.83333333333337,0.5916097035041455
ergo_ground_truth,gt,1512,125.91666666666663,0.5916331502862769
ergo_ground_truth,gt,1513,126.0,0.5916117387506034
ergo_ground_truth,gt,1514,126.08333333333337,0.5915418011365172
ergo_ground_truth,gt,1515,126.16666666666663,0.5915755218333988
ergo_ground_truth,gt,1516,126.25,0.591689495647427
ergo_ground_truth,gt,1517,126.33333333333337,0.5917742179824931
ergo_ground_truth,gt,1518,126.41666666666663,0.5915769360682857
ergo_ground_truth,gt,1519,126.5,0.5913027941584492
ergo_ground_truth,gt,1520,126.58333333333337,0.5910725781480727
ergo_ground_truth,gt,1521,126.66666666666663,0.5909241842583588
ergo_ground_truth,gt,1522,126.75,0.5908128222161145
ergo_ground_truth,gt,1523,126.83333333333337,0.5906642274086323
ergo_ground_truth,gt,1524,126.91666666666663,0.5906197973865557
ergo_ground_truth,gt,1525,127.0,0.5907264863509747
ergo_ground_truth,gt,1526,127.08333333333337,0.5908905383375369
ergo_ground_truth,gt,1527,127.16666666666663,0.5910224513965344
ergo_ground_truth,gt,1528,127.25,0.5911500163420256
ergo_ground_truth,gt,1529,127.33333333333337,0.591347675277424
ergo_ground_truth,gt,1530,127.41666666666663,0.5915981387568993
ergo_ground_truth,gt,1531,127.5,0.5918280773954347
ergo_ground_truth,gt,1532,127.58333333333337,0.592016402255745
ergo_ground_truth,gt,1533,127.66666666666663,0.5922300968432732
ergo_ground_truth,gt,1534,127.75,0.5924989229538218
ergo_ground_truth,gt,1535,127.83333333333337,0.5927635686238933
ergo_ground_truth,gt,1536,127.91666666666663,0.5929694450609884
ergo_ground_truth,gt,1537,128.0,0.5931729004727703
ergo_ground_truth,gt,1538,128.08333333333337,0.593444839559058
ergo_ground_truth,gt,1539,128.16666666666663,0.5937394334862375
ergo_ground_truth,gt,1540,128.25,0.5939666792962685
ergo_ground_truth,gt,1541,128.33333333333337,0.5941495221148332
ergo_ground_truth,gt,1542,128.41666666666663,0.5944092175479091
ergo_ground_truth,gt,1543,128.5,0.5947290806451049
ergo_ground_truth,gt,1544,128.58333333333337,0.5949876081547669
ergo_ground_truth,gt,1545,128.66666666666663,0.595106580938157
ergo_ground_truth,gt,1546,128.75,0.5953007694082458
ergo_ground_truth,gt,1547,128.83333333333337,0.5955265099059274
ergo_ground_truth,gt,1548,128.91666666666663,0.5956786462464368
ergo_ground_truth,gt,1549,129.0,0.5957009274104693
ergo_ground_truth,gt,1550,129.08333333333337,0.5955835847256838
ergo_ground_truth,gt,1551,129.16666666666663,0.5955095049224832
ergo_ground_truth,gt,1552,129.25,0.5955308095307397
ergo_ground_truth,gt,1553,129.33333333333337,0.5955733131465017
ergo_ground_truth,gt,1554,129.41666666666663,0.5955833630325227
ergo_ground_truth,gt,1555,129.5,0.5955816299443408
ergo_ground_truth,gt,1556,129.58333333333337,0.5955977448153981
ergo_ground_truth,gt,1557,129.66666666666663,0.5956284867643297
ergo_ground_truth,gt,1558,129.75,0.595641220996962
ergo_ground_truth,gt,1559,129.83333333333337,0.5955837542169427
ergo_ground_truth,gt,1560,129.91666666666663,0.5954695718079964
ergo_ground_truth,gt,1561,130.0,0.5954455431953527
ergo_ground_truth,gt,1562,130.08333333333337,0.5954950972258095
ergo_ground_truth,gt,1563,130.16666666666663,0.5955406465746852
ergo_ground_truth,gt,1564,130.25,0.5955430937647349
ergo_ground_truth,gt,1565,130.33333333333337,0.5954862289364308
ergo_ground_truth,gt,1566,130.41666666666663,0.5953619557102594
ergo_ground_truth,gt,1567,130.5,0.5952408945393171
ergo_ground_truth,gt,1568,130.58333333333337,0.5951686100186253
ergo_ground_truth,gt,1569,130.66666666666663,0.595108697702561
ergo_ground_truth,gt,1570,130.75,0.595011588232021
ergo_ground_truth,gt,1571,130.83333333333337,0.5948629731950477
ergo_ground_truth,gt,1572,130.91666666666663,0.5946944229855857
ergo_ground_truth,gt,1573,131.0,0.5945344064602065
ergo_ground_truth,gt,1574,131.08333333333337,0.5943697933845273
ergo_ground_truth,gt,1575,131.16666666666663,0.5941681164775465
ergo_ground_truth,gt,1576,131.25,0.5939344818515635
ergo_ground_truth,gt,1577,131.33333333333337,0.5937298220307842
ergo_ground_truth,gt,1578,131.41666666666663,0.5935624615542341
ergo_ground_truth,gt,1579,131.5,0.5933819442806816
ergo_ground_truth,gt,1580,131.58333333333337,0.5931701571891196
ergo_ground_truth,gt,1581,131.66666666666663,0.5929858944854713
ergo_ground_truth,gt,1582,131.75,0.5928450576363011
ergo_ground_truth,gt,1583,131.83333333333337,0.5927160858913948
ergo_ground_truth,gt,1584,131.91666666666663,0.5925635058180262
ergo_ground_truth,gt,1585,132.0,0.5923497696253346
ergo_ground_truth,gt,1586,132.08333333333337,0.5920840740073469
ergo_ground_truth,gt,1587,132.16666666666663,0.5919113608020812
ergo_ground_truth,gt,1588,132.25,0.5918169295740242
ergo_ground_truth,gt,1589,132.33333333333337,0.5917406313117333
ergo_ground_truth,gt,1590,132.41666666666663,0.5916531198159041
ergo_ground_truth,gt,1591,132.5,0.5915880803011454
ergo_ground_truth,gt,1592,132.58333333333337,0.5915961707328409
ergo_ground_truth,gt,1593,132.66666666666663,0.5916793017141188
ergo_ground_truth,gt,1594,132.75,0.59179018963974
ergo_ground_truth,gt,1595,132.83333333333337,0.5918877290920146
ergo_ground_truth,gt,1596,132.91666666666663,0.5919850374753385
ergo_ground_truth,gt,1597,133.0,0.5921025335737792
ergo_ground_truth,gt,1598,133.08333333333337,0.5922060880176864
ergo_ground_truth,gt,1599,133.16666666666663,0.5922236253471607
ergo_ground_truth,gt,1600,133.25,0.5921760479685101
ergo_ground_truth,gt,1601,133.33333333333337,0.5921625780287031
ergo_ground_truth,gt,1602,133.41666666666663,0.5921689669983331
ergo_ground_truth,gt,1603,133.5,0.592153267258874
ergo_ground_truth,gt,1604,133.58333333333337,0.592098187687231
ergo_ground_truth,gt,1605,133.66666666666663,0.5920117089162703
ergo_ground_truth,gt,1606,133.75,0.5919225665357488
ergo_ground_truth,gt,1607,133.83333333333337,0.5918479974581985
ergo_ground_truth,gt,1608,133.91666666666663,0.5917554233895462
ergo_ground_truth,gt,1609,134.0,0.5916283501056177
ergo_ground_truth,gt,1610,134.08333333333337,0.5915600740177238
ergo_ground_truth,gt,1611,134.16666666666663,0.5915798257382769
ergo_ground_truth,gt,1612,134.25,0.5916385920637453
ergo_ground_truth,gt,1613,134.33333333333337,0.5916827859519146
ergo_ground_truth,gt,1614,134.41666666666663,0.5916712425500681
ergo_ground_truth,gt,1615,134.5,0.5916130539319976
ergo_ground_truth,gt,1616,134.58333333333337,0.5916276111004279
ergo_ground_truth,gt,1617,134.66666666666663,0.5917311587276496
ergo_ground_truth,gt,1618,134.75,0.5918512231631793
ergo_ground_truth,gt,1619,134.83333333333337,0.5919521045065647
ergo_ground_truth,gt,1620,134.91666666666663,0.5920495474745746
ergo_ground_truth,gt,1621,135.0,0.5921568214095575
ergo_ground_truth,gt,1622,135.08333333333337,0.592279897596288
ergo_ground_truth,gt,1623,135.16666666666663,0.5923920637744468
ergo_ground_truth,gt,1624,135.25,0.5924307463394081
ergo_ground_truth,gt,1625,135.33333333333337,0.5924583526424262
ergo_ground_truth,gt,1626,135.41666666666663,0.5926135281572432
ergo_ground_truth,gt,1627,135.5,0.5928532218392777
ergo_ground_truth,gt,1628,135.58333333333337,0.5930906373496356
ergo_ground_truth,gt,1629,135.66666666666663,0.5932748761615686
ergo_ground_truth,gt,1630,135.75,0.5933991022632114
ergo_ground_truth,gt,1631,135.83333333333337,0.5935257455371968
ergo_ground_truth,gt,1632,135.91666666666663,0.5937170489549916
ergo_ground_truth,gt,1633,136.0,0.5939244494442916
ergo_ground_truth,gt,1634,136.08333333333337,0.5940748826667768
ergo_ground_truth,gt,1635,136.16666666666663,0.5942283262836455
ergo_ground_truth,gt,1636,136.25,0.5944560678095516
ergo_ground_truth,gt,1637,136.33333333333337,0.594722193134826
ergo_ground_truth,gt,1638,136.41666666666663,0.5949632180951877
ergo_ground_truth,gt,1639,136.5,0.595142562037775
ergo_ground_truth,gt,1640,136.58333333333337,0.5952801497780712
ergo_ground_truth,gt,1641,136.66666666666663,0.5954526504416547
ergo_ground_truth,gt,1642,136.75,0.5956732430112565
ergo_ground_truth,gt,1643,136.83333333333337,0.595853544908178
ergo_ground_truth,gt,1644,136.91666666666663,0.5959385761702083
ergo_ground_truth,gt,1645,137.0,0.596116465399691
ergo_ground_truth,gt,1646,137.08333333333337,0.5964045785959277
ergo_ground_truth,gt,1647,137.16666666666663,0.596682989134225
ergo_ground_truth,gt,1648,137.25,0.5968630681388278
ergo_ground_truth,gt,1649,137.33333333333337,0.5969545090386225
ergo_ground_truth,gt,1650,137.41666666666663,0.5969984462575976
ergo_ground_truth,gt,1651,137.5,0.5970017015986936
ergo_ground_truth,gt,1652,137.58333333333337,0.5969435497449563
ergo_ground_truth,gt,1653,137.66666666666663,0.5968174000290031
ergo_ground_truth,gt,1654,137.75,0.5966703414911207
ergo_ground_truth,gt,1655,137.83333333333337,0.5965528146426304
ergo_ground_truth,gt,1656,137.91666666666663,0.5964395629472088
ergo_ground_truth,gt,1657,138.0,0.5962615534303047
ergo_ground_truth,gt,1658,138.08333333333337,0.5960475776466506
ergo_ground_truth,gt,1659,138.16666666666663,0.5959248147751911
ergo_ground_truth,gt,1660,138.25,0.5958517402015194
ergo_ground_truth,gt,1661,138.33333333333337,0.5957399667790073
ergo_ground_truth,gt,1662,138.41666666666663,0.5955727570456572
ergo_ground_truth,gt,1663,138.5,0.5954451354618532
ergo_ground_truth,gt,1664,138.58333333333337,0.5953741651790032
ergo_ground_truth,gt,1665,138.66666666666663,0.5953023447594266
ergo_ground_truth,gt,1666,138.75,0.5951928913650415
ergo_ground_truth,gt,1667,138.83333333333337,0.5950868074194174
ergo_ground_truth,gt,1668,138.91666666666663,0.595027836674872
ergo_ground_truth,gt,1669,139.0,0.5949940746153822
ergo_ground_truth,gt,1670,139.08333333333337,0.5949422563186301
ergo_ground_truth,gt,1671,139.16666666666663,0.594880445665921
ergo_ground_truth,gt,1672,139.25,0.5948559280790061
ergo_ground_truth,gt,1673,139.33333333333337,0.5948703555859045
ergo_ground_truth,gt,1674,139.41666666666663,0.5948767274225236
ergo_ground_truth,gt,1675,139.5,0.5948593747514744
ergo_ground_truth,gt,1676,139.58333333333337,0.5948911140980406
ergo_ground_truth,gt,1677,139.66666666666663,0.594904685351713
ergo_ground_truth,gt,1678,139.75,0.5947348802629974
ergo_ground_truth,gt,1679,139.83333333333337,0.5944653828864847
ergo_ground_truth,gt,1680,139.91666666666663,0.5941687481877458
ergo_ground_truth,gt,1681,140.0,0.5939700417854302
ergo_ground_truth,gt,1682,140.08333333333337,0.5938529323921502
ergo_ground_truth,gt,1683,140.16666666666663,0.5937536870219016
ergo_ground_truth,gt,1684,140.25,0.5936437684955811
ergo_ground_truth,gt,1685,140.33333333333337,0.5935431126106447
ergo_ground_truth,gt,1686,140.41666666666663,0.5934664819004867
ergo_ground_truth,gt,1687,140.5,0.5934002427642706
ergo_ground_truth,gt,1688,140.58333333333337,0.5933095338714158
ergo_ground_truth,gt,1689,140.66666666666663,0.5931730096275298
ergo_ground_truth,gt,1690,140.75,0.5930486806977118
ergo_ground_truth,gt,1691,140.83333333333337,0.5929855602775077
ergo_ground_truth,gt,1692,140.91666666666663,0.5929338684068911
ergo_ground_truth,gt,1693,141.0,0.5928287565522464
ergo_ground_truth,gt,1694,141.08333333333337,0.5927231226475544
ergo_ground_truth,gt,1695,141.16666666666663,0.5926853497827409
ergo_ground_truth,gt,1696,141.25,0.5926837022302232
ergo_ground_truth,gt,1697,141.33333333333337,0.5926653891186227
ergo_ground_truth,gt,1698,141.41666666666663,0.5926074222520191
ergo_ground_truth,gt,1699,141.5,0.5925180997808712
ergo_ground_truth,gt,1700,141.58333333333337,0.5924301729247302
ergo_ground_truth,gt,1701,141.66666666666663,0.5923534761346987
ergo_ground_truth,gt,1702,141.75,0.5922549216935855
ergo_ground_truth,gt,1703,141.83333333333337,0.5921275616947029
ergo_ground_truth,gt,1704,141.91666666666663,0.5920052505486489
ergo_ground_truth,gt,1705,142.0,0.5918778110769163
ergo_ground_truth,gt,1706,142.08333333333337,0.5917175415087879
ergo_ground_truth,gt,1707,142.16666666666663,0.5915333209758817
ergo_ground_truth,gt,1708,142.25,0.5913484270565909
ergo_ground_truth,gt,1709,142.33333333333337,0.5911724786864504
ergo_ground_truth,gt,1710,142.41666666666663,0.5909877830361725
ergo_ground_truth,gt,1711,142.5,0.5907797107325596
ergo_ground_truth,gt,1712,142.58333333333337,0.5905528560286655
ergo_ground_truth,gt,1713,142.66666666666663,0.5902300197353058
ergo_ground_truth,gt,1714,142.75,0.5897780857655114
ergo_ground_truth,gt,1715,142.83333333333337,0.5893129434634734
ergo_ground_truth,gt,1716,142.91666666666663,0.5888927497450211
ergo_ground_truth,gt,1717,143.0,0.5885094717221917
ergo_ground_truth,gt,1718,143.08333333333337,0.5881435102619216
ergo_ground_truth,gt,1719,143.16666666666663,0.5877840362669262
ergo_ground_truth,gt,1720,143.25,0.5874297418424717
ergo_ground_truth,gt,1721,143.33333333333337,0.5870960742452802
ergo_ground_truth,gt,1722,143.41666666666663,0.5867971017855252
ergo_ground_truth,gt,1723,143.5,0.5865154858898306
ergo_ground_truth,gt,1724,143.58333333333337,0.5862357983917357
ergo_ground_truth,gt,1725,143.66666666666663,0.5859893463927411
ergo_ground_truth,gt,1726,143.75,0.5857934894747778
ergo_ground_truth,gt,1727,143.83333333333337,0.5856294607145688
ergo_ground_truth,gt,1728,143.91666666666663,0.5854670672462119
ergo_ground_truth,gt,1729,144.0,0.5852756450217754
ergo_ground_truth,gt,1730,144.08333333333337,0.5850608326668074
ergo_ground_truth,gt,1731,144.16666666666663,0.5848974691738529
ergo_ground_truth,gt,1732,144.25,0.5847934240191356
ergo_ground_truth,gt,1733,144.33333333333337,0.58469879878941
ergo_ground_truth,gt,1734,144.41666666666663,0.5845969142934687
ergo_ground_truth,gt,1735,144.5,0.5845261454677637
ergo_ground_truth,gt,1736,144.58333333333337,0.584502793930379
ergo_ground_truth,gt,1737,144.66666666666663,0.5845071406664187
ergo_ground_truth,gt,1738,144.75,0.5845018212391897
ergo_ground_truth,gt,1739,144.83333333333337,0.5844521468566701
ergo_ground_truth,gt,1740,144.91666666666663,0.584408185276319
ergo_ground_truth,gt,1741,145.0,0.5844557498640629
ergo_ground_truth,gt,1742,145.08333333333337,0.5845640538645082
ergo_ground_truth,gt,1743,145.16666666666663,0.5846535787877777
ergo_ground_truth,gt,1744,145.25,0.5847097181218986
ergo_ground_truth,gt,1745,145.33333333333337,0.5847748871850611
ergo_ground_truth,gt,1746,145.41666666666663,0.5848516573800867
ergo_ground_truth,gt,1747,145.5,0.584908585493527
ergo_ground_truth,gt,1748,145.58333333333337,0.5849224111996446
ergo_ground_truth,gt,1749,145.66666666666663,0.5849149747259522
ergo_ground_truth,gt,1750,145.75,0.5849006498469826
ergo_ground_truth,gt,1751,145.83333333333337,0.5848254031222979
ergo_ground_truth,gt,1752,145.91666666666663,0.5846876126554029
ergo_ground_truth,gt,1753,146.0,0.5845221034685547
ergo_ground_truth,gt,1754,146.08333333333337,0.5843764981416991
ergo_ground_truth,gt,1755,146.16666666666663,0.5842716049990921
ergo_ground_truth,gt,1756,146.25,0.5841851801289086
ergo_ground_truth,gt,1757,146.33333333333337,0.5840897222091765
ergo_ground_truth,gt,1758,146.41666666666663,0.5840175752643719
ergo_ground_truth,gt,1759,146.5,0.5840241258976161
ergo_ground_truth,gt,1760,146.58333333333337,0.5840825930216333
ergo_ground_truth,gt,1761,146.66666666666663,0.5841257291257196
ergo_ground_truth,gt,1762,146.75,0.5841793544885246
ergo_ground_truth,gt,1763,146.83333333333337,0.5843123394980372
ergo_ground_truth,gt,1764,146.91666666666663,0.5845019304683786
ergo_ground_truth,gt,1765,147.0,0.5846980917223349
ergo_ground_truth,gt,1766,147.08333333333337,0.5848666549163813
ergo_ground_truth,gt,1767,147.16666666666663,0.5850005709976163
ergo_ground_truth,gt,1768,147.25,0.585167826842738
ergo_ground_truth,gt,1769,147.33333333333337,0.5853995938546992
ergo_ground_truth,gt,1770,147.41666666666663,0.5856173348039767
ergo_ground_truth,gt,1771,147.5,0.5857643183080189
ergo_ground_truth,gt,1772,147.58333333333337,0.585946689639113
ergo_ground_truth,gt,1773,147.66666666666663,0.5862091576141281
ergo_ground_truth,gt,1774,147.75,0.5864818209859632
ergo_ground_truth,gt,1775,147.83333333333337,0.5866976048066326
ergo_ground_truth,gt,1776,147.91666666666663,0.586857314830218
ergo_ground_truth,gt,1777,148.0,0.5869974299812012
ergo_ground_truth,gt,1778,148.08333333333337,0.5871321393042825
ergo_ground_truth,gt,1779,148.16666666666663,0.5872325619812377
ergo_ground_truth,gt,1780,148.25,0.5872420675985611
ergo_ground_truth,gt,1781,148.33333333333337,0.5871914155423549
ergo_ground_truth,gt,1782,148.41666666666663,0.5872464737818259
ergo_ground_truth,gt,1783,148.5,0.587380709117893
ergo_ground_truth,gt,1784,148.58333333333337,0.5875220303996291
ergo_ground_truth,gt,1785,148.66666666666663,0.5876240754591375
ergo_ground_truth,gt,1786,148.75,0.5876448917526599
ergo_ground_truth,gt,1787,148.83333333333337,0.5875828937826659
ergo_ground_truth,gt,1788,148.91666666666663,0.5876387775554116
ergo_ground_truth,gt,1789,149.0,0.5877999374212084
ergo_ground_truth,gt,1790,149.08333333333337,0.5879650109855258
ergo_ground_truth,gt,1791,149.16666666666663,0.5880721598440236
ergo_ground_truth,gt,1792,149.25,0.5881550919109766
ergo_ground_truth,gt,1793,149.33333333333337,0.5882651444183833
ergo_ground_truth,gt,1794,149.41666666666663,0.5883905244697697
ergo_ground_truth,gt,1795,149.5,0.5884852492189265
ergo_ground_truth,gt,1796,149.58333333333337,0.5885443241047119
ergo_ground_truth,gt,1797,149.66666666666663,0.5886180515532797
ergo_ground_truth,gt,1798,149.75,0.5887242730082889
ergo_ground_truth,gt,1799,149.83333333333337,0.5888178253681482
ergo_ground_truth,gt,1800,149.91666666666663,0.5888577174197747
ergo_ground_truth,gt,1801,150.0,0.588898322906486
ergo_ground_truth,gt,1802,150.08333333333337,0.5889983992760398
ergo_ground_truth,gt,1803,150.16666666666663,0.5891130892574726
ergo_ground_truth,gt,1804,150.25,0.5891492048645035
ergo_ground_truth,gt,1805,150.33333333333337,0.5891450134414016
ergo_ground_truth,gt,1806,150.41666666666663,0.5892423050318666
ergo_ground_truth,gt,1807,150.5,0.5893933858032626
ergo_ground_truth,gt,1808,150.58333333333337,0.5894965685325582
ergo_ground_truth,gt,1809,150.66666666666663,0.5895311507705348
ergo_ground_truth,gt,1810,150.75,0.5896039656681167
ergo_ground_truth,gt,1811,150.83333333333337,0.5897309323608942
ergo_ground_truth,gt,1812,150.91666666666663,0.5898473135780687
ergo_ground_truth,gt,1813,151.0,0.5899132510048833
ergo_ground_truth,gt,1814,151.08333333333337,0.5899679106710436
ergo_ground_truth,gt,1815,151.16666666666663,0.5900500715204376
ergo_ground_truth,gt,1816,151.25,0.5901400825010128
ergo_ground_truth,gt,1817,151.33333333333337,0.5902006403729481
ergo_ground_truth,gt,1818,151.41666666666663,0.5902339403532765
ergo_ground_truth,gt,1819,151.5,0.5902737524752862
ergo_ground_truth,gt,1820,151.58333333333337,0.5903281443045285
ergo_ground_truth,gt,1821,151.66666666666663,0.5903660699820544
ergo_ground_truth,gt,1822,151.75,0.5903673618963858
ergo_ground_truth,gt,1823,151.83333333333337,0.590363839837801
ergo_ground_truth,gt,1824,151.91666666666663,0.5903865035136531
ergo_ground_truth,gt,1825,152.0,0.5904090569468807
ergo_ground_truth,gt,1826,152.08333333333337,0.5903863635074815
ergo_ground_truth,gt,1827,152.16666666666663,0.5903403865630173
ergo_ground_truth,gt,1828,152.25,0.5903312091842854
ergo_ground_truth,gt,1829,152.33333333333337,0.5903445008756045
ergo_ground_truth,gt,1830,152.41666666666663,0.590316901510241
ergo_ground_truth,gt,1831,152.5,0.5902318420762613
ergo_ground_truth,gt,1832,152.58333333333337,0.5901792137594386
ergo_ground_truth,gt,1833,152.66666666666663,0.5901625914375808
ergo_ground_truth,gt,1834,152.75,0.5901100877585397
ergo_ground_truth,gt,1835,152.83333333333337,0.589964789299412
ergo_ground_truth,gt,1836,152.91666666666663,0.5898522870660737
ergo_ground_truth,gt,1837,153.0,0.5898138223643714
ergo_ground_truth,gt,1838,153.08333333333337,0.5897247704776994
ergo_ground_truth,gt,1839,153.16666666666663,0.5896286076847337
ergo_ground_truth,gt,1840,153.25,0.5895413140017076
ergo_ground_truth,gt,1841,153.33333333333337,0.5894553177368588
ergo_ground_truth,gt,1842,153.41666666666663,0.589396501995589
ergo_ground_truth,gt,1843,153.5,0.589391578392815
ergo_ground_truth,gt,1844,153.58333333333337,0.5894209209350483
ergo_ground_truth,gt,1845,153.66666666666663,0.58944898927445
ergo_ground_truth,gt,1846,153.75,0.5894851425178521
ergo_ground_truth,gt,1847,153.83333333333337,0.5895654710737523
ergo_ground_truth,gt,1848,153.91666666666663,0.5896838558728189
ergo_ground_truth,gt,1849,154.0,0.589797500343913
ergo_ground_truth,gt,1850,154.08333333333337,0.5898983211936302
ergo_ground_truth,gt,1851,154.16666666666663,0.590026915858869
ergo_ground_truth,gt,1852,154.25,0.5901979658636535
ergo_ground_truth,gt,1853,154.33333333333337,0.59037352201443
ergo_ground_truth,gt,1854,154.41666666666663,0.5905285074413177
ergo_ground_truth,gt,1855,154.5,0.5906986832908508
ergo_ground_truth,gt,1856,154.58333333333337,0.5909199602663555
ergo_ground_truth,gt,1857,154.66666666666663,0.5911672051463751
ergo_ground_truth,gt,1858,154.75,0.5913982690407426
ergo_ground_truth,gt,1859,154.83333333333337,0.5916309311649546
ergo_ground_truth,gt,1860,154.91666666666663,0.5919150157738227
ergo_ground_truth,gt,1861,155.0,0.5922436212799158
ergo_ground_truth,gt,1862,155.08333333333337,0.5925620156254483
ergo_ground_truth,gt,1863,155.16666666666663,0.5928567812404493
ergo_ground_truth,gt,1864,155.25,0.5931716580081331
ergo_ground_truth,gt,1865,155.33333333333337,0.5935132209159333
ergo_ground_truth,gt,1866,155.41666666666663,0.5938273978964361
ergo_ground_truth,gt,1867,155.5,0.5940867281548372
ergo_ground_truth,gt,1868,155.58333333333337,0.594344088326991
ergo_ground_truth,gt,1869,155.66666666666663,0.5946435328492601
ergo_ground_truth,gt,1870,155.75,0.5949427810741738
ergo_ground_truth,gt,1871,155.83333333333337,0.595171524240023
ergo_ground_truth,gt,1872,155.91666666666663,0.5953585864960538
ergo_ground_truth,gt,1873,156.0,0.595615356669597
ergo_ground_truth,gt,1874,156.08333333333337,0.5959229112064817
ergo_ground_truth,gt,1875,156.16666666666663,0.5961610183595515
ergo_ground_truth,gt,1876,156.25,0.5963033727140572
ergo_ground_truth,gt,1877,156.33333333333337,0.5965392336590913
ergo_ground_truth,gt,1878,156.41666666666663,0.5968747434175192
ergo_ground_truth,gt,1879,156.5,0.597210272541688
ergo_ground_truth,gt,1880,156.58333333333337,0.5974798488300268
ergo_ground_truth,gt,1881,156.66666666666663,0.5976607871731436
ergo_ground_truth,gt,1882,156.75,0.5977785530972021
ergo_ground_truth,gt,1883,156.83333333333337,0.5979380173021448
ergo_ground_truth,gt,1884,156.91666666666663,0.598160536361306
ergo_ground_truth,gt,1885,157.0,0.5983911841422963
ergo_ground_truth,gt,1886,157.08333333333337,0.598585574976715
ergo_ground_truth,gt,1887,157.16666666666663,0.5986949684821619
ergo_ground_truth,gt,1888,157.25,0.598670734622017
ergo_ground_truth,gt,1889,157.33333333333337,0.5987118300213178
ergo_ground_truth,gt,1890,157.41666666666663,0.5988763164706233
ergo_ground_truth,gt,1891,157.5,0.5990553793762364
ergo_ground_truth,gt,1892,157.58333333333337,0.599163530565593
ergo_ground_truth,gt,1893,157.66666666666663,0.5992264055296761
ergo_ground_truth,gt,1894,157.75,0.5993066552771186
ergo_ground_truth,gt,1895,157.83333333333337,0.5994025640494297
ergo_ground_truth,gt,1896,157.91666666666663,0.599470052902371
ergo_ground_truth,gt,1897,158.0,0.5994924223019736
ergo_ground_truth,gt,1898,158.08333333333337,0.5995048378113469
ergo_ground_truth,gt,1899,158.16666666666663,0.5995352831553048
ergo_ground_truth,gt,1900,158.25,0.5995606602816644
ergo_ground_truth,gt,1901,158.33333333333337,0.5995489303731154
ergo_ground_truth,gt,1902,158.41666666666663,0.5995177555535813
ergo_ground_truth,gt,1903,158.5,0.59950471245868
ergo_ground_truth,gt,1904,158.58333333333337,0.5995010471275348
ergo_ground_truth,gt,1905,158.66666666666663,0.5994688500132853
ergo_ground_truth,gt,1906,158.75,0.5994077337999316
ergo_ground_truth,gt,1907,158.83333333333337,0.5993554880459758
ergo_ground_truth,gt,1908,158.91666666666663,0.5993201187720455
ergo_ground_truth,gt,1909,159.0,0.5992685038455415
ergo_ground_truth,gt,1910,159.08333333333337,0.5991843899648389
ergo_ground_truth,gt,1911,159.16666666666663,0.599096781019688
ergo_ground_truth,gt,1912,159.25,0.5990278499436554
ergo_ground_truth,gt,1913,159.33333333333337,0.5989561602664396
ergo_ground_truth,gt,1914,159.41666666666663,0.5988555610330327
ergo_ground_truth,gt,1915,159.5,0.5987423664136702
ergo_ground_truth,gt,1916,159.58333333333337,0.5986475555122525
ergo_ground_truth,gt,1917,159.66666666666663,0.5985638422369507
ergo_ground_truth,gt,1918,159.75,0.5984606708731186
ergo_ground_truth,gt,1919,159.83333333333337,0.5983393267644841
ergo_ground_truth,gt,1920,159.91666666666663,0.598232613276171
ergo_ground_truth,gt,1921,160.0,0.5981469309870122
ergo_ground_truth,gt,1922,160.08333333333337,0.5980515289677883
ergo_ground_truth,gt,1923,160.16666666666663,0.5979302629778364
ergo_ground_truth,gt,1924,160.25,0.5978079504844536
ergo_ground_truth,gt,1925,160.33333333333337,0.5977033903148986
ergo_ground_truth,gt,1926,160.41666666666663,0.5975981571675164
ergo_ground_truth,gt,1927,160.5,0.5974743747312946
ergo_ground_truth,gt,1928,160.58333333333337,0.5973559335443231
ergo_ground_truth,gt,1929,160.66666666666663,0.597276863807114
ergo_ground_truth,gt,1930,160.75,0.5972304686793112
ergo_ground_truth,gt,1931,160.83333333333337,0.5971865849999229
ergo_ground_truth,gt,1932,160.91666666666663,0.5971476178507028
ergo_ground_truth,gt,1933,161.0,0.5971448377011064
ergo_ground_truth,gt,1934,161.08333333333337,0.5971732407058725
ergo_ground_truth,gt,1935,161.16666666666663,0.5971741224753202
ergo_ground_truth,gt,1936,161.25,0.5970847704803414
ergo_ground_truth,gt,1937,161.33333333333337,0.5969336749931491
ergo_ground_truth,gt,1938,161.41666666666663,0.5968557585835713
ergo_ground_truth,gt,1939,161.5,0.5968441137143382
ergo_ground_truth,gt,1940,161.58333333333337,0.5968417511366757
ergo_ground_truth,gt,1941,161.66666666666663,0.5968071225924247
ergo_ground_truth,gt,1942,161.75,0.5967056538533742
ergo_ground_truth,gt,1943,161.83333333333337,0.5965304841766107
ergo_ground_truth,gt,1944,161.91666666666663,0.5964241480100992
ergo_ground_truth,gt,1945,162.0,0.5963880347259543
ergo_ground_truth,gt,1946,162.08333333333337,0.5963645149758262
ergo_ground_truth,gt,1947,162.16666666666663,0.5963155673344821
ergo_ground_truth,gt,1948,162.25,0.5962303706072783
ergo_ground_truth,gt,1949,162.33333333333337,0.5961218796405727
ergo_ground_truth,gt,1950,162.41666666666663,0.5960274748985966
ergo_ground_truth,gt,1951,162.5,0.5959439484792324
ergo_ground_truth,gt,1952,162.58333333333337,0.5958280051066023
ergo_ground_truth,gt,1953,162.66666666666663,0.5956895872093698
ergo_ground_truth,gt,1954,162.75,0.5955908803317942
ergo_ground_truth,gt,1955,162.83333333333337,0.5955309758968035
ergo_ground_truth,gt,1956,162.91666666666663,0.5954740119229756
ergo_ground_truth,gt,1957,163.0,0.5953908256314779
ergo_ground_truth,gt,1958,163.08333333333337,0.5952750358577042
ergo_ground_truth,gt,1959,163.16666666666663,0.595158918304056
ergo_ground_truth,gt,1960,163.25,0.5950708383900676
ergo_ground_truth,gt,1961,163.33333333333337,0.5949795243689282
ergo_ground_truth,gt,1962,163.41666666666663,0.594830037741742
ergo_ground_truth,gt,1963,163.5,0.5946846599324469
ergo_ground_truth,gt,1964,163.58333333333337,0.5946133189976136
ergo_ground_truth,gt,1965,163.66666666666663,0.5945801580101366
ergo_ground_truth,gt,1966,163.75,0.5945346395493649
ergo_ground_truth,gt,1967,163.83333333333337,0.5944846777478618
ergo_ground_truth,gt,1968,163.91666666666663,0.5944743730292359
ergo_ground_truth,gt,1969,164.0,0.594444502626305
ergo_ground_truth,gt,1970,164.08333333333337,0.594241486064651
ergo_ground_truth,gt,1971,164.16666666666663,0.5939438475720856
ergo_ground_truth,gt,1972,164.25,0.5936331822220646
ergo_ground_truth,gt,1973,164.33333333333337,0.5933350481947706
ergo_ground_truth,gt,1974,164.41666666666663,0.5930276225784641
ergo_ground_truth,gt,1975,164.5,0.5927037897603789
ergo_ground_truth,gt,1976,164.58333333333337,0.592450030610719
ergo_ground_truth,gt,1977,164.66666666666663,0.5922778578365385
ergo_ground_truth,gt,1978,164.75,0.5921384743275823
ergo_ground_truth,gt,1979,164.83333333333337,0.5919936642777093
ergo_ground_truth,gt,1980,164.91666666666663,0.5918454047831144
ergo_ground_truth,gt,1981,165.0,0.5917082031954233
ergo_ground_truth,gt,1982,165.08333333333337,0.5915834291977107
ergo_ground_truth,gt,1983,165.16666666666663,0.5914464740896251
ergo_ground_truth,gt,1984,165.25,0.5912569271384253
ergo_ground_truth,gt,1985,165.33333333333337,0.5910495006122383
ergo_ground_truth,gt,1986,165.41666666666663,0.5908855672285548
ergo_ground_truth,gt,1987,165.5,0.5907356996882396
ergo_ground_truth,gt,1988,165.58333333333337,0.5905580435661857
ergo_ground_truth,gt,1989,165.66666666666663,0.5903396815350849
ergo_ground_truth,gt,1990,165.75,0.5900932328296391
ergo_ground_truth,gt,1991,165.83333333333337,0.5898465404465398
ergo_ground_truth,gt,1992,165.91666666666663,0.5896059696643217
ergo_ground_truth,gt,1993,166.0,0.5893404926923678
ergo_ground_truth,gt,1994,166.08333333333337,0.5890345791807473
ergo_ground_truth,gt,1995,166.16666666666663,0.588771442215335
ergo_ground_truth,gt,1996,166.25,0.5885690083652039
ergo_ground_truth,gt,1997,166.33333333333337,0.5883713929695237
ergo_ground_truth,gt,1998,166.41666666666663,0.588124725254072
ergo_ground_truth,gt,1999,166.5,0.5879056692027046
ergo_ground_truth,gt,2000,166.58333333333337,0.5877718377902349
ergo_ground_truth,gt,2001,166.66666666666663,0.5876795693970992
ergo_ground_truth,gt,2002,166.75,0.5875697081023111
ergo_ground_truth,gt,2003,166.83333333333337,0.5874669124880635
ergo_ground_truth,gt,2004,166.91666666666663,0.5874531677885803
ergo_ground_truth,gt,2005,167.0,0.5875317759833676
ergo_ground_truth,gt,2006,167.08333333333337,0.5876455399501217
ergo_ground_truth,gt,2007,167.16666666666663,0.5877662449637928
ergo_ground_truth,gt,2008,167.25,0.587931256481255
ergo_ground_truth,gt,2009,167.33333333333337,0.5881451347443091
ergo_ground_truth,gt,2010,167.41666666666663,0.5883478139672172
ergo_ground_truth,gt,2011,167.5,0.5884864477880154
ergo_ground_truth,gt,2012,167.58333333333337,0.5885674601990648
ergo_ground_truth,gt,2013,167.66666666666663,0.5886193706632507
ergo_ground_truth,gt,2014,167.75,0.5886425264012078
ergo_ground_truth,gt,2015,167.83333333333337,0.5886042015789995
ergo_ground_truth,gt,2016,167.91666666666663,0.5883240557057258
ergo_ground_truth,gt,2017,168.0,0.5879511913364933
ergo_ground_truth,gt,2018,168.08333333333337,0.5875612811558832
ergo_ground_truth,gt,2019,168.16666666666663,0.5871884560009503
ergo_ground_truth,gt,2020,168.25,0.5868598883877304
ergo_ground_truth,gt,2021,168.33333333333337,0.586584793028827
ergo_ground_truth,gt,2022,168.41666666666663,0.5863481209628569
ergo_ground_truth,gt,2023,168.5,0.5861225595558478
ergo_ground_truth,gt,2024,168.58333333333337,0.5858959442398518
ergo_ground_truth,gt,2025,168.66666666666663,0.5856744418397881
ergo_ground_truth,gt,2026,168.75,0.5854587158630771
ergo_ground_truth,gt,2027,168.83333333333337,0.5852376080699888
ergo_ground_truth,gt,2028,168.91666666666663,0.5850082058200521
ergo_ground_truth,gt,2029,169.0,0.5847931805625907
ergo_ground_truth,gt,2030,169.08333333333337,0.5846098119259252
ergo_ground_truth,gt,2031,169.16666666666663,0.5844421470833644
ergo_ground_truth,gt,2032,169.25,0.5842561069906702
ergo_ground_truth,gt,2033,169.33333333333337,0.5840700416454849
ergo_ground_truth,gt,2034,169.41666666666663,0.583925468645365
ergo_ground_truth,gt,2035,169.5,0.583805300599459
ergo_ground_truth,gt,2036,169.58333333333337,0.5836668600332073
ergo_ground_truth,gt,2037,169.66666666666663,0.5835131655323095
ergo_ground_truth,gt,2038,169.75,0.5833906981898201
ergo_ground_truth,gt,2039,169.83333333333337,0.5832977906102697
ergo_ground_truth,gt,2040,169.91666666666663,0.5832085409028555
ergo_ground_truth,gt,2041,170.0,0.5831109201018897
ergo_ground_truth,gt,2042,170.08333333333337,0.5830158261308155
ergo_ground_truth,gt,2043,170.16666666666663,0.5829411600992549
ergo_ground_truth,gt,2044,170.25,0.5828896912977163
ergo_ground_truth,gt,2045,170.33333333333337,0.5828322013564586
ergo_ground_truth,gt,2046,170.41666666666663,0.5827271585575082
ergo_ground_truth,gt,2047,170.5,0.5826493438337087
ergo_ground_truth,gt,2048,170.58333333333337,0.5826246870256915
ergo_ground_truth,gt,2049,170.66666666666663,0.5826130966874791
ergo_ground_truth,gt,2050,170.75,0.5825812133558952
ergo_ground_truth,gt,2051,170.83333333333337,0.5825082285284865
ergo_ground_truth,gt,2052,170.91666666666663,0.5823778693461593
ergo_ground_truth,gt,2053,171.0,0.5822596514555453
ergo_ground_truth,gt,2054,171.08333333333337,0.5822050213596315
ergo_ground_truth,gt,2055,171.16666666666663,0.5821850080961652
ergo_ground_truth,gt,2056,171.25,0.5821555150063265
ergo_ground_truth,gt,2057,171.33333333333337,0.5820832642237738
ergo_ground_truth,gt,2058,171.41666666666663,0.5819688108493075
ergo_ground_truth,gt,2059,171.5,0.581862926638002
ergo_ground_truth,gt,2060,171.58333333333337,0.5817889775404194
ergo_ground_truth,gt,2061,171.66666666666663,0.5817094794542418
ergo_ground_truth,gt,2062,171.75,0.5816048560261952
ergo_ground_truth,gt,2063,171.83333333333337,0.5815477604385436
ergo_ground_truth,gt,2064,171.91666666666663,0.5814449003071676
ergo_ground_truth,gt,2065,172.0,0.5811462925867119
ergo_ground_truth,gt,2066,172.08333333333337,0.5807596593665625
ergo_ground_truth,gt,2067,172.16666666666663,0.5803852960865846
ergo_ground_truth,gt,2068,172.25,0.580088946301398
ergo_ground_truth,gt,2069,172.33333333333337,0.5798989233163927
ergo_ground_truth,gt,2070,172.41666666666663,0.5798025215658296
ergo_ground_truth,gt,2071,172.5,0.5797908773880334
ergo_ground_truth,gt,2072,172.58333333333337,0.5798575063982434
ergo_ground_truth,gt,2073,172.66666666666663,0.5799682212186208
ergo_ground_truth,gt,2074,172.75,0.5800986084230186
ergo_ground_truth,gt,2075,172.83333333333337,0.5802328176230199
ergo_ground_truth,gt,2076,172.91666666666663,0.5803518279726556
ergo_ground_truth,gt,2077,173.0,0.5804949530432711
ergo_ground_truth,gt,2078,173.08333333333337,0.5807026278738109
ergo_ground_truth,gt,2079,173.16666666666663,0.5809454561122552
ergo_ground_truth,gt,2080,173.25,0.5811960090159403
ergo_ground_truth,gt,2081,173.33333333333337,0.5814438942673679
ergo_ground_truth,gt,2082,173.41666666666663,0.58166363444922
ergo_ground_truth,gt,2083,173.5,0.5818753618737194
ergo_ground_truth,gt,2084,173.58333333333337,0.5821271652254753
ergo_ground_truth,gt,2085,173.66666666666663,0.5824009686597841
ergo_ground_truth,gt,2086,173.75,0.5826627470252171
ergo_ground_truth,gt,2087,173.83333333333337,0.5828833923211143
ergo_ground_truth,gt,2088,173.91666666666663,0.5830138707285585
ergo_ground_truth,gt,2089,174.0,0.5830908848588694
ergo_ground_truth,gt,2090,174.08333333333337,0.5832556057519939
ergo_ground_truth,gt,2091,174.16666666666663,0.5834894298627665
ergo_ground_truth,gt,2092,174.25,0.583715865120872
ergo_ground_truth,gt,2093,174.33333333333337,0.58388773234392
ergo_ground_truth,gt,2094,174.41666666666663,0.584006755669284
ergo_ground_truth,gt,2095,174.5,0.5841225448415205
ergo_ground_truth,gt,2096,174.58333333333337,0.5842727774064093
ergo_ground_truth,gt,2097,174.66666666666663,0.5844123764487942
ergo_ground_truth,gt,2098,174.75,0.5844510806735369
ergo_ground_truth,gt,2099,174.83333333333337,0.5845068681961598
ergo_ground_truth,gt,2100,174.91666666666663,0.5847010340866847
ergo_ground_truth,gt,2101,175.0,0.5849451869891247
ergo_ground_truth,gt,2102,175.08333333333337,0.5851214864549512
ergo_ground_truth,gt,2103,175.16666666666663,0.5852382730163541
ergo_ground_truth,gt,2104,175.25,0.5854164635564306
ergo_ground_truth,gt,2105,175.33333333333337,0.5856540943983191
ergo_ground_truth,gt,2106,175.41666666666663,0.5858625153670365
ergo_ground_truth,gt,2107,175.5,0.5859983820614697
ergo_ground_truth,gt,2108,175.58333333333337,0.5861448786106863
ergo_ground_truth,gt,2109,175.66666666666663,0.5863535784180648
ergo_ground_truth,gt,2110,175.75,0.5865641670599315
ergo_ground_truth,gt,2111,175.83333333333337,0.5867027187810859
ergo_ground_truth,gt,2112,175.91666666666663,0.586814144109508
ergo_ground_truth,gt,2113,176.0,0.5869876433516702
ergo_ground_truth,gt,2114,176.08333333333337,0.5871909067389307
ergo_ground_truth,gt,2115,176.16666666666663,0.5873303474179352
ergo_ground_truth,gt,2116,176.25,0.5873990784979798
ergo_ground_truth,gt,2117,176.33333333333337,0.5875222007771649
ergo_ground_truth,gt,2118,176.41666666666663,0.5877047316724267
ergo_ground_truth,gt,2119,176.5,0.5878463700193527
ergo_ground_truth,gt,2120,176.58333333333337,0.5878733761155258
ergo_ground_truth,gt,2121,176.66666666666663,0.5879346680649004
ergo_ground_truth,gt,2122,176.75,0.5880876849774992
ergo_ground_truth,gt,2123,176.83333333333337,0.5882368091648931
ergo_ground_truth,gt,2124,176.91666666666663,0.588267597504092
ergo_ground_truth,gt,2125,177.0,0.5882693077026415
ergo_ground_truth,gt,2126,177.08333333333337,0.5883678518041895
ergo_ground_truth,gt,2127,177.16666666666663,0.5884958264219593
ergo_ground_truth,gt,2128,177.25,0.5885460583339603
ergo_ground_truth,gt,2129,177.33333333333337,0.5885149525767855
ergo_ground_truth,gt,2130,177.41666666666663,0.588535697186924
ergo_ground_truth,gt,2131,177.5,0.5886019447500044
ergo_ground_truth,gt,2132,177.58333333333337,0.5886310326439412
ergo_ground_truth,gt,2133,177.66666666666663,0.5885800474070035
ergo_ground_truth,gt,2134,177.75,0.5885331923176143
ergo_ground_truth,gt,2135,177.83333333333337,0.5885318165036734
ergo_ground_truth,gt,2136,177.91666666666663,0.5885250439373494
ergo_ground_truth,gt,2137,178.0,0.5884591858240783
ergo_ground_truth,gt,2138,178.08333333333337,0.5883722082310785
ergo_ground_truth,gt,2139,178.16666666666663,0.5883269360364805
ergo_ground_truth,gt,2140,178.25,0.5883020776874114
ergo_ground_truth,gt,2141,178.33333333333337,0.5882449055756583
ergo_ground_truth,gt,2142,178.41666666666663,0.5881637332140125
ergo_ground_truth,gt,2143,178.5,0.588128120203482
ergo_ground_truth,gt,2144,178.58333333333337,0.588134849462612
ergo_ground_truth,gt,2145,178.66666666666663,0.5881218753884019
ergo_ground_truth,gt,2146,178.75,0.588072480225539
ergo_ground_truth,gt,2147,178.83333333333337,0.5880564310773345
ergo_ground_truth,gt,2148,178.91666666666663,0.5880687960452594
ergo_ground_truth,gt,2149,179.0,0.5880687938487004
ergo_ground_truth,gt,2150,179.08333333333337,0.5880566833621127
ergo_ground_truth,gt,2151,179.16666666666663,0.5880709313201974
ergo_ground_truth,gt,2152,179.25,0.588134999593903
ergo_ground_truth,gt,2153,179.33333333333337,0.5882241753446081
ergo_ground_truth,gt,2154,179.41666666666663,0.5883025696099706
ergo_ground_truth,gt,2155,179.5,0.5883800610908714
ergo_ground_truth,gt,2156,179.58333333333337,0.5884975066455339
ergo_ground_truth,gt,2157,179.66666666666663,0.5886497135860891
ergo_ground_truth,gt,2158,179.75,0.5887741955035304
ergo_ground_truth,gt,2159,179.83333333333337,0.5888423690178252
ergo_ground_truth,gt,2160,179.91666666666663,0.588957340934186
ergo_ground_truth,gt,2161,180.0,0.589159754532196
ergo_ground_truth,gt,2162,180.08333333333337,0.5893558548981529
ergo_ground_truth,gt,2163,180.16666666666663,0.589439602700386
ergo_ground_truth,gt,2164,180.25,0.5895554055833229
ergo_ground_truth,gt,2165,180.33333333333337,0.5898059276531629
ergo_ground_truth,gt,2166,180.41666666666663,0.5900998061027374
ergo_ground_truth,gt,2167,180.5,0.5903394301536405
ergo_ground_truth,gt,2168,180.58333333333337,0.5905366599693687
ergo_ground_truth,gt,2169,180.66666666666663,0.590754528070282
ergo_ground_truth,gt,2170,180.75,0.5909948585214833
ergo_ground_truth,gt,2171,180.83333333333337,0.5912130683760127
ergo_ground_truth,gt,2172,180.91666666666663,0.5913774416608473
ergo_ground_truth,gt,2173,181.0,0.5915162095598757
ergo_ground_truth,gt,2174,181.08333333333337,0.591689919036771
ergo_ground_truth,gt,2175,181.16666666666663,0.5918877106201543
ergo_ground_truth,gt,2176,181.25,0.5920267519525367
ergo_ground_truth,gt,2177,181.33333333333337,0.5920911122745709
ergo_ground_truth,gt,2178,181.41666666666663,0.5922491876972629
ergo_ground_truth,gt,2179,181.5,0.5925010174922654
ergo_ground_truth,gt,2180,181.58333333333337,0.5927174141275408
ergo_ground_truth,gt,2181,181.66666666666663,0.5927964395817706
ergo_ground_truth,gt,2182,181.75,0.5929344606049539
ergo_ground_truth,gt,2183,181.83333333333337,0.5931989293570723
ergo_ground_truth,gt,2184,181.91666666666663,0.5934684782508902
ergo_ground_truth,gt,2185,182.0,0.5936330583709705
ergo_ground_truth,gt,2186,182.08333333333337,0.5937806857818454
ergo_ground_truth,gt,2187,182.16666666666663,0.5940178617884303
ergo_ground_truth,gt,2188,182.25,0.5942963592270014
ergo_ground_truth,gt,2189,182.33333333333337,0.5945422979312519
ergo_ground_truth,gt,2190,182.41666666666663,0.5947045428702055
ergo_ground_truth,gt,2191,182.5,0.594741790655441
ergo_ground_truth,gt,2192,182.58333333333337,0.5948120459452709
ergo_ground_truth,gt,2193,182.66666666666663,0.5950241717861958
ergo_ground_truth,gt,2194,182.75,0.5952969449077183
ergo_ground_truth,gt,2195,182.83333333333337,0.5955406059721773
ergo_ground_truth,gt,2196,182.91666666666663,0.5957133011196551
ergo_ground_truth,gt,2197,183.0,0.5958255336886005
ergo_ground_truth,gt,2198,183.08333333333337,0.5959523571682434
ergo_ground_truth,gt,2199,183.16666666666663,0.5961258386576058
ergo_ground_truth,gt,2200,183.25,0.5962694432613195
ergo_ground_truth,gt,2201,183.33333333333337,0.596309782510974
ergo_ground_truth,gt,2202,183.41666666666663,0.5964024091367938
ergo_ground_truth,gt,2203,183.5,0.5966121166609515
ergo_ground_truth,gt,2204,183.58333333333337,0.5968471091101871
ergo_ground_truth,gt,2205,183.66666666666663,0.5970227872381254
ergo_ground_truth,gt,2206,183.75,0.5971507408522352
ergo_ground_truth,gt,2207,183.83333333333337,0.597287800960716
ergo_ground_truth,gt,2208,183.91666666666663,0.597441741403075
ergo_ground_truth,gt,2209,184.0,0.5975726154735506
ergo_ground_truth,gt,2210,184.08333333333337,0.5976551379928612
ergo_ground_truth,gt,2211,184.16666666666663,0.5977194571212657
ergo_ground_truth,gt,2212,184.25,0.5978017468618412
ergo_ground_truth,gt,2213,184.33333333333337,0.5978830352589074
ergo_ground_truth,gt,2214,184.41666666666663,0.597920963749226
ergo_ground_truth,gt,2215,184.5,0.5979307512970476
ergo_ground_truth,gt,2216,184.58333333333337,0.597968804011283
ergo_ground_truth,gt,2217,184.66666666666663,0.5980292780566676
ergo_ground_truth,gt,2218,184.75,0.5980538895394322
ergo_ground_truth,gt,2219,184.83333333333337,0.5980299899490398
ergo_ground_truth,gt,2220,184.91666666666663,0.5980263555279488
ergo_ground_truth,gt,2221,185.0,0.5980612604599762
ergo_ground_truth,gt,2222,185.08333333333337,0.5980768409851996
ergo_ground_truth,gt,2223,185.16666666666663,0.5980318774795174
ergo_ground_truth,gt,2224,185.25,0.5979846504359072
ergo_ground_truth,gt,2225,185.33333333333337,0.5979814627926013
ergo_ground_truth,gt,2226,185.41666666666663,0.597979434632904
ergo_ground_truth,gt,2227,185.5,0.5979206478246931
ergo_ground_truth,gt,2228,185.58333333333337,0.5978332744291617
ergo_ground_truth,gt,2229,185.66666666666663,0.5977828052611861
ergo_ground_truth,gt,2230,185.75,0.5977513175626278
ergo_ground_truth,gt,2231,185.83333333333337,0.5976784168788386
ergo_ground_truth,gt,2232,185.91666666666663,0.5975591176314954
ergo_ground_truth,gt,2233,186.0,0.5974609861331796
ergo_ground_truth,gt,2234,186.08333333333337,0.5973947575378841
ergo_ground_truth,gt,2235,186.16666666666663,0.597307179729255
ergo_ground_truth,gt,2236,186.25,0.5971654912300034
ergo_ground_truth,gt,2237,186.33333333333337,0.5970282333451159
ergo_ground_truth,gt,2238,186.41666666666663,0.5969362623811879
ergo_ground_truth,gt,2239,186.5,0.5968468094450199
ergo_ground_truth,gt,2240,186.58333333333337,0.5967001646825258
ergo_ground_truth,gt,2241,186.66666666666663,0.5965362263703848
ergo_ground_truth,gt,2242,186.75,0.5964391861108557
ergo_ground_truth,gt,2243,186.83333333333337,0.5963790227851616
ergo_ground_truth,gt,2244,186.91666666666663,0.5962706183591495
ergo_ground_truth,gt,2245,187.0,0.5960955406018501
ergo_ground_truth,gt,2246,187.08333333333337,0.5960225835434706
ergo_ground_truth,gt,2247,187.16666666666663,0.5960344149084756
ergo_ground_truth,gt,2248,187.25,0.5960419271936589
ergo_ground_truth,gt,2249,187.33333333333337,0.5960001748528361
ergo_ground_truth,gt,2250,187.41666666666663,0.5959785079047316
ergo_ground_truth,gt,2251,187.5,0.5960116893989751
ergo_ground_truth,gt,2252,187.58333333333337,0.5960266593874797
ergo_ground_truth,gt,2253,187.66666666666663,0.5958935252881497
ergo_ground_truth,gt,2254,187.75,0.5957126186333246
ergo_ground_truth,gt,2255,187.83333333333337,0.5955751808098186
ergo_ground_truth,gt,2256,187.91666666666663,0.5954787978683299
ergo_ground_truth,gt,2257,188.0,0.5953624051785061
ergo_ground_truth,gt,2258,188.08333333333337,0.5952252099533466
ergo_ground_truth,gt,2259,188.16666666666663,0.5951476826629706
ergo_ground_truth,gt,2260,188.25,0.5951247361268215
ergo_ground_truth,gt,2261,188.33333333333337,0.5951058090223933
ergo_ground_truth,gt,2262,188.41666666666663,0.5950543204443144
ergo_ground_truth,gt,2263,188.5,0.5949676316984512
ergo_ground_truth,gt,2264,188.58333333333337,0.5948803463654234
ergo_ground_truth,gt,2265,188.66666666666663,0.5948179698639289
ergo_ground_truth,gt,2266,188.75,0.5947419426234356
ergo_ground_truth,gt,2267,188.83333333333337,0.5945969443785226
ergo_ground_truth,gt,2268,188.91666666666663,0.5944775599277076
ergo_ground_truth,gt,2269,189.0,0.5944505705337454
ergo_ground_truth,gt,2270,189.08333333333337,0.5944623941806667
ergo_ground_truth,gt,2271,189.16666666666663,0.5944514092637151
ergo_ground_truth,gt,2272,189.25,0.594397361505051
ergo_ground_truth,gt,2273,189.33333333333337,0.594315983097441
ergo_ground_truth,gt,2274,189.41666666666663,0.5942436175587302
ergo_ground_truth,gt,2275,189.5,0.5941844530227947
ergo_ground_truth,gt,2276,189.58333333333337,0.5940884245427144
ergo_ground_truth,gt,2277,189.66666666666663,0.5939438289320861
ergo_ground_truth,gt,2278,189.75,0.5938626351609573
ergo_ground_truth,gt,2279,189.83333333333337,0.5938579189946417
ergo_ground_truth,gt,2280,189.91666666666663,0.5938713062264788
ergo_ground_truth,gt,2281,190.0,0.5938525147828381
ergo_ground_truth,gt,2282,190.08333333333337,0.5937782779879224
ergo_ground_truth,gt,2283,190.16666666666663,0.5936734963432365
ergo_ground_truth,gt,2284,190.25,0.5936100375591765
ergo_ground_truth,gt,2285,190.33333333333337,0.5935914476386468
ergo_ground_truth,gt,2286,190.41666666666663,0.5935692373211894
ergo_ground_truth,gt,2287,190.5,0.5935370880456587
ergo_ground_truth,gt,2288,190.58333333333337,0.5935257415459135
ergo_ground_truth,gt,2289,190.66666666666663,0.5935445664286413
ergo_ground_truth,gt,2290,190.75,0.5935892511081998
ergo_ground_truth,gt,2291,190.83333333333337,0.5936301348395028
ergo_ground_truth,gt,2292,190.91666666666663,0.5936042777870418
ergo_ground_truth,gt,2293,191.0,0.5935516924789176
ergo_ground_truth,gt,2294,191.08333333333337,0.5934689010271532
ergo_ground_truth,gt,2295,191.16666666666663,0.5933624300011185
ergo_ground_truth,gt,2296,191.25,0.5932378234514841
ergo_ground_truth,gt,2297,191.33333333333337,0.5931021439482812
ergo_ground_truth,gt,2298,191.41666666666663,0.5929862488389196
ergo_ground_truth,gt,2299,191.5,0.5929049239353119
ergo_ground_truth,gt,2300,191.58333333333337,0.5928358856054847
ergo_ground_truth,gt,2301,191.66666666666663,0.5927558151519684
ergo_ground_truth,gt,2302,191.75,0.5926786789465763
ergo_ground_truth,gt,2303,191.83333333333337,0.5926284329609045
ergo_ground_truth,gt,2304,191.91666666666663,0.592593389052647
ergo_ground_truth,gt,2305,192.0,0.5925444253400263
ergo_ground_truth,gt,2306,192.08333333333337,0.592487180123115
ergo_ground_truth,gt,2307,192.16666666666663,0.5924557228888482
ergo_ground_truth,gt,2308,192.25,0.5924542435391976
ergo_ground_truth,gt,2309,192.33333333333337,0.5924508034256105
ergo_ground_truth,gt,2310,192.41666666666663,0.5924332250804751
ergo_ground_truth,gt,2311,192.5,0.5924322350124666
ergo_ground_truth,gt,2312,192.58333333333337,0.592466090136285
ergo_ground_truth,gt,2313,192.66666666666663,0.5925071173727512
ergo_ground_truth,gt,2314,192.75,0.5925275449710841
ergo_ground_truth,gt,2315,192.83333333333337,0.5925478442513049
ergo_ground_truth,gt,2316,192.91666666666663,0.5925990752702253
ergo_ground_truth,gt,2317,193.0,0.5926658268833256
ergo_ground_truth,gt,2318,193.08333333333337,0.5927097864988993
ergo_ground_truth,gt,2319,193.16666666666663,0.5927359342533595
ergo_ground_truth,gt,2320,193.25,0.5927896512502285
ergo_ground_truth,gt,2321,193.33333333333337,0.5928750621674052
ergo_ground_truth,gt,2322,193.41666666666663,0.592937288768057
ergo_ground_truth,gt,2323,193.5,0.5929379469725544
ergo_ground_truth,gt,2324,193.58333333333337,0.5929612465169043
ergo_ground_truth,gt,2325,193.66666666666663,0.5930665509968062
ergo_ground_truth,gt,2326,193.75,0.5931815394796904
ergo_ground_truth,gt,2327,193.83333333333337,0.5932123641475304
ergo_ground_truth,gt,2328,193.91666666666663,0.5932346242658095
ergo_ground_truth,gt,2329,194.0,0.5933543861818836
ergo_ground_truth,gt,2330,194.08333333333337,0.5935196881080618
ergo_ground_truth,gt,2331,194.16666666666663,0.5936497011863828
ergo_ground_truth,gt,2332,194.25,0.5937344835480595
ergo_ground_truth,gt,2333,194.33333333333337,0.5938232687672321
ergo_ground_truth,gt,2334,194.41666666666663,0.5939364895414009
ergo_ground_truth,gt,2335,194.5,0.5940439115286076
ergo_ground_truth,gt,2336,194.58333333333337,0.5941103887193838
ergo_ground_truth,gt,2337,194.66666666666663,0.594150952098066
ergo_ground_truth,gt,2338,194.75,0.5942152236498355
ergo_ground_truth,gt,2339,194.83333333333337,0.5943006341909377
ergo_ground_truth,gt,2340,194.91666666666663,0.5943424186869298
ergo_ground_truth,gt,2341,195.0,0.5943119676519925
ergo_ground_truth,gt,2342,195.08333333333337,0.594327228670921
ergo_ground_truth,gt,2343,195.16666666666663,0.5944191088931783
ergo_ground_truth,gt,2344,195.25,0.594493804961145
ergo_ground_truth,gt,2345,195.33333333333337,0.5944650720745026
ergo_ground_truth,gt,2346,195.41666666666663,0.5944470956046631
ergo_ground_truth,gt,2347,195.5,0.5945174004959798
ergo_ground_truth,gt,2348,195.58333333333337,0.5946053392589362
ergo_ground_truth,gt,2349,195.66666666666663,0.5946361830636935
ergo_ground_truth,gt,2350,195.75,0.5946253923109703
ergo_ground_truth,gt,2351,195.83333333333337,0.5946304355821975
ergo_ground_truth,gt,2352,195.91666666666663,0.5946520892780015
ergo_ground_truth,gt,2353,196.0,0.5946508400497401
ergo_ground_truth,gt,2354,196.08333333333337,0.5946073990647125
ergo_ground_truth,gt,2355,196.16666666666663,0.5945469117929437
ergo_ground_truth,gt,2356,196.25,0.5944973569961286
ergo_ground_truth,gt,2357,196.33333333333337,0.594443533792289
ergo_ground_truth,gt,2358,196.41666666666663,0.5943464072566804
ergo_ground_truth,gt,2359,196.5,0.5942136347704736
ergo_ground_truth,gt,2360,196.58333333333337,0.5941071421565145
ergo_ground_truth,gt,2361,196.66666666666663,0.5940290770519218
ergo_ground_truth,gt,2362,196.75,0.5939162056422457
ergo_ground_truth,gt,2363,196.83333333333337,0.5937329988892913
ergo_ground_truth,gt,2364,196.91666666666663,0.5936018946531426
ergo_ground_truth,gt,2365,197.0,0.5935519168318674
ergo_ground_truth,gt,2366,197.08333333333337,0.5935080836097378
ergo_ground_truth,gt,2367,197.16666666666663,0.5934000339311846
ergo_ground_truth,gt,2368,197.25,0.5933130223082688
ergo_ground_truth,gt,2369,197.33333333333337,0.5933178541977253
ergo_ground_truth,gt,2370,197.41666666666663,0.5933455851419076
ergo_ground_truth,gt,2371,197.5,0.5932639631482722
ergo_ground_truth,gt,2372,197.58333333333337,0.5931228329276869
ergo_ground_truth,gt,2373,197.66666666666663,0.5930217168884767
ergo_ground_truth,gt,2374,197.75,0.592943083131
ergo_ground_truth,gt,2375,197.83333333333337,0.5928176250979438
ergo_ground_truth,gt,2376,197.91666666666663,0.5927136538520841
ergo_ground_truth,gt,2377,198.0,0.5927183131362592
ergo_ground_truth,gt,2378,198.08333333333337,0.5927761458666662
ergo_ground_truth,gt,2379,198.16666666666663,0.592785524185049
ergo_ground_truth,gt,2380,198.25,0.5927437537658796
ergo_ground_truth,gt,2381,198.33333333333337,0.5927899148366789
ergo_ground_truth,gt,2382,198.41666666666663,0.5929033667700756
ergo_ground_truth,gt,2383,198.5,0.5929902486192891
ergo_ground_truth,gt,2384,198.58333333333337,0.5929963238361668
ergo_ground_truth,gt,2385,198.66666666666663,0.5930408058510569
ergo_ground_truth,gt,2386,198.75,0.5931576739889464
ergo_ground_truth,gt,2387,198.83333333333337,0.5932707196413474
ergo_ground_truth,gt,2388,198.91666666666663,0.5933121137527294
ergo_ground_truth,gt,2389,199.0,0.5933484123709505
ergo_ground_truth,gt,2390,199.08333333333337,0.593447918488523
ergo_ground_truth,gt,2391,199.16666666666663,0.5935687877810981
ergo_ground_truth,gt,2392,199.25,0.5936503445424862
ergo_ground_truth,gt,2393,199.33333333333337,0.5937022893965046
ergo_ground_truth,gt,2394,199.41666666666663,0.5937758555448517
ergo_ground_truth,gt,2395,199.5,0.5938742392544929
ergo_ground_truth,gt,2396,199.58333333333337,0.5939591662703695
ergo_ground_truth,gt,2397,199.66666666666663,0.594013078109838
ergo_ground_truth,gt,2398,199.75,0.5940657937835377
ergo_ground_truth,gt,2399,199.83333333333337,0.5941411098580963
ergo_ground_truth,gt,2400,199.91666666666663,0.594219142548233
ergo_ground_truth,gt,2401,200.0,0.5942713304966898
ergo_ground_truth,gt,2402,200.08333333333337,0.5943117985481615
ergo_ground_truth,gt,2403,200.16666666666663,0.5943744859524351
ergo_ground_truth,gt,2404,200.25,0.5944548576349684
ergo_ground_truth,gt,2405,200.33333333333337,0.594507414363719
ergo_ground_truth,gt,2406,200.41666666666663,0.5945006975159285
ergo_ground_truth,gt,2407,200.5,0.5945121309737982
ergo_ground_truth,gt,2408,200.58333333333337,0.5946162263299505
ergo_ground_truth,gt,2409,200.66666666666663,0.5947705343680186
ergo_ground_truth,gt,2410,200.75,0.5949165093595198
ergo_ground_truth,gt,2411,200.83333333333337,0.595045468628458
ergo_ground_truth,gt,2412,200.91666666666663,0.5951473338226555
ergo_ground_truth,gt,2413,201.0,0.5952206565225865
ergo_ground_truth,gt,2414,201.08333333333337,0.5953116681283623
ergo_ground_truth,gt,2415,201.16666666666663,0.5954389744302215
ergo_ground_truth,gt,2416,201.25,0.5955820416905009
ergo_ground_truth,gt,2417,201.33333333333337,0.5957110198361398
ergo_ground_truth,gt,2418,201.41666666666663,0.5957772953763666
ergo_ground_truth,gt,2419,201.5,0.5957593857858287
ergo_ground_truth,gt,2420,201.58333333333337,0.5958006840036351
ergo_ground_truth,gt,2421,201.66666666666663,0.5959210422052731
ergo_ground_truth,gt,2422,201.75,0.5960366111526294
ergo_ground_truth,gt,2423,201.83333333333337,0.5960932907134107
ergo_ground_truth,gt,2424,201.91666666666663,0.5961409939493391
ergo_ground_truth,gt,2425,202.0,0.5962268592544234
ergo_ground_truth,gt,2426,202.08333333333337,0.5963274229118679
ergo_ground_truth,gt,2427,202.16666666666663,0.596399449831987
ergo_ground_truth,gt,2428,202.25,0.5964384739003237
ergo_ground_truth,gt,2429,202.33333333333337,0.596477924022425
ergo_ground_truth,gt,2430,202.41666666666663,0.5965334371714855
ergo_ground_truth,gt,2431,202.5,0.5965793757232142
ergo_ground_truth,gt,2432,202.58333333333337,0.5965906136407212
ergo_ground_truth,gt,2433,202.66666666666663,0.596590951844061
ergo_ground_truth,gt,2434,202.75,0.5966154665686961
ergo_ground_truth,gt,2435,202.83333333333337,0.596646870125634
ergo_ground_truth,gt,2436,202.91666666666663,0.5966403157237258
ergo_ground_truth,gt,2437,203.0,0.5966041633386006
ergo_ground_truth,gt,2438,203.08333333333337,0.5965958690352975
ergo_ground_truth,gt,2439,203.16666666666663,0.596612663408601
ergo_ground_truth,gt,2440,203.25,0.5965961326171403
ergo_ground_truth,gt,2441,203.33333333333337,0.596523959680193
ergo_ground_truth,gt,2442,203.41666666666663,0.5964724589185938
ergo_ground_truth,gt,2443,203.5,0.5964644678626291
ergo_ground_truth,gt,2444,203.58333333333337,0.5964394796299746
ergo_ground_truth,gt,2445,203.66666666666663,0.596337390218011
ergo_ground_truth,gt,2446,203.75,0.5962328973403399
ergo_ground_truth,gt,2447,203.83333333333337,0.5961881731412512
ergo_ground_truth,gt,2448,203.91666666666663,0.5961508084531887
ergo_ground_truth,gt,2449,204.0,0.5960368545069041
ergo_ground_truth,gt,2450,204.08333333333337,0.5958793914494794
ergo_ground_truth,gt,2451,204.16666666666663,0.5957925636682918
ergo_ground_truth,gt,2452,204.25,0.5957404191616055
ergo_ground_truth,gt,2453,204.33333333333337,0.5956434343611474
ergo_ground_truth,gt,2454,204.41666666666663,0.595483521000498
ergo_ground_truth,gt,2455,204.5,0.5953618775656694
ergo_ground_truth,gt,2456,204.58333333333337,0.5952888092627804
ergo_ground_truth,gt,2457,204.66666666666663,0.5952095764189558
ergo_ground_truth,gt,2458,204.75,0.5950922341384665
ergo_ground_truth,gt,2459,204.83333333333337,0.5949734993535454
ergo_ground_truth,gt,2460,204.91666666666663,0.5948850181918233
ergo_ground_truth,gt,2461,205.0,0.5948102691882294
ergo_ground_truth,gt,2462,205.08333333333337,0.5947199264173684
ergo_ground_truth,gt,2463,205.16666666666663,0.594607631964425
ergo_ground_truth,gt,2464,205.25,0.5945020532920582
ergo_ground_truth,gt,2465,205.33333333333337,0.5944363729876349
ergo_ground_truth,gt,2466,205.41666666666663,0.5943877423157252
ergo_ground_truth,gt,2467,205.5,0.5942480269881513
ergo_ground_truth,gt,2468,205.58333333333337,0.5940135955831418
ergo_ground_truth,gt,2469,205.66666666666663,0.5937935585763121
ergo_ground_truth,gt,2470,205.75,0.5934119059814326
ergo_ground_truth,gt,2471,205.83333333333337,0.5929625305977893
ergo_ground_truth,gt,2472,205.91666666666663,0.5925670810583024
ergo_ground_truth,gt,2473,206.0,0.5922971572866216
ergo_ground_truth,gt,2474,206.08333333333337,0.5921591108873587
ergo_ground_truth,gt,2475,206.16666666666663,0.5920979281905212
ergo_ground_truth,gt,2476,206.25,0.5920488445259008
ergo_ground_truth,gt,2477,206.33333333333337,0.5919958837681789
ergo_ground_truth,gt,2478,206.41666666666663,0.5919535134934358
ergo_ground_truth,gt,2479,206.5,0.591904859952374
ergo_ground_truth,gt,2480,206.58333333333337,0.591806990492997
ergo_ground_truth,gt,2481,206.66666666666663,0.5916755543976956
ergo_ground_truth,gt,2482,206.75,0.5916148825897094
ergo_ground_truth,gt,2483,206.83333333333337,0.591623156061305
ergo_ground_truth,gt,2484,206.91666666666663,0.5916177345607221
ergo_ground_truth,gt,2485,207.0,0.5915641298427264
ergo_ground_truth,gt,2486,207.08333333333337,0.5915642904524399
ergo_ground_truth,gt,2487,207.16666666666663,0.5916433319870495
ergo_ground_truth,gt,2488,207.25,0.5917414464604928
ergo_ground_truth,gt,2489,207.33333333333337,0.5918104132199941
ergo_ground_truth,gt,2490,207.41666666666663,0.5918552677606131
ergo_ground_truth,gt,2491,207.5,0.5919052600911552
ergo_ground_truth,gt,2492,207.58333333333337,0.5919703919678232
ergo_ground_truth,gt,2493,207.66666666666663,0.5920177557843022
ergo_ground_truth,gt,2494,207.75,0.5919920976614379
ergo_ground_truth,gt,2495,207.83333333333337,0.5919463063180554
ergo_ground_truth,gt,2496,207.91666666666663,0.5919940386883195
ergo_ground_truth,gt,2497,208.0,0.5920918872726098
ergo_ground_truth,gt,2498,208.08333333333337,0.5921630174841277
ergo_ground_truth,gt,2499,208.16666666666663,0.5922019586587548
ergo_ground_truth,gt,2500,208.25,0.5922466757495721
ergo_ground_truth,gt,2501,208.33333333333337,0.5923036256837785
ergo_ground_truth,gt,2502,208.41666666666663,0.592352726862881
ergo_ground_truth,gt,2503,208.5,0.59235397952704
ergo_ground_truth,gt,2504,208.58333333333337,0.5922576245507258
ergo_ground_truth,gt,2505,208.66666666666663,0.5921981822932312
ergo_ground_truth,gt,2506,208.75,0.5922395177514487
ergo_ground_truth,gt,2507,208.83333333333337,0.5923181452168633
ergo_ground_truth,gt,2508,208.91666666666663,0.5923738897844163
ergo_ground_truth,gt,2509,209.0,0.592375451607397
ergo_ground_truth,gt,2510,209.08333333333337,0.5923044723226576
ergo_ground_truth,gt,2511,209.16666666666663,0.5922338778675739
ergo_ground_truth,gt,2512,209.25,0.5922416451266482
ergo_ground_truth,gt,2513,209.33333333333337,0.5922960238050441
ergo_ground_truth,gt,2514,209.41666666666663,0.5923456386793325
ergo_ground_truth,gt,2515,209.5,0.5923518165378782
ergo_ground_truth,gt,2516,209.58333333333337,0.5922774427304578
ergo_ground_truth,gt,2517,209.66666666666663,0.5921977660237894
ergo_ground_truth,gt,2518,209.75,0.5922283639686791
ergo_ground_truth,gt,2519,209.83333333333337,0.5923301832353475
ergo_ground_truth,gt,2520,209.91666666666663,0.5924428330005469
ergo_ground_truth,gt,2521,210.0,0.59256287570945
ergo_ground_truth,gt,2522,210.08333333333337,0.5926829358249731
ergo_ground_truth,gt,2523,210.16666666666663,0.5925389932809078
ergo_ground_truth,gt,2524,210.25,0.5922834585034857
ergo_ground_truth,gt,2525,210.33333333333337,0.5920558757938016
ergo_ground_truth,gt,2526,210.41666666666663,0.5918729496843516
ergo_ground_truth,gt,2527,210.5,0.5916907246006167
ergo_ground_truth,gt,2528,210.58333333333337,0.5915519301717415
ergo_ground_truth,gt,2529,210.66666666666663,0.5915231177173099
ergo_ground_truth,gt,2530,210.75,0.5915690953185658
ergo_ground_truth,gt,2531,210.83333333333337,0.5916274441973516
ergo_ground_truth,gt,2532,210.91666666666663,0.5916653252136648
ergo_ground_truth,gt,2533,211.0,0.5916940376005045
ergo_ground_truth,gt,2534,211.08333333333337,0.5917472210762255
ergo_ground_truth,gt,2535,211.16666666666663,0.5918209692212832
ergo_ground_truth,gt,2536,211.25,0.59185841924419
ergo_ground_truth,gt,2537,211.33333333333337,0.5918386910964405
ergo_ground_truth,gt,2538,211.41666666666663,0.5918787559243004
ergo_ground_truth,gt,2539,211.5,0.5919938886921933
ergo_ground_truth,gt,2540,211.58333333333337,0.5920863534281521
ergo_ground_truth,gt,2541,211.66666666666663,0.5920696947639845
ergo_ground_truth,gt,2542,211.75,0.5920958132501446
ergo_ground_truth,gt,2543,211.83333333333337,0.5922304402714137
ergo_ground_truth,gt,2544,211.91666666666663,0.5923801642310313
ergo_ground_truth,gt,2545,212.0,0.5924446485626924
ergo_ground_truth,gt,2546,212.08333333333337,0.5924780812262573
ergo_ground_truth,gt,2547,212.16666666666663,0.5925952902684588
ergo_ground_truth,gt,2548,212.25,0.5927589898636116
ergo_ground_truth,gt,2549,212.33333333333337,0.5928762160081036
ergo_ground_truth,gt,2550,212.41666666666663,0.5929375252370714
ergo_ground_truth,gt,2551,212.5,0.5930399198804045
ergo_ground_truth,gt,2552,212.58333333333337,0.593200380080305
ergo_ground_truth,gt,2553,212.66666666666663,0.5933479911157791
ergo_ground_truth,gt,2554,212.75,0.593438042130974
ergo_ground_truth,gt,2555,212.83333333333337,0.5935331290198654
ergo_ground_truth,gt,2556,212.91666666666663,0.5936864078650751
ergo_ground_truth,gt,2557,213.0,0.5938541282008677
ergo_ground_truth,gt,2558,213.08333333333337,0.5939710210528446
ergo_ground_truth,gt,2559,213.16666666666663,0.594061994722892
ergo_ground_truth,gt,2560,213.25,0.5942024560731071
ergo_ground_truth,gt,2561,213.33333333333337,0.5943792113111832
ergo_ground_truth,gt,2562,213.41666666666663,0.5945171826948171
ergo_ground_truth,gt,2563,213.5,0.594598521588828
ergo_ground_truth,gt,2564,213.58333333333337,0.5947095499316152
ergo_ground_truth,gt,2565,213.66666666666663,0.5948741412036468
ergo_ground_truth,gt,2566,213.75,0.5950210449630156
ergo_ground_truth,gt,2567,213.83333333333337,0.5950900621955865
ergo_ground_truth,gt,2568,213.91666666666663,0.5951561037880612
ergo_ground_truth,gt,2569,214.0,0.5952855883873
ergo_ground_truth,gt,2570,214.08333333333337,0.5954247218235852
ergo_ground_truth,gt,2571,214.16666666666663,0.5954869996552872
ergo_ground_truth,gt,2572,214.25,0.5955023659863996
ergo_ground_truth,gt,2573,214.33333333333337,0.5955766020850037
ergo_ground_truth,gt,2574,214.41666666666663,0.5956823286489303
ergo_ground_truth,gt,2575,214.5,0.59572894209093
ergo_ground_truth,gt,2576,214.58333333333337,0.5956884745848612
ergo_ground_truth,gt,2577,214.66666666666663,0.5956936352990402
ergo_ground_truth,gt,2578,214.75,0.5957487743081782
ergo_ground_truth,gt,2579,214.83333333333337,0.5957675134073548
ergo_ground_truth,gt,2580,214.91666666666663,0.5956766677947445
ergo_ground_truth,gt,2581,215.0,0.5956034206589746
ergo_ground_truth,gt,2582,215.08333333333337,0.595600031849401
ergo_ground_truth,gt,2583,215.16666666666663,0.5955901240746745
ergo_ground_truth,gt,2584,215.25,0.5954796900144393
ergo_ground_truth,gt,2585,215.33333333333337,0.595333959925231
ergo_ground_truth,gt,2586,215.41666666666663,0.5952644093429014
ergo_ground_truth,gt,2587,215.5,0.5952176827375082
ergo_ground_truth,gt,2588,215.58333333333337,0.5951006791348515
ergo_ground_truth,gt,2589,215.66666666666663,0.594902159378241
ergo_ground_truth,gt,2590,215.75,0.5947732215512433
ergo_ground_truth,gt,2591,215.83333333333337,0.5946948642601939
ergo_ground_truth,gt,2592,215.91666666666663,0.5945827705461314
ergo_ground_truth,gt,2593,216.0,0.594391204586812
ergo_ground_truth,gt,2594,216.08333333333337,0.5942323771203016
ergo_ground_truth,gt,2595,216.16666666666663,0.594144569146253
ergo_ground_truth,gt,2596,216.25,0.5940671427927938
ergo_ground_truth,gt,2597,216.33333333333337,0.5939469645308048
ergo_ground_truth,gt,2598,216.41666666666663,0.5938292110424983
ergo_ground_truth,gt,2599,216.5,0.5937822660758014
ergo_ground_truth,gt,2600,216.58333333333337,0.593786074048292
ergo_ground_truth,gt,2601,216.66666666666663,0.5937491718692081
ergo_ground_truth,gt,2602,216.75,0.5936538448359824
ergo_ground_truth,gt,2603,216.83333333333337,0.5935965145969443
ergo_ground_truth,gt,2604,216.91666666666663,0.5935818006206253
ergo_ground_truth,gt,2605,217.0,0.5935411264894059
ergo_ground_truth,gt,2606,217.08333333333337,0.5934545652579538
ergo_ground_truth,gt,2607,217.16666666666663,0.5934613562918727
ergo_ground_truth,gt,2608,217.25,0.5935459626305475
ergo_ground_truth,gt,2609,217.33333333333337,0.5936206185233964
ergo_ground_truth,gt,2610,217.41666666666663,0.5936240386509171
ergo_ground_truth,gt,2611,217.5,0.5936588925697027
ergo_ground_truth,gt,2612,217.58333333333337,0.5937723613894587
ergo_ground_truth,gt,2613,217.66666666666663,0.5938973853388421
ergo_ground_truth,gt,2614,217.75,0.5939562441407392
ergo_ground_truth,gt,2615,217.83333333333337,0.5939942908875824
ergo_ground_truth,gt,2616,217.91666666666663,0.5940971966238742
ergo_ground_truth,gt,2617,218.0,0.5942292863227073
ergo_ground_truth,gt,2618,218.08333333333337,0.5943050791495023
ergo_ground_truth,gt,2619,218.16666666666663,0.5943190026200069
ergo_ground_truth,gt,2620,218.25,0.5943868827971276
ergo_ground_truth,gt,2621,218.33333333333337,0.5945104542903685
ergo_ground_truth,gt,2622,218.41666666666663,0.594601194212208
ergo_ground_truth,gt,2623,218.5,0.5946030436012304
ergo_ground_truth,gt,2624,218.58333333333337,0.5946370596944034
ergo_ground_truth,gt,2625,218.66666666666663,0.5947534701189149
ergo_ground_truth,gt,2626,218.75,0.5948703658891171
ergo_ground_truth,gt,2627,218.83333333333337,0.5948783765936226
ergo_ground_truth,gt,2628,218.91666666666663,0.5948782283922055
ergo_ground_truth,gt,2629,219.0,0.5949954402273147
ergo_ground_truth,gt,2630,219.08333333333337,0.5951672955594386
ergo_ground_truth,gt,2631,219.16666666666663,0.5953062026237625
ergo_ground_truth,gt,2632,219.25,0.5954113592894009
ergo_ground_truth,gt,2633,219.33333333333337,0.5955326261168513
ergo_ground_truth,gt,2634,219.41666666666663,0.5956760183562486
ergo_ground_truth,gt,2635,219.5,0.5958145111742021
ergo_ground_truth,gt,2636,219.58333333333337,0.5959006265959695
ergo_ground_truth,gt,2637,219.66666666666663,0.5958835741506279
ergo_ground_truth,gt,2638,219.75,0.5959247378366495
ergo_ground_truth,gt,2639,219.83333333333337,0.5960821295291614
ergo_ground_truth,gt,2640,219.91666666666663,0.5962808049050847
ergo_ground_truth,gt,2641,220.0,0.5964530230407382
ergo_ground_truth,gt,2642,220.08333333333337,0.5965651938133849
ergo_ground_truth,gt,2643,220.16666666666663,0.596616992259869
ergo_ground_truth,gt,2644,220.25,0.5966783370937966
ergo_ground_truth,gt,2645,220.33333333333337,0.5967798690146849
ergo_ground_truth,gt,2646,220.41666666666663,0.5968627253439373
ergo_ground_truth,gt,2647,220.5,0.5968843228546277
ergo_ground_truth,gt,2648,220.58333333333337,0.5969230785401434
ergo_ground_truth,gt,2649,220.66666666666663,0.5970209669025689
ergo_ground_truth,gt,2650,220.75,0.5971344883446755
ergo_ground_truth,gt,2651,220.83333333333337,0.5972147386583102
ergo_ground_truth,gt,2652,220.91666666666663,0.5972619686382149
ergo_ground_truth,gt,2653,221.0,0.5973101024075884
ergo_ground_truth,gt,2654,221.08333333333337,0.5973719096747945
ergo_ground_truth,gt,2655,221.16666666666663,0.5974212361012644
ergo_ground_truth,gt,2656,221.25,0.5974321917265257
ergo_ground_truth,gt,2657,221.33333333333337,0.59743000817403
ergo_ground_truth,gt,2658,221.41666666666663,0.5974548623897556
ergo_ground_truth,gt,2659,221.5,0.5974880098025286
ergo_ground_truth,gt,2660,221.58333333333337,0.5974736105512298
ergo_ground_truth,gt,2661,221.66666666666663,0.5974197646081374
ergo_ground_truth,gt,2662,221.75,0.5974094663355778
ergo_ground_truth,gt,2663,221.83333333333337,0.597436209452463
ergo_ground_truth,gt,2664,221.91666666666663,0.5974221097320294
ergo_ground_truth,gt,2665,222.0,0.5973207017424744
ergo_ground_truth,gt,2666,222.08333333333337,0.5972667390430306
ergo_ground_truth,gt,2667,222.16666666666663,0.5972767946047952
ergo_ground_truth,gt,2668,222.25,0.5972737042567592
ergo_ground_truth,gt,2669,222.33333333333337,0.5971916110718757
ergo_ground_truth,gt,2670,222.41666666666663,0.5971004940943873
ergo_ground_truth,gt,2671,222.5,0.5970613724914926
ergo_ground_truth,gt,2672,222.58333333333337,0.5970342713499289
ergo_ground_truth,gt,2673,222.66666666666663,0.596966376617155
ergo_ground_truth,gt,2674,222.75,0.5968669205126511
ergo_ground_truth,gt,2675,222.83333333333337,0.5967809211776625
ergo_ground_truth,gt,2676,222.91666666666663,0.5967100232181076
ergo_ground_truth,gt,2677,223.0,0.5966249781869698
ergo_ground_truth,gt,2678,223.08333333333337,0.5965125991056022
ergo_ground_truth,gt,2679,223.16666666666663,0.5963925629941637
ergo_ground_truth,gt,2680,223.25,0.5962857257694645
ergo_ground_truth,gt,2681,223.33333333333337,0.5961797592351102
ergo_ground_truth,gt,2682,223.41666666666663,0.5960338134089037
ergo_ground_truth,gt,2683,223.5,0.5958432711802268
ergo_ground_truth,gt,2684,223.58333333333337,0.5957117489691556
ergo_ground_truth,gt,2685,223.66666666666663,0.595660697450889
ergo_ground_truth,gt,2686,223.75,0.5956430277429986
ergo_ground_truth,gt,2687,223.83333333333337,0.5956226817033563
ergo_ground_truth,gt,2688,223.91666666666663,0.5955459598840388
ergo_ground_truth,gt,2689,224.0,0.5952921118586009
ergo_ground_truth,gt,2690,224.08333333333337,0.5949630835893469
ergo_ground_truth,gt,2691,224.16666666666663,0.59460212446907
ergo_ground_truth,gt,2692,224.25,0.5942301032366414
ergo_ground_truth,gt,2693,224.33333333333337,0.5938545357623918
ergo_ground_truth,gt,2694,224.41666666666663,0.5934684521178556
ergo_ground_truth,gt,2695,224.5,0.5930839371235233
ergo_ground_truth,gt,2696,224.58333333333337,0.5927130606350274
ergo_ground_truth,gt,2697,224.66666666666663,0.5923452727322381
ergo_ground_truth,gt,2698,224.75,0.5919827028211916
ergo_ground_truth,gt,2699,224.83333333333337,0.5916295261212484
ergo_ground_truth,gt,2700,224.91666666666663,0.5912869232962431
ergo_ground_truth,gt,2701,225.0,0.5909491670370972
ergo_ground_truth,gt,2702,225.08333333333337,0.5906154364304407
ergo_ground_truth,gt,2703,225.16666666666663,0.5902931887342417
ergo_ground_truth,gt,2704,225.25,0.5899755469968204
ergo_ground_truth,gt,2705,225.33333333333337,0.5896580483307549
ergo_ground_truth,gt,2706,225.41666666666663,0.5893523863806223
ergo_ground_truth,gt,2707,225.5,0.5890498164058331
ergo_ground_truth,gt,2708,225.58333333333337,0.5887458265720933
ergo_ground_truth,gt,2709,225.66666666666663,0.588453604955902
ergo_ground_truth,gt,2710,225.75,0.5881615013250703
ergo_ground_truth,gt,2711,225.83333333333337,0.5878686576558267
ergo_ground_truth,gt,2712,225.91666666666663,0.5875856618270945
ergo_ground_truth,gt,2713,226.0,0.587301140727265
ergo_ground_truth,gt,2714,226.08333333333337,0.5870167615255382
ergo_ground_truth,gt,2715,226.16666666666663,0.5867410216213891
ergo_ground_truth,gt,2716,226.25,0.5864629125641083
ergo_ground_truth,gt,2717,226.33333333333337,0.5861857797178516
ergo_ground_truth,gt,2718,226.41666666666663,0.5859163969618135
ergo_ground_truth,gt,2719,226.5,0.5856435633822967
ergo_ground_truth,gt,2720,226.58333333333337,0.5853732528165074
ergo_ground_truth,gt,2721,226.66666666666663,0.5851097222725331
ergo_ground_truth,gt,2722,226.75,0.5848401450113191
ergo_ground_truth,gt,2723,226.83333333333337,0.5845774158399364
ergo_ground_truth,gt,2724,226.91666666666663,0.5843228147113635
ergo_ground_truth,gt,2725,227.0,0.5840546253994845
ergo_ground_truth,gt,2726,227.08333333333337,0.5838033402567336
ergo_ground_truth,gt,2727,227.16666666666663,0.5835474292118583
ergo_ground_truth,gt,2728,227.25,0.5832914434845228
ergo_ground_truth,gt,2729,227.33333333333337,0.5830457464310052
ergo_ground_truth,gt,2730,227.41666666666663,0.5827862530520642
ergo_ground_truth,gt,2731,227.5,0.5825475610550351
ergo_ground_truth,gt,2732,227.58333333333337,0.5822924828733812
ergo_ground_truth,gt,2733,227.66666666666663,0.5820485974537744
ergo_ground_truth,gt,2734,227.75,0.5818024349672144
ergo_ground_truth,gt,2735,227.83333333333337,0.58155635332077
ergo_ground_truth,gt,2736,227.91666666666663,0.5813229576373765
ergo_ground_truth,gt,2737,228.0,0.5810754718104753
ergo_ground_truth,gt,2738,228.08333333333337,0.5808461655593266
ergo_ground_truth,gt,2739,228.16666666666663,0.5805971401897742
ergo_ground_truth,gt,2740,228.25,0.5803597523040512
ergo_ground_truth,gt,2741,228.33333333333337,0.5801286219495556
ergo_ground_truth,gt,2742,228.41666666666663,0.5798836456136809
ergo_ground_truth,gt,2743,228.5,0.5796459712474497
ergo_ground_truth,gt,2744,228.58333333333337,0.5794152260046518
ergo_ground_truth,gt,2745,228.66666666666663,0.5791743146104807
ergo_ground_truth,gt,2746,228.75,0.578963323474716
ergo_ground_truth,gt,2747,228.83333333333337,0.5787219966427712
ergo_ground_truth,gt,2748,228.91666666666663,0.578483763698111
ergo_ground_truth,gt,2749,229.0,0.5782570291845369
ergo_ground_truth,gt,2750,229.08333333333337,0.5780300819365208
ergo_ground_truth,gt,2751,229.16666666666663,0.5778070121320122
ergo_ground_truth,gt,2752,229.25,0.5775843828311383
ergo_ground_truth,gt,2753,229.33333333333337,0.5773604045502331
ergo_ground_truth,gt,2754,229.41666666666663,0.5771479398347718
ergo_ground_truth,gt,2755,229.5,0.5769215026330806
ergo_ground_truth,gt,2756,229.58333333333337,0.576713778083688
ergo_ground_truth,gt,2757,229.66666666666663,0.5764879302185343
ergo_ground_truth,gt,2758,229.75,0.5762714036814218
ergo_ground_truth,gt,2759,229.83333333333337,0.5760601281824331
ergo_ground_truth,gt,2760,229.91666666666663,0.575851563198939
ergo_ground_truth,gt,2761,230.0,0.575642804242827
ergo_ground_truth,gt,2762,230.08333333333337,0.5754363880260255
ergo_ground_truth,gt,2763,230.16666666666663,0.5752290423947962
ergo_ground_truth,gt,2764,230.25,0.5750241072415231
ergo_ground_truth,gt,2765,230.33333333333337,0.5748185501714894
ergo_ground_truth,gt,2766,230.41666666666663,0.5746147903369254
ergo_ground_truth,gt,2767,230.5,0.5744112099455271
ergo_ground_truth,gt,2768,230.58333333333337,0.5742077970701448
ergo_ground_truth,gt,2769,230.66666666666663,0.5740049816808853
ergo_ground_truth,gt,2770,230.75,0.5738028315157006
ergo_ground_truth,gt,2771,230.83333333333337,0.5736015042371659
ergo_ground_truth,gt,2772,230.91666666666663,0.5734010712698312
ergo_ground_truth,gt,2773,231.0,0.5732015859604047
ergo_ground_truth,gt,2774,231.08333333333337,0.5730030790433125
ergo_ground_truth,gt,2775,231.16666666666663,0.5728053662387766
ergo_ground_truth,gt,2776,231.25,0.572608158546154
ergo_ground_truth,gt,2777,231.33333333333337,0.5724118338244282
ergo_ground_truth,gt,2778,231.41666666666663,0.5722164994630211
ergo_ground_truth,gt,2779,231.5,0.5720221754441436
ergo_ground_truth,gt,2780,231.58333333333337,0.5718288631903674
ergo_ground_truth,gt,2781,231.66666666666663,0.5716365622900045
ergo_ground_truth,gt,2782,231.75,0.5714452717547541
ergo_ground_truth,gt,2783,231.83333333333337,0.5712549896173957
ergo_ground_truth,gt,2784,231.91666666666663,0.5710657129983157
ergo_ground_truth,gt,2785,232.0,0.5708774382906142
ergo_ground_truth,gt,2786,232.08333333333337,0.5706901612953296
ergo_ground_truth,gt,2787,232.16666666666663,0.5705038773275317
ergo_ground_truth,gt,2788,232.25,0.5703185813057993
ergo_ground_truth,gt,2789,232.33333333333337,0.5701342678268635
ergo_ground_truth,gt,2790,232.41666666666663,0.5699509312283773
ergo_ground_truth,gt,2791,232.5,0.5697685656416434
ergo_ground_truth,gt,2792,232.58333333333337,0.5695871650365192
ergo_ground_truth,gt,2793,232.66666666666663,0.5694067232588245
ergo_ground_truth,gt,2794,232.75,0.5692272340648266
ergo_ground_truth,gt,2795,232.83333333333337,0.5690486911356972
ergo_ground_truth,gt,2796,232.91666666666663,0.5688710882731298
ergo_ground_truth,gt,2797,233.0,0.5686943879802211
ergo_ground_truth,gt,2798,233.08333333333337,0.5685644507269504
ergo_ground_truth,gt,2799,233.16666666666663,0.5683878886486882
ergo_ground_truth,gt,2800,233.25,0.5682339363566684
ergo_ground_truth,gt,2801,233.33333333333337,0.5680967606322926
ergo_ground_truth,gt,2802,233.41666666666663,0.5679152525577322
ergo_ground_truth,gt,2803,233.5,0.5677456159737228
ergo_ground_truth,gt,2804,233.58333333333337,0.5675795831653867
ergo_ground_truth,gt,2805,233.66666666666663,0.5674123465623856
ergo_ground_truth,gt,2806,233.75,0.5672442479613667
ergo_ground_truth,gt,2807,233.83333333333337,0.5670767718821715
ergo_ground_truth,gt,2808,233.91666666666663,0.5669107251850489
ergo_ground_truth,gt,2809,234.0,0.5667460011266937
ergo_ground_truth,gt,2810,234.08333333333337,0.5665818931752781
ergo_ground_truth,gt,2811,234.16666666666663,0.5664179987025496
ergo_ground_truth,gt,2812,234.25,0.566254672003065
ergo_ground_truth,gt,2813,234.33333333333337,0.5660923569699932
ergo_ground_truth,gt,2814,234.41666666666663,0.5659311298527215
ergo_ground_truth,gt,2815,234.5,0.5657708039616894
ergo_ground_truth,gt,2816,234.58333333333337,0.5656112439784808
ergo_ground_truth,gt,2817,234.66666666666663,0.5654524810537797
ergo_ground_truth,gt,2818,234.75,0.5652946016755311
ergo_ground_truth,gt,2819,234.83333333333337,0.5651378240070958
ergo_ground_truth,gt,2820,234.91666666666663,0.564982221780304
ergo_ground_truth,gt,2821,235.0,0.5648274850166387
ergo_ground_truth,gt,2822,235.08333333333337,0.5646734049481352
ergo_ground_truth,gt,2823,235.16666666666663,0.5645201446349848
ergo_ground_truth,gt,2824,235.25,0.5643678705586384
ergo_ground_truth,gt,2825,235.33333333333337,0.5642164454049668
ergo_ground_truth,gt,2826,235.41666666666663,0.5640657616042883
ergo_ground_truth,gt,2827,235.5,0.5639160298690172
ergo_ground_truth,gt,2828,235.58333333333337,0.5637671156606288
ergo_ground_truth,gt,2829,235.66666666666663,0.5636191536175679
ergo_ground_truth,gt,2830,235.75,0.5634710434515293
ergo_ground_truth,gt,2831,235.83333333333337,0.5633928141254673
ergo_ground_truth,gt,2832,235.91666666666663,0.5632652563533529
ergo_ground_truth,gt,2833,236.0,0.5631641911264476
ergo_ground_truth,gt,2834,236.08333333333337,0.5630585399202879
ergo_ground_truth,gt,2835,236.16666666666663,0.5629433150715134
ergo_ground_truth,gt,2836,236.25,0.5628179150044021
ergo_ground_truth,gt,2837,236.33333333333337,0.5626946569746297
ergo_ground_truth,gt,2838,236.41666666666663,0.5625828858948638
ergo_ground_truth,gt,2839,236.5,0.5624517810105405
ergo_ground_truth,gt,2840,236.58333333333337,0.562314831834745
ergo_ground_truth,gt,2841,236.66666666666663,0.5621791074921381
ergo_ground_truth,gt,2842,236.75,0.5620496967398475
ergo_ground_truth,gt,2843,236.83333333333337,0.5619265566789475
ergo_ground_truth,gt,2844,236.91666666666663,0.561805079632167
ergo_ground_truth,gt,2845,237.0,0.5616786975823972
ergo_ground_truth,gt,2846,237.08333333333337,0.5615468314109824
ergo_ground_truth,gt,2847,237.16666666666663,0.5614226298188955
ergo_ground_truth,gt,2848,237.25,0.5613175059085328
ergo_ground_truth,gt,2849,237.33333333333337,0.5612042848853138
ergo_ground_truth,gt,2850,237.41666666666663,0.561071830308725
ergo_ground_truth,gt,2851,237.5,0.5609413995957221
ergo_ground_truth,gt,2852,237.58333333333337,0.5608322916234825
ergo_ground_truth,gt,2853,237.66666666666663,0.5607647202530274
ergo_ground_truth,gt,2854,237.75,0.5607690888516016
ergo_ground_truth,gt,2855,237.83333333333337,0.5608841502237153
ergo_ground_truth,gt,2856,237.91666666666663,0.5610864154795714
ergo_ground_truth,gt,2857,238.0,0.5613306773775105
ergo_ground_truth,gt,2858,238.08333333333337,0.5616261369821995
ergo_ground_truth,gt,2859,238.16666666666663,0.5619983635397274
ergo_ground_truth,gt,2860,238.25,0.5624007794208207
ergo_ground_truth,gt,2861,238.33333333333337,0.562731762028971
ergo_ground_truth,gt,2862,238.41666666666663,0.5630292663204172
ergo_ground_truth,gt,2863,238.5,0.5634742364099959
ergo_ground_truth,gt,2864,238.58333333333337,0.5640072674471397
ergo_ground_truth,gt,2865,238.66666666666663,0.5645005507868981
ergo_ground_truth,gt,2866,238.75,0.564931928051845
ergo_ground_truth,gt,2867,238.83333333333337,0.5654045314236857
ergo_ground_truth,gt,2868,238.91666666666663,0.5659396766930934
ergo_ground_truth,gt,2869,239.0,0.566477324209621
ergo_ground_truth,gt,2870,239.08333333333337,0.566970685244036
ergo_ground_truth,gt,2871,239.16666666666663,0.5674292106231521
ergo_ground_truth,gt,2872,239.25,0.5678900929026546
ergo_ground_truth,gt,2873,239.33333333333337,0.5683620100802584
ergo_ground_truth,gt,2874,239.41666666666663,0.5687962723560611
ergo_ground_truth,gt,2875,239.5,0.5691262627040107
ergo_ground_truth,gt,2876,239.58333333333337,0.5694615281360896
ergo_ground_truth,gt,2877,239.66666666666663,0.569902188207063
ergo_ground_truth,gt,2878,239.75,0.5703759406468835
ergo_ground_truth,gt,2879,239.83333333333337,0.5708014095136237
ergo_ground_truth,gt,2880,239.91666666666663,0.5711887388804568
ergo_ground_truth,gt,2881,240.0,0.5715785931130077
ergo_ground_truth,gt,2882,240.08333333333337,0.5719705386006101
ergo_ground_truth,gt,2883,240.16666666666663,0.5723363365654691
ergo_ground_truth,gt,2884,240.25,0.5726227024178343
ergo_ground_truth,gt,2885,240.33333333333337,0.5727924848421344
ergo_ground_truth,gt,2886,240.41666666666663,0.5730343497067992
ergo_ground_truth,gt,2887,240.5,0.5733802937147169
ergo_ground_truth,gt,2888,240.58333333333337,0.5737470247831719
ergo_ground_truth,gt,2889,240.66666666666663,0.5740627092484606
ergo_ground_truth,gt,2890,240.75,0.5742798634405245
ergo_ground_truth,gt,2891,240.83333333333337,0.5743850753892705
ergo_ground_truth,gt,2892,240.91666666666663,0.5745516549801668
ergo_ground_truth,gt,2893,241.0,0.5748291340943686
ergo_ground_truth,gt,2894,241.08333333333337,0.5751348126967517
ergo_ground_truth,gt,2895,241.16666666666663,0.5754053527872577
ergo_ground_truth,gt,2896,241.25,0.5756350727315813
ergo_ground_truth,gt,2897,241.33333333333337,0.5758444949365625
ergo_ground_truth,gt,2898,241.41666666666663,0.5760645226418003
ergo_ground_truth,gt,2899,241.5,0.5762864098699132
ergo_ground_truth,gt,2900,241.58333333333337,0.5764470863782455
ergo_ground_truth,gt,2901,241.66666666666663,0.5765588846892943
ergo_ground_truth,gt,2902,241.75,0.5767623763042782
ergo_ground_truth,gt,2903,241.83333333333337,0.5770452969458097
ergo_ground_truth,gt,2904,241.91666666666663,0.5773291338409623
ergo_ground_truth,gt,2905,242.0,0.5775624822825116
ergo_ground_truth,gt,2906,242.08333333333337,0.5777375803288808
ergo_ground_truth,gt,2907,242.16666666666663,0.5778949379378658
ergo_ground_truth,gt,2908,242.25,0.578083376490125
ergo_ground_truth,gt,2909,242.33333333333337,0.5782709206271379
ergo_ground_truth,gt,2910,242.41666666666663,0.5783848024506411
ergo_ground_truth,gt,2911,242.5,0.578480527684076
ergo_ground_truth,gt,2912,242.58333333333337,0.5786564926869074
ergo_ground_truth,gt,2913,242.66666666666663,0.5788734166168645
ergo_ground_truth,gt,2914,242.75,0.5790601706323021
ergo_ground_truth,gt,2915,242.83333333333337,0.5791935754076241
ergo_ground_truth,gt,2916,242.91666666666663,0.579301051815098
ergo_ground_truth,gt,2917,243.0,0.5794100620425231
ergo_ground_truth,gt,2918,243.08333333333337,0.5795121197474211
ergo_ground_truth,gt,2919,243.16666666666663,0.5795773470470795
ergo_ground_truth,gt,2920,243.25,0.5796101218590307
ergo_ground_truth,gt,2921,243.33333333333337,0.579658693583406
ergo_ground_truth,gt,2922,243.41666666666663,0.5797317491541136
ergo_ground_truth,gt,2923,243.5,0.5797908430723491
ergo_ground_truth,gt,2924,243.58333333333337,0.5798272452597538
ergo_ground_truth,gt,2925,243.66666666666663,0.5798818693841127
ergo_ground_truth,gt,2926,243.75,0.5799651818921897
ergo_ground_truth,gt,2927,243.83333333333337,0.5800235871330972
ergo_ground_truth,gt,2928,243.91666666666663,0.5799798498171026
ergo_ground_truth,gt,2929,244.0,0.5798707091635562
ergo_ground_truth,gt,2930,244.08333333333337,0.5797535148770453
ergo_ground_truth,gt,2931,244.16666666666663,0.5796577627370889
ergo_ground_truth,gt,2932,244.25,0.5795639405684124
ergo_ground_truth,gt,2933,244.33333333333337,0.5794421502390543
ergo_ground_truth,gt,2934,244.41666666666663,0.5793876370935075
ergo_ground_truth,gt,2935,244.5,0.5794478348176273
ergo_ground_truth,gt,2936,244.58333333333337,0.579567957021913
ergo_ground_truth,gt,2937,244.66666666666663,0.5796868563612596
ergo_ground_truth,gt,2938,244.75,0.5797970457105228
ergo_ground_truth,gt,2939,244.83333333333337,0.579929067405289
ergo_ground_truth,gt,2940,244.91666666666663,0.5800977285039631
ergo_ground_truth,gt,2941,245.0,0.5802740931039951
ergo_ground_truth,gt,2942,245.08333333333337,0.58041586158823
ergo_ground_truth,gt,2943,245.16666666666663,0.5805472500115765
ergo_ground_truth,gt,2944,245.25,0.5807409149144159
ergo_ground_truth,gt,2945,245.33333333333337,0.5809776860232402
ergo_ground_truth,gt,2946,245.41666666666663,0.5811619671194739
ergo_ground_truth,gt,2947,245.5,0.5812734212495054
ergo_ground_truth,gt,2948,245.58333333333337,0.5814871203765839
ergo_ground_truth,gt,2949,245.66666666666663,0.5817948933231744
ergo_ground_truth,gt,2950,245.75,0.5820685501211678
ergo_ground_truth,gt,2951,245.83333333333337,0.5822151564910583
ergo_ground_truth,gt,2952,245.91666666666663,0.5824215972265383
ergo_ground_truth,gt,2953,246.0,0.5827502612768776
ergo_ground_truth,gt,2954,246.08333333333337,0.5830849822405174
ergo_ground_truth,gt,2955,246.16666666666663,0.5833060822396577
ergo_ground_truth,gt,2956,246.25,0.5834977784564552
ergo_ground_truth,gt,2957,246.33333333333337,0.5838045054208547
ergo_ground_truth,gt,2958,246.41666666666663,0.5841587200964459
ergo_ground_truth,gt,2959,246.5,0.5844300989669905
ergo_ground_truth,gt,2960,246.58333333333337,0.5846112417457482
ergo_ground_truth,gt,2961,246.66666666666663,0.5848849565735816
ergo_ground_truth,gt,2962,246.75,0.5852433941036567
ergo_ground_truth,gt,2963,246.83333333333337,0.5855558008994134
ergo_ground_truth,gt,2964,246.91666666666663,0.5857329469938847
ergo_ground_truth,gt,2965,247.0,0.5859639744677823
ergo_ground_truth,gt,2966,247.08333333333337,0.5863164224161072
ergo_ground_truth,gt,2967,247.16666666666663,0.5866674012043864
ergo_ground_truth,gt,2968,247.25,0.586877481896627
ergo_ground_truth,gt,2969,247.33333333333337,0.5870637341954651
ergo_ground_truth,gt,2970,247.41666666666663,0.5873896854811949
ergo_ground_truth,gt,2971,247.5,0.587762048563823
ergo_ground_truth,gt,2972,247.58333333333337,0.5880461963800283
ergo_ground_truth,gt,2973,247.66666666666663,0.5882502064067564
ergo_ground_truth,gt,2974,247.75,0.5885221355717855
ergo_ground_truth,gt,2975,247.83333333333337,0.588857721097257
ergo_ground_truth,gt,2976,247.91666666666663,0.5891625580314869
ergo_ground_truth,gt,2977,248.0,0.5893990472156485
ergo_ground_truth,gt,2978,248.08333333333337,0.5896307016982335
ergo_ground_truth,gt,2979,248.16666666666663,0.5898969024360895
ergo_ground_truth,gt,2980,248.25,0.5901612493930536
ergo_ground_truth,gt,2981,248.33333333333337,0.5903796790466593
ergo_ground_truth,gt,2982,248.41666666666663,0.5905649919155007
ergo_ground_truth,gt,2983,248.5,0.5907596441763114
ergo_ground_truth,gt,2984,248.58333333333337,0.5909648314378274
ergo_ground_truth,gt,2985,248.66666666666663,0.5911378072583872
ergo_ground_truth,gt,2986,248.75,0.5912616561187403
ergo_ground_truth,gt,2987,248.83333333333337,0.5913854128593399
ergo_ground_truth,gt,2988,248.91666666666663,0.5915399573826905
ergo_ground_truth,gt,2989,249.0,0.591679742042425
ergo_ground_truth,gt,2990,249.08333333333337,0.5917516204496867
ergo_ground_truth,gt,2991,249.16666666666663,0.5918069097017974
ergo_ground_truth,gt,2992,249.25,0.5919191732753122
ergo_ground_truth,gt,2993,249.33333333333337,0.5920467088971109
ergo_ground_truth,gt,2994,249.41666666666663,0.5921003149289433
ergo_ground_truth,gt,2995,249.5,0.5920973304627385
ergo_ground_truth,gt,2996,249.58333333333337,0.5921707949947146
ergo_ground_truth,gt,2997,249.66666666666663,0.5922965387507207
ergo_ground_truth,gt,2998,249.75,0.5923714463411506
ergo_ground_truth,gt,2999,249.83333333333337,0.5923475813519267
ergo_ground_truth,gt,3000,249.91666666666663,0.5923965548170965
ergo_ground_truth,gt,3001,250.0,0.5925344598982095
ergo_ground_truth,gt,3002,250.08333333333337,0.5926596905012336
ergo_ground_truth,gt,3003,250.16666666666663,0.5926875658217823
ergo_ground_truth,gt,3004,250.25,0.5927579123685893
ergo_ground_truth,gt,3005,250.33333333333337,0.5929540053649153
ergo_ground_truth,gt,3006,250.41666666666663,0.5931873721464122
ergo_ground_truth,gt,3007,250.5,0.5933798504874468
ergo_ground_truth,gt,3008,250.58333333333337,0.5934823195250629
ergo_ground_truth,gt,3009,250.66666666666663,0.5934193885707265
ergo_ground_truth,gt,3010,250.75,0.5932550307054151
ergo_ground_truth,gt,3011,250.83333333333337,0.5931024250058478
ergo_ground_truth,gt,3012,250.91666666666663,0.5929938246118268
ergo_ground_truth,gt,3013,251.0,0.5929314916971871
ergo_ground_truth,gt,3014,251.08333333333337,0.5928880611333898
ergo_ground_truth,gt,3015,251.16666666666663,0.5928007845459863
ergo_ground_truth,gt,3016,251.25,0.5927280642984913
ergo_ground_truth,gt,3017,251.33333333333337,0.5928005305727929
ergo_ground_truth,gt,3018,251.41666666666663,0.5929599356329032
ergo_ground_truth,gt,3019,251.5,0.5931141236320199
ergo_ground_truth,gt,3020,251.58333333333337,0.5932425614509066
ergo_ground_truth,gt,3021,251.66666666666663,0.5933936718658186
ergo_ground_truth,gt,3022,251.75,0.5935889889913113
ergo_ground_truth,gt,3023,251.83333333333337,0.5937964751115422
ergo_ground_truth,gt,3024,251.91666666666663,0.593975517775854
ergo_ground_truth,gt,3025,252.0,0.5941347702491753
ergo_ground_truth,gt,3026,252.08333333333337,0.5943222187433598
ergo_ground_truth,gt,3027,252.16666666666663,0.5945409570381889
ergo_ground_truth,gt,3028,252.25,0.5947322353364007
ergo_ground_truth,gt,3029,252.33333333333337,0.5948678720021587
ergo_ground_truth,gt,3030,252.41666666666663,0.595032978387828
ergo_ground_truth,gt,3031,252.5,0.5952685371320234
ergo_ground_truth,gt,3032,252.58333333333337,0.5954937927197074
ergo_ground_truth,gt,3033,252.66666666666663,0.5956127269779838
ergo_ground_truth,gt,3034,252.75,0.5957332395501843
ergo_ground_truth,gt,3035,252.83333333333337,0.5959711735330054
ergo_ground_truth,gt,3036,252.91666666666663,0.5962377278855459
ergo_ground_truth,gt,3037,253.0,0.5963998865478407
ergo_ground_truth,gt,3038,253.08333333333337,0.5964907052992832
ergo_ground_truth,gt,3039,253.16666666666663,0.5966965825220426
ergo_ground_truth,gt,3040,253.25,0.5969694607387787
ergo_ground_truth,gt,3041,253.33333333333337,0.5971926990381041
ergo_ground_truth,gt,3042,253.41666666666663,0.5973399873507802
ergo_ground_truth,gt,3043,253.5,0.59750760450067
ergo_ground_truth,gt,3044,253.58333333333337,0.5977250312673352
ergo_ground_truth,gt,3045,253.66666666666663,0.5979354798427494
ergo_ground_truth,gt,3046,253.75,0.5980956591001898
ergo_ground_truth,gt,3047,253.83333333333337,0.5982210112931902
ergo_ground_truth,gt,3048,253.91666666666663,0.5983451411905725
ergo_ground_truth,gt,3049,254.0,0.5984700722550725
ergo_ground_truth,gt,3050,254.08333333333337,0.5985484323030883
ergo_ground_truth,gt,3051,254.16666666666663,0.5985126990708001
ergo_ground_truth,gt,3052,254.25,0.5984875704929392
ergo_ground_truth,gt,3053,254.33333333333337,0.5985702251263465
ergo_ground_truth,gt,3054,254.41666666666663,0.5986870105921759
ergo_ground_truth,gt,3055,254.5,0.5987621323568382
ergo_ground_truth,gt,3056,254.58333333333337,0.5987571589705994
ergo_ground_truth,gt,3057,254.66666666666663,0.5986731505518271
ergo_ground_truth,gt,3058,254.75,0.5985920371538181
ergo_ground_truth,gt,3059,254.83333333333337,0.5985574487463742
ergo_ground_truth,gt,3060,254.91666666666663,0.5985105882218266
ergo_ground_truth,gt,3061,255.0,0.59837788789785
ergo_ground_truth,gt,3062,255.08333333333337,0.5982788177448016
ergo_ground_truth,gt,3063,255.16666666666663,0.5982876337904904
ergo_ground_truth,gt,3064,255.25,0.5983277223562882
ergo_ground_truth,gt,3065,255.33333333333337,0.5983013485429977
ergo_ground_truth,gt,3066,255.41666666666663,0.5982564330720768
ergo_ground_truth,gt,3067,255.5,0.5983321530813142
ergo_ground_truth,gt,3068,255.58333333333337,0.5984861650002822
ergo_ground_truth,gt,3069,255.66666666666663,0.5986140932306679
ergo_ground_truth,gt,3070,255.75,0.5986874483813946
ergo_ground_truth,gt,3071,255.83333333333337,0.5988038566043896
ergo_ground_truth,gt,3072,255.91666666666663,0.5989854909362323
ergo_ground_truth,gt,3073,256.0,0.5991633695541888
ergo_ground_truth,gt,3074,256.08333333333337,0.599284494925926
ergo_ground_truth,gt,3075,256.16666666666663,0.599377573229522
ergo_ground_truth,gt,3076,256.25,0.5994799883451407
ergo_ground_truth,gt,3077,256.33333333333337,0.5995824473948634
ergo_ground_truth,gt,3078,256.41666666666663,0.5996597129422664
ergo_ground_truth,gt,3079,256.5,0.5997109418101308
ergo_ground_truth,gt,3080,256.58333333333337,0.5997731436113896
ergo_ground_truth,gt,3081,256.66666666666663,0.5998747074007157
ergo_ground_truth,gt,3082,256.75,0.5999816773976543
ergo_ground_truth,gt,3083,256.83333333333337,0.600020301986449
ergo_ground_truth,gt,3084,256.91666666666663,0.6000542539078996
ergo_ground_truth,gt,3085,257.0,0.6001944862504806
ergo_ground_truth,gt,3086,257.08333333333337,0.600385558223937
ergo_ground_truth,gt,3087,257.16666666666663,0.6005375273938025
ergo_ground_truth,gt,3088,257.25,0.6006503421598353
ergo_ground_truth,gt,3089,257.33333333333337,0.6007984523411888
ergo_ground_truth,gt,3090,257.41666666666663,0.6009100943427989
ergo_ground_truth,gt,3091,257.5,0.6008002831811808
ergo_ground_truth,gt,3092,257.58333333333337,0.6005369428809239
ergo_ground_truth,gt,3093,257.66666666666663,0.6001669538233143
ergo_ground_truth,gt,3094,257.75,0.5997420071999287
ergo_ground_truth,gt,3095,257.83333333333337,0.5993252144630953
ergo_ground_truth,gt,3096,257.91666666666663,0.5989548011055751
ergo_ground_truth,gt,3097,258.0,0.5986349821026083
ergo_ground_truth,gt,3098,258.08333333333337,0.5983403926671046
ergo_ground_truth,gt,3099,258.16666666666663,0.5980324993460657
ergo_ground_truth,gt,3100,258.25,0.5977050072746722
ergo_ground_truth,gt,3101,258.33333333333337,0.5973731319979505
ergo_ground_truth,gt,3102,258.41666666666663,0.5970426554014224
ergo_ground_truth,gt,3103,258.5,0.5967166959238008
ergo_ground_truth,gt,3104,258.58333333333337,0.5963973988391038
ergo_ground_truth,gt,3105,258.66666666666663,0.5960861104291617
ergo_ground_truth,gt,3106,258.75,0.5957834153729257
ergo_ground_truth,gt,3107,258.83333333333337,0.5954892684143123
ergo_ground_truth,gt,3108,258.91666666666663,0.595203208481738
ergo_ground_truth,gt,3109,259.0,0.594924545747671
ergo_ground_truth,gt,3110,259.08333333333337,0.5946524796051512
ergo_ground_truth,gt,3111,259.16666666666663,0.5943861961029149
ergo_ground_truth,gt,3112,259.25,0.5941249428290338
ergo_ground_truth,gt,3113,259.33333333333337,0.5938680534934974
ergo_ground_truth,gt,3114,259.41666666666663,0.593614948757425
ergo_ground_truth,gt,3115,259.5,0.5933651287654168
ergo_ground_truth,gt,3116,259.58333333333337,0.5931181639880908
ergo_ground_truth,gt,3117,259.66666666666663,0.5928736864048276
ergo_ground_truth,gt,3118,259.75,0.5926314548294059
ergo_ground_truth,gt,3119,259.83333333333337,0.592391222619862
ergo_ground_truth,gt,3120,259.91666666666663,0.5921527179528601
ergo_ground_truth,gt,3121,260.0,0.5919157095214492
ergo_ground_truth,gt,3122,260.08333333333337,0.5916800236426111
ergo_ground_truth,gt,3123,260.16666666666663,0.5914454600384604
ergo_ground_truth,gt,3124,260.25,0.5912121060235787
ergo_ground_truth,gt,3125,260.33333333333337,0.590978080413645
ergo_ground_truth,gt,3126,260.41666666666663,0.5907484482170107
ergo_ground_truth,gt,3127,260.5,0.5905208752756989
ergo_ground_truth,gt,3128,260.58333333333337,0.5902902681362073
ergo_ground_truth,gt,3129,260.66666666666663,0.5900593606732948
ergo_ground_truth,gt,3130,260.75,0.5898289521941454
ergo_ground_truth,gt,3131,260.83333333333337,0.5895992645863414
ergo_ground_truth,gt,3132,260.91666666666663,0.5893703085739933
ergo_ground_truth,gt,3133,261.0,0.5891420256355689
ergo_ground_truth,gt,3134,261.08333333333337,0.5889143485647419
ergo_ground_truth,gt,3135,261.16666666666663,0.588687224005784
ergo_ground_truth,gt,3136,261.25,0.588460617267189
ergo_ground_truth,gt,3137,261.33333333333337,0.588234510206338
ergo_ground_truth,gt,3138,261.41666666666663,0.5880088973744452
ergo_ground_truth,gt,3139,261.5,0.5877837824654633
ergo_ground_truth,gt,3140,261.58333333333337,0.5875591755543609
ergo_ground_truth,gt,3141,261.66666666666663,0.5873350676205792
ergo_ground_truth,gt,3142,261.75,0.587111412358153
ergo_ground_truth,gt,3143,261.83333333333337,0.5868881969040857
ergo_ground_truth,gt,3144,261.91666666666663,0.586665428008895
ergo_ground_truth,gt,3145,262.0,0.5864431235358373
ergo_ground_truth,gt,3146,262.08333333333337,0.5862213089555622
ergo_ground_truth,gt,3147,262.16666666666663,0.5860000154954562
ergo_ground_truth,gt,3148,262.25,0.585779278880785
ergo_ground_truth,gt,3149,262.33333333333337,0.5855591383717345
ergo_ground_truth,gt,3150,262.41666666666663,0.5853396359988445
ergo_ground_truth,gt,3151,262.5,0.5851208159444716
ergo_ground_truth,gt,3152,262.58333333333337,0.5849027240319548
ergo_ground_truth,gt,3153,262.66666666666663,0.5846854072927963
ergo_ground_truth,gt,3154,262.75,0.5844689135890946
ergo_ground_truth,gt,3155,262.83333333333337,0.5842532912741056
ergo_ground_truth,gt,3156,262.91666666666663,0.5840385888783299
ergo_ground_truth,gt,3157,263.0,0.5838248454813945
ergo_ground_truth,gt,3158,263.08333333333337,0.5836121197162719
ergo_ground_truth,gt,3159,263.16666666666663,0.5834004758818825
ergo_ground_truth,gt,3160,263.25,0.583189951322121
ergo_ground_truth,gt,3161,263.33333333333337,0.5829805917456318
ergo_ground_truth,gt,3162,263.41666666666663,0.5827724370243247
ergo_ground_truth,gt,3163,263.5,0.5825655274833657
ergo_ground_truth,gt,3164,263.58333333333337,0.5823599005162956
ergo_ground_truth,gt,3165,263.66666666666663,0.5821555920452132
ergo_ground_truth,gt,3166,263.75,0.581952635411224
ergo_ground_truth,gt,3167,263.83333333333337,0.5817510616846224
ergo_ground_truth,gt,3168,263.91666666666663,0.5815508991994828
ergo_ground_truth,gt,3169,264.0,0.5813521954190294
ergo_ground_truth,gt,3170,264.08333333333337,0.5811549771111536
ergo_ground_truth,gt,3171,264.16666666666663,0.5809592557980063
ergo_ground_truth,gt,3172,264.25,0.5807650384455861
ergo_ground_truth,gt,3173,264.33333333333337,0.580572332643664
ergo_ground_truth,gt,3174,264.41666666666663,0.5803811392788137
ergo_ground_truth,gt,3175,264.5,0.580191462352011
ergo_ground_truth,gt,3176,264.58333333333337,0.5800032968852344
ergo_ground_truth,gt,3177,264.66666666666663,0.5798166437776959
ergo_ground_truth,gt,3178,264.75,0.5796314921297046
ergo_ground_truth,gt,3179,264.83333333333337,0.5794478404470809
ergo_ground_truth,gt,3180,264.91666666666663,0.5792656717502938
ergo_ground_truth,gt,3181,265.0,0.5790849830826016
ergo_ground_truth,gt,3182,265.08333333333337,0.5789057511995297
ergo_ground_truth,gt,3183,265.16666666666663,0.5787279727624671
ergo_ground_truth,gt,3184,265.25,0.5785516180762312
ergo_ground_truth,gt,3185,265.33333333333337,0.5783766845787137
ergo_ground_truth,gt,3186,265.41666666666663,0.5782029562717357
ergo_ground_truth,gt,3187,265.5,0.5780303809635384
ergo_ground_truth,gt,3188,265.58333333333337,0.5778590231053307
ergo_ground_truth,gt,3189,265.66666666666663,0.5776887838170878
ergo_ground_truth,gt,3190,265.75,0.577519754222109
ergo_ground_truth,gt,3191,265.83333333333337,0.5773517867561537
ergo_ground_truth,gt,3192,265.91666666666663,0.5771850197097521
ergo_ground_truth,gt,3193,266.0,0.5770192498889598
ergo_ground_truth,gt,3194,266.08333333333337,0.5768544465991361
ergo_ground_truth,gt,3195,266.16666666666663,0.5766904352653319
ergo_ground_truth,gt,3196,266.25,0.5765275341916422
ergo_ground_truth,gt,3197,266.33333333333337,0.57636508329141
ergo_ground_truth,gt,3198,266.41666666666663,0.5762037881441356
ergo_ground_truth,gt,3199,266.5,0.5760432065819706
ergo_ground_truth,gt,3200,266.58333333333337,0.5758836622898397
ergo_ground_truth,gt,3201,266.66666666666663,0.5757249579017901
ergo_ground_truth,gt,3202,266.75,0.5755672072436684
ergo_ground_truth,gt,3203,266.83333333333337,0.575410331887395
ergo_ground_truth,gt,3204,266.91666666666663,0.5752543642495491
ergo_ground_truth,gt,3205,267.0,0.5750992722257694
ergo_ground_truth,gt,3206,267.08333333333337,0.5749450599945545
ergo_ground_truth,gt,3207,267.16666666666663,0.5747917116520175
ergo_ground_truth,gt,3208,267.25,0.5746391848718737
ergo_ground_truth,gt,3209,267.33333333333337,0.5744874339565936
ergo_ground_truth,gt,3210,267.41666666666663,0.5743364833186999
ergo_ground_truth,gt,3211,267.5,0.5741863209430856
ergo_ground_truth,gt,3212,267.58333333333337,0.574036950713494
ergo_ground_truth,gt,3213,267.66666666666663,0.5738883680188034
ergo_ground_truth,gt,3214,267.75,0.5737405712418492
ergo_ground_truth,gt,3215,267.83333333333337,0.5735935568276042
ergo_ground_truth,gt,3216,267.91666666666663,0.5734473215761816
ergo_ground_truth,gt,3217,268.0,0.5733018576947949
ergo_ground_truth,gt,3218,268.08333333333337,0.5731571187946412
ergo_ground_truth,gt,3219,268.16666666666663,0.5730130655222436
ergo_ground_truth,gt,3220,268.25,0.5728697208181928
ergo_ground_truth,gt,3221,268.33333333333337,0.5727270835372673
ergo_ground_truth,gt,3222,268.41666666666663,0.5725851582337748
ergo_ground_truth,gt,3223,268.5,0.5724439459112546
ergo_ground_truth,gt,3224,268.58333333333337,0.5723034472167235
ergo_ground_truth,gt,3225,268.66666666666663,0.5721636656225226
ergo_ground_truth,gt,3226,268.75,0.5720246139232577
ergo_ground_truth,gt,3227,268.83333333333337,0.5718862962428879
ergo_ground_truth,gt,3228,268.91666666666663,0.5717487054513665
ergo_ground_truth,gt,3229,269.0,0.5716118371094532
ergo_ground_truth,gt,3230,269.08333333333337,0.5714756863413839
ergo_ground_truth,gt,3231,269.16666666666663,0.5713402485119664
ergo_ground_truth,gt,3232,269.25,0.5712055190977054
ergo_ground_truth,gt,3233,269.33333333333337,0.5710714937068023
ergo_ground_truth,gt,3234,269.41666666666663,0.5709381680688392
ergo_ground_truth,gt,3235,269.5,0.5708055380274814
ergo_ground_truth,gt,3236,269.58333333333337,0.5706735995320865
ergo_ground_truth,gt,3237,269.66666666666663,0.5705423486295681
ergo_ground_truth,gt,3238,269.75,0.5704117814567763
ergo_ground_truth,gt,3239,269.83333333333337,0.5702819085750169
ergo_ground_truth,gt,3240,269.91666666666663,0.5701527559930093
ergo_ground_truth,gt,3241,270.0,0.5700243221525282
ergo_ground_truth,gt,3242,270.08333333333337,0.5698965976066638
ergo_ground_truth,gt,3243,270.16666666666663,0.5697695739322146
ergo_ground_truth,gt,3244,270.25,0.5696432436158887
ergo_ground_truth,gt,3245,270.33333333333337,0.5695175999644663
ergo_ground_truth,gt,3246,270.41666666666663,0.5693926370108321
ergo_ground_truth,gt,3247,270.5,0.5692683494229837
ergo_ground_truth,gt,3248,270.58333333333337,0.5691447324201796
ergo_ground_truth,gt,3249,270.66666666666663,0.5690217816982129
ergo_ground_truth,gt,3250,270.75,0.5688994933644418
ergo_ground_truth,gt,3251,270.83333333333337,0.5687778638823945
ergo_ground_truth,gt,3252,270.91666666666663,0.5686568900253196
ergo_ground_truth,gt,3253,271.0,0.5685365688378262
ergo_ground_truth,gt,3254,271.08333333333337,0.5684168976046831
ergo_ground_truth,gt,3255,271.16666666666663,0.568297873825857
ergo_ground_truth,gt,3256,271.25,0.5681794951969219
ergo_ground_truth,gt,3257,271.33333333333337,0.5680617595940588
ergo_ground_truth,gt,3258,271.41666666666663,0.5679446650629515
ergo_ground_truth,gt,3259,271.5,0.5678282098109814
ergo_ground_truth,gt,3260,271.58333333333337,0.567712392202204
ergo_ground_truth,gt,3261,271.66666666666663,0.5675972107546725
ergo_ground_truth,gt,3262,271.75,0.5674826641397397
ergo_ground_truth,gt,3263,271.83333333333337,0.5673687511830279
ergo_ground_truth,gt,3264,271.91666666666663,0.5672554708668065
ergo_ground_truth,gt,3265,272.0,0.5671428223335571
ergo_ground_truth,gt,3266,272.08333333333337,0.5670308048905331
ergo_ground_truth,gt,3267,272.16666666666663,0.5669194180151519
ergo_ground_truth,gt,3268,272.25,0.5668086613610648
ergo_ground_truth,gt,3269,272.33333333333337,0.5666985315560886
ergo_ground_truth,gt,3270,272.41666666666663,0.5665890000280118
ergo_ground_truth,gt,3271,272.5,0.5664800302239761
ergo_ground_truth,gt,3272,272.58333333333337,0.5663716187534087
ergo_ground_truth,gt,3273,272.66666666666663,0.5662637704296293
ergo_ground_truth,gt,3274,272.75,0.5661564932585931
ergo_ground_truth,gt,3275,272.83333333333337,0.5660497960228331
ergo_ground_truth,gt,3276,272.91666666666663,0.565943687180607
ergo_ground_truth,gt,3277,273.0,0.5658381744324296
ergo_ground_truth,gt,3278,273.08333333333337,0.5657332646218368
ergo_ground_truth,gt,3279,273.16666666666663,0.5656289262827988
ergo_ground_truth,gt,3280,273.25,0.5655250678664692
ergo_ground_truth,gt,3281,273.33333333333337,0.5654216254513106
ergo_ground_truth,gt,3282,273.41666666666663,0.5653185775307185
ergo_ground_truth,gt,3283,273.5,0.5652159146684822
ergo_ground_truth,gt,3284,273.58333333333337,0.5651135812978005
ergo_ground_truth,gt,3285,273.66666666666663,0.5650115170755948
ergo_ground_truth,gt,3286,273.75,0.5649097049706034
ergo_ground_truth,gt,3287,273.83333333333337,0.5648081524260249
ergo_ground_truth,gt,3288,273.91666666666663,0.5647068791865693
ergo_ground_truth,gt,3289,274.0,0.5646059098253208
ergo_ground_truth,gt,3290,274.08333333333337,0.5645052693776005
ergo_ground_truth,gt,3291,274.16666666666663,0.5644049809345599
ergo_ground_truth,gt,3292,274.25,0.5643050644261135
ergo_ground_truth,gt,3293,274.33333333333337,0.5642055361003511
ergo_ground_truth,gt,3294,274.41666666666663,0.5641064083951519
ergo_ground_truth,gt,3295,274.5,0.5640076900188786
ergo_ground_truth,gt,3296,274.58333333333337,0.5639093861315232
ergo_ground_truth,gt,3297,274.66666666666663,0.5638114985618926
ergo_ground_truth,gt,3298,274.75,0.5637140260219855
ergo_ground_truth,gt,3299,274.83333333333337,0.5636169642943879
ergo_ground_truth,gt,3300,274.91666666666663,0.5635203063772996
ergo_ground_truth,gt,3301,275.0,0.5634240425780621
ergo_ground_truth,gt,3302,275.08333333333337,0.5633281585603757
ergo_ground_truth,gt,3303,275.16666666666663,0.5632326242647266
ergo_ground_truth,gt,3304,275.25,0.5631373942793856
ergo_ground_truth,gt,3305,275.33333333333337,0.5630424271469279
ergo_ground_truth,gt,3306,275.41666666666663,0.5629476885314594
ergo_ground_truth,gt,3307,275.5,0.5628531590382655
ergo_ground_truth,gt,3308,275.58333333333337,0.562758834096078
ergo_ground_truth,gt,3309,275.66666666666663,0.562664733003271
ergo_ground_truth,gt,3310,275.75,0.5625709322125502
ergo_ground_truth,gt,3311,275.83333333333337,0.5624776449221637
ergo_ground_truth,gt,3312,275.91666666666663,0.5623853995233264
ergo_ground_truth,gt,3313,276.0,0.5622953948377579
ergo_ground_truth,gt,3314,276.08333333333337,0.5622100103313242
ergo_ground_truth,gt,3315,276.16666666666663,0.5621317593850618
ergo_ground_truth,gt,3316,276.25,0.5620628562922184
ergo_ground_truth,gt,3317,276.33333333333337,0.5620063234288456
ergo_ground_truth,gt,3318,276.41666666666663,0.561966587078034
ergo_ground_truth,gt,3319,276.5,0.5619502545366428
ergo_ground_truth,gt,3320,276.58333333333337,0.5619674255063167
ergo_ground_truth,gt,3321,276.66666666666663,0.562034200172554
ergo_ground_truth,gt,3322,276.75,0.5621750557514045
ergo_ground_truth,gt,3323,276.83333333333337,0.5623988817047406
ergo_ground_truth,gt,3324,276.91666666666663,0.5626401336252124
ergo_ground_truth,gt,3325,277.0,0.5629497633491432
ergo_ground_truth,gt,3326,277.08333333333337,0.5633800135216869
ergo_ground_truth,gt,3327,277.16666666666663,0.5638559658199431
ergo_ground_truth,gt,3328,277.25,0.5643010200888455
ergo_ground_truth,gt,3329,277.33333333333337,0.5647587924550198
ergo_ground_truth,gt,3330,277.41666666666663,0.5653089850155588
ergo_ground_truth,gt,3331,277.5,0.5659247742575588
ergo_ground_truth,gt,3332,277.58333333333337,0.5665317961091935
ergo_ground_truth,gt,3333,277.66666666666663,0.5670948351892848
ergo_ground_truth,gt,3334,277.75,0.5676407113136495
ergo_ground_truth,gt,3335,277.83333333333337,0.5682077818642437
ergo_ground_truth,gt,3336,277.91666666666663,0.5687765112312527
ergo_ground_truth,gt,3337,278.0,0.5692702830050188
ergo_ground_truth,gt,3338,278.08333333333337,0.569669795693765
ergo_ground_truth,gt,3339,278.16666666666663,0.570148046557663
ergo_ground_truth,gt,3340,278.25,0.5707232073456102
ergo_ground_truth,gt,3341,278.33333333333337,0.5712778178819822
ergo_ground_truth,gt,3342,278.41666666666663,0.5717531738767626
ergo_ground_truth,gt,3343,278.5,0.5722330848287968
ergo_ground_truth,gt,3344,278.58333333333337,0.5727625923113329
ergo_ground_truth,gt,3345,278.66666666666663,0.5732994562997459
ergo_ground_truth,gt,3346,278.75,0.5737870147527954
ergo_ground_truth,gt,3347,278.83333333333337,0.5741894528327182
ergo_ground_truth,gt,3348,278.91666666666663,0.5745409976997102
ergo_ground_truth,gt,3349,279.0,0.5749457276249303
ergo_ground_truth,gt,3350,279.08333333333337,0.575398148040965
ergo_ground_truth,gt,3351,279.16666666666663,0.575832177505294
ergo_ground_truth,gt,3352,279.25,0.5762387664712582
ergo_ground_truth,gt,3353,279.33333333333337,0.5766265842106115
ergo_ground_truth,gt,3354,279.41666666666663,0.5769788945719999
ergo_ground_truth,gt,3355,279.5,0.5773180027810573
ergo_ground_truth,gt,3356,279.58333333333337,0.5776731144452202
ergo_ground_truth,gt,3357,279.66666666666663,0.5780350085280699
ergo_ground_truth,gt,3358,279.75,0.5783864824505757
ergo_ground_truth,gt,3359,279.83333333333337,0.5786865618340432
ergo_ground_truth,gt,3360,279.91666666666663,0.578867027675015
ergo_ground_truth,gt,3361,280.0,0.5790572068318557
ergo_ground_truth,gt,3362,280.08333333333337,0.5793751884591551
ergo_ground_truth,gt,3363,280.16666666666663,0.5797370024549555
ergo_ground_truth,gt,3364,280.25,0.5800476340510662
ergo_ground_truth,gt,3365,280.33333333333337,0.5803032270529407
ergo_ground_truth,gt,3366,280.41666666666663,0.5805543815579902
ergo_ground_truth,gt,3367,280.5,0.580814769671712
ergo_ground_truth,gt,3368,280.58333333333337,0.5810551083304522
ergo_ground_truth,gt,3369,280.66666666666663,0.5812429413817092
ergo_ground_truth,gt,3370,280.75,0.5813912458035944
ergo_ground_truth,gt,3371,280.83333333333337,0.581552730569931
ergo_ground_truth,gt,3372,280.91666666666663,0.5817294710747555
ergo_ground_truth,gt,3373,281.0,0.5818588953120154
ergo_ground_truth,gt,3374,281.08333333333337,0.5819129608580746
ergo_ground_truth,gt,3375,281.16666666666663,0.5820090390665453
ergo_ground_truth,gt,3376,281.25,0.5821670326443791
ergo_ground_truth,gt,3377,281.33333333333337,0.5822993645051694
ergo_ground_truth,gt,3378,281.41666666666663,0.5823295168274598
ergo_ground_truth,gt,3379,281.5,0.5823854288148355
ergo_ground_truth,gt,3380,281.58333333333337,0.5825356793510945
ergo_ground_truth,gt,3381,281.66666666666663,0.5827015477115354
ergo_ground_truth,gt,3382,281.75,0.5828083102819327
ergo_ground_truth,gt,3383,281.83333333333337,0.5829098902674013
ergo_ground_truth,gt,3384,281.91666666666663,0.5830830355869646
ergo_ground_truth,gt,3385,282.0,0.5833079750282554
ergo_ground_truth,gt,3386,282.08333333333337,0.5835325733637234
ergo_ground_truth,gt,3387,282.16666666666663,0.5837031441423333
ergo_ground_truth,gt,3388,282.25,0.5837915905787603
ergo_ground_truth,gt,3389,282.33333333333337,0.5839233685451576
ergo_ground_truth,gt,3390,282.41666666666663,0.5841374000739767
ergo_ground_truth,gt,3391,282.5,0.5843432051386523
ergo_ground_truth,gt,3392,282.58333333333337,0.584437243047093
ergo_ground_truth,gt,3393,282.66666666666663,0.5845745424427066
ergo_ground_truth,gt,3394,282.75,0.5848427312915911
ergo_ground_truth,gt,3395,282.83333333333337,0.5851411967571861
ergo_ground_truth,gt,3396,282.91666666666663,0.585338406822468
ergo_ground_truth,gt,3397,283.0,0.5854842046941373
ergo_ground_truth,gt,3398,283.08333333333337,0.585767908360864
ergo_ground_truth,gt,3399,283.16666666666663,0.5861238332203447
ergo_ground_truth,gt,3400,283.25,0.5864123576247775
ergo_ground_truth,gt,3401,283.33333333333337,0.5865946391129442
ergo_ground_truth,gt,3402,283.41666666666663,0.5868701630052825
ergo_ground_truth,gt,3403,283.5,0.5872477373932846
ergo_ground_truth,gt,3404,283.58333333333337,0.5876045005592354
ergo_ground_truth,gt,3405,283.66666666666663,0.587866082474576
ergo_ground_truth,gt,3406,283.75,0.5881384915665695
ergo_ground_truth,gt,3407,283.83333333333337,0.5884958745033487
ergo_ground_truth,gt,3408,283.91666666666663,0.5888729076632636
ergo_ground_truth,gt,3409,284.0,0.5891946844617748
ergo_ground_truth,gt,3410,284.08333333333337,0.5894856046820875
ergo_ground_truth,gt,3411,284.16666666666663,0.5898108640324123
ergo_ground_truth,gt,3412,284.25,0.5901651194462656
ergo_ground_truth,gt,3413,284.33333333333337,0.5904956699579053
ergo_ground_truth,gt,3414,284.41666666666663,0.5907850256976885
ergo_ground_truth,gt,3415,284.5,0.5910739904276695
ergo_ground_truth,gt,3416,284.58333333333337,0.5913925888571366
ergo_ground_truth,gt,3417,284.66666666666663,0.591707284018569
ergo_ground_truth,gt,3418,284.75,0.5919667838198878
ergo_ground_truth,gt,3419,284.83333333333337,0.5921984362190056
ergo_ground_truth,gt,3420,284.91666666666663,0.5924823877973702
ergo_ground_truth,gt,3421,285.0,0.5928000538553091
ergo_ground_truth,gt,3422,285.08333333333337,0.593049232104419
ergo_ground_truth,gt,3423,285.16666666666663,0.593202632696792
ergo_ground_truth,gt,3424,285.25,0.5934504102683655
ergo_ground_truth,gt,3425,285.33333333333337,0.5937954391719135
ergo_ground_truth,gt,3426,285.41666666666663,0.5941033654156774
ergo_ground_truth,gt,3427,285.5,0.5942855449198121
ergo_ground_truth,gt,3428,285.58333333333337,0.5944983991492643
ergo_ground_truth,gt,3429,285.66666666666663,0.5948167084654052
ergo_ground_truth,gt,3430,285.75,0.5951450622610593
ergo_ground_truth,gt,3431,285.83333333333337,0.5953930338576472
ergo_ground_truth,gt,3432,285.91666666666663,0.5955997736972227
ergo_ground_truth,gt,3433,286.0,0.595849911387395
ergo_ground_truth,gt,3434,286.08333333333337,0.596127747150961
ergo_ground_truth,gt,3435,286.16666666666663,0.5963681752775962
ergo_ground_truth,gt,3436,286.25,0.5965595376123631
ergo_ground_truth,gt,3437,286.33333333333337,0.5967543122763459
ergo_ground_truth,gt,3438,286.41666666666663,0.5969743843364894
ergo_ground_truth,gt,3439,286.5,0.5971817996548199
ergo_ground_truth,gt,3440,286.58333333333337,0.5973453679606721
ergo_ground_truth,gt,3441,286.66666666666663,0.5974927901340258
ergo_ground_truth,gt,3442,286.75,0.5976601665248742
ergo_ground_truth,gt,3443,286.83333333333337,0.5978301040048762
ergo_ground_truth,gt,3444,286.91666666666663,0.5979634951991174
ergo_ground_truth,gt,3445,287.0,0.5980678106895904
ergo_ground_truth,gt,3446,287.08333333333337,0.5981832560156839
ergo_ground_truth,gt,3447,287.16666666666663,0.5983109890865453
ergo_ground_truth,gt,3448,287.25,0.5984128553000108
ergo_ground_truth,gt,3449,287.33333333333337,0.5984783081580523
ergo_ground_truth,gt,3450,287.41666666666663,0.5985432727155642
ergo_ground_truth,gt,3451,287.5,0.5986260375678488
ergo_ground_truth,gt,3452,287.58333333333337,0.5986971636553107
ergo_ground_truth,gt,3453,287.66666666666663,0.5987311570980602
ergo_ground_truth,gt,3454,287.75,0.5987542544795901
ergo_ground_truth,gt,3455,287.83333333333337,0.5988019662008746
ergo_ground_truth,gt,3456,287.91666666666663,0.5988572248864402
ergo_ground_truth,gt,3457,288.0,0.59887529094424
ergo_ground_truth,gt,3458,288.08333333333337,0.5988628018050429
ergo_ground_truth,gt,3459,288.16666666666663,0.5988906139724866
ergo_ground_truth,gt,3460,288.25,0.5989660252449137
ergo_ground_truth,gt,3461,288.33333333333337,0.5990144196884764
ergo_ground_truth,gt,3462,288.41666666666663,0.5989936418365708
ergo_ground_truth,gt,3463,288.5,0.5990446896354088
ergo_ground_truth,gt,3464,288.58333333333337,0.5992019301130554
ergo_ground_truth,gt,3465,288.66666666666663,0.5993936954616891
ergo_ground_truth,gt,3466,288.75,0.5995568289308087
ergo_ground_truth,gt,3467,288.83333333333337,0.5996508223336063
ergo_ground_truth,gt,3468,288.91666666666663,0.5996874479448913
ergo_ground_truth,gt,3469,289.0,0.5998087718028019
ergo_ground_truth,gt,3470,289.08333333333337,0.6000230138467731
ergo_ground_truth,gt,3471,289.16666666666663,0.6002441034407173
ergo_ground_truth,gt,3472,289.25,0.6004558628810526
ergo_ground_truth,gt,3473,289.33333333333337,0.6006610601974894
ergo_ground_truth,gt,3474,289.41666666666663,0.6008099338245663
ergo_ground_truth,gt,3475,289.5,0.6006411357818363
ergo_ground_truth,gt,3476,289.58333333333337,0.6002960177121561
ergo_ground_truth,gt,3477,289.66666666666663,0.5998910603620515
ergo_ground_truth,gt,3478,289.75,0.5994846490686401
ergo_ground_truth,gt,3479,289.83333333333337,0.5990362685083396
ergo_ground_truth,gt,3480,289.91666666666663,0.5986054962787705
ergo_ground_truth,gt,3481,290.0,0.5982393175360164
ergo_ground_truth,gt,3482,290.08333333333337,0.5979331838198527
ergo_ground_truth,gt,3483,290.16666666666663,0.5976705219190359
ergo_ground_truth,gt,3484,290.25,0.5974537911005383
ergo_ground_truth,gt,3485,290.33333333333337,0.5973107193954137
ergo_ground_truth,gt,3486,290.41666666666663,0.5971476229454856
ergo_ground_truth,gt,3487,290.5,0.5968344118208949
ergo_ground_truth,gt,3488,290.58333333333337,0.5964538747711855
ergo_ground_truth,gt,3489,290.66666666666663,0.5960698120938837
ergo_ground_truth,gt,3490,290.75,0.5957040069789099
ergo_ground_truth,gt,3491,290.83333333333337,0.5953507380282446
ergo_ground_truth,gt,3492,290.91666666666663,0.59499921757817
ergo_ground_truth,gt,3493,291.0,0.5946517743956733
ergo_ground_truth,gt,3494,291.08333333333337,0.5943470146924268
ergo_ground_truth,gt,3495,291.16666666666663,0.5940665942666438
ergo_ground_truth,gt,3496,291.25,0.5937601527882195
ergo_ground_truth,gt,3497,291.33333333333337,0.5934443783771455
ergo_ground_truth,gt,3498,291.41666666666663,0.593125303437235
ergo_ground_truth,gt,3499,291.5,0.5928113352948774
ergo_ground_truth,gt,3500,291.58333333333337,0.5925028901117891
ergo_ground_truth,gt,3501,291.66666666666663,0.592199643159032
ergo_ground_truth,gt,3502,291.75,0.5919017160408272
ergo_ground_truth,gt,3503,291.83333333333337,0.5916086416562205
ergo_ground_truth,gt,3504,291.91666666666663,0.591320579338641
ergo_ground_truth,gt,3505,292.0,0.59103656037053
ergo_ground_truth,gt,3506,292.08333333333337,0.5907731936423807
ergo_ground_truth,gt,3507,292.16666666666663,0.590494302726807
ergo_ground_truth,gt,3508,292.25,0.5902302566820664
ergo_ground_truth,gt,3509,292.33333333333337,0.5899844913131654
ergo_ground_truth,gt,3510,292.41666666666663,0.5897076062146073
ergo_ground_truth,gt,3511,292.5,0.5894393684405193
ergo_ground_truth,gt,3512,292.58333333333337,0.5891790758234298
ergo_ground_truth,gt,3513,292.66666666666663,0.5889191251235468
ergo_ground_truth,gt,3514,292.75,0.5886641394269081
ergo_ground_truth,gt,3515,292.83333333333337,0.5884446093917951
ergo_ground_truth,gt,3516,292.91666666666663,0.5882202232345025
ergo_ground_truth,gt,3517,293.0,0.587968115465766
ergo_ground_truth,gt,3518,293.08333333333337,0.5877162963944775
ergo_ground_truth,gt,3519,293.16666666666663,0.5874984242655339
ergo_ground_truth,gt,3520,293.25,0.5873251987936382
ergo_ground_truth,gt,3521,293.33333333333337,0.5871806481528437
ergo_ground_truth,gt,3522,293.41666666666663,0.5870253104976768
ergo_ground_truth,gt,3523,293.5,0.586859745709469
ergo_ground_truth,gt,3524,293.58333333333337,0.5867206365663852
ergo_ground_truth,gt,3525,293.66666666666663,0.5865582182508046
ergo_ground_truth,gt,3526,293.75,0.5863909455891806
ergo_ground_truth,gt,3527,293.83333333333337,0.5861824470861193
ergo_ground_truth,gt,3528,293.91666666666663,0.5859286075796653
ergo_ground_truth,gt,3529,294.0,0.5856511369858687
ergo_ground_truth,gt,3530,294.08333333333337,0.5853532979357652
ergo_ground_truth,gt,3531,294.16666666666663,0.585063406430239
ergo_ground_truth,gt,3532,294.25,0.5848177843709357
ergo_ground_truth,gt,3533,294.33333333333337,0.5846290226096186
ergo_ground_truth,gt,3534,294.41666666666663,0.5844967455880435
ergo_ground_truth,gt,3535,294.5,0.5844304250293405
ergo_ground_truth,gt,3536,294.58333333333337,0.5844531038405171
ergo_ground_truth,gt,3537,294.66666666666663,0.5845529946371022
ergo_ground_truth,gt,3538,294.75,0.5846614595348757
ergo_ground_truth,gt,3539,294.83333333333337,0.5846890278344198
ergo_ground_truth,gt,3540,294.91666666666663,0.5847222824379286
ergo_ground_truth,gt,3541,295.0,0.5847972448827373
ergo_ground_truth,gt,3542,295.08333333333337,0.5849050068492365
ergo_ground_truth,gt,3543,295.16666666666663,0.584981201960346
ergo_ground_truth,gt,3544,295.25,0.5850239954890759
ergo_ground_truth,gt,3545,295.33333333333337,0.5851169116839444
ergo_ground_truth,gt,3546,295.41666666666663,0.5852651213862038
ergo_ground_truth,gt,3547,295.5,0.5854219196444023
ergo_ground_truth,gt,3548,295.58333333333337,0.5855648252950186
ergo_ground_truth,gt,3549,295.66666666666663,0.5856953897231799
ergo_ground_truth,gt,3550,295.75,0.585843861616171
ergo_ground_truth,gt,3551,295.83333333333337,0.5860446478499146
ergo_ground_truth,gt,3552,295.91666666666663,0.5862583638702098
ergo_ground_truth,gt,3553,296.0,0.5864217121691375
ergo_ground_truth,gt,3554,296.08333333333337,0.5865924451458173
ergo_ground_truth,gt,3555,296.16666666666663,0.5868383674450145
ergo_ground_truth,gt,3556,296.25,0.5871227973954188
ergo_ground_truth,gt,3557,296.33333333333337,0.5873816760619475
ergo_ground_truth,gt,3558,296.41666666666663,0.5876001938459124
ergo_ground_truth,gt,3559,296.5,0.5878174543274689
ergo_ground_truth,gt,3560,296.58333333333337,0.5880549414366225
ergo_ground_truth,gt,3561,296.66666666666663,0.5882887361348804
ergo_ground_truth,gt,3562,296.75,0.5884920396878458
ergo_ground_truth,gt,3563,296.83333333333337,0.5886816827691146
ergo_ground_truth,gt,3564,296.91666666666663,0.5888901761572766
ergo_ground_truth,gt,3565,297.0,0.589109435416509
ergo_ground_truth,gt,3566,297.08333333333337,0.5893037001776119
ergo_ground_truth,gt,3567,297.16666666666663,0.5894730962230335
ergo_ground_truth,gt,3568,297.25,0.5896585009419371
ergo_ground_truth,gt,3569,297.33333333333337,0.5898669259660726
ergo_ground_truth,gt,3570,297.41666666666663,0.5900563618690166
ergo_ground_truth,gt,3571,297.5,0.5902066038137987
ergo_ground_truth,gt,3572,297.58333333333337,0.5903649410017563
ergo_ground_truth,gt,3573,297.66666666666663,0.5905598089877816
ergo_ground_truth,gt,3574,297.75,0.5907507575063046
ergo_ground_truth,gt,3575,297.83333333333337,0.5908972986809139
ergo_ground_truth,gt,3576,297.91666666666663,0.5910386436910707
ergo_ground_truth,gt,3577,298.0,0.5912224683264018
ergo_ground_truth,gt,3578,298.08333333333337,0.5914225250814594
ergo_ground_truth,gt,3579,298.16666666666663,0.5915910302921674
ergo_ground_truth,gt,3580,298.25,0.5917403286925066
ergo_ground_truth,gt,3581,298.33333333333337,0.591915339734831
ergo_ground_truth,gt,3582,298.41666666666663,0.5921131989803253
ergo_ground_truth,gt,3583,298.5,0.5922942019432281
ergo_ground_truth,gt,3584,298.58333333333337,0.5924454218194628
ergo_ground_truth,gt,3585,298.66666666666663,0.5925978632463409
ergo_ground_truth,gt,3586,298.75,0.5927714750951437
ergo_ground_truth,gt,3587,298.83333333333337,0.5929379193977282
ergo_ground_truth,gt,3588,298.91666666666663,0.5930579366509152
ergo_ground_truth,gt,3589,299.0,0.5931548748271385
ergo_ground_truth,gt,3590,299.08333333333337,0.5932899031075238
ergo_ground_truth,gt,3591,299.16666666666663,0.593445857269056
ergo_ground_truth,gt,3592,299.25,0.5935392208376712
ergo_ground_truth,gt,3593,299.33333333333337,0.5935513155549778
ergo_ground_truth,gt,3594,299.41666666666663,0.5936482724665079
ergo_ground_truth,gt,3595,299.5,0.5938234157606339
ergo_ground_truth,gt,3596,299.58333333333337,0.5939731606976288
ergo_ground_truth,gt,3597,299.66666666666663,0.5940456955366837
ergo_ground_truth,gt,3598,299.75,0.5941298593587655
ergo_ground_truth,gt,3599,299.83333333333337,0.5942695333167782
ergo_ground_truth,gt,3600,299.91666666666663,0.594417428119192
ergo_ground_truth,gt,3601,300.0,0.5945266417870648
ergo_ground_truth,gt,3602,300.08333333333337,0.5946016164896442
ergo_ground_truth,gt,3603,300.16666666666663,0.5946715143032384
ergo_ground_truth,gt,3604,300.25,0.5947454395672358
ergo_ground_truth,gt,3605,300.33333333333337,0.5947981177178768
ergo_ground_truth,gt,3606,300.41666666666663,0.5947928606438407
ergo_ground_truth,gt,3607,300.5,0.5947583784700269
ergo_ground_truth,gt,3608,300.58333333333337,0.5947699641327953
ergo_ground_truth,gt,3609,300.66666666666663,0.5948083947699576
ergo_ground_truth,gt,3610,300.75,0.5948130505355489
ergo_ground_truth,gt,3611,300.83333333333337,0.5947840366434868
ergo_ground_truth,gt,3612,300.91666666666663,0.5947773622984852
ergo_ground_truth,gt,3613,301.0,0.5947995494559263
ergo_ground_truth,gt,3614,301.08333333333337,0.5948215185573311
ergo_ground_truth,gt,3615,301.16666666666663,0.5947221633689901
ergo_ground_truth,gt,3616,301.25,0.5944315321024821
ergo_ground_truth,gt,3617,301.33333333333337,0.5940771273988084
ergo_ground_truth,gt,3618,301.41666666666663,0.5937223201098392
ergo_ground_truth,gt,3619,301.5,0.5934097047344031
ergo_ground_truth,gt,3620,301.58333333333337,0.5931514298247682
ergo_ground_truth,gt,3621,301.66666666666663,0.5929353276753364
ergo_ground_truth,gt,3622,301.75,0.5927416405644145
ergo_ground_truth,gt,3623,301.83333333333337,0.5925750634192407
ergo_ground_truth,gt,3624,301.91666666666663,0.5924487852043342
ergo_ground_truth,gt,3625,302.0,0.5923499940187904
ergo_ground_truth,gt,3626,302.08333333333337,0.5922531212187208
ergo_ground_truth,gt,3627,302.16666666666663,0.592156163296583
ergo_ground_truth,gt,3628,302.25,0.5920791374603017
ergo_ground_truth,gt,3629,302.33333333333337,0.5920253646554569
ergo_ground_truth,gt,3630,302.41666666666663,0.5919695460937344
ergo_ground_truth,gt,3631,302.5,0.591893675511387
ergo_ground_truth,gt,3632,302.58333333333337,0.5918250063345456
ergo_ground_truth,gt,3633,302.66666666666663,0.5917906856880034
ergo_ground_truth,gt,3634,302.75,0.5917627648458434
ergo_ground_truth,gt,3635,302.83333333333337,0.5916877926316957
ergo_ground_truth,gt,3636,302.91666666666663,0.5915973989802005
ergo_ground_truth,gt,3637,303.0,0.5915755669251509
ergo_ground_truth,gt,3638,303.08333333333337,0.5915957172618334
ergo_ground_truth,gt,3639,303.16666666666663,0.5915731691104655
ergo_ground_truth,gt,3640,303.25,0.5914994849301248
ergo_ground_truth,gt,3641,303.33333333333337,0.5914960395369064
ergo_ground_truth,gt,3642,303.41666666666663,0.5915599198823615
ergo_ground_truth,gt,3643,303.5,0.591620382919598
ergo_ground_truth,gt,3644,303.58333333333337,0.5916415435132828
ergo_ground_truth,gt,3645,303.66666666666663,0.591664476174569
ergo_ground_truth,gt,3646,303.75,0.5917205305025609
ergo_ground_truth,gt,3647,303.83333333333337,0.5917891472806802
ergo_ground_truth,gt,3648,303.91666666666663,0.5918377177549372
ergo_ground_truth,gt,3649,304.0,0.5918664402311388
ergo_ground_truth,gt,3650,304.08333333333337,0.591903789470612
ergo_ground_truth,gt,3651,304.16666666666663,0.5919599781433964
ergo_ground_truth,gt,3652,304.25,0.5920058183817458
ergo_ground_truth,gt,3653,304.33333333333337,0.5920119571758343
ergo_ground_truth,gt,3654,304.41666666666663,0.5920183922550181
ergo_ground_truth,gt,3655,304.5,0.5920738317806976
ergo_ground_truth,gt,3656,304.58333333333337,0.5921438327057935
ergo_ground_truth,gt,3657,304.66666666666663,0.5921459062951077
ergo_ground_truth,gt,3658,304.75,0.5921165091239518
ergo_ground_truth,gt,3659,304.83333333333337,0.5921813933721221
ergo_ground_truth,gt,3660,304.91666666666663,0.5922997290588393
ergo_ground_truth,gt,3661,305.0,0.5923801463080317
ergo_ground_truth,gt,3662,305.08333333333337,0.5923997685602393
ergo_ground_truth,gt,3663,305.16666666666663,0.5924494427781439
ergo_ground_truth,gt,3664,305.25,0.5925460955042435
ergo_ground_truth,gt,3665,305.33333333333337,0.5926355475444489
ergo_ground_truth,gt,3666,305.41666666666663,0.5926785914111325
ergo_ground_truth,gt,3667,305.5,0.5927053528003577
ergo_ground_truth,gt,3668,305.58333333333337,0.5927517349309163
ergo_ground_truth,gt,3669,305.66666666666663,0.5928033858991408
ergo_ground_truth,gt,3670,305.75,0.5928275680366963
ergo_ground_truth,gt,3671,305.83333333333337,0.5928252690540584
ergo_ground_truth,gt,3672,305.91666666666663,0.592825656721155
ergo_ground_truth,gt,3673,306.0,0.5928343284822952
ergo_ground_truth,gt,3674,306.08333333333337,0.5928273202954548
ergo_ground_truth,gt,3675,306.16666666666663,0.5927918089641003
ergo_ground_truth,gt,3676,306.25,0.5927465195345112
ergo_ground_truth,gt,3677,306.33333333333337,0.5927048456288933
ergo_ground_truth,gt,3678,306.41666666666663,0.5926504066004573
ergo_ground_truth,gt,3679,306.5,0.5925658650379946
ergo_ground_truth,gt,3680,306.58333333333337,0.5924650341249222
ergo_ground_truth,gt,3681,306.66666666666663,0.5923698423668573
ergo_ground_truth,gt,3682,306.75,0.5922742059229317
ergo_ground_truth,gt,3683,306.83333333333337,0.5921585758913785
ergo_ground_truth,gt,3684,306.91666666666663,0.5920288889236988
ergo_ground_truth,gt,3685,307.0,0.5919136781716001
ergo_ground_truth,gt,3686,307.08333333333337,0.5918176329828279
ergo_ground_truth,gt,3687,307.16666666666663,0.5917133909530647
ergo_ground_truth,gt,3688,307.25,0.5915808966043571
ergo_ground_truth,gt,3689,307.33333333333337,0.5914610717214748
ergo_ground_truth,gt,3690,307.41666666666663,0.5913931584926196
ergo_ground_truth,gt,3691,307.5,0.5913503758345321
ergo_ground_truth,gt,3692,307.58333333333337,0.5913034811770749
ergo_ground_truth,gt,3693,307.66666666666663,0.5912803162520854
ergo_ground_truth,gt,3694,307.75,0.5912925703072662
ergo_ground_truth,gt,3695,307.83333333333337,0.5913090260394447
ergo_ground_truth,gt,3696,307.91666666666663,0.5913138812243496
ergo_ground_truth,gt,3697,308.0,0.5913026237861312
ergo_ground_truth,gt,3698,308.08333333333337,0.5912868157140864
ergo_ground_truth,gt,3699,308.16666666666663,0.591303611991394
ergo_ground_truth,gt,3700,308.25,0.5911436985313755
ergo_ground_truth,gt,3701,308.33333333333337,0.5908725373470683
ergo_ground_truth,gt,3702,308.41666666666663,0.5905687126575505
ergo_ground_truth,gt,3703,308.5,0.5902314020730236
ergo_ground_truth,gt,3704,308.58333333333337,0.5899383211096267
ergo_ground_truth,gt,3705,308.66666666666663,0.5896086315548168
ergo_ground_truth,gt,3706,308.75,0.5893053688585412
ergo_ground_truth,gt,3707,308.83333333333337,0.5889745948901025
ergo_ground_truth,gt,3708,308.91666666666663,0.5886638012192686
ergo_ground_truth,gt,3709,309.0,0.5883566092614736
ergo_ground_truth,gt,3710,309.08333333333337,0.5880788761897026
ergo_ground_truth,gt,3711,309.16666666666663,0.587754991649811
ergo_ground_truth,gt,3712,309.25,0.5874618634784992
ergo_ground_truth,gt,3713,309.33333333333337,0.5871995999145059
ergo_ground_truth,gt,3714,309.41666666666663,0.5869020487099676
ergo_ground_truth,gt,3715,309.5,0.5866212603146937
ergo_ground_truth,gt,3716,309.58333333333337,0.5863492037267964
ergo_ground_truth,gt,3717,309.66666666666663,0.586116078880301
ergo_ground_truth,gt,3718,309.75,0.5858488476559055
ergo_ground_truth,gt,3719,309.83333333333337,0.5855812612411817
ergo_ground_truth,gt,3720,309.91666666666663,0.5853174010217788
ergo_ground_truth,gt,3721,310.0,0.5850614861257313
ergo_ground_truth,gt,3722,310.08333333333337,0.5848076313793247
ergo_ground_truth,gt,3723,310.16666666666663,0.5845434817229275
ergo_ground_truth,gt,3724,310.25,0.5842914598120511
ergo_ground_truth,gt,3725,310.33333333333337,0.5840412433531074
ergo_ground_truth,gt,3726,310.41666666666663,0.5837932487966113
ergo_ground_truth,gt,3727,310.5,0.5835477471266441
ergo_ground_truth,gt,3728,310.58333333333337,0.5833047523659585
ergo_ground_truth,gt,3729,310.66666666666663,0.5830640487098961
ergo_ground_truth,gt,3730,310.75,0.5828253037868771
ergo_ground_truth,gt,3731,310.83333333333337,0.5825881903344509
ergo_ground_truth,gt,3732,310.91666666666663,0.582352505208371
ergo_ground_truth,gt,3733,311.0,0.5821182180449475
ergo_ground_truth,gt,3734,311.08333333333337,0.5818854404137871
ergo_ground_truth,gt,3735,311.16666666666663,0.5816544100631693
ergo_ground_truth,gt,3736,311.25,0.5814254820943512
ergo_ground_truth,gt,3737,311.33333333333337,0.581199086280165
ergo_ground_truth,gt,3738,311.41666666666663,0.5809755450204368
ergo_ground_truth,gt,3739,311.5,0.5807547517140785
ergo_ground_truth,gt,3740,311.58333333333337,0.5805362336229126
ergo_ground_truth,gt,3741,311.66666666666663,0.5803199451523844
ergo_ground_truth,gt,3742,311.75,0.5801050461050624
ergo_ground_truth,gt,3743,311.83333333333337,0.5798961735244695
ergo_ground_truth,gt,3744,311.91666666666663,0.579678347429035
ergo_ground_truth,gt,3745,312.0,0.5794707219182673
ergo_ground_truth,gt,3746,312.08333333333337,0.5792529917883538
ergo_ground_truth,gt,3747,312.16666666666663,0.5790350505463377
ergo_ground_truth,gt,3748,312.25,0.5788186340745931
ergo_ground_truth,gt,3749,312.33333333333337,0.578615430867749
ergo_ground_truth,gt,3750,312.41666666666663,0.5784045708311665
ergo_ground_truth,gt,3751,312.5,0.5781925429584509
ergo_ground_truth,gt,3752,312.58333333333337,0.5779831682180803
ergo_ground_truth,gt,3753,312.66666666666663,0.5777766146235073
ergo_ground_truth,gt,3754,312.75,0.5775717451011928
ergo_ground_truth,gt,3755,312.83333333333337,0.577370358543845
ergo_ground_truth,gt,3756,312.91666666666663,0.5771671660149328
ergo_ground_truth,gt,3757,313.0,0.5769831841857593
ergo_ground_truth,gt,3758,313.08333333333337,0.576787087200224
ergo_ground_truth,gt,3759,313.16666666666663,0.5765844783436436
ergo_ground_truth,gt,3760,313.25,0.5763816868245494
ergo_ground_truth,gt,3761,313.33333333333337,0.5761785755908522
ergo_ground_truth,gt,3762,313.41666666666663,0.5759780089624471
ergo_ground_truth,gt,3763,313.5,0.5757797062700756
ergo_ground_truth,gt,3764,313.58333333333337,0.5755786964226105
ergo_ground_truth,gt,3765,313.66666666666663,0.5753822684323026
ergo_ground_truth,gt,3766,313.75,0.5751841313826832
ergo_ground_truth,gt,3767,313.83333333333337,0.5749944263692848
ergo_ground_truth,gt,3768,313.91666666666663,0.574796688444461
ergo_ground_truth,gt,3769,314.0,0.5746067920205407
ergo_ground_truth,gt,3770,314.08333333333337,0.5744123374840001
ergo_ground_truth,gt,3771,314.16666666666663,0.5742264532486788
ergo_ground_truth,gt,3772,314.25,0.574036825969849
ergo_ground_truth,gt,3773,314.33333333333337,0.5738532948192562
ergo_ground_truth,gt,3774,314.41666666666663,0.5736773746928707
ergo_ground_truth,gt,3775,314.5,0.5735180735398369
ergo_ground_truth,gt,3776,314.58333333333337,0.5733453634697984
ergo_ground_truth,gt,3777,314.66666666666663,0.5731739887620955
ergo_ground_truth,gt,3778,314.75,0.57298945370192
ergo_ground_truth,gt,3779,314.83333333333337,0.5728046835565944
ergo_ground_truth,gt,3780,314.91666666666663,0.5726313902603617
ergo_ground_truth,gt,3781,315.0,0.572453736506472
ergo_ground_truth,gt,3782,315.08333333333337,0.5722731261592462
ergo_ground_truth,gt,3783,315.16666666666663,0.5721009891391272
ergo_ground_truth,gt,3784,315.25,0.5720006096311223
ergo_ground_truth,gt,3785,315.33333333333337,0.572013653353262
ergo_ground_truth,gt,3786,315.41666666666663,0.5721259447915772
ergo_ground_truth,gt,3787,315.5,0.5721819061632593
ergo_ground_truth,gt,3788,315.58333333333337,0.5721885747331841
ergo_ground_truth,gt,3789,315.66666666666663,0.5720940474571442
ergo_ground_truth,gt,3790,315.75,0.571898655629552
ergo_ground_truth,gt,3791,315.83333333333337,0.5716830115268398
ergo_ground_truth,gt,3792,315.91666666666663,0.571489448840953
ergo_ground_truth,gt,3793,316.0,0.5713036744805599
ergo_ground_truth,gt,3794,316.08333333333337,0.571157510625051
ergo_ground_truth,gt,3795,316.16666666666663,0.5710001599970053
ergo_ground_truth,gt,3796,316.25,0.5708714361129501
ergo_ground_truth,gt,3797,316.33333333333337,0.5707079579752703
ergo_ground_truth,gt,3798,316.41666666666663,0.5705591150506248
ergo_ground_truth,gt,3799,316.5,0.5703761092013709
ergo_ground_truth,gt,3800,316.58333333333337,0.570219329460733
ergo_ground_truth,gt,3801,316.66666666666663,0.5700399867698906
ergo_ground_truth,gt,3802,316.75,0.5698850833409909
ergo_ground_truth,gt,3803,316.83333333333337,0.5696976060831894
ergo_ground_truth,gt,3804,316.91666666666663,0.5695385981307801
ergo_ground_truth,gt,3805,317.0,0.5693690785219097
ergo_ground_truth,gt,3806,317.08333333333337,0.5692249999236899
ergo_ground_truth,gt,3807,317.16666666666663,0.5690451628136597
ergo_ground_truth,gt,3808,317.25,0.5688924427511839
ergo_ground_truth,gt,3809,317.33333333333337,0.5687327887529047
ergo_ground_truth,gt,3810,317.41666666666663,0.5685918954376286
ergo_ground_truth,gt,3811,317.5,0.5684181539866365
ergo_ground_truth,gt,3812,317.58333333333337,0.5682731385108152
ergo_ground_truth,gt,3813,317.66666666666663,0.5681108191159918
ergo_ground_truth,gt,3814,317.75,0.5679684690336778
ergo_ground_truth,gt,3815,317.83333333333337,0.5677981744880694
ergo_ground_truth,gt,3816,317.91666666666663,0.5676591731109354
ergo_ground_truth,gt,3817,318.0,0.5675010814489908
ergo_ground_truth,gt,3818,318.08333333333337,0.5673608105445646
ergo_ground_truth,gt,3819,318.16666666666663,0.5671949838506026
ergo_ground_truth,gt,3820,318.25,0.5670622749445895
ergo_ground_truth,gt,3821,318.33333333333337,0.566908564918788
ergo_ground_truth,gt,3822,318.41666666666663,0.5667700372139828
ergo_ground_truth,gt,3823,318.5,0.566608227397358
ergo_ground_truth,gt,3824,318.58333333333337,0.5664813119222862
ergo_ground_truth,gt,3825,318.66666666666663,0.5663317357123276
ergo_ground_truth,gt,3826,318.75,0.5661945971410719
ergo_ground_truth,gt,3827,318.83333333333337,0.5660365299259418
ergo_ground_truth,gt,3828,318.91666666666663,0.5659150628751436
ergo_ground_truth,gt,3829,319.0,0.5657694730227847
ergo_ground_truth,gt,3830,319.08333333333337,0.5656340545051435
ergo_ground_truth,gt,3831,319.16666666666663,0.5654799725741506
ergo_ground_truth,gt,3832,319.25,0.5653638013921658
ergo_ground_truth,gt,3833,319.33333333333337,0.5652227398697623
ergo_ground_truth,gt,3834,319.41666666666663,0.5650905751191081
ergo_ground_truth,gt,3835,319.5,0.5649406559261382
ergo_ground_truth,gt,3836,319.58333333333337,0.5648288415846904
ergo_ground_truth,gt,3837,319.66666666666663,0.5646913763000682
ergo_ground_truth,gt,3838,319.75,0.5645617342964041
ergo_ground_truth,gt,3839,319.83333333333337,0.5644153122939806
ergo_ground_truth,gt,3840,319.91666666666663,0.5643065615415667
ergo_ground_truth,gt,3841,320.0,0.5641718349388093
ergo_ground_truth,gt,3842,320.08333333333337,0.5640445383290077
ergo_ground_truth,gt,3843,320.16666666666663,0.5639015068130878
ergo_ground_truth,gt,3844,320.25,0.5637949285854986
ergo_ground_truth,gt,3845,320.33333333333337,0.5636624913109851
ergo_ground_truth,gt,3846,320.41666666666663,0.5635381418771706
ergo_ground_truth,gt,3847,320.5,0.5633978109700161
ergo_ground_truth,gt,3848,320.58333333333337,0.5632923370507248
ergo_ground_truth,gt,3849,320.66666666666663,0.5631617356271618
ergo_ground_truth,gt,3850,320.75,0.5630409502075302
ergo_ground_truth,gt,3851,320.83333333333337,0.5629017847564332
ergo_ground_truth,gt,3852,320.91666666666663,0.5627972533003793
ergo_ground_truth,gt,3853,321.0,0.5626684976256824
ergo_ground_truth,gt,3854,321.08333333333337,0.5625512235981525
ergo_ground_truth,gt,3855,321.16666666666663,0.5624131655762582
ergo_ground_truth,gt,3856,321.25,0.5623099576297377
ergo_ground_truth,gt,3857,321.33333333333337,0.5621832905721171
ergo_ground_truth,gt,3858,321.41666666666663,0.5620692954166632
ergo_ground_truth,gt,3859,321.5,0.5619328841637615
ergo_ground_truth,gt,3860,321.58333333333337,0.5618313702919414
ergo_ground_truth,gt,3861,321.66666666666663,0.5617069468149417
ergo_ground_truth,gt,3862,321.75,0.5615959972195443
ergo_ground_truth,gt,3863,321.83333333333337,0.5614615236023184
ergo_ground_truth,gt,3864,321.91666666666663,0.5613618924620462
ergo_ground_truth,gt,3865,322.0,0.561239722019352
ergo_ground_truth,gt,3866,322.08333333333337,0.5611315328055785
ergo_ground_truth,gt,3867,322.16666666666663,0.560999252473076
ergo_ground_truth,gt,3868,322.25,0.5609021026749412
ergo_ground_truth,gt,3869,322.33333333333337,0.5607820100193873
ergo_ground_truth,gt,3870,322.41666666666663,0.5606759248595319
ergo_ground_truth,gt,3871,322.5,0.5605468597779997
ergo_ground_truth,gt,3872,322.58333333333337,0.5604524051491175
ergo_ground_truth,gt,3873,322.66666666666663,0.5603346082291752
ergo_ground_truth,gt,3874,322.75,0.5602321891782258
ergo_ground_truth,gt,3875,322.83333333333337,0.5601058567638754
ergo_ground_truth,gt,3876,322.91666666666663,0.5600132316963526
ergo_ground_truth,gt,3877,323.0,0.5598981835644496
ergo_ground_truth,gt,3878,323.08333333333337,0.5598011626472753
ergo_ground_truth,gt,3879,323.16666666666663,0.5596747201366254
ergo_ground_truth,gt,3880,323.25,0.5595825129440457
ergo_ground_truth,gt,3881,323.33333333333337,0.5594679130639337
ergo_ground_truth,gt,3882,323.41666666666663,0.5593727169145124
ergo_ground_truth,gt,3883,323.5,0.5592468440560813
ergo_ground_truth,gt,3884,323.58333333333337,0.5591563054565843
ergo_ground_truth,gt,3885,323.66666666666663,0.5590431833554599
ergo_ground_truth,gt,3886,323.75,0.5589502403362744
ergo_ground_truth,gt,3887,323.83333333333337,0.5588254555460904
ergo_ground_truth,gt,3888,323.91666666666663,0.5587369056324993
ergo_ground_truth,gt,3889,324.0,0.5586255485626244
ergo_ground_truth,gt,3890,324.08333333333337,0.5585350848381538
ergo_ground_truth,gt,3891,324.16666666666663,0.5584114566109429
ergo_ground_truth,gt,3892,324.25,0.5583247046959695
ergo_ground_truth,gt,3893,324.33333333333337,0.5582149611926767
ergo_ground_truth,gt,3894,324.41666666666663,0.5581269588914509
ergo_ground_truth,gt,3895,324.5,0.5580044529556376
ergo_ground_truth,gt,3896,324.58333333333337,0.5579192906111955
ergo_ground_truth,gt,3897,324.66666666666663,0.557810978083768
ergo_ground_truth,gt,3898,324.75,0.5577252806126647
ergo_ground_truth,gt,3899,324.83333333333337,0.5576038746309884
ergo_ground_truth,gt,3900,324.91666666666663,0.557520345985265
ergo_ground_truth,gt,3901,325.0,0.5574134697371663
ergo_ground_truth,gt,3902,325.08333333333337,0.557329604296844
ergo_ground_truth,gt,3903,325.16666666666663,0.5572091579285959
ergo_ground_truth,gt,3904,325.25,0.557127529006522
ergo_ground_truth,gt,3905,325.33333333333337,0.5570222531954725
ergo_ground_truth,gt,3906,325.41666666666663,0.5569387672464079
ergo_ground_truth,gt,3907,325.5,0.5568186463240989
ergo_ground_truth,gt,3908,325.58333333333337,0.5567392456016427
ergo_ground_truth,gt,3909,325.66666666666663,0.5566358639471607
ergo_ground_truth,gt,3910,325.75,0.5565252513965318
ergo_ground_truth,gt,3911,325.83333333333337,0.5564054499469573
ergo_ground_truth,gt,3912,325.91666666666663,0.556311290704394
ergo_ground_truth,gt,3913,326.0,0.5562093264628261
ergo_ground_truth,gt,3914,326.08333333333337,0.5561092242494575
ergo_ground_truth,gt,3915,326.16666666666663,0.5560103943057356
ergo_ground_truth,gt,3916,326.25,0.555912388025775
ergo_ground_truth,gt,3917,326.33333333333337,0.5558152549275065
ergo_ground_truth,gt,3918,326.41666666666663,0.5557189488792013
ergo_ground_truth,gt,3919,326.5,0.5556234271104034
ergo_ground_truth,gt,3920,326.58333333333337,0.5555286516648235
ergo_ground_truth,gt,3921,326.66666666666663,0.5554345900643392
ergo_ground_truth,gt,3922,326.75,0.5553412152479418
ergo_ground_truth,gt,3923,326.83333333333337,0.5552485083415829
ergo_ground_truth,gt,3924,326.91666666666663,0.5551564513398128
ergo_ground_truth,gt,3925,327.0,0.5550650226107232
ergo_ground_truth,gt,3926,327.08333333333337,0.5549742004853467
ergo_ground_truth,gt,3927,327.16666666666663,0.5548839639429225
ergo_ground_truth,gt,3928,327.25,0.5547942928559145
ergo_ground_truth,gt,3929,327.33333333333337,0.5547051681972895
ergo_ground_truth,gt,3930,327.41666666666663,0.5546165722149435
ergo_ground_truth,gt,3931,327.5,0.5545284885356236
ergo_ground_truth,gt,3932,327.58333333333337,0.55444090218679
ergo_ground_truth,gt,3933,327.66666666666663,0.5543537995498355
ergo_ground_truth,gt,3934,327.75,0.5542671682685665
ergo_ground_truth,gt,3935,327.83333333333337,0.5541809971358868
ergo_ground_truth,gt,3936,327.91666666666663,0.5540952759754407
ergo_ground_truth,gt,3937,328.0,0.5540099955281563
ergo_ground_truth,gt,3938,328.08333333333337,0.5539251473483675
ergo_ground_truth,gt,3939,328.16666666666663,0.553840723710935
ergo_ground_truth,gt,3940,328.25,0.5537567175290955
ergo_ground_truth,gt,3941,328.33333333333337,0.5536731222820909
ergo_ground_truth,gt,3942,328.41666666666663,0.5535899294901971
ergo_ground_truth,gt,3943,328.5,0.5535071324349797
ergo_ground_truth,gt,3944,328.58333333333337,0.5534247284263251
ergo_ground_truth,gt,3945,328.66666666666663,0.5533427137302976
ergo_ground_truth,gt,3946,328.75,0.5532610841308219
ergo_ground_truth,gt,3947,328.83333333333337,0.5531798354373816
ergo_ground_truth,gt,3948,328.91666666666663,0.553098987986079
ergo_ground_truth,gt,3949,329.0,0.5530185214923512
ergo_ground_truth,gt,3950,329.08333333333337,0.5529384251961534
ergo_ground_truth,gt,3951,329.16666666666663,0.552858693861622
ergo_ground_truth,gt,3952,329.25,0.5527793240505843
ergo_ground_truth,gt,3953,329.33333333333337,0.5527004164157776
ergo_ground_truth,gt,3954,329.41666666666663,0.5526220639719928
ergo_ground_truth,gt,3955,329.5,0.5525440832426748
ergo_ground_truth,gt,3956,329.58333333333337,0.5524664548760398
ergo_ground_truth,gt,3957,329.66666666666663,0.55238918133908
ergo_ground_truth,gt,3958,329.75,0.5523122524446886
ergo_ground_truth,gt,3959,329.83333333333337,0.5522356615239282
ergo_ground_truth,gt,3960,329.91666666666663,0.5521594070752074
ergo_ground_truth,gt,3961,330.0,0.5520834873795725
ergo_ground_truth,gt,3962,330.08333333333337,0.5520079006558603
ergo_ground_truth,gt,3963,330.16666666666663,0.5519326451539963
ergo_ground_truth,gt,3964,330.25,0.5518577191449624
ergo_ground_truth,gt,3965,330.33333333333337,0.5517831209065629
ergo_ground_truth,gt,3966,330.41666666666663,0.551708848715756
ergo_ground_truth,gt,3967,330.5,0.5516349008453089
ergo_ground_truth,gt,3968,330.58333333333337,0.5515612755630401
ergo_ground_truth,gt,3969,330.66666666666663,0.5514879711326021
ergo_ground_truth,gt,3970,330.75,0.551414985815115
ergo_ground_truth,gt,3971,330.83333333333337,0.5513423178712039
ergo_ground_truth,gt,3972,330.91666666666663,0.5512699655631483
ergo_ground_truth,gt,3973,331.0,0.5511979271569679
ergo_ground_truth,gt,3974,331.08333333333337,0.5511262009243393
ergo_ground_truth,gt,3975,331.16666666666663,0.551054785144293
ergo_ground_truth,gt,3976,331.25,0.5509836781046674
ergo_ground_truth,gt,3977,331.33333333333337,0.550912878103322
ergo_ground_truth,gt,3978,331.41666666666663,0.5508423834491188
ergo_ground_truth,gt,3979,331.5,0.5507721924626932
ergo_ground_truth,gt,3980,331.58333333333337,0.5507023034770365
ergo_ground_truth,gt,3981,331.66666666666663,0.5506327148379118
ergo_ground_truth,gt,3982,331.75,0.5505634249041264
ergo_ground_truth,gt,3983,331.83333333333337,0.5504944320476824
ergo_ground_truth,gt,3984,331.91666666666663,0.5504257346538256
ergo_ground_truth,gt,3985,332.0,0.5503573311210072
ergo_ground_truth,gt,3986,332.08333333333337,0.5502892198607757
ergo_ground_truth,gt,3987,332.16666666666663,0.5502213992976147
ergo_ground_truth,gt,3988,332.25,0.5501538678687315
ergo_ground_truth,gt,3989,332.33333333333337,0.5500866240238135
ergo_ground_truth,gt,3990,332.41666666666663,0.550019666224755
ergo_ground_truth,gt,3991,332.5,0.5499529929453659
ergo_ground_truth,gt,3992,332.58333333333337,0.5498866026710645
ergo_ground_truth,gt,3993,332.66666666666663,0.5498204938985614
ergo_ground_truth,gt,3994,332.75,0.5497546651355376
ergo_ground_truth,gt,3995,332.83333333333337,0.5496891149003207
ergo_ground_truth,gt,3996,332.91666666666663,0.5496238417215604
ergo_ground_truth,gt,3997,333.0,0.5495588441379075
ergo_ground_truth,gt,3998,333.08333333333337,0.5494941206976957
ergo_ground_truth,gt,3999,333.16666666666663,0.5494296699586292
ergo_ground_truth,gt,4000,333.25,0.5493654904874765
ergo_ground_truth,gt,4001,333.33333333333337,0.5493016651952333
ergo_ground_truth,gt,4002,333.41666666666663,0.5492381598074261
ergo_ground_truth,gt,4003,333.5,0.5491749349710652
ergo_ground_truth,gt,4004,333.58333333333337,0.5491119789931908
ergo_ground_truth,gt,4005,333.66666666666663,0.549049287839269
ergo_ground_truth,gt,4006,333.75,0.5489868594035611
ergo_ground_truth,gt,4007,333.83333333333337,0.54892469208078
ergo_ground_truth,gt,4008,333.91666666666663,0.5488627844438504
ergo_ground_truth,gt,4009,334.0,0.5488011351496348
ergo_ground_truth,gt,4010,334.08333333333337,0.5487397429028671
ergo_ground_truth,gt,4011,334.16666666666663,0.5486786064376489
ergo_ground_truth,gt,4012,334.25,0.5486177245063237
ergo_ground_truth,gt,4013,334.33333333333337,0.5485570958723929
ergo_ground_truth,gt,4014,334.41666666666663,0.5484967193059896
ergo_ground_truth,gt,4015,334.5,0.5484366798019721
ergo_ground_truth,gt,4016,334.58333333333337,0.5483768898374883
ergo_ground_truth,gt,4017,334.66666666666663,0.5483173513843331
ergo_ground_truth,gt,4018,334.75,0.5482580604995243
ergo_ground_truth,gt,4019,334.83333333333337,0.5481990156123268
ergo_ground_truth,gt,4020,334.91666666666663,0.5481402153196995
ergo_ground_truth,gt,4021,335.0,0.5480816583627804
ergo_ground_truth,gt,4022,335.08333333333337,0.548023343534892
ergo_ground_truth,gt,4023,335.16666666666663,0.5479659456447259
ergo_ground_truth,gt,4024,335.25,0.5479087006270612
ergo_ground_truth,gt,4025,335.33333333333337,0.5478517100666803
ergo_ground_truth,gt,4026,335.41666666666663,0.5477949429596051
ergo_ground_truth,gt,4027,335.5,0.54773838888123
ergo_ground_truth,gt,4028,335.58333333333337,0.547682014847734
ergo_ground_truth,gt,4029,335.66666666666663,0.5476259425275813
ergo_ground_truth,gt,4030,335.75,0.5475701769131037
ergo_ground_truth,gt,4031,335.83333333333337,0.5475146403831092
ergo_ground_truth,gt,4032,335.91666666666663,0.547459330661896
ergo_ground_truth,gt,4033,336.0,0.5474042425924313
ergo_ground_truth,gt,4034,336.08333333333337,0.5473493749162801
ergo_ground_truth,gt,4035,336.16666666666663,0.5472947267905499
ergo_ground_truth,gt,4036,336.25,0.5472402976602345
ergo_ground_truth,gt,4037,336.33333333333337,0.5471860870237263
ergo_ground_truth,gt,4038,336.41666666666663,0.5471320943816635
ergo_ground_truth,gt,4039,336.5,0.5470783192102989
ergo_ground_truth,gt,4040,336.58333333333337,0.5470247609523123
ergo_ground_truth,gt,4041,336.66666666666663,0.5469714190137379
ergo_ground_truth,gt,4042,336.75,0.5469181472824597
ergo_ground_truth,gt,4043,336.83333333333337,0.5468649807573914
ergo_ground_truth,gt,4044,336.91666666666663,0.5468119983848375
ergo_ground_truth,gt,4045,337.0,0.5467592127243652
ergo_ground_truth,gt,4046,337.08333333333337,0.5467066305752032
ergo_ground_truth,gt,4047,337.16666666666663,0.5466542538668208
ergo_ground_truth,gt,4048,337.25,0.5466020831856566
ergo_ground_truth,gt,4049,337.33333333333337,0.5465501184680072
ergo_ground_truth,gt,4050,337.41666666666663,0.5464983593486464
ergo_ground_truth,gt,4051,337.5,0.5464467967615887
ergo_ground_truth,gt,4052,337.58333333333337,0.5463954373875768
ergo_ground_truth,gt,4053,337.66666666666663,0.5463442808779775
ergo_ground_truth,gt,4054,337.75,0.5462933270341552
ergo_ground_truth,gt,4055,337.83333333333337,0.5462425751959455
ergo_ground_truth,gt,4056,337.91666666666663,0.546192024586746
ergo_ground_truth,gt,4057,338.0,0.5461416743644679
ergo_ground_truth,gt,4058,338.08333333333337,0.5460915236539312
ergo_ground_truth,gt,4059,338.16666666666663,0.5460415715600935
ergo_ground_truth,gt,4060,338.25,0.5459918171751863
ergo_ground_truth,gt,4061,338.33333333333337,0.5459422595829031
ergo_ground_truth,gt,4062,338.41666666666663,0.5458928978611273
ergo_ground_truth,gt,4063,338.5,0.5458437310838236
ergo_ground_truth,gt,4064,338.58333333333337,0.5457947583224014
ergo_ground_truth,gt,4065,338.66666666666663,0.5457456782449243
ergo_ground_truth,gt,4066,338.75,0.5456967164583036
ergo_ground_truth,gt,4067,338.83333333333337,0.5456479107025692
ergo_ground_truth,gt,4068,338.91666666666663,0.5455992814528653
ergo_ground_truth,gt,4069,339.0,0.5455508357944837
ergo_ground_truth,gt,4070,339.08333333333337,0.5455025761142684
ergo_ground_truth,gt,4071,339.16666666666663,0.5454545028720599
ergo_ground_truth,gt,4072,339.25,0.5454066157052839
ergo_ground_truth,gt,4073,339.33333333333337,0.5453589138755309
ergo_ground_truth,gt,4074,339.41666666666663,0.5453113964615496
ergo_ground_truth,gt,4075,339.5,0.5452640624494135
ergo_ground_truth,gt,4076,339.58333333333337,0.5452169107783524
ergo_ground_truth,gt,4077,339.66666666666663,0.5451699403658502
ergo_ground_truth,gt,4078,339.75,0.5451231501221186
ergo_ground_truth,gt,4079,339.83333333333337,0.5450765389586384
ergo_ground_truth,gt,4080,339.91666666666663,0.5450301057931569
ergo_ground_truth,gt,4081,340.0,0.5449838495524749
ergo_ground_truth,gt,4082,340.08333333333337,0.5449377691738297
ergo_ground_truth,gt,4083,340.16666666666663,0.5448918636053819
ergo_ground_truth,gt,4084,340.25,0.5448461318061442
ergo_ground_truth,gt,4085,340.33333333333337,0.5448005727455715
ergo_ground_truth,gt,4086,340.41666666666663,0.5447551953956522
ergo_ground_truth,gt,4087,340.5,0.5447099916398633
ergo_ground_truth,gt,4088,340.58333333333337,0.5446649586178709
ergo_ground_truth,gt,4089,340.66666666666663,0.5446200946236157
ergo_ground_truth,gt,4090,340.75,0.5445753983659174
ergo_ground_truth,gt,4091,340.83333333333337,0.5445308687348909
ergo_ground_truth,gt,4092,340.91666666666663,0.5444865047044631
ergo_ground_truth,gt,4093,341.0,0.544442305289368
ergo_ground_truth,gt,4094,341.08333333333337,0.544398269525528
ergo_ground_truth,gt,4095,341.16666666666663,0.5443543964607572
ergo_ground_truth,gt,4096,341.25,0.5443106851501437
ergo_ground_truth,gt,4097,341.33333333333337,0.5442671346536355
ergo_ground_truth,gt,4098,341.41666666666663,0.5442237440347126
ergo_ground_truth,gt,4099,341.5,0.5441805123596244
ergo_ground_truth,gt,4100,341.58333333333337,0.5441374386969363
ergo_ground_truth,gt,4101,341.66666666666663,0.5440945221172572
ergo_ground_truth,gt,4102,341.75,0.5440517616930749
ergo_ground_truth,gt,4103,341.83333333333337,0.5440091564986612
ergo_ground_truth,gt,4104,341.91666666666663,0.5439667056100189
ergo_ground_truth,gt,4105,342.0,0.5439244081048569
ergo_ground_truth,gt,4106,342.08333333333337,0.5438822630625841
ergo_ground_truth,gt,4107,342.16666666666663,0.5438402695643134
ergo_ground_truth,gt,4108,342.25,0.5437984266928738
ergo_ground_truth,gt,4109,342.33333333333337,0.5437567335328264
ergo_ground_truth,gt,4110,342.41666666666663,0.5437151891704833
ergo_ground_truth,gt,4111,342.5,0.5436737926939286
ergo_ground_truth,gt,4112,342.58333333333337,0.5436325431930393
ergo_ground_truth,gt,4113,342.66666666666663,0.5435914397595091
ergo_ground_truth,gt,4114,342.75,0.5435504814868709
ergo_ground_truth,gt,4115,342.83333333333337,0.5435096674705221
ergo_ground_truth,gt,4116,342.91666666666663,0.5434689968077497
ergo_ground_truth,gt,4117,343.0,0.5434284685977581
ergo_ground_truth,gt,4118,343.08333333333337,0.5433880819416963
ergo_ground_truth,gt,4119,343.16666666666663,0.5433478359426903
ergo_ground_truth,gt,4120,343.25,0.543307765549334
ergo_ground_truth,gt,4121,343.33333333333337,0.5432681348474736
ergo_ground_truth,gt,4122,343.41666666666663,0.5432287370214198
ergo_ground_truth,gt,4123,343.5,0.5431895145581408
ergo_ground_truth,gt,4124,343.58333333333337,0.5431504455702114
ergo_ground_truth,gt,4125,343.66666666666663,0.5431115193266474
ergo_ground_truth,gt,4126,343.75,0.543072729867848
ergo_ground_truth,gt,4127,343.83333333333337,0.543034073666074
ergo_ground_truth,gt,4128,343.91666666666663,0.5429955485180759
ergo_ground_truth,gt,4129,344.0,0.5429571529556081
ergo_ground_truth,gt,4130,344.08333333333337,0.5429188859173741
ergo_ground_truth,gt,4131,344.16666666666663,0.5428807465631768
ergo_ground_truth,gt,4132,344.25,0.5428427341678208
ergo_ground_truth,gt,4133,344.33333333333337,0.5428048480604876
ergo_ground_truth,gt,4134,344.41666666666663,0.5427670875903471
ergo_ground_truth,gt,4135,344.5,0.5427294521074586
ergo_ground_truth,gt,4136,344.58333333333337,0.5426919409526387
ergo_ground_truth,gt,4137,344.66666666666663,0.5426545534526034
ergo_ground_truth,gt,4138,344.75,0.5426172889181963
ergo_ground_truth,gt,4139,344.83333333333337,0.5425801466443991
ergo_ground_truth,gt,4140,344.91666666666663,0.5425431259113328
ergo_ground_truth,gt,4141,345.0,0.5425062259857757
ergo_ground_truth,gt,4142,345.08333333333337,0.5424694461229093
ergo_ground_truth,gt,4143,345.16666666666663,0.5424327855681228
ergo_ground_truth,gt,4144,345.25,0.5423962435587741
ergo_ground_truth,gt,4145,345.33333333333337,0.5423598193258561
ergo_ground_truth,gt,4146,345.41666666666663,0.5423235120955382
ergo_ground_truth,gt,4147,345.5,0.5422873210905759
ergo_ground_truth,gt,4148,345.58333333333337,0.5422512455315881
ergo_ground_truth,gt,4149,345.66666666666663,0.5422152846382081
ergo_ground_truth,gt,4150,345.75,0.5421794376301193
ergo_ground_truth,gt,4151,345.83333333333337,0.5421437037279867
ergo_ground_truth,gt,4152,345.91666666666663,0.5421080821542943
ergo_ground_truth,gt,4153,346.0,0.5420725721341026
ergo_ground_truth,gt,4154,346.08333333333337,0.542037172895734
ergo_ground_truth,gt,4155,346.16666666666663,0.5420018836713987
ergo_ground_truth,gt,4156,346.25,0.5419667036977669
ergo_ground_truth,gt,4157,346.33333333333337,0.5419316322164994
ergo_ground_truth,gt,4158,346.41666666666663,0.5418966684747398
ergo_ground_truth,gt,4159,346.5,0.5418618117255773
ergo_ground_truth,gt,4160,346.58333333333337,0.5418270612284838
ergo_ground_truth,gt,4161,346.66666666666663,0.5417924162497313
ergo_ground_truth,gt,4162,346.75,0.5417578760627941
ergo_ground_truth,gt,4163,346.83333333333337,0.541723439948738
ergo_ground_truth,gt,4164,346.91666666666663,0.5416891071966
ergo_ground_truth,gt,4165,347.0,0.5416548771037637
ergo_ground_truth,gt,4166,347.08333333333337,0.5416207489763288
ergo_ground_truth,gt,4167,347.16666666666663,0.5415867221294797
ergo_ground_truth,gt,4168,347.25,0.5415527958878549
ergo_ground_truth,gt,4169,347.33333333333337,0.5415189695859167
ergo_ground_truth,gt,4170,347.41666666666663,0.541485242568325
ergo_ground_truth,gt,4171,347.5,0.5414516141903152
ergo_ground_truth,gt,4172,347.58333333333337,0.5414180838180805
ergo_ground_truth,gt,4173,347.66666666666663,0.5413846508291625
ergo_ground_truth,gt,4174,347.75,0.5413513146128464
ergo_ground_truth,gt,4175,347.83333333333337,0.5413180745705656
ergo_ground_truth,gt,4176,347.91666666666663,0.5412849301163148
ergo_ground_truth,gt,4177,348.0,0.541251880677072
ergo_ground_truth,gt,4178,348.08333333333337,0.5412189996448512
ergo_ground_truth,gt,4179,348.16666666666663,0.5411862436422129
ergo_ground_truth,gt,4180,348.25,0.5411535995037686
ergo_ground_truth,gt,4181,348.33333333333337,0.5411210111526582
ergo_ground_truth,gt,4182,348.41666666666663,0.5410884994984928
ergo_ground_truth,gt,4183,348.5,0.5410560705423342
ergo_ground_truth,gt,4184,348.58333333333337,0.5410237269950211
ergo_ground_truth,gt,4185,348.66666666666663,0.5409914704004655
ergo_ground_truth,gt,4186,348.75,0.5409593016297697
ergo_ground_truth,gt,4187,348.83333333333337,0.5409272211258179
ergo_ground_truth,gt,4188,348.91666666666663,0.5408952290563244
ergo_ground_truth,gt,4189,349.0,0.5408633254136008
ergo_ground_truth,gt,4190,349.08333333333337,0.5408315100802654
ergo_ground_truth,gt,4191,349.16666666666663,0.5407997828728165
ergo_ground_truth,gt,4192,349.25,0.5407681435707211
ergo_ground_truth,gt,4193,349.33333333333337,0.5407365919359846
ergo_ground_truth,gt,4194,349.41666666666663,0.5407051277264322
ergo_ground_truth,gt,4195,349.5,0.5406737507048228
ergo_ground_truth,gt,4196,349.58333333333337,0.5406424606451885
ergo_ground_truth,gt,4197,349.66666666666663,0.5406112573373228
ergo_ground_truth,gt,4198,349.75,0.5405801405900305
ergo_ground_truth,gt,4199,349.83333333333337,0.5405491102335475
ergo_ground_truth,gt,4200,349.91666666666663,0.5405181661214047
ergo_ground_truth,gt,4201,350.0,0.5404873081319211
ergo_ground_truth,gt,4202,350.08333333333337,0.5404565361694486
ergo_ground_truth,gt,4203,350.16666666666663,0.540425850165452
ergo_ground_truth,gt,4204,350.25,0.5403952500794857
ergo_ground_truth,gt,4205,350.33333333333337,0.5403647359000985
ergo_ground_truth,gt,4206,350.41666666666663,0.5403343076456976
ergo_ground_truth,gt,4207,350.5,0.5403039653653895
ergo_ground_truth,gt,4208,350.58333333333337,0.5402737091398059
ergo_ground_truth,gt,4209,350.66666666666663,0.5402435390819268
ergo_ground_truth,gt,4210,350.75,0.5402134553379035
ergo_ground_truth,gt,4211,350.83333333333337,0.5401834580878849
ergo_ground_truth,gt,4212,350.91666666666663,0.5401535475468506
ergo_ground_truth,gt,4213,351.0,0.5401237239654512
ergo_ground_truth,gt,4214,351.08333333333337,0.5400939876308547
ergo_ground_truth,gt,4215,351.16666666666663,0.5400643094201651
ergo_ground_truth,gt,4216,351.25,0.5400345799420103
ergo_ground_truth,gt,4217,351.33333333333337,0.5400045438689712
ergo_ground_truth,gt,4218,351.41666666666663,0.5399745825485736
ergo_ground_truth,gt,4219,351.5,0.5399446191616266
ergo_ground_truth,gt,4220,351.58333333333337,0.5399147092431325
ergo_ground_truth,gt,4221,351.66666666666663,0.5398848541285316
ergo_ground_truth,gt,4222,351.75,0.5398550705214725
ergo_ground_truth,gt,4223,351.83333333333337,0.5398253641111654
ergo_ground_truth,gt,4224,351.91666666666663,0.5397957427994957
ergo_ground_truth,gt,4225,352.0,0.5397662109447529
ergo_ground_truth,gt,4226,352.08333333333337,0.5397367733531784
ergo_ground_truth,gt,4227,352.16666666666663,0.539707433271139
ergo_ground_truth,gt,4228,352.25,0.5396781942441596
ergo_ground_truth,gt,4229,352.33333333333337,0.5396490589241999
ergo_ground_truth,gt,4230,352.41666666666663,0.5396200304178085
ergo_ground_truth,gt,4231,352.5,0.539591111060177
ergo_ground_truth,gt,4232,352.58333333333337,0.53956221311925
ergo_ground_truth,gt,4233,352.66666666666663,0.5395335723953053
ergo_ground_truth,gt,4234,352.75,0.5395047603926917
ergo_ground_truth,gt,4235,352.83333333333337,0.5394767475895645
ergo_ground_truth,gt,4236,352.91666666666663,0.5394469253735122
ergo_ground_truth,gt,4237,353.0,0.5394241438550622
ergo_ground_truth,gt,4238,353.08333333333337,0.5393976442630404
ergo_ground_truth,gt,4239,353.16666666666663,0.5393815210066758
ergo_ground_truth,gt,4240,353.25,0.539350019056897
ergo_ground_truth,gt,4241,353.33333333333337,0.5393310778299084
ergo_ground_truth,gt,4242,353.41666666666663,0.5393023310809034
ergo_ground_truth,gt,4243,353.5,0.5392817539308205
ergo_ground_truth,gt,4244,353.58333333333337,0.5392532052842746
ergo_ground_truth,gt,4245,353.66666666666663,0.539233569164432
ergo_ground_truth,gt,4246,353.75,0.539203980128903
ergo_ground_truth,gt,4247,353.83333333333337,0.5391878891037926
ergo_ground_truth,gt,4248,353.91666666666663,0.5391592581572342
ergo_ground_truth,gt,4249,354.0,0.5391441725510747
ergo_ground_truth,gt,4250,354.08333333333337,0.539117033777646
ergo_ground_truth,gt,4251,354.16666666666663,0.5391006004936393
ergo_ground_truth,gt,4252,354.25,0.5390744624072319
ergo_ground_truth,gt,4253,354.33333333333337,0.5390580932728777
ergo_ground_truth,gt,4254,354.41666666666663,0.5390322862595043
ergo_ground_truth,gt,4255,354.5,0.5390196014593616
ergo_ground_truth,gt,4256,354.58333333333337,0.538995127013571
ergo_ground_truth,gt,4257,354.66666666666663,0.5389822680138628
ergo_ground_truth,gt,4258,354.75,0.538959078082144
ergo_ground_truth,gt,4259,354.83333333333337,0.538942844056271
ergo_ground_truth,gt,4260,354.91666666666663,0.5389199367382519
ergo_ground_truth,gt,4261,355.0,0.5389033132798201
ergo_ground_truth,gt,4262,355.08333333333337,0.5388799995662279
ergo_ground_truth,gt,4263,355.16666666666663,0.5388659022201815
ergo_ground_truth,gt,4264,355.25,0.538844143426536
ergo_ground_truth,gt,4265,355.33333333333337,0.5388321425113036
ergo_ground_truth,gt,4266,355.41666666666663,0.5388108888045159
ergo_ground_truth,gt,4267,355.5,0.5387963165309199
ergo_ground_truth,gt,4268,355.58333333333337,0.5387753757515416
ergo_ground_truth,gt,4269,355.66666666666663,0.5387596373108825
ergo_ground_truth,gt,4270,355.75,0.5387392021011465
ergo_ground_truth,gt,4271,355.83333333333337,0.5387239091679492
ergo_ground_truth,gt,4272,355.91666666666663,0.5387044949239466
ergo_ground_truth,gt,4273,356.0,0.5386905127514596
ergo_ground_truth,gt,4274,356.08333333333337,0.5386725629578084
ergo_ground_truth,gt,4275,356.16666666666663,0.5386586796194306
ergo_ground_truth,gt,4276,356.25,0.5386411326716025
ergo_ground_truth,gt,4277,356.33333333333337,0.5386263000290482
ergo_ground_truth,gt,4278,356.41666666666663,0.5386090493449686
ergo_ground_truth,gt,4279,356.5,0.5385937365839134
ergo_ground_truth,gt,4280,356.58333333333337,0.5385772524001391
ergo_ground_truth,gt,4281,356.66666666666663,0.5385621670659508
ergo_ground_truth,gt,4282,356.75,0.5385471499913214
ergo_ground_truth,gt,4283,356.83333333333337,0.5385326810772205
ergo_ground_truth,gt,4284,356.91666666666663,0.5385191819727506
ergo_ground_truth,gt,4285,357.0,0.5385048927090732
ergo_ground_truth,gt,4286,357.08333333333337,0.5384919115838459
ergo_ground_truth,gt,4287,357.16666666666663,0.5384772710338861
ergo_ground_truth,gt,4288,357.25,0.538464553789618
ergo_ground_truth,gt,4289,357.33333333333337,0.5384496786956265
ergo_ground_truth,gt,4290,357.41666666666663,0.5384377246623756
ergo_ground_truth,gt,4291,357.5,0.5384229202365268
ergo_ground_truth,gt,4292,357.58333333333337,0.5384114723691541
ergo_ground_truth,gt,4293,357.66666666666663,0.5383964845021564
ergo_ground_truth,gt,4294,357.75,0.5383852025138397
ergo_ground_truth,gt,4295,357.83333333333337,0.5383700619036829
ergo_ground_truth,gt,4296,357.91666666666663,0.5383591947466
ergo_ground_truth,gt,4297,358.0,0.5383440147637648
ergo_ground_truth,gt,4298,358.08333333333337,0.5383340542314184
ergo_ground_truth,gt,4299,358.16666666666663,0.5383189285952382
ergo_ground_truth,gt,4300,358.25,0.5383102321987252
ergo_ground_truth,gt,4301,358.33333333333337,0.5382952353166556
ergo_ground_truth,gt,4302,358.41666666666663,0.5382875536415234
ergo_ground_truth,gt,4303,358.5,0.5382727102324794
ergo_ground_truth,gt,4304,358.58333333333337,0.5382653850576203
ergo_ground_truth,gt,4305,358.66666666666663,0.5382506916774337
ergo_ground_truth,gt,4306,358.75,0.5382434802202535
ergo_ground_truth,gt,4307,358.83333333333337,0.5382289103882272
ergo_ground_truth,gt,4308,358.91666666666663,0.5382220818744311
ergo_ground_truth,gt,4309,359.0,0.5382075680179594
ergo_ground_truth,gt,4310,359.08333333333337,0.538201548724858
ergo_ground_truth,gt,4311,359.16666666666663,0.538187048746083
ergo_ground_truth,gt,4312,359.25,0.5381820364589144
ergo_ground_truth,gt,4313,359.33333333333337,0.5381676160119504
ergo_ground_truth,gt,4314,359.41666666666663,0.5381632914838018
ergo_ground_truth,gt,4315,359.5,0.5381490896727524
ergo_ground_truth,gt,4316,359.58333333333337,0.5381449357431255
ergo_ground_truth,gt,4317,359.66666666666663,0.5381310236032382
ergo_ground_truth,gt,4318,359.75,0.5381269047837047
ergo_ground_truth,gt,4319,359.83333333333337,0.5381132116797307
ergo_ground_truth,gt,4320,359.91666666666663,0.5381093893497364
ergo_ground_truth,gt,4321,360.0,0.5380957721673805
ergo_ground_truth,target_error,1,0.0,0.0
ergo_ground_truth,target_error,2,0.08333333333337123,0.0
ergo_ground_truth,target_error,3,0.16666666666662877,0.0
ergo_ground_truth,target_error,4,0.25,0.0
ergo_ground_truth,target_error,5,0.33333333333337123,0.0
ergo_ground_truth,target_error,6,0.41666666666662877,0.0
ergo_ground_truth,target_error,7,0.5,0.0
ergo_ground_truth,target_error,8,0.5833333333333712,0.0
ergo_ground_truth,target_error,9,0.6666666666666288,0.0
ergo_ground_truth,target_error,10,0.75,0.0
ergo_ground_truth,target_error,11,0.8333333333333712,0.0
ergo_ground_truth,target_error,12,0.9166666666666288,0.0
ergo_ground_truth,target_error,13,1.0,0.0
ergo_ground_truth,target_error,14,1.0833333333333712,0.0
ergo_ground_truth,target_error,15,1.1666666666666288,0.0
ergo_ground_truth,target_error,16,1.25,0.0
ergo_ground_truth,target_error,17,1.3333333333333712,0.0
ergo_ground_truth,target_error,18,1.4166666666666288,0.0
ergo_ground_truth,target_error,19,1.5,0.0
ergo_ground_truth,target_error,20,1.5833333333333712,0.0
ergo_ground_truth,target_error,21,1.6666666666666288,0.0
ergo_ground_truth,target_error,22,1.75,0.0
ergo_ground_truth,target_error,23,1.8333333333333712,0.0
ergo_ground_truth,target_error,24,1.9166666666666288,0.0
ergo_ground_truth,target_error,25,2.0,0.0
ergo_ground_truth,target_error,26,2.0833333333333712,0.0
ergo_ground_truth,target_error,27,2.1666666666666288,0.0
ergo_ground_truth,target_error,28,2.25,0.0
ergo_ground_truth,target_error,29,2.3333333333333712,0.0
ergo_ground_truth,target_error,30,2.4166666666666288,0.0
ergo_ground_truth,target_error,31,2.5,0.0
ergo_ground_truth,target_error,32,2.5833333333333712,0.0
ergo_ground_truth,target_error,33,2.6666666666666288,0.0
ergo_ground_truth,target_error,34,2.75,0.0
ergo_ground_truth,target_error,35,2.8333333333333712,0.0
ergo_ground_truth,target_error,36,2.9166666666666288,0.0
ergo_ground_truth,target_error,37,3.0,0.0
ergo_ground_truth,target_error,38,3.0833333333333712,0.0
ergo_ground_truth,target_error,39,3.1666666666666288,0.0
ergo_ground_truth,target_error,40,3.25,0.0
ergo_ground_truth,target_error,41,3.3333333333333712,0.0
ergo_ground_truth,target_error,42,3.4166666666666288,0.0
ergo_ground_truth,target_error,43,3.5,0.0
ergo_ground_truth,target_error,44,3.5833333333333712,0.0
ergo_ground_truth,target_error,45,3.6666666666666288,0.0
ergo_ground_truth,target_error,46,3.75,0.0
ergo_ground_truth,target_error,47,3.8333333333333712,0.0
ergo_ground_truth,target_error,48,3.9166666666666288,0.0
ergo_ground_truth,target_error,49,4.0,0.0
ergo_ground_truth,target_error,50,4.083333333333371,0.0
ergo_ground_truth,target_error,51,4.166666666666629,0.0
ergo_ground_truth,target_error,52,4.25,0.0
ergo_ground_truth,target_error,53,4.333333333333371,0.0
ergo_ground_truth,target_error,54,4.416666666666629,0.0
ergo_ground_truth,target_error,55,4.5,0.0
ergo_ground_truth,target_error,56,4.583333333333371,0.0
ergo_ground_truth,target_error,57,4.666666666666629,0.0
ergo_ground_truth,target_error,58,4.75,0.0
ergo_ground_truth,target_error,59,4.833333333333371,0.0
ergo_ground_truth,target_error,60,4.916666666666629,0.0
ergo_ground_truth,target_error,61,5.0,0.0
ergo_ground_truth,target_error,62,5.083333333333371,0.0
ergo_ground_truth,target_error,63,5.166666666666629,0.0
ergo_ground_truth,target_error,64,5.25,0.0
ergo_ground_truth,target_error,65,5.333333333333371,0.0
ergo_ground_truth,target_error,66,5.416666666666629,0.0
ergo_ground_truth,target_error,67,5.5,0.0
ergo_ground_truth,target_error,68,5.583333333333371,0.0
ergo_ground_truth,target_error,69,5.666666666666629,0.0
ergo_ground_truth,target_error,70,5.75,0.0
ergo_ground_truth,target_error,71,5.833333333333371,0.0
ergo_ground_truth,target_error,72,5.916666666666629,0.0
ergo_ground_truth,target_error,73,6.0,0.0
ergo_ground_truth,target_error,74,6.083333333333371,0.0
ergo_ground_truth,target_error,75,6.166666666666629,0.0
ergo_ground_truth,target_error,76,6.25,0.0
ergo_ground_truth,target_error,77,6.333333333333371,0.0
ergo_ground_truth,target_error,78,6.416666666666629,0.0
ergo_ground_truth,target_error,79,6.5,0.0
ergo_ground_truth,target_error,80,6.583333333333371,0.0
ergo_ground_truth,target_error,81,6.666666666666629,0.0
ergo_ground_truth,target_error,82,6.75,0.0
ergo_ground_truth,target_error,83,6.833333333333371,0.0
ergo_ground_truth,target_error,84,6.916666666666629,0.0
ergo_ground_truth,target_error,85,7.0,0.0
ergo_ground_truth,target_error,86,7.083333333333371,0.0
ergo_ground_truth,target_error,87,7.166666666666629,0.0
ergo_ground_truth,target_error,88,7.25,0.0
ergo_ground_truth,target_error,89,7.333333333333371,0.0
ergo_ground_truth,target_error,90,7.416666666666629,0.0
ergo_ground_truth,target_error,91,7.5,0.0
ergo_ground_truth,target_error,92,7.583333333333371,0.0
ergo_ground_truth,target_error,93,7.666666666666629,0.0
ergo_ground_truth,target_error,94,7.75,0.0
ergo_ground_truth,target_error,95,7.833333333333371,0.0
ergo_ground_truth,target_error,96,7.916666666666629,0.0
ergo_ground_truth,target_error,97,8.0,0.0
ergo_ground_truth,target_error,98,8.083333333333371,0.0
ergo_ground_truth,target_error,99,8.166666666666629,0.0
ergo_ground_truth,target_error,100,8.25,0.0
ergo_ground_truth,target_error,101,8.333333333333371,0.0
ergo_ground_truth,target_error,102,8.416666666666629,0.0
ergo_ground_truth,target_error,103,8.5,0.0
ergo_ground_truth,target_error,104,8.583333333333371,0.0
ergo_ground_truth,target_error,105,8.666666666666629,0.0
ergo_ground_truth,target_error,106,8.75,0.0
ergo_ground_truth,target_error,107,8.833333333333371,0.0
ergo_ground_truth,target_error,108,8.916666666666629,0.0
ergo_ground_truth,target_error,109,9.0,0.0
ergo_ground_truth,target_error,110,9.083333333333371,0.0
ergo_ground_truth,target_error,111,9.166666666666629,0.0
ergo_ground_truth,target_error,112,9.25,0.0
ergo_ground_truth,target_error,113,9.333333333333371,0.0
ergo_ground_truth,target_error,114,9.416666666666629,0.0
ergo_ground_truth,target_error,115,9.5,0.0
ergo_ground_truth,target_error,116,9.583333333333371,0.0
ergo_ground_truth,target_error,117,9.666666666666629,0.0
ergo_ground_truth,target_error,118,9.75,0.0
ergo_ground_truth,target_error,119,9.833333333333371,0.0
ergo_ground_truth,target_error,120,9.916666666666629,0.0
ergo_ground_truth,target_error,121,10.0,0.0
ergo_ground_truth,target_error,122,10.083333333333371,0.0
ergo_ground_truth,target_error,123,10.166666666666629,0.0
ergo_ground_truth,target_error,124,10.25,0.0
ergo_ground_truth,target_error,125,10.333333333333371,0.0
ergo_ground_truth,target_error,126,10.416666666666629,0.0
ergo_ground_truth,target_error,127,10.5,0.0
ergo_ground_truth,target_error,128,10.583333333333371,0.0
ergo_ground_truth,target_error,129,10.666666666666629,0.0
ergo_ground_truth,target_error,130,10.75,0.0
ergo_ground_truth,target_error,131,10.833333333333371,0.0
ergo_ground_truth,target_error,132,10.916666666666629,0.0
ergo_ground_truth,target_error,133,11.0,0.0
ergo_ground_truth,target_error,134,11.083333333333371,0.0
ergo_ground_truth,target_error,135,11.166666666666629,0.0
ergo_ground_truth,target_error,136,11.25,0.0
ergo_ground_truth,target_error,137,11.333333333333371,0.0
ergo_ground_truth,target_error,138,11.416666666666629,0.0
ergo_ground_truth,target_error,139,11.5,0.0
ergo_ground_truth,target_error,140,11.583333333333371,0.0
ergo_ground_truth,target_error,141,11.666666666666629,0.0
ergo_ground_truth,target_error,142,11.75,0.0
ergo_ground_truth,target_error,143,11.833333333333371,0.0
ergo_ground_truth,target_error,144,11.916666666666629,0.0
ergo_ground_truth,target_error,145,12.0,0.0
ergo_ground_truth,target_error,146,12.083333333333371,0.0
ergo_ground_truth,target_error,147,12.166666666666629,0.0
ergo_ground_truth,target_error,148,12.25,0.0
ergo_ground_truth,target_error,149,12.333333333333371,0.0
ergo_ground_truth,target_error,150,12.416666666666629,0.0
ergo_ground_truth,target_error,151,12.5,0.0
ergo_ground_truth,target_error,152,12.583333333333371,0.0
ergo_ground_truth,target_error,153,12.666666666666629,0.0
ergo_ground_truth,target_error,154,12.75,0.0
ergo_ground_truth,target_error,155,12.833333333333371,0.0
ergo_ground_truth,target_error,156,12.916666666666629,0.0
ergo_ground_truth,target_error,157,13.0,0.0
ergo_ground_truth,target_error,158,13.083333333333371,0.0
ergo_ground_truth,target_error,159,13.166666666666629,0.0
ergo_ground_truth,target_error,160,13.25,0.0
ergo_ground_truth,target_error,161,13.333333333333371,0.0
ergo_ground_truth,target_error,162,13.416666666666629,0.0
ergo_ground_truth,target_error,163,13.5,0.0
ergo_ground_truth,target_error,164,13.583333333333371,0.0
ergo_ground_truth,target_error,165,13.666666666666629,0.0
ergo_ground_truth,target_error,166,13.75,0.0
ergo_ground_truth,target_error,167,13.833333333333371,0.0
ergo_ground_truth,target_error,168,13.916666666666629,0.0
ergo_ground_truth,target_error,169,14.0,0.0
ergo_ground_truth,target_error,170,14.083333333333371,0.0
ergo_ground_truth,target_error,171,14.166666666666629,0.0
ergo_ground_truth,target_error,172,14.25,0.0
ergo_ground_truth,target_error,173,14.333333333333371,0.0
ergo_ground_truth,target_error,174,14.416666666666629,0.0
ergo_ground_truth,target_error,175,14.5,0.0
ergo_ground_truth,target_error,176,14.583333333333371,0.0
ergo_ground_truth,target_error,177,14.666666666666629,0.0
ergo_ground_truth,target_error,178,14.75,0.0
ergo_ground_truth,target_error,179,14.833333333333371,0.0
ergo_ground_truth,target_error,180,14.916666666666629,0.0
ergo_ground_truth,target_error,181,15.0,0.0
ergo_ground_truth,target_error,182,15.083333333333371,0.0
ergo_ground_truth,target_error,183,15.166666666666629,0.0
ergo_ground_truth,target_error,184,15.25,0.0
ergo_ground_truth,target_error,185,15.333333333333371,0.0
ergo_ground_truth,target_error,186,15.416666666666629,0.0
ergo_ground_truth,target_error,187,15.5,0.0
ergo_ground_truth,target_error,188,15.583333333333371,0.0
ergo_ground_truth,target_error,189,15.666666666666629,0.0
ergo_ground_truth,target_error,190,15.75,0.0
ergo_ground_truth,target_error,191,15.833333333333371,0.0
ergo_ground_truth,target_error,192,15.916666666666629,0.0
ergo_ground_truth,target_error,193,16.0,0.0
ergo_ground_truth,target_error,194,16.08333333333337,0.0
ergo_ground_truth,target_error,195,16.16666666666663,0.0
ergo_ground_truth,target_error,196,16.25,0.0
ergo_ground_truth,target_error,197,16.33333333333337,0.0
ergo_ground_truth,target_error,198,16.41666666666663,0.0
ergo_ground_truth,target_error,199,16.5,0.0
ergo_ground_truth,target_error,200,16.58333333333337,0.0
ergo_ground_truth,target_error,201,16.66666666666663,0.0
ergo_ground_truth,target_error,202,16.75,0.0
ergo_ground_truth,target_error,203,16.83333333333337,0.0
ergo_ground_truth,target_error,204,16.91666666666663,0.0
ergo_ground_truth,target_error,205,17.0,0.0
ergo_ground_truth,target_error,206,17.08333333333337,0.0
ergo_ground_truth,target_error,207,17.16666666666663,0.0
ergo_ground_truth,target_error,208,17.25,0.0
ergo_ground_truth,target_error,209,17.33333333333337,0.0
ergo_ground_truth,target_error,210,17.41666666666663,0.0
ergo_ground_truth,target_error,211,17.5,0.0
ergo_ground_truth,target_error,212,17.58333333333337,0.0
ergo_ground_truth,target_error,213,17.66666666666663,0.0
ergo_ground_truth,target_error,214,17.75,0.0
ergo_ground_truth,target_error,215,17.83333333333337,0.0
ergo_ground_truth,target_error,216,17.91666666666663,0.0
ergo_ground_truth,target_error,217,18.0,0.0
ergo_ground_truth,target_error,218,18.08333333333337,0.0
ergo_ground_truth,target_error,219,18.16666666666663,0.0
ergo_ground_truth,target_error,220,18.25,0.0
ergo_ground_truth,target_error,221,18.33333333333337,0.0
ergo_ground_truth,target_error,222,18.41666666666663,0.0
ergo_ground_truth,target_error,223,18.5,0.0
ergo_ground_truth,target_error,224,18.58333333333337,0.0
ergo_ground_truth,target_error,225,18.66666666666663,0.0
ergo_ground_truth,target_error,226,18.75,0.0
ergo_ground_truth,target_error,227,18.83333333333337,0.0
ergo_ground_truth,target_error,228,18.91666666666663,0.0
ergo_ground_truth,target_error,229,19.0,0.0
ergo_ground_truth,target_error,230,19.08333333333337,0.0
ergo_ground_truth,target_error,231,19.16666666666663,0.0
ergo_ground_truth,target_error,232,19.25,0.0
ergo_ground_truth,target_error,233,19.33333333333337,0.0
ergo_ground_truth,target_error,234,19.41666666666663,0.0
ergo_ground_truth,target_error,235,19.5,0.0
ergo_ground_truth,target_error,236,19.58333333333337,0.0
ergo_ground_truth,target_error,237,19.66666666666663,0.0
ergo_ground_truth,target_error,238,19.75,0.0
ergo_ground_truth,target_error,239,19.83333333333337,0.0
ergo_ground_truth,target_error,240,19.91666666666663,0.0
ergo_ground_truth,target_error,241,20.0,0.0
ergo_ground_truth,target_error,242,20.08333333333337,0.0
ergo_ground_truth,target_error,243,20.16666666666663,0.0
ergo_ground_truth,target_error,244,20.25,0.0
ergo_ground_truth,target_error,245,20.33333333333337,0.0
ergo_ground_truth,target_error,246,20.41666666666663,0.0
ergo_ground_truth,target_error,247,20.5,0.0
ergo_ground_truth,target_error,248,20.58333333333337,0.0
ergo_ground_truth,target_error,249,20.66666666666663,0.0
ergo_ground_truth,target_error,250,20.75,0.0
ergo_ground_truth,target_error,251,20.83333333333337,0.0
ergo_ground_truth,target_error,252,20.91666666666663,0.0
ergo_ground_truth,target_error,253,21.0,0.0
ergo_ground_truth,target_error,254,21.08333333333337,0.0
ergo_ground_truth,target_error,255,21.16666666666663,0.0
ergo_ground_truth,target_error,256,21.25,0.0
ergo_ground_truth,target_error,257,21.33333333333337,0.0
ergo_ground_truth,target_error,258,21.41666666666663,0.0
ergo_ground_truth,target_error,259,21.5,0.0
ergo_ground_truth,target_error,260,21.58333333333337,0.0
ergo_ground_truth,target_error,261,21.66666666666663,0.0
ergo_ground_truth,target_error,262,21.75,0.0
ergo_ground_truth,target_error,263,21.83333333333337,0.0
ergo_ground_truth,target_error,264,21.91666666666663,0.0
ergo_ground_truth,target_error,265,22.0,0.0
ergo_ground_truth,target_error,266,22.08333333333337,0.0
ergo_ground_truth,target_error,267,22.16666666666663,0.0
ergo_ground_truth,target_error,268,22.25,0.0
ergo_ground_truth,target_error,269,22.33333333333337,0.0
ergo_ground_truth,target_error,270,22.41666666666663,0.0
ergo_ground_truth,target_error,271,22.5,0.0
ergo_ground_truth,target_error,272,22.58333333333337,0.0
ergo_ground_truth,target_error,273,22.66666666666663,0.0
ergo_ground_truth,target_error,274,22.75,0.0
ergo_ground_truth,target_error,275,22.83333333333337,0.0
ergo_ground_truth,target_error,276,22.91666666666663,0.0
ergo_ground_truth,target_error,277,23.0,0.0
ergo_ground_truth,target_error,278,23.08333333333337,0.0
ergo_ground_truth,target_error,279,23.16666666666663,0.0
ergo_ground_truth,target_error,280,23.25,0.0
ergo_ground_truth,target_error,281,23.33333333333337,0.0
ergo_ground_truth,target_error,282,23.41666666666663,0.0
ergo_ground_truth,target_error,283,23.5,0.0
ergo_ground_truth,target_error,284,23.58333333333337,0.0
ergo_ground_truth,target_error,285,23.66666666666663,0.0
ergo_ground_truth,target_error,286,23.75,0.0
ergo_ground_truth,target_error,287,23.83333333333337,0.0
ergo_ground_truth,target_error,288,23.91666666666663,0.0
ergo_ground_truth,target_error,289,24.0,0.0
ergo_ground_truth,target_error,290,24.08333333333337,0.0
ergo_ground_truth,target_error,291,24.16666666666663,0.0
ergo_ground_truth,target_error,292,24.25,0.0
ergo_ground_truth,target_error,293,24.33333333333337,0.0
ergo_ground_truth,target_error,294,24.41666666666663,0.0
ergo_ground_truth,target_error,295,24.5,0.0
ergo_ground_truth,target_error,296,24.58333333333337,0.0
ergo_ground_truth,target_error,297,24.66666666666663,0.0
ergo_ground_truth,target_error,298,24.75,0.0
ergo_ground_truth,target_error,299,24.83333333333337,0.0
ergo_ground_truth,target_error,300,24.91666666666663,0.0
ergo_ground_truth,target_error,301,25.0,0.0
ergo_ground_truth,target_error,302,25.08333333333337,0.0
ergo_ground_truth,target_error,303,25.16666666666663,0.0
ergo_ground_truth,target_error,304,25.25,0.0
ergo_ground_truth,target_error,305,25.33333333333337,0.0
ergo_ground_truth,target_error,306,25.41666666666663,0.0
ergo_ground_truth,target_error,307,25.5,0.0
ergo_ground_truth,target_error,308,25.58333333333337,0.0
ergo_ground_truth,target_error,309,25.66666666666663,0.0
ergo_ground_truth,target_error,310,25.75,0.0
ergo_ground_truth,target_error,311,25.83333333333337,0.0
ergo_ground_truth,target_error,312,25.91666666666663,0.0
ergo_ground_truth,target_error,313,26.0,0.0
ergo_ground_truth,target_error,314,26.08333333333337,0.0
ergo_ground_truth,target_error,315,26.16666666666663,0.0
ergo_ground_truth,target_error,316,26.25,0.0
ergo_ground_truth,target_error,317,26.33333333333337,0.0
ergo_ground_truth,target_error,318,26.41666666666663,0.0
ergo_ground_truth,target_error,319,26.5,0.0
ergo_ground_truth,target_error,320,26.58333333333337,0.0
ergo_ground_truth,target_error,321,26.66666666666663,0.0
ergo_ground_truth,target_error,322,26.75,0.0
ergo_ground_truth,target_error,323,26.83333333333337,0.0
ergo_ground_truth,target_error,324,26.91666666666663,0.0
ergo_ground_truth,target_error,325,27.0,0.0
ergo_ground_truth,target_error,326,27.08333333333337,0.0
ergo_ground_truth,target_error,327,27.16666666666663,0.0
ergo_ground_truth,target_error,328,27.25,0.0
ergo_ground_truth,target_error,329,27.33333333333337,0.0
ergo_ground_truth,target_error,330,27.41666666666663,0.0
ergo_ground_truth,target_error,331,27.5,0.0
ergo_ground_truth,target_error,332,27.58333333333337,0.0
ergo_ground_truth,target_error,333,27.66666666666663,0.0
ergo_ground_truth,target_error,334,27.75,0.0
ergo_ground_truth,target_error,335,27.83333333333337,0.0
ergo_ground_truth,target_error,336,27.91666666666663,0.0
ergo_ground_truth,target_error,337,28.0,0.0
ergo_ground_truth,target_error,338,28.08333333333337,0.0
ergo_ground_truth,target_error,339,28.16666666666663,0.0
ergo_ground_truth,target_error,340,28.25,0.0
ergo_ground_truth,target_error,341,28.33333333333337,0.0
ergo_ground_truth,target_error,342,28.41666666666663,0.0
ergo_ground_truth,target_error,343,28.5,0.0
ergo_ground_truth,target_error,344,28.58333333333337,0.0
ergo_ground_truth,target_error,345,28.66666666666663,0.0
ergo_ground_truth,target_error,346,28.75,0.0
ergo_ground_truth,target_error,347,28.83333333333337,0.0
ergo_ground_truth,target_error,348,28.91666666666663,0.0
ergo_ground_truth,target_error,349,29.0,0.0
ergo_ground_truth,target_error,350,29.08333333333337,0.0
ergo_ground_truth,target_error,351,29.16666666666663,0.0
ergo_ground_truth,target_error,352,29.25,0.0
ergo_ground_truth,target_error,353,29.33333333333337,0.0
ergo_ground_truth,target_error,354,29.41666666666663,0.0
ergo_ground_truth,target_error,355,29.5,0.0
ergo_ground_truth,target_error,356,29.58333333333337,0.0
ergo_ground_truth,target_error,357,29.66666666666663,0.0
ergo_ground_truth,target_error,358,29.75,0.0
ergo_ground_truth,target_error,359,29.83333333333337,0.0
ergo_ground_truth,target_error,360,29.91666666666663,0.0
ergo_ground_truth,target_error,361,30.0,0.0
ergo_ground_truth,target_error,362,30.08333333333337,0.0
ergo_ground_truth,target_error,363,30.16666666666663,0.0
ergo_ground_truth,target_error,364,30.25,0.0
ergo_ground_truth,target_error,365,30.33333333333337,0.0
ergo_ground_truth,target_error,366,30.41666666666663,0.0
ergo_ground_truth,target_error,367,30.5,0.0
ergo_ground_truth,target_error,368,30.58333333333337,0.0
ergo_ground_truth,target_error,369,30.66666666666663,0.0
ergo_ground_truth,target_error,370,30.75,0.0
ergo_ground_truth,target_error,371,30.83333333333337,0.0
ergo_ground_truth,target_error,372,30.91666666666663,0.0
ergo_ground_truth,target_error,373,31.0,0.0
ergo_ground_truth,target_error,374,31.08333333333337,0.0
ergo_ground_truth,target_error,375,31.16666666666663,0.0
ergo_ground_truth,target_error,376,31.25,0.0
ergo_ground_truth,target_error,377,31.33333333333337,0.0
ergo_ground_truth,target_error,378,31.41666666666663,0.0
ergo_ground_truth,target_error,379,31.5,0.0
ergo_ground_truth,target_error,380,31.58333333333337,0.0
ergo_ground_truth,target_error,381,31.66666666666663,0.0
ergo_ground_truth,target_error,382,31.75,0.0
ergo_ground_truth,target_error,383,31.83333333333337,0.0
ergo_ground_truth,target_error,384,31.91666666666663,0.0
ergo_ground_truth,target_error,385,32.0,0.0
ergo_ground_truth,target_error,386,32.08333333333337,0.0
ergo_ground_truth,target_error,387,32.16666666666663,0.0
ergo_ground_truth,target_error,388,32.25,0.0
ergo_ground_truth,target_error,389,32.33333333333337,0.0
ergo_ground_truth,target_error,390,32.41666666666663,0.0
ergo_ground_truth,target_error,391,32.5,0.0
ergo_ground_truth,target_error,392,32.58333333333337,0.0
ergo_ground_truth,target_error,393,32.66666666666663,0.0
ergo_ground_truth,target_error,394,32.75,0.0
ergo_ground_truth,target_error,395,32.83333333333337,0.0
ergo_ground_truth,target_error,396,32.91666666666663,0.0
ergo_ground_truth,target_error,397,33.0,0.0
ergo_ground_truth,target_error,398,33.08333333333337,0.0
ergo_ground_truth,target_error,399,33.16666666666663,0.0
ergo_ground_truth,target_error,400,33.25,0.0
ergo_ground_truth,target_error,401,33.33333333333337,0.0
ergo_ground_truth,target_error,402,33.41666666666663,0.0
ergo_ground_truth,target_error,403,33.5,0.0
ergo_ground_truth,target_error,404,33.58333333333337,0.0
ergo_ground_truth,target_error,405,33.66666666666663,0.0
ergo_ground_truth,target_error,406,33.75,0.0
ergo_ground_truth,target_error,407,33.83333333333337,0.0
ergo_ground_truth,target_error,408,33.91666666666663,0.0
ergo_ground_truth,target_error,409,34.0,0.0
ergo_ground_truth,target_error,410,34.08333333333337,0.0
ergo_ground_truth,target_error,411,34.16666666666663,0.0
ergo_ground_truth,target_error,412,34.25,0.0
ergo_ground_truth,target_error,413,34.33333333333337,0.0
ergo_ground_truth,target_error,414,34.41666666666663,0.0
ergo_ground_truth,target_error,415,34.5,0.0
ergo_ground_truth,target_error,416,34.58333333333337,0.0
ergo_ground_truth,target_error,417,34.66666666666663,0.0
ergo_ground_truth,target_error,418,34.75,0.0
ergo_ground_truth,target_error,419,34.83333333333337,0.0
ergo_ground_truth,target_error,420,34.91666666666663,0.0
ergo_ground_truth,target_error,421,35.0,0.0
ergo_ground_truth,target_error,422,35.08333333333337,0.0
ergo_ground_truth,target_error,423,35.16666666666663,0.0
ergo_ground_truth,target_error,424,35.25,0.0
ergo_ground_truth,target_error,425,35.33333333333337,0.0
ergo_ground_truth,target_error,426,35.41666666666663,0.0
ergo_ground_truth,target_error,427,35.5,0.0
ergo_ground_truth,target_error,428,35.58333333333337,0.0
ergo_ground_truth,target_error,429,35.66666666666663,0.0
ergo_ground_truth,target_error,430,35.75,0.0
ergo_ground_truth,target_error,431,35.83333333333337,0.0
ergo_ground_truth,target_error,432,35.91666666666663,0.0
ergo_ground_truth,target_error,433,36.0,0.0
ergo_ground_truth,target_error,434,36.08333333333337,0.0
ergo_ground_truth,target_error,435,36.16666666666663,0.0
ergo_ground_truth,target_error,436,36.25,0.0
ergo_ground_truth,target_error,437,36.33333333333337,0.0
ergo_ground_truth,target_error,438,36.41666666666663,0.0
ergo_ground_truth,target_error,439,36.5,0.0
ergo_ground_truth,target_error,440,36.58333333333337,0.0
ergo_ground_truth,target_error,441,36.66666666666663,0.0
ergo_ground_truth,target_error,442,36.75,0.0
ergo_ground_truth,target_error,443,36.83333333333337,0.0
ergo_ground_truth,target_error,444,36.91666666666663,0.0
ergo_ground_truth,target_error,445,37.0,0.0
ergo_ground_truth,target_error,446,37.08333333333337,0.0
ergo_ground_truth,target_error,447,37.16666666666663,0.0
ergo_ground_truth,target_error,448,37.25,0.0
ergo_ground_truth,target_error,449,37.33333333333337,0.0
ergo_ground_truth,target_error,450,37.41666666666663,0.0
ergo_ground_truth,target_error,451,37.5,0.0
ergo_ground_truth,target_error,452,37.58333333333337,0.0
ergo_ground_truth,target_error,453,37.66666666666663,0.0
ergo_ground_truth,target_error,454,37.75,0.0
ergo_ground_truth,target_error,455,37.83333333333337,0.0
ergo_ground_truth,target_error,456,37.91666666666663,0.0
ergo_ground_truth,target_error,457,38.0,0.0
ergo_ground_truth,target_error,458,38.08333333333337,0.0
ergo_ground_truth,target_error,459,38.16666666666663,0.0
ergo_ground_truth,target_error,460,38.25,0.0
ergo_ground_truth,target_error,461,38.33333333333337,0.0
ergo_ground_truth,target_error,462,38.41666666666663,0.0
ergo_ground_truth,target_error,463,38.5,0.0
ergo_ground_truth,target_error,464,38.58333333333337,0.0
ergo_ground_truth,target_error,465,38.66666666666663,0.0
ergo_ground_truth,target_error,466,38.75,0.0
ergo_ground_truth,target_error,467,38.83333333333337,0.0
ergo_ground_truth,target_error,468,38.91666666666663,0.0
ergo_ground_truth,target_error,469,39.0,0.0
ergo_ground_truth,target_error,470,39.08333333333337,0.0
ergo_ground_truth,target_error,471,39.16666666666663,0.0
ergo_ground_truth,target_error,472,39.25,0.0
ergo_ground_truth,target_error,473,39.33333333333337,0.0
ergo_ground_truth,target_error,474,39.41666666666663,0.0
ergo_ground_truth,target_error,475,39.5,0.0
ergo_ground_truth,target_error,476,39.58333333333337,0.0
ergo_ground_truth,target_error,477,39.66666666666663,0.0
ergo_ground_truth,target_error,478,39.75,0.0
ergo_ground_truth,target_error,479,39.83333333333337,0.0
ergo_ground_truth,target_error,480,39.91666666666663,0.0
ergo_ground_truth,target_error,481,40.0,0.0
ergo_ground_truth,target_error,482,40.08333333333337,0.0
ergo_ground_truth,target_error,483,40.16666666666663,0.0
ergo_ground_truth,target_error,484,40.25,0.0
ergo_ground_truth,target_error,485,40.33333333333337,0.0
ergo_ground_truth,target_error,486,40.41666666666663,0.0
ergo_ground_truth,target_error,487,40.5,0.0
ergo_ground_truth,target_error,488,40.58333333333337,0.0
ergo_ground_truth,target_error,489,40.66666666666663,0.0
ergo_ground_truth,target_error,490,40.75,0.0
ergo_ground_truth,target_error,491,40.83333333333337,0.0
ergo_ground_truth,target_error,492,40.91666666666663,0.0
ergo_ground_truth,target_error,493,41.0,0.0
ergo_ground_truth,target_error,494,41.08333333333337,0.0
ergo_ground_truth,target_error,495,41.16666666666663,0.0
ergo_ground_truth,target_error,496,41.25,0.0
ergo_ground_truth,target_error,497,41.33333333333337,0.0
ergo_ground_truth,target_error,498,41.41666666666663,0.0
ergo_ground_truth,target_error,499,41.5,0.0
ergo_ground_truth,target_error,500,41.58333333333337,0.0
ergo_ground_truth,target_error,501,41.66666666666663,0.0
ergo_ground_truth,target_error,502,41.75,0.0
ergo_ground_truth,target_error,503,41.83333333333337,0.0
ergo_ground_truth,target_error,504,41.91666666666663,0.0
ergo_ground_truth,target_error,505,42.0,0.0
ergo_ground_truth,target_error,506,42.08333333333337,0.0
ergo_ground_truth,target_error,507,42.16666666666663,0.0
ergo_ground_truth,target_error,508,42.25,0.0
ergo_ground_truth,target_error,509,42.33333333333337,0.0
ergo_ground_truth,target_error,510,42.41666666666663,0.0
ergo_ground_truth,target_error,511,42.5,0.0
ergo_ground_truth,target_error,512,42.58333333333337,0.0
ergo_ground_truth,target_error,513,42.66666666666663,0.0
ergo_ground_truth,target_error,514,42.75,0.0
ergo_ground_truth,target_error,515,42.83333333333337,0.0
ergo_ground_truth,target_error,516,42.91666666666663,0.0
ergo_ground_truth,target_error,517,43.0,0.0
ergo_ground_truth,target_error,518,43.08333333333337,0.0
ergo_ground_truth,target_error,519,43.16666666666663,0.0
ergo_ground_truth,target_error,520,43.25,0.0
ergo_ground_truth,target_error,521,43.33333333333337,0.0
ergo_ground_truth,target_error,522,43.41666666666663,0.0
ergo_ground_truth,target_error,523,43.5,0.0
ergo_ground_truth,target_error,524,43.58333333333337,0.0
ergo_ground_truth,target_error,525,43.66666666666663,0.0
ergo_ground_truth,target_error,526,43.75,0.0
ergo_ground_truth,target_error,527,43.83333333333337,0.0
ergo_ground_truth,target_error,528,43.91666666666663,0.0
ergo_ground_truth,target_error,529,44.0,0.0
ergo_ground_truth,target_error,530,44.08333333333337,0.0
ergo_ground_truth,target_error,531,44.16666666666663,0.0
ergo_ground_truth,target_error,532,44.25,0.0
ergo_ground_truth,target_error,533,44.33333333333337,0.0
ergo_ground_truth,target_error,534,44.41666666666663,0.0
ergo_ground_truth,target_error,535,44.5,0.0
ergo_ground_truth,target_error,536,44.58333333333337,0.0
ergo_ground_truth,target_error,537,44.66666666666663,0.0
ergo_ground_truth,target_error,538,44.75,0.0
ergo_ground_truth,target_error,539,44.83333333333337,0.0
ergo_ground_truth,target_error,540,44.91666666666663,0.0
ergo_ground_truth,target_error,541,45.0,0.0
ergo_ground_truth,target_error,542,45.08333333333337,0.0
ergo_ground_truth,target_error,543,45.16666666666663,0.0
ergo_ground_truth,target_error,544,45.25,0.0
ergo_ground_truth,target_error,545,45.33333333333337,0.0
ergo_ground_truth,target_error,546,45.41666666666663,0.0
ergo_ground_truth,target_error,547,45.5,0.0
ergo_ground_truth,target_error,548,45.58333333333337,0.0
ergo_ground_truth,target_error,549,45.66666666666663,0.0
ergo_ground_truth,target_error,550,45.75,0.0
ergo_ground_truth,target_error,551,45.83333333333337,0.0
ergo_ground_truth,target_error,552,45.91666666666663,0.0
ergo_ground_truth,target_error,553,46.0,0.0
ergo_ground_truth,target_error,554,46.08333333333337,0.0
ergo_ground_truth,target_error,555,46.16666666666663,0.0
ergo_ground_truth,target_error,556,46.25,0.0
ergo_ground_truth,target_error,557,46.33333333333337,0.0
ergo_ground_truth,target_error,558,46.41666666666663,0.0
ergo_ground_truth,target_error,559,46.5,0.0
ergo_ground_truth,target_error,560,46.58333333333337,0.0
ergo_ground_truth,target_error,561,46.66666666666663,0.0
ergo_ground_truth,target_error,562,46.75,0.0
ergo_ground_truth,target_error,563,46.83333333333337,0.0
ergo_ground_truth,target_error,564,46.91666666666663,0.0
ergo_ground_truth,target_error,565,47.0,0.0
ergo_ground_truth,target_error,566,47.08333333333337,0.0
ergo_ground_truth,target_error,567,47.16666666666663,0.0
ergo_ground_truth,target_error,568,47.25,0.0
ergo_ground_truth,target_error,569,47.33333333333337,0.0
ergo_ground_truth,target_error,570,47.41666666666663,0.0
ergo_ground_truth,target_error,571,47.5,0.0
ergo_ground_truth,target_error,572,47.58333333333337,0.0
ergo_ground_truth,target_error,573,47.66666666666663,0.0
ergo_ground_truth,target_error,574,47.75,0.0
ergo_ground_truth,target_error,575,47.83333333333337,0.0
ergo_ground_truth,target_error,576,47.91666666666663,0.0
ergo_ground_truth,target_error,577,48.0,0.0
ergo_ground_truth,target_error,578,48.08333333333337,0.0
ergo_ground_truth,target_error,579,48.16666666666663,0.0
ergo_ground_truth,target_error,580,48.25,0.0
ergo_ground_truth,target_error,581,48.33333333333337,0.0
ergo_ground_truth,target_error,582,48.41666666666663,0.0
ergo_ground_truth,target_error,583,48.5,0.0
ergo_ground_truth,target_error,584,48.58333333333337,0.0
ergo_ground_truth,target_error,585,48.66666666666663,0.0
ergo_ground_truth,target_error,586,48.75,0.0
ergo_ground_truth,target_error,587,48.83333333333337,0.0
ergo_ground_truth,target_error,588,48.91666666666663,0.0
ergo_ground_truth,target_error,589,49.0,0.0
ergo_ground_truth,target_error,590,49.08333333333337,0.0
ergo_ground_truth,target_error,591,49.16666666666663,0.0
ergo_ground_truth,target_error,592,49.25,0.0
ergo_ground_truth,target_error,593,49.33333333333337,0.0
ergo_ground_truth,target_error,594,49.41666666666663,0.0
ergo_ground_truth,target_error,595,49.5,0.0
ergo_ground_truth,target_error,596,49.58333333333337,0.0
ergo_ground_truth,target_error,597,49.66666666666663,0.0
ergo_ground_truth,target_error,598,49.75,0.0
ergo_ground_truth,target_error,599,49.83333333333337,0.0
ergo_ground_truth,target_error,600,49.91666666666663,0.0
ergo_ground_truth,target_error,601,50.0,0.0
ergo_ground_truth,target_error,602,50.08333333333337,0.0
ergo_ground_truth,target_error,603,50.16666666666663,0.0
ergo_ground_truth,target_error,604,50.25,0.0
ergo_ground_truth,target_error,605,50.33333333333337,0.0
ergo_ground_truth,target_error,606,50.41666666666663,0.0
ergo_ground_truth,target_error,607,50.5,0.0
ergo_ground_truth,target_error,608,50.58333333333337,0.0
ergo_ground_truth,target_error,609,50.66666666666663,0.0
ergo_ground_truth,target_error,610,50.75,0.0
ergo_ground_truth,target_error,611,50.83333333333337,0.0
ergo_ground_truth,target_error,612,50.91666666666663,0.0
ergo_ground_truth,target_error,613,51.0,0.0
ergo_ground_truth,target_error,614,51.08333333333337,0.0
ergo_ground_truth,target_error,615,51.16666666666663,0.0
ergo_ground_truth,target_error,616,51.25,0.0
ergo_ground_truth,target_error,617,51.33333333333337,0.0
ergo_ground_truth,target_error,618,51.41666666666663,0.0
ergo_ground_truth,target_error,619,51.5,0.0
ergo_ground_truth,target_error,620,51.58333333333337,0.0
ergo_ground_truth,target_error,621,51.66666666666663,0.0
ergo_ground_truth,target_error,622,51.75,0.0
ergo_ground_truth,target_error,623,51.83333333333337,0.0
ergo_ground_truth,target_error,624,51.91666666666663,0.0
ergo_ground_truth,target_error,625,52.0,0.0
ergo_ground_truth,target_error,626,52.08333333333337,0.0
ergo_ground_truth,target_error,627,52.16666666666663,0.0
ergo_ground_truth,target_error,628,52.25,0.0
ergo_ground_truth,target_error,629,52.33333333333337,0.0
ergo_ground_truth,target_error,630,52.41666666666663,0.0
ergo_ground_truth,target_error,631,52.5,0.0
ergo_ground_truth,target_error,632,52.58333333333337,0.0
ergo_ground_truth,target_error,633,52.66666666666663,0.0
ergo_ground_truth,target_error,634,52.75,0.0
ergo_ground_truth,target_error,635,52.83333333333337,0.0
ergo_ground_truth,target_error,636,52.91666666666663,0.0
ergo_ground_truth,target_error,637,53.0,0.0
ergo_ground_truth,target_error,638,53.08333333333337,0.0
ergo_ground_truth,target_error,639,53.16666666666663,0.0
ergo_ground_truth,target_error,640,53.25,0.0
ergo_ground_truth,target_error,641,53.33333333333337,0.0
ergo_ground_truth,target_error,642,53.41666666666663,0.0
ergo_ground_truth,target_error,643,53.5,0.0
ergo_ground_truth,target_error,644,53.58333333333337,0.0
ergo_ground_truth,target_error,645,53.66666666666663,0.0
ergo_ground_truth,target_error,646,53.75,0.0
ergo_ground_truth,target_error,647,53.83333333333337,0.0
ergo_ground_truth,target_error,648,53.91666666666663,0.0
ergo_ground_truth,target_error,649,54.0,0.0
ergo_ground_truth,target_error,650,54.08333333333337,0.0
ergo_ground_truth,target_error,651,54.16666666666663,0.0
ergo_ground_truth,target_error,652,54.25,0.0
ergo_ground_truth,target_error,653,54.33333333333337,0.0
ergo_ground_truth,target_error,654,54.41666666666663,0.0
ergo_ground_truth,target_error,655,54.5,0.0
ergo_ground_truth,target_error,656,54.58333333333337,0.0
ergo_ground_truth,target_error,657,54.66666666666663,0.0
ergo_ground_truth,target_error,658,54.75,0.0
ergo_ground_truth,target_error,659,54.83333333333337,0.0
ergo_ground_truth,target_error,660,54.91666666666663,0.0
ergo_ground_truth,target_error,661,55.0,0.0
ergo_ground_truth,target_error,662,55.08333333333337,0.0
ergo_ground_truth,target_error,663,55.16666666666663,0.0
ergo_ground_truth,target_error,664,55.25,0.0
ergo_ground_truth,target_error,665,55.33333333333337,0.0
ergo_ground_truth,target_error,666,55.41666666666663,0.0
ergo_ground_truth,target_error,667,55.5,0.0
ergo_ground_truth,target_error,668,55.58333333333337,0.0
ergo_ground_truth,target_error,669,55.66666666666663,0.0
ergo_ground_truth,target_error,670,55.75,0.0
ergo_ground_truth,target_error,671,55.83333333333337,0.0
ergo_ground_truth,target_error,672,55.91666666666663,0.0
ergo_ground_truth,target_error,673,56.0,0.0
ergo_ground_truth,target_error,674,56.08333333333337,0.0
ergo_ground_truth,target_error,675,56.16666666666663,0.0
ergo_ground_truth,target_error,676,56.25,0.0
ergo_ground_truth,target_error,677,56.33333333333337,0.0
ergo_ground_truth,target_error,678,56.41666666666663,0.0
ergo_ground_truth,target_error,679,56.5,0.0
ergo_ground_truth,target_error,680,56.58333333333337,0.0
ergo_ground_truth,target_error,681,56.66666666666663,0.0
ergo_ground_truth,target_error,682,56.75,0.0
ergo_ground_truth,target_error,683,56.83333333333337,0.0
ergo_ground_truth,target_error,684,56.91666666666663,0.0
ergo_ground_truth,target_error,685,57.0,0.0
ergo_ground_truth,target_error,686,57.08333333333337,0.0
ergo_ground_truth,target_error,687,57.16666666666663,0.0
ergo_ground_truth,target_error,688,57.25,0.0
ergo_ground_truth,target_error,689,57.33333333333337,0.0
ergo_ground_truth,target_error,690,57.41666666666663,0.0
ergo_ground_truth,target_error,691,57.5,0.0
ergo_ground_truth,target_error,692,57.58333333333337,0.0
ergo_ground_truth,target_error,693,57.66666666666663,0.0
ergo_ground_truth,target_error,694,57.75,0.0
ergo_ground_truth,target_error,695,57.83333333333337,0.0
ergo_ground_truth,target_error,696,57.91666666666663,0.0
ergo_ground_truth,target_error,697,58.0,0.0
ergo_ground_truth,target_error,698,58.08333333333337,0.0
ergo_ground_truth,target_error,699,58.16666666666663,0.0
ergo_ground_truth,target_error,700,58.25,0.0
ergo_ground_truth,target_error,701,58.33333333333337,0.0
ergo_ground_truth,target_error,702,58.41666666666663,0.0
ergo_ground_truth,target_error,703,58.5,0.0
ergo_ground_truth,target_error,704,58.58333333333337,0.0
ergo_ground_truth,target_error,705,58.66666666666663,0.0
ergo_ground_truth,target_error,706,58.75,0.0
ergo_ground_truth,target_error,707,58.83333333333337,0.0
ergo_ground_truth,target_error,708,58.91666666666663,0.0
ergo_ground_truth,target_error,709,59.0,0.0
ergo_ground_truth,target_error,710,59.08333333333337,0.0
ergo_ground_truth,target_error,711,59.16666666666663,0.0
ergo_ground_truth,target_error,712,59.25,0.0
ergo_ground_truth,target_error,713,59.33333333333337,0.0
ergo_ground_truth,target_error,714,59.41666666666663,0.0
ergo_ground_truth,target_error,715,59.5,0.0
ergo_ground_truth,target_error,716,59.58333333333337,0.0
ergo_ground_truth,target_error,717,59.66666666666663,0.0
ergo_ground_truth,target_error,718,59.75,0.0
ergo_ground_truth,target_error,719,59.83333333333337,0.0
ergo_ground_truth,target_error,720,59.91666666666663,0.0
ergo_ground_truth,target_error,721,60.0,0.0
ergo_ground_truth,target_error,722,60.08333333333337,0.0
ergo_ground_truth,target_error,723,60.16666666666663,0.0
ergo_ground_truth,target_error,724,60.25,0.0
ergo_ground_truth,target_error,725,60.33333333333337,0.0
ergo_ground_truth,target_error,726,60.41666666666663,0.0
ergo_ground_truth,target_error,727,60.5,0.0
ergo_ground_truth,target_error,728,60.58333333333337,0.0
ergo_ground_truth,target_error,729,60.66666666666663,0.0
ergo_ground_truth,target_error,730,60.75,0.0
ergo_ground_truth,target_error,731,60.83333333333337,0.0
ergo_ground_truth,target_error,732,60.91666666666663,0.0
ergo_ground_truth,target_error,733,61.0,0.0
ergo_ground_truth,target_error,734,61.08333333333337,0.0
ergo_ground_truth,target_error,735,61.16666666666663,0.0
ergo_ground_truth,target_error,736,61.25,0.0
ergo_ground_truth,target_error,737,61.33333333333337,0.0
ergo_ground_truth,target_error,738,61.41666666666663,0.0
ergo_ground_truth,target_error,739,61.5,0.0
ergo_ground_truth,target_error,740,61.58333333333337,0.0
ergo_ground_truth,target_error,741,61.66666666666663,0.0
ergo_ground_truth,target_error,742,61.75,0.0
ergo_ground_truth,target_error,743,61.83333333333337,0.0
ergo_ground_truth,target_error,744,61.91666666666663,0.0
ergo_ground_truth,target_error,745,62.0,0.0
ergo_ground_truth,target_error,746,62.08333333333337,0.0
ergo_ground_truth,target_error,747,62.16666666666663,0.0
ergo_ground_truth,target_error,748,62.25,0.0
ergo_ground_truth,target_error,749,62.33333333333337,0.0
ergo_ground_truth,target_error,750,62.41666666666663,0.0
ergo_ground_truth,target_error,751,62.5,0.0
ergo_ground_truth,target_error,752,62.58333333333337,0.0
ergo_ground_truth,target_error,753,62.66666666666663,0.0
ergo_ground_truth,target_error,754,62.75,0.0
ergo_ground_truth,target_error,755,62.83333333333337,0.0
ergo_ground_truth,target_error,756,62.91666666666663,0.0
ergo_ground_truth,target_error,757,63.0,0.0
ergo_ground_truth,target_error,758,63.08333333333337,0.0
ergo_ground_truth,target_error,759,63.16666666666663,0.0
ergo_ground_truth,target_error,760,63.25,0.0
ergo_ground_truth,target_error,761,63.33333333333337,0.0
ergo_ground_truth,target_error,762,63.41666666666663,0.0
ergo_ground_truth,target_error,763,63.5,0.0
ergo_ground_truth,target_error,764,63.58333333333337,0.0
ergo_ground_truth,target_error,765,63.66666666666663,0.0
ergo_ground_truth,target_error,766,63.75,0.0
ergo_ground_truth,target_error,767,63.83333333333337,0.0
ergo_ground_truth,target_error,768,63.91666666666663,0.0
ergo_ground_truth,target_error,769,64.0,0.0
ergo_ground_truth,target_error,770,64.08333333333337,0.0
ergo_ground_truth,target_error,771,64.16666666666663,0.0
ergo_ground_truth,target_error,772,64.25,0.0
ergo_ground_truth,target_error,773,64.33333333333337,0.0
ergo_ground_truth,target_error,774,64.41666666666663,0.0
ergo_ground_truth,target_error,775,64.5,0.0
ergo_ground_truth,target_error,776,64.58333333333337,0.0
ergo_ground_truth,target_error,777,64.66666666666663,0.0
ergo_ground_truth,target_error,778,64.75,0.0
ergo_ground_truth,target_error,779,64.83333333333337,0.0
ergo_ground_truth,target_error,780,64.91666666666663,0.0
ergo_ground_truth,target_error,781,65.0,0.0
ergo_ground_truth,target_error,782,65.08333333333337,0.0
ergo_ground_truth,target_error,783,65.16666666666663,0.0
ergo_ground_truth,target_error,784,65.25,0.0
ergo_ground_truth,target_error,785,65.33333333333337,0.0
ergo_ground_truth,target_error,786,65.41666666666663,0.0
ergo_ground_truth,target_error,787,65.5,0.0
ergo_ground_truth,target_error,788,65.58333333333337,0.0
ergo_ground_truth,target_error,789,65.66666666666663,0.0
ergo_ground_truth,target_error,790,65.75,0.0
ergo_ground_truth,target_error,791,65.83333333333337,0.0
ergo_ground_truth,target_error,792,65.91666666666663,0.0
ergo_ground_truth,target_error,793,66.0,0.0
ergo_ground_truth,target_error,794,66.08333333333337,0.0
ergo_ground_truth,target_error,795,66.16666666666663,0.0
ergo_ground_truth,target_error,796,66.25,0.0
ergo_ground_truth,target_error,797,66.33333333333337,0.0
ergo_ground_truth,target_error,798,66.41666666666663,0.0
ergo_ground_truth,target_error,799,66.5,0.0
ergo_ground_truth,target_error,800,66.58333333333337,0.0
ergo_ground_truth,target_error,801,66.66666666666663,0.0
ergo_ground_truth,target_error,802,66.75,0.0
ergo_ground_truth,target_error,803,66.83333333333337,0.0
ergo_ground_truth,target_error,804,66.91666666666663,0.0
ergo_ground_truth,target_error,805,67.0,0.0
ergo_ground_truth,target_error,806,67.08333333333337,0.0
ergo_ground_truth,target_error,807,67.16666666666663,0.0
ergo_ground_truth,target_error,808,67.25,0.0
ergo_ground_truth,target_error,809,67.33333333333337,0.0
ergo_ground_truth,target_error,810,67.41666666666663,0.0
ergo_ground_truth,target_error,811,67.5,0.0
ergo_ground_truth,target_error,812,67.58333333333337,0.0
ergo_ground_truth,target_error,813,67.66666666666663,0.0
ergo_ground_truth,target_error,814,67.75,0.0
ergo_ground_truth,target_error,815,67.83333333333337,0.0
ergo_ground_truth,target_error,816,67.91666666666663,0.0
ergo_ground_truth,target_error,817,68.0,0.0
ergo_ground_truth,target_error,818,68.08333333333337,0.0
ergo_ground_truth,target_error,819,68.16666666666663,0.0
ergo_ground_truth,target_error,820,68.25,0.0
ergo_ground_truth,target_error,821,68.33333333333337,0.0
ergo_ground_truth,target_error,822,68.41666666666663,0.0
ergo_ground_truth,target_error,823,68.5,0.0
ergo_ground_truth,target_error,824,68.58333333333337,0.0
ergo_ground_truth,target_error,825,68.66666666666663,0.0
ergo_ground_truth,target_error,826,68.75,0.0
ergo_ground_truth,target_error,827,68.83333333333337,0.0
ergo_ground_truth,target_error,828,68.91666666666663,0.0
ergo_ground_truth,target_error,829,69.0,0.0
ergo_ground_truth,target_error,830,69.08333333333337,0.0
ergo_ground_truth,target_error,831,69.16666666666663,0.0
ergo_ground_truth,target_error,832,69.25,0.0
ergo_ground_truth,target_error,833,69.33333333333337,0.0
ergo_ground_truth,target_error,834,69.41666666666663,0.0
ergo_ground_truth,target_error,835,69.5,0.0
ergo_ground_truth,target_error,836,69.58333333333337,0.0
ergo_ground_truth,target_error,837,69.66666666666663,0.0
ergo_ground_truth,target_error,838,69.75,0.0
ergo_ground_truth,target_error,839,69.83333333333337,0.0
ergo_ground_truth,target_error,840,69.91666666666663,0.0
ergo_ground_truth,target_error,841,70.0,0.0
ergo_ground_truth,target_error,842,70.08333333333337,0.0
ergo_ground_truth,target_error,843,70.16666666666663,0.0
ergo_ground_truth,target_error,844,70.25,0.0
ergo_ground_truth,target_error,845,70.33333333333337,0.0
ergo_ground_truth,target_error,846,70.41666666666663,0.0
ergo_ground_truth,target_error,847,70.5,0.0
ergo_ground_truth,target_error,848,70.58333333333337,0.0
ergo_ground_truth,target_error,849,70.66666666666663,0.0
ergo_ground_truth,target_error,850,70.75,0.0
ergo_ground_truth,target_error,851,70.83333333333337,0.0
ergo_ground_truth,target_error,852,70.91666666666663,0.0
ergo_ground_truth,target_error,853,71.0,0.0
ergo_ground_truth,target_error,854,71.08333333333337,0.0
ergo_ground_truth,target_error,855,71.16666666666663,0.0
ergo_ground_truth,target_error,856,71.25,0.0
ergo_ground_truth,target_error,857,71.33333333333337,0.0
ergo_ground_truth,target_error,858,71.41666666666663,0.0
ergo_ground_truth,target_error,859,71.5,0.0
ergo_ground_truth,target_error,860,71.58333333333337,0.0
ergo_ground_truth,target_error,861,71.66666666666663,0.0
ergo_ground_truth,target_error,862,71.75,0.0
ergo_ground_truth,target_error,863,71.83333333333337,0.0
ergo_ground_truth,target_error,864,71.91666666666663,0.0
ergo_ground_truth,target_error,865,72.0,0.0
ergo_ground_truth,target_error,866,72.08333333333337,0.0
ergo_ground_truth,target_error,867,72.16666666666663,0.0
ergo_ground_truth,target_error,868,72.25,0.0
ergo_ground_truth,target_error,869,72.33333333333337,0.0
ergo_ground_truth,target_error,870,72.41666666666663,0.0
ergo_ground_truth,target_error,871,72.5,0.0
ergo_ground_truth,target_error,872,72.58333333333337,0.0
ergo_ground_truth,target_error,873,72.66666666666663,0.0
ergo_ground_truth,target_error,874,72.75,0.0
ergo_ground_truth,target_error,875,72.83333333333337,0.0
ergo_ground_truth,target_error,876,72.91666666666663,0.0
ergo_ground_truth,target_error,877,73.0,0.0
ergo_ground_truth,target_error,878,73.08333333333337,0.0
ergo_ground_truth,target_error,879,73.16666666666663,0.0
ergo_ground_truth,target_error,880,73.25,0.0
ergo_ground_truth,target_error,881,73.33333333333337,0.0
ergo_ground_truth,target_error,882,73.41666666666663,0.0
ergo_ground_truth,target_error,883,73.5,0.0
ergo_ground_truth,target_error,884,73.58333333333337,0.0
ergo_ground_truth,target_error,885,73.66666666666663,0.0
ergo_ground_truth,target_error,886,73.75,0.0
ergo_ground_truth,target_error,887,73.83333333333337,0.0
ergo_ground_truth,target_error,888,73.91666666666663,0.0
ergo_ground_truth,target_error,889,74.0,0.0
ergo_ground_truth,target_error,890,74.08333333333337,0.0
ergo_ground_truth,target_error,891,74.16666666666663,0.0
ergo_ground_truth,target_error,892,74.25,0.0
ergo_ground_truth,target_error,893,74.33333333333337,0.0
ergo_ground_truth,target_error,894,74.41666666666663,0.0
ergo_ground_truth,target_error,895,74.5,0.0
ergo_ground_truth,target_error,896,74.58333333333337,0.0
ergo_ground_truth,target_error,897,74.66666666666663,0.0
ergo_ground_truth,target_error,898,74.75,0.0
ergo_ground_truth,target_error,899,74.83333333333337,0.0
ergo_ground_truth,target_error,900,74.91666666666663,0.0
ergo_ground_truth,target_error,901,75.0,0.0
ergo_ground_truth,target_error,902,75.08333333333337,0.0
ergo_ground_truth,target_error,903,75.16666666666663,0.0
ergo_ground_truth,target_error,904,75.25,0.0
ergo_ground_truth,target_error,905,75.33333333333337,0.0
ergo_ground_truth,target_error,906,75.41666666666663,0.0
ergo_ground_truth,target_error,907,75.5,0.0
ergo_ground_truth,target_error,908,75.58333333333337,0.0
ergo_ground_truth,target_error,909,75.66666666666663,0.0
ergo_ground_truth,target_error,910,75.75,0.0
ergo_ground_truth,target_error,911,75.83333333333337,0.0
ergo_ground_truth,target_error,912,75.91666666666663,0.0
ergo_ground_truth,target_error,913,76.0,0.0
ergo_ground_truth,target_error,914,76.08333333333337,0.0
ergo_ground_truth,target_error,915,76.16666666666663,0.0
ergo_ground_truth,target_error,916,76.25,0.0
ergo_ground_truth,target_error,917,76.33333333333337,0.0
ergo_ground_truth,target_error,918,76.41666666666663,0.0
ergo_ground_truth,target_error,919,76.5,0.0
ergo_ground_truth,target_error,920,76.58333333333337,0.0
ergo_ground_truth,target_error,921,76.66666666666663,0.0
ergo_ground_truth,target_error,922,76.75,0.0
ergo_ground_truth,target_error,923,76.83333333333337,0.0
ergo_ground_truth,target_error,924,76.91666666666663,0.0
ergo_ground_truth,target_error,925,77.0,0.0
ergo_ground_truth,target_error,926,77.08333333333337,0.0
ergo_ground_truth,target_error,927,77.16666666666663,0.0
ergo_ground_truth,target_error,928,77.25,0.0
ergo_ground_truth,target_error,929,77.33333333333337,0.0
ergo_ground_truth,target_error,930,77.41666666666663,0.0
ergo_ground_truth,target_error,931,77.5,0.0
ergo_ground_truth,target_error,932,77.58333333333337,0.0
ergo_ground_truth,target_error,933,77.66666666666663,0.0
ergo_ground_truth,target_error,934,77.75,0.0
ergo_ground_truth,target_error,935,77.83333333333337,0.0
ergo_ground_truth,target_error,936,77.91666666666663,0.0
ergo_ground_truth,target_error,937,78.0,0.0
ergo_ground_truth,target_error,938,78.08333333333337,0.0
ergo_ground_truth,target_error,939,78.16666666666663,0.0
ergo_ground_truth,target_error,940,78.25,0.0
ergo_ground_truth,target_error,941,78.33333333333337,0.0
ergo_ground_truth,target_error,942,78.41666666666663,0.0
ergo_ground_truth,target_error,943,78.5,0.0
ergo_ground_truth,target_error,944,78.58333333333337,0.0
ergo_ground_truth,target_error,945,78.66666666666663,0.0
ergo_ground_truth,target_error,946,78.75,0.0
ergo_ground_truth,target_error,947,78.83333333333337,0.0
ergo_ground_truth,target_error,948,78.91666666666663,0.0
ergo_ground_truth,target_error,949,79.0,0.0
ergo_ground_truth,target_error,950,79.08333333333337,0.0
ergo_ground_truth,target_error,951,79.16666666666663,0.0
ergo_ground_truth,target_error,952,79.25,0.0
ergo_ground_truth,target_error,953,79.33333333333337,0.0
ergo_ground_truth,target_error,954,79.41666666666663,0.0
ergo_ground_truth,target_error,955,79.5,0.0
ergo_ground_truth,target_error,956,79.58333333333337,0.0
ergo_ground_truth,target_error,957,79.66666666666663,0.0
ergo_ground_truth,target_error,958,79.75,0.0
ergo_ground_truth,target_error,959,79.83333333333337,0.0
ergo_ground_truth,target_error,960,79.91666666666663,0.0
ergo_ground_truth,target_error,961,80.0,0.0
ergo_ground_truth,target_error,962,80.08333333333337,0.0
ergo_ground_truth,target_error,963,80.16666666666663,0.0
ergo_ground_truth,target_error,964,80.25,0.0
ergo_ground_truth,target_error,965,80.33333333333337,0.0
ergo_ground_truth,target_error,966,80.41666666666663,0.0
ergo_ground_truth,target_error,967,80.5,0.0
ergo_ground_truth,target_error,968,80.58333333333337,0.0
ergo_ground_truth,target_error,969,80.66666666666663,0.0
ergo_ground_truth,target_error,970,80.75,0.0
ergo_ground_truth,target_error,971,80.83333333333337,0.0
ergo_ground_truth,target_error,972,80.91666666666663,0.0
ergo_ground_truth,target_error,973,81.0,0.0
ergo_ground_truth,target_error,974,81.08333333333337,0.0
ergo_ground_truth,target_error,975,81.16666666666663,0.0
ergo_ground_truth,target_error,976,81.25,0.0
ergo_ground_truth,target_error,977,81.33333333333337,0.0
ergo_ground_truth,target_error,978,81.41666666666663,0.0
ergo_ground_truth,target_error,979,81.5,0.0
ergo_ground_truth,target_error,980,81.58333333333337,0.0
ergo_ground_truth,target_error,981,81.66666666666663,0.0
ergo_ground_truth,target_error,982,81.75,0.0
ergo_ground_truth,target_error,983,81.83333333333337,0.0
ergo_ground_truth,target_error,984,81.91666666666663,0.0
ergo_ground_truth,target_error,985,82.0,0.0
ergo_ground_truth,target_error,986,82.08333333333337,0.0
ergo_ground_truth,target_error,987,82.16666666666663,0.0
ergo_ground_truth,target_error,988,82.25,0.0
ergo_ground_truth,target_error,989,82.33333333333337,0.0
ergo_ground_truth,target_error,990,82.41666666666663,0.0
ergo_ground_truth,target_error,991,82.5,0.0
ergo_ground_truth,target_error,992,82.58333333333337,0.0
ergo_ground_truth,target_error,993,82.66666666666663,0.0
ergo_ground_truth,target_error,994,82.75,0.0
ergo_ground_truth,target_error,995,82.83333333333337,0.0
ergo_ground_truth,target_error,996,82.91666666666663,0.0
ergo_ground_truth,target_error,997,83.0,0.0
ergo_ground_truth,target_error,998,83.08333333333337,0.0
ergo_ground_truth,target_error,999,83.16666666666663,0.0
ergo_ground_truth,target_error,1000,83.25,0.0
ergo_ground_truth,target_error,1001,83.33333333333337,0.0
ergo_ground_truth,target_error,1002,83.41666666666663,0.0
ergo_ground_truth,target_error,1003,83.5,0.0
ergo_ground_truth,target_error,1004,83.58333333333337,0.0
ergo_ground_truth,target_error,1005,83.66666666666663,0.0
ergo_ground_truth,target_error,1006,83.75,0.0
ergo_ground_truth,target_error,1007,83.83333333333337,0.0
ergo_ground_truth,target_error,1008,83.91666666666663,0.0
ergo_ground_truth,target_error,1009,84.0,0.0
ergo_ground_truth,target_error,1010,84.08333333333337,0.0
ergo_ground_truth,target_error,1011,84.16666666666663,0.0
ergo_ground_truth,target_error,1012,84.25,0.0
ergo_ground_truth,target_error,1013,84.33333333333337,0.0
ergo_ground_truth,target_error,1014,84.41666666666663,0.0
ergo_ground_truth,target_error,1015,84.5,0.0
ergo_ground_truth,target_error,1016,84.58333333333337,0.0
ergo_ground_truth,target_error,1017,84.66666666666663,0.0
ergo_ground_truth,target_error,1018,84.75,0.0
ergo_ground_truth,target_error,1019,84.83333333333337,0.0
ergo_ground_truth,target_error,1020,84.91666666666663,0.0
ergo_ground_truth,target_error,1021,85.0,0.0
ergo_ground_truth,target_error,1022,85.08333333333337,0.0
ergo_ground_truth,target_error,1023,85.16666666666663,0.0
ergo_ground_truth,target_error,1024,85.25,0.0
ergo_ground_truth,target_error,1025,85.33333333333337,0.0
ergo_ground_truth,target_error,1026,85.41666666666663,0.0
ergo_ground_truth,target_error,1027,85.5,0.0
ergo_ground_truth,target_error,1028,85.58333333333337,0.0
ergo_ground_truth,target_error,1029,85.66666666666663,0.0
ergo_ground_truth,target_error,1030,85.75,0.0
ergo_ground_truth,target_error,1031,85.83333333333337,0.0
ergo_ground_truth,target_error,1032,85.91666666666663,0.0
ergo_ground_truth,target_error,1033,86.0,0.0
ergo_ground_truth,target_error,1034,86.08333333333337,0.0
ergo_ground_truth,target_error,1035,86.16666666666663,0.0
ergo_ground_truth,target_error,1036,86.25,0.0
ergo_ground_truth,target_error,1037,86.33333333333337,0.0
ergo_ground_truth,target_error,1038,86.41666666666663,0.0
ergo_ground_truth,target_error,1039,86.5,0.0
ergo_ground_truth,target_error,1040,86.58333333333337,0.0
ergo_ground_truth,target_error,1041,86.66666666666663,0.0
ergo_ground_truth,target_error,1042,86.75,0.0
ergo_ground_truth,target_error,1043,86.83333333333337,0.0
ergo_ground_truth,target_error,1044,86.91666666666663,0.0
ergo_ground_truth,target_error,1045,87.0,0.0
ergo_ground_truth,target_error,1046,87.08333333333337,0.0
ergo_ground_truth,target_error,1047,87.16666666666663,0.0
ergo_ground_truth,target_error,1048,87.25,0.0
ergo_ground_truth,target_error,1049,87.33333333333337,0.0
ergo_ground_truth,target_error,1050,87.41666666666663,0.0
ergo_ground_truth,target_error,1051,87.5,0.0
ergo_ground_truth,target_error,1052,87.58333333333337,0.0
ergo_ground_truth,target_error,1053,87.66666666666663,0.0
ergo_ground_truth,target_error,1054,87.75,0.0
ergo_ground_truth,target_error,1055,87.83333333333337,0.0
ergo_ground_truth,target_error,1056,87.91666666666663,0.0
ergo_ground_truth,target_error,1057,88.0,0.0
ergo_ground_truth,target_error,1058,88.08333333333337,0.0
ergo_ground_truth,target_error,1059,88.16666666666663,0.0
ergo_ground_truth,target_error,1060,88.25,0.0
ergo_ground_truth,target_error,1061,88.33333333333337,0.0
ergo_ground_truth,target_error,1062,88.41666666666663,0.0
ergo_ground_truth,target_error,1063,88.5,0.0
ergo_ground_truth,target_error,1064,88.58333333333337,0.0
ergo_ground_truth,target_error,1065,88.66666666666663,0.0
ergo_ground_truth,target_error,1066,88.75,0.0
ergo_ground_truth,target_error,1067,88.83333333333337,0.0
ergo_ground_truth,target_error,1068,88.91666666666663,0.0
ergo_ground_truth,target_error,1069,89.0,0.0
ergo_ground_truth,target_error,1070,89.08333333333337,0.0
ergo_ground_truth,target_error,1071,89.16666666666663,0.0
ergo_ground_truth,target_error,1072,89.25,0.0
ergo_ground_truth,target_error,1073,89.33333333333337,0.0
ergo_ground_truth,target_error,1074,89.41666666666663,0.0
ergo_ground_truth,target_error,1075,89.5,0.0
ergo_ground_truth,target_error,1076,89.58333333333337,0.0
ergo_ground_truth,target_error,1077,89.66666666666663,0.0
ergo_ground_truth,target_error,1078,89.75,0.0
ergo_ground_truth,target_error,1079,89.83333333333337,0.0
ergo_ground_truth,target_error,1080,89.91666666666663,0.0
ergo_ground_truth,target_error,1081,90.0,0.0
ergo_ground_truth,target_error,1082,90.08333333333337,0.0
ergo_ground_truth,target_error,1083,90.16666666666663,0.0
ergo_ground_truth,target_error,1084,90.25,0.0
ergo_ground_truth,target_error,1085,90.33333333333337,0.0
ergo_ground_truth,target_error,1086,90.41666666666663,0.0
ergo_ground_truth,target_error,1087,90.5,0.0
ergo_ground_truth,target_error,1088,90.58333333333337,0.0
ergo_ground_truth,target_error,1089,90.66666666666663,0.0
ergo_ground_truth,target_error,1090,90.75,0.0
ergo_ground_truth,target_error,1091,90.83333333333337,0.0
ergo_ground_truth,target_error,1092,90.91666666666663,0.0
ergo_ground_truth,target_error,1093,91.0,0.0
ergo_ground_truth,target_error,1094,91.08333333333337,0.0
ergo_ground_truth,target_error,1095,91.16666666666663,0.0
ergo_ground_truth,target_error,1096,91.25,0.0
ergo_ground_truth,target_error,1097,91.33333333333337,0.0
ergo_ground_truth,target_error,1098,91.41666666666663,0.0
ergo_ground_truth,target_error,1099,91.5,0.0
ergo_ground_truth,target_error,1100,91.58333333333337,0.0
ergo_ground_truth,target_error,1101,91.66666666666663,0.0
ergo_ground_truth,target_error,1102,91.75,0.0
ergo_ground_truth,target_error,1103,91.83333333333337,0.0
ergo_ground_truth,target_error,1104,91.91666666666663,0.0
ergo_ground_truth,target_error,1105,92.0,0.0
ergo_ground_truth,target_error,1106,92.08333333333337,0.0
ergo_ground_truth,target_error,1107,92.16666666666663,0.0
ergo_ground_truth,target_error,1108,92.25,0.0
ergo_ground_truth,target_error,1109,92.33333333333337,0.0
ergo_ground_truth,target_error,1110,92.41666666666663,0.0
ergo_ground_truth,target_error,1111,92.5,0.0
ergo_ground_truth,target_error,1112,92.58333333333337,0.0
ergo_ground_truth,target_error,1113,92.66666666666663,0.0
ergo_ground_truth,target_error,1114,92.75,0.0
ergo_ground_truth,target_error,1115,92.83333333333337,0.0
ergo_ground_truth,target_error,1116,92.91666666666663,0.0
ergo_ground_truth,target_error,1117,93.0,0.0
ergo_ground_truth,target_error,1118,93.08333333333337,0.0
ergo_ground_truth,target_error,1119,93.16666666666663,0.0
ergo_ground_truth,target_error,1120,93.25,0.0
ergo_ground_truth,target_error,1121,93.33333333333337,0.0
ergo_ground_truth,target_error,1122,93.41666666666663,0.0
ergo_ground_truth,target_error,1123,93.5,0.0
ergo_ground_truth,target_error,1124,93.58333333333337,0.0
ergo_ground_truth,target_error,1125,93.66666666666663,0.0
ergo_ground_truth,target_error,1126,93.75,0.0
ergo_ground_truth,target_error,1127,93.83333333333337,0.0
ergo_ground_truth,target_error,1128,93.91666666666663,0.0
ergo_ground_truth,target_error,1129,94.0,0.0
ergo_ground_truth,target_error,1130,94.08333333333337,0.0
ergo_ground_truth,target_error,1131,94.16666666666663,0.0
ergo_ground_truth,target_error,1132,94.25,0.0
ergo_ground_truth,target_error,1133,94.33333333333337,0.0
ergo_ground_truth,target_error,1134,94.41666666666663,0.0
ergo_ground_truth,target_error,1135,94.5,0.0
ergo_ground_truth,target_error,1136,94.58333333333337,0.0
ergo_ground_truth,target_error,1137,94.66666666666663,0.0
ergo_ground_truth,target_error,1138,94.75,0.0
ergo_ground_truth,target_error,1139,94.83333333333337,0.0
ergo_ground_truth,target_error,1140,94.91666666666663,0.0
ergo_ground_truth,target_error,1141,95.0,0.0
ergo_ground_truth,target_error,1142,95.08333333333337,0.0
ergo_ground_truth,target_error,1143,95.16666666666663,0.0
ergo_ground_truth,target_error,1144,95.25,0.0
ergo_ground_truth,target_error,1145,95.33333333333337,0.0
ergo_ground_truth,target_error,1146,95.41666666666663,0.0
ergo_ground_truth,target_error,1147,95.5,0.0
ergo_ground_truth,target_error,1148,95.58333333333337,0.0
ergo_ground_truth,target_error,1149,95.66666666666663,0.0
ergo_ground_truth,target_error,1150,95.75,0.0
ergo_ground_truth,target_error,1151,95.83333333333337,0.0
ergo_ground_truth,target_error,1152,95.91666666666663,0.0
ergo_ground_truth,target_error,1153,96.0,0.0
ergo_ground_truth,target_error,1154,96.08333333333337,0.0
ergo_ground_truth,target_error,1155,96.16666666666663,0.0
ergo_ground_truth,target_error,1156,96.25,0.0
ergo_ground_truth,target_error,1157,96.33333333333337,0.0
ergo_ground_truth,target_error,1158,96.41666666666663,0.0
ergo_ground_truth,target_error,1159,96.5,0.0
ergo_ground_truth,target_error,1160,96.58333333333337,0.0
ergo_ground_truth,target_error,1161,96.66666666666663,0.0
ergo_ground_truth,target_error,1162,96.75,0.0
ergo_ground_truth,target_error,1163,96.83333333333337,0.0
ergo_ground_truth,target_error,1164,96.91666666666663,0.0
ergo_ground_truth,target_error,1165,97.0,0.0
ergo_ground_truth,target_error,1166,97.08333333333337,0.0
ergo_ground_truth,target_error,1167,97.16666666666663,0.0
ergo_ground_truth,target_error,1168,97.25,0.0
ergo_ground_truth,target_error,1169,97.33333333333337,0.0
ergo_ground_truth,target_error,1170,97.41666666666663,0.0
ergo_ground_truth,target_error,1171,97.5,0.0
ergo_ground_truth,target_error,1172,97.58333333333337,0.0
ergo_ground_truth,target_error,1173,97.66666666666663,0.0
ergo_ground_truth,target_error,1174,97.75,0.0
ergo_ground_truth,target_error,1175,97.83333333333337,0.0
ergo_ground_truth,target_error,1176,97.91666666666663,0.0
ergo_ground_truth,target_error,1177,98.0,0.0
ergo_ground_truth,target_error,1178,98.08333333333337,0.0
ergo_ground_truth,target_error,1179,98.16666666666663,0.0
ergo_ground_truth,target_error,1180,98.25,0.0
ergo_ground_truth,target_error,1181,98.33333333333337,0.0
ergo_ground_truth,target_error,1182,98.41666666666663,0.0
ergo_ground_truth,target_error,1183,98.5,0.0
ergo_ground_truth,target_error,1184,98.58333333333337,0.0
ergo_ground_truth,target_error,1185,98.66666666666663,0.0
ergo_ground_truth,target_error,1186,98.75,0.0
ergo_ground_truth,target_error,1187,98.83333333333337,0.0
ergo_ground_truth,target_error,1188,98.91666666666663,0.0
ergo_ground_truth,target_error,1189,99.0,0.0
ergo_ground_truth,target_error,1190,99.08333333333337,0.0
ergo_ground_truth,target_error,1191,99.16666666666663,0.0
ergo_ground_truth,target_error,1192,99.25,0.0
ergo_ground_truth,target_error,1193,99.33333333333337,0.0
ergo_ground_truth,target_error,1194,99.41666666666663,0.0
ergo_ground_truth,target_error,1195,99.5,0.0
ergo_ground_truth,target_error,1196,99.58333333333337,0.0
ergo_ground_truth,target_error,1197,99.66666666666663,0.0
ergo_ground_truth,target_error,1198,99.75,0.0
ergo_ground_truth,target_error,1199,99.83333333333337,0.0
ergo_ground_truth,target_error,1200,99.91666666666663,0.0
ergo_ground_truth,target_error,1201,100.0,0.0
ergo_ground_truth,target_error,1202,100.08333333333337,0.0
ergo_ground_truth,target_error,1203,100.16666666666663,0.0
ergo_ground_truth,target_error,1204,100.25,0.0
ergo_ground_truth,target_error,1205,100.33333333333337,0.0
ergo_ground_truth,target_error,1206,100.41666666666663,0.0
ergo_ground_truth,target_error,1207,100.5,0.0
ergo_ground_truth,target_error,1208,100.58333333333337,0.0
ergo_ground_truth,target_error,1209,100.66666666666663,0.0
ergo_ground_truth,target_error,1210,100.75,0.0
ergo_ground_truth,target_error,1211,100.83333333333337,0.0
ergo_ground_truth,target_error,1212,100.91666666666663,0.0
ergo_ground_truth,target_error,1213,101.0,0.0
ergo_ground_truth,target_error,1214,101.08333333333337,0.0
ergo_ground_truth,target_error,1215,101.16666666666663,0.0
ergo_ground_truth,target_error,1216,101.25,0.0
ergo_ground_truth,target_error,1217,101.33333333333337,0.0
ergo_ground_truth,target_error,1218,101.41666666666663,0.0
ergo_ground_truth,target_error,1219,101.5,0.0
ergo_ground_truth,target_error,1220,101.58333333333337,0.0
ergo_ground_truth,target_error,1221,101.66666666666663,0.0
ergo_ground_truth,target_error,1222,101.75,0.0
ergo_ground_truth,target_error,1223,101.83333333333337,0.0
ergo_ground_truth,target_error,1224,101.91666666666663,0.0
ergo_ground_truth,target_error,1225,102.0,0.0
ergo_ground_truth,target_error,1226,102.08333333333337,0.0
ergo_ground_truth,target_error,1227,102.16666666666663,0.0
ergo_ground_truth,target_error,1228,102.25,0.0
ergo_ground_truth,target_error,1229,102.33333333333337,0.0
ergo_ground_truth,target_error,1230,102.41666666666663,0.0
ergo_ground_truth,target_error,1231,102.5,0.0
ergo_ground_truth,target_error,1232,102.58333333333337,0.0
ergo_ground_truth,target_error,1233,102.66666666666663,0.0
ergo_ground_truth,target_error,1234,102.75,0.0
ergo_ground_truth,target_error,1235,102.83333333333337,0.0
ergo_ground_truth,target_error,1236,102.91666666666663,0.0
ergo_ground_truth,target_error,1237,103.0,0.0
ergo_ground_truth,target_error,1238,103.08333333333337,0.0
ergo_ground_truth,target_error,1239,103.16666666666663,0.0
ergo_ground_truth,target_error,1240,103.25,0.0
ergo_ground_truth,target_error,1241,103.33333333333337,0.0
ergo_ground_truth,target_error,1242,103.41666666666663,0.0
ergo_ground_truth,target_error,1243,103.5,0.0
ergo_ground_truth,target_error,1244,103.58333333333337,0.0
ergo_ground_truth,target_error,1245,103.66666666666663,0.0
ergo_ground_truth,target_error,1246,103.75,0.0
ergo_ground_truth,target_error,1247,103.83333333333337,0.0
ergo_ground_truth,target_error,1248,103.91666666666663,0.0
ergo_ground_truth,target_error,1249,104.0,0.0
ergo_ground_truth,target_error,1250,104.08333333333337,0.0
ergo_ground_truth,target_error,1251,104.16666666666663,0.0
ergo_ground_truth,target_error,1252,104.25,0.0
ergo_ground_truth,target_error,1253,104.33333333333337,0.0
ergo_ground_truth,target_error,1254,104.41666666666663,0.0
ergo_ground_truth,target_error,1255,104.5,0.0
ergo_ground_truth,target_error,1256,104.58333333333337,0.0
ergo_ground_truth,target_error,1257,104.66666666666663,0.0
ergo_ground_truth,target_error,1258,104.75,0.0
ergo_ground_truth,target_error,1259,104.83333333333337,0.0
ergo_ground_truth,target_error,1260,104.91666666666663,0.0
ergo_ground_truth,target_error,1261,105.0,0.0
ergo_ground_truth,target_error,1262,105.08333333333337,0.0
ergo_ground_truth,target_error,1263,105.16666666666663,0.0
ergo_ground_truth,target_error,1264,105.25,0.0
ergo_ground_truth,target_error,1265,105.33333333333337,0.0
ergo_ground_truth,target_error,1266,105.41666666666663,0.0
ergo_ground_truth,target_error,1267,105.5,0.0
ergo_ground_truth,target_error,1268,105.58333333333337,0.0
ergo_ground_truth,target_error,1269,105.66666666666663,0.0
ergo_ground_truth,target_error,1270,105.75,0.0
ergo_ground_truth,target_error,1271,105.83333333333337,0.0
ergo_ground_truth,target_error,1272,105.91666666666663,0.0
ergo_ground_truth,target_error,1273,106.0,0.0
ergo_ground_truth,target_error,1274,106.08333333333337,0.0
ergo_ground_truth,target_error,1275,106.16666666666663,0.0
ergo_ground_truth,target_error,1276,106.25,0.0
ergo_ground_truth,target_error,1277,106.33333333333337,0.0
ergo_ground_truth,target_error,1278,106.41666666666663,0.0
ergo_ground_truth,target_error,1279,106.5,0.0
ergo_ground_truth,target_error,1280,106.58333333333337,0.0
ergo_ground_truth,target_error,1281,106.66666666666663,0.0
ergo_ground_truth,target_error,1282,106.75,0.0
ergo_ground_truth,target_error,1283,106.83333333333337,0.0
ergo_ground_truth,target_error,1284,106.91666666666663,0.0
ergo_ground_truth,target_error,1285,107.0,0.0
ergo_ground_truth,target_error,1286,107.08333333333337,0.0
ergo_ground_truth,target_error,1287,107.16666666666663,0.0
ergo_ground_truth,target_error,1288,107.25,0.0
ergo_ground_truth,target_error,1289,107.33333333333337,0.0
ergo_ground_truth,target_error,1290,107.41666666666663,0.0
ergo_ground_truth,target_error,1291,107.5,0.0
ergo_ground_truth,target_error,1292,107.58333333333337,0.0
ergo_ground_truth,target_error,1293,107.66666666666663,0.0
ergo_ground_truth,target_error,1294,107.75,0.0
ergo_ground_truth,target_error,1295,107.83333333333337,0.0
ergo_ground_truth,target_error,1296,107.91666666666663,0.0
ergo_ground_truth,target_error,1297,108.0,0.0
ergo_ground_truth,target_error,1298,108.08333333333337,0.0
ergo_ground_truth,target_error,1299,108.16666666666663,0.0
ergo_ground_truth,target_error,1300,108.25,0.0
ergo_ground_truth,target_error,1301,108.33333333333337,0.0
ergo_ground_truth,target_error,1302,108.41666666666663,0.0
ergo_ground_truth,target_error,1303,108.5,0.0
ergo_ground_truth,target_error,1304,108.58333333333337,0.0
ergo_ground_truth,target_error,1305,108.66666666666663,0.0
ergo_ground_truth,target_error,1306,108.75,0.0
ergo_ground_truth,target_error,1307,108.83333333333337,0.0
ergo_ground_truth,target_error,1308,108.91666666666663,0.0
ergo_ground_truth,target_error,1309,109.0,0.0
ergo_ground_truth,target_error,1310,109.08333333333337,0.0
ergo_ground_truth,target_error,1311,109.16666666666663,0.0
ergo_ground_truth,target_error,1312,109.25,0.0
ergo_ground_truth,target_error,1313,109.33333333333337,0.0
ergo_ground_truth,target_error,1314,109.41666666666663,0.0
ergo_ground_truth,target_error,1315,109.5,0.0
ergo_ground_truth,target_error,1316,109.58333333333337,0.0
ergo_ground_truth,target_error,1317,109.66666666666663,0.0
ergo_ground_truth,target_error,1318,109.75,0.0
ergo_ground_truth,target_error,1319,109.83333333333337,0.0
ergo_ground_truth,target_error,1320,109.91666666666663,0.0
ergo_ground_truth,target_error,1321,110.0,0.0
ergo_ground_truth,target_error,1322,110.08333333333337,0.0
ergo_ground_truth,target_error,1323,110.16666666666663,0.0
ergo_ground_truth,target_error,1324,110.25,0.0
ergo_ground_truth,target_error,1325,110.33333333333337,0.0
ergo_ground_truth,target_error,1326,110.41666666666663,0.0
ergo_ground_truth,target_error,1327,110.5,0.0
ergo_ground_truth,target_error,1328,110.58333333333337,0.0
ergo_ground_truth,target_error,1329,110.66666666666663,0.0
ergo_ground_truth,target_error,1330,110.75,0.0
ergo_ground_truth,target_error,1331,110.83333333333337,0.0
ergo_ground_truth,target_error,1332,110.91666666666663,0.0
ergo_ground_truth,target_error,1333,111.0,0.0
ergo_ground_truth,target_error,1334,111.08333333333337,0.0
ergo_ground_truth,target_error,1335,111.16666666666663,0.0
ergo_ground_truth,target_error,1336,111.25,0.0
ergo_ground_truth,target_error,1337,111.33333333333337,0.0
ergo_ground_truth,target_error,1338,111.41666666666663,0.0
ergo_ground_truth,target_error,1339,111.5,0.0
ergo_ground_truth,target_error,1340,111.58333333333337,0.0
ergo_ground_truth,target_error,1341,111.66666666666663,0.0
ergo_ground_truth,target_error,1342,111.75,0.0
ergo_ground_truth,target_error,1343,111.83333333333337,0.0
ergo_ground_truth,target_error,1344,111.91666666666663,0.0
ergo_ground_truth,target_error,1345,112.0,0.0
ergo_ground_truth,target_error,1346,112.08333333333337,0.0
ergo_ground_truth,target_error,1347,112.16666666666663,0.0
ergo_ground_truth,target_error,1348,112.25,0.0
ergo_ground_truth,target_error,1349,112.33333333333337,0.0
ergo_ground_truth,target_error,1350,112.41666666666663,0.0
ergo_ground_truth,target_error,1351,112.5,0.0
ergo_ground_truth,target_error,1352,112.58333333333337,0.0
ergo_ground_truth,target_error,1353,112.66666666666663,0.0
ergo_ground_truth,target_error,1354,112.75,0.0
ergo_ground_truth,target_error,1355,112.83333333333337,0.0
ergo_ground_truth,target_error,1356,112.91666666666663,0.0
ergo_ground_truth,target_error,1357,113.0,0.0
ergo_ground_truth,target_error,1358,113.08333333333337,0.0
ergo_ground_truth,target_error,1359,113.16666666666663,0.0
ergo_ground_truth,target_error,1360,113.25,0.0
ergo_ground_truth,target_error,1361,113.33333333333337,0.0
ergo_ground_truth,target_error,1362,113.41666666666663,0.0
ergo_ground_truth,target_error,1363,113.5,0.0
ergo_ground_truth,target_error,1364,113.58333333333337,0.0
ergo_ground_truth,target_error,1365,113.66666666666663,0.0
ergo_ground_truth,target_error,1366,113.75,0.0
ergo_ground_truth,target_error,1367,113.83333333333337,0.0
ergo_ground_truth,target_error,1368,113.91666666666663,0.0
ergo_ground_truth,target_error,1369,114.0,0.0
ergo_ground_truth,target_error,1370,114.08333333333337,0.0
ergo_ground_truth,target_error,1371,114.16666666666663,0.0
ergo_ground_truth,target_error,1372,114.25,0.0
ergo_ground_truth,target_error,1373,114.33333333333337,0.0
ergo_ground_truth,target_error,1374,114.41666666666663,0.0
ergo_ground_truth,target_error,1375,114.5,0.0
ergo_ground_truth,target_error,1376,114.58333333333337,0.0
ergo_ground_truth,target_error,1377,114.66666666666663,0.0
ergo_ground_truth,target_error,1378,114.75,0.0
ergo_ground_truth,target_error,1379,114.83333333333337,0.0
ergo_ground_truth,target_error,1380,114.91666666666663,0.0
ergo_ground_truth,target_error,1381,115.0,0.0
ergo_ground_truth,target_error,1382,115.08333333333337,0.0
ergo_ground_truth,target_error,1383,115.16666666666663,0.0
ergo_ground_truth,target_error,1384,115.25,0.0
ergo_ground_truth,target_error,1385,115.33333333333337,0.0
ergo_ground_truth,target_error,1386,115.41666666666663,0.0
ergo_ground_truth,target_error,1387,115.5,0.0
ergo_ground_truth,target_error,1388,115.58333333333337,0.0
ergo_ground_truth,target_error,1389,115.66666666666663,0.0
ergo_ground_truth,target_error,1390,115.75,0.0
ergo_ground_truth,target_error,1391,115.83333333333337,0.0
ergo_ground_truth,target_error,1392,115.91666666666663,0.0
ergo_ground_truth,target_error,1393,116.0,0.0
ergo_ground_truth,target_error,1394,116.08333333333337,0.0
ergo_ground_truth,target_error,1395,116.16666666666663,0.0
ergo_ground_truth,target_error,1396,116.25,0.0
ergo_ground_truth,target_error,1397,116.33333333333337,0.0
ergo_ground_truth,target_error,1398,116.41666666666663,0.0
ergo_ground_truth,target_error,1399,116.5,0.0
ergo_ground_truth,target_error,1400,116.58333333333337,0.0
ergo_ground_truth,target_error,1401,116.66666666666663,0.0
ergo_ground_truth,target_error,1402,116.75,0.0
ergo_ground_truth,target_error,1403,116.83333333333337,0.0
ergo_ground_truth,target_error,1404,116.91666666666663,0.0
ergo_ground_truth,target_error,1405,117.0,0.0
ergo_ground_truth,target_error,1406,117.08333333333337,0.0
ergo_ground_truth,target_error,1407,117.16666666666663,0.0
ergo_ground_truth,target_error,1408,117.25,0.0
ergo_ground_truth,target_error,1409,117.33333333333337,0.0
ergo_ground_truth,target_error,1410,117.41666666666663,0.0
ergo_ground_truth,target_error,1411,117.5,0.0
ergo_ground_truth,target_error,1412,117.58333333333337,0.0
ergo_ground_truth,target_error,1413,117.66666666666663,0.0
ergo_ground_truth,target_error,1414,117.75,0.0
ergo_ground_truth,target_error,1415,117.83333333333337,0.0
ergo_ground_truth,target_error,1416,117.91666666666663,0.0
ergo_ground_truth,target_error,1417,118.0,0.0
ergo_ground_truth,target_error,1418,118.08333333333337,0.0
ergo_ground_truth,target_error,1419,118.16666666666663,0.0
ergo_ground_truth,target_error,1420,118.25,0.0
ergo_ground_truth,target_error,1421,118.33333333333337,0.0
ergo_ground_truth,target_error,1422,118.41666666666663,0.0
ergo_ground_truth,target_error,1423,118.5,0.0
ergo_ground_truth,target_error,1424,118.58333333333337,0.0
ergo_ground_truth,target_error,1425,118.66666666666663,0.0
ergo_ground_truth,target_error,1426,118.75,0.0
ergo_ground_truth,target_error,1427,118.83333333333337,0.0
ergo_ground_truth,target_error,1428,118.91666666666663,0.0
ergo_ground_truth,target_error,1429,119.0,0.0
ergo_ground_truth,target_error,1430,119.08333333333337,0.0
ergo_ground_truth,target_error,1431,119.16666666666663,0.0
ergo_ground_truth,target_error,1432,119.25,0.0
ergo_ground_truth,target_error,1433,119.33333333333337,0.0
ergo_ground_truth,target_error,1434,119.41666666666663,0.0
ergo_ground_truth,target_error,1435,119.5,0.0
ergo_ground_truth,target_error,1436,119.58333333333337,0.0
ergo_ground_truth,target_error,1437,119.66666666666663,0.0
ergo_ground_truth,target_error,1438,119.75,0.0
ergo_ground_truth,target_error,1439,119.83333333333337,0.0
ergo_ground_truth,target_error,1440,119.91666666666663,0.0
ergo_ground_truth,target_error,1441,120.0,0.0
ergo_ground_truth,target_error,1442,120.08333333333337,0.0
ergo_ground_truth,target_error,1443,120.16666666666663,0.0
ergo_ground_truth,target_error,1444,120.25,0.0
ergo_ground_truth,target_error,1445,120.33333333333337,0.0
ergo_ground_truth,target_error,1446,120.41666666666663,0.0
ergo_ground_truth,target_error,1447,120.5,0.0
ergo_ground_truth,target_error,1448,120.58333333333337,0.0
ergo_ground_truth,target_error,1449,120.66666666666663,0.0
ergo_ground_truth,target_error,1450,120.75,0.0
ergo_ground_truth,target_error,1451,120.83333333333337,0.0
ergo_ground_truth,target_error,1452,120.91666666666663,0.0
ergo_ground_truth,target_error,1453,121.0,0.0
ergo_ground_truth,target_error,1454,121.08333333333337,0.0
ergo_ground_truth,target_error,1455,121.16666666666663,0.0
ergo_ground_truth,target_error,1456,121.25,0.0
ergo_ground_truth,target_error,1457,121.33333333333337,0.0
ergo_ground_truth,target_error,1458,121.41666666666663,0.0
ergo_ground_truth,target_error,1459,121.5,0.0
ergo_ground_truth,target_error,1460,121.58333333333337,0.0
ergo_ground_truth,target_error,1461,121.66666666666663,0.0
ergo_ground_truth,target_error,1462,121.75,0.0
ergo_ground_truth,target_error,1463,121.83333333333337,0.0
ergo_ground_truth,target_error,1464,121.91666666666663,0.0
ergo_ground_truth,target_error,1465,122.0,0.0
ergo_ground_truth,target_error,1466,122.08333333333337,0.0
ergo_ground_truth,target_error,1467,122.16666666666663,0.0
ergo_ground_truth,target_error,1468,122.25,0.0
ergo_ground_truth,target_error,1469,122.33333333333337,0.0
ergo_ground_truth,target_error,1470,122.41666666666663,0.0
ergo_ground_truth,target_error,1471,122.5,0.0
ergo_ground_truth,target_error,1472,122.58333333333337,0.0
ergo_ground_truth,target_error,1473,122.66666666666663,0.0
ergo_ground_truth,target_error,1474,122.75,0.0
ergo_ground_truth,target_error,1475,122.83333333333337,0.0
ergo_ground_truth,target_error,1476,122.91666666666663,0.0
ergo_ground_truth,target_error,1477,123.0,0.0
ergo_ground_truth,target_error,1478,123.08333333333337,0.0
ergo_ground_truth,target_error,1479,123.16666666666663,0.0
ergo_ground_truth,target_error,1480,123.25,0.0
ergo_ground_truth,target_error,1481,123.33333333333337,0.0
ergo_ground_truth,target_error,1482,123.41666666666663,0.0
ergo_ground_truth,target_error,1483,123.5,0.0
ergo_ground_truth,target_error,1484,123.58333333333337,0.0
ergo_ground_truth,target_error,1485,123.66666666666663,0.0
ergo_ground_truth,target_error,1486,123.75,0.0
ergo_ground_truth,target_error,1487,123.83333333333337,0.0
ergo_ground_truth,target_error,1488,123.91666666666663,0.0
ergo_ground_truth,target_error,1489,124.0,0.0
ergo_ground_truth,target_error,1490,124.08333333333337,0.0
ergo_ground_truth,target_error,1491,124.16666666666663,0.0
ergo_ground_truth,target_error,1492,124.25,0.0
ergo_ground_truth,target_error,1493,124.33333333333337,0.0
ergo_ground_truth,target_error,1494,124.41666666666663,0.0
ergo_ground_truth,target_error,1495,124.5,0.0
ergo_ground_truth,target_error,1496,124.58333333333337,0.0
ergo_ground_truth,target_error,1497,124.66666666666663,0.0
ergo_ground_truth,target_error,1498,124.75,0.0
ergo_ground_truth,target_error,1499,124.83333333333337,0.0
ergo_ground_truth,target_error,1500,124.91666666666663,0.0
ergo_ground_truth,target_error,1501,125.0,0.0
ergo_ground_truth,target_error,1502,125.08333333333337,0.0
ergo_ground_truth,target_error,1503,125.16666666666663,0.0
ergo_ground_truth,target_error,1504,125.25,0.0
ergo_ground_truth,target_error,1505,125.33333333333337,0.0
ergo_ground_truth,target_error,1506,125.41666666666663,0.0
ergo_ground_truth,target_error,1507,125.5,0.0
ergo_ground_truth,target_error,1508,125.58333333333337,0.0
ergo_ground_truth,target_error,1509,125.66666666666663,0.0
ergo_ground_truth,target_error,1510,125.75,0.0
ergo_ground_truth,target_error,1511,125.83333333333337,0.0
ergo_ground_truth,target_error,1512,125.91666666666663,0.0
ergo_ground_truth,target_error,1513,126.0,0.0
ergo_ground_truth,target_error,1514,126.08333333333337,0.0
ergo_ground_truth,target_error,1515,126.16666666666663,0.0
ergo_ground_truth,target_error,1516,126.25,0.0
ergo_ground_truth,target_error,1517,126.33333333333337,0.0
ergo_ground_truth,target_error,1518,126.41666666666663,0.0
ergo_ground_truth,target_error,1519,126.5,0.0
ergo_ground_truth,target_error,1520,126.58333333333337,0.0
ergo_ground_truth,target_error,1521,126.66666666666663,0.0
ergo_ground_truth,target_error,1522,126.75,0.0
ergo_ground_truth,target_error,1523,126.83333333333337,0.0
ergo_ground_truth,target_error,1524,126.91666666666663,0.0
ergo_ground_truth,target_error,1525,127.0,0.0
ergo_ground_truth,target_error,1526,127.08333333333337,0.0
ergo_ground_truth,target_error,1527,127.16666666666663,0.0
ergo_ground_truth,target_error,1528,127.25,0.0
ergo_ground_truth,target_error,1529,127.33333333333337,0.0
ergo_ground_truth,target_error,1530,127.41666666666663,0.0
ergo_ground_truth,target_error,1531,127.5,0.0
ergo_ground_truth,target_error,1532,127.58333333333337,0.0
ergo_ground_truth,target_error,1533,127.66666666666663,0.0
ergo_ground_truth,target_error,1534,127.75,0.0
ergo_ground_truth,target_error,1535,127.83333333333337,0.0
ergo_ground_truth,target_error,1536,127.91666666666663,0.0
ergo_ground_truth,target_error,1537,128.0,0.0
ergo_ground_truth,target_error,1538,128.08333333333337,0.0
ergo_ground_truth,target_error,1539,128.16666666666663,0.0
ergo_ground_truth,target_error,1540,128.25,0.0
ergo_ground_truth,target_error,1541,128.33333333333337,0.0
ergo_ground_truth,target_error,1542,128.41666666666663,0.0
ergo_ground_truth,target_error,1543,128.5,0.0
ergo_ground_truth,target_error,1544,128.58333333333337,0.0
ergo_ground_truth,target_error,1545,128.66666666666663,0.0
ergo_ground_truth,target_error,1546,128.75,0.0
ergo_ground_truth,target_error,1547,128.83333333333337,0.0
ergo_ground_truth,target_error,1548,128.91666666666663,0.0
ergo_ground_truth,target_error,1549,129.0,0.0
ergo_ground_truth,target_error,1550,129.08333333333337,0.0
ergo_ground_truth,target_error,1551,129.16666666666663,0.0
ergo_ground_truth,target_error,1552,129.25,0.0
ergo_ground_truth,target_error,1553,129.33333333333337,0.0
ergo_ground_truth,target_error,1554,129.41666666666663,0.0
ergo_ground_truth,target_error,1555,129.5,0.0
ergo_ground_truth,target_error,1556,129.58333333333337,0.0
ergo_ground_truth,target_error,1557,129.66666666666663,0.0
ergo_ground_truth,target_error,1558,129.75,0.0
ergo_ground_truth,target_error,1559,129.83333333333337,0.0
ergo_ground_truth,target_error,1560,129.91666666666663,0.0
ergo_ground_truth,target_error,1561,130.0,0.0
ergo_ground_truth,target_error,1562,130.08333333333337,0.0
ergo_ground_truth,target_error,1563,130.16666666666663,0.0
ergo_ground_truth,target_error,1564,130.25,0.0
ergo_ground_truth,target_error,1565,130.33333333333337,0.0
ergo_ground_truth,target_error,1566,130.41666666666663,0.0
ergo_ground_truth,target_error,1567,130.5,0.0
ergo_ground_truth,target_error,1568,130.58333333333337,0.0
ergo_ground_truth,target_error,1569,130.66666666666663,0.0
ergo_ground_truth,target_error,1570,130.75,0.0
ergo_ground_truth,target_error,1571,130.83333333333337,0.0
ergo_ground_truth,target_error,1572,130.91666666666663,0.0
ergo_ground_truth,target_error,1573,131.0,0.0
ergo_ground_truth,target_error,1574,131.08333333333337,0.0
ergo_ground_truth,target_error,1575,131.16666666666663,0.0
ergo_ground_truth,target_error,1576,131.25,0.0
ergo_ground_truth,target_error,1577,131.33333333333337,0.0
ergo_ground_truth,target_error,1578,131.41666666666663,0.0
ergo_ground_truth,target_error,1579,131.5,0.0
ergo_ground_truth,target_error,1580,131.58333333333337,0.0
ergo_ground_truth,target_error,1581,131.66666666666663,0.0
ergo_ground_truth,target_error,1582,131.75,0.0
ergo_ground_truth,target_error,1583,131.83333333333337,0.0
ergo_ground_truth,target_error,1584,131.91666666666663,0.0
ergo_ground_truth,target_error,1585,132.0,0.0
ergo_ground_truth,target_error,1586,132.08333333333337,0.0
ergo_ground_truth,target_error,1587,132.16666666666663,0.0
ergo_ground_truth,target_error,1588,132.25,0.0
ergo_ground_truth,target_error,1589,132.33333333333337,0.0
ergo_ground_truth,target_error,1590,132.41666666666663,0.0
ergo_ground_truth,target_error,1591,132.5,0.0
ergo_ground_truth,target_error,1592,132.58333333333337,0.0
ergo_ground_truth,target_error,1593,132.66666666666663,0.0
ergo_ground_truth,target_error,1594,132.75,0.0
ergo_ground_truth,target_error,1595,132.83333333333337,0.0
ergo_ground_truth,target_error,1596,132.91666666666663,0.0
ergo_ground_truth,target_error,1597,133.0,0.0
ergo_ground_truth,target_error,1598,133.08333333333337,0.0
ergo_ground_truth,target_error,1599,133.16666666666663,0.0
ergo_ground_truth,target_error,1600,133.25,0.0
ergo_ground_truth,target_error,1601,133.33333333333337,0.0
ergo_ground_truth,target_error,1602,133.41666666666663,0.0
ergo_ground_truth,target_error,1603,133.5,0.0
ergo_ground_truth,target_error,1604,133.58333333333337,0.0
ergo_ground_truth,target_error,1605,133.66666666666663,0.0
ergo_ground_truth,target_error,1606,133.75,0.0
ergo_ground_truth,target_error,1607,133.83333333333337,0.0
ergo_ground_truth,target_error,1608,133.91666666666663,0.0
ergo_ground_truth,target_error,1609,134.0,0.0
ergo_ground_truth,target_error,1610,134.08333333333337,0.0
ergo_ground_truth,target_error,1611,134.16666666666663,0.0
ergo_ground_truth,target_error,1612,134.25,0.0
ergo_ground_truth,target_error,1613,134.33333333333337,0.0
ergo_ground_truth,target_error,1614,134.41666666666663,0.0
ergo_ground_truth,target_error,1615,134.5,0.0
ergo_ground_truth,target_error,1616,134.58333333333337,0.0
ergo_ground_truth,target_error,1617,134.66666666666663,0.0
ergo_ground_truth,target_error,1618,134.75,0.0
ergo_ground_truth,target_error,1619,134.83333333333337,0.0
ergo_ground_truth,target_error,1620,134.91666666666663,0.0
ergo_ground_truth,target_error,1621,135.0,0.0
ergo_ground_truth,target_error,1622,135.08333333333337,0.0
ergo_ground_truth,target_error,1623,135.16666666666663,0.0
ergo_ground_truth,target_error,1624,135.25,0.0
ergo_ground_truth,target_error,1625,135.33333333333337,0.0
ergo_ground_truth,target_error,1626,135.41666666666663,0.0
ergo_ground_truth,target_error,1627,135.5,0.0
ergo_ground_truth,target_error,1628,135.58333333333337,0.0
ergo_ground_truth,target_error,1629,135.66666666666663,0.0
ergo_ground_truth,target_error,1630,135.75,0.0
ergo_ground_truth,target_error,1631,135.83333333333337,0.0
ergo_ground_truth,target_error,1632,135.91666666666663,0.0
ergo_ground_truth,target_error,1633,136.0,0.0
ergo_ground_truth,target_error,1634,136.08333333333337,0.0
ergo_ground_truth,target_error,1635,136.16666666666663,0.0
ergo_ground_truth,target_error,1636,136.25,0.0
ergo_ground_truth,target_error,1637,136.33333333333337,0.0
ergo_ground_truth,target_error,1638,136.41666666666663,0.0
ergo_ground_truth,target_error,1639,136.5,0.0
ergo_ground_truth,target_error,1640,136.58333333333337,0.0
ergo_ground_truth,target_error,1641,136.66666666666663,0.0
ergo_ground_truth,target_error,1642,136.75,0.0
ergo_ground_truth,target_error,1643,136.83333333333337,0.0
ergo_ground_truth,target_error,1644,136.91666666666663,0.0
ergo_ground_truth,target_error,1645,137.0,0.0
ergo_ground_truth,target_error,1646,137.08333333333337,0.0
ergo_ground_truth,target_error,1647,137.16666666666663,0.0
ergo_ground_truth,target_error,1648,137.25,0.0
ergo_ground_truth,target_error,1649,137.33333333333337,0.0
ergo_ground_truth,target_error,1650,137.41666666666663,0.0
ergo_ground_truth,target_error,1651,137.5,0.0
ergo_ground_truth,target_error,1652,137.58333333333337,0.0
ergo_ground_truth,target_error,1653,137.66666666666663,0.0
ergo_ground_truth,target_error,1654,137.75,0.0
ergo_ground_truth,target_error,1655,137.83333333333337,0.0
ergo_ground_truth,target_error,1656,137.91666666666663,0.0
ergo_ground_truth,target_error,1657,138.0,0.0
ergo_ground_truth,target_error,1658,138.08333333333337,0.0
ergo_ground_truth,target_error,1659,138.16666666666663,0.0
ergo_ground_truth,target_error,1660,138.25,0.0
ergo_ground_truth,target_error,1661,138.33333333333337,0.0
ergo_ground_truth,target_error,1662,138.41666666666663,0.0
ergo_ground_truth,target_error,1663,138.5,0.0
ergo_ground_truth,target_error,1664,138.58333333333337,0.0
ergo_ground_truth,target_error,1665,138.66666666666663,0.0
ergo_ground_truth,target_error,1666,138.75,0.0
ergo_ground_truth,target_error,1667,138.83333333333337,0.0
ergo_ground_truth,target_error,1668,138.91666666666663,0.0
ergo_ground_truth,target_error,1669,139.0,0.0
ergo_ground_truth,target_error,1670,139.08333333333337,0.0
ergo_ground_truth,target_error,1671,139.16666666666663,0.0
ergo_ground_truth,target_error,1672,139.25,0.0
ergo_ground_truth,target_error,1673,139.33333333333337,0.0
ergo_ground_truth,target_error,1674,139.41666666666663,0.0
ergo_ground_truth,target_error,1675,139.5,0.0
ergo_ground_truth,target_error,1676,139.58333333333337,0.0
ergo_ground_truth,target_error,1677,139.66666666666663,0.0
ergo_ground_truth,target_error,1678,139.75,0.0
ergo_ground_truth,target_error,1679,139.83333333333337,0.0
ergo_ground_truth,target_error,1680,139.91666666666663,0.0
ergo_ground_truth,target_error,1681,140.0,0.0
ergo_ground_truth,target_error,1682,140.08333333333337,0.0
ergo_ground_truth,target_error,1683,140.16666666666663,0.0
ergo_ground_truth,target_error,1684,140.25,0.0
ergo_ground_truth,target_error,1685,140.33333333333337,0.0
ergo_ground_truth,target_error,1686,140.41666666666663,0.0
ergo_ground_truth,target_error,1687,140.5,0.0
ergo_ground_truth,target_error,1688,140.58333333333337,0.0
ergo_ground_truth,target_error,1689,140.66666666666663,0.0
ergo_ground_truth,target_error,1690,140.75,0.0
ergo_ground_truth,target_error,1691,140.83333333333337,0.0
ergo_ground_truth,target_error,1692,140.91666666666663,0.0
ergo_ground_truth,target_error,1693,141.0,0.0
ergo_ground_truth,target_error,1694,141.08333333333337,0.0
ergo_ground_truth,target_error,1695,141.16666666666663,0.0
ergo_ground_truth,target_error,1696,141.25,0.0
ergo_ground_truth,target_error,1697,141.33333333333337,0.0
ergo_ground_truth,target_error,1698,141.41666666666663,0.0
ergo_ground_truth,target_error,1699,141.5,0.0
ergo_ground_truth,target_error,1700,141.58333333333337,0.0
ergo_ground_truth,target_error,1701,141.66666666666663,0.0
ergo_ground_truth,target_error,1702,141.75,0.0
ergo_ground_truth,target_error,1703,141.83333333333337,0.0
ergo_ground_truth,target_error,1704,141.91666666666663,0.0
ergo_ground_truth,target_error,1705,142.0,0.0
ergo_ground_truth,target_error,1706,142.08333333333337,0.0
ergo_ground_truth,target_error,1707,142.16666666666663,0.0
ergo_ground_truth,target_error,1708,142.25,0.0
ergo_ground_truth,target_error,1709,142.33333333333337,0.0
ergo_ground_truth,target_error,1710,142.41666666666663,0.0
ergo_ground_truth,target_error,1711,142.5,0.0
ergo_ground_truth,target_error,1712,142.58333333333337,0.0
ergo_ground_truth,target_error,1713,142.66666666666663,0.0
ergo_ground_truth,target_error,1714,142.75,0.0
ergo_ground_truth,target_error,1715,142.83333333333337,0.0
ergo_ground_truth,target_error,1716,142.91666666666663,0.0
ergo_ground_truth,target_error,1717,143.0,0.0
ergo_ground_truth,target_error,1718,143.08333333333337,0.0
ergo_ground_truth,target_error,1719,143.16666666666663,0.0
ergo_ground_truth,target_error,1720,143.25,0.0
ergo_ground_truth,target_error,1721,143.33333333333337,0.0
ergo_ground_truth,target_error,1722,143.41666666666663,0.0
ergo_ground_truth,target_error,1723,143.5,0.0
ergo_ground_truth,target_error,1724,143.58333333333337,0.0
ergo_ground_truth,target_error,1725,143.66666666666663,0.0
ergo_ground_truth,target_error,1726,143.75,0.0
ergo_ground_truth,target_error,1727,143.83333333333337,0.0
ergo_ground_truth,target_error,1728,143.91666666666663,0.0
ergo_ground_truth,target_error,1729,144.0,0.0
ergo_ground_truth,target_error,1730,144.08333333333337,0.0
ergo_ground_truth,target_error,1731,144.16666666666663,0.0
ergo_ground_truth,target_error,1732,144.25,0.0
ergo_ground_truth,target_error,1733,144.33333333333337,0.0
ergo_ground_truth,target_error,1734,144.41666666666663,0.0
ergo_ground_truth,target_error,1735,144.5,0.0
ergo_ground_truth,target_error,1736,144.58333333333337,0.0
ergo_ground_truth,target_error,1737,144.66666666666663,0.0
ergo_ground_truth,target_error,1738,144.75,0.0
ergo_ground_truth,target_error,1739,144.83333333333337,0.0
ergo_ground_truth,target_error,1740,144.91666666666663,0.0
ergo_ground_truth,target_error,1741,145.0,0.0
ergo_ground_truth,target_error,1742,145.08333333333337,0.0
ergo_ground_truth,target_error,1743,145.16666666666663,0.0
ergo_ground_truth,target_error,1744,145.25,0.0
ergo_ground_truth,target_error,1745,145.33333333333337,0.0
ergo_ground_truth,target_error,1746,145.41666666666663,0.0
ergo_ground_truth,target_error,1747,145.5,0.0
ergo_ground_truth,target_error,1748,145.58333333333337,0.0
ergo_ground_truth,target_error,1749,145.66666666666663,0.0
ergo_ground_truth,target_error,1750,145.75,0.0
ergo_ground_truth,target_error,1751,145.83333333333337,0.0
ergo_ground_truth,target_error,1752,145.91666666666663,0.0
ergo_ground_truth,target_error,1753,146.0,0.0
ergo_ground_truth,target_error,1754,146.08333333333337,0.0
ergo_ground_truth,target_error,1755,146.16666666666663,0.0
ergo_ground_truth,target_error,1756,146.25,0.0
ergo_ground_truth,target_error,1757,146.33333333333337,0.0
ergo_ground_truth,target_error,1758,146.41666666666663,0.0
ergo_ground_truth,target_error,1759,146.5,0.0
ergo_ground_truth,target_error,1760,146.58333333333337,0.0
ergo_ground_truth,target_error,1761,146.66666666666663,0.0
ergo_ground_truth,target_error,1762,146.75,0.0
ergo_ground_truth,target_error,1763,146.83333333333337,0.0
ergo_ground_truth,target_error,1764,146.91666666666663,0.0
ergo_ground_truth,target_error,1765,147.0,0.0
ergo_ground_truth,target_error,1766,147.08333333333337,0.0
ergo_ground_truth,target_error,1767,147.16666666666663,0.0
ergo_ground_truth,target_error,1768,147.25,0.0
ergo_ground_truth,target_error,1769,147.33333333333337,0.0
ergo_ground_truth,target_error,1770,147.41666666666663,0.0
ergo_ground_truth,target_error,1771,147.5,0.0
ergo_ground_truth,target_error,1772,147.58333333333337,0.0
ergo_ground_truth,target_error,1773,147.66666666666663,0.0
ergo_ground_truth,target_error,1774,147.75,0.0
ergo_ground_truth,target_error,1775,147.83333333333337,0.0
ergo_ground_truth,target_error,1776,147.91666666666663,0.0
ergo_ground_truth,target_error,1777,148.0,0.0
ergo_ground_truth,target_error,1778,148.08333333333337,0.0
ergo_ground_truth,target_error,1779,148.16666666666663,0.0
ergo_ground_truth,target_error,1780,148.25,0.0
ergo_ground_truth,target_error,1781,148.33333333333337,0.0
ergo_ground_truth,target_error,1782,148.41666666666663,0.0
ergo_ground_truth,target_error,1783,148.5,0.0
ergo_ground_truth,target_error,1784,148.58333333333337,0.0
ergo_ground_truth,target_error,1785,148.66666666666663,0.0
ergo_ground_truth,target_error,1786,148.75,0.0
ergo_ground_truth,target_error,1787,148.83333333333337,0.0
ergo_ground_truth,target_error,1788,148.91666666666663,0.0
ergo_ground_truth,target_error,1789,149.0,0.0
ergo_ground_truth,target_error,1790,149.08333333333337,0.0
ergo_ground_truth,target_error,1791,149.16666666666663,0.0
ergo_ground_truth,target_error,1792,149.25,0.0
ergo_ground_truth,target_error,1793,149.33333333333337,0.0
ergo_ground_truth,target_error,1794,149.41666666666663,0.0
ergo_ground_truth,target_error,1795,149.5,0.0
ergo_ground_truth,target_error,1796,149.58333333333337,0.0
ergo_ground_truth,target_error,1797,149.66666666666663,0.0
ergo_ground_truth,target_error,1798,149.75,0.0
ergo_ground_truth,target_error,1799,149.83333333333337,0.0
ergo_ground_truth,target_error,1800,149.91666666666663,0.0
ergo_ground_truth,target_error,1801,150.0,0.0
ergo_ground_truth,target_error,1802,150.08333333333337,0.0
ergo_ground_truth,target_error,1803,150.16666666666663,0.0
ergo_ground_truth,target_error,1804,150.25,0.0
ergo_ground_truth,target_error,1805,150.33333333333337,0.0
ergo_ground_truth,target_error,1806,150.41666666666663,0.0
ergo_ground_truth,target_error,1807,150.5,0.0
ergo_ground_truth,target_error,1808,150.58333333333337,0.0
ergo_ground_truth,target_error,1809,150.66666666666663,0.0
ergo_ground_truth,target_error,1810,150.75,0.0
ergo_ground_truth,target_error,1811,150.83333333333337,0.0
ergo_ground_truth,target_error,1812,150.91666666666663,0.0
ergo_ground_truth,target_error,1813,151.0,0.0
ergo_ground_truth,target_error,1814,151.08333333333337,0.0
ergo_ground_truth,target_error,1815,151.16666666666663,0.0
ergo_ground_truth,target_error,1816,151.25,0.0
ergo_ground_truth,target_error,1817,151.33333333333337,0.0
ergo_ground_truth,target_error,1818,151.41666666666663,0.0
ergo_ground_truth,target_error,1819,151.5,0.0
ergo_ground_truth,target_error,1820,151.58333333333337,0.0
ergo_ground_truth,target_error,1821,151.66666666666663,0.0
ergo_ground_truth,target_error,1822,151.75,0.0
ergo_ground_truth,target_error,1823,151.83333333333337,0.0
ergo_ground_truth,target_error,1824,151.91666666666663,0.0
ergo_ground_truth,target_error,1825,152.0,0.0
ergo_ground_truth,target_error,1826,152.08333333333337,0.0
ergo_ground_truth,target_error,1827,152.16666666666663,0.0
ergo_ground_truth,target_error,1828,152.25,0.0
ergo_ground_truth,target_error,1829,152.33333333333337,0.0
ergo_ground_truth,target_error,1830,152.41666666666663,0.0
ergo_ground_truth,target_error,1831,152.5,0.0
ergo_ground_truth,target_error,1832,152.58333333333337,0.0
ergo_ground_truth,target_error,1833,152.66666666666663,0.0
ergo_ground_truth,target_error,1834,152.75,0.0
ergo_ground_truth,target_error,1835,152.83333333333337,0.0
ergo_ground_truth,target_error,1836,152.91666666666663,0.0
ergo_ground_truth,target_error,1837,153.0,0.0
ergo_ground_truth,target_error,1838,153.08333333333337,0.0
ergo_ground_truth,target_error,1839,153.16666666666663,0.0
ergo_ground_truth,target_error,1840,153.25,0.0
ergo_ground_truth,target_error,1841,153.33333333333337,0.0
ergo_ground_truth,target_error,1842,153.41666666666663,0.0
ergo_ground_truth,target_error,1843,153.5,0.0
ergo_ground_truth,target_error,1844,153.58333333333337,0.0
ergo_ground_truth,target_error,1845,153.66666666666663,0.0
ergo_ground_truth,target_error,1846,153.75,0.0
ergo_ground_truth,target_error,1847,153.83333333333337,0.0
ergo_ground_truth,target_error,1848,153.91666666666663,0.0
ergo_ground_truth,target_error,1849,154.0,0.0
ergo_ground_truth,target_error,1850,154.08333333333337,0.0
ergo_ground_truth,target_error,1851,154.16666666666663,0.0
ergo_ground_truth,target_error,1852,154.25,0.0
ergo_ground_truth,target_error,1853,154.33333333333337,0.0
ergo_ground_truth,target_error,1854,154.41666666666663,0.0
ergo_ground_truth,target_error,1855,154.5,0.0
ergo_ground_truth,target_error,1856,154.58333333333337,0.0
ergo_ground_truth,target_error,1857,154.66666666666663,0.0
ergo_ground_truth,target_error,1858,154.75,0.0
ergo_ground_truth,target_error,1859,154.83333333333337,0.0
ergo_ground_truth,target_error,1860,154.91666666666663,0.0
ergo_ground_truth,target_error,1861,155.0,0.0
ergo_ground_truth,target_error,1862,155.08333333333337,0.0
ergo_ground_truth,target_error,1863,155.16666666666663,0.0
ergo_ground_truth,target_error,1864,155.25,0.0
ergo_ground_truth,target_error,1865,155.33333333333337,0.0
ergo_ground_truth,target_error,1866,155.41666666666663,0.0
ergo_ground_truth,target_error,1867,155.5,0.0
ergo_ground_truth,target_error,1868,155.58333333333337,0.0
ergo_ground_truth,target_error,1869,155.66666666666663,0.0
ergo_ground_truth,target_error,1870,155.75,0.0
ergo_ground_truth,target_error,1871,155.83333333333337,0.0
ergo_ground_truth,target_error,1872,155.91666666666663,0.0
ergo_ground_truth,target_error,1873,156.0,0.0
ergo_ground_truth,target_error,1874,156.08333333333337,0.0
ergo_ground_truth,target_error,1875,156.16666666666663,0.0
ergo_ground_truth,target_error,1876,156.25,0.0
ergo_ground_truth,target_error,1877,156.33333333333337,0.0
ergo_ground_truth,target_error,1878,156.41666666666663,0.0
ergo_ground_truth,target_error,1879,156.5,0.0
ergo_ground_truth,target_error,1880,156.58333333333337,0.0
ergo_ground_truth,target_error,1881,156.66666666666663,0.0
ergo_ground_truth,target_error,1882,156.75,0.0
ergo_ground_truth,target_error,1883,156.83333333333337,0.0
ergo_ground_truth,target_error,1884,156.91666666666663,0.0
ergo_ground_truth,target_error,1885,157.0,0.0
ergo_ground_truth,target_error,1886,157.08333333333337,0.0
ergo_ground_truth,target_error,1887,157.16666666666663,0.0
ergo_ground_truth,target_error,1888,157.25,0.0
ergo_ground_truth,target_error,1889,157.33333333333337,0.0
ergo_ground_truth,target_error,1890,157.41666666666663,0.0
ergo_ground_truth,target_error,1891,157.5,0.0
ergo_ground_truth,target_error,1892,157.58333333333337,0.0
ergo_ground_truth,target_error,1893,157.66666666666663,0.0
ergo_ground_truth,target_error,1894,157.75,0.0
ergo_ground_truth,target_error,1895,157.83333333333337,0.0
ergo_ground_truth,target_error,1896,157.91666666666663,0.0
ergo_ground_truth,target_error,1897,158.0,0.0
ergo_ground_truth,target_error,1898,158.08333333333337,0.0
ergo_ground_truth,target_error,1899,158.16666666666663,0.0
ergo_ground_truth,target_error,1900,158.25,0.0
ergo_ground_truth,target_error,1901,158.33333333333337,0.0
ergo_ground_truth,target_error,1902,158.41666666666663,0.0
ergo_ground_truth,target_error,1903,158.5,0.0
ergo_ground_truth,target_error,1904,158.58333333333337,0.0
ergo_ground_truth,target_error,1905,158.66666666666663,0.0
ergo_ground_truth,target_error,1906,158.75,0.0
ergo_ground_truth,target_error,1907,158.83333333333337,0.0
ergo_ground_truth,target_error,1908,158.91666666666663,0.0
ergo_ground_truth,target_error,1909,159.0,0.0
ergo_ground_truth,target_error,1910,159.08333333333337,0.0
ergo_ground_truth,target_error,1911,159.16666666666663,0.0
ergo_ground_truth,target_error,1912,159.25,0.0
ergo_ground_truth,target_error,1913,159.33333333333337,0.0
ergo_ground_truth,target_error,1914,159.41666666666663,0.0
ergo_ground_truth,target_error,1915,159.5,0.0
ergo_ground_truth,target_error,1916,159.58333333333337,0.0
ergo_ground_truth,target_error,1917,159.66666666666663,0.0
ergo_ground_truth,target_error,1918,159.75,0.0
ergo_ground_truth,target_error,1919,159.83333333333337,0.0
ergo_ground_truth,target_error,1920,159.91666666666663,0.0
ergo_ground_truth,target_error,1921,160.0,0.0
ergo_ground_truth,target_error,1922,160.08333333333337,0.0
ergo_ground_truth,target_error,1923,160.16666666666663,0.0
ergo_ground_truth,target_error,1924,160.25,0.0
ergo_ground_truth,target_error,1925,160.33333333333337,0.0
ergo_ground_truth,target_error,1926,160.41666666666663,0.0
ergo_ground_truth,target_error,1927,160.5,0.0
ergo_ground_truth,target_error,1928,160.58333333333337,0.0
ergo_ground_truth,target_error,1929,160.66666666666663,0.0
ergo_ground_truth,target_error,1930,160.75,0.0
ergo_ground_truth,target_error,1931,160.83333333333337,0.0
ergo_ground_truth,target_error,1932,160.91666666666663,0.0
ergo_ground_truth,target_error,1933,161.0,0.0
ergo_ground_truth,target_error,1934,161.08333333333337,0.0
ergo_ground_truth,target_error,1935,161.16666666666663,0.0
ergo_ground_truth,target_error,1936,161.25,0.0
ergo_ground_truth,target_error,1937,161.33333333333337,0.0
ergo_ground_truth,target_error,1938,161.41666666666663,0.0
ergo_ground_truth,target_error,1939,161.5,0.0
ergo_ground_truth,target_error,1940,161.58333333333337,0.0
ergo_ground_truth,target_error,1941,161.66666666666663,0.0
ergo_ground_truth,target_error,1942,161.75,0.0
ergo_ground_truth,target_error,1943,161.83333333333337,0.0
ergo_ground_truth,target_error,1944,161.91666666666663,0.0
ergo_ground_truth,target_error,1945,162.0,0.0
ergo_ground_truth,target_error,1946,162.08333333333337,0.0
ergo_ground_truth,target_error,1947,162.16666666666663,0.0
ergo_ground_truth,target_error,1948,162.25,0.0
ergo_ground_truth,target_error,1949,162.33333333333337,0.0
ergo_ground_truth,target_error,1950,162.41666666666663,0.0
ergo_ground_truth,target_error,1951,162.5,0.0
ergo_ground_truth,target_error,1952,162.58333333333337,0.0
ergo_ground_truth,target_error,1953,162.66666666666663,0.0
ergo_ground_truth,target_error,1954,162.75,0.0
ergo_ground_truth,target_error,1955,162.83333333333337,0.0
ergo_ground_truth,target_error,1956,162.91666666666663,0.0
ergo_ground_truth,target_error,1957,163.0,0.0
ergo_ground_truth,target_error,1958,163.08333333333337,0.0
ergo_ground_truth,target_error,1959,163.16666666666663,0.0
ergo_ground_truth,target_error,1960,163.25,0.0
ergo_ground_truth,target_error,1961,163.33333333333337,0.0
ergo_ground_truth,target_error,1962,163.41666666666663,0.0
ergo_ground_truth,target_error,1963,163.5,0.0
ergo_ground_truth,target_error,1964,163.58333333333337,0.0
ergo_ground_truth,target_error,1965,163.66666666666663,0.0
ergo_ground_truth,target_error,1966,163.75,0.0
ergo_ground_truth,target_error,1967,163.83333333333337,0.0
ergo_ground_truth,target_error,1968,163.91666666666663,0.0
ergo_ground_truth,target_error,1969,164.0,0.0
ergo_ground_truth,target_error,1970,164.08333333333337,0.0
ergo_ground_truth,target_error,1971,164.16666666666663,0.0
ergo_ground_truth,target_error,1972,164.25,0.0
ergo_ground_truth,target_error,1973,164.33333333333337,0.0
ergo_ground_truth,target_error,1974,164.41666666666663,0.0
ergo_ground_truth,target_error,1975,164.5,0.0
ergo_ground_truth,target_error,1976,164.58333333333337,0.0
ergo_ground_truth,target_error,1977,164.66666666666663,0.0
ergo_ground_truth,target_error,1978,164.75,0.0
ergo_ground_truth,target_error,1979,164.83333333333337,0.0
ergo_ground_truth,target_error,1980,164.91666666666663,0.0
ergo_ground_truth,target_error,1981,165.0,0.0
ergo_ground_truth,target_error,1982,165.08333333333337,0.0
ergo_ground_truth,target_error,1983,165.16666666666663,0.0
ergo_ground_truth,target_error,1984,165.25,0.0
ergo_ground_truth,target_error,1985,165.33333333333337,0.0
ergo_ground_truth,target_error,1986,165.41666666666663,0.0
ergo_ground_truth,target_error,1987,165.5,0.0
ergo_ground_truth,target_error,1988,165.58333333333337,0.0
ergo_ground_truth,target_error,1989,165.66666666666663,0.0
ergo_ground_truth,target_error,1990,165.75,0.0
ergo_ground_truth,target_error,1991,165.83333333333337,0.0
ergo_ground_truth,target_error,1992,165.91666666666663,0.0
ergo_ground_truth,target_error,1993,166.0,0.0
ergo_ground_truth,target_error,1994,166.08333333333337,0.0
ergo_ground_truth,target_error,1995,166.16666666666663,0.0
ergo_ground_truth,target_error,1996,166.25,0.0
ergo_ground_truth,target_error,1997,166.33333333333337,0.0
ergo_ground_truth,target_error,1998,166.41666666666663,0.0
ergo_ground_truth,target_error,1999,166.5,0.0
ergo_ground_truth,target_error,2000,166.58333333333337,0.0
ergo_ground_truth,target_error,2001,166.66666666666663,0.0
ergo_ground_truth,target_error,2002,166.75,0.0
ergo_ground_truth,target_error,2003,166.83333333333337,0.0
ergo_ground_truth,target_error,2004,166.91666666666663,0.0
ergo_ground_truth,target_error,2005,167.0,0.0
ergo_ground_truth,target_error,2006,167.08333333333337,0.0
ergo_ground_truth,target_error,2007,167.16666666666663,0.0
ergo_ground_truth,target_error,2008,167.25,0.0
ergo_ground_truth,target_error,2009,167.33333333333337,0.0
ergo_ground_truth,target_error,2010,167.41666666666663,0.0
ergo_ground_truth,target_error,2011,167.5,0.0
ergo_ground_truth,target_error,2012,167.58333333333337,0.0
ergo_ground_truth,target_error,2013,167.66666666666663,0.0
ergo_ground_truth,target_error,2014,167.75,0.0
ergo_ground_truth,target_error,2015,167.83333333333337,0.0
ergo_ground_truth,target_error,2016,167.91666666666663,0.0
ergo_ground_truth,target_error,2017,168.0,0.0
ergo_ground_truth,target_error,2018,168.08333333333337,0.0
ergo_ground_truth,target_error,2019,168.16666666666663,0.0
ergo_ground_truth,target_error,2020,168.25,0.0
ergo_ground_truth,target_error,2021,168.33333333333337,0.0
ergo_ground_truth,target_error,2022,168.41666666666663,0.0
ergo_ground_truth,target_error,2023,168.5,0.0
ergo_ground_truth,target_error,2024,168.58333333333337,0.0
ergo_ground_truth,target_error,2025,168.66666666666663,0.0
ergo_ground_truth,target_error,2026,168.75,0.0
ergo_ground_truth,target_error,2027,168.83333333333337,0.0
ergo_ground_truth,target_error,2028,168.91666666666663,0.0
ergo_ground_truth,target_error,2029,169.0,0.0
ergo_ground_truth,target_error,2030,169.08333333333337,0.0
ergo_ground_truth,target_error,2031,169.16666666666663,0.0
ergo_ground_truth,target_error,2032,169.25,0.0
ergo_ground_truth,target_error,2033,169.33333333333337,0.0
ergo_ground_truth,target_error,2034,169.41666666666663,0.0
ergo_ground_truth,target_error,2035,169.5,0.0
ergo_ground_truth,target_error,2036,169.58333333333337,0.0
ergo_ground_truth,target_error,2037,169.66666666666663,0.0
ergo_ground_truth,target_error,2038,169.75,0.0
ergo_ground_truth,target_error,2039,169.83333333333337,0.0
ergo_ground_truth,target_error,2040,169.91666666666663,0.0
ergo_ground_truth,target_error,2041,170.0,0.0
ergo_ground_truth,target_error,2042,170.08333333333337,0.0
ergo_ground_truth,target_error,2043,170.16666666666663,0.0
ergo_ground_truth,target_error,2044,170.25,0.0
ergo_ground_truth,target_error,2045,170.33333333333337,0.0
ergo_ground_truth,target_error,2046,170.41666666666663,0.0
ergo_ground_truth,target_error,2047,170.5,0.0
ergo_ground_truth,target_error,2048,170.58333333333337,0.0
ergo_ground_truth,target_error,2049,170.66666666666663,0.0
ergo_ground_truth,target_error,2050,170.75,0.0
ergo_ground_truth,target_error,2051,170.83333333333337,0.0
ergo_ground_truth,target_error,2052,170.91666666666663,0.0
ergo_ground_truth,target_error,2053,171.0,0.0
ergo_ground_truth,target_error,2054,171.08333333333337,0.0
ergo_ground_truth,target_error,2055,171.16666666666663,0.0
ergo_ground_truth,target_error,2056,171.25,0.0
ergo_ground_truth,target_error,2057,171.33333333333337,0.0
ergo_ground_truth,target_error,2058,171.41666666666663,0.0
ergo_ground_truth,target_error,2059,171.5,0.0
ergo_ground_truth,target_error,2060,171.58333333333337,0.0
ergo_ground_truth,target_error,2061,171.66666666666663,0.0
ergo_ground_truth,target_error,2062,171.75,0.0
ergo_ground_truth,target_error,2063,171.83333333333337,0.0
ergo_ground_truth,target_error,2064,171.91666666666663,0.0
ergo_ground_truth,target_error,2065,172.0,0.0
ergo_ground_truth,target_error,2066,172.08333333333337,0.0
ergo_ground_truth,target_error,2067,172.16666666666663,0.0
ergo_ground_truth,target_error,2068,172.25,0.0
ergo_ground_truth,target_error,2069,172.33333333333337,0.0
ergo_ground_truth,target_error,2070,172.41666666666663,0.0
ergo_ground_truth,target_error,2071,172.5,0.0
ergo_ground_truth,target_error,2072,172.58333333333337,0.0
ergo_ground_truth,target_error,2073,172.66666666666663,0.0
ergo_ground_truth,target_error,2074,172.75,0.0
ergo_ground_truth,target_error,2075,172.83333333333337,0.0
ergo_ground_truth,target_error,2076,172.91666666666663,0.0
ergo_ground_truth,target_error,2077,173.0,0.0
ergo_ground_truth,target_error,2078,173.08333333333337,0.0
ergo_ground_truth,target_error,2079,173.16666666666663,0.0
ergo_ground_truth,target_error,2080,173.25,0.0
ergo_ground_truth,target_error,2081,173.33333333333337,0.0
ergo_ground_truth,target_error,2082,173.41666666666663,0.0
ergo_ground_truth,target_error,2083,173.5,0.0
ergo_ground_truth,target_error,2084,173.58333333333337,0.0
ergo_ground_truth,target_error,2085,173.66666666666663,0.0
ergo_ground_truth,target_error,2086,173.75,0.0
ergo_ground_truth,target_error,2087,173.83333333333337,0.0
ergo_ground_truth,target_error,2088,173.91666666666663,0.0
ergo_ground_truth,target_error,2089,174.0,0.0
ergo_ground_truth,target_error,2090,174.08333333333337,0.0
ergo_ground_truth,target_error,2091,174.16666666666663,0.0
ergo_ground_truth,target_error,2092,174.25,0.0
ergo_ground_truth,target_error,2093,174.33333333333337,0.0
ergo_ground_truth,target_error,2094,174.41666666666663,0.0
ergo_ground_truth,target_error,2095,174.5,0.0
ergo_ground_truth,target_error,2096,174.58333333333337,0.0
ergo_ground_truth,target_error,2097,174.66666666666663,0.0
ergo_ground_truth,target_error,2098,174.75,0.0
ergo_ground_truth,target_error,2099,174.83333333333337,0.0
ergo_ground_truth,target_error,2100,174.91666666666663,0.0
ergo_ground_truth,target_error,2101,175.0,0.0
ergo_ground_truth,target_error,2102,175.08333333333337,0.0
ergo_ground_truth,target_error,2103,175.16666666666663,0.0
ergo_ground_truth,target_error,2104,175.25,0.0
ergo_ground_truth,target_error,2105,175.33333333333337,0.0
ergo_ground_truth,target_error,2106,175.41666666666663,0.0
ergo_ground_truth,target_error,2107,175.5,0.0
ergo_ground_truth,target_error,2108,175.58333333333337,0.0
ergo_ground_truth,target_error,2109,175.66666666666663,0.0
ergo_ground_truth,target_error,2110,175.75,0.0
ergo_ground_truth,target_error,2111,175.83333333333337,0.0
ergo_ground_truth,target_error,2112,175.91666666666663,0.0
ergo_ground_truth,target_error,2113,176.0,0.0
ergo_ground_truth,target_error,2114,176.08333333333337,0.0
ergo_ground_truth,target_error,2115,176.16666666666663,0.0
ergo_ground_truth,target_error,2116,176.25,0.0
ergo_ground_truth,target_error,2117,176.33333333333337,0.0
ergo_ground_truth,target_error,2118,176.41666666666663,0.0
ergo_ground_truth,target_error,2119,176.5,0.0
ergo_ground_truth,target_error,2120,176.58333333333337,0.0
ergo_ground_truth,target_error,2121,176.66666666666663,0.0
ergo_ground_truth,target_error,2122,176.75,0.0
ergo_ground_truth,target_error,2123,176.83333333333337,0.0
ergo_ground_truth,target_error,2124,176.91666666666663,0.0
ergo_ground_truth,target_error,2125,177.0,0.0
ergo_ground_truth,target_error,2126,177.08333333333337,0.0
ergo_ground_truth,target_error,2127,177.16666666666663,0.0
ergo_ground_truth,target_error,2128,177.25,0.0
ergo_ground_truth,target_error,2129,177.33333333333337,0.0
ergo_ground_truth,target_error,2130,177.41666666666663,0.0
ergo_ground_truth,target_error,2131,177.5,0.0
ergo_ground_truth,target_error,2132,177.58333333333337,0.0
ergo_ground_truth,target_error,2133,177.66666666666663,0.0
ergo_ground_truth,target_error,2134,177.75,0.0
ergo_ground_truth,target_error,2135,177.83333333333337,0.0
ergo_ground_truth,target_error,2136,177.91666666666663,0.0
ergo_ground_truth,target_error,2137,178.0,0.0
ergo_ground_truth,target_error,2138,178.08333333333337,0.0
ergo_ground_truth,target_error,2139,178.16666666666663,0.0
ergo_ground_truth,target_error,2140,178.25,0.0
ergo_ground_truth,target_error,2141,178.33333333333337,0.0
ergo_ground_truth,target_error,2142,178.41666666666663,0.0
ergo_ground_truth,target_error,2143,178.5,0.0
ergo_ground_truth,target_error,2144,178.58333333333337,0.0
ergo_ground_truth,target_error,2145,178.66666666666663,0.0
ergo_ground_truth,target_error,2146,178.75,0.0
ergo_ground_truth,target_error,2147,178.83333333333337,0.0
ergo_ground_truth,target_error,2148,178.91666666666663,0.0
ergo_ground_truth,target_error,2149,179.0,0.0
ergo_ground_truth,target_error,2150,179.08333333333337,0.0
ergo_ground_truth,target_error,2151,179.16666666666663,0.0
ergo_ground_truth,target_error,2152,179.25,0.0
ergo_ground_truth,target_error,2153,179.33333333333337,0.0
ergo_ground_truth,target_error,2154,179.41666666666663,0.0
ergo_ground_truth,target_error,2155,179.5,0.0
ergo_ground_truth,target_error,2156,179.58333333333337,0.0
ergo_ground_truth,target_error,2157,179.66666666666663,0.0
ergo_ground_truth,target_error,2158,179.75,0.0
ergo_ground_truth,target_error,2159,179.83333333333337,0.0
ergo_ground_truth,target_error,2160,179.91666666666663,0.0
ergo_ground_truth,target_error,2161,180.0,0.0
ergo_ground_truth,target_error,2162,180.08333333333337,0.0
ergo_ground_truth,target_error,2163,180.16666666666663,0.0
ergo_ground_truth,target_error,2164,180.25,0.0
ergo_ground_truth,target_error,2165,180.33333333333337,0.0
ergo_ground_truth,target_error,2166,180.41666666666663,0.0
ergo_ground_truth,target_error,2167,180.5,0.0
ergo_ground_truth,target_error,2168,180.58333333333337,0.0
ergo_ground_truth,target_error,2169,180.66666666666663,0.0
ergo_ground_truth,target_error,2170,180.75,0.0
ergo_ground_truth,target_error,2171,180.83333333333337,0.0
ergo_ground_truth,target_error,2172,180.91666666666663,0.0
ergo_ground_truth,target_error,2173,181.0,0.0
ergo_ground_truth,target_error,2174,181.08333333333337,0.0
ergo_ground_truth,target_error,2175,181.16666666666663,0.0
ergo_ground_truth,target_error,2176,181.25,0.0
ergo_ground_truth,target_error,2177,181.33333333333337,0.0
ergo_ground_truth,target_error,2178,181.41666666666663,0.0
ergo_ground_truth,target_error,2179,181.5,0.0
ergo_ground_truth,target_error,2180,181.58333333333337,0.0
ergo_ground_truth,target_error,2181,181.66666666666663,0.0
ergo_ground_truth,target_error,2182,181.75,0.0
ergo_ground_truth,target_error,2183,181.83333333333337,0.0
ergo_ground_truth,target_error,2184,181.91666666666663,0.0
ergo_ground_truth,target_error,2185,182.0,0.0
ergo_ground_truth,target_error,2186,182.08333333333337,0.0
ergo_ground_truth,target_error,2187,182.16666666666663,0.0
ergo_ground_truth,target_error,2188,182.25,0.0
ergo_ground_truth,target_error,2189,182.33333333333337,0.0
ergo_ground_truth,target_error,2190,182.41666666666663,0.0
ergo_ground_truth,target_error,2191,182.5,0.0
ergo_ground_truth,target_error,2192,182.58333333333337,0.0
ergo_ground_truth,target_error,2193,182.66666666666663,0.0
ergo_ground_truth,target_error,2194,182.75,0.0
ergo_ground_truth,target_error,2195,182.83333333333337,0.0
ergo_ground_truth,target_error,2196,182.91666666666663,0.0
ergo_ground_truth,target_error,2197,183.0,0.0
ergo_ground_truth,target_error,2198,183.08333333333337,0.0
ergo_ground_truth,target_error,2199,183.16666666666663,0.0
ergo_ground_truth,target_error,2200,183.25,0.0
ergo_ground_truth,target_error,2201,183.33333333333337,0.0
ergo_ground_truth,target_error,2202,183.41666666666663,0.0
ergo_ground_truth,target_error,2203,183.5,0.0
ergo_ground_truth,target_error,2204,183.58333333333337,0.0
ergo_ground_truth,target_error,2205,183.66666666666663,0.0
ergo_ground_truth,target_error,2206,183.75,0.0
ergo_ground_truth,target_error,2207,183.83333333333337,0.0
ergo_ground_truth,target_error,2208,183.91666666666663,0.0
ergo_ground_truth,target_error,2209,184.0,0.0
ergo_ground_truth,target_error,2210,184.08333333333337,0.0
ergo_ground_truth,target_error,2211,184.16666666666663,0.0
ergo_ground_truth,target_error,2212,184.25,0.0
ergo_ground_truth,target_error,2213,184.33333333333337,0.0
ergo_ground_truth,target_error,2214,184.41666666666663,0.0
ergo_ground_truth,target_error,2215,184.5,0.0
ergo_ground_truth,target_error,2216,184.58333333333337,0.0
ergo_ground_truth,target_error,2217,184.66666666666663,0.0
ergo_ground_truth,target_error,2218,184.75,0.0
ergo_ground_truth,target_error,2219,184.83333333333337,0.0
ergo_ground_truth,target_error,2220,184.91666666666663,0.0
ergo_ground_truth,target_error,2221,185.0,0.0
ergo_ground_truth,target_error,2222,185.08333333333337,0.0
ergo_ground_truth,target_error,2223,185.16666666666663,0.0
ergo_ground_truth,target_error,2224,185.25,0.0
ergo_ground_truth,target_error,2225,185.33333333333337,0.0
ergo_ground_truth,target_error,2226,185.41666666666663,0.0
ergo_ground_truth,target_error,2227,185.5,0.0
ergo_ground_truth,target_error,2228,185.58333333333337,0.0
ergo_ground_truth,target_error,2229,185.66666666666663,0.0
ergo_ground_truth,target_error,2230,185.75,0.0
ergo_ground_truth,target_error,2231,185.83333333333337,0.0
ergo_ground_truth,target_error,2232,185.91666666666663,0.0
ergo_ground_truth,target_error,2233,186.0,0.0
ergo_ground_truth,target_error,2234,186.08333333333337,0.0
ergo_ground_truth,target_error,2235,186.16666666666663,0.0
ergo_ground_truth,target_error,2236,186.25,0.0
ergo_ground_truth,target_error,2237,186.33333333333337,0.0
ergo_ground_truth,target_error,2238,186.41666666666663,0.0
ergo_ground_truth,target_error,2239,186.5,0.0
ergo_ground_truth,target_error,2240,186.58333333333337,0.0
ergo_ground_truth,target_error,2241,186.66666666666663,0.0
ergo_ground_truth,target_error,2242,186.75,0.0
ergo_ground_truth,target_error,2243,186.83333333333337,0.0
ergo_ground_truth,target_error,2244,186.91666666666663,0.0
ergo_ground_truth,target_error,2245,187.0,0.0
ergo_ground_truth,target_error,2246,187.08333333333337,0.0
ergo_ground_truth,target_error,2247,187.16666666666663,0.0
ergo_ground_truth,target_error,2248,187.25,0.0
ergo_ground_truth,target_error,2249,187.33333333333337,0.0
ergo_ground_truth,target_error,2250,187.41666666666663,0.0
ergo_ground_truth,target_error,2251,187.5,0.0
ergo_ground_truth,target_error,2252,187.58333333333337,0.0
ergo_ground_truth,target_error,2253,187.66666666666663,0.0
ergo_ground_truth,target_error,2254,187.75,0.0
ergo_ground_truth,target_error,2255,187.83333333333337,0.0
ergo_ground_truth,target_error,2256,187.91666666666663,0.0
ergo_ground_truth,target_error,2257,188.0,0.0
ergo_ground_truth,target_error,2258,188.08333333333337,0.0
ergo_ground_truth,target_error,2259,188.16666666666663,0.0
ergo_ground_truth,target_error,2260,188.25,0.0
ergo_ground_truth,target_error,2261,188.33333333333337,0.0
ergo_ground_truth,target_error,2262,188.41666666666663,0.0
ergo_ground_truth,target_error,2263,188.5,0.0
ergo_ground_truth,target_error,2264,188.58333333333337,0.0
ergo_ground_truth,target_error,2265,188.66666666666663,0.0
ergo_ground_truth,target_error,2266,188.75,0.0
ergo_ground_truth,target_error,2267,188.83333333333337,0.0
ergo_ground_truth,target_error,2268,188.91666666666663,0.0
ergo_ground_truth,target_error,2269,189.0,0.0
ergo_ground_truth,target_error,2270,189.08333333333337,0.0
ergo_ground_truth,target_error,2271,189.16666666666663,0.0
ergo_ground_truth,target_error,2272,189.25,0.0
ergo_ground_truth,target_error,2273,189.33333333333337,0.0
ergo_ground_truth,target_error,2274,189.41666666666663,0.0
ergo_ground_truth,target_error,2275,189.5,0.0
ergo_ground_truth,target_error,2276,189.58333333333337,0.0
ergo_ground_truth,target_error,2277,189.66666666666663,0.0
ergo_ground_truth,target_error,2278,189.75,0.0
ergo_ground_truth,target_error,2279,189.83333333333337,0.0
ergo_ground_truth,target_error,2280,189.91666666666663,0.0
ergo_ground_truth,target_error,2281,190.0,0.0
ergo_ground_truth,target_error,2282,190.08333333333337,0.0
ergo_ground_truth,target_error,2283,190.16666666666663,0.0
ergo_ground_truth,target_error,2284,190.25,0.0
ergo_ground_truth,target_error,2285,190.33333333333337,0.0
ergo_ground_truth,target_error,2286,190.41666666666663,0.0
ergo_ground_truth,target_error,2287,190.5,0.0
ergo_ground_truth,target_error,2288,190.58333333333337,0.0
ergo_ground_truth,target_error,2289,190.66666666666663,0.0
ergo_ground_truth,target_error,2290,190.75,0.0
ergo_ground_truth,target_error,2291,190.83333333333337,0.0
ergo_ground_truth,target_error,2292,190.91666666666663,0.0
ergo_ground_truth,target_error,2293,191.0,0.0
ergo_ground_truth,target_error,2294,191.08333333333337,0.0
ergo_ground_truth,target_error,2295,191.16666666666663,0.0
ergo_ground_truth,target_error,2296,191.25,0.0
ergo_ground_truth,target_error,2297,191.33333333333337,0.0
ergo_ground_truth,target_error,2298,191.41666666666663,0.0
ergo_ground_truth,target_error,2299,191.5,0.0
ergo_ground_truth,target_error,2300,191.58333333333337,0.0
ergo_ground_truth,target_error,2301,191.66666666666663,0.0
ergo_ground_truth,target_error,2302,191.75,0.0
ergo_ground_truth,target_error,2303,191.83333333333337,0.0
ergo_ground_truth,target_error,2304,191.91666666666663,0.0
ergo_ground_truth,target_error,2305,192.0,0.0
ergo_ground_truth,target_error,2306,192.08333333333337,0.0
ergo_ground_truth,target_error,2307,192.16666666666663,0.0
ergo_ground_truth,target_error,2308,192.25,0.0
ergo_ground_truth,target_error,2309,192.33333333333337,0.0
ergo_ground_truth,target_error,2310,192.41666666666663,0.0
ergo_ground_truth,target_error,2311,192.5,0.0
ergo_ground_truth,target_error,2312,192.58333333333337,0.0
ergo_ground_truth,target_error,2313,192.66666666666663,0.0
ergo_ground_truth,target_error,2314,192.75,0.0
ergo_ground_truth,target_error,2315,192.83333333333337,0.0
ergo_ground_truth,target_error,2316,192.91666666666663,0.0
ergo_ground_truth,target_error,2317,193.0,0.0
ergo_ground_truth,target_error,2318,193.08333333333337,0.0
ergo_ground_truth,target_error,2319,193.16666666666663,0.0
ergo_ground_truth,target_error,2320,193.25,0.0
ergo_ground_truth,target_error,2321,193.33333333333337,0.0
ergo_ground_truth,target_error,2322,193.41666666666663,0.0
ergo_ground_truth,target_error,2323,193.5,0.0
ergo_ground_truth,target_error,2324,193.58333333333337,0.0
ergo_ground_truth,target_error,2325,193.66666666666663,0.0
ergo_ground_truth,target_error,2326,193.75,0.0
ergo_ground_truth,target_error,2327,193.83333333333337,0.0
ergo_ground_truth,target_error,2328,193.91666666666663,0.0
ergo_ground_truth,target_error,2329,194.0,0.0
ergo_ground_truth,target_error,2330,194.08333333333337,0.0
ergo_ground_truth,target_error,2331,194.16666666666663,0.0
ergo_ground_truth,target_error,2332,194.25,0.0
ergo_ground_truth,target_error,2333,194.33333333333337,0.0
ergo_ground_truth,target_error,2334,194.41666666666663,0.0
ergo_ground_truth,target_error,2335,194.5,0.0
ergo_ground_truth,target_error,2336,194.58333333333337,0.0
ergo_ground_truth,target_error,2337,194.66666666666663,0.0
ergo_ground_truth,target_error,2338,194.75,0.0
ergo_ground_truth,target_error,2339,194.83333333333337,0.0
ergo_ground_truth,target_error,2340,194.91666666666663,0.0
ergo_ground_truth,target_error,2341,195.0,0.0
ergo_ground_truth,target_error,2342,195.08333333333337,0.0
ergo_ground_truth,target_error,2343,195.16666666666663,0.0
ergo_ground_truth,target_error,2344,195.25,0.0
ergo_ground_truth,target_error,2345,195.33333333333337,0.0
ergo_ground_truth,target_error,2346,195.41666666666663,0.0
ergo_ground_truth,target_error,2347,195.5,0.0
ergo_ground_truth,target_error,2348,195.58333333333337,0.0
ergo_ground_truth,target_error,2349,195.66666666666663,0.0
ergo_ground_truth,target_error,2350,195.75,0.0
ergo_ground_truth,target_error,2351,195.83333333333337,0.0
ergo_ground_truth,target_error,2352,195.91666666666663,0.0
ergo_ground_truth,target_error,2353,196.0,0.0
ergo_ground_truth,target_error,2354,196.08333333333337,0.0
ergo_ground_truth,target_error,2355,196.16666666666663,0.0
ergo_ground_truth,target_error,2356,196.25,0.0
ergo_ground_truth,target_error,2357,196.33333333333337,0.0
ergo_ground_truth,target_error,2358,196.41666666666663,0.0
ergo_ground_truth,target_error,2359,196.5,0.0
ergo_ground_truth,target_error,2360,196.58333333333337,0.0
ergo_ground_truth,target_error,2361,196.66666666666663,0.0
ergo_ground_truth,target_error,2362,196.75,0.0
ergo_ground_truth,target_error,2363,196.83333333333337,0.0
ergo_ground_truth,target_error,2364,196.91666666666663,0.0
ergo_ground_truth,target_error,2365,197.0,0.0
ergo_ground_truth,target_error,2366,197.08333333333337,0.0
ergo_ground_truth,target_error,2367,197.16666666666663,0.0
ergo_ground_truth,target_error,2368,197.25,0.0
ergo_ground_truth,target_error,2369,197.33333333333337,0.0
ergo_ground_truth,target_error,2370,197.41666666666663,0.0
ergo_ground_truth,target_error,2371,197.5,0.0
ergo_ground_truth,target_error,2372,197.58333333333337,0.0
ergo_ground_truth,target_error,2373,197.66666666666663,0.0
ergo_ground_truth,target_error,2374,197.75,0.0
ergo_ground_truth,target_error,2375,197.83333333333337,0.0
ergo_ground_truth,target_error,2376,197.91666666666663,0.0
ergo_ground_truth,target_error,2377,198.0,0.0
ergo_ground_truth,target_error,2378,198.08333333333337,0.0
ergo_ground_truth,target_error,2379,198.16666666666663,0.0
ergo_ground_truth,target_error,2380,198.25,0.0
ergo_ground_truth,target_error,2381,198.33333333333337,0.0
ergo_ground_truth,target_error,2382,198.41666666666663,0.0
ergo_ground_truth,target_error,2383,198.5,0.0
ergo_ground_truth,target_error,2384,198.58333333333337,0.0
ergo_ground_truth,target_error,2385,198.66666666666663,0.0
ergo_ground_truth,target_error,2386,198.75,0.0
ergo_ground_truth,target_error,2387,198.83333333333337,0.0
ergo_ground_truth,target_error,2388,198.91666666666663,0.0
ergo_ground_truth,target_error,2389,199.0,0.0
ergo_ground_truth,target_error,2390,199.08333333333337,0.0
ergo_ground_truth,target_error,2391,199.16666666666663,0.0
ergo_ground_truth,target_error,2392,199.25,0.0
ergo_ground_truth,target_error,2393,199.33333333333337,0.0
ergo_ground_truth,target_error,2394,199.41666666666663,0.0
ergo_ground_truth,target_error,2395,199.5,0.0
ergo_ground_truth,target_error,2396,199.58333333333337,0.0
ergo_ground_truth,target_error,2397,199.66666666666663,0.0
ergo_ground_truth,target_error,2398,199.75,0.0
ergo_ground_truth,target_error,2399,199.83333333333337,0.0
ergo_ground_truth,target_error,2400,199.91666666666663,0.0
ergo_ground_truth,target_error,2401,200.0,0.0
ergo_ground_truth,target_error,2402,200.08333333333337,0.0
ergo_ground_truth,target_error,2403,200.16666666666663,0.0
ergo_ground_truth,target_error,2404,200.25,0.0
ergo_ground_truth,target_error,2405,200.33333333333337,0.0
ergo_ground_truth,target_error,2406,200.41666666666663,0.0
ergo_ground_truth,target_error,2407,200.5,0.0
ergo_ground_truth,target_error,2408,200.58333333333337,0.0
ergo_ground_truth,target_error,2409,200.66666666666663,0.0
ergo_ground_truth,target_error,2410,200.75,0.0
ergo_ground_truth,target_error,2411,200.83333333333337,0.0
ergo_ground_truth,target_error,2412,200.91666666666663,0.0
ergo_ground_truth,target_error,2413,201.0,0.0
ergo_ground_truth,target_error,2414,201.08333333333337,0.0
ergo_ground_truth,target_error,2415,201.16666666666663,0.0
ergo_ground_truth,target_error,2416,201.25,0.0
ergo_ground_truth,target_error,2417,201.33333333333337,0.0
ergo_ground_truth,target_error,2418,201.41666666666663,0.0
ergo_ground_truth,target_error,2419,201.5,0.0
ergo_ground_truth,target_error,2420,201.58333333333337,0.0
ergo_ground_truth,target_error,2421,201.66666666666663,0.0
ergo_ground_truth,target_error,2422,201.75,0.0
ergo_ground_truth,target_error,2423,201.83333333333337,0.0
ergo_ground_truth,target_error,2424,201.91666666666663,0.0
ergo_ground_truth,target_error,2425,202.0,0.0
ergo_ground_truth,target_error,2426,202.08333333333337,0.0
ergo_ground_truth,target_error,2427,202.16666666666663,0.0
ergo_ground_truth,target_error,2428,202.25,0.0
ergo_ground_truth,target_error,2429,202.33333333333337,0.0
ergo_ground_truth,target_error,2430,202.41666666666663,0.0
ergo_ground_truth,target_error,2431,202.5,0.0
ergo_ground_truth,target_error,2432,202.58333333333337,0.0
ergo_ground_truth,target_error,2433,202.66666666666663,0.0
ergo_ground_truth,target_error,2434,202.75,0.0
ergo_ground_truth,target_error,2435,202.83333333333337,0.0
ergo_ground_truth,target_error,2436,202.91666666666663,0.0
ergo_ground_truth,target_error,2437,203.0,0.0
ergo_ground_truth,target_error,2438,203.08333333333337,0.0
ergo_ground_truth,target_error,2439,203.16666666666663,0.0
ergo_ground_truth,target_error,2440,203.25,0.0
ergo_ground_truth,target_error,2441,203.33333333333337,0.0
ergo_ground_truth,target_error,2442,203.41666666666663,0.0
ergo_ground_truth,target_error,2443,203.5,0.0
ergo_ground_truth,target_error,2444,203.58333333333337,0.0
ergo_ground_truth,target_error,2445,203.66666666666663,0.0
ergo_ground_truth,target_error,2446,203.75,0.0
ergo_ground_truth,target_error,2447,203.83333333333337,0.0
ergo_ground_truth,target_error,2448,203.91666666666663,0.0
ergo_ground_truth,target_error,2449,204.0,0.0
ergo_ground_truth,target_error,2450,204.08333333333337,0.0
ergo_ground_truth,target_error,2451,204.16666666666663,0.0
ergo_ground_truth,target_error,2452,204.25,0.0
ergo_ground_truth,target_error,2453,204.33333333333337,0.0
ergo_ground_truth,target_error,2454,204.41666666666663,0.0
ergo_ground_truth,target_error,2455,204.5,0.0
ergo_ground_truth,target_error,2456,204.58333333333337,0.0
ergo_ground_truth,target_error,2457,204.66666666666663,0.0
ergo_ground_truth,target_error,2458,204.75,0.0
ergo_ground_truth,target_error,2459,204.83333333333337,0.0
ergo_ground_truth,target_error,2460,204.91666666666663,0.0
ergo_ground_truth,target_error,2461,205.0,0.0
ergo_ground_truth,target_error,2462,205.08333333333337,0.0
ergo_ground_truth,target_error,2463,205.16666666666663,0.0
ergo_ground_truth,target_error,2464,205.25,0.0
ergo_ground_truth,target_error,2465,205.33333333333337,0.0
ergo_ground_truth,target_error,2466,205.41666666666663,0.0
ergo_ground_truth,target_error,2467,205.5,0.0
ergo_ground_truth,target_error,2468,205.58333333333337,0.0
ergo_ground_truth,target_error,2469,205.66666666666663,0.0
ergo_ground_truth,target_error,2470,205.75,0.0
ergo_ground_truth,target_error,2471,205.83333333333337,0.0
ergo_ground_truth,target_error,2472,205.91666666666663,0.0
ergo_ground_truth,target_error,2473,206.0,0.0
ergo_ground_truth,target_error,2474,206.08333333333337,0.0
ergo_ground_truth,target_error,2475,206.16666666666663,0.0
ergo_ground_truth,target_error,2476,206.25,0.0
ergo_ground_truth,target_error,2477,206.33333333333337,0.0
ergo_ground_truth,target_error,2478,206.41666666666663,0.0
ergo_ground_truth,target_error,2479,206.5,0.0
ergo_ground_truth,target_error,2480,206.58333333333337,0.0
ergo_ground_truth,target_error,2481,206.66666666666663,0.0
ergo_ground_truth,target_error,2482,206.75,0.0
ergo_ground_truth,target_error,2483,206.83333333333337,0.0
ergo_ground_truth,target_error,2484,206.91666666666663,0.0
ergo_ground_truth,target_error,2485,207.0,0.0
ergo_ground_truth,target_error,2486,207.08333333333337,0.0
ergo_ground_truth,target_error,2487,207.16666666666663,0.0
ergo_ground_truth,target_error,2488,207.25,0.0
ergo_ground_truth,target_error,2489,207.33333333333337,0.0
ergo_ground_truth,target_error,2490,207.41666666666663,0.0
ergo_ground_truth,target_error,2491,207.5,0.0
ergo_ground_truth,target_error,2492,207.58333333333337,0.0
ergo_ground_truth,target_error,2493,207.66666666666663,0.0
ergo_ground_truth,target_error,2494,207.75,0.0
ergo_ground_truth,target_error,2495,207.83333333333337,0.0
ergo_ground_truth,target_error,2496,207.91666666666663,0.0
ergo_ground_truth,target_error,2497,208.0,0.0
ergo_ground_truth,target_error,2498,208.08333333333337,0.0
ergo_ground_truth,target_error,2499,208.16666666666663,0.0
ergo_ground_truth,target_error,2500,208.25,0.0
ergo_ground_truth,target_error,2501,208.33333333333337,0.0
ergo_ground_truth,target_error,2502,208.41666666666663,0.0
ergo_ground_truth,target_error,2503,208.5,0.0
ergo_ground_truth,target_error,2504,208.58333333333337,0.0
ergo_ground_truth,target_error,2505,208.66666666666663,0.0
ergo_ground_truth,target_error,2506,208.75,0.0
ergo_ground_truth,target_error,2507,208.83333333333337,0.0
ergo_ground_truth,target_error,2508,208.91666666666663,0.0
ergo_ground_truth,target_error,2509,209.0,0.0
ergo_ground_truth,target_error,2510,209.08333333333337,0.0
ergo_ground_truth,target_error,2511,209.16666666666663,0.0
ergo_ground_truth,target_error,2512,209.25,0.0
ergo_ground_truth,target_error,2513,209.33333333333337,0.0
ergo_ground_truth,target_error,2514,209.41666666666663,0.0
ergo_ground_truth,target_error,2515,209.5,0.0
ergo_ground_truth,target_error,2516,209.58333333333337,0.0
ergo_ground_truth,target_error,2517,209.66666666666663,0.0
ergo_ground_truth,target_error,2518,209.75,0.0
ergo_ground_truth,target_error,2519,209.83333333333337,0.0
ergo_ground_truth,target_error,2520,209.91666666666663,0.0
ergo_ground_truth,target_error,2521,210.0,0.0
ergo_ground_truth,target_error,2522,210.08333333333337,0.0
ergo_ground_truth,target_error,2523,210.16666666666663,0.0
ergo_ground_truth,target_error,2524,210.25,0.0
ergo_ground_truth,target_error,2525,210.33333333333337,0.0
ergo_ground_truth,target_error,2526,210.41666666666663,0.0
ergo_ground_truth,target_error,2527,210.5,0.0
ergo_ground_truth,target_error,2528,210.58333333333337,0.0
ergo_ground_truth,target_error,2529,210.66666666666663,0.0
ergo_ground_truth,target_error,2530,210.75,0.0
ergo_ground_truth,target_error,2531,210.83333333333337,0.0
ergo_ground_truth,target_error,2532,210.91666666666663,0.0
ergo_ground_truth,target_error,2533,211.0,0.0
ergo_ground_truth,target_error,2534,211.08333333333337,0.0
ergo_ground_truth,target_error,2535,211.16666666666663,0.0
ergo_ground_truth,target_error,2536,211.25,0.0
ergo_ground_truth,target_error,2537,211.33333333333337,0.0
ergo_ground_truth,target_error,2538,211.41666666666663,0.0
ergo_ground_truth,target_error,2539,211.5,0.0
ergo_ground_truth,target_error,2540,211.58333333333337,0.0
ergo_ground_truth,target_error,2541,211.66666666666663,0.0
ergo_ground_truth,target_error,2542,211.75,0.0
ergo_ground_truth,target_error,2543,211.83333333333337,0.0
ergo_ground_truth,target_error,2544,211.91666666666663,0.0
ergo_ground_truth,target_error,2545,212.0,0.0
ergo_ground_truth,target_error,2546,212.08333333333337,0.0
ergo_ground_truth,target_error,2547,212.16666666666663,0.0
ergo_ground_truth,target_error,2548,212.25,0.0
ergo_ground_truth,target_error,2549,212.33333333333337,0.0
ergo_ground_truth,target_error,2550,212.41666666666663,0.0
ergo_ground_truth,target_error,2551,212.5,0.0
ergo_ground_truth,target_error,2552,212.58333333333337,0.0
ergo_ground_truth,target_error,2553,212.66666666666663,0.0
ergo_ground_truth,target_error,2554,212.75,0.0
ergo_ground_truth,target_error,2555,212.83333333333337,0.0
ergo_ground_truth,target_error,2556,212.91666666666663,0.0
ergo_ground_truth,target_error,2557,213.0,0.0
ergo_ground_truth,target_error,2558,213.08333333333337,0.0
ergo_ground_truth,target_error,2559,213.16666666666663,0.0
ergo_ground_truth,target_error,2560,213.25,0.0
ergo_ground_truth,target_error,2561,213.33333333333337,0.0
ergo_ground_truth,target_error,2562,213.41666666666663,0.0
ergo_ground_truth,target_error,2563,213.5,0.0
ergo_ground_truth,target_error,2564,213.58333333333337,0.0
ergo_ground_truth,target_error,2565,213.66666666666663,0.0
ergo_ground_truth,target_error,2566,213.75,0.0
ergo_ground_truth,target_error,2567,213.83333333333337,0.0
ergo_ground_truth,target_error,2568,213.91666666666663,0.0
ergo_ground_truth,target_error,2569,214.0,0.0
ergo_ground_truth,target_error,2570,214.08333333333337,0.0
ergo_ground_truth,target_error,2571,214.16666666666663,0.0
ergo_ground_truth,target_error,2572,214.25,0.0
ergo_ground_truth,target_error,2573,214.33333333333337,0.0
ergo_ground_truth,target_error,2574,214.41666666666663,0.0
ergo_ground_truth,target_error,2575,214.5,0.0
ergo_ground_truth,target_error,2576,214.58333333333337,0.0
ergo_ground_truth,target_error,2577,214.66666666666663,0.0
ergo_ground_truth,target_error,2578,214.75,0.0
ergo_ground_truth,target_error,2579,214.83333333333337,0.0
ergo_ground_truth,target_error,2580,214.91666666666663,0.0
ergo_ground_truth,target_error,2581,215.0,0.0
ergo_ground_truth,target_error,2582,215.08333333333337,0.0
ergo_ground_truth,target_error,2583,215.16666666666663,0.0
ergo_ground_truth,target_error,2584,215.25,0.0
ergo_ground_truth,target_error,2585,215.33333333333337,0.0
ergo_ground_truth,target_error,2586,215.41666666666663,0.0
ergo_ground_truth,target_error,2587,215.5,0.0
ergo_ground_truth,target_error,2588,215.58333333333337,0.0
ergo_ground_truth,target_error,2589,215.66666666666663,0.0
ergo_ground_truth,target_error,2590,215.75,0.0
ergo_ground_truth,target_error,2591,215.83333333333337,0.0
ergo_ground_truth,target_error,2592,215.91666666666663,0.0
ergo_ground_truth,target_error,2593,216.0,0.0
ergo_ground_truth,target_error,2594,216.08333333333337,0.0
ergo_ground_truth,target_error,2595,216.16666666666663,0.0
ergo_ground_truth,target_error,2596,216.25,0.0
ergo_ground_truth,target_error,2597,216.33333333333337,0.0
ergo_ground_truth,target_error,2598,216.41666666666663,0.0
ergo_ground_truth,target_error,2599,216.5,0.0
ergo_ground_truth,target_error,2600,216.58333333333337,0.0
ergo_ground_truth,target_error,2601,216.66666666666663,0.0
ergo_ground_truth,target_error,2602,216.75,0.0
ergo_ground_truth,target_error,2603,216.83333333333337,0.0
ergo_ground_truth,target_error,2604,216.91666666666663,0.0
ergo_ground_truth,target_error,2605,217.0,0.0
ergo_ground_truth,target_error,2606,217.08333333333337,0.0
ergo_ground_truth,target_error,2607,217.16666666666663,0.0
ergo_ground_truth,target_error,2608,217.25,0.0
ergo_ground_truth,target_error,2609,217.33333333333337,0.0
ergo_ground_truth,target_error,2610,217.41666666666663,0.0
ergo_ground_truth,target_error,2611,217.5,0.0
ergo_ground_truth,target_error,2612,217.58333333333337,0.0
ergo_ground_truth,target_error,2613,217.66666666666663,0.0
ergo_ground_truth,target_error,2614,217.75,0.0
ergo_ground_truth,target_error,2615,217.83333333333337,0.0
ergo_ground_truth,target_error,2616,217.91666666666663,0.0
ergo_ground_truth,target_error,2617,218.0,0.0
ergo_ground_truth,target_error,2618,218.08333333333337,0.0
ergo_ground_truth,target_error,2619,218.16666666666663,0.0
ergo_ground_truth,target_error,2620,218.25,0.0
ergo_ground_truth,target_error,2621,218.33333333333337,0.0
ergo_ground_truth,target_error,2622,218.41666666666663,0.0
ergo_ground_truth,target_error,2623,218.5,0.0
ergo_ground_truth,target_error,2624,218.58333333333337,0.0
ergo_ground_truth,target_error,2625,218.66666666666663,0.0
ergo_ground_truth,target_error,2626,218.75,0.0
ergo_ground_truth,target_error,2627,218.83333333333337,0.0
ergo_ground_truth,target_error,2628,218.91666666666663,0.0
ergo_ground_truth,target_error,2629,219.0,0.0
ergo_ground_truth,target_error,2630,219.08333333333337,0.0
ergo_ground_truth,target_error,2631,219.16666666666663,0.0
ergo_ground_truth,target_error,2632,219.25,0.0
ergo_ground_truth,target_error,2633,219.33333333333337,0.0
ergo_ground_truth,target_error,2634,219.41666666666663,0.0
ergo_ground_truth,target_error,2635,219.5,0.0
ergo_ground_truth,target_error,2636,219.58333333333337,0.0
ergo_ground_truth,target_error,2637,219.66666666666663,0.0
ergo_ground_truth,target_error,2638,219.75,0.0
ergo_ground_truth,target_error,2639,219.83333333333337,0.0
ergo_ground_truth,target_error,2640,219.91666666666663,0.0
ergo_ground_truth,target_error,2641,220.0,0.0
ergo_ground_truth,target_error,2642,220.08333333333337,0.0
ergo_ground_truth,target_error,2643,220.16666666666663,0.0
ergo_ground_truth,target_error,2644,220.25,0.0
ergo_ground_truth,target_error,2645,220.33333333333337,0.0
ergo_ground_truth,target_error,2646,220.41666666666663,0.0
ergo_ground_truth,target_error,2647,220.5,0.0
ergo_ground_truth,target_error,2648,220.58333333333337,0.0
ergo_ground_truth,target_error,2649,220.66666666666663,0.0
ergo_ground_truth,target_error,2650,220.75,0.0
ergo_ground_truth,target_error,2651,220.83333333333337,0.0
ergo_ground_truth,target_error,2652,220.91666666666663,0.0
ergo_ground_truth,target_error,2653,221.0,0.0
ergo_ground_truth,target_error,2654,221.08333333333337,0.0
ergo_ground_truth,target_error,2655,221.16666666666663,0.0
ergo_ground_truth,target_error,2656,221.25,0.0
ergo_ground_truth,target_error,2657,221.33333333333337,0.0
ergo_ground_truth,target_error,2658,221.41666666666663,0.0
ergo_ground_truth,target_error,2659,221.5,0.0
ergo_ground_truth,target_error,2660,221.58333333333337,0.0
ergo_ground_truth,target_error,2661,221.66666666666663,0.0
ergo_ground_truth,target_error,2662,221.75,0.0
ergo_ground_truth,target_error,2663,221.83333333333337,0.0
ergo_ground_truth,target_error,2664,221.91666666666663,0.0
ergo_ground_truth,target_error,2665,222.0,0.0
ergo_ground_truth,target_error,2666,222.08333333333337,0.0
ergo_ground_truth,target_error,2667,222.16666666666663,0.0
ergo_ground_truth,target_error,2668,222.25,0.0
ergo_ground_truth,target_error,2669,222.33333333333337,0.0
ergo_ground_truth,target_error,2670,222.41666666666663,0.0
ergo_ground_truth,target_error,2671,222.5,0.0
ergo_ground_truth,target_error,2672,222.58333333333337,0.0
ergo_ground_truth,target_error,2673,222.66666666666663,0.0
ergo_ground_truth,target_error,2674,222.75,0.0
ergo_ground_truth,target_error,2675,222.83333333333337,0.0
ergo_ground_truth,target_error,2676,222.91666666666663,0.0
ergo_ground_truth,target_error,2677,223.0,0.0
ergo_ground_truth,target_error,2678,223.08333333333337,0.0
ergo_ground_truth,target_error,2679,223.16666666666663,0.0
ergo_ground_truth,target_error,2680,223.25,0.0
ergo_ground_truth,target_error,2681,223.33333333333337,0.0
ergo_ground_truth,target_error,2682,223.41666666666663,0.0
ergo_ground_truth,target_error,2683,223.5,0.0
ergo_ground_truth,target_error,2684,223.58333333333337,0.0
ergo_ground_truth,target_error,2685,223.66666666666663,0.0
ergo_ground_truth,target_error,2686,223.75,0.0
ergo_ground_truth,target_error,2687,223.83333333333337,0.0
ergo_ground_truth,target_error,2688,223.91666666666663,0.0
ergo_ground_truth,target_error,2689,224.0,0.0
ergo_ground_truth,target_error,2690,224.08333333333337,0.0
ergo_ground_truth,target_error,2691,224.16666666666663,0.0
ergo_ground_truth,target_error,2692,224.25,0.0
ergo_ground_truth,target_error,2693,224.33333333333337,0.0
ergo_ground_truth,target_error,2694,224.41666666666663,0.0
ergo_ground_truth,target_error,2695,224.5,0.0
ergo_ground_truth,target_error,2696,224.58333333333337,0.0
ergo_ground_truth,target_error,2697,224.66666666666663,0.0
ergo_ground_truth,target_error,2698,224.75,0.0
ergo_ground_truth,target_error,2699,224.83333333333337,0.0
ergo_ground_truth,target_error,2700,224.91666666666663,0.0
ergo_ground_truth,target_error,2701,225.0,0.0
ergo_ground_truth,target_error,2702,225.08333333333337,0.0
ergo_ground_truth,target_error,2703,225.16666666666663,0.0
ergo_ground_truth,target_error,2704,225.25,0.0
ergo_ground_truth,target_error,2705,225.33333333333337,0.0
ergo_ground_truth,target_error,2706,225.41666666666663,0.0
ergo_ground_truth,target_error,2707,225.5,0.0
ergo_ground_truth,target_error,2708,225.58333333333337,0.0
ergo_ground_truth,target_error,2709,225.66666666666663,0.0
ergo_ground_truth,target_error,2710,225.75,0.0
ergo_ground_truth,target_error,2711,225.83333333333337,0.0
ergo_ground_truth,target_error,2712,225.91666666666663,0.0
ergo_ground_truth,target_error,2713,226.0,0.0
ergo_ground_truth,target_error,2714,226.08333333333337,0.0
ergo_ground_truth,target_error,2715,226.16666666666663,0.0
ergo_ground_truth,target_error,2716,226.25,0.0
ergo_ground_truth,target_error,2717,226.33333333333337,0.0
ergo_ground_truth,target_error,2718,226.41666666666663,0.0
ergo_ground_truth,target_error,2719,226.5,0.0
ergo_ground_truth,target_error,2720,226.58333333333337,0.0
ergo_ground_truth,target_error,2721,226.66666666666663,0.0
ergo_ground_truth,target_error,2722,226.75,0.0
ergo_ground_truth,target_error,2723,226.83333333333337,0.0
ergo_ground_truth,target_error,2724,226.91666666666663,0.0
ergo_ground_truth,target_error,2725,227.0,0.0
ergo_ground_truth,target_error,2726,227.08333333333337,0.0
ergo_ground_truth,target_error,2727,227.16666666666663,0.0
ergo_ground_truth,target_error,2728,227.25,0.0
ergo_ground_truth,target_error,2729,227.33333333333337,0.0
ergo_ground_truth,target_error,2730,227.41666666666663,0.0
ergo_ground_truth,target_error,2731,227.5,0.0
ergo_ground_truth,target_error,2732,227.58333333333337,0.0
ergo_ground_truth,target_error,2733,227.66666666666663,0.0
ergo_ground_truth,target_error,2734,227.75,0.0
ergo_ground_truth,target_error,2735,227.83333333333337,0.0
ergo_ground_truth,target_error,2736,227.91666666666663,0.0
ergo_ground_truth,target_error,2737,228.0,0.0
ergo_ground_truth,target_error,2738,228.08333333333337,0.0
ergo_ground_truth,target_error,2739,228.16666666666663,0.0
ergo_ground_truth,target_error,2740,228.25,0.0
ergo_ground_truth,target_error,2741,228.33333333333337,0.0
ergo_ground_truth,target_error,2742,228.41666666666663,0.0
ergo_ground_truth,target_error,2743,228.5,0.0
ergo_ground_truth,target_error,2744,228.58333333333337,0.0
ergo_ground_truth,target_error,2745,228.66666666666663,0.0
ergo_ground_truth,target_error,2746,228.75,0.0
ergo_ground_truth,target_error,2747,228.83333333333337,0.0
ergo_ground_truth,target_error,2748,228.91666666666663,0.0
ergo_ground_truth,target_error,2749,229.0,0.0
ergo_ground_truth,target_error,2750,229.08333333333337,0.0
ergo_ground_truth,target_error,2751,229.16666666666663,0.0
ergo_ground_truth,target_error,2752,229.25,0.0
ergo_ground_truth,target_error,2753,229.33333333333337,0.0
ergo_ground_truth,target_error,2754,229.41666666666663,0.0
ergo_ground_truth,target_error,2755,229.5,0.0
ergo_ground_truth,target_error,2756,229.58333333333337,0.0
ergo_ground_truth,target_error,2757,229.66666666666663,0.0
ergo_ground_truth,target_error,2758,229.75,0.0
ergo_ground_truth,target_error,2759,229.83333333333337,0.0
ergo_ground_truth,target_error,2760,229.91666666666663,0.0
ergo_ground_truth,target_error,2761,230.0,0.0
ergo_ground_truth,target_error,2762,230.08333333333337,0.0
ergo_ground_truth,target_error,2763,230.16666666666663,0.0
ergo_ground_truth,target_error,2764,230.25,0.0
ergo_ground_truth,target_error,2765,230.33333333333337,0.0
ergo_ground_truth,target_error,2766,230.41666666666663,0.0
ergo_ground_truth,target_error,2767,230.5,0.0
ergo_ground_truth,target_error,2768,230.58333333333337,0.0
ergo_ground_truth,target_error,2769,230.66666666666663,0.0
ergo_ground_truth,target_error,2770,230.75,0.0
ergo_ground_truth,target_error,2771,230.83333333333337,0.0
ergo_ground_truth,target_error,2772,230.91666666666663,0.0
ergo_ground_truth,target_error,2773,231.0,0.0
ergo_ground_truth,target_error,2774,231.08333333333337,0.0
ergo_ground_truth,target_error,2775,231.16666666666663,0.0
ergo_ground_truth,target_error,2776,231.25,0.0
ergo_ground_truth,target_error,2777,231.33333333333337,0.0
ergo_ground_truth,target_error,2778,231.41666666666663,0.0
ergo_ground_truth,target_error,2779,231.5,0.0
ergo_ground_truth,target_error,2780,231.58333333333337,0.0
ergo_ground_truth,target_error,2781,231.66666666666663,0.0
ergo_ground_truth,target_error,2782,231.75,0.0
ergo_ground_truth,target_error,2783,231.83333333333337,0.0
ergo_ground_truth,target_error,2784,231.91666666666663,0.0
ergo_ground_truth,target_error,2785,232.0,0.0
ergo_ground_truth,target_error,2786,232.08333333333337,0.0
ergo_ground_truth,target_error,2787,232.16666666666663,0.0
ergo_ground_truth,target_error,2788,232.25,0.0
ergo_ground_truth,target_error,2789,232.33333333333337,0.0
ergo_ground_truth,target_error,2790,232.41666666666663,0.0
ergo_ground_truth,target_error,2791,232.5,0.0
ergo_ground_truth,target_error,2792,232.58333333333337,0.0
ergo_ground_truth,target_error,2793,232.66666666666663,0.0
ergo_ground_truth,target_error,2794,232.75,0.0
ergo_ground_truth,target_error,2795,232.83333333333337,0.0
ergo_ground_truth,target_error,2796,232.91666666666663,0.0
ergo_ground_truth,target_error,2797,233.0,0.0
ergo_ground_truth,target_error,2798,233.08333333333337,0.0
ergo_ground_truth,target_error,2799,233.16666666666663,0.0
ergo_ground_truth,target_error,2800,233.25,0.0
ergo_ground_truth,target_error,2801,233.33333333333337,0.0
ergo_ground_truth,target_error,2802,233.41666666666663,0.0
ergo_ground_truth,target_error,2803,233.5,0.0
ergo_ground_truth,target_error,2804,233.58333333333337,0.0
ergo_ground_truth,target_error,2805,233.66666666666663,0.0
ergo_ground_truth,target_error,2806,233.75,0.0
ergo_ground_truth,target_error,2807,233.83333333333337,0.0
ergo_ground_truth,target_error,2808,233.91666666666663,0.0
ergo_ground_truth,target_error,2809,234.0,0.0
ergo_ground_truth,target_error,2810,234.08333333333337,0.0
ergo_ground_truth,target_error,2811,234.16666666666663,0.0
ergo_ground_truth,target_error,2812,234.25,0.0
ergo_ground_truth,target_error,2813,234.33333333333337,0.0
ergo_ground_truth,target_error,2814,234.41666666666663,0.0
ergo_ground_truth,target_error,2815,234.5,0.0
ergo_ground_truth,target_error,2816,234.58333333333337,0.0
ergo_ground_truth,target_error,2817,234.66666666666663,0.0
ergo_ground_truth,target_error,2818,234.75,0.0
ergo_ground_truth,target_error,2819,234.83333333333337,0.0
ergo_ground_truth,target_error,2820,234.91666666666663,0.0
ergo_ground_truth,target_error,2821,235.0,0.0
ergo_ground_truth,target_error,2822,235.08333333333337,0.0
ergo_ground_truth,target_error,2823,235.16666666666663,0.0
ergo_ground_truth,target_error,2824,235.25,0.0
ergo_ground_truth,target_error,2825,235.33333333333337,0.0
ergo_ground_truth,target_error,2826,235.41666666666663,0.0
ergo_ground_truth,target_error,2827,235.5,0.0
ergo_ground_truth,target_error,2828,235.58333333333337,0.0
ergo_ground_truth,target_error,2829,235.66666666666663,0.0
ergo_ground_truth,target_error,2830,235.75,0.0
ergo_ground_truth,target_error,2831,235.83333333333337,0.0
ergo_ground_truth,target_error,2832,235.91666666666663,0.0
ergo_ground_truth,target_error,2833,236.0,0.0
ergo_ground_truth,target_error,2834,236.08333333333337,0.0
ergo_ground_truth,target_error,2835,236.16666666666663,0.0
ergo_ground_truth,target_error,2836,236.25,0.0
ergo_ground_truth,target_error,2837,236.33333333333337,0.0
ergo_ground_truth,target_error,2838,236.41666666666663,0.0
ergo_ground_truth,target_error,2839,236.5,0.0
ergo_ground_truth,target_error,2840,236.58333333333337,0.0
ergo_ground_truth,target_error,2841,236.66666666666663,0.0
ergo_ground_truth,target_error,2842,236.75,0.0
ergo_ground_truth,target_error,2843,236.83333333333337,0.0
ergo_ground_truth,target_error,2844,236.91666666666663,0.0
ergo_ground_truth,target_error,2845,237.0,0.0
ergo_ground_truth,target_error,2846,237.08333333333337,0.0
ergo_ground_truth,target_error,2847,237.16666666666663,0.0
ergo_ground_truth,target_error,2848,237.25,0.0
ergo_ground_truth,target_error,2849,237.33333333333337,0.0
ergo_ground_truth,target_error,2850,237.41666666666663,0.0
ergo_ground_truth,target_error,2851,237.5,0.0
ergo_ground_truth,target_error,2852,237.58333333333337,0.0
ergo_ground_truth,target_error,2853,237.66666666666663,0.0
ergo_ground_truth,target_error,2854,237.75,0.0
ergo_ground_truth,target_error,2855,237.83333333333337,0.0
ergo_ground_truth,target_error,2856,237.91666666666663,0.0
ergo_ground_truth,target_error,2857,238.0,0.0
ergo_ground_truth,target_error,2858,238.08333333333337,0.0
ergo_ground_truth,target_error,2859,238.16666666666663,0.0
ergo_ground_truth,target_error,2860,238.25,0.0
ergo_ground_truth,target_error,2861,238.33333333333337,0.0
ergo_ground_truth,target_error,2862,238.41666666666663,0.0
ergo_ground_truth,target_error,2863,238.5,0.0
ergo_ground_truth,target_error,2864,238.58333333333337,0.0
ergo_ground_truth,target_error,2865,238.66666666666663,0.0
ergo_ground_truth,target_error,2866,238.75,0.0
ergo_ground_truth,target_error,2867,238.83333333333337,0.0
ergo_ground_truth,target_error,2868,238.91666666666663,0.0
ergo_ground_truth,target_error,2869,239.0,0.0
ergo_ground_truth,target_error,2870,239.08333333333337,0.0
ergo_ground_truth,target_error,2871,239.16666666666663,0.0
ergo_ground_truth,target_error,2872,239.25,0.0
ergo_ground_truth,target_error,2873,239.33333333333337,0.0
ergo_ground_truth,target_error,2874,239.41666666666663,0.0
ergo_ground_truth,target_error,2875,239.5,0.0
ergo_ground_truth,target_error,2876,239.58333333333337,0.0
ergo_ground_truth,target_error,2877,239.66666666666663,0.0
ergo_ground_truth,target_error,2878,239.75,0.0
ergo_ground_truth,target_error,2879,239.83333333333337,0.0
ergo_ground_truth,target_error,2880,239.91666666666663,0.0
ergo_ground_truth,target_error,2881,240.0,0.0
ergo_ground_truth,target_error,2882,240.08333333333337,0.0
ergo_ground_truth,target_error,2883,240.16666666666663,0.0
ergo_ground_truth,target_error,2884,240.25,0.0
ergo_ground_truth,target_error,2885,240.33333333333337,0.0
ergo_ground_truth,target_error,2886,240.41666666666663,0.0
ergo_ground_truth,target_error,2887,240.5,0.0
ergo_ground_truth,target_error,2888,240.58333333333337,0.0
ergo_ground_truth,target_error,2889,240.66666666666663,0.0
ergo_ground_truth,target_error,2890,240.75,0.0
ergo_ground_truth,target_error,2891,240.83333333333337,0.0
ergo_ground_truth,target_error,2892,240.91666666666663,0.0
ergo_ground_truth,target_error,2893,241.0,0.0
ergo_ground_truth,target_error,2894,241.08333333333337,0.0
ergo_ground_truth,target_error,2895,241.16666666666663,0.0
ergo_ground_truth,target_error,2896,241.25,0.0
ergo_ground_truth,target_error,2897,241.33333333333337,0.0
ergo_ground_truth,target_error,2898,241.41666666666663,0.0
ergo_ground_truth,target_error,2899,241.5,0.0
ergo_ground_truth,target_error,2900,241.58333333333337,0.0
ergo_ground_truth,target_error,2901,241.66666666666663,0.0
ergo_ground_truth,target_error,2902,241.75,0.0
ergo_ground_truth,target_error,2903,241.83333333333337,0.0
ergo_ground_truth,target_error,2904,241.91666666666663,0.0
ergo_ground_truth,target_error,2905,242.0,0.0
ergo_ground_truth,target_error,2906,242.08333333333337,0.0
ergo_ground_truth,target_error,2907,242.16666666666663,0.0
ergo_ground_truth,target_error,2908,242.25,0.0
ergo_ground_truth,target_error,2909,242.33333333333337,0.0
ergo_ground_truth,target_error,2910,242.41666666666663,0.0
ergo_ground_truth,target_error,2911,242.5,0.0
ergo_ground_truth,target_error,2912,242.58333333333337,0.0
ergo_ground_truth,target_error,2913,242.66666666666663,0.0
ergo_ground_truth,target_error,2914,242.75,0.0
ergo_ground_truth,target_error,2915,242.83333333333337,0.0
ergo_ground_truth,target_error,2916,242.91666666666663,0.0
ergo_ground_truth,target_error,2917,243.0,0.0
ergo_ground_truth,target_error,2918,243.08333333333337,0.0
ergo_ground_truth,target_error,2919,243.16666666666663,0.0
ergo_ground_truth,target_error,2920,243.25,0.0
ergo_ground_truth,target_error,2921,243.33333333333337,0.0
ergo_ground_truth,target_error,2922,243.41666666666663,0.0
ergo_ground_truth,target_error,2923,243.5,0.0
ergo_ground_truth,target_error,2924,243.58333333333337,0.0
ergo_ground_truth,target_error,2925,243.66666666666663,0.0
ergo_ground_truth,target_error,2926,243.75,0.0
ergo_ground_truth,target_error,2927,243.83333333333337,0.0
ergo_ground_truth,target_error,2928,243.91666666666663,0.0
ergo_ground_truth,target_error,2929,244.0,0.0
ergo_ground_truth,target_error,2930,244.08333333333337,0.0
ergo_ground_truth,target_error,2931,244.16666666666663,0.0
ergo_ground_truth,target_error,2932,244.25,0.0
ergo_ground_truth,target_error,2933,244.33333333333337,0.0
ergo_ground_truth,target_error,2934,244.41666666666663,0.0
ergo_ground_truth,target_error,2935,244.5,0.0
ergo_ground_truth,target_error,2936,244.58333333333337,0.0
ergo_ground_truth,target_error,2937,244.66666666666663,0.0
ergo_ground_truth,target_error,2938,244.75,0.0
ergo_ground_truth,target_error,2939,244.83333333333337,0.0
ergo_ground_truth,target_error,2940,244.91666666666663,0.0
ergo_ground_truth,target_error,2941,245.0,0.0
ergo_ground_truth,target_error,2942,245.08333333333337,0.0
ergo_ground_truth,target_error,2943,245.16666666666663,0.0
ergo_ground_truth,target_error,2944,245.25,0.0
ergo_ground_truth,target_error,2945,245.33333333333337,0.0
ergo_ground_truth,target_error,2946,245.41666666666663,0.0
ergo_ground_truth,target_error,2947,245.5,0.0
ergo_ground_truth,target_error,2948,245.58333333333337,0.0
ergo_ground_truth,target_error,2949,245.66666666666663,0.0
ergo_ground_truth,target_error,2950,245.75,0.0
ergo_ground_truth,target_error,2951,245.83333333333337,0.0
ergo_ground_truth,target_error,2952,245.91666666666663,0.0
ergo_ground_truth,target_error,2953,246.0,0.0
ergo_ground_truth,target_error,2954,246.08333333333337,0.0
ergo_ground_truth,target_error,2955,246.16666666666663,0.0
ergo_ground_truth,target_error,2956,246.25,0.0
ergo_ground_truth,target_error,2957,246.33333333333337,0.0
ergo_ground_truth,target_error,2958,246.41666666666663,0.0
ergo_ground_truth,target_error,2959,246.5,0.0
ergo_ground_truth,target_error,2960,246.58333333333337,0.0
ergo_ground_truth,target_error,2961,246.66666666666663,0.0
ergo_ground_truth,target_error,2962,246.75,0.0
ergo_ground_truth,target_error,2963,246.83333333333337,0.0
ergo_ground_truth,target_error,2964,246.91666666666663,0.0
ergo_ground_truth,target_error,2965,247.0,0.0
ergo_ground_truth,target_error,2966,247.08333333333337,0.0
ergo_ground_truth,target_error,2967,247.16666666666663,0.0
ergo_ground_truth,target_error,2968,247.25,0.0
ergo_ground_truth,target_error,2969,247.33333333333337,0.0
ergo_ground_truth,target_error,2970,247.41666666666663,0.0
ergo_ground_truth,target_error,2971,247.5,0.0
ergo_ground_truth,target_error,2972,247.58333333333337,0.0
ergo_ground_truth,target_error,2973,247.66666666666663,0.0
ergo_ground_truth,target_error,2974,247.75,0.0
ergo_ground_truth,target_error,2975,247.83333333333337,0.0
ergo_ground_truth,target_error,2976,247.91666666666663,0.0
ergo_ground_truth,target_error,2977,248.0,0.0
ergo_ground_truth,target_error,2978,248.08333333333337,0.0
ergo_ground_truth,target_error,2979,248.16666666666663,0.0
ergo_ground_truth,target_error,2980,248.25,0.0
ergo_ground_truth,target_error,2981,248.33333333333337,0.0
ergo_ground_truth,target_error,2982,248.41666666666663,0.0
ergo_ground_truth,target_error,2983,248.5,0.0
ergo_ground_truth,target_error,2984,248.58333333333337,0.0
ergo_ground_truth,target_error,2985,248.66666666666663,0.0
ergo_ground_truth,target_error,2986,248.75,0.0
ergo_ground_truth,target_error,2987,248.83333333333337,0.0
ergo_ground_truth,target_error,2988,248.91666666666663,0.0
ergo_ground_truth,target_error,2989,249.0,0.0
ergo_ground_truth,target_error,2990,249.08333333333337,0.0
ergo_ground_truth,target_error,2991,249.16666666666663,0.0
ergo_ground_truth,target_error,2992,249.25,0.0
ergo_ground_truth,target_error,2993,249.33333333333337,0.0
ergo_ground_truth,target_error,2994,249.41666666666663,0.0
ergo_ground_truth,target_error,2995,249.5,0.0
ergo_ground_truth,target_error,2996,249.58333333333337,0.0
ergo_ground_truth,target_error,2997,249.66666666666663,0.0
ergo_ground_truth,target_error,2998,249.75,0.0
ergo_ground_truth,target_error,2999,249.83333333333337,0.0
ergo_ground_truth,target_error,3000,249.91666666666663,0.0
ergo_ground_truth,target_error,3001,250.0,0.0
ergo_ground_truth,target_error,3002,250.08333333333337,0.0
ergo_ground_truth,target_error,3003,250.16666666666663,0.0
ergo_ground_truth,target_error,3004,250.25,0.0
ergo_ground_truth,target_error,3005,250.33333333333337,0.0
ergo_ground_truth,target_error,3006,250.41666666666663,0.0
ergo_ground_truth,target_error,3007,250.5,0.0
ergo_ground_truth,target_error,3008,250.58333333333337,0.0
ergo_ground_truth,target_error,3009,250.66666666666663,0.0
ergo_ground_truth,target_error,3010,250.75,0.0
ergo_ground_truth,target_error,3011,250.83333333333337,0.0
ergo_ground_truth,target_error,3012,250.91666666666663,0.0
ergo_ground_truth,target_error,3013,251.0,0.0
ergo_ground_truth,target_error,3014,251.08333333333337,0.0
ergo_ground_truth,target_error,3015,251.16666666666663,0.0
ergo_ground_truth,target_error,3016,251.25,0.0
ergo_ground_truth,target_error,3017,251.33333333333337,0.0
ergo_ground_truth,target_error,3018,251.41666666666663,0.0
ergo_ground_truth,target_error,3019,251.5,0.0
ergo_ground_truth,target_error,3020,251.58333333333337,0.0
ergo_ground_truth,target_error,3021,251.66666666666663,0.0
ergo_ground_truth,target_error,3022,251.75,0.0
ergo_ground_truth,target_error,3023,251.83333333333337,0.0
ergo_ground_truth,target_error,3024,251.91666666666663,0.0
ergo_ground_truth,target_error,3025,252.0,0.0
ergo_ground_truth,target_error,3026,252.08333333333337,0.0
ergo_ground_truth,target_error,3027,252.16666666666663,0.0
ergo_ground_truth,target_error,3028,252.25,0.0
ergo_ground_truth,target_error,3029,252.33333333333337,0.0
ergo_ground_truth,target_error,3030,252.41666666666663,0.0
ergo_ground_truth,target_error,3031,252.5,0.0
ergo_ground_truth,target_error,3032,252.58333333333337,0.0
ergo_ground_truth,target_error,3033,252.66666666666663,0.0
ergo_ground_truth,target_error,3034,252.75,0.0
ergo_ground_truth,target_error,3035,252.83333333333337,0.0
ergo_ground_truth,target_error,3036,252.91666666666663,0.0
ergo_ground_truth,target_error,3037,253.0,0.0
ergo_ground_truth,target_error,3038,253.08333333333337,0.0
ergo_ground_truth,target_error,3039,253.16666666666663,0.0
ergo_ground_truth,target_error,3040,253.25,0.0
ergo_ground_truth,target_error,3041,253.33333333333337,0.0
ergo_ground_truth,target_error,3042,253.41666666666663,0.0
ergo_ground_truth,target_error,3043,253.5,0.0
ergo_ground_truth,target_error,3044,253.58333333333337,0.0
ergo_ground_truth,target_error,3045,253.66666666666663,0.0
ergo_ground_truth,target_error,3046,253.75,0.0
ergo_ground_truth,target_error,3047,253.83333333333337,0.0
ergo_ground_truth,target_error,3048,253.91666666666663,0.0
ergo_ground_truth,target_error,3049,254.0,0.0
ergo_ground_truth,target_error,3050,254.08333333333337,0.0
ergo_ground_truth,target_error,3051,254.16666666666663,0.0
ergo_ground_truth,target_error,3052,254.25,0.0
ergo_ground_truth,target_error,3053,254.33333333333337,0.0
ergo_ground_truth,target_error,3054,254.41666666666663,0.0
ergo_ground_truth,target_error,3055,254.5,0.0
ergo_ground_truth,target_error,3056,254.58333333333337,0.0
ergo_ground_truth,target_error,3057,254.66666666666663,0.0
ergo_ground_truth,target_error,3058,254.75,0.0
ergo_ground_truth,target_error,3059,254.83333333333337,0.0
ergo_ground_truth,target_error,3060,254.91666666666663,0.0
ergo_ground_truth,target_error,3061,255.0,0.0
ergo_ground_truth,target_error,3062,255.08333333333337,0.0
ergo_ground_truth,target_error,3063,255.16666666666663,0.0
ergo_ground_truth,target_error,3064,255.25,0.0
ergo_ground_truth,target_error,3065,255.33333333333337,0.0
ergo_ground_truth,target_error,3066,255.41666666666663,0.0
ergo_ground_truth,target_error,3067,255.5,0.0
ergo_ground_truth,target_error,3068,255.58333333333337,0.0
ergo_ground_truth,target_error,3069,255.66666666666663,0.0
ergo_ground_truth,target_error,3070,255.75,0.0
ergo_ground_truth,target_error,3071,255.83333333333337,0.0
ergo_ground_truth,target_error,3072,255.91666666666663,0.0
ergo_ground_truth,target_error,3073,256.0,0.0
ergo_ground_truth,target_error,3074,256.08333333333337,0.0
ergo_ground_truth,target_error,3075,256.16666666666663,0.0
ergo_ground_truth,target_error,3076,256.25,0.0
ergo_ground_truth,target_error,3077,256.33333333333337,0.0
ergo_ground_truth,target_error,3078,256.41666666666663,0.0
ergo_ground_truth,target_error,3079,256.5,0.0
ergo_ground_truth,target_error,3080,256.58333333333337,0.0
ergo_ground_truth,target_error,3081,256.66666666666663,0.0
ergo_ground_truth,target_error,3082,256.75,0.0
ergo_ground_truth,target_error,3083,256.83333333333337,0.0
ergo_ground_truth,target_error,3084,256.91666666666663,0.0
ergo_ground_truth,target_error,3085,257.0,0.0
ergo_ground_truth,target_error,3086,257.08333333333337,0.0
ergo_ground_truth,target_error,3087,257.16666666666663,0.0
ergo_ground_truth,target_error,3088,257.25,0.0
ergo_ground_truth,target_error,3089,257.33333333333337,0.0
ergo_ground_truth,target_error,3090,257.41666666666663,0.0
ergo_ground_truth,target_error,3091,257.5,0.0
ergo_ground_truth,target_error,3092,257.58333333333337,0.0
ergo_ground_truth,target_error,3093,257.66666666666663,0.0
ergo_ground_truth,target_error,3094,257.75,0.0
ergo_ground_truth,target_error,3095,257.83333333333337,0.0
ergo_ground_truth,target_error,3096,257.91666666666663,0.0
ergo_ground_truth,target_error,3097,258.0,0.0
ergo_ground_truth,target_error,3098,258.08333333333337,0.0
ergo_ground_truth,target_error,3099,258.16666666666663,0.0
ergo_ground_truth,target_error,3100,258.25,0.0
ergo_ground_truth,target_error,3101,258.33333333333337,0.0
ergo_ground_truth,target_error,3102,258.41666666666663,0.0
ergo_ground_truth,target_error,3103,258.5,0.0
ergo_ground_truth,target_error,3104,258.58333333333337,0.0
ergo_ground_truth,target_error,3105,258.66666666666663,0.0
ergo_ground_truth,target_error,3106,258.75,0.0
ergo_ground_truth,target_error,3107,258.83333333333337,0.0
ergo_ground_truth,target_error,3108,258.91666666666663,0.0
ergo_ground_truth,target_error,3109,259.0,0.0
ergo_ground_truth,target_error,3110,259.08333333333337,0.0
ergo_ground_truth,target_error,3111,259.16666666666663,0.0
ergo_ground_truth,target_error,3112,259.25,0.0
ergo_ground_truth,target_error,3113,259.33333333333337,0.0
ergo_ground_truth,target_error,3114,259.41666666666663,0.0
ergo_ground_truth,target_error,3115,259.5,0.0
ergo_ground_truth,target_error,3116,259.58333333333337,0.0
ergo_ground_truth,target_error,3117,259.66666666666663,0.0
ergo_ground_truth,target_error,3118,259.75,0.0
ergo_ground_truth,target_error,3119,259.83333333333337,0.0
ergo_ground_truth,target_error,3120,259.91666666666663,0.0
ergo_ground_truth,target_error,3121,260.0,0.0
ergo_ground_truth,target_error,3122,260.08333333333337,0.0
ergo_ground_truth,target_error,3123,260.16666666666663,0.0
ergo_ground_truth,target_error,3124,260.25,0.0
ergo_ground_truth,target_error,3125,260.33333333333337,0.0
ergo_ground_truth,target_error,3126,260.41666666666663,0.0
ergo_ground_truth,target_error,3127,260.5,0.0
ergo_ground_truth,target_error,3128,260.58333333333337,0.0
ergo_ground_truth,target_error,3129,260.66666666666663,0.0
ergo_ground_truth,target_error,3130,260.75,0.0
ergo_ground_truth,target_error,3131,260.83333333333337,0.0
ergo_ground_truth,target_error,3132,260.91666666666663,0.0
ergo_ground_truth,target_error,3133,261.0,0.0
ergo_ground_truth,target_error,3134,261.08333333333337,0.0
ergo_ground_truth,target_error,3135,261.16666666666663,0.0
ergo_ground_truth,target_error,3136,261.25,0.0
ergo_ground_truth,target_error,3137,261.33333333333337,0.0
ergo_ground_truth,target_error,3138,261.41666666666663,0.0
ergo_ground_truth,target_error,3139,261.5,0.0
ergo_ground_truth,target_error,3140,261.58333333333337,0.0
ergo_ground_truth,target_error,3141,261.66666666666663,0.0
ergo_ground_truth,target_error,3142,261.75,0.0
ergo_ground_truth,target_error,3143,261.83333333333337,0.0
ergo_ground_truth,target_error,3144,261.91666666666663,0.0
ergo_ground_truth,target_error,3145,262.0,0.0
ergo_ground_truth,target_error,3146,262.08333333333337,0.0
ergo_ground_truth,target_error,3147,262.16666666666663,0.0
ergo_ground_truth,target_error,3148,262.25,0.0
ergo_ground_truth,target_error,3149,262.33333333333337,0.0
ergo_ground_truth,target_error,3150,262.41666666666663,0.0
ergo_ground_truth,target_error,3151,262.5,0.0
ergo_ground_truth,target_error,3152,262.58333333333337,0.0
ergo_ground_truth,target_error,3153,262.66666666666663,0.0
ergo_ground_truth,target_error,3154,262.75,0.0
ergo_ground_truth,target_error,3155,262.83333333333337,0.0
ergo_ground_truth,target_error,3156,262.91666666666663,0.0
ergo_ground_truth,target_error,3157,263.0,0.0
ergo_ground_truth,target_error,3158,263.08333333333337,0.0
ergo_ground_truth,target_error,3159,263.16666666666663,0.0
ergo_ground_truth,target_error,3160,263.25,0.0
ergo_ground_truth,target_error,3161,263.33333333333337,0.0
ergo_ground_truth,target_error,3162,263.41666666666663,0.0
ergo_ground_truth,target_error,3163,263.5,0.0
ergo_ground_truth,target_error,3164,263.58333333333337,0.0
ergo_ground_truth,target_error,3165,263.66666666666663,0.0
ergo_ground_truth,target_error,3166,263.75,0.0
ergo_ground_truth,target_error,3167,263.83333333333337,0.0
ergo_ground_truth,target_error,3168,263.91666666666663,0.0
ergo_ground_truth,target_error,3169,264.0,0.0
ergo_ground_truth,target_error,3170,264.08333333333337,0.0
ergo_ground_truth,target_error,3171,264.16666666666663,0.0
ergo_ground_truth,target_error,3172,264.25,0.0
ergo_ground_truth,target_error,3173,264.33333333333337,0.0
ergo_ground_truth,target_error,3174,264.41666666666663,0.0
ergo_ground_truth,target_error,3175,264.5,0.0
ergo_ground_truth,target_error,3176,264.58333333333337,0.0
ergo_ground_truth,target_error,3177,264.66666666666663,0.0
ergo_ground_truth,target_error,3178,264.75,0.0
ergo_ground_truth,target_error,3179,264.83333333333337,0.0
ergo_ground_truth,target_error,3180,264.91666666666663,0.0
ergo_ground_truth,target_error,3181,265.0,0.0
ergo_ground_truth,target_error,3182,265.08333333333337,0.0
ergo_ground_truth,target_error,3183,265.16666666666663,0.0
ergo_ground_truth,target_error,3184,265.25,0.0
ergo_ground_truth,target_error,3185,265.33333333333337,0.0
ergo_ground_truth,target_error,3186,265.41666666666663,0.0
ergo_ground_truth,target_error,3187,265.5,0.0
ergo_ground_truth,target_error,3188,265.58333333333337,0.0
ergo_ground_truth,target_error,3189,265.66666666666663,0.0
ergo_ground_truth,target_error,3190,265.75,0.0
ergo_ground_truth,target_error,3191,265.83333333333337,0.0
ergo_ground_truth,target_error,3192,265.91666666666663,0.0
ergo_ground_truth,target_error,3193,266.0,0.0
ergo_ground_truth,target_error,3194,266.08333333333337,0.0
ergo_ground_truth,target_error,3195,266.16666666666663,0.0
ergo_ground_truth,target_error,3196,266.25,0.0
ergo_ground_truth,target_error,3197,266.33333333333337,0.0
ergo_ground_truth,target_error,3198,266.41666666666663,0.0
ergo_ground_truth,target_error,3199,266.5,0.0
ergo_ground_truth,target_error,3200,266.58333333333337,0.0
ergo_ground_truth,target_error,3201,266.66666666666663,0.0
ergo_ground_truth,target_error,3202,266.75,0.0
ergo_ground_truth,target_error,3203,266.83333333333337,0.0
ergo_ground_truth,target_error,3204,266.91666666666663,0.0
ergo_ground_truth,target_error,3205,267.0,0.0
ergo_ground_truth,target_error,3206,267.08333333333337,0.0
ergo_ground_truth,target_error,3207,267.16666666666663,0.0
ergo_ground_truth,target_error,3208,267.25,0.0
ergo_ground_truth,target_error,3209,267.33333333333337,0.0
ergo_ground_truth,target_error,3210,267.41666666666663,0.0
ergo_ground_truth,target_error,3211,267.5,0.0
ergo_ground_truth,target_error,3212,267.58333333333337,0.0
ergo_ground_truth,target_error,3213,267.66666666666663,0.0
ergo_ground_truth,target_error,3214,267.75,0.0
ergo_ground_truth,target_error,3215,267.83333333333337,0.0
ergo_ground_truth,target_error,3216,267.91666666666663,0.0
ergo_ground_truth,target_error,3217,268.0,0.0
ergo_ground_truth,target_error,3218,268.08333333333337,0.0
ergo_ground_truth,target_error,3219,268.16666666666663,0.0
ergo_ground_truth,target_error,3220,268.25,0.0
ergo_ground_truth,target_error,3221,268.33333333333337,0.0
ergo_ground_truth,target_error,3222,268.41666666666663,0.0
ergo_ground_truth,target_error,3223,268.5,0.0
ergo_ground_truth,target_error,3224,268.58333333333337,0.0
ergo_ground_truth,target_error,3225,268.66666666666663,0.0
ergo_ground_truth,target_error,3226,268.75,0.0
ergo_ground_truth,target_error,3227,268.83333333333337,0.0
ergo_ground_truth,target_error,3228,268.91666666666663,0.0
ergo_ground_truth,target_error,3229,269.0,0.0
ergo_ground_truth,target_error,3230,269.08333333333337,0.0
ergo_ground_truth,target_error,3231,269.16666666666663,0.0
ergo_ground_truth,target_error,3232,269.25,0.0
ergo_ground_truth,target_error,3233,269.33333333333337,0.0
ergo_ground_truth,target_error,3234,269.41666666666663,0.0
ergo_ground_truth,target_error,3235,269.5,0.0
ergo_ground_truth,target_error,3236,269.58333333333337,0.0
ergo_ground_truth,target_error,3237,269.66666666666663,0.0
ergo_ground_truth,target_error,3238,269.75,0.0
ergo_ground_truth,target_error,3239,269.83333333333337,0.0
ergo_ground_truth,target_error,3240,269.91666666666663,0.0
ergo_ground_truth,target_error,3241,270.0,0.0
ergo_ground_truth,target_error,3242,270.08333333333337,0.0
ergo_ground_truth,target_error,3243,270.16666666666663,0.0
ergo_ground_truth,target_error,3244,270.25,0.0
ergo_ground_truth,target_error,3245,270.33333333333337,0.0
ergo_ground_truth,target_error,3246,270.41666666666663,0.0
ergo_ground_truth,target_error,3247,270.5,0.0
ergo_ground_truth,target_error,3248,270.58333333333337,0.0
ergo_ground_truth,target_error,3249,270.66666666666663,0.0
ergo_ground_truth,target_error,3250,270.75,0.0
ergo_ground_truth,target_error,3251,270.83333333333337,0.0
ergo_ground_truth,target_error,3252,270.91666666666663,0.0
ergo_ground_truth,target_error,3253,271.0,0.0
ergo_ground_truth,target_error,3254,271.08333333333337,0.0
ergo_ground_truth,target_error,3255,271.16666666666663,0.0
ergo_ground_truth,target_error,3256,271.25,0.0
ergo_ground_truth,target_error,3257,271.33333333333337,0.0
ergo_ground_truth,target_error,3258,271.41666666666663,0.0
ergo_ground_truth,target_error,3259,271.5,0.0
ergo_ground_truth,target_error,3260,271.58333333333337,0.0
ergo_ground_truth,target_error,3261,271.66666666666663,0.0
ergo_ground_truth,target_error,3262,271.75,0.0
ergo_ground_truth,target_error,3263,271.83333333333337,0.0
ergo_ground_truth,target_error,3264,271.91666666666663,0.0
ergo_ground_truth,target_error,3265,272.0,0.0
ergo_ground_truth,target_error,3266,272.08333333333337,0.0
ergo_ground_truth,target_error,3267,272.16666666666663,0.0
ergo_ground_truth,target_error,3268,272.25,0.0
ergo_ground_truth,target_error,3269,272.33333333333337,0.0
ergo_ground_truth,target_error,3270,272.41666666666663,0.0
ergo_ground_truth,target_error,3271,272.5,0.0
ergo_ground_truth,target_error,3272,272.58333333333337,0.0
ergo_ground_truth,target_error,3273,272.66666666666663,0.0
ergo_ground_truth,target_error,3274,272.75,0.0
ergo_ground_truth,target_error,3275,272.83333333333337,0.0
ergo_ground_truth,target_error,3276,272.91666666666663,0.0
ergo_ground_truth,target_error,3277,273.0,0.0
ergo_ground_truth,target_error,3278,273.08333333333337,0.0
ergo_ground_truth,target_error,3279,273.16666666666663,0.0
ergo_ground_truth,target_error,3280,273.25,0.0
ergo_ground_truth,target_error,3281,273.33333333333337,0.0
ergo_ground_truth,target_error,3282,273.41666666666663,0.0
ergo_ground_truth,target_error,3283,273.5,0.0
ergo_ground_truth,target_error,3284,273.58333333333337,0.0
ergo_ground_truth,target_error,3285,273.66666666666663,0.0
ergo_ground_truth,target_error,3286,273.75,0.0
ergo_ground_truth,target_error,3287,273.83333333333337,0.0
ergo_ground_truth,target_error,3288,273.91666666666663,0.0
ergo_ground_truth,target_error,3289,274.0,0.0
ergo_ground_truth,target_error,3290,274.08333333333337,0.0
ergo_ground_truth,target_error,3291,274.16666666666663,0.0
ergo_ground_truth,target_error,3292,274.25,0.0
ergo_ground_truth,target_error,3293,274.33333333333337,0.0
ergo_ground_truth,target_error,3294,274.41666666666663,0.0
ergo_ground_truth,target_error,3295,274.5,0.0
ergo_ground_truth,target_error,3296,274.58333333333337,0.0
ergo_ground_truth,target_error,3297,274.66666666666663,0.0
ergo_ground_truth,target_error,3298,274.75,0.0
ergo_ground_truth,target_error,3299,274.83333333333337,0.0
ergo_ground_truth,target_error,3300,274.91666666666663,0.0
ergo_ground_truth,target_error,3301,275.0,0.0
ergo_ground_truth,target_error,3302,275.08333333333337,0.0
ergo_ground_truth,target_error,3303,275.16666666666663,0.0
ergo_ground_truth,target_error,3304,275.25,0.0
ergo_ground_truth,target_error,3305,275.33333333333337,0.0
ergo_ground_truth,target_error,3306,275.41666666666663,0.0
ergo_ground_truth,target_error,3307,275.5,0.0
ergo_ground_truth,target_error,3308,275.58333333333337,0.0
ergo_ground_truth,target_error,3309,275.66666666666663,0.0
ergo_ground_truth,target_error,3310,275.75,0.0
ergo_ground_truth,target_error,3311,275.83333333333337,0.0
ergo_ground_truth,target_error,3312,275.91666666666663,0.0
ergo_ground_truth,target_error,3313,276.0,0.0
ergo_ground_truth,target_error,3314,276.08333333333337,0.0
ergo_ground_truth,target_error,3315,276.16666666666663,0.0
ergo_ground_truth,target_error,3316,276.25,0.0
ergo_ground_truth,target_error,3317,276.33333333333337,0.0
ergo_ground_truth,target_error,3318,276.41666666666663,0.0
ergo_ground_truth,target_error,3319,276.5,0.0
ergo_ground_truth,target_error,3320,276.58333333333337,0.0
ergo_ground_truth,target_error,3321,276.66666666666663,0.0
ergo_ground_truth,target_error,3322,276.75,0.0
ergo_ground_truth,target_error,3323,276.83333333333337,0.0
ergo_ground_truth,target_error,3324,276.91666666666663,0.0
ergo_ground_truth,target_error,3325,277.0,0.0
ergo_ground_truth,target_error,3326,277.08333333333337,0.0
ergo_ground_truth,target_error,3327,277.16666666666663,0.0
ergo_ground_truth,target_error,3328,277.25,0.0
ergo_ground_truth,target_error,3329,277.33333333333337,0.0
ergo_ground_truth,target_error,3330,277.41666666666663,0.0
ergo_ground_truth,target_error,3331,277.5,0.0
ergo_ground_truth,target_error,3332,277.58333333333337,0.0
ergo_ground_truth,target_error,3333,277.66666666666663,0.0
ergo_ground_truth,target_error,3334,277.75,0.0
ergo_ground_truth,target_error,3335,277.83333333333337,0.0
ergo_ground_truth,target_error,3336,277.91666666666663,0.0
ergo_ground_truth,target_error,3337,278.0,0.0
ergo_ground_truth,target_error,3338,278.08333333333337,0.0
ergo_ground_truth,target_error,3339,278.16666666666663,0.0
ergo_ground_truth,target_error,3340,278.25,0.0
ergo_ground_truth,target_error,3341,278.33333333333337,0.0
ergo_ground_truth,target_error,3342,278.41666666666663,0.0
ergo_ground_truth,target_error,3343,278.5,0.0
ergo_ground_truth,target_error,3344,278.58333333333337,0.0
ergo_ground_truth,target_error,3345,278.66666666666663,0.0
ergo_ground_truth,target_error,3346,278.75,0.0
ergo_ground_truth,target_error,3347,278.83333333333337,0.0
ergo_ground_truth,target_error,3348,278.91666666666663,0.0
ergo_ground_truth,target_error,3349,279.0,0.0
ergo_ground_truth,target_error,3350,279.08333333333337,0.0
ergo_ground_truth,target_error,3351,279.16666666666663,0.0
ergo_ground_truth,target_error,3352,279.25,0.0
ergo_ground_truth,target_error,3353,279.33333333333337,0.0
ergo_ground_truth,target_error,3354,279.41666666666663,0.0
ergo_ground_truth,target_error,3355,279.5,0.0
ergo_ground_truth,target_error,3356,279.58333333333337,0.0
ergo_ground_truth,target_error,3357,279.66666666666663,0.0
ergo_ground_truth,target_error,3358,279.75,0.0
ergo_ground_truth,target_error,3359,279.83333333333337,0.0
ergo_ground_truth,target_error,3360,279.91666666666663,0.0
ergo_ground_truth,target_error,3361,280.0,0.0
ergo_ground_truth,target_error,3362,280.08333333333337,0.0
ergo_ground_truth,target_error,3363,280.16666666666663,0.0
ergo_ground_truth,target_error,3364,280.25,0.0
ergo_ground_truth,target_error,3365,280.33333333333337,0.0
ergo_ground_truth,target_error,3366,280.41666666666663,0.0
ergo_ground_truth,target_error,3367,280.5,0.0
ergo_ground_truth,target_error,3368,280.58333333333337,0.0
ergo_ground_truth,target_error,3369,280.66666666666663,0.0
ergo_ground_truth,target_error,3370,280.75,0.0
ergo_ground_truth,target_error,3371,280.83333333333337,0.0
ergo_ground_truth,target_error,3372,280.91666666666663,0.0
ergo_ground_truth,target_error,3373,281.0,0.0
ergo_ground_truth,target_error,3374,281.08333333333337,0.0
ergo_ground_truth,target_error,3375,281.16666666666663,0.0
ergo_ground_truth,target_error,3376,281.25,0.0
ergo_ground_truth,target_error,3377,281.33333333333337,0.0
ergo_ground_truth,target_error,3378,281.41666666666663,0.0
ergo_ground_truth,target_error,3379,281.5,0.0
ergo_ground_truth,target_error,3380,281.58333333333337,0.0
ergo_ground_truth,target_error,3381,281.66666666666663,0.0
ergo_ground_truth,target_error,3382,281.75,0.0
ergo_ground_truth,target_error,3383,281.83333333333337,0.0
ergo_ground_truth,target_error,3384,281.91666666666663,0.0
ergo_ground_truth,target_error,3385,282.0,0.0
ergo_ground_truth,target_error,3386,282.08333333333337,0.0
ergo_ground_truth,target_error,3387,282.16666666666663,0.0
ergo_ground_truth,target_error,3388,282.25,0.0
ergo_ground_truth,target_error,3389,282.33333333333337,0.0
ergo_ground_truth,target_error,3390,282.41666666666663,0.0
ergo_ground_truth,target_error,3391,282.5,0.0
ergo_ground_truth,target_error,3392,282.58333333333337,0.0
ergo_ground_truth,target_error,3393,282.66666666666663,0.0
ergo_ground_truth,target_error,3394,282.75,0.0
ergo_ground_truth,target_error,3395,282.83333333333337,0.0
ergo_ground_truth,target_error,3396,282.91666666666663,0.0
ergo_ground_truth,target_error,3397,283.0,0.0
ergo_ground_truth,target_error,3398,283.08333333333337,0.0
ergo_ground_truth,target_error,3399,283.16666666666663,0.0
ergo_ground_truth,target_error,3400,283.25,0.0
ergo_ground_truth,target_error,3401,283.33333333333337,0.0
ergo_ground_truth,target_error,3402,283.41666666666663,0.0
ergo_ground_truth,target_error,3403,283.5,0.0
ergo_ground_truth,target_error,3404,283.58333333333337,0.0
ergo_ground_truth,target_error,3405,283.66666666666663,0.0
ergo_ground_truth,target_error,3406,283.75,0.0
ergo_ground_truth,target_error,3407,283.83333333333337,0.0
ergo_ground_truth,target_error,3408,283.91666666666663,0.0
ergo_ground_truth,target_error,3409,284.0,0.0
ergo_ground_truth,target_error,3410,284.08333333333337,0.0
ergo_ground_truth,target_error,3411,284.16666666666663,0.0
ergo_ground_truth,target_error,3412,284.25,0.0
ergo_ground_truth,target_error,3413,284.33333333333337,0.0
ergo_ground_truth,target_error,3414,284.41666666666663,0.0
ergo_ground_truth,target_error,3415,284.5,0.0
ergo_ground_truth,target_error,3416,284.58333333333337,0.0
ergo_ground_truth,target_error,3417,284.66666666666663,0.0
ergo_ground_truth,target_error,3418,284.75,0.0
ergo_ground_truth,target_error,3419,284.83333333333337,0.0
ergo_ground_truth,target_error,3420,284.91666666666663,0.0
ergo_ground_truth,target_error,3421,285.0,0.0
ergo_ground_truth,target_error,3422,285.08333333333337,0.0
ergo_ground_truth,target_error,3423,285.16666666666663,0.0
ergo_ground_truth,target_error,3424,285.25,0.0
ergo_ground_truth,target_error,3425,285.33333333333337,0.0
ergo_ground_truth,target_error,3426,285.41666666666663,0.0
ergo_ground_truth,target_error,3427,285.5,0.0
ergo_ground_truth,target_error,3428,285.58333333333337,0.0
ergo_ground_truth,target_error,3429,285.66666666666663,0.0
ergo_ground_truth,target_error,3430,285.75,0.0
ergo_ground_truth,target_error,3431,285.83333333333337,0.0
ergo_ground_truth,target_error,3432,285.91666666666663,0.0
ergo_ground_truth,target_error,3433,286.0,0.0
ergo_ground_truth,target_error,3434,286.08333333333337,0.0
ergo_ground_truth,target_error,3435,286.16666666666663,0.0
ergo_ground_truth,target_error,3436,286.25,0.0
ergo_ground_truth,target_error,3437,286.33333333333337,0.0
ergo_ground_truth,target_error,3438,286.41666666666663,0.0
ergo_ground_truth,target_error,3439,286.5,0.0
ergo_ground_truth,target_error,3440,286.58333333333337,0.0
ergo_ground_truth,target_error,3441,286.66666666666663,0.0
ergo_ground_truth,target_error,3442,286.75,0.0
ergo_ground_truth,target_error,3443,286.83333333333337,0.0
ergo_ground_truth,target_error,3444,286.91666666666663,0.0
ergo_ground_truth,target_error,3445,287.0,0.0
ergo_ground_truth,target_error,3446,287.08333333333337,0.0
ergo_ground_truth,target_error,3447,287.16666666666663,0.0
ergo_ground_truth,target_error,3448,287.25,0.0
ergo_ground_truth,target_error,3449,287.33333333333337,0.0
ergo_ground_truth,target_error,3450,287.41666666666663,0.0
ergo_ground_truth,target_error,3451,287.5,0.0
ergo_ground_truth,target_error,3452,287.58333333333337,0.0
ergo_ground_truth,target_error,3453,287.66666666666663,0.0
ergo_ground_truth,target_error,3454,287.75,0.0
ergo_ground_truth,target_error,3455,287.83333333333337,0.0
ergo_ground_truth,target_error,3456,287.91666666666663,0.0
ergo_ground_truth,target_error,3457,288.0,0.0
ergo_ground_truth,target_error,3458,288.08333333333337,0.0
ergo_ground_truth,target_error,3459,288.16666666666663,0.0
ergo_ground_truth,target_error,3460,288.25,0.0
ergo_ground_truth,target_error,3461,288.33333333333337,0.0
ergo_ground_truth,target_error,3462,288.41666666666663,0.0
ergo_ground_truth,target_error,3463,288.5,0.0
ergo_ground_truth,target_error,3464,288.58333333333337,0.0
ergo_ground_truth,target_error,3465,288.66666666666663,0.0
ergo_ground_truth,target_error,3466,288.75,0.0
ergo_ground_truth,target_error,3467,288.83333333333337,0.0
ergo_ground_truth,target_error,3468,288.91666666666663,0.0
ergo_ground_truth,target_error,3469,289.0,0.0
ergo_ground_truth,target_error,3470,289.08333333333337,0.0
ergo_ground_truth,target_error,3471,289.16666666666663,0.0
ergo_ground_truth,target_error,3472,289.25,0.0
ergo_ground_truth,target_error,3473,289.33333333333337,0.0
ergo_ground_truth,target_error,3474,289.41666666666663,0.0
ergo_ground_truth,target_error,3475,289.5,0.0
ergo_ground_truth,target_error,3476,289.58333333333337,0.0
ergo_ground_truth,target_error,3477,289.66666666666663,0.0
ergo_ground_truth,target_error,3478,289.75,0.0
ergo_ground_truth,target_error,3479,289.83333333333337,0.0
ergo_ground_truth,target_error,3480,289.91666666666663,0.0
ergo_ground_truth,target_error,3481,290.0,0.0
ergo_ground_truth,target_error,3482,290.08333333333337,0.0
ergo_ground_truth,target_error,3483,290.16666666666663,0.0
ergo_ground_truth,target_error,3484,290.25,0.0
ergo_ground_truth,target_error,3485,290.33333333333337,0.0
ergo_ground_truth,target_error,3486,290.41666666666663,0.0
ergo_ground_truth,target_error,3487,290.5,0.0
ergo_ground_truth,target_error,3488,290.58333333333337,0.0
ergo_ground_truth,target_error,3489,290.66666666666663,0.0
ergo_ground_truth,target_error,3490,290.75,0.0
ergo_ground_truth,target_error,3491,290.83333333333337,0.0
ergo_ground_truth,target_error,3492,290.91666666666663,0.0
ergo_ground_truth,target_error,3493,291.0,0.0
ergo_ground_truth,target_error,3494,291.08333333333337,0.0
ergo_ground_truth,target_error,3495,291.16666666666663,0.0
ergo_ground_truth,target_error,3496,291.25,0.0
ergo_ground_truth,target_error,3497,291.33333333333337,0.0
ergo_ground_truth,target_error,3498,291.41666666666663,0.0
ergo_ground_truth,target_error,3499,291.5,0.0
ergo_ground_truth,target_error,3500,291.58333333333337,0.0
ergo_ground_truth,target_error,3501,291.66666666666663,0.0
ergo_ground_truth,target_error,3502,291.75,0.0
ergo_ground_truth,target_error,3503,291.83333333333337,0.0
ergo_ground_truth,target_error,3504,291.91666666666663,0.0
ergo_ground_truth,target_error,3505,292.0,0.0
ergo_ground_truth,target_error,3506,292.08333333333337,0.0
ergo_ground_truth,target_error,3507,292.16666666666663,0.0
ergo_ground_truth,target_error,3508,292.25,0.0
ergo_ground_truth,target_error,3509,292.33333333333337,0.0
ergo_ground_truth,target_error,3510,292.41666666666663,0.0
ergo_ground_truth,target_error,3511,292.5,0.0
ergo_ground_truth,target_error,3512,292.58333333333337,0.0
ergo_ground_truth,target_error,3513,292.66666666666663,0.0
ergo_ground_truth,target_error,3514,292.75,0.0
ergo_ground_truth,target_error,3515,292.83333333333337,0.0
ergo_ground_truth,target_error,3516,292.91666666666663,0.0
ergo_ground_truth,target_error,3517,293.0,0.0
ergo_ground_truth,target_error,3518,293.08333333333337,0.0
ergo_ground_truth,target_error,3519,293.16666666666663,0.0
ergo_ground_truth,target_error,3520,293.25,0.0
ergo_ground_truth,target_error,3521,293.33333333333337,0.0
ergo_ground_truth,target_error,3522,293.41666666666663,0.0
ergo_ground_truth,target_error,3523,293.5,0.0
ergo_ground_truth,target_error,3524,293.58333333333337,0.0
ergo_ground_truth,target_error,3525,293.66666666666663,0.0
ergo_ground_truth,target_error,3526,293.75,0.0
ergo_ground_truth,target_error,3527,293.83333333333337,0.0
ergo_ground_truth,target_error,3528,293.91666666666663,0.0
ergo_ground_truth,target_error,3529,294.0,0.0
ergo_ground_truth,target_error,3530,294.08333333333337,0.0
ergo_ground_truth,target_error,3531,294.16666666666663,0.0
ergo_ground_truth,target_error,3532,294.25,0.0
ergo_ground_truth,target_error,3533,294.33333333333337,0.0
ergo_ground_truth,target_error,3534,294.41666666666663,0.0
ergo_ground_truth,target_error,3535,294.5,0.0
ergo_ground_truth,target_error,3536,294.58333333333337,0.0
ergo_ground_truth,target_error,3537,294.66666666666663,0.0
ergo_ground_truth,target_error,3538,294.75,0.0
ergo_ground_truth,target_error,3539,294.83333333333337,0.0
ergo_ground_truth,target_error,3540,294.91666666666663,0.0
ergo_ground_truth,target_error,3541,295.0,0.0
ergo_ground_truth,target_error,3542,295.08333333333337,0.0
ergo_ground_truth,target_error,3543,295.16666666666663,0.0
ergo_ground_truth,target_error,3544,295.25,0.0
ergo_ground_truth,target_error,3545,295.33333333333337,0.0
ergo_ground_truth,target_error,3546,295.41666666666663,0.0
ergo_ground_truth,target_error,3547,295.5,0.0
ergo_ground_truth,target_error,3548,295.58333333333337,0.0
ergo_ground_truth,target_error,3549,295.66666666666663,0.0
ergo_ground_truth,target_error,3550,295.75,0.0
ergo_ground_truth,target_error,3551,295.83333333333337,0.0
ergo_ground_truth,target_error,3552,295.91666666666663,0.0
ergo_ground_truth,target_error,3553,296.0,0.0
ergo_ground_truth,target_error,3554,296.08333333333337,0.0
ergo_ground_truth,target_error,3555,296.16666666666663,0.0
ergo_ground_truth,target_error,3556,296.25,0.0
ergo_ground_truth,target_error,3557,296.33333333333337,0.0
ergo_ground_truth,target_error,3558,296.41666666666663,0.0
ergo_ground_truth,target_error,3559,296.5,0.0
ergo_ground_truth,target_error,3560,296.58333333333337,0.0
ergo_ground_truth,target_error,3561,296.66666666666663,0.0
ergo_ground_truth,target_error,3562,296.75,0.0
ergo_ground_truth,target_error,3563,296.83333333333337,0.0
ergo_ground_truth,target_error,3564,296.91666666666663,0.0
ergo_ground_truth,target_error,3565,297.0,0.0
ergo_ground_truth,target_error,3566,297.08333333333337,0.0
ergo_ground_truth,target_error,3567,297.16666666666663,0.0
ergo_ground_truth,target_error,3568,297.25,0.0
ergo_ground_truth,target_error,3569,297.33333333333337,0.0
ergo_ground_truth,target_error,3570,297.41666666666663,0.0
ergo_ground_truth,target_error,3571,297.5,0.0
ergo_ground_truth,target_error,3572,297.58333333333337,0.0
ergo_ground_truth,target_error,3573,297.66666666666663,0.0
ergo_ground_truth,target_error,3574,297.75,0.0
ergo_ground_truth,target_error,3575,297.83333333333337,0.0
ergo_ground_truth,target_error,3576,297.91666666666663,0.0
ergo_ground_truth,target_error,3577,298.0,0.0
ergo_ground_truth,target_error,3578,298.08333333333337,0.0
ergo_ground_truth,target_error,3579,298.16666666666663,0.0
ergo_ground_truth,target_error,3580,298.25,0.0
ergo_ground_truth,target_error,3581,298.33333333333337,0.0
ergo_ground_truth,target_error,3582,298.41666666666663,0.0
ergo_ground_truth,target_error,3583,298.5,0.0
ergo_ground_truth,target_error,3584,298.58333333333337,0.0
ergo_ground_truth,target_error,3585,298.66666666666663,0.0
ergo_ground_truth,target_error,3586,298.75,0.0
ergo_ground_truth,target_error,3587,298.83333333333337,0.0
ergo_ground_truth,target_error,3588,298.91666666666663,0.0
ergo_ground_truth,target_error,3589,299.0,0.0
ergo_ground_truth,target_error,3590,299.08333333333337,0.0
ergo_ground_truth,target_error,3591,299.16666666666663,0.0
ergo_ground_truth,target_error,3592,299.25,0.0
ergo_ground_truth,target_error,3593,299.33333333333337,0.0
ergo_ground_truth,target_error,3594,299.41666666666663,0.0
ergo_ground_truth,target_error,3595,299.5,0.0
ergo_ground_truth,target_error,3596,299.58333333333337,0.0
ergo_ground_truth,target_error,3597,299.66666666666663,0.0
ergo_ground_truth,target_error,3598,299.75,0.0
ergo_ground_truth,target_error,3599,299.83333333333337,0.0
ergo_ground_truth,target_error,3600,299.91666666666663,0.0
ergo_ground_truth,target_error,3601,300.0,0.0
ergo_ground_truth,target_error,3602,300.08333333333337,0.0
ergo_ground_truth,target_error,3603,300.16666666666663,0.0
ergo_ground_truth,target_error,3604,300.25,0.0
ergo_ground_truth,target_error,3605,300.33333333333337,0.0
ergo_ground_truth,target_error,3606,300.41666666666663,0.0
ergo_ground_truth,target_error,3607,300.5,0.0
ergo_ground_truth,target_error,3608,300.58333333333337,0.0
ergo_ground_truth,target_error,3609,300.66666666666663,0.0
ergo_ground_truth,target_error,3610,300.75,0.0
ergo_ground_truth,target_error,3611,300.83333333333337,0.0
ergo_ground_truth,target_error,3612,300.91666666666663,0.0
ergo_ground_truth,target_error,3613,301.0,0.0
ergo_ground_truth,target_error,3614,301.08333333333337,0.0
ergo_ground_truth,target_error,3615,301.16666666666663,0.0
ergo_ground_truth,target_error,3616,301.25,0.0
ergo_ground_truth,target_error,3617,301.33333333333337,0.0
ergo_ground_truth,target_error,3618,301.41666666666663,0.0
ergo_ground_truth,target_error,3619,301.5,0.0
ergo_ground_truth,target_error,3620,301.58333333333337,0.0
ergo_ground_truth,target_error,3621,301.66666666666663,0.0
ergo_ground_truth,target_error,3622,301.75,0.0
ergo_ground_truth,target_error,3623,301.83333333333337,0.0
ergo_ground_truth,target_error,3624,301.91666666666663,0.0
ergo_ground_truth,target_error,3625,302.0,0.0
ergo_ground_truth,target_error,3626,302.08333333333337,0.0
ergo_ground_truth,target_error,3627,302.16666666666663,0.0
ergo_ground_truth,target_error,3628,302.25,0.0
ergo_ground_truth,target_error,3629,302.33333333333337,0.0
ergo_ground_truth,target_error,3630,302.41666666666663,0.0
ergo_ground_truth,target_error,3631,302.5,0.0
ergo_ground_truth,target_error,3632,302.58333333333337,0.0
ergo_ground_truth,target_error,3633,302.66666666666663,0.0
ergo_ground_truth,target_error,3634,302.75,0.0
ergo_ground_truth,target_error,3635,302.83333333333337,0.0
ergo_ground_truth,target_error,3636,302.91666666666663,0.0
ergo_ground_truth,target_error,3637,303.0,0.0
ergo_ground_truth,target_error,3638,303.08333333333337,0.0
ergo_ground_truth,target_error,3639,303.16666666666663,0.0
ergo_ground_truth,target_error,3640,303.25,0.0
ergo_ground_truth,target_error,3641,303.33333333333337,0.0
ergo_ground_truth,target_error,3642,303.41666666666663,0.0
ergo_ground_truth,target_error,3643,303.5,0.0
ergo_ground_truth,target_error,3644,303.58333333333337,0.0
ergo_ground_truth,target_error,3645,303.66666666666663,0.0
ergo_ground_truth,target_error,3646,303.75,0.0
ergo_ground_truth,target_error,3647,303.83333333333337,0.0
ergo_ground_truth,target_error,3648,303.91666666666663,0.0
ergo_ground_truth,target_error,3649,304.0,0.0
ergo_ground_truth,target_error,3650,304.08333333333337,0.0
ergo_ground_truth,target_error,3651,304.16666666666663,0.0
ergo_ground_truth,target_error,3652,304.25,0.0
ergo_ground_truth,target_error,3653,304.33333333333337,0.0
ergo_ground_truth,target_error,3654,304.41666666666663,0.0
ergo_ground_truth,target_error,3655,304.5,0.0
ergo_ground_truth,target_error,3656,304.58333333333337,0.0
ergo_ground_truth,target_error,3657,304.66666666666663,0.0
ergo_ground_truth,target_error,3658,304.75,0.0
ergo_ground_truth,target_error,3659,304.83333333333337,0.0
ergo_ground_truth,target_error,3660,304.91666666666663,0.0
ergo_ground_truth,target_error,3661,305.0,0.0
ergo_ground_truth,target_error,3662,305.08333333333337,0.0
ergo_ground_truth,target_error,3663,305.16666666666663,0.0
ergo_ground_truth,target_error,3664,305.25,0.0
ergo_ground_truth,target_error,3665,305.33333333333337,0.0
ergo_ground_truth,target_error,3666,305.41666666666663,0.0
ergo_ground_truth,target_error,3667,305.5,0.0
ergo_ground_truth,target_error,3668,305.58333333333337,0.0
ergo_ground_truth,target_error,3669,305.66666666666663,0.0
ergo_ground_truth,target_error,3670,305.75,0.0
ergo_ground_truth,target_error,3671,305.83333333333337,0.0
ergo_ground_truth,target_error,3672,305.91666666666663,0.0
ergo_ground_truth,target_error,3673,306.0,0.0
ergo_ground_truth,target_error,3674,306.08333333333337,0.0
ergo_ground_truth,target_error,3675,306.16666666666663,0.0
ergo_ground_truth,target_error,3676,306.25,0.0
ergo_ground_truth,target_error,3677,306.33333333333337,0.0
ergo_ground_truth,target_error,3678,306.41666666666663,0.0
ergo_ground_truth,target_error,3679,306.5,0.0
ergo_ground_truth,target_error,3680,306.58333333333337,0.0
ergo_ground_truth,target_error,3681,306.66666666666663,0.0
ergo_ground_truth,target_error,3682,306.75,0.0
ergo_ground_truth,target_error,3683,306.83333333333337,0.0
ergo_ground_truth,target_error,3684,306.91666666666663,0.0
ergo_ground_truth,target_error,3685,307.0,0.0
ergo_ground_truth,target_error,3686,307.08333333333337,0.0
ergo_ground_truth,target_error,3687,307.16666666666663,0.0
ergo_ground_truth,target_error,3688,307.25,0.0
ergo_ground_truth,target_error,3689,307.33333333333337,0.0
ergo_ground_truth,target_error,3690,307.41666666666663,0.0
ergo_ground_truth,target_error,3691,307.5,0.0
ergo_ground_truth,target_error,3692,307.58333333333337,0.0
ergo_ground_truth,target_error,3693,307.66666666666663,0.0
ergo_ground_truth,target_error,3694,307.75,0.0
ergo_ground_truth,target_error,3695,307.83333333333337,0.0
ergo_ground_truth,target_error,3696,307.91666666666663,0.0
ergo_ground_truth,target_error,3697,308.0,0.0
ergo_ground_truth,target_error,3698,308.08333333333337,0.0
ergo_ground_truth,target_error,3699,308.16666666666663,0.0
ergo_ground_truth,target_error,3700,308.25,0.0
ergo_ground_truth,target_error,3701,308.33333333333337,0.0
ergo_ground_truth,target_error,3702,308.41666666666663,0.0
ergo_ground_truth,target_error,3703,308.5,0.0
ergo_ground_truth,target_error,3704,308.58333333333337,0.0
ergo_ground_truth,target_error,3705,308.66666666666663,0.0
ergo_ground_truth,target_error,3706,308.75,0.0
ergo_ground_truth,target_error,3707,308.83333333333337,0.0
ergo_ground_truth,target_error,3708,308.91666666666663,0.0
ergo_ground_truth,target_error,3709,309.0,0.0
ergo_ground_truth,target_error,3710,309.08333333333337,0.0
ergo_ground_truth,target_error,3711,309.16666666666663,0.0
ergo_ground_truth,target_error,3712,309.25,0.0
ergo_ground_truth,target_error,3713,309.33333333333337,0.0
ergo_ground_truth,target_error,3714,309.41666666666663,0.0
ergo_ground_truth,target_error,3715,309.5,0.0
ergo_ground_truth,target_error,3716,309.58333333333337,0.0
ergo_ground_truth,target_error,3717,309.66666666666663,0.0
ergo_ground_truth,target_error,3718,309.75,0.0
ergo_ground_truth,target_error,3719,309.83333333333337,0.0
ergo_ground_truth,target_error,3720,309.91666666666663,0.0
ergo_ground_truth,target_error,3721,310.0,0.0
ergo_ground_truth,target_error,3722,310.08333333333337,0.0
ergo_ground_truth,target_error,3723,310.16666666666663,0.0
ergo_ground_truth,target_error,3724,310.25,0.0
ergo_ground_truth,target_error,3725,310.33333333333337,0.0
ergo_ground_truth,target_error,3726,310.41666666666663,0.0
ergo_ground_truth,target_error,3727,310.5,0.0
ergo_ground_truth,target_error,3728,310.58333333333337,0.0
ergo_ground_truth,target_error,3729,310.66666666666663,0.0
ergo_ground_truth,target_error,3730,310.75,0.0
ergo_ground_truth,target_error,3731,310.83333333333337,0.0
ergo_ground_truth,target_error,3732,310.91666666666663,0.0
ergo_ground_truth,target_error,3733,311.0,0.0
ergo_ground_truth,target_error,3734,311.08333333333337,0.0
ergo_ground_truth,target_error,3735,311.16666666666663,0.0
ergo_ground_truth,target_error,3736,311.25,0.0
ergo_ground_truth,target_error,3737,311.33333333333337,0.0
ergo_ground_truth,target_error,3738,311.41666666666663,0.0
ergo_ground_truth,target_error,3739,311.5,0.0
ergo_ground_truth,target_error,3740,311.58333333333337,0.0
ergo_ground_truth,target_error,3741,311.66666666666663,0.0
ergo_ground_truth,target_error,3742,311.75,0.0
ergo_ground_truth,target_error,3743,311.83333333333337,0.0
ergo_ground_truth,target_error,3744,311.91666666666663,0.0
ergo_ground_truth,target_error,3745,312.0,0.0
ergo_ground_truth,target_error,3746,312.08333333333337,0.0
ergo_ground_truth,target_error,3747,312.16666666666663,0.0
ergo_ground_truth,target_error,3748,312.25,0.0
ergo_ground_truth,target_error,3749,312.33333333333337,0.0
ergo_ground_truth,target_error,3750,312.41666666666663,0.0
ergo_ground_truth,target_error,3751,312.5,0.0
ergo_ground_truth,target_error,3752,312.58333333333337,0.0
ergo_ground_truth,target_error,3753,312.66666666666663,0.0
ergo_ground_truth,target_error,3754,312.75,0.0
ergo_ground_truth,target_error,3755,312.83333333333337,0.0
ergo_ground_truth,target_error,3756,312.91666666666663,0.0
ergo_ground_truth,target_error,3757,313.0,0.0
ergo_ground_truth,target_error,3758,313.08333333333337,0.0
ergo_ground_truth,target_error,3759,313.16666666666663,0.0
ergo_ground_truth,target_error,3760,313.25,0.0
ergo_ground_truth,target_error,3761,313.33333333333337,0.0
ergo_ground_truth,target_error,3762,313.41666666666663,0.0
ergo_ground_truth,target_error,3763,313.5,0.0
ergo_ground_truth,target_error,3764,313.58333333333337,0.0
ergo_ground_truth,target_error,3765,313.66666666666663,0.0
ergo_ground_truth,target_error,3766,313.75,0.0
ergo_ground_truth,target_error,3767,313.83333333333337,0.0
ergo_ground_truth,target_error,3768,313.91666666666663,0.0
ergo_ground_truth,target_error,3769,314.0,0.0
ergo_ground_truth,target_error,3770,314.08333333333337,0.0
ergo_ground_truth,target_error,3771,314.16666666666663,0.0
ergo_ground_truth,target_error,3772,314.25,0.0
ergo_ground_truth,target_error,3773,314.33333333333337,0.0
ergo_ground_truth,target_error,3774,314.41666666666663,0.0
ergo_ground_truth,target_error,3775,314.5,0.0
ergo_ground_truth,target_error,3776,314.58333333333337,0.0
ergo_ground_truth,target_error,3777,314.66666666666663,0.0
ergo_ground_truth,target_error,3778,314.75,0.0
ergo_ground_truth,target_error,3779,314.83333333333337,0.0
ergo_ground_truth,target_error,3780,314.91666666666663,0.0
ergo_ground_truth,target_error,3781,315.0,0.0
ergo_ground_truth,target_error,3782,315.08333333333337,0.0
ergo_ground_truth,target_error,3783,315.16666666666663,0.0
ergo_ground_truth,target_error,3784,315.25,0.0
ergo_ground_truth,target_error,3785,315.33333333333337,0.0
ergo_ground_truth,target_error,3786,315.41666666666663,0.0
ergo_ground_truth,target_error,3787,315.5,0.0
ergo_ground_truth,target_error,3788,315.58333333333337,0.0
ergo_ground_truth,target_error,3789,315.66666666666663,0.0
ergo_ground_truth,target_error,3790,315.75,0.0
ergo_ground_truth,target_error,3791,315.83333333333337,0.0
ergo_ground_truth,target_error,3792,315.91666666666663,0.0
ergo_ground_truth,target_error,3793,316.0,0.0
ergo_ground_truth,target_error,3794,316.08333333333337,0.0
ergo_ground_truth,target_error,3795,316.16666666666663,0.0
ergo_ground_truth,target_error,3796,316.25,0.0
ergo_ground_truth,target_error,3797,316.33333333333337,0.0
ergo_ground_truth,target_error,3798,316.41666666666663,0.0
ergo_ground_truth,target_error,3799,316.5,0.0
ergo_ground_truth,target_error,3800,316.58333333333337,0.0
ergo_ground_truth,target_error,3801,316.66666666666663,0.0
ergo_ground_truth,target_error,3802,316.75,0.0
ergo_ground_truth,target_error,3803,316.83333333333337,0.0
ergo_ground_truth,target_error,3804,316.91666666666663,0.0
ergo_ground_truth,target_error,3805,317.0,0.0
ergo_ground_truth,target_error,3806,317.08333333333337,0.0
ergo_ground_truth,target_error,3807,317.16666666666663,0.0
ergo_ground_truth,target_error,3808,317.25,0.0
ergo_ground_truth,target_error,3809,317.33333333333337,0.0
ergo_ground_truth,target_error,3810,317.41666666666663,0.0
ergo_ground_truth,target_error,3811,317.5,0.0
ergo_ground_truth,target_error,3812,317.58333333333337,0.0
ergo_ground_truth,target_error,3813,317.66666666666663,0.0
ergo_ground_truth,target_error,3814,317.75,0.0
ergo_ground_truth,target_error,3815,317.83333333333337,0.0
ergo_ground_truth,target_error,3816,317.91666666666663,0.0
ergo_ground_truth,target_error,3817,318.0,0.0
ergo_ground_truth,target_error,3818,318.08333333333337,0.0
ergo_ground_truth,target_error,3819,318.16666666666663,0.0
ergo_ground_truth,target_error,3820,318.25,0.0
ergo_ground_truth,target_error,3821,318.33333333333337,0.0
ergo_ground_truth,target_error,3822,318.41666666666663,0.0
ergo_ground_truth,target_error,3823,318.5,0.0
ergo_ground_truth,target_error,3824,318.58333333333337,0.0
ergo_ground_truth,target_error,3825,318.66666666666663,0.0
ergo_ground_truth,target_error,3826,318.75,0.0
ergo_ground_truth,target_error,3827,318.83333333333337,0.0
ergo_ground_truth,target_error,3828,318.91666666666663,0.0
ergo_ground_truth,target_error,3829,319.0,0.0
ergo_ground_truth,target_error,3830,319.08333333333337,0.0
ergo_ground_truth,target_error,3831,319.16666666666663,0.0
ergo_ground_truth,target_error,3832,319.25,0.0
ergo_ground_truth,target_error,3833,319.33333333333337,0.0
ergo_ground_truth,target_error,3834,319.41666666666663,0.0
ergo_ground_truth,target_error,3835,319.5,0.0
ergo_ground_truth,target_error,3836,319.58333333333337,0.0
ergo_ground_truth,target_error,3837,319.66666666666663,0.0
ergo_ground_truth,target_error,3838,319.75,0.0
ergo_ground_truth,target_error,3839,319.83333333333337,0.0
ergo_ground_truth,target_error,3840,319.91666666666663,0.0
ergo_ground_truth,target_error,3841,320.0,0.0
ergo_ground_truth,target_error,3842,320.08333333333337,0.0
ergo_ground_truth,target_error,3843,320.16666666666663,0.0
ergo_ground_truth,target_error,3844,320.25,0.0
ergo_ground_truth,target_error,3845,320.33333333333337,0.0
ergo_ground_truth,target_error,3846,320.41666666666663,0.0
ergo_ground_truth,target_error,3847,320.5,0.0
ergo_ground_truth,target_error,3848,320.58333333333337,0.0
ergo_ground_truth,target_error,3849,320.66666666666663,0.0
ergo_ground_truth,target_error,3850,320.75,0.0
ergo_ground_truth,target_error,3851,320.83333333333337,0.0
ergo_ground_truth,target_error,3852,320.91666666666663,0.0
ergo_ground_truth,target_error,3853,321.0,0.0
ergo_ground_truth,target_error,3854,321.08333333333337,0.0
ergo_ground_truth,target_error,3855,321.16666666666663,0.0
ergo_ground_truth,target_error,3856,321.25,0.0
ergo_ground_truth,target_error,3857,321.33333333333337,0.0
ergo_ground_truth,target_error,3858,321.41666666666663,0.0
ergo_ground_truth,target_error,3859,321.5,0.0
ergo_ground_truth,target_error,3860,321.58333333333337,0.0
ergo_ground_truth,target_error,3861,321.66666666666663,0.0
ergo_ground_truth,target_error,3862,321.75,0.0
ergo_ground_truth,target_error,3863,321.83333333333337,0.0
ergo_ground_truth,target_error,3864,321.91666666666663,0.0
ergo_ground_truth,target_error,3865,322.0,0.0
ergo_ground_truth,target_error,3866,322.08333333333337,0.0
ergo_ground_truth,target_error,3867,322.16666666666663,0.0
ergo_ground_truth,target_error,3868,322.25,0.0
ergo_ground_truth,target_error,3869,322.33333333333337,0.0
ergo_ground_truth,target_error,3870,322.41666666666663,0.0
ergo_ground_truth,target_error,3871,322.5,0.0
ergo_ground_truth,target_error,3872,322.58333333333337,0.0
ergo_ground_truth,target_error,3873,322.66666666666663,0.0
ergo_ground_truth,target_error,3874,322.75,0.0
ergo_ground_truth,target_error,3875,322.83333333333337,0.0
ergo_ground_truth,target_error,3876,322.91666666666663,0.0
ergo_ground_truth,target_error,3877,323.0,0.0
ergo_ground_truth,target_error,3878,323.08333333333337,0.0
ergo_ground_truth,target_error,3879,323.16666666666663,0.0
ergo_ground_truth,target_error,3880,323.25,0.0
ergo_ground_truth,target_error,3881,323.33333333333337,0.0
ergo_ground_truth,target_error,3882,323.41666666666663,0.0
ergo_ground_truth,target_error,3883,323.5,0.0
ergo_ground_truth,target_error,3884,323.58333333333337,0.0
ergo_ground_truth,target_error,3885,323.66666666666663,0.0
ergo_ground_truth,target_error,3886,323.75,0.0
ergo_ground_truth,target_error,3887,323.83333333333337,0.0
ergo_ground_truth,target_error,3888,323.91666666666663,0.0
ergo_ground_truth,target_error,3889,324.0,0.0
ergo_ground_truth,target_error,3890,324.08333333333337,0.0
ergo_ground_truth,target_error,3891,324.16666666666663,0.0
ergo_ground_truth,target_error,3892,324.25,0.0
ergo_ground_truth,target_error,3893,324.33333333333337,0.0
ergo_ground_truth,target_error,3894,324.41666666666663,0.0
ergo_ground_truth,target_error,3895,324.5,0.0
ergo_ground_truth,target_error,3896,324.58333333333337,0.0
ergo_ground_truth,target_error,3897,324.66666666666663,0.0
ergo_ground_truth,target_error,3898,324.75,0.0
ergo_ground_truth,target_error,3899,324.83333333333337,0.0
ergo_ground_truth,target_error,3900,324.91666666666663,0.0
ergo_ground_truth,target_error,3901,325.0,0.0
ergo_ground_truth,target_error,3902,325.08333333333337,0.0
ergo_ground_truth,target_error,3903,325.16666666666663,0.0
ergo_ground_truth,target_error,3904,325.25,0.0
ergo_ground_truth,target_error,3905,325.33333333333337,0.0
ergo_ground_truth,target_error,3906,325.41666666666663,0.0
ergo_ground_truth,target_error,3907,325.5,0.0
ergo_ground_truth,target_error,3908,325.58333333333337,0.0
ergo_ground_truth,target_error,3909,325.66666666666663,0.0
ergo_ground_truth,target_error,3910,325.75,0.0
ergo_ground_truth,target_error,3911,325.83333333333337,0.0
ergo_ground_truth,target_error,3912,325.91666666666663,0.0
ergo_ground_truth,target_error,3913,326.0,0.0
ergo_ground_truth,target_error,3914,326.08333333333337,0.0
ergo_ground_truth,target_error,3915,326.16666666666663,0.0
ergo_ground_truth,target_error,3916,326.25,0.0
ergo_ground_truth,target_error,3917,326.33333333333337,0.0
ergo_ground_truth,target_error,3918,326.41666666666663,0.0
ergo_ground_truth,target_error,3919,326.5,0.0
ergo_ground_truth,target_error,3920,326.58333333333337,0.0
ergo_ground_truth,target_error,3921,326.66666666666663,0.0
ergo_ground_truth,target_error,3922,326.75,0.0
ergo_ground_truth,target_error,3923,326.83333333333337,0.0
ergo_ground_truth,target_error,3924,326.91666666666663,0.0
ergo_ground_truth,target_error,3925,327.0,0.0
ergo_ground_truth,target_error,3926,327.08333333333337,0.0
ergo_ground_truth,target_error,3927,327.16666666666663,0.0
ergo_ground_truth,target_error,3928,327.25,0.0
ergo_ground_truth,target_error,3929,327.33333333333337,0.0
ergo_ground_truth,target_error,3930,327.41666666666663,0.0
ergo_ground_truth,target_error,3931,327.5,0.0
ergo_ground_truth,target_error,3932,327.58333333333337,0.0
ergo_ground_truth,target_error,3933,327.66666666666663,0.0
ergo_ground_truth,target_error,3934,327.75,0.0
ergo_ground_truth,target_error,3935,327.83333333333337,0.0
ergo_ground_truth,target_error,3936,327.91666666666663,0.0
ergo_ground_truth,target_error,3937,328.0,0.0
ergo_ground_truth,target_error,3938,328.08333333333337,0.0
ergo_ground_truth,target_error,3939,328.16666666666663,0.0
ergo_ground_truth,target_error,3940,328.25,0.0
ergo_ground_truth,target_error,3941,328.33333333333337,0.0
ergo_ground_truth,target_error,3942,328.41666666666663,0.0
ergo_ground_truth,target_error,3943,328.5,0.0
ergo_ground_truth,target_error,3944,328.58333333333337,0.0
ergo_ground_truth,target_error,3945,328.66666666666663,0.0
ergo_ground_truth,target_error,3946,328.75,0.0
ergo_ground_truth,target_error,3947,328.83333333333337,0.0
ergo_ground_truth,target_error,3948,328.91666666666663,0.0
ergo_ground_truth,target_error,3949,329.0,0.0
ergo_ground_truth,target_error,3950,329.08333333333337,0.0
ergo_ground_truth,target_error,3951,329.16666666666663,0.0
ergo_ground_truth,target_error,3952,329.25,0.0
ergo_ground_truth,target_error,3953,329.33333333333337,0.0
ergo_ground_truth,target_error,3954,329.41666666666663,0.0
ergo_ground_truth,target_error,3955,329.5,0.0
ergo_ground_truth,target_error,3956,329.58333333333337,0.0
ergo_ground_truth,target_error,3957,329.66666666666663,0.0
ergo_ground_truth,target_error,3958,329.75,0.0
ergo_ground_truth,target_error,3959,329.83333333333337,0.0
ergo_ground_truth,target_error,3960,329.91666666666663,0.0
ergo_ground_truth,target_error,3961,330.0,0.0
ergo_ground_truth,target_error,3962,330.08333333333337,0.0
ergo_ground_truth,target_error,3963,330.16666666666663,0.0
ergo_ground_truth,target_error,3964,330.25,0.0
ergo_ground_truth,target_error,3965,330.33333333333337,0.0
ergo_ground_truth,target_error,3966,330.41666666666663,0.0
ergo_ground_truth,target_error,3967,330.5,0.0
ergo_ground_truth,target_error,3968,330.58333333333337,0.0
ergo_ground_truth,target_error,3969,330.66666666666663,0.0
ergo_ground_truth,target_error,3970,330.75,0.0
ergo_ground_truth,target_error,3971,330.83333333333337,0.0
ergo_ground_truth,target_error,3972,330.91666666666663,0.0
ergo_ground_truth,target_error,3973,331.0,0.0
ergo_ground_truth,target_error,3974,331.08333333333337,0.0
ergo_ground_truth,target_error,3975,331.16666666666663,0.0
ergo_ground_truth,target_error,3976,331.25,0.0
ergo_ground_truth,target_error,3977,331.33333333333337,0.0
ergo_ground_truth,target_error,3978,331.41666666666663,0.0
ergo_ground_truth,target_error,3979,331.5,0.0
ergo_ground_truth,target_error,3980,331.58333333333337,0.0
ergo_ground_truth,target_error,3981,331.66666666666663,0.0
ergo_ground_truth,target_error,3982,331.75,0.0
ergo_ground_truth,target_error,3983,331.83333333333337,0.0
ergo_ground_truth,target_error,3984,331.91666666666663,0.0
ergo_ground_truth,target_error,3985,332.0,0.0
ergo_ground_truth,target_error,3986,332.08333333333337,0.0
ergo_ground_truth,target_error,3987,332.16666666666663,0.0
ergo_ground_truth,target_error,3988,332.25,0.0
ergo_ground_truth,target_error,3989,332.33333333333337,0.0
ergo_ground_truth,target_error,3990,332.41666666666663,0.0
ergo_ground_truth,target_error,3991,332.5,0.0
ergo_ground_truth,target_error,3992,332.58333333333337,0.0
ergo_ground_truth,target_error,3993,332.66666666666663,0.0
ergo_ground_truth,target_error,3994,332.75,0.0
ergo_ground_truth,target_error,3995,332.83333333333337,0.0
ergo_ground_truth,target_error,3996,332.91666666666663,0.0
ergo_ground_truth,target_error,3997,333.0,0.0
ergo_ground_truth,target_error,3998,333.08333333333337,0.0
ergo_ground_truth,target_error,3999,333.16666666666663,0.0
ergo_ground_truth,target_error,4000,333.25,0.0
ergo_ground_truth,target_error,4001,333.33333333333337,0.0
ergo_ground_truth,target_error,4002,333.41666666666663,0.0
ergo_ground_truth,target_error,4003,333.5,0.0
ergo_ground_truth,target_error,4004,333.58333333333337,0.0
ergo_ground_truth,target_error,4005,333.66666666666663,0.0
ergo_ground_truth,target_error,4006,333.75,0.0
ergo_ground_truth,target_error,4007,333.83333333333337,0.0
ergo_ground_truth,target_error,4008,333.91666666666663,0.0
ergo_ground_truth,target_error,4009,334.0,0.0
ergo_ground_truth,target_error,4010,334.08333333333337,0.0
ergo_ground_truth,target_error,4011,334.16666666666663,0.0
ergo_ground_truth,target_error,4012,334.25,0.0
ergo_ground_truth,target_error,4013,334.33333333333337,0.0
ergo_ground_truth,target_error,4014,334.41666666666663,0.0
ergo_ground_truth,target_error,4015,334.5,0.0
ergo_ground_truth,target_error,4016,334.58333333333337,0.0
ergo_ground_truth,target_error,4017,334.66666666666663,0.0
ergo_ground_truth,target_error,4018,334.75,0.0
ergo_ground_truth,target_error,4019,334.83333333333337,0.0
ergo_ground_truth,target_error,4020,334.91666666666663,0.0
ergo_ground_truth,target_error,4021,335.0,0.0
ergo_ground_truth,target_error,4022,335.08333333333337,0.0
ergo_ground_truth,target_error,4023,335.16666666666663,0.0
ergo_ground_truth,target_error,4024,335.25,0.0
ergo_ground_truth,target_error,4025,335.33333333333337,0.0
ergo_ground_truth,target_error,4026,335.41666666666663,0.0
ergo_ground_truth,target_error,4027,335.5,0.0
ergo_ground_truth,target_error,4028,335.58333333333337,0.0
ergo_ground_truth,target_error,4029,335.66666666666663,0.0
ergo_ground_truth,target_error,4030,335.75,0.0
ergo_ground_truth,target_error,4031,335.83333333333337,0.0
ergo_ground_truth,target_error,4032,335.91666666666663,0.0
ergo_ground_truth,target_error,4033,336.0,0.0
ergo_ground_truth,target_error,4034,336.08333333333337,0.0
ergo_ground_truth,target_error,4035,336.16666666666663,0.0
ergo_ground_truth,target_error,4036,336.25,0.0
ergo_ground_truth,target_error,4037,336.33333333333337,0.0
ergo_ground_truth,target_error,4038,336.41666666666663,0.0
ergo_ground_truth,target_error,4039,336.5,0.0
ergo_ground_truth,target_error,4040,336.58333333333337,0.0
ergo_ground_truth,target_error,4041,336.66666666666663,0.0
ergo_ground_truth,target_error,4042,336.75,0.0
ergo_ground_truth,target_error,4043,336.83333333333337,0.0
ergo_ground_truth,target_error,4044,336.91666666666663,0.0
ergo_ground_truth,target_error,4045,337.0,0.0
ergo_ground_truth,target_error,4046,337.08333333333337,0.0
ergo_ground_truth,target_error,4047,337.16666666666663,0.0
ergo_ground_truth,target_error,4048,337.25,0.0
ergo_ground_truth,target_error,4049,337.33333333333337,0.0
ergo_ground_truth,target_error,4050,337.41666666666663,0.0
ergo_ground_truth,target_error,4051,337.5,0.0
ergo_ground_truth,target_error,4052,337.58333333333337,0.0
ergo_ground_truth,target_error,4053,337.66666666666663,0.0
ergo_ground_truth,target_error,4054,337.75,0.0
ergo_ground_truth,target_error,4055,337.83333333333337,0.0
ergo_ground_truth,target_error,4056,337.91666666666663,0.0
ergo_ground_truth,target_error,4057,338.0,0.0
ergo_ground_truth,target_error,4058,338.08333333333337,0.0
ergo_ground_truth,target_error,4059,338.16666666666663,0.0
ergo_ground_truth,target_error,4060,338.25,0.0
ergo_ground_truth,target_error,4061,338.33333333333337,0.0
ergo_ground_truth,target_error,4062,338.41666666666663,0.0
ergo_ground_truth,target_error,4063,338.5,0.0
ergo_ground_truth,target_error,4064,338.58333333333337,0.0
ergo_ground_truth,target_error,4065,338.66666666666663,0.0
ergo_ground_truth,target_error,4066,338.75,0.0
ergo_ground_truth,target_error,4067,338.83333333333337,0.0
ergo_ground_truth,target_error,4068,338.91666666666663,0.0
ergo_ground_truth,target_error,4069,339.0,0.0
ergo_ground_truth,target_error,4070,339.08333333333337,0.0
ergo_ground_truth,target_error,4071,339.16666666666663,0.0
ergo_ground_truth,target_error,4072,339.25,0.0
ergo_ground_truth,target_error,4073,339.33333333333337,0.0
ergo_ground_truth,target_error,4074,339.41666666666663,0.0
ergo_ground_truth,target_error,4075,339.5,0.0
ergo_ground_truth,target_error,4076,339.58333333333337,0.0
ergo_ground_truth,target_error,4077,339.66666666666663,0.0
ergo_ground_truth,target_error,4078,339.75,0.0
ergo_ground_truth,target_error,4079,339.83333333333337,0.0
ergo_ground_truth,target_error,4080,339.91666666666663,0.0
ergo_ground_truth,target_error,4081,340.0,0.0
ergo_ground_truth,target_error,4082,340.08333333333337,0.0
ergo_ground_truth,target_error,4083,340.16666666666663,0.0
ergo_ground_truth,target_error,4084,340.25,0.0
ergo_ground_truth,target_error,4085,340.33333333333337,0.0
ergo_ground_truth,target_error,4086,340.41666666666663,0.0
ergo_ground_truth,target_error,4087,340.5,0.0
ergo_ground_truth,target_error,4088,340.58333333333337,0.0
ergo_ground_truth,target_error,4089,340.66666666666663,0.0
ergo_ground_truth,target_error,4090,340.75,0.0
ergo_ground_truth,target_error,4091,340.83333333333337,0.0
ergo_ground_truth,target_error,4092,340.91666666666663,0.0
ergo_ground_truth,target_error,4093,341.0,0.0
ergo_ground_truth,target_error,4094,341.08333333333337,0.0
ergo_ground_truth,target_error,4095,341.16666666666663,0.0
ergo_ground_truth,target_error,4096,341.25,0.0
ergo_ground_truth,target_error,4097,341.33333333333337,0.0
ergo_ground_truth,target_error,4098,341.41666666666663,0.0
ergo_ground_truth,target_error,4099,341.5,0.0
ergo_ground_truth,target_error,4100,341.58333333333337,0.0
ergo_ground_truth,target_error,4101,341.66666666666663,0.0
ergo_ground_truth,target_error,4102,341.75,0.0
ergo_ground_truth,target_error,4103,341.83333333333337,0.0
ergo_ground_truth,target_error,4104,341.91666666666663,0.0
ergo_ground_truth,target_error,4105,342.0,0.0
ergo_ground_truth,target_error,4106,342.08333333333337,0.0
ergo_ground_truth,target_error,4107,342.16666666666663,0.0
ergo_ground_truth,target_error,4108,342.25,0.0
ergo_ground_truth,target_error,4109,342.33333333333337,0.0
ergo_ground_truth,target_error,4110,342.41666666666663,0.0
ergo_ground_truth,target_error,4111,342.5,0.0
ergo_ground_truth,target_error,4112,342.58333333333337,0.0
ergo_ground_truth,target_error,4113,342.66666666666663,0.0
ergo_ground_truth,target_error,4114,342.75,0.0
ergo_ground_truth,target_error,4115,342.83333333333337,0.0
ergo_ground_truth,target_error,4116,342.91666666666663,0.0
ergo_ground_truth,target_error,4117,343.0,0.0
ergo_ground_truth,target_error,4118,343.08333333333337,0.0
ergo_ground_truth,target_error,4119,343.16666666666663,0.0
ergo_ground_truth,target_error,4120,343.25,0.0
ergo_ground_truth,target_error,4121,343.33333333333337,0.0
ergo_ground_truth,target_error,4122,343.41666666666663,0.0
ergo_ground_truth,target_error,4123,343.5,0.0
ergo_ground_truth,target_error,4124,343.58333333333337,0.0
ergo_ground_truth,target_error,4125,343.66666666666663,0.0
ergo_ground_truth,target_error,4126,343.75,0.0
ergo_ground_truth,target_error,4127,343.83333333333337,0.0
ergo_ground_truth,target_error,4128,343.91666666666663,0.0
ergo_ground_truth,target_error,4129,344.0,0.0
ergo_ground_truth,target_error,4130,344.08333333333337,0.0
ergo_ground_truth,target_error,4131,344.16666666666663,0.0
ergo_ground_truth,target_error,4132,344.25,0.0
ergo_ground_truth,target_error,4133,344.33333333333337,0.0
ergo_ground_truth,target_error,4134,344.41666666666663,0.0
ergo_ground_truth,target_error,4135,344.5,0.0
ergo_ground_truth,target_error,4136,344.58333333333337,0.0
ergo_ground_truth,target_error,4137,344.66666666666663,0.0
ergo_ground_truth,target_error,4138,344.75,0.0
ergo_ground_truth,target_error,4139,344.83333333333337,0.0
ergo_ground_truth,target_error,4140,344.91666666666663,0.0
ergo_ground_truth,target_error,4141,345.0,0.0
ergo_ground_truth,target_error,4142,345.08333333333337,0.0
ergo_ground_truth,target_error,4143,345.16666666666663,0.0
ergo_ground_truth,target_error,4144,345.25,0.0
ergo_ground_truth,target_error,4145,345.33333333333337,0.0
ergo_ground_truth,target_error,4146,345.41666666666663,0.0
ergo_ground_truth,target_error,4147,345.5,0.0
ergo_ground_truth,target_error,4148,345.58333333333337,0.0
ergo_ground_truth,target_error,4149,345.66666666666663,0.0
ergo_ground_truth,target_error,4150,345.75,0.0
ergo_ground_truth,target_error,4151,345.83333333333337,0.0
ergo_ground_truth,target_error,4152,345.91666666666663,0.0
ergo_ground_truth,target_error,4153,346.0,0.0
ergo_ground_truth,target_error,4154,346.08333333333337,0.0
ergo_ground_truth,target_error,4155,346.16666666666663,0.0
ergo_ground_truth,target_error,4156,346.25,0.0
ergo_ground_truth,target_error,4157,346.33333333333337,0.0
ergo_ground_truth,target_error,4158,346.41666666666663,0.0
ergo_ground_truth,target_error,4159,346.5,0.0
ergo_ground_truth,target_error,4160,346.58333333333337,0.0
ergo_ground_truth,target_error,4161,346.66666666666663,0.0
ergo_ground_truth,target_error,4162,346.75,0.0
ergo_ground_truth,target_error,4163,346.83333333333337,0.0
ergo_ground_truth,target_error,4164,346.91666666666663,0.0
ergo_ground_truth,target_error,4165,347.0,0.0
ergo_ground_truth,target_error,4166,347.08333333333337,0.0
ergo_ground_truth,target_error,4167,347.16666666666663,0.0
ergo_ground_truth,target_error,4168,347.25,0.0
ergo_ground_truth,target_error,4169,347.33333333333337,0.0
ergo_ground_truth,target_error,4170,347.41666666666663,0.0
ergo_ground_truth,target_error,4171,347.5,0.0
ergo_ground_truth,target_error,4172,347.58333333333337,0.0
ergo_ground_truth,target_error,4173,347.66666666666663,0.0
ergo_ground_truth,target_error,4174,347.75,0.0
ergo_ground_truth,target_error,4175,347.83333333333337,0.0
ergo_ground_truth,target_error,4176,347.91666666666663,0.0
ergo_ground_truth,target_error,4177,348.0,0.0
ergo_ground_truth,target_error,4178,348.08333333333337,0.0
ergo_ground_truth,target_error,4179,348.16666666666663,0.0
ergo_ground_truth,target_error,4180,348.25,0.0
ergo_ground_truth,target_error,4181,348.33333333333337,0.0
ergo_ground_truth,target_error,4182,348.41666666666663,0.0
ergo_ground_truth,target_error,4183,348.5,0.0
ergo_ground_truth,target_error,4184,348.58333333333337,0.0
ergo_ground_truth,target_error,4185,348.66666666666663,0.0
ergo_ground_truth,target_error,4186,348.75,0.0
ergo_ground_truth,target_error,4187,348.83333333333337,0.0
ergo_ground_truth,target_error,4188,348.91666666666663,0.0
ergo_ground_truth,target_error,4189,349.0,0.0
ergo_ground_truth,target_error,4190,349.08333333333337,0.0
ergo_ground_truth,target_error,4191,349.16666666666663,0.0
ergo_ground_truth,target_error,4192,349.25,0.0
ergo_ground_truth,target_error,4193,349.33333333333337,0.0
ergo_ground_truth,target_error,4194,349.41666666666663,0.0
ergo_ground_truth,target_error,4195,349.5,0.0
ergo_ground_truth,target_error,4196,349.58333333333337,0.0
ergo_ground_truth,target_error,4197,349.66666666666663,0.0
ergo_ground_truth,target_error,4198,349.75,0.0
ergo_ground_truth,target_error,4199,349.83333333333337,0.0
ergo_ground_truth,target_error,4200,349.91666666666663,0.0
ergo_ground_truth,target_error,4201,350.0,0.0
ergo_ground_truth,target_error,4202,350.08333333333337,0.0
ergo_ground_truth,target_error,4203,350.16666666666663,0.0
ergo_ground_truth,target_error,4204,350.25,0.0
ergo_ground_truth,target_error,4205,350.33333333333337,0.0
ergo_ground_truth,target_error,4206,350.41666666666663,0.0
ergo_ground_truth,target_error,4207,350.5,0.0
ergo_ground_truth,target_error,4208,350.58333333333337,0.0
ergo_ground_truth,target_error,4209,350.66666666666663,0.0
ergo_ground_truth,target_error,4210,350.75,0.0
ergo_ground_truth,target_error,4211,350.83333333333337,0.0
ergo_ground_truth,target_error,4212,350.91666666666663,0.0
ergo_ground_truth,target_error,4213,351.0,0.0
ergo_ground_truth,target_error,4214,351.08333333333337,0.0
ergo_ground_truth,target_error,4215,351.16666666666663,0.0
ergo_ground_truth,target_error,4216,351.25,0.0
ergo_ground_truth,target_error,4217,351.33333333333337,0.0
ergo_ground_truth,target_error,4218,351.41666666666663,0.0
ergo_ground_truth,target_error,4219,351.5,0.0
ergo_ground_truth,target_error,4220,351.58333333333337,0.0
ergo_ground_truth,target_error,4221,351.66666666666663,0.0
ergo_ground_truth,target_error,4222,351.75,0.0
ergo_ground_truth,target_error,4223,351.83333333333337,0.0
ergo_ground_truth,target_error,4224,351.91666666666663,0.0
ergo_ground_truth,target_error,4225,352.0,0.0
ergo_ground_truth,target_error,4226,352.08333333333337,0.0
ergo_ground_truth,target_error,4227,352.16666666666663,0.0
ergo_ground_truth,target_error,4228,352.25,0.0
ergo_ground_truth,target_error,4229,352.33333333333337,0.0
ergo_ground_truth,target_error,4230,352.41666666666663,0.0
ergo_ground_truth,target_error,4231,352.5,0.0
ergo_ground_truth,target_error,4232,352.58333333333337,0.0
ergo_ground_truth,target_error,4233,352.66666666666663,0.0
ergo_ground_truth,target_error,4234,352.75,0.0
ergo_ground_truth,target_error,4235,352.83333333333337,0.0
ergo_ground_truth,target_error,4236,352.91666666666663,0.0
ergo_ground_truth,target_error,4237,353.0,0.0
ergo_ground_truth,target_error,4238,353.08333333333337,0.0
ergo_ground_truth,target_error,4239,353.16666666666663,0.0
ergo_ground_truth,target_error,4240,353.25,0.0
ergo_ground_truth,target_error,4241,353.33333333333337,0.0
ergo_ground_truth,target_error,4242,353.41666666666663,0.0
ergo_ground_truth,target_error,4243,353.5,0.0
ergo_ground_truth,target_error,4244,353.58333333333337,0.0
ergo_ground_truth,target_error,4245,353.66666666666663,0.0
ergo_ground_truth,target_error,4246,353.75,0.0
ergo_ground_truth,target_error,4247,353.83333333333337,0.0
ergo_ground_truth,target_error,4248,353.91666666666663,0.0
ergo_ground_truth,target_error,4249,354.0,0.0
ergo_ground_truth,target_error,4250,354.08333333333337,0.0
ergo_ground_truth,target_error,4251,354.16666666666663,0.0
ergo_ground_truth,target_error,4252,354.25,0.0
ergo_ground_truth,target_error,4253,354.33333333333337,0.0
ergo_ground_truth,target_error,4254,354.41666666666663,0.0
ergo_ground_truth,target_error,4255,354.5,0.0
ergo_ground_truth,target_error,4256,354.58333333333337,0.0
ergo_ground_truth,target_error,4257,354.66666666666663,0.0
ergo_ground_truth,target_error,4258,354.75,0.0
ergo_ground_truth,target_error,4259,354.83333333333337,0.0
ergo_ground_truth,target_error,4260,354.91666666666663,0.0
ergo_ground_truth,target_error,4261,355.0,0.0
ergo_ground_truth,target_error,4262,355.08333333333337,0.0
ergo_ground_truth,target_error,4263,355.16666666666663,0.0
ergo_ground_truth,target_error,4264,355.25,0.0
ergo_ground_truth,target_error,4265,355.33333333333337,0.0
ergo_ground_truth,target_error,4266,355.41666666666663,0.0
ergo_ground_truth,target_error,4267,355.5,0.0
ergo_ground_truth,target_error,4268,355.58333333333337,0.0
ergo_ground_truth,target_error,4269,355.66666666666663,0.0
ergo_ground_truth,target_error,4270,355.75,0.0
ergo_ground_truth,target_error,4271,355.83333333333337,0.0
ergo_ground_truth,target_error,4272,355.91666666666663,0.0
ergo_ground_truth,target_error,4273,356.0,0.0
ergo_ground_truth,target_error,4274,356.08333333333337,0.0
ergo_ground_truth,target_error,4275,356.16666666666663,0.0
ergo_ground_truth,target_error,4276,356.25,0.0
ergo_ground_truth,target_error,4277,356.33333333333337,0.0
ergo_ground_truth,target_error,4278,356.41666666666663,0.0
ergo_ground_truth,target_error,4279,356.5,0.0
ergo_ground_truth,target_error,4280,356.58333333333337,0.0
ergo_ground_truth,target_error,4281,356.66666666666663,0.0
ergo_ground_truth,target_error,4282,356.75,0.0
ergo_ground_truth,target_error,4283,356.83333333333337,0.0
ergo_ground_truth,target_error,4284,356.91666666666663,0.0
ergo_ground_truth,target_error,4285,357.0,0.0
ergo_ground_truth,target_error,4286,357.08333333333337,0.0
ergo_ground_truth,target_error,4287,357.16666666666663,0.0
ergo_ground_truth,target_error,4288,357.25,0.0
ergo_ground_truth,target_error,4289,357.33333333333337,0.0
ergo_ground_truth,target_error,4290,357.41666666666663,0.0
ergo_ground_truth,target_error,4291,357.5,0.0
ergo_ground_truth,target_error,4292,357.58333333333337,0.0
ergo_ground_truth,target_error,4293,357.66666666666663,0.0
ergo_ground_truth,target_error,4294,357.75,0.0
ergo_ground_truth,target_error,4295,357.83333333333337,0.0
ergo_ground_truth,target_error,4296,357.91666666666663,0.0
ergo_ground_truth,target_error,4297,358.0,0.0
ergo_ground_truth,target_error,4298,358.08333333333337,0.0
ergo_ground_truth,target_error,4299,358.16666666666663,0.0
ergo_ground_truth,target_error,4300,358.25,0.0
ergo_ground_truth,target_error,4301,358.33333333333337,0.0
ergo_ground_truth,target_error,4302,358.41666666666663,0.0
ergo_ground_truth,target_error,4303,358.5,0.0
ergo_ground_truth,target_error,4304,358.58333333333337,0.0
ergo_ground_truth,target_error,4305,358.66666666666663,0.0
ergo_ground_truth,target_error,4306,358.75,0.0
ergo_ground_truth,target_error,4307,358.83333333333337,0.0
ergo_ground_truth,target_error,4308,358.91666666666663,0.0
ergo_ground_truth,target_error,4309,359.0,0.0
ergo_ground_truth,target_error,4310,359.08333333333337,0.0
ergo_ground_truth,target_error,4311,359.16666666666663,0.0
ergo_ground_truth,target_error,4312,359.25,0.0
ergo_ground_truth,target_error,4313,359.33333333333337,0.0
ergo_ground_truth,target_error,4314,359.41666666666663,0.0
ergo_ground_truth,target_error,4315,359.5,0.0
ergo_ground_truth,target_error,4316,359.58333333333337,0.0
ergo_ground_truth,target_error,4317,359.66666666666663,0.0
ergo_ground_truth,target_error,4318,359.75,0.0
ergo_ground_truth,target_error,4319,359.83333333333337,0.0
ergo_ground_truth,target_error,4320,359.91666666666663,0.0
ergo_ground_truth,target_error,4321,360.0,0.0
